id,Class_1,Class_2,Class_3,Class_4,Class_5,Class_6,Class_7,Class_8,Class_9
1,1,0,0,0,0,0,0,0,0
2,1,0,0,0,0,0,0,0,0
3,1,0,0,0,0,0,0,0,0
4,1,0,0,0,0,0,0,0,0
5,1,0,0,0,0,0,0,0,0
6,1,0,0,0,0,0,0,0,0
7,1,0,0,0,0,0,0,0,0
8,1,0,0,0,0,0,0,0,0
9,1,0,0,0,0,0,0,0,0
10,1,0,0,0,0,0,0,0,0
11,1,0,0,0,0,0,0,0,0
12,1,0,0,0,0,0,0,0,0
13,1,0,0,0,0,0,0,0,0
14,1,0,0,0,0,0,0,0,0
15,1,0,0,0,0,0,0,0,0
16,1,0,0,0,0,0,0,0,0
17,1,0,0,0,0,0,0,0,0
18,1,0,0,0,0,0,0,0,0
19,1,0,0,0,0,0,0,0,0
20,1,0,0,0,0,0,0,0,0
21,1,0,0,0,0,0,0,0,0
22,1,0,0,0,0,0,0,0,0
23,1,0,0,0,0,0,0,0,0
24,1,0,0,0,0,0,0,0,0
25,1,0,0,0,0,0,0,0,0
26,1,0,0,0,0,0,0,0,0
27,1,0,0,0,0,0,0,0,0
28,1,0,0,0,0,0,0,0,0
29,1,0,0,0,0,0,0,0,0
30,1,0,0,0,0,0,0,0,0
31,1,0,0,0,0,0,0,0,0
32,1,0,0,0,0,0,0,0,0
33,1,0,0,0,0,0,0,0,0
34,1,0,0,0,0,0,0,0,0
35,1,0,0,0,0,0,0,0,0
36,1,0,0,0,0,0,0,0,0
37,1,0,0,0,0,0,0,0,0
38,1,0,0,0,0,0,0,0,0
39,1,0,0,0,0,0,0,0,0
40,1,0,0,0,0,0,0,0,0
41,1,0,0,0,0,0,0,0,0
42,1,0,0,0,0,0,0,0,0
43,1,0,0,0,0,0,0,0,0
44,1,0,0,0,0,0,0,0,0
45,1,0,0,0,0,0,0,0,0
46,1,0,0,0,0,0,0,0,0
47,1,0,0,0,0,0,0,0,0
48,1,0,0,0,0,0,0,0,0
49,1,0,0,0,0,0,0,0,0
50,1,0,0,0,0,0,0,0,0
51,1,0,0,0,0,0,0,0,0
52,1,0,0,0,0,0,0,0,0
53,1,0,0,0,0,0,0,0,0
54,1,0,0,0,0,0,0,0,0
55,1,0,0,0,0,0,0,0,0
56,1,0,0,0,0,0,0,0,0
57,1,0,0,0,0,0,0,0,0
58,1,0,0,0,0,0,0,0,0
59,1,0,0,0,0,0,0,0,0
60,1,0,0,0,0,0,0,0,0
61,1,0,0,0,0,0,0,0,0
62,1,0,0,0,0,0,0,0,0
63,1,0,0,0,0,0,0,0,0
64,1,0,0,0,0,0,0,0,0
65,1,0,0,0,0,0,0,0,0
66,1,0,0,0,0,0,0,0,0
67,1,0,0,0,0,0,0,0,0
68,1,0,0,0,0,0,0,0,0
69,1,0,0,0,0,0,0,0,0
70,1,0,0,0,0,0,0,0,0
71,1,0,0,0,0,0,0,0,0
72,1,0,0,0,0,0,0,0,0
73,1,0,0,0,0,0,0,0,0
74,1,0,0,0,0,0,0,0,0
75,1,0,0,0,0,0,0,0,0
76,1,0,0,0,0,0,0,0,0
77,1,0,0,0,0,0,0,0,0
78,1,0,0,0,0,0,0,0,0
79,1,0,0,0,0,0,0,0,0
80,1,0,0,0,0,0,0,0,0
81,1,0,0,0,0,0,0,0,0
82,1,0,0,0,0,0,0,0,0
83,1,0,0,0,0,0,0,0,0
84,1,0,0,0,0,0,0,0,0
85,1,0,0,0,0,0,0,0,0
86,1,0,0,0,0,0,0,0,0
87,1,0,0,0,0,0,0,0,0
88,1,0,0,0,0,0,0,0,0
89,1,0,0,0,0,0,0,0,0
90,1,0,0,0,0,0,0,0,0
91,1,0,0,0,0,0,0,0,0
92,1,0,0,0,0,0,0,0,0
93,1,0,0,0,0,0,0,0,0
94,1,0,0,0,0,0,0,0,0
95,1,0,0,0,0,0,0,0,0
96,1,0,0,0,0,0,0,0,0
97,1,0,0,0,0,0,0,0,0
98,1,0,0,0,0,0,0,0,0
99,1,0,0,0,0,0,0,0,0
100,1,0,0,0,0,0,0,0,0
101,1,0,0,0,0,0,0,0,0
102,1,0,0,0,0,0,0,0,0
103,1,0,0,0,0,0,0,0,0
104,1,0,0,0,0,0,0,0,0
105,1,0,0,0,0,0,0,0,0
106,1,0,0,0,0,0,0,0,0
107,1,0,0,0,0,0,0,0,0
108,1,0,0,0,0,0,0,0,0
109,1,0,0,0,0,0,0,0,0
110,1,0,0,0,0,0,0,0,0
111,1,0,0,0,0,0,0,0,0
112,1,0,0,0,0,0,0,0,0
113,1,0,0,0,0,0,0,0,0
114,1,0,0,0,0,0,0,0,0
115,1,0,0,0,0,0,0,0,0
116,1,0,0,0,0,0,0,0,0
117,1,0,0,0,0,0,0,0,0
118,1,0,0,0,0,0,0,0,0
119,1,0,0,0,0,0,0,0,0
120,1,0,0,0,0,0,0,0,0
121,1,0,0,0,0,0,0,0,0
122,1,0,0,0,0,0,0,0,0
123,1,0,0,0,0,0,0,0,0
124,1,0,0,0,0,0,0,0,0
125,1,0,0,0,0,0,0,0,0
126,1,0,0,0,0,0,0,0,0
127,1,0,0,0,0,0,0,0,0
128,1,0,0,0,0,0,0,0,0
129,1,0,0,0,0,0,0,0,0
130,1,0,0,0,0,0,0,0,0
131,1,0,0,0,0,0,0,0,0
132,1,0,0,0,0,0,0,0,0
133,1,0,0,0,0,0,0,0,0
134,1,0,0,0,0,0,0,0,0
135,1,0,0,0,0,0,0,0,0
136,1,0,0,0,0,0,0,0,0
137,1,0,0,0,0,0,0,0,0
138,1,0,0,0,0,0,0,0,0
139,1,0,0,0,0,0,0,0,0
140,1,0,0,0,0,0,0,0,0
141,1,0,0,0,0,0,0,0,0
142,1,0,0,0,0,0,0,0,0
143,1,0,0,0,0,0,0,0,0
144,1,0,0,0,0,0,0,0,0
145,1,0,0,0,0,0,0,0,0
146,1,0,0,0,0,0,0,0,0
147,1,0,0,0,0,0,0,0,0
148,1,0,0,0,0,0,0,0,0
149,1,0,0,0,0,0,0,0,0
150,1,0,0,0,0,0,0,0,0
151,1,0,0,0,0,0,0,0,0
152,1,0,0,0,0,0,0,0,0
153,1,0,0,0,0,0,0,0,0
154,1,0,0,0,0,0,0,0,0
155,1,0,0,0,0,0,0,0,0
156,1,0,0,0,0,0,0,0,0
157,1,0,0,0,0,0,0,0,0
158,1,0,0,0,0,0,0,0,0
159,1,0,0,0,0,0,0,0,0
160,1,0,0,0,0,0,0,0,0
161,1,0,0,0,0,0,0,0,0
162,1,0,0,0,0,0,0,0,0
163,1,0,0,0,0,0,0,0,0
164,1,0,0,0,0,0,0,0,0
165,1,0,0,0,0,0,0,0,0
166,1,0,0,0,0,0,0,0,0
167,1,0,0,0,0,0,0,0,0
168,1,0,0,0,0,0,0,0,0
169,1,0,0,0,0,0,0,0,0
170,1,0,0,0,0,0,0,0,0
171,1,0,0,0,0,0,0,0,0
172,1,0,0,0,0,0,0,0,0
173,1,0,0,0,0,0,0,0,0
174,1,0,0,0,0,0,0,0,0
175,1,0,0,0,0,0,0,0,0
176,1,0,0,0,0,0,0,0,0
177,1,0,0,0,0,0,0,0,0
178,1,0,0,0,0,0,0,0,0
179,1,0,0,0,0,0,0,0,0
180,1,0,0,0,0,0,0,0,0
181,1,0,0,0,0,0,0,0,0
182,1,0,0,0,0,0,0,0,0
183,1,0,0,0,0,0,0,0,0
184,1,0,0,0,0,0,0,0,0
185,1,0,0,0,0,0,0,0,0
186,1,0,0,0,0,0,0,0,0
187,1,0,0,0,0,0,0,0,0
188,1,0,0,0,0,0,0,0,0
189,1,0,0,0,0,0,0,0,0
190,1,0,0,0,0,0,0,0,0
191,1,0,0,0,0,0,0,0,0
192,1,0,0,0,0,0,0,0,0
193,1,0,0,0,0,0,0,0,0
194,1,0,0,0,0,0,0,0,0
195,1,0,0,0,0,0,0,0,0
196,1,0,0,0,0,0,0,0,0
197,1,0,0,0,0,0,0,0,0
198,1,0,0,0,0,0,0,0,0
199,1,0,0,0,0,0,0,0,0
200,1,0,0,0,0,0,0,0,0
201,1,0,0,0,0,0,0,0,0
202,1,0,0,0,0,0,0,0,0
203,1,0,0,0,0,0,0,0,0
204,1,0,0,0,0,0,0,0,0
205,1,0,0,0,0,0,0,0,0
206,1,0,0,0,0,0,0,0,0
207,1,0,0,0,0,0,0,0,0
208,1,0,0,0,0,0,0,0,0
209,1,0,0,0,0,0,0,0,0
210,1,0,0,0,0,0,0,0,0
211,1,0,0,0,0,0,0,0,0
212,1,0,0,0,0,0,0,0,0
213,1,0,0,0,0,0,0,0,0
214,1,0,0,0,0,0,0,0,0
215,1,0,0,0,0,0,0,0,0
216,1,0,0,0,0,0,0,0,0
217,1,0,0,0,0,0,0,0,0
218,1,0,0,0,0,0,0,0,0
219,1,0,0,0,0,0,0,0,0
220,1,0,0,0,0,0,0,0,0
221,1,0,0,0,0,0,0,0,0
222,1,0,0,0,0,0,0,0,0
223,1,0,0,0,0,0,0,0,0
224,1,0,0,0,0,0,0,0,0
225,1,0,0,0,0,0,0,0,0
226,1,0,0,0,0,0,0,0,0
227,1,0,0,0,0,0,0,0,0
228,1,0,0,0,0,0,0,0,0
229,1,0,0,0,0,0,0,0,0
230,1,0,0,0,0,0,0,0,0
231,1,0,0,0,0,0,0,0,0
232,1,0,0,0,0,0,0,0,0
233,1,0,0,0,0,0,0,0,0
234,1,0,0,0,0,0,0,0,0
235,1,0,0,0,0,0,0,0,0
236,1,0,0,0,0,0,0,0,0
237,1,0,0,0,0,0,0,0,0
238,1,0,0,0,0,0,0,0,0
239,1,0,0,0,0,0,0,0,0
240,1,0,0,0,0,0,0,0,0
241,1,0,0,0,0,0,0,0,0
242,1,0,0,0,0,0,0,0,0
243,1,0,0,0,0,0,0,0,0
244,1,0,0,0,0,0,0,0,0
245,1,0,0,0,0,0,0,0,0
246,1,0,0,0,0,0,0,0,0
247,1,0,0,0,0,0,0,0,0
248,1,0,0,0,0,0,0,0,0
249,1,0,0,0,0,0,0,0,0
250,1,0,0,0,0,0,0,0,0
251,1,0,0,0,0,0,0,0,0
252,1,0,0,0,0,0,0,0,0
253,1,0,0,0,0,0,0,0,0
254,1,0,0,0,0,0,0,0,0
255,1,0,0,0,0,0,0,0,0
256,1,0,0,0,0,0,0,0,0
257,1,0,0,0,0,0,0,0,0
258,1,0,0,0,0,0,0,0,0
259,1,0,0,0,0,0,0,0,0
260,1,0,0,0,0,0,0,0,0
261,1,0,0,0,0,0,0,0,0
262,1,0,0,0,0,0,0,0,0
263,1,0,0,0,0,0,0,0,0
264,1,0,0,0,0,0,0,0,0
265,1,0,0,0,0,0,0,0,0
266,1,0,0,0,0,0,0,0,0
267,1,0,0,0,0,0,0,0,0
268,1,0,0,0,0,0,0,0,0
269,1,0,0,0,0,0,0,0,0
270,1,0,0,0,0,0,0,0,0
271,1,0,0,0,0,0,0,0,0
272,1,0,0,0,0,0,0,0,0
273,1,0,0,0,0,0,0,0,0
274,1,0,0,0,0,0,0,0,0
275,1,0,0,0,0,0,0,0,0
276,1,0,0,0,0,0,0,0,0
277,1,0,0,0,0,0,0,0,0
278,1,0,0,0,0,0,0,0,0
279,1,0,0,0,0,0,0,0,0
280,1,0,0,0,0,0,0,0,0
281,1,0,0,0,0,0,0,0,0
282,1,0,0,0,0,0,0,0,0
283,1,0,0,0,0,0,0,0,0
284,1,0,0,0,0,0,0,0,0
285,1,0,0,0,0,0,0,0,0
286,1,0,0,0,0,0,0,0,0
287,1,0,0,0,0,0,0,0,0
288,1,0,0,0,0,0,0,0,0
289,1,0,0,0,0,0,0,0,0
290,1,0,0,0,0,0,0,0,0
291,1,0,0,0,0,0,0,0,0
292,1,0,0,0,0,0,0,0,0
293,1,0,0,0,0,0,0,0,0
294,1,0,0,0,0,0,0,0,0
295,1,0,0,0,0,0,0,0,0
296,1,0,0,0,0,0,0,0,0
297,1,0,0,0,0,0,0,0,0
298,1,0,0,0,0,0,0,0,0
299,1,0,0,0,0,0,0,0,0
300,1,0,0,0,0,0,0,0,0
301,1,0,0,0,0,0,0,0,0
302,1,0,0,0,0,0,0,0,0
303,1,0,0,0,0,0,0,0,0
304,1,0,0,0,0,0,0,0,0
305,1,0,0,0,0,0,0,0,0
306,1,0,0,0,0,0,0,0,0
307,1,0,0,0,0,0,0,0,0
308,1,0,0,0,0,0,0,0,0
309,1,0,0,0,0,0,0,0,0
310,1,0,0,0,0,0,0,0,0
311,1,0,0,0,0,0,0,0,0
312,1,0,0,0,0,0,0,0,0
313,1,0,0,0,0,0,0,0,0
314,1,0,0,0,0,0,0,0,0
315,1,0,0,0,0,0,0,0,0
316,1,0,0,0,0,0,0,0,0
317,1,0,0,0,0,0,0,0,0
318,1,0,0,0,0,0,0,0,0
319,1,0,0,0,0,0,0,0,0
320,1,0,0,0,0,0,0,0,0
321,1,0,0,0,0,0,0,0,0
322,1,0,0,0,0,0,0,0,0
323,1,0,0,0,0,0,0,0,0
324,1,0,0,0,0,0,0,0,0
325,1,0,0,0,0,0,0,0,0
326,1,0,0,0,0,0,0,0,0
327,1,0,0,0,0,0,0,0,0
328,1,0,0,0,0,0,0,0,0
329,1,0,0,0,0,0,0,0,0
330,1,0,0,0,0,0,0,0,0
331,1,0,0,0,0,0,0,0,0
332,1,0,0,0,0,0,0,0,0
333,1,0,0,0,0,0,0,0,0
334,1,0,0,0,0,0,0,0,0
335,1,0,0,0,0,0,0,0,0
336,1,0,0,0,0,0,0,0,0
337,1,0,0,0,0,0,0,0,0
338,1,0,0,0,0,0,0,0,0
339,1,0,0,0,0,0,0,0,0
340,1,0,0,0,0,0,0,0,0
341,1,0,0,0,0,0,0,0,0
342,1,0,0,0,0,0,0,0,0
343,1,0,0,0,0,0,0,0,0
344,1,0,0,0,0,0,0,0,0
345,1,0,0,0,0,0,0,0,0
346,1,0,0,0,0,0,0,0,0
347,1,0,0,0,0,0,0,0,0
348,1,0,0,0,0,0,0,0,0
349,1,0,0,0,0,0,0,0,0
350,1,0,0,0,0,0,0,0,0
351,1,0,0,0,0,0,0,0,0
352,1,0,0,0,0,0,0,0,0
353,1,0,0,0,0,0,0,0,0
354,1,0,0,0,0,0,0,0,0
355,1,0,0,0,0,0,0,0,0
356,1,0,0,0,0,0,0,0,0
357,1,0,0,0,0,0,0,0,0
358,1,0,0,0,0,0,0,0,0
359,1,0,0,0,0,0,0,0,0
360,1,0,0,0,0,0,0,0,0
361,1,0,0,0,0,0,0,0,0
362,1,0,0,0,0,0,0,0,0
363,1,0,0,0,0,0,0,0,0
364,1,0,0,0,0,0,0,0,0
365,1,0,0,0,0,0,0,0,0
366,1,0,0,0,0,0,0,0,0
367,1,0,0,0,0,0,0,0,0
368,1,0,0,0,0,0,0,0,0
369,1,0,0,0,0,0,0,0,0
370,1,0,0,0,0,0,0,0,0
371,1,0,0,0,0,0,0,0,0
372,1,0,0,0,0,0,0,0,0
373,1,0,0,0,0,0,0,0,0
374,1,0,0,0,0,0,0,0,0
375,1,0,0,0,0,0,0,0,0
376,1,0,0,0,0,0,0,0,0
377,1,0,0,0,0,0,0,0,0
378,1,0,0,0,0,0,0,0,0
379,1,0,0,0,0,0,0,0,0
380,1,0,0,0,0,0,0,0,0
381,1,0,0,0,0,0,0,0,0
382,1,0,0,0,0,0,0,0,0
383,1,0,0,0,0,0,0,0,0
384,1,0,0,0,0,0,0,0,0
385,1,0,0,0,0,0,0,0,0
386,1,0,0,0,0,0,0,0,0
387,1,0,0,0,0,0,0,0,0
388,1,0,0,0,0,0,0,0,0
389,1,0,0,0,0,0,0,0,0
390,1,0,0,0,0,0,0,0,0
391,1,0,0,0,0,0,0,0,0
392,1,0,0,0,0,0,0,0,0
393,1,0,0,0,0,0,0,0,0
394,1,0,0,0,0,0,0,0,0
395,1,0,0,0,0,0,0,0,0
396,1,0,0,0,0,0,0,0,0
397,1,0,0,0,0,0,0,0,0
398,1,0,0,0,0,0,0,0,0
399,1,0,0,0,0,0,0,0,0
400,1,0,0,0,0,0,0,0,0
401,1,0,0,0,0,0,0,0,0
402,1,0,0,0,0,0,0,0,0
403,1,0,0,0,0,0,0,0,0
404,1,0,0,0,0,0,0,0,0
405,1,0,0,0,0,0,0,0,0
406,1,0,0,0,0,0,0,0,0
407,1,0,0,0,0,0,0,0,0
408,1,0,0,0,0,0,0,0,0
409,1,0,0,0,0,0,0,0,0
410,1,0,0,0,0,0,0,0,0
411,1,0,0,0,0,0,0,0,0
412,1,0,0,0,0,0,0,0,0
413,1,0,0,0,0,0,0,0,0
414,1,0,0,0,0,0,0,0,0
415,1,0,0,0,0,0,0,0,0
416,1,0,0,0,0,0,0,0,0
417,1,0,0,0,0,0,0,0,0
418,1,0,0,0,0,0,0,0,0
419,1,0,0,0,0,0,0,0,0
420,1,0,0,0,0,0,0,0,0
421,1,0,0,0,0,0,0,0,0
422,1,0,0,0,0,0,0,0,0
423,1,0,0,0,0,0,0,0,0
424,1,0,0,0,0,0,0,0,0
425,1,0,0,0,0,0,0,0,0
426,1,0,0,0,0,0,0,0,0
427,1,0,0,0,0,0,0,0,0
428,1,0,0,0,0,0,0,0,0
429,1,0,0,0,0,0,0,0,0
430,1,0,0,0,0,0,0,0,0
431,1,0,0,0,0,0,0,0,0
432,1,0,0,0,0,0,0,0,0
433,1,0,0,0,0,0,0,0,0
434,1,0,0,0,0,0,0,0,0
435,1,0,0,0,0,0,0,0,0
436,1,0,0,0,0,0,0,0,0
437,1,0,0,0,0,0,0,0,0
438,1,0,0,0,0,0,0,0,0
439,1,0,0,0,0,0,0,0,0
440,1,0,0,0,0,0,0,0,0
441,1,0,0,0,0,0,0,0,0
442,1,0,0,0,0,0,0,0,0
443,1,0,0,0,0,0,0,0,0
444,1,0,0,0,0,0,0,0,0
445,1,0,0,0,0,0,0,0,0
446,1,0,0,0,0,0,0,0,0
447,1,0,0,0,0,0,0,0,0
448,1,0,0,0,0,0,0,0,0
449,1,0,0,0,0,0,0,0,0
450,1,0,0,0,0,0,0,0,0
451,1,0,0,0,0,0,0,0,0
452,1,0,0,0,0,0,0,0,0
453,1,0,0,0,0,0,0,0,0
454,1,0,0,0,0,0,0,0,0
455,1,0,0,0,0,0,0,0,0
456,1,0,0,0,0,0,0,0,0
457,1,0,0,0,0,0,0,0,0
458,1,0,0,0,0,0,0,0,0
459,1,0,0,0,0,0,0,0,0
460,1,0,0,0,0,0,0,0,0
461,1,0,0,0,0,0,0,0,0
462,1,0,0,0,0,0,0,0,0
463,1,0,0,0,0,0,0,0,0
464,1,0,0,0,0,0,0,0,0
465,1,0,0,0,0,0,0,0,0
466,1,0,0,0,0,0,0,0,0
467,1,0,0,0,0,0,0,0,0
468,1,0,0,0,0,0,0,0,0
469,1,0,0,0,0,0,0,0,0
470,1,0,0,0,0,0,0,0,0
471,1,0,0,0,0,0,0,0,0
472,1,0,0,0,0,0,0,0,0
473,1,0,0,0,0,0,0,0,0
474,1,0,0,0,0,0,0,0,0
475,1,0,0,0,0,0,0,0,0
476,1,0,0,0,0,0,0,0,0
477,1,0,0,0,0,0,0,0,0
478,1,0,0,0,0,0,0,0,0
479,1,0,0,0,0,0,0,0,0
480,1,0,0,0,0,0,0,0,0
481,1,0,0,0,0,0,0,0,0
482,1,0,0,0,0,0,0,0,0
483,1,0,0,0,0,0,0,0,0
484,1,0,0,0,0,0,0,0,0
485,1,0,0,0,0,0,0,0,0
486,1,0,0,0,0,0,0,0,0
487,1,0,0,0,0,0,0,0,0
488,1,0,0,0,0,0,0,0,0
489,1,0,0,0,0,0,0,0,0
490,1,0,0,0,0,0,0,0,0
491,1,0,0,0,0,0,0,0,0
492,1,0,0,0,0,0,0,0,0
493,1,0,0,0,0,0,0,0,0
494,1,0,0,0,0,0,0,0,0
495,1,0,0,0,0,0,0,0,0
496,1,0,0,0,0,0,0,0,0
497,1,0,0,0,0,0,0,0,0
498,1,0,0,0,0,0,0,0,0
499,1,0,0,0,0,0,0,0,0
500,1,0,0,0,0,0,0,0,0
501,1,0,0,0,0,0,0,0,0
502,1,0,0,0,0,0,0,0,0
503,1,0,0,0,0,0,0,0,0
504,1,0,0,0,0,0,0,0,0
505,1,0,0,0,0,0,0,0,0
506,1,0,0,0,0,0,0,0,0
507,1,0,0,0,0,0,0,0,0
508,1,0,0,0,0,0,0,0,0
509,1,0,0,0,0,0,0,0,0
510,1,0,0,0,0,0,0,0,0
511,1,0,0,0,0,0,0,0,0
512,1,0,0,0,0,0,0,0,0
513,1,0,0,0,0,0,0,0,0
514,1,0,0,0,0,0,0,0,0
515,1,0,0,0,0,0,0,0,0
516,1,0,0,0,0,0,0,0,0
517,1,0,0,0,0,0,0,0,0
518,1,0,0,0,0,0,0,0,0
519,1,0,0,0,0,0,0,0,0
520,1,0,0,0,0,0,0,0,0
521,1,0,0,0,0,0,0,0,0
522,1,0,0,0,0,0,0,0,0
523,1,0,0,0,0,0,0,0,0
524,1,0,0,0,0,0,0,0,0
525,1,0,0,0,0,0,0,0,0
526,1,0,0,0,0,0,0,0,0
527,1,0,0,0,0,0,0,0,0
528,1,0,0,0,0,0,0,0,0
529,1,0,0,0,0,0,0,0,0
530,1,0,0,0,0,0,0,0,0
531,1,0,0,0,0,0,0,0,0
532,1,0,0,0,0,0,0,0,0
533,1,0,0,0,0,0,0,0,0
534,1,0,0,0,0,0,0,0,0
535,1,0,0,0,0,0,0,0,0
536,1,0,0,0,0,0,0,0,0
537,1,0,0,0,0,0,0,0,0
538,1,0,0,0,0,0,0,0,0
539,1,0,0,0,0,0,0,0,0
540,1,0,0,0,0,0,0,0,0
541,1,0,0,0,0,0,0,0,0
542,1,0,0,0,0,0,0,0,0
543,1,0,0,0,0,0,0,0,0
544,1,0,0,0,0,0,0,0,0
545,1,0,0,0,0,0,0,0,0
546,1,0,0,0,0,0,0,0,0
547,1,0,0,0,0,0,0,0,0
548,1,0,0,0,0,0,0,0,0
549,1,0,0,0,0,0,0,0,0
550,1,0,0,0,0,0,0,0,0
551,1,0,0,0,0,0,0,0,0
552,1,0,0,0,0,0,0,0,0
553,1,0,0,0,0,0,0,0,0
554,1,0,0,0,0,0,0,0,0
555,1,0,0,0,0,0,0,0,0
556,1,0,0,0,0,0,0,0,0
557,1,0,0,0,0,0,0,0,0
558,1,0,0,0,0,0,0,0,0
559,1,0,0,0,0,0,0,0,0
560,1,0,0,0,0,0,0,0,0
561,1,0,0,0,0,0,0,0,0
562,1,0,0,0,0,0,0,0,0
563,1,0,0,0,0,0,0,0,0
564,1,0,0,0,0,0,0,0,0
565,1,0,0,0,0,0,0,0,0
566,1,0,0,0,0,0,0,0,0
567,1,0,0,0,0,0,0,0,0
568,1,0,0,0,0,0,0,0,0
569,1,0,0,0,0,0,0,0,0
570,1,0,0,0,0,0,0,0,0
571,1,0,0,0,0,0,0,0,0
572,1,0,0,0,0,0,0,0,0
573,1,0,0,0,0,0,0,0,0
574,1,0,0,0,0,0,0,0,0
575,1,0,0,0,0,0,0,0,0
576,1,0,0,0,0,0,0,0,0
577,1,0,0,0,0,0,0,0,0
578,1,0,0,0,0,0,0,0,0
579,1,0,0,0,0,0,0,0,0
580,1,0,0,0,0,0,0,0,0
581,1,0,0,0,0,0,0,0,0
582,1,0,0,0,0,0,0,0,0
583,1,0,0,0,0,0,0,0,0
584,1,0,0,0,0,0,0,0,0
585,1,0,0,0,0,0,0,0,0
586,1,0,0,0,0,0,0,0,0
587,1,0,0,0,0,0,0,0,0
588,1,0,0,0,0,0,0,0,0
589,1,0,0,0,0,0,0,0,0
590,1,0,0,0,0,0,0,0,0
591,1,0,0,0,0,0,0,0,0
592,1,0,0,0,0,0,0,0,0
593,1,0,0,0,0,0,0,0,0
594,1,0,0,0,0,0,0,0,0
595,1,0,0,0,0,0,0,0,0
596,1,0,0,0,0,0,0,0,0
597,1,0,0,0,0,0,0,0,0
598,1,0,0,0,0,0,0,0,0
599,1,0,0,0,0,0,0,0,0
600,1,0,0,0,0,0,0,0,0
601,1,0,0,0,0,0,0,0,0
602,1,0,0,0,0,0,0,0,0
603,1,0,0,0,0,0,0,0,0
604,1,0,0,0,0,0,0,0,0
605,1,0,0,0,0,0,0,0,0
606,1,0,0,0,0,0,0,0,0
607,1,0,0,0,0,0,0,0,0
608,1,0,0,0,0,0,0,0,0
609,1,0,0,0,0,0,0,0,0
610,1,0,0,0,0,0,0,0,0
611,1,0,0,0,0,0,0,0,0
612,1,0,0,0,0,0,0,0,0
613,1,0,0,0,0,0,0,0,0
614,1,0,0,0,0,0,0,0,0
615,1,0,0,0,0,0,0,0,0
616,1,0,0,0,0,0,0,0,0
617,1,0,0,0,0,0,0,0,0
618,1,0,0,0,0,0,0,0,0
619,1,0,0,0,0,0,0,0,0
620,1,0,0,0,0,0,0,0,0
621,1,0,0,0,0,0,0,0,0
622,1,0,0,0,0,0,0,0,0
623,1,0,0,0,0,0,0,0,0
624,1,0,0,0,0,0,0,0,0
625,1,0,0,0,0,0,0,0,0
626,1,0,0,0,0,0,0,0,0
627,1,0,0,0,0,0,0,0,0
628,1,0,0,0,0,0,0,0,0
629,1,0,0,0,0,0,0,0,0
630,1,0,0,0,0,0,0,0,0
631,1,0,0,0,0,0,0,0,0
632,1,0,0,0,0,0,0,0,0
633,1,0,0,0,0,0,0,0,0
634,1,0,0,0,0,0,0,0,0
635,1,0,0,0,0,0,0,0,0
636,1,0,0,0,0,0,0,0,0
637,1,0,0,0,0,0,0,0,0
638,1,0,0,0,0,0,0,0,0
639,1,0,0,0,0,0,0,0,0
640,1,0,0,0,0,0,0,0,0
641,1,0,0,0,0,0,0,0,0
642,1,0,0,0,0,0,0,0,0
643,1,0,0,0,0,0,0,0,0
644,1,0,0,0,0,0,0,0,0
645,1,0,0,0,0,0,0,0,0
646,1,0,0,0,0,0,0,0,0
647,1,0,0,0,0,0,0,0,0
648,1,0,0,0,0,0,0,0,0
649,1,0,0,0,0,0,0,0,0
650,1,0,0,0,0,0,0,0,0
651,1,0,0,0,0,0,0,0,0
652,1,0,0,0,0,0,0,0,0
653,1,0,0,0,0,0,0,0,0
654,1,0,0,0,0,0,0,0,0
655,1,0,0,0,0,0,0,0,0
656,1,0,0,0,0,0,0,0,0
657,1,0,0,0,0,0,0,0,0
658,1,0,0,0,0,0,0,0,0
659,1,0,0,0,0,0,0,0,0
660,1,0,0,0,0,0,0,0,0
661,1,0,0,0,0,0,0,0,0
662,1,0,0,0,0,0,0,0,0
663,1,0,0,0,0,0,0,0,0
664,1,0,0,0,0,0,0,0,0
665,1,0,0,0,0,0,0,0,0
666,1,0,0,0,0,0,0,0,0
667,1,0,0,0,0,0,0,0,0
668,1,0,0,0,0,0,0,0,0
669,1,0,0,0,0,0,0,0,0
670,1,0,0,0,0,0,0,0,0
671,1,0,0,0,0,0,0,0,0
672,1,0,0,0,0,0,0,0,0
673,1,0,0,0,0,0,0,0,0
674,1,0,0,0,0,0,0,0,0
675,1,0,0,0,0,0,0,0,0
676,1,0,0,0,0,0,0,0,0
677,1,0,0,0,0,0,0,0,0
678,1,0,0,0,0,0,0,0,0
679,1,0,0,0,0,0,0,0,0
680,1,0,0,0,0,0,0,0,0
681,1,0,0,0,0,0,0,0,0
682,1,0,0,0,0,0,0,0,0
683,1,0,0,0,0,0,0,0,0
684,1,0,0,0,0,0,0,0,0
685,1,0,0,0,0,0,0,0,0
686,1,0,0,0,0,0,0,0,0
687,1,0,0,0,0,0,0,0,0
688,1,0,0,0,0,0,0,0,0
689,1,0,0,0,0,0,0,0,0
690,1,0,0,0,0,0,0,0,0
691,1,0,0,0,0,0,0,0,0
692,1,0,0,0,0,0,0,0,0
693,1,0,0,0,0,0,0,0,0
694,1,0,0,0,0,0,0,0,0
695,1,0,0,0,0,0,0,0,0
696,1,0,0,0,0,0,0,0,0
697,1,0,0,0,0,0,0,0,0
698,1,0,0,0,0,0,0,0,0
699,1,0,0,0,0,0,0,0,0
700,1,0,0,0,0,0,0,0,0
701,1,0,0,0,0,0,0,0,0
702,1,0,0,0,0,0,0,0,0
703,1,0,0,0,0,0,0,0,0
704,1,0,0,0,0,0,0,0,0
705,1,0,0,0,0,0,0,0,0
706,1,0,0,0,0,0,0,0,0
707,1,0,0,0,0,0,0,0,0
708,1,0,0,0,0,0,0,0,0
709,1,0,0,0,0,0,0,0,0
710,1,0,0,0,0,0,0,0,0
711,1,0,0,0,0,0,0,0,0
712,1,0,0,0,0,0,0,0,0
713,1,0,0,0,0,0,0,0,0
714,1,0,0,0,0,0,0,0,0
715,1,0,0,0,0,0,0,0,0
716,1,0,0,0,0,0,0,0,0
717,1,0,0,0,0,0,0,0,0
718,1,0,0,0,0,0,0,0,0
719,1,0,0,0,0,0,0,0,0
720,1,0,0,0,0,0,0,0,0
721,1,0,0,0,0,0,0,0,0
722,1,0,0,0,0,0,0,0,0
723,1,0,0,0,0,0,0,0,0
724,1,0,0,0,0,0,0,0,0
725,1,0,0,0,0,0,0,0,0
726,1,0,0,0,0,0,0,0,0
727,1,0,0,0,0,0,0,0,0
728,1,0,0,0,0,0,0,0,0
729,1,0,0,0,0,0,0,0,0
730,1,0,0,0,0,0,0,0,0
731,1,0,0,0,0,0,0,0,0
732,1,0,0,0,0,0,0,0,0
733,1,0,0,0,0,0,0,0,0
734,1,0,0,0,0,0,0,0,0
735,1,0,0,0,0,0,0,0,0
736,1,0,0,0,0,0,0,0,0
737,1,0,0,0,0,0,0,0,0
738,1,0,0,0,0,0,0,0,0
739,1,0,0,0,0,0,0,0,0
740,1,0,0,0,0,0,0,0,0
741,1,0,0,0,0,0,0,0,0
742,1,0,0,0,0,0,0,0,0
743,1,0,0,0,0,0,0,0,0
744,1,0,0,0,0,0,0,0,0
745,1,0,0,0,0,0,0,0,0
746,1,0,0,0,0,0,0,0,0
747,1,0,0,0,0,0,0,0,0
748,1,0,0,0,0,0,0,0,0
749,1,0,0,0,0,0,0,0,0
750,1,0,0,0,0,0,0,0,0
751,1,0,0,0,0,0,0,0,0
752,1,0,0,0,0,0,0,0,0
753,1,0,0,0,0,0,0,0,0
754,1,0,0,0,0,0,0,0,0
755,1,0,0,0,0,0,0,0,0
756,1,0,0,0,0,0,0,0,0
757,1,0,0,0,0,0,0,0,0
758,1,0,0,0,0,0,0,0,0
759,1,0,0,0,0,0,0,0,0
760,1,0,0,0,0,0,0,0,0
761,1,0,0,0,0,0,0,0,0
762,1,0,0,0,0,0,0,0,0
763,1,0,0,0,0,0,0,0,0
764,1,0,0,0,0,0,0,0,0
765,1,0,0,0,0,0,0,0,0
766,1,0,0,0,0,0,0,0,0
767,1,0,0,0,0,0,0,0,0
768,1,0,0,0,0,0,0,0,0
769,1,0,0,0,0,0,0,0,0
770,1,0,0,0,0,0,0,0,0
771,1,0,0,0,0,0,0,0,0
772,1,0,0,0,0,0,0,0,0
773,1,0,0,0,0,0,0,0,0
774,1,0,0,0,0,0,0,0,0
775,1,0,0,0,0,0,0,0,0
776,1,0,0,0,0,0,0,0,0
777,1,0,0,0,0,0,0,0,0
778,1,0,0,0,0,0,0,0,0
779,1,0,0,0,0,0,0,0,0
780,1,0,0,0,0,0,0,0,0
781,1,0,0,0,0,0,0,0,0
782,1,0,0,0,0,0,0,0,0
783,1,0,0,0,0,0,0,0,0
784,1,0,0,0,0,0,0,0,0
785,1,0,0,0,0,0,0,0,0
786,1,0,0,0,0,0,0,0,0
787,1,0,0,0,0,0,0,0,0
788,1,0,0,0,0,0,0,0,0
789,1,0,0,0,0,0,0,0,0
790,1,0,0,0,0,0,0,0,0
791,1,0,0,0,0,0,0,0,0
792,1,0,0,0,0,0,0,0,0
793,1,0,0,0,0,0,0,0,0
794,1,0,0,0,0,0,0,0,0
795,1,0,0,0,0,0,0,0,0
796,1,0,0,0,0,0,0,0,0
797,1,0,0,0,0,0,0,0,0
798,1,0,0,0,0,0,0,0,0
799,1,0,0,0,0,0,0,0,0
800,1,0,0,0,0,0,0,0,0
801,1,0,0,0,0,0,0,0,0
802,1,0,0,0,0,0,0,0,0
803,1,0,0,0,0,0,0,0,0
804,1,0,0,0,0,0,0,0,0
805,1,0,0,0,0,0,0,0,0
806,1,0,0,0,0,0,0,0,0
807,1,0,0,0,0,0,0,0,0
808,1,0,0,0,0,0,0,0,0
809,1,0,0,0,0,0,0,0,0
810,1,0,0,0,0,0,0,0,0
811,1,0,0,0,0,0,0,0,0
812,1,0,0,0,0,0,0,0,0
813,1,0,0,0,0,0,0,0,0
814,1,0,0,0,0,0,0,0,0
815,1,0,0,0,0,0,0,0,0
816,1,0,0,0,0,0,0,0,0
817,1,0,0,0,0,0,0,0,0
818,1,0,0,0,0,0,0,0,0
819,1,0,0,0,0,0,0,0,0
820,1,0,0,0,0,0,0,0,0
821,1,0,0,0,0,0,0,0,0
822,1,0,0,0,0,0,0,0,0
823,1,0,0,0,0,0,0,0,0
824,1,0,0,0,0,0,0,0,0
825,1,0,0,0,0,0,0,0,0
826,1,0,0,0,0,0,0,0,0
827,1,0,0,0,0,0,0,0,0
828,1,0,0,0,0,0,0,0,0
829,1,0,0,0,0,0,0,0,0
830,1,0,0,0,0,0,0,0,0
831,1,0,0,0,0,0,0,0,0
832,1,0,0,0,0,0,0,0,0
833,1,0,0,0,0,0,0,0,0
834,1,0,0,0,0,0,0,0,0
835,1,0,0,0,0,0,0,0,0
836,1,0,0,0,0,0,0,0,0
837,1,0,0,0,0,0,0,0,0
838,1,0,0,0,0,0,0,0,0
839,1,0,0,0,0,0,0,0,0
840,1,0,0,0,0,0,0,0,0
841,1,0,0,0,0,0,0,0,0
842,1,0,0,0,0,0,0,0,0
843,1,0,0,0,0,0,0,0,0
844,1,0,0,0,0,0,0,0,0
845,1,0,0,0,0,0,0,0,0
846,1,0,0,0,0,0,0,0,0
847,1,0,0,0,0,0,0,0,0
848,1,0,0,0,0,0,0,0,0
849,1,0,0,0,0,0,0,0,0
850,1,0,0,0,0,0,0,0,0
851,1,0,0,0,0,0,0,0,0
852,1,0,0,0,0,0,0,0,0
853,1,0,0,0,0,0,0,0,0
854,1,0,0,0,0,0,0,0,0
855,1,0,0,0,0,0,0,0,0
856,1,0,0,0,0,0,0,0,0
857,1,0,0,0,0,0,0,0,0
858,1,0,0,0,0,0,0,0,0
859,1,0,0,0,0,0,0,0,0
860,1,0,0,0,0,0,0,0,0
861,1,0,0,0,0,0,0,0,0
862,1,0,0,0,0,0,0,0,0
863,1,0,0,0,0,0,0,0,0
864,1,0,0,0,0,0,0,0,0
865,1,0,0,0,0,0,0,0,0
866,1,0,0,0,0,0,0,0,0
867,1,0,0,0,0,0,0,0,0
868,1,0,0,0,0,0,0,0,0
869,1,0,0,0,0,0,0,0,0
870,1,0,0,0,0,0,0,0,0
871,1,0,0,0,0,0,0,0,0
872,1,0,0,0,0,0,0,0,0
873,1,0,0,0,0,0,0,0,0
874,1,0,0,0,0,0,0,0,0
875,1,0,0,0,0,0,0,0,0
876,1,0,0,0,0,0,0,0,0
877,1,0,0,0,0,0,0,0,0
878,1,0,0,0,0,0,0,0,0
879,1,0,0,0,0,0,0,0,0
880,1,0,0,0,0,0,0,0,0
881,1,0,0,0,0,0,0,0,0
882,1,0,0,0,0,0,0,0,0
883,1,0,0,0,0,0,0,0,0
884,1,0,0,0,0,0,0,0,0
885,1,0,0,0,0,0,0,0,0
886,1,0,0,0,0,0,0,0,0
887,1,0,0,0,0,0,0,0,0
888,1,0,0,0,0,0,0,0,0
889,1,0,0,0,0,0,0,0,0
890,1,0,0,0,0,0,0,0,0
891,1,0,0,0,0,0,0,0,0
892,1,0,0,0,0,0,0,0,0
893,1,0,0,0,0,0,0,0,0
894,1,0,0,0,0,0,0,0,0
895,1,0,0,0,0,0,0,0,0
896,1,0,0,0,0,0,0,0,0
897,1,0,0,0,0,0,0,0,0
898,1,0,0,0,0,0,0,0,0
899,1,0,0,0,0,0,0,0,0
900,1,0,0,0,0,0,0,0,0
901,1,0,0,0,0,0,0,0,0
902,1,0,0,0,0,0,0,0,0
903,1,0,0,0,0,0,0,0,0
904,1,0,0,0,0,0,0,0,0
905,1,0,0,0,0,0,0,0,0
906,1,0,0,0,0,0,0,0,0
907,1,0,0,0,0,0,0,0,0
908,1,0,0,0,0,0,0,0,0
909,1,0,0,0,0,0,0,0,0
910,1,0,0,0,0,0,0,0,0
911,1,0,0,0,0,0,0,0,0
912,1,0,0,0,0,0,0,0,0
913,1,0,0,0,0,0,0,0,0
914,1,0,0,0,0,0,0,0,0
915,1,0,0,0,0,0,0,0,0
916,1,0,0,0,0,0,0,0,0
917,1,0,0,0,0,0,0,0,0
918,1,0,0,0,0,0,0,0,0
919,1,0,0,0,0,0,0,0,0
920,1,0,0,0,0,0,0,0,0
921,1,0,0,0,0,0,0,0,0
922,1,0,0,0,0,0,0,0,0
923,1,0,0,0,0,0,0,0,0
924,1,0,0,0,0,0,0,0,0
925,1,0,0,0,0,0,0,0,0
926,1,0,0,0,0,0,0,0,0
927,1,0,0,0,0,0,0,0,0
928,1,0,0,0,0,0,0,0,0
929,1,0,0,0,0,0,0,0,0
930,1,0,0,0,0,0,0,0,0
931,1,0,0,0,0,0,0,0,0
932,1,0,0,0,0,0,0,0,0
933,1,0,0,0,0,0,0,0,0
934,1,0,0,0,0,0,0,0,0
935,1,0,0,0,0,0,0,0,0
936,1,0,0,0,0,0,0,0,0
937,1,0,0,0,0,0,0,0,0
938,1,0,0,0,0,0,0,0,0
939,1,0,0,0,0,0,0,0,0
940,1,0,0,0,0,0,0,0,0
941,1,0,0,0,0,0,0,0,0
942,1,0,0,0,0,0,0,0,0
943,1,0,0,0,0,0,0,0,0
944,1,0,0,0,0,0,0,0,0
945,1,0,0,0,0,0,0,0,0
946,1,0,0,0,0,0,0,0,0
947,1,0,0,0,0,0,0,0,0
948,1,0,0,0,0,0,0,0,0
949,1,0,0,0,0,0,0,0,0
950,1,0,0,0,0,0,0,0,0
951,1,0,0,0,0,0,0,0,0
952,1,0,0,0,0,0,0,0,0
953,1,0,0,0,0,0,0,0,0
954,1,0,0,0,0,0,0,0,0
955,1,0,0,0,0,0,0,0,0
956,1,0,0,0,0,0,0,0,0
957,1,0,0,0,0,0,0,0,0
958,1,0,0,0,0,0,0,0,0
959,1,0,0,0,0,0,0,0,0
960,1,0,0,0,0,0,0,0,0
961,1,0,0,0,0,0,0,0,0
962,1,0,0,0,0,0,0,0,0
963,1,0,0,0,0,0,0,0,0
964,1,0,0,0,0,0,0,0,0
965,1,0,0,0,0,0,0,0,0
966,1,0,0,0,0,0,0,0,0
967,1,0,0,0,0,0,0,0,0
968,1,0,0,0,0,0,0,0,0
969,1,0,0,0,0,0,0,0,0
970,1,0,0,0,0,0,0,0,0
971,1,0,0,0,0,0,0,0,0
972,1,0,0,0,0,0,0,0,0
973,1,0,0,0,0,0,0,0,0
974,1,0,0,0,0,0,0,0,0
975,1,0,0,0,0,0,0,0,0
976,1,0,0,0,0,0,0,0,0
977,1,0,0,0,0,0,0,0,0
978,1,0,0,0,0,0,0,0,0
979,1,0,0,0,0,0,0,0,0
980,1,0,0,0,0,0,0,0,0
981,1,0,0,0,0,0,0,0,0
982,1,0,0,0,0,0,0,0,0
983,1,0,0,0,0,0,0,0,0
984,1,0,0,0,0,0,0,0,0
985,1,0,0,0,0,0,0,0,0
986,1,0,0,0,0,0,0,0,0
987,1,0,0,0,0,0,0,0,0
988,1,0,0,0,0,0,0,0,0
989,1,0,0,0,0,0,0,0,0
990,1,0,0,0,0,0,0,0,0
991,1,0,0,0,0,0,0,0,0
992,1,0,0,0,0,0,0,0,0
993,1,0,0,0,0,0,0,0,0
994,1,0,0,0,0,0,0,0,0
995,1,0,0,0,0,0,0,0,0
996,1,0,0,0,0,0,0,0,0
997,1,0,0,0,0,0,0,0,0
998,1,0,0,0,0,0,0,0,0
999,1,0,0,0,0,0,0,0,0
1000,1,0,0,0,0,0,0,0,0
1001,1,0,0,0,0,0,0,0,0
1002,1,0,0,0,0,0,0,0,0
1003,1,0,0,0,0,0,0,0,0
1004,1,0,0,0,0,0,0,0,0
1005,1,0,0,0,0,0,0,0,0
1006,1,0,0,0,0,0,0,0,0
1007,1,0,0,0,0,0,0,0,0
1008,1,0,0,0,0,0,0,0,0
1009,1,0,0,0,0,0,0,0,0
1010,1,0,0,0,0,0,0,0,0
1011,1,0,0,0,0,0,0,0,0
1012,1,0,0,0,0,0,0,0,0
1013,1,0,0,0,0,0,0,0,0
1014,1,0,0,0,0,0,0,0,0
1015,1,0,0,0,0,0,0,0,0
1016,1,0,0,0,0,0,0,0,0
1017,1,0,0,0,0,0,0,0,0
1018,1,0,0,0,0,0,0,0,0
1019,1,0,0,0,0,0,0,0,0
1020,1,0,0,0,0,0,0,0,0
1021,1,0,0,0,0,0,0,0,0
1022,1,0,0,0,0,0,0,0,0
1023,1,0,0,0,0,0,0,0,0
1024,1,0,0,0,0,0,0,0,0
1025,1,0,0,0,0,0,0,0,0
1026,1,0,0,0,0,0,0,0,0
1027,1,0,0,0,0,0,0,0,0
1028,1,0,0,0,0,0,0,0,0
1029,1,0,0,0,0,0,0,0,0
1030,1,0,0,0,0,0,0,0,0
1031,1,0,0,0,0,0,0,0,0
1032,1,0,0,0,0,0,0,0,0
1033,1,0,0,0,0,0,0,0,0
1034,1,0,0,0,0,0,0,0,0
1035,1,0,0,0,0,0,0,0,0
1036,1,0,0,0,0,0,0,0,0
1037,1,0,0,0,0,0,0,0,0
1038,1,0,0,0,0,0,0,0,0
1039,1,0,0,0,0,0,0,0,0
1040,1,0,0,0,0,0,0,0,0
1041,1,0,0,0,0,0,0,0,0
1042,1,0,0,0,0,0,0,0,0
1043,1,0,0,0,0,0,0,0,0
1044,1,0,0,0,0,0,0,0,0
1045,1,0,0,0,0,0,0,0,0
1046,1,0,0,0,0,0,0,0,0
1047,1,0,0,0,0,0,0,0,0
1048,1,0,0,0,0,0,0,0,0
1049,1,0,0,0,0,0,0,0,0
1050,1,0,0,0,0,0,0,0,0
1051,1,0,0,0,0,0,0,0,0
1052,1,0,0,0,0,0,0,0,0
1053,1,0,0,0,0,0,0,0,0
1054,1,0,0,0,0,0,0,0,0
1055,1,0,0,0,0,0,0,0,0
1056,1,0,0,0,0,0,0,0,0
1057,1,0,0,0,0,0,0,0,0
1058,1,0,0,0,0,0,0,0,0
1059,1,0,0,0,0,0,0,0,0
1060,1,0,0,0,0,0,0,0,0
1061,1,0,0,0,0,0,0,0,0
1062,1,0,0,0,0,0,0,0,0
1063,1,0,0,0,0,0,0,0,0
1064,1,0,0,0,0,0,0,0,0
1065,1,0,0,0,0,0,0,0,0
1066,1,0,0,0,0,0,0,0,0
1067,1,0,0,0,0,0,0,0,0
1068,1,0,0,0,0,0,0,0,0
1069,1,0,0,0,0,0,0,0,0
1070,1,0,0,0,0,0,0,0,0
1071,1,0,0,0,0,0,0,0,0
1072,1,0,0,0,0,0,0,0,0
1073,1,0,0,0,0,0,0,0,0
1074,1,0,0,0,0,0,0,0,0
1075,1,0,0,0,0,0,0,0,0
1076,1,0,0,0,0,0,0,0,0
1077,1,0,0,0,0,0,0,0,0
1078,1,0,0,0,0,0,0,0,0
1079,1,0,0,0,0,0,0,0,0
1080,1,0,0,0,0,0,0,0,0
1081,1,0,0,0,0,0,0,0,0
1082,1,0,0,0,0,0,0,0,0
1083,1,0,0,0,0,0,0,0,0
1084,1,0,0,0,0,0,0,0,0
1085,1,0,0,0,0,0,0,0,0
1086,1,0,0,0,0,0,0,0,0
1087,1,0,0,0,0,0,0,0,0
1088,1,0,0,0,0,0,0,0,0
1089,1,0,0,0,0,0,0,0,0
1090,1,0,0,0,0,0,0,0,0
1091,1,0,0,0,0,0,0,0,0
1092,1,0,0,0,0,0,0,0,0
1093,1,0,0,0,0,0,0,0,0
1094,1,0,0,0,0,0,0,0,0
1095,1,0,0,0,0,0,0,0,0
1096,1,0,0,0,0,0,0,0,0
1097,1,0,0,0,0,0,0,0,0
1098,1,0,0,0,0,0,0,0,0
1099,1,0,0,0,0,0,0,0,0
1100,1,0,0,0,0,0,0,0,0
1101,1,0,0,0,0,0,0,0,0
1102,1,0,0,0,0,0,0,0,0
1103,1,0,0,0,0,0,0,0,0
1104,1,0,0,0,0,0,0,0,0
1105,1,0,0,0,0,0,0,0,0
1106,1,0,0,0,0,0,0,0,0
1107,1,0,0,0,0,0,0,0,0
1108,1,0,0,0,0,0,0,0,0
1109,1,0,0,0,0,0,0,0,0
1110,1,0,0,0,0,0,0,0,0
1111,1,0,0,0,0,0,0,0,0
1112,1,0,0,0,0,0,0,0,0
1113,1,0,0,0,0,0,0,0,0
1114,1,0,0,0,0,0,0,0,0
1115,1,0,0,0,0,0,0,0,0
1116,1,0,0,0,0,0,0,0,0
1117,1,0,0,0,0,0,0,0,0
1118,1,0,0,0,0,0,0,0,0
1119,1,0,0,0,0,0,0,0,0
1120,1,0,0,0,0,0,0,0,0
1121,1,0,0,0,0,0,0,0,0
1122,1,0,0,0,0,0,0,0,0
1123,1,0,0,0,0,0,0,0,0
1124,1,0,0,0,0,0,0,0,0
1125,1,0,0,0,0,0,0,0,0
1126,1,0,0,0,0,0,0,0,0
1127,1,0,0,0,0,0,0,0,0
1128,1,0,0,0,0,0,0,0,0
1129,1,0,0,0,0,0,0,0,0
1130,1,0,0,0,0,0,0,0,0
1131,1,0,0,0,0,0,0,0,0
1132,1,0,0,0,0,0,0,0,0
1133,1,0,0,0,0,0,0,0,0
1134,1,0,0,0,0,0,0,0,0
1135,1,0,0,0,0,0,0,0,0
1136,1,0,0,0,0,0,0,0,0
1137,1,0,0,0,0,0,0,0,0
1138,1,0,0,0,0,0,0,0,0
1139,1,0,0,0,0,0,0,0,0
1140,1,0,0,0,0,0,0,0,0
1141,1,0,0,0,0,0,0,0,0
1142,1,0,0,0,0,0,0,0,0
1143,1,0,0,0,0,0,0,0,0
1144,1,0,0,0,0,0,0,0,0
1145,1,0,0,0,0,0,0,0,0
1146,1,0,0,0,0,0,0,0,0
1147,1,0,0,0,0,0,0,0,0
1148,1,0,0,0,0,0,0,0,0
1149,1,0,0,0,0,0,0,0,0
1150,1,0,0,0,0,0,0,0,0
1151,1,0,0,0,0,0,0,0,0
1152,1,0,0,0,0,0,0,0,0
1153,1,0,0,0,0,0,0,0,0
1154,1,0,0,0,0,0,0,0,0
1155,1,0,0,0,0,0,0,0,0
1156,1,0,0,0,0,0,0,0,0
1157,1,0,0,0,0,0,0,0,0
1158,1,0,0,0,0,0,0,0,0
1159,1,0,0,0,0,0,0,0,0
1160,1,0,0,0,0,0,0,0,0
1161,1,0,0,0,0,0,0,0,0
1162,1,0,0,0,0,0,0,0,0
1163,1,0,0,0,0,0,0,0,0
1164,1,0,0,0,0,0,0,0,0
1165,1,0,0,0,0,0,0,0,0
1166,1,0,0,0,0,0,0,0,0
1167,1,0,0,0,0,0,0,0,0
1168,1,0,0,0,0,0,0,0,0
1169,1,0,0,0,0,0,0,0,0
1170,1,0,0,0,0,0,0,0,0
1171,1,0,0,0,0,0,0,0,0
1172,1,0,0,0,0,0,0,0,0
1173,1,0,0,0,0,0,0,0,0
1174,1,0,0,0,0,0,0,0,0
1175,1,0,0,0,0,0,0,0,0
1176,1,0,0,0,0,0,0,0,0
1177,1,0,0,0,0,0,0,0,0
1178,1,0,0,0,0,0,0,0,0
1179,1,0,0,0,0,0,0,0,0
1180,1,0,0,0,0,0,0,0,0
1181,1,0,0,0,0,0,0,0,0
1182,1,0,0,0,0,0,0,0,0
1183,1,0,0,0,0,0,0,0,0
1184,1,0,0,0,0,0,0,0,0
1185,1,0,0,0,0,0,0,0,0
1186,1,0,0,0,0,0,0,0,0
1187,1,0,0,0,0,0,0,0,0
1188,1,0,0,0,0,0,0,0,0
1189,1,0,0,0,0,0,0,0,0
1190,1,0,0,0,0,0,0,0,0
1191,1,0,0,0,0,0,0,0,0
1192,1,0,0,0,0,0,0,0,0
1193,1,0,0,0,0,0,0,0,0
1194,1,0,0,0,0,0,0,0,0
1195,1,0,0,0,0,0,0,0,0
1196,1,0,0,0,0,0,0,0,0
1197,1,0,0,0,0,0,0,0,0
1198,1,0,0,0,0,0,0,0,0
1199,1,0,0,0,0,0,0,0,0
1200,1,0,0,0,0,0,0,0,0
1201,1,0,0,0,0,0,0,0,0
1202,1,0,0,0,0,0,0,0,0
1203,1,0,0,0,0,0,0,0,0
1204,1,0,0,0,0,0,0,0,0
1205,1,0,0,0,0,0,0,0,0
1206,1,0,0,0,0,0,0,0,0
1207,1,0,0,0,0,0,0,0,0
1208,1,0,0,0,0,0,0,0,0
1209,1,0,0,0,0,0,0,0,0
1210,1,0,0,0,0,0,0,0,0
1211,1,0,0,0,0,0,0,0,0
1212,1,0,0,0,0,0,0,0,0
1213,1,0,0,0,0,0,0,0,0
1214,1,0,0,0,0,0,0,0,0
1215,1,0,0,0,0,0,0,0,0
1216,1,0,0,0,0,0,0,0,0
1217,1,0,0,0,0,0,0,0,0
1218,1,0,0,0,0,0,0,0,0
1219,1,0,0,0,0,0,0,0,0
1220,1,0,0,0,0,0,0,0,0
1221,1,0,0,0,0,0,0,0,0
1222,1,0,0,0,0,0,0,0,0
1223,1,0,0,0,0,0,0,0,0
1224,1,0,0,0,0,0,0,0,0
1225,1,0,0,0,0,0,0,0,0
1226,1,0,0,0,0,0,0,0,0
1227,1,0,0,0,0,0,0,0,0
1228,1,0,0,0,0,0,0,0,0
1229,1,0,0,0,0,0,0,0,0
1230,1,0,0,0,0,0,0,0,0
1231,1,0,0,0,0,0,0,0,0
1232,1,0,0,0,0,0,0,0,0
1233,1,0,0,0,0,0,0,0,0
1234,1,0,0,0,0,0,0,0,0
1235,1,0,0,0,0,0,0,0,0
1236,1,0,0,0,0,0,0,0,0
1237,1,0,0,0,0,0,0,0,0
1238,1,0,0,0,0,0,0,0,0
1239,1,0,0,0,0,0,0,0,0
1240,1,0,0,0,0,0,0,0,0
1241,1,0,0,0,0,0,0,0,0
1242,1,0,0,0,0,0,0,0,0
1243,1,0,0,0,0,0,0,0,0
1244,1,0,0,0,0,0,0,0,0
1245,1,0,0,0,0,0,0,0,0
1246,1,0,0,0,0,0,0,0,0
1247,1,0,0,0,0,0,0,0,0
1248,1,0,0,0,0,0,0,0,0
1249,1,0,0,0,0,0,0,0,0
1250,1,0,0,0,0,0,0,0,0
1251,1,0,0,0,0,0,0,0,0
1252,1,0,0,0,0,0,0,0,0
1253,1,0,0,0,0,0,0,0,0
1254,1,0,0,0,0,0,0,0,0
1255,1,0,0,0,0,0,0,0,0
1256,1,0,0,0,0,0,0,0,0
1257,1,0,0,0,0,0,0,0,0
1258,1,0,0,0,0,0,0,0,0
1259,1,0,0,0,0,0,0,0,0
1260,1,0,0,0,0,0,0,0,0
1261,1,0,0,0,0,0,0,0,0
1262,1,0,0,0,0,0,0,0,0
1263,1,0,0,0,0,0,0,0,0
1264,1,0,0,0,0,0,0,0,0
1265,1,0,0,0,0,0,0,0,0
1266,1,0,0,0,0,0,0,0,0
1267,1,0,0,0,0,0,0,0,0
1268,1,0,0,0,0,0,0,0,0
1269,1,0,0,0,0,0,0,0,0
1270,1,0,0,0,0,0,0,0,0
1271,1,0,0,0,0,0,0,0,0
1272,1,0,0,0,0,0,0,0,0
1273,1,0,0,0,0,0,0,0,0
1274,1,0,0,0,0,0,0,0,0
1275,1,0,0,0,0,0,0,0,0
1276,1,0,0,0,0,0,0,0,0
1277,1,0,0,0,0,0,0,0,0
1278,1,0,0,0,0,0,0,0,0
1279,1,0,0,0,0,0,0,0,0
1280,1,0,0,0,0,0,0,0,0
1281,1,0,0,0,0,0,0,0,0
1282,1,0,0,0,0,0,0,0,0
1283,1,0,0,0,0,0,0,0,0
1284,1,0,0,0,0,0,0,0,0
1285,1,0,0,0,0,0,0,0,0
1286,1,0,0,0,0,0,0,0,0
1287,1,0,0,0,0,0,0,0,0
1288,1,0,0,0,0,0,0,0,0
1289,1,0,0,0,0,0,0,0,0
1290,1,0,0,0,0,0,0,0,0
1291,1,0,0,0,0,0,0,0,0
1292,1,0,0,0,0,0,0,0,0
1293,1,0,0,0,0,0,0,0,0
1294,1,0,0,0,0,0,0,0,0
1295,1,0,0,0,0,0,0,0,0
1296,1,0,0,0,0,0,0,0,0
1297,1,0,0,0,0,0,0,0,0
1298,1,0,0,0,0,0,0,0,0
1299,1,0,0,0,0,0,0,0,0
1300,1,0,0,0,0,0,0,0,0
1301,1,0,0,0,0,0,0,0,0
1302,1,0,0,0,0,0,0,0,0
1303,1,0,0,0,0,0,0,0,0
1304,1,0,0,0,0,0,0,0,0
1305,1,0,0,0,0,0,0,0,0
1306,1,0,0,0,0,0,0,0,0
1307,1,0,0,0,0,0,0,0,0
1308,1,0,0,0,0,0,0,0,0
1309,1,0,0,0,0,0,0,0,0
1310,1,0,0,0,0,0,0,0,0
1311,1,0,0,0,0,0,0,0,0
1312,1,0,0,0,0,0,0,0,0
1313,1,0,0,0,0,0,0,0,0
1314,1,0,0,0,0,0,0,0,0
1315,1,0,0,0,0,0,0,0,0
1316,1,0,0,0,0,0,0,0,0
1317,1,0,0,0,0,0,0,0,0
1318,1,0,0,0,0,0,0,0,0
1319,1,0,0,0,0,0,0,0,0
1320,1,0,0,0,0,0,0,0,0
1321,1,0,0,0,0,0,0,0,0
1322,1,0,0,0,0,0,0,0,0
1323,1,0,0,0,0,0,0,0,0
1324,1,0,0,0,0,0,0,0,0
1325,1,0,0,0,0,0,0,0,0
1326,1,0,0,0,0,0,0,0,0
1327,1,0,0,0,0,0,0,0,0
1328,1,0,0,0,0,0,0,0,0
1329,1,0,0,0,0,0,0,0,0
1330,1,0,0,0,0,0,0,0,0
1331,1,0,0,0,0,0,0,0,0
1332,1,0,0,0,0,0,0,0,0
1333,1,0,0,0,0,0,0,0,0
1334,1,0,0,0,0,0,0,0,0
1335,1,0,0,0,0,0,0,0,0
1336,1,0,0,0,0,0,0,0,0
1337,1,0,0,0,0,0,0,0,0
1338,1,0,0,0,0,0,0,0,0
1339,1,0,0,0,0,0,0,0,0
1340,1,0,0,0,0,0,0,0,0
1341,1,0,0,0,0,0,0,0,0
1342,1,0,0,0,0,0,0,0,0
1343,1,0,0,0,0,0,0,0,0
1344,1,0,0,0,0,0,0,0,0
1345,1,0,0,0,0,0,0,0,0
1346,1,0,0,0,0,0,0,0,0
1347,1,0,0,0,0,0,0,0,0
1348,1,0,0,0,0,0,0,0,0
1349,1,0,0,0,0,0,0,0,0
1350,1,0,0,0,0,0,0,0,0
1351,1,0,0,0,0,0,0,0,0
1352,1,0,0,0,0,0,0,0,0
1353,1,0,0,0,0,0,0,0,0
1354,1,0,0,0,0,0,0,0,0
1355,1,0,0,0,0,0,0,0,0
1356,1,0,0,0,0,0,0,0,0
1357,1,0,0,0,0,0,0,0,0
1358,1,0,0,0,0,0,0,0,0
1359,1,0,0,0,0,0,0,0,0
1360,1,0,0,0,0,0,0,0,0
1361,1,0,0,0,0,0,0,0,0
1362,1,0,0,0,0,0,0,0,0
1363,1,0,0,0,0,0,0,0,0
1364,1,0,0,0,0,0,0,0,0
1365,1,0,0,0,0,0,0,0,0
1366,1,0,0,0,0,0,0,0,0
1367,1,0,0,0,0,0,0,0,0
1368,1,0,0,0,0,0,0,0,0
1369,1,0,0,0,0,0,0,0,0
1370,1,0,0,0,0,0,0,0,0
1371,1,0,0,0,0,0,0,0,0
1372,1,0,0,0,0,0,0,0,0
1373,1,0,0,0,0,0,0,0,0
1374,1,0,0,0,0,0,0,0,0
1375,1,0,0,0,0,0,0,0,0
1376,1,0,0,0,0,0,0,0,0
1377,1,0,0,0,0,0,0,0,0
1378,1,0,0,0,0,0,0,0,0
1379,1,0,0,0,0,0,0,0,0
1380,1,0,0,0,0,0,0,0,0
1381,1,0,0,0,0,0,0,0,0
1382,1,0,0,0,0,0,0,0,0
1383,1,0,0,0,0,0,0,0,0
1384,1,0,0,0,0,0,0,0,0
1385,1,0,0,0,0,0,0,0,0
1386,1,0,0,0,0,0,0,0,0
1387,1,0,0,0,0,0,0,0,0
1388,1,0,0,0,0,0,0,0,0
1389,1,0,0,0,0,0,0,0,0
1390,1,0,0,0,0,0,0,0,0
1391,1,0,0,0,0,0,0,0,0
1392,1,0,0,0,0,0,0,0,0
1393,1,0,0,0,0,0,0,0,0
1394,1,0,0,0,0,0,0,0,0
1395,1,0,0,0,0,0,0,0,0
1396,1,0,0,0,0,0,0,0,0
1397,1,0,0,0,0,0,0,0,0
1398,1,0,0,0,0,0,0,0,0
1399,1,0,0,0,0,0,0,0,0
1400,1,0,0,0,0,0,0,0,0
1401,1,0,0,0,0,0,0,0,0
1402,1,0,0,0,0,0,0,0,0
1403,1,0,0,0,0,0,0,0,0
1404,1,0,0,0,0,0,0,0,0
1405,1,0,0,0,0,0,0,0,0
1406,1,0,0,0,0,0,0,0,0
1407,1,0,0,0,0,0,0,0,0
1408,1,0,0,0,0,0,0,0,0
1409,1,0,0,0,0,0,0,0,0
1410,1,0,0,0,0,0,0,0,0
1411,1,0,0,0,0,0,0,0,0
1412,1,0,0,0,0,0,0,0,0
1413,1,0,0,0,0,0,0,0,0
1414,1,0,0,0,0,0,0,0,0
1415,1,0,0,0,0,0,0,0,0
1416,1,0,0,0,0,0,0,0,0
1417,1,0,0,0,0,0,0,0,0
1418,1,0,0,0,0,0,0,0,0
1419,1,0,0,0,0,0,0,0,0
1420,1,0,0,0,0,0,0,0,0
1421,1,0,0,0,0,0,0,0,0
1422,1,0,0,0,0,0,0,0,0
1423,1,0,0,0,0,0,0,0,0
1424,1,0,0,0,0,0,0,0,0
1425,1,0,0,0,0,0,0,0,0
1426,1,0,0,0,0,0,0,0,0
1427,1,0,0,0,0,0,0,0,0
1428,1,0,0,0,0,0,0,0,0
1429,1,0,0,0,0,0,0,0,0
1430,1,0,0,0,0,0,0,0,0
1431,1,0,0,0,0,0,0,0,0
1432,1,0,0,0,0,0,0,0,0
1433,1,0,0,0,0,0,0,0,0
1434,1,0,0,0,0,0,0,0,0
1435,1,0,0,0,0,0,0,0,0
1436,1,0,0,0,0,0,0,0,0
1437,1,0,0,0,0,0,0,0,0
1438,1,0,0,0,0,0,0,0,0
1439,1,0,0,0,0,0,0,0,0
1440,1,0,0,0,0,0,0,0,0
1441,1,0,0,0,0,0,0,0,0
1442,1,0,0,0,0,0,0,0,0
1443,1,0,0,0,0,0,0,0,0
1444,1,0,0,0,0,0,0,0,0
1445,1,0,0,0,0,0,0,0,0
1446,1,0,0,0,0,0,0,0,0
1447,1,0,0,0,0,0,0,0,0
1448,1,0,0,0,0,0,0,0,0
1449,1,0,0,0,0,0,0,0,0
1450,1,0,0,0,0,0,0,0,0
1451,1,0,0,0,0,0,0,0,0
1452,1,0,0,0,0,0,0,0,0
1453,1,0,0,0,0,0,0,0,0
1454,1,0,0,0,0,0,0,0,0
1455,1,0,0,0,0,0,0,0,0
1456,1,0,0,0,0,0,0,0,0
1457,1,0,0,0,0,0,0,0,0
1458,1,0,0,0,0,0,0,0,0
1459,1,0,0,0,0,0,0,0,0
1460,1,0,0,0,0,0,0,0,0
1461,1,0,0,0,0,0,0,0,0
1462,1,0,0,0,0,0,0,0,0
1463,1,0,0,0,0,0,0,0,0
1464,1,0,0,0,0,0,0,0,0
1465,1,0,0,0,0,0,0,0,0
1466,1,0,0,0,0,0,0,0,0
1467,1,0,0,0,0,0,0,0,0
1468,1,0,0,0,0,0,0,0,0
1469,1,0,0,0,0,0,0,0,0
1470,1,0,0,0,0,0,0,0,0
1471,1,0,0,0,0,0,0,0,0
1472,1,0,0,0,0,0,0,0,0
1473,1,0,0,0,0,0,0,0,0
1474,1,0,0,0,0,0,0,0,0
1475,1,0,0,0,0,0,0,0,0
1476,1,0,0,0,0,0,0,0,0
1477,1,0,0,0,0,0,0,0,0
1478,1,0,0,0,0,0,0,0,0
1479,1,0,0,0,0,0,0,0,0
1480,1,0,0,0,0,0,0,0,0
1481,1,0,0,0,0,0,0,0,0
1482,1,0,0,0,0,0,0,0,0
1483,1,0,0,0,0,0,0,0,0
1484,1,0,0,0,0,0,0,0,0
1485,1,0,0,0,0,0,0,0,0
1486,1,0,0,0,0,0,0,0,0
1487,1,0,0,0,0,0,0,0,0
1488,1,0,0,0,0,0,0,0,0
1489,1,0,0,0,0,0,0,0,0
1490,1,0,0,0,0,0,0,0,0
1491,1,0,0,0,0,0,0,0,0
1492,1,0,0,0,0,0,0,0,0
1493,1,0,0,0,0,0,0,0,0
1494,1,0,0,0,0,0,0,0,0
1495,1,0,0,0,0,0,0,0,0
1496,1,0,0,0,0,0,0,0,0
1497,1,0,0,0,0,0,0,0,0
1498,1,0,0,0,0,0,0,0,0
1499,1,0,0,0,0,0,0,0,0
1500,1,0,0,0,0,0,0,0,0
1501,1,0,0,0,0,0,0,0,0
1502,1,0,0,0,0,0,0,0,0
1503,1,0,0,0,0,0,0,0,0
1504,1,0,0,0,0,0,0,0,0
1505,1,0,0,0,0,0,0,0,0
1506,1,0,0,0,0,0,0,0,0
1507,1,0,0,0,0,0,0,0,0
1508,1,0,0,0,0,0,0,0,0
1509,1,0,0,0,0,0,0,0,0
1510,1,0,0,0,0,0,0,0,0
1511,1,0,0,0,0,0,0,0,0
1512,1,0,0,0,0,0,0,0,0
1513,1,0,0,0,0,0,0,0,0
1514,1,0,0,0,0,0,0,0,0
1515,1,0,0,0,0,0,0,0,0
1516,1,0,0,0,0,0,0,0,0
1517,1,0,0,0,0,0,0,0,0
1518,1,0,0,0,0,0,0,0,0
1519,1,0,0,0,0,0,0,0,0
1520,1,0,0,0,0,0,0,0,0
1521,1,0,0,0,0,0,0,0,0
1522,1,0,0,0,0,0,0,0,0
1523,1,0,0,0,0,0,0,0,0
1524,1,0,0,0,0,0,0,0,0
1525,1,0,0,0,0,0,0,0,0
1526,1,0,0,0,0,0,0,0,0
1527,1,0,0,0,0,0,0,0,0
1528,1,0,0,0,0,0,0,0,0
1529,1,0,0,0,0,0,0,0,0
1530,1,0,0,0,0,0,0,0,0
1531,1,0,0,0,0,0,0,0,0
1532,1,0,0,0,0,0,0,0,0
1533,1,0,0,0,0,0,0,0,0
1534,1,0,0,0,0,0,0,0,0
1535,1,0,0,0,0,0,0,0,0
1536,1,0,0,0,0,0,0,0,0
1537,1,0,0,0,0,0,0,0,0
1538,1,0,0,0,0,0,0,0,0
1539,1,0,0,0,0,0,0,0,0
1540,1,0,0,0,0,0,0,0,0
1541,1,0,0,0,0,0,0,0,0
1542,1,0,0,0,0,0,0,0,0
1543,1,0,0,0,0,0,0,0,0
1544,1,0,0,0,0,0,0,0,0
1545,1,0,0,0,0,0,0,0,0
1546,1,0,0,0,0,0,0,0,0
1547,1,0,0,0,0,0,0,0,0
1548,1,0,0,0,0,0,0,0,0
1549,1,0,0,0,0,0,0,0,0
1550,1,0,0,0,0,0,0,0,0
1551,1,0,0,0,0,0,0,0,0
1552,1,0,0,0,0,0,0,0,0
1553,1,0,0,0,0,0,0,0,0
1554,1,0,0,0,0,0,0,0,0
1555,1,0,0,0,0,0,0,0,0
1556,1,0,0,0,0,0,0,0,0
1557,1,0,0,0,0,0,0,0,0
1558,1,0,0,0,0,0,0,0,0
1559,1,0,0,0,0,0,0,0,0
1560,1,0,0,0,0,0,0,0,0
1561,1,0,0,0,0,0,0,0,0
1562,1,0,0,0,0,0,0,0,0
1563,1,0,0,0,0,0,0,0,0
1564,1,0,0,0,0,0,0,0,0
1565,1,0,0,0,0,0,0,0,0
1566,1,0,0,0,0,0,0,0,0
1567,1,0,0,0,0,0,0,0,0
1568,1,0,0,0,0,0,0,0,0
1569,1,0,0,0,0,0,0,0,0
1570,1,0,0,0,0,0,0,0,0
1571,1,0,0,0,0,0,0,0,0
1572,1,0,0,0,0,0,0,0,0
1573,1,0,0,0,0,0,0,0,0
1574,1,0,0,0,0,0,0,0,0
1575,1,0,0,0,0,0,0,0,0
1576,1,0,0,0,0,0,0,0,0
1577,1,0,0,0,0,0,0,0,0
1578,1,0,0,0,0,0,0,0,0
1579,1,0,0,0,0,0,0,0,0
1580,1,0,0,0,0,0,0,0,0
1581,1,0,0,0,0,0,0,0,0
1582,1,0,0,0,0,0,0,0,0
1583,1,0,0,0,0,0,0,0,0
1584,1,0,0,0,0,0,0,0,0
1585,1,0,0,0,0,0,0,0,0
1586,1,0,0,0,0,0,0,0,0
1587,1,0,0,0,0,0,0,0,0
1588,1,0,0,0,0,0,0,0,0
1589,1,0,0,0,0,0,0,0,0
1590,1,0,0,0,0,0,0,0,0
1591,1,0,0,0,0,0,0,0,0
1592,1,0,0,0,0,0,0,0,0
1593,1,0,0,0,0,0,0,0,0
1594,1,0,0,0,0,0,0,0,0
1595,1,0,0,0,0,0,0,0,0
1596,1,0,0,0,0,0,0,0,0
1597,1,0,0,0,0,0,0,0,0
1598,1,0,0,0,0,0,0,0,0
1599,1,0,0,0,0,0,0,0,0
1600,1,0,0,0,0,0,0,0,0
1601,1,0,0,0,0,0,0,0,0
1602,1,0,0,0,0,0,0,0,0
1603,1,0,0,0,0,0,0,0,0
1604,1,0,0,0,0,0,0,0,0
1605,1,0,0,0,0,0,0,0,0
1606,1,0,0,0,0,0,0,0,0
1607,1,0,0,0,0,0,0,0,0
1608,1,0,0,0,0,0,0,0,0
1609,1,0,0,0,0,0,0,0,0
1610,1,0,0,0,0,0,0,0,0
1611,1,0,0,0,0,0,0,0,0
1612,1,0,0,0,0,0,0,0,0
1613,1,0,0,0,0,0,0,0,0
1614,1,0,0,0,0,0,0,0,0
1615,1,0,0,0,0,0,0,0,0
1616,1,0,0,0,0,0,0,0,0
1617,1,0,0,0,0,0,0,0,0
1618,1,0,0,0,0,0,0,0,0
1619,1,0,0,0,0,0,0,0,0
1620,1,0,0,0,0,0,0,0,0
1621,1,0,0,0,0,0,0,0,0
1622,1,0,0,0,0,0,0,0,0
1623,1,0,0,0,0,0,0,0,0
1624,1,0,0,0,0,0,0,0,0
1625,1,0,0,0,0,0,0,0,0
1626,1,0,0,0,0,0,0,0,0
1627,1,0,0,0,0,0,0,0,0
1628,1,0,0,0,0,0,0,0,0
1629,1,0,0,0,0,0,0,0,0
1630,1,0,0,0,0,0,0,0,0
1631,1,0,0,0,0,0,0,0,0
1632,1,0,0,0,0,0,0,0,0
1633,1,0,0,0,0,0,0,0,0
1634,1,0,0,0,0,0,0,0,0
1635,1,0,0,0,0,0,0,0,0
1636,1,0,0,0,0,0,0,0,0
1637,1,0,0,0,0,0,0,0,0
1638,1,0,0,0,0,0,0,0,0
1639,1,0,0,0,0,0,0,0,0
1640,1,0,0,0,0,0,0,0,0
1641,1,0,0,0,0,0,0,0,0
1642,1,0,0,0,0,0,0,0,0
1643,1,0,0,0,0,0,0,0,0
1644,1,0,0,0,0,0,0,0,0
1645,1,0,0,0,0,0,0,0,0
1646,1,0,0,0,0,0,0,0,0
1647,1,0,0,0,0,0,0,0,0
1648,1,0,0,0,0,0,0,0,0
1649,1,0,0,0,0,0,0,0,0
1650,1,0,0,0,0,0,0,0,0
1651,1,0,0,0,0,0,0,0,0
1652,1,0,0,0,0,0,0,0,0
1653,1,0,0,0,0,0,0,0,0
1654,1,0,0,0,0,0,0,0,0
1655,1,0,0,0,0,0,0,0,0
1656,1,0,0,0,0,0,0,0,0
1657,1,0,0,0,0,0,0,0,0
1658,1,0,0,0,0,0,0,0,0
1659,1,0,0,0,0,0,0,0,0
1660,1,0,0,0,0,0,0,0,0
1661,1,0,0,0,0,0,0,0,0
1662,1,0,0,0,0,0,0,0,0
1663,1,0,0,0,0,0,0,0,0
1664,1,0,0,0,0,0,0,0,0
1665,1,0,0,0,0,0,0,0,0
1666,1,0,0,0,0,0,0,0,0
1667,1,0,0,0,0,0,0,0,0
1668,1,0,0,0,0,0,0,0,0
1669,1,0,0,0,0,0,0,0,0
1670,1,0,0,0,0,0,0,0,0
1671,1,0,0,0,0,0,0,0,0
1672,1,0,0,0,0,0,0,0,0
1673,1,0,0,0,0,0,0,0,0
1674,1,0,0,0,0,0,0,0,0
1675,1,0,0,0,0,0,0,0,0
1676,1,0,0,0,0,0,0,0,0
1677,1,0,0,0,0,0,0,0,0
1678,1,0,0,0,0,0,0,0,0
1679,1,0,0,0,0,0,0,0,0
1680,1,0,0,0,0,0,0,0,0
1681,1,0,0,0,0,0,0,0,0
1682,1,0,0,0,0,0,0,0,0
1683,1,0,0,0,0,0,0,0,0
1684,1,0,0,0,0,0,0,0,0
1685,1,0,0,0,0,0,0,0,0
1686,1,0,0,0,0,0,0,0,0
1687,1,0,0,0,0,0,0,0,0
1688,1,0,0,0,0,0,0,0,0
1689,1,0,0,0,0,0,0,0,0
1690,1,0,0,0,0,0,0,0,0
1691,1,0,0,0,0,0,0,0,0
1692,1,0,0,0,0,0,0,0,0
1693,1,0,0,0,0,0,0,0,0
1694,1,0,0,0,0,0,0,0,0
1695,1,0,0,0,0,0,0,0,0
1696,1,0,0,0,0,0,0,0,0
1697,1,0,0,0,0,0,0,0,0
1698,1,0,0,0,0,0,0,0,0
1699,1,0,0,0,0,0,0,0,0
1700,1,0,0,0,0,0,0,0,0
1701,1,0,0,0,0,0,0,0,0
1702,1,0,0,0,0,0,0,0,0
1703,1,0,0,0,0,0,0,0,0
1704,1,0,0,0,0,0,0,0,0
1705,1,0,0,0,0,0,0,0,0
1706,1,0,0,0,0,0,0,0,0
1707,1,0,0,0,0,0,0,0,0
1708,1,0,0,0,0,0,0,0,0
1709,1,0,0,0,0,0,0,0,0
1710,1,0,0,0,0,0,0,0,0
1711,1,0,0,0,0,0,0,0,0
1712,1,0,0,0,0,0,0,0,0
1713,1,0,0,0,0,0,0,0,0
1714,1,0,0,0,0,0,0,0,0
1715,1,0,0,0,0,0,0,0,0
1716,1,0,0,0,0,0,0,0,0
1717,1,0,0,0,0,0,0,0,0
1718,1,0,0,0,0,0,0,0,0
1719,1,0,0,0,0,0,0,0,0
1720,1,0,0,0,0,0,0,0,0
1721,1,0,0,0,0,0,0,0,0
1722,1,0,0,0,0,0,0,0,0
1723,1,0,0,0,0,0,0,0,0
1724,1,0,0,0,0,0,0,0,0
1725,1,0,0,0,0,0,0,0,0
1726,1,0,0,0,0,0,0,0,0
1727,1,0,0,0,0,0,0,0,0
1728,1,0,0,0,0,0,0,0,0
1729,1,0,0,0,0,0,0,0,0
1730,1,0,0,0,0,0,0,0,0
1731,1,0,0,0,0,0,0,0,0
1732,1,0,0,0,0,0,0,0,0
1733,1,0,0,0,0,0,0,0,0
1734,1,0,0,0,0,0,0,0,0
1735,1,0,0,0,0,0,0,0,0
1736,1,0,0,0,0,0,0,0,0
1737,1,0,0,0,0,0,0,0,0
1738,1,0,0,0,0,0,0,0,0
1739,1,0,0,0,0,0,0,0,0
1740,1,0,0,0,0,0,0,0,0
1741,1,0,0,0,0,0,0,0,0
1742,1,0,0,0,0,0,0,0,0
1743,1,0,0,0,0,0,0,0,0
1744,1,0,0,0,0,0,0,0,0
1745,1,0,0,0,0,0,0,0,0
1746,1,0,0,0,0,0,0,0,0
1747,1,0,0,0,0,0,0,0,0
1748,1,0,0,0,0,0,0,0,0
1749,1,0,0,0,0,0,0,0,0
1750,1,0,0,0,0,0,0,0,0
1751,1,0,0,0,0,0,0,0,0
1752,1,0,0,0,0,0,0,0,0
1753,1,0,0,0,0,0,0,0,0
1754,1,0,0,0,0,0,0,0,0
1755,1,0,0,0,0,0,0,0,0
1756,1,0,0,0,0,0,0,0,0
1757,1,0,0,0,0,0,0,0,0
1758,1,0,0,0,0,0,0,0,0
1759,1,0,0,0,0,0,0,0,0
1760,1,0,0,0,0,0,0,0,0
1761,1,0,0,0,0,0,0,0,0
1762,1,0,0,0,0,0,0,0,0
1763,1,0,0,0,0,0,0,0,0
1764,1,0,0,0,0,0,0,0,0
1765,1,0,0,0,0,0,0,0,0
1766,1,0,0,0,0,0,0,0,0
1767,1,0,0,0,0,0,0,0,0
1768,1,0,0,0,0,0,0,0,0
1769,1,0,0,0,0,0,0,0,0
1770,1,0,0,0,0,0,0,0,0
1771,1,0,0,0,0,0,0,0,0
1772,1,0,0,0,0,0,0,0,0
1773,1,0,0,0,0,0,0,0,0
1774,1,0,0,0,0,0,0,0,0
1775,1,0,0,0,0,0,0,0,0
1776,1,0,0,0,0,0,0,0,0
1777,1,0,0,0,0,0,0,0,0
1778,1,0,0,0,0,0,0,0,0
1779,1,0,0,0,0,0,0,0,0
1780,1,0,0,0,0,0,0,0,0
1781,1,0,0,0,0,0,0,0,0
1782,1,0,0,0,0,0,0,0,0
1783,1,0,0,0,0,0,0,0,0
1784,1,0,0,0,0,0,0,0,0
1785,1,0,0,0,0,0,0,0,0
1786,1,0,0,0,0,0,0,0,0
1787,1,0,0,0,0,0,0,0,0
1788,1,0,0,0,0,0,0,0,0
1789,1,0,0,0,0,0,0,0,0
1790,1,0,0,0,0,0,0,0,0
1791,1,0,0,0,0,0,0,0,0
1792,1,0,0,0,0,0,0,0,0
1793,1,0,0,0,0,0,0,0,0
1794,1,0,0,0,0,0,0,0,0
1795,1,0,0,0,0,0,0,0,0
1796,1,0,0,0,0,0,0,0,0
1797,1,0,0,0,0,0,0,0,0
1798,1,0,0,0,0,0,0,0,0
1799,1,0,0,0,0,0,0,0,0
1800,1,0,0,0,0,0,0,0,0
1801,1,0,0,0,0,0,0,0,0
1802,1,0,0,0,0,0,0,0,0
1803,1,0,0,0,0,0,0,0,0
1804,1,0,0,0,0,0,0,0,0
1805,1,0,0,0,0,0,0,0,0
1806,1,0,0,0,0,0,0,0,0
1807,1,0,0,0,0,0,0,0,0
1808,1,0,0,0,0,0,0,0,0
1809,1,0,0,0,0,0,0,0,0
1810,1,0,0,0,0,0,0,0,0
1811,1,0,0,0,0,0,0,0,0
1812,1,0,0,0,0,0,0,0,0
1813,1,0,0,0,0,0,0,0,0
1814,1,0,0,0,0,0,0,0,0
1815,1,0,0,0,0,0,0,0,0
1816,1,0,0,0,0,0,0,0,0
1817,1,0,0,0,0,0,0,0,0
1818,1,0,0,0,0,0,0,0,0
1819,1,0,0,0,0,0,0,0,0
1820,1,0,0,0,0,0,0,0,0
1821,1,0,0,0,0,0,0,0,0
1822,1,0,0,0,0,0,0,0,0
1823,1,0,0,0,0,0,0,0,0
1824,1,0,0,0,0,0,0,0,0
1825,1,0,0,0,0,0,0,0,0
1826,1,0,0,0,0,0,0,0,0
1827,1,0,0,0,0,0,0,0,0
1828,1,0,0,0,0,0,0,0,0
1829,1,0,0,0,0,0,0,0,0
1830,1,0,0,0,0,0,0,0,0
1831,1,0,0,0,0,0,0,0,0
1832,1,0,0,0,0,0,0,0,0
1833,1,0,0,0,0,0,0,0,0
1834,1,0,0,0,0,0,0,0,0
1835,1,0,0,0,0,0,0,0,0
1836,1,0,0,0,0,0,0,0,0
1837,1,0,0,0,0,0,0,0,0
1838,1,0,0,0,0,0,0,0,0
1839,1,0,0,0,0,0,0,0,0
1840,1,0,0,0,0,0,0,0,0
1841,1,0,0,0,0,0,0,0,0
1842,1,0,0,0,0,0,0,0,0
1843,1,0,0,0,0,0,0,0,0
1844,1,0,0,0,0,0,0,0,0
1845,1,0,0,0,0,0,0,0,0
1846,1,0,0,0,0,0,0,0,0
1847,1,0,0,0,0,0,0,0,0
1848,1,0,0,0,0,0,0,0,0
1849,1,0,0,0,0,0,0,0,0
1850,1,0,0,0,0,0,0,0,0
1851,1,0,0,0,0,0,0,0,0
1852,1,0,0,0,0,0,0,0,0
1853,1,0,0,0,0,0,0,0,0
1854,1,0,0,0,0,0,0,0,0
1855,1,0,0,0,0,0,0,0,0
1856,1,0,0,0,0,0,0,0,0
1857,1,0,0,0,0,0,0,0,0
1858,1,0,0,0,0,0,0,0,0
1859,1,0,0,0,0,0,0,0,0
1860,1,0,0,0,0,0,0,0,0
1861,1,0,0,0,0,0,0,0,0
1862,1,0,0,0,0,0,0,0,0
1863,1,0,0,0,0,0,0,0,0
1864,1,0,0,0,0,0,0,0,0
1865,1,0,0,0,0,0,0,0,0
1866,1,0,0,0,0,0,0,0,0
1867,1,0,0,0,0,0,0,0,0
1868,1,0,0,0,0,0,0,0,0
1869,1,0,0,0,0,0,0,0,0
1870,1,0,0,0,0,0,0,0,0
1871,1,0,0,0,0,0,0,0,0
1872,1,0,0,0,0,0,0,0,0
1873,1,0,0,0,0,0,0,0,0
1874,1,0,0,0,0,0,0,0,0
1875,1,0,0,0,0,0,0,0,0
1876,1,0,0,0,0,0,0,0,0
1877,1,0,0,0,0,0,0,0,0
1878,1,0,0,0,0,0,0,0,0
1879,1,0,0,0,0,0,0,0,0
1880,1,0,0,0,0,0,0,0,0
1881,1,0,0,0,0,0,0,0,0
1882,1,0,0,0,0,0,0,0,0
1883,1,0,0,0,0,0,0,0,0
1884,1,0,0,0,0,0,0,0,0
1885,1,0,0,0,0,0,0,0,0
1886,1,0,0,0,0,0,0,0,0
1887,1,0,0,0,0,0,0,0,0
1888,1,0,0,0,0,0,0,0,0
1889,1,0,0,0,0,0,0,0,0
1890,1,0,0,0,0,0,0,0,0
1891,1,0,0,0,0,0,0,0,0
1892,1,0,0,0,0,0,0,0,0
1893,1,0,0,0,0,0,0,0,0
1894,1,0,0,0,0,0,0,0,0
1895,1,0,0,0,0,0,0,0,0
1896,1,0,0,0,0,0,0,0,0
1897,1,0,0,0,0,0,0,0,0
1898,1,0,0,0,0,0,0,0,0
1899,1,0,0,0,0,0,0,0,0
1900,1,0,0,0,0,0,0,0,0
1901,1,0,0,0,0,0,0,0,0
1902,1,0,0,0,0,0,0,0,0
1903,1,0,0,0,0,0,0,0,0
1904,1,0,0,0,0,0,0,0,0
1905,1,0,0,0,0,0,0,0,0
1906,1,0,0,0,0,0,0,0,0
1907,1,0,0,0,0,0,0,0,0
1908,1,0,0,0,0,0,0,0,0
1909,1,0,0,0,0,0,0,0,0
1910,1,0,0,0,0,0,0,0,0
1911,1,0,0,0,0,0,0,0,0
1912,1,0,0,0,0,0,0,0,0
1913,1,0,0,0,0,0,0,0,0
1914,1,0,0,0,0,0,0,0,0
1915,1,0,0,0,0,0,0,0,0
1916,1,0,0,0,0,0,0,0,0
1917,1,0,0,0,0,0,0,0,0
1918,1,0,0,0,0,0,0,0,0
1919,1,0,0,0,0,0,0,0,0
1920,1,0,0,0,0,0,0,0,0
1921,1,0,0,0,0,0,0,0,0
1922,1,0,0,0,0,0,0,0,0
1923,1,0,0,0,0,0,0,0,0
1924,1,0,0,0,0,0,0,0,0
1925,1,0,0,0,0,0,0,0,0
1926,1,0,0,0,0,0,0,0,0
1927,1,0,0,0,0,0,0,0,0
1928,1,0,0,0,0,0,0,0,0
1929,1,0,0,0,0,0,0,0,0
1930,1,0,0,0,0,0,0,0,0
1931,0,1,0,0,0,0,0,0,0
1932,0,1,0,0,0,0,0,0,0
1933,0,1,0,0,0,0,0,0,0
1934,0,1,0,0,0,0,0,0,0
1935,0,1,0,0,0,0,0,0,0
1936,0,1,0,0,0,0,0,0,0
1937,0,1,0,0,0,0,0,0,0
1938,0,1,0,0,0,0,0,0,0
1939,0,1,0,0,0,0,0,0,0
1940,0,1,0,0,0,0,0,0,0
1941,0,1,0,0,0,0,0,0,0
1942,0,1,0,0,0,0,0,0,0
1943,0,1,0,0,0,0,0,0,0
1944,0,1,0,0,0,0,0,0,0
1945,0,1,0,0,0,0,0,0,0
1946,0,1,0,0,0,0,0,0,0
1947,0,1,0,0,0,0,0,0,0
1948,0,1,0,0,0,0,0,0,0
1949,0,1,0,0,0,0,0,0,0
1950,0,1,0,0,0,0,0,0,0
1951,0,1,0,0,0,0,0,0,0
1952,0,1,0,0,0,0,0,0,0
1953,0,1,0,0,0,0,0,0,0
1954,0,1,0,0,0,0,0,0,0
1955,0,1,0,0,0,0,0,0,0
1956,0,1,0,0,0,0,0,0,0
1957,0,1,0,0,0,0,0,0,0
1958,0,1,0,0,0,0,0,0,0
1959,0,1,0,0,0,0,0,0,0
1960,0,1,0,0,0,0,0,0,0
1961,0,1,0,0,0,0,0,0,0
1962,0,1,0,0,0,0,0,0,0
1963,0,1,0,0,0,0,0,0,0
1964,0,1,0,0,0,0,0,0,0
1965,0,1,0,0,0,0,0,0,0
1966,0,1,0,0,0,0,0,0,0
1967,0,1,0,0,0,0,0,0,0
1968,0,1,0,0,0,0,0,0,0
1969,0,1,0,0,0,0,0,0,0
1970,0,1,0,0,0,0,0,0,0
1971,0,1,0,0,0,0,0,0,0
1972,0,1,0,0,0,0,0,0,0
1973,0,1,0,0,0,0,0,0,0
1974,0,1,0,0,0,0,0,0,0
1975,0,1,0,0,0,0,0,0,0
1976,0,1,0,0,0,0,0,0,0
1977,0,1,0,0,0,0,0,0,0
1978,0,1,0,0,0,0,0,0,0
1979,0,1,0,0,0,0,0,0,0
1980,0,1,0,0,0,0,0,0,0
1981,0,1,0,0,0,0,0,0,0
1982,0,1,0,0,0,0,0,0,0
1983,0,1,0,0,0,0,0,0,0
1984,0,1,0,0,0,0,0,0,0
1985,0,1,0,0,0,0,0,0,0
1986,0,1,0,0,0,0,0,0,0
1987,0,1,0,0,0,0,0,0,0
1988,0,1,0,0,0,0,0,0,0
1989,0,1,0,0,0,0,0,0,0
1990,0,1,0,0,0,0,0,0,0
1991,0,1,0,0,0,0,0,0,0
1992,0,1,0,0,0,0,0,0,0
1993,0,1,0,0,0,0,0,0,0
1994,0,1,0,0,0,0,0,0,0
1995,0,1,0,0,0,0,0,0,0
1996,0,1,0,0,0,0,0,0,0
1997,0,1,0,0,0,0,0,0,0
1998,0,1,0,0,0,0,0,0,0
1999,0,1,0,0,0,0,0,0,0
2000,0,1,0,0,0,0,0,0,0
2001,0,1,0,0,0,0,0,0,0
2002,0,1,0,0,0,0,0,0,0
2003,0,1,0,0,0,0,0,0,0
2004,0,1,0,0,0,0,0,0,0
2005,0,1,0,0,0,0,0,0,0
2006,0,1,0,0,0,0,0,0,0
2007,0,1,0,0,0,0,0,0,0
2008,0,1,0,0,0,0,0,0,0
2009,0,1,0,0,0,0,0,0,0
2010,0,1,0,0,0,0,0,0,0
2011,0,1,0,0,0,0,0,0,0
2012,0,1,0,0,0,0,0,0,0
2013,0,1,0,0,0,0,0,0,0
2014,0,1,0,0,0,0,0,0,0
2015,0,1,0,0,0,0,0,0,0
2016,0,1,0,0,0,0,0,0,0
2017,0,1,0,0,0,0,0,0,0
2018,0,1,0,0,0,0,0,0,0
2019,0,1,0,0,0,0,0,0,0
2020,0,1,0,0,0,0,0,0,0
2021,0,1,0,0,0,0,0,0,0
2022,0,1,0,0,0,0,0,0,0
2023,0,1,0,0,0,0,0,0,0
2024,0,1,0,0,0,0,0,0,0
2025,0,1,0,0,0,0,0,0,0
2026,0,1,0,0,0,0,0,0,0
2027,0,1,0,0,0,0,0,0,0
2028,0,1,0,0,0,0,0,0,0
2029,0,1,0,0,0,0,0,0,0
2030,0,1,0,0,0,0,0,0,0
2031,0,1,0,0,0,0,0,0,0
2032,0,1,0,0,0,0,0,0,0
2033,0,1,0,0,0,0,0,0,0
2034,0,1,0,0,0,0,0,0,0
2035,0,1,0,0,0,0,0,0,0
2036,0,1,0,0,0,0,0,0,0
2037,0,1,0,0,0,0,0,0,0
2038,0,1,0,0,0,0,0,0,0
2039,0,1,0,0,0,0,0,0,0
2040,0,1,0,0,0,0,0,0,0
2041,0,1,0,0,0,0,0,0,0
2042,0,1,0,0,0,0,0,0,0
2043,0,1,0,0,0,0,0,0,0
2044,0,1,0,0,0,0,0,0,0
2045,0,1,0,0,0,0,0,0,0
2046,0,1,0,0,0,0,0,0,0
2047,0,1,0,0,0,0,0,0,0
2048,0,1,0,0,0,0,0,0,0
2049,0,1,0,0,0,0,0,0,0
2050,0,1,0,0,0,0,0,0,0
2051,0,1,0,0,0,0,0,0,0
2052,0,1,0,0,0,0,0,0,0
2053,0,1,0,0,0,0,0,0,0
2054,0,1,0,0,0,0,0,0,0
2055,0,1,0,0,0,0,0,0,0
2056,0,1,0,0,0,0,0,0,0
2057,0,1,0,0,0,0,0,0,0
2058,0,1,0,0,0,0,0,0,0
2059,0,1,0,0,0,0,0,0,0
2060,0,1,0,0,0,0,0,0,0
2061,0,1,0,0,0,0,0,0,0
2062,0,1,0,0,0,0,0,0,0
2063,0,1,0,0,0,0,0,0,0
2064,0,1,0,0,0,0,0,0,0
2065,0,1,0,0,0,0,0,0,0
2066,0,1,0,0,0,0,0,0,0
2067,0,1,0,0,0,0,0,0,0
2068,0,1,0,0,0,0,0,0,0
2069,0,1,0,0,0,0,0,0,0
2070,0,1,0,0,0,0,0,0,0
2071,0,1,0,0,0,0,0,0,0
2072,0,1,0,0,0,0,0,0,0
2073,0,1,0,0,0,0,0,0,0
2074,0,1,0,0,0,0,0,0,0
2075,0,1,0,0,0,0,0,0,0
2076,0,1,0,0,0,0,0,0,0
2077,0,1,0,0,0,0,0,0,0
2078,0,1,0,0,0,0,0,0,0
2079,0,1,0,0,0,0,0,0,0
2080,0,1,0,0,0,0,0,0,0
2081,0,1,0,0,0,0,0,0,0
2082,0,1,0,0,0,0,0,0,0
2083,0,1,0,0,0,0,0,0,0
2084,0,1,0,0,0,0,0,0,0
2085,0,1,0,0,0,0,0,0,0
2086,0,1,0,0,0,0,0,0,0
2087,0,1,0,0,0,0,0,0,0
2088,0,1,0,0,0,0,0,0,0
2089,0,1,0,0,0,0,0,0,0
2090,0,1,0,0,0,0,0,0,0
2091,0,1,0,0,0,0,0,0,0
2092,0,1,0,0,0,0,0,0,0
2093,0,1,0,0,0,0,0,0,0
2094,0,1,0,0,0,0,0,0,0
2095,0,1,0,0,0,0,0,0,0
2096,0,1,0,0,0,0,0,0,0
2097,0,1,0,0,0,0,0,0,0
2098,0,1,0,0,0,0,0,0,0
2099,0,1,0,0,0,0,0,0,0
2100,0,1,0,0,0,0,0,0,0
2101,0,1,0,0,0,0,0,0,0
2102,0,1,0,0,0,0,0,0,0
2103,0,1,0,0,0,0,0,0,0
2104,0,1,0,0,0,0,0,0,0
2105,0,1,0,0,0,0,0,0,0
2106,0,1,0,0,0,0,0,0,0
2107,0,1,0,0,0,0,0,0,0
2108,0,1,0,0,0,0,0,0,0
2109,0,1,0,0,0,0,0,0,0
2110,0,1,0,0,0,0,0,0,0
2111,0,1,0,0,0,0,0,0,0
2112,0,1,0,0,0,0,0,0,0
2113,0,1,0,0,0,0,0,0,0
2114,0,1,0,0,0,0,0,0,0
2115,0,1,0,0,0,0,0,0,0
2116,0,1,0,0,0,0,0,0,0
2117,0,1,0,0,0,0,0,0,0
2118,0,1,0,0,0,0,0,0,0
2119,0,1,0,0,0,0,0,0,0
2120,0,1,0,0,0,0,0,0,0
2121,0,1,0,0,0,0,0,0,0
2122,0,1,0,0,0,0,0,0,0
2123,0,1,0,0,0,0,0,0,0
2124,0,1,0,0,0,0,0,0,0
2125,0,1,0,0,0,0,0,0,0
2126,0,1,0,0,0,0,0,0,0
2127,0,1,0,0,0,0,0,0,0
2128,0,1,0,0,0,0,0,0,0
2129,0,1,0,0,0,0,0,0,0
2130,0,1,0,0,0,0,0,0,0
2131,0,1,0,0,0,0,0,0,0
2132,0,1,0,0,0,0,0,0,0
2133,0,1,0,0,0,0,0,0,0
2134,0,1,0,0,0,0,0,0,0
2135,0,1,0,0,0,0,0,0,0
2136,0,1,0,0,0,0,0,0,0
2137,0,1,0,0,0,0,0,0,0
2138,0,1,0,0,0,0,0,0,0
2139,0,1,0,0,0,0,0,0,0
2140,0,1,0,0,0,0,0,0,0
2141,0,1,0,0,0,0,0,0,0
2142,0,1,0,0,0,0,0,0,0
2143,0,1,0,0,0,0,0,0,0
2144,0,1,0,0,0,0,0,0,0
2145,0,1,0,0,0,0,0,0,0
2146,0,1,0,0,0,0,0,0,0
2147,0,1,0,0,0,0,0,0,0
2148,0,1,0,0,0,0,0,0,0
2149,0,1,0,0,0,0,0,0,0
2150,0,1,0,0,0,0,0,0,0
2151,0,1,0,0,0,0,0,0,0
2152,0,1,0,0,0,0,0,0,0
2153,0,1,0,0,0,0,0,0,0
2154,0,1,0,0,0,0,0,0,0
2155,0,1,0,0,0,0,0,0,0
2156,0,1,0,0,0,0,0,0,0
2157,0,1,0,0,0,0,0,0,0
2158,0,1,0,0,0,0,0,0,0
2159,0,1,0,0,0,0,0,0,0
2160,0,1,0,0,0,0,0,0,0
2161,0,1,0,0,0,0,0,0,0
2162,0,1,0,0,0,0,0,0,0
2163,0,1,0,0,0,0,0,0,0
2164,0,1,0,0,0,0,0,0,0
2165,0,1,0,0,0,0,0,0,0
2166,0,1,0,0,0,0,0,0,0
2167,0,1,0,0,0,0,0,0,0
2168,0,1,0,0,0,0,0,0,0
2169,0,1,0,0,0,0,0,0,0
2170,0,1,0,0,0,0,0,0,0
2171,0,1,0,0,0,0,0,0,0
2172,0,1,0,0,0,0,0,0,0
2173,0,1,0,0,0,0,0,0,0
2174,0,1,0,0,0,0,0,0,0
2175,0,1,0,0,0,0,0,0,0
2176,0,1,0,0,0,0,0,0,0
2177,0,1,0,0,0,0,0,0,0
2178,0,1,0,0,0,0,0,0,0
2179,0,1,0,0,0,0,0,0,0
2180,0,1,0,0,0,0,0,0,0
2181,0,1,0,0,0,0,0,0,0
2182,0,1,0,0,0,0,0,0,0
2183,0,1,0,0,0,0,0,0,0
2184,0,1,0,0,0,0,0,0,0
2185,0,1,0,0,0,0,0,0,0
2186,0,1,0,0,0,0,0,0,0
2187,0,1,0,0,0,0,0,0,0
2188,0,1,0,0,0,0,0,0,0
2189,0,1,0,0,0,0,0,0,0
2190,0,1,0,0,0,0,0,0,0
2191,0,1,0,0,0,0,0,0,0
2192,0,1,0,0,0,0,0,0,0
2193,0,1,0,0,0,0,0,0,0
2194,0,1,0,0,0,0,0,0,0
2195,0,1,0,0,0,0,0,0,0
2196,0,1,0,0,0,0,0,0,0
2197,0,1,0,0,0,0,0,0,0
2198,0,1,0,0,0,0,0,0,0
2199,0,1,0,0,0,0,0,0,0
2200,0,1,0,0,0,0,0,0,0
2201,0,1,0,0,0,0,0,0,0
2202,0,1,0,0,0,0,0,0,0
2203,0,1,0,0,0,0,0,0,0
2204,0,1,0,0,0,0,0,0,0
2205,0,1,0,0,0,0,0,0,0
2206,0,1,0,0,0,0,0,0,0
2207,0,1,0,0,0,0,0,0,0
2208,0,1,0,0,0,0,0,0,0
2209,0,1,0,0,0,0,0,0,0
2210,0,1,0,0,0,0,0,0,0
2211,0,1,0,0,0,0,0,0,0
2212,0,1,0,0,0,0,0,0,0
2213,0,1,0,0,0,0,0,0,0
2214,0,1,0,0,0,0,0,0,0
2215,0,1,0,0,0,0,0,0,0
2216,0,1,0,0,0,0,0,0,0
2217,0,1,0,0,0,0,0,0,0
2218,0,1,0,0,0,0,0,0,0
2219,0,1,0,0,0,0,0,0,0
2220,0,1,0,0,0,0,0,0,0
2221,0,1,0,0,0,0,0,0,0
2222,0,1,0,0,0,0,0,0,0
2223,0,1,0,0,0,0,0,0,0
2224,0,1,0,0,0,0,0,0,0
2225,0,1,0,0,0,0,0,0,0
2226,0,1,0,0,0,0,0,0,0
2227,0,1,0,0,0,0,0,0,0
2228,0,1,0,0,0,0,0,0,0
2229,0,1,0,0,0,0,0,0,0
2230,0,1,0,0,0,0,0,0,0
2231,0,1,0,0,0,0,0,0,0
2232,0,1,0,0,0,0,0,0,0
2233,0,1,0,0,0,0,0,0,0
2234,0,1,0,0,0,0,0,0,0
2235,0,1,0,0,0,0,0,0,0
2236,0,1,0,0,0,0,0,0,0
2237,0,1,0,0,0,0,0,0,0
2238,0,1,0,0,0,0,0,0,0
2239,0,1,0,0,0,0,0,0,0
2240,0,1,0,0,0,0,0,0,0
2241,0,1,0,0,0,0,0,0,0
2242,0,1,0,0,0,0,0,0,0
2243,0,1,0,0,0,0,0,0,0
2244,0,1,0,0,0,0,0,0,0
2245,0,1,0,0,0,0,0,0,0
2246,0,1,0,0,0,0,0,0,0
2247,0,1,0,0,0,0,0,0,0
2248,0,1,0,0,0,0,0,0,0
2249,0,1,0,0,0,0,0,0,0
2250,0,1,0,0,0,0,0,0,0
2251,0,1,0,0,0,0,0,0,0
2252,0,1,0,0,0,0,0,0,0
2253,0,1,0,0,0,0,0,0,0
2254,0,1,0,0,0,0,0,0,0
2255,0,1,0,0,0,0,0,0,0
2256,0,1,0,0,0,0,0,0,0
2257,0,1,0,0,0,0,0,0,0
2258,0,1,0,0,0,0,0,0,0
2259,0,1,0,0,0,0,0,0,0
2260,0,1,0,0,0,0,0,0,0
2261,0,1,0,0,0,0,0,0,0
2262,0,1,0,0,0,0,0,0,0
2263,0,1,0,0,0,0,0,0,0
2264,0,1,0,0,0,0,0,0,0
2265,0,1,0,0,0,0,0,0,0
2266,0,1,0,0,0,0,0,0,0
2267,0,1,0,0,0,0,0,0,0
2268,0,1,0,0,0,0,0,0,0
2269,0,1,0,0,0,0,0,0,0
2270,0,1,0,0,0,0,0,0,0
2271,0,1,0,0,0,0,0,0,0
2272,0,1,0,0,0,0,0,0,0
2273,0,1,0,0,0,0,0,0,0
2274,0,1,0,0,0,0,0,0,0
2275,0,1,0,0,0,0,0,0,0
2276,0,1,0,0,0,0,0,0,0
2277,0,1,0,0,0,0,0,0,0
2278,0,1,0,0,0,0,0,0,0
2279,0,1,0,0,0,0,0,0,0
2280,0,1,0,0,0,0,0,0,0
2281,0,1,0,0,0,0,0,0,0
2282,0,1,0,0,0,0,0,0,0
2283,0,1,0,0,0,0,0,0,0
2284,0,1,0,0,0,0,0,0,0
2285,0,1,0,0,0,0,0,0,0
2286,0,1,0,0,0,0,0,0,0
2287,0,1,0,0,0,0,0,0,0
2288,0,1,0,0,0,0,0,0,0
2289,0,1,0,0,0,0,0,0,0
2290,0,1,0,0,0,0,0,0,0
2291,0,1,0,0,0,0,0,0,0
2292,0,1,0,0,0,0,0,0,0
2293,0,1,0,0,0,0,0,0,0
2294,0,1,0,0,0,0,0,0,0
2295,0,1,0,0,0,0,0,0,0
2296,0,1,0,0,0,0,0,0,0
2297,0,1,0,0,0,0,0,0,0
2298,0,1,0,0,0,0,0,0,0
2299,0,1,0,0,0,0,0,0,0
2300,0,1,0,0,0,0,0,0,0
2301,0,1,0,0,0,0,0,0,0
2302,0,1,0,0,0,0,0,0,0
2303,0,1,0,0,0,0,0,0,0
2304,0,1,0,0,0,0,0,0,0
2305,0,1,0,0,0,0,0,0,0
2306,0,1,0,0,0,0,0,0,0
2307,0,1,0,0,0,0,0,0,0
2308,0,1,0,0,0,0,0,0,0
2309,0,1,0,0,0,0,0,0,0
2310,0,1,0,0,0,0,0,0,0
2311,0,1,0,0,0,0,0,0,0
2312,0,1,0,0,0,0,0,0,0
2313,0,1,0,0,0,0,0,0,0
2314,0,1,0,0,0,0,0,0,0
2315,0,1,0,0,0,0,0,0,0
2316,0,1,0,0,0,0,0,0,0
2317,0,1,0,0,0,0,0,0,0
2318,0,1,0,0,0,0,0,0,0
2319,0,1,0,0,0,0,0,0,0
2320,0,1,0,0,0,0,0,0,0
2321,0,1,0,0,0,0,0,0,0
2322,0,1,0,0,0,0,0,0,0
2323,0,1,0,0,0,0,0,0,0
2324,0,1,0,0,0,0,0,0,0
2325,0,1,0,0,0,0,0,0,0
2326,0,1,0,0,0,0,0,0,0
2327,0,1,0,0,0,0,0,0,0
2328,0,1,0,0,0,0,0,0,0
2329,0,1,0,0,0,0,0,0,0
2330,0,1,0,0,0,0,0,0,0
2331,0,1,0,0,0,0,0,0,0
2332,0,1,0,0,0,0,0,0,0
2333,0,1,0,0,0,0,0,0,0
2334,0,1,0,0,0,0,0,0,0
2335,0,1,0,0,0,0,0,0,0
2336,0,1,0,0,0,0,0,0,0
2337,0,1,0,0,0,0,0,0,0
2338,0,1,0,0,0,0,0,0,0
2339,0,1,0,0,0,0,0,0,0
2340,0,1,0,0,0,0,0,0,0
2341,0,1,0,0,0,0,0,0,0
2342,0,1,0,0,0,0,0,0,0
2343,0,1,0,0,0,0,0,0,0
2344,0,1,0,0,0,0,0,0,0
2345,0,1,0,0,0,0,0,0,0
2346,0,1,0,0,0,0,0,0,0
2347,0,1,0,0,0,0,0,0,0
2348,0,1,0,0,0,0,0,0,0
2349,0,1,0,0,0,0,0,0,0
2350,0,1,0,0,0,0,0,0,0
2351,0,1,0,0,0,0,0,0,0
2352,0,1,0,0,0,0,0,0,0
2353,0,1,0,0,0,0,0,0,0
2354,0,1,0,0,0,0,0,0,0
2355,0,1,0,0,0,0,0,0,0
2356,0,1,0,0,0,0,0,0,0
2357,0,1,0,0,0,0,0,0,0
2358,0,1,0,0,0,0,0,0,0
2359,0,1,0,0,0,0,0,0,0
2360,0,1,0,0,0,0,0,0,0
2361,0,1,0,0,0,0,0,0,0
2362,0,1,0,0,0,0,0,0,0
2363,0,1,0,0,0,0,0,0,0
2364,0,1,0,0,0,0,0,0,0
2365,0,1,0,0,0,0,0,0,0
2366,0,1,0,0,0,0,0,0,0
2367,0,1,0,0,0,0,0,0,0
2368,0,1,0,0,0,0,0,0,0
2369,0,1,0,0,0,0,0,0,0
2370,0,1,0,0,0,0,0,0,0
2371,0,1,0,0,0,0,0,0,0
2372,0,1,0,0,0,0,0,0,0
2373,0,1,0,0,0,0,0,0,0
2374,0,1,0,0,0,0,0,0,0
2375,0,1,0,0,0,0,0,0,0
2376,0,1,0,0,0,0,0,0,0
2377,0,1,0,0,0,0,0,0,0
2378,0,1,0,0,0,0,0,0,0
2379,0,1,0,0,0,0,0,0,0
2380,0,1,0,0,0,0,0,0,0
2381,0,1,0,0,0,0,0,0,0
2382,0,1,0,0,0,0,0,0,0
2383,0,1,0,0,0,0,0,0,0
2384,0,1,0,0,0,0,0,0,0
2385,0,1,0,0,0,0,0,0,0
2386,0,1,0,0,0,0,0,0,0
2387,0,1,0,0,0,0,0,0,0
2388,0,1,0,0,0,0,0,0,0
2389,0,1,0,0,0,0,0,0,0
2390,0,1,0,0,0,0,0,0,0
2391,0,1,0,0,0,0,0,0,0
2392,0,1,0,0,0,0,0,0,0
2393,0,1,0,0,0,0,0,0,0
2394,0,1,0,0,0,0,0,0,0
2395,0,1,0,0,0,0,0,0,0
2396,0,1,0,0,0,0,0,0,0
2397,0,1,0,0,0,0,0,0,0
2398,0,1,0,0,0,0,0,0,0
2399,0,1,0,0,0,0,0,0,0
2400,0,1,0,0,0,0,0,0,0
2401,0,1,0,0,0,0,0,0,0
2402,0,1,0,0,0,0,0,0,0
2403,0,1,0,0,0,0,0,0,0
2404,0,1,0,0,0,0,0,0,0
2405,0,1,0,0,0,0,0,0,0
2406,0,1,0,0,0,0,0,0,0
2407,0,1,0,0,0,0,0,0,0
2408,0,1,0,0,0,0,0,0,0
2409,0,1,0,0,0,0,0,0,0
2410,0,1,0,0,0,0,0,0,0
2411,0,1,0,0,0,0,0,0,0
2412,0,1,0,0,0,0,0,0,0
2413,0,1,0,0,0,0,0,0,0
2414,0,1,0,0,0,0,0,0,0
2415,0,1,0,0,0,0,0,0,0
2416,0,1,0,0,0,0,0,0,0
2417,0,1,0,0,0,0,0,0,0
2418,0,1,0,0,0,0,0,0,0
2419,0,1,0,0,0,0,0,0,0
2420,0,1,0,0,0,0,0,0,0
2421,0,1,0,0,0,0,0,0,0
2422,0,1,0,0,0,0,0,0,0
2423,0,1,0,0,0,0,0,0,0
2424,0,1,0,0,0,0,0,0,0
2425,0,1,0,0,0,0,0,0,0
2426,0,1,0,0,0,0,0,0,0
2427,0,1,0,0,0,0,0,0,0
2428,0,1,0,0,0,0,0,0,0
2429,0,1,0,0,0,0,0,0,0
2430,0,1,0,0,0,0,0,0,0
2431,0,1,0,0,0,0,0,0,0
2432,0,1,0,0,0,0,0,0,0
2433,0,1,0,0,0,0,0,0,0
2434,0,1,0,0,0,0,0,0,0
2435,0,1,0,0,0,0,0,0,0
2436,0,1,0,0,0,0,0,0,0
2437,0,1,0,0,0,0,0,0,0
2438,0,1,0,0,0,0,0,0,0
2439,0,1,0,0,0,0,0,0,0
2440,0,1,0,0,0,0,0,0,0
2441,0,1,0,0,0,0,0,0,0
2442,0,1,0,0,0,0,0,0,0
2443,0,1,0,0,0,0,0,0,0
2444,0,1,0,0,0,0,0,0,0
2445,0,1,0,0,0,0,0,0,0
2446,0,1,0,0,0,0,0,0,0
2447,0,1,0,0,0,0,0,0,0
2448,0,1,0,0,0,0,0,0,0
2449,0,1,0,0,0,0,0,0,0
2450,0,1,0,0,0,0,0,0,0
2451,0,1,0,0,0,0,0,0,0
2452,0,1,0,0,0,0,0,0,0
2453,0,1,0,0,0,0,0,0,0
2454,0,1,0,0,0,0,0,0,0
2455,0,1,0,0,0,0,0,0,0
2456,0,1,0,0,0,0,0,0,0
2457,0,1,0,0,0,0,0,0,0
2458,0,1,0,0,0,0,0,0,0
2459,0,1,0,0,0,0,0,0,0
2460,0,1,0,0,0,0,0,0,0
2461,0,1,0,0,0,0,0,0,0
2462,0,1,0,0,0,0,0,0,0
2463,0,1,0,0,0,0,0,0,0
2464,0,1,0,0,0,0,0,0,0
2465,0,1,0,0,0,0,0,0,0
2466,0,1,0,0,0,0,0,0,0
2467,0,1,0,0,0,0,0,0,0
2468,0,1,0,0,0,0,0,0,0
2469,0,1,0,0,0,0,0,0,0
2470,0,1,0,0,0,0,0,0,0
2471,0,1,0,0,0,0,0,0,0
2472,0,1,0,0,0,0,0,0,0
2473,0,1,0,0,0,0,0,0,0
2474,0,1,0,0,0,0,0,0,0
2475,0,1,0,0,0,0,0,0,0
2476,0,1,0,0,0,0,0,0,0
2477,0,1,0,0,0,0,0,0,0
2478,0,1,0,0,0,0,0,0,0
2479,0,1,0,0,0,0,0,0,0
2480,0,1,0,0,0,0,0,0,0
2481,0,1,0,0,0,0,0,0,0
2482,0,1,0,0,0,0,0,0,0
2483,0,1,0,0,0,0,0,0,0
2484,0,1,0,0,0,0,0,0,0
2485,0,1,0,0,0,0,0,0,0
2486,0,1,0,0,0,0,0,0,0
2487,0,1,0,0,0,0,0,0,0
2488,0,1,0,0,0,0,0,0,0
2489,0,1,0,0,0,0,0,0,0
2490,0,1,0,0,0,0,0,0,0
2491,0,1,0,0,0,0,0,0,0
2492,0,1,0,0,0,0,0,0,0
2493,0,1,0,0,0,0,0,0,0
2494,0,1,0,0,0,0,0,0,0
2495,0,1,0,0,0,0,0,0,0
2496,0,1,0,0,0,0,0,0,0
2497,0,1,0,0,0,0,0,0,0
2498,0,1,0,0,0,0,0,0,0
2499,0,1,0,0,0,0,0,0,0
2500,0,1,0,0,0,0,0,0,0
2501,0,1,0,0,0,0,0,0,0
2502,0,1,0,0,0,0,0,0,0
2503,0,1,0,0,0,0,0,0,0
2504,0,1,0,0,0,0,0,0,0
2505,0,1,0,0,0,0,0,0,0
2506,0,1,0,0,0,0,0,0,0
2507,0,1,0,0,0,0,0,0,0
2508,0,1,0,0,0,0,0,0,0
2509,0,1,0,0,0,0,0,0,0
2510,0,1,0,0,0,0,0,0,0
2511,0,1,0,0,0,0,0,0,0
2512,0,1,0,0,0,0,0,0,0
2513,0,1,0,0,0,0,0,0,0
2514,0,1,0,0,0,0,0,0,0
2515,0,1,0,0,0,0,0,0,0
2516,0,1,0,0,0,0,0,0,0
2517,0,1,0,0,0,0,0,0,0
2518,0,1,0,0,0,0,0,0,0
2519,0,1,0,0,0,0,0,0,0
2520,0,1,0,0,0,0,0,0,0
2521,0,1,0,0,0,0,0,0,0
2522,0,1,0,0,0,0,0,0,0
2523,0,1,0,0,0,0,0,0,0
2524,0,1,0,0,0,0,0,0,0
2525,0,1,0,0,0,0,0,0,0
2526,0,1,0,0,0,0,0,0,0
2527,0,1,0,0,0,0,0,0,0
2528,0,1,0,0,0,0,0,0,0
2529,0,1,0,0,0,0,0,0,0
2530,0,1,0,0,0,0,0,0,0
2531,0,1,0,0,0,0,0,0,0
2532,0,1,0,0,0,0,0,0,0
2533,0,1,0,0,0,0,0,0,0
2534,0,1,0,0,0,0,0,0,0
2535,0,1,0,0,0,0,0,0,0
2536,0,1,0,0,0,0,0,0,0
2537,0,1,0,0,0,0,0,0,0
2538,0,1,0,0,0,0,0,0,0
2539,0,1,0,0,0,0,0,0,0
2540,0,1,0,0,0,0,0,0,0
2541,0,1,0,0,0,0,0,0,0
2542,0,1,0,0,0,0,0,0,0
2543,0,1,0,0,0,0,0,0,0
2544,0,1,0,0,0,0,0,0,0
2545,0,1,0,0,0,0,0,0,0
2546,0,1,0,0,0,0,0,0,0
2547,0,1,0,0,0,0,0,0,0
2548,0,1,0,0,0,0,0,0,0
2549,0,1,0,0,0,0,0,0,0
2550,0,1,0,0,0,0,0,0,0
2551,0,1,0,0,0,0,0,0,0
2552,0,1,0,0,0,0,0,0,0
2553,0,1,0,0,0,0,0,0,0
2554,0,1,0,0,0,0,0,0,0
2555,0,1,0,0,0,0,0,0,0
2556,0,1,0,0,0,0,0,0,0
2557,0,1,0,0,0,0,0,0,0
2558,0,1,0,0,0,0,0,0,0
2559,0,1,0,0,0,0,0,0,0
2560,0,1,0,0,0,0,0,0,0
2561,0,1,0,0,0,0,0,0,0
2562,0,1,0,0,0,0,0,0,0
2563,0,1,0,0,0,0,0,0,0
2564,0,1,0,0,0,0,0,0,0
2565,0,1,0,0,0,0,0,0,0
2566,0,1,0,0,0,0,0,0,0
2567,0,1,0,0,0,0,0,0,0
2568,0,1,0,0,0,0,0,0,0
2569,0,1,0,0,0,0,0,0,0
2570,0,1,0,0,0,0,0,0,0
2571,0,1,0,0,0,0,0,0,0
2572,0,1,0,0,0,0,0,0,0
2573,0,1,0,0,0,0,0,0,0
2574,0,1,0,0,0,0,0,0,0
2575,0,1,0,0,0,0,0,0,0
2576,0,1,0,0,0,0,0,0,0
2577,0,1,0,0,0,0,0,0,0
2578,0,1,0,0,0,0,0,0,0
2579,0,1,0,0,0,0,0,0,0
2580,0,1,0,0,0,0,0,0,0
2581,0,1,0,0,0,0,0,0,0
2582,0,1,0,0,0,0,0,0,0
2583,0,1,0,0,0,0,0,0,0
2584,0,1,0,0,0,0,0,0,0
2585,0,1,0,0,0,0,0,0,0
2586,0,1,0,0,0,0,0,0,0
2587,0,1,0,0,0,0,0,0,0
2588,0,1,0,0,0,0,0,0,0
2589,0,1,0,0,0,0,0,0,0
2590,0,1,0,0,0,0,0,0,0
2591,0,1,0,0,0,0,0,0,0
2592,0,1,0,0,0,0,0,0,0
2593,0,1,0,0,0,0,0,0,0
2594,0,1,0,0,0,0,0,0,0
2595,0,1,0,0,0,0,0,0,0
2596,0,1,0,0,0,0,0,0,0
2597,0,1,0,0,0,0,0,0,0
2598,0,1,0,0,0,0,0,0,0
2599,0,1,0,0,0,0,0,0,0
2600,0,1,0,0,0,0,0,0,0
2601,0,1,0,0,0,0,0,0,0
2602,0,1,0,0,0,0,0,0,0
2603,0,1,0,0,0,0,0,0,0
2604,0,1,0,0,0,0,0,0,0
2605,0,1,0,0,0,0,0,0,0
2606,0,1,0,0,0,0,0,0,0
2607,0,1,0,0,0,0,0,0,0
2608,0,1,0,0,0,0,0,0,0
2609,0,1,0,0,0,0,0,0,0
2610,0,1,0,0,0,0,0,0,0
2611,0,1,0,0,0,0,0,0,0
2612,0,1,0,0,0,0,0,0,0
2613,0,1,0,0,0,0,0,0,0
2614,0,1,0,0,0,0,0,0,0
2615,0,1,0,0,0,0,0,0,0
2616,0,1,0,0,0,0,0,0,0
2617,0,1,0,0,0,0,0,0,0
2618,0,1,0,0,0,0,0,0,0
2619,0,1,0,0,0,0,0,0,0
2620,0,1,0,0,0,0,0,0,0
2621,0,1,0,0,0,0,0,0,0
2622,0,1,0,0,0,0,0,0,0
2623,0,1,0,0,0,0,0,0,0
2624,0,1,0,0,0,0,0,0,0
2625,0,1,0,0,0,0,0,0,0
2626,0,1,0,0,0,0,0,0,0
2627,0,1,0,0,0,0,0,0,0
2628,0,1,0,0,0,0,0,0,0
2629,0,1,0,0,0,0,0,0,0
2630,0,1,0,0,0,0,0,0,0
2631,0,1,0,0,0,0,0,0,0
2632,0,1,0,0,0,0,0,0,0
2633,0,1,0,0,0,0,0,0,0
2634,0,1,0,0,0,0,0,0,0
2635,0,1,0,0,0,0,0,0,0
2636,0,1,0,0,0,0,0,0,0
2637,0,1,0,0,0,0,0,0,0
2638,0,1,0,0,0,0,0,0,0
2639,0,1,0,0,0,0,0,0,0
2640,0,1,0,0,0,0,0,0,0
2641,0,1,0,0,0,0,0,0,0
2642,0,1,0,0,0,0,0,0,0
2643,0,1,0,0,0,0,0,0,0
2644,0,1,0,0,0,0,0,0,0
2645,0,1,0,0,0,0,0,0,0
2646,0,1,0,0,0,0,0,0,0
2647,0,1,0,0,0,0,0,0,0
2648,0,1,0,0,0,0,0,0,0
2649,0,1,0,0,0,0,0,0,0
2650,0,1,0,0,0,0,0,0,0
2651,0,1,0,0,0,0,0,0,0
2652,0,1,0,0,0,0,0,0,0
2653,0,1,0,0,0,0,0,0,0
2654,0,1,0,0,0,0,0,0,0
2655,0,1,0,0,0,0,0,0,0
2656,0,1,0,0,0,0,0,0,0
2657,0,1,0,0,0,0,0,0,0
2658,0,1,0,0,0,0,0,0,0
2659,0,1,0,0,0,0,0,0,0
2660,0,1,0,0,0,0,0,0,0
2661,0,1,0,0,0,0,0,0,0
2662,0,1,0,0,0,0,0,0,0
2663,0,1,0,0,0,0,0,0,0
2664,0,1,0,0,0,0,0,0,0
2665,0,1,0,0,0,0,0,0,0
2666,0,1,0,0,0,0,0,0,0
2667,0,1,0,0,0,0,0,0,0
2668,0,1,0,0,0,0,0,0,0
2669,0,1,0,0,0,0,0,0,0
2670,0,1,0,0,0,0,0,0,0
2671,0,1,0,0,0,0,0,0,0
2672,0,1,0,0,0,0,0,0,0
2673,0,1,0,0,0,0,0,0,0
2674,0,1,0,0,0,0,0,0,0
2675,0,1,0,0,0,0,0,0,0
2676,0,1,0,0,0,0,0,0,0
2677,0,1,0,0,0,0,0,0,0
2678,0,1,0,0,0,0,0,0,0
2679,0,1,0,0,0,0,0,0,0
2680,0,1,0,0,0,0,0,0,0
2681,0,1,0,0,0,0,0,0,0
2682,0,1,0,0,0,0,0,0,0
2683,0,1,0,0,0,0,0,0,0
2684,0,1,0,0,0,0,0,0,0
2685,0,1,0,0,0,0,0,0,0
2686,0,1,0,0,0,0,0,0,0
2687,0,1,0,0,0,0,0,0,0
2688,0,1,0,0,0,0,0,0,0
2689,0,1,0,0,0,0,0,0,0
2690,0,1,0,0,0,0,0,0,0
2691,0,1,0,0,0,0,0,0,0
2692,0,1,0,0,0,0,0,0,0
2693,0,1,0,0,0,0,0,0,0
2694,0,1,0,0,0,0,0,0,0
2695,0,1,0,0,0,0,0,0,0
2696,0,1,0,0,0,0,0,0,0
2697,0,1,0,0,0,0,0,0,0
2698,0,1,0,0,0,0,0,0,0
2699,0,1,0,0,0,0,0,0,0
2700,0,1,0,0,0,0,0,0,0
2701,0,1,0,0,0,0,0,0,0
2702,0,1,0,0,0,0,0,0,0
2703,0,1,0,0,0,0,0,0,0
2704,0,1,0,0,0,0,0,0,0
2705,0,1,0,0,0,0,0,0,0
2706,0,1,0,0,0,0,0,0,0
2707,0,1,0,0,0,0,0,0,0
2708,0,1,0,0,0,0,0,0,0
2709,0,1,0,0,0,0,0,0,0
2710,0,1,0,0,0,0,0,0,0
2711,0,1,0,0,0,0,0,0,0
2712,0,1,0,0,0,0,0,0,0
2713,0,1,0,0,0,0,0,0,0
2714,0,1,0,0,0,0,0,0,0
2715,0,1,0,0,0,0,0,0,0
2716,0,1,0,0,0,0,0,0,0
2717,0,1,0,0,0,0,0,0,0
2718,0,1,0,0,0,0,0,0,0
2719,0,1,0,0,0,0,0,0,0
2720,0,1,0,0,0,0,0,0,0
2721,0,1,0,0,0,0,0,0,0
2722,0,1,0,0,0,0,0,0,0
2723,0,1,0,0,0,0,0,0,0
2724,0,1,0,0,0,0,0,0,0
2725,0,1,0,0,0,0,0,0,0
2726,0,1,0,0,0,0,0,0,0
2727,0,1,0,0,0,0,0,0,0
2728,0,1,0,0,0,0,0,0,0
2729,0,1,0,0,0,0,0,0,0
2730,0,1,0,0,0,0,0,0,0
2731,0,1,0,0,0,0,0,0,0
2732,0,1,0,0,0,0,0,0,0
2733,0,1,0,0,0,0,0,0,0
2734,0,1,0,0,0,0,0,0,0
2735,0,1,0,0,0,0,0,0,0
2736,0,1,0,0,0,0,0,0,0
2737,0,1,0,0,0,0,0,0,0
2738,0,1,0,0,0,0,0,0,0
2739,0,1,0,0,0,0,0,0,0
2740,0,1,0,0,0,0,0,0,0
2741,0,1,0,0,0,0,0,0,0
2742,0,1,0,0,0,0,0,0,0
2743,0,1,0,0,0,0,0,0,0
2744,0,1,0,0,0,0,0,0,0
2745,0,1,0,0,0,0,0,0,0
2746,0,1,0,0,0,0,0,0,0
2747,0,1,0,0,0,0,0,0,0
2748,0,1,0,0,0,0,0,0,0
2749,0,1,0,0,0,0,0,0,0
2750,0,1,0,0,0,0,0,0,0
2751,0,1,0,0,0,0,0,0,0
2752,0,1,0,0,0,0,0,0,0
2753,0,1,0,0,0,0,0,0,0
2754,0,1,0,0,0,0,0,0,0
2755,0,1,0,0,0,0,0,0,0
2756,0,1,0,0,0,0,0,0,0
2757,0,1,0,0,0,0,0,0,0
2758,0,1,0,0,0,0,0,0,0
2759,0,1,0,0,0,0,0,0,0
2760,0,1,0,0,0,0,0,0,0
2761,0,1,0,0,0,0,0,0,0
2762,0,1,0,0,0,0,0,0,0
2763,0,1,0,0,0,0,0,0,0
2764,0,1,0,0,0,0,0,0,0
2765,0,1,0,0,0,0,0,0,0
2766,0,1,0,0,0,0,0,0,0
2767,0,1,0,0,0,0,0,0,0
2768,0,1,0,0,0,0,0,0,0
2769,0,1,0,0,0,0,0,0,0
2770,0,1,0,0,0,0,0,0,0
2771,0,1,0,0,0,0,0,0,0
2772,0,1,0,0,0,0,0,0,0
2773,0,1,0,0,0,0,0,0,0
2774,0,1,0,0,0,0,0,0,0
2775,0,1,0,0,0,0,0,0,0
2776,0,1,0,0,0,0,0,0,0
2777,0,1,0,0,0,0,0,0,0
2778,0,1,0,0,0,0,0,0,0
2779,0,1,0,0,0,0,0,0,0
2780,0,1,0,0,0,0,0,0,0
2781,0,1,0,0,0,0,0,0,0
2782,0,1,0,0,0,0,0,0,0
2783,0,1,0,0,0,0,0,0,0
2784,0,1,0,0,0,0,0,0,0
2785,0,1,0,0,0,0,0,0,0
2786,0,1,0,0,0,0,0,0,0
2787,0,1,0,0,0,0,0,0,0
2788,0,1,0,0,0,0,0,0,0
2789,0,1,0,0,0,0,0,0,0
2790,0,1,0,0,0,0,0,0,0
2791,0,1,0,0,0,0,0,0,0
2792,0,1,0,0,0,0,0,0,0
2793,0,1,0,0,0,0,0,0,0
2794,0,1,0,0,0,0,0,0,0
2795,0,1,0,0,0,0,0,0,0
2796,0,1,0,0,0,0,0,0,0
2797,0,1,0,0,0,0,0,0,0
2798,0,1,0,0,0,0,0,0,0
2799,0,1,0,0,0,0,0,0,0
2800,0,1,0,0,0,0,0,0,0
2801,0,1,0,0,0,0,0,0,0
2802,0,1,0,0,0,0,0,0,0
2803,0,1,0,0,0,0,0,0,0
2804,0,1,0,0,0,0,0,0,0
2805,0,1,0,0,0,0,0,0,0
2806,0,1,0,0,0,0,0,0,0
2807,0,1,0,0,0,0,0,0,0
2808,0,1,0,0,0,0,0,0,0
2809,0,1,0,0,0,0,0,0,0
2810,0,1,0,0,0,0,0,0,0
2811,0,1,0,0,0,0,0,0,0
2812,0,1,0,0,0,0,0,0,0
2813,0,1,0,0,0,0,0,0,0
2814,0,1,0,0,0,0,0,0,0
2815,0,1,0,0,0,0,0,0,0
2816,0,1,0,0,0,0,0,0,0
2817,0,1,0,0,0,0,0,0,0
2818,0,1,0,0,0,0,0,0,0
2819,0,1,0,0,0,0,0,0,0
2820,0,1,0,0,0,0,0,0,0
2821,0,1,0,0,0,0,0,0,0
2822,0,1,0,0,0,0,0,0,0
2823,0,1,0,0,0,0,0,0,0
2824,0,1,0,0,0,0,0,0,0
2825,0,1,0,0,0,0,0,0,0
2826,0,1,0,0,0,0,0,0,0
2827,0,1,0,0,0,0,0,0,0
2828,0,1,0,0,0,0,0,0,0
2829,0,1,0,0,0,0,0,0,0
2830,0,1,0,0,0,0,0,0,0
2831,0,1,0,0,0,0,0,0,0
2832,0,1,0,0,0,0,0,0,0
2833,0,1,0,0,0,0,0,0,0
2834,0,1,0,0,0,0,0,0,0
2835,0,1,0,0,0,0,0,0,0
2836,0,1,0,0,0,0,0,0,0
2837,0,1,0,0,0,0,0,0,0
2838,0,1,0,0,0,0,0,0,0
2839,0,1,0,0,0,0,0,0,0
2840,0,1,0,0,0,0,0,0,0
2841,0,1,0,0,0,0,0,0,0
2842,0,1,0,0,0,0,0,0,0
2843,0,1,0,0,0,0,0,0,0
2844,0,1,0,0,0,0,0,0,0
2845,0,1,0,0,0,0,0,0,0
2846,0,1,0,0,0,0,0,0,0
2847,0,1,0,0,0,0,0,0,0
2848,0,1,0,0,0,0,0,0,0
2849,0,1,0,0,0,0,0,0,0
2850,0,1,0,0,0,0,0,0,0
2851,0,1,0,0,0,0,0,0,0
2852,0,1,0,0,0,0,0,0,0
2853,0,1,0,0,0,0,0,0,0
2854,0,1,0,0,0,0,0,0,0
2855,0,1,0,0,0,0,0,0,0
2856,0,1,0,0,0,0,0,0,0
2857,0,1,0,0,0,0,0,0,0
2858,0,1,0,0,0,0,0,0,0
2859,0,1,0,0,0,0,0,0,0
2860,0,1,0,0,0,0,0,0,0
2861,0,1,0,0,0,0,0,0,0
2862,0,1,0,0,0,0,0,0,0
2863,0,1,0,0,0,0,0,0,0
2864,0,1,0,0,0,0,0,0,0
2865,0,1,0,0,0,0,0,0,0
2866,0,1,0,0,0,0,0,0,0
2867,0,1,0,0,0,0,0,0,0
2868,0,1,0,0,0,0,0,0,0
2869,0,1,0,0,0,0,0,0,0
2870,0,1,0,0,0,0,0,0,0
2871,0,1,0,0,0,0,0,0,0
2872,0,1,0,0,0,0,0,0,0
2873,0,1,0,0,0,0,0,0,0
2874,0,1,0,0,0,0,0,0,0
2875,0,1,0,0,0,0,0,0,0
2876,0,1,0,0,0,0,0,0,0
2877,0,1,0,0,0,0,0,0,0
2878,0,1,0,0,0,0,0,0,0
2879,0,1,0,0,0,0,0,0,0
2880,0,1,0,0,0,0,0,0,0
2881,0,1,0,0,0,0,0,0,0
2882,0,1,0,0,0,0,0,0,0
2883,0,1,0,0,0,0,0,0,0
2884,0,1,0,0,0,0,0,0,0
2885,0,1,0,0,0,0,0,0,0
2886,0,1,0,0,0,0,0,0,0
2887,0,1,0,0,0,0,0,0,0
2888,0,1,0,0,0,0,0,0,0
2889,0,1,0,0,0,0,0,0,0
2890,0,1,0,0,0,0,0,0,0
2891,0,1,0,0,0,0,0,0,0
2892,0,1,0,0,0,0,0,0,0
2893,0,1,0,0,0,0,0,0,0
2894,0,1,0,0,0,0,0,0,0
2895,0,1,0,0,0,0,0,0,0
2896,0,1,0,0,0,0,0,0,0
2897,0,1,0,0,0,0,0,0,0
2898,0,1,0,0,0,0,0,0,0
2899,0,1,0,0,0,0,0,0,0
2900,0,1,0,0,0,0,0,0,0
2901,0,1,0,0,0,0,0,0,0
2902,0,1,0,0,0,0,0,0,0
2903,0,1,0,0,0,0,0,0,0
2904,0,1,0,0,0,0,0,0,0
2905,0,1,0,0,0,0,0,0,0
2906,0,1,0,0,0,0,0,0,0
2907,0,1,0,0,0,0,0,0,0
2908,0,1,0,0,0,0,0,0,0
2909,0,1,0,0,0,0,0,0,0
2910,0,1,0,0,0,0,0,0,0
2911,0,1,0,0,0,0,0,0,0
2912,0,1,0,0,0,0,0,0,0
2913,0,1,0,0,0,0,0,0,0
2914,0,1,0,0,0,0,0,0,0
2915,0,1,0,0,0,0,0,0,0
2916,0,1,0,0,0,0,0,0,0
2917,0,1,0,0,0,0,0,0,0
2918,0,1,0,0,0,0,0,0,0
2919,0,1,0,0,0,0,0,0,0
2920,0,1,0,0,0,0,0,0,0
2921,0,1,0,0,0,0,0,0,0
2922,0,1,0,0,0,0,0,0,0
2923,0,1,0,0,0,0,0,0,0
2924,0,1,0,0,0,0,0,0,0
2925,0,1,0,0,0,0,0,0,0
2926,0,1,0,0,0,0,0,0,0
2927,0,1,0,0,0,0,0,0,0
2928,0,1,0,0,0,0,0,0,0
2929,0,1,0,0,0,0,0,0,0
2930,0,1,0,0,0,0,0,0,0
2931,0,1,0,0,0,0,0,0,0
2932,0,1,0,0,0,0,0,0,0
2933,0,1,0,0,0,0,0,0,0
2934,0,1,0,0,0,0,0,0,0
2935,0,1,0,0,0,0,0,0,0
2936,0,1,0,0,0,0,0,0,0
2937,0,1,0,0,0,0,0,0,0
2938,0,1,0,0,0,0,0,0,0
2939,0,1,0,0,0,0,0,0,0
2940,0,1,0,0,0,0,0,0,0
2941,0,1,0,0,0,0,0,0,0
2942,0,1,0,0,0,0,0,0,0
2943,0,1,0,0,0,0,0,0,0
2944,0,1,0,0,0,0,0,0,0
2945,0,1,0,0,0,0,0,0,0
2946,0,1,0,0,0,0,0,0,0
2947,0,1,0,0,0,0,0,0,0
2948,0,1,0,0,0,0,0,0,0
2949,0,1,0,0,0,0,0,0,0
2950,0,1,0,0,0,0,0,0,0
2951,0,1,0,0,0,0,0,0,0
2952,0,1,0,0,0,0,0,0,0
2953,0,1,0,0,0,0,0,0,0
2954,0,1,0,0,0,0,0,0,0
2955,0,1,0,0,0,0,0,0,0
2956,0,1,0,0,0,0,0,0,0
2957,0,1,0,0,0,0,0,0,0
2958,0,1,0,0,0,0,0,0,0
2959,0,1,0,0,0,0,0,0,0
2960,0,1,0,0,0,0,0,0,0
2961,0,1,0,0,0,0,0,0,0
2962,0,1,0,0,0,0,0,0,0
2963,0,1,0,0,0,0,0,0,0
2964,0,1,0,0,0,0,0,0,0
2965,0,1,0,0,0,0,0,0,0
2966,0,1,0,0,0,0,0,0,0
2967,0,1,0,0,0,0,0,0,0
2968,0,1,0,0,0,0,0,0,0
2969,0,1,0,0,0,0,0,0,0
2970,0,1,0,0,0,0,0,0,0
2971,0,1,0,0,0,0,0,0,0
2972,0,1,0,0,0,0,0,0,0
2973,0,1,0,0,0,0,0,0,0
2974,0,1,0,0,0,0,0,0,0
2975,0,1,0,0,0,0,0,0,0
2976,0,1,0,0,0,0,0,0,0
2977,0,1,0,0,0,0,0,0,0
2978,0,1,0,0,0,0,0,0,0
2979,0,1,0,0,0,0,0,0,0
2980,0,1,0,0,0,0,0,0,0
2981,0,1,0,0,0,0,0,0,0
2982,0,1,0,0,0,0,0,0,0
2983,0,1,0,0,0,0,0,0,0
2984,0,1,0,0,0,0,0,0,0
2985,0,1,0,0,0,0,0,0,0
2986,0,1,0,0,0,0,0,0,0
2987,0,1,0,0,0,0,0,0,0
2988,0,1,0,0,0,0,0,0,0
2989,0,1,0,0,0,0,0,0,0
2990,0,1,0,0,0,0,0,0,0
2991,0,1,0,0,0,0,0,0,0
2992,0,1,0,0,0,0,0,0,0
2993,0,1,0,0,0,0,0,0,0
2994,0,1,0,0,0,0,0,0,0
2995,0,1,0,0,0,0,0,0,0
2996,0,1,0,0,0,0,0,0,0
2997,0,1,0,0,0,0,0,0,0
2998,0,1,0,0,0,0,0,0,0
2999,0,1,0,0,0,0,0,0,0
3000,0,1,0,0,0,0,0,0,0
3001,0,1,0,0,0,0,0,0,0
3002,0,1,0,0,0,0,0,0,0
3003,0,1,0,0,0,0,0,0,0
3004,0,1,0,0,0,0,0,0,0
3005,0,1,0,0,0,0,0,0,0
3006,0,1,0,0,0,0,0,0,0
3007,0,1,0,0,0,0,0,0,0
3008,0,1,0,0,0,0,0,0,0
3009,0,1,0,0,0,0,0,0,0
3010,0,1,0,0,0,0,0,0,0
3011,0,1,0,0,0,0,0,0,0
3012,0,1,0,0,0,0,0,0,0
3013,0,1,0,0,0,0,0,0,0
3014,0,1,0,0,0,0,0,0,0
3015,0,1,0,0,0,0,0,0,0
3016,0,1,0,0,0,0,0,0,0
3017,0,1,0,0,0,0,0,0,0
3018,0,1,0,0,0,0,0,0,0
3019,0,1,0,0,0,0,0,0,0
3020,0,1,0,0,0,0,0,0,0
3021,0,1,0,0,0,0,0,0,0
3022,0,1,0,0,0,0,0,0,0
3023,0,1,0,0,0,0,0,0,0
3024,0,1,0,0,0,0,0,0,0
3025,0,1,0,0,0,0,0,0,0
3026,0,1,0,0,0,0,0,0,0
3027,0,1,0,0,0,0,0,0,0
3028,0,1,0,0,0,0,0,0,0
3029,0,1,0,0,0,0,0,0,0
3030,0,1,0,0,0,0,0,0,0
3031,0,1,0,0,0,0,0,0,0
3032,0,1,0,0,0,0,0,0,0
3033,0,1,0,0,0,0,0,0,0
3034,0,1,0,0,0,0,0,0,0
3035,0,1,0,0,0,0,0,0,0
3036,0,1,0,0,0,0,0,0,0
3037,0,1,0,0,0,0,0,0,0
3038,0,1,0,0,0,0,0,0,0
3039,0,1,0,0,0,0,0,0,0
3040,0,1,0,0,0,0,0,0,0
3041,0,1,0,0,0,0,0,0,0
3042,0,1,0,0,0,0,0,0,0
3043,0,1,0,0,0,0,0,0,0
3044,0,1,0,0,0,0,0,0,0
3045,0,1,0,0,0,0,0,0,0
3046,0,1,0,0,0,0,0,0,0
3047,0,1,0,0,0,0,0,0,0
3048,0,1,0,0,0,0,0,0,0
3049,0,1,0,0,0,0,0,0,0
3050,0,1,0,0,0,0,0,0,0
3051,0,1,0,0,0,0,0,0,0
3052,0,1,0,0,0,0,0,0,0
3053,0,1,0,0,0,0,0,0,0
3054,0,1,0,0,0,0,0,0,0
3055,0,1,0,0,0,0,0,0,0
3056,0,1,0,0,0,0,0,0,0
3057,0,1,0,0,0,0,0,0,0
3058,0,1,0,0,0,0,0,0,0
3059,0,1,0,0,0,0,0,0,0
3060,0,1,0,0,0,0,0,0,0
3061,0,1,0,0,0,0,0,0,0
3062,0,1,0,0,0,0,0,0,0
3063,0,1,0,0,0,0,0,0,0
3064,0,1,0,0,0,0,0,0,0
3065,0,1,0,0,0,0,0,0,0
3066,0,1,0,0,0,0,0,0,0
3067,0,1,0,0,0,0,0,0,0
3068,0,1,0,0,0,0,0,0,0
3069,0,1,0,0,0,0,0,0,0
3070,0,1,0,0,0,0,0,0,0
3071,0,1,0,0,0,0,0,0,0
3072,0,1,0,0,0,0,0,0,0
3073,0,1,0,0,0,0,0,0,0
3074,0,1,0,0,0,0,0,0,0
3075,0,1,0,0,0,0,0,0,0
3076,0,1,0,0,0,0,0,0,0
3077,0,1,0,0,0,0,0,0,0
3078,0,1,0,0,0,0,0,0,0
3079,0,1,0,0,0,0,0,0,0
3080,0,1,0,0,0,0,0,0,0
3081,0,1,0,0,0,0,0,0,0
3082,0,1,0,0,0,0,0,0,0
3083,0,1,0,0,0,0,0,0,0
3084,0,1,0,0,0,0,0,0,0
3085,0,1,0,0,0,0,0,0,0
3086,0,1,0,0,0,0,0,0,0
3087,0,1,0,0,0,0,0,0,0
3088,0,1,0,0,0,0,0,0,0
3089,0,1,0,0,0,0,0,0,0
3090,0,1,0,0,0,0,0,0,0
3091,0,1,0,0,0,0,0,0,0
3092,0,1,0,0,0,0,0,0,0
3093,0,1,0,0,0,0,0,0,0
3094,0,1,0,0,0,0,0,0,0
3095,0,1,0,0,0,0,0,0,0
3096,0,1,0,0,0,0,0,0,0
3097,0,1,0,0,0,0,0,0,0
3098,0,1,0,0,0,0,0,0,0
3099,0,1,0,0,0,0,0,0,0
3100,0,1,0,0,0,0,0,0,0
3101,0,1,0,0,0,0,0,0,0
3102,0,1,0,0,0,0,0,0,0
3103,0,1,0,0,0,0,0,0,0
3104,0,1,0,0,0,0,0,0,0
3105,0,1,0,0,0,0,0,0,0
3106,0,1,0,0,0,0,0,0,0
3107,0,1,0,0,0,0,0,0,0
3108,0,1,0,0,0,0,0,0,0
3109,0,1,0,0,0,0,0,0,0
3110,0,1,0,0,0,0,0,0,0
3111,0,1,0,0,0,0,0,0,0
3112,0,1,0,0,0,0,0,0,0
3113,0,1,0,0,0,0,0,0,0
3114,0,1,0,0,0,0,0,0,0
3115,0,1,0,0,0,0,0,0,0
3116,0,1,0,0,0,0,0,0,0
3117,0,1,0,0,0,0,0,0,0
3118,0,1,0,0,0,0,0,0,0
3119,0,1,0,0,0,0,0,0,0
3120,0,1,0,0,0,0,0,0,0
3121,0,1,0,0,0,0,0,0,0
3122,0,1,0,0,0,0,0,0,0
3123,0,1,0,0,0,0,0,0,0
3124,0,1,0,0,0,0,0,0,0
3125,0,1,0,0,0,0,0,0,0
3126,0,1,0,0,0,0,0,0,0
3127,0,1,0,0,0,0,0,0,0
3128,0,1,0,0,0,0,0,0,0
3129,0,1,0,0,0,0,0,0,0
3130,0,1,0,0,0,0,0,0,0
3131,0,1,0,0,0,0,0,0,0
3132,0,1,0,0,0,0,0,0,0
3133,0,1,0,0,0,0,0,0,0
3134,0,1,0,0,0,0,0,0,0
3135,0,1,0,0,0,0,0,0,0
3136,0,1,0,0,0,0,0,0,0
3137,0,1,0,0,0,0,0,0,0
3138,0,1,0,0,0,0,0,0,0
3139,0,1,0,0,0,0,0,0,0
3140,0,1,0,0,0,0,0,0,0
3141,0,1,0,0,0,0,0,0,0
3142,0,1,0,0,0,0,0,0,0
3143,0,1,0,0,0,0,0,0,0
3144,0,1,0,0,0,0,0,0,0
3145,0,1,0,0,0,0,0,0,0
3146,0,1,0,0,0,0,0,0,0
3147,0,1,0,0,0,0,0,0,0
3148,0,1,0,0,0,0,0,0,0
3149,0,1,0,0,0,0,0,0,0
3150,0,1,0,0,0,0,0,0,0
3151,0,1,0,0,0,0,0,0,0
3152,0,1,0,0,0,0,0,0,0
3153,0,1,0,0,0,0,0,0,0
3154,0,1,0,0,0,0,0,0,0
3155,0,1,0,0,0,0,0,0,0
3156,0,1,0,0,0,0,0,0,0
3157,0,1,0,0,0,0,0,0,0
3158,0,1,0,0,0,0,0,0,0
3159,0,1,0,0,0,0,0,0,0
3160,0,1,0,0,0,0,0,0,0
3161,0,1,0,0,0,0,0,0,0
3162,0,1,0,0,0,0,0,0,0
3163,0,1,0,0,0,0,0,0,0
3164,0,1,0,0,0,0,0,0,0
3165,0,1,0,0,0,0,0,0,0
3166,0,1,0,0,0,0,0,0,0
3167,0,1,0,0,0,0,0,0,0
3168,0,1,0,0,0,0,0,0,0
3169,0,1,0,0,0,0,0,0,0
3170,0,1,0,0,0,0,0,0,0
3171,0,1,0,0,0,0,0,0,0
3172,0,1,0,0,0,0,0,0,0
3173,0,1,0,0,0,0,0,0,0
3174,0,1,0,0,0,0,0,0,0
3175,0,1,0,0,0,0,0,0,0
3176,0,1,0,0,0,0,0,0,0
3177,0,1,0,0,0,0,0,0,0
3178,0,1,0,0,0,0,0,0,0
3179,0,1,0,0,0,0,0,0,0
3180,0,1,0,0,0,0,0,0,0
3181,0,1,0,0,0,0,0,0,0
3182,0,1,0,0,0,0,0,0,0
3183,0,1,0,0,0,0,0,0,0
3184,0,1,0,0,0,0,0,0,0
3185,0,1,0,0,0,0,0,0,0
3186,0,1,0,0,0,0,0,0,0
3187,0,1,0,0,0,0,0,0,0
3188,0,1,0,0,0,0,0,0,0
3189,0,1,0,0,0,0,0,0,0
3190,0,1,0,0,0,0,0,0,0
3191,0,1,0,0,0,0,0,0,0
3192,0,1,0,0,0,0,0,0,0
3193,0,1,0,0,0,0,0,0,0
3194,0,1,0,0,0,0,0,0,0
3195,0,1,0,0,0,0,0,0,0
3196,0,1,0,0,0,0,0,0,0
3197,0,1,0,0,0,0,0,0,0
3198,0,1,0,0,0,0,0,0,0
3199,0,1,0,0,0,0,0,0,0
3200,0,1,0,0,0,0,0,0,0
3201,0,1,0,0,0,0,0,0,0
3202,0,1,0,0,0,0,0,0,0
3203,0,1,0,0,0,0,0,0,0
3204,0,1,0,0,0,0,0,0,0
3205,0,1,0,0,0,0,0,0,0
3206,0,1,0,0,0,0,0,0,0
3207,0,1,0,0,0,0,0,0,0
3208,0,1,0,0,0,0,0,0,0
3209,0,1,0,0,0,0,0,0,0
3210,0,1,0,0,0,0,0,0,0
3211,0,1,0,0,0,0,0,0,0
3212,0,1,0,0,0,0,0,0,0
3213,0,1,0,0,0,0,0,0,0
3214,0,1,0,0,0,0,0,0,0
3215,0,1,0,0,0,0,0,0,0
3216,0,1,0,0,0,0,0,0,0
3217,0,1,0,0,0,0,0,0,0
3218,0,1,0,0,0,0,0,0,0
3219,0,1,0,0,0,0,0,0,0
3220,0,1,0,0,0,0,0,0,0
3221,0,1,0,0,0,0,0,0,0
3222,0,1,0,0,0,0,0,0,0
3223,0,1,0,0,0,0,0,0,0
3224,0,1,0,0,0,0,0,0,0
3225,0,1,0,0,0,0,0,0,0
3226,0,1,0,0,0,0,0,0,0
3227,0,1,0,0,0,0,0,0,0
3228,0,1,0,0,0,0,0,0,0
3229,0,1,0,0,0,0,0,0,0
3230,0,1,0,0,0,0,0,0,0
3231,0,1,0,0,0,0,0,0,0
3232,0,1,0,0,0,0,0,0,0
3233,0,1,0,0,0,0,0,0,0
3234,0,1,0,0,0,0,0,0,0
3235,0,1,0,0,0,0,0,0,0
3236,0,1,0,0,0,0,0,0,0
3237,0,1,0,0,0,0,0,0,0
3238,0,1,0,0,0,0,0,0,0
3239,0,1,0,0,0,0,0,0,0
3240,0,1,0,0,0,0,0,0,0
3241,0,1,0,0,0,0,0,0,0
3242,0,1,0,0,0,0,0,0,0
3243,0,1,0,0,0,0,0,0,0
3244,0,1,0,0,0,0,0,0,0
3245,0,1,0,0,0,0,0,0,0
3246,0,1,0,0,0,0,0,0,0
3247,0,1,0,0,0,0,0,0,0
3248,0,1,0,0,0,0,0,0,0
3249,0,1,0,0,0,0,0,0,0
3250,0,1,0,0,0,0,0,0,0
3251,0,1,0,0,0,0,0,0,0
3252,0,1,0,0,0,0,0,0,0
3253,0,1,0,0,0,0,0,0,0
3254,0,1,0,0,0,0,0,0,0
3255,0,1,0,0,0,0,0,0,0
3256,0,1,0,0,0,0,0,0,0
3257,0,1,0,0,0,0,0,0,0
3258,0,1,0,0,0,0,0,0,0
3259,0,1,0,0,0,0,0,0,0
3260,0,1,0,0,0,0,0,0,0
3261,0,1,0,0,0,0,0,0,0
3262,0,1,0,0,0,0,0,0,0
3263,0,1,0,0,0,0,0,0,0
3264,0,1,0,0,0,0,0,0,0
3265,0,1,0,0,0,0,0,0,0
3266,0,1,0,0,0,0,0,0,0
3267,0,1,0,0,0,0,0,0,0
3268,0,1,0,0,0,0,0,0,0
3269,0,1,0,0,0,0,0,0,0
3270,0,1,0,0,0,0,0,0,0
3271,0,1,0,0,0,0,0,0,0
3272,0,1,0,0,0,0,0,0,0
3273,0,1,0,0,0,0,0,0,0
3274,0,1,0,0,0,0,0,0,0
3275,0,1,0,0,0,0,0,0,0
3276,0,1,0,0,0,0,0,0,0
3277,0,1,0,0,0,0,0,0,0
3278,0,1,0,0,0,0,0,0,0
3279,0,1,0,0,0,0,0,0,0
3280,0,1,0,0,0,0,0,0,0
3281,0,1,0,0,0,0,0,0,0
3282,0,1,0,0,0,0,0,0,0
3283,0,1,0,0,0,0,0,0,0
3284,0,1,0,0,0,0,0,0,0
3285,0,1,0,0,0,0,0,0,0
3286,0,1,0,0,0,0,0,0,0
3287,0,1,0,0,0,0,0,0,0
3288,0,1,0,0,0,0,0,0,0
3289,0,1,0,0,0,0,0,0,0
3290,0,1,0,0,0,0,0,0,0
3291,0,1,0,0,0,0,0,0,0
3292,0,1,0,0,0,0,0,0,0
3293,0,1,0,0,0,0,0,0,0
3294,0,1,0,0,0,0,0,0,0
3295,0,1,0,0,0,0,0,0,0
3296,0,1,0,0,0,0,0,0,0
3297,0,1,0,0,0,0,0,0,0
3298,0,1,0,0,0,0,0,0,0
3299,0,1,0,0,0,0,0,0,0
3300,0,1,0,0,0,0,0,0,0
3301,0,1,0,0,0,0,0,0,0
3302,0,1,0,0,0,0,0,0,0
3303,0,1,0,0,0,0,0,0,0
3304,0,1,0,0,0,0,0,0,0
3305,0,1,0,0,0,0,0,0,0
3306,0,1,0,0,0,0,0,0,0
3307,0,1,0,0,0,0,0,0,0
3308,0,1,0,0,0,0,0,0,0
3309,0,1,0,0,0,0,0,0,0
3310,0,1,0,0,0,0,0,0,0
3311,0,1,0,0,0,0,0,0,0
3312,0,1,0,0,0,0,0,0,0
3313,0,1,0,0,0,0,0,0,0
3314,0,1,0,0,0,0,0,0,0
3315,0,1,0,0,0,0,0,0,0
3316,0,1,0,0,0,0,0,0,0
3317,0,1,0,0,0,0,0,0,0
3318,0,1,0,0,0,0,0,0,0
3319,0,1,0,0,0,0,0,0,0
3320,0,1,0,0,0,0,0,0,0
3321,0,1,0,0,0,0,0,0,0
3322,0,1,0,0,0,0,0,0,0
3323,0,1,0,0,0,0,0,0,0
3324,0,1,0,0,0,0,0,0,0
3325,0,1,0,0,0,0,0,0,0
3326,0,1,0,0,0,0,0,0,0
3327,0,1,0,0,0,0,0,0,0
3328,0,1,0,0,0,0,0,0,0
3329,0,1,0,0,0,0,0,0,0
3330,0,1,0,0,0,0,0,0,0
3331,0,1,0,0,0,0,0,0,0
3332,0,1,0,0,0,0,0,0,0
3333,0,1,0,0,0,0,0,0,0
3334,0,1,0,0,0,0,0,0,0
3335,0,1,0,0,0,0,0,0,0
3336,0,1,0,0,0,0,0,0,0
3337,0,1,0,0,0,0,0,0,0
3338,0,1,0,0,0,0,0,0,0
3339,0,1,0,0,0,0,0,0,0
3340,0,1,0,0,0,0,0,0,0
3341,0,1,0,0,0,0,0,0,0
3342,0,1,0,0,0,0,0,0,0
3343,0,1,0,0,0,0,0,0,0
3344,0,1,0,0,0,0,0,0,0
3345,0,1,0,0,0,0,0,0,0
3346,0,1,0,0,0,0,0,0,0
3347,0,1,0,0,0,0,0,0,0
3348,0,1,0,0,0,0,0,0,0
3349,0,1,0,0,0,0,0,0,0
3350,0,1,0,0,0,0,0,0,0
3351,0,1,0,0,0,0,0,0,0
3352,0,1,0,0,0,0,0,0,0
3353,0,1,0,0,0,0,0,0,0
3354,0,1,0,0,0,0,0,0,0
3355,0,1,0,0,0,0,0,0,0
3356,0,1,0,0,0,0,0,0,0
3357,0,1,0,0,0,0,0,0,0
3358,0,1,0,0,0,0,0,0,0
3359,0,1,0,0,0,0,0,0,0
3360,0,1,0,0,0,0,0,0,0
3361,0,1,0,0,0,0,0,0,0
3362,0,1,0,0,0,0,0,0,0
3363,0,1,0,0,0,0,0,0,0
3364,0,1,0,0,0,0,0,0,0
3365,0,1,0,0,0,0,0,0,0
3366,0,1,0,0,0,0,0,0,0
3367,0,1,0,0,0,0,0,0,0
3368,0,1,0,0,0,0,0,0,0
3369,0,1,0,0,0,0,0,0,0
3370,0,1,0,0,0,0,0,0,0
3371,0,1,0,0,0,0,0,0,0
3372,0,1,0,0,0,0,0,0,0
3373,0,1,0,0,0,0,0,0,0
3374,0,1,0,0,0,0,0,0,0
3375,0,1,0,0,0,0,0,0,0
3376,0,1,0,0,0,0,0,0,0
3377,0,1,0,0,0,0,0,0,0
3378,0,1,0,0,0,0,0,0,0
3379,0,1,0,0,0,0,0,0,0
3380,0,1,0,0,0,0,0,0,0
3381,0,1,0,0,0,0,0,0,0
3382,0,1,0,0,0,0,0,0,0
3383,0,1,0,0,0,0,0,0,0
3384,0,1,0,0,0,0,0,0,0
3385,0,1,0,0,0,0,0,0,0
3386,0,1,0,0,0,0,0,0,0
3387,0,1,0,0,0,0,0,0,0
3388,0,1,0,0,0,0,0,0,0
3389,0,1,0,0,0,0,0,0,0
3390,0,1,0,0,0,0,0,0,0
3391,0,1,0,0,0,0,0,0,0
3392,0,1,0,0,0,0,0,0,0
3393,0,1,0,0,0,0,0,0,0
3394,0,1,0,0,0,0,0,0,0
3395,0,1,0,0,0,0,0,0,0
3396,0,1,0,0,0,0,0,0,0
3397,0,1,0,0,0,0,0,0,0
3398,0,1,0,0,0,0,0,0,0
3399,0,1,0,0,0,0,0,0,0
3400,0,1,0,0,0,0,0,0,0
3401,0,1,0,0,0,0,0,0,0
3402,0,1,0,0,0,0,0,0,0
3403,0,1,0,0,0,0,0,0,0
3404,0,1,0,0,0,0,0,0,0
3405,0,1,0,0,0,0,0,0,0
3406,0,1,0,0,0,0,0,0,0
3407,0,1,0,0,0,0,0,0,0
3408,0,1,0,0,0,0,0,0,0
3409,0,1,0,0,0,0,0,0,0
3410,0,1,0,0,0,0,0,0,0
3411,0,1,0,0,0,0,0,0,0
3412,0,1,0,0,0,0,0,0,0
3413,0,1,0,0,0,0,0,0,0
3414,0,1,0,0,0,0,0,0,0
3415,0,1,0,0,0,0,0,0,0
3416,0,1,0,0,0,0,0,0,0
3417,0,1,0,0,0,0,0,0,0
3418,0,1,0,0,0,0,0,0,0
3419,0,1,0,0,0,0,0,0,0
3420,0,1,0,0,0,0,0,0,0
3421,0,1,0,0,0,0,0,0,0
3422,0,1,0,0,0,0,0,0,0
3423,0,1,0,0,0,0,0,0,0
3424,0,1,0,0,0,0,0,0,0
3425,0,1,0,0,0,0,0,0,0
3426,0,1,0,0,0,0,0,0,0
3427,0,1,0,0,0,0,0,0,0
3428,0,1,0,0,0,0,0,0,0
3429,0,1,0,0,0,0,0,0,0
3430,0,1,0,0,0,0,0,0,0
3431,0,1,0,0,0,0,0,0,0
3432,0,1,0,0,0,0,0,0,0
3433,0,1,0,0,0,0,0,0,0
3434,0,1,0,0,0,0,0,0,0
3435,0,1,0,0,0,0,0,0,0
3436,0,1,0,0,0,0,0,0,0
3437,0,1,0,0,0,0,0,0,0
3438,0,1,0,0,0,0,0,0,0
3439,0,1,0,0,0,0,0,0,0
3440,0,1,0,0,0,0,0,0,0
3441,0,1,0,0,0,0,0,0,0
3442,0,1,0,0,0,0,0,0,0
3443,0,1,0,0,0,0,0,0,0
3444,0,1,0,0,0,0,0,0,0
3445,0,1,0,0,0,0,0,0,0
3446,0,1,0,0,0,0,0,0,0
3447,0,1,0,0,0,0,0,0,0
3448,0,1,0,0,0,0,0,0,0
3449,0,1,0,0,0,0,0,0,0
3450,0,1,0,0,0,0,0,0,0
3451,0,1,0,0,0,0,0,0,0
3452,0,1,0,0,0,0,0,0,0
3453,0,1,0,0,0,0,0,0,0
3454,0,1,0,0,0,0,0,0,0
3455,0,1,0,0,0,0,0,0,0
3456,0,1,0,0,0,0,0,0,0
3457,0,1,0,0,0,0,0,0,0
3458,0,1,0,0,0,0,0,0,0
3459,0,1,0,0,0,0,0,0,0
3460,0,1,0,0,0,0,0,0,0
3461,0,1,0,0,0,0,0,0,0
3462,0,1,0,0,0,0,0,0,0
3463,0,1,0,0,0,0,0,0,0
3464,0,1,0,0,0,0,0,0,0
3465,0,1,0,0,0,0,0,0,0
3466,0,1,0,0,0,0,0,0,0
3467,0,1,0,0,0,0,0,0,0
3468,0,1,0,0,0,0,0,0,0
3469,0,1,0,0,0,0,0,0,0
3470,0,1,0,0,0,0,0,0,0
3471,0,1,0,0,0,0,0,0,0
3472,0,1,0,0,0,0,0,0,0
3473,0,1,0,0,0,0,0,0,0
3474,0,1,0,0,0,0,0,0,0
3475,0,1,0,0,0,0,0,0,0
3476,0,1,0,0,0,0,0,0,0
3477,0,1,0,0,0,0,0,0,0
3478,0,1,0,0,0,0,0,0,0
3479,0,1,0,0,0,0,0,0,0
3480,0,1,0,0,0,0,0,0,0
3481,0,1,0,0,0,0,0,0,0
3482,0,1,0,0,0,0,0,0,0
3483,0,1,0,0,0,0,0,0,0
3484,0,1,0,0,0,0,0,0,0
3485,0,1,0,0,0,0,0,0,0
3486,0,1,0,0,0,0,0,0,0
3487,0,1,0,0,0,0,0,0,0
3488,0,1,0,0,0,0,0,0,0
3489,0,1,0,0,0,0,0,0,0
3490,0,1,0,0,0,0,0,0,0
3491,0,1,0,0,0,0,0,0,0
3492,0,1,0,0,0,0,0,0,0
3493,0,1,0,0,0,0,0,0,0
3494,0,1,0,0,0,0,0,0,0
3495,0,1,0,0,0,0,0,0,0
3496,0,1,0,0,0,0,0,0,0
3497,0,1,0,0,0,0,0,0,0
3498,0,1,0,0,0,0,0,0,0
3499,0,1,0,0,0,0,0,0,0
3500,0,1,0,0,0,0,0,0,0
3501,0,1,0,0,0,0,0,0,0
3502,0,1,0,0,0,0,0,0,0
3503,0,1,0,0,0,0,0,0,0
3504,0,1,0,0,0,0,0,0,0
3505,0,1,0,0,0,0,0,0,0
3506,0,1,0,0,0,0,0,0,0
3507,0,1,0,0,0,0,0,0,0
3508,0,1,0,0,0,0,0,0,0
3509,0,1,0,0,0,0,0,0,0
3510,0,1,0,0,0,0,0,0,0
3511,0,1,0,0,0,0,0,0,0
3512,0,1,0,0,0,0,0,0,0
3513,0,1,0,0,0,0,0,0,0
3514,0,1,0,0,0,0,0,0,0
3515,0,1,0,0,0,0,0,0,0
3516,0,1,0,0,0,0,0,0,0
3517,0,1,0,0,0,0,0,0,0
3518,0,1,0,0,0,0,0,0,0
3519,0,1,0,0,0,0,0,0,0
3520,0,1,0,0,0,0,0,0,0
3521,0,1,0,0,0,0,0,0,0
3522,0,1,0,0,0,0,0,0,0
3523,0,1,0,0,0,0,0,0,0
3524,0,1,0,0,0,0,0,0,0
3525,0,1,0,0,0,0,0,0,0
3526,0,1,0,0,0,0,0,0,0
3527,0,1,0,0,0,0,0,0,0
3528,0,1,0,0,0,0,0,0,0
3529,0,1,0,0,0,0,0,0,0
3530,0,1,0,0,0,0,0,0,0
3531,0,1,0,0,0,0,0,0,0
3532,0,1,0,0,0,0,0,0,0
3533,0,1,0,0,0,0,0,0,0
3534,0,1,0,0,0,0,0,0,0
3535,0,1,0,0,0,0,0,0,0
3536,0,1,0,0,0,0,0,0,0
3537,0,1,0,0,0,0,0,0,0
3538,0,1,0,0,0,0,0,0,0
3539,0,1,0,0,0,0,0,0,0
3540,0,1,0,0,0,0,0,0,0
3541,0,1,0,0,0,0,0,0,0
3542,0,1,0,0,0,0,0,0,0
3543,0,1,0,0,0,0,0,0,0
3544,0,1,0,0,0,0,0,0,0
3545,0,1,0,0,0,0,0,0,0
3546,0,1,0,0,0,0,0,0,0
3547,0,1,0,0,0,0,0,0,0
3548,0,1,0,0,0,0,0,0,0
3549,0,1,0,0,0,0,0,0,0
3550,0,1,0,0,0,0,0,0,0
3551,0,1,0,0,0,0,0,0,0
3552,0,1,0,0,0,0,0,0,0
3553,0,1,0,0,0,0,0,0,0
3554,0,1,0,0,0,0,0,0,0
3555,0,1,0,0,0,0,0,0,0
3556,0,1,0,0,0,0,0,0,0
3557,0,1,0,0,0,0,0,0,0
3558,0,1,0,0,0,0,0,0,0
3559,0,1,0,0,0,0,0,0,0
3560,0,1,0,0,0,0,0,0,0
3561,0,1,0,0,0,0,0,0,0
3562,0,1,0,0,0,0,0,0,0
3563,0,1,0,0,0,0,0,0,0
3564,0,1,0,0,0,0,0,0,0
3565,0,1,0,0,0,0,0,0,0
3566,0,1,0,0,0,0,0,0,0
3567,0,1,0,0,0,0,0,0,0
3568,0,1,0,0,0,0,0,0,0
3569,0,1,0,0,0,0,0,0,0
3570,0,1,0,0,0,0,0,0,0
3571,0,1,0,0,0,0,0,0,0
3572,0,1,0,0,0,0,0,0,0
3573,0,1,0,0,0,0,0,0,0
3574,0,1,0,0,0,0,0,0,0
3575,0,1,0,0,0,0,0,0,0
3576,0,1,0,0,0,0,0,0,0
3577,0,1,0,0,0,0,0,0,0
3578,0,1,0,0,0,0,0,0,0
3579,0,1,0,0,0,0,0,0,0
3580,0,1,0,0,0,0,0,0,0
3581,0,1,0,0,0,0,0,0,0
3582,0,1,0,0,0,0,0,0,0
3583,0,1,0,0,0,0,0,0,0
3584,0,1,0,0,0,0,0,0,0
3585,0,1,0,0,0,0,0,0,0
3586,0,1,0,0,0,0,0,0,0
3587,0,1,0,0,0,0,0,0,0
3588,0,1,0,0,0,0,0,0,0
3589,0,1,0,0,0,0,0,0,0
3590,0,1,0,0,0,0,0,0,0
3591,0,1,0,0,0,0,0,0,0
3592,0,1,0,0,0,0,0,0,0
3593,0,1,0,0,0,0,0,0,0
3594,0,1,0,0,0,0,0,0,0
3595,0,1,0,0,0,0,0,0,0
3596,0,1,0,0,0,0,0,0,0
3597,0,1,0,0,0,0,0,0,0
3598,0,1,0,0,0,0,0,0,0
3599,0,1,0,0,0,0,0,0,0
3600,0,1,0,0,0,0,0,0,0
3601,0,1,0,0,0,0,0,0,0
3602,0,1,0,0,0,0,0,0,0
3603,0,1,0,0,0,0,0,0,0
3604,0,1,0,0,0,0,0,0,0
3605,0,1,0,0,0,0,0,0,0
3606,0,1,0,0,0,0,0,0,0
3607,0,1,0,0,0,0,0,0,0
3608,0,1,0,0,0,0,0,0,0
3609,0,1,0,0,0,0,0,0,0
3610,0,1,0,0,0,0,0,0,0
3611,0,1,0,0,0,0,0,0,0
3612,0,1,0,0,0,0,0,0,0
3613,0,1,0,0,0,0,0,0,0
3614,0,1,0,0,0,0,0,0,0
3615,0,1,0,0,0,0,0,0,0
3616,0,1,0,0,0,0,0,0,0
3617,0,1,0,0,0,0,0,0,0
3618,0,1,0,0,0,0,0,0,0
3619,0,1,0,0,0,0,0,0,0
3620,0,1,0,0,0,0,0,0,0
3621,0,1,0,0,0,0,0,0,0
3622,0,1,0,0,0,0,0,0,0
3623,0,1,0,0,0,0,0,0,0
3624,0,1,0,0,0,0,0,0,0
3625,0,1,0,0,0,0,0,0,0
3626,0,1,0,0,0,0,0,0,0
3627,0,1,0,0,0,0,0,0,0
3628,0,1,0,0,0,0,0,0,0
3629,0,1,0,0,0,0,0,0,0
3630,0,1,0,0,0,0,0,0,0
3631,0,1,0,0,0,0,0,0,0
3632,0,1,0,0,0,0,0,0,0
3633,0,1,0,0,0,0,0,0,0
3634,0,1,0,0,0,0,0,0,0
3635,0,1,0,0,0,0,0,0,0
3636,0,1,0,0,0,0,0,0,0
3637,0,1,0,0,0,0,0,0,0
3638,0,1,0,0,0,0,0,0,0
3639,0,1,0,0,0,0,0,0,0
3640,0,1,0,0,0,0,0,0,0
3641,0,1,0,0,0,0,0,0,0
3642,0,1,0,0,0,0,0,0,0
3643,0,1,0,0,0,0,0,0,0
3644,0,1,0,0,0,0,0,0,0
3645,0,1,0,0,0,0,0,0,0
3646,0,1,0,0,0,0,0,0,0
3647,0,1,0,0,0,0,0,0,0
3648,0,1,0,0,0,0,0,0,0
3649,0,1,0,0,0,0,0,0,0
3650,0,1,0,0,0,0,0,0,0
3651,0,1,0,0,0,0,0,0,0
3652,0,1,0,0,0,0,0,0,0
3653,0,1,0,0,0,0,0,0,0
3654,0,1,0,0,0,0,0,0,0
3655,0,1,0,0,0,0,0,0,0
3656,0,1,0,0,0,0,0,0,0
3657,0,1,0,0,0,0,0,0,0
3658,0,1,0,0,0,0,0,0,0
3659,0,1,0,0,0,0,0,0,0
3660,0,1,0,0,0,0,0,0,0
3661,0,1,0,0,0,0,0,0,0
3662,0,1,0,0,0,0,0,0,0
3663,0,1,0,0,0,0,0,0,0
3664,0,1,0,0,0,0,0,0,0
3665,0,1,0,0,0,0,0,0,0
3666,0,1,0,0,0,0,0,0,0
3667,0,1,0,0,0,0,0,0,0
3668,0,1,0,0,0,0,0,0,0
3669,0,1,0,0,0,0,0,0,0
3670,0,1,0,0,0,0,0,0,0
3671,0,1,0,0,0,0,0,0,0
3672,0,1,0,0,0,0,0,0,0
3673,0,1,0,0,0,0,0,0,0
3674,0,1,0,0,0,0,0,0,0
3675,0,1,0,0,0,0,0,0,0
3676,0,1,0,0,0,0,0,0,0
3677,0,1,0,0,0,0,0,0,0
3678,0,1,0,0,0,0,0,0,0
3679,0,1,0,0,0,0,0,0,0
3680,0,1,0,0,0,0,0,0,0
3681,0,1,0,0,0,0,0,0,0
3682,0,1,0,0,0,0,0,0,0
3683,0,1,0,0,0,0,0,0,0
3684,0,1,0,0,0,0,0,0,0
3685,0,1,0,0,0,0,0,0,0
3686,0,1,0,0,0,0,0,0,0
3687,0,1,0,0,0,0,0,0,0
3688,0,1,0,0,0,0,0,0,0
3689,0,1,0,0,0,0,0,0,0
3690,0,1,0,0,0,0,0,0,0
3691,0,1,0,0,0,0,0,0,0
3692,0,1,0,0,0,0,0,0,0
3693,0,1,0,0,0,0,0,0,0
3694,0,1,0,0,0,0,0,0,0
3695,0,1,0,0,0,0,0,0,0
3696,0,1,0,0,0,0,0,0,0
3697,0,1,0,0,0,0,0,0,0
3698,0,1,0,0,0,0,0,0,0
3699,0,1,0,0,0,0,0,0,0
3700,0,1,0,0,0,0,0,0,0
3701,0,1,0,0,0,0,0,0,0
3702,0,1,0,0,0,0,0,0,0
3703,0,1,0,0,0,0,0,0,0
3704,0,1,0,0,0,0,0,0,0
3705,0,1,0,0,0,0,0,0,0
3706,0,1,0,0,0,0,0,0,0
3707,0,1,0,0,0,0,0,0,0
3708,0,1,0,0,0,0,0,0,0
3709,0,1,0,0,0,0,0,0,0
3710,0,1,0,0,0,0,0,0,0
3711,0,1,0,0,0,0,0,0,0
3712,0,1,0,0,0,0,0,0,0
3713,0,1,0,0,0,0,0,0,0
3714,0,1,0,0,0,0,0,0,0
3715,0,1,0,0,0,0,0,0,0
3716,0,1,0,0,0,0,0,0,0
3717,0,1,0,0,0,0,0,0,0
3718,0,1,0,0,0,0,0,0,0
3719,0,1,0,0,0,0,0,0,0
3720,0,1,0,0,0,0,0,0,0
3721,0,1,0,0,0,0,0,0,0
3722,0,1,0,0,0,0,0,0,0
3723,0,1,0,0,0,0,0,0,0
3724,0,1,0,0,0,0,0,0,0
3725,0,1,0,0,0,0,0,0,0
3726,0,1,0,0,0,0,0,0,0
3727,0,1,0,0,0,0,0,0,0
3728,0,1,0,0,0,0,0,0,0
3729,0,1,0,0,0,0,0,0,0
3730,0,1,0,0,0,0,0,0,0
3731,0,1,0,0,0,0,0,0,0
3732,0,1,0,0,0,0,0,0,0
3733,0,1,0,0,0,0,0,0,0
3734,0,1,0,0,0,0,0,0,0
3735,0,1,0,0,0,0,0,0,0
3736,0,1,0,0,0,0,0,0,0
3737,0,1,0,0,0,0,0,0,0
3738,0,1,0,0,0,0,0,0,0
3739,0,1,0,0,0,0,0,0,0
3740,0,1,0,0,0,0,0,0,0
3741,0,1,0,0,0,0,0,0,0
3742,0,1,0,0,0,0,0,0,0
3743,0,1,0,0,0,0,0,0,0
3744,0,1,0,0,0,0,0,0,0
3745,0,1,0,0,0,0,0,0,0
3746,0,1,0,0,0,0,0,0,0
3747,0,1,0,0,0,0,0,0,0
3748,0,1,0,0,0,0,0,0,0
3749,0,1,0,0,0,0,0,0,0
3750,0,1,0,0,0,0,0,0,0
3751,0,1,0,0,0,0,0,0,0
3752,0,1,0,0,0,0,0,0,0
3753,0,1,0,0,0,0,0,0,0
3754,0,1,0,0,0,0,0,0,0
3755,0,1,0,0,0,0,0,0,0
3756,0,1,0,0,0,0,0,0,0
3757,0,1,0,0,0,0,0,0,0
3758,0,1,0,0,0,0,0,0,0
3759,0,1,0,0,0,0,0,0,0
3760,0,1,0,0,0,0,0,0,0
3761,0,1,0,0,0,0,0,0,0
3762,0,1,0,0,0,0,0,0,0
3763,0,1,0,0,0,0,0,0,0
3764,0,1,0,0,0,0,0,0,0
3765,0,1,0,0,0,0,0,0,0
3766,0,1,0,0,0,0,0,0,0
3767,0,1,0,0,0,0,0,0,0
3768,0,1,0,0,0,0,0,0,0
3769,0,1,0,0,0,0,0,0,0
3770,0,1,0,0,0,0,0,0,0
3771,0,1,0,0,0,0,0,0,0
3772,0,1,0,0,0,0,0,0,0
3773,0,1,0,0,0,0,0,0,0
3774,0,1,0,0,0,0,0,0,0
3775,0,1,0,0,0,0,0,0,0
3776,0,1,0,0,0,0,0,0,0
3777,0,1,0,0,0,0,0,0,0
3778,0,1,0,0,0,0,0,0,0
3779,0,1,0,0,0,0,0,0,0
3780,0,1,0,0,0,0,0,0,0
3781,0,1,0,0,0,0,0,0,0
3782,0,1,0,0,0,0,0,0,0
3783,0,1,0,0,0,0,0,0,0
3784,0,1,0,0,0,0,0,0,0
3785,0,1,0,0,0,0,0,0,0
3786,0,1,0,0,0,0,0,0,0
3787,0,1,0,0,0,0,0,0,0
3788,0,1,0,0,0,0,0,0,0
3789,0,1,0,0,0,0,0,0,0
3790,0,1,0,0,0,0,0,0,0
3791,0,1,0,0,0,0,0,0,0
3792,0,1,0,0,0,0,0,0,0
3793,0,1,0,0,0,0,0,0,0
3794,0,1,0,0,0,0,0,0,0
3795,0,1,0,0,0,0,0,0,0
3796,0,1,0,0,0,0,0,0,0
3797,0,1,0,0,0,0,0,0,0
3798,0,1,0,0,0,0,0,0,0
3799,0,1,0,0,0,0,0,0,0
3800,0,1,0,0,0,0,0,0,0
3801,0,1,0,0,0,0,0,0,0
3802,0,1,0,0,0,0,0,0,0
3803,0,1,0,0,0,0,0,0,0
3804,0,1,0,0,0,0,0,0,0
3805,0,1,0,0,0,0,0,0,0
3806,0,1,0,0,0,0,0,0,0
3807,0,1,0,0,0,0,0,0,0
3808,0,1,0,0,0,0,0,0,0
3809,0,1,0,0,0,0,0,0,0
3810,0,1,0,0,0,0,0,0,0
3811,0,1,0,0,0,0,0,0,0
3812,0,1,0,0,0,0,0,0,0
3813,0,1,0,0,0,0,0,0,0
3814,0,1,0,0,0,0,0,0,0
3815,0,1,0,0,0,0,0,0,0
3816,0,1,0,0,0,0,0,0,0
3817,0,1,0,0,0,0,0,0,0
3818,0,1,0,0,0,0,0,0,0
3819,0,1,0,0,0,0,0,0,0
3820,0,1,0,0,0,0,0,0,0
3821,0,1,0,0,0,0,0,0,0
3822,0,1,0,0,0,0,0,0,0
3823,0,1,0,0,0,0,0,0,0
3824,0,1,0,0,0,0,0,0,0
3825,0,1,0,0,0,0,0,0,0
3826,0,1,0,0,0,0,0,0,0
3827,0,1,0,0,0,0,0,0,0
3828,0,1,0,0,0,0,0,0,0
3829,0,1,0,0,0,0,0,0,0
3830,0,1,0,0,0,0,0,0,0
3831,0,1,0,0,0,0,0,0,0
3832,0,1,0,0,0,0,0,0,0
3833,0,1,0,0,0,0,0,0,0
3834,0,1,0,0,0,0,0,0,0
3835,0,1,0,0,0,0,0,0,0
3836,0,1,0,0,0,0,0,0,0
3837,0,1,0,0,0,0,0,0,0
3838,0,1,0,0,0,0,0,0,0
3839,0,1,0,0,0,0,0,0,0
3840,0,1,0,0,0,0,0,0,0
3841,0,1,0,0,0,0,0,0,0
3842,0,1,0,0,0,0,0,0,0
3843,0,1,0,0,0,0,0,0,0
3844,0,1,0,0,0,0,0,0,0
3845,0,1,0,0,0,0,0,0,0
3846,0,1,0,0,0,0,0,0,0
3847,0,1,0,0,0,0,0,0,0
3848,0,1,0,0,0,0,0,0,0
3849,0,1,0,0,0,0,0,0,0
3850,0,1,0,0,0,0,0,0,0
3851,0,1,0,0,0,0,0,0,0
3852,0,1,0,0,0,0,0,0,0
3853,0,1,0,0,0,0,0,0,0
3854,0,1,0,0,0,0,0,0,0
3855,0,1,0,0,0,0,0,0,0
3856,0,1,0,0,0,0,0,0,0
3857,0,1,0,0,0,0,0,0,0
3858,0,1,0,0,0,0,0,0,0
3859,0,1,0,0,0,0,0,0,0
3860,0,1,0,0,0,0,0,0,0
3861,0,1,0,0,0,0,0,0,0
3862,0,1,0,0,0,0,0,0,0
3863,0,1,0,0,0,0,0,0,0
3864,0,1,0,0,0,0,0,0,0
3865,0,1,0,0,0,0,0,0,0
3866,0,1,0,0,0,0,0,0,0
3867,0,1,0,0,0,0,0,0,0
3868,0,1,0,0,0,0,0,0,0
3869,0,1,0,0,0,0,0,0,0
3870,0,1,0,0,0,0,0,0,0
3871,0,1,0,0,0,0,0,0,0
3872,0,1,0,0,0,0,0,0,0
3873,0,1,0,0,0,0,0,0,0
3874,0,1,0,0,0,0,0,0,0
3875,0,1,0,0,0,0,0,0,0
3876,0,1,0,0,0,0,0,0,0
3877,0,1,0,0,0,0,0,0,0
3878,0,1,0,0,0,0,0,0,0
3879,0,1,0,0,0,0,0,0,0
3880,0,1,0,0,0,0,0,0,0
3881,0,1,0,0,0,0,0,0,0
3882,0,1,0,0,0,0,0,0,0
3883,0,1,0,0,0,0,0,0,0
3884,0,1,0,0,0,0,0,0,0
3885,0,1,0,0,0,0,0,0,0
3886,0,1,0,0,0,0,0,0,0
3887,0,1,0,0,0,0,0,0,0
3888,0,1,0,0,0,0,0,0,0
3889,0,1,0,0,0,0,0,0,0
3890,0,1,0,0,0,0,0,0,0
3891,0,1,0,0,0,0,0,0,0
3892,0,1,0,0,0,0,0,0,0
3893,0,1,0,0,0,0,0,0,0
3894,0,1,0,0,0,0,0,0,0
3895,0,1,0,0,0,0,0,0,0
3896,0,1,0,0,0,0,0,0,0
3897,0,1,0,0,0,0,0,0,0
3898,0,1,0,0,0,0,0,0,0
3899,0,1,0,0,0,0,0,0,0
3900,0,1,0,0,0,0,0,0,0
3901,0,1,0,0,0,0,0,0,0
3902,0,1,0,0,0,0,0,0,0
3903,0,1,0,0,0,0,0,0,0
3904,0,1,0,0,0,0,0,0,0
3905,0,1,0,0,0,0,0,0,0
3906,0,1,0,0,0,0,0,0,0
3907,0,1,0,0,0,0,0,0,0
3908,0,1,0,0,0,0,0,0,0
3909,0,1,0,0,0,0,0,0,0
3910,0,1,0,0,0,0,0,0,0
3911,0,1,0,0,0,0,0,0,0
3912,0,1,0,0,0,0,0,0,0
3913,0,1,0,0,0,0,0,0,0
3914,0,1,0,0,0,0,0,0,0
3915,0,1,0,0,0,0,0,0,0
3916,0,1,0,0,0,0,0,0,0
3917,0,1,0,0,0,0,0,0,0
3918,0,1,0,0,0,0,0,0,0
3919,0,1,0,0,0,0,0,0,0
3920,0,1,0,0,0,0,0,0,0
3921,0,1,0,0,0,0,0,0,0
3922,0,1,0,0,0,0,0,0,0
3923,0,1,0,0,0,0,0,0,0
3924,0,1,0,0,0,0,0,0,0
3925,0,1,0,0,0,0,0,0,0
3926,0,1,0,0,0,0,0,0,0
3927,0,1,0,0,0,0,0,0,0
3928,0,1,0,0,0,0,0,0,0
3929,0,1,0,0,0,0,0,0,0
3930,0,1,0,0,0,0,0,0,0
3931,0,1,0,0,0,0,0,0,0
3932,0,1,0,0,0,0,0,0,0
3933,0,1,0,0,0,0,0,0,0
3934,0,1,0,0,0,0,0,0,0
3935,0,1,0,0,0,0,0,0,0
3936,0,1,0,0,0,0,0,0,0
3937,0,1,0,0,0,0,0,0,0
3938,0,1,0,0,0,0,0,0,0
3939,0,1,0,0,0,0,0,0,0
3940,0,1,0,0,0,0,0,0,0
3941,0,1,0,0,0,0,0,0,0
3942,0,1,0,0,0,0,0,0,0
3943,0,1,0,0,0,0,0,0,0
3944,0,1,0,0,0,0,0,0,0
3945,0,1,0,0,0,0,0,0,0
3946,0,1,0,0,0,0,0,0,0
3947,0,1,0,0,0,0,0,0,0
3948,0,1,0,0,0,0,0,0,0
3949,0,1,0,0,0,0,0,0,0
3950,0,1,0,0,0,0,0,0,0
3951,0,1,0,0,0,0,0,0,0
3952,0,1,0,0,0,0,0,0,0
3953,0,1,0,0,0,0,0,0,0
3954,0,1,0,0,0,0,0,0,0
3955,0,1,0,0,0,0,0,0,0
3956,0,1,0,0,0,0,0,0,0
3957,0,1,0,0,0,0,0,0,0
3958,0,1,0,0,0,0,0,0,0
3959,0,1,0,0,0,0,0,0,0
3960,0,1,0,0,0,0,0,0,0
3961,0,1,0,0,0,0,0,0,0
3962,0,1,0,0,0,0,0,0,0
3963,0,1,0,0,0,0,0,0,0
3964,0,1,0,0,0,0,0,0,0
3965,0,1,0,0,0,0,0,0,0
3966,0,1,0,0,0,0,0,0,0
3967,0,1,0,0,0,0,0,0,0
3968,0,1,0,0,0,0,0,0,0
3969,0,1,0,0,0,0,0,0,0
3970,0,1,0,0,0,0,0,0,0
3971,0,1,0,0,0,0,0,0,0
3972,0,1,0,0,0,0,0,0,0
3973,0,1,0,0,0,0,0,0,0
3974,0,1,0,0,0,0,0,0,0
3975,0,1,0,0,0,0,0,0,0
3976,0,1,0,0,0,0,0,0,0
3977,0,1,0,0,0,0,0,0,0
3978,0,1,0,0,0,0,0,0,0
3979,0,1,0,0,0,0,0,0,0
3980,0,1,0,0,0,0,0,0,0
3981,0,1,0,0,0,0,0,0,0
3982,0,1,0,0,0,0,0,0,0
3983,0,1,0,0,0,0,0,0,0
3984,0,1,0,0,0,0,0,0,0
3985,0,1,0,0,0,0,0,0,0
3986,0,1,0,0,0,0,0,0,0
3987,0,1,0,0,0,0,0,0,0
3988,0,1,0,0,0,0,0,0,0
3989,0,1,0,0,0,0,0,0,0
3990,0,1,0,0,0,0,0,0,0
3991,0,1,0,0,0,0,0,0,0
3992,0,1,0,0,0,0,0,0,0
3993,0,1,0,0,0,0,0,0,0
3994,0,1,0,0,0,0,0,0,0
3995,0,1,0,0,0,0,0,0,0
3996,0,1,0,0,0,0,0,0,0
3997,0,1,0,0,0,0,0,0,0
3998,0,1,0,0,0,0,0,0,0
3999,0,1,0,0,0,0,0,0,0
4000,0,1,0,0,0,0,0,0,0
4001,0,1,0,0,0,0,0,0,0
4002,0,1,0,0,0,0,0,0,0
4003,0,1,0,0,0,0,0,0,0
4004,0,1,0,0,0,0,0,0,0
4005,0,1,0,0,0,0,0,0,0
4006,0,1,0,0,0,0,0,0,0
4007,0,1,0,0,0,0,0,0,0
4008,0,1,0,0,0,0,0,0,0
4009,0,1,0,0,0,0,0,0,0
4010,0,1,0,0,0,0,0,0,0
4011,0,1,0,0,0,0,0,0,0
4012,0,1,0,0,0,0,0,0,0
4013,0,1,0,0,0,0,0,0,0
4014,0,1,0,0,0,0,0,0,0
4015,0,1,0,0,0,0,0,0,0
4016,0,1,0,0,0,0,0,0,0
4017,0,1,0,0,0,0,0,0,0
4018,0,1,0,0,0,0,0,0,0
4019,0,1,0,0,0,0,0,0,0
4020,0,1,0,0,0,0,0,0,0
4021,0,1,0,0,0,0,0,0,0
4022,0,1,0,0,0,0,0,0,0
4023,0,1,0,0,0,0,0,0,0
4024,0,1,0,0,0,0,0,0,0
4025,0,1,0,0,0,0,0,0,0
4026,0,1,0,0,0,0,0,0,0
4027,0,1,0,0,0,0,0,0,0
4028,0,1,0,0,0,0,0,0,0
4029,0,1,0,0,0,0,0,0,0
4030,0,1,0,0,0,0,0,0,0
4031,0,1,0,0,0,0,0,0,0
4032,0,1,0,0,0,0,0,0,0
4033,0,1,0,0,0,0,0,0,0
4034,0,1,0,0,0,0,0,0,0
4035,0,1,0,0,0,0,0,0,0
4036,0,1,0,0,0,0,0,0,0
4037,0,1,0,0,0,0,0,0,0
4038,0,1,0,0,0,0,0,0,0
4039,0,1,0,0,0,0,0,0,0
4040,0,1,0,0,0,0,0,0,0
4041,0,1,0,0,0,0,0,0,0
4042,0,1,0,0,0,0,0,0,0
4043,0,1,0,0,0,0,0,0,0
4044,0,1,0,0,0,0,0,0,0
4045,0,1,0,0,0,0,0,0,0
4046,0,1,0,0,0,0,0,0,0
4047,0,1,0,0,0,0,0,0,0
4048,0,1,0,0,0,0,0,0,0
4049,0,1,0,0,0,0,0,0,0
4050,0,1,0,0,0,0,0,0,0
4051,0,1,0,0,0,0,0,0,0
4052,0,1,0,0,0,0,0,0,0
4053,0,1,0,0,0,0,0,0,0
4054,0,1,0,0,0,0,0,0,0
4055,0,1,0,0,0,0,0,0,0
4056,0,1,0,0,0,0,0,0,0
4057,0,1,0,0,0,0,0,0,0
4058,0,1,0,0,0,0,0,0,0
4059,0,1,0,0,0,0,0,0,0
4060,0,1,0,0,0,0,0,0,0
4061,0,1,0,0,0,0,0,0,0
4062,0,1,0,0,0,0,0,0,0
4063,0,1,0,0,0,0,0,0,0
4064,0,1,0,0,0,0,0,0,0
4065,0,1,0,0,0,0,0,0,0
4066,0,1,0,0,0,0,0,0,0
4067,0,1,0,0,0,0,0,0,0
4068,0,1,0,0,0,0,0,0,0
4069,0,1,0,0,0,0,0,0,0
4070,0,1,0,0,0,0,0,0,0
4071,0,1,0,0,0,0,0,0,0
4072,0,1,0,0,0,0,0,0,0
4073,0,1,0,0,0,0,0,0,0
4074,0,1,0,0,0,0,0,0,0
4075,0,1,0,0,0,0,0,0,0
4076,0,1,0,0,0,0,0,0,0
4077,0,1,0,0,0,0,0,0,0
4078,0,1,0,0,0,0,0,0,0
4079,0,1,0,0,0,0,0,0,0
4080,0,1,0,0,0,0,0,0,0
4081,0,1,0,0,0,0,0,0,0
4082,0,1,0,0,0,0,0,0,0
4083,0,1,0,0,0,0,0,0,0
4084,0,1,0,0,0,0,0,0,0
4085,0,1,0,0,0,0,0,0,0
4086,0,1,0,0,0,0,0,0,0
4087,0,1,0,0,0,0,0,0,0
4088,0,1,0,0,0,0,0,0,0
4089,0,1,0,0,0,0,0,0,0
4090,0,1,0,0,0,0,0,0,0
4091,0,1,0,0,0,0,0,0,0
4092,0,1,0,0,0,0,0,0,0
4093,0,1,0,0,0,0,0,0,0
4094,0,1,0,0,0,0,0,0,0
4095,0,1,0,0,0,0,0,0,0
4096,0,1,0,0,0,0,0,0,0
4097,0,1,0,0,0,0,0,0,0
4098,0,1,0,0,0,0,0,0,0
4099,0,1,0,0,0,0,0,0,0
4100,0,1,0,0,0,0,0,0,0
4101,0,1,0,0,0,0,0,0,0
4102,0,1,0,0,0,0,0,0,0
4103,0,1,0,0,0,0,0,0,0
4104,0,1,0,0,0,0,0,0,0
4105,0,1,0,0,0,0,0,0,0
4106,0,1,0,0,0,0,0,0,0
4107,0,1,0,0,0,0,0,0,0
4108,0,1,0,0,0,0,0,0,0
4109,0,1,0,0,0,0,0,0,0
4110,0,1,0,0,0,0,0,0,0
4111,0,1,0,0,0,0,0,0,0
4112,0,1,0,0,0,0,0,0,0
4113,0,1,0,0,0,0,0,0,0
4114,0,1,0,0,0,0,0,0,0
4115,0,1,0,0,0,0,0,0,0
4116,0,1,0,0,0,0,0,0,0
4117,0,1,0,0,0,0,0,0,0
4118,0,1,0,0,0,0,0,0,0
4119,0,1,0,0,0,0,0,0,0
4120,0,1,0,0,0,0,0,0,0
4121,0,1,0,0,0,0,0,0,0
4122,0,1,0,0,0,0,0,0,0
4123,0,1,0,0,0,0,0,0,0
4124,0,1,0,0,0,0,0,0,0
4125,0,1,0,0,0,0,0,0,0
4126,0,1,0,0,0,0,0,0,0
4127,0,1,0,0,0,0,0,0,0
4128,0,1,0,0,0,0,0,0,0
4129,0,1,0,0,0,0,0,0,0
4130,0,1,0,0,0,0,0,0,0
4131,0,1,0,0,0,0,0,0,0
4132,0,1,0,0,0,0,0,0,0
4133,0,1,0,0,0,0,0,0,0
4134,0,1,0,0,0,0,0,0,0
4135,0,1,0,0,0,0,0,0,0
4136,0,1,0,0,0,0,0,0,0
4137,0,1,0,0,0,0,0,0,0
4138,0,1,0,0,0,0,0,0,0
4139,0,1,0,0,0,0,0,0,0
4140,0,1,0,0,0,0,0,0,0
4141,0,1,0,0,0,0,0,0,0
4142,0,1,0,0,0,0,0,0,0
4143,0,1,0,0,0,0,0,0,0
4144,0,1,0,0,0,0,0,0,0
4145,0,1,0,0,0,0,0,0,0
4146,0,1,0,0,0,0,0,0,0
4147,0,1,0,0,0,0,0,0,0
4148,0,1,0,0,0,0,0,0,0
4149,0,1,0,0,0,0,0,0,0
4150,0,1,0,0,0,0,0,0,0
4151,0,1,0,0,0,0,0,0,0
4152,0,1,0,0,0,0,0,0,0
4153,0,1,0,0,0,0,0,0,0
4154,0,1,0,0,0,0,0,0,0
4155,0,1,0,0,0,0,0,0,0
4156,0,1,0,0,0,0,0,0,0
4157,0,1,0,0,0,0,0,0,0
4158,0,1,0,0,0,0,0,0,0
4159,0,1,0,0,0,0,0,0,0
4160,0,1,0,0,0,0,0,0,0
4161,0,1,0,0,0,0,0,0,0
4162,0,1,0,0,0,0,0,0,0
4163,0,1,0,0,0,0,0,0,0
4164,0,1,0,0,0,0,0,0,0
4165,0,1,0,0,0,0,0,0,0
4166,0,1,0,0,0,0,0,0,0
4167,0,1,0,0,0,0,0,0,0
4168,0,1,0,0,0,0,0,0,0
4169,0,1,0,0,0,0,0,0,0
4170,0,1,0,0,0,0,0,0,0
4171,0,1,0,0,0,0,0,0,0
4172,0,1,0,0,0,0,0,0,0
4173,0,1,0,0,0,0,0,0,0
4174,0,1,0,0,0,0,0,0,0
4175,0,1,0,0,0,0,0,0,0
4176,0,1,0,0,0,0,0,0,0
4177,0,1,0,0,0,0,0,0,0
4178,0,1,0,0,0,0,0,0,0
4179,0,1,0,0,0,0,0,0,0
4180,0,1,0,0,0,0,0,0,0
4181,0,1,0,0,0,0,0,0,0
4182,0,1,0,0,0,0,0,0,0
4183,0,1,0,0,0,0,0,0,0
4184,0,1,0,0,0,0,0,0,0
4185,0,1,0,0,0,0,0,0,0
4186,0,1,0,0,0,0,0,0,0
4187,0,1,0,0,0,0,0,0,0
4188,0,1,0,0,0,0,0,0,0
4189,0,1,0,0,0,0,0,0,0
4190,0,1,0,0,0,0,0,0,0
4191,0,1,0,0,0,0,0,0,0
4192,0,1,0,0,0,0,0,0,0
4193,0,1,0,0,0,0,0,0,0
4194,0,1,0,0,0,0,0,0,0
4195,0,1,0,0,0,0,0,0,0
4196,0,1,0,0,0,0,0,0,0
4197,0,1,0,0,0,0,0,0,0
4198,0,1,0,0,0,0,0,0,0
4199,0,1,0,0,0,0,0,0,0
4200,0,1,0,0,0,0,0,0,0
4201,0,1,0,0,0,0,0,0,0
4202,0,1,0,0,0,0,0,0,0
4203,0,1,0,0,0,0,0,0,0
4204,0,1,0,0,0,0,0,0,0
4205,0,1,0,0,0,0,0,0,0
4206,0,1,0,0,0,0,0,0,0
4207,0,1,0,0,0,0,0,0,0
4208,0,1,0,0,0,0,0,0,0
4209,0,1,0,0,0,0,0,0,0
4210,0,1,0,0,0,0,0,0,0
4211,0,1,0,0,0,0,0,0,0
4212,0,1,0,0,0,0,0,0,0
4213,0,1,0,0,0,0,0,0,0
4214,0,1,0,0,0,0,0,0,0
4215,0,1,0,0,0,0,0,0,0
4216,0,1,0,0,0,0,0,0,0
4217,0,1,0,0,0,0,0,0,0
4218,0,1,0,0,0,0,0,0,0
4219,0,1,0,0,0,0,0,0,0
4220,0,1,0,0,0,0,0,0,0
4221,0,1,0,0,0,0,0,0,0
4222,0,1,0,0,0,0,0,0,0
4223,0,1,0,0,0,0,0,0,0
4224,0,1,0,0,0,0,0,0,0
4225,0,1,0,0,0,0,0,0,0
4226,0,1,0,0,0,0,0,0,0
4227,0,1,0,0,0,0,0,0,0
4228,0,1,0,0,0,0,0,0,0
4229,0,1,0,0,0,0,0,0,0
4230,0,1,0,0,0,0,0,0,0
4231,0,1,0,0,0,0,0,0,0
4232,0,1,0,0,0,0,0,0,0
4233,0,1,0,0,0,0,0,0,0
4234,0,1,0,0,0,0,0,0,0
4235,0,1,0,0,0,0,0,0,0
4236,0,1,0,0,0,0,0,0,0
4237,0,1,0,0,0,0,0,0,0
4238,0,1,0,0,0,0,0,0,0
4239,0,1,0,0,0,0,0,0,0
4240,0,1,0,0,0,0,0,0,0
4241,0,1,0,0,0,0,0,0,0
4242,0,1,0,0,0,0,0,0,0
4243,0,1,0,0,0,0,0,0,0
4244,0,1,0,0,0,0,0,0,0
4245,0,1,0,0,0,0,0,0,0
4246,0,1,0,0,0,0,0,0,0
4247,0,1,0,0,0,0,0,0,0
4248,0,1,0,0,0,0,0,0,0
4249,0,1,0,0,0,0,0,0,0
4250,0,1,0,0,0,0,0,0,0
4251,0,1,0,0,0,0,0,0,0
4252,0,1,0,0,0,0,0,0,0
4253,0,1,0,0,0,0,0,0,0
4254,0,1,0,0,0,0,0,0,0
4255,0,1,0,0,0,0,0,0,0
4256,0,1,0,0,0,0,0,0,0
4257,0,1,0,0,0,0,0,0,0
4258,0,1,0,0,0,0,0,0,0
4259,0,1,0,0,0,0,0,0,0
4260,0,1,0,0,0,0,0,0,0
4261,0,1,0,0,0,0,0,0,0
4262,0,1,0,0,0,0,0,0,0
4263,0,1,0,0,0,0,0,0,0
4264,0,1,0,0,0,0,0,0,0
4265,0,1,0,0,0,0,0,0,0
4266,0,1,0,0,0,0,0,0,0
4267,0,1,0,0,0,0,0,0,0
4268,0,1,0,0,0,0,0,0,0
4269,0,1,0,0,0,0,0,0,0
4270,0,1,0,0,0,0,0,0,0
4271,0,1,0,0,0,0,0,0,0
4272,0,1,0,0,0,0,0,0,0
4273,0,1,0,0,0,0,0,0,0
4274,0,1,0,0,0,0,0,0,0
4275,0,1,0,0,0,0,0,0,0
4276,0,1,0,0,0,0,0,0,0
4277,0,1,0,0,0,0,0,0,0
4278,0,1,0,0,0,0,0,0,0
4279,0,1,0,0,0,0,0,0,0
4280,0,1,0,0,0,0,0,0,0
4281,0,1,0,0,0,0,0,0,0
4282,0,1,0,0,0,0,0,0,0
4283,0,1,0,0,0,0,0,0,0
4284,0,1,0,0,0,0,0,0,0
4285,0,1,0,0,0,0,0,0,0
4286,0,1,0,0,0,0,0,0,0
4287,0,1,0,0,0,0,0,0,0
4288,0,1,0,0,0,0,0,0,0
4289,0,1,0,0,0,0,0,0,0
4290,0,1,0,0,0,0,0,0,0
4291,0,1,0,0,0,0,0,0,0
4292,0,1,0,0,0,0,0,0,0
4293,0,1,0,0,0,0,0,0,0
4294,0,1,0,0,0,0,0,0,0
4295,0,1,0,0,0,0,0,0,0
4296,0,1,0,0,0,0,0,0,0
4297,0,1,0,0,0,0,0,0,0
4298,0,1,0,0,0,0,0,0,0
4299,0,1,0,0,0,0,0,0,0
4300,0,1,0,0,0,0,0,0,0
4301,0,1,0,0,0,0,0,0,0
4302,0,1,0,0,0,0,0,0,0
4303,0,1,0,0,0,0,0,0,0
4304,0,1,0,0,0,0,0,0,0
4305,0,1,0,0,0,0,0,0,0
4306,0,1,0,0,0,0,0,0,0
4307,0,1,0,0,0,0,0,0,0
4308,0,1,0,0,0,0,0,0,0
4309,0,1,0,0,0,0,0,0,0
4310,0,1,0,0,0,0,0,0,0
4311,0,1,0,0,0,0,0,0,0
4312,0,1,0,0,0,0,0,0,0
4313,0,1,0,0,0,0,0,0,0
4314,0,1,0,0,0,0,0,0,0
4315,0,1,0,0,0,0,0,0,0
4316,0,1,0,0,0,0,0,0,0
4317,0,1,0,0,0,0,0,0,0
4318,0,1,0,0,0,0,0,0,0
4319,0,1,0,0,0,0,0,0,0
4320,0,1,0,0,0,0,0,0,0
4321,0,1,0,0,0,0,0,0,0
4322,0,1,0,0,0,0,0,0,0
4323,0,1,0,0,0,0,0,0,0
4324,0,1,0,0,0,0,0,0,0
4325,0,1,0,0,0,0,0,0,0
4326,0,1,0,0,0,0,0,0,0
4327,0,1,0,0,0,0,0,0,0
4328,0,1,0,0,0,0,0,0,0
4329,0,1,0,0,0,0,0,0,0
4330,0,1,0,0,0,0,0,0,0
4331,0,1,0,0,0,0,0,0,0
4332,0,1,0,0,0,0,0,0,0
4333,0,1,0,0,0,0,0,0,0
4334,0,1,0,0,0,0,0,0,0
4335,0,1,0,0,0,0,0,0,0
4336,0,1,0,0,0,0,0,0,0
4337,0,1,0,0,0,0,0,0,0
4338,0,1,0,0,0,0,0,0,0
4339,0,1,0,0,0,0,0,0,0
4340,0,1,0,0,0,0,0,0,0
4341,0,1,0,0,0,0,0,0,0
4342,0,1,0,0,0,0,0,0,0
4343,0,1,0,0,0,0,0,0,0
4344,0,1,0,0,0,0,0,0,0
4345,0,1,0,0,0,0,0,0,0
4346,0,1,0,0,0,0,0,0,0
4347,0,1,0,0,0,0,0,0,0
4348,0,1,0,0,0,0,0,0,0
4349,0,1,0,0,0,0,0,0,0
4350,0,1,0,0,0,0,0,0,0
4351,0,1,0,0,0,0,0,0,0
4352,0,1,0,0,0,0,0,0,0
4353,0,1,0,0,0,0,0,0,0
4354,0,1,0,0,0,0,0,0,0
4355,0,1,0,0,0,0,0,0,0
4356,0,1,0,0,0,0,0,0,0
4357,0,1,0,0,0,0,0,0,0
4358,0,1,0,0,0,0,0,0,0
4359,0,1,0,0,0,0,0,0,0
4360,0,1,0,0,0,0,0,0,0
4361,0,1,0,0,0,0,0,0,0
4362,0,1,0,0,0,0,0,0,0
4363,0,1,0,0,0,0,0,0,0
4364,0,1,0,0,0,0,0,0,0
4365,0,1,0,0,0,0,0,0,0
4366,0,1,0,0,0,0,0,0,0
4367,0,1,0,0,0,0,0,0,0
4368,0,1,0,0,0,0,0,0,0
4369,0,1,0,0,0,0,0,0,0
4370,0,1,0,0,0,0,0,0,0
4371,0,1,0,0,0,0,0,0,0
4372,0,1,0,0,0,0,0,0,0
4373,0,1,0,0,0,0,0,0,0
4374,0,1,0,0,0,0,0,0,0
4375,0,1,0,0,0,0,0,0,0
4376,0,1,0,0,0,0,0,0,0
4377,0,1,0,0,0,0,0,0,0
4378,0,1,0,0,0,0,0,0,0
4379,0,1,0,0,0,0,0,0,0
4380,0,1,0,0,0,0,0,0,0
4381,0,1,0,0,0,0,0,0,0
4382,0,1,0,0,0,0,0,0,0
4383,0,1,0,0,0,0,0,0,0
4384,0,1,0,0,0,0,0,0,0
4385,0,1,0,0,0,0,0,0,0
4386,0,1,0,0,0,0,0,0,0
4387,0,1,0,0,0,0,0,0,0
4388,0,1,0,0,0,0,0,0,0
4389,0,1,0,0,0,0,0,0,0
4390,0,1,0,0,0,0,0,0,0
4391,0,1,0,0,0,0,0,0,0
4392,0,1,0,0,0,0,0,0,0
4393,0,1,0,0,0,0,0,0,0
4394,0,1,0,0,0,0,0,0,0
4395,0,1,0,0,0,0,0,0,0
4396,0,1,0,0,0,0,0,0,0
4397,0,1,0,0,0,0,0,0,0
4398,0,1,0,0,0,0,0,0,0
4399,0,1,0,0,0,0,0,0,0
4400,0,1,0,0,0,0,0,0,0
4401,0,1,0,0,0,0,0,0,0
4402,0,1,0,0,0,0,0,0,0
4403,0,1,0,0,0,0,0,0,0
4404,0,1,0,0,0,0,0,0,0
4405,0,1,0,0,0,0,0,0,0
4406,0,1,0,0,0,0,0,0,0
4407,0,1,0,0,0,0,0,0,0
4408,0,1,0,0,0,0,0,0,0
4409,0,1,0,0,0,0,0,0,0
4410,0,1,0,0,0,0,0,0,0
4411,0,1,0,0,0,0,0,0,0
4412,0,1,0,0,0,0,0,0,0
4413,0,1,0,0,0,0,0,0,0
4414,0,1,0,0,0,0,0,0,0
4415,0,1,0,0,0,0,0,0,0
4416,0,1,0,0,0,0,0,0,0
4417,0,1,0,0,0,0,0,0,0
4418,0,1,0,0,0,0,0,0,0
4419,0,1,0,0,0,0,0,0,0
4420,0,1,0,0,0,0,0,0,0
4421,0,1,0,0,0,0,0,0,0
4422,0,1,0,0,0,0,0,0,0
4423,0,1,0,0,0,0,0,0,0
4424,0,1,0,0,0,0,0,0,0
4425,0,1,0,0,0,0,0,0,0
4426,0,1,0,0,0,0,0,0,0
4427,0,1,0,0,0,0,0,0,0
4428,0,1,0,0,0,0,0,0,0
4429,0,1,0,0,0,0,0,0,0
4430,0,1,0,0,0,0,0,0,0
4431,0,1,0,0,0,0,0,0,0
4432,0,1,0,0,0,0,0,0,0
4433,0,1,0,0,0,0,0,0,0
4434,0,1,0,0,0,0,0,0,0
4435,0,1,0,0,0,0,0,0,0
4436,0,1,0,0,0,0,0,0,0
4437,0,1,0,0,0,0,0,0,0
4438,0,1,0,0,0,0,0,0,0
4439,0,1,0,0,0,0,0,0,0
4440,0,1,0,0,0,0,0,0,0
4441,0,1,0,0,0,0,0,0,0
4442,0,1,0,0,0,0,0,0,0
4443,0,1,0,0,0,0,0,0,0
4444,0,1,0,0,0,0,0,0,0
4445,0,1,0,0,0,0,0,0,0
4446,0,1,0,0,0,0,0,0,0
4447,0,1,0,0,0,0,0,0,0
4448,0,1,0,0,0,0,0,0,0
4449,0,1,0,0,0,0,0,0,0
4450,0,1,0,0,0,0,0,0,0
4451,0,1,0,0,0,0,0,0,0
4452,0,1,0,0,0,0,0,0,0
4453,0,1,0,0,0,0,0,0,0
4454,0,1,0,0,0,0,0,0,0
4455,0,1,0,0,0,0,0,0,0
4456,0,1,0,0,0,0,0,0,0
4457,0,1,0,0,0,0,0,0,0
4458,0,1,0,0,0,0,0,0,0
4459,0,1,0,0,0,0,0,0,0
4460,0,1,0,0,0,0,0,0,0
4461,0,1,0,0,0,0,0,0,0
4462,0,1,0,0,0,0,0,0,0
4463,0,1,0,0,0,0,0,0,0
4464,0,1,0,0,0,0,0,0,0
4465,0,1,0,0,0,0,0,0,0
4466,0,1,0,0,0,0,0,0,0
4467,0,1,0,0,0,0,0,0,0
4468,0,1,0,0,0,0,0,0,0
4469,0,1,0,0,0,0,0,0,0
4470,0,1,0,0,0,0,0,0,0
4471,0,1,0,0,0,0,0,0,0
4472,0,1,0,0,0,0,0,0,0
4473,0,1,0,0,0,0,0,0,0
4474,0,1,0,0,0,0,0,0,0
4475,0,1,0,0,0,0,0,0,0
4476,0,1,0,0,0,0,0,0,0
4477,0,1,0,0,0,0,0,0,0
4478,0,1,0,0,0,0,0,0,0
4479,0,1,0,0,0,0,0,0,0
4480,0,1,0,0,0,0,0,0,0
4481,0,1,0,0,0,0,0,0,0
4482,0,1,0,0,0,0,0,0,0
4483,0,1,0,0,0,0,0,0,0
4484,0,1,0,0,0,0,0,0,0
4485,0,1,0,0,0,0,0,0,0
4486,0,1,0,0,0,0,0,0,0
4487,0,1,0,0,0,0,0,0,0
4488,0,1,0,0,0,0,0,0,0
4489,0,1,0,0,0,0,0,0,0
4490,0,1,0,0,0,0,0,0,0
4491,0,1,0,0,0,0,0,0,0
4492,0,1,0,0,0,0,0,0,0
4493,0,1,0,0,0,0,0,0,0
4494,0,1,0,0,0,0,0,0,0
4495,0,1,0,0,0,0,0,0,0
4496,0,1,0,0,0,0,0,0,0
4497,0,1,0,0,0,0,0,0,0
4498,0,1,0,0,0,0,0,0,0
4499,0,1,0,0,0,0,0,0,0
4500,0,1,0,0,0,0,0,0,0
4501,0,1,0,0,0,0,0,0,0
4502,0,1,0,0,0,0,0,0,0
4503,0,1,0,0,0,0,0,0,0
4504,0,1,0,0,0,0,0,0,0
4505,0,1,0,0,0,0,0,0,0
4506,0,1,0,0,0,0,0,0,0
4507,0,1,0,0,0,0,0,0,0
4508,0,1,0,0,0,0,0,0,0
4509,0,1,0,0,0,0,0,0,0
4510,0,1,0,0,0,0,0,0,0
4511,0,1,0,0,0,0,0,0,0
4512,0,1,0,0,0,0,0,0,0
4513,0,1,0,0,0,0,0,0,0
4514,0,1,0,0,0,0,0,0,0
4515,0,1,0,0,0,0,0,0,0
4516,0,1,0,0,0,0,0,0,0
4517,0,1,0,0,0,0,0,0,0
4518,0,1,0,0,0,0,0,0,0
4519,0,1,0,0,0,0,0,0,0
4520,0,1,0,0,0,0,0,0,0
4521,0,1,0,0,0,0,0,0,0
4522,0,1,0,0,0,0,0,0,0
4523,0,1,0,0,0,0,0,0,0
4524,0,1,0,0,0,0,0,0,0
4525,0,1,0,0,0,0,0,0,0
4526,0,1,0,0,0,0,0,0,0
4527,0,1,0,0,0,0,0,0,0
4528,0,1,0,0,0,0,0,0,0
4529,0,1,0,0,0,0,0,0,0
4530,0,1,0,0,0,0,0,0,0
4531,0,1,0,0,0,0,0,0,0
4532,0,1,0,0,0,0,0,0,0
4533,0,1,0,0,0,0,0,0,0
4534,0,1,0,0,0,0,0,0,0
4535,0,1,0,0,0,0,0,0,0
4536,0,1,0,0,0,0,0,0,0
4537,0,1,0,0,0,0,0,0,0
4538,0,1,0,0,0,0,0,0,0
4539,0,1,0,0,0,0,0,0,0
4540,0,1,0,0,0,0,0,0,0
4541,0,1,0,0,0,0,0,0,0
4542,0,1,0,0,0,0,0,0,0
4543,0,1,0,0,0,0,0,0,0
4544,0,1,0,0,0,0,0,0,0
4545,0,1,0,0,0,0,0,0,0
4546,0,1,0,0,0,0,0,0,0
4547,0,1,0,0,0,0,0,0,0
4548,0,1,0,0,0,0,0,0,0
4549,0,1,0,0,0,0,0,0,0
4550,0,1,0,0,0,0,0,0,0
4551,0,1,0,0,0,0,0,0,0
4552,0,1,0,0,0,0,0,0,0
4553,0,1,0,0,0,0,0,0,0
4554,0,1,0,0,0,0,0,0,0
4555,0,1,0,0,0,0,0,0,0
4556,0,1,0,0,0,0,0,0,0
4557,0,1,0,0,0,0,0,0,0
4558,0,1,0,0,0,0,0,0,0
4559,0,1,0,0,0,0,0,0,0
4560,0,1,0,0,0,0,0,0,0
4561,0,1,0,0,0,0,0,0,0
4562,0,1,0,0,0,0,0,0,0
4563,0,1,0,0,0,0,0,0,0
4564,0,1,0,0,0,0,0,0,0
4565,0,1,0,0,0,0,0,0,0
4566,0,1,0,0,0,0,0,0,0
4567,0,1,0,0,0,0,0,0,0
4568,0,1,0,0,0,0,0,0,0
4569,0,1,0,0,0,0,0,0,0
4570,0,1,0,0,0,0,0,0,0
4571,0,1,0,0,0,0,0,0,0
4572,0,1,0,0,0,0,0,0,0
4573,0,1,0,0,0,0,0,0,0
4574,0,1,0,0,0,0,0,0,0
4575,0,1,0,0,0,0,0,0,0
4576,0,1,0,0,0,0,0,0,0
4577,0,1,0,0,0,0,0,0,0
4578,0,1,0,0,0,0,0,0,0
4579,0,1,0,0,0,0,0,0,0
4580,0,1,0,0,0,0,0,0,0
4581,0,1,0,0,0,0,0,0,0
4582,0,1,0,0,0,0,0,0,0
4583,0,1,0,0,0,0,0,0,0
4584,0,1,0,0,0,0,0,0,0
4585,0,1,0,0,0,0,0,0,0
4586,0,1,0,0,0,0,0,0,0
4587,0,1,0,0,0,0,0,0,0
4588,0,1,0,0,0,0,0,0,0
4589,0,1,0,0,0,0,0,0,0
4590,0,1,0,0,0,0,0,0,0
4591,0,1,0,0,0,0,0,0,0
4592,0,1,0,0,0,0,0,0,0
4593,0,1,0,0,0,0,0,0,0
4594,0,1,0,0,0,0,0,0,0
4595,0,1,0,0,0,0,0,0,0
4596,0,1,0,0,0,0,0,0,0
4597,0,1,0,0,0,0,0,0,0
4598,0,1,0,0,0,0,0,0,0
4599,0,1,0,0,0,0,0,0,0
4600,0,1,0,0,0,0,0,0,0
4601,0,1,0,0,0,0,0,0,0
4602,0,1,0,0,0,0,0,0,0
4603,0,1,0,0,0,0,0,0,0
4604,0,1,0,0,0,0,0,0,0
4605,0,1,0,0,0,0,0,0,0
4606,0,1,0,0,0,0,0,0,0
4607,0,1,0,0,0,0,0,0,0
4608,0,1,0,0,0,0,0,0,0
4609,0,1,0,0,0,0,0,0,0
4610,0,1,0,0,0,0,0,0,0
4611,0,1,0,0,0,0,0,0,0
4612,0,1,0,0,0,0,0,0,0
4613,0,1,0,0,0,0,0,0,0
4614,0,1,0,0,0,0,0,0,0
4615,0,1,0,0,0,0,0,0,0
4616,0,1,0,0,0,0,0,0,0
4617,0,1,0,0,0,0,0,0,0
4618,0,1,0,0,0,0,0,0,0
4619,0,1,0,0,0,0,0,0,0
4620,0,1,0,0,0,0,0,0,0
4621,0,1,0,0,0,0,0,0,0
4622,0,1,0,0,0,0,0,0,0
4623,0,1,0,0,0,0,0,0,0
4624,0,1,0,0,0,0,0,0,0
4625,0,1,0,0,0,0,0,0,0
4626,0,1,0,0,0,0,0,0,0
4627,0,1,0,0,0,0,0,0,0
4628,0,1,0,0,0,0,0,0,0
4629,0,1,0,0,0,0,0,0,0
4630,0,1,0,0,0,0,0,0,0
4631,0,1,0,0,0,0,0,0,0
4632,0,1,0,0,0,0,0,0,0
4633,0,1,0,0,0,0,0,0,0
4634,0,1,0,0,0,0,0,0,0
4635,0,1,0,0,0,0,0,0,0
4636,0,1,0,0,0,0,0,0,0
4637,0,1,0,0,0,0,0,0,0
4638,0,1,0,0,0,0,0,0,0
4639,0,1,0,0,0,0,0,0,0
4640,0,1,0,0,0,0,0,0,0
4641,0,1,0,0,0,0,0,0,0
4642,0,1,0,0,0,0,0,0,0
4643,0,1,0,0,0,0,0,0,0
4644,0,1,0,0,0,0,0,0,0
4645,0,1,0,0,0,0,0,0,0
4646,0,1,0,0,0,0,0,0,0
4647,0,1,0,0,0,0,0,0,0
4648,0,1,0,0,0,0,0,0,0
4649,0,1,0,0,0,0,0,0,0
4650,0,1,0,0,0,0,0,0,0
4651,0,1,0,0,0,0,0,0,0
4652,0,1,0,0,0,0,0,0,0
4653,0,1,0,0,0,0,0,0,0
4654,0,1,0,0,0,0,0,0,0
4655,0,1,0,0,0,0,0,0,0
4656,0,1,0,0,0,0,0,0,0
4657,0,1,0,0,0,0,0,0,0
4658,0,1,0,0,0,0,0,0,0
4659,0,1,0,0,0,0,0,0,0
4660,0,1,0,0,0,0,0,0,0
4661,0,1,0,0,0,0,0,0,0
4662,0,1,0,0,0,0,0,0,0
4663,0,1,0,0,0,0,0,0,0
4664,0,1,0,0,0,0,0,0,0
4665,0,1,0,0,0,0,0,0,0
4666,0,1,0,0,0,0,0,0,0
4667,0,1,0,0,0,0,0,0,0
4668,0,1,0,0,0,0,0,0,0
4669,0,1,0,0,0,0,0,0,0
4670,0,1,0,0,0,0,0,0,0
4671,0,1,0,0,0,0,0,0,0
4672,0,1,0,0,0,0,0,0,0
4673,0,1,0,0,0,0,0,0,0
4674,0,1,0,0,0,0,0,0,0
4675,0,1,0,0,0,0,0,0,0
4676,0,1,0,0,0,0,0,0,0
4677,0,1,0,0,0,0,0,0,0
4678,0,1,0,0,0,0,0,0,0
4679,0,1,0,0,0,0,0,0,0
4680,0,1,0,0,0,0,0,0,0
4681,0,1,0,0,0,0,0,0,0
4682,0,1,0,0,0,0,0,0,0
4683,0,1,0,0,0,0,0,0,0
4684,0,1,0,0,0,0,0,0,0
4685,0,1,0,0,0,0,0,0,0
4686,0,1,0,0,0,0,0,0,0
4687,0,1,0,0,0,0,0,0,0
4688,0,1,0,0,0,0,0,0,0
4689,0,1,0,0,0,0,0,0,0
4690,0,1,0,0,0,0,0,0,0
4691,0,1,0,0,0,0,0,0,0
4692,0,1,0,0,0,0,0,0,0
4693,0,1,0,0,0,0,0,0,0
4694,0,1,0,0,0,0,0,0,0
4695,0,1,0,0,0,0,0,0,0
4696,0,1,0,0,0,0,0,0,0
4697,0,1,0,0,0,0,0,0,0
4698,0,1,0,0,0,0,0,0,0
4699,0,1,0,0,0,0,0,0,0
4700,0,1,0,0,0,0,0,0,0
4701,0,1,0,0,0,0,0,0,0
4702,0,1,0,0,0,0,0,0,0
4703,0,1,0,0,0,0,0,0,0
4704,0,1,0,0,0,0,0,0,0
4705,0,1,0,0,0,0,0,0,0
4706,0,1,0,0,0,0,0,0,0
4707,0,1,0,0,0,0,0,0,0
4708,0,1,0,0,0,0,0,0,0
4709,0,1,0,0,0,0,0,0,0
4710,0,1,0,0,0,0,0,0,0
4711,0,1,0,0,0,0,0,0,0
4712,0,1,0,0,0,0,0,0,0
4713,0,1,0,0,0,0,0,0,0
4714,0,1,0,0,0,0,0,0,0
4715,0,1,0,0,0,0,0,0,0
4716,0,1,0,0,0,0,0,0,0
4717,0,1,0,0,0,0,0,0,0
4718,0,1,0,0,0,0,0,0,0
4719,0,1,0,0,0,0,0,0,0
4720,0,1,0,0,0,0,0,0,0
4721,0,1,0,0,0,0,0,0,0
4722,0,1,0,0,0,0,0,0,0
4723,0,1,0,0,0,0,0,0,0
4724,0,1,0,0,0,0,0,0,0
4725,0,1,0,0,0,0,0,0,0
4726,0,1,0,0,0,0,0,0,0
4727,0,1,0,0,0,0,0,0,0
4728,0,1,0,0,0,0,0,0,0
4729,0,1,0,0,0,0,0,0,0
4730,0,1,0,0,0,0,0,0,0
4731,0,1,0,0,0,0,0,0,0
4732,0,1,0,0,0,0,0,0,0
4733,0,1,0,0,0,0,0,0,0
4734,0,1,0,0,0,0,0,0,0
4735,0,1,0,0,0,0,0,0,0
4736,0,1,0,0,0,0,0,0,0
4737,0,1,0,0,0,0,0,0,0
4738,0,1,0,0,0,0,0,0,0
4739,0,1,0,0,0,0,0,0,0
4740,0,1,0,0,0,0,0,0,0
4741,0,1,0,0,0,0,0,0,0
4742,0,1,0,0,0,0,0,0,0
4743,0,1,0,0,0,0,0,0,0
4744,0,1,0,0,0,0,0,0,0
4745,0,1,0,0,0,0,0,0,0
4746,0,1,0,0,0,0,0,0,0
4747,0,1,0,0,0,0,0,0,0
4748,0,1,0,0,0,0,0,0,0
4749,0,1,0,0,0,0,0,0,0
4750,0,1,0,0,0,0,0,0,0
4751,0,1,0,0,0,0,0,0,0
4752,0,1,0,0,0,0,0,0,0
4753,0,1,0,0,0,0,0,0,0
4754,0,1,0,0,0,0,0,0,0
4755,0,1,0,0,0,0,0,0,0
4756,0,1,0,0,0,0,0,0,0
4757,0,1,0,0,0,0,0,0,0
4758,0,1,0,0,0,0,0,0,0
4759,0,1,0,0,0,0,0,0,0
4760,0,1,0,0,0,0,0,0,0
4761,0,1,0,0,0,0,0,0,0
4762,0,1,0,0,0,0,0,0,0
4763,0,1,0,0,0,0,0,0,0
4764,0,1,0,0,0,0,0,0,0
4765,0,1,0,0,0,0,0,0,0
4766,0,1,0,0,0,0,0,0,0
4767,0,1,0,0,0,0,0,0,0
4768,0,1,0,0,0,0,0,0,0
4769,0,1,0,0,0,0,0,0,0
4770,0,1,0,0,0,0,0,0,0
4771,0,1,0,0,0,0,0,0,0
4772,0,1,0,0,0,0,0,0,0
4773,0,1,0,0,0,0,0,0,0
4774,0,1,0,0,0,0,0,0,0
4775,0,1,0,0,0,0,0,0,0
4776,0,1,0,0,0,0,0,0,0
4777,0,1,0,0,0,0,0,0,0
4778,0,1,0,0,0,0,0,0,0
4779,0,1,0,0,0,0,0,0,0
4780,0,1,0,0,0,0,0,0,0
4781,0,1,0,0,0,0,0,0,0
4782,0,1,0,0,0,0,0,0,0
4783,0,1,0,0,0,0,0,0,0
4784,0,1,0,0,0,0,0,0,0
4785,0,1,0,0,0,0,0,0,0
4786,0,1,0,0,0,0,0,0,0
4787,0,1,0,0,0,0,0,0,0
4788,0,1,0,0,0,0,0,0,0
4789,0,1,0,0,0,0,0,0,0
4790,0,1,0,0,0,0,0,0,0
4791,0,1,0,0,0,0,0,0,0
4792,0,1,0,0,0,0,0,0,0
4793,0,1,0,0,0,0,0,0,0
4794,0,1,0,0,0,0,0,0,0
4795,0,1,0,0,0,0,0,0,0
4796,0,1,0,0,0,0,0,0,0
4797,0,1,0,0,0,0,0,0,0
4798,0,1,0,0,0,0,0,0,0
4799,0,1,0,0,0,0,0,0,0
4800,0,1,0,0,0,0,0,0,0
4801,0,1,0,0,0,0,0,0,0
4802,0,1,0,0,0,0,0,0,0
4803,0,1,0,0,0,0,0,0,0
4804,0,1,0,0,0,0,0,0,0
4805,0,1,0,0,0,0,0,0,0
4806,0,1,0,0,0,0,0,0,0
4807,0,1,0,0,0,0,0,0,0
4808,0,1,0,0,0,0,0,0,0
4809,0,1,0,0,0,0,0,0,0
4810,0,1,0,0,0,0,0,0,0
4811,0,1,0,0,0,0,0,0,0
4812,0,1,0,0,0,0,0,0,0
4813,0,1,0,0,0,0,0,0,0
4814,0,1,0,0,0,0,0,0,0
4815,0,1,0,0,0,0,0,0,0
4816,0,1,0,0,0,0,0,0,0
4817,0,1,0,0,0,0,0,0,0
4818,0,1,0,0,0,0,0,0,0
4819,0,1,0,0,0,0,0,0,0
4820,0,1,0,0,0,0,0,0,0
4821,0,1,0,0,0,0,0,0,0
4822,0,1,0,0,0,0,0,0,0
4823,0,1,0,0,0,0,0,0,0
4824,0,1,0,0,0,0,0,0,0
4825,0,1,0,0,0,0,0,0,0
4826,0,1,0,0,0,0,0,0,0
4827,0,1,0,0,0,0,0,0,0
4828,0,1,0,0,0,0,0,0,0
4829,0,1,0,0,0,0,0,0,0
4830,0,1,0,0,0,0,0,0,0
4831,0,1,0,0,0,0,0,0,0
4832,0,1,0,0,0,0,0,0,0
4833,0,1,0,0,0,0,0,0,0
4834,0,1,0,0,0,0,0,0,0
4835,0,1,0,0,0,0,0,0,0
4836,0,1,0,0,0,0,0,0,0
4837,0,1,0,0,0,0,0,0,0
4838,0,1,0,0,0,0,0,0,0
4839,0,1,0,0,0,0,0,0,0
4840,0,1,0,0,0,0,0,0,0
4841,0,1,0,0,0,0,0,0,0
4842,0,1,0,0,0,0,0,0,0
4843,0,1,0,0,0,0,0,0,0
4844,0,1,0,0,0,0,0,0,0
4845,0,1,0,0,0,0,0,0,0
4846,0,1,0,0,0,0,0,0,0
4847,0,1,0,0,0,0,0,0,0
4848,0,1,0,0,0,0,0,0,0
4849,0,1,0,0,0,0,0,0,0
4850,0,1,0,0,0,0,0,0,0
4851,0,1,0,0,0,0,0,0,0
4852,0,1,0,0,0,0,0,0,0
4853,0,1,0,0,0,0,0,0,0
4854,0,1,0,0,0,0,0,0,0
4855,0,1,0,0,0,0,0,0,0
4856,0,1,0,0,0,0,0,0,0
4857,0,1,0,0,0,0,0,0,0
4858,0,1,0,0,0,0,0,0,0
4859,0,1,0,0,0,0,0,0,0
4860,0,1,0,0,0,0,0,0,0
4861,0,1,0,0,0,0,0,0,0
4862,0,1,0,0,0,0,0,0,0
4863,0,1,0,0,0,0,0,0,0
4864,0,1,0,0,0,0,0,0,0
4865,0,1,0,0,0,0,0,0,0
4866,0,1,0,0,0,0,0,0,0
4867,0,1,0,0,0,0,0,0,0
4868,0,1,0,0,0,0,0,0,0
4869,0,1,0,0,0,0,0,0,0
4870,0,1,0,0,0,0,0,0,0
4871,0,1,0,0,0,0,0,0,0
4872,0,1,0,0,0,0,0,0,0
4873,0,1,0,0,0,0,0,0,0
4874,0,1,0,0,0,0,0,0,0
4875,0,1,0,0,0,0,0,0,0
4876,0,1,0,0,0,0,0,0,0
4877,0,1,0,0,0,0,0,0,0
4878,0,1,0,0,0,0,0,0,0
4879,0,1,0,0,0,0,0,0,0
4880,0,1,0,0,0,0,0,0,0
4881,0,1,0,0,0,0,0,0,0
4882,0,1,0,0,0,0,0,0,0
4883,0,1,0,0,0,0,0,0,0
4884,0,1,0,0,0,0,0,0,0
4885,0,1,0,0,0,0,0,0,0
4886,0,1,0,0,0,0,0,0,0
4887,0,1,0,0,0,0,0,0,0
4888,0,1,0,0,0,0,0,0,0
4889,0,1,0,0,0,0,0,0,0
4890,0,1,0,0,0,0,0,0,0
4891,0,1,0,0,0,0,0,0,0
4892,0,1,0,0,0,0,0,0,0
4893,0,1,0,0,0,0,0,0,0
4894,0,1,0,0,0,0,0,0,0
4895,0,1,0,0,0,0,0,0,0
4896,0,1,0,0,0,0,0,0,0
4897,0,1,0,0,0,0,0,0,0
4898,0,1,0,0,0,0,0,0,0
4899,0,1,0,0,0,0,0,0,0
4900,0,1,0,0,0,0,0,0,0
4901,0,1,0,0,0,0,0,0,0
4902,0,1,0,0,0,0,0,0,0
4903,0,1,0,0,0,0,0,0,0
4904,0,1,0,0,0,0,0,0,0
4905,0,1,0,0,0,0,0,0,0
4906,0,1,0,0,0,0,0,0,0
4907,0,1,0,0,0,0,0,0,0
4908,0,1,0,0,0,0,0,0,0
4909,0,1,0,0,0,0,0,0,0
4910,0,1,0,0,0,0,0,0,0
4911,0,1,0,0,0,0,0,0,0
4912,0,1,0,0,0,0,0,0,0
4913,0,1,0,0,0,0,0,0,0
4914,0,1,0,0,0,0,0,0,0
4915,0,1,0,0,0,0,0,0,0
4916,0,1,0,0,0,0,0,0,0
4917,0,1,0,0,0,0,0,0,0
4918,0,1,0,0,0,0,0,0,0
4919,0,1,0,0,0,0,0,0,0
4920,0,1,0,0,0,0,0,0,0
4921,0,1,0,0,0,0,0,0,0
4922,0,1,0,0,0,0,0,0,0
4923,0,1,0,0,0,0,0,0,0
4924,0,1,0,0,0,0,0,0,0
4925,0,1,0,0,0,0,0,0,0
4926,0,1,0,0,0,0,0,0,0
4927,0,1,0,0,0,0,0,0,0
4928,0,1,0,0,0,0,0,0,0
4929,0,1,0,0,0,0,0,0,0
4930,0,1,0,0,0,0,0,0,0
4931,0,1,0,0,0,0,0,0,0
4932,0,1,0,0,0,0,0,0,0
4933,0,1,0,0,0,0,0,0,0
4934,0,1,0,0,0,0,0,0,0
4935,0,1,0,0,0,0,0,0,0
4936,0,1,0,0,0,0,0,0,0
4937,0,1,0,0,0,0,0,0,0
4938,0,1,0,0,0,0,0,0,0
4939,0,1,0,0,0,0,0,0,0
4940,0,1,0,0,0,0,0,0,0
4941,0,1,0,0,0,0,0,0,0
4942,0,1,0,0,0,0,0,0,0
4943,0,1,0,0,0,0,0,0,0
4944,0,1,0,0,0,0,0,0,0
4945,0,1,0,0,0,0,0,0,0
4946,0,1,0,0,0,0,0,0,0
4947,0,1,0,0,0,0,0,0,0
4948,0,1,0,0,0,0,0,0,0
4949,0,1,0,0,0,0,0,0,0
4950,0,1,0,0,0,0,0,0,0
4951,0,1,0,0,0,0,0,0,0
4952,0,1,0,0,0,0,0,0,0
4953,0,1,0,0,0,0,0,0,0
4954,0,1,0,0,0,0,0,0,0
4955,0,1,0,0,0,0,0,0,0
4956,0,1,0,0,0,0,0,0,0
4957,0,1,0,0,0,0,0,0,0
4958,0,1,0,0,0,0,0,0,0
4959,0,1,0,0,0,0,0,0,0
4960,0,1,0,0,0,0,0,0,0
4961,0,1,0,0,0,0,0,0,0
4962,0,1,0,0,0,0,0,0,0
4963,0,1,0,0,0,0,0,0,0
4964,0,1,0,0,0,0,0,0,0
4965,0,1,0,0,0,0,0,0,0
4966,0,1,0,0,0,0,0,0,0
4967,0,1,0,0,0,0,0,0,0
4968,0,1,0,0,0,0,0,0,0
4969,0,1,0,0,0,0,0,0,0
4970,0,1,0,0,0,0,0,0,0
4971,0,1,0,0,0,0,0,0,0
4972,0,1,0,0,0,0,0,0,0
4973,0,1,0,0,0,0,0,0,0
4974,0,1,0,0,0,0,0,0,0
4975,0,1,0,0,0,0,0,0,0
4976,0,1,0,0,0,0,0,0,0
4977,0,1,0,0,0,0,0,0,0
4978,0,1,0,0,0,0,0,0,0
4979,0,1,0,0,0,0,0,0,0
4980,0,1,0,0,0,0,0,0,0
4981,0,1,0,0,0,0,0,0,0
4982,0,1,0,0,0,0,0,0,0
4983,0,1,0,0,0,0,0,0,0
4984,0,1,0,0,0,0,0,0,0
4985,0,1,0,0,0,0,0,0,0
4986,0,1,0,0,0,0,0,0,0
4987,0,1,0,0,0,0,0,0,0
4988,0,1,0,0,0,0,0,0,0
4989,0,1,0,0,0,0,0,0,0
4990,0,1,0,0,0,0,0,0,0
4991,0,1,0,0,0,0,0,0,0
4992,0,1,0,0,0,0,0,0,0
4993,0,1,0,0,0,0,0,0,0
4994,0,1,0,0,0,0,0,0,0
4995,0,1,0,0,0,0,0,0,0
4996,0,1,0,0,0,0,0,0,0
4997,0,1,0,0,0,0,0,0,0
4998,0,1,0,0,0,0,0,0,0
4999,0,1,0,0,0,0,0,0,0
5000,0,1,0,0,0,0,0,0,0
5001,0,1,0,0,0,0,0,0,0
5002,0,1,0,0,0,0,0,0,0
5003,0,1,0,0,0,0,0,0,0
5004,0,1,0,0,0,0,0,0,0
5005,0,1,0,0,0,0,0,0,0
5006,0,1,0,0,0,0,0,0,0
5007,0,1,0,0,0,0,0,0,0
5008,0,1,0,0,0,0,0,0,0
5009,0,1,0,0,0,0,0,0,0
5010,0,1,0,0,0,0,0,0,0
5011,0,1,0,0,0,0,0,0,0
5012,0,1,0,0,0,0,0,0,0
5013,0,1,0,0,0,0,0,0,0
5014,0,1,0,0,0,0,0,0,0
5015,0,1,0,0,0,0,0,0,0
5016,0,1,0,0,0,0,0,0,0
5017,0,1,0,0,0,0,0,0,0
5018,0,1,0,0,0,0,0,0,0
5019,0,1,0,0,0,0,0,0,0
5020,0,1,0,0,0,0,0,0,0
5021,0,1,0,0,0,0,0,0,0
5022,0,1,0,0,0,0,0,0,0
5023,0,1,0,0,0,0,0,0,0
5024,0,1,0,0,0,0,0,0,0
5025,0,1,0,0,0,0,0,0,0
5026,0,1,0,0,0,0,0,0,0
5027,0,1,0,0,0,0,0,0,0
5028,0,1,0,0,0,0,0,0,0
5029,0,1,0,0,0,0,0,0,0
5030,0,1,0,0,0,0,0,0,0
5031,0,1,0,0,0,0,0,0,0
5032,0,1,0,0,0,0,0,0,0
5033,0,1,0,0,0,0,0,0,0
5034,0,1,0,0,0,0,0,0,0
5035,0,1,0,0,0,0,0,0,0
5036,0,1,0,0,0,0,0,0,0
5037,0,1,0,0,0,0,0,0,0
5038,0,1,0,0,0,0,0,0,0
5039,0,1,0,0,0,0,0,0,0
5040,0,1,0,0,0,0,0,0,0
5041,0,1,0,0,0,0,0,0,0
5042,0,1,0,0,0,0,0,0,0
5043,0,1,0,0,0,0,0,0,0
5044,0,1,0,0,0,0,0,0,0
5045,0,1,0,0,0,0,0,0,0
5046,0,1,0,0,0,0,0,0,0
5047,0,1,0,0,0,0,0,0,0
5048,0,1,0,0,0,0,0,0,0
5049,0,1,0,0,0,0,0,0,0
5050,0,1,0,0,0,0,0,0,0
5051,0,1,0,0,0,0,0,0,0
5052,0,1,0,0,0,0,0,0,0
5053,0,1,0,0,0,0,0,0,0
5054,0,1,0,0,0,0,0,0,0
5055,0,1,0,0,0,0,0,0,0
5056,0,1,0,0,0,0,0,0,0
5057,0,1,0,0,0,0,0,0,0
5058,0,1,0,0,0,0,0,0,0
5059,0,1,0,0,0,0,0,0,0
5060,0,1,0,0,0,0,0,0,0
5061,0,1,0,0,0,0,0,0,0
5062,0,1,0,0,0,0,0,0,0
5063,0,1,0,0,0,0,0,0,0
5064,0,1,0,0,0,0,0,0,0
5065,0,1,0,0,0,0,0,0,0
5066,0,1,0,0,0,0,0,0,0
5067,0,1,0,0,0,0,0,0,0
5068,0,1,0,0,0,0,0,0,0
5069,0,1,0,0,0,0,0,0,0
5070,0,1,0,0,0,0,0,0,0
5071,0,1,0,0,0,0,0,0,0
5072,0,1,0,0,0,0,0,0,0
5073,0,1,0,0,0,0,0,0,0
5074,0,1,0,0,0,0,0,0,0
5075,0,1,0,0,0,0,0,0,0
5076,0,1,0,0,0,0,0,0,0
5077,0,1,0,0,0,0,0,0,0
5078,0,1,0,0,0,0,0,0,0
5079,0,1,0,0,0,0,0,0,0
5080,0,1,0,0,0,0,0,0,0
5081,0,1,0,0,0,0,0,0,0
5082,0,1,0,0,0,0,0,0,0
5083,0,1,0,0,0,0,0,0,0
5084,0,1,0,0,0,0,0,0,0
5085,0,1,0,0,0,0,0,0,0
5086,0,1,0,0,0,0,0,0,0
5087,0,1,0,0,0,0,0,0,0
5088,0,1,0,0,0,0,0,0,0
5089,0,1,0,0,0,0,0,0,0
5090,0,1,0,0,0,0,0,0,0
5091,0,1,0,0,0,0,0,0,0
5092,0,1,0,0,0,0,0,0,0
5093,0,1,0,0,0,0,0,0,0
5094,0,1,0,0,0,0,0,0,0
5095,0,1,0,0,0,0,0,0,0
5096,0,1,0,0,0,0,0,0,0
5097,0,1,0,0,0,0,0,0,0
5098,0,1,0,0,0,0,0,0,0
5099,0,1,0,0,0,0,0,0,0
5100,0,1,0,0,0,0,0,0,0
5101,0,1,0,0,0,0,0,0,0
5102,0,1,0,0,0,0,0,0,0
5103,0,1,0,0,0,0,0,0,0
5104,0,1,0,0,0,0,0,0,0
5105,0,1,0,0,0,0,0,0,0
5106,0,1,0,0,0,0,0,0,0
5107,0,1,0,0,0,0,0,0,0
5108,0,1,0,0,0,0,0,0,0
5109,0,1,0,0,0,0,0,0,0
5110,0,1,0,0,0,0,0,0,0
5111,0,1,0,0,0,0,0,0,0
5112,0,1,0,0,0,0,0,0,0
5113,0,1,0,0,0,0,0,0,0
5114,0,1,0,0,0,0,0,0,0
5115,0,1,0,0,0,0,0,0,0
5116,0,1,0,0,0,0,0,0,0
5117,0,1,0,0,0,0,0,0,0
5118,0,1,0,0,0,0,0,0,0
5119,0,1,0,0,0,0,0,0,0
5120,0,1,0,0,0,0,0,0,0
5121,0,1,0,0,0,0,0,0,0
5122,0,1,0,0,0,0,0,0,0
5123,0,1,0,0,0,0,0,0,0
5124,0,1,0,0,0,0,0,0,0
5125,0,1,0,0,0,0,0,0,0
5126,0,1,0,0,0,0,0,0,0
5127,0,1,0,0,0,0,0,0,0
5128,0,1,0,0,0,0,0,0,0
5129,0,1,0,0,0,0,0,0,0
5130,0,1,0,0,0,0,0,0,0
5131,0,1,0,0,0,0,0,0,0
5132,0,1,0,0,0,0,0,0,0
5133,0,1,0,0,0,0,0,0,0
5134,0,1,0,0,0,0,0,0,0
5135,0,1,0,0,0,0,0,0,0
5136,0,1,0,0,0,0,0,0,0
5137,0,1,0,0,0,0,0,0,0
5138,0,1,0,0,0,0,0,0,0
5139,0,1,0,0,0,0,0,0,0
5140,0,1,0,0,0,0,0,0,0
5141,0,1,0,0,0,0,0,0,0
5142,0,1,0,0,0,0,0,0,0
5143,0,1,0,0,0,0,0,0,0
5144,0,1,0,0,0,0,0,0,0
5145,0,1,0,0,0,0,0,0,0
5146,0,1,0,0,0,0,0,0,0
5147,0,1,0,0,0,0,0,0,0
5148,0,1,0,0,0,0,0,0,0
5149,0,1,0,0,0,0,0,0,0
5150,0,1,0,0,0,0,0,0,0
5151,0,1,0,0,0,0,0,0,0
5152,0,1,0,0,0,0,0,0,0
5153,0,1,0,0,0,0,0,0,0
5154,0,1,0,0,0,0,0,0,0
5155,0,1,0,0,0,0,0,0,0
5156,0,1,0,0,0,0,0,0,0
5157,0,1,0,0,0,0,0,0,0
5158,0,1,0,0,0,0,0,0,0
5159,0,1,0,0,0,0,0,0,0
5160,0,1,0,0,0,0,0,0,0
5161,0,1,0,0,0,0,0,0,0
5162,0,1,0,0,0,0,0,0,0
5163,0,1,0,0,0,0,0,0,0
5164,0,1,0,0,0,0,0,0,0
5165,0,1,0,0,0,0,0,0,0
5166,0,1,0,0,0,0,0,0,0
5167,0,1,0,0,0,0,0,0,0
5168,0,1,0,0,0,0,0,0,0
5169,0,1,0,0,0,0,0,0,0
5170,0,1,0,0,0,0,0,0,0
5171,0,1,0,0,0,0,0,0,0
5172,0,1,0,0,0,0,0,0,0
5173,0,1,0,0,0,0,0,0,0
5174,0,1,0,0,0,0,0,0,0
5175,0,1,0,0,0,0,0,0,0
5176,0,1,0,0,0,0,0,0,0
5177,0,1,0,0,0,0,0,0,0
5178,0,1,0,0,0,0,0,0,0
5179,0,1,0,0,0,0,0,0,0
5180,0,1,0,0,0,0,0,0,0
5181,0,1,0,0,0,0,0,0,0
5182,0,1,0,0,0,0,0,0,0
5183,0,1,0,0,0,0,0,0,0
5184,0,1,0,0,0,0,0,0,0
5185,0,1,0,0,0,0,0,0,0
5186,0,1,0,0,0,0,0,0,0
5187,0,1,0,0,0,0,0,0,0
5188,0,1,0,0,0,0,0,0,0
5189,0,1,0,0,0,0,0,0,0
5190,0,1,0,0,0,0,0,0,0
5191,0,1,0,0,0,0,0,0,0
5192,0,1,0,0,0,0,0,0,0
5193,0,1,0,0,0,0,0,0,0
5194,0,1,0,0,0,0,0,0,0
5195,0,1,0,0,0,0,0,0,0
5196,0,1,0,0,0,0,0,0,0
5197,0,1,0,0,0,0,0,0,0
5198,0,1,0,0,0,0,0,0,0
5199,0,1,0,0,0,0,0,0,0
5200,0,1,0,0,0,0,0,0,0
5201,0,1,0,0,0,0,0,0,0
5202,0,1,0,0,0,0,0,0,0
5203,0,1,0,0,0,0,0,0,0
5204,0,1,0,0,0,0,0,0,0
5205,0,1,0,0,0,0,0,0,0
5206,0,1,0,0,0,0,0,0,0
5207,0,1,0,0,0,0,0,0,0
5208,0,1,0,0,0,0,0,0,0
5209,0,1,0,0,0,0,0,0,0
5210,0,1,0,0,0,0,0,0,0
5211,0,1,0,0,0,0,0,0,0
5212,0,1,0,0,0,0,0,0,0
5213,0,1,0,0,0,0,0,0,0
5214,0,1,0,0,0,0,0,0,0
5215,0,1,0,0,0,0,0,0,0
5216,0,1,0,0,0,0,0,0,0
5217,0,1,0,0,0,0,0,0,0
5218,0,1,0,0,0,0,0,0,0
5219,0,1,0,0,0,0,0,0,0
5220,0,1,0,0,0,0,0,0,0
5221,0,1,0,0,0,0,0,0,0
5222,0,1,0,0,0,0,0,0,0
5223,0,1,0,0,0,0,0,0,0
5224,0,1,0,0,0,0,0,0,0
5225,0,1,0,0,0,0,0,0,0
5226,0,1,0,0,0,0,0,0,0
5227,0,1,0,0,0,0,0,0,0
5228,0,1,0,0,0,0,0,0,0
5229,0,1,0,0,0,0,0,0,0
5230,0,1,0,0,0,0,0,0,0
5231,0,1,0,0,0,0,0,0,0
5232,0,1,0,0,0,0,0,0,0
5233,0,1,0,0,0,0,0,0,0
5234,0,1,0,0,0,0,0,0,0
5235,0,1,0,0,0,0,0,0,0
5236,0,1,0,0,0,0,0,0,0
5237,0,1,0,0,0,0,0,0,0
5238,0,1,0,0,0,0,0,0,0
5239,0,1,0,0,0,0,0,0,0
5240,0,1,0,0,0,0,0,0,0
5241,0,1,0,0,0,0,0,0,0
5242,0,1,0,0,0,0,0,0,0
5243,0,1,0,0,0,0,0,0,0
5244,0,1,0,0,0,0,0,0,0
5245,0,1,0,0,0,0,0,0,0
5246,0,1,0,0,0,0,0,0,0
5247,0,1,0,0,0,0,0,0,0
5248,0,1,0,0,0,0,0,0,0
5249,0,1,0,0,0,0,0,0,0
5250,0,1,0,0,0,0,0,0,0
5251,0,1,0,0,0,0,0,0,0
5252,0,1,0,0,0,0,0,0,0
5253,0,1,0,0,0,0,0,0,0
5254,0,1,0,0,0,0,0,0,0
5255,0,1,0,0,0,0,0,0,0
5256,0,1,0,0,0,0,0,0,0
5257,0,1,0,0,0,0,0,0,0
5258,0,1,0,0,0,0,0,0,0
5259,0,1,0,0,0,0,0,0,0
5260,0,1,0,0,0,0,0,0,0
5261,0,1,0,0,0,0,0,0,0
5262,0,1,0,0,0,0,0,0,0
5263,0,1,0,0,0,0,0,0,0
5264,0,1,0,0,0,0,0,0,0
5265,0,1,0,0,0,0,0,0,0
5266,0,1,0,0,0,0,0,0,0
5267,0,1,0,0,0,0,0,0,0
5268,0,1,0,0,0,0,0,0,0
5269,0,1,0,0,0,0,0,0,0
5270,0,1,0,0,0,0,0,0,0
5271,0,1,0,0,0,0,0,0,0
5272,0,1,0,0,0,0,0,0,0
5273,0,1,0,0,0,0,0,0,0
5274,0,1,0,0,0,0,0,0,0
5275,0,1,0,0,0,0,0,0,0
5276,0,1,0,0,0,0,0,0,0
5277,0,1,0,0,0,0,0,0,0
5278,0,1,0,0,0,0,0,0,0
5279,0,1,0,0,0,0,0,0,0
5280,0,1,0,0,0,0,0,0,0
5281,0,1,0,0,0,0,0,0,0
5282,0,1,0,0,0,0,0,0,0
5283,0,1,0,0,0,0,0,0,0
5284,0,1,0,0,0,0,0,0,0
5285,0,1,0,0,0,0,0,0,0
5286,0,1,0,0,0,0,0,0,0
5287,0,1,0,0,0,0,0,0,0
5288,0,1,0,0,0,0,0,0,0
5289,0,1,0,0,0,0,0,0,0
5290,0,1,0,0,0,0,0,0,0
5291,0,1,0,0,0,0,0,0,0
5292,0,1,0,0,0,0,0,0,0
5293,0,1,0,0,0,0,0,0,0
5294,0,1,0,0,0,0,0,0,0
5295,0,1,0,0,0,0,0,0,0
5296,0,1,0,0,0,0,0,0,0
5297,0,1,0,0,0,0,0,0,0
5298,0,1,0,0,0,0,0,0,0
5299,0,1,0,0,0,0,0,0,0
5300,0,1,0,0,0,0,0,0,0
5301,0,1,0,0,0,0,0,0,0
5302,0,1,0,0,0,0,0,0,0
5303,0,1,0,0,0,0,0,0,0
5304,0,1,0,0,0,0,0,0,0
5305,0,1,0,0,0,0,0,0,0
5306,0,1,0,0,0,0,0,0,0
5307,0,1,0,0,0,0,0,0,0
5308,0,1,0,0,0,0,0,0,0
5309,0,1,0,0,0,0,0,0,0
5310,0,1,0,0,0,0,0,0,0
5311,0,1,0,0,0,0,0,0,0
5312,0,1,0,0,0,0,0,0,0
5313,0,1,0,0,0,0,0,0,0
5314,0,1,0,0,0,0,0,0,0
5315,0,1,0,0,0,0,0,0,0
5316,0,1,0,0,0,0,0,0,0
5317,0,1,0,0,0,0,0,0,0
5318,0,1,0,0,0,0,0,0,0
5319,0,1,0,0,0,0,0,0,0
5320,0,1,0,0,0,0,0,0,0
5321,0,1,0,0,0,0,0,0,0
5322,0,1,0,0,0,0,0,0,0
5323,0,1,0,0,0,0,0,0,0
5324,0,1,0,0,0,0,0,0,0
5325,0,1,0,0,0,0,0,0,0
5326,0,1,0,0,0,0,0,0,0
5327,0,1,0,0,0,0,0,0,0
5328,0,1,0,0,0,0,0,0,0
5329,0,1,0,0,0,0,0,0,0
5330,0,1,0,0,0,0,0,0,0
5331,0,1,0,0,0,0,0,0,0
5332,0,1,0,0,0,0,0,0,0
5333,0,1,0,0,0,0,0,0,0
5334,0,1,0,0,0,0,0,0,0
5335,0,1,0,0,0,0,0,0,0
5336,0,1,0,0,0,0,0,0,0
5337,0,1,0,0,0,0,0,0,0
5338,0,1,0,0,0,0,0,0,0
5339,0,1,0,0,0,0,0,0,0
5340,0,1,0,0,0,0,0,0,0
5341,0,1,0,0,0,0,0,0,0
5342,0,1,0,0,0,0,0,0,0
5343,0,1,0,0,0,0,0,0,0
5344,0,1,0,0,0,0,0,0,0
5345,0,1,0,0,0,0,0,0,0
5346,0,1,0,0,0,0,0,0,0
5347,0,1,0,0,0,0,0,0,0
5348,0,1,0,0,0,0,0,0,0
5349,0,1,0,0,0,0,0,0,0
5350,0,1,0,0,0,0,0,0,0
5351,0,1,0,0,0,0,0,0,0
5352,0,1,0,0,0,0,0,0,0
5353,0,1,0,0,0,0,0,0,0
5354,0,1,0,0,0,0,0,0,0
5355,0,1,0,0,0,0,0,0,0
5356,0,1,0,0,0,0,0,0,0
5357,0,1,0,0,0,0,0,0,0
5358,0,1,0,0,0,0,0,0,0
5359,0,1,0,0,0,0,0,0,0
5360,0,1,0,0,0,0,0,0,0
5361,0,1,0,0,0,0,0,0,0
5362,0,1,0,0,0,0,0,0,0
5363,0,1,0,0,0,0,0,0,0
5364,0,1,0,0,0,0,0,0,0
5365,0,1,0,0,0,0,0,0,0
5366,0,1,0,0,0,0,0,0,0
5367,0,1,0,0,0,0,0,0,0
5368,0,1,0,0,0,0,0,0,0
5369,0,1,0,0,0,0,0,0,0
5370,0,1,0,0,0,0,0,0,0
5371,0,1,0,0,0,0,0,0,0
5372,0,1,0,0,0,0,0,0,0
5373,0,1,0,0,0,0,0,0,0
5374,0,1,0,0,0,0,0,0,0
5375,0,1,0,0,0,0,0,0,0
5376,0,1,0,0,0,0,0,0,0
5377,0,1,0,0,0,0,0,0,0
5378,0,1,0,0,0,0,0,0,0
5379,0,1,0,0,0,0,0,0,0
5380,0,1,0,0,0,0,0,0,0
5381,0,1,0,0,0,0,0,0,0
5382,0,1,0,0,0,0,0,0,0
5383,0,1,0,0,0,0,0,0,0
5384,0,1,0,0,0,0,0,0,0
5385,0,1,0,0,0,0,0,0,0
5386,0,1,0,0,0,0,0,0,0
5387,0,1,0,0,0,0,0,0,0
5388,0,1,0,0,0,0,0,0,0
5389,0,1,0,0,0,0,0,0,0
5390,0,1,0,0,0,0,0,0,0
5391,0,1,0,0,0,0,0,0,0
5392,0,1,0,0,0,0,0,0,0
5393,0,1,0,0,0,0,0,0,0
5394,0,1,0,0,0,0,0,0,0
5395,0,1,0,0,0,0,0,0,0
5396,0,1,0,0,0,0,0,0,0
5397,0,1,0,0,0,0,0,0,0
5398,0,1,0,0,0,0,0,0,0
5399,0,1,0,0,0,0,0,0,0
5400,0,1,0,0,0,0,0,0,0
5401,0,1,0,0,0,0,0,0,0
5402,0,1,0,0,0,0,0,0,0
5403,0,1,0,0,0,0,0,0,0
5404,0,1,0,0,0,0,0,0,0
5405,0,1,0,0,0,0,0,0,0
5406,0,1,0,0,0,0,0,0,0
5407,0,1,0,0,0,0,0,0,0
5408,0,1,0,0,0,0,0,0,0
5409,0,1,0,0,0,0,0,0,0
5410,0,1,0,0,0,0,0,0,0
5411,0,1,0,0,0,0,0,0,0
5412,0,1,0,0,0,0,0,0,0
5413,0,1,0,0,0,0,0,0,0
5414,0,1,0,0,0,0,0,0,0
5415,0,1,0,0,0,0,0,0,0
5416,0,1,0,0,0,0,0,0,0
5417,0,1,0,0,0,0,0,0,0
5418,0,1,0,0,0,0,0,0,0
5419,0,1,0,0,0,0,0,0,0
5420,0,1,0,0,0,0,0,0,0
5421,0,1,0,0,0,0,0,0,0
5422,0,1,0,0,0,0,0,0,0
5423,0,1,0,0,0,0,0,0,0
5424,0,1,0,0,0,0,0,0,0
5425,0,1,0,0,0,0,0,0,0
5426,0,1,0,0,0,0,0,0,0
5427,0,1,0,0,0,0,0,0,0
5428,0,1,0,0,0,0,0,0,0
5429,0,1,0,0,0,0,0,0,0
5430,0,1,0,0,0,0,0,0,0
5431,0,1,0,0,0,0,0,0,0
5432,0,1,0,0,0,0,0,0,0
5433,0,1,0,0,0,0,0,0,0
5434,0,1,0,0,0,0,0,0,0
5435,0,1,0,0,0,0,0,0,0
5436,0,1,0,0,0,0,0,0,0
5437,0,1,0,0,0,0,0,0,0
5438,0,1,0,0,0,0,0,0,0
5439,0,1,0,0,0,0,0,0,0
5440,0,1,0,0,0,0,0,0,0
5441,0,1,0,0,0,0,0,0,0
5442,0,1,0,0,0,0,0,0,0
5443,0,1,0,0,0,0,0,0,0
5444,0,1,0,0,0,0,0,0,0
5445,0,1,0,0,0,0,0,0,0
5446,0,1,0,0,0,0,0,0,0
5447,0,1,0,0,0,0,0,0,0
5448,0,1,0,0,0,0,0,0,0
5449,0,1,0,0,0,0,0,0,0
5450,0,1,0,0,0,0,0,0,0
5451,0,1,0,0,0,0,0,0,0
5452,0,1,0,0,0,0,0,0,0
5453,0,1,0,0,0,0,0,0,0
5454,0,1,0,0,0,0,0,0,0
5455,0,1,0,0,0,0,0,0,0
5456,0,1,0,0,0,0,0,0,0
5457,0,1,0,0,0,0,0,0,0
5458,0,1,0,0,0,0,0,0,0
5459,0,1,0,0,0,0,0,0,0
5460,0,1,0,0,0,0,0,0,0
5461,0,1,0,0,0,0,0,0,0
5462,0,1,0,0,0,0,0,0,0
5463,0,1,0,0,0,0,0,0,0
5464,0,1,0,0,0,0,0,0,0
5465,0,1,0,0,0,0,0,0,0
5466,0,1,0,0,0,0,0,0,0
5467,0,1,0,0,0,0,0,0,0
5468,0,1,0,0,0,0,0,0,0
5469,0,1,0,0,0,0,0,0,0
5470,0,1,0,0,0,0,0,0,0
5471,0,1,0,0,0,0,0,0,0
5472,0,1,0,0,0,0,0,0,0
5473,0,1,0,0,0,0,0,0,0
5474,0,1,0,0,0,0,0,0,0
5475,0,1,0,0,0,0,0,0,0
5476,0,1,0,0,0,0,0,0,0
5477,0,1,0,0,0,0,0,0,0
5478,0,1,0,0,0,0,0,0,0
5479,0,1,0,0,0,0,0,0,0
5480,0,1,0,0,0,0,0,0,0
5481,0,1,0,0,0,0,0,0,0
5482,0,1,0,0,0,0,0,0,0
5483,0,1,0,0,0,0,0,0,0
5484,0,1,0,0,0,0,0,0,0
5485,0,1,0,0,0,0,0,0,0
5486,0,1,0,0,0,0,0,0,0
5487,0,1,0,0,0,0,0,0,0
5488,0,1,0,0,0,0,0,0,0
5489,0,1,0,0,0,0,0,0,0
5490,0,1,0,0,0,0,0,0,0
5491,0,1,0,0,0,0,0,0,0
5492,0,1,0,0,0,0,0,0,0
5493,0,1,0,0,0,0,0,0,0
5494,0,1,0,0,0,0,0,0,0
5495,0,1,0,0,0,0,0,0,0
5496,0,1,0,0,0,0,0,0,0
5497,0,1,0,0,0,0,0,0,0
5498,0,1,0,0,0,0,0,0,0
5499,0,1,0,0,0,0,0,0,0
5500,0,1,0,0,0,0,0,0,0
5501,0,1,0,0,0,0,0,0,0
5502,0,1,0,0,0,0,0,0,0
5503,0,1,0,0,0,0,0,0,0
5504,0,1,0,0,0,0,0,0,0
5505,0,1,0,0,0,0,0,0,0
5506,0,1,0,0,0,0,0,0,0
5507,0,1,0,0,0,0,0,0,0
5508,0,1,0,0,0,0,0,0,0
5509,0,1,0,0,0,0,0,0,0
5510,0,1,0,0,0,0,0,0,0
5511,0,1,0,0,0,0,0,0,0
5512,0,1,0,0,0,0,0,0,0
5513,0,1,0,0,0,0,0,0,0
5514,0,1,0,0,0,0,0,0,0
5515,0,1,0,0,0,0,0,0,0
5516,0,1,0,0,0,0,0,0,0
5517,0,1,0,0,0,0,0,0,0
5518,0,1,0,0,0,0,0,0,0
5519,0,1,0,0,0,0,0,0,0
5520,0,1,0,0,0,0,0,0,0
5521,0,1,0,0,0,0,0,0,0
5522,0,1,0,0,0,0,0,0,0
5523,0,1,0,0,0,0,0,0,0
5524,0,1,0,0,0,0,0,0,0
5525,0,1,0,0,0,0,0,0,0
5526,0,1,0,0,0,0,0,0,0
5527,0,1,0,0,0,0,0,0,0
5528,0,1,0,0,0,0,0,0,0
5529,0,1,0,0,0,0,0,0,0
5530,0,1,0,0,0,0,0,0,0
5531,0,1,0,0,0,0,0,0,0
5532,0,1,0,0,0,0,0,0,0
5533,0,1,0,0,0,0,0,0,0
5534,0,1,0,0,0,0,0,0,0
5535,0,1,0,0,0,0,0,0,0
5536,0,1,0,0,0,0,0,0,0
5537,0,1,0,0,0,0,0,0,0
5538,0,1,0,0,0,0,0,0,0
5539,0,1,0,0,0,0,0,0,0
5540,0,1,0,0,0,0,0,0,0
5541,0,1,0,0,0,0,0,0,0
5542,0,1,0,0,0,0,0,0,0
5543,0,1,0,0,0,0,0,0,0
5544,0,1,0,0,0,0,0,0,0
5545,0,1,0,0,0,0,0,0,0
5546,0,1,0,0,0,0,0,0,0
5547,0,1,0,0,0,0,0,0,0
5548,0,1,0,0,0,0,0,0,0
5549,0,1,0,0,0,0,0,0,0
5550,0,1,0,0,0,0,0,0,0
5551,0,1,0,0,0,0,0,0,0
5552,0,1,0,0,0,0,0,0,0
5553,0,1,0,0,0,0,0,0,0
5554,0,1,0,0,0,0,0,0,0
5555,0,1,0,0,0,0,0,0,0
5556,0,1,0,0,0,0,0,0,0
5557,0,1,0,0,0,0,0,0,0
5558,0,1,0,0,0,0,0,0,0
5559,0,1,0,0,0,0,0,0,0
5560,0,1,0,0,0,0,0,0,0
5561,0,1,0,0,0,0,0,0,0
5562,0,1,0,0,0,0,0,0,0
5563,0,1,0,0,0,0,0,0,0
5564,0,1,0,0,0,0,0,0,0
5565,0,1,0,0,0,0,0,0,0
5566,0,1,0,0,0,0,0,0,0
5567,0,1,0,0,0,0,0,0,0
5568,0,1,0,0,0,0,0,0,0
5569,0,1,0,0,0,0,0,0,0
5570,0,1,0,0,0,0,0,0,0
5571,0,1,0,0,0,0,0,0,0
5572,0,1,0,0,0,0,0,0,0
5573,0,1,0,0,0,0,0,0,0
5574,0,1,0,0,0,0,0,0,0
5575,0,1,0,0,0,0,0,0,0
5576,0,1,0,0,0,0,0,0,0
5577,0,1,0,0,0,0,0,0,0
5578,0,1,0,0,0,0,0,0,0
5579,0,1,0,0,0,0,0,0,0
5580,0,1,0,0,0,0,0,0,0
5581,0,1,0,0,0,0,0,0,0
5582,0,1,0,0,0,0,0,0,0
5583,0,1,0,0,0,0,0,0,0
5584,0,1,0,0,0,0,0,0,0
5585,0,1,0,0,0,0,0,0,0
5586,0,1,0,0,0,0,0,0,0
5587,0,1,0,0,0,0,0,0,0
5588,0,1,0,0,0,0,0,0,0
5589,0,1,0,0,0,0,0,0,0
5590,0,1,0,0,0,0,0,0,0
5591,0,1,0,0,0,0,0,0,0
5592,0,1,0,0,0,0,0,0,0
5593,0,1,0,0,0,0,0,0,0
5594,0,1,0,0,0,0,0,0,0
5595,0,1,0,0,0,0,0,0,0
5596,0,1,0,0,0,0,0,0,0
5597,0,1,0,0,0,0,0,0,0
5598,0,1,0,0,0,0,0,0,0
5599,0,1,0,0,0,0,0,0,0
5600,0,1,0,0,0,0,0,0,0
5601,0,1,0,0,0,0,0,0,0
5602,0,1,0,0,0,0,0,0,0
5603,0,1,0,0,0,0,0,0,0
5604,0,1,0,0,0,0,0,0,0
5605,0,1,0,0,0,0,0,0,0
5606,0,1,0,0,0,0,0,0,0
5607,0,1,0,0,0,0,0,0,0
5608,0,1,0,0,0,0,0,0,0
5609,0,1,0,0,0,0,0,0,0
5610,0,1,0,0,0,0,0,0,0
5611,0,1,0,0,0,0,0,0,0
5612,0,1,0,0,0,0,0,0,0
5613,0,1,0,0,0,0,0,0,0
5614,0,1,0,0,0,0,0,0,0
5615,0,1,0,0,0,0,0,0,0
5616,0,1,0,0,0,0,0,0,0
5617,0,1,0,0,0,0,0,0,0
5618,0,1,0,0,0,0,0,0,0
5619,0,1,0,0,0,0,0,0,0
5620,0,1,0,0,0,0,0,0,0
5621,0,1,0,0,0,0,0,0,0
5622,0,1,0,0,0,0,0,0,0
5623,0,1,0,0,0,0,0,0,0
5624,0,1,0,0,0,0,0,0,0
5625,0,1,0,0,0,0,0,0,0
5626,0,1,0,0,0,0,0,0,0
5627,0,1,0,0,0,0,0,0,0
5628,0,1,0,0,0,0,0,0,0
5629,0,1,0,0,0,0,0,0,0
5630,0,1,0,0,0,0,0,0,0
5631,0,1,0,0,0,0,0,0,0
5632,0,1,0,0,0,0,0,0,0
5633,0,1,0,0,0,0,0,0,0
5634,0,1,0,0,0,0,0,0,0
5635,0,1,0,0,0,0,0,0,0
5636,0,1,0,0,0,0,0,0,0
5637,0,1,0,0,0,0,0,0,0
5638,0,1,0,0,0,0,0,0,0
5639,0,1,0,0,0,0,0,0,0
5640,0,1,0,0,0,0,0,0,0
5641,0,1,0,0,0,0,0,0,0
5642,0,1,0,0,0,0,0,0,0
5643,0,1,0,0,0,0,0,0,0
5644,0,1,0,0,0,0,0,0,0
5645,0,1,0,0,0,0,0,0,0
5646,0,1,0,0,0,0,0,0,0
5647,0,1,0,0,0,0,0,0,0
5648,0,1,0,0,0,0,0,0,0
5649,0,1,0,0,0,0,0,0,0
5650,0,1,0,0,0,0,0,0,0
5651,0,1,0,0,0,0,0,0,0
5652,0,1,0,0,0,0,0,0,0
5653,0,1,0,0,0,0,0,0,0
5654,0,1,0,0,0,0,0,0,0
5655,0,1,0,0,0,0,0,0,0
5656,0,1,0,0,0,0,0,0,0
5657,0,1,0,0,0,0,0,0,0
5658,0,1,0,0,0,0,0,0,0
5659,0,1,0,0,0,0,0,0,0
5660,0,1,0,0,0,0,0,0,0
5661,0,1,0,0,0,0,0,0,0
5662,0,1,0,0,0,0,0,0,0
5663,0,1,0,0,0,0,0,0,0
5664,0,1,0,0,0,0,0,0,0
5665,0,1,0,0,0,0,0,0,0
5666,0,1,0,0,0,0,0,0,0
5667,0,1,0,0,0,0,0,0,0
5668,0,1,0,0,0,0,0,0,0
5669,0,1,0,0,0,0,0,0,0
5670,0,1,0,0,0,0,0,0,0
5671,0,1,0,0,0,0,0,0,0
5672,0,1,0,0,0,0,0,0,0
5673,0,1,0,0,0,0,0,0,0
5674,0,1,0,0,0,0,0,0,0
5675,0,1,0,0,0,0,0,0,0
5676,0,1,0,0,0,0,0,0,0
5677,0,1,0,0,0,0,0,0,0
5678,0,1,0,0,0,0,0,0,0
5679,0,1,0,0,0,0,0,0,0
5680,0,1,0,0,0,0,0,0,0
5681,0,1,0,0,0,0,0,0,0
5682,0,1,0,0,0,0,0,0,0
5683,0,1,0,0,0,0,0,0,0
5684,0,1,0,0,0,0,0,0,0
5685,0,1,0,0,0,0,0,0,0
5686,0,1,0,0,0,0,0,0,0
5687,0,1,0,0,0,0,0,0,0
5688,0,1,0,0,0,0,0,0,0
5689,0,1,0,0,0,0,0,0,0
5690,0,1,0,0,0,0,0,0,0
5691,0,1,0,0,0,0,0,0,0
5692,0,1,0,0,0,0,0,0,0
5693,0,1,0,0,0,0,0,0,0
5694,0,1,0,0,0,0,0,0,0
5695,0,1,0,0,0,0,0,0,0
5696,0,1,0,0,0,0,0,0,0
5697,0,1,0,0,0,0,0,0,0
5698,0,1,0,0,0,0,0,0,0
5699,0,1,0,0,0,0,0,0,0
5700,0,1,0,0,0,0,0,0,0
5701,0,1,0,0,0,0,0,0,0
5702,0,1,0,0,0,0,0,0,0
5703,0,1,0,0,0,0,0,0,0
5704,0,1,0,0,0,0,0,0,0
5705,0,1,0,0,0,0,0,0,0
5706,0,1,0,0,0,0,0,0,0
5707,0,1,0,0,0,0,0,0,0
5708,0,1,0,0,0,0,0,0,0
5709,0,1,0,0,0,0,0,0,0
5710,0,1,0,0,0,0,0,0,0
5711,0,1,0,0,0,0,0,0,0
5712,0,1,0,0,0,0,0,0,0
5713,0,1,0,0,0,0,0,0,0
5714,0,1,0,0,0,0,0,0,0
5715,0,1,0,0,0,0,0,0,0
5716,0,1,0,0,0,0,0,0,0
5717,0,1,0,0,0,0,0,0,0
5718,0,1,0,0,0,0,0,0,0
5719,0,1,0,0,0,0,0,0,0
5720,0,1,0,0,0,0,0,0,0
5721,0,1,0,0,0,0,0,0,0
5722,0,1,0,0,0,0,0,0,0
5723,0,1,0,0,0,0,0,0,0
5724,0,1,0,0,0,0,0,0,0
5725,0,1,0,0,0,0,0,0,0
5726,0,1,0,0,0,0,0,0,0
5727,0,1,0,0,0,0,0,0,0
5728,0,1,0,0,0,0,0,0,0
5729,0,1,0,0,0,0,0,0,0
5730,0,1,0,0,0,0,0,0,0
5731,0,1,0,0,0,0,0,0,0
5732,0,1,0,0,0,0,0,0,0
5733,0,1,0,0,0,0,0,0,0
5734,0,1,0,0,0,0,0,0,0
5735,0,1,0,0,0,0,0,0,0
5736,0,1,0,0,0,0,0,0,0
5737,0,1,0,0,0,0,0,0,0
5738,0,1,0,0,0,0,0,0,0
5739,0,1,0,0,0,0,0,0,0
5740,0,1,0,0,0,0,0,0,0
5741,0,1,0,0,0,0,0,0,0
5742,0,1,0,0,0,0,0,0,0
5743,0,1,0,0,0,0,0,0,0
5744,0,1,0,0,0,0,0,0,0
5745,0,1,0,0,0,0,0,0,0
5746,0,1,0,0,0,0,0,0,0
5747,0,1,0,0,0,0,0,0,0
5748,0,1,0,0,0,0,0,0,0
5749,0,1,0,0,0,0,0,0,0
5750,0,1,0,0,0,0,0,0,0
5751,0,1,0,0,0,0,0,0,0
5752,0,1,0,0,0,0,0,0,0
5753,0,1,0,0,0,0,0,0,0
5754,0,1,0,0,0,0,0,0,0
5755,0,1,0,0,0,0,0,0,0
5756,0,1,0,0,0,0,0,0,0
5757,0,1,0,0,0,0,0,0,0
5758,0,1,0,0,0,0,0,0,0
5759,0,1,0,0,0,0,0,0,0
5760,0,1,0,0,0,0,0,0,0
5761,0,1,0,0,0,0,0,0,0
5762,0,1,0,0,0,0,0,0,0
5763,0,1,0,0,0,0,0,0,0
5764,0,1,0,0,0,0,0,0,0
5765,0,1,0,0,0,0,0,0,0
5766,0,1,0,0,0,0,0,0,0
5767,0,1,0,0,0,0,0,0,0
5768,0,1,0,0,0,0,0,0,0
5769,0,1,0,0,0,0,0,0,0
5770,0,1,0,0,0,0,0,0,0
5771,0,1,0,0,0,0,0,0,0
5772,0,1,0,0,0,0,0,0,0
5773,0,1,0,0,0,0,0,0,0
5774,0,1,0,0,0,0,0,0,0
5775,0,1,0,0,0,0,0,0,0
5776,0,1,0,0,0,0,0,0,0
5777,0,1,0,0,0,0,0,0,0
5778,0,1,0,0,0,0,0,0,0
5779,0,1,0,0,0,0,0,0,0
5780,0,1,0,0,0,0,0,0,0
5781,0,1,0,0,0,0,0,0,0
5782,0,1,0,0,0,0,0,0,0
5783,0,1,0,0,0,0,0,0,0
5784,0,1,0,0,0,0,0,0,0
5785,0,1,0,0,0,0,0,0,0
5786,0,1,0,0,0,0,0,0,0
5787,0,1,0,0,0,0,0,0,0
5788,0,1,0,0,0,0,0,0,0
5789,0,1,0,0,0,0,0,0,0
5790,0,1,0,0,0,0,0,0,0
5791,0,1,0,0,0,0,0,0,0
5792,0,1,0,0,0,0,0,0,0
5793,0,1,0,0,0,0,0,0,0
5794,0,1,0,0,0,0,0,0,0
5795,0,1,0,0,0,0,0,0,0
5796,0,1,0,0,0,0,0,0,0
5797,0,1,0,0,0,0,0,0,0
5798,0,1,0,0,0,0,0,0,0
5799,0,1,0,0,0,0,0,0,0
5800,0,1,0,0,0,0,0,0,0
5801,0,1,0,0,0,0,0,0,0
5802,0,1,0,0,0,0,0,0,0
5803,0,1,0,0,0,0,0,0,0
5804,0,1,0,0,0,0,0,0,0
5805,0,1,0,0,0,0,0,0,0
5806,0,1,0,0,0,0,0,0,0
5807,0,1,0,0,0,0,0,0,0
5808,0,1,0,0,0,0,0,0,0
5809,0,1,0,0,0,0,0,0,0
5810,0,1,0,0,0,0,0,0,0
5811,0,1,0,0,0,0,0,0,0
5812,0,1,0,0,0,0,0,0,0
5813,0,1,0,0,0,0,0,0,0
5814,0,1,0,0,0,0,0,0,0
5815,0,1,0,0,0,0,0,0,0
5816,0,1,0,0,0,0,0,0,0
5817,0,1,0,0,0,0,0,0,0
5818,0,1,0,0,0,0,0,0,0
5819,0,1,0,0,0,0,0,0,0
5820,0,1,0,0,0,0,0,0,0
5821,0,1,0,0,0,0,0,0,0
5822,0,1,0,0,0,0,0,0,0
5823,0,1,0,0,0,0,0,0,0
5824,0,1,0,0,0,0,0,0,0
5825,0,1,0,0,0,0,0,0,0
5826,0,1,0,0,0,0,0,0,0
5827,0,1,0,0,0,0,0,0,0
5828,0,1,0,0,0,0,0,0,0
5829,0,1,0,0,0,0,0,0,0
5830,0,1,0,0,0,0,0,0,0
5831,0,1,0,0,0,0,0,0,0
5832,0,1,0,0,0,0,0,0,0
5833,0,1,0,0,0,0,0,0,0
5834,0,1,0,0,0,0,0,0,0
5835,0,1,0,0,0,0,0,0,0
5836,0,1,0,0,0,0,0,0,0
5837,0,1,0,0,0,0,0,0,0
5838,0,1,0,0,0,0,0,0,0
5839,0,1,0,0,0,0,0,0,0
5840,0,1,0,0,0,0,0,0,0
5841,0,1,0,0,0,0,0,0,0
5842,0,1,0,0,0,0,0,0,0
5843,0,1,0,0,0,0,0,0,0
5844,0,1,0,0,0,0,0,0,0
5845,0,1,0,0,0,0,0,0,0
5846,0,1,0,0,0,0,0,0,0
5847,0,1,0,0,0,0,0,0,0
5848,0,1,0,0,0,0,0,0,0
5849,0,1,0,0,0,0,0,0,0
5850,0,1,0,0,0,0,0,0,0
5851,0,1,0,0,0,0,0,0,0
5852,0,1,0,0,0,0,0,0,0
5853,0,1,0,0,0,0,0,0,0
5854,0,1,0,0,0,0,0,0,0
5855,0,1,0,0,0,0,0,0,0
5856,0,1,0,0,0,0,0,0,0
5857,0,1,0,0,0,0,0,0,0
5858,0,1,0,0,0,0,0,0,0
5859,0,1,0,0,0,0,0,0,0
5860,0,1,0,0,0,0,0,0,0
5861,0,1,0,0,0,0,0,0,0
5862,0,1,0,0,0,0,0,0,0
5863,0,1,0,0,0,0,0,0,0
5864,0,1,0,0,0,0,0,0,0
5865,0,1,0,0,0,0,0,0,0
5866,0,1,0,0,0,0,0,0,0
5867,0,1,0,0,0,0,0,0,0
5868,0,1,0,0,0,0,0,0,0
5869,0,1,0,0,0,0,0,0,0
5870,0,1,0,0,0,0,0,0,0
5871,0,1,0,0,0,0,0,0,0
5872,0,1,0,0,0,0,0,0,0
5873,0,1,0,0,0,0,0,0,0
5874,0,1,0,0,0,0,0,0,0
5875,0,1,0,0,0,0,0,0,0
5876,0,1,0,0,0,0,0,0,0
5877,0,1,0,0,0,0,0,0,0
5878,0,1,0,0,0,0,0,0,0
5879,0,1,0,0,0,0,0,0,0
5880,0,1,0,0,0,0,0,0,0
5881,0,1,0,0,0,0,0,0,0
5882,0,1,0,0,0,0,0,0,0
5883,0,1,0,0,0,0,0,0,0
5884,0,1,0,0,0,0,0,0,0
5885,0,1,0,0,0,0,0,0,0
5886,0,1,0,0,0,0,0,0,0
5887,0,1,0,0,0,0,0,0,0
5888,0,1,0,0,0,0,0,0,0
5889,0,1,0,0,0,0,0,0,0
5890,0,1,0,0,0,0,0,0,0
5891,0,1,0,0,0,0,0,0,0
5892,0,1,0,0,0,0,0,0,0
5893,0,1,0,0,0,0,0,0,0
5894,0,1,0,0,0,0,0,0,0
5895,0,1,0,0,0,0,0,0,0
5896,0,1,0,0,0,0,0,0,0
5897,0,1,0,0,0,0,0,0,0
5898,0,1,0,0,0,0,0,0,0
5899,0,1,0,0,0,0,0,0,0
5900,0,1,0,0,0,0,0,0,0
5901,0,1,0,0,0,0,0,0,0
5902,0,1,0,0,0,0,0,0,0
5903,0,1,0,0,0,0,0,0,0
5904,0,1,0,0,0,0,0,0,0
5905,0,1,0,0,0,0,0,0,0
5906,0,1,0,0,0,0,0,0,0
5907,0,1,0,0,0,0,0,0,0
5908,0,1,0,0,0,0,0,0,0
5909,0,1,0,0,0,0,0,0,0
5910,0,1,0,0,0,0,0,0,0
5911,0,1,0,0,0,0,0,0,0
5912,0,1,0,0,0,0,0,0,0
5913,0,1,0,0,0,0,0,0,0
5914,0,1,0,0,0,0,0,0,0
5915,0,1,0,0,0,0,0,0,0
5916,0,1,0,0,0,0,0,0,0
5917,0,1,0,0,0,0,0,0,0
5918,0,1,0,0,0,0,0,0,0
5919,0,1,0,0,0,0,0,0,0
5920,0,1,0,0,0,0,0,0,0
5921,0,1,0,0,0,0,0,0,0
5922,0,1,0,0,0,0,0,0,0
5923,0,1,0,0,0,0,0,0,0
5924,0,1,0,0,0,0,0,0,0
5925,0,1,0,0,0,0,0,0,0
5926,0,1,0,0,0,0,0,0,0
5927,0,1,0,0,0,0,0,0,0
5928,0,1,0,0,0,0,0,0,0
5929,0,1,0,0,0,0,0,0,0
5930,0,1,0,0,0,0,0,0,0
5931,0,1,0,0,0,0,0,0,0
5932,0,1,0,0,0,0,0,0,0
5933,0,1,0,0,0,0,0,0,0
5934,0,1,0,0,0,0,0,0,0
5935,0,1,0,0,0,0,0,0,0
5936,0,1,0,0,0,0,0,0,0
5937,0,1,0,0,0,0,0,0,0
5938,0,1,0,0,0,0,0,0,0
5939,0,1,0,0,0,0,0,0,0
5940,0,1,0,0,0,0,0,0,0
5941,0,1,0,0,0,0,0,0,0
5942,0,1,0,0,0,0,0,0,0
5943,0,1,0,0,0,0,0,0,0
5944,0,1,0,0,0,0,0,0,0
5945,0,1,0,0,0,0,0,0,0
5946,0,1,0,0,0,0,0,0,0
5947,0,1,0,0,0,0,0,0,0
5948,0,1,0,0,0,0,0,0,0
5949,0,1,0,0,0,0,0,0,0
5950,0,1,0,0,0,0,0,0,0
5951,0,1,0,0,0,0,0,0,0
5952,0,1,0,0,0,0,0,0,0
5953,0,1,0,0,0,0,0,0,0
5954,0,1,0,0,0,0,0,0,0
5955,0,1,0,0,0,0,0,0,0
5956,0,1,0,0,0,0,0,0,0
5957,0,1,0,0,0,0,0,0,0
5958,0,1,0,0,0,0,0,0,0
5959,0,1,0,0,0,0,0,0,0
5960,0,1,0,0,0,0,0,0,0
5961,0,1,0,0,0,0,0,0,0
5962,0,1,0,0,0,0,0,0,0
5963,0,1,0,0,0,0,0,0,0
5964,0,1,0,0,0,0,0,0,0
5965,0,1,0,0,0,0,0,0,0
5966,0,1,0,0,0,0,0,0,0
5967,0,1,0,0,0,0,0,0,0
5968,0,1,0,0,0,0,0,0,0
5969,0,1,0,0,0,0,0,0,0
5970,0,1,0,0,0,0,0,0,0
5971,0,1,0,0,0,0,0,0,0
5972,0,1,0,0,0,0,0,0,0
5973,0,1,0,0,0,0,0,0,0
5974,0,1,0,0,0,0,0,0,0
5975,0,1,0,0,0,0,0,0,0
5976,0,1,0,0,0,0,0,0,0
5977,0,1,0,0,0,0,0,0,0
5978,0,1,0,0,0,0,0,0,0
5979,0,1,0,0,0,0,0,0,0
5980,0,1,0,0,0,0,0,0,0
5981,0,1,0,0,0,0,0,0,0
5982,0,1,0,0,0,0,0,0,0
5983,0,1,0,0,0,0,0,0,0
5984,0,1,0,0,0,0,0,0,0
5985,0,1,0,0,0,0,0,0,0
5986,0,1,0,0,0,0,0,0,0
5987,0,1,0,0,0,0,0,0,0
5988,0,1,0,0,0,0,0,0,0
5989,0,1,0,0,0,0,0,0,0
5990,0,1,0,0,0,0,0,0,0
5991,0,1,0,0,0,0,0,0,0
5992,0,1,0,0,0,0,0,0,0
5993,0,1,0,0,0,0,0,0,0
5994,0,1,0,0,0,0,0,0,0
5995,0,1,0,0,0,0,0,0,0
5996,0,1,0,0,0,0,0,0,0
5997,0,1,0,0,0,0,0,0,0
5998,0,1,0,0,0,0,0,0,0
5999,0,1,0,0,0,0,0,0,0
6000,0,1,0,0,0,0,0,0,0
6001,0,1,0,0,0,0,0,0,0
6002,0,1,0,0,0,0,0,0,0
6003,0,1,0,0,0,0,0,0,0
6004,0,1,0,0,0,0,0,0,0
6005,0,1,0,0,0,0,0,0,0
6006,0,1,0,0,0,0,0,0,0
6007,0,1,0,0,0,0,0,0,0
6008,0,1,0,0,0,0,0,0,0
6009,0,1,0,0,0,0,0,0,0
6010,0,1,0,0,0,0,0,0,0
6011,0,1,0,0,0,0,0,0,0
6012,0,1,0,0,0,0,0,0,0
6013,0,1,0,0,0,0,0,0,0
6014,0,1,0,0,0,0,0,0,0
6015,0,1,0,0,0,0,0,0,0
6016,0,1,0,0,0,0,0,0,0
6017,0,1,0,0,0,0,0,0,0
6018,0,1,0,0,0,0,0,0,0
6019,0,1,0,0,0,0,0,0,0
6020,0,1,0,0,0,0,0,0,0
6021,0,1,0,0,0,0,0,0,0
6022,0,1,0,0,0,0,0,0,0
6023,0,1,0,0,0,0,0,0,0
6024,0,1,0,0,0,0,0,0,0
6025,0,1,0,0,0,0,0,0,0
6026,0,1,0,0,0,0,0,0,0
6027,0,1,0,0,0,0,0,0,0
6028,0,1,0,0,0,0,0,0,0
6029,0,1,0,0,0,0,0,0,0
6030,0,1,0,0,0,0,0,0,0
6031,0,1,0,0,0,0,0,0,0
6032,0,1,0,0,0,0,0,0,0
6033,0,1,0,0,0,0,0,0,0
6034,0,1,0,0,0,0,0,0,0
6035,0,1,0,0,0,0,0,0,0
6036,0,1,0,0,0,0,0,0,0
6037,0,1,0,0,0,0,0,0,0
6038,0,1,0,0,0,0,0,0,0
6039,0,1,0,0,0,0,0,0,0
6040,0,1,0,0,0,0,0,0,0
6041,0,1,0,0,0,0,0,0,0
6042,0,1,0,0,0,0,0,0,0
6043,0,1,0,0,0,0,0,0,0
6044,0,1,0,0,0,0,0,0,0
6045,0,1,0,0,0,0,0,0,0
6046,0,1,0,0,0,0,0,0,0
6047,0,1,0,0,0,0,0,0,0
6048,0,1,0,0,0,0,0,0,0
6049,0,1,0,0,0,0,0,0,0
6050,0,1,0,0,0,0,0,0,0
6051,0,1,0,0,0,0,0,0,0
6052,0,1,0,0,0,0,0,0,0
6053,0,1,0,0,0,0,0,0,0
6054,0,1,0,0,0,0,0,0,0
6055,0,1,0,0,0,0,0,0,0
6056,0,1,0,0,0,0,0,0,0
6057,0,1,0,0,0,0,0,0,0
6058,0,1,0,0,0,0,0,0,0
6059,0,1,0,0,0,0,0,0,0
6060,0,1,0,0,0,0,0,0,0
6061,0,1,0,0,0,0,0,0,0
6062,0,1,0,0,0,0,0,0,0
6063,0,1,0,0,0,0,0,0,0
6064,0,1,0,0,0,0,0,0,0
6065,0,1,0,0,0,0,0,0,0
6066,0,1,0,0,0,0,0,0,0
6067,0,1,0,0,0,0,0,0,0
6068,0,1,0,0,0,0,0,0,0
6069,0,1,0,0,0,0,0,0,0
6070,0,1,0,0,0,0,0,0,0
6071,0,1,0,0,0,0,0,0,0
6072,0,1,0,0,0,0,0,0,0
6073,0,1,0,0,0,0,0,0,0
6074,0,1,0,0,0,0,0,0,0
6075,0,1,0,0,0,0,0,0,0
6076,0,1,0,0,0,0,0,0,0
6077,0,1,0,0,0,0,0,0,0
6078,0,1,0,0,0,0,0,0,0
6079,0,1,0,0,0,0,0,0,0
6080,0,1,0,0,0,0,0,0,0
6081,0,1,0,0,0,0,0,0,0
6082,0,1,0,0,0,0,0,0,0
6083,0,1,0,0,0,0,0,0,0
6084,0,1,0,0,0,0,0,0,0
6085,0,1,0,0,0,0,0,0,0
6086,0,1,0,0,0,0,0,0,0
6087,0,1,0,0,0,0,0,0,0
6088,0,1,0,0,0,0,0,0,0
6089,0,1,0,0,0,0,0,0,0
6090,0,1,0,0,0,0,0,0,0
6091,0,1,0,0,0,0,0,0,0
6092,0,1,0,0,0,0,0,0,0
6093,0,1,0,0,0,0,0,0,0
6094,0,1,0,0,0,0,0,0,0
6095,0,1,0,0,0,0,0,0,0
6096,0,1,0,0,0,0,0,0,0
6097,0,1,0,0,0,0,0,0,0
6098,0,1,0,0,0,0,0,0,0
6099,0,1,0,0,0,0,0,0,0
6100,0,1,0,0,0,0,0,0,0
6101,0,1,0,0,0,0,0,0,0
6102,0,1,0,0,0,0,0,0,0
6103,0,1,0,0,0,0,0,0,0
6104,0,1,0,0,0,0,0,0,0
6105,0,1,0,0,0,0,0,0,0
6106,0,1,0,0,0,0,0,0,0
6107,0,1,0,0,0,0,0,0,0
6108,0,1,0,0,0,0,0,0,0
6109,0,1,0,0,0,0,0,0,0
6110,0,1,0,0,0,0,0,0,0
6111,0,1,0,0,0,0,0,0,0
6112,0,1,0,0,0,0,0,0,0
6113,0,1,0,0,0,0,0,0,0
6114,0,1,0,0,0,0,0,0,0
6115,0,1,0,0,0,0,0,0,0
6116,0,1,0,0,0,0,0,0,0
6117,0,1,0,0,0,0,0,0,0
6118,0,1,0,0,0,0,0,0,0
6119,0,1,0,0,0,0,0,0,0
6120,0,1,0,0,0,0,0,0,0
6121,0,1,0,0,0,0,0,0,0
6122,0,1,0,0,0,0,0,0,0
6123,0,1,0,0,0,0,0,0,0
6124,0,1,0,0,0,0,0,0,0
6125,0,1,0,0,0,0,0,0,0
6126,0,1,0,0,0,0,0,0,0
6127,0,1,0,0,0,0,0,0,0
6128,0,1,0,0,0,0,0,0,0
6129,0,1,0,0,0,0,0,0,0
6130,0,1,0,0,0,0,0,0,0
6131,0,1,0,0,0,0,0,0,0
6132,0,1,0,0,0,0,0,0,0
6133,0,1,0,0,0,0,0,0,0
6134,0,1,0,0,0,0,0,0,0
6135,0,1,0,0,0,0,0,0,0
6136,0,1,0,0,0,0,0,0,0
6137,0,1,0,0,0,0,0,0,0
6138,0,1,0,0,0,0,0,0,0
6139,0,1,0,0,0,0,0,0,0
6140,0,1,0,0,0,0,0,0,0
6141,0,1,0,0,0,0,0,0,0
6142,0,1,0,0,0,0,0,0,0
6143,0,1,0,0,0,0,0,0,0
6144,0,1,0,0,0,0,0,0,0
6145,0,1,0,0,0,0,0,0,0
6146,0,1,0,0,0,0,0,0,0
6147,0,1,0,0,0,0,0,0,0
6148,0,1,0,0,0,0,0,0,0
6149,0,1,0,0,0,0,0,0,0
6150,0,1,0,0,0,0,0,0,0
6151,0,1,0,0,0,0,0,0,0
6152,0,1,0,0,0,0,0,0,0
6153,0,1,0,0,0,0,0,0,0
6154,0,1,0,0,0,0,0,0,0
6155,0,1,0,0,0,0,0,0,0
6156,0,1,0,0,0,0,0,0,0
6157,0,1,0,0,0,0,0,0,0
6158,0,1,0,0,0,0,0,0,0
6159,0,1,0,0,0,0,0,0,0
6160,0,1,0,0,0,0,0,0,0
6161,0,1,0,0,0,0,0,0,0
6162,0,1,0,0,0,0,0,0,0
6163,0,1,0,0,0,0,0,0,0
6164,0,1,0,0,0,0,0,0,0
6165,0,1,0,0,0,0,0,0,0
6166,0,1,0,0,0,0,0,0,0
6167,0,1,0,0,0,0,0,0,0
6168,0,1,0,0,0,0,0,0,0
6169,0,1,0,0,0,0,0,0,0
6170,0,1,0,0,0,0,0,0,0
6171,0,1,0,0,0,0,0,0,0
6172,0,1,0,0,0,0,0,0,0
6173,0,1,0,0,0,0,0,0,0
6174,0,1,0,0,0,0,0,0,0
6175,0,1,0,0,0,0,0,0,0
6176,0,1,0,0,0,0,0,0,0
6177,0,1,0,0,0,0,0,0,0
6178,0,1,0,0,0,0,0,0,0
6179,0,1,0,0,0,0,0,0,0
6180,0,1,0,0,0,0,0,0,0
6181,0,1,0,0,0,0,0,0,0
6182,0,1,0,0,0,0,0,0,0
6183,0,1,0,0,0,0,0,0,0
6184,0,1,0,0,0,0,0,0,0
6185,0,1,0,0,0,0,0,0,0
6186,0,1,0,0,0,0,0,0,0
6187,0,1,0,0,0,0,0,0,0
6188,0,1,0,0,0,0,0,0,0
6189,0,1,0,0,0,0,0,0,0
6190,0,1,0,0,0,0,0,0,0
6191,0,1,0,0,0,0,0,0,0
6192,0,1,0,0,0,0,0,0,0
6193,0,1,0,0,0,0,0,0,0
6194,0,1,0,0,0,0,0,0,0
6195,0,1,0,0,0,0,0,0,0
6196,0,1,0,0,0,0,0,0,0
6197,0,1,0,0,0,0,0,0,0
6198,0,1,0,0,0,0,0,0,0
6199,0,1,0,0,0,0,0,0,0
6200,0,1,0,0,0,0,0,0,0
6201,0,1,0,0,0,0,0,0,0
6202,0,1,0,0,0,0,0,0,0
6203,0,1,0,0,0,0,0,0,0
6204,0,1,0,0,0,0,0,0,0
6205,0,1,0,0,0,0,0,0,0
6206,0,1,0,0,0,0,0,0,0
6207,0,1,0,0,0,0,0,0,0
6208,0,1,0,0,0,0,0,0,0
6209,0,1,0,0,0,0,0,0,0
6210,0,1,0,0,0,0,0,0,0
6211,0,1,0,0,0,0,0,0,0
6212,0,1,0,0,0,0,0,0,0
6213,0,1,0,0,0,0,0,0,0
6214,0,1,0,0,0,0,0,0,0
6215,0,1,0,0,0,0,0,0,0
6216,0,1,0,0,0,0,0,0,0
6217,0,1,0,0,0,0,0,0,0
6218,0,1,0,0,0,0,0,0,0
6219,0,1,0,0,0,0,0,0,0
6220,0,1,0,0,0,0,0,0,0
6221,0,1,0,0,0,0,0,0,0
6222,0,1,0,0,0,0,0,0,0
6223,0,1,0,0,0,0,0,0,0
6224,0,1,0,0,0,0,0,0,0
6225,0,1,0,0,0,0,0,0,0
6226,0,1,0,0,0,0,0,0,0
6227,0,1,0,0,0,0,0,0,0
6228,0,1,0,0,0,0,0,0,0
6229,0,1,0,0,0,0,0,0,0
6230,0,1,0,0,0,0,0,0,0
6231,0,1,0,0,0,0,0,0,0
6232,0,1,0,0,0,0,0,0,0
6233,0,1,0,0,0,0,0,0,0
6234,0,1,0,0,0,0,0,0,0
6235,0,1,0,0,0,0,0,0,0
6236,0,1,0,0,0,0,0,0,0
6237,0,1,0,0,0,0,0,0,0
6238,0,1,0,0,0,0,0,0,0
6239,0,1,0,0,0,0,0,0,0
6240,0,1,0,0,0,0,0,0,0
6241,0,1,0,0,0,0,0,0,0
6242,0,1,0,0,0,0,0,0,0
6243,0,1,0,0,0,0,0,0,0
6244,0,1,0,0,0,0,0,0,0
6245,0,1,0,0,0,0,0,0,0
6246,0,1,0,0,0,0,0,0,0
6247,0,1,0,0,0,0,0,0,0
6248,0,1,0,0,0,0,0,0,0
6249,0,1,0,0,0,0,0,0,0
6250,0,1,0,0,0,0,0,0,0
6251,0,1,0,0,0,0,0,0,0
6252,0,1,0,0,0,0,0,0,0
6253,0,1,0,0,0,0,0,0,0
6254,0,1,0,0,0,0,0,0,0
6255,0,1,0,0,0,0,0,0,0
6256,0,1,0,0,0,0,0,0,0
6257,0,1,0,0,0,0,0,0,0
6258,0,1,0,0,0,0,0,0,0
6259,0,1,0,0,0,0,0,0,0
6260,0,1,0,0,0,0,0,0,0
6261,0,1,0,0,0,0,0,0,0
6262,0,1,0,0,0,0,0,0,0
6263,0,1,0,0,0,0,0,0,0
6264,0,1,0,0,0,0,0,0,0
6265,0,1,0,0,0,0,0,0,0
6266,0,1,0,0,0,0,0,0,0
6267,0,1,0,0,0,0,0,0,0
6268,0,1,0,0,0,0,0,0,0
6269,0,1,0,0,0,0,0,0,0
6270,0,1,0,0,0,0,0,0,0
6271,0,1,0,0,0,0,0,0,0
6272,0,1,0,0,0,0,0,0,0
6273,0,1,0,0,0,0,0,0,0
6274,0,1,0,0,0,0,0,0,0
6275,0,1,0,0,0,0,0,0,0
6276,0,1,0,0,0,0,0,0,0
6277,0,1,0,0,0,0,0,0,0
6278,0,1,0,0,0,0,0,0,0
6279,0,1,0,0,0,0,0,0,0
6280,0,1,0,0,0,0,0,0,0
6281,0,1,0,0,0,0,0,0,0
6282,0,1,0,0,0,0,0,0,0
6283,0,1,0,0,0,0,0,0,0
6284,0,1,0,0,0,0,0,0,0
6285,0,1,0,0,0,0,0,0,0
6286,0,1,0,0,0,0,0,0,0
6287,0,1,0,0,0,0,0,0,0
6288,0,1,0,0,0,0,0,0,0
6289,0,1,0,0,0,0,0,0,0
6290,0,1,0,0,0,0,0,0,0
6291,0,1,0,0,0,0,0,0,0
6292,0,1,0,0,0,0,0,0,0
6293,0,1,0,0,0,0,0,0,0
6294,0,1,0,0,0,0,0,0,0
6295,0,1,0,0,0,0,0,0,0
6296,0,1,0,0,0,0,0,0,0
6297,0,1,0,0,0,0,0,0,0
6298,0,1,0,0,0,0,0,0,0
6299,0,1,0,0,0,0,0,0,0
6300,0,1,0,0,0,0,0,0,0
6301,0,1,0,0,0,0,0,0,0
6302,0,1,0,0,0,0,0,0,0
6303,0,1,0,0,0,0,0,0,0
6304,0,1,0,0,0,0,0,0,0
6305,0,1,0,0,0,0,0,0,0
6306,0,1,0,0,0,0,0,0,0
6307,0,1,0,0,0,0,0,0,0
6308,0,1,0,0,0,0,0,0,0
6309,0,1,0,0,0,0,0,0,0
6310,0,1,0,0,0,0,0,0,0
6311,0,1,0,0,0,0,0,0,0
6312,0,1,0,0,0,0,0,0,0
6313,0,1,0,0,0,0,0,0,0
6314,0,1,0,0,0,0,0,0,0
6315,0,1,0,0,0,0,0,0,0
6316,0,1,0,0,0,0,0,0,0
6317,0,1,0,0,0,0,0,0,0
6318,0,1,0,0,0,0,0,0,0
6319,0,1,0,0,0,0,0,0,0
6320,0,1,0,0,0,0,0,0,0
6321,0,1,0,0,0,0,0,0,0
6322,0,1,0,0,0,0,0,0,0
6323,0,1,0,0,0,0,0,0,0
6324,0,1,0,0,0,0,0,0,0
6325,0,1,0,0,0,0,0,0,0
6326,0,1,0,0,0,0,0,0,0
6327,0,1,0,0,0,0,0,0,0
6328,0,1,0,0,0,0,0,0,0
6329,0,1,0,0,0,0,0,0,0
6330,0,1,0,0,0,0,0,0,0
6331,0,1,0,0,0,0,0,0,0
6332,0,1,0,0,0,0,0,0,0
6333,0,1,0,0,0,0,0,0,0
6334,0,1,0,0,0,0,0,0,0
6335,0,1,0,0,0,0,0,0,0
6336,0,1,0,0,0,0,0,0,0
6337,0,1,0,0,0,0,0,0,0
6338,0,1,0,0,0,0,0,0,0
6339,0,1,0,0,0,0,0,0,0
6340,0,1,0,0,0,0,0,0,0
6341,0,1,0,0,0,0,0,0,0
6342,0,1,0,0,0,0,0,0,0
6343,0,1,0,0,0,0,0,0,0
6344,0,1,0,0,0,0,0,0,0
6345,0,1,0,0,0,0,0,0,0
6346,0,1,0,0,0,0,0,0,0
6347,0,1,0,0,0,0,0,0,0
6348,0,1,0,0,0,0,0,0,0
6349,0,1,0,0,0,0,0,0,0
6350,0,1,0,0,0,0,0,0,0
6351,0,1,0,0,0,0,0,0,0
6352,0,1,0,0,0,0,0,0,0
6353,0,1,0,0,0,0,0,0,0
6354,0,1,0,0,0,0,0,0,0
6355,0,1,0,0,0,0,0,0,0
6356,0,1,0,0,0,0,0,0,0
6357,0,1,0,0,0,0,0,0,0
6358,0,1,0,0,0,0,0,0,0
6359,0,1,0,0,0,0,0,0,0
6360,0,1,0,0,0,0,0,0,0
6361,0,1,0,0,0,0,0,0,0
6362,0,1,0,0,0,0,0,0,0
6363,0,1,0,0,0,0,0,0,0
6364,0,1,0,0,0,0,0,0,0
6365,0,1,0,0,0,0,0,0,0
6366,0,1,0,0,0,0,0,0,0
6367,0,1,0,0,0,0,0,0,0
6368,0,1,0,0,0,0,0,0,0
6369,0,1,0,0,0,0,0,0,0
6370,0,1,0,0,0,0,0,0,0
6371,0,1,0,0,0,0,0,0,0
6372,0,1,0,0,0,0,0,0,0
6373,0,1,0,0,0,0,0,0,0
6374,0,1,0,0,0,0,0,0,0
6375,0,1,0,0,0,0,0,0,0
6376,0,1,0,0,0,0,0,0,0
6377,0,1,0,0,0,0,0,0,0
6378,0,1,0,0,0,0,0,0,0
6379,0,1,0,0,0,0,0,0,0
6380,0,1,0,0,0,0,0,0,0
6381,0,1,0,0,0,0,0,0,0
6382,0,1,0,0,0,0,0,0,0
6383,0,1,0,0,0,0,0,0,0
6384,0,1,0,0,0,0,0,0,0
6385,0,1,0,0,0,0,0,0,0
6386,0,1,0,0,0,0,0,0,0
6387,0,1,0,0,0,0,0,0,0
6388,0,1,0,0,0,0,0,0,0
6389,0,1,0,0,0,0,0,0,0
6390,0,1,0,0,0,0,0,0,0
6391,0,1,0,0,0,0,0,0,0
6392,0,1,0,0,0,0,0,0,0
6393,0,1,0,0,0,0,0,0,0
6394,0,1,0,0,0,0,0,0,0
6395,0,1,0,0,0,0,0,0,0
6396,0,1,0,0,0,0,0,0,0
6397,0,1,0,0,0,0,0,0,0
6398,0,1,0,0,0,0,0,0,0
6399,0,1,0,0,0,0,0,0,0
6400,0,1,0,0,0,0,0,0,0
6401,0,1,0,0,0,0,0,0,0
6402,0,1,0,0,0,0,0,0,0
6403,0,1,0,0,0,0,0,0,0
6404,0,1,0,0,0,0,0,0,0
6405,0,1,0,0,0,0,0,0,0
6406,0,1,0,0,0,0,0,0,0
6407,0,1,0,0,0,0,0,0,0
6408,0,1,0,0,0,0,0,0,0
6409,0,1,0,0,0,0,0,0,0
6410,0,1,0,0,0,0,0,0,0
6411,0,1,0,0,0,0,0,0,0
6412,0,1,0,0,0,0,0,0,0
6413,0,1,0,0,0,0,0,0,0
6414,0,1,0,0,0,0,0,0,0
6415,0,1,0,0,0,0,0,0,0
6416,0,1,0,0,0,0,0,0,0
6417,0,1,0,0,0,0,0,0,0
6418,0,1,0,0,0,0,0,0,0
6419,0,1,0,0,0,0,0,0,0
6420,0,1,0,0,0,0,0,0,0
6421,0,1,0,0,0,0,0,0,0
6422,0,1,0,0,0,0,0,0,0
6423,0,1,0,0,0,0,0,0,0
6424,0,1,0,0,0,0,0,0,0
6425,0,1,0,0,0,0,0,0,0
6426,0,1,0,0,0,0,0,0,0
6427,0,1,0,0,0,0,0,0,0
6428,0,1,0,0,0,0,0,0,0
6429,0,1,0,0,0,0,0,0,0
6430,0,1,0,0,0,0,0,0,0
6431,0,1,0,0,0,0,0,0,0
6432,0,1,0,0,0,0,0,0,0
6433,0,1,0,0,0,0,0,0,0
6434,0,1,0,0,0,0,0,0,0
6435,0,1,0,0,0,0,0,0,0
6436,0,1,0,0,0,0,0,0,0
6437,0,1,0,0,0,0,0,0,0
6438,0,1,0,0,0,0,0,0,0
6439,0,1,0,0,0,0,0,0,0
6440,0,1,0,0,0,0,0,0,0
6441,0,1,0,0,0,0,0,0,0
6442,0,1,0,0,0,0,0,0,0
6443,0,1,0,0,0,0,0,0,0
6444,0,1,0,0,0,0,0,0,0
6445,0,1,0,0,0,0,0,0,0
6446,0,1,0,0,0,0,0,0,0
6447,0,1,0,0,0,0,0,0,0
6448,0,1,0,0,0,0,0,0,0
6449,0,1,0,0,0,0,0,0,0
6450,0,1,0,0,0,0,0,0,0
6451,0,1,0,0,0,0,0,0,0
6452,0,1,0,0,0,0,0,0,0
6453,0,1,0,0,0,0,0,0,0
6454,0,1,0,0,0,0,0,0,0
6455,0,1,0,0,0,0,0,0,0
6456,0,1,0,0,0,0,0,0,0
6457,0,1,0,0,0,0,0,0,0
6458,0,1,0,0,0,0,0,0,0
6459,0,1,0,0,0,0,0,0,0
6460,0,1,0,0,0,0,0,0,0
6461,0,1,0,0,0,0,0,0,0
6462,0,1,0,0,0,0,0,0,0
6463,0,1,0,0,0,0,0,0,0
6464,0,1,0,0,0,0,0,0,0
6465,0,1,0,0,0,0,0,0,0
6466,0,1,0,0,0,0,0,0,0
6467,0,1,0,0,0,0,0,0,0
6468,0,1,0,0,0,0,0,0,0
6469,0,1,0,0,0,0,0,0,0
6470,0,1,0,0,0,0,0,0,0
6471,0,1,0,0,0,0,0,0,0
6472,0,1,0,0,0,0,0,0,0
6473,0,1,0,0,0,0,0,0,0
6474,0,1,0,0,0,0,0,0,0
6475,0,1,0,0,0,0,0,0,0
6476,0,1,0,0,0,0,0,0,0
6477,0,1,0,0,0,0,0,0,0
6478,0,1,0,0,0,0,0,0,0
6479,0,1,0,0,0,0,0,0,0
6480,0,1,0,0,0,0,0,0,0
6481,0,1,0,0,0,0,0,0,0
6482,0,1,0,0,0,0,0,0,0
6483,0,1,0,0,0,0,0,0,0
6484,0,1,0,0,0,0,0,0,0
6485,0,1,0,0,0,0,0,0,0
6486,0,1,0,0,0,0,0,0,0
6487,0,1,0,0,0,0,0,0,0
6488,0,1,0,0,0,0,0,0,0
6489,0,1,0,0,0,0,0,0,0
6490,0,1,0,0,0,0,0,0,0
6491,0,1,0,0,0,0,0,0,0
6492,0,1,0,0,0,0,0,0,0
6493,0,1,0,0,0,0,0,0,0
6494,0,1,0,0,0,0,0,0,0
6495,0,1,0,0,0,0,0,0,0
6496,0,1,0,0,0,0,0,0,0
6497,0,1,0,0,0,0,0,0,0
6498,0,1,0,0,0,0,0,0,0
6499,0,1,0,0,0,0,0,0,0
6500,0,1,0,0,0,0,0,0,0
6501,0,1,0,0,0,0,0,0,0
6502,0,1,0,0,0,0,0,0,0
6503,0,1,0,0,0,0,0,0,0
6504,0,1,0,0,0,0,0,0,0
6505,0,1,0,0,0,0,0,0,0
6506,0,1,0,0,0,0,0,0,0
6507,0,1,0,0,0,0,0,0,0
6508,0,1,0,0,0,0,0,0,0
6509,0,1,0,0,0,0,0,0,0
6510,0,1,0,0,0,0,0,0,0
6511,0,1,0,0,0,0,0,0,0
6512,0,1,0,0,0,0,0,0,0
6513,0,1,0,0,0,0,0,0,0
6514,0,1,0,0,0,0,0,0,0
6515,0,1,0,0,0,0,0,0,0
6516,0,1,0,0,0,0,0,0,0
6517,0,1,0,0,0,0,0,0,0
6518,0,1,0,0,0,0,0,0,0
6519,0,1,0,0,0,0,0,0,0
6520,0,1,0,0,0,0,0,0,0
6521,0,1,0,0,0,0,0,0,0
6522,0,1,0,0,0,0,0,0,0
6523,0,1,0,0,0,0,0,0,0
6524,0,1,0,0,0,0,0,0,0
6525,0,1,0,0,0,0,0,0,0
6526,0,1,0,0,0,0,0,0,0
6527,0,1,0,0,0,0,0,0,0
6528,0,1,0,0,0,0,0,0,0
6529,0,1,0,0,0,0,0,0,0
6530,0,1,0,0,0,0,0,0,0
6531,0,1,0,0,0,0,0,0,0
6532,0,1,0,0,0,0,0,0,0
6533,0,1,0,0,0,0,0,0,0
6534,0,1,0,0,0,0,0,0,0
6535,0,1,0,0,0,0,0,0,0
6536,0,1,0,0,0,0,0,0,0
6537,0,1,0,0,0,0,0,0,0
6538,0,1,0,0,0,0,0,0,0
6539,0,1,0,0,0,0,0,0,0
6540,0,1,0,0,0,0,0,0,0
6541,0,1,0,0,0,0,0,0,0
6542,0,1,0,0,0,0,0,0,0
6543,0,1,0,0,0,0,0,0,0
6544,0,1,0,0,0,0,0,0,0
6545,0,1,0,0,0,0,0,0,0
6546,0,1,0,0,0,0,0,0,0
6547,0,1,0,0,0,0,0,0,0
6548,0,1,0,0,0,0,0,0,0
6549,0,1,0,0,0,0,0,0,0
6550,0,1,0,0,0,0,0,0,0
6551,0,1,0,0,0,0,0,0,0
6552,0,1,0,0,0,0,0,0,0
6553,0,1,0,0,0,0,0,0,0
6554,0,1,0,0,0,0,0,0,0
6555,0,1,0,0,0,0,0,0,0
6556,0,1,0,0,0,0,0,0,0
6557,0,1,0,0,0,0,0,0,0
6558,0,1,0,0,0,0,0,0,0
6559,0,1,0,0,0,0,0,0,0
6560,0,1,0,0,0,0,0,0,0
6561,0,1,0,0,0,0,0,0,0
6562,0,1,0,0,0,0,0,0,0
6563,0,1,0,0,0,0,0,0,0
6564,0,1,0,0,0,0,0,0,0
6565,0,1,0,0,0,0,0,0,0
6566,0,1,0,0,0,0,0,0,0
6567,0,1,0,0,0,0,0,0,0
6568,0,1,0,0,0,0,0,0,0
6569,0,1,0,0,0,0,0,0,0
6570,0,1,0,0,0,0,0,0,0
6571,0,1,0,0,0,0,0,0,0
6572,0,1,0,0,0,0,0,0,0
6573,0,1,0,0,0,0,0,0,0
6574,0,1,0,0,0,0,0,0,0
6575,0,1,0,0,0,0,0,0,0
6576,0,1,0,0,0,0,0,0,0
6577,0,1,0,0,0,0,0,0,0
6578,0,1,0,0,0,0,0,0,0
6579,0,1,0,0,0,0,0,0,0
6580,0,1,0,0,0,0,0,0,0
6581,0,1,0,0,0,0,0,0,0
6582,0,1,0,0,0,0,0,0,0
6583,0,1,0,0,0,0,0,0,0
6584,0,1,0,0,0,0,0,0,0
6585,0,1,0,0,0,0,0,0,0
6586,0,1,0,0,0,0,0,0,0
6587,0,1,0,0,0,0,0,0,0
6588,0,1,0,0,0,0,0,0,0
6589,0,1,0,0,0,0,0,0,0
6590,0,1,0,0,0,0,0,0,0
6591,0,1,0,0,0,0,0,0,0
6592,0,1,0,0,0,0,0,0,0
6593,0,1,0,0,0,0,0,0,0
6594,0,1,0,0,0,0,0,0,0
6595,0,1,0,0,0,0,0,0,0
6596,0,1,0,0,0,0,0,0,0
6597,0,1,0,0,0,0,0,0,0
6598,0,1,0,0,0,0,0,0,0
6599,0,1,0,0,0,0,0,0,0
6600,0,1,0,0,0,0,0,0,0
6601,0,1,0,0,0,0,0,0,0
6602,0,1,0,0,0,0,0,0,0
6603,0,1,0,0,0,0,0,0,0
6604,0,1,0,0,0,0,0,0,0
6605,0,1,0,0,0,0,0,0,0
6606,0,1,0,0,0,0,0,0,0
6607,0,1,0,0,0,0,0,0,0
6608,0,1,0,0,0,0,0,0,0
6609,0,1,0,0,0,0,0,0,0
6610,0,1,0,0,0,0,0,0,0
6611,0,1,0,0,0,0,0,0,0
6612,0,1,0,0,0,0,0,0,0
6613,0,1,0,0,0,0,0,0,0
6614,0,1,0,0,0,0,0,0,0
6615,0,1,0,0,0,0,0,0,0
6616,0,1,0,0,0,0,0,0,0
6617,0,1,0,0,0,0,0,0,0
6618,0,1,0,0,0,0,0,0,0
6619,0,1,0,0,0,0,0,0,0
6620,0,1,0,0,0,0,0,0,0
6621,0,1,0,0,0,0,0,0,0
6622,0,1,0,0,0,0,0,0,0
6623,0,1,0,0,0,0,0,0,0
6624,0,1,0,0,0,0,0,0,0
6625,0,1,0,0,0,0,0,0,0
6626,0,1,0,0,0,0,0,0,0
6627,0,1,0,0,0,0,0,0,0
6628,0,1,0,0,0,0,0,0,0
6629,0,1,0,0,0,0,0,0,0
6630,0,1,0,0,0,0,0,0,0
6631,0,1,0,0,0,0,0,0,0
6632,0,1,0,0,0,0,0,0,0
6633,0,1,0,0,0,0,0,0,0
6634,0,1,0,0,0,0,0,0,0
6635,0,1,0,0,0,0,0,0,0
6636,0,1,0,0,0,0,0,0,0
6637,0,1,0,0,0,0,0,0,0
6638,0,1,0,0,0,0,0,0,0
6639,0,1,0,0,0,0,0,0,0
6640,0,1,0,0,0,0,0,0,0
6641,0,1,0,0,0,0,0,0,0
6642,0,1,0,0,0,0,0,0,0
6643,0,1,0,0,0,0,0,0,0
6644,0,1,0,0,0,0,0,0,0
6645,0,1,0,0,0,0,0,0,0
6646,0,1,0,0,0,0,0,0,0
6647,0,1,0,0,0,0,0,0,0
6648,0,1,0,0,0,0,0,0,0
6649,0,1,0,0,0,0,0,0,0
6650,0,1,0,0,0,0,0,0,0
6651,0,1,0,0,0,0,0,0,0
6652,0,1,0,0,0,0,0,0,0
6653,0,1,0,0,0,0,0,0,0
6654,0,1,0,0,0,0,0,0,0
6655,0,1,0,0,0,0,0,0,0
6656,0,1,0,0,0,0,0,0,0
6657,0,1,0,0,0,0,0,0,0
6658,0,1,0,0,0,0,0,0,0
6659,0,1,0,0,0,0,0,0,0
6660,0,1,0,0,0,0,0,0,0
6661,0,1,0,0,0,0,0,0,0
6662,0,1,0,0,0,0,0,0,0
6663,0,1,0,0,0,0,0,0,0
6664,0,1,0,0,0,0,0,0,0
6665,0,1,0,0,0,0,0,0,0
6666,0,1,0,0,0,0,0,0,0
6667,0,1,0,0,0,0,0,0,0
6668,0,1,0,0,0,0,0,0,0
6669,0,1,0,0,0,0,0,0,0
6670,0,1,0,0,0,0,0,0,0
6671,0,1,0,0,0,0,0,0,0
6672,0,1,0,0,0,0,0,0,0
6673,0,1,0,0,0,0,0,0,0
6674,0,1,0,0,0,0,0,0,0
6675,0,1,0,0,0,0,0,0,0
6676,0,1,0,0,0,0,0,0,0
6677,0,1,0,0,0,0,0,0,0
6678,0,1,0,0,0,0,0,0,0
6679,0,1,0,0,0,0,0,0,0
6680,0,1,0,0,0,0,0,0,0
6681,0,1,0,0,0,0,0,0,0
6682,0,1,0,0,0,0,0,0,0
6683,0,1,0,0,0,0,0,0,0
6684,0,1,0,0,0,0,0,0,0
6685,0,1,0,0,0,0,0,0,0
6686,0,1,0,0,0,0,0,0,0
6687,0,1,0,0,0,0,0,0,0
6688,0,1,0,0,0,0,0,0,0
6689,0,1,0,0,0,0,0,0,0
6690,0,1,0,0,0,0,0,0,0
6691,0,1,0,0,0,0,0,0,0
6692,0,1,0,0,0,0,0,0,0
6693,0,1,0,0,0,0,0,0,0
6694,0,1,0,0,0,0,0,0,0
6695,0,1,0,0,0,0,0,0,0
6696,0,1,0,0,0,0,0,0,0
6697,0,1,0,0,0,0,0,0,0
6698,0,1,0,0,0,0,0,0,0
6699,0,1,0,0,0,0,0,0,0
6700,0,1,0,0,0,0,0,0,0
6701,0,1,0,0,0,0,0,0,0
6702,0,1,0,0,0,0,0,0,0
6703,0,1,0,0,0,0,0,0,0
6704,0,1,0,0,0,0,0,0,0
6705,0,1,0,0,0,0,0,0,0
6706,0,1,0,0,0,0,0,0,0
6707,0,1,0,0,0,0,0,0,0
6708,0,1,0,0,0,0,0,0,0
6709,0,1,0,0,0,0,0,0,0
6710,0,1,0,0,0,0,0,0,0
6711,0,1,0,0,0,0,0,0,0
6712,0,1,0,0,0,0,0,0,0
6713,0,1,0,0,0,0,0,0,0
6714,0,1,0,0,0,0,0,0,0
6715,0,1,0,0,0,0,0,0,0
6716,0,1,0,0,0,0,0,0,0
6717,0,1,0,0,0,0,0,0,0
6718,0,1,0,0,0,0,0,0,0
6719,0,1,0,0,0,0,0,0,0
6720,0,1,0,0,0,0,0,0,0
6721,0,1,0,0,0,0,0,0,0
6722,0,1,0,0,0,0,0,0,0
6723,0,1,0,0,0,0,0,0,0
6724,0,1,0,0,0,0,0,0,0
6725,0,1,0,0,0,0,0,0,0
6726,0,1,0,0,0,0,0,0,0
6727,0,1,0,0,0,0,0,0,0
6728,0,1,0,0,0,0,0,0,0
6729,0,1,0,0,0,0,0,0,0
6730,0,1,0,0,0,0,0,0,0
6731,0,1,0,0,0,0,0,0,0
6732,0,1,0,0,0,0,0,0,0
6733,0,1,0,0,0,0,0,0,0
6734,0,1,0,0,0,0,0,0,0
6735,0,1,0,0,0,0,0,0,0
6736,0,1,0,0,0,0,0,0,0
6737,0,1,0,0,0,0,0,0,0
6738,0,1,0,0,0,0,0,0,0
6739,0,1,0,0,0,0,0,0,0
6740,0,1,0,0,0,0,0,0,0
6741,0,1,0,0,0,0,0,0,0
6742,0,1,0,0,0,0,0,0,0
6743,0,1,0,0,0,0,0,0,0
6744,0,1,0,0,0,0,0,0,0
6745,0,1,0,0,0,0,0,0,0
6746,0,1,0,0,0,0,0,0,0
6747,0,1,0,0,0,0,0,0,0
6748,0,1,0,0,0,0,0,0,0
6749,0,1,0,0,0,0,0,0,0
6750,0,1,0,0,0,0,0,0,0
6751,0,1,0,0,0,0,0,0,0
6752,0,1,0,0,0,0,0,0,0
6753,0,1,0,0,0,0,0,0,0
6754,0,1,0,0,0,0,0,0,0
6755,0,1,0,0,0,0,0,0,0
6756,0,1,0,0,0,0,0,0,0
6757,0,1,0,0,0,0,0,0,0
6758,0,1,0,0,0,0,0,0,0
6759,0,1,0,0,0,0,0,0,0
6760,0,1,0,0,0,0,0,0,0
6761,0,1,0,0,0,0,0,0,0
6762,0,1,0,0,0,0,0,0,0
6763,0,1,0,0,0,0,0,0,0
6764,0,1,0,0,0,0,0,0,0
6765,0,1,0,0,0,0,0,0,0
6766,0,1,0,0,0,0,0,0,0
6767,0,1,0,0,0,0,0,0,0
6768,0,1,0,0,0,0,0,0,0
6769,0,1,0,0,0,0,0,0,0
6770,0,1,0,0,0,0,0,0,0
6771,0,1,0,0,0,0,0,0,0
6772,0,1,0,0,0,0,0,0,0
6773,0,1,0,0,0,0,0,0,0
6774,0,1,0,0,0,0,0,0,0
6775,0,1,0,0,0,0,0,0,0
6776,0,1,0,0,0,0,0,0,0
6777,0,1,0,0,0,0,0,0,0
6778,0,1,0,0,0,0,0,0,0
6779,0,1,0,0,0,0,0,0,0
6780,0,1,0,0,0,0,0,0,0
6781,0,1,0,0,0,0,0,0,0
6782,0,1,0,0,0,0,0,0,0
6783,0,1,0,0,0,0,0,0,0
6784,0,1,0,0,0,0,0,0,0
6785,0,1,0,0,0,0,0,0,0
6786,0,1,0,0,0,0,0,0,0
6787,0,1,0,0,0,0,0,0,0
6788,0,1,0,0,0,0,0,0,0
6789,0,1,0,0,0,0,0,0,0
6790,0,1,0,0,0,0,0,0,0
6791,0,1,0,0,0,0,0,0,0
6792,0,1,0,0,0,0,0,0,0
6793,0,1,0,0,0,0,0,0,0
6794,0,1,0,0,0,0,0,0,0
6795,0,1,0,0,0,0,0,0,0
6796,0,1,0,0,0,0,0,0,0
6797,0,1,0,0,0,0,0,0,0
6798,0,1,0,0,0,0,0,0,0
6799,0,1,0,0,0,0,0,0,0
6800,0,1,0,0,0,0,0,0,0
6801,0,1,0,0,0,0,0,0,0
6802,0,1,0,0,0,0,0,0,0
6803,0,1,0,0,0,0,0,0,0
6804,0,1,0,0,0,0,0,0,0
6805,0,1,0,0,0,0,0,0,0
6806,0,1,0,0,0,0,0,0,0
6807,0,1,0,0,0,0,0,0,0
6808,0,1,0,0,0,0,0,0,0
6809,0,1,0,0,0,0,0,0,0
6810,0,1,0,0,0,0,0,0,0
6811,0,1,0,0,0,0,0,0,0
6812,0,1,0,0,0,0,0,0,0
6813,0,1,0,0,0,0,0,0,0
6814,0,1,0,0,0,0,0,0,0
6815,0,1,0,0,0,0,0,0,0
6816,0,1,0,0,0,0,0,0,0
6817,0,1,0,0,0,0,0,0,0
6818,0,1,0,0,0,0,0,0,0
6819,0,1,0,0,0,0,0,0,0
6820,0,1,0,0,0,0,0,0,0
6821,0,1,0,0,0,0,0,0,0
6822,0,1,0,0,0,0,0,0,0
6823,0,1,0,0,0,0,0,0,0
6824,0,1,0,0,0,0,0,0,0
6825,0,1,0,0,0,0,0,0,0
6826,0,1,0,0,0,0,0,0,0
6827,0,1,0,0,0,0,0,0,0
6828,0,1,0,0,0,0,0,0,0
6829,0,1,0,0,0,0,0,0,0
6830,0,1,0,0,0,0,0,0,0
6831,0,1,0,0,0,0,0,0,0
6832,0,1,0,0,0,0,0,0,0
6833,0,1,0,0,0,0,0,0,0
6834,0,1,0,0,0,0,0,0,0
6835,0,1,0,0,0,0,0,0,0
6836,0,1,0,0,0,0,0,0,0
6837,0,1,0,0,0,0,0,0,0
6838,0,1,0,0,0,0,0,0,0
6839,0,1,0,0,0,0,0,0,0
6840,0,1,0,0,0,0,0,0,0
6841,0,1,0,0,0,0,0,0,0
6842,0,1,0,0,0,0,0,0,0
6843,0,1,0,0,0,0,0,0,0
6844,0,1,0,0,0,0,0,0,0
6845,0,1,0,0,0,0,0,0,0
6846,0,1,0,0,0,0,0,0,0
6847,0,1,0,0,0,0,0,0,0
6848,0,1,0,0,0,0,0,0,0
6849,0,1,0,0,0,0,0,0,0
6850,0,1,0,0,0,0,0,0,0
6851,0,1,0,0,0,0,0,0,0
6852,0,1,0,0,0,0,0,0,0
6853,0,1,0,0,0,0,0,0,0
6854,0,1,0,0,0,0,0,0,0
6855,0,1,0,0,0,0,0,0,0
6856,0,1,0,0,0,0,0,0,0
6857,0,1,0,0,0,0,0,0,0
6858,0,1,0,0,0,0,0,0,0
6859,0,1,0,0,0,0,0,0,0
6860,0,1,0,0,0,0,0,0,0
6861,0,1,0,0,0,0,0,0,0
6862,0,1,0,0,0,0,0,0,0
6863,0,1,0,0,0,0,0,0,0
6864,0,1,0,0,0,0,0,0,0
6865,0,1,0,0,0,0,0,0,0
6866,0,1,0,0,0,0,0,0,0
6867,0,1,0,0,0,0,0,0,0
6868,0,1,0,0,0,0,0,0,0
6869,0,1,0,0,0,0,0,0,0
6870,0,1,0,0,0,0,0,0,0
6871,0,1,0,0,0,0,0,0,0
6872,0,1,0,0,0,0,0,0,0
6873,0,1,0,0,0,0,0,0,0
6874,0,1,0,0,0,0,0,0,0
6875,0,1,0,0,0,0,0,0,0
6876,0,1,0,0,0,0,0,0,0
6877,0,1,0,0,0,0,0,0,0
6878,0,1,0,0,0,0,0,0,0
6879,0,1,0,0,0,0,0,0,0
6880,0,1,0,0,0,0,0,0,0
6881,0,1,0,0,0,0,0,0,0
6882,0,1,0,0,0,0,0,0,0
6883,0,1,0,0,0,0,0,0,0
6884,0,1,0,0,0,0,0,0,0
6885,0,1,0,0,0,0,0,0,0
6886,0,1,0,0,0,0,0,0,0
6887,0,1,0,0,0,0,0,0,0
6888,0,1,0,0,0,0,0,0,0
6889,0,1,0,0,0,0,0,0,0
6890,0,1,0,0,0,0,0,0,0
6891,0,1,0,0,0,0,0,0,0
6892,0,1,0,0,0,0,0,0,0
6893,0,1,0,0,0,0,0,0,0
6894,0,1,0,0,0,0,0,0,0
6895,0,1,0,0,0,0,0,0,0
6896,0,1,0,0,0,0,0,0,0
6897,0,1,0,0,0,0,0,0,0
6898,0,1,0,0,0,0,0,0,0
6899,0,1,0,0,0,0,0,0,0
6900,0,1,0,0,0,0,0,0,0
6901,0,1,0,0,0,0,0,0,0
6902,0,1,0,0,0,0,0,0,0
6903,0,1,0,0,0,0,0,0,0
6904,0,1,0,0,0,0,0,0,0
6905,0,1,0,0,0,0,0,0,0
6906,0,1,0,0,0,0,0,0,0
6907,0,1,0,0,0,0,0,0,0
6908,0,1,0,0,0,0,0,0,0
6909,0,1,0,0,0,0,0,0,0
6910,0,1,0,0,0,0,0,0,0
6911,0,1,0,0,0,0,0,0,0
6912,0,1,0,0,0,0,0,0,0
6913,0,1,0,0,0,0,0,0,0
6914,0,1,0,0,0,0,0,0,0
6915,0,1,0,0,0,0,0,0,0
6916,0,1,0,0,0,0,0,0,0
6917,0,1,0,0,0,0,0,0,0
6918,0,1,0,0,0,0,0,0,0
6919,0,1,0,0,0,0,0,0,0
6920,0,1,0,0,0,0,0,0,0
6921,0,1,0,0,0,0,0,0,0
6922,0,1,0,0,0,0,0,0,0
6923,0,1,0,0,0,0,0,0,0
6924,0,1,0,0,0,0,0,0,0
6925,0,1,0,0,0,0,0,0,0
6926,0,1,0,0,0,0,0,0,0
6927,0,1,0,0,0,0,0,0,0
6928,0,1,0,0,0,0,0,0,0
6929,0,1,0,0,0,0,0,0,0
6930,0,1,0,0,0,0,0,0,0
6931,0,1,0,0,0,0,0,0,0
6932,0,1,0,0,0,0,0,0,0
6933,0,1,0,0,0,0,0,0,0
6934,0,1,0,0,0,0,0,0,0
6935,0,1,0,0,0,0,0,0,0
6936,0,1,0,0,0,0,0,0,0
6937,0,1,0,0,0,0,0,0,0
6938,0,1,0,0,0,0,0,0,0
6939,0,1,0,0,0,0,0,0,0
6940,0,1,0,0,0,0,0,0,0
6941,0,1,0,0,0,0,0,0,0
6942,0,1,0,0,0,0,0,0,0
6943,0,1,0,0,0,0,0,0,0
6944,0,1,0,0,0,0,0,0,0
6945,0,1,0,0,0,0,0,0,0
6946,0,1,0,0,0,0,0,0,0
6947,0,1,0,0,0,0,0,0,0
6948,0,1,0,0,0,0,0,0,0
6949,0,1,0,0,0,0,0,0,0
6950,0,1,0,0,0,0,0,0,0
6951,0,1,0,0,0,0,0,0,0
6952,0,1,0,0,0,0,0,0,0
6953,0,1,0,0,0,0,0,0,0
6954,0,1,0,0,0,0,0,0,0
6955,0,1,0,0,0,0,0,0,0
6956,0,1,0,0,0,0,0,0,0
6957,0,1,0,0,0,0,0,0,0
6958,0,1,0,0,0,0,0,0,0
6959,0,1,0,0,0,0,0,0,0
6960,0,1,0,0,0,0,0,0,0
6961,0,1,0,0,0,0,0,0,0
6962,0,1,0,0,0,0,0,0,0
6963,0,1,0,0,0,0,0,0,0
6964,0,1,0,0,0,0,0,0,0
6965,0,1,0,0,0,0,0,0,0
6966,0,1,0,0,0,0,0,0,0
6967,0,1,0,0,0,0,0,0,0
6968,0,1,0,0,0,0,0,0,0
6969,0,1,0,0,0,0,0,0,0
6970,0,1,0,0,0,0,0,0,0
6971,0,1,0,0,0,0,0,0,0
6972,0,1,0,0,0,0,0,0,0
6973,0,1,0,0,0,0,0,0,0
6974,0,1,0,0,0,0,0,0,0
6975,0,1,0,0,0,0,0,0,0
6976,0,1,0,0,0,0,0,0,0
6977,0,1,0,0,0,0,0,0,0
6978,0,1,0,0,0,0,0,0,0
6979,0,1,0,0,0,0,0,0,0
6980,0,1,0,0,0,0,0,0,0
6981,0,1,0,0,0,0,0,0,0
6982,0,1,0,0,0,0,0,0,0
6983,0,1,0,0,0,0,0,0,0
6984,0,1,0,0,0,0,0,0,0
6985,0,1,0,0,0,0,0,0,0
6986,0,1,0,0,0,0,0,0,0
6987,0,1,0,0,0,0,0,0,0
6988,0,1,0,0,0,0,0,0,0
6989,0,1,0,0,0,0,0,0,0
6990,0,1,0,0,0,0,0,0,0
6991,0,1,0,0,0,0,0,0,0
6992,0,1,0,0,0,0,0,0,0
6993,0,1,0,0,0,0,0,0,0
6994,0,1,0,0,0,0,0,0,0
6995,0,1,0,0,0,0,0,0,0
6996,0,1,0,0,0,0,0,0,0
6997,0,1,0,0,0,0,0,0,0
6998,0,1,0,0,0,0,0,0,0
6999,0,1,0,0,0,0,0,0,0
7000,0,1,0,0,0,0,0,0,0
7001,0,1,0,0,0,0,0,0,0
7002,0,1,0,0,0,0,0,0,0
7003,0,1,0,0,0,0,0,0,0
7004,0,1,0,0,0,0,0,0,0
7005,0,1,0,0,0,0,0,0,0
7006,0,1,0,0,0,0,0,0,0
7007,0,1,0,0,0,0,0,0,0
7008,0,1,0,0,0,0,0,0,0
7009,0,1,0,0,0,0,0,0,0
7010,0,1,0,0,0,0,0,0,0
7011,0,1,0,0,0,0,0,0,0
7012,0,1,0,0,0,0,0,0,0
7013,0,1,0,0,0,0,0,0,0
7014,0,1,0,0,0,0,0,0,0
7015,0,1,0,0,0,0,0,0,0
7016,0,1,0,0,0,0,0,0,0
7017,0,1,0,0,0,0,0,0,0
7018,0,1,0,0,0,0,0,0,0
7019,0,1,0,0,0,0,0,0,0
7020,0,1,0,0,0,0,0,0,0
7021,0,1,0,0,0,0,0,0,0
7022,0,1,0,0,0,0,0,0,0
7023,0,1,0,0,0,0,0,0,0
7024,0,1,0,0,0,0,0,0,0
7025,0,1,0,0,0,0,0,0,0
7026,0,1,0,0,0,0,0,0,0
7027,0,1,0,0,0,0,0,0,0
7028,0,1,0,0,0,0,0,0,0
7029,0,1,0,0,0,0,0,0,0
7030,0,1,0,0,0,0,0,0,0
7031,0,1,0,0,0,0,0,0,0
7032,0,1,0,0,0,0,0,0,0
7033,0,1,0,0,0,0,0,0,0
7034,0,1,0,0,0,0,0,0,0
7035,0,1,0,0,0,0,0,0,0
7036,0,1,0,0,0,0,0,0,0
7037,0,1,0,0,0,0,0,0,0
7038,0,1,0,0,0,0,0,0,0
7039,0,1,0,0,0,0,0,0,0
7040,0,1,0,0,0,0,0,0,0
7041,0,1,0,0,0,0,0,0,0
7042,0,1,0,0,0,0,0,0,0
7043,0,1,0,0,0,0,0,0,0
7044,0,1,0,0,0,0,0,0,0
7045,0,1,0,0,0,0,0,0,0
7046,0,1,0,0,0,0,0,0,0
7047,0,1,0,0,0,0,0,0,0
7048,0,1,0,0,0,0,0,0,0
7049,0,1,0,0,0,0,0,0,0
7050,0,1,0,0,0,0,0,0,0
7051,0,1,0,0,0,0,0,0,0
7052,0,1,0,0,0,0,0,0,0
7053,0,1,0,0,0,0,0,0,0
7054,0,1,0,0,0,0,0,0,0
7055,0,1,0,0,0,0,0,0,0
7056,0,1,0,0,0,0,0,0,0
7057,0,1,0,0,0,0,0,0,0
7058,0,1,0,0,0,0,0,0,0
7059,0,1,0,0,0,0,0,0,0
7060,0,1,0,0,0,0,0,0,0
7061,0,1,0,0,0,0,0,0,0
7062,0,1,0,0,0,0,0,0,0
7063,0,1,0,0,0,0,0,0,0
7064,0,1,0,0,0,0,0,0,0
7065,0,1,0,0,0,0,0,0,0
7066,0,1,0,0,0,0,0,0,0
7067,0,1,0,0,0,0,0,0,0
7068,0,1,0,0,0,0,0,0,0
7069,0,1,0,0,0,0,0,0,0
7070,0,1,0,0,0,0,0,0,0
7071,0,1,0,0,0,0,0,0,0
7072,0,1,0,0,0,0,0,0,0
7073,0,1,0,0,0,0,0,0,0
7074,0,1,0,0,0,0,0,0,0
7075,0,1,0,0,0,0,0,0,0
7076,0,1,0,0,0,0,0,0,0
7077,0,1,0,0,0,0,0,0,0
7078,0,1,0,0,0,0,0,0,0
7079,0,1,0,0,0,0,0,0,0
7080,0,1,0,0,0,0,0,0,0
7081,0,1,0,0,0,0,0,0,0
7082,0,1,0,0,0,0,0,0,0
7083,0,1,0,0,0,0,0,0,0
7084,0,1,0,0,0,0,0,0,0
7085,0,1,0,0,0,0,0,0,0
7086,0,1,0,0,0,0,0,0,0
7087,0,1,0,0,0,0,0,0,0
7088,0,1,0,0,0,0,0,0,0
7089,0,1,0,0,0,0,0,0,0
7090,0,1,0,0,0,0,0,0,0
7091,0,1,0,0,0,0,0,0,0
7092,0,1,0,0,0,0,0,0,0
7093,0,1,0,0,0,0,0,0,0
7094,0,1,0,0,0,0,0,0,0
7095,0,1,0,0,0,0,0,0,0
7096,0,1,0,0,0,0,0,0,0
7097,0,1,0,0,0,0,0,0,0
7098,0,1,0,0,0,0,0,0,0
7099,0,1,0,0,0,0,0,0,0
7100,0,1,0,0,0,0,0,0,0
7101,0,1,0,0,0,0,0,0,0
7102,0,1,0,0,0,0,0,0,0
7103,0,1,0,0,0,0,0,0,0
7104,0,1,0,0,0,0,0,0,0
7105,0,1,0,0,0,0,0,0,0
7106,0,1,0,0,0,0,0,0,0
7107,0,1,0,0,0,0,0,0,0
7108,0,1,0,0,0,0,0,0,0
7109,0,1,0,0,0,0,0,0,0
7110,0,1,0,0,0,0,0,0,0
7111,0,1,0,0,0,0,0,0,0
7112,0,1,0,0,0,0,0,0,0
7113,0,1,0,0,0,0,0,0,0
7114,0,1,0,0,0,0,0,0,0
7115,0,1,0,0,0,0,0,0,0
7116,0,1,0,0,0,0,0,0,0
7117,0,1,0,0,0,0,0,0,0
7118,0,1,0,0,0,0,0,0,0
7119,0,1,0,0,0,0,0,0,0
7120,0,1,0,0,0,0,0,0,0
7121,0,1,0,0,0,0,0,0,0
7122,0,1,0,0,0,0,0,0,0
7123,0,1,0,0,0,0,0,0,0
7124,0,1,0,0,0,0,0,0,0
7125,0,1,0,0,0,0,0,0,0
7126,0,1,0,0,0,0,0,0,0
7127,0,1,0,0,0,0,0,0,0
7128,0,1,0,0,0,0,0,0,0
7129,0,1,0,0,0,0,0,0,0
7130,0,1,0,0,0,0,0,0,0
7131,0,1,0,0,0,0,0,0,0
7132,0,1,0,0,0,0,0,0,0
7133,0,1,0,0,0,0,0,0,0
7134,0,1,0,0,0,0,0,0,0
7135,0,1,0,0,0,0,0,0,0
7136,0,1,0,0,0,0,0,0,0
7137,0,1,0,0,0,0,0,0,0
7138,0,1,0,0,0,0,0,0,0
7139,0,1,0,0,0,0,0,0,0
7140,0,1,0,0,0,0,0,0,0
7141,0,1,0,0,0,0,0,0,0
7142,0,1,0,0,0,0,0,0,0
7143,0,1,0,0,0,0,0,0,0
7144,0,1,0,0,0,0,0,0,0
7145,0,1,0,0,0,0,0,0,0
7146,0,1,0,0,0,0,0,0,0
7147,0,1,0,0,0,0,0,0,0
7148,0,1,0,0,0,0,0,0,0
7149,0,1,0,0,0,0,0,0,0
7150,0,1,0,0,0,0,0,0,0
7151,0,1,0,0,0,0,0,0,0
7152,0,1,0,0,0,0,0,0,0
7153,0,1,0,0,0,0,0,0,0
7154,0,1,0,0,0,0,0,0,0
7155,0,1,0,0,0,0,0,0,0
7156,0,1,0,0,0,0,0,0,0
7157,0,1,0,0,0,0,0,0,0
7158,0,1,0,0,0,0,0,0,0
7159,0,1,0,0,0,0,0,0,0
7160,0,1,0,0,0,0,0,0,0
7161,0,1,0,0,0,0,0,0,0
7162,0,1,0,0,0,0,0,0,0
7163,0,1,0,0,0,0,0,0,0
7164,0,1,0,0,0,0,0,0,0
7165,0,1,0,0,0,0,0,0,0
7166,0,1,0,0,0,0,0,0,0
7167,0,1,0,0,0,0,0,0,0
7168,0,1,0,0,0,0,0,0,0
7169,0,1,0,0,0,0,0,0,0
7170,0,1,0,0,0,0,0,0,0
7171,0,1,0,0,0,0,0,0,0
7172,0,1,0,0,0,0,0,0,0
7173,0,1,0,0,0,0,0,0,0
7174,0,1,0,0,0,0,0,0,0
7175,0,1,0,0,0,0,0,0,0
7176,0,1,0,0,0,0,0,0,0
7177,0,1,0,0,0,0,0,0,0
7178,0,1,0,0,0,0,0,0,0
7179,0,1,0,0,0,0,0,0,0
7180,0,1,0,0,0,0,0,0,0
7181,0,1,0,0,0,0,0,0,0
7182,0,1,0,0,0,0,0,0,0
7183,0,1,0,0,0,0,0,0,0
7184,0,1,0,0,0,0,0,0,0
7185,0,1,0,0,0,0,0,0,0
7186,0,1,0,0,0,0,0,0,0
7187,0,1,0,0,0,0,0,0,0
7188,0,1,0,0,0,0,0,0,0
7189,0,1,0,0,0,0,0,0,0
7190,0,1,0,0,0,0,0,0,0
7191,0,1,0,0,0,0,0,0,0
7192,0,1,0,0,0,0,0,0,0
7193,0,1,0,0,0,0,0,0,0
7194,0,1,0,0,0,0,0,0,0
7195,0,1,0,0,0,0,0,0,0
7196,0,1,0,0,0,0,0,0,0
7197,0,1,0,0,0,0,0,0,0
7198,0,1,0,0,0,0,0,0,0
7199,0,1,0,0,0,0,0,0,0
7200,0,1,0,0,0,0,0,0,0
7201,0,1,0,0,0,0,0,0,0
7202,0,1,0,0,0,0,0,0,0
7203,0,1,0,0,0,0,0,0,0
7204,0,1,0,0,0,0,0,0,0
7205,0,1,0,0,0,0,0,0,0
7206,0,1,0,0,0,0,0,0,0
7207,0,1,0,0,0,0,0,0,0
7208,0,1,0,0,0,0,0,0,0
7209,0,1,0,0,0,0,0,0,0
7210,0,1,0,0,0,0,0,0,0
7211,0,1,0,0,0,0,0,0,0
7212,0,1,0,0,0,0,0,0,0
7213,0,1,0,0,0,0,0,0,0
7214,0,1,0,0,0,0,0,0,0
7215,0,1,0,0,0,0,0,0,0
7216,0,1,0,0,0,0,0,0,0
7217,0,1,0,0,0,0,0,0,0
7218,0,1,0,0,0,0,0,0,0
7219,0,1,0,0,0,0,0,0,0
7220,0,1,0,0,0,0,0,0,0
7221,0,1,0,0,0,0,0,0,0
7222,0,1,0,0,0,0,0,0,0
7223,0,1,0,0,0,0,0,0,0
7224,0,1,0,0,0,0,0,0,0
7225,0,1,0,0,0,0,0,0,0
7226,0,1,0,0,0,0,0,0,0
7227,0,1,0,0,0,0,0,0,0
7228,0,1,0,0,0,0,0,0,0
7229,0,1,0,0,0,0,0,0,0
7230,0,1,0,0,0,0,0,0,0
7231,0,1,0,0,0,0,0,0,0
7232,0,1,0,0,0,0,0,0,0
7233,0,1,0,0,0,0,0,0,0
7234,0,1,0,0,0,0,0,0,0
7235,0,1,0,0,0,0,0,0,0
7236,0,1,0,0,0,0,0,0,0
7237,0,1,0,0,0,0,0,0,0
7238,0,1,0,0,0,0,0,0,0
7239,0,1,0,0,0,0,0,0,0
7240,0,1,0,0,0,0,0,0,0
7241,0,1,0,0,0,0,0,0,0
7242,0,1,0,0,0,0,0,0,0
7243,0,1,0,0,0,0,0,0,0
7244,0,1,0,0,0,0,0,0,0
7245,0,1,0,0,0,0,0,0,0
7246,0,1,0,0,0,0,0,0,0
7247,0,1,0,0,0,0,0,0,0
7248,0,1,0,0,0,0,0,0,0
7249,0,1,0,0,0,0,0,0,0
7250,0,1,0,0,0,0,0,0,0
7251,0,1,0,0,0,0,0,0,0
7252,0,1,0,0,0,0,0,0,0
7253,0,1,0,0,0,0,0,0,0
7254,0,1,0,0,0,0,0,0,0
7255,0,1,0,0,0,0,0,0,0
7256,0,1,0,0,0,0,0,0,0
7257,0,1,0,0,0,0,0,0,0
7258,0,1,0,0,0,0,0,0,0
7259,0,1,0,0,0,0,0,0,0
7260,0,1,0,0,0,0,0,0,0
7261,0,1,0,0,0,0,0,0,0
7262,0,1,0,0,0,0,0,0,0
7263,0,1,0,0,0,0,0,0,0
7264,0,1,0,0,0,0,0,0,0
7265,0,1,0,0,0,0,0,0,0
7266,0,1,0,0,0,0,0,0,0
7267,0,1,0,0,0,0,0,0,0
7268,0,1,0,0,0,0,0,0,0
7269,0,1,0,0,0,0,0,0,0
7270,0,1,0,0,0,0,0,0,0
7271,0,1,0,0,0,0,0,0,0
7272,0,1,0,0,0,0,0,0,0
7273,0,1,0,0,0,0,0,0,0
7274,0,1,0,0,0,0,0,0,0
7275,0,1,0,0,0,0,0,0,0
7276,0,1,0,0,0,0,0,0,0
7277,0,1,0,0,0,0,0,0,0
7278,0,1,0,0,0,0,0,0,0
7279,0,1,0,0,0,0,0,0,0
7280,0,1,0,0,0,0,0,0,0
7281,0,1,0,0,0,0,0,0,0
7282,0,1,0,0,0,0,0,0,0
7283,0,1,0,0,0,0,0,0,0
7284,0,1,0,0,0,0,0,0,0
7285,0,1,0,0,0,0,0,0,0
7286,0,1,0,0,0,0,0,0,0
7287,0,1,0,0,0,0,0,0,0
7288,0,1,0,0,0,0,0,0,0
7289,0,1,0,0,0,0,0,0,0
7290,0,1,0,0,0,0,0,0,0
7291,0,1,0,0,0,0,0,0,0
7292,0,1,0,0,0,0,0,0,0
7293,0,1,0,0,0,0,0,0,0
7294,0,1,0,0,0,0,0,0,0
7295,0,1,0,0,0,0,0,0,0
7296,0,1,0,0,0,0,0,0,0
7297,0,1,0,0,0,0,0,0,0
7298,0,1,0,0,0,0,0,0,0
7299,0,1,0,0,0,0,0,0,0
7300,0,1,0,0,0,0,0,0,0
7301,0,1,0,0,0,0,0,0,0
7302,0,1,0,0,0,0,0,0,0
7303,0,1,0,0,0,0,0,0,0
7304,0,1,0,0,0,0,0,0,0
7305,0,1,0,0,0,0,0,0,0
7306,0,1,0,0,0,0,0,0,0
7307,0,1,0,0,0,0,0,0,0
7308,0,1,0,0,0,0,0,0,0
7309,0,1,0,0,0,0,0,0,0
7310,0,1,0,0,0,0,0,0,0
7311,0,1,0,0,0,0,0,0,0
7312,0,1,0,0,0,0,0,0,0
7313,0,1,0,0,0,0,0,0,0
7314,0,1,0,0,0,0,0,0,0
7315,0,1,0,0,0,0,0,0,0
7316,0,1,0,0,0,0,0,0,0
7317,0,1,0,0,0,0,0,0,0
7318,0,1,0,0,0,0,0,0,0
7319,0,1,0,0,0,0,0,0,0
7320,0,1,0,0,0,0,0,0,0
7321,0,1,0,0,0,0,0,0,0
7322,0,1,0,0,0,0,0,0,0
7323,0,1,0,0,0,0,0,0,0
7324,0,1,0,0,0,0,0,0,0
7325,0,1,0,0,0,0,0,0,0
7326,0,1,0,0,0,0,0,0,0
7327,0,1,0,0,0,0,0,0,0
7328,0,1,0,0,0,0,0,0,0
7329,0,1,0,0,0,0,0,0,0
7330,0,1,0,0,0,0,0,0,0
7331,0,1,0,0,0,0,0,0,0
7332,0,1,0,0,0,0,0,0,0
7333,0,1,0,0,0,0,0,0,0
7334,0,1,0,0,0,0,0,0,0
7335,0,1,0,0,0,0,0,0,0
7336,0,1,0,0,0,0,0,0,0
7337,0,1,0,0,0,0,0,0,0
7338,0,1,0,0,0,0,0,0,0
7339,0,1,0,0,0,0,0,0,0
7340,0,1,0,0,0,0,0,0,0
7341,0,1,0,0,0,0,0,0,0
7342,0,1,0,0,0,0,0,0,0
7343,0,1,0,0,0,0,0,0,0
7344,0,1,0,0,0,0,0,0,0
7345,0,1,0,0,0,0,0,0,0
7346,0,1,0,0,0,0,0,0,0
7347,0,1,0,0,0,0,0,0,0
7348,0,1,0,0,0,0,0,0,0
7349,0,1,0,0,0,0,0,0,0
7350,0,1,0,0,0,0,0,0,0
7351,0,1,0,0,0,0,0,0,0
7352,0,1,0,0,0,0,0,0,0
7353,0,1,0,0,0,0,0,0,0
7354,0,1,0,0,0,0,0,0,0
7355,0,1,0,0,0,0,0,0,0
7356,0,1,0,0,0,0,0,0,0
7357,0,1,0,0,0,0,0,0,0
7358,0,1,0,0,0,0,0,0,0
7359,0,1,0,0,0,0,0,0,0
7360,0,1,0,0,0,0,0,0,0
7361,0,1,0,0,0,0,0,0,0
7362,0,1,0,0,0,0,0,0,0
7363,0,1,0,0,0,0,0,0,0
7364,0,1,0,0,0,0,0,0,0
7365,0,1,0,0,0,0,0,0,0
7366,0,1,0,0,0,0,0,0,0
7367,0,1,0,0,0,0,0,0,0
7368,0,1,0,0,0,0,0,0,0
7369,0,1,0,0,0,0,0,0,0
7370,0,1,0,0,0,0,0,0,0
7371,0,1,0,0,0,0,0,0,0
7372,0,1,0,0,0,0,0,0,0
7373,0,1,0,0,0,0,0,0,0
7374,0,1,0,0,0,0,0,0,0
7375,0,1,0,0,0,0,0,0,0
7376,0,1,0,0,0,0,0,0,0
7377,0,1,0,0,0,0,0,0,0
7378,0,1,0,0,0,0,0,0,0
7379,0,1,0,0,0,0,0,0,0
7380,0,1,0,0,0,0,0,0,0
7381,0,1,0,0,0,0,0,0,0
7382,0,1,0,0,0,0,0,0,0
7383,0,1,0,0,0,0,0,0,0
7384,0,1,0,0,0,0,0,0,0
7385,0,1,0,0,0,0,0,0,0
7386,0,1,0,0,0,0,0,0,0
7387,0,1,0,0,0,0,0,0,0
7388,0,1,0,0,0,0,0,0,0
7389,0,1,0,0,0,0,0,0,0
7390,0,1,0,0,0,0,0,0,0
7391,0,1,0,0,0,0,0,0,0
7392,0,1,0,0,0,0,0,0,0
7393,0,1,0,0,0,0,0,0,0
7394,0,1,0,0,0,0,0,0,0
7395,0,1,0,0,0,0,0,0,0
7396,0,1,0,0,0,0,0,0,0
7397,0,1,0,0,0,0,0,0,0
7398,0,1,0,0,0,0,0,0,0
7399,0,1,0,0,0,0,0,0,0
7400,0,1,0,0,0,0,0,0,0
7401,0,1,0,0,0,0,0,0,0
7402,0,1,0,0,0,0,0,0,0
7403,0,1,0,0,0,0,0,0,0
7404,0,1,0,0,0,0,0,0,0
7405,0,1,0,0,0,0,0,0,0
7406,0,1,0,0,0,0,0,0,0
7407,0,1,0,0,0,0,0,0,0
7408,0,1,0,0,0,0,0,0,0
7409,0,1,0,0,0,0,0,0,0
7410,0,1,0,0,0,0,0,0,0
7411,0,1,0,0,0,0,0,0,0
7412,0,1,0,0,0,0,0,0,0
7413,0,1,0,0,0,0,0,0,0
7414,0,1,0,0,0,0,0,0,0
7415,0,1,0,0,0,0,0,0,0
7416,0,1,0,0,0,0,0,0,0
7417,0,1,0,0,0,0,0,0,0
7418,0,1,0,0,0,0,0,0,0
7419,0,1,0,0,0,0,0,0,0
7420,0,1,0,0,0,0,0,0,0
7421,0,1,0,0,0,0,0,0,0
7422,0,1,0,0,0,0,0,0,0
7423,0,1,0,0,0,0,0,0,0
7424,0,1,0,0,0,0,0,0,0
7425,0,1,0,0,0,0,0,0,0
7426,0,1,0,0,0,0,0,0,0
7427,0,1,0,0,0,0,0,0,0
7428,0,1,0,0,0,0,0,0,0
7429,0,1,0,0,0,0,0,0,0
7430,0,1,0,0,0,0,0,0,0
7431,0,1,0,0,0,0,0,0,0
7432,0,1,0,0,0,0,0,0,0
7433,0,1,0,0,0,0,0,0,0
7434,0,1,0,0,0,0,0,0,0
7435,0,1,0,0,0,0,0,0,0
7436,0,1,0,0,0,0,0,0,0
7437,0,1,0,0,0,0,0,0,0
7438,0,1,0,0,0,0,0,0,0
7439,0,1,0,0,0,0,0,0,0
7440,0,1,0,0,0,0,0,0,0
7441,0,1,0,0,0,0,0,0,0
7442,0,1,0,0,0,0,0,0,0
7443,0,1,0,0,0,0,0,0,0
7444,0,1,0,0,0,0,0,0,0
7445,0,1,0,0,0,0,0,0,0
7446,0,1,0,0,0,0,0,0,0
7447,0,1,0,0,0,0,0,0,0
7448,0,1,0,0,0,0,0,0,0
7449,0,1,0,0,0,0,0,0,0
7450,0,1,0,0,0,0,0,0,0
7451,0,1,0,0,0,0,0,0,0
7452,0,1,0,0,0,0,0,0,0
7453,0,1,0,0,0,0,0,0,0
7454,0,1,0,0,0,0,0,0,0
7455,0,1,0,0,0,0,0,0,0
7456,0,1,0,0,0,0,0,0,0
7457,0,1,0,0,0,0,0,0,0
7458,0,1,0,0,0,0,0,0,0
7459,0,1,0,0,0,0,0,0,0
7460,0,1,0,0,0,0,0,0,0
7461,0,1,0,0,0,0,0,0,0
7462,0,1,0,0,0,0,0,0,0
7463,0,1,0,0,0,0,0,0,0
7464,0,1,0,0,0,0,0,0,0
7465,0,1,0,0,0,0,0,0,0
7466,0,1,0,0,0,0,0,0,0
7467,0,1,0,0,0,0,0,0,0
7468,0,1,0,0,0,0,0,0,0
7469,0,1,0,0,0,0,0,0,0
7470,0,1,0,0,0,0,0,0,0
7471,0,1,0,0,0,0,0,0,0
7472,0,1,0,0,0,0,0,0,0
7473,0,1,0,0,0,0,0,0,0
7474,0,1,0,0,0,0,0,0,0
7475,0,1,0,0,0,0,0,0,0
7476,0,1,0,0,0,0,0,0,0
7477,0,1,0,0,0,0,0,0,0
7478,0,1,0,0,0,0,0,0,0
7479,0,1,0,0,0,0,0,0,0
7480,0,1,0,0,0,0,0,0,0
7481,0,1,0,0,0,0,0,0,0
7482,0,1,0,0,0,0,0,0,0
7483,0,1,0,0,0,0,0,0,0
7484,0,1,0,0,0,0,0,0,0
7485,0,1,0,0,0,0,0,0,0
7486,0,1,0,0,0,0,0,0,0
7487,0,1,0,0,0,0,0,0,0
7488,0,1,0,0,0,0,0,0,0
7489,0,1,0,0,0,0,0,0,0
7490,0,1,0,0,0,0,0,0,0
7491,0,1,0,0,0,0,0,0,0
7492,0,1,0,0,0,0,0,0,0
7493,0,1,0,0,0,0,0,0,0
7494,0,1,0,0,0,0,0,0,0
7495,0,1,0,0,0,0,0,0,0
7496,0,1,0,0,0,0,0,0,0
7497,0,1,0,0,0,0,0,0,0
7498,0,1,0,0,0,0,0,0,0
7499,0,1,0,0,0,0,0,0,0
7500,0,1,0,0,0,0,0,0,0
7501,0,1,0,0,0,0,0,0,0
7502,0,1,0,0,0,0,0,0,0
7503,0,1,0,0,0,0,0,0,0
7504,0,1,0,0,0,0,0,0,0
7505,0,1,0,0,0,0,0,0,0
7506,0,1,0,0,0,0,0,0,0
7507,0,1,0,0,0,0,0,0,0
7508,0,1,0,0,0,0,0,0,0
7509,0,1,0,0,0,0,0,0,0
7510,0,1,0,0,0,0,0,0,0
7511,0,1,0,0,0,0,0,0,0
7512,0,1,0,0,0,0,0,0,0
7513,0,1,0,0,0,0,0,0,0
7514,0,1,0,0,0,0,0,0,0
7515,0,1,0,0,0,0,0,0,0
7516,0,1,0,0,0,0,0,0,0
7517,0,1,0,0,0,0,0,0,0
7518,0,1,0,0,0,0,0,0,0
7519,0,1,0,0,0,0,0,0,0
7520,0,1,0,0,0,0,0,0,0
7521,0,1,0,0,0,0,0,0,0
7522,0,1,0,0,0,0,0,0,0
7523,0,1,0,0,0,0,0,0,0
7524,0,1,0,0,0,0,0,0,0
7525,0,1,0,0,0,0,0,0,0
7526,0,1,0,0,0,0,0,0,0
7527,0,1,0,0,0,0,0,0,0
7528,0,1,0,0,0,0,0,0,0
7529,0,1,0,0,0,0,0,0,0
7530,0,1,0,0,0,0,0,0,0
7531,0,1,0,0,0,0,0,0,0
7532,0,1,0,0,0,0,0,0,0
7533,0,1,0,0,0,0,0,0,0
7534,0,1,0,0,0,0,0,0,0
7535,0,1,0,0,0,0,0,0,0
7536,0,1,0,0,0,0,0,0,0
7537,0,1,0,0,0,0,0,0,0
7538,0,1,0,0,0,0,0,0,0
7539,0,1,0,0,0,0,0,0,0
7540,0,1,0,0,0,0,0,0,0
7541,0,1,0,0,0,0,0,0,0
7542,0,1,0,0,0,0,0,0,0
7543,0,1,0,0,0,0,0,0,0
7544,0,1,0,0,0,0,0,0,0
7545,0,1,0,0,0,0,0,0,0
7546,0,1,0,0,0,0,0,0,0
7547,0,1,0,0,0,0,0,0,0
7548,0,1,0,0,0,0,0,0,0
7549,0,1,0,0,0,0,0,0,0
7550,0,1,0,0,0,0,0,0,0
7551,0,1,0,0,0,0,0,0,0
7552,0,1,0,0,0,0,0,0,0
7553,0,1,0,0,0,0,0,0,0
7554,0,1,0,0,0,0,0,0,0
7555,0,1,0,0,0,0,0,0,0
7556,0,1,0,0,0,0,0,0,0
7557,0,1,0,0,0,0,0,0,0
7558,0,1,0,0,0,0,0,0,0
7559,0,1,0,0,0,0,0,0,0
7560,0,1,0,0,0,0,0,0,0
7561,0,1,0,0,0,0,0,0,0
7562,0,1,0,0,0,0,0,0,0
7563,0,1,0,0,0,0,0,0,0
7564,0,1,0,0,0,0,0,0,0
7565,0,1,0,0,0,0,0,0,0
7566,0,1,0,0,0,0,0,0,0
7567,0,1,0,0,0,0,0,0,0
7568,0,1,0,0,0,0,0,0,0
7569,0,1,0,0,0,0,0,0,0
7570,0,1,0,0,0,0,0,0,0
7571,0,1,0,0,0,0,0,0,0
7572,0,1,0,0,0,0,0,0,0
7573,0,1,0,0,0,0,0,0,0
7574,0,1,0,0,0,0,0,0,0
7575,0,1,0,0,0,0,0,0,0
7576,0,1,0,0,0,0,0,0,0
7577,0,1,0,0,0,0,0,0,0
7578,0,1,0,0,0,0,0,0,0
7579,0,1,0,0,0,0,0,0,0
7580,0,1,0,0,0,0,0,0,0
7581,0,1,0,0,0,0,0,0,0
7582,0,1,0,0,0,0,0,0,0
7583,0,1,0,0,0,0,0,0,0
7584,0,1,0,0,0,0,0,0,0
7585,0,1,0,0,0,0,0,0,0
7586,0,1,0,0,0,0,0,0,0
7587,0,1,0,0,0,0,0,0,0
7588,0,1,0,0,0,0,0,0,0
7589,0,1,0,0,0,0,0,0,0
7590,0,1,0,0,0,0,0,0,0
7591,0,1,0,0,0,0,0,0,0
7592,0,1,0,0,0,0,0,0,0
7593,0,1,0,0,0,0,0,0,0
7594,0,1,0,0,0,0,0,0,0
7595,0,1,0,0,0,0,0,0,0
7596,0,1,0,0,0,0,0,0,0
7597,0,1,0,0,0,0,0,0,0
7598,0,1,0,0,0,0,0,0,0
7599,0,1,0,0,0,0,0,0,0
7600,0,1,0,0,0,0,0,0,0
7601,0,1,0,0,0,0,0,0,0
7602,0,1,0,0,0,0,0,0,0
7603,0,1,0,0,0,0,0,0,0
7604,0,1,0,0,0,0,0,0,0
7605,0,1,0,0,0,0,0,0,0
7606,0,1,0,0,0,0,0,0,0
7607,0,1,0,0,0,0,0,0,0
7608,0,1,0,0,0,0,0,0,0
7609,0,1,0,0,0,0,0,0,0
7610,0,1,0,0,0,0,0,0,0
7611,0,1,0,0,0,0,0,0,0
7612,0,1,0,0,0,0,0,0,0
7613,0,1,0,0,0,0,0,0,0
7614,0,1,0,0,0,0,0,0,0
7615,0,1,0,0,0,0,0,0,0
7616,0,1,0,0,0,0,0,0,0
7617,0,1,0,0,0,0,0,0,0
7618,0,1,0,0,0,0,0,0,0
7619,0,1,0,0,0,0,0,0,0
7620,0,1,0,0,0,0,0,0,0
7621,0,1,0,0,0,0,0,0,0
7622,0,1,0,0,0,0,0,0,0
7623,0,1,0,0,0,0,0,0,0
7624,0,1,0,0,0,0,0,0,0
7625,0,1,0,0,0,0,0,0,0
7626,0,1,0,0,0,0,0,0,0
7627,0,1,0,0,0,0,0,0,0
7628,0,1,0,0,0,0,0,0,0
7629,0,1,0,0,0,0,0,0,0
7630,0,1,0,0,0,0,0,0,0
7631,0,1,0,0,0,0,0,0,0
7632,0,1,0,0,0,0,0,0,0
7633,0,1,0,0,0,0,0,0,0
7634,0,1,0,0,0,0,0,0,0
7635,0,1,0,0,0,0,0,0,0
7636,0,1,0,0,0,0,0,0,0
7637,0,1,0,0,0,0,0,0,0
7638,0,1,0,0,0,0,0,0,0
7639,0,1,0,0,0,0,0,0,0
7640,0,1,0,0,0,0,0,0,0
7641,0,1,0,0,0,0,0,0,0
7642,0,1,0,0,0,0,0,0,0
7643,0,1,0,0,0,0,0,0,0
7644,0,1,0,0,0,0,0,0,0
7645,0,1,0,0,0,0,0,0,0
7646,0,1,0,0,0,0,0,0,0
7647,0,1,0,0,0,0,0,0,0
7648,0,1,0,0,0,0,0,0,0
7649,0,1,0,0,0,0,0,0,0
7650,0,1,0,0,0,0,0,0,0
7651,0,1,0,0,0,0,0,0,0
7652,0,1,0,0,0,0,0,0,0
7653,0,1,0,0,0,0,0,0,0
7654,0,1,0,0,0,0,0,0,0
7655,0,1,0,0,0,0,0,0,0
7656,0,1,0,0,0,0,0,0,0
7657,0,1,0,0,0,0,0,0,0
7658,0,1,0,0,0,0,0,0,0
7659,0,1,0,0,0,0,0,0,0
7660,0,1,0,0,0,0,0,0,0
7661,0,1,0,0,0,0,0,0,0
7662,0,1,0,0,0,0,0,0,0
7663,0,1,0,0,0,0,0,0,0
7664,0,1,0,0,0,0,0,0,0
7665,0,1,0,0,0,0,0,0,0
7666,0,1,0,0,0,0,0,0,0
7667,0,1,0,0,0,0,0,0,0
7668,0,1,0,0,0,0,0,0,0
7669,0,1,0,0,0,0,0,0,0
7670,0,1,0,0,0,0,0,0,0
7671,0,1,0,0,0,0,0,0,0
7672,0,1,0,0,0,0,0,0,0
7673,0,1,0,0,0,0,0,0,0
7674,0,1,0,0,0,0,0,0,0
7675,0,1,0,0,0,0,0,0,0
7676,0,1,0,0,0,0,0,0,0
7677,0,1,0,0,0,0,0,0,0
7678,0,1,0,0,0,0,0,0,0
7679,0,1,0,0,0,0,0,0,0
7680,0,1,0,0,0,0,0,0,0
7681,0,1,0,0,0,0,0,0,0
7682,0,1,0,0,0,0,0,0,0
7683,0,1,0,0,0,0,0,0,0
7684,0,1,0,0,0,0,0,0,0
7685,0,1,0,0,0,0,0,0,0
7686,0,1,0,0,0,0,0,0,0
7687,0,1,0,0,0,0,0,0,0
7688,0,1,0,0,0,0,0,0,0
7689,0,1,0,0,0,0,0,0,0
7690,0,1,0,0,0,0,0,0,0
7691,0,1,0,0,0,0,0,0,0
7692,0,1,0,0,0,0,0,0,0
7693,0,1,0,0,0,0,0,0,0
7694,0,1,0,0,0,0,0,0,0
7695,0,1,0,0,0,0,0,0,0
7696,0,1,0,0,0,0,0,0,0
7697,0,1,0,0,0,0,0,0,0
7698,0,1,0,0,0,0,0,0,0
7699,0,1,0,0,0,0,0,0,0
7700,0,1,0,0,0,0,0,0,0
7701,0,1,0,0,0,0,0,0,0
7702,0,1,0,0,0,0,0,0,0
7703,0,1,0,0,0,0,0,0,0
7704,0,1,0,0,0,0,0,0,0
7705,0,1,0,0,0,0,0,0,0
7706,0,1,0,0,0,0,0,0,0
7707,0,1,0,0,0,0,0,0,0
7708,0,1,0,0,0,0,0,0,0
7709,0,1,0,0,0,0,0,0,0
7710,0,1,0,0,0,0,0,0,0
7711,0,1,0,0,0,0,0,0,0
7712,0,1,0,0,0,0,0,0,0
7713,0,1,0,0,0,0,0,0,0
7714,0,1,0,0,0,0,0,0,0
7715,0,1,0,0,0,0,0,0,0
7716,0,1,0,0,0,0,0,0,0
7717,0,1,0,0,0,0,0,0,0
7718,0,1,0,0,0,0,0,0,0
7719,0,1,0,0,0,0,0,0,0
7720,0,1,0,0,0,0,0,0,0
7721,0,1,0,0,0,0,0,0,0
7722,0,1,0,0,0,0,0,0,0
7723,0,1,0,0,0,0,0,0,0
7724,0,1,0,0,0,0,0,0,0
7725,0,1,0,0,0,0,0,0,0
7726,0,1,0,0,0,0,0,0,0
7727,0,1,0,0,0,0,0,0,0
7728,0,1,0,0,0,0,0,0,0
7729,0,1,0,0,0,0,0,0,0
7730,0,1,0,0,0,0,0,0,0
7731,0,1,0,0,0,0,0,0,0
7732,0,1,0,0,0,0,0,0,0
7733,0,1,0,0,0,0,0,0,0
7734,0,1,0,0,0,0,0,0,0
7735,0,1,0,0,0,0,0,0,0
7736,0,1,0,0,0,0,0,0,0
7737,0,1,0,0,0,0,0,0,0
7738,0,1,0,0,0,0,0,0,0
7739,0,1,0,0,0,0,0,0,0
7740,0,1,0,0,0,0,0,0,0
7741,0,1,0,0,0,0,0,0,0
7742,0,1,0,0,0,0,0,0,0
7743,0,1,0,0,0,0,0,0,0
7744,0,1,0,0,0,0,0,0,0
7745,0,1,0,0,0,0,0,0,0
7746,0,1,0,0,0,0,0,0,0
7747,0,1,0,0,0,0,0,0,0
7748,0,1,0,0,0,0,0,0,0
7749,0,1,0,0,0,0,0,0,0
7750,0,1,0,0,0,0,0,0,0
7751,0,1,0,0,0,0,0,0,0
7752,0,1,0,0,0,0,0,0,0
7753,0,1,0,0,0,0,0,0,0
7754,0,1,0,0,0,0,0,0,0
7755,0,1,0,0,0,0,0,0,0
7756,0,1,0,0,0,0,0,0,0
7757,0,1,0,0,0,0,0,0,0
7758,0,1,0,0,0,0,0,0,0
7759,0,1,0,0,0,0,0,0,0
7760,0,1,0,0,0,0,0,0,0
7761,0,1,0,0,0,0,0,0,0
7762,0,1,0,0,0,0,0,0,0
7763,0,1,0,0,0,0,0,0,0
7764,0,1,0,0,0,0,0,0,0
7765,0,1,0,0,0,0,0,0,0
7766,0,1,0,0,0,0,0,0,0
7767,0,1,0,0,0,0,0,0,0
7768,0,1,0,0,0,0,0,0,0
7769,0,1,0,0,0,0,0,0,0
7770,0,1,0,0,0,0,0,0,0
7771,0,1,0,0,0,0,0,0,0
7772,0,1,0,0,0,0,0,0,0
7773,0,1,0,0,0,0,0,0,0
7774,0,1,0,0,0,0,0,0,0
7775,0,1,0,0,0,0,0,0,0
7776,0,1,0,0,0,0,0,0,0
7777,0,1,0,0,0,0,0,0,0
7778,0,1,0,0,0,0,0,0,0
7779,0,1,0,0,0,0,0,0,0
7780,0,1,0,0,0,0,0,0,0
7781,0,1,0,0,0,0,0,0,0
7782,0,1,0,0,0,0,0,0,0
7783,0,1,0,0,0,0,0,0,0
7784,0,1,0,0,0,0,0,0,0
7785,0,1,0,0,0,0,0,0,0
7786,0,1,0,0,0,0,0,0,0
7787,0,1,0,0,0,0,0,0,0
7788,0,1,0,0,0,0,0,0,0
7789,0,1,0,0,0,0,0,0,0
7790,0,1,0,0,0,0,0,0,0
7791,0,1,0,0,0,0,0,0,0
7792,0,1,0,0,0,0,0,0,0
7793,0,1,0,0,0,0,0,0,0
7794,0,1,0,0,0,0,0,0,0
7795,0,1,0,0,0,0,0,0,0
7796,0,1,0,0,0,0,0,0,0
7797,0,1,0,0,0,0,0,0,0
7798,0,1,0,0,0,0,0,0,0
7799,0,1,0,0,0,0,0,0,0
7800,0,1,0,0,0,0,0,0,0
7801,0,1,0,0,0,0,0,0,0
7802,0,1,0,0,0,0,0,0,0
7803,0,1,0,0,0,0,0,0,0
7804,0,1,0,0,0,0,0,0,0
7805,0,1,0,0,0,0,0,0,0
7806,0,1,0,0,0,0,0,0,0
7807,0,1,0,0,0,0,0,0,0
7808,0,1,0,0,0,0,0,0,0
7809,0,1,0,0,0,0,0,0,0
7810,0,1,0,0,0,0,0,0,0
7811,0,1,0,0,0,0,0,0,0
7812,0,1,0,0,0,0,0,0,0
7813,0,1,0,0,0,0,0,0,0
7814,0,1,0,0,0,0,0,0,0
7815,0,1,0,0,0,0,0,0,0
7816,0,1,0,0,0,0,0,0,0
7817,0,1,0,0,0,0,0,0,0
7818,0,1,0,0,0,0,0,0,0
7819,0,1,0,0,0,0,0,0,0
7820,0,1,0,0,0,0,0,0,0
7821,0,1,0,0,0,0,0,0,0
7822,0,1,0,0,0,0,0,0,0
7823,0,1,0,0,0,0,0,0,0
7824,0,1,0,0,0,0,0,0,0
7825,0,1,0,0,0,0,0,0,0
7826,0,1,0,0,0,0,0,0,0
7827,0,1,0,0,0,0,0,0,0
7828,0,1,0,0,0,0,0,0,0
7829,0,1,0,0,0,0,0,0,0
7830,0,1,0,0,0,0,0,0,0
7831,0,1,0,0,0,0,0,0,0
7832,0,1,0,0,0,0,0,0,0
7833,0,1,0,0,0,0,0,0,0
7834,0,1,0,0,0,0,0,0,0
7835,0,1,0,0,0,0,0,0,0
7836,0,1,0,0,0,0,0,0,0
7837,0,1,0,0,0,0,0,0,0
7838,0,1,0,0,0,0,0,0,0
7839,0,1,0,0,0,0,0,0,0
7840,0,1,0,0,0,0,0,0,0
7841,0,1,0,0,0,0,0,0,0
7842,0,1,0,0,0,0,0,0,0
7843,0,1,0,0,0,0,0,0,0
7844,0,1,0,0,0,0,0,0,0
7845,0,1,0,0,0,0,0,0,0
7846,0,1,0,0,0,0,0,0,0
7847,0,1,0,0,0,0,0,0,0
7848,0,1,0,0,0,0,0,0,0
7849,0,1,0,0,0,0,0,0,0
7850,0,1,0,0,0,0,0,0,0
7851,0,1,0,0,0,0,0,0,0
7852,0,1,0,0,0,0,0,0,0
7853,0,1,0,0,0,0,0,0,0
7854,0,1,0,0,0,0,0,0,0
7855,0,1,0,0,0,0,0,0,0
7856,0,1,0,0,0,0,0,0,0
7857,0,1,0,0,0,0,0,0,0
7858,0,1,0,0,0,0,0,0,0
7859,0,1,0,0,0,0,0,0,0
7860,0,1,0,0,0,0,0,0,0
7861,0,1,0,0,0,0,0,0,0
7862,0,1,0,0,0,0,0,0,0
7863,0,1,0,0,0,0,0,0,0
7864,0,1,0,0,0,0,0,0,0
7865,0,1,0,0,0,0,0,0,0
7866,0,1,0,0,0,0,0,0,0
7867,0,1,0,0,0,0,0,0,0
7868,0,1,0,0,0,0,0,0,0
7869,0,1,0,0,0,0,0,0,0
7870,0,1,0,0,0,0,0,0,0
7871,0,1,0,0,0,0,0,0,0
7872,0,1,0,0,0,0,0,0,0
7873,0,1,0,0,0,0,0,0,0
7874,0,1,0,0,0,0,0,0,0
7875,0,1,0,0,0,0,0,0,0
7876,0,1,0,0,0,0,0,0,0
7877,0,1,0,0,0,0,0,0,0
7878,0,1,0,0,0,0,0,0,0
7879,0,1,0,0,0,0,0,0,0
7880,0,1,0,0,0,0,0,0,0
7881,0,1,0,0,0,0,0,0,0
7882,0,1,0,0,0,0,0,0,0
7883,0,1,0,0,0,0,0,0,0
7884,0,1,0,0,0,0,0,0,0
7885,0,1,0,0,0,0,0,0,0
7886,0,1,0,0,0,0,0,0,0
7887,0,1,0,0,0,0,0,0,0
7888,0,1,0,0,0,0,0,0,0
7889,0,1,0,0,0,0,0,0,0
7890,0,1,0,0,0,0,0,0,0
7891,0,1,0,0,0,0,0,0,0
7892,0,1,0,0,0,0,0,0,0
7893,0,1,0,0,0,0,0,0,0
7894,0,1,0,0,0,0,0,0,0
7895,0,1,0,0,0,0,0,0,0
7896,0,1,0,0,0,0,0,0,0
7897,0,1,0,0,0,0,0,0,0
7898,0,1,0,0,0,0,0,0,0
7899,0,1,0,0,0,0,0,0,0
7900,0,1,0,0,0,0,0,0,0
7901,0,1,0,0,0,0,0,0,0
7902,0,1,0,0,0,0,0,0,0
7903,0,1,0,0,0,0,0,0,0
7904,0,1,0,0,0,0,0,0,0
7905,0,1,0,0,0,0,0,0,0
7906,0,1,0,0,0,0,0,0,0
7907,0,1,0,0,0,0,0,0,0
7908,0,1,0,0,0,0,0,0,0
7909,0,1,0,0,0,0,0,0,0
7910,0,1,0,0,0,0,0,0,0
7911,0,1,0,0,0,0,0,0,0
7912,0,1,0,0,0,0,0,0,0
7913,0,1,0,0,0,0,0,0,0
7914,0,1,0,0,0,0,0,0,0
7915,0,1,0,0,0,0,0,0,0
7916,0,1,0,0,0,0,0,0,0
7917,0,1,0,0,0,0,0,0,0
7918,0,1,0,0,0,0,0,0,0
7919,0,1,0,0,0,0,0,0,0
7920,0,1,0,0,0,0,0,0,0
7921,0,1,0,0,0,0,0,0,0
7922,0,1,0,0,0,0,0,0,0
7923,0,1,0,0,0,0,0,0,0
7924,0,1,0,0,0,0,0,0,0
7925,0,1,0,0,0,0,0,0,0
7926,0,1,0,0,0,0,0,0,0
7927,0,1,0,0,0,0,0,0,0
7928,0,1,0,0,0,0,0,0,0
7929,0,1,0,0,0,0,0,0,0
7930,0,1,0,0,0,0,0,0,0
7931,0,1,0,0,0,0,0,0,0
7932,0,1,0,0,0,0,0,0,0
7933,0,1,0,0,0,0,0,0,0
7934,0,1,0,0,0,0,0,0,0
7935,0,1,0,0,0,0,0,0,0
7936,0,1,0,0,0,0,0,0,0
7937,0,1,0,0,0,0,0,0,0
7938,0,1,0,0,0,0,0,0,0
7939,0,1,0,0,0,0,0,0,0
7940,0,1,0,0,0,0,0,0,0
7941,0,1,0,0,0,0,0,0,0
7942,0,1,0,0,0,0,0,0,0
7943,0,1,0,0,0,0,0,0,0
7944,0,1,0,0,0,0,0,0,0
7945,0,1,0,0,0,0,0,0,0
7946,0,1,0,0,0,0,0,0,0
7947,0,1,0,0,0,0,0,0,0
7948,0,1,0,0,0,0,0,0,0
7949,0,1,0,0,0,0,0,0,0
7950,0,1,0,0,0,0,0,0,0
7951,0,1,0,0,0,0,0,0,0
7952,0,1,0,0,0,0,0,0,0
7953,0,1,0,0,0,0,0,0,0
7954,0,1,0,0,0,0,0,0,0
7955,0,1,0,0,0,0,0,0,0
7956,0,1,0,0,0,0,0,0,0
7957,0,1,0,0,0,0,0,0,0
7958,0,1,0,0,0,0,0,0,0
7959,0,1,0,0,0,0,0,0,0
7960,0,1,0,0,0,0,0,0,0
7961,0,1,0,0,0,0,0,0,0
7962,0,1,0,0,0,0,0,0,0
7963,0,1,0,0,0,0,0,0,0
7964,0,1,0,0,0,0,0,0,0
7965,0,1,0,0,0,0,0,0,0
7966,0,1,0,0,0,0,0,0,0
7967,0,1,0,0,0,0,0,0,0
7968,0,1,0,0,0,0,0,0,0
7969,0,1,0,0,0,0,0,0,0
7970,0,1,0,0,0,0,0,0,0
7971,0,1,0,0,0,0,0,0,0
7972,0,1,0,0,0,0,0,0,0
7973,0,1,0,0,0,0,0,0,0
7974,0,1,0,0,0,0,0,0,0
7975,0,1,0,0,0,0,0,0,0
7976,0,1,0,0,0,0,0,0,0
7977,0,1,0,0,0,0,0,0,0
7978,0,1,0,0,0,0,0,0,0
7979,0,1,0,0,0,0,0,0,0
7980,0,1,0,0,0,0,0,0,0
7981,0,1,0,0,0,0,0,0,0
7982,0,1,0,0,0,0,0,0,0
7983,0,1,0,0,0,0,0,0,0
7984,0,1,0,0,0,0,0,0,0
7985,0,1,0,0,0,0,0,0,0
7986,0,1,0,0,0,0,0,0,0
7987,0,1,0,0,0,0,0,0,0
7988,0,1,0,0,0,0,0,0,0
7989,0,1,0,0,0,0,0,0,0
7990,0,1,0,0,0,0,0,0,0
7991,0,1,0,0,0,0,0,0,0
7992,0,1,0,0,0,0,0,0,0
7993,0,1,0,0,0,0,0,0,0
7994,0,1,0,0,0,0,0,0,0
7995,0,1,0,0,0,0,0,0,0
7996,0,1,0,0,0,0,0,0,0
7997,0,1,0,0,0,0,0,0,0
7998,0,1,0,0,0,0,0,0,0
7999,0,1,0,0,0,0,0,0,0
8000,0,1,0,0,0,0,0,0,0
8001,0,1,0,0,0,0,0,0,0
8002,0,1,0,0,0,0,0,0,0
8003,0,1,0,0,0,0,0,0,0
8004,0,1,0,0,0,0,0,0,0
8005,0,1,0,0,0,0,0,0,0
8006,0,1,0,0,0,0,0,0,0
8007,0,1,0,0,0,0,0,0,0
8008,0,1,0,0,0,0,0,0,0
8009,0,1,0,0,0,0,0,0,0
8010,0,1,0,0,0,0,0,0,0
8011,0,1,0,0,0,0,0,0,0
8012,0,1,0,0,0,0,0,0,0
8013,0,1,0,0,0,0,0,0,0
8014,0,1,0,0,0,0,0,0,0
8015,0,1,0,0,0,0,0,0,0
8016,0,1,0,0,0,0,0,0,0
8017,0,1,0,0,0,0,0,0,0
8018,0,1,0,0,0,0,0,0,0
8019,0,1,0,0,0,0,0,0,0
8020,0,1,0,0,0,0,0,0,0
8021,0,1,0,0,0,0,0,0,0
8022,0,1,0,0,0,0,0,0,0
8023,0,1,0,0,0,0,0,0,0
8024,0,1,0,0,0,0,0,0,0
8025,0,1,0,0,0,0,0,0,0
8026,0,1,0,0,0,0,0,0,0
8027,0,1,0,0,0,0,0,0,0
8028,0,1,0,0,0,0,0,0,0
8029,0,1,0,0,0,0,0,0,0
8030,0,1,0,0,0,0,0,0,0
8031,0,1,0,0,0,0,0,0,0
8032,0,1,0,0,0,0,0,0,0
8033,0,1,0,0,0,0,0,0,0
8034,0,1,0,0,0,0,0,0,0
8035,0,1,0,0,0,0,0,0,0
8036,0,1,0,0,0,0,0,0,0
8037,0,1,0,0,0,0,0,0,0
8038,0,1,0,0,0,0,0,0,0
8039,0,1,0,0,0,0,0,0,0
8040,0,1,0,0,0,0,0,0,0
8041,0,1,0,0,0,0,0,0,0
8042,0,1,0,0,0,0,0,0,0
8043,0,1,0,0,0,0,0,0,0
8044,0,1,0,0,0,0,0,0,0
8045,0,1,0,0,0,0,0,0,0
8046,0,1,0,0,0,0,0,0,0
8047,0,1,0,0,0,0,0,0,0
8048,0,1,0,0,0,0,0,0,0
8049,0,1,0,0,0,0,0,0,0
8050,0,1,0,0,0,0,0,0,0
8051,0,1,0,0,0,0,0,0,0
8052,0,1,0,0,0,0,0,0,0
8053,0,1,0,0,0,0,0,0,0
8054,0,1,0,0,0,0,0,0,0
8055,0,1,0,0,0,0,0,0,0
8056,0,1,0,0,0,0,0,0,0
8057,0,1,0,0,0,0,0,0,0
8058,0,1,0,0,0,0,0,0,0
8059,0,1,0,0,0,0,0,0,0
8060,0,1,0,0,0,0,0,0,0
8061,0,1,0,0,0,0,0,0,0
8062,0,1,0,0,0,0,0,0,0
8063,0,1,0,0,0,0,0,0,0
8064,0,1,0,0,0,0,0,0,0
8065,0,1,0,0,0,0,0,0,0
8066,0,1,0,0,0,0,0,0,0
8067,0,1,0,0,0,0,0,0,0
8068,0,1,0,0,0,0,0,0,0
8069,0,1,0,0,0,0,0,0,0
8070,0,1,0,0,0,0,0,0,0
8071,0,1,0,0,0,0,0,0,0
8072,0,1,0,0,0,0,0,0,0
8073,0,1,0,0,0,0,0,0,0
8074,0,1,0,0,0,0,0,0,0
8075,0,1,0,0,0,0,0,0,0
8076,0,1,0,0,0,0,0,0,0
8077,0,1,0,0,0,0,0,0,0
8078,0,1,0,0,0,0,0,0,0
8079,0,1,0,0,0,0,0,0,0
8080,0,1,0,0,0,0,0,0,0
8081,0,1,0,0,0,0,0,0,0
8082,0,1,0,0,0,0,0,0,0
8083,0,1,0,0,0,0,0,0,0
8084,0,1,0,0,0,0,0,0,0
8085,0,1,0,0,0,0,0,0,0
8086,0,1,0,0,0,0,0,0,0
8087,0,1,0,0,0,0,0,0,0
8088,0,1,0,0,0,0,0,0,0
8089,0,1,0,0,0,0,0,0,0
8090,0,1,0,0,0,0,0,0,0
8091,0,1,0,0,0,0,0,0,0
8092,0,1,0,0,0,0,0,0,0
8093,0,1,0,0,0,0,0,0,0
8094,0,1,0,0,0,0,0,0,0
8095,0,1,0,0,0,0,0,0,0
8096,0,1,0,0,0,0,0,0,0
8097,0,1,0,0,0,0,0,0,0
8098,0,1,0,0,0,0,0,0,0
8099,0,1,0,0,0,0,0,0,0
8100,0,1,0,0,0,0,0,0,0
8101,0,1,0,0,0,0,0,0,0
8102,0,1,0,0,0,0,0,0,0
8103,0,1,0,0,0,0,0,0,0
8104,0,1,0,0,0,0,0,0,0
8105,0,1,0,0,0,0,0,0,0
8106,0,1,0,0,0,0,0,0,0
8107,0,1,0,0,0,0,0,0,0
8108,0,1,0,0,0,0,0,0,0
8109,0,1,0,0,0,0,0,0,0
8110,0,1,0,0,0,0,0,0,0
8111,0,1,0,0,0,0,0,0,0
8112,0,1,0,0,0,0,0,0,0
8113,0,1,0,0,0,0,0,0,0
8114,0,1,0,0,0,0,0,0,0
8115,0,1,0,0,0,0,0,0,0
8116,0,1,0,0,0,0,0,0,0
8117,0,1,0,0,0,0,0,0,0
8118,0,1,0,0,0,0,0,0,0
8119,0,1,0,0,0,0,0,0,0
8120,0,1,0,0,0,0,0,0,0
8121,0,1,0,0,0,0,0,0,0
8122,0,1,0,0,0,0,0,0,0
8123,0,1,0,0,0,0,0,0,0
8124,0,1,0,0,0,0,0,0,0
8125,0,1,0,0,0,0,0,0,0
8126,0,1,0,0,0,0,0,0,0
8127,0,1,0,0,0,0,0,0,0
8128,0,1,0,0,0,0,0,0,0
8129,0,1,0,0,0,0,0,0,0
8130,0,1,0,0,0,0,0,0,0
8131,0,1,0,0,0,0,0,0,0
8132,0,1,0,0,0,0,0,0,0
8133,0,1,0,0,0,0,0,0,0
8134,0,1,0,0,0,0,0,0,0
8135,0,1,0,0,0,0,0,0,0
8136,0,1,0,0,0,0,0,0,0
8137,0,1,0,0,0,0,0,0,0
8138,0,1,0,0,0,0,0,0,0
8139,0,1,0,0,0,0,0,0,0
8140,0,1,0,0,0,0,0,0,0
8141,0,1,0,0,0,0,0,0,0
8142,0,1,0,0,0,0,0,0,0
8143,0,1,0,0,0,0,0,0,0
8144,0,1,0,0,0,0,0,0,0
8145,0,1,0,0,0,0,0,0,0
8146,0,1,0,0,0,0,0,0,0
8147,0,1,0,0,0,0,0,0,0
8148,0,1,0,0,0,0,0,0,0
8149,0,1,0,0,0,0,0,0,0
8150,0,1,0,0,0,0,0,0,0
8151,0,1,0,0,0,0,0,0,0
8152,0,1,0,0,0,0,0,0,0
8153,0,1,0,0,0,0,0,0,0
8154,0,1,0,0,0,0,0,0,0
8155,0,1,0,0,0,0,0,0,0
8156,0,1,0,0,0,0,0,0,0
8157,0,1,0,0,0,0,0,0,0
8158,0,1,0,0,0,0,0,0,0
8159,0,1,0,0,0,0,0,0,0
8160,0,1,0,0,0,0,0,0,0
8161,0,1,0,0,0,0,0,0,0
8162,0,1,0,0,0,0,0,0,0
8163,0,1,0,0,0,0,0,0,0
8164,0,1,0,0,0,0,0,0,0
8165,0,1,0,0,0,0,0,0,0
8166,0,1,0,0,0,0,0,0,0
8167,0,1,0,0,0,0,0,0,0
8168,0,1,0,0,0,0,0,0,0
8169,0,1,0,0,0,0,0,0,0
8170,0,1,0,0,0,0,0,0,0
8171,0,1,0,0,0,0,0,0,0
8172,0,1,0,0,0,0,0,0,0
8173,0,1,0,0,0,0,0,0,0
8174,0,1,0,0,0,0,0,0,0
8175,0,1,0,0,0,0,0,0,0
8176,0,1,0,0,0,0,0,0,0
8177,0,1,0,0,0,0,0,0,0
8178,0,1,0,0,0,0,0,0,0
8179,0,1,0,0,0,0,0,0,0
8180,0,1,0,0,0,0,0,0,0
8181,0,1,0,0,0,0,0,0,0
8182,0,1,0,0,0,0,0,0,0
8183,0,1,0,0,0,0,0,0,0
8184,0,1,0,0,0,0,0,0,0
8185,0,1,0,0,0,0,0,0,0
8186,0,1,0,0,0,0,0,0,0
8187,0,1,0,0,0,0,0,0,0
8188,0,1,0,0,0,0,0,0,0
8189,0,1,0,0,0,0,0,0,0
8190,0,1,0,0,0,0,0,0,0
8191,0,1,0,0,0,0,0,0,0
8192,0,1,0,0,0,0,0,0,0
8193,0,1,0,0,0,0,0,0,0
8194,0,1,0,0,0,0,0,0,0
8195,0,1,0,0,0,0,0,0,0
8196,0,1,0,0,0,0,0,0,0
8197,0,1,0,0,0,0,0,0,0
8198,0,1,0,0,0,0,0,0,0
8199,0,1,0,0,0,0,0,0,0
8200,0,1,0,0,0,0,0,0,0
8201,0,1,0,0,0,0,0,0,0
8202,0,1,0,0,0,0,0,0,0
8203,0,1,0,0,0,0,0,0,0
8204,0,1,0,0,0,0,0,0,0
8205,0,1,0,0,0,0,0,0,0
8206,0,1,0,0,0,0,0,0,0
8207,0,1,0,0,0,0,0,0,0
8208,0,1,0,0,0,0,0,0,0
8209,0,1,0,0,0,0,0,0,0
8210,0,1,0,0,0,0,0,0,0
8211,0,1,0,0,0,0,0,0,0
8212,0,1,0,0,0,0,0,0,0
8213,0,1,0,0,0,0,0,0,0
8214,0,1,0,0,0,0,0,0,0
8215,0,1,0,0,0,0,0,0,0
8216,0,1,0,0,0,0,0,0,0
8217,0,1,0,0,0,0,0,0,0
8218,0,1,0,0,0,0,0,0,0
8219,0,1,0,0,0,0,0,0,0
8220,0,1,0,0,0,0,0,0,0
8221,0,1,0,0,0,0,0,0,0
8222,0,1,0,0,0,0,0,0,0
8223,0,1,0,0,0,0,0,0,0
8224,0,1,0,0,0,0,0,0,0
8225,0,1,0,0,0,0,0,0,0
8226,0,1,0,0,0,0,0,0,0
8227,0,1,0,0,0,0,0,0,0
8228,0,1,0,0,0,0,0,0,0
8229,0,1,0,0,0,0,0,0,0
8230,0,1,0,0,0,0,0,0,0
8231,0,1,0,0,0,0,0,0,0
8232,0,1,0,0,0,0,0,0,0
8233,0,1,0,0,0,0,0,0,0
8234,0,1,0,0,0,0,0,0,0
8235,0,1,0,0,0,0,0,0,0
8236,0,1,0,0,0,0,0,0,0
8237,0,1,0,0,0,0,0,0,0
8238,0,1,0,0,0,0,0,0,0
8239,0,1,0,0,0,0,0,0,0
8240,0,1,0,0,0,0,0,0,0
8241,0,1,0,0,0,0,0,0,0
8242,0,1,0,0,0,0,0,0,0
8243,0,1,0,0,0,0,0,0,0
8244,0,1,0,0,0,0,0,0,0
8245,0,1,0,0,0,0,0,0,0
8246,0,1,0,0,0,0,0,0,0
8247,0,1,0,0,0,0,0,0,0
8248,0,1,0,0,0,0,0,0,0
8249,0,1,0,0,0,0,0,0,0
8250,0,1,0,0,0,0,0,0,0
8251,0,1,0,0,0,0,0,0,0
8252,0,1,0,0,0,0,0,0,0
8253,0,1,0,0,0,0,0,0,0
8254,0,1,0,0,0,0,0,0,0
8255,0,1,0,0,0,0,0,0,0
8256,0,1,0,0,0,0,0,0,0
8257,0,1,0,0,0,0,0,0,0
8258,0,1,0,0,0,0,0,0,0
8259,0,1,0,0,0,0,0,0,0
8260,0,1,0,0,0,0,0,0,0
8261,0,1,0,0,0,0,0,0,0
8262,0,1,0,0,0,0,0,0,0
8263,0,1,0,0,0,0,0,0,0
8264,0,1,0,0,0,0,0,0,0
8265,0,1,0,0,0,0,0,0,0
8266,0,1,0,0,0,0,0,0,0
8267,0,1,0,0,0,0,0,0,0
8268,0,1,0,0,0,0,0,0,0
8269,0,1,0,0,0,0,0,0,0
8270,0,1,0,0,0,0,0,0,0
8271,0,1,0,0,0,0,0,0,0
8272,0,1,0,0,0,0,0,0,0
8273,0,1,0,0,0,0,0,0,0
8274,0,1,0,0,0,0,0,0,0
8275,0,1,0,0,0,0,0,0,0
8276,0,1,0,0,0,0,0,0,0
8277,0,1,0,0,0,0,0,0,0
8278,0,1,0,0,0,0,0,0,0
8279,0,1,0,0,0,0,0,0,0
8280,0,1,0,0,0,0,0,0,0
8281,0,1,0,0,0,0,0,0,0
8282,0,1,0,0,0,0,0,0,0
8283,0,1,0,0,0,0,0,0,0
8284,0,1,0,0,0,0,0,0,0
8285,0,1,0,0,0,0,0,0,0
8286,0,1,0,0,0,0,0,0,0
8287,0,1,0,0,0,0,0,0,0
8288,0,1,0,0,0,0,0,0,0
8289,0,1,0,0,0,0,0,0,0
8290,0,1,0,0,0,0,0,0,0
8291,0,1,0,0,0,0,0,0,0
8292,0,1,0,0,0,0,0,0,0
8293,0,1,0,0,0,0,0,0,0
8294,0,1,0,0,0,0,0,0,0
8295,0,1,0,0,0,0,0,0,0
8296,0,1,0,0,0,0,0,0,0
8297,0,1,0,0,0,0,0,0,0
8298,0,1,0,0,0,0,0,0,0
8299,0,1,0,0,0,0,0,0,0
8300,0,1,0,0,0,0,0,0,0
8301,0,1,0,0,0,0,0,0,0
8302,0,1,0,0,0,0,0,0,0
8303,0,1,0,0,0,0,0,0,0
8304,0,1,0,0,0,0,0,0,0
8305,0,1,0,0,0,0,0,0,0
8306,0,1,0,0,0,0,0,0,0
8307,0,1,0,0,0,0,0,0,0
8308,0,1,0,0,0,0,0,0,0
8309,0,1,0,0,0,0,0,0,0
8310,0,1,0,0,0,0,0,0,0
8311,0,1,0,0,0,0,0,0,0
8312,0,1,0,0,0,0,0,0,0
8313,0,1,0,0,0,0,0,0,0
8314,0,1,0,0,0,0,0,0,0
8315,0,1,0,0,0,0,0,0,0
8316,0,1,0,0,0,0,0,0,0
8317,0,1,0,0,0,0,0,0,0
8318,0,1,0,0,0,0,0,0,0
8319,0,1,0,0,0,0,0,0,0
8320,0,1,0,0,0,0,0,0,0
8321,0,1,0,0,0,0,0,0,0
8322,0,1,0,0,0,0,0,0,0
8323,0,1,0,0,0,0,0,0,0
8324,0,1,0,0,0,0,0,0,0
8325,0,1,0,0,0,0,0,0,0
8326,0,1,0,0,0,0,0,0,0
8327,0,1,0,0,0,0,0,0,0
8328,0,1,0,0,0,0,0,0,0
8329,0,1,0,0,0,0,0,0,0
8330,0,1,0,0,0,0,0,0,0
8331,0,1,0,0,0,0,0,0,0
8332,0,1,0,0,0,0,0,0,0
8333,0,1,0,0,0,0,0,0,0
8334,0,1,0,0,0,0,0,0,0
8335,0,1,0,0,0,0,0,0,0
8336,0,1,0,0,0,0,0,0,0
8337,0,1,0,0,0,0,0,0,0
8338,0,1,0,0,0,0,0,0,0
8339,0,1,0,0,0,0,0,0,0
8340,0,1,0,0,0,0,0,0,0
8341,0,1,0,0,0,0,0,0,0
8342,0,1,0,0,0,0,0,0,0
8343,0,1,0,0,0,0,0,0,0
8344,0,1,0,0,0,0,0,0,0
8345,0,1,0,0,0,0,0,0,0
8346,0,1,0,0,0,0,0,0,0
8347,0,1,0,0,0,0,0,0,0
8348,0,1,0,0,0,0,0,0,0
8349,0,1,0,0,0,0,0,0,0
8350,0,1,0,0,0,0,0,0,0
8351,0,1,0,0,0,0,0,0,0
8352,0,1,0,0,0,0,0,0,0
8353,0,1,0,0,0,0,0,0,0
8354,0,1,0,0,0,0,0,0,0
8355,0,1,0,0,0,0,0,0,0
8356,0,1,0,0,0,0,0,0,0
8357,0,1,0,0,0,0,0,0,0
8358,0,1,0,0,0,0,0,0,0
8359,0,1,0,0,0,0,0,0,0
8360,0,1,0,0,0,0,0,0,0
8361,0,1,0,0,0,0,0,0,0
8362,0,1,0,0,0,0,0,0,0
8363,0,1,0,0,0,0,0,0,0
8364,0,1,0,0,0,0,0,0,0
8365,0,1,0,0,0,0,0,0,0
8366,0,1,0,0,0,0,0,0,0
8367,0,1,0,0,0,0,0,0,0
8368,0,1,0,0,0,0,0,0,0
8369,0,1,0,0,0,0,0,0,0
8370,0,1,0,0,0,0,0,0,0
8371,0,1,0,0,0,0,0,0,0
8372,0,1,0,0,0,0,0,0,0
8373,0,1,0,0,0,0,0,0,0
8374,0,1,0,0,0,0,0,0,0
8375,0,1,0,0,0,0,0,0,0
8376,0,1,0,0,0,0,0,0,0
8377,0,1,0,0,0,0,0,0,0
8378,0,1,0,0,0,0,0,0,0
8379,0,1,0,0,0,0,0,0,0
8380,0,1,0,0,0,0,0,0,0
8381,0,1,0,0,0,0,0,0,0
8382,0,1,0,0,0,0,0,0,0
8383,0,1,0,0,0,0,0,0,0
8384,0,1,0,0,0,0,0,0,0
8385,0,1,0,0,0,0,0,0,0
8386,0,1,0,0,0,0,0,0,0
8387,0,1,0,0,0,0,0,0,0
8388,0,1,0,0,0,0,0,0,0
8389,0,1,0,0,0,0,0,0,0
8390,0,1,0,0,0,0,0,0,0
8391,0,1,0,0,0,0,0,0,0
8392,0,1,0,0,0,0,0,0,0
8393,0,1,0,0,0,0,0,0,0
8394,0,1,0,0,0,0,0,0,0
8395,0,1,0,0,0,0,0,0,0
8396,0,1,0,0,0,0,0,0,0
8397,0,1,0,0,0,0,0,0,0
8398,0,1,0,0,0,0,0,0,0
8399,0,1,0,0,0,0,0,0,0
8400,0,1,0,0,0,0,0,0,0
8401,0,1,0,0,0,0,0,0,0
8402,0,1,0,0,0,0,0,0,0
8403,0,1,0,0,0,0,0,0,0
8404,0,1,0,0,0,0,0,0,0
8405,0,1,0,0,0,0,0,0,0
8406,0,1,0,0,0,0,0,0,0
8407,0,1,0,0,0,0,0,0,0
8408,0,1,0,0,0,0,0,0,0
8409,0,1,0,0,0,0,0,0,0
8410,0,1,0,0,0,0,0,0,0
8411,0,1,0,0,0,0,0,0,0
8412,0,1,0,0,0,0,0,0,0
8413,0,1,0,0,0,0,0,0,0
8414,0,1,0,0,0,0,0,0,0
8415,0,1,0,0,0,0,0,0,0
8416,0,1,0,0,0,0,0,0,0
8417,0,1,0,0,0,0,0,0,0
8418,0,1,0,0,0,0,0,0,0
8419,0,1,0,0,0,0,0,0,0
8420,0,1,0,0,0,0,0,0,0
8421,0,1,0,0,0,0,0,0,0
8422,0,1,0,0,0,0,0,0,0
8423,0,1,0,0,0,0,0,0,0
8424,0,1,0,0,0,0,0,0,0
8425,0,1,0,0,0,0,0,0,0
8426,0,1,0,0,0,0,0,0,0
8427,0,1,0,0,0,0,0,0,0
8428,0,1,0,0,0,0,0,0,0
8429,0,1,0,0,0,0,0,0,0
8430,0,1,0,0,0,0,0,0,0
8431,0,1,0,0,0,0,0,0,0
8432,0,1,0,0,0,0,0,0,0
8433,0,1,0,0,0,0,0,0,0
8434,0,1,0,0,0,0,0,0,0
8435,0,1,0,0,0,0,0,0,0
8436,0,1,0,0,0,0,0,0,0
8437,0,1,0,0,0,0,0,0,0
8438,0,1,0,0,0,0,0,0,0
8439,0,1,0,0,0,0,0,0,0
8440,0,1,0,0,0,0,0,0,0
8441,0,1,0,0,0,0,0,0,0
8442,0,1,0,0,0,0,0,0,0
8443,0,1,0,0,0,0,0,0,0
8444,0,1,0,0,0,0,0,0,0
8445,0,1,0,0,0,0,0,0,0
8446,0,1,0,0,0,0,0,0,0
8447,0,1,0,0,0,0,0,0,0
8448,0,1,0,0,0,0,0,0,0
8449,0,1,0,0,0,0,0,0,0
8450,0,1,0,0,0,0,0,0,0
8451,0,1,0,0,0,0,0,0,0
8452,0,1,0,0,0,0,0,0,0
8453,0,1,0,0,0,0,0,0,0
8454,0,1,0,0,0,0,0,0,0
8455,0,1,0,0,0,0,0,0,0
8456,0,1,0,0,0,0,0,0,0
8457,0,1,0,0,0,0,0,0,0
8458,0,1,0,0,0,0,0,0,0
8459,0,1,0,0,0,0,0,0,0
8460,0,1,0,0,0,0,0,0,0
8461,0,1,0,0,0,0,0,0,0
8462,0,1,0,0,0,0,0,0,0
8463,0,1,0,0,0,0,0,0,0
8464,0,1,0,0,0,0,0,0,0
8465,0,1,0,0,0,0,0,0,0
8466,0,1,0,0,0,0,0,0,0
8467,0,1,0,0,0,0,0,0,0
8468,0,1,0,0,0,0,0,0,0
8469,0,1,0,0,0,0,0,0,0
8470,0,1,0,0,0,0,0,0,0
8471,0,1,0,0,0,0,0,0,0
8472,0,1,0,0,0,0,0,0,0
8473,0,1,0,0,0,0,0,0,0
8474,0,1,0,0,0,0,0,0,0
8475,0,1,0,0,0,0,0,0,0
8476,0,1,0,0,0,0,0,0,0
8477,0,1,0,0,0,0,0,0,0
8478,0,1,0,0,0,0,0,0,0
8479,0,1,0,0,0,0,0,0,0
8480,0,1,0,0,0,0,0,0,0
8481,0,1,0,0,0,0,0,0,0
8482,0,1,0,0,0,0,0,0,0
8483,0,1,0,0,0,0,0,0,0
8484,0,1,0,0,0,0,0,0,0
8485,0,1,0,0,0,0,0,0,0
8486,0,1,0,0,0,0,0,0,0
8487,0,1,0,0,0,0,0,0,0
8488,0,1,0,0,0,0,0,0,0
8489,0,1,0,0,0,0,0,0,0
8490,0,1,0,0,0,0,0,0,0
8491,0,1,0,0,0,0,0,0,0
8492,0,1,0,0,0,0,0,0,0
8493,0,1,0,0,0,0,0,0,0
8494,0,1,0,0,0,0,0,0,0
8495,0,1,0,0,0,0,0,0,0
8496,0,1,0,0,0,0,0,0,0
8497,0,1,0,0,0,0,0,0,0
8498,0,1,0,0,0,0,0,0,0
8499,0,1,0,0,0,0,0,0,0
8500,0,1,0,0,0,0,0,0,0
8501,0,1,0,0,0,0,0,0,0
8502,0,1,0,0,0,0,0,0,0
8503,0,1,0,0,0,0,0,0,0
8504,0,1,0,0,0,0,0,0,0
8505,0,1,0,0,0,0,0,0,0
8506,0,1,0,0,0,0,0,0,0
8507,0,1,0,0,0,0,0,0,0
8508,0,1,0,0,0,0,0,0,0
8509,0,1,0,0,0,0,0,0,0
8510,0,1,0,0,0,0,0,0,0
8511,0,1,0,0,0,0,0,0,0
8512,0,1,0,0,0,0,0,0,0
8513,0,1,0,0,0,0,0,0,0
8514,0,1,0,0,0,0,0,0,0
8515,0,1,0,0,0,0,0,0,0
8516,0,1,0,0,0,0,0,0,0
8517,0,1,0,0,0,0,0,0,0
8518,0,1,0,0,0,0,0,0,0
8519,0,1,0,0,0,0,0,0,0
8520,0,1,0,0,0,0,0,0,0
8521,0,1,0,0,0,0,0,0,0
8522,0,1,0,0,0,0,0,0,0
8523,0,1,0,0,0,0,0,0,0
8524,0,1,0,0,0,0,0,0,0
8525,0,1,0,0,0,0,0,0,0
8526,0,1,0,0,0,0,0,0,0
8527,0,1,0,0,0,0,0,0,0
8528,0,1,0,0,0,0,0,0,0
8529,0,1,0,0,0,0,0,0,0
8530,0,1,0,0,0,0,0,0,0
8531,0,1,0,0,0,0,0,0,0
8532,0,1,0,0,0,0,0,0,0
8533,0,1,0,0,0,0,0,0,0
8534,0,1,0,0,0,0,0,0,0
8535,0,1,0,0,0,0,0,0,0
8536,0,1,0,0,0,0,0,0,0
8537,0,1,0,0,0,0,0,0,0
8538,0,1,0,0,0,0,0,0,0
8539,0,1,0,0,0,0,0,0,0
8540,0,1,0,0,0,0,0,0,0
8541,0,1,0,0,0,0,0,0,0
8542,0,1,0,0,0,0,0,0,0
8543,0,1,0,0,0,0,0,0,0
8544,0,1,0,0,0,0,0,0,0
8545,0,1,0,0,0,0,0,0,0
8546,0,1,0,0,0,0,0,0,0
8547,0,1,0,0,0,0,0,0,0
8548,0,1,0,0,0,0,0,0,0
8549,0,1,0,0,0,0,0,0,0
8550,0,1,0,0,0,0,0,0,0
8551,0,1,0,0,0,0,0,0,0
8552,0,1,0,0,0,0,0,0,0
8553,0,1,0,0,0,0,0,0,0
8554,0,1,0,0,0,0,0,0,0
8555,0,1,0,0,0,0,0,0,0
8556,0,1,0,0,0,0,0,0,0
8557,0,1,0,0,0,0,0,0,0
8558,0,1,0,0,0,0,0,0,0
8559,0,1,0,0,0,0,0,0,0
8560,0,1,0,0,0,0,0,0,0
8561,0,1,0,0,0,0,0,0,0
8562,0,1,0,0,0,0,0,0,0
8563,0,1,0,0,0,0,0,0,0
8564,0,1,0,0,0,0,0,0,0
8565,0,1,0,0,0,0,0,0,0
8566,0,1,0,0,0,0,0,0,0
8567,0,1,0,0,0,0,0,0,0
8568,0,1,0,0,0,0,0,0,0
8569,0,1,0,0,0,0,0,0,0
8570,0,1,0,0,0,0,0,0,0
8571,0,1,0,0,0,0,0,0,0
8572,0,1,0,0,0,0,0,0,0
8573,0,1,0,0,0,0,0,0,0
8574,0,1,0,0,0,0,0,0,0
8575,0,1,0,0,0,0,0,0,0
8576,0,1,0,0,0,0,0,0,0
8577,0,1,0,0,0,0,0,0,0
8578,0,1,0,0,0,0,0,0,0
8579,0,1,0,0,0,0,0,0,0
8580,0,1,0,0,0,0,0,0,0
8581,0,1,0,0,0,0,0,0,0
8582,0,1,0,0,0,0,0,0,0
8583,0,1,0,0,0,0,0,0,0
8584,0,1,0,0,0,0,0,0,0
8585,0,1,0,0,0,0,0,0,0
8586,0,1,0,0,0,0,0,0,0
8587,0,1,0,0,0,0,0,0,0
8588,0,1,0,0,0,0,0,0,0
8589,0,1,0,0,0,0,0,0,0
8590,0,1,0,0,0,0,0,0,0
8591,0,1,0,0,0,0,0,0,0
8592,0,1,0,0,0,0,0,0,0
8593,0,1,0,0,0,0,0,0,0
8594,0,1,0,0,0,0,0,0,0
8595,0,1,0,0,0,0,0,0,0
8596,0,1,0,0,0,0,0,0,0
8597,0,1,0,0,0,0,0,0,0
8598,0,1,0,0,0,0,0,0,0
8599,0,1,0,0,0,0,0,0,0
8600,0,1,0,0,0,0,0,0,0
8601,0,1,0,0,0,0,0,0,0
8602,0,1,0,0,0,0,0,0,0
8603,0,1,0,0,0,0,0,0,0
8604,0,1,0,0,0,0,0,0,0
8605,0,1,0,0,0,0,0,0,0
8606,0,1,0,0,0,0,0,0,0
8607,0,1,0,0,0,0,0,0,0
8608,0,1,0,0,0,0,0,0,0
8609,0,1,0,0,0,0,0,0,0
8610,0,1,0,0,0,0,0,0,0
8611,0,1,0,0,0,0,0,0,0
8612,0,1,0,0,0,0,0,0,0
8613,0,1,0,0,0,0,0,0,0
8614,0,1,0,0,0,0,0,0,0
8615,0,1,0,0,0,0,0,0,0
8616,0,1,0,0,0,0,0,0,0
8617,0,1,0,0,0,0,0,0,0
8618,0,1,0,0,0,0,0,0,0
8619,0,1,0,0,0,0,0,0,0
8620,0,1,0,0,0,0,0,0,0
8621,0,1,0,0,0,0,0,0,0
8622,0,1,0,0,0,0,0,0,0
8623,0,1,0,0,0,0,0,0,0
8624,0,1,0,0,0,0,0,0,0
8625,0,1,0,0,0,0,0,0,0
8626,0,1,0,0,0,0,0,0,0
8627,0,1,0,0,0,0,0,0,0
8628,0,1,0,0,0,0,0,0,0
8629,0,1,0,0,0,0,0,0,0
8630,0,1,0,0,0,0,0,0,0
8631,0,1,0,0,0,0,0,0,0
8632,0,1,0,0,0,0,0,0,0
8633,0,1,0,0,0,0,0,0,0
8634,0,1,0,0,0,0,0,0,0
8635,0,1,0,0,0,0,0,0,0
8636,0,1,0,0,0,0,0,0,0
8637,0,1,0,0,0,0,0,0,0
8638,0,1,0,0,0,0,0,0,0
8639,0,1,0,0,0,0,0,0,0
8640,0,1,0,0,0,0,0,0,0
8641,0,1,0,0,0,0,0,0,0
8642,0,1,0,0,0,0,0,0,0
8643,0,1,0,0,0,0,0,0,0
8644,0,1,0,0,0,0,0,0,0
8645,0,1,0,0,0,0,0,0,0
8646,0,1,0,0,0,0,0,0,0
8647,0,1,0,0,0,0,0,0,0
8648,0,1,0,0,0,0,0,0,0
8649,0,1,0,0,0,0,0,0,0
8650,0,1,0,0,0,0,0,0,0
8651,0,1,0,0,0,0,0,0,0
8652,0,1,0,0,0,0,0,0,0
8653,0,1,0,0,0,0,0,0,0
8654,0,1,0,0,0,0,0,0,0
8655,0,1,0,0,0,0,0,0,0
8656,0,1,0,0,0,0,0,0,0
8657,0,1,0,0,0,0,0,0,0
8658,0,1,0,0,0,0,0,0,0
8659,0,1,0,0,0,0,0,0,0
8660,0,1,0,0,0,0,0,0,0
8661,0,1,0,0,0,0,0,0,0
8662,0,1,0,0,0,0,0,0,0
8663,0,1,0,0,0,0,0,0,0
8664,0,1,0,0,0,0,0,0,0
8665,0,1,0,0,0,0,0,0,0
8666,0,1,0,0,0,0,0,0,0
8667,0,1,0,0,0,0,0,0,0
8668,0,1,0,0,0,0,0,0,0
8669,0,1,0,0,0,0,0,0,0
8670,0,1,0,0,0,0,0,0,0
8671,0,1,0,0,0,0,0,0,0
8672,0,1,0,0,0,0,0,0,0
8673,0,1,0,0,0,0,0,0,0
8674,0,1,0,0,0,0,0,0,0
8675,0,1,0,0,0,0,0,0,0
8676,0,1,0,0,0,0,0,0,0
8677,0,1,0,0,0,0,0,0,0
8678,0,1,0,0,0,0,0,0,0
8679,0,1,0,0,0,0,0,0,0
8680,0,1,0,0,0,0,0,0,0
8681,0,1,0,0,0,0,0,0,0
8682,0,1,0,0,0,0,0,0,0
8683,0,1,0,0,0,0,0,0,0
8684,0,1,0,0,0,0,0,0,0
8685,0,1,0,0,0,0,0,0,0
8686,0,1,0,0,0,0,0,0,0
8687,0,1,0,0,0,0,0,0,0
8688,0,1,0,0,0,0,0,0,0
8689,0,1,0,0,0,0,0,0,0
8690,0,1,0,0,0,0,0,0,0
8691,0,1,0,0,0,0,0,0,0
8692,0,1,0,0,0,0,0,0,0
8693,0,1,0,0,0,0,0,0,0
8694,0,1,0,0,0,0,0,0,0
8695,0,1,0,0,0,0,0,0,0
8696,0,1,0,0,0,0,0,0,0
8697,0,1,0,0,0,0,0,0,0
8698,0,1,0,0,0,0,0,0,0
8699,0,1,0,0,0,0,0,0,0
8700,0,1,0,0,0,0,0,0,0
8701,0,1,0,0,0,0,0,0,0
8702,0,1,0,0,0,0,0,0,0
8703,0,1,0,0,0,0,0,0,0
8704,0,1,0,0,0,0,0,0,0
8705,0,1,0,0,0,0,0,0,0
8706,0,1,0,0,0,0,0,0,0
8707,0,1,0,0,0,0,0,0,0
8708,0,1,0,0,0,0,0,0,0
8709,0,1,0,0,0,0,0,0,0
8710,0,1,0,0,0,0,0,0,0
8711,0,1,0,0,0,0,0,0,0
8712,0,1,0,0,0,0,0,0,0
8713,0,1,0,0,0,0,0,0,0
8714,0,1,0,0,0,0,0,0,0
8715,0,1,0,0,0,0,0,0,0
8716,0,1,0,0,0,0,0,0,0
8717,0,1,0,0,0,0,0,0,0
8718,0,1,0,0,0,0,0,0,0
8719,0,1,0,0,0,0,0,0,0
8720,0,1,0,0,0,0,0,0,0
8721,0,1,0,0,0,0,0,0,0
8722,0,1,0,0,0,0,0,0,0
8723,0,1,0,0,0,0,0,0,0
8724,0,1,0,0,0,0,0,0,0
8725,0,1,0,0,0,0,0,0,0
8726,0,1,0,0,0,0,0,0,0
8727,0,1,0,0,0,0,0,0,0
8728,0,1,0,0,0,0,0,0,0
8729,0,1,0,0,0,0,0,0,0
8730,0,1,0,0,0,0,0,0,0
8731,0,1,0,0,0,0,0,0,0
8732,0,1,0,0,0,0,0,0,0
8733,0,1,0,0,0,0,0,0,0
8734,0,1,0,0,0,0,0,0,0
8735,0,1,0,0,0,0,0,0,0
8736,0,1,0,0,0,0,0,0,0
8737,0,1,0,0,0,0,0,0,0
8738,0,1,0,0,0,0,0,0,0
8739,0,1,0,0,0,0,0,0,0
8740,0,1,0,0,0,0,0,0,0
8741,0,1,0,0,0,0,0,0,0
8742,0,1,0,0,0,0,0,0,0
8743,0,1,0,0,0,0,0,0,0
8744,0,1,0,0,0,0,0,0,0
8745,0,1,0,0,0,0,0,0,0
8746,0,1,0,0,0,0,0,0,0
8747,0,1,0,0,0,0,0,0,0
8748,0,1,0,0,0,0,0,0,0
8749,0,1,0,0,0,0,0,0,0
8750,0,1,0,0,0,0,0,0,0
8751,0,1,0,0,0,0,0,0,0
8752,0,1,0,0,0,0,0,0,0
8753,0,1,0,0,0,0,0,0,0
8754,0,1,0,0,0,0,0,0,0
8755,0,1,0,0,0,0,0,0,0
8756,0,1,0,0,0,0,0,0,0
8757,0,1,0,0,0,0,0,0,0
8758,0,1,0,0,0,0,0,0,0
8759,0,1,0,0,0,0,0,0,0
8760,0,1,0,0,0,0,0,0,0
8761,0,1,0,0,0,0,0,0,0
8762,0,1,0,0,0,0,0,0,0
8763,0,1,0,0,0,0,0,0,0
8764,0,1,0,0,0,0,0,0,0
8765,0,1,0,0,0,0,0,0,0
8766,0,1,0,0,0,0,0,0,0
8767,0,1,0,0,0,0,0,0,0
8768,0,1,0,0,0,0,0,0,0
8769,0,1,0,0,0,0,0,0,0
8770,0,1,0,0,0,0,0,0,0
8771,0,1,0,0,0,0,0,0,0
8772,0,1,0,0,0,0,0,0,0
8773,0,1,0,0,0,0,0,0,0
8774,0,1,0,0,0,0,0,0,0
8775,0,1,0,0,0,0,0,0,0
8776,0,1,0,0,0,0,0,0,0
8777,0,1,0,0,0,0,0,0,0
8778,0,1,0,0,0,0,0,0,0
8779,0,1,0,0,0,0,0,0,0
8780,0,1,0,0,0,0,0,0,0
8781,0,1,0,0,0,0,0,0,0
8782,0,1,0,0,0,0,0,0,0
8783,0,1,0,0,0,0,0,0,0
8784,0,1,0,0,0,0,0,0,0
8785,0,1,0,0,0,0,0,0,0
8786,0,1,0,0,0,0,0,0,0
8787,0,1,0,0,0,0,0,0,0
8788,0,1,0,0,0,0,0,0,0
8789,0,1,0,0,0,0,0,0,0
8790,0,1,0,0,0,0,0,0,0
8791,0,1,0,0,0,0,0,0,0
8792,0,1,0,0,0,0,0,0,0
8793,0,1,0,0,0,0,0,0,0
8794,0,1,0,0,0,0,0,0,0
8795,0,1,0,0,0,0,0,0,0
8796,0,1,0,0,0,0,0,0,0
8797,0,1,0,0,0,0,0,0,0
8798,0,1,0,0,0,0,0,0,0
8799,0,1,0,0,0,0,0,0,0
8800,0,1,0,0,0,0,0,0,0
8801,0,1,0,0,0,0,0,0,0
8802,0,1,0,0,0,0,0,0,0
8803,0,1,0,0,0,0,0,0,0
8804,0,1,0,0,0,0,0,0,0
8805,0,1,0,0,0,0,0,0,0
8806,0,1,0,0,0,0,0,0,0
8807,0,1,0,0,0,0,0,0,0
8808,0,1,0,0,0,0,0,0,0
8809,0,1,0,0,0,0,0,0,0
8810,0,1,0,0,0,0,0,0,0
8811,0,1,0,0,0,0,0,0,0
8812,0,1,0,0,0,0,0,0,0
8813,0,1,0,0,0,0,0,0,0
8814,0,1,0,0,0,0,0,0,0
8815,0,1,0,0,0,0,0,0,0
8816,0,1,0,0,0,0,0,0,0
8817,0,1,0,0,0,0,0,0,0
8818,0,1,0,0,0,0,0,0,0
8819,0,1,0,0,0,0,0,0,0
8820,0,1,0,0,0,0,0,0,0
8821,0,1,0,0,0,0,0,0,0
8822,0,1,0,0,0,0,0,0,0
8823,0,1,0,0,0,0,0,0,0
8824,0,1,0,0,0,0,0,0,0
8825,0,1,0,0,0,0,0,0,0
8826,0,1,0,0,0,0,0,0,0
8827,0,1,0,0,0,0,0,0,0
8828,0,1,0,0,0,0,0,0,0
8829,0,1,0,0,0,0,0,0,0
8830,0,1,0,0,0,0,0,0,0
8831,0,1,0,0,0,0,0,0,0
8832,0,1,0,0,0,0,0,0,0
8833,0,1,0,0,0,0,0,0,0
8834,0,1,0,0,0,0,0,0,0
8835,0,1,0,0,0,0,0,0,0
8836,0,1,0,0,0,0,0,0,0
8837,0,1,0,0,0,0,0,0,0
8838,0,1,0,0,0,0,0,0,0
8839,0,1,0,0,0,0,0,0,0
8840,0,1,0,0,0,0,0,0,0
8841,0,1,0,0,0,0,0,0,0
8842,0,1,0,0,0,0,0,0,0
8843,0,1,0,0,0,0,0,0,0
8844,0,1,0,0,0,0,0,0,0
8845,0,1,0,0,0,0,0,0,0
8846,0,1,0,0,0,0,0,0,0
8847,0,1,0,0,0,0,0,0,0
8848,0,1,0,0,0,0,0,0,0
8849,0,1,0,0,0,0,0,0,0
8850,0,1,0,0,0,0,0,0,0
8851,0,1,0,0,0,0,0,0,0
8852,0,1,0,0,0,0,0,0,0
8853,0,1,0,0,0,0,0,0,0
8854,0,1,0,0,0,0,0,0,0
8855,0,1,0,0,0,0,0,0,0
8856,0,1,0,0,0,0,0,0,0
8857,0,1,0,0,0,0,0,0,0
8858,0,1,0,0,0,0,0,0,0
8859,0,1,0,0,0,0,0,0,0
8860,0,1,0,0,0,0,0,0,0
8861,0,1,0,0,0,0,0,0,0
8862,0,1,0,0,0,0,0,0,0
8863,0,1,0,0,0,0,0,0,0
8864,0,1,0,0,0,0,0,0,0
8865,0,1,0,0,0,0,0,0,0
8866,0,1,0,0,0,0,0,0,0
8867,0,1,0,0,0,0,0,0,0
8868,0,1,0,0,0,0,0,0,0
8869,0,1,0,0,0,0,0,0,0
8870,0,1,0,0,0,0,0,0,0
8871,0,1,0,0,0,0,0,0,0
8872,0,1,0,0,0,0,0,0,0
8873,0,1,0,0,0,0,0,0,0
8874,0,1,0,0,0,0,0,0,0
8875,0,1,0,0,0,0,0,0,0
8876,0,1,0,0,0,0,0,0,0
8877,0,1,0,0,0,0,0,0,0
8878,0,1,0,0,0,0,0,0,0
8879,0,1,0,0,0,0,0,0,0
8880,0,1,0,0,0,0,0,0,0
8881,0,1,0,0,0,0,0,0,0
8882,0,1,0,0,0,0,0,0,0
8883,0,1,0,0,0,0,0,0,0
8884,0,1,0,0,0,0,0,0,0
8885,0,1,0,0,0,0,0,0,0
8886,0,1,0,0,0,0,0,0,0
8887,0,1,0,0,0,0,0,0,0
8888,0,1,0,0,0,0,0,0,0
8889,0,1,0,0,0,0,0,0,0
8890,0,1,0,0,0,0,0,0,0
8891,0,1,0,0,0,0,0,0,0
8892,0,1,0,0,0,0,0,0,0
8893,0,1,0,0,0,0,0,0,0
8894,0,1,0,0,0,0,0,0,0
8895,0,1,0,0,0,0,0,0,0
8896,0,1,0,0,0,0,0,0,0
8897,0,1,0,0,0,0,0,0,0
8898,0,1,0,0,0,0,0,0,0
8899,0,1,0,0,0,0,0,0,0
8900,0,1,0,0,0,0,0,0,0
8901,0,1,0,0,0,0,0,0,0
8902,0,1,0,0,0,0,0,0,0
8903,0,1,0,0,0,0,0,0,0
8904,0,1,0,0,0,0,0,0,0
8905,0,1,0,0,0,0,0,0,0
8906,0,1,0,0,0,0,0,0,0
8907,0,1,0,0,0,0,0,0,0
8908,0,1,0,0,0,0,0,0,0
8909,0,1,0,0,0,0,0,0,0
8910,0,1,0,0,0,0,0,0,0
8911,0,1,0,0,0,0,0,0,0
8912,0,1,0,0,0,0,0,0,0
8913,0,1,0,0,0,0,0,0,0
8914,0,1,0,0,0,0,0,0,0
8915,0,1,0,0,0,0,0,0,0
8916,0,1,0,0,0,0,0,0,0
8917,0,1,0,0,0,0,0,0,0
8918,0,1,0,0,0,0,0,0,0
8919,0,1,0,0,0,0,0,0,0
8920,0,1,0,0,0,0,0,0,0
8921,0,1,0,0,0,0,0,0,0
8922,0,1,0,0,0,0,0,0,0
8923,0,1,0,0,0,0,0,0,0
8924,0,1,0,0,0,0,0,0,0
8925,0,1,0,0,0,0,0,0,0
8926,0,1,0,0,0,0,0,0,0
8927,0,1,0,0,0,0,0,0,0
8928,0,1,0,0,0,0,0,0,0
8929,0,1,0,0,0,0,0,0,0
8930,0,1,0,0,0,0,0,0,0
8931,0,1,0,0,0,0,0,0,0
8932,0,1,0,0,0,0,0,0,0
8933,0,1,0,0,0,0,0,0,0
8934,0,1,0,0,0,0,0,0,0
8935,0,1,0,0,0,0,0,0,0
8936,0,1,0,0,0,0,0,0,0
8937,0,1,0,0,0,0,0,0,0
8938,0,1,0,0,0,0,0,0,0
8939,0,1,0,0,0,0,0,0,0
8940,0,1,0,0,0,0,0,0,0
8941,0,1,0,0,0,0,0,0,0
8942,0,1,0,0,0,0,0,0,0
8943,0,1,0,0,0,0,0,0,0
8944,0,1,0,0,0,0,0,0,0
8945,0,1,0,0,0,0,0,0,0
8946,0,1,0,0,0,0,0,0,0
8947,0,1,0,0,0,0,0,0,0
8948,0,1,0,0,0,0,0,0,0
8949,0,1,0,0,0,0,0,0,0
8950,0,1,0,0,0,0,0,0,0
8951,0,1,0,0,0,0,0,0,0
8952,0,1,0,0,0,0,0,0,0
8953,0,1,0,0,0,0,0,0,0
8954,0,1,0,0,0,0,0,0,0
8955,0,1,0,0,0,0,0,0,0
8956,0,1,0,0,0,0,0,0,0
8957,0,1,0,0,0,0,0,0,0
8958,0,1,0,0,0,0,0,0,0
8959,0,1,0,0,0,0,0,0,0
8960,0,1,0,0,0,0,0,0,0
8961,0,1,0,0,0,0,0,0,0
8962,0,1,0,0,0,0,0,0,0
8963,0,1,0,0,0,0,0,0,0
8964,0,1,0,0,0,0,0,0,0
8965,0,1,0,0,0,0,0,0,0
8966,0,1,0,0,0,0,0,0,0
8967,0,1,0,0,0,0,0,0,0
8968,0,1,0,0,0,0,0,0,0
8969,0,1,0,0,0,0,0,0,0
8970,0,1,0,0,0,0,0,0,0
8971,0,1,0,0,0,0,0,0,0
8972,0,1,0,0,0,0,0,0,0
8973,0,1,0,0,0,0,0,0,0
8974,0,1,0,0,0,0,0,0,0
8975,0,1,0,0,0,0,0,0,0
8976,0,1,0,0,0,0,0,0,0
8977,0,1,0,0,0,0,0,0,0
8978,0,1,0,0,0,0,0,0,0
8979,0,1,0,0,0,0,0,0,0
8980,0,1,0,0,0,0,0,0,0
8981,0,1,0,0,0,0,0,0,0
8982,0,1,0,0,0,0,0,0,0
8983,0,1,0,0,0,0,0,0,0
8984,0,1,0,0,0,0,0,0,0
8985,0,1,0,0,0,0,0,0,0
8986,0,1,0,0,0,0,0,0,0
8987,0,1,0,0,0,0,0,0,0
8988,0,1,0,0,0,0,0,0,0
8989,0,1,0,0,0,0,0,0,0
8990,0,1,0,0,0,0,0,0,0
8991,0,1,0,0,0,0,0,0,0
8992,0,1,0,0,0,0,0,0,0
8993,0,1,0,0,0,0,0,0,0
8994,0,1,0,0,0,0,0,0,0
8995,0,1,0,0,0,0,0,0,0
8996,0,1,0,0,0,0,0,0,0
8997,0,1,0,0,0,0,0,0,0
8998,0,1,0,0,0,0,0,0,0
8999,0,1,0,0,0,0,0,0,0
9000,0,1,0,0,0,0,0,0,0
9001,0,1,0,0,0,0,0,0,0
9002,0,1,0,0,0,0,0,0,0
9003,0,1,0,0,0,0,0,0,0
9004,0,1,0,0,0,0,0,0,0
9005,0,1,0,0,0,0,0,0,0
9006,0,1,0,0,0,0,0,0,0
9007,0,1,0,0,0,0,0,0,0
9008,0,1,0,0,0,0,0,0,0
9009,0,1,0,0,0,0,0,0,0
9010,0,1,0,0,0,0,0,0,0
9011,0,1,0,0,0,0,0,0,0
9012,0,1,0,0,0,0,0,0,0
9013,0,1,0,0,0,0,0,0,0
9014,0,1,0,0,0,0,0,0,0
9015,0,1,0,0,0,0,0,0,0
9016,0,1,0,0,0,0,0,0,0
9017,0,1,0,0,0,0,0,0,0
9018,0,1,0,0,0,0,0,0,0
9019,0,1,0,0,0,0,0,0,0
9020,0,1,0,0,0,0,0,0,0
9021,0,1,0,0,0,0,0,0,0
9022,0,1,0,0,0,0,0,0,0
9023,0,1,0,0,0,0,0,0,0
9024,0,1,0,0,0,0,0,0,0
9025,0,1,0,0,0,0,0,0,0
9026,0,1,0,0,0,0,0,0,0
9027,0,1,0,0,0,0,0,0,0
9028,0,1,0,0,0,0,0,0,0
9029,0,1,0,0,0,0,0,0,0
9030,0,1,0,0,0,0,0,0,0
9031,0,1,0,0,0,0,0,0,0
9032,0,1,0,0,0,0,0,0,0
9033,0,1,0,0,0,0,0,0,0
9034,0,1,0,0,0,0,0,0,0
9035,0,1,0,0,0,0,0,0,0
9036,0,1,0,0,0,0,0,0,0
9037,0,1,0,0,0,0,0,0,0
9038,0,1,0,0,0,0,0,0,0
9039,0,1,0,0,0,0,0,0,0
9040,0,1,0,0,0,0,0,0,0
9041,0,1,0,0,0,0,0,0,0
9042,0,1,0,0,0,0,0,0,0
9043,0,1,0,0,0,0,0,0,0
9044,0,1,0,0,0,0,0,0,0
9045,0,1,0,0,0,0,0,0,0
9046,0,1,0,0,0,0,0,0,0
9047,0,1,0,0,0,0,0,0,0
9048,0,1,0,0,0,0,0,0,0
9049,0,1,0,0,0,0,0,0,0
9050,0,1,0,0,0,0,0,0,0
9051,0,1,0,0,0,0,0,0,0
9052,0,1,0,0,0,0,0,0,0
9053,0,1,0,0,0,0,0,0,0
9054,0,1,0,0,0,0,0,0,0
9055,0,1,0,0,0,0,0,0,0
9056,0,1,0,0,0,0,0,0,0
9057,0,1,0,0,0,0,0,0,0
9058,0,1,0,0,0,0,0,0,0
9059,0,1,0,0,0,0,0,0,0
9060,0,1,0,0,0,0,0,0,0
9061,0,1,0,0,0,0,0,0,0
9062,0,1,0,0,0,0,0,0,0
9063,0,1,0,0,0,0,0,0,0
9064,0,1,0,0,0,0,0,0,0
9065,0,1,0,0,0,0,0,0,0
9066,0,1,0,0,0,0,0,0,0
9067,0,1,0,0,0,0,0,0,0
9068,0,1,0,0,0,0,0,0,0
9069,0,1,0,0,0,0,0,0,0
9070,0,1,0,0,0,0,0,0,0
9071,0,1,0,0,0,0,0,0,0
9072,0,1,0,0,0,0,0,0,0
9073,0,1,0,0,0,0,0,0,0
9074,0,1,0,0,0,0,0,0,0
9075,0,1,0,0,0,0,0,0,0
9076,0,1,0,0,0,0,0,0,0
9077,0,1,0,0,0,0,0,0,0
9078,0,1,0,0,0,0,0,0,0
9079,0,1,0,0,0,0,0,0,0
9080,0,1,0,0,0,0,0,0,0
9081,0,1,0,0,0,0,0,0,0
9082,0,1,0,0,0,0,0,0,0
9083,0,1,0,0,0,0,0,0,0
9084,0,1,0,0,0,0,0,0,0
9085,0,1,0,0,0,0,0,0,0
9086,0,1,0,0,0,0,0,0,0
9087,0,1,0,0,0,0,0,0,0
9088,0,1,0,0,0,0,0,0,0
9089,0,1,0,0,0,0,0,0,0
9090,0,1,0,0,0,0,0,0,0
9091,0,1,0,0,0,0,0,0,0
9092,0,1,0,0,0,0,0,0,0
9093,0,1,0,0,0,0,0,0,0
9094,0,1,0,0,0,0,0,0,0
9095,0,1,0,0,0,0,0,0,0
9096,0,1,0,0,0,0,0,0,0
9097,0,1,0,0,0,0,0,0,0
9098,0,1,0,0,0,0,0,0,0
9099,0,1,0,0,0,0,0,0,0
9100,0,1,0,0,0,0,0,0,0
9101,0,1,0,0,0,0,0,0,0
9102,0,1,0,0,0,0,0,0,0
9103,0,1,0,0,0,0,0,0,0
9104,0,1,0,0,0,0,0,0,0
9105,0,1,0,0,0,0,0,0,0
9106,0,1,0,0,0,0,0,0,0
9107,0,1,0,0,0,0,0,0,0
9108,0,1,0,0,0,0,0,0,0
9109,0,1,0,0,0,0,0,0,0
9110,0,1,0,0,0,0,0,0,0
9111,0,1,0,0,0,0,0,0,0
9112,0,1,0,0,0,0,0,0,0
9113,0,1,0,0,0,0,0,0,0
9114,0,1,0,0,0,0,0,0,0
9115,0,1,0,0,0,0,0,0,0
9116,0,1,0,0,0,0,0,0,0
9117,0,1,0,0,0,0,0,0,0
9118,0,1,0,0,0,0,0,0,0
9119,0,1,0,0,0,0,0,0,0
9120,0,1,0,0,0,0,0,0,0
9121,0,1,0,0,0,0,0,0,0
9122,0,1,0,0,0,0,0,0,0
9123,0,1,0,0,0,0,0,0,0
9124,0,1,0,0,0,0,0,0,0
9125,0,1,0,0,0,0,0,0,0
9126,0,1,0,0,0,0,0,0,0
9127,0,1,0,0,0,0,0,0,0
9128,0,1,0,0,0,0,0,0,0
9129,0,1,0,0,0,0,0,0,0
9130,0,1,0,0,0,0,0,0,0
9131,0,1,0,0,0,0,0,0,0
9132,0,1,0,0,0,0,0,0,0
9133,0,1,0,0,0,0,0,0,0
9134,0,1,0,0,0,0,0,0,0
9135,0,1,0,0,0,0,0,0,0
9136,0,1,0,0,0,0,0,0,0
9137,0,1,0,0,0,0,0,0,0
9138,0,1,0,0,0,0,0,0,0
9139,0,1,0,0,0,0,0,0,0
9140,0,1,0,0,0,0,0,0,0
9141,0,1,0,0,0,0,0,0,0
9142,0,1,0,0,0,0,0,0,0
9143,0,1,0,0,0,0,0,0,0
9144,0,1,0,0,0,0,0,0,0
9145,0,1,0,0,0,0,0,0,0
9146,0,1,0,0,0,0,0,0,0
9147,0,1,0,0,0,0,0,0,0
9148,0,1,0,0,0,0,0,0,0
9149,0,1,0,0,0,0,0,0,0
9150,0,1,0,0,0,0,0,0,0
9151,0,1,0,0,0,0,0,0,0
9152,0,1,0,0,0,0,0,0,0
9153,0,1,0,0,0,0,0,0,0
9154,0,1,0,0,0,0,0,0,0
9155,0,1,0,0,0,0,0,0,0
9156,0,1,0,0,0,0,0,0,0
9157,0,1,0,0,0,0,0,0,0
9158,0,1,0,0,0,0,0,0,0
9159,0,1,0,0,0,0,0,0,0
9160,0,1,0,0,0,0,0,0,0
9161,0,1,0,0,0,0,0,0,0
9162,0,1,0,0,0,0,0,0,0
9163,0,1,0,0,0,0,0,0,0
9164,0,1,0,0,0,0,0,0,0
9165,0,1,0,0,0,0,0,0,0
9166,0,1,0,0,0,0,0,0,0
9167,0,1,0,0,0,0,0,0,0
9168,0,1,0,0,0,0,0,0,0
9169,0,1,0,0,0,0,0,0,0
9170,0,1,0,0,0,0,0,0,0
9171,0,1,0,0,0,0,0,0,0
9172,0,1,0,0,0,0,0,0,0
9173,0,1,0,0,0,0,0,0,0
9174,0,1,0,0,0,0,0,0,0
9175,0,1,0,0,0,0,0,0,0
9176,0,1,0,0,0,0,0,0,0
9177,0,1,0,0,0,0,0,0,0
9178,0,1,0,0,0,0,0,0,0
9179,0,1,0,0,0,0,0,0,0
9180,0,1,0,0,0,0,0,0,0
9181,0,1,0,0,0,0,0,0,0
9182,0,1,0,0,0,0,0,0,0
9183,0,1,0,0,0,0,0,0,0
9184,0,1,0,0,0,0,0,0,0
9185,0,1,0,0,0,0,0,0,0
9186,0,1,0,0,0,0,0,0,0
9187,0,1,0,0,0,0,0,0,0
9188,0,1,0,0,0,0,0,0,0
9189,0,1,0,0,0,0,0,0,0
9190,0,1,0,0,0,0,0,0,0
9191,0,1,0,0,0,0,0,0,0
9192,0,1,0,0,0,0,0,0,0
9193,0,1,0,0,0,0,0,0,0
9194,0,1,0,0,0,0,0,0,0
9195,0,1,0,0,0,0,0,0,0
9196,0,1,0,0,0,0,0,0,0
9197,0,1,0,0,0,0,0,0,0
9198,0,1,0,0,0,0,0,0,0
9199,0,1,0,0,0,0,0,0,0
9200,0,1,0,0,0,0,0,0,0
9201,0,1,0,0,0,0,0,0,0
9202,0,1,0,0,0,0,0,0,0
9203,0,1,0,0,0,0,0,0,0
9204,0,1,0,0,0,0,0,0,0
9205,0,1,0,0,0,0,0,0,0
9206,0,1,0,0,0,0,0,0,0
9207,0,1,0,0,0,0,0,0,0
9208,0,1,0,0,0,0,0,0,0
9209,0,1,0,0,0,0,0,0,0
9210,0,1,0,0,0,0,0,0,0
9211,0,1,0,0,0,0,0,0,0
9212,0,1,0,0,0,0,0,0,0
9213,0,1,0,0,0,0,0,0,0
9214,0,1,0,0,0,0,0,0,0
9215,0,1,0,0,0,0,0,0,0
9216,0,1,0,0,0,0,0,0,0
9217,0,1,0,0,0,0,0,0,0
9218,0,1,0,0,0,0,0,0,0
9219,0,1,0,0,0,0,0,0,0
9220,0,1,0,0,0,0,0,0,0
9221,0,1,0,0,0,0,0,0,0
9222,0,1,0,0,0,0,0,0,0
9223,0,1,0,0,0,0,0,0,0
9224,0,1,0,0,0,0,0,0,0
9225,0,1,0,0,0,0,0,0,0
9226,0,1,0,0,0,0,0,0,0
9227,0,1,0,0,0,0,0,0,0
9228,0,1,0,0,0,0,0,0,0
9229,0,1,0,0,0,0,0,0,0
9230,0,1,0,0,0,0,0,0,0
9231,0,1,0,0,0,0,0,0,0
9232,0,1,0,0,0,0,0,0,0
9233,0,1,0,0,0,0,0,0,0
9234,0,1,0,0,0,0,0,0,0
9235,0,1,0,0,0,0,0,0,0
9236,0,1,0,0,0,0,0,0,0
9237,0,1,0,0,0,0,0,0,0
9238,0,1,0,0,0,0,0,0,0
9239,0,1,0,0,0,0,0,0,0
9240,0,1,0,0,0,0,0,0,0
9241,0,1,0,0,0,0,0,0,0
9242,0,1,0,0,0,0,0,0,0
9243,0,1,0,0,0,0,0,0,0
9244,0,1,0,0,0,0,0,0,0
9245,0,1,0,0,0,0,0,0,0
9246,0,1,0,0,0,0,0,0,0
9247,0,1,0,0,0,0,0,0,0
9248,0,1,0,0,0,0,0,0,0
9249,0,1,0,0,0,0,0,0,0
9250,0,1,0,0,0,0,0,0,0
9251,0,1,0,0,0,0,0,0,0
9252,0,1,0,0,0,0,0,0,0
9253,0,1,0,0,0,0,0,0,0
9254,0,1,0,0,0,0,0,0,0
9255,0,1,0,0,0,0,0,0,0
9256,0,1,0,0,0,0,0,0,0
9257,0,1,0,0,0,0,0,0,0
9258,0,1,0,0,0,0,0,0,0
9259,0,1,0,0,0,0,0,0,0
9260,0,1,0,0,0,0,0,0,0
9261,0,1,0,0,0,0,0,0,0
9262,0,1,0,0,0,0,0,0,0
9263,0,1,0,0,0,0,0,0,0
9264,0,1,0,0,0,0,0,0,0
9265,0,1,0,0,0,0,0,0,0
9266,0,1,0,0,0,0,0,0,0
9267,0,1,0,0,0,0,0,0,0
9268,0,1,0,0,0,0,0,0,0
9269,0,1,0,0,0,0,0,0,0
9270,0,1,0,0,0,0,0,0,0
9271,0,1,0,0,0,0,0,0,0
9272,0,1,0,0,0,0,0,0,0
9273,0,1,0,0,0,0,0,0,0
9274,0,1,0,0,0,0,0,0,0
9275,0,1,0,0,0,0,0,0,0
9276,0,1,0,0,0,0,0,0,0
9277,0,1,0,0,0,0,0,0,0
9278,0,1,0,0,0,0,0,0,0
9279,0,1,0,0,0,0,0,0,0
9280,0,1,0,0,0,0,0,0,0
9281,0,1,0,0,0,0,0,0,0
9282,0,1,0,0,0,0,0,0,0
9283,0,1,0,0,0,0,0,0,0
9284,0,1,0,0,0,0,0,0,0
9285,0,1,0,0,0,0,0,0,0
9286,0,1,0,0,0,0,0,0,0
9287,0,1,0,0,0,0,0,0,0
9288,0,1,0,0,0,0,0,0,0
9289,0,1,0,0,0,0,0,0,0
9290,0,1,0,0,0,0,0,0,0
9291,0,1,0,0,0,0,0,0,0
9292,0,1,0,0,0,0,0,0,0
9293,0,1,0,0,0,0,0,0,0
9294,0,1,0,0,0,0,0,0,0
9295,0,1,0,0,0,0,0,0,0
9296,0,1,0,0,0,0,0,0,0
9297,0,1,0,0,0,0,0,0,0
9298,0,1,0,0,0,0,0,0,0
9299,0,1,0,0,0,0,0,0,0
9300,0,1,0,0,0,0,0,0,0
9301,0,1,0,0,0,0,0,0,0
9302,0,1,0,0,0,0,0,0,0
9303,0,1,0,0,0,0,0,0,0
9304,0,1,0,0,0,0,0,0,0
9305,0,1,0,0,0,0,0,0,0
9306,0,1,0,0,0,0,0,0,0
9307,0,1,0,0,0,0,0,0,0
9308,0,1,0,0,0,0,0,0,0
9309,0,1,0,0,0,0,0,0,0
9310,0,1,0,0,0,0,0,0,0
9311,0,1,0,0,0,0,0,0,0
9312,0,1,0,0,0,0,0,0,0
9313,0,1,0,0,0,0,0,0,0
9314,0,1,0,0,0,0,0,0,0
9315,0,1,0,0,0,0,0,0,0
9316,0,1,0,0,0,0,0,0,0
9317,0,1,0,0,0,0,0,0,0
9318,0,1,0,0,0,0,0,0,0
9319,0,1,0,0,0,0,0,0,0
9320,0,1,0,0,0,0,0,0,0
9321,0,1,0,0,0,0,0,0,0
9322,0,1,0,0,0,0,0,0,0
9323,0,1,0,0,0,0,0,0,0
9324,0,1,0,0,0,0,0,0,0
9325,0,1,0,0,0,0,0,0,0
9326,0,1,0,0,0,0,0,0,0
9327,0,1,0,0,0,0,0,0,0
9328,0,1,0,0,0,0,0,0,0
9329,0,1,0,0,0,0,0,0,0
9330,0,1,0,0,0,0,0,0,0
9331,0,1,0,0,0,0,0,0,0
9332,0,1,0,0,0,0,0,0,0
9333,0,1,0,0,0,0,0,0,0
9334,0,1,0,0,0,0,0,0,0
9335,0,1,0,0,0,0,0,0,0
9336,0,1,0,0,0,0,0,0,0
9337,0,1,0,0,0,0,0,0,0
9338,0,1,0,0,0,0,0,0,0
9339,0,1,0,0,0,0,0,0,0
9340,0,1,0,0,0,0,0,0,0
9341,0,1,0,0,0,0,0,0,0
9342,0,1,0,0,0,0,0,0,0
9343,0,1,0,0,0,0,0,0,0
9344,0,1,0,0,0,0,0,0,0
9345,0,1,0,0,0,0,0,0,0
9346,0,1,0,0,0,0,0,0,0
9347,0,1,0,0,0,0,0,0,0
9348,0,1,0,0,0,0,0,0,0
9349,0,1,0,0,0,0,0,0,0
9350,0,1,0,0,0,0,0,0,0
9351,0,1,0,0,0,0,0,0,0
9352,0,1,0,0,0,0,0,0,0
9353,0,1,0,0,0,0,0,0,0
9354,0,1,0,0,0,0,0,0,0
9355,0,1,0,0,0,0,0,0,0
9356,0,1,0,0,0,0,0,0,0
9357,0,1,0,0,0,0,0,0,0
9358,0,1,0,0,0,0,0,0,0
9359,0,1,0,0,0,0,0,0,0
9360,0,1,0,0,0,0,0,0,0
9361,0,1,0,0,0,0,0,0,0
9362,0,1,0,0,0,0,0,0,0
9363,0,1,0,0,0,0,0,0,0
9364,0,1,0,0,0,0,0,0,0
9365,0,1,0,0,0,0,0,0,0
9366,0,1,0,0,0,0,0,0,0
9367,0,1,0,0,0,0,0,0,0
9368,0,1,0,0,0,0,0,0,0
9369,0,1,0,0,0,0,0,0,0
9370,0,1,0,0,0,0,0,0,0
9371,0,1,0,0,0,0,0,0,0
9372,0,1,0,0,0,0,0,0,0
9373,0,1,0,0,0,0,0,0,0
9374,0,1,0,0,0,0,0,0,0
9375,0,1,0,0,0,0,0,0,0
9376,0,1,0,0,0,0,0,0,0
9377,0,1,0,0,0,0,0,0,0
9378,0,1,0,0,0,0,0,0,0
9379,0,1,0,0,0,0,0,0,0
9380,0,1,0,0,0,0,0,0,0
9381,0,1,0,0,0,0,0,0,0
9382,0,1,0,0,0,0,0,0,0
9383,0,1,0,0,0,0,0,0,0
9384,0,1,0,0,0,0,0,0,0
9385,0,1,0,0,0,0,0,0,0
9386,0,1,0,0,0,0,0,0,0
9387,0,1,0,0,0,0,0,0,0
9388,0,1,0,0,0,0,0,0,0
9389,0,1,0,0,0,0,0,0,0
9390,0,1,0,0,0,0,0,0,0
9391,0,1,0,0,0,0,0,0,0
9392,0,1,0,0,0,0,0,0,0
9393,0,1,0,0,0,0,0,0,0
9394,0,1,0,0,0,0,0,0,0
9395,0,1,0,0,0,0,0,0,0
9396,0,1,0,0,0,0,0,0,0
9397,0,1,0,0,0,0,0,0,0
9398,0,1,0,0,0,0,0,0,0
9399,0,1,0,0,0,0,0,0,0
9400,0,1,0,0,0,0,0,0,0
9401,0,1,0,0,0,0,0,0,0
9402,0,1,0,0,0,0,0,0,0
9403,0,1,0,0,0,0,0,0,0
9404,0,1,0,0,0,0,0,0,0
9405,0,1,0,0,0,0,0,0,0
9406,0,1,0,0,0,0,0,0,0
9407,0,1,0,0,0,0,0,0,0
9408,0,1,0,0,0,0,0,0,0
9409,0,1,0,0,0,0,0,0,0
9410,0,1,0,0,0,0,0,0,0
9411,0,1,0,0,0,0,0,0,0
9412,0,1,0,0,0,0,0,0,0
9413,0,1,0,0,0,0,0,0,0
9414,0,1,0,0,0,0,0,0,0
9415,0,1,0,0,0,0,0,0,0
9416,0,1,0,0,0,0,0,0,0
9417,0,1,0,0,0,0,0,0,0
9418,0,1,0,0,0,0,0,0,0
9419,0,1,0,0,0,0,0,0,0
9420,0,1,0,0,0,0,0,0,0
9421,0,1,0,0,0,0,0,0,0
9422,0,1,0,0,0,0,0,0,0
9423,0,1,0,0,0,0,0,0,0
9424,0,1,0,0,0,0,0,0,0
9425,0,1,0,0,0,0,0,0,0
9426,0,1,0,0,0,0,0,0,0
9427,0,1,0,0,0,0,0,0,0
9428,0,1,0,0,0,0,0,0,0
9429,0,1,0,0,0,0,0,0,0
9430,0,1,0,0,0,0,0,0,0
9431,0,1,0,0,0,0,0,0,0
9432,0,1,0,0,0,0,0,0,0
9433,0,1,0,0,0,0,0,0,0
9434,0,1,0,0,0,0,0,0,0
9435,0,1,0,0,0,0,0,0,0
9436,0,1,0,0,0,0,0,0,0
9437,0,1,0,0,0,0,0,0,0
9438,0,1,0,0,0,0,0,0,0
9439,0,1,0,0,0,0,0,0,0
9440,0,1,0,0,0,0,0,0,0
9441,0,1,0,0,0,0,0,0,0
9442,0,1,0,0,0,0,0,0,0
9443,0,1,0,0,0,0,0,0,0
9444,0,1,0,0,0,0,0,0,0
9445,0,1,0,0,0,0,0,0,0
9446,0,1,0,0,0,0,0,0,0
9447,0,1,0,0,0,0,0,0,0
9448,0,1,0,0,0,0,0,0,0
9449,0,1,0,0,0,0,0,0,0
9450,0,1,0,0,0,0,0,0,0
9451,0,1,0,0,0,0,0,0,0
9452,0,1,0,0,0,0,0,0,0
9453,0,1,0,0,0,0,0,0,0
9454,0,1,0,0,0,0,0,0,0
9455,0,1,0,0,0,0,0,0,0
9456,0,1,0,0,0,0,0,0,0
9457,0,1,0,0,0,0,0,0,0
9458,0,1,0,0,0,0,0,0,0
9459,0,1,0,0,0,0,0,0,0
9460,0,1,0,0,0,0,0,0,0
9461,0,1,0,0,0,0,0,0,0
9462,0,1,0,0,0,0,0,0,0
9463,0,1,0,0,0,0,0,0,0
9464,0,1,0,0,0,0,0,0,0
9465,0,1,0,0,0,0,0,0,0
9466,0,1,0,0,0,0,0,0,0
9467,0,1,0,0,0,0,0,0,0
9468,0,1,0,0,0,0,0,0,0
9469,0,1,0,0,0,0,0,0,0
9470,0,1,0,0,0,0,0,0,0
9471,0,1,0,0,0,0,0,0,0
9472,0,1,0,0,0,0,0,0,0
9473,0,1,0,0,0,0,0,0,0
9474,0,1,0,0,0,0,0,0,0
9475,0,1,0,0,0,0,0,0,0
9476,0,1,0,0,0,0,0,0,0
9477,0,1,0,0,0,0,0,0,0
9478,0,1,0,0,0,0,0,0,0
9479,0,1,0,0,0,0,0,0,0
9480,0,1,0,0,0,0,0,0,0
9481,0,1,0,0,0,0,0,0,0
9482,0,1,0,0,0,0,0,0,0
9483,0,1,0,0,0,0,0,0,0
9484,0,1,0,0,0,0,0,0,0
9485,0,1,0,0,0,0,0,0,0
9486,0,1,0,0,0,0,0,0,0
9487,0,1,0,0,0,0,0,0,0
9488,0,1,0,0,0,0,0,0,0
9489,0,1,0,0,0,0,0,0,0
9490,0,1,0,0,0,0,0,0,0
9491,0,1,0,0,0,0,0,0,0
9492,0,1,0,0,0,0,0,0,0
9493,0,1,0,0,0,0,0,0,0
9494,0,1,0,0,0,0,0,0,0
9495,0,1,0,0,0,0,0,0,0
9496,0,1,0,0,0,0,0,0,0
9497,0,1,0,0,0,0,0,0,0
9498,0,1,0,0,0,0,0,0,0
9499,0,1,0,0,0,0,0,0,0
9500,0,1,0,0,0,0,0,0,0
9501,0,1,0,0,0,0,0,0,0
9502,0,1,0,0,0,0,0,0,0
9503,0,1,0,0,0,0,0,0,0
9504,0,1,0,0,0,0,0,0,0
9505,0,1,0,0,0,0,0,0,0
9506,0,1,0,0,0,0,0,0,0
9507,0,1,0,0,0,0,0,0,0
9508,0,1,0,0,0,0,0,0,0
9509,0,1,0,0,0,0,0,0,0
9510,0,1,0,0,0,0,0,0,0
9511,0,1,0,0,0,0,0,0,0
9512,0,1,0,0,0,0,0,0,0
9513,0,1,0,0,0,0,0,0,0
9514,0,1,0,0,0,0,0,0,0
9515,0,1,0,0,0,0,0,0,0
9516,0,1,0,0,0,0,0,0,0
9517,0,1,0,0,0,0,0,0,0
9518,0,1,0,0,0,0,0,0,0
9519,0,1,0,0,0,0,0,0,0
9520,0,1,0,0,0,0,0,0,0
9521,0,1,0,0,0,0,0,0,0
9522,0,1,0,0,0,0,0,0,0
9523,0,1,0,0,0,0,0,0,0
9524,0,1,0,0,0,0,0,0,0
9525,0,1,0,0,0,0,0,0,0
9526,0,1,0,0,0,0,0,0,0
9527,0,1,0,0,0,0,0,0,0
9528,0,1,0,0,0,0,0,0,0
9529,0,1,0,0,0,0,0,0,0
9530,0,1,0,0,0,0,0,0,0
9531,0,1,0,0,0,0,0,0,0
9532,0,1,0,0,0,0,0,0,0
9533,0,1,0,0,0,0,0,0,0
9534,0,1,0,0,0,0,0,0,0
9535,0,1,0,0,0,0,0,0,0
9536,0,1,0,0,0,0,0,0,0
9537,0,1,0,0,0,0,0,0,0
9538,0,1,0,0,0,0,0,0,0
9539,0,1,0,0,0,0,0,0,0
9540,0,1,0,0,0,0,0,0,0
9541,0,1,0,0,0,0,0,0,0
9542,0,1,0,0,0,0,0,0,0
9543,0,1,0,0,0,0,0,0,0
9544,0,1,0,0,0,0,0,0,0
9545,0,1,0,0,0,0,0,0,0
9546,0,1,0,0,0,0,0,0,0
9547,0,1,0,0,0,0,0,0,0
9548,0,1,0,0,0,0,0,0,0
9549,0,1,0,0,0,0,0,0,0
9550,0,1,0,0,0,0,0,0,0
9551,0,1,0,0,0,0,0,0,0
9552,0,1,0,0,0,0,0,0,0
9553,0,1,0,0,0,0,0,0,0
9554,0,1,0,0,0,0,0,0,0
9555,0,1,0,0,0,0,0,0,0
9556,0,1,0,0,0,0,0,0,0
9557,0,1,0,0,0,0,0,0,0
9558,0,1,0,0,0,0,0,0,0
9559,0,1,0,0,0,0,0,0,0
9560,0,1,0,0,0,0,0,0,0
9561,0,1,0,0,0,0,0,0,0
9562,0,1,0,0,0,0,0,0,0
9563,0,1,0,0,0,0,0,0,0
9564,0,1,0,0,0,0,0,0,0
9565,0,1,0,0,0,0,0,0,0
9566,0,1,0,0,0,0,0,0,0
9567,0,1,0,0,0,0,0,0,0
9568,0,1,0,0,0,0,0,0,0
9569,0,1,0,0,0,0,0,0,0
9570,0,1,0,0,0,0,0,0,0
9571,0,1,0,0,0,0,0,0,0
9572,0,1,0,0,0,0,0,0,0
9573,0,1,0,0,0,0,0,0,0
9574,0,1,0,0,0,0,0,0,0
9575,0,1,0,0,0,0,0,0,0
9576,0,1,0,0,0,0,0,0,0
9577,0,1,0,0,0,0,0,0,0
9578,0,1,0,0,0,0,0,0,0
9579,0,1,0,0,0,0,0,0,0
9580,0,1,0,0,0,0,0,0,0
9581,0,1,0,0,0,0,0,0,0
9582,0,1,0,0,0,0,0,0,0
9583,0,1,0,0,0,0,0,0,0
9584,0,1,0,0,0,0,0,0,0
9585,0,1,0,0,0,0,0,0,0
9586,0,1,0,0,0,0,0,0,0
9587,0,1,0,0,0,0,0,0,0
9588,0,1,0,0,0,0,0,0,0
9589,0,1,0,0,0,0,0,0,0
9590,0,1,0,0,0,0,0,0,0
9591,0,1,0,0,0,0,0,0,0
9592,0,1,0,0,0,0,0,0,0
9593,0,1,0,0,0,0,0,0,0
9594,0,1,0,0,0,0,0,0,0
9595,0,1,0,0,0,0,0,0,0
9596,0,1,0,0,0,0,0,0,0
9597,0,1,0,0,0,0,0,0,0
9598,0,1,0,0,0,0,0,0,0
9599,0,1,0,0,0,0,0,0,0
9600,0,1,0,0,0,0,0,0,0
9601,0,1,0,0,0,0,0,0,0
9602,0,1,0,0,0,0,0,0,0
9603,0,1,0,0,0,0,0,0,0
9604,0,1,0,0,0,0,0,0,0
9605,0,1,0,0,0,0,0,0,0
9606,0,1,0,0,0,0,0,0,0
9607,0,1,0,0,0,0,0,0,0
9608,0,1,0,0,0,0,0,0,0
9609,0,1,0,0,0,0,0,0,0
9610,0,1,0,0,0,0,0,0,0
9611,0,1,0,0,0,0,0,0,0
9612,0,1,0,0,0,0,0,0,0
9613,0,1,0,0,0,0,0,0,0
9614,0,1,0,0,0,0,0,0,0
9615,0,1,0,0,0,0,0,0,0
9616,0,1,0,0,0,0,0,0,0
9617,0,1,0,0,0,0,0,0,0
9618,0,1,0,0,0,0,0,0,0
9619,0,1,0,0,0,0,0,0,0
9620,0,1,0,0,0,0,0,0,0
9621,0,1,0,0,0,0,0,0,0
9622,0,1,0,0,0,0,0,0,0
9623,0,1,0,0,0,0,0,0,0
9624,0,1,0,0,0,0,0,0,0
9625,0,1,0,0,0,0,0,0,0
9626,0,1,0,0,0,0,0,0,0
9627,0,1,0,0,0,0,0,0,0
9628,0,1,0,0,0,0,0,0,0
9629,0,1,0,0,0,0,0,0,0
9630,0,1,0,0,0,0,0,0,0
9631,0,1,0,0,0,0,0,0,0
9632,0,1,0,0,0,0,0,0,0
9633,0,1,0,0,0,0,0,0,0
9634,0,1,0,0,0,0,0,0,0
9635,0,1,0,0,0,0,0,0,0
9636,0,1,0,0,0,0,0,0,0
9637,0,1,0,0,0,0,0,0,0
9638,0,1,0,0,0,0,0,0,0
9639,0,1,0,0,0,0,0,0,0
9640,0,1,0,0,0,0,0,0,0
9641,0,1,0,0,0,0,0,0,0
9642,0,1,0,0,0,0,0,0,0
9643,0,1,0,0,0,0,0,0,0
9644,0,1,0,0,0,0,0,0,0
9645,0,1,0,0,0,0,0,0,0
9646,0,1,0,0,0,0,0,0,0
9647,0,1,0,0,0,0,0,0,0
9648,0,1,0,0,0,0,0,0,0
9649,0,1,0,0,0,0,0,0,0
9650,0,1,0,0,0,0,0,0,0
9651,0,1,0,0,0,0,0,0,0
9652,0,1,0,0,0,0,0,0,0
9653,0,1,0,0,0,0,0,0,0
9654,0,1,0,0,0,0,0,0,0
9655,0,1,0,0,0,0,0,0,0
9656,0,1,0,0,0,0,0,0,0
9657,0,1,0,0,0,0,0,0,0
9658,0,1,0,0,0,0,0,0,0
9659,0,1,0,0,0,0,0,0,0
9660,0,1,0,0,0,0,0,0,0
9661,0,1,0,0,0,0,0,0,0
9662,0,1,0,0,0,0,0,0,0
9663,0,1,0,0,0,0,0,0,0
9664,0,1,0,0,0,0,0,0,0
9665,0,1,0,0,0,0,0,0,0
9666,0,1,0,0,0,0,0,0,0
9667,0,1,0,0,0,0,0,0,0
9668,0,1,0,0,0,0,0,0,0
9669,0,1,0,0,0,0,0,0,0
9670,0,1,0,0,0,0,0,0,0
9671,0,1,0,0,0,0,0,0,0
9672,0,1,0,0,0,0,0,0,0
9673,0,1,0,0,0,0,0,0,0
9674,0,1,0,0,0,0,0,0,0
9675,0,1,0,0,0,0,0,0,0
9676,0,1,0,0,0,0,0,0,0
9677,0,1,0,0,0,0,0,0,0
9678,0,1,0,0,0,0,0,0,0
9679,0,1,0,0,0,0,0,0,0
9680,0,1,0,0,0,0,0,0,0
9681,0,1,0,0,0,0,0,0,0
9682,0,1,0,0,0,0,0,0,0
9683,0,1,0,0,0,0,0,0,0
9684,0,1,0,0,0,0,0,0,0
9685,0,1,0,0,0,0,0,0,0
9686,0,1,0,0,0,0,0,0,0
9687,0,1,0,0,0,0,0,0,0
9688,0,1,0,0,0,0,0,0,0
9689,0,1,0,0,0,0,0,0,0
9690,0,1,0,0,0,0,0,0,0
9691,0,1,0,0,0,0,0,0,0
9692,0,1,0,0,0,0,0,0,0
9693,0,1,0,0,0,0,0,0,0
9694,0,1,0,0,0,0,0,0,0
9695,0,1,0,0,0,0,0,0,0
9696,0,1,0,0,0,0,0,0,0
9697,0,1,0,0,0,0,0,0,0
9698,0,1,0,0,0,0,0,0,0
9699,0,1,0,0,0,0,0,0,0
9700,0,1,0,0,0,0,0,0,0
9701,0,1,0,0,0,0,0,0,0
9702,0,1,0,0,0,0,0,0,0
9703,0,1,0,0,0,0,0,0,0
9704,0,1,0,0,0,0,0,0,0
9705,0,1,0,0,0,0,0,0,0
9706,0,1,0,0,0,0,0,0,0
9707,0,1,0,0,0,0,0,0,0
9708,0,1,0,0,0,0,0,0,0
9709,0,1,0,0,0,0,0,0,0
9710,0,1,0,0,0,0,0,0,0
9711,0,1,0,0,0,0,0,0,0
9712,0,1,0,0,0,0,0,0,0
9713,0,1,0,0,0,0,0,0,0
9714,0,1,0,0,0,0,0,0,0
9715,0,1,0,0,0,0,0,0,0
9716,0,1,0,0,0,0,0,0,0
9717,0,1,0,0,0,0,0,0,0
9718,0,1,0,0,0,0,0,0,0
9719,0,1,0,0,0,0,0,0,0
9720,0,1,0,0,0,0,0,0,0
9721,0,1,0,0,0,0,0,0,0
9722,0,1,0,0,0,0,0,0,0
9723,0,1,0,0,0,0,0,0,0
9724,0,1,0,0,0,0,0,0,0
9725,0,1,0,0,0,0,0,0,0
9726,0,1,0,0,0,0,0,0,0
9727,0,1,0,0,0,0,0,0,0
9728,0,1,0,0,0,0,0,0,0
9729,0,1,0,0,0,0,0,0,0
9730,0,1,0,0,0,0,0,0,0
9731,0,1,0,0,0,0,0,0,0
9732,0,1,0,0,0,0,0,0,0
9733,0,1,0,0,0,0,0,0,0
9734,0,1,0,0,0,0,0,0,0
9735,0,1,0,0,0,0,0,0,0
9736,0,1,0,0,0,0,0,0,0
9737,0,1,0,0,0,0,0,0,0
9738,0,1,0,0,0,0,0,0,0
9739,0,1,0,0,0,0,0,0,0
9740,0,1,0,0,0,0,0,0,0
9741,0,1,0,0,0,0,0,0,0
9742,0,1,0,0,0,0,0,0,0
9743,0,1,0,0,0,0,0,0,0
9744,0,1,0,0,0,0,0,0,0
9745,0,1,0,0,0,0,0,0,0
9746,0,1,0,0,0,0,0,0,0
9747,0,1,0,0,0,0,0,0,0
9748,0,1,0,0,0,0,0,0,0
9749,0,1,0,0,0,0,0,0,0
9750,0,1,0,0,0,0,0,0,0
9751,0,1,0,0,0,0,0,0,0
9752,0,1,0,0,0,0,0,0,0
9753,0,1,0,0,0,0,0,0,0
9754,0,1,0,0,0,0,0,0,0
9755,0,1,0,0,0,0,0,0,0
9756,0,1,0,0,0,0,0,0,0
9757,0,1,0,0,0,0,0,0,0
9758,0,1,0,0,0,0,0,0,0
9759,0,1,0,0,0,0,0,0,0
9760,0,1,0,0,0,0,0,0,0
9761,0,1,0,0,0,0,0,0,0
9762,0,1,0,0,0,0,0,0,0
9763,0,1,0,0,0,0,0,0,0
9764,0,1,0,0,0,0,0,0,0
9765,0,1,0,0,0,0,0,0,0
9766,0,1,0,0,0,0,0,0,0
9767,0,1,0,0,0,0,0,0,0
9768,0,1,0,0,0,0,0,0,0
9769,0,1,0,0,0,0,0,0,0
9770,0,1,0,0,0,0,0,0,0
9771,0,1,0,0,0,0,0,0,0
9772,0,1,0,0,0,0,0,0,0
9773,0,1,0,0,0,0,0,0,0
9774,0,1,0,0,0,0,0,0,0
9775,0,1,0,0,0,0,0,0,0
9776,0,1,0,0,0,0,0,0,0
9777,0,1,0,0,0,0,0,0,0
9778,0,1,0,0,0,0,0,0,0
9779,0,1,0,0,0,0,0,0,0
9780,0,1,0,0,0,0,0,0,0
9781,0,1,0,0,0,0,0,0,0
9782,0,1,0,0,0,0,0,0,0
9783,0,1,0,0,0,0,0,0,0
9784,0,1,0,0,0,0,0,0,0
9785,0,1,0,0,0,0,0,0,0
9786,0,1,0,0,0,0,0,0,0
9787,0,1,0,0,0,0,0,0,0
9788,0,1,0,0,0,0,0,0,0
9789,0,1,0,0,0,0,0,0,0
9790,0,1,0,0,0,0,0,0,0
9791,0,1,0,0,0,0,0,0,0
9792,0,1,0,0,0,0,0,0,0
9793,0,1,0,0,0,0,0,0,0
9794,0,1,0,0,0,0,0,0,0
9795,0,1,0,0,0,0,0,0,0
9796,0,1,0,0,0,0,0,0,0
9797,0,1,0,0,0,0,0,0,0
9798,0,1,0,0,0,0,0,0,0
9799,0,1,0,0,0,0,0,0,0
9800,0,1,0,0,0,0,0,0,0
9801,0,1,0,0,0,0,0,0,0
9802,0,1,0,0,0,0,0,0,0
9803,0,1,0,0,0,0,0,0,0
9804,0,1,0,0,0,0,0,0,0
9805,0,1,0,0,0,0,0,0,0
9806,0,1,0,0,0,0,0,0,0
9807,0,1,0,0,0,0,0,0,0
9808,0,1,0,0,0,0,0,0,0
9809,0,1,0,0,0,0,0,0,0
9810,0,1,0,0,0,0,0,0,0
9811,0,1,0,0,0,0,0,0,0
9812,0,1,0,0,0,0,0,0,0
9813,0,1,0,0,0,0,0,0,0
9814,0,1,0,0,0,0,0,0,0
9815,0,1,0,0,0,0,0,0,0
9816,0,1,0,0,0,0,0,0,0
9817,0,1,0,0,0,0,0,0,0
9818,0,1,0,0,0,0,0,0,0
9819,0,1,0,0,0,0,0,0,0
9820,0,1,0,0,0,0,0,0,0
9821,0,1,0,0,0,0,0,0,0
9822,0,1,0,0,0,0,0,0,0
9823,0,1,0,0,0,0,0,0,0
9824,0,1,0,0,0,0,0,0,0
9825,0,1,0,0,0,0,0,0,0
9826,0,1,0,0,0,0,0,0,0
9827,0,1,0,0,0,0,0,0,0
9828,0,1,0,0,0,0,0,0,0
9829,0,1,0,0,0,0,0,0,0
9830,0,1,0,0,0,0,0,0,0
9831,0,1,0,0,0,0,0,0,0
9832,0,1,0,0,0,0,0,0,0
9833,0,1,0,0,0,0,0,0,0
9834,0,1,0,0,0,0,0,0,0
9835,0,1,0,0,0,0,0,0,0
9836,0,1,0,0,0,0,0,0,0
9837,0,1,0,0,0,0,0,0,0
9838,0,1,0,0,0,0,0,0,0
9839,0,1,0,0,0,0,0,0,0
9840,0,1,0,0,0,0,0,0,0
9841,0,1,0,0,0,0,0,0,0
9842,0,1,0,0,0,0,0,0,0
9843,0,1,0,0,0,0,0,0,0
9844,0,1,0,0,0,0,0,0,0
9845,0,1,0,0,0,0,0,0,0
9846,0,1,0,0,0,0,0,0,0
9847,0,1,0,0,0,0,0,0,0
9848,0,1,0,0,0,0,0,0,0
9849,0,1,0,0,0,0,0,0,0
9850,0,1,0,0,0,0,0,0,0
9851,0,1,0,0,0,0,0,0,0
9852,0,1,0,0,0,0,0,0,0
9853,0,1,0,0,0,0,0,0,0
9854,0,1,0,0,0,0,0,0,0
9855,0,1,0,0,0,0,0,0,0
9856,0,1,0,0,0,0,0,0,0
9857,0,1,0,0,0,0,0,0,0
9858,0,1,0,0,0,0,0,0,0
9859,0,1,0,0,0,0,0,0,0
9860,0,1,0,0,0,0,0,0,0
9861,0,1,0,0,0,0,0,0,0
9862,0,1,0,0,0,0,0,0,0
9863,0,1,0,0,0,0,0,0,0
9864,0,1,0,0,0,0,0,0,0
9865,0,1,0,0,0,0,0,0,0
9866,0,1,0,0,0,0,0,0,0
9867,0,1,0,0,0,0,0,0,0
9868,0,1,0,0,0,0,0,0,0
9869,0,1,0,0,0,0,0,0,0
9870,0,1,0,0,0,0,0,0,0
9871,0,1,0,0,0,0,0,0,0
9872,0,1,0,0,0,0,0,0,0
9873,0,1,0,0,0,0,0,0,0
9874,0,1,0,0,0,0,0,0,0
9875,0,1,0,0,0,0,0,0,0
9876,0,1,0,0,0,0,0,0,0
9877,0,1,0,0,0,0,0,0,0
9878,0,1,0,0,0,0,0,0,0
9879,0,1,0,0,0,0,0,0,0
9880,0,1,0,0,0,0,0,0,0
9881,0,1,0,0,0,0,0,0,0
9882,0,1,0,0,0,0,0,0,0
9883,0,1,0,0,0,0,0,0,0
9884,0,1,0,0,0,0,0,0,0
9885,0,1,0,0,0,0,0,0,0
9886,0,1,0,0,0,0,0,0,0
9887,0,1,0,0,0,0,0,0,0
9888,0,1,0,0,0,0,0,0,0
9889,0,1,0,0,0,0,0,0,0
9890,0,1,0,0,0,0,0,0,0
9891,0,1,0,0,0,0,0,0,0
9892,0,1,0,0,0,0,0,0,0
9893,0,1,0,0,0,0,0,0,0
9894,0,1,0,0,0,0,0,0,0
9895,0,1,0,0,0,0,0,0,0
9896,0,1,0,0,0,0,0,0,0
9897,0,1,0,0,0,0,0,0,0
9898,0,1,0,0,0,0,0,0,0
9899,0,1,0,0,0,0,0,0,0
9900,0,1,0,0,0,0,0,0,0
9901,0,1,0,0,0,0,0,0,0
9902,0,1,0,0,0,0,0,0,0
9903,0,1,0,0,0,0,0,0,0
9904,0,1,0,0,0,0,0,0,0
9905,0,1,0,0,0,0,0,0,0
9906,0,1,0,0,0,0,0,0,0
9907,0,1,0,0,0,0,0,0,0
9908,0,1,0,0,0,0,0,0,0
9909,0,1,0,0,0,0,0,0,0
9910,0,1,0,0,0,0,0,0,0
9911,0,1,0,0,0,0,0,0,0
9912,0,1,0,0,0,0,0,0,0
9913,0,1,0,0,0,0,0,0,0
9914,0,1,0,0,0,0,0,0,0
9915,0,1,0,0,0,0,0,0,0
9916,0,1,0,0,0,0,0,0,0
9917,0,1,0,0,0,0,0,0,0
9918,0,1,0,0,0,0,0,0,0
9919,0,1,0,0,0,0,0,0,0
9920,0,1,0,0,0,0,0,0,0
9921,0,1,0,0,0,0,0,0,0
9922,0,1,0,0,0,0,0,0,0
9923,0,1,0,0,0,0,0,0,0
9924,0,1,0,0,0,0,0,0,0
9925,0,1,0,0,0,0,0,0,0
9926,0,1,0,0,0,0,0,0,0
9927,0,1,0,0,0,0,0,0,0
9928,0,1,0,0,0,0,0,0,0
9929,0,1,0,0,0,0,0,0,0
9930,0,1,0,0,0,0,0,0,0
9931,0,1,0,0,0,0,0,0,0
9932,0,1,0,0,0,0,0,0,0
9933,0,1,0,0,0,0,0,0,0
9934,0,1,0,0,0,0,0,0,0
9935,0,1,0,0,0,0,0,0,0
9936,0,1,0,0,0,0,0,0,0
9937,0,1,0,0,0,0,0,0,0
9938,0,1,0,0,0,0,0,0,0
9939,0,1,0,0,0,0,0,0,0
9940,0,1,0,0,0,0,0,0,0
9941,0,1,0,0,0,0,0,0,0
9942,0,1,0,0,0,0,0,0,0
9943,0,1,0,0,0,0,0,0,0
9944,0,1,0,0,0,0,0,0,0
9945,0,1,0,0,0,0,0,0,0
9946,0,1,0,0,0,0,0,0,0
9947,0,1,0,0,0,0,0,0,0
9948,0,1,0,0,0,0,0,0,0
9949,0,1,0,0,0,0,0,0,0
9950,0,1,0,0,0,0,0,0,0
9951,0,1,0,0,0,0,0,0,0
9952,0,1,0,0,0,0,0,0,0
9953,0,1,0,0,0,0,0,0,0
9954,0,1,0,0,0,0,0,0,0
9955,0,1,0,0,0,0,0,0,0
9956,0,1,0,0,0,0,0,0,0
9957,0,1,0,0,0,0,0,0,0
9958,0,1,0,0,0,0,0,0,0
9959,0,1,0,0,0,0,0,0,0
9960,0,1,0,0,0,0,0,0,0
9961,0,1,0,0,0,0,0,0,0
9962,0,1,0,0,0,0,0,0,0
9963,0,1,0,0,0,0,0,0,0
9964,0,1,0,0,0,0,0,0,0
9965,0,1,0,0,0,0,0,0,0
9966,0,1,0,0,0,0,0,0,0
9967,0,1,0,0,0,0,0,0,0
9968,0,1,0,0,0,0,0,0,0
9969,0,1,0,0,0,0,0,0,0
9970,0,1,0,0,0,0,0,0,0
9971,0,1,0,0,0,0,0,0,0
9972,0,1,0,0,0,0,0,0,0
9973,0,1,0,0,0,0,0,0,0
9974,0,1,0,0,0,0,0,0,0
9975,0,1,0,0,0,0,0,0,0
9976,0,1,0,0,0,0,0,0,0
9977,0,1,0,0,0,0,0,0,0
9978,0,1,0,0,0,0,0,0,0
9979,0,1,0,0,0,0,0,0,0
9980,0,1,0,0,0,0,0,0,0
9981,0,1,0,0,0,0,0,0,0
9982,0,1,0,0,0,0,0,0,0
9983,0,1,0,0,0,0,0,0,0
9984,0,1,0,0,0,0,0,0,0
9985,0,1,0,0,0,0,0,0,0
9986,0,1,0,0,0,0,0,0,0
9987,0,1,0,0,0,0,0,0,0
9988,0,1,0,0,0,0,0,0,0
9989,0,1,0,0,0,0,0,0,0
9990,0,1,0,0,0,0,0,0,0
9991,0,1,0,0,0,0,0,0,0
9992,0,1,0,0,0,0,0,0,0
9993,0,1,0,0,0,0,0,0,0
9994,0,1,0,0,0,0,0,0,0
9995,0,1,0,0,0,0,0,0,0
9996,0,1,0,0,0,0,0,0,0
9997,0,1,0,0,0,0,0,0,0
9998,0,1,0,0,0,0,0,0,0
9999,0,1,0,0,0,0,0,0,0
10000,0,1,0,0,0,0,0,0,0
10001,0,1,0,0,0,0,0,0,0
10002,0,1,0,0,0,0,0,0,0
10003,0,1,0,0,0,0,0,0,0
10004,0,1,0,0,0,0,0,0,0
10005,0,1,0,0,0,0,0,0,0
10006,0,1,0,0,0,0,0,0,0
10007,0,1,0,0,0,0,0,0,0
10008,0,1,0,0,0,0,0,0,0
10009,0,1,0,0,0,0,0,0,0
10010,0,1,0,0,0,0,0,0,0
10011,0,1,0,0,0,0,0,0,0
10012,0,1,0,0,0,0,0,0,0
10013,0,1,0,0,0,0,0,0,0
10014,0,1,0,0,0,0,0,0,0
10015,0,1,0,0,0,0,0,0,0
10016,0,1,0,0,0,0,0,0,0
10017,0,1,0,0,0,0,0,0,0
10018,0,1,0,0,0,0,0,0,0
10019,0,1,0,0,0,0,0,0,0
10020,0,1,0,0,0,0,0,0,0
10021,0,1,0,0,0,0,0,0,0
10022,0,1,0,0,0,0,0,0,0
10023,0,1,0,0,0,0,0,0,0
10024,0,1,0,0,0,0,0,0,0
10025,0,1,0,0,0,0,0,0,0
10026,0,1,0,0,0,0,0,0,0
10027,0,1,0,0,0,0,0,0,0
10028,0,1,0,0,0,0,0,0,0
10029,0,1,0,0,0,0,0,0,0
10030,0,1,0,0,0,0,0,0,0
10031,0,1,0,0,0,0,0,0,0
10032,0,1,0,0,0,0,0,0,0
10033,0,1,0,0,0,0,0,0,0
10034,0,1,0,0,0,0,0,0,0
10035,0,1,0,0,0,0,0,0,0
10036,0,1,0,0,0,0,0,0,0
10037,0,1,0,0,0,0,0,0,0
10038,0,1,0,0,0,0,0,0,0
10039,0,1,0,0,0,0,0,0,0
10040,0,1,0,0,0,0,0,0,0
10041,0,1,0,0,0,0,0,0,0
10042,0,1,0,0,0,0,0,0,0
10043,0,1,0,0,0,0,0,0,0
10044,0,1,0,0,0,0,0,0,0
10045,0,1,0,0,0,0,0,0,0
10046,0,1,0,0,0,0,0,0,0
10047,0,1,0,0,0,0,0,0,0
10048,0,1,0,0,0,0,0,0,0
10049,0,1,0,0,0,0,0,0,0
10050,0,1,0,0,0,0,0,0,0
10051,0,1,0,0,0,0,0,0,0
10052,0,1,0,0,0,0,0,0,0
10053,0,1,0,0,0,0,0,0,0
10054,0,1,0,0,0,0,0,0,0
10055,0,1,0,0,0,0,0,0,0
10056,0,1,0,0,0,0,0,0,0
10057,0,1,0,0,0,0,0,0,0
10058,0,1,0,0,0,0,0,0,0
10059,0,1,0,0,0,0,0,0,0
10060,0,1,0,0,0,0,0,0,0
10061,0,1,0,0,0,0,0,0,0
10062,0,1,0,0,0,0,0,0,0
10063,0,1,0,0,0,0,0,0,0
10064,0,1,0,0,0,0,0,0,0
10065,0,1,0,0,0,0,0,0,0
10066,0,1,0,0,0,0,0,0,0
10067,0,1,0,0,0,0,0,0,0
10068,0,1,0,0,0,0,0,0,0
10069,0,1,0,0,0,0,0,0,0
10070,0,1,0,0,0,0,0,0,0
10071,0,1,0,0,0,0,0,0,0
10072,0,1,0,0,0,0,0,0,0
10073,0,1,0,0,0,0,0,0,0
10074,0,1,0,0,0,0,0,0,0
10075,0,1,0,0,0,0,0,0,0
10076,0,1,0,0,0,0,0,0,0
10077,0,1,0,0,0,0,0,0,0
10078,0,1,0,0,0,0,0,0,0
10079,0,1,0,0,0,0,0,0,0
10080,0,1,0,0,0,0,0,0,0
10081,0,1,0,0,0,0,0,0,0
10082,0,1,0,0,0,0,0,0,0
10083,0,1,0,0,0,0,0,0,0
10084,0,1,0,0,0,0,0,0,0
10085,0,1,0,0,0,0,0,0,0
10086,0,1,0,0,0,0,0,0,0
10087,0,1,0,0,0,0,0,0,0
10088,0,1,0,0,0,0,0,0,0
10089,0,1,0,0,0,0,0,0,0
10090,0,1,0,0,0,0,0,0,0
10091,0,1,0,0,0,0,0,0,0
10092,0,1,0,0,0,0,0,0,0
10093,0,1,0,0,0,0,0,0,0
10094,0,1,0,0,0,0,0,0,0
10095,0,1,0,0,0,0,0,0,0
10096,0,1,0,0,0,0,0,0,0
10097,0,1,0,0,0,0,0,0,0
10098,0,1,0,0,0,0,0,0,0
10099,0,1,0,0,0,0,0,0,0
10100,0,1,0,0,0,0,0,0,0
10101,0,1,0,0,0,0,0,0,0
10102,0,1,0,0,0,0,0,0,0
10103,0,1,0,0,0,0,0,0,0
10104,0,1,0,0,0,0,0,0,0
10105,0,1,0,0,0,0,0,0,0
10106,0,1,0,0,0,0,0,0,0
10107,0,1,0,0,0,0,0,0,0
10108,0,1,0,0,0,0,0,0,0
10109,0,1,0,0,0,0,0,0,0
10110,0,1,0,0,0,0,0,0,0
10111,0,1,0,0,0,0,0,0,0
10112,0,1,0,0,0,0,0,0,0
10113,0,1,0,0,0,0,0,0,0
10114,0,1,0,0,0,0,0,0,0
10115,0,1,0,0,0,0,0,0,0
10116,0,1,0,0,0,0,0,0,0
10117,0,1,0,0,0,0,0,0,0
10118,0,1,0,0,0,0,0,0,0
10119,0,1,0,0,0,0,0,0,0
10120,0,1,0,0,0,0,0,0,0
10121,0,1,0,0,0,0,0,0,0
10122,0,1,0,0,0,0,0,0,0
10123,0,1,0,0,0,0,0,0,0
10124,0,1,0,0,0,0,0,0,0
10125,0,1,0,0,0,0,0,0,0
10126,0,1,0,0,0,0,0,0,0
10127,0,1,0,0,0,0,0,0,0
10128,0,1,0,0,0,0,0,0,0
10129,0,1,0,0,0,0,0,0,0
10130,0,1,0,0,0,0,0,0,0
10131,0,1,0,0,0,0,0,0,0
10132,0,1,0,0,0,0,0,0,0
10133,0,1,0,0,0,0,0,0,0
10134,0,1,0,0,0,0,0,0,0
10135,0,1,0,0,0,0,0,0,0
10136,0,1,0,0,0,0,0,0,0
10137,0,1,0,0,0,0,0,0,0
10138,0,1,0,0,0,0,0,0,0
10139,0,1,0,0,0,0,0,0,0
10140,0,1,0,0,0,0,0,0,0
10141,0,1,0,0,0,0,0,0,0
10142,0,1,0,0,0,0,0,0,0
10143,0,1,0,0,0,0,0,0,0
10144,0,1,0,0,0,0,0,0,0
10145,0,1,0,0,0,0,0,0,0
10146,0,1,0,0,0,0,0,0,0
10147,0,1,0,0,0,0,0,0,0
10148,0,1,0,0,0,0,0,0,0
10149,0,1,0,0,0,0,0,0,0
10150,0,1,0,0,0,0,0,0,0
10151,0,1,0,0,0,0,0,0,0
10152,0,1,0,0,0,0,0,0,0
10153,0,1,0,0,0,0,0,0,0
10154,0,1,0,0,0,0,0,0,0
10155,0,1,0,0,0,0,0,0,0
10156,0,1,0,0,0,0,0,0,0
10157,0,1,0,0,0,0,0,0,0
10158,0,1,0,0,0,0,0,0,0
10159,0,1,0,0,0,0,0,0,0
10160,0,1,0,0,0,0,0,0,0
10161,0,1,0,0,0,0,0,0,0
10162,0,1,0,0,0,0,0,0,0
10163,0,1,0,0,0,0,0,0,0
10164,0,1,0,0,0,0,0,0,0
10165,0,1,0,0,0,0,0,0,0
10166,0,1,0,0,0,0,0,0,0
10167,0,1,0,0,0,0,0,0,0
10168,0,1,0,0,0,0,0,0,0
10169,0,1,0,0,0,0,0,0,0
10170,0,1,0,0,0,0,0,0,0
10171,0,1,0,0,0,0,0,0,0
10172,0,1,0,0,0,0,0,0,0
10173,0,1,0,0,0,0,0,0,0
10174,0,1,0,0,0,0,0,0,0
10175,0,1,0,0,0,0,0,0,0
10176,0,1,0,0,0,0,0,0,0
10177,0,1,0,0,0,0,0,0,0
10178,0,1,0,0,0,0,0,0,0
10179,0,1,0,0,0,0,0,0,0
10180,0,1,0,0,0,0,0,0,0
10181,0,1,0,0,0,0,0,0,0
10182,0,1,0,0,0,0,0,0,0
10183,0,1,0,0,0,0,0,0,0
10184,0,1,0,0,0,0,0,0,0
10185,0,1,0,0,0,0,0,0,0
10186,0,1,0,0,0,0,0,0,0
10187,0,1,0,0,0,0,0,0,0
10188,0,1,0,0,0,0,0,0,0
10189,0,1,0,0,0,0,0,0,0
10190,0,1,0,0,0,0,0,0,0
10191,0,1,0,0,0,0,0,0,0
10192,0,1,0,0,0,0,0,0,0
10193,0,1,0,0,0,0,0,0,0
10194,0,1,0,0,0,0,0,0,0
10195,0,1,0,0,0,0,0,0,0
10196,0,1,0,0,0,0,0,0,0
10197,0,1,0,0,0,0,0,0,0
10198,0,1,0,0,0,0,0,0,0
10199,0,1,0,0,0,0,0,0,0
10200,0,1,0,0,0,0,0,0,0
10201,0,1,0,0,0,0,0,0,0
10202,0,1,0,0,0,0,0,0,0
10203,0,1,0,0,0,0,0,0,0
10204,0,1,0,0,0,0,0,0,0
10205,0,1,0,0,0,0,0,0,0
10206,0,1,0,0,0,0,0,0,0
10207,0,1,0,0,0,0,0,0,0
10208,0,1,0,0,0,0,0,0,0
10209,0,1,0,0,0,0,0,0,0
10210,0,1,0,0,0,0,0,0,0
10211,0,1,0,0,0,0,0,0,0
10212,0,1,0,0,0,0,0,0,0
10213,0,1,0,0,0,0,0,0,0
10214,0,1,0,0,0,0,0,0,0
10215,0,1,0,0,0,0,0,0,0
10216,0,1,0,0,0,0,0,0,0
10217,0,1,0,0,0,0,0,0,0
10218,0,1,0,0,0,0,0,0,0
10219,0,1,0,0,0,0,0,0,0
10220,0,1,0,0,0,0,0,0,0
10221,0,1,0,0,0,0,0,0,0
10222,0,1,0,0,0,0,0,0,0
10223,0,1,0,0,0,0,0,0,0
10224,0,1,0,0,0,0,0,0,0
10225,0,1,0,0,0,0,0,0,0
10226,0,1,0,0,0,0,0,0,0
10227,0,1,0,0,0,0,0,0,0
10228,0,1,0,0,0,0,0,0,0
10229,0,1,0,0,0,0,0,0,0
10230,0,1,0,0,0,0,0,0,0
10231,0,1,0,0,0,0,0,0,0
10232,0,1,0,0,0,0,0,0,0
10233,0,1,0,0,0,0,0,0,0
10234,0,1,0,0,0,0,0,0,0
10235,0,1,0,0,0,0,0,0,0
10236,0,1,0,0,0,0,0,0,0
10237,0,1,0,0,0,0,0,0,0
10238,0,1,0,0,0,0,0,0,0
10239,0,1,0,0,0,0,0,0,0
10240,0,1,0,0,0,0,0,0,0
10241,0,1,0,0,0,0,0,0,0
10242,0,1,0,0,0,0,0,0,0
10243,0,1,0,0,0,0,0,0,0
10244,0,1,0,0,0,0,0,0,0
10245,0,1,0,0,0,0,0,0,0
10246,0,1,0,0,0,0,0,0,0
10247,0,1,0,0,0,0,0,0,0
10248,0,1,0,0,0,0,0,0,0
10249,0,1,0,0,0,0,0,0,0
10250,0,1,0,0,0,0,0,0,0
10251,0,1,0,0,0,0,0,0,0
10252,0,1,0,0,0,0,0,0,0
10253,0,1,0,0,0,0,0,0,0
10254,0,1,0,0,0,0,0,0,0
10255,0,1,0,0,0,0,0,0,0
10256,0,1,0,0,0,0,0,0,0
10257,0,1,0,0,0,0,0,0,0
10258,0,1,0,0,0,0,0,0,0
10259,0,1,0,0,0,0,0,0,0
10260,0,1,0,0,0,0,0,0,0
10261,0,1,0,0,0,0,0,0,0
10262,0,1,0,0,0,0,0,0,0
10263,0,1,0,0,0,0,0,0,0
10264,0,1,0,0,0,0,0,0,0
10265,0,1,0,0,0,0,0,0,0
10266,0,1,0,0,0,0,0,0,0
10267,0,1,0,0,0,0,0,0,0
10268,0,1,0,0,0,0,0,0,0
10269,0,1,0,0,0,0,0,0,0
10270,0,1,0,0,0,0,0,0,0
10271,0,1,0,0,0,0,0,0,0
10272,0,1,0,0,0,0,0,0,0
10273,0,1,0,0,0,0,0,0,0
10274,0,1,0,0,0,0,0,0,0
10275,0,1,0,0,0,0,0,0,0
10276,0,1,0,0,0,0,0,0,0
10277,0,1,0,0,0,0,0,0,0
10278,0,1,0,0,0,0,0,0,0
10279,0,1,0,0,0,0,0,0,0
10280,0,1,0,0,0,0,0,0,0
10281,0,1,0,0,0,0,0,0,0
10282,0,1,0,0,0,0,0,0,0
10283,0,1,0,0,0,0,0,0,0
10284,0,1,0,0,0,0,0,0,0
10285,0,1,0,0,0,0,0,0,0
10286,0,1,0,0,0,0,0,0,0
10287,0,1,0,0,0,0,0,0,0
10288,0,1,0,0,0,0,0,0,0
10289,0,1,0,0,0,0,0,0,0
10290,0,1,0,0,0,0,0,0,0
10291,0,1,0,0,0,0,0,0,0
10292,0,1,0,0,0,0,0,0,0
10293,0,1,0,0,0,0,0,0,0
10294,0,1,0,0,0,0,0,0,0
10295,0,1,0,0,0,0,0,0,0
10296,0,1,0,0,0,0,0,0,0
10297,0,1,0,0,0,0,0,0,0
10298,0,1,0,0,0,0,0,0,0
10299,0,1,0,0,0,0,0,0,0
10300,0,1,0,0,0,0,0,0,0
10301,0,1,0,0,0,0,0,0,0
10302,0,1,0,0,0,0,0,0,0
10303,0,1,0,0,0,0,0,0,0
10304,0,1,0,0,0,0,0,0,0
10305,0,1,0,0,0,0,0,0,0
10306,0,1,0,0,0,0,0,0,0
10307,0,1,0,0,0,0,0,0,0
10308,0,1,0,0,0,0,0,0,0
10309,0,1,0,0,0,0,0,0,0
10310,0,1,0,0,0,0,0,0,0
10311,0,1,0,0,0,0,0,0,0
10312,0,1,0,0,0,0,0,0,0
10313,0,1,0,0,0,0,0,0,0
10314,0,1,0,0,0,0,0,0,0
10315,0,1,0,0,0,0,0,0,0
10316,0,1,0,0,0,0,0,0,0
10317,0,1,0,0,0,0,0,0,0
10318,0,1,0,0,0,0,0,0,0
10319,0,1,0,0,0,0,0,0,0
10320,0,1,0,0,0,0,0,0,0
10321,0,1,0,0,0,0,0,0,0
10322,0,1,0,0,0,0,0,0,0
10323,0,1,0,0,0,0,0,0,0
10324,0,1,0,0,0,0,0,0,0
10325,0,1,0,0,0,0,0,0,0
10326,0,1,0,0,0,0,0,0,0
10327,0,1,0,0,0,0,0,0,0
10328,0,1,0,0,0,0,0,0,0
10329,0,1,0,0,0,0,0,0,0
10330,0,1,0,0,0,0,0,0,0
10331,0,1,0,0,0,0,0,0,0
10332,0,1,0,0,0,0,0,0,0
10333,0,1,0,0,0,0,0,0,0
10334,0,1,0,0,0,0,0,0,0
10335,0,1,0,0,0,0,0,0,0
10336,0,1,0,0,0,0,0,0,0
10337,0,1,0,0,0,0,0,0,0
10338,0,1,0,0,0,0,0,0,0
10339,0,1,0,0,0,0,0,0,0
10340,0,1,0,0,0,0,0,0,0
10341,0,1,0,0,0,0,0,0,0
10342,0,1,0,0,0,0,0,0,0
10343,0,1,0,0,0,0,0,0,0
10344,0,1,0,0,0,0,0,0,0
10345,0,1,0,0,0,0,0,0,0
10346,0,1,0,0,0,0,0,0,0
10347,0,1,0,0,0,0,0,0,0
10348,0,1,0,0,0,0,0,0,0
10349,0,1,0,0,0,0,0,0,0
10350,0,1,0,0,0,0,0,0,0
10351,0,1,0,0,0,0,0,0,0
10352,0,1,0,0,0,0,0,0,0
10353,0,1,0,0,0,0,0,0,0
10354,0,1,0,0,0,0,0,0,0
10355,0,1,0,0,0,0,0,0,0
10356,0,1,0,0,0,0,0,0,0
10357,0,1,0,0,0,0,0,0,0
10358,0,1,0,0,0,0,0,0,0
10359,0,1,0,0,0,0,0,0,0
10360,0,1,0,0,0,0,0,0,0
10361,0,1,0,0,0,0,0,0,0
10362,0,1,0,0,0,0,0,0,0
10363,0,1,0,0,0,0,0,0,0
10364,0,1,0,0,0,0,0,0,0
10365,0,1,0,0,0,0,0,0,0
10366,0,1,0,0,0,0,0,0,0
10367,0,1,0,0,0,0,0,0,0
10368,0,1,0,0,0,0,0,0,0
10369,0,1,0,0,0,0,0,0,0
10370,0,1,0,0,0,0,0,0,0
10371,0,1,0,0,0,0,0,0,0
10372,0,1,0,0,0,0,0,0,0
10373,0,1,0,0,0,0,0,0,0
10374,0,1,0,0,0,0,0,0,0
10375,0,1,0,0,0,0,0,0,0
10376,0,1,0,0,0,0,0,0,0
10377,0,1,0,0,0,0,0,0,0
10378,0,1,0,0,0,0,0,0,0
10379,0,1,0,0,0,0,0,0,0
10380,0,1,0,0,0,0,0,0,0
10381,0,1,0,0,0,0,0,0,0
10382,0,1,0,0,0,0,0,0,0
10383,0,1,0,0,0,0,0,0,0
10384,0,1,0,0,0,0,0,0,0
10385,0,1,0,0,0,0,0,0,0
10386,0,1,0,0,0,0,0,0,0
10387,0,1,0,0,0,0,0,0,0
10388,0,1,0,0,0,0,0,0,0
10389,0,1,0,0,0,0,0,0,0
10390,0,1,0,0,0,0,0,0,0
10391,0,1,0,0,0,0,0,0,0
10392,0,1,0,0,0,0,0,0,0
10393,0,1,0,0,0,0,0,0,0
10394,0,1,0,0,0,0,0,0,0
10395,0,1,0,0,0,0,0,0,0
10396,0,1,0,0,0,0,0,0,0
10397,0,1,0,0,0,0,0,0,0
10398,0,1,0,0,0,0,0,0,0
10399,0,1,0,0,0,0,0,0,0
10400,0,1,0,0,0,0,0,0,0
10401,0,1,0,0,0,0,0,0,0
10402,0,1,0,0,0,0,0,0,0
10403,0,1,0,0,0,0,0,0,0
10404,0,1,0,0,0,0,0,0,0
10405,0,1,0,0,0,0,0,0,0
10406,0,1,0,0,0,0,0,0,0
10407,0,1,0,0,0,0,0,0,0
10408,0,1,0,0,0,0,0,0,0
10409,0,1,0,0,0,0,0,0,0
10410,0,1,0,0,0,0,0,0,0
10411,0,1,0,0,0,0,0,0,0
10412,0,1,0,0,0,0,0,0,0
10413,0,1,0,0,0,0,0,0,0
10414,0,1,0,0,0,0,0,0,0
10415,0,1,0,0,0,0,0,0,0
10416,0,1,0,0,0,0,0,0,0
10417,0,1,0,0,0,0,0,0,0
10418,0,1,0,0,0,0,0,0,0
10419,0,1,0,0,0,0,0,0,0
10420,0,1,0,0,0,0,0,0,0
10421,0,1,0,0,0,0,0,0,0
10422,0,1,0,0,0,0,0,0,0
10423,0,1,0,0,0,0,0,0,0
10424,0,1,0,0,0,0,0,0,0
10425,0,1,0,0,0,0,0,0,0
10426,0,1,0,0,0,0,0,0,0
10427,0,1,0,0,0,0,0,0,0
10428,0,1,0,0,0,0,0,0,0
10429,0,1,0,0,0,0,0,0,0
10430,0,1,0,0,0,0,0,0,0
10431,0,1,0,0,0,0,0,0,0
10432,0,1,0,0,0,0,0,0,0
10433,0,1,0,0,0,0,0,0,0
10434,0,1,0,0,0,0,0,0,0
10435,0,1,0,0,0,0,0,0,0
10436,0,1,0,0,0,0,0,0,0
10437,0,1,0,0,0,0,0,0,0
10438,0,1,0,0,0,0,0,0,0
10439,0,1,0,0,0,0,0,0,0
10440,0,1,0,0,0,0,0,0,0
10441,0,1,0,0,0,0,0,0,0
10442,0,1,0,0,0,0,0,0,0
10443,0,1,0,0,0,0,0,0,0
10444,0,1,0,0,0,0,0,0,0
10445,0,1,0,0,0,0,0,0,0
10446,0,1,0,0,0,0,0,0,0
10447,0,1,0,0,0,0,0,0,0
10448,0,1,0,0,0,0,0,0,0
10449,0,1,0,0,0,0,0,0,0
10450,0,1,0,0,0,0,0,0,0
10451,0,1,0,0,0,0,0,0,0
10452,0,1,0,0,0,0,0,0,0
10453,0,1,0,0,0,0,0,0,0
10454,0,1,0,0,0,0,0,0,0
10455,0,1,0,0,0,0,0,0,0
10456,0,1,0,0,0,0,0,0,0
10457,0,1,0,0,0,0,0,0,0
10458,0,1,0,0,0,0,0,0,0
10459,0,1,0,0,0,0,0,0,0
10460,0,1,0,0,0,0,0,0,0
10461,0,1,0,0,0,0,0,0,0
10462,0,1,0,0,0,0,0,0,0
10463,0,1,0,0,0,0,0,0,0
10464,0,1,0,0,0,0,0,0,0
10465,0,1,0,0,0,0,0,0,0
10466,0,1,0,0,0,0,0,0,0
10467,0,1,0,0,0,0,0,0,0
10468,0,1,0,0,0,0,0,0,0
10469,0,1,0,0,0,0,0,0,0
10470,0,1,0,0,0,0,0,0,0
10471,0,1,0,0,0,0,0,0,0
10472,0,1,0,0,0,0,0,0,0
10473,0,1,0,0,0,0,0,0,0
10474,0,1,0,0,0,0,0,0,0
10475,0,1,0,0,0,0,0,0,0
10476,0,1,0,0,0,0,0,0,0
10477,0,1,0,0,0,0,0,0,0
10478,0,1,0,0,0,0,0,0,0
10479,0,1,0,0,0,0,0,0,0
10480,0,1,0,0,0,0,0,0,0
10481,0,1,0,0,0,0,0,0,0
10482,0,1,0,0,0,0,0,0,0
10483,0,1,0,0,0,0,0,0,0
10484,0,1,0,0,0,0,0,0,0
10485,0,1,0,0,0,0,0,0,0
10486,0,1,0,0,0,0,0,0,0
10487,0,1,0,0,0,0,0,0,0
10488,0,1,0,0,0,0,0,0,0
10489,0,1,0,0,0,0,0,0,0
10490,0,1,0,0,0,0,0,0,0
10491,0,1,0,0,0,0,0,0,0
10492,0,1,0,0,0,0,0,0,0
10493,0,1,0,0,0,0,0,0,0
10494,0,1,0,0,0,0,0,0,0
10495,0,1,0,0,0,0,0,0,0
10496,0,1,0,0,0,0,0,0,0
10497,0,1,0,0,0,0,0,0,0
10498,0,1,0,0,0,0,0,0,0
10499,0,1,0,0,0,0,0,0,0
10500,0,1,0,0,0,0,0,0,0
10501,0,1,0,0,0,0,0,0,0
10502,0,1,0,0,0,0,0,0,0
10503,0,1,0,0,0,0,0,0,0
10504,0,1,0,0,0,0,0,0,0
10505,0,1,0,0,0,0,0,0,0
10506,0,1,0,0,0,0,0,0,0
10507,0,1,0,0,0,0,0,0,0
10508,0,1,0,0,0,0,0,0,0
10509,0,1,0,0,0,0,0,0,0
10510,0,1,0,0,0,0,0,0,0
10511,0,1,0,0,0,0,0,0,0
10512,0,1,0,0,0,0,0,0,0
10513,0,1,0,0,0,0,0,0,0
10514,0,1,0,0,0,0,0,0,0
10515,0,1,0,0,0,0,0,0,0
10516,0,1,0,0,0,0,0,0,0
10517,0,1,0,0,0,0,0,0,0
10518,0,1,0,0,0,0,0,0,0
10519,0,1,0,0,0,0,0,0,0
10520,0,1,0,0,0,0,0,0,0
10521,0,1,0,0,0,0,0,0,0
10522,0,1,0,0,0,0,0,0,0
10523,0,1,0,0,0,0,0,0,0
10524,0,1,0,0,0,0,0,0,0
10525,0,1,0,0,0,0,0,0,0
10526,0,1,0,0,0,0,0,0,0
10527,0,1,0,0,0,0,0,0,0
10528,0,1,0,0,0,0,0,0,0
10529,0,1,0,0,0,0,0,0,0
10530,0,1,0,0,0,0,0,0,0
10531,0,1,0,0,0,0,0,0,0
10532,0,1,0,0,0,0,0,0,0
10533,0,1,0,0,0,0,0,0,0
10534,0,1,0,0,0,0,0,0,0
10535,0,1,0,0,0,0,0,0,0
10536,0,1,0,0,0,0,0,0,0
10537,0,1,0,0,0,0,0,0,0
10538,0,1,0,0,0,0,0,0,0
10539,0,1,0,0,0,0,0,0,0
10540,0,1,0,0,0,0,0,0,0
10541,0,1,0,0,0,0,0,0,0
10542,0,1,0,0,0,0,0,0,0
10543,0,1,0,0,0,0,0,0,0
10544,0,1,0,0,0,0,0,0,0
10545,0,1,0,0,0,0,0,0,0
10546,0,1,0,0,0,0,0,0,0
10547,0,1,0,0,0,0,0,0,0
10548,0,1,0,0,0,0,0,0,0
10549,0,1,0,0,0,0,0,0,0
10550,0,1,0,0,0,0,0,0,0
10551,0,1,0,0,0,0,0,0,0
10552,0,1,0,0,0,0,0,0,0
10553,0,1,0,0,0,0,0,0,0
10554,0,1,0,0,0,0,0,0,0
10555,0,1,0,0,0,0,0,0,0
10556,0,1,0,0,0,0,0,0,0
10557,0,1,0,0,0,0,0,0,0
10558,0,1,0,0,0,0,0,0,0
10559,0,1,0,0,0,0,0,0,0
10560,0,1,0,0,0,0,0,0,0
10561,0,1,0,0,0,0,0,0,0
10562,0,1,0,0,0,0,0,0,0
10563,0,1,0,0,0,0,0,0,0
10564,0,1,0,0,0,0,0,0,0
10565,0,1,0,0,0,0,0,0,0
10566,0,1,0,0,0,0,0,0,0
10567,0,1,0,0,0,0,0,0,0
10568,0,1,0,0,0,0,0,0,0
10569,0,1,0,0,0,0,0,0,0
10570,0,1,0,0,0,0,0,0,0
10571,0,1,0,0,0,0,0,0,0
10572,0,1,0,0,0,0,0,0,0
10573,0,1,0,0,0,0,0,0,0
10574,0,1,0,0,0,0,0,0,0
10575,0,1,0,0,0,0,0,0,0
10576,0,1,0,0,0,0,0,0,0
10577,0,1,0,0,0,0,0,0,0
10578,0,1,0,0,0,0,0,0,0
10579,0,1,0,0,0,0,0,0,0
10580,0,1,0,0,0,0,0,0,0
10581,0,1,0,0,0,0,0,0,0
10582,0,1,0,0,0,0,0,0,0
10583,0,1,0,0,0,0,0,0,0
10584,0,1,0,0,0,0,0,0,0
10585,0,1,0,0,0,0,0,0,0
10586,0,1,0,0,0,0,0,0,0
10587,0,1,0,0,0,0,0,0,0
10588,0,1,0,0,0,0,0,0,0
10589,0,1,0,0,0,0,0,0,0
10590,0,1,0,0,0,0,0,0,0
10591,0,1,0,0,0,0,0,0,0
10592,0,1,0,0,0,0,0,0,0
10593,0,1,0,0,0,0,0,0,0
10594,0,1,0,0,0,0,0,0,0
10595,0,1,0,0,0,0,0,0,0
10596,0,1,0,0,0,0,0,0,0
10597,0,1,0,0,0,0,0,0,0
10598,0,1,0,0,0,0,0,0,0
10599,0,1,0,0,0,0,0,0,0
10600,0,1,0,0,0,0,0,0,0
10601,0,1,0,0,0,0,0,0,0
10602,0,1,0,0,0,0,0,0,0
10603,0,1,0,0,0,0,0,0,0
10604,0,1,0,0,0,0,0,0,0
10605,0,1,0,0,0,0,0,0,0
10606,0,1,0,0,0,0,0,0,0
10607,0,1,0,0,0,0,0,0,0
10608,0,1,0,0,0,0,0,0,0
10609,0,1,0,0,0,0,0,0,0
10610,0,1,0,0,0,0,0,0,0
10611,0,1,0,0,0,0,0,0,0
10612,0,1,0,0,0,0,0,0,0
10613,0,1,0,0,0,0,0,0,0
10614,0,1,0,0,0,0,0,0,0
10615,0,1,0,0,0,0,0,0,0
10616,0,1,0,0,0,0,0,0,0
10617,0,1,0,0,0,0,0,0,0
10618,0,1,0,0,0,0,0,0,0
10619,0,1,0,0,0,0,0,0,0
10620,0,1,0,0,0,0,0,0,0
10621,0,1,0,0,0,0,0,0,0
10622,0,1,0,0,0,0,0,0,0
10623,0,1,0,0,0,0,0,0,0
10624,0,1,0,0,0,0,0,0,0
10625,0,1,0,0,0,0,0,0,0
10626,0,1,0,0,0,0,0,0,0
10627,0,1,0,0,0,0,0,0,0
10628,0,1,0,0,0,0,0,0,0
10629,0,1,0,0,0,0,0,0,0
10630,0,1,0,0,0,0,0,0,0
10631,0,1,0,0,0,0,0,0,0
10632,0,1,0,0,0,0,0,0,0
10633,0,1,0,0,0,0,0,0,0
10634,0,1,0,0,0,0,0,0,0
10635,0,1,0,0,0,0,0,0,0
10636,0,1,0,0,0,0,0,0,0
10637,0,1,0,0,0,0,0,0,0
10638,0,1,0,0,0,0,0,0,0
10639,0,1,0,0,0,0,0,0,0
10640,0,1,0,0,0,0,0,0,0
10641,0,1,0,0,0,0,0,0,0
10642,0,1,0,0,0,0,0,0,0
10643,0,1,0,0,0,0,0,0,0
10644,0,1,0,0,0,0,0,0,0
10645,0,1,0,0,0,0,0,0,0
10646,0,1,0,0,0,0,0,0,0
10647,0,1,0,0,0,0,0,0,0
10648,0,1,0,0,0,0,0,0,0
10649,0,1,0,0,0,0,0,0,0
10650,0,1,0,0,0,0,0,0,0
10651,0,1,0,0,0,0,0,0,0
10652,0,1,0,0,0,0,0,0,0
10653,0,1,0,0,0,0,0,0,0
10654,0,1,0,0,0,0,0,0,0
10655,0,1,0,0,0,0,0,0,0
10656,0,1,0,0,0,0,0,0,0
10657,0,1,0,0,0,0,0,0,0
10658,0,1,0,0,0,0,0,0,0
10659,0,1,0,0,0,0,0,0,0
10660,0,1,0,0,0,0,0,0,0
10661,0,1,0,0,0,0,0,0,0
10662,0,1,0,0,0,0,0,0,0
10663,0,1,0,0,0,0,0,0,0
10664,0,1,0,0,0,0,0,0,0
10665,0,1,0,0,0,0,0,0,0
10666,0,1,0,0,0,0,0,0,0
10667,0,1,0,0,0,0,0,0,0
10668,0,1,0,0,0,0,0,0,0
10669,0,1,0,0,0,0,0,0,0
10670,0,1,0,0,0,0,0,0,0
10671,0,1,0,0,0,0,0,0,0
10672,0,1,0,0,0,0,0,0,0
10673,0,1,0,0,0,0,0,0,0
10674,0,1,0,0,0,0,0,0,0
10675,0,1,0,0,0,0,0,0,0
10676,0,1,0,0,0,0,0,0,0
10677,0,1,0,0,0,0,0,0,0
10678,0,1,0,0,0,0,0,0,0
10679,0,1,0,0,0,0,0,0,0
10680,0,1,0,0,0,0,0,0,0
10681,0,1,0,0,0,0,0,0,0
10682,0,1,0,0,0,0,0,0,0
10683,0,1,0,0,0,0,0,0,0
10684,0,1,0,0,0,0,0,0,0
10685,0,1,0,0,0,0,0,0,0
10686,0,1,0,0,0,0,0,0,0
10687,0,1,0,0,0,0,0,0,0
10688,0,1,0,0,0,0,0,0,0
10689,0,1,0,0,0,0,0,0,0
10690,0,1,0,0,0,0,0,0,0
10691,0,1,0,0,0,0,0,0,0
10692,0,1,0,0,0,0,0,0,0
10693,0,1,0,0,0,0,0,0,0
10694,0,1,0,0,0,0,0,0,0
10695,0,1,0,0,0,0,0,0,0
10696,0,1,0,0,0,0,0,0,0
10697,0,1,0,0,0,0,0,0,0
10698,0,1,0,0,0,0,0,0,0
10699,0,1,0,0,0,0,0,0,0
10700,0,1,0,0,0,0,0,0,0
10701,0,1,0,0,0,0,0,0,0
10702,0,1,0,0,0,0,0,0,0
10703,0,1,0,0,0,0,0,0,0
10704,0,1,0,0,0,0,0,0,0
10705,0,1,0,0,0,0,0,0,0
10706,0,1,0,0,0,0,0,0,0
10707,0,1,0,0,0,0,0,0,0
10708,0,1,0,0,0,0,0,0,0
10709,0,1,0,0,0,0,0,0,0
10710,0,1,0,0,0,0,0,0,0
10711,0,1,0,0,0,0,0,0,0
10712,0,1,0,0,0,0,0,0,0
10713,0,1,0,0,0,0,0,0,0
10714,0,1,0,0,0,0,0,0,0
10715,0,1,0,0,0,0,0,0,0
10716,0,1,0,0,0,0,0,0,0
10717,0,1,0,0,0,0,0,0,0
10718,0,1,0,0,0,0,0,0,0
10719,0,1,0,0,0,0,0,0,0
10720,0,1,0,0,0,0,0,0,0
10721,0,1,0,0,0,0,0,0,0
10722,0,1,0,0,0,0,0,0,0
10723,0,1,0,0,0,0,0,0,0
10724,0,1,0,0,0,0,0,0,0
10725,0,1,0,0,0,0,0,0,0
10726,0,1,0,0,0,0,0,0,0
10727,0,1,0,0,0,0,0,0,0
10728,0,1,0,0,0,0,0,0,0
10729,0,1,0,0,0,0,0,0,0
10730,0,1,0,0,0,0,0,0,0
10731,0,1,0,0,0,0,0,0,0
10732,0,1,0,0,0,0,0,0,0
10733,0,1,0,0,0,0,0,0,0
10734,0,1,0,0,0,0,0,0,0
10735,0,1,0,0,0,0,0,0,0
10736,0,1,0,0,0,0,0,0,0
10737,0,1,0,0,0,0,0,0,0
10738,0,1,0,0,0,0,0,0,0
10739,0,1,0,0,0,0,0,0,0
10740,0,1,0,0,0,0,0,0,0
10741,0,1,0,0,0,0,0,0,0
10742,0,1,0,0,0,0,0,0,0
10743,0,1,0,0,0,0,0,0,0
10744,0,1,0,0,0,0,0,0,0
10745,0,1,0,0,0,0,0,0,0
10746,0,1,0,0,0,0,0,0,0
10747,0,1,0,0,0,0,0,0,0
10748,0,1,0,0,0,0,0,0,0
10749,0,1,0,0,0,0,0,0,0
10750,0,1,0,0,0,0,0,0,0
10751,0,1,0,0,0,0,0,0,0
10752,0,1,0,0,0,0,0,0,0
10753,0,1,0,0,0,0,0,0,0
10754,0,1,0,0,0,0,0,0,0
10755,0,1,0,0,0,0,0,0,0
10756,0,1,0,0,0,0,0,0,0
10757,0,1,0,0,0,0,0,0,0
10758,0,1,0,0,0,0,0,0,0
10759,0,1,0,0,0,0,0,0,0
10760,0,1,0,0,0,0,0,0,0
10761,0,1,0,0,0,0,0,0,0
10762,0,1,0,0,0,0,0,0,0
10763,0,1,0,0,0,0,0,0,0
10764,0,1,0,0,0,0,0,0,0
10765,0,1,0,0,0,0,0,0,0
10766,0,1,0,0,0,0,0,0,0
10767,0,1,0,0,0,0,0,0,0
10768,0,1,0,0,0,0,0,0,0
10769,0,1,0,0,0,0,0,0,0
10770,0,1,0,0,0,0,0,0,0
10771,0,1,0,0,0,0,0,0,0
10772,0,1,0,0,0,0,0,0,0
10773,0,1,0,0,0,0,0,0,0
10774,0,1,0,0,0,0,0,0,0
10775,0,1,0,0,0,0,0,0,0
10776,0,1,0,0,0,0,0,0,0
10777,0,1,0,0,0,0,0,0,0
10778,0,1,0,0,0,0,0,0,0
10779,0,1,0,0,0,0,0,0,0
10780,0,1,0,0,0,0,0,0,0
10781,0,1,0,0,0,0,0,0,0
10782,0,1,0,0,0,0,0,0,0
10783,0,1,0,0,0,0,0,0,0
10784,0,1,0,0,0,0,0,0,0
10785,0,1,0,0,0,0,0,0,0
10786,0,1,0,0,0,0,0,0,0
10787,0,1,0,0,0,0,0,0,0
10788,0,1,0,0,0,0,0,0,0
10789,0,1,0,0,0,0,0,0,0
10790,0,1,0,0,0,0,0,0,0
10791,0,1,0,0,0,0,0,0,0
10792,0,1,0,0,0,0,0,0,0
10793,0,1,0,0,0,0,0,0,0
10794,0,1,0,0,0,0,0,0,0
10795,0,1,0,0,0,0,0,0,0
10796,0,1,0,0,0,0,0,0,0
10797,0,1,0,0,0,0,0,0,0
10798,0,1,0,0,0,0,0,0,0
10799,0,1,0,0,0,0,0,0,0
10800,0,1,0,0,0,0,0,0,0
10801,0,1,0,0,0,0,0,0,0
10802,0,1,0,0,0,0,0,0,0
10803,0,1,0,0,0,0,0,0,0
10804,0,1,0,0,0,0,0,0,0
10805,0,1,0,0,0,0,0,0,0
10806,0,1,0,0,0,0,0,0,0
10807,0,1,0,0,0,0,0,0,0
10808,0,1,0,0,0,0,0,0,0
10809,0,1,0,0,0,0,0,0,0
10810,0,1,0,0,0,0,0,0,0
10811,0,1,0,0,0,0,0,0,0
10812,0,1,0,0,0,0,0,0,0
10813,0,1,0,0,0,0,0,0,0
10814,0,1,0,0,0,0,0,0,0
10815,0,1,0,0,0,0,0,0,0
10816,0,1,0,0,0,0,0,0,0
10817,0,1,0,0,0,0,0,0,0
10818,0,1,0,0,0,0,0,0,0
10819,0,1,0,0,0,0,0,0,0
10820,0,1,0,0,0,0,0,0,0
10821,0,1,0,0,0,0,0,0,0
10822,0,1,0,0,0,0,0,0,0
10823,0,1,0,0,0,0,0,0,0
10824,0,1,0,0,0,0,0,0,0
10825,0,1,0,0,0,0,0,0,0
10826,0,1,0,0,0,0,0,0,0
10827,0,1,0,0,0,0,0,0,0
10828,0,1,0,0,0,0,0,0,0
10829,0,1,0,0,0,0,0,0,0
10830,0,1,0,0,0,0,0,0,0
10831,0,1,0,0,0,0,0,0,0
10832,0,1,0,0,0,0,0,0,0
10833,0,1,0,0,0,0,0,0,0
10834,0,1,0,0,0,0,0,0,0
10835,0,1,0,0,0,0,0,0,0
10836,0,1,0,0,0,0,0,0,0
10837,0,1,0,0,0,0,0,0,0
10838,0,1,0,0,0,0,0,0,0
10839,0,1,0,0,0,0,0,0,0
10840,0,1,0,0,0,0,0,0,0
10841,0,1,0,0,0,0,0,0,0
10842,0,1,0,0,0,0,0,0,0
10843,0,1,0,0,0,0,0,0,0
10844,0,1,0,0,0,0,0,0,0
10845,0,1,0,0,0,0,0,0,0
10846,0,1,0,0,0,0,0,0,0
10847,0,1,0,0,0,0,0,0,0
10848,0,1,0,0,0,0,0,0,0
10849,0,1,0,0,0,0,0,0,0
10850,0,1,0,0,0,0,0,0,0
10851,0,1,0,0,0,0,0,0,0
10852,0,1,0,0,0,0,0,0,0
10853,0,1,0,0,0,0,0,0,0
10854,0,1,0,0,0,0,0,0,0
10855,0,1,0,0,0,0,0,0,0
10856,0,1,0,0,0,0,0,0,0
10857,0,1,0,0,0,0,0,0,0
10858,0,1,0,0,0,0,0,0,0
10859,0,1,0,0,0,0,0,0,0
10860,0,1,0,0,0,0,0,0,0
10861,0,1,0,0,0,0,0,0,0
10862,0,1,0,0,0,0,0,0,0
10863,0,1,0,0,0,0,0,0,0
10864,0,1,0,0,0,0,0,0,0
10865,0,1,0,0,0,0,0,0,0
10866,0,1,0,0,0,0,0,0,0
10867,0,1,0,0,0,0,0,0,0
10868,0,1,0,0,0,0,0,0,0
10869,0,1,0,0,0,0,0,0,0
10870,0,1,0,0,0,0,0,0,0
10871,0,1,0,0,0,0,0,0,0
10872,0,1,0,0,0,0,0,0,0
10873,0,1,0,0,0,0,0,0,0
10874,0,1,0,0,0,0,0,0,0
10875,0,1,0,0,0,0,0,0,0
10876,0,1,0,0,0,0,0,0,0
10877,0,1,0,0,0,0,0,0,0
10878,0,1,0,0,0,0,0,0,0
10879,0,1,0,0,0,0,0,0,0
10880,0,1,0,0,0,0,0,0,0
10881,0,1,0,0,0,0,0,0,0
10882,0,1,0,0,0,0,0,0,0
10883,0,1,0,0,0,0,0,0,0
10884,0,1,0,0,0,0,0,0,0
10885,0,1,0,0,0,0,0,0,0
10886,0,1,0,0,0,0,0,0,0
10887,0,1,0,0,0,0,0,0,0
10888,0,1,0,0,0,0,0,0,0
10889,0,1,0,0,0,0,0,0,0
10890,0,1,0,0,0,0,0,0,0
10891,0,1,0,0,0,0,0,0,0
10892,0,1,0,0,0,0,0,0,0
10893,0,1,0,0,0,0,0,0,0
10894,0,1,0,0,0,0,0,0,0
10895,0,1,0,0,0,0,0,0,0
10896,0,1,0,0,0,0,0,0,0
10897,0,1,0,0,0,0,0,0,0
10898,0,1,0,0,0,0,0,0,0
10899,0,1,0,0,0,0,0,0,0
10900,0,1,0,0,0,0,0,0,0
10901,0,1,0,0,0,0,0,0,0
10902,0,1,0,0,0,0,0,0,0
10903,0,1,0,0,0,0,0,0,0
10904,0,1,0,0,0,0,0,0,0
10905,0,1,0,0,0,0,0,0,0
10906,0,1,0,0,0,0,0,0,0
10907,0,1,0,0,0,0,0,0,0
10908,0,1,0,0,0,0,0,0,0
10909,0,1,0,0,0,0,0,0,0
10910,0,1,0,0,0,0,0,0,0
10911,0,1,0,0,0,0,0,0,0
10912,0,1,0,0,0,0,0,0,0
10913,0,1,0,0,0,0,0,0,0
10914,0,1,0,0,0,0,0,0,0
10915,0,1,0,0,0,0,0,0,0
10916,0,1,0,0,0,0,0,0,0
10917,0,1,0,0,0,0,0,0,0
10918,0,1,0,0,0,0,0,0,0
10919,0,1,0,0,0,0,0,0,0
10920,0,1,0,0,0,0,0,0,0
10921,0,1,0,0,0,0,0,0,0
10922,0,1,0,0,0,0,0,0,0
10923,0,1,0,0,0,0,0,0,0
10924,0,1,0,0,0,0,0,0,0
10925,0,1,0,0,0,0,0,0,0
10926,0,1,0,0,0,0,0,0,0
10927,0,1,0,0,0,0,0,0,0
10928,0,1,0,0,0,0,0,0,0
10929,0,1,0,0,0,0,0,0,0
10930,0,1,0,0,0,0,0,0,0
10931,0,1,0,0,0,0,0,0,0
10932,0,1,0,0,0,0,0,0,0
10933,0,1,0,0,0,0,0,0,0
10934,0,1,0,0,0,0,0,0,0
10935,0,1,0,0,0,0,0,0,0
10936,0,1,0,0,0,0,0,0,0
10937,0,1,0,0,0,0,0,0,0
10938,0,1,0,0,0,0,0,0,0
10939,0,1,0,0,0,0,0,0,0
10940,0,1,0,0,0,0,0,0,0
10941,0,1,0,0,0,0,0,0,0
10942,0,1,0,0,0,0,0,0,0
10943,0,1,0,0,0,0,0,0,0
10944,0,1,0,0,0,0,0,0,0
10945,0,1,0,0,0,0,0,0,0
10946,0,1,0,0,0,0,0,0,0
10947,0,1,0,0,0,0,0,0,0
10948,0,1,0,0,0,0,0,0,0
10949,0,1,0,0,0,0,0,0,0
10950,0,1,0,0,0,0,0,0,0
10951,0,1,0,0,0,0,0,0,0
10952,0,1,0,0,0,0,0,0,0
10953,0,1,0,0,0,0,0,0,0
10954,0,1,0,0,0,0,0,0,0
10955,0,1,0,0,0,0,0,0,0
10956,0,1,0,0,0,0,0,0,0
10957,0,1,0,0,0,0,0,0,0
10958,0,1,0,0,0,0,0,0,0
10959,0,1,0,0,0,0,0,0,0
10960,0,1,0,0,0,0,0,0,0
10961,0,1,0,0,0,0,0,0,0
10962,0,1,0,0,0,0,0,0,0
10963,0,1,0,0,0,0,0,0,0
10964,0,1,0,0,0,0,0,0,0
10965,0,1,0,0,0,0,0,0,0
10966,0,1,0,0,0,0,0,0,0
10967,0,1,0,0,0,0,0,0,0
10968,0,1,0,0,0,0,0,0,0
10969,0,1,0,0,0,0,0,0,0
10970,0,1,0,0,0,0,0,0,0
10971,0,1,0,0,0,0,0,0,0
10972,0,1,0,0,0,0,0,0,0
10973,0,1,0,0,0,0,0,0,0
10974,0,1,0,0,0,0,0,0,0
10975,0,1,0,0,0,0,0,0,0
10976,0,1,0,0,0,0,0,0,0
10977,0,1,0,0,0,0,0,0,0
10978,0,1,0,0,0,0,0,0,0
10979,0,1,0,0,0,0,0,0,0
10980,0,1,0,0,0,0,0,0,0
10981,0,1,0,0,0,0,0,0,0
10982,0,1,0,0,0,0,0,0,0
10983,0,1,0,0,0,0,0,0,0
10984,0,1,0,0,0,0,0,0,0
10985,0,1,0,0,0,0,0,0,0
10986,0,1,0,0,0,0,0,0,0
10987,0,1,0,0,0,0,0,0,0
10988,0,1,0,0,0,0,0,0,0
10989,0,1,0,0,0,0,0,0,0
10990,0,1,0,0,0,0,0,0,0
10991,0,1,0,0,0,0,0,0,0
10992,0,1,0,0,0,0,0,0,0
10993,0,1,0,0,0,0,0,0,0
10994,0,1,0,0,0,0,0,0,0
10995,0,1,0,0,0,0,0,0,0
10996,0,1,0,0,0,0,0,0,0
10997,0,1,0,0,0,0,0,0,0
10998,0,1,0,0,0,0,0,0,0
10999,0,1,0,0,0,0,0,0,0
11000,0,1,0,0,0,0,0,0,0
11001,0,1,0,0,0,0,0,0,0
11002,0,1,0,0,0,0,0,0,0
11003,0,1,0,0,0,0,0,0,0
11004,0,1,0,0,0,0,0,0,0
11005,0,1,0,0,0,0,0,0,0
11006,0,1,0,0,0,0,0,0,0
11007,0,1,0,0,0,0,0,0,0
11008,0,1,0,0,0,0,0,0,0
11009,0,1,0,0,0,0,0,0,0
11010,0,1,0,0,0,0,0,0,0
11011,0,1,0,0,0,0,0,0,0
11012,0,1,0,0,0,0,0,0,0
11013,0,1,0,0,0,0,0,0,0
11014,0,1,0,0,0,0,0,0,0
11015,0,1,0,0,0,0,0,0,0
11016,0,1,0,0,0,0,0,0,0
11017,0,1,0,0,0,0,0,0,0
11018,0,1,0,0,0,0,0,0,0
11019,0,1,0,0,0,0,0,0,0
11020,0,1,0,0,0,0,0,0,0
11021,0,1,0,0,0,0,0,0,0
11022,0,1,0,0,0,0,0,0,0
11023,0,1,0,0,0,0,0,0,0
11024,0,1,0,0,0,0,0,0,0
11025,0,1,0,0,0,0,0,0,0
11026,0,1,0,0,0,0,0,0,0
11027,0,1,0,0,0,0,0,0,0
11028,0,1,0,0,0,0,0,0,0
11029,0,1,0,0,0,0,0,0,0
11030,0,1,0,0,0,0,0,0,0
11031,0,1,0,0,0,0,0,0,0
11032,0,1,0,0,0,0,0,0,0
11033,0,1,0,0,0,0,0,0,0
11034,0,1,0,0,0,0,0,0,0
11035,0,1,0,0,0,0,0,0,0
11036,0,1,0,0,0,0,0,0,0
11037,0,1,0,0,0,0,0,0,0
11038,0,1,0,0,0,0,0,0,0
11039,0,1,0,0,0,0,0,0,0
11040,0,1,0,0,0,0,0,0,0
11041,0,1,0,0,0,0,0,0,0
11042,0,1,0,0,0,0,0,0,0
11043,0,1,0,0,0,0,0,0,0
11044,0,1,0,0,0,0,0,0,0
11045,0,1,0,0,0,0,0,0,0
11046,0,1,0,0,0,0,0,0,0
11047,0,1,0,0,0,0,0,0,0
11048,0,1,0,0,0,0,0,0,0
11049,0,1,0,0,0,0,0,0,0
11050,0,1,0,0,0,0,0,0,0
11051,0,1,0,0,0,0,0,0,0
11052,0,1,0,0,0,0,0,0,0
11053,0,1,0,0,0,0,0,0,0
11054,0,1,0,0,0,0,0,0,0
11055,0,1,0,0,0,0,0,0,0
11056,0,1,0,0,0,0,0,0,0
11057,0,1,0,0,0,0,0,0,0
11058,0,1,0,0,0,0,0,0,0
11059,0,1,0,0,0,0,0,0,0
11060,0,1,0,0,0,0,0,0,0
11061,0,1,0,0,0,0,0,0,0
11062,0,1,0,0,0,0,0,0,0
11063,0,1,0,0,0,0,0,0,0
11064,0,1,0,0,0,0,0,0,0
11065,0,1,0,0,0,0,0,0,0
11066,0,1,0,0,0,0,0,0,0
11067,0,1,0,0,0,0,0,0,0
11068,0,1,0,0,0,0,0,0,0
11069,0,1,0,0,0,0,0,0,0
11070,0,1,0,0,0,0,0,0,0
11071,0,1,0,0,0,0,0,0,0
11072,0,1,0,0,0,0,0,0,0
11073,0,1,0,0,0,0,0,0,0
11074,0,1,0,0,0,0,0,0,0
11075,0,1,0,0,0,0,0,0,0
11076,0,1,0,0,0,0,0,0,0
11077,0,1,0,0,0,0,0,0,0
11078,0,1,0,0,0,0,0,0,0
11079,0,1,0,0,0,0,0,0,0
11080,0,1,0,0,0,0,0,0,0
11081,0,1,0,0,0,0,0,0,0
11082,0,1,0,0,0,0,0,0,0
11083,0,1,0,0,0,0,0,0,0
11084,0,1,0,0,0,0,0,0,0
11085,0,1,0,0,0,0,0,0,0
11086,0,1,0,0,0,0,0,0,0
11087,0,1,0,0,0,0,0,0,0
11088,0,1,0,0,0,0,0,0,0
11089,0,1,0,0,0,0,0,0,0
11090,0,1,0,0,0,0,0,0,0
11091,0,1,0,0,0,0,0,0,0
11092,0,1,0,0,0,0,0,0,0
11093,0,1,0,0,0,0,0,0,0
11094,0,1,0,0,0,0,0,0,0
11095,0,1,0,0,0,0,0,0,0
11096,0,1,0,0,0,0,0,0,0
11097,0,1,0,0,0,0,0,0,0
11098,0,1,0,0,0,0,0,0,0
11099,0,1,0,0,0,0,0,0,0
11100,0,1,0,0,0,0,0,0,0
11101,0,1,0,0,0,0,0,0,0
11102,0,1,0,0,0,0,0,0,0
11103,0,1,0,0,0,0,0,0,0
11104,0,1,0,0,0,0,0,0,0
11105,0,1,0,0,0,0,0,0,0
11106,0,1,0,0,0,0,0,0,0
11107,0,1,0,0,0,0,0,0,0
11108,0,1,0,0,0,0,0,0,0
11109,0,1,0,0,0,0,0,0,0
11110,0,1,0,0,0,0,0,0,0
11111,0,1,0,0,0,0,0,0,0
11112,0,1,0,0,0,0,0,0,0
11113,0,1,0,0,0,0,0,0,0
11114,0,1,0,0,0,0,0,0,0
11115,0,1,0,0,0,0,0,0,0
11116,0,1,0,0,0,0,0,0,0
11117,0,1,0,0,0,0,0,0,0
11118,0,1,0,0,0,0,0,0,0
11119,0,1,0,0,0,0,0,0,0
11120,0,1,0,0,0,0,0,0,0
11121,0,1,0,0,0,0,0,0,0
11122,0,1,0,0,0,0,0,0,0
11123,0,1,0,0,0,0,0,0,0
11124,0,1,0,0,0,0,0,0,0
11125,0,1,0,0,0,0,0,0,0
11126,0,1,0,0,0,0,0,0,0
11127,0,1,0,0,0,0,0,0,0
11128,0,1,0,0,0,0,0,0,0
11129,0,1,0,0,0,0,0,0,0
11130,0,1,0,0,0,0,0,0,0
11131,0,1,0,0,0,0,0,0,0
11132,0,1,0,0,0,0,0,0,0
11133,0,1,0,0,0,0,0,0,0
11134,0,1,0,0,0,0,0,0,0
11135,0,1,0,0,0,0,0,0,0
11136,0,1,0,0,0,0,0,0,0
11137,0,1,0,0,0,0,0,0,0
11138,0,1,0,0,0,0,0,0,0
11139,0,1,0,0,0,0,0,0,0
11140,0,1,0,0,0,0,0,0,0
11141,0,1,0,0,0,0,0,0,0
11142,0,1,0,0,0,0,0,0,0
11143,0,1,0,0,0,0,0,0,0
11144,0,1,0,0,0,0,0,0,0
11145,0,1,0,0,0,0,0,0,0
11146,0,1,0,0,0,0,0,0,0
11147,0,1,0,0,0,0,0,0,0
11148,0,1,0,0,0,0,0,0,0
11149,0,1,0,0,0,0,0,0,0
11150,0,1,0,0,0,0,0,0,0
11151,0,1,0,0,0,0,0,0,0
11152,0,1,0,0,0,0,0,0,0
11153,0,1,0,0,0,0,0,0,0
11154,0,1,0,0,0,0,0,0,0
11155,0,1,0,0,0,0,0,0,0
11156,0,1,0,0,0,0,0,0,0
11157,0,1,0,0,0,0,0,0,0
11158,0,1,0,0,0,0,0,0,0
11159,0,1,0,0,0,0,0,0,0
11160,0,1,0,0,0,0,0,0,0
11161,0,1,0,0,0,0,0,0,0
11162,0,1,0,0,0,0,0,0,0
11163,0,1,0,0,0,0,0,0,0
11164,0,1,0,0,0,0,0,0,0
11165,0,1,0,0,0,0,0,0,0
11166,0,1,0,0,0,0,0,0,0
11167,0,1,0,0,0,0,0,0,0
11168,0,1,0,0,0,0,0,0,0
11169,0,1,0,0,0,0,0,0,0
11170,0,1,0,0,0,0,0,0,0
11171,0,1,0,0,0,0,0,0,0
11172,0,1,0,0,0,0,0,0,0
11173,0,1,0,0,0,0,0,0,0
11174,0,1,0,0,0,0,0,0,0
11175,0,1,0,0,0,0,0,0,0
11176,0,1,0,0,0,0,0,0,0
11177,0,1,0,0,0,0,0,0,0
11178,0,1,0,0,0,0,0,0,0
11179,0,1,0,0,0,0,0,0,0
11180,0,1,0,0,0,0,0,0,0
11181,0,1,0,0,0,0,0,0,0
11182,0,1,0,0,0,0,0,0,0
11183,0,1,0,0,0,0,0,0,0
11184,0,1,0,0,0,0,0,0,0
11185,0,1,0,0,0,0,0,0,0
11186,0,1,0,0,0,0,0,0,0
11187,0,1,0,0,0,0,0,0,0
11188,0,1,0,0,0,0,0,0,0
11189,0,1,0,0,0,0,0,0,0
11190,0,1,0,0,0,0,0,0,0
11191,0,1,0,0,0,0,0,0,0
11192,0,1,0,0,0,0,0,0,0
11193,0,1,0,0,0,0,0,0,0
11194,0,1,0,0,0,0,0,0,0
11195,0,1,0,0,0,0,0,0,0
11196,0,1,0,0,0,0,0,0,0
11197,0,1,0,0,0,0,0,0,0
11198,0,1,0,0,0,0,0,0,0
11199,0,1,0,0,0,0,0,0,0
11200,0,1,0,0,0,0,0,0,0
11201,0,1,0,0,0,0,0,0,0
11202,0,1,0,0,0,0,0,0,0
11203,0,1,0,0,0,0,0,0,0
11204,0,1,0,0,0,0,0,0,0
11205,0,1,0,0,0,0,0,0,0
11206,0,1,0,0,0,0,0,0,0
11207,0,1,0,0,0,0,0,0,0
11208,0,1,0,0,0,0,0,0,0
11209,0,1,0,0,0,0,0,0,0
11210,0,1,0,0,0,0,0,0,0
11211,0,1,0,0,0,0,0,0,0
11212,0,1,0,0,0,0,0,0,0
11213,0,1,0,0,0,0,0,0,0
11214,0,1,0,0,0,0,0,0,0
11215,0,1,0,0,0,0,0,0,0
11216,0,1,0,0,0,0,0,0,0
11217,0,1,0,0,0,0,0,0,0
11218,0,1,0,0,0,0,0,0,0
11219,0,1,0,0,0,0,0,0,0
11220,0,1,0,0,0,0,0,0,0
11221,0,1,0,0,0,0,0,0,0
11222,0,1,0,0,0,0,0,0,0
11223,0,1,0,0,0,0,0,0,0
11224,0,1,0,0,0,0,0,0,0
11225,0,1,0,0,0,0,0,0,0
11226,0,1,0,0,0,0,0,0,0
11227,0,1,0,0,0,0,0,0,0
11228,0,1,0,0,0,0,0,0,0
11229,0,1,0,0,0,0,0,0,0
11230,0,1,0,0,0,0,0,0,0
11231,0,1,0,0,0,0,0,0,0
11232,0,1,0,0,0,0,0,0,0
11233,0,1,0,0,0,0,0,0,0
11234,0,1,0,0,0,0,0,0,0
11235,0,1,0,0,0,0,0,0,0
11236,0,1,0,0,0,0,0,0,0
11237,0,1,0,0,0,0,0,0,0
11238,0,1,0,0,0,0,0,0,0
11239,0,1,0,0,0,0,0,0,0
11240,0,1,0,0,0,0,0,0,0
11241,0,1,0,0,0,0,0,0,0
11242,0,1,0,0,0,0,0,0,0
11243,0,1,0,0,0,0,0,0,0
11244,0,1,0,0,0,0,0,0,0
11245,0,1,0,0,0,0,0,0,0
11246,0,1,0,0,0,0,0,0,0
11247,0,1,0,0,0,0,0,0,0
11248,0,1,0,0,0,0,0,0,0
11249,0,1,0,0,0,0,0,0,0
11250,0,1,0,0,0,0,0,0,0
11251,0,1,0,0,0,0,0,0,0
11252,0,1,0,0,0,0,0,0,0
11253,0,1,0,0,0,0,0,0,0
11254,0,1,0,0,0,0,0,0,0
11255,0,1,0,0,0,0,0,0,0
11256,0,1,0,0,0,0,0,0,0
11257,0,1,0,0,0,0,0,0,0
11258,0,1,0,0,0,0,0,0,0
11259,0,1,0,0,0,0,0,0,0
11260,0,1,0,0,0,0,0,0,0
11261,0,1,0,0,0,0,0,0,0
11262,0,1,0,0,0,0,0,0,0
11263,0,1,0,0,0,0,0,0,0
11264,0,1,0,0,0,0,0,0,0
11265,0,1,0,0,0,0,0,0,0
11266,0,1,0,0,0,0,0,0,0
11267,0,1,0,0,0,0,0,0,0
11268,0,1,0,0,0,0,0,0,0
11269,0,1,0,0,0,0,0,0,0
11270,0,1,0,0,0,0,0,0,0
11271,0,1,0,0,0,0,0,0,0
11272,0,1,0,0,0,0,0,0,0
11273,0,1,0,0,0,0,0,0,0
11274,0,1,0,0,0,0,0,0,0
11275,0,1,0,0,0,0,0,0,0
11276,0,1,0,0,0,0,0,0,0
11277,0,1,0,0,0,0,0,0,0
11278,0,1,0,0,0,0,0,0,0
11279,0,1,0,0,0,0,0,0,0
11280,0,1,0,0,0,0,0,0,0
11281,0,1,0,0,0,0,0,0,0
11282,0,1,0,0,0,0,0,0,0
11283,0,1,0,0,0,0,0,0,0
11284,0,1,0,0,0,0,0,0,0
11285,0,1,0,0,0,0,0,0,0
11286,0,1,0,0,0,0,0,0,0
11287,0,1,0,0,0,0,0,0,0
11288,0,1,0,0,0,0,0,0,0
11289,0,1,0,0,0,0,0,0,0
11290,0,1,0,0,0,0,0,0,0
11291,0,1,0,0,0,0,0,0,0
11292,0,1,0,0,0,0,0,0,0
11293,0,1,0,0,0,0,0,0,0
11294,0,1,0,0,0,0,0,0,0
11295,0,1,0,0,0,0,0,0,0
11296,0,1,0,0,0,0,0,0,0
11297,0,1,0,0,0,0,0,0,0
11298,0,1,0,0,0,0,0,0,0
11299,0,1,0,0,0,0,0,0,0
11300,0,1,0,0,0,0,0,0,0
11301,0,1,0,0,0,0,0,0,0
11302,0,1,0,0,0,0,0,0,0
11303,0,1,0,0,0,0,0,0,0
11304,0,1,0,0,0,0,0,0,0
11305,0,1,0,0,0,0,0,0,0
11306,0,1,0,0,0,0,0,0,0
11307,0,1,0,0,0,0,0,0,0
11308,0,1,0,0,0,0,0,0,0
11309,0,1,0,0,0,0,0,0,0
11310,0,1,0,0,0,0,0,0,0
11311,0,1,0,0,0,0,0,0,0
11312,0,1,0,0,0,0,0,0,0
11313,0,1,0,0,0,0,0,0,0
11314,0,1,0,0,0,0,0,0,0
11315,0,1,0,0,0,0,0,0,0
11316,0,1,0,0,0,0,0,0,0
11317,0,1,0,0,0,0,0,0,0
11318,0,1,0,0,0,0,0,0,0
11319,0,1,0,0,0,0,0,0,0
11320,0,1,0,0,0,0,0,0,0
11321,0,1,0,0,0,0,0,0,0
11322,0,1,0,0,0,0,0,0,0
11323,0,1,0,0,0,0,0,0,0
11324,0,1,0,0,0,0,0,0,0
11325,0,1,0,0,0,0,0,0,0
11326,0,1,0,0,0,0,0,0,0
11327,0,1,0,0,0,0,0,0,0
11328,0,1,0,0,0,0,0,0,0
11329,0,1,0,0,0,0,0,0,0
11330,0,1,0,0,0,0,0,0,0
11331,0,1,0,0,0,0,0,0,0
11332,0,1,0,0,0,0,0,0,0
11333,0,1,0,0,0,0,0,0,0
11334,0,1,0,0,0,0,0,0,0
11335,0,1,0,0,0,0,0,0,0
11336,0,1,0,0,0,0,0,0,0
11337,0,1,0,0,0,0,0,0,0
11338,0,1,0,0,0,0,0,0,0
11339,0,1,0,0,0,0,0,0,0
11340,0,1,0,0,0,0,0,0,0
11341,0,1,0,0,0,0,0,0,0
11342,0,1,0,0,0,0,0,0,0
11343,0,1,0,0,0,0,0,0,0
11344,0,1,0,0,0,0,0,0,0
11345,0,1,0,0,0,0,0,0,0
11346,0,1,0,0,0,0,0,0,0
11347,0,1,0,0,0,0,0,0,0
11348,0,1,0,0,0,0,0,0,0
11349,0,1,0,0,0,0,0,0,0
11350,0,1,0,0,0,0,0,0,0
11351,0,1,0,0,0,0,0,0,0
11352,0,1,0,0,0,0,0,0,0
11353,0,1,0,0,0,0,0,0,0
11354,0,1,0,0,0,0,0,0,0
11355,0,1,0,0,0,0,0,0,0
11356,0,1,0,0,0,0,0,0,0
11357,0,1,0,0,0,0,0,0,0
11358,0,1,0,0,0,0,0,0,0
11359,0,1,0,0,0,0,0,0,0
11360,0,1,0,0,0,0,0,0,0
11361,0,1,0,0,0,0,0,0,0
11362,0,1,0,0,0,0,0,0,0
11363,0,1,0,0,0,0,0,0,0
11364,0,1,0,0,0,0,0,0,0
11365,0,1,0,0,0,0,0,0,0
11366,0,1,0,0,0,0,0,0,0
11367,0,1,0,0,0,0,0,0,0
11368,0,1,0,0,0,0,0,0,0
11369,0,1,0,0,0,0,0,0,0
11370,0,1,0,0,0,0,0,0,0
11371,0,1,0,0,0,0,0,0,0
11372,0,1,0,0,0,0,0,0,0
11373,0,1,0,0,0,0,0,0,0
11374,0,1,0,0,0,0,0,0,0
11375,0,1,0,0,0,0,0,0,0
11376,0,1,0,0,0,0,0,0,0
11377,0,1,0,0,0,0,0,0,0
11378,0,1,0,0,0,0,0,0,0
11379,0,1,0,0,0,0,0,0,0
11380,0,1,0,0,0,0,0,0,0
11381,0,1,0,0,0,0,0,0,0
11382,0,1,0,0,0,0,0,0,0
11383,0,1,0,0,0,0,0,0,0
11384,0,1,0,0,0,0,0,0,0
11385,0,1,0,0,0,0,0,0,0
11386,0,1,0,0,0,0,0,0,0
11387,0,1,0,0,0,0,0,0,0
11388,0,1,0,0,0,0,0,0,0
11389,0,1,0,0,0,0,0,0,0
11390,0,1,0,0,0,0,0,0,0
11391,0,1,0,0,0,0,0,0,0
11392,0,1,0,0,0,0,0,0,0
11393,0,1,0,0,0,0,0,0,0
11394,0,1,0,0,0,0,0,0,0
11395,0,1,0,0,0,0,0,0,0
11396,0,1,0,0,0,0,0,0,0
11397,0,1,0,0,0,0,0,0,0
11398,0,1,0,0,0,0,0,0,0
11399,0,1,0,0,0,0,0,0,0
11400,0,1,0,0,0,0,0,0,0
11401,0,1,0,0,0,0,0,0,0
11402,0,1,0,0,0,0,0,0,0
11403,0,1,0,0,0,0,0,0,0
11404,0,1,0,0,0,0,0,0,0
11405,0,1,0,0,0,0,0,0,0
11406,0,1,0,0,0,0,0,0,0
11407,0,1,0,0,0,0,0,0,0
11408,0,1,0,0,0,0,0,0,0
11409,0,1,0,0,0,0,0,0,0
11410,0,1,0,0,0,0,0,0,0
11411,0,1,0,0,0,0,0,0,0
11412,0,1,0,0,0,0,0,0,0
11413,0,1,0,0,0,0,0,0,0
11414,0,1,0,0,0,0,0,0,0
11415,0,1,0,0,0,0,0,0,0
11416,0,1,0,0,0,0,0,0,0
11417,0,1,0,0,0,0,0,0,0
11418,0,1,0,0,0,0,0,0,0
11419,0,1,0,0,0,0,0,0,0
11420,0,1,0,0,0,0,0,0,0
11421,0,1,0,0,0,0,0,0,0
11422,0,1,0,0,0,0,0,0,0
11423,0,1,0,0,0,0,0,0,0
11424,0,1,0,0,0,0,0,0,0
11425,0,1,0,0,0,0,0,0,0
11426,0,1,0,0,0,0,0,0,0
11427,0,1,0,0,0,0,0,0,0
11428,0,1,0,0,0,0,0,0,0
11429,0,1,0,0,0,0,0,0,0
11430,0,1,0,0,0,0,0,0,0
11431,0,1,0,0,0,0,0,0,0
11432,0,1,0,0,0,0,0,0,0
11433,0,1,0,0,0,0,0,0,0
11434,0,1,0,0,0,0,0,0,0
11435,0,1,0,0,0,0,0,0,0
11436,0,1,0,0,0,0,0,0,0
11437,0,1,0,0,0,0,0,0,0
11438,0,1,0,0,0,0,0,0,0
11439,0,1,0,0,0,0,0,0,0
11440,0,1,0,0,0,0,0,0,0
11441,0,1,0,0,0,0,0,0,0
11442,0,1,0,0,0,0,0,0,0
11443,0,1,0,0,0,0,0,0,0
11444,0,1,0,0,0,0,0,0,0
11445,0,1,0,0,0,0,0,0,0
11446,0,1,0,0,0,0,0,0,0
11447,0,1,0,0,0,0,0,0,0
11448,0,1,0,0,0,0,0,0,0
11449,0,1,0,0,0,0,0,0,0
11450,0,1,0,0,0,0,0,0,0
11451,0,1,0,0,0,0,0,0,0
11452,0,1,0,0,0,0,0,0,0
11453,0,1,0,0,0,0,0,0,0
11454,0,1,0,0,0,0,0,0,0
11455,0,1,0,0,0,0,0,0,0
11456,0,1,0,0,0,0,0,0,0
11457,0,1,0,0,0,0,0,0,0
11458,0,1,0,0,0,0,0,0,0
11459,0,1,0,0,0,0,0,0,0
11460,0,1,0,0,0,0,0,0,0
11461,0,1,0,0,0,0,0,0,0
11462,0,1,0,0,0,0,0,0,0
11463,0,1,0,0,0,0,0,0,0
11464,0,1,0,0,0,0,0,0,0
11465,0,1,0,0,0,0,0,0,0
11466,0,1,0,0,0,0,0,0,0
11467,0,1,0,0,0,0,0,0,0
11468,0,1,0,0,0,0,0,0,0
11469,0,1,0,0,0,0,0,0,0
11470,0,1,0,0,0,0,0,0,0
11471,0,1,0,0,0,0,0,0,0
11472,0,1,0,0,0,0,0,0,0
11473,0,1,0,0,0,0,0,0,0
11474,0,1,0,0,0,0,0,0,0
11475,0,1,0,0,0,0,0,0,0
11476,0,1,0,0,0,0,0,0,0
11477,0,1,0,0,0,0,0,0,0
11478,0,1,0,0,0,0,0,0,0
11479,0,1,0,0,0,0,0,0,0
11480,0,1,0,0,0,0,0,0,0
11481,0,1,0,0,0,0,0,0,0
11482,0,1,0,0,0,0,0,0,0
11483,0,1,0,0,0,0,0,0,0
11484,0,1,0,0,0,0,0,0,0
11485,0,1,0,0,0,0,0,0,0
11486,0,1,0,0,0,0,0,0,0
11487,0,1,0,0,0,0,0,0,0
11488,0,1,0,0,0,0,0,0,0
11489,0,1,0,0,0,0,0,0,0
11490,0,1,0,0,0,0,0,0,0
11491,0,1,0,0,0,0,0,0,0
11492,0,1,0,0,0,0,0,0,0
11493,0,1,0,0,0,0,0,0,0
11494,0,1,0,0,0,0,0,0,0
11495,0,1,0,0,0,0,0,0,0
11496,0,1,0,0,0,0,0,0,0
11497,0,1,0,0,0,0,0,0,0
11498,0,1,0,0,0,0,0,0,0
11499,0,1,0,0,0,0,0,0,0
11500,0,1,0,0,0,0,0,0,0
11501,0,1,0,0,0,0,0,0,0
11502,0,1,0,0,0,0,0,0,0
11503,0,1,0,0,0,0,0,0,0
11504,0,1,0,0,0,0,0,0,0
11505,0,1,0,0,0,0,0,0,0
11506,0,1,0,0,0,0,0,0,0
11507,0,1,0,0,0,0,0,0,0
11508,0,1,0,0,0,0,0,0,0
11509,0,1,0,0,0,0,0,0,0
11510,0,1,0,0,0,0,0,0,0
11511,0,1,0,0,0,0,0,0,0
11512,0,1,0,0,0,0,0,0,0
11513,0,1,0,0,0,0,0,0,0
11514,0,1,0,0,0,0,0,0,0
11515,0,1,0,0,0,0,0,0,0
11516,0,1,0,0,0,0,0,0,0
11517,0,1,0,0,0,0,0,0,0
11518,0,1,0,0,0,0,0,0,0
11519,0,1,0,0,0,0,0,0,0
11520,0,1,0,0,0,0,0,0,0
11521,0,1,0,0,0,0,0,0,0
11522,0,1,0,0,0,0,0,0,0
11523,0,1,0,0,0,0,0,0,0
11524,0,1,0,0,0,0,0,0,0
11525,0,1,0,0,0,0,0,0,0
11526,0,1,0,0,0,0,0,0,0
11527,0,1,0,0,0,0,0,0,0
11528,0,1,0,0,0,0,0,0,0
11529,0,1,0,0,0,0,0,0,0
11530,0,1,0,0,0,0,0,0,0
11531,0,1,0,0,0,0,0,0,0
11532,0,1,0,0,0,0,0,0,0
11533,0,1,0,0,0,0,0,0,0
11534,0,1,0,0,0,0,0,0,0
11535,0,1,0,0,0,0,0,0,0
11536,0,1,0,0,0,0,0,0,0
11537,0,1,0,0,0,0,0,0,0
11538,0,1,0,0,0,0,0,0,0
11539,0,1,0,0,0,0,0,0,0
11540,0,1,0,0,0,0,0,0,0
11541,0,1,0,0,0,0,0,0,0
11542,0,1,0,0,0,0,0,0,0
11543,0,1,0,0,0,0,0,0,0
11544,0,1,0,0,0,0,0,0,0
11545,0,1,0,0,0,0,0,0,0
11546,0,1,0,0,0,0,0,0,0
11547,0,1,0,0,0,0,0,0,0
11548,0,1,0,0,0,0,0,0,0
11549,0,1,0,0,0,0,0,0,0
11550,0,1,0,0,0,0,0,0,0
11551,0,1,0,0,0,0,0,0,0
11552,0,1,0,0,0,0,0,0,0
11553,0,1,0,0,0,0,0,0,0
11554,0,1,0,0,0,0,0,0,0
11555,0,1,0,0,0,0,0,0,0
11556,0,1,0,0,0,0,0,0,0
11557,0,1,0,0,0,0,0,0,0
11558,0,1,0,0,0,0,0,0,0
11559,0,1,0,0,0,0,0,0,0
11560,0,1,0,0,0,0,0,0,0
11561,0,1,0,0,0,0,0,0,0
11562,0,1,0,0,0,0,0,0,0
11563,0,1,0,0,0,0,0,0,0
11564,0,1,0,0,0,0,0,0,0
11565,0,1,0,0,0,0,0,0,0
11566,0,1,0,0,0,0,0,0,0
11567,0,1,0,0,0,0,0,0,0
11568,0,1,0,0,0,0,0,0,0
11569,0,1,0,0,0,0,0,0,0
11570,0,1,0,0,0,0,0,0,0
11571,0,1,0,0,0,0,0,0,0
11572,0,1,0,0,0,0,0,0,0
11573,0,1,0,0,0,0,0,0,0
11574,0,1,0,0,0,0,0,0,0
11575,0,1,0,0,0,0,0,0,0
11576,0,1,0,0,0,0,0,0,0
11577,0,1,0,0,0,0,0,0,0
11578,0,1,0,0,0,0,0,0,0
11579,0,1,0,0,0,0,0,0,0
11580,0,1,0,0,0,0,0,0,0
11581,0,1,0,0,0,0,0,0,0
11582,0,1,0,0,0,0,0,0,0
11583,0,1,0,0,0,0,0,0,0
11584,0,1,0,0,0,0,0,0,0
11585,0,1,0,0,0,0,0,0,0
11586,0,1,0,0,0,0,0,0,0
11587,0,1,0,0,0,0,0,0,0
11588,0,1,0,0,0,0,0,0,0
11589,0,1,0,0,0,0,0,0,0
11590,0,1,0,0,0,0,0,0,0
11591,0,1,0,0,0,0,0,0,0
11592,0,1,0,0,0,0,0,0,0
11593,0,1,0,0,0,0,0,0,0
11594,0,1,0,0,0,0,0,0,0
11595,0,1,0,0,0,0,0,0,0
11596,0,1,0,0,0,0,0,0,0
11597,0,1,0,0,0,0,0,0,0
11598,0,1,0,0,0,0,0,0,0
11599,0,1,0,0,0,0,0,0,0
11600,0,1,0,0,0,0,0,0,0
11601,0,1,0,0,0,0,0,0,0
11602,0,1,0,0,0,0,0,0,0
11603,0,1,0,0,0,0,0,0,0
11604,0,1,0,0,0,0,0,0,0
11605,0,1,0,0,0,0,0,0,0
11606,0,1,0,0,0,0,0,0,0
11607,0,1,0,0,0,0,0,0,0
11608,0,1,0,0,0,0,0,0,0
11609,0,1,0,0,0,0,0,0,0
11610,0,1,0,0,0,0,0,0,0
11611,0,1,0,0,0,0,0,0,0
11612,0,1,0,0,0,0,0,0,0
11613,0,1,0,0,0,0,0,0,0
11614,0,1,0,0,0,0,0,0,0
11615,0,1,0,0,0,0,0,0,0
11616,0,1,0,0,0,0,0,0,0
11617,0,1,0,0,0,0,0,0,0
11618,0,1,0,0,0,0,0,0,0
11619,0,1,0,0,0,0,0,0,0
11620,0,1,0,0,0,0,0,0,0
11621,0,1,0,0,0,0,0,0,0
11622,0,1,0,0,0,0,0,0,0
11623,0,1,0,0,0,0,0,0,0
11624,0,1,0,0,0,0,0,0,0
11625,0,1,0,0,0,0,0,0,0
11626,0,1,0,0,0,0,0,0,0
11627,0,1,0,0,0,0,0,0,0
11628,0,1,0,0,0,0,0,0,0
11629,0,1,0,0,0,0,0,0,0
11630,0,1,0,0,0,0,0,0,0
11631,0,1,0,0,0,0,0,0,0
11632,0,1,0,0,0,0,0,0,0
11633,0,1,0,0,0,0,0,0,0
11634,0,1,0,0,0,0,0,0,0
11635,0,1,0,0,0,0,0,0,0
11636,0,1,0,0,0,0,0,0,0
11637,0,1,0,0,0,0,0,0,0
11638,0,1,0,0,0,0,0,0,0
11639,0,1,0,0,0,0,0,0,0
11640,0,1,0,0,0,0,0,0,0
11641,0,1,0,0,0,0,0,0,0
11642,0,1,0,0,0,0,0,0,0
11643,0,1,0,0,0,0,0,0,0
11644,0,1,0,0,0,0,0,0,0
11645,0,1,0,0,0,0,0,0,0
11646,0,1,0,0,0,0,0,0,0
11647,0,1,0,0,0,0,0,0,0
11648,0,1,0,0,0,0,0,0,0
11649,0,1,0,0,0,0,0,0,0
11650,0,1,0,0,0,0,0,0,0
11651,0,1,0,0,0,0,0,0,0
11652,0,1,0,0,0,0,0,0,0
11653,0,1,0,0,0,0,0,0,0
11654,0,1,0,0,0,0,0,0,0
11655,0,1,0,0,0,0,0,0,0
11656,0,1,0,0,0,0,0,0,0
11657,0,1,0,0,0,0,0,0,0
11658,0,1,0,0,0,0,0,0,0
11659,0,1,0,0,0,0,0,0,0
11660,0,1,0,0,0,0,0,0,0
11661,0,1,0,0,0,0,0,0,0
11662,0,1,0,0,0,0,0,0,0
11663,0,1,0,0,0,0,0,0,0
11664,0,1,0,0,0,0,0,0,0
11665,0,1,0,0,0,0,0,0,0
11666,0,1,0,0,0,0,0,0,0
11667,0,1,0,0,0,0,0,0,0
11668,0,1,0,0,0,0,0,0,0
11669,0,1,0,0,0,0,0,0,0
11670,0,1,0,0,0,0,0,0,0
11671,0,1,0,0,0,0,0,0,0
11672,0,1,0,0,0,0,0,0,0
11673,0,1,0,0,0,0,0,0,0
11674,0,1,0,0,0,0,0,0,0
11675,0,1,0,0,0,0,0,0,0
11676,0,1,0,0,0,0,0,0,0
11677,0,1,0,0,0,0,0,0,0
11678,0,1,0,0,0,0,0,0,0
11679,0,1,0,0,0,0,0,0,0
11680,0,1,0,0,0,0,0,0,0
11681,0,1,0,0,0,0,0,0,0
11682,0,1,0,0,0,0,0,0,0
11683,0,1,0,0,0,0,0,0,0
11684,0,1,0,0,0,0,0,0,0
11685,0,1,0,0,0,0,0,0,0
11686,0,1,0,0,0,0,0,0,0
11687,0,1,0,0,0,0,0,0,0
11688,0,1,0,0,0,0,0,0,0
11689,0,1,0,0,0,0,0,0,0
11690,0,1,0,0,0,0,0,0,0
11691,0,1,0,0,0,0,0,0,0
11692,0,1,0,0,0,0,0,0,0
11693,0,1,0,0,0,0,0,0,0
11694,0,1,0,0,0,0,0,0,0
11695,0,1,0,0,0,0,0,0,0
11696,0,1,0,0,0,0,0,0,0
11697,0,1,0,0,0,0,0,0,0
11698,0,1,0,0,0,0,0,0,0
11699,0,1,0,0,0,0,0,0,0
11700,0,1,0,0,0,0,0,0,0
11701,0,1,0,0,0,0,0,0,0
11702,0,1,0,0,0,0,0,0,0
11703,0,1,0,0,0,0,0,0,0
11704,0,1,0,0,0,0,0,0,0
11705,0,1,0,0,0,0,0,0,0
11706,0,1,0,0,0,0,0,0,0
11707,0,1,0,0,0,0,0,0,0
11708,0,1,0,0,0,0,0,0,0
11709,0,1,0,0,0,0,0,0,0
11710,0,1,0,0,0,0,0,0,0
11711,0,1,0,0,0,0,0,0,0
11712,0,1,0,0,0,0,0,0,0
11713,0,1,0,0,0,0,0,0,0
11714,0,1,0,0,0,0,0,0,0
11715,0,1,0,0,0,0,0,0,0
11716,0,1,0,0,0,0,0,0,0
11717,0,1,0,0,0,0,0,0,0
11718,0,1,0,0,0,0,0,0,0
11719,0,1,0,0,0,0,0,0,0
11720,0,1,0,0,0,0,0,0,0
11721,0,1,0,0,0,0,0,0,0
11722,0,1,0,0,0,0,0,0,0
11723,0,1,0,0,0,0,0,0,0
11724,0,1,0,0,0,0,0,0,0
11725,0,1,0,0,0,0,0,0,0
11726,0,1,0,0,0,0,0,0,0
11727,0,1,0,0,0,0,0,0,0
11728,0,1,0,0,0,0,0,0,0
11729,0,1,0,0,0,0,0,0,0
11730,0,1,0,0,0,0,0,0,0
11731,0,1,0,0,0,0,0,0,0
11732,0,1,0,0,0,0,0,0,0
11733,0,1,0,0,0,0,0,0,0
11734,0,1,0,0,0,0,0,0,0
11735,0,1,0,0,0,0,0,0,0
11736,0,1,0,0,0,0,0,0,0
11737,0,1,0,0,0,0,0,0,0
11738,0,1,0,0,0,0,0,0,0
11739,0,1,0,0,0,0,0,0,0
11740,0,1,0,0,0,0,0,0,0
11741,0,1,0,0,0,0,0,0,0
11742,0,1,0,0,0,0,0,0,0
11743,0,1,0,0,0,0,0,0,0
11744,0,1,0,0,0,0,0,0,0
11745,0,1,0,0,0,0,0,0,0
11746,0,1,0,0,0,0,0,0,0
11747,0,1,0,0,0,0,0,0,0
11748,0,1,0,0,0,0,0,0,0
11749,0,1,0,0,0,0,0,0,0
11750,0,1,0,0,0,0,0,0,0
11751,0,1,0,0,0,0,0,0,0
11752,0,1,0,0,0,0,0,0,0
11753,0,1,0,0,0,0,0,0,0
11754,0,1,0,0,0,0,0,0,0
11755,0,1,0,0,0,0,0,0,0
11756,0,1,0,0,0,0,0,0,0
11757,0,1,0,0,0,0,0,0,0
11758,0,1,0,0,0,0,0,0,0
11759,0,1,0,0,0,0,0,0,0
11760,0,1,0,0,0,0,0,0,0
11761,0,1,0,0,0,0,0,0,0
11762,0,1,0,0,0,0,0,0,0
11763,0,1,0,0,0,0,0,0,0
11764,0,1,0,0,0,0,0,0,0
11765,0,1,0,0,0,0,0,0,0
11766,0,1,0,0,0,0,0,0,0
11767,0,1,0,0,0,0,0,0,0
11768,0,1,0,0,0,0,0,0,0
11769,0,1,0,0,0,0,0,0,0
11770,0,1,0,0,0,0,0,0,0
11771,0,1,0,0,0,0,0,0,0
11772,0,1,0,0,0,0,0,0,0
11773,0,1,0,0,0,0,0,0,0
11774,0,1,0,0,0,0,0,0,0
11775,0,1,0,0,0,0,0,0,0
11776,0,1,0,0,0,0,0,0,0
11777,0,1,0,0,0,0,0,0,0
11778,0,1,0,0,0,0,0,0,0
11779,0,1,0,0,0,0,0,0,0
11780,0,1,0,0,0,0,0,0,0
11781,0,1,0,0,0,0,0,0,0
11782,0,1,0,0,0,0,0,0,0
11783,0,1,0,0,0,0,0,0,0
11784,0,1,0,0,0,0,0,0,0
11785,0,1,0,0,0,0,0,0,0
11786,0,1,0,0,0,0,0,0,0
11787,0,1,0,0,0,0,0,0,0
11788,0,1,0,0,0,0,0,0,0
11789,0,1,0,0,0,0,0,0,0
11790,0,1,0,0,0,0,0,0,0
11791,0,1,0,0,0,0,0,0,0
11792,0,1,0,0,0,0,0,0,0
11793,0,1,0,0,0,0,0,0,0
11794,0,1,0,0,0,0,0,0,0
11795,0,1,0,0,0,0,0,0,0
11796,0,1,0,0,0,0,0,0,0
11797,0,1,0,0,0,0,0,0,0
11798,0,1,0,0,0,0,0,0,0
11799,0,1,0,0,0,0,0,0,0
11800,0,1,0,0,0,0,0,0,0
11801,0,1,0,0,0,0,0,0,0
11802,0,1,0,0,0,0,0,0,0
11803,0,1,0,0,0,0,0,0,0
11804,0,1,0,0,0,0,0,0,0
11805,0,1,0,0,0,0,0,0,0
11806,0,1,0,0,0,0,0,0,0
11807,0,1,0,0,0,0,0,0,0
11808,0,1,0,0,0,0,0,0,0
11809,0,1,0,0,0,0,0,0,0
11810,0,1,0,0,0,0,0,0,0
11811,0,1,0,0,0,0,0,0,0
11812,0,1,0,0,0,0,0,0,0
11813,0,1,0,0,0,0,0,0,0
11814,0,1,0,0,0,0,0,0,0
11815,0,1,0,0,0,0,0,0,0
11816,0,1,0,0,0,0,0,0,0
11817,0,1,0,0,0,0,0,0,0
11818,0,1,0,0,0,0,0,0,0
11819,0,1,0,0,0,0,0,0,0
11820,0,1,0,0,0,0,0,0,0
11821,0,1,0,0,0,0,0,0,0
11822,0,1,0,0,0,0,0,0,0
11823,0,1,0,0,0,0,0,0,0
11824,0,1,0,0,0,0,0,0,0
11825,0,1,0,0,0,0,0,0,0
11826,0,1,0,0,0,0,0,0,0
11827,0,1,0,0,0,0,0,0,0
11828,0,1,0,0,0,0,0,0,0
11829,0,1,0,0,0,0,0,0,0
11830,0,1,0,0,0,0,0,0,0
11831,0,1,0,0,0,0,0,0,0
11832,0,1,0,0,0,0,0,0,0
11833,0,1,0,0,0,0,0,0,0
11834,0,1,0,0,0,0,0,0,0
11835,0,1,0,0,0,0,0,0,0
11836,0,1,0,0,0,0,0,0,0
11837,0,1,0,0,0,0,0,0,0
11838,0,1,0,0,0,0,0,0,0
11839,0,1,0,0,0,0,0,0,0
11840,0,1,0,0,0,0,0,0,0
11841,0,1,0,0,0,0,0,0,0
11842,0,1,0,0,0,0,0,0,0
11843,0,1,0,0,0,0,0,0,0
11844,0,1,0,0,0,0,0,0,0
11845,0,1,0,0,0,0,0,0,0
11846,0,1,0,0,0,0,0,0,0
11847,0,1,0,0,0,0,0,0,0
11848,0,1,0,0,0,0,0,0,0
11849,0,1,0,0,0,0,0,0,0
11850,0,1,0,0,0,0,0,0,0
11851,0,1,0,0,0,0,0,0,0
11852,0,1,0,0,0,0,0,0,0
11853,0,1,0,0,0,0,0,0,0
11854,0,1,0,0,0,0,0,0,0
11855,0,1,0,0,0,0,0,0,0
11856,0,1,0,0,0,0,0,0,0
11857,0,1,0,0,0,0,0,0,0
11858,0,1,0,0,0,0,0,0,0
11859,0,1,0,0,0,0,0,0,0
11860,0,1,0,0,0,0,0,0,0
11861,0,1,0,0,0,0,0,0,0
11862,0,1,0,0,0,0,0,0,0
11863,0,1,0,0,0,0,0,0,0
11864,0,1,0,0,0,0,0,0,0
11865,0,1,0,0,0,0,0,0,0
11866,0,1,0,0,0,0,0,0,0
11867,0,1,0,0,0,0,0,0,0
11868,0,1,0,0,0,0,0,0,0
11869,0,1,0,0,0,0,0,0,0
11870,0,1,0,0,0,0,0,0,0
11871,0,1,0,0,0,0,0,0,0
11872,0,1,0,0,0,0,0,0,0
11873,0,1,0,0,0,0,0,0,0
11874,0,1,0,0,0,0,0,0,0
11875,0,1,0,0,0,0,0,0,0
11876,0,1,0,0,0,0,0,0,0
11877,0,1,0,0,0,0,0,0,0
11878,0,1,0,0,0,0,0,0,0
11879,0,1,0,0,0,0,0,0,0
11880,0,1,0,0,0,0,0,0,0
11881,0,1,0,0,0,0,0,0,0
11882,0,1,0,0,0,0,0,0,0
11883,0,1,0,0,0,0,0,0,0
11884,0,1,0,0,0,0,0,0,0
11885,0,1,0,0,0,0,0,0,0
11886,0,1,0,0,0,0,0,0,0
11887,0,1,0,0,0,0,0,0,0
11888,0,1,0,0,0,0,0,0,0
11889,0,1,0,0,0,0,0,0,0
11890,0,1,0,0,0,0,0,0,0
11891,0,1,0,0,0,0,0,0,0
11892,0,1,0,0,0,0,0,0,0
11893,0,1,0,0,0,0,0,0,0
11894,0,1,0,0,0,0,0,0,0
11895,0,1,0,0,0,0,0,0,0
11896,0,1,0,0,0,0,0,0,0
11897,0,1,0,0,0,0,0,0,0
11898,0,1,0,0,0,0,0,0,0
11899,0,1,0,0,0,0,0,0,0
11900,0,1,0,0,0,0,0,0,0
11901,0,1,0,0,0,0,0,0,0
11902,0,1,0,0,0,0,0,0,0
11903,0,1,0,0,0,0,0,0,0
11904,0,1,0,0,0,0,0,0,0
11905,0,1,0,0,0,0,0,0,0
11906,0,1,0,0,0,0,0,0,0
11907,0,1,0,0,0,0,0,0,0
11908,0,1,0,0,0,0,0,0,0
11909,0,1,0,0,0,0,0,0,0
11910,0,1,0,0,0,0,0,0,0
11911,0,1,0,0,0,0,0,0,0
11912,0,1,0,0,0,0,0,0,0
11913,0,1,0,0,0,0,0,0,0
11914,0,1,0,0,0,0,0,0,0
11915,0,1,0,0,0,0,0,0,0
11916,0,1,0,0,0,0,0,0,0
11917,0,1,0,0,0,0,0,0,0
11918,0,1,0,0,0,0,0,0,0
11919,0,1,0,0,0,0,0,0,0
11920,0,1,0,0,0,0,0,0,0
11921,0,1,0,0,0,0,0,0,0
11922,0,1,0,0,0,0,0,0,0
11923,0,1,0,0,0,0,0,0,0
11924,0,1,0,0,0,0,0,0,0
11925,0,1,0,0,0,0,0,0,0
11926,0,1,0,0,0,0,0,0,0
11927,0,1,0,0,0,0,0,0,0
11928,0,1,0,0,0,0,0,0,0
11929,0,1,0,0,0,0,0,0,0
11930,0,1,0,0,0,0,0,0,0
11931,0,1,0,0,0,0,0,0,0
11932,0,1,0,0,0,0,0,0,0
11933,0,1,0,0,0,0,0,0,0
11934,0,1,0,0,0,0,0,0,0
11935,0,1,0,0,0,0,0,0,0
11936,0,1,0,0,0,0,0,0,0
11937,0,1,0,0,0,0,0,0,0
11938,0,1,0,0,0,0,0,0,0
11939,0,1,0,0,0,0,0,0,0
11940,0,1,0,0,0,0,0,0,0
11941,0,1,0,0,0,0,0,0,0
11942,0,1,0,0,0,0,0,0,0
11943,0,1,0,0,0,0,0,0,0
11944,0,1,0,0,0,0,0,0,0
11945,0,1,0,0,0,0,0,0,0
11946,0,1,0,0,0,0,0,0,0
11947,0,1,0,0,0,0,0,0,0
11948,0,1,0,0,0,0,0,0,0
11949,0,1,0,0,0,0,0,0,0
11950,0,1,0,0,0,0,0,0,0
11951,0,1,0,0,0,0,0,0,0
11952,0,1,0,0,0,0,0,0,0
11953,0,1,0,0,0,0,0,0,0
11954,0,1,0,0,0,0,0,0,0
11955,0,1,0,0,0,0,0,0,0
11956,0,1,0,0,0,0,0,0,0
11957,0,1,0,0,0,0,0,0,0
11958,0,1,0,0,0,0,0,0,0
11959,0,1,0,0,0,0,0,0,0
11960,0,1,0,0,0,0,0,0,0
11961,0,1,0,0,0,0,0,0,0
11962,0,1,0,0,0,0,0,0,0
11963,0,1,0,0,0,0,0,0,0
11964,0,1,0,0,0,0,0,0,0
11965,0,1,0,0,0,0,0,0,0
11966,0,1,0,0,0,0,0,0,0
11967,0,1,0,0,0,0,0,0,0
11968,0,1,0,0,0,0,0,0,0
11969,0,1,0,0,0,0,0,0,0
11970,0,1,0,0,0,0,0,0,0
11971,0,1,0,0,0,0,0,0,0
11972,0,1,0,0,0,0,0,0,0
11973,0,1,0,0,0,0,0,0,0
11974,0,1,0,0,0,0,0,0,0
11975,0,1,0,0,0,0,0,0,0
11976,0,1,0,0,0,0,0,0,0
11977,0,1,0,0,0,0,0,0,0
11978,0,1,0,0,0,0,0,0,0
11979,0,1,0,0,0,0,0,0,0
11980,0,1,0,0,0,0,0,0,0
11981,0,1,0,0,0,0,0,0,0
11982,0,1,0,0,0,0,0,0,0
11983,0,1,0,0,0,0,0,0,0
11984,0,1,0,0,0,0,0,0,0
11985,0,1,0,0,0,0,0,0,0
11986,0,1,0,0,0,0,0,0,0
11987,0,1,0,0,0,0,0,0,0
11988,0,1,0,0,0,0,0,0,0
11989,0,1,0,0,0,0,0,0,0
11990,0,1,0,0,0,0,0,0,0
11991,0,1,0,0,0,0,0,0,0
11992,0,1,0,0,0,0,0,0,0
11993,0,1,0,0,0,0,0,0,0
11994,0,1,0,0,0,0,0,0,0
11995,0,1,0,0,0,0,0,0,0
11996,0,1,0,0,0,0,0,0,0
11997,0,1,0,0,0,0,0,0,0
11998,0,1,0,0,0,0,0,0,0
11999,0,1,0,0,0,0,0,0,0
12000,0,1,0,0,0,0,0,0,0
12001,0,1,0,0,0,0,0,0,0
12002,0,1,0,0,0,0,0,0,0
12003,0,1,0,0,0,0,0,0,0
12004,0,1,0,0,0,0,0,0,0
12005,0,1,0,0,0,0,0,0,0
12006,0,1,0,0,0,0,0,0,0
12007,0,1,0,0,0,0,0,0,0
12008,0,1,0,0,0,0,0,0,0
12009,0,1,0,0,0,0,0,0,0
12010,0,1,0,0,0,0,0,0,0
12011,0,1,0,0,0,0,0,0,0
12012,0,1,0,0,0,0,0,0,0
12013,0,1,0,0,0,0,0,0,0
12014,0,1,0,0,0,0,0,0,0
12015,0,1,0,0,0,0,0,0,0
12016,0,1,0,0,0,0,0,0,0
12017,0,1,0,0,0,0,0,0,0
12018,0,1,0,0,0,0,0,0,0
12019,0,1,0,0,0,0,0,0,0
12020,0,1,0,0,0,0,0,0,0
12021,0,1,0,0,0,0,0,0,0
12022,0,1,0,0,0,0,0,0,0
12023,0,1,0,0,0,0,0,0,0
12024,0,1,0,0,0,0,0,0,0
12025,0,1,0,0,0,0,0,0,0
12026,0,1,0,0,0,0,0,0,0
12027,0,1,0,0,0,0,0,0,0
12028,0,1,0,0,0,0,0,0,0
12029,0,1,0,0,0,0,0,0,0
12030,0,1,0,0,0,0,0,0,0
12031,0,1,0,0,0,0,0,0,0
12032,0,1,0,0,0,0,0,0,0
12033,0,1,0,0,0,0,0,0,0
12034,0,1,0,0,0,0,0,0,0
12035,0,1,0,0,0,0,0,0,0
12036,0,1,0,0,0,0,0,0,0
12037,0,1,0,0,0,0,0,0,0
12038,0,1,0,0,0,0,0,0,0
12039,0,1,0,0,0,0,0,0,0
12040,0,1,0,0,0,0,0,0,0
12041,0,1,0,0,0,0,0,0,0
12042,0,1,0,0,0,0,0,0,0
12043,0,1,0,0,0,0,0,0,0
12044,0,1,0,0,0,0,0,0,0
12045,0,1,0,0,0,0,0,0,0
12046,0,1,0,0,0,0,0,0,0
12047,0,1,0,0,0,0,0,0,0
12048,0,1,0,0,0,0,0,0,0
12049,0,1,0,0,0,0,0,0,0
12050,0,1,0,0,0,0,0,0,0
12051,0,1,0,0,0,0,0,0,0
12052,0,1,0,0,0,0,0,0,0
12053,0,1,0,0,0,0,0,0,0
12054,0,1,0,0,0,0,0,0,0
12055,0,1,0,0,0,0,0,0,0
12056,0,1,0,0,0,0,0,0,0
12057,0,1,0,0,0,0,0,0,0
12058,0,1,0,0,0,0,0,0,0
12059,0,1,0,0,0,0,0,0,0
12060,0,1,0,0,0,0,0,0,0
12061,0,1,0,0,0,0,0,0,0
12062,0,1,0,0,0,0,0,0,0
12063,0,1,0,0,0,0,0,0,0
12064,0,1,0,0,0,0,0,0,0
12065,0,1,0,0,0,0,0,0,0
12066,0,1,0,0,0,0,0,0,0
12067,0,1,0,0,0,0,0,0,0
12068,0,1,0,0,0,0,0,0,0
12069,0,1,0,0,0,0,0,0,0
12070,0,1,0,0,0,0,0,0,0
12071,0,1,0,0,0,0,0,0,0
12072,0,1,0,0,0,0,0,0,0
12073,0,1,0,0,0,0,0,0,0
12074,0,1,0,0,0,0,0,0,0
12075,0,1,0,0,0,0,0,0,0
12076,0,1,0,0,0,0,0,0,0
12077,0,1,0,0,0,0,0,0,0
12078,0,1,0,0,0,0,0,0,0
12079,0,1,0,0,0,0,0,0,0
12080,0,1,0,0,0,0,0,0,0
12081,0,1,0,0,0,0,0,0,0
12082,0,1,0,0,0,0,0,0,0
12083,0,1,0,0,0,0,0,0,0
12084,0,1,0,0,0,0,0,0,0
12085,0,1,0,0,0,0,0,0,0
12086,0,1,0,0,0,0,0,0,0
12087,0,1,0,0,0,0,0,0,0
12088,0,1,0,0,0,0,0,0,0
12089,0,1,0,0,0,0,0,0,0
12090,0,1,0,0,0,0,0,0,0
12091,0,1,0,0,0,0,0,0,0
12092,0,1,0,0,0,0,0,0,0
12093,0,1,0,0,0,0,0,0,0
12094,0,1,0,0,0,0,0,0,0
12095,0,1,0,0,0,0,0,0,0
12096,0,1,0,0,0,0,0,0,0
12097,0,1,0,0,0,0,0,0,0
12098,0,1,0,0,0,0,0,0,0
12099,0,1,0,0,0,0,0,0,0
12100,0,1,0,0,0,0,0,0,0
12101,0,1,0,0,0,0,0,0,0
12102,0,1,0,0,0,0,0,0,0
12103,0,1,0,0,0,0,0,0,0
12104,0,1,0,0,0,0,0,0,0
12105,0,1,0,0,0,0,0,0,0
12106,0,1,0,0,0,0,0,0,0
12107,0,1,0,0,0,0,0,0,0
12108,0,1,0,0,0,0,0,0,0
12109,0,1,0,0,0,0,0,0,0
12110,0,1,0,0,0,0,0,0,0
12111,0,1,0,0,0,0,0,0,0
12112,0,1,0,0,0,0,0,0,0
12113,0,1,0,0,0,0,0,0,0
12114,0,1,0,0,0,0,0,0,0
12115,0,1,0,0,0,0,0,0,0
12116,0,1,0,0,0,0,0,0,0
12117,0,1,0,0,0,0,0,0,0
12118,0,1,0,0,0,0,0,0,0
12119,0,1,0,0,0,0,0,0,0
12120,0,1,0,0,0,0,0,0,0
12121,0,1,0,0,0,0,0,0,0
12122,0,1,0,0,0,0,0,0,0
12123,0,1,0,0,0,0,0,0,0
12124,0,1,0,0,0,0,0,0,0
12125,0,1,0,0,0,0,0,0,0
12126,0,1,0,0,0,0,0,0,0
12127,0,1,0,0,0,0,0,0,0
12128,0,1,0,0,0,0,0,0,0
12129,0,1,0,0,0,0,0,0,0
12130,0,1,0,0,0,0,0,0,0
12131,0,1,0,0,0,0,0,0,0
12132,0,1,0,0,0,0,0,0,0
12133,0,1,0,0,0,0,0,0,0
12134,0,1,0,0,0,0,0,0,0
12135,0,1,0,0,0,0,0,0,0
12136,0,1,0,0,0,0,0,0,0
12137,0,1,0,0,0,0,0,0,0
12138,0,1,0,0,0,0,0,0,0
12139,0,1,0,0,0,0,0,0,0
12140,0,1,0,0,0,0,0,0,0
12141,0,1,0,0,0,0,0,0,0
12142,0,1,0,0,0,0,0,0,0
12143,0,1,0,0,0,0,0,0,0
12144,0,1,0,0,0,0,0,0,0
12145,0,1,0,0,0,0,0,0,0
12146,0,1,0,0,0,0,0,0,0
12147,0,1,0,0,0,0,0,0,0
12148,0,1,0,0,0,0,0,0,0
12149,0,1,0,0,0,0,0,0,0
12150,0,1,0,0,0,0,0,0,0
12151,0,1,0,0,0,0,0,0,0
12152,0,1,0,0,0,0,0,0,0
12153,0,1,0,0,0,0,0,0,0
12154,0,1,0,0,0,0,0,0,0
12155,0,1,0,0,0,0,0,0,0
12156,0,1,0,0,0,0,0,0,0
12157,0,1,0,0,0,0,0,0,0
12158,0,1,0,0,0,0,0,0,0
12159,0,1,0,0,0,0,0,0,0
12160,0,1,0,0,0,0,0,0,0
12161,0,1,0,0,0,0,0,0,0
12162,0,1,0,0,0,0,0,0,0
12163,0,1,0,0,0,0,0,0,0
12164,0,1,0,0,0,0,0,0,0
12165,0,1,0,0,0,0,0,0,0
12166,0,1,0,0,0,0,0,0,0
12167,0,1,0,0,0,0,0,0,0
12168,0,1,0,0,0,0,0,0,0
12169,0,1,0,0,0,0,0,0,0
12170,0,1,0,0,0,0,0,0,0
12171,0,1,0,0,0,0,0,0,0
12172,0,1,0,0,0,0,0,0,0
12173,0,1,0,0,0,0,0,0,0
12174,0,1,0,0,0,0,0,0,0
12175,0,1,0,0,0,0,0,0,0
12176,0,1,0,0,0,0,0,0,0
12177,0,1,0,0,0,0,0,0,0
12178,0,1,0,0,0,0,0,0,0
12179,0,1,0,0,0,0,0,0,0
12180,0,1,0,0,0,0,0,0,0
12181,0,1,0,0,0,0,0,0,0
12182,0,1,0,0,0,0,0,0,0
12183,0,1,0,0,0,0,0,0,0
12184,0,1,0,0,0,0,0,0,0
12185,0,1,0,0,0,0,0,0,0
12186,0,1,0,0,0,0,0,0,0
12187,0,1,0,0,0,0,0,0,0
12188,0,1,0,0,0,0,0,0,0
12189,0,1,0,0,0,0,0,0,0
12190,0,1,0,0,0,0,0,0,0
12191,0,1,0,0,0,0,0,0,0
12192,0,1,0,0,0,0,0,0,0
12193,0,1,0,0,0,0,0,0,0
12194,0,1,0,0,0,0,0,0,0
12195,0,1,0,0,0,0,0,0,0
12196,0,1,0,0,0,0,0,0,0
12197,0,1,0,0,0,0,0,0,0
12198,0,1,0,0,0,0,0,0,0
12199,0,1,0,0,0,0,0,0,0
12200,0,1,0,0,0,0,0,0,0
12201,0,1,0,0,0,0,0,0,0
12202,0,1,0,0,0,0,0,0,0
12203,0,1,0,0,0,0,0,0,0
12204,0,1,0,0,0,0,0,0,0
12205,0,1,0,0,0,0,0,0,0
12206,0,1,0,0,0,0,0,0,0
12207,0,1,0,0,0,0,0,0,0
12208,0,1,0,0,0,0,0,0,0
12209,0,1,0,0,0,0,0,0,0
12210,0,1,0,0,0,0,0,0,0
12211,0,1,0,0,0,0,0,0,0
12212,0,1,0,0,0,0,0,0,0
12213,0,1,0,0,0,0,0,0,0
12214,0,1,0,0,0,0,0,0,0
12215,0,1,0,0,0,0,0,0,0
12216,0,1,0,0,0,0,0,0,0
12217,0,1,0,0,0,0,0,0,0
12218,0,1,0,0,0,0,0,0,0
12219,0,1,0,0,0,0,0,0,0
12220,0,1,0,0,0,0,0,0,0
12221,0,1,0,0,0,0,0,0,0
12222,0,1,0,0,0,0,0,0,0
12223,0,1,0,0,0,0,0,0,0
12224,0,1,0,0,0,0,0,0,0
12225,0,1,0,0,0,0,0,0,0
12226,0,1,0,0,0,0,0,0,0
12227,0,1,0,0,0,0,0,0,0
12228,0,1,0,0,0,0,0,0,0
12229,0,1,0,0,0,0,0,0,0
12230,0,1,0,0,0,0,0,0,0
12231,0,1,0,0,0,0,0,0,0
12232,0,1,0,0,0,0,0,0,0
12233,0,1,0,0,0,0,0,0,0
12234,0,1,0,0,0,0,0,0,0
12235,0,1,0,0,0,0,0,0,0
12236,0,1,0,0,0,0,0,0,0
12237,0,1,0,0,0,0,0,0,0
12238,0,1,0,0,0,0,0,0,0
12239,0,1,0,0,0,0,0,0,0
12240,0,1,0,0,0,0,0,0,0
12241,0,1,0,0,0,0,0,0,0
12242,0,1,0,0,0,0,0,0,0
12243,0,1,0,0,0,0,0,0,0
12244,0,1,0,0,0,0,0,0,0
12245,0,1,0,0,0,0,0,0,0
12246,0,1,0,0,0,0,0,0,0
12247,0,1,0,0,0,0,0,0,0
12248,0,1,0,0,0,0,0,0,0
12249,0,1,0,0,0,0,0,0,0
12250,0,1,0,0,0,0,0,0,0
12251,0,1,0,0,0,0,0,0,0
12252,0,1,0,0,0,0,0,0,0
12253,0,1,0,0,0,0,0,0,0
12254,0,1,0,0,0,0,0,0,0
12255,0,1,0,0,0,0,0,0,0
12256,0,1,0,0,0,0,0,0,0
12257,0,1,0,0,0,0,0,0,0
12258,0,1,0,0,0,0,0,0,0
12259,0,1,0,0,0,0,0,0,0
12260,0,1,0,0,0,0,0,0,0
12261,0,1,0,0,0,0,0,0,0
12262,0,1,0,0,0,0,0,0,0
12263,0,1,0,0,0,0,0,0,0
12264,0,1,0,0,0,0,0,0,0
12265,0,1,0,0,0,0,0,0,0
12266,0,1,0,0,0,0,0,0,0
12267,0,1,0,0,0,0,0,0,0
12268,0,1,0,0,0,0,0,0,0
12269,0,1,0,0,0,0,0,0,0
12270,0,1,0,0,0,0,0,0,0
12271,0,1,0,0,0,0,0,0,0
12272,0,1,0,0,0,0,0,0,0
12273,0,1,0,0,0,0,0,0,0
12274,0,1,0,0,0,0,0,0,0
12275,0,1,0,0,0,0,0,0,0
12276,0,1,0,0,0,0,0,0,0
12277,0,1,0,0,0,0,0,0,0
12278,0,1,0,0,0,0,0,0,0
12279,0,1,0,0,0,0,0,0,0
12280,0,1,0,0,0,0,0,0,0
12281,0,1,0,0,0,0,0,0,0
12282,0,1,0,0,0,0,0,0,0
12283,0,1,0,0,0,0,0,0,0
12284,0,1,0,0,0,0,0,0,0
12285,0,1,0,0,0,0,0,0,0
12286,0,1,0,0,0,0,0,0,0
12287,0,1,0,0,0,0,0,0,0
12288,0,1,0,0,0,0,0,0,0
12289,0,1,0,0,0,0,0,0,0
12290,0,1,0,0,0,0,0,0,0
12291,0,1,0,0,0,0,0,0,0
12292,0,1,0,0,0,0,0,0,0
12293,0,1,0,0,0,0,0,0,0
12294,0,1,0,0,0,0,0,0,0
12295,0,1,0,0,0,0,0,0,0
12296,0,1,0,0,0,0,0,0,0
12297,0,1,0,0,0,0,0,0,0
12298,0,1,0,0,0,0,0,0,0
12299,0,1,0,0,0,0,0,0,0
12300,0,1,0,0,0,0,0,0,0
12301,0,1,0,0,0,0,0,0,0
12302,0,1,0,0,0,0,0,0,0
12303,0,1,0,0,0,0,0,0,0
12304,0,1,0,0,0,0,0,0,0
12305,0,1,0,0,0,0,0,0,0
12306,0,1,0,0,0,0,0,0,0
12307,0,1,0,0,0,0,0,0,0
12308,0,1,0,0,0,0,0,0,0
12309,0,1,0,0,0,0,0,0,0
12310,0,1,0,0,0,0,0,0,0
12311,0,1,0,0,0,0,0,0,0
12312,0,1,0,0,0,0,0,0,0
12313,0,1,0,0,0,0,0,0,0
12314,0,1,0,0,0,0,0,0,0
12315,0,1,0,0,0,0,0,0,0
12316,0,1,0,0,0,0,0,0,0
12317,0,1,0,0,0,0,0,0,0
12318,0,1,0,0,0,0,0,0,0
12319,0,1,0,0,0,0,0,0,0
12320,0,1,0,0,0,0,0,0,0
12321,0,1,0,0,0,0,0,0,0
12322,0,1,0,0,0,0,0,0,0
12323,0,1,0,0,0,0,0,0,0
12324,0,1,0,0,0,0,0,0,0
12325,0,1,0,0,0,0,0,0,0
12326,0,1,0,0,0,0,0,0,0
12327,0,1,0,0,0,0,0,0,0
12328,0,1,0,0,0,0,0,0,0
12329,0,1,0,0,0,0,0,0,0
12330,0,1,0,0,0,0,0,0,0
12331,0,1,0,0,0,0,0,0,0
12332,0,1,0,0,0,0,0,0,0
12333,0,1,0,0,0,0,0,0,0
12334,0,1,0,0,0,0,0,0,0
12335,0,1,0,0,0,0,0,0,0
12336,0,1,0,0,0,0,0,0,0
12337,0,1,0,0,0,0,0,0,0
12338,0,1,0,0,0,0,0,0,0
12339,0,1,0,0,0,0,0,0,0
12340,0,1,0,0,0,0,0,0,0
12341,0,1,0,0,0,0,0,0,0
12342,0,1,0,0,0,0,0,0,0
12343,0,1,0,0,0,0,0,0,0
12344,0,1,0,0,0,0,0,0,0
12345,0,1,0,0,0,0,0,0,0
12346,0,1,0,0,0,0,0,0,0
12347,0,1,0,0,0,0,0,0,0
12348,0,1,0,0,0,0,0,0,0
12349,0,1,0,0,0,0,0,0,0
12350,0,1,0,0,0,0,0,0,0
12351,0,1,0,0,0,0,0,0,0
12352,0,1,0,0,0,0,0,0,0
12353,0,1,0,0,0,0,0,0,0
12354,0,1,0,0,0,0,0,0,0
12355,0,1,0,0,0,0,0,0,0
12356,0,1,0,0,0,0,0,0,0
12357,0,1,0,0,0,0,0,0,0
12358,0,1,0,0,0,0,0,0,0
12359,0,1,0,0,0,0,0,0,0
12360,0,1,0,0,0,0,0,0,0
12361,0,1,0,0,0,0,0,0,0
12362,0,1,0,0,0,0,0,0,0
12363,0,1,0,0,0,0,0,0,0
12364,0,1,0,0,0,0,0,0,0
12365,0,1,0,0,0,0,0,0,0
12366,0,1,0,0,0,0,0,0,0
12367,0,1,0,0,0,0,0,0,0
12368,0,1,0,0,0,0,0,0,0
12369,0,1,0,0,0,0,0,0,0
12370,0,1,0,0,0,0,0,0,0
12371,0,1,0,0,0,0,0,0,0
12372,0,1,0,0,0,0,0,0,0
12373,0,1,0,0,0,0,0,0,0
12374,0,1,0,0,0,0,0,0,0
12375,0,1,0,0,0,0,0,0,0
12376,0,1,0,0,0,0,0,0,0
12377,0,1,0,0,0,0,0,0,0
12378,0,1,0,0,0,0,0,0,0
12379,0,1,0,0,0,0,0,0,0
12380,0,1,0,0,0,0,0,0,0
12381,0,1,0,0,0,0,0,0,0
12382,0,1,0,0,0,0,0,0,0
12383,0,1,0,0,0,0,0,0,0
12384,0,1,0,0,0,0,0,0,0
12385,0,1,0,0,0,0,0,0,0
12386,0,1,0,0,0,0,0,0,0
12387,0,1,0,0,0,0,0,0,0
12388,0,1,0,0,0,0,0,0,0
12389,0,1,0,0,0,0,0,0,0
12390,0,1,0,0,0,0,0,0,0
12391,0,1,0,0,0,0,0,0,0
12392,0,1,0,0,0,0,0,0,0
12393,0,1,0,0,0,0,0,0,0
12394,0,1,0,0,0,0,0,0,0
12395,0,1,0,0,0,0,0,0,0
12396,0,1,0,0,0,0,0,0,0
12397,0,1,0,0,0,0,0,0,0
12398,0,1,0,0,0,0,0,0,0
12399,0,1,0,0,0,0,0,0,0
12400,0,1,0,0,0,0,0,0,0
12401,0,1,0,0,0,0,0,0,0
12402,0,1,0,0,0,0,0,0,0
12403,0,1,0,0,0,0,0,0,0
12404,0,1,0,0,0,0,0,0,0
12405,0,1,0,0,0,0,0,0,0
12406,0,1,0,0,0,0,0,0,0
12407,0,1,0,0,0,0,0,0,0
12408,0,1,0,0,0,0,0,0,0
12409,0,1,0,0,0,0,0,0,0
12410,0,1,0,0,0,0,0,0,0
12411,0,1,0,0,0,0,0,0,0
12412,0,1,0,0,0,0,0,0,0
12413,0,1,0,0,0,0,0,0,0
12414,0,1,0,0,0,0,0,0,0
12415,0,1,0,0,0,0,0,0,0
12416,0,1,0,0,0,0,0,0,0
12417,0,1,0,0,0,0,0,0,0
12418,0,1,0,0,0,0,0,0,0
12419,0,1,0,0,0,0,0,0,0
12420,0,1,0,0,0,0,0,0,0
12421,0,1,0,0,0,0,0,0,0
12422,0,1,0,0,0,0,0,0,0
12423,0,1,0,0,0,0,0,0,0
12424,0,1,0,0,0,0,0,0,0
12425,0,1,0,0,0,0,0,0,0
12426,0,1,0,0,0,0,0,0,0
12427,0,1,0,0,0,0,0,0,0
12428,0,1,0,0,0,0,0,0,0
12429,0,1,0,0,0,0,0,0,0
12430,0,1,0,0,0,0,0,0,0
12431,0,1,0,0,0,0,0,0,0
12432,0,1,0,0,0,0,0,0,0
12433,0,1,0,0,0,0,0,0,0
12434,0,1,0,0,0,0,0,0,0
12435,0,1,0,0,0,0,0,0,0
12436,0,1,0,0,0,0,0,0,0
12437,0,1,0,0,0,0,0,0,0
12438,0,1,0,0,0,0,0,0,0
12439,0,1,0,0,0,0,0,0,0
12440,0,1,0,0,0,0,0,0,0
12441,0,1,0,0,0,0,0,0,0
12442,0,1,0,0,0,0,0,0,0
12443,0,1,0,0,0,0,0,0,0
12444,0,1,0,0,0,0,0,0,0
12445,0,1,0,0,0,0,0,0,0
12446,0,1,0,0,0,0,0,0,0
12447,0,1,0,0,0,0,0,0,0
12448,0,1,0,0,0,0,0,0,0
12449,0,1,0,0,0,0,0,0,0
12450,0,1,0,0,0,0,0,0,0
12451,0,1,0,0,0,0,0,0,0
12452,0,1,0,0,0,0,0,0,0
12453,0,1,0,0,0,0,0,0,0
12454,0,1,0,0,0,0,0,0,0
12455,0,1,0,0,0,0,0,0,0
12456,0,1,0,0,0,0,0,0,0
12457,0,1,0,0,0,0,0,0,0
12458,0,1,0,0,0,0,0,0,0
12459,0,1,0,0,0,0,0,0,0
12460,0,1,0,0,0,0,0,0,0
12461,0,1,0,0,0,0,0,0,0
12462,0,1,0,0,0,0,0,0,0
12463,0,1,0,0,0,0,0,0,0
12464,0,1,0,0,0,0,0,0,0
12465,0,1,0,0,0,0,0,0,0
12466,0,1,0,0,0,0,0,0,0
12467,0,1,0,0,0,0,0,0,0
12468,0,1,0,0,0,0,0,0,0
12469,0,1,0,0,0,0,0,0,0
12470,0,1,0,0,0,0,0,0,0
12471,0,1,0,0,0,0,0,0,0
12472,0,1,0,0,0,0,0,0,0
12473,0,1,0,0,0,0,0,0,0
12474,0,1,0,0,0,0,0,0,0
12475,0,1,0,0,0,0,0,0,0
12476,0,1,0,0,0,0,0,0,0
12477,0,1,0,0,0,0,0,0,0
12478,0,1,0,0,0,0,0,0,0
12479,0,1,0,0,0,0,0,0,0
12480,0,1,0,0,0,0,0,0,0
12481,0,1,0,0,0,0,0,0,0
12482,0,1,0,0,0,0,0,0,0
12483,0,1,0,0,0,0,0,0,0
12484,0,1,0,0,0,0,0,0,0
12485,0,1,0,0,0,0,0,0,0
12486,0,1,0,0,0,0,0,0,0
12487,0,1,0,0,0,0,0,0,0
12488,0,1,0,0,0,0,0,0,0
12489,0,1,0,0,0,0,0,0,0
12490,0,1,0,0,0,0,0,0,0
12491,0,1,0,0,0,0,0,0,0
12492,0,1,0,0,0,0,0,0,0
12493,0,1,0,0,0,0,0,0,0
12494,0,1,0,0,0,0,0,0,0
12495,0,1,0,0,0,0,0,0,0
12496,0,1,0,0,0,0,0,0,0
12497,0,1,0,0,0,0,0,0,0
12498,0,1,0,0,0,0,0,0,0
12499,0,1,0,0,0,0,0,0,0
12500,0,1,0,0,0,0,0,0,0
12501,0,1,0,0,0,0,0,0,0
12502,0,1,0,0,0,0,0,0,0
12503,0,1,0,0,0,0,0,0,0
12504,0,1,0,0,0,0,0,0,0
12505,0,1,0,0,0,0,0,0,0
12506,0,1,0,0,0,0,0,0,0
12507,0,1,0,0,0,0,0,0,0
12508,0,1,0,0,0,0,0,0,0
12509,0,1,0,0,0,0,0,0,0
12510,0,1,0,0,0,0,0,0,0
12511,0,1,0,0,0,0,0,0,0
12512,0,1,0,0,0,0,0,0,0
12513,0,1,0,0,0,0,0,0,0
12514,0,1,0,0,0,0,0,0,0
12515,0,1,0,0,0,0,0,0,0
12516,0,1,0,0,0,0,0,0,0
12517,0,1,0,0,0,0,0,0,0
12518,0,1,0,0,0,0,0,0,0
12519,0,1,0,0,0,0,0,0,0
12520,0,1,0,0,0,0,0,0,0
12521,0,1,0,0,0,0,0,0,0
12522,0,1,0,0,0,0,0,0,0
12523,0,1,0,0,0,0,0,0,0
12524,0,1,0,0,0,0,0,0,0
12525,0,1,0,0,0,0,0,0,0
12526,0,1,0,0,0,0,0,0,0
12527,0,1,0,0,0,0,0,0,0
12528,0,1,0,0,0,0,0,0,0
12529,0,1,0,0,0,0,0,0,0
12530,0,1,0,0,0,0,0,0,0
12531,0,1,0,0,0,0,0,0,0
12532,0,1,0,0,0,0,0,0,0
12533,0,1,0,0,0,0,0,0,0
12534,0,1,0,0,0,0,0,0,0
12535,0,1,0,0,0,0,0,0,0
12536,0,1,0,0,0,0,0,0,0
12537,0,1,0,0,0,0,0,0,0
12538,0,1,0,0,0,0,0,0,0
12539,0,1,0,0,0,0,0,0,0
12540,0,1,0,0,0,0,0,0,0
12541,0,1,0,0,0,0,0,0,0
12542,0,1,0,0,0,0,0,0,0
12543,0,1,0,0,0,0,0,0,0
12544,0,1,0,0,0,0,0,0,0
12545,0,1,0,0,0,0,0,0,0
12546,0,1,0,0,0,0,0,0,0
12547,0,1,0,0,0,0,0,0,0
12548,0,1,0,0,0,0,0,0,0
12549,0,1,0,0,0,0,0,0,0
12550,0,1,0,0,0,0,0,0,0
12551,0,1,0,0,0,0,0,0,0
12552,0,1,0,0,0,0,0,0,0
12553,0,1,0,0,0,0,0,0,0
12554,0,1,0,0,0,0,0,0,0
12555,0,1,0,0,0,0,0,0,0
12556,0,1,0,0,0,0,0,0,0
12557,0,1,0,0,0,0,0,0,0
12558,0,1,0,0,0,0,0,0,0
12559,0,1,0,0,0,0,0,0,0
12560,0,1,0,0,0,0,0,0,0
12561,0,1,0,0,0,0,0,0,0
12562,0,1,0,0,0,0,0,0,0
12563,0,1,0,0,0,0,0,0,0
12564,0,1,0,0,0,0,0,0,0
12565,0,1,0,0,0,0,0,0,0
12566,0,1,0,0,0,0,0,0,0
12567,0,1,0,0,0,0,0,0,0
12568,0,1,0,0,0,0,0,0,0
12569,0,1,0,0,0,0,0,0,0
12570,0,1,0,0,0,0,0,0,0
12571,0,1,0,0,0,0,0,0,0
12572,0,1,0,0,0,0,0,0,0
12573,0,1,0,0,0,0,0,0,0
12574,0,1,0,0,0,0,0,0,0
12575,0,1,0,0,0,0,0,0,0
12576,0,1,0,0,0,0,0,0,0
12577,0,1,0,0,0,0,0,0,0
12578,0,1,0,0,0,0,0,0,0
12579,0,1,0,0,0,0,0,0,0
12580,0,1,0,0,0,0,0,0,0
12581,0,1,0,0,0,0,0,0,0
12582,0,1,0,0,0,0,0,0,0
12583,0,1,0,0,0,0,0,0,0
12584,0,1,0,0,0,0,0,0,0
12585,0,1,0,0,0,0,0,0,0
12586,0,1,0,0,0,0,0,0,0
12587,0,1,0,0,0,0,0,0,0
12588,0,1,0,0,0,0,0,0,0
12589,0,1,0,0,0,0,0,0,0
12590,0,1,0,0,0,0,0,0,0
12591,0,1,0,0,0,0,0,0,0
12592,0,1,0,0,0,0,0,0,0
12593,0,1,0,0,0,0,0,0,0
12594,0,1,0,0,0,0,0,0,0
12595,0,1,0,0,0,0,0,0,0
12596,0,1,0,0,0,0,0,0,0
12597,0,1,0,0,0,0,0,0,0
12598,0,1,0,0,0,0,0,0,0
12599,0,1,0,0,0,0,0,0,0
12600,0,1,0,0,0,0,0,0,0
12601,0,1,0,0,0,0,0,0,0
12602,0,1,0,0,0,0,0,0,0
12603,0,1,0,0,0,0,0,0,0
12604,0,1,0,0,0,0,0,0,0
12605,0,1,0,0,0,0,0,0,0
12606,0,1,0,0,0,0,0,0,0
12607,0,1,0,0,0,0,0,0,0
12608,0,1,0,0,0,0,0,0,0
12609,0,1,0,0,0,0,0,0,0
12610,0,1,0,0,0,0,0,0,0
12611,0,1,0,0,0,0,0,0,0
12612,0,1,0,0,0,0,0,0,0
12613,0,1,0,0,0,0,0,0,0
12614,0,1,0,0,0,0,0,0,0
12615,0,1,0,0,0,0,0,0,0
12616,0,1,0,0,0,0,0,0,0
12617,0,1,0,0,0,0,0,0,0
12618,0,1,0,0,0,0,0,0,0
12619,0,1,0,0,0,0,0,0,0
12620,0,1,0,0,0,0,0,0,0
12621,0,1,0,0,0,0,0,0,0
12622,0,1,0,0,0,0,0,0,0
12623,0,1,0,0,0,0,0,0,0
12624,0,1,0,0,0,0,0,0,0
12625,0,1,0,0,0,0,0,0,0
12626,0,1,0,0,0,0,0,0,0
12627,0,1,0,0,0,0,0,0,0
12628,0,1,0,0,0,0,0,0,0
12629,0,1,0,0,0,0,0,0,0
12630,0,1,0,0,0,0,0,0,0
12631,0,1,0,0,0,0,0,0,0
12632,0,1,0,0,0,0,0,0,0
12633,0,1,0,0,0,0,0,0,0
12634,0,1,0,0,0,0,0,0,0
12635,0,1,0,0,0,0,0,0,0
12636,0,1,0,0,0,0,0,0,0
12637,0,1,0,0,0,0,0,0,0
12638,0,1,0,0,0,0,0,0,0
12639,0,1,0,0,0,0,0,0,0
12640,0,1,0,0,0,0,0,0,0
12641,0,1,0,0,0,0,0,0,0
12642,0,1,0,0,0,0,0,0,0
12643,0,1,0,0,0,0,0,0,0
12644,0,1,0,0,0,0,0,0,0
12645,0,1,0,0,0,0,0,0,0
12646,0,1,0,0,0,0,0,0,0
12647,0,1,0,0,0,0,0,0,0
12648,0,1,0,0,0,0,0,0,0
12649,0,1,0,0,0,0,0,0,0
12650,0,1,0,0,0,0,0,0,0
12651,0,1,0,0,0,0,0,0,0
12652,0,1,0,0,0,0,0,0,0
12653,0,1,0,0,0,0,0,0,0
12654,0,1,0,0,0,0,0,0,0
12655,0,1,0,0,0,0,0,0,0
12656,0,1,0,0,0,0,0,0,0
12657,0,1,0,0,0,0,0,0,0
12658,0,1,0,0,0,0,0,0,0
12659,0,1,0,0,0,0,0,0,0
12660,0,1,0,0,0,0,0,0,0
12661,0,1,0,0,0,0,0,0,0
12662,0,1,0,0,0,0,0,0,0
12663,0,1,0,0,0,0,0,0,0
12664,0,1,0,0,0,0,0,0,0
12665,0,1,0,0,0,0,0,0,0
12666,0,1,0,0,0,0,0,0,0
12667,0,1,0,0,0,0,0,0,0
12668,0,1,0,0,0,0,0,0,0
12669,0,1,0,0,0,0,0,0,0
12670,0,1,0,0,0,0,0,0,0
12671,0,1,0,0,0,0,0,0,0
12672,0,1,0,0,0,0,0,0,0
12673,0,1,0,0,0,0,0,0,0
12674,0,1,0,0,0,0,0,0,0
12675,0,1,0,0,0,0,0,0,0
12676,0,1,0,0,0,0,0,0,0
12677,0,1,0,0,0,0,0,0,0
12678,0,1,0,0,0,0,0,0,0
12679,0,1,0,0,0,0,0,0,0
12680,0,1,0,0,0,0,0,0,0
12681,0,1,0,0,0,0,0,0,0
12682,0,1,0,0,0,0,0,0,0
12683,0,1,0,0,0,0,0,0,0
12684,0,1,0,0,0,0,0,0,0
12685,0,1,0,0,0,0,0,0,0
12686,0,1,0,0,0,0,0,0,0
12687,0,1,0,0,0,0,0,0,0
12688,0,1,0,0,0,0,0,0,0
12689,0,1,0,0,0,0,0,0,0
12690,0,1,0,0,0,0,0,0,0
12691,0,1,0,0,0,0,0,0,0
12692,0,1,0,0,0,0,0,0,0
12693,0,1,0,0,0,0,0,0,0
12694,0,1,0,0,0,0,0,0,0
12695,0,1,0,0,0,0,0,0,0
12696,0,1,0,0,0,0,0,0,0
12697,0,1,0,0,0,0,0,0,0
12698,0,1,0,0,0,0,0,0,0
12699,0,1,0,0,0,0,0,0,0
12700,0,1,0,0,0,0,0,0,0
12701,0,1,0,0,0,0,0,0,0
12702,0,1,0,0,0,0,0,0,0
12703,0,1,0,0,0,0,0,0,0
12704,0,1,0,0,0,0,0,0,0
12705,0,1,0,0,0,0,0,0,0
12706,0,1,0,0,0,0,0,0,0
12707,0,1,0,0,0,0,0,0,0
12708,0,1,0,0,0,0,0,0,0
12709,0,1,0,0,0,0,0,0,0
12710,0,1,0,0,0,0,0,0,0
12711,0,1,0,0,0,0,0,0,0
12712,0,1,0,0,0,0,0,0,0
12713,0,1,0,0,0,0,0,0,0
12714,0,1,0,0,0,0,0,0,0
12715,0,1,0,0,0,0,0,0,0
12716,0,1,0,0,0,0,0,0,0
12717,0,1,0,0,0,0,0,0,0
12718,0,1,0,0,0,0,0,0,0
12719,0,1,0,0,0,0,0,0,0
12720,0,1,0,0,0,0,0,0,0
12721,0,1,0,0,0,0,0,0,0
12722,0,1,0,0,0,0,0,0,0
12723,0,1,0,0,0,0,0,0,0
12724,0,1,0,0,0,0,0,0,0
12725,0,1,0,0,0,0,0,0,0
12726,0,1,0,0,0,0,0,0,0
12727,0,1,0,0,0,0,0,0,0
12728,0,1,0,0,0,0,0,0,0
12729,0,1,0,0,0,0,0,0,0
12730,0,1,0,0,0,0,0,0,0
12731,0,1,0,0,0,0,0,0,0
12732,0,1,0,0,0,0,0,0,0
12733,0,1,0,0,0,0,0,0,0
12734,0,1,0,0,0,0,0,0,0
12735,0,1,0,0,0,0,0,0,0
12736,0,1,0,0,0,0,0,0,0
12737,0,1,0,0,0,0,0,0,0
12738,0,1,0,0,0,0,0,0,0
12739,0,1,0,0,0,0,0,0,0
12740,0,1,0,0,0,0,0,0,0
12741,0,1,0,0,0,0,0,0,0
12742,0,1,0,0,0,0,0,0,0
12743,0,1,0,0,0,0,0,0,0
12744,0,1,0,0,0,0,0,0,0
12745,0,1,0,0,0,0,0,0,0
12746,0,1,0,0,0,0,0,0,0
12747,0,1,0,0,0,0,0,0,0
12748,0,1,0,0,0,0,0,0,0
12749,0,1,0,0,0,0,0,0,0
12750,0,1,0,0,0,0,0,0,0
12751,0,1,0,0,0,0,0,0,0
12752,0,1,0,0,0,0,0,0,0
12753,0,1,0,0,0,0,0,0,0
12754,0,1,0,0,0,0,0,0,0
12755,0,1,0,0,0,0,0,0,0
12756,0,1,0,0,0,0,0,0,0
12757,0,1,0,0,0,0,0,0,0
12758,0,1,0,0,0,0,0,0,0
12759,0,1,0,0,0,0,0,0,0
12760,0,1,0,0,0,0,0,0,0
12761,0,1,0,0,0,0,0,0,0
12762,0,1,0,0,0,0,0,0,0
12763,0,1,0,0,0,0,0,0,0
12764,0,1,0,0,0,0,0,0,0
12765,0,1,0,0,0,0,0,0,0
12766,0,1,0,0,0,0,0,0,0
12767,0,1,0,0,0,0,0,0,0
12768,0,1,0,0,0,0,0,0,0
12769,0,1,0,0,0,0,0,0,0
12770,0,1,0,0,0,0,0,0,0
12771,0,1,0,0,0,0,0,0,0
12772,0,1,0,0,0,0,0,0,0
12773,0,1,0,0,0,0,0,0,0
12774,0,1,0,0,0,0,0,0,0
12775,0,1,0,0,0,0,0,0,0
12776,0,1,0,0,0,0,0,0,0
12777,0,1,0,0,0,0,0,0,0
12778,0,1,0,0,0,0,0,0,0
12779,0,1,0,0,0,0,0,0,0
12780,0,1,0,0,0,0,0,0,0
12781,0,1,0,0,0,0,0,0,0
12782,0,1,0,0,0,0,0,0,0
12783,0,1,0,0,0,0,0,0,0
12784,0,1,0,0,0,0,0,0,0
12785,0,1,0,0,0,0,0,0,0
12786,0,1,0,0,0,0,0,0,0
12787,0,1,0,0,0,0,0,0,0
12788,0,1,0,0,0,0,0,0,0
12789,0,1,0,0,0,0,0,0,0
12790,0,1,0,0,0,0,0,0,0
12791,0,1,0,0,0,0,0,0,0
12792,0,1,0,0,0,0,0,0,0
12793,0,1,0,0,0,0,0,0,0
12794,0,1,0,0,0,0,0,0,0
12795,0,1,0,0,0,0,0,0,0
12796,0,1,0,0,0,0,0,0,0
12797,0,1,0,0,0,0,0,0,0
12798,0,1,0,0,0,0,0,0,0
12799,0,1,0,0,0,0,0,0,0
12800,0,1,0,0,0,0,0,0,0
12801,0,1,0,0,0,0,0,0,0
12802,0,1,0,0,0,0,0,0,0
12803,0,1,0,0,0,0,0,0,0
12804,0,1,0,0,0,0,0,0,0
12805,0,1,0,0,0,0,0,0,0
12806,0,1,0,0,0,0,0,0,0
12807,0,1,0,0,0,0,0,0,0
12808,0,1,0,0,0,0,0,0,0
12809,0,1,0,0,0,0,0,0,0
12810,0,1,0,0,0,0,0,0,0
12811,0,1,0,0,0,0,0,0,0
12812,0,1,0,0,0,0,0,0,0
12813,0,1,0,0,0,0,0,0,0
12814,0,1,0,0,0,0,0,0,0
12815,0,1,0,0,0,0,0,0,0
12816,0,1,0,0,0,0,0,0,0
12817,0,1,0,0,0,0,0,0,0
12818,0,1,0,0,0,0,0,0,0
12819,0,1,0,0,0,0,0,0,0
12820,0,1,0,0,0,0,0,0,0
12821,0,1,0,0,0,0,0,0,0
12822,0,1,0,0,0,0,0,0,0
12823,0,1,0,0,0,0,0,0,0
12824,0,1,0,0,0,0,0,0,0
12825,0,1,0,0,0,0,0,0,0
12826,0,1,0,0,0,0,0,0,0
12827,0,1,0,0,0,0,0,0,0
12828,0,1,0,0,0,0,0,0,0
12829,0,1,0,0,0,0,0,0,0
12830,0,1,0,0,0,0,0,0,0
12831,0,1,0,0,0,0,0,0,0
12832,0,1,0,0,0,0,0,0,0
12833,0,1,0,0,0,0,0,0,0
12834,0,1,0,0,0,0,0,0,0
12835,0,1,0,0,0,0,0,0,0
12836,0,1,0,0,0,0,0,0,0
12837,0,1,0,0,0,0,0,0,0
12838,0,1,0,0,0,0,0,0,0
12839,0,1,0,0,0,0,0,0,0
12840,0,1,0,0,0,0,0,0,0
12841,0,1,0,0,0,0,0,0,0
12842,0,1,0,0,0,0,0,0,0
12843,0,1,0,0,0,0,0,0,0
12844,0,1,0,0,0,0,0,0,0
12845,0,1,0,0,0,0,0,0,0
12846,0,1,0,0,0,0,0,0,0
12847,0,1,0,0,0,0,0,0,0
12848,0,1,0,0,0,0,0,0,0
12849,0,1,0,0,0,0,0,0,0
12850,0,1,0,0,0,0,0,0,0
12851,0,1,0,0,0,0,0,0,0
12852,0,1,0,0,0,0,0,0,0
12853,0,1,0,0,0,0,0,0,0
12854,0,1,0,0,0,0,0,0,0
12855,0,1,0,0,0,0,0,0,0
12856,0,1,0,0,0,0,0,0,0
12857,0,1,0,0,0,0,0,0,0
12858,0,1,0,0,0,0,0,0,0
12859,0,1,0,0,0,0,0,0,0
12860,0,1,0,0,0,0,0,0,0
12861,0,1,0,0,0,0,0,0,0
12862,0,1,0,0,0,0,0,0,0
12863,0,1,0,0,0,0,0,0,0
12864,0,1,0,0,0,0,0,0,0
12865,0,1,0,0,0,0,0,0,0
12866,0,1,0,0,0,0,0,0,0
12867,0,1,0,0,0,0,0,0,0
12868,0,1,0,0,0,0,0,0,0
12869,0,1,0,0,0,0,0,0,0
12870,0,1,0,0,0,0,0,0,0
12871,0,1,0,0,0,0,0,0,0
12872,0,1,0,0,0,0,0,0,0
12873,0,1,0,0,0,0,0,0,0
12874,0,1,0,0,0,0,0,0,0
12875,0,1,0,0,0,0,0,0,0
12876,0,1,0,0,0,0,0,0,0
12877,0,1,0,0,0,0,0,0,0
12878,0,1,0,0,0,0,0,0,0
12879,0,1,0,0,0,0,0,0,0
12880,0,1,0,0,0,0,0,0,0
12881,0,1,0,0,0,0,0,0,0
12882,0,1,0,0,0,0,0,0,0
12883,0,1,0,0,0,0,0,0,0
12884,0,1,0,0,0,0,0,0,0
12885,0,1,0,0,0,0,0,0,0
12886,0,1,0,0,0,0,0,0,0
12887,0,1,0,0,0,0,0,0,0
12888,0,1,0,0,0,0,0,0,0
12889,0,1,0,0,0,0,0,0,0
12890,0,1,0,0,0,0,0,0,0
12891,0,1,0,0,0,0,0,0,0
12892,0,1,0,0,0,0,0,0,0
12893,0,1,0,0,0,0,0,0,0
12894,0,1,0,0,0,0,0,0,0
12895,0,1,0,0,0,0,0,0,0
12896,0,1,0,0,0,0,0,0,0
12897,0,1,0,0,0,0,0,0,0
12898,0,1,0,0,0,0,0,0,0
12899,0,1,0,0,0,0,0,0,0
12900,0,1,0,0,0,0,0,0,0
12901,0,1,0,0,0,0,0,0,0
12902,0,1,0,0,0,0,0,0,0
12903,0,1,0,0,0,0,0,0,0
12904,0,1,0,0,0,0,0,0,0
12905,0,1,0,0,0,0,0,0,0
12906,0,1,0,0,0,0,0,0,0
12907,0,1,0,0,0,0,0,0,0
12908,0,1,0,0,0,0,0,0,0
12909,0,1,0,0,0,0,0,0,0
12910,0,1,0,0,0,0,0,0,0
12911,0,1,0,0,0,0,0,0,0
12912,0,1,0,0,0,0,0,0,0
12913,0,1,0,0,0,0,0,0,0
12914,0,1,0,0,0,0,0,0,0
12915,0,1,0,0,0,0,0,0,0
12916,0,1,0,0,0,0,0,0,0
12917,0,1,0,0,0,0,0,0,0
12918,0,1,0,0,0,0,0,0,0
12919,0,1,0,0,0,0,0,0,0
12920,0,1,0,0,0,0,0,0,0
12921,0,1,0,0,0,0,0,0,0
12922,0,1,0,0,0,0,0,0,0
12923,0,1,0,0,0,0,0,0,0
12924,0,1,0,0,0,0,0,0,0
12925,0,1,0,0,0,0,0,0,0
12926,0,1,0,0,0,0,0,0,0
12927,0,1,0,0,0,0,0,0,0
12928,0,1,0,0,0,0,0,0,0
12929,0,1,0,0,0,0,0,0,0
12930,0,1,0,0,0,0,0,0,0
12931,0,1,0,0,0,0,0,0,0
12932,0,1,0,0,0,0,0,0,0
12933,0,1,0,0,0,0,0,0,0
12934,0,1,0,0,0,0,0,0,0
12935,0,1,0,0,0,0,0,0,0
12936,0,1,0,0,0,0,0,0,0
12937,0,1,0,0,0,0,0,0,0
12938,0,1,0,0,0,0,0,0,0
12939,0,1,0,0,0,0,0,0,0
12940,0,1,0,0,0,0,0,0,0
12941,0,1,0,0,0,0,0,0,0
12942,0,1,0,0,0,0,0,0,0
12943,0,1,0,0,0,0,0,0,0
12944,0,1,0,0,0,0,0,0,0
12945,0,1,0,0,0,0,0,0,0
12946,0,1,0,0,0,0,0,0,0
12947,0,1,0,0,0,0,0,0,0
12948,0,1,0,0,0,0,0,0,0
12949,0,1,0,0,0,0,0,0,0
12950,0,1,0,0,0,0,0,0,0
12951,0,1,0,0,0,0,0,0,0
12952,0,1,0,0,0,0,0,0,0
12953,0,1,0,0,0,0,0,0,0
12954,0,1,0,0,0,0,0,0,0
12955,0,1,0,0,0,0,0,0,0
12956,0,1,0,0,0,0,0,0,0
12957,0,1,0,0,0,0,0,0,0
12958,0,1,0,0,0,0,0,0,0
12959,0,1,0,0,0,0,0,0,0
12960,0,1,0,0,0,0,0,0,0
12961,0,1,0,0,0,0,0,0,0
12962,0,1,0,0,0,0,0,0,0
12963,0,1,0,0,0,0,0,0,0
12964,0,1,0,0,0,0,0,0,0
12965,0,1,0,0,0,0,0,0,0
12966,0,1,0,0,0,0,0,0,0
12967,0,1,0,0,0,0,0,0,0
12968,0,1,0,0,0,0,0,0,0
12969,0,1,0,0,0,0,0,0,0
12970,0,1,0,0,0,0,0,0,0
12971,0,1,0,0,0,0,0,0,0
12972,0,1,0,0,0,0,0,0,0
12973,0,1,0,0,0,0,0,0,0
12974,0,1,0,0,0,0,0,0,0
12975,0,1,0,0,0,0,0,0,0
12976,0,1,0,0,0,0,0,0,0
12977,0,1,0,0,0,0,0,0,0
12978,0,1,0,0,0,0,0,0,0
12979,0,1,0,0,0,0,0,0,0
12980,0,1,0,0,0,0,0,0,0
12981,0,1,0,0,0,0,0,0,0
12982,0,1,0,0,0,0,0,0,0
12983,0,1,0,0,0,0,0,0,0
12984,0,1,0,0,0,0,0,0,0
12985,0,1,0,0,0,0,0,0,0
12986,0,1,0,0,0,0,0,0,0
12987,0,1,0,0,0,0,0,0,0
12988,0,1,0,0,0,0,0,0,0
12989,0,1,0,0,0,0,0,0,0
12990,0,1,0,0,0,0,0,0,0
12991,0,1,0,0,0,0,0,0,0
12992,0,1,0,0,0,0,0,0,0
12993,0,1,0,0,0,0,0,0,0
12994,0,1,0,0,0,0,0,0,0
12995,0,1,0,0,0,0,0,0,0
12996,0,1,0,0,0,0,0,0,0
12997,0,1,0,0,0,0,0,0,0
12998,0,1,0,0,0,0,0,0,0
12999,0,1,0,0,0,0,0,0,0
13000,0,1,0,0,0,0,0,0,0
13001,0,1,0,0,0,0,0,0,0
13002,0,1,0,0,0,0,0,0,0
13003,0,1,0,0,0,0,0,0,0
13004,0,1,0,0,0,0,0,0,0
13005,0,1,0,0,0,0,0,0,0
13006,0,1,0,0,0,0,0,0,0
13007,0,1,0,0,0,0,0,0,0
13008,0,1,0,0,0,0,0,0,0
13009,0,1,0,0,0,0,0,0,0
13010,0,1,0,0,0,0,0,0,0
13011,0,1,0,0,0,0,0,0,0
13012,0,1,0,0,0,0,0,0,0
13013,0,1,0,0,0,0,0,0,0
13014,0,1,0,0,0,0,0,0,0
13015,0,1,0,0,0,0,0,0,0
13016,0,1,0,0,0,0,0,0,0
13017,0,1,0,0,0,0,0,0,0
13018,0,1,0,0,0,0,0,0,0
13019,0,1,0,0,0,0,0,0,0
13020,0,1,0,0,0,0,0,0,0
13021,0,1,0,0,0,0,0,0,0
13022,0,1,0,0,0,0,0,0,0
13023,0,1,0,0,0,0,0,0,0
13024,0,1,0,0,0,0,0,0,0
13025,0,1,0,0,0,0,0,0,0
13026,0,1,0,0,0,0,0,0,0
13027,0,1,0,0,0,0,0,0,0
13028,0,1,0,0,0,0,0,0,0
13029,0,1,0,0,0,0,0,0,0
13030,0,1,0,0,0,0,0,0,0
13031,0,1,0,0,0,0,0,0,0
13032,0,1,0,0,0,0,0,0,0
13033,0,1,0,0,0,0,0,0,0
13034,0,1,0,0,0,0,0,0,0
13035,0,1,0,0,0,0,0,0,0
13036,0,1,0,0,0,0,0,0,0
13037,0,1,0,0,0,0,0,0,0
13038,0,1,0,0,0,0,0,0,0
13039,0,1,0,0,0,0,0,0,0
13040,0,1,0,0,0,0,0,0,0
13041,0,1,0,0,0,0,0,0,0
13042,0,1,0,0,0,0,0,0,0
13043,0,1,0,0,0,0,0,0,0
13044,0,1,0,0,0,0,0,0,0
13045,0,1,0,0,0,0,0,0,0
13046,0,1,0,0,0,0,0,0,0
13047,0,1,0,0,0,0,0,0,0
13048,0,1,0,0,0,0,0,0,0
13049,0,1,0,0,0,0,0,0,0
13050,0,1,0,0,0,0,0,0,0
13051,0,1,0,0,0,0,0,0,0
13052,0,1,0,0,0,0,0,0,0
13053,0,1,0,0,0,0,0,0,0
13054,0,1,0,0,0,0,0,0,0
13055,0,1,0,0,0,0,0,0,0
13056,0,1,0,0,0,0,0,0,0
13057,0,1,0,0,0,0,0,0,0
13058,0,1,0,0,0,0,0,0,0
13059,0,1,0,0,0,0,0,0,0
13060,0,1,0,0,0,0,0,0,0
13061,0,1,0,0,0,0,0,0,0
13062,0,1,0,0,0,0,0,0,0
13063,0,1,0,0,0,0,0,0,0
13064,0,1,0,0,0,0,0,0,0
13065,0,1,0,0,0,0,0,0,0
13066,0,1,0,0,0,0,0,0,0
13067,0,1,0,0,0,0,0,0,0
13068,0,1,0,0,0,0,0,0,0
13069,0,1,0,0,0,0,0,0,0
13070,0,1,0,0,0,0,0,0,0
13071,0,1,0,0,0,0,0,0,0
13072,0,1,0,0,0,0,0,0,0
13073,0,1,0,0,0,0,0,0,0
13074,0,1,0,0,0,0,0,0,0
13075,0,1,0,0,0,0,0,0,0
13076,0,1,0,0,0,0,0,0,0
13077,0,1,0,0,0,0,0,0,0
13078,0,1,0,0,0,0,0,0,0
13079,0,1,0,0,0,0,0,0,0
13080,0,1,0,0,0,0,0,0,0
13081,0,1,0,0,0,0,0,0,0
13082,0,1,0,0,0,0,0,0,0
13083,0,1,0,0,0,0,0,0,0
13084,0,1,0,0,0,0,0,0,0
13085,0,1,0,0,0,0,0,0,0
13086,0,1,0,0,0,0,0,0,0
13087,0,1,0,0,0,0,0,0,0
13088,0,1,0,0,0,0,0,0,0
13089,0,1,0,0,0,0,0,0,0
13090,0,1,0,0,0,0,0,0,0
13091,0,1,0,0,0,0,0,0,0
13092,0,1,0,0,0,0,0,0,0
13093,0,1,0,0,0,0,0,0,0
13094,0,1,0,0,0,0,0,0,0
13095,0,1,0,0,0,0,0,0,0
13096,0,1,0,0,0,0,0,0,0
13097,0,1,0,0,0,0,0,0,0
13098,0,1,0,0,0,0,0,0,0
13099,0,1,0,0,0,0,0,0,0
13100,0,1,0,0,0,0,0,0,0
13101,0,1,0,0,0,0,0,0,0
13102,0,1,0,0,0,0,0,0,0
13103,0,1,0,0,0,0,0,0,0
13104,0,1,0,0,0,0,0,0,0
13105,0,1,0,0,0,0,0,0,0
13106,0,1,0,0,0,0,0,0,0
13107,0,1,0,0,0,0,0,0,0
13108,0,1,0,0,0,0,0,0,0
13109,0,1,0,0,0,0,0,0,0
13110,0,1,0,0,0,0,0,0,0
13111,0,1,0,0,0,0,0,0,0
13112,0,1,0,0,0,0,0,0,0
13113,0,1,0,0,0,0,0,0,0
13114,0,1,0,0,0,0,0,0,0
13115,0,1,0,0,0,0,0,0,0
13116,0,1,0,0,0,0,0,0,0
13117,0,1,0,0,0,0,0,0,0
13118,0,1,0,0,0,0,0,0,0
13119,0,1,0,0,0,0,0,0,0
13120,0,1,0,0,0,0,0,0,0
13121,0,1,0,0,0,0,0,0,0
13122,0,1,0,0,0,0,0,0,0
13123,0,1,0,0,0,0,0,0,0
13124,0,1,0,0,0,0,0,0,0
13125,0,1,0,0,0,0,0,0,0
13126,0,1,0,0,0,0,0,0,0
13127,0,1,0,0,0,0,0,0,0
13128,0,1,0,0,0,0,0,0,0
13129,0,1,0,0,0,0,0,0,0
13130,0,1,0,0,0,0,0,0,0
13131,0,1,0,0,0,0,0,0,0
13132,0,1,0,0,0,0,0,0,0
13133,0,1,0,0,0,0,0,0,0
13134,0,1,0,0,0,0,0,0,0
13135,0,1,0,0,0,0,0,0,0
13136,0,1,0,0,0,0,0,0,0
13137,0,1,0,0,0,0,0,0,0
13138,0,1,0,0,0,0,0,0,0
13139,0,1,0,0,0,0,0,0,0
13140,0,1,0,0,0,0,0,0,0
13141,0,1,0,0,0,0,0,0,0
13142,0,1,0,0,0,0,0,0,0
13143,0,1,0,0,0,0,0,0,0
13144,0,1,0,0,0,0,0,0,0
13145,0,1,0,0,0,0,0,0,0
13146,0,1,0,0,0,0,0,0,0
13147,0,1,0,0,0,0,0,0,0
13148,0,1,0,0,0,0,0,0,0
13149,0,1,0,0,0,0,0,0,0
13150,0,1,0,0,0,0,0,0,0
13151,0,1,0,0,0,0,0,0,0
13152,0,1,0,0,0,0,0,0,0
13153,0,1,0,0,0,0,0,0,0
13154,0,1,0,0,0,0,0,0,0
13155,0,1,0,0,0,0,0,0,0
13156,0,1,0,0,0,0,0,0,0
13157,0,1,0,0,0,0,0,0,0
13158,0,1,0,0,0,0,0,0,0
13159,0,1,0,0,0,0,0,0,0
13160,0,1,0,0,0,0,0,0,0
13161,0,1,0,0,0,0,0,0,0
13162,0,1,0,0,0,0,0,0,0
13163,0,1,0,0,0,0,0,0,0
13164,0,1,0,0,0,0,0,0,0
13165,0,1,0,0,0,0,0,0,0
13166,0,1,0,0,0,0,0,0,0
13167,0,1,0,0,0,0,0,0,0
13168,0,1,0,0,0,0,0,0,0
13169,0,1,0,0,0,0,0,0,0
13170,0,1,0,0,0,0,0,0,0
13171,0,1,0,0,0,0,0,0,0
13172,0,1,0,0,0,0,0,0,0
13173,0,1,0,0,0,0,0,0,0
13174,0,1,0,0,0,0,0,0,0
13175,0,1,0,0,0,0,0,0,0
13176,0,1,0,0,0,0,0,0,0
13177,0,1,0,0,0,0,0,0,0
13178,0,1,0,0,0,0,0,0,0
13179,0,1,0,0,0,0,0,0,0
13180,0,1,0,0,0,0,0,0,0
13181,0,1,0,0,0,0,0,0,0
13182,0,1,0,0,0,0,0,0,0
13183,0,1,0,0,0,0,0,0,0
13184,0,1,0,0,0,0,0,0,0
13185,0,1,0,0,0,0,0,0,0
13186,0,1,0,0,0,0,0,0,0
13187,0,1,0,0,0,0,0,0,0
13188,0,1,0,0,0,0,0,0,0
13189,0,1,0,0,0,0,0,0,0
13190,0,1,0,0,0,0,0,0,0
13191,0,1,0,0,0,0,0,0,0
13192,0,1,0,0,0,0,0,0,0
13193,0,1,0,0,0,0,0,0,0
13194,0,1,0,0,0,0,0,0,0
13195,0,1,0,0,0,0,0,0,0
13196,0,1,0,0,0,0,0,0,0
13197,0,1,0,0,0,0,0,0,0
13198,0,1,0,0,0,0,0,0,0
13199,0,1,0,0,0,0,0,0,0
13200,0,1,0,0,0,0,0,0,0
13201,0,1,0,0,0,0,0,0,0
13202,0,1,0,0,0,0,0,0,0
13203,0,1,0,0,0,0,0,0,0
13204,0,1,0,0,0,0,0,0,0
13205,0,1,0,0,0,0,0,0,0
13206,0,1,0,0,0,0,0,0,0
13207,0,1,0,0,0,0,0,0,0
13208,0,1,0,0,0,0,0,0,0
13209,0,1,0,0,0,0,0,0,0
13210,0,1,0,0,0,0,0,0,0
13211,0,1,0,0,0,0,0,0,0
13212,0,1,0,0,0,0,0,0,0
13213,0,1,0,0,0,0,0,0,0
13214,0,1,0,0,0,0,0,0,0
13215,0,1,0,0,0,0,0,0,0
13216,0,1,0,0,0,0,0,0,0
13217,0,1,0,0,0,0,0,0,0
13218,0,1,0,0,0,0,0,0,0
13219,0,1,0,0,0,0,0,0,0
13220,0,1,0,0,0,0,0,0,0
13221,0,1,0,0,0,0,0,0,0
13222,0,1,0,0,0,0,0,0,0
13223,0,1,0,0,0,0,0,0,0
13224,0,1,0,0,0,0,0,0,0
13225,0,1,0,0,0,0,0,0,0
13226,0,1,0,0,0,0,0,0,0
13227,0,1,0,0,0,0,0,0,0
13228,0,1,0,0,0,0,0,0,0
13229,0,1,0,0,0,0,0,0,0
13230,0,1,0,0,0,0,0,0,0
13231,0,1,0,0,0,0,0,0,0
13232,0,1,0,0,0,0,0,0,0
13233,0,1,0,0,0,0,0,0,0
13234,0,1,0,0,0,0,0,0,0
13235,0,1,0,0,0,0,0,0,0
13236,0,1,0,0,0,0,0,0,0
13237,0,1,0,0,0,0,0,0,0
13238,0,1,0,0,0,0,0,0,0
13239,0,1,0,0,0,0,0,0,0
13240,0,1,0,0,0,0,0,0,0
13241,0,1,0,0,0,0,0,0,0
13242,0,1,0,0,0,0,0,0,0
13243,0,1,0,0,0,0,0,0,0
13244,0,1,0,0,0,0,0,0,0
13245,0,1,0,0,0,0,0,0,0
13246,0,1,0,0,0,0,0,0,0
13247,0,1,0,0,0,0,0,0,0
13248,0,1,0,0,0,0,0,0,0
13249,0,1,0,0,0,0,0,0,0
13250,0,1,0,0,0,0,0,0,0
13251,0,1,0,0,0,0,0,0,0
13252,0,1,0,0,0,0,0,0,0
13253,0,1,0,0,0,0,0,0,0
13254,0,1,0,0,0,0,0,0,0
13255,0,1,0,0,0,0,0,0,0
13256,0,1,0,0,0,0,0,0,0
13257,0,1,0,0,0,0,0,0,0
13258,0,1,0,0,0,0,0,0,0
13259,0,1,0,0,0,0,0,0,0
13260,0,1,0,0,0,0,0,0,0
13261,0,1,0,0,0,0,0,0,0
13262,0,1,0,0,0,0,0,0,0
13263,0,1,0,0,0,0,0,0,0
13264,0,1,0,0,0,0,0,0,0
13265,0,1,0,0,0,0,0,0,0
13266,0,1,0,0,0,0,0,0,0
13267,0,1,0,0,0,0,0,0,0
13268,0,1,0,0,0,0,0,0,0
13269,0,1,0,0,0,0,0,0,0
13270,0,1,0,0,0,0,0,0,0
13271,0,1,0,0,0,0,0,0,0
13272,0,1,0,0,0,0,0,0,0
13273,0,1,0,0,0,0,0,0,0
13274,0,1,0,0,0,0,0,0,0
13275,0,1,0,0,0,0,0,0,0
13276,0,1,0,0,0,0,0,0,0
13277,0,1,0,0,0,0,0,0,0
13278,0,1,0,0,0,0,0,0,0
13279,0,1,0,0,0,0,0,0,0
13280,0,1,0,0,0,0,0,0,0
13281,0,1,0,0,0,0,0,0,0
13282,0,1,0,0,0,0,0,0,0
13283,0,1,0,0,0,0,0,0,0
13284,0,1,0,0,0,0,0,0,0
13285,0,1,0,0,0,0,0,0,0
13286,0,1,0,0,0,0,0,0,0
13287,0,1,0,0,0,0,0,0,0
13288,0,1,0,0,0,0,0,0,0
13289,0,1,0,0,0,0,0,0,0
13290,0,1,0,0,0,0,0,0,0
13291,0,1,0,0,0,0,0,0,0
13292,0,1,0,0,0,0,0,0,0
13293,0,1,0,0,0,0,0,0,0
13294,0,1,0,0,0,0,0,0,0
13295,0,1,0,0,0,0,0,0,0
13296,0,1,0,0,0,0,0,0,0
13297,0,1,0,0,0,0,0,0,0
13298,0,1,0,0,0,0,0,0,0
13299,0,1,0,0,0,0,0,0,0
13300,0,1,0,0,0,0,0,0,0
13301,0,1,0,0,0,0,0,0,0
13302,0,1,0,0,0,0,0,0,0
13303,0,1,0,0,0,0,0,0,0
13304,0,1,0,0,0,0,0,0,0
13305,0,1,0,0,0,0,0,0,0
13306,0,1,0,0,0,0,0,0,0
13307,0,1,0,0,0,0,0,0,0
13308,0,1,0,0,0,0,0,0,0
13309,0,1,0,0,0,0,0,0,0
13310,0,1,0,0,0,0,0,0,0
13311,0,1,0,0,0,0,0,0,0
13312,0,1,0,0,0,0,0,0,0
13313,0,1,0,0,0,0,0,0,0
13314,0,1,0,0,0,0,0,0,0
13315,0,1,0,0,0,0,0,0,0
13316,0,1,0,0,0,0,0,0,0
13317,0,1,0,0,0,0,0,0,0
13318,0,1,0,0,0,0,0,0,0
13319,0,1,0,0,0,0,0,0,0
13320,0,1,0,0,0,0,0,0,0
13321,0,1,0,0,0,0,0,0,0
13322,0,1,0,0,0,0,0,0,0
13323,0,1,0,0,0,0,0,0,0
13324,0,1,0,0,0,0,0,0,0
13325,0,1,0,0,0,0,0,0,0
13326,0,1,0,0,0,0,0,0,0
13327,0,1,0,0,0,0,0,0,0
13328,0,1,0,0,0,0,0,0,0
13329,0,1,0,0,0,0,0,0,0
13330,0,1,0,0,0,0,0,0,0
13331,0,1,0,0,0,0,0,0,0
13332,0,1,0,0,0,0,0,0,0
13333,0,1,0,0,0,0,0,0,0
13334,0,1,0,0,0,0,0,0,0
13335,0,1,0,0,0,0,0,0,0
13336,0,1,0,0,0,0,0,0,0
13337,0,1,0,0,0,0,0,0,0
13338,0,1,0,0,0,0,0,0,0
13339,0,1,0,0,0,0,0,0,0
13340,0,1,0,0,0,0,0,0,0
13341,0,1,0,0,0,0,0,0,0
13342,0,1,0,0,0,0,0,0,0
13343,0,1,0,0,0,0,0,0,0
13344,0,1,0,0,0,0,0,0,0
13345,0,1,0,0,0,0,0,0,0
13346,0,1,0,0,0,0,0,0,0
13347,0,1,0,0,0,0,0,0,0
13348,0,1,0,0,0,0,0,0,0
13349,0,1,0,0,0,0,0,0,0
13350,0,1,0,0,0,0,0,0,0
13351,0,1,0,0,0,0,0,0,0
13352,0,1,0,0,0,0,0,0,0
13353,0,1,0,0,0,0,0,0,0
13354,0,1,0,0,0,0,0,0,0
13355,0,1,0,0,0,0,0,0,0
13356,0,1,0,0,0,0,0,0,0
13357,0,1,0,0,0,0,0,0,0
13358,0,1,0,0,0,0,0,0,0
13359,0,1,0,0,0,0,0,0,0
13360,0,1,0,0,0,0,0,0,0
13361,0,1,0,0,0,0,0,0,0
13362,0,1,0,0,0,0,0,0,0
13363,0,1,0,0,0,0,0,0,0
13364,0,1,0,0,0,0,0,0,0
13365,0,1,0,0,0,0,0,0,0
13366,0,1,0,0,0,0,0,0,0
13367,0,1,0,0,0,0,0,0,0
13368,0,1,0,0,0,0,0,0,0
13369,0,1,0,0,0,0,0,0,0
13370,0,1,0,0,0,0,0,0,0
13371,0,1,0,0,0,0,0,0,0
13372,0,1,0,0,0,0,0,0,0
13373,0,1,0,0,0,0,0,0,0
13374,0,1,0,0,0,0,0,0,0
13375,0,1,0,0,0,0,0,0,0
13376,0,1,0,0,0,0,0,0,0
13377,0,1,0,0,0,0,0,0,0
13378,0,1,0,0,0,0,0,0,0
13379,0,1,0,0,0,0,0,0,0
13380,0,1,0,0,0,0,0,0,0
13381,0,1,0,0,0,0,0,0,0
13382,0,1,0,0,0,0,0,0,0
13383,0,1,0,0,0,0,0,0,0
13384,0,1,0,0,0,0,0,0,0
13385,0,1,0,0,0,0,0,0,0
13386,0,1,0,0,0,0,0,0,0
13387,0,1,0,0,0,0,0,0,0
13388,0,1,0,0,0,0,0,0,0
13389,0,1,0,0,0,0,0,0,0
13390,0,1,0,0,0,0,0,0,0
13391,0,1,0,0,0,0,0,0,0
13392,0,1,0,0,0,0,0,0,0
13393,0,1,0,0,0,0,0,0,0
13394,0,1,0,0,0,0,0,0,0
13395,0,1,0,0,0,0,0,0,0
13396,0,1,0,0,0,0,0,0,0
13397,0,1,0,0,0,0,0,0,0
13398,0,1,0,0,0,0,0,0,0
13399,0,1,0,0,0,0,0,0,0
13400,0,1,0,0,0,0,0,0,0
13401,0,1,0,0,0,0,0,0,0
13402,0,1,0,0,0,0,0,0,0
13403,0,1,0,0,0,0,0,0,0
13404,0,1,0,0,0,0,0,0,0
13405,0,1,0,0,0,0,0,0,0
13406,0,1,0,0,0,0,0,0,0
13407,0,1,0,0,0,0,0,0,0
13408,0,1,0,0,0,0,0,0,0
13409,0,1,0,0,0,0,0,0,0
13410,0,1,0,0,0,0,0,0,0
13411,0,1,0,0,0,0,0,0,0
13412,0,1,0,0,0,0,0,0,0
13413,0,1,0,0,0,0,0,0,0
13414,0,1,0,0,0,0,0,0,0
13415,0,1,0,0,0,0,0,0,0
13416,0,1,0,0,0,0,0,0,0
13417,0,1,0,0,0,0,0,0,0
13418,0,1,0,0,0,0,0,0,0
13419,0,1,0,0,0,0,0,0,0
13420,0,1,0,0,0,0,0,0,0
13421,0,1,0,0,0,0,0,0,0
13422,0,1,0,0,0,0,0,0,0
13423,0,1,0,0,0,0,0,0,0
13424,0,1,0,0,0,0,0,0,0
13425,0,1,0,0,0,0,0,0,0
13426,0,1,0,0,0,0,0,0,0
13427,0,1,0,0,0,0,0,0,0
13428,0,1,0,0,0,0,0,0,0
13429,0,1,0,0,0,0,0,0,0
13430,0,1,0,0,0,0,0,0,0
13431,0,1,0,0,0,0,0,0,0
13432,0,1,0,0,0,0,0,0,0
13433,0,1,0,0,0,0,0,0,0
13434,0,1,0,0,0,0,0,0,0
13435,0,1,0,0,0,0,0,0,0
13436,0,1,0,0,0,0,0,0,0
13437,0,1,0,0,0,0,0,0,0
13438,0,1,0,0,0,0,0,0,0
13439,0,1,0,0,0,0,0,0,0
13440,0,1,0,0,0,0,0,0,0
13441,0,1,0,0,0,0,0,0,0
13442,0,1,0,0,0,0,0,0,0
13443,0,1,0,0,0,0,0,0,0
13444,0,1,0,0,0,0,0,0,0
13445,0,1,0,0,0,0,0,0,0
13446,0,1,0,0,0,0,0,0,0
13447,0,1,0,0,0,0,0,0,0
13448,0,1,0,0,0,0,0,0,0
13449,0,1,0,0,0,0,0,0,0
13450,0,1,0,0,0,0,0,0,0
13451,0,1,0,0,0,0,0,0,0
13452,0,1,0,0,0,0,0,0,0
13453,0,1,0,0,0,0,0,0,0
13454,0,1,0,0,0,0,0,0,0
13455,0,1,0,0,0,0,0,0,0
13456,0,1,0,0,0,0,0,0,0
13457,0,1,0,0,0,0,0,0,0
13458,0,1,0,0,0,0,0,0,0
13459,0,1,0,0,0,0,0,0,0
13460,0,1,0,0,0,0,0,0,0
13461,0,1,0,0,0,0,0,0,0
13462,0,1,0,0,0,0,0,0,0
13463,0,1,0,0,0,0,0,0,0
13464,0,1,0,0,0,0,0,0,0
13465,0,1,0,0,0,0,0,0,0
13466,0,1,0,0,0,0,0,0,0
13467,0,1,0,0,0,0,0,0,0
13468,0,1,0,0,0,0,0,0,0
13469,0,1,0,0,0,0,0,0,0
13470,0,1,0,0,0,0,0,0,0
13471,0,1,0,0,0,0,0,0,0
13472,0,1,0,0,0,0,0,0,0
13473,0,1,0,0,0,0,0,0,0
13474,0,1,0,0,0,0,0,0,0
13475,0,1,0,0,0,0,0,0,0
13476,0,1,0,0,0,0,0,0,0
13477,0,1,0,0,0,0,0,0,0
13478,0,1,0,0,0,0,0,0,0
13479,0,1,0,0,0,0,0,0,0
13480,0,1,0,0,0,0,0,0,0
13481,0,1,0,0,0,0,0,0,0
13482,0,1,0,0,0,0,0,0,0
13483,0,1,0,0,0,0,0,0,0
13484,0,1,0,0,0,0,0,0,0
13485,0,1,0,0,0,0,0,0,0
13486,0,1,0,0,0,0,0,0,0
13487,0,1,0,0,0,0,0,0,0
13488,0,1,0,0,0,0,0,0,0
13489,0,1,0,0,0,0,0,0,0
13490,0,1,0,0,0,0,0,0,0
13491,0,1,0,0,0,0,0,0,0
13492,0,1,0,0,0,0,0,0,0
13493,0,1,0,0,0,0,0,0,0
13494,0,1,0,0,0,0,0,0,0
13495,0,1,0,0,0,0,0,0,0
13496,0,1,0,0,0,0,0,0,0
13497,0,1,0,0,0,0,0,0,0
13498,0,1,0,0,0,0,0,0,0
13499,0,1,0,0,0,0,0,0,0
13500,0,1,0,0,0,0,0,0,0
13501,0,1,0,0,0,0,0,0,0
13502,0,1,0,0,0,0,0,0,0
13503,0,1,0,0,0,0,0,0,0
13504,0,1,0,0,0,0,0,0,0
13505,0,1,0,0,0,0,0,0,0
13506,0,1,0,0,0,0,0,0,0
13507,0,1,0,0,0,0,0,0,0
13508,0,1,0,0,0,0,0,0,0
13509,0,1,0,0,0,0,0,0,0
13510,0,1,0,0,0,0,0,0,0
13511,0,1,0,0,0,0,0,0,0
13512,0,1,0,0,0,0,0,0,0
13513,0,1,0,0,0,0,0,0,0
13514,0,1,0,0,0,0,0,0,0
13515,0,1,0,0,0,0,0,0,0
13516,0,1,0,0,0,0,0,0,0
13517,0,1,0,0,0,0,0,0,0
13518,0,1,0,0,0,0,0,0,0
13519,0,1,0,0,0,0,0,0,0
13520,0,1,0,0,0,0,0,0,0
13521,0,1,0,0,0,0,0,0,0
13522,0,1,0,0,0,0,0,0,0
13523,0,1,0,0,0,0,0,0,0
13524,0,1,0,0,0,0,0,0,0
13525,0,1,0,0,0,0,0,0,0
13526,0,1,0,0,0,0,0,0,0
13527,0,1,0,0,0,0,0,0,0
13528,0,1,0,0,0,0,0,0,0
13529,0,1,0,0,0,0,0,0,0
13530,0,1,0,0,0,0,0,0,0
13531,0,1,0,0,0,0,0,0,0
13532,0,1,0,0,0,0,0,0,0
13533,0,1,0,0,0,0,0,0,0
13534,0,1,0,0,0,0,0,0,0
13535,0,1,0,0,0,0,0,0,0
13536,0,1,0,0,0,0,0,0,0
13537,0,1,0,0,0,0,0,0,0
13538,0,1,0,0,0,0,0,0,0
13539,0,1,0,0,0,0,0,0,0
13540,0,1,0,0,0,0,0,0,0
13541,0,1,0,0,0,0,0,0,0
13542,0,1,0,0,0,0,0,0,0
13543,0,1,0,0,0,0,0,0,0
13544,0,1,0,0,0,0,0,0,0
13545,0,1,0,0,0,0,0,0,0
13546,0,1,0,0,0,0,0,0,0
13547,0,1,0,0,0,0,0,0,0
13548,0,1,0,0,0,0,0,0,0
13549,0,1,0,0,0,0,0,0,0
13550,0,1,0,0,0,0,0,0,0
13551,0,1,0,0,0,0,0,0,0
13552,0,1,0,0,0,0,0,0,0
13553,0,1,0,0,0,0,0,0,0
13554,0,1,0,0,0,0,0,0,0
13555,0,1,0,0,0,0,0,0,0
13556,0,1,0,0,0,0,0,0,0
13557,0,1,0,0,0,0,0,0,0
13558,0,1,0,0,0,0,0,0,0
13559,0,1,0,0,0,0,0,0,0
13560,0,1,0,0,0,0,0,0,0
13561,0,1,0,0,0,0,0,0,0
13562,0,1,0,0,0,0,0,0,0
13563,0,1,0,0,0,0,0,0,0
13564,0,1,0,0,0,0,0,0,0
13565,0,1,0,0,0,0,0,0,0
13566,0,1,0,0,0,0,0,0,0
13567,0,1,0,0,0,0,0,0,0
13568,0,1,0,0,0,0,0,0,0
13569,0,1,0,0,0,0,0,0,0
13570,0,1,0,0,0,0,0,0,0
13571,0,1,0,0,0,0,0,0,0
13572,0,1,0,0,0,0,0,0,0
13573,0,1,0,0,0,0,0,0,0
13574,0,1,0,0,0,0,0,0,0
13575,0,1,0,0,0,0,0,0,0
13576,0,1,0,0,0,0,0,0,0
13577,0,1,0,0,0,0,0,0,0
13578,0,1,0,0,0,0,0,0,0
13579,0,1,0,0,0,0,0,0,0
13580,0,1,0,0,0,0,0,0,0
13581,0,1,0,0,0,0,0,0,0
13582,0,1,0,0,0,0,0,0,0
13583,0,1,0,0,0,0,0,0,0
13584,0,1,0,0,0,0,0,0,0
13585,0,1,0,0,0,0,0,0,0
13586,0,1,0,0,0,0,0,0,0
13587,0,1,0,0,0,0,0,0,0
13588,0,1,0,0,0,0,0,0,0
13589,0,1,0,0,0,0,0,0,0
13590,0,1,0,0,0,0,0,0,0
13591,0,1,0,0,0,0,0,0,0
13592,0,1,0,0,0,0,0,0,0
13593,0,1,0,0,0,0,0,0,0
13594,0,1,0,0,0,0,0,0,0
13595,0,1,0,0,0,0,0,0,0
13596,0,1,0,0,0,0,0,0,0
13597,0,1,0,0,0,0,0,0,0
13598,0,1,0,0,0,0,0,0,0
13599,0,1,0,0,0,0,0,0,0
13600,0,1,0,0,0,0,0,0,0
13601,0,1,0,0,0,0,0,0,0
13602,0,1,0,0,0,0,0,0,0
13603,0,1,0,0,0,0,0,0,0
13604,0,1,0,0,0,0,0,0,0
13605,0,1,0,0,0,0,0,0,0
13606,0,1,0,0,0,0,0,0,0
13607,0,1,0,0,0,0,0,0,0
13608,0,1,0,0,0,0,0,0,0
13609,0,1,0,0,0,0,0,0,0
13610,0,1,0,0,0,0,0,0,0
13611,0,1,0,0,0,0,0,0,0
13612,0,1,0,0,0,0,0,0,0
13613,0,1,0,0,0,0,0,0,0
13614,0,1,0,0,0,0,0,0,0
13615,0,1,0,0,0,0,0,0,0
13616,0,1,0,0,0,0,0,0,0
13617,0,1,0,0,0,0,0,0,0
13618,0,1,0,0,0,0,0,0,0
13619,0,1,0,0,0,0,0,0,0
13620,0,1,0,0,0,0,0,0,0
13621,0,1,0,0,0,0,0,0,0
13622,0,1,0,0,0,0,0,0,0
13623,0,1,0,0,0,0,0,0,0
13624,0,1,0,0,0,0,0,0,0
13625,0,1,0,0,0,0,0,0,0
13626,0,1,0,0,0,0,0,0,0
13627,0,1,0,0,0,0,0,0,0
13628,0,1,0,0,0,0,0,0,0
13629,0,1,0,0,0,0,0,0,0
13630,0,1,0,0,0,0,0,0,0
13631,0,1,0,0,0,0,0,0,0
13632,0,1,0,0,0,0,0,0,0
13633,0,1,0,0,0,0,0,0,0
13634,0,1,0,0,0,0,0,0,0
13635,0,1,0,0,0,0,0,0,0
13636,0,1,0,0,0,0,0,0,0
13637,0,1,0,0,0,0,0,0,0
13638,0,1,0,0,0,0,0,0,0
13639,0,1,0,0,0,0,0,0,0
13640,0,1,0,0,0,0,0,0,0
13641,0,1,0,0,0,0,0,0,0
13642,0,1,0,0,0,0,0,0,0
13643,0,1,0,0,0,0,0,0,0
13644,0,1,0,0,0,0,0,0,0
13645,0,1,0,0,0,0,0,0,0
13646,0,1,0,0,0,0,0,0,0
13647,0,1,0,0,0,0,0,0,0
13648,0,1,0,0,0,0,0,0,0
13649,0,1,0,0,0,0,0,0,0
13650,0,1,0,0,0,0,0,0,0
13651,0,1,0,0,0,0,0,0,0
13652,0,1,0,0,0,0,0,0,0
13653,0,1,0,0,0,0,0,0,0
13654,0,1,0,0,0,0,0,0,0
13655,0,1,0,0,0,0,0,0,0
13656,0,1,0,0,0,0,0,0,0
13657,0,1,0,0,0,0,0,0,0
13658,0,1,0,0,0,0,0,0,0
13659,0,1,0,0,0,0,0,0,0
13660,0,1,0,0,0,0,0,0,0
13661,0,1,0,0,0,0,0,0,0
13662,0,1,0,0,0,0,0,0,0
13663,0,1,0,0,0,0,0,0,0
13664,0,1,0,0,0,0,0,0,0
13665,0,1,0,0,0,0,0,0,0
13666,0,1,0,0,0,0,0,0,0
13667,0,1,0,0,0,0,0,0,0
13668,0,1,0,0,0,0,0,0,0
13669,0,1,0,0,0,0,0,0,0
13670,0,1,0,0,0,0,0,0,0
13671,0,1,0,0,0,0,0,0,0
13672,0,1,0,0,0,0,0,0,0
13673,0,1,0,0,0,0,0,0,0
13674,0,1,0,0,0,0,0,0,0
13675,0,1,0,0,0,0,0,0,0
13676,0,1,0,0,0,0,0,0,0
13677,0,1,0,0,0,0,0,0,0
13678,0,1,0,0,0,0,0,0,0
13679,0,1,0,0,0,0,0,0,0
13680,0,1,0,0,0,0,0,0,0
13681,0,1,0,0,0,0,0,0,0
13682,0,1,0,0,0,0,0,0,0
13683,0,1,0,0,0,0,0,0,0
13684,0,1,0,0,0,0,0,0,0
13685,0,1,0,0,0,0,0,0,0
13686,0,1,0,0,0,0,0,0,0
13687,0,1,0,0,0,0,0,0,0
13688,0,1,0,0,0,0,0,0,0
13689,0,1,0,0,0,0,0,0,0
13690,0,1,0,0,0,0,0,0,0
13691,0,1,0,0,0,0,0,0,0
13692,0,1,0,0,0,0,0,0,0
13693,0,1,0,0,0,0,0,0,0
13694,0,1,0,0,0,0,0,0,0
13695,0,1,0,0,0,0,0,0,0
13696,0,1,0,0,0,0,0,0,0
13697,0,1,0,0,0,0,0,0,0
13698,0,1,0,0,0,0,0,0,0
13699,0,1,0,0,0,0,0,0,0
13700,0,1,0,0,0,0,0,0,0
13701,0,1,0,0,0,0,0,0,0
13702,0,1,0,0,0,0,0,0,0
13703,0,1,0,0,0,0,0,0,0
13704,0,1,0,0,0,0,0,0,0
13705,0,1,0,0,0,0,0,0,0
13706,0,1,0,0,0,0,0,0,0
13707,0,1,0,0,0,0,0,0,0
13708,0,1,0,0,0,0,0,0,0
13709,0,1,0,0,0,0,0,0,0
13710,0,1,0,0,0,0,0,0,0
13711,0,1,0,0,0,0,0,0,0
13712,0,1,0,0,0,0,0,0,0
13713,0,1,0,0,0,0,0,0,0
13714,0,1,0,0,0,0,0,0,0
13715,0,1,0,0,0,0,0,0,0
13716,0,1,0,0,0,0,0,0,0
13717,0,1,0,0,0,0,0,0,0
13718,0,1,0,0,0,0,0,0,0
13719,0,1,0,0,0,0,0,0,0
13720,0,1,0,0,0,0,0,0,0
13721,0,1,0,0,0,0,0,0,0
13722,0,1,0,0,0,0,0,0,0
13723,0,1,0,0,0,0,0,0,0
13724,0,1,0,0,0,0,0,0,0
13725,0,1,0,0,0,0,0,0,0
13726,0,1,0,0,0,0,0,0,0
13727,0,1,0,0,0,0,0,0,0
13728,0,1,0,0,0,0,0,0,0
13729,0,1,0,0,0,0,0,0,0
13730,0,1,0,0,0,0,0,0,0
13731,0,1,0,0,0,0,0,0,0
13732,0,1,0,0,0,0,0,0,0
13733,0,1,0,0,0,0,0,0,0
13734,0,1,0,0,0,0,0,0,0
13735,0,1,0,0,0,0,0,0,0
13736,0,1,0,0,0,0,0,0,0
13737,0,1,0,0,0,0,0,0,0
13738,0,1,0,0,0,0,0,0,0
13739,0,1,0,0,0,0,0,0,0
13740,0,1,0,0,0,0,0,0,0
13741,0,1,0,0,0,0,0,0,0
13742,0,1,0,0,0,0,0,0,0
13743,0,1,0,0,0,0,0,0,0
13744,0,1,0,0,0,0,0,0,0
13745,0,1,0,0,0,0,0,0,0
13746,0,1,0,0,0,0,0,0,0
13747,0,1,0,0,0,0,0,0,0
13748,0,1,0,0,0,0,0,0,0
13749,0,1,0,0,0,0,0,0,0
13750,0,1,0,0,0,0,0,0,0
13751,0,1,0,0,0,0,0,0,0
13752,0,1,0,0,0,0,0,0,0
13753,0,1,0,0,0,0,0,0,0
13754,0,1,0,0,0,0,0,0,0
13755,0,1,0,0,0,0,0,0,0
13756,0,1,0,0,0,0,0,0,0
13757,0,1,0,0,0,0,0,0,0
13758,0,1,0,0,0,0,0,0,0
13759,0,1,0,0,0,0,0,0,0
13760,0,1,0,0,0,0,0,0,0
13761,0,1,0,0,0,0,0,0,0
13762,0,1,0,0,0,0,0,0,0
13763,0,1,0,0,0,0,0,0,0
13764,0,1,0,0,0,0,0,0,0
13765,0,1,0,0,0,0,0,0,0
13766,0,1,0,0,0,0,0,0,0
13767,0,1,0,0,0,0,0,0,0
13768,0,1,0,0,0,0,0,0,0
13769,0,1,0,0,0,0,0,0,0
13770,0,1,0,0,0,0,0,0,0
13771,0,1,0,0,0,0,0,0,0
13772,0,1,0,0,0,0,0,0,0
13773,0,1,0,0,0,0,0,0,0
13774,0,1,0,0,0,0,0,0,0
13775,0,1,0,0,0,0,0,0,0
13776,0,1,0,0,0,0,0,0,0
13777,0,1,0,0,0,0,0,0,0
13778,0,1,0,0,0,0,0,0,0
13779,0,1,0,0,0,0,0,0,0
13780,0,1,0,0,0,0,0,0,0
13781,0,1,0,0,0,0,0,0,0
13782,0,1,0,0,0,0,0,0,0
13783,0,1,0,0,0,0,0,0,0
13784,0,1,0,0,0,0,0,0,0
13785,0,1,0,0,0,0,0,0,0
13786,0,1,0,0,0,0,0,0,0
13787,0,1,0,0,0,0,0,0,0
13788,0,1,0,0,0,0,0,0,0
13789,0,1,0,0,0,0,0,0,0
13790,0,1,0,0,0,0,0,0,0
13791,0,1,0,0,0,0,0,0,0
13792,0,1,0,0,0,0,0,0,0
13793,0,1,0,0,0,0,0,0,0
13794,0,1,0,0,0,0,0,0,0
13795,0,1,0,0,0,0,0,0,0
13796,0,1,0,0,0,0,0,0,0
13797,0,1,0,0,0,0,0,0,0
13798,0,1,0,0,0,0,0,0,0
13799,0,1,0,0,0,0,0,0,0
13800,0,1,0,0,0,0,0,0,0
13801,0,1,0,0,0,0,0,0,0
13802,0,1,0,0,0,0,0,0,0
13803,0,1,0,0,0,0,0,0,0
13804,0,1,0,0,0,0,0,0,0
13805,0,1,0,0,0,0,0,0,0
13806,0,1,0,0,0,0,0,0,0
13807,0,1,0,0,0,0,0,0,0
13808,0,1,0,0,0,0,0,0,0
13809,0,1,0,0,0,0,0,0,0
13810,0,1,0,0,0,0,0,0,0
13811,0,1,0,0,0,0,0,0,0
13812,0,1,0,0,0,0,0,0,0
13813,0,1,0,0,0,0,0,0,0
13814,0,1,0,0,0,0,0,0,0
13815,0,1,0,0,0,0,0,0,0
13816,0,1,0,0,0,0,0,0,0
13817,0,1,0,0,0,0,0,0,0
13818,0,1,0,0,0,0,0,0,0
13819,0,1,0,0,0,0,0,0,0
13820,0,1,0,0,0,0,0,0,0
13821,0,1,0,0,0,0,0,0,0
13822,0,1,0,0,0,0,0,0,0
13823,0,1,0,0,0,0,0,0,0
13824,0,1,0,0,0,0,0,0,0
13825,0,1,0,0,0,0,0,0,0
13826,0,1,0,0,0,0,0,0,0
13827,0,1,0,0,0,0,0,0,0
13828,0,1,0,0,0,0,0,0,0
13829,0,1,0,0,0,0,0,0,0
13830,0,1,0,0,0,0,0,0,0
13831,0,1,0,0,0,0,0,0,0
13832,0,1,0,0,0,0,0,0,0
13833,0,1,0,0,0,0,0,0,0
13834,0,1,0,0,0,0,0,0,0
13835,0,1,0,0,0,0,0,0,0
13836,0,1,0,0,0,0,0,0,0
13837,0,1,0,0,0,0,0,0,0
13838,0,1,0,0,0,0,0,0,0
13839,0,1,0,0,0,0,0,0,0
13840,0,1,0,0,0,0,0,0,0
13841,0,1,0,0,0,0,0,0,0
13842,0,1,0,0,0,0,0,0,0
13843,0,1,0,0,0,0,0,0,0
13844,0,1,0,0,0,0,0,0,0
13845,0,1,0,0,0,0,0,0,0
13846,0,1,0,0,0,0,0,0,0
13847,0,1,0,0,0,0,0,0,0
13848,0,1,0,0,0,0,0,0,0
13849,0,1,0,0,0,0,0,0,0
13850,0,1,0,0,0,0,0,0,0
13851,0,1,0,0,0,0,0,0,0
13852,0,1,0,0,0,0,0,0,0
13853,0,1,0,0,0,0,0,0,0
13854,0,1,0,0,0,0,0,0,0
13855,0,1,0,0,0,0,0,0,0
13856,0,1,0,0,0,0,0,0,0
13857,0,1,0,0,0,0,0,0,0
13858,0,1,0,0,0,0,0,0,0
13859,0,1,0,0,0,0,0,0,0
13860,0,1,0,0,0,0,0,0,0
13861,0,1,0,0,0,0,0,0,0
13862,0,1,0,0,0,0,0,0,0
13863,0,1,0,0,0,0,0,0,0
13864,0,1,0,0,0,0,0,0,0
13865,0,1,0,0,0,0,0,0,0
13866,0,1,0,0,0,0,0,0,0
13867,0,1,0,0,0,0,0,0,0
13868,0,1,0,0,0,0,0,0,0
13869,0,1,0,0,0,0,0,0,0
13870,0,1,0,0,0,0,0,0,0
13871,0,1,0,0,0,0,0,0,0
13872,0,1,0,0,0,0,0,0,0
13873,0,1,0,0,0,0,0,0,0
13874,0,1,0,0,0,0,0,0,0
13875,0,1,0,0,0,0,0,0,0
13876,0,1,0,0,0,0,0,0,0
13877,0,1,0,0,0,0,0,0,0
13878,0,1,0,0,0,0,0,0,0
13879,0,1,0,0,0,0,0,0,0
13880,0,1,0,0,0,0,0,0,0
13881,0,1,0,0,0,0,0,0,0
13882,0,1,0,0,0,0,0,0,0
13883,0,1,0,0,0,0,0,0,0
13884,0,1,0,0,0,0,0,0,0
13885,0,1,0,0,0,0,0,0,0
13886,0,1,0,0,0,0,0,0,0
13887,0,1,0,0,0,0,0,0,0
13888,0,1,0,0,0,0,0,0,0
13889,0,1,0,0,0,0,0,0,0
13890,0,1,0,0,0,0,0,0,0
13891,0,1,0,0,0,0,0,0,0
13892,0,1,0,0,0,0,0,0,0
13893,0,1,0,0,0,0,0,0,0
13894,0,1,0,0,0,0,0,0,0
13895,0,1,0,0,0,0,0,0,0
13896,0,1,0,0,0,0,0,0,0
13897,0,1,0,0,0,0,0,0,0
13898,0,1,0,0,0,0,0,0,0
13899,0,1,0,0,0,0,0,0,0
13900,0,1,0,0,0,0,0,0,0
13901,0,1,0,0,0,0,0,0,0
13902,0,1,0,0,0,0,0,0,0
13903,0,1,0,0,0,0,0,0,0
13904,0,1,0,0,0,0,0,0,0
13905,0,1,0,0,0,0,0,0,0
13906,0,1,0,0,0,0,0,0,0
13907,0,1,0,0,0,0,0,0,0
13908,0,1,0,0,0,0,0,0,0
13909,0,1,0,0,0,0,0,0,0
13910,0,1,0,0,0,0,0,0,0
13911,0,1,0,0,0,0,0,0,0
13912,0,1,0,0,0,0,0,0,0
13913,0,1,0,0,0,0,0,0,0
13914,0,1,0,0,0,0,0,0,0
13915,0,1,0,0,0,0,0,0,0
13916,0,1,0,0,0,0,0,0,0
13917,0,1,0,0,0,0,0,0,0
13918,0,1,0,0,0,0,0,0,0
13919,0,1,0,0,0,0,0,0,0
13920,0,1,0,0,0,0,0,0,0
13921,0,1,0,0,0,0,0,0,0
13922,0,1,0,0,0,0,0,0,0
13923,0,1,0,0,0,0,0,0,0
13924,0,1,0,0,0,0,0,0,0
13925,0,1,0,0,0,0,0,0,0
13926,0,1,0,0,0,0,0,0,0
13927,0,1,0,0,0,0,0,0,0
13928,0,1,0,0,0,0,0,0,0
13929,0,1,0,0,0,0,0,0,0
13930,0,1,0,0,0,0,0,0,0
13931,0,1,0,0,0,0,0,0,0
13932,0,1,0,0,0,0,0,0,0
13933,0,1,0,0,0,0,0,0,0
13934,0,1,0,0,0,0,0,0,0
13935,0,1,0,0,0,0,0,0,0
13936,0,1,0,0,0,0,0,0,0
13937,0,1,0,0,0,0,0,0,0
13938,0,1,0,0,0,0,0,0,0
13939,0,1,0,0,0,0,0,0,0
13940,0,1,0,0,0,0,0,0,0
13941,0,1,0,0,0,0,0,0,0
13942,0,1,0,0,0,0,0,0,0
13943,0,1,0,0,0,0,0,0,0
13944,0,1,0,0,0,0,0,0,0
13945,0,1,0,0,0,0,0,0,0
13946,0,1,0,0,0,0,0,0,0
13947,0,1,0,0,0,0,0,0,0
13948,0,1,0,0,0,0,0,0,0
13949,0,1,0,0,0,0,0,0,0
13950,0,1,0,0,0,0,0,0,0
13951,0,1,0,0,0,0,0,0,0
13952,0,1,0,0,0,0,0,0,0
13953,0,1,0,0,0,0,0,0,0
13954,0,1,0,0,0,0,0,0,0
13955,0,1,0,0,0,0,0,0,0
13956,0,1,0,0,0,0,0,0,0
13957,0,1,0,0,0,0,0,0,0
13958,0,1,0,0,0,0,0,0,0
13959,0,1,0,0,0,0,0,0,0
13960,0,1,0,0,0,0,0,0,0
13961,0,1,0,0,0,0,0,0,0
13962,0,1,0,0,0,0,0,0,0
13963,0,1,0,0,0,0,0,0,0
13964,0,1,0,0,0,0,0,0,0
13965,0,1,0,0,0,0,0,0,0
13966,0,1,0,0,0,0,0,0,0
13967,0,1,0,0,0,0,0,0,0
13968,0,1,0,0,0,0,0,0,0
13969,0,1,0,0,0,0,0,0,0
13970,0,1,0,0,0,0,0,0,0
13971,0,1,0,0,0,0,0,0,0
13972,0,1,0,0,0,0,0,0,0
13973,0,1,0,0,0,0,0,0,0
13974,0,1,0,0,0,0,0,0,0
13975,0,1,0,0,0,0,0,0,0
13976,0,1,0,0,0,0,0,0,0
13977,0,1,0,0,0,0,0,0,0
13978,0,1,0,0,0,0,0,0,0
13979,0,1,0,0,0,0,0,0,0
13980,0,1,0,0,0,0,0,0,0
13981,0,1,0,0,0,0,0,0,0
13982,0,1,0,0,0,0,0,0,0
13983,0,1,0,0,0,0,0,0,0
13984,0,1,0,0,0,0,0,0,0
13985,0,1,0,0,0,0,0,0,0
13986,0,1,0,0,0,0,0,0,0
13987,0,1,0,0,0,0,0,0,0
13988,0,1,0,0,0,0,0,0,0
13989,0,1,0,0,0,0,0,0,0
13990,0,1,0,0,0,0,0,0,0
13991,0,1,0,0,0,0,0,0,0
13992,0,1,0,0,0,0,0,0,0
13993,0,1,0,0,0,0,0,0,0
13994,0,1,0,0,0,0,0,0,0
13995,0,1,0,0,0,0,0,0,0
13996,0,1,0,0,0,0,0,0,0
13997,0,1,0,0,0,0,0,0,0
13998,0,1,0,0,0,0,0,0,0
13999,0,1,0,0,0,0,0,0,0
14000,0,1,0,0,0,0,0,0,0
14001,0,1,0,0,0,0,0,0,0
14002,0,1,0,0,0,0,0,0,0
14003,0,1,0,0,0,0,0,0,0
14004,0,1,0,0,0,0,0,0,0
14005,0,1,0,0,0,0,0,0,0
14006,0,1,0,0,0,0,0,0,0
14007,0,1,0,0,0,0,0,0,0
14008,0,1,0,0,0,0,0,0,0
14009,0,1,0,0,0,0,0,0,0
14010,0,1,0,0,0,0,0,0,0
14011,0,1,0,0,0,0,0,0,0
14012,0,1,0,0,0,0,0,0,0
14013,0,1,0,0,0,0,0,0,0
14014,0,1,0,0,0,0,0,0,0
14015,0,1,0,0,0,0,0,0,0
14016,0,1,0,0,0,0,0,0,0
14017,0,1,0,0,0,0,0,0,0
14018,0,1,0,0,0,0,0,0,0
14019,0,1,0,0,0,0,0,0,0
14020,0,1,0,0,0,0,0,0,0
14021,0,1,0,0,0,0,0,0,0
14022,0,1,0,0,0,0,0,0,0
14023,0,1,0,0,0,0,0,0,0
14024,0,1,0,0,0,0,0,0,0
14025,0,1,0,0,0,0,0,0,0
14026,0,1,0,0,0,0,0,0,0
14027,0,1,0,0,0,0,0,0,0
14028,0,1,0,0,0,0,0,0,0
14029,0,1,0,0,0,0,0,0,0
14030,0,1,0,0,0,0,0,0,0
14031,0,1,0,0,0,0,0,0,0
14032,0,1,0,0,0,0,0,0,0
14033,0,1,0,0,0,0,0,0,0
14034,0,1,0,0,0,0,0,0,0
14035,0,1,0,0,0,0,0,0,0
14036,0,1,0,0,0,0,0,0,0
14037,0,1,0,0,0,0,0,0,0
14038,0,1,0,0,0,0,0,0,0
14039,0,1,0,0,0,0,0,0,0
14040,0,1,0,0,0,0,0,0,0
14041,0,1,0,0,0,0,0,0,0
14042,0,1,0,0,0,0,0,0,0
14043,0,1,0,0,0,0,0,0,0
14044,0,1,0,0,0,0,0,0,0
14045,0,1,0,0,0,0,0,0,0
14046,0,1,0,0,0,0,0,0,0
14047,0,1,0,0,0,0,0,0,0
14048,0,1,0,0,0,0,0,0,0
14049,0,1,0,0,0,0,0,0,0
14050,0,1,0,0,0,0,0,0,0
14051,0,1,0,0,0,0,0,0,0
14052,0,1,0,0,0,0,0,0,0
14053,0,1,0,0,0,0,0,0,0
14054,0,1,0,0,0,0,0,0,0
14055,0,1,0,0,0,0,0,0,0
14056,0,1,0,0,0,0,0,0,0
14057,0,1,0,0,0,0,0,0,0
14058,0,1,0,0,0,0,0,0,0
14059,0,1,0,0,0,0,0,0,0
14060,0,1,0,0,0,0,0,0,0
14061,0,1,0,0,0,0,0,0,0
14062,0,1,0,0,0,0,0,0,0
14063,0,1,0,0,0,0,0,0,0
14064,0,1,0,0,0,0,0,0,0
14065,0,1,0,0,0,0,0,0,0
14066,0,1,0,0,0,0,0,0,0
14067,0,1,0,0,0,0,0,0,0
14068,0,1,0,0,0,0,0,0,0
14069,0,1,0,0,0,0,0,0,0
14070,0,1,0,0,0,0,0,0,0
14071,0,1,0,0,0,0,0,0,0
14072,0,1,0,0,0,0,0,0,0
14073,0,1,0,0,0,0,0,0,0
14074,0,1,0,0,0,0,0,0,0
14075,0,1,0,0,0,0,0,0,0
14076,0,1,0,0,0,0,0,0,0
14077,0,1,0,0,0,0,0,0,0
14078,0,1,0,0,0,0,0,0,0
14079,0,1,0,0,0,0,0,0,0
14080,0,1,0,0,0,0,0,0,0
14081,0,1,0,0,0,0,0,0,0
14082,0,1,0,0,0,0,0,0,0
14083,0,1,0,0,0,0,0,0,0
14084,0,1,0,0,0,0,0,0,0
14085,0,1,0,0,0,0,0,0,0
14086,0,1,0,0,0,0,0,0,0
14087,0,1,0,0,0,0,0,0,0
14088,0,1,0,0,0,0,0,0,0
14089,0,1,0,0,0,0,0,0,0
14090,0,1,0,0,0,0,0,0,0
14091,0,1,0,0,0,0,0,0,0
14092,0,1,0,0,0,0,0,0,0
14093,0,1,0,0,0,0,0,0,0
14094,0,1,0,0,0,0,0,0,0
14095,0,1,0,0,0,0,0,0,0
14096,0,1,0,0,0,0,0,0,0
14097,0,1,0,0,0,0,0,0,0
14098,0,1,0,0,0,0,0,0,0
14099,0,1,0,0,0,0,0,0,0
14100,0,1,0,0,0,0,0,0,0
14101,0,1,0,0,0,0,0,0,0
14102,0,1,0,0,0,0,0,0,0
14103,0,1,0,0,0,0,0,0,0
14104,0,1,0,0,0,0,0,0,0
14105,0,1,0,0,0,0,0,0,0
14106,0,1,0,0,0,0,0,0,0
14107,0,1,0,0,0,0,0,0,0
14108,0,1,0,0,0,0,0,0,0
14109,0,1,0,0,0,0,0,0,0
14110,0,1,0,0,0,0,0,0,0
14111,0,1,0,0,0,0,0,0,0
14112,0,1,0,0,0,0,0,0,0
14113,0,1,0,0,0,0,0,0,0
14114,0,1,0,0,0,0,0,0,0
14115,0,1,0,0,0,0,0,0,0
14116,0,1,0,0,0,0,0,0,0
14117,0,1,0,0,0,0,0,0,0
14118,0,1,0,0,0,0,0,0,0
14119,0,1,0,0,0,0,0,0,0
14120,0,1,0,0,0,0,0,0,0
14121,0,1,0,0,0,0,0,0,0
14122,0,1,0,0,0,0,0,0,0
14123,0,1,0,0,0,0,0,0,0
14124,0,1,0,0,0,0,0,0,0
14125,0,1,0,0,0,0,0,0,0
14126,0,1,0,0,0,0,0,0,0
14127,0,1,0,0,0,0,0,0,0
14128,0,1,0,0,0,0,0,0,0
14129,0,1,0,0,0,0,0,0,0
14130,0,1,0,0,0,0,0,0,0
14131,0,1,0,0,0,0,0,0,0
14132,0,1,0,0,0,0,0,0,0
14133,0,1,0,0,0,0,0,0,0
14134,0,1,0,0,0,0,0,0,0
14135,0,1,0,0,0,0,0,0,0
14136,0,1,0,0,0,0,0,0,0
14137,0,1,0,0,0,0,0,0,0
14138,0,1,0,0,0,0,0,0,0
14139,0,1,0,0,0,0,0,0,0
14140,0,1,0,0,0,0,0,0,0
14141,0,1,0,0,0,0,0,0,0
14142,0,1,0,0,0,0,0,0,0
14143,0,1,0,0,0,0,0,0,0
14144,0,1,0,0,0,0,0,0,0
14145,0,1,0,0,0,0,0,0,0
14146,0,1,0,0,0,0,0,0,0
14147,0,1,0,0,0,0,0,0,0
14148,0,1,0,0,0,0,0,0,0
14149,0,1,0,0,0,0,0,0,0
14150,0,1,0,0,0,0,0,0,0
14151,0,1,0,0,0,0,0,0,0
14152,0,1,0,0,0,0,0,0,0
14153,0,1,0,0,0,0,0,0,0
14154,0,1,0,0,0,0,0,0,0
14155,0,1,0,0,0,0,0,0,0
14156,0,1,0,0,0,0,0,0,0
14157,0,1,0,0,0,0,0,0,0
14158,0,1,0,0,0,0,0,0,0
14159,0,1,0,0,0,0,0,0,0
14160,0,1,0,0,0,0,0,0,0
14161,0,1,0,0,0,0,0,0,0
14162,0,1,0,0,0,0,0,0,0
14163,0,1,0,0,0,0,0,0,0
14164,0,1,0,0,0,0,0,0,0
14165,0,1,0,0,0,0,0,0,0
14166,0,1,0,0,0,0,0,0,0
14167,0,1,0,0,0,0,0,0,0
14168,0,1,0,0,0,0,0,0,0
14169,0,1,0,0,0,0,0,0,0
14170,0,1,0,0,0,0,0,0,0
14171,0,1,0,0,0,0,0,0,0
14172,0,1,0,0,0,0,0,0,0
14173,0,1,0,0,0,0,0,0,0
14174,0,1,0,0,0,0,0,0,0
14175,0,1,0,0,0,0,0,0,0
14176,0,1,0,0,0,0,0,0,0
14177,0,1,0,0,0,0,0,0,0
14178,0,1,0,0,0,0,0,0,0
14179,0,1,0,0,0,0,0,0,0
14180,0,1,0,0,0,0,0,0,0
14181,0,1,0,0,0,0,0,0,0
14182,0,1,0,0,0,0,0,0,0
14183,0,1,0,0,0,0,0,0,0
14184,0,1,0,0,0,0,0,0,0
14185,0,1,0,0,0,0,0,0,0
14186,0,1,0,0,0,0,0,0,0
14187,0,1,0,0,0,0,0,0,0
14188,0,1,0,0,0,0,0,0,0
14189,0,1,0,0,0,0,0,0,0
14190,0,1,0,0,0,0,0,0,0
14191,0,1,0,0,0,0,0,0,0
14192,0,1,0,0,0,0,0,0,0
14193,0,1,0,0,0,0,0,0,0
14194,0,1,0,0,0,0,0,0,0
14195,0,1,0,0,0,0,0,0,0
14196,0,1,0,0,0,0,0,0,0
14197,0,1,0,0,0,0,0,0,0
14198,0,1,0,0,0,0,0,0,0
14199,0,1,0,0,0,0,0,0,0
14200,0,1,0,0,0,0,0,0,0
14201,0,1,0,0,0,0,0,0,0
14202,0,1,0,0,0,0,0,0,0
14203,0,1,0,0,0,0,0,0,0
14204,0,1,0,0,0,0,0,0,0
14205,0,1,0,0,0,0,0,0,0
14206,0,1,0,0,0,0,0,0,0
14207,0,1,0,0,0,0,0,0,0
14208,0,1,0,0,0,0,0,0,0
14209,0,1,0,0,0,0,0,0,0
14210,0,1,0,0,0,0,0,0,0
14211,0,1,0,0,0,0,0,0,0
14212,0,1,0,0,0,0,0,0,0
14213,0,1,0,0,0,0,0,0,0
14214,0,1,0,0,0,0,0,0,0
14215,0,1,0,0,0,0,0,0,0
14216,0,1,0,0,0,0,0,0,0
14217,0,1,0,0,0,0,0,0,0
14218,0,1,0,0,0,0,0,0,0
14219,0,1,0,0,0,0,0,0,0
14220,0,1,0,0,0,0,0,0,0
14221,0,1,0,0,0,0,0,0,0
14222,0,1,0,0,0,0,0,0,0
14223,0,1,0,0,0,0,0,0,0
14224,0,1,0,0,0,0,0,0,0
14225,0,1,0,0,0,0,0,0,0
14226,0,1,0,0,0,0,0,0,0
14227,0,1,0,0,0,0,0,0,0
14228,0,1,0,0,0,0,0,0,0
14229,0,1,0,0,0,0,0,0,0
14230,0,1,0,0,0,0,0,0,0
14231,0,1,0,0,0,0,0,0,0
14232,0,1,0,0,0,0,0,0,0
14233,0,1,0,0,0,0,0,0,0
14234,0,1,0,0,0,0,0,0,0
14235,0,1,0,0,0,0,0,0,0
14236,0,1,0,0,0,0,0,0,0
14237,0,1,0,0,0,0,0,0,0
14238,0,1,0,0,0,0,0,0,0
14239,0,1,0,0,0,0,0,0,0
14240,0,1,0,0,0,0,0,0,0
14241,0,1,0,0,0,0,0,0,0
14242,0,1,0,0,0,0,0,0,0
14243,0,1,0,0,0,0,0,0,0
14244,0,1,0,0,0,0,0,0,0
14245,0,1,0,0,0,0,0,0,0
14246,0,1,0,0,0,0,0,0,0
14247,0,1,0,0,0,0,0,0,0
14248,0,1,0,0,0,0,0,0,0
14249,0,1,0,0,0,0,0,0,0
14250,0,1,0,0,0,0,0,0,0
14251,0,1,0,0,0,0,0,0,0
14252,0,1,0,0,0,0,0,0,0
14253,0,1,0,0,0,0,0,0,0
14254,0,1,0,0,0,0,0,0,0
14255,0,1,0,0,0,0,0,0,0
14256,0,1,0,0,0,0,0,0,0
14257,0,1,0,0,0,0,0,0,0
14258,0,1,0,0,0,0,0,0,0
14259,0,1,0,0,0,0,0,0,0
14260,0,1,0,0,0,0,0,0,0
14261,0,1,0,0,0,0,0,0,0
14262,0,1,0,0,0,0,0,0,0
14263,0,1,0,0,0,0,0,0,0
14264,0,1,0,0,0,0,0,0,0
14265,0,1,0,0,0,0,0,0,0
14266,0,1,0,0,0,0,0,0,0
14267,0,1,0,0,0,0,0,0,0
14268,0,1,0,0,0,0,0,0,0
14269,0,1,0,0,0,0,0,0,0
14270,0,1,0,0,0,0,0,0,0
14271,0,1,0,0,0,0,0,0,0
14272,0,1,0,0,0,0,0,0,0
14273,0,1,0,0,0,0,0,0,0
14274,0,1,0,0,0,0,0,0,0
14275,0,1,0,0,0,0,0,0,0
14276,0,1,0,0,0,0,0,0,0
14277,0,1,0,0,0,0,0,0,0
14278,0,1,0,0,0,0,0,0,0
14279,0,1,0,0,0,0,0,0,0
14280,0,1,0,0,0,0,0,0,0
14281,0,1,0,0,0,0,0,0,0
14282,0,1,0,0,0,0,0,0,0
14283,0,1,0,0,0,0,0,0,0
14284,0,1,0,0,0,0,0,0,0
14285,0,1,0,0,0,0,0,0,0
14286,0,1,0,0,0,0,0,0,0
14287,0,1,0,0,0,0,0,0,0
14288,0,1,0,0,0,0,0,0,0
14289,0,1,0,0,0,0,0,0,0
14290,0,1,0,0,0,0,0,0,0
14291,0,1,0,0,0,0,0,0,0
14292,0,1,0,0,0,0,0,0,0
14293,0,1,0,0,0,0,0,0,0
14294,0,1,0,0,0,0,0,0,0
14295,0,1,0,0,0,0,0,0,0
14296,0,1,0,0,0,0,0,0,0
14297,0,1,0,0,0,0,0,0,0
14298,0,1,0,0,0,0,0,0,0
14299,0,1,0,0,0,0,0,0,0
14300,0,1,0,0,0,0,0,0,0
14301,0,1,0,0,0,0,0,0,0
14302,0,1,0,0,0,0,0,0,0
14303,0,1,0,0,0,0,0,0,0
14304,0,1,0,0,0,0,0,0,0
14305,0,1,0,0,0,0,0,0,0
14306,0,1,0,0,0,0,0,0,0
14307,0,1,0,0,0,0,0,0,0
14308,0,1,0,0,0,0,0,0,0
14309,0,1,0,0,0,0,0,0,0
14310,0,1,0,0,0,0,0,0,0
14311,0,1,0,0,0,0,0,0,0
14312,0,1,0,0,0,0,0,0,0
14313,0,1,0,0,0,0,0,0,0
14314,0,1,0,0,0,0,0,0,0
14315,0,1,0,0,0,0,0,0,0
14316,0,1,0,0,0,0,0,0,0
14317,0,1,0,0,0,0,0,0,0
14318,0,1,0,0,0,0,0,0,0
14319,0,1,0,0,0,0,0,0,0
14320,0,1,0,0,0,0,0,0,0
14321,0,1,0,0,0,0,0,0,0
14322,0,1,0,0,0,0,0,0,0
14323,0,1,0,0,0,0,0,0,0
14324,0,1,0,0,0,0,0,0,0
14325,0,1,0,0,0,0,0,0,0
14326,0,1,0,0,0,0,0,0,0
14327,0,1,0,0,0,0,0,0,0
14328,0,1,0,0,0,0,0,0,0
14329,0,1,0,0,0,0,0,0,0
14330,0,1,0,0,0,0,0,0,0
14331,0,1,0,0,0,0,0,0,0
14332,0,1,0,0,0,0,0,0,0
14333,0,1,0,0,0,0,0,0,0
14334,0,1,0,0,0,0,0,0,0
14335,0,1,0,0,0,0,0,0,0
14336,0,1,0,0,0,0,0,0,0
14337,0,1,0,0,0,0,0,0,0
14338,0,1,0,0,0,0,0,0,0
14339,0,1,0,0,0,0,0,0,0
14340,0,1,0,0,0,0,0,0,0
14341,0,1,0,0,0,0,0,0,0
14342,0,1,0,0,0,0,0,0,0
14343,0,1,0,0,0,0,0,0,0
14344,0,1,0,0,0,0,0,0,0
14345,0,1,0,0,0,0,0,0,0
14346,0,1,0,0,0,0,0,0,0
14347,0,1,0,0,0,0,0,0,0
14348,0,1,0,0,0,0,0,0,0
14349,0,1,0,0,0,0,0,0,0
14350,0,1,0,0,0,0,0,0,0
14351,0,1,0,0,0,0,0,0,0
14352,0,1,0,0,0,0,0,0,0
14353,0,1,0,0,0,0,0,0,0
14354,0,1,0,0,0,0,0,0,0
14355,0,1,0,0,0,0,0,0,0
14356,0,1,0,0,0,0,0,0,0
14357,0,1,0,0,0,0,0,0,0
14358,0,1,0,0,0,0,0,0,0
14359,0,1,0,0,0,0,0,0,0
14360,0,1,0,0,0,0,0,0,0
14361,0,1,0,0,0,0,0,0,0
14362,0,1,0,0,0,0,0,0,0
14363,0,1,0,0,0,0,0,0,0
14364,0,1,0,0,0,0,0,0,0
14365,0,1,0,0,0,0,0,0,0
14366,0,1,0,0,0,0,0,0,0
14367,0,1,0,0,0,0,0,0,0
14368,0,1,0,0,0,0,0,0,0
14369,0,1,0,0,0,0,0,0,0
14370,0,1,0,0,0,0,0,0,0
14371,0,1,0,0,0,0,0,0,0
14372,0,1,0,0,0,0,0,0,0
14373,0,1,0,0,0,0,0,0,0
14374,0,1,0,0,0,0,0,0,0
14375,0,1,0,0,0,0,0,0,0
14376,0,1,0,0,0,0,0,0,0
14377,0,1,0,0,0,0,0,0,0
14378,0,1,0,0,0,0,0,0,0
14379,0,1,0,0,0,0,0,0,0
14380,0,1,0,0,0,0,0,0,0
14381,0,1,0,0,0,0,0,0,0
14382,0,1,0,0,0,0,0,0,0
14383,0,1,0,0,0,0,0,0,0
14384,0,1,0,0,0,0,0,0,0
14385,0,1,0,0,0,0,0,0,0
14386,0,1,0,0,0,0,0,0,0
14387,0,1,0,0,0,0,0,0,0
14388,0,1,0,0,0,0,0,0,0
14389,0,1,0,0,0,0,0,0,0
14390,0,1,0,0,0,0,0,0,0
14391,0,1,0,0,0,0,0,0,0
14392,0,1,0,0,0,0,0,0,0
14393,0,1,0,0,0,0,0,0,0
14394,0,1,0,0,0,0,0,0,0
14395,0,1,0,0,0,0,0,0,0
14396,0,1,0,0,0,0,0,0,0
14397,0,1,0,0,0,0,0,0,0
14398,0,1,0,0,0,0,0,0,0
14399,0,1,0,0,0,0,0,0,0
14400,0,1,0,0,0,0,0,0,0
14401,0,1,0,0,0,0,0,0,0
14402,0,1,0,0,0,0,0,0,0
14403,0,1,0,0,0,0,0,0,0
14404,0,1,0,0,0,0,0,0,0
14405,0,1,0,0,0,0,0,0,0
14406,0,1,0,0,0,0,0,0,0
14407,0,1,0,0,0,0,0,0,0
14408,0,1,0,0,0,0,0,0,0
14409,0,1,0,0,0,0,0,0,0
14410,0,1,0,0,0,0,0,0,0
14411,0,1,0,0,0,0,0,0,0
14412,0,1,0,0,0,0,0,0,0
14413,0,1,0,0,0,0,0,0,0
14414,0,1,0,0,0,0,0,0,0
14415,0,1,0,0,0,0,0,0,0
14416,0,1,0,0,0,0,0,0,0
14417,0,1,0,0,0,0,0,0,0
14418,0,1,0,0,0,0,0,0,0
14419,0,1,0,0,0,0,0,0,0
14420,0,1,0,0,0,0,0,0,0
14421,0,1,0,0,0,0,0,0,0
14422,0,1,0,0,0,0,0,0,0
14423,0,1,0,0,0,0,0,0,0
14424,0,1,0,0,0,0,0,0,0
14425,0,1,0,0,0,0,0,0,0
14426,0,1,0,0,0,0,0,0,0
14427,0,1,0,0,0,0,0,0,0
14428,0,1,0,0,0,0,0,0,0
14429,0,1,0,0,0,0,0,0,0
14430,0,1,0,0,0,0,0,0,0
14431,0,1,0,0,0,0,0,0,0
14432,0,1,0,0,0,0,0,0,0
14433,0,1,0,0,0,0,0,0,0
14434,0,1,0,0,0,0,0,0,0
14435,0,1,0,0,0,0,0,0,0
14436,0,1,0,0,0,0,0,0,0
14437,0,1,0,0,0,0,0,0,0
14438,0,1,0,0,0,0,0,0,0
14439,0,1,0,0,0,0,0,0,0
14440,0,1,0,0,0,0,0,0,0
14441,0,1,0,0,0,0,0,0,0
14442,0,1,0,0,0,0,0,0,0
14443,0,1,0,0,0,0,0,0,0
14444,0,1,0,0,0,0,0,0,0
14445,0,1,0,0,0,0,0,0,0
14446,0,1,0,0,0,0,0,0,0
14447,0,1,0,0,0,0,0,0,0
14448,0,1,0,0,0,0,0,0,0
14449,0,1,0,0,0,0,0,0,0
14450,0,1,0,0,0,0,0,0,0
14451,0,1,0,0,0,0,0,0,0
14452,0,1,0,0,0,0,0,0,0
14453,0,1,0,0,0,0,0,0,0
14454,0,1,0,0,0,0,0,0,0
14455,0,1,0,0,0,0,0,0,0
14456,0,1,0,0,0,0,0,0,0
14457,0,1,0,0,0,0,0,0,0
14458,0,1,0,0,0,0,0,0,0
14459,0,1,0,0,0,0,0,0,0
14460,0,1,0,0,0,0,0,0,0
14461,0,1,0,0,0,0,0,0,0
14462,0,1,0,0,0,0,0,0,0
14463,0,1,0,0,0,0,0,0,0
14464,0,1,0,0,0,0,0,0,0
14465,0,1,0,0,0,0,0,0,0
14466,0,1,0,0,0,0,0,0,0
14467,0,1,0,0,0,0,0,0,0
14468,0,1,0,0,0,0,0,0,0
14469,0,1,0,0,0,0,0,0,0
14470,0,1,0,0,0,0,0,0,0
14471,0,1,0,0,0,0,0,0,0
14472,0,1,0,0,0,0,0,0,0
14473,0,1,0,0,0,0,0,0,0
14474,0,1,0,0,0,0,0,0,0
14475,0,1,0,0,0,0,0,0,0
14476,0,1,0,0,0,0,0,0,0
14477,0,1,0,0,0,0,0,0,0
14478,0,1,0,0,0,0,0,0,0
14479,0,1,0,0,0,0,0,0,0
14480,0,1,0,0,0,0,0,0,0
14481,0,1,0,0,0,0,0,0,0
14482,0,1,0,0,0,0,0,0,0
14483,0,1,0,0,0,0,0,0,0
14484,0,1,0,0,0,0,0,0,0
14485,0,1,0,0,0,0,0,0,0
14486,0,1,0,0,0,0,0,0,0
14487,0,1,0,0,0,0,0,0,0
14488,0,1,0,0,0,0,0,0,0
14489,0,1,0,0,0,0,0,0,0
14490,0,1,0,0,0,0,0,0,0
14491,0,1,0,0,0,0,0,0,0
14492,0,1,0,0,0,0,0,0,0
14493,0,1,0,0,0,0,0,0,0
14494,0,1,0,0,0,0,0,0,0
14495,0,1,0,0,0,0,0,0,0
14496,0,1,0,0,0,0,0,0,0
14497,0,1,0,0,0,0,0,0,0
14498,0,1,0,0,0,0,0,0,0
14499,0,1,0,0,0,0,0,0,0
14500,0,1,0,0,0,0,0,0,0
14501,0,1,0,0,0,0,0,0,0
14502,0,1,0,0,0,0,0,0,0
14503,0,1,0,0,0,0,0,0,0
14504,0,1,0,0,0,0,0,0,0
14505,0,1,0,0,0,0,0,0,0
14506,0,1,0,0,0,0,0,0,0
14507,0,1,0,0,0,0,0,0,0
14508,0,1,0,0,0,0,0,0,0
14509,0,1,0,0,0,0,0,0,0
14510,0,1,0,0,0,0,0,0,0
14511,0,1,0,0,0,0,0,0,0
14512,0,1,0,0,0,0,0,0,0
14513,0,1,0,0,0,0,0,0,0
14514,0,1,0,0,0,0,0,0,0
14515,0,1,0,0,0,0,0,0,0
14516,0,1,0,0,0,0,0,0,0
14517,0,1,0,0,0,0,0,0,0
14518,0,1,0,0,0,0,0,0,0
14519,0,1,0,0,0,0,0,0,0
14520,0,1,0,0,0,0,0,0,0
14521,0,1,0,0,0,0,0,0,0
14522,0,1,0,0,0,0,0,0,0
14523,0,1,0,0,0,0,0,0,0
14524,0,1,0,0,0,0,0,0,0
14525,0,1,0,0,0,0,0,0,0
14526,0,1,0,0,0,0,0,0,0
14527,0,1,0,0,0,0,0,0,0
14528,0,1,0,0,0,0,0,0,0
14529,0,1,0,0,0,0,0,0,0
14530,0,1,0,0,0,0,0,0,0
14531,0,1,0,0,0,0,0,0,0
14532,0,1,0,0,0,0,0,0,0
14533,0,1,0,0,0,0,0,0,0
14534,0,1,0,0,0,0,0,0,0
14535,0,1,0,0,0,0,0,0,0
14536,0,1,0,0,0,0,0,0,0
14537,0,1,0,0,0,0,0,0,0
14538,0,1,0,0,0,0,0,0,0
14539,0,1,0,0,0,0,0,0,0
14540,0,1,0,0,0,0,0,0,0
14541,0,1,0,0,0,0,0,0,0
14542,0,1,0,0,0,0,0,0,0
14543,0,1,0,0,0,0,0,0,0
14544,0,1,0,0,0,0,0,0,0
14545,0,1,0,0,0,0,0,0,0
14546,0,1,0,0,0,0,0,0,0
14547,0,1,0,0,0,0,0,0,0
14548,0,1,0,0,0,0,0,0,0
14549,0,1,0,0,0,0,0,0,0
14550,0,1,0,0,0,0,0,0,0
14551,0,1,0,0,0,0,0,0,0
14552,0,1,0,0,0,0,0,0,0
14553,0,1,0,0,0,0,0,0,0
14554,0,1,0,0,0,0,0,0,0
14555,0,1,0,0,0,0,0,0,0
14556,0,1,0,0,0,0,0,0,0
14557,0,1,0,0,0,0,0,0,0
14558,0,1,0,0,0,0,0,0,0
14559,0,1,0,0,0,0,0,0,0
14560,0,1,0,0,0,0,0,0,0
14561,0,1,0,0,0,0,0,0,0
14562,0,1,0,0,0,0,0,0,0
14563,0,1,0,0,0,0,0,0,0
14564,0,1,0,0,0,0,0,0,0
14565,0,1,0,0,0,0,0,0,0
14566,0,1,0,0,0,0,0,0,0
14567,0,1,0,0,0,0,0,0,0
14568,0,1,0,0,0,0,0,0,0
14569,0,1,0,0,0,0,0,0,0
14570,0,1,0,0,0,0,0,0,0
14571,0,1,0,0,0,0,0,0,0
14572,0,1,0,0,0,0,0,0,0
14573,0,1,0,0,0,0,0,0,0
14574,0,1,0,0,0,0,0,0,0
14575,0,1,0,0,0,0,0,0,0
14576,0,1,0,0,0,0,0,0,0
14577,0,1,0,0,0,0,0,0,0
14578,0,1,0,0,0,0,0,0,0
14579,0,1,0,0,0,0,0,0,0
14580,0,1,0,0,0,0,0,0,0
14581,0,1,0,0,0,0,0,0,0
14582,0,1,0,0,0,0,0,0,0
14583,0,1,0,0,0,0,0,0,0
14584,0,1,0,0,0,0,0,0,0
14585,0,1,0,0,0,0,0,0,0
14586,0,1,0,0,0,0,0,0,0
14587,0,1,0,0,0,0,0,0,0
14588,0,1,0,0,0,0,0,0,0
14589,0,1,0,0,0,0,0,0,0
14590,0,1,0,0,0,0,0,0,0
14591,0,1,0,0,0,0,0,0,0
14592,0,1,0,0,0,0,0,0,0
14593,0,1,0,0,0,0,0,0,0
14594,0,1,0,0,0,0,0,0,0
14595,0,1,0,0,0,0,0,0,0
14596,0,1,0,0,0,0,0,0,0
14597,0,1,0,0,0,0,0,0,0
14598,0,1,0,0,0,0,0,0,0
14599,0,1,0,0,0,0,0,0,0
14600,0,1,0,0,0,0,0,0,0
14601,0,1,0,0,0,0,0,0,0
14602,0,1,0,0,0,0,0,0,0
14603,0,1,0,0,0,0,0,0,0
14604,0,1,0,0,0,0,0,0,0
14605,0,1,0,0,0,0,0,0,0
14606,0,1,0,0,0,0,0,0,0
14607,0,1,0,0,0,0,0,0,0
14608,0,1,0,0,0,0,0,0,0
14609,0,1,0,0,0,0,0,0,0
14610,0,1,0,0,0,0,0,0,0
14611,0,1,0,0,0,0,0,0,0
14612,0,1,0,0,0,0,0,0,0
14613,0,1,0,0,0,0,0,0,0
14614,0,1,0,0,0,0,0,0,0
14615,0,1,0,0,0,0,0,0,0
14616,0,1,0,0,0,0,0,0,0
14617,0,1,0,0,0,0,0,0,0
14618,0,1,0,0,0,0,0,0,0
14619,0,1,0,0,0,0,0,0,0
14620,0,1,0,0,0,0,0,0,0
14621,0,1,0,0,0,0,0,0,0
14622,0,1,0,0,0,0,0,0,0
14623,0,1,0,0,0,0,0,0,0
14624,0,1,0,0,0,0,0,0,0
14625,0,1,0,0,0,0,0,0,0
14626,0,1,0,0,0,0,0,0,0
14627,0,1,0,0,0,0,0,0,0
14628,0,1,0,0,0,0,0,0,0
14629,0,1,0,0,0,0,0,0,0
14630,0,1,0,0,0,0,0,0,0
14631,0,1,0,0,0,0,0,0,0
14632,0,1,0,0,0,0,0,0,0
14633,0,1,0,0,0,0,0,0,0
14634,0,1,0,0,0,0,0,0,0
14635,0,1,0,0,0,0,0,0,0
14636,0,1,0,0,0,0,0,0,0
14637,0,1,0,0,0,0,0,0,0
14638,0,1,0,0,0,0,0,0,0
14639,0,1,0,0,0,0,0,0,0
14640,0,1,0,0,0,0,0,0,0
14641,0,1,0,0,0,0,0,0,0
14642,0,1,0,0,0,0,0,0,0
14643,0,1,0,0,0,0,0,0,0
14644,0,1,0,0,0,0,0,0,0
14645,0,1,0,0,0,0,0,0,0
14646,0,1,0,0,0,0,0,0,0
14647,0,1,0,0,0,0,0,0,0
14648,0,1,0,0,0,0,0,0,0
14649,0,1,0,0,0,0,0,0,0
14650,0,1,0,0,0,0,0,0,0
14651,0,1,0,0,0,0,0,0,0
14652,0,1,0,0,0,0,0,0,0
14653,0,1,0,0,0,0,0,0,0
14654,0,1,0,0,0,0,0,0,0
14655,0,1,0,0,0,0,0,0,0
14656,0,1,0,0,0,0,0,0,0
14657,0,1,0,0,0,0,0,0,0
14658,0,1,0,0,0,0,0,0,0
14659,0,1,0,0,0,0,0,0,0
14660,0,1,0,0,0,0,0,0,0
14661,0,1,0,0,0,0,0,0,0
14662,0,1,0,0,0,0,0,0,0
14663,0,1,0,0,0,0,0,0,0
14664,0,1,0,0,0,0,0,0,0
14665,0,1,0,0,0,0,0,0,0
14666,0,1,0,0,0,0,0,0,0
14667,0,1,0,0,0,0,0,0,0
14668,0,1,0,0,0,0,0,0,0
14669,0,1,0,0,0,0,0,0,0
14670,0,1,0,0,0,0,0,0,0
14671,0,1,0,0,0,0,0,0,0
14672,0,1,0,0,0,0,0,0,0
14673,0,1,0,0,0,0,0,0,0
14674,0,1,0,0,0,0,0,0,0
14675,0,1,0,0,0,0,0,0,0
14676,0,1,0,0,0,0,0,0,0
14677,0,1,0,0,0,0,0,0,0
14678,0,1,0,0,0,0,0,0,0
14679,0,1,0,0,0,0,0,0,0
14680,0,1,0,0,0,0,0,0,0
14681,0,1,0,0,0,0,0,0,0
14682,0,1,0,0,0,0,0,0,0
14683,0,1,0,0,0,0,0,0,0
14684,0,1,0,0,0,0,0,0,0
14685,0,1,0,0,0,0,0,0,0
14686,0,1,0,0,0,0,0,0,0
14687,0,1,0,0,0,0,0,0,0
14688,0,1,0,0,0,0,0,0,0
14689,0,1,0,0,0,0,0,0,0
14690,0,1,0,0,0,0,0,0,0
14691,0,1,0,0,0,0,0,0,0
14692,0,1,0,0,0,0,0,0,0
14693,0,1,0,0,0,0,0,0,0
14694,0,1,0,0,0,0,0,0,0
14695,0,1,0,0,0,0,0,0,0
14696,0,1,0,0,0,0,0,0,0
14697,0,1,0,0,0,0,0,0,0
14698,0,1,0,0,0,0,0,0,0
14699,0,1,0,0,0,0,0,0,0
14700,0,1,0,0,0,0,0,0,0
14701,0,1,0,0,0,0,0,0,0
14702,0,1,0,0,0,0,0,0,0
14703,0,1,0,0,0,0,0,0,0
14704,0,1,0,0,0,0,0,0,0
14705,0,1,0,0,0,0,0,0,0
14706,0,1,0,0,0,0,0,0,0
14707,0,1,0,0,0,0,0,0,0
14708,0,1,0,0,0,0,0,0,0
14709,0,1,0,0,0,0,0,0,0
14710,0,1,0,0,0,0,0,0,0
14711,0,1,0,0,0,0,0,0,0
14712,0,1,0,0,0,0,0,0,0
14713,0,1,0,0,0,0,0,0,0
14714,0,1,0,0,0,0,0,0,0
14715,0,1,0,0,0,0,0,0,0
14716,0,1,0,0,0,0,0,0,0
14717,0,1,0,0,0,0,0,0,0
14718,0,1,0,0,0,0,0,0,0
14719,0,1,0,0,0,0,0,0,0
14720,0,1,0,0,0,0,0,0,0
14721,0,1,0,0,0,0,0,0,0
14722,0,1,0,0,0,0,0,0,0
14723,0,1,0,0,0,0,0,0,0
14724,0,1,0,0,0,0,0,0,0
14725,0,1,0,0,0,0,0,0,0
14726,0,1,0,0,0,0,0,0,0
14727,0,1,0,0,0,0,0,0,0
14728,0,1,0,0,0,0,0,0,0
14729,0,1,0,0,0,0,0,0,0
14730,0,1,0,0,0,0,0,0,0
14731,0,1,0,0,0,0,0,0,0
14732,0,1,0,0,0,0,0,0,0
14733,0,1,0,0,0,0,0,0,0
14734,0,1,0,0,0,0,0,0,0
14735,0,1,0,0,0,0,0,0,0
14736,0,1,0,0,0,0,0,0,0
14737,0,1,0,0,0,0,0,0,0
14738,0,1,0,0,0,0,0,0,0
14739,0,1,0,0,0,0,0,0,0
14740,0,1,0,0,0,0,0,0,0
14741,0,1,0,0,0,0,0,0,0
14742,0,1,0,0,0,0,0,0,0
14743,0,1,0,0,0,0,0,0,0
14744,0,1,0,0,0,0,0,0,0
14745,0,1,0,0,0,0,0,0,0
14746,0,1,0,0,0,0,0,0,0
14747,0,1,0,0,0,0,0,0,0
14748,0,1,0,0,0,0,0,0,0
14749,0,1,0,0,0,0,0,0,0
14750,0,1,0,0,0,0,0,0,0
14751,0,1,0,0,0,0,0,0,0
14752,0,1,0,0,0,0,0,0,0
14753,0,1,0,0,0,0,0,0,0
14754,0,1,0,0,0,0,0,0,0
14755,0,1,0,0,0,0,0,0,0
14756,0,1,0,0,0,0,0,0,0
14757,0,1,0,0,0,0,0,0,0
14758,0,1,0,0,0,0,0,0,0
14759,0,1,0,0,0,0,0,0,0
14760,0,1,0,0,0,0,0,0,0
14761,0,1,0,0,0,0,0,0,0
14762,0,1,0,0,0,0,0,0,0
14763,0,1,0,0,0,0,0,0,0
14764,0,1,0,0,0,0,0,0,0
14765,0,1,0,0,0,0,0,0,0
14766,0,1,0,0,0,0,0,0,0
14767,0,1,0,0,0,0,0,0,0
14768,0,1,0,0,0,0,0,0,0
14769,0,1,0,0,0,0,0,0,0
14770,0,1,0,0,0,0,0,0,0
14771,0,1,0,0,0,0,0,0,0
14772,0,1,0,0,0,0,0,0,0
14773,0,1,0,0,0,0,0,0,0
14774,0,1,0,0,0,0,0,0,0
14775,0,1,0,0,0,0,0,0,0
14776,0,1,0,0,0,0,0,0,0
14777,0,1,0,0,0,0,0,0,0
14778,0,1,0,0,0,0,0,0,0
14779,0,1,0,0,0,0,0,0,0
14780,0,1,0,0,0,0,0,0,0
14781,0,1,0,0,0,0,0,0,0
14782,0,1,0,0,0,0,0,0,0
14783,0,1,0,0,0,0,0,0,0
14784,0,1,0,0,0,0,0,0,0
14785,0,1,0,0,0,0,0,0,0
14786,0,1,0,0,0,0,0,0,0
14787,0,1,0,0,0,0,0,0,0
14788,0,1,0,0,0,0,0,0,0
14789,0,1,0,0,0,0,0,0,0
14790,0,1,0,0,0,0,0,0,0
14791,0,1,0,0,0,0,0,0,0
14792,0,1,0,0,0,0,0,0,0
14793,0,1,0,0,0,0,0,0,0
14794,0,1,0,0,0,0,0,0,0
14795,0,1,0,0,0,0,0,0,0
14796,0,1,0,0,0,0,0,0,0
14797,0,1,0,0,0,0,0,0,0
14798,0,1,0,0,0,0,0,0,0
14799,0,1,0,0,0,0,0,0,0
14800,0,1,0,0,0,0,0,0,0
14801,0,1,0,0,0,0,0,0,0
14802,0,1,0,0,0,0,0,0,0
14803,0,1,0,0,0,0,0,0,0
14804,0,1,0,0,0,0,0,0,0
14805,0,1,0,0,0,0,0,0,0
14806,0,1,0,0,0,0,0,0,0
14807,0,1,0,0,0,0,0,0,0
14808,0,1,0,0,0,0,0,0,0
14809,0,1,0,0,0,0,0,0,0
14810,0,1,0,0,0,0,0,0,0
14811,0,1,0,0,0,0,0,0,0
14812,0,1,0,0,0,0,0,0,0
14813,0,1,0,0,0,0,0,0,0
14814,0,1,0,0,0,0,0,0,0
14815,0,1,0,0,0,0,0,0,0
14816,0,1,0,0,0,0,0,0,0
14817,0,1,0,0,0,0,0,0,0
14818,0,1,0,0,0,0,0,0,0
14819,0,1,0,0,0,0,0,0,0
14820,0,1,0,0,0,0,0,0,0
14821,0,1,0,0,0,0,0,0,0
14822,0,1,0,0,0,0,0,0,0
14823,0,1,0,0,0,0,0,0,0
14824,0,1,0,0,0,0,0,0,0
14825,0,1,0,0,0,0,0,0,0
14826,0,1,0,0,0,0,0,0,0
14827,0,1,0,0,0,0,0,0,0
14828,0,1,0,0,0,0,0,0,0
14829,0,1,0,0,0,0,0,0,0
14830,0,1,0,0,0,0,0,0,0
14831,0,1,0,0,0,0,0,0,0
14832,0,1,0,0,0,0,0,0,0
14833,0,1,0,0,0,0,0,0,0
14834,0,1,0,0,0,0,0,0,0
14835,0,1,0,0,0,0,0,0,0
14836,0,1,0,0,0,0,0,0,0
14837,0,1,0,0,0,0,0,0,0
14838,0,1,0,0,0,0,0,0,0
14839,0,1,0,0,0,0,0,0,0
14840,0,1,0,0,0,0,0,0,0
14841,0,1,0,0,0,0,0,0,0
14842,0,1,0,0,0,0,0,0,0
14843,0,1,0,0,0,0,0,0,0
14844,0,1,0,0,0,0,0,0,0
14845,0,1,0,0,0,0,0,0,0
14846,0,1,0,0,0,0,0,0,0
14847,0,1,0,0,0,0,0,0,0
14848,0,1,0,0,0,0,0,0,0
14849,0,1,0,0,0,0,0,0,0
14850,0,1,0,0,0,0,0,0,0
14851,0,1,0,0,0,0,0,0,0
14852,0,1,0,0,0,0,0,0,0
14853,0,1,0,0,0,0,0,0,0
14854,0,1,0,0,0,0,0,0,0
14855,0,1,0,0,0,0,0,0,0
14856,0,1,0,0,0,0,0,0,0
14857,0,1,0,0,0,0,0,0,0
14858,0,1,0,0,0,0,0,0,0
14859,0,1,0,0,0,0,0,0,0
14860,0,1,0,0,0,0,0,0,0
14861,0,1,0,0,0,0,0,0,0
14862,0,1,0,0,0,0,0,0,0
14863,0,1,0,0,0,0,0,0,0
14864,0,1,0,0,0,0,0,0,0
14865,0,1,0,0,0,0,0,0,0
14866,0,1,0,0,0,0,0,0,0
14867,0,1,0,0,0,0,0,0,0
14868,0,1,0,0,0,0,0,0,0
14869,0,1,0,0,0,0,0,0,0
14870,0,1,0,0,0,0,0,0,0
14871,0,1,0,0,0,0,0,0,0
14872,0,1,0,0,0,0,0,0,0
14873,0,1,0,0,0,0,0,0,0
14874,0,1,0,0,0,0,0,0,0
14875,0,1,0,0,0,0,0,0,0
14876,0,1,0,0,0,0,0,0,0
14877,0,1,0,0,0,0,0,0,0
14878,0,1,0,0,0,0,0,0,0
14879,0,1,0,0,0,0,0,0,0
14880,0,1,0,0,0,0,0,0,0
14881,0,1,0,0,0,0,0,0,0
14882,0,1,0,0,0,0,0,0,0
14883,0,1,0,0,0,0,0,0,0
14884,0,1,0,0,0,0,0,0,0
14885,0,1,0,0,0,0,0,0,0
14886,0,1,0,0,0,0,0,0,0
14887,0,1,0,0,0,0,0,0,0
14888,0,1,0,0,0,0,0,0,0
14889,0,1,0,0,0,0,0,0,0
14890,0,1,0,0,0,0,0,0,0
14891,0,1,0,0,0,0,0,0,0
14892,0,1,0,0,0,0,0,0,0
14893,0,1,0,0,0,0,0,0,0
14894,0,1,0,0,0,0,0,0,0
14895,0,1,0,0,0,0,0,0,0
14896,0,1,0,0,0,0,0,0,0
14897,0,1,0,0,0,0,0,0,0
14898,0,1,0,0,0,0,0,0,0
14899,0,1,0,0,0,0,0,0,0
14900,0,1,0,0,0,0,0,0,0
14901,0,1,0,0,0,0,0,0,0
14902,0,1,0,0,0,0,0,0,0
14903,0,1,0,0,0,0,0,0,0
14904,0,1,0,0,0,0,0,0,0
14905,0,1,0,0,0,0,0,0,0
14906,0,1,0,0,0,0,0,0,0
14907,0,1,0,0,0,0,0,0,0
14908,0,1,0,0,0,0,0,0,0
14909,0,1,0,0,0,0,0,0,0
14910,0,1,0,0,0,0,0,0,0
14911,0,1,0,0,0,0,0,0,0
14912,0,1,0,0,0,0,0,0,0
14913,0,1,0,0,0,0,0,0,0
14914,0,1,0,0,0,0,0,0,0
14915,0,1,0,0,0,0,0,0,0
14916,0,1,0,0,0,0,0,0,0
14917,0,1,0,0,0,0,0,0,0
14918,0,1,0,0,0,0,0,0,0
14919,0,1,0,0,0,0,0,0,0
14920,0,1,0,0,0,0,0,0,0
14921,0,1,0,0,0,0,0,0,0
14922,0,1,0,0,0,0,0,0,0
14923,0,1,0,0,0,0,0,0,0
14924,0,1,0,0,0,0,0,0,0
14925,0,1,0,0,0,0,0,0,0
14926,0,1,0,0,0,0,0,0,0
14927,0,1,0,0,0,0,0,0,0
14928,0,1,0,0,0,0,0,0,0
14929,0,1,0,0,0,0,0,0,0
14930,0,1,0,0,0,0,0,0,0
14931,0,1,0,0,0,0,0,0,0
14932,0,1,0,0,0,0,0,0,0
14933,0,1,0,0,0,0,0,0,0
14934,0,1,0,0,0,0,0,0,0
14935,0,1,0,0,0,0,0,0,0
14936,0,1,0,0,0,0,0,0,0
14937,0,1,0,0,0,0,0,0,0
14938,0,1,0,0,0,0,0,0,0
14939,0,1,0,0,0,0,0,0,0
14940,0,1,0,0,0,0,0,0,0
14941,0,1,0,0,0,0,0,0,0
14942,0,1,0,0,0,0,0,0,0
14943,0,1,0,0,0,0,0,0,0
14944,0,1,0,0,0,0,0,0,0
14945,0,1,0,0,0,0,0,0,0
14946,0,1,0,0,0,0,0,0,0
14947,0,1,0,0,0,0,0,0,0
14948,0,1,0,0,0,0,0,0,0
14949,0,1,0,0,0,0,0,0,0
14950,0,1,0,0,0,0,0,0,0
14951,0,1,0,0,0,0,0,0,0
14952,0,1,0,0,0,0,0,0,0
14953,0,1,0,0,0,0,0,0,0
14954,0,1,0,0,0,0,0,0,0
14955,0,1,0,0,0,0,0,0,0
14956,0,1,0,0,0,0,0,0,0
14957,0,1,0,0,0,0,0,0,0
14958,0,1,0,0,0,0,0,0,0
14959,0,1,0,0,0,0,0,0,0
14960,0,1,0,0,0,0,0,0,0
14961,0,1,0,0,0,0,0,0,0
14962,0,1,0,0,0,0,0,0,0
14963,0,1,0,0,0,0,0,0,0
14964,0,1,0,0,0,0,0,0,0
14965,0,1,0,0,0,0,0,0,0
14966,0,1,0,0,0,0,0,0,0
14967,0,1,0,0,0,0,0,0,0
14968,0,1,0,0,0,0,0,0,0
14969,0,1,0,0,0,0,0,0,0
14970,0,1,0,0,0,0,0,0,0
14971,0,1,0,0,0,0,0,0,0
14972,0,1,0,0,0,0,0,0,0
14973,0,1,0,0,0,0,0,0,0
14974,0,1,0,0,0,0,0,0,0
14975,0,1,0,0,0,0,0,0,0
14976,0,1,0,0,0,0,0,0,0
14977,0,1,0,0,0,0,0,0,0
14978,0,1,0,0,0,0,0,0,0
14979,0,1,0,0,0,0,0,0,0
14980,0,1,0,0,0,0,0,0,0
14981,0,1,0,0,0,0,0,0,0
14982,0,1,0,0,0,0,0,0,0
14983,0,1,0,0,0,0,0,0,0
14984,0,1,0,0,0,0,0,0,0
14985,0,1,0,0,0,0,0,0,0
14986,0,1,0,0,0,0,0,0,0
14987,0,1,0,0,0,0,0,0,0
14988,0,1,0,0,0,0,0,0,0
14989,0,1,0,0,0,0,0,0,0
14990,0,1,0,0,0,0,0,0,0
14991,0,1,0,0,0,0,0,0,0
14992,0,1,0,0,0,0,0,0,0
14993,0,1,0,0,0,0,0,0,0
14994,0,1,0,0,0,0,0,0,0
14995,0,1,0,0,0,0,0,0,0
14996,0,1,0,0,0,0,0,0,0
14997,0,1,0,0,0,0,0,0,0
14998,0,1,0,0,0,0,0,0,0
14999,0,1,0,0,0,0,0,0,0
15000,0,1,0,0,0,0,0,0,0
15001,0,1,0,0,0,0,0,0,0
15002,0,1,0,0,0,0,0,0,0
15003,0,1,0,0,0,0,0,0,0
15004,0,1,0,0,0,0,0,0,0
15005,0,1,0,0,0,0,0,0,0
15006,0,1,0,0,0,0,0,0,0
15007,0,1,0,0,0,0,0,0,0
15008,0,1,0,0,0,0,0,0,0
15009,0,1,0,0,0,0,0,0,0
15010,0,1,0,0,0,0,0,0,0
15011,0,1,0,0,0,0,0,0,0
15012,0,1,0,0,0,0,0,0,0
15013,0,1,0,0,0,0,0,0,0
15014,0,1,0,0,0,0,0,0,0
15015,0,1,0,0,0,0,0,0,0
15016,0,1,0,0,0,0,0,0,0
15017,0,1,0,0,0,0,0,0,0
15018,0,1,0,0,0,0,0,0,0
15019,0,1,0,0,0,0,0,0,0
15020,0,1,0,0,0,0,0,0,0
15021,0,1,0,0,0,0,0,0,0
15022,0,1,0,0,0,0,0,0,0
15023,0,1,0,0,0,0,0,0,0
15024,0,1,0,0,0,0,0,0,0
15025,0,1,0,0,0,0,0,0,0
15026,0,1,0,0,0,0,0,0,0
15027,0,1,0,0,0,0,0,0,0
15028,0,1,0,0,0,0,0,0,0
15029,0,1,0,0,0,0,0,0,0
15030,0,1,0,0,0,0,0,0,0
15031,0,1,0,0,0,0,0,0,0
15032,0,1,0,0,0,0,0,0,0
15033,0,1,0,0,0,0,0,0,0
15034,0,1,0,0,0,0,0,0,0
15035,0,1,0,0,0,0,0,0,0
15036,0,1,0,0,0,0,0,0,0
15037,0,1,0,0,0,0,0,0,0
15038,0,1,0,0,0,0,0,0,0
15039,0,1,0,0,0,0,0,0,0
15040,0,1,0,0,0,0,0,0,0
15041,0,1,0,0,0,0,0,0,0
15042,0,1,0,0,0,0,0,0,0
15043,0,1,0,0,0,0,0,0,0
15044,0,1,0,0,0,0,0,0,0
15045,0,1,0,0,0,0,0,0,0
15046,0,1,0,0,0,0,0,0,0
15047,0,1,0,0,0,0,0,0,0
15048,0,1,0,0,0,0,0,0,0
15049,0,1,0,0,0,0,0,0,0
15050,0,1,0,0,0,0,0,0,0
15051,0,1,0,0,0,0,0,0,0
15052,0,1,0,0,0,0,0,0,0
15053,0,1,0,0,0,0,0,0,0
15054,0,1,0,0,0,0,0,0,0
15055,0,1,0,0,0,0,0,0,0
15056,0,1,0,0,0,0,0,0,0
15057,0,1,0,0,0,0,0,0,0
15058,0,1,0,0,0,0,0,0,0
15059,0,1,0,0,0,0,0,0,0
15060,0,1,0,0,0,0,0,0,0
15061,0,1,0,0,0,0,0,0,0
15062,0,1,0,0,0,0,0,0,0
15063,0,1,0,0,0,0,0,0,0
15064,0,1,0,0,0,0,0,0,0
15065,0,1,0,0,0,0,0,0,0
15066,0,1,0,0,0,0,0,0,0
15067,0,1,0,0,0,0,0,0,0
15068,0,1,0,0,0,0,0,0,0
15069,0,1,0,0,0,0,0,0,0
15070,0,1,0,0,0,0,0,0,0
15071,0,1,0,0,0,0,0,0,0
15072,0,1,0,0,0,0,0,0,0
15073,0,1,0,0,0,0,0,0,0
15074,0,1,0,0,0,0,0,0,0
15075,0,1,0,0,0,0,0,0,0
15076,0,1,0,0,0,0,0,0,0
15077,0,1,0,0,0,0,0,0,0
15078,0,1,0,0,0,0,0,0,0
15079,0,1,0,0,0,0,0,0,0
15080,0,1,0,0,0,0,0,0,0
15081,0,1,0,0,0,0,0,0,0
15082,0,1,0,0,0,0,0,0,0
15083,0,1,0,0,0,0,0,0,0
15084,0,1,0,0,0,0,0,0,0
15085,0,1,0,0,0,0,0,0,0
15086,0,1,0,0,0,0,0,0,0
15087,0,1,0,0,0,0,0,0,0
15088,0,1,0,0,0,0,0,0,0
15089,0,1,0,0,0,0,0,0,0
15090,0,1,0,0,0,0,0,0,0
15091,0,1,0,0,0,0,0,0,0
15092,0,1,0,0,0,0,0,0,0
15093,0,1,0,0,0,0,0,0,0
15094,0,1,0,0,0,0,0,0,0
15095,0,1,0,0,0,0,0,0,0
15096,0,1,0,0,0,0,0,0,0
15097,0,1,0,0,0,0,0,0,0
15098,0,1,0,0,0,0,0,0,0
15099,0,1,0,0,0,0,0,0,0
15100,0,1,0,0,0,0,0,0,0
15101,0,1,0,0,0,0,0,0,0
15102,0,1,0,0,0,0,0,0,0
15103,0,1,0,0,0,0,0,0,0
15104,0,1,0,0,0,0,0,0,0
15105,0,1,0,0,0,0,0,0,0
15106,0,1,0,0,0,0,0,0,0
15107,0,1,0,0,0,0,0,0,0
15108,0,1,0,0,0,0,0,0,0
15109,0,1,0,0,0,0,0,0,0
15110,0,1,0,0,0,0,0,0,0
15111,0,1,0,0,0,0,0,0,0
15112,0,1,0,0,0,0,0,0,0
15113,0,1,0,0,0,0,0,0,0
15114,0,1,0,0,0,0,0,0,0
15115,0,1,0,0,0,0,0,0,0
15116,0,1,0,0,0,0,0,0,0
15117,0,1,0,0,0,0,0,0,0
15118,0,1,0,0,0,0,0,0,0
15119,0,1,0,0,0,0,0,0,0
15120,0,1,0,0,0,0,0,0,0
15121,0,1,0,0,0,0,0,0,0
15122,0,1,0,0,0,0,0,0,0
15123,0,1,0,0,0,0,0,0,0
15124,0,1,0,0,0,0,0,0,0
15125,0,1,0,0,0,0,0,0,0
15126,0,1,0,0,0,0,0,0,0
15127,0,1,0,0,0,0,0,0,0
15128,0,1,0,0,0,0,0,0,0
15129,0,1,0,0,0,0,0,0,0
15130,0,1,0,0,0,0,0,0,0
15131,0,1,0,0,0,0,0,0,0
15132,0,1,0,0,0,0,0,0,0
15133,0,1,0,0,0,0,0,0,0
15134,0,1,0,0,0,0,0,0,0
15135,0,1,0,0,0,0,0,0,0
15136,0,1,0,0,0,0,0,0,0
15137,0,1,0,0,0,0,0,0,0
15138,0,1,0,0,0,0,0,0,0
15139,0,1,0,0,0,0,0,0,0
15140,0,1,0,0,0,0,0,0,0
15141,0,1,0,0,0,0,0,0,0
15142,0,1,0,0,0,0,0,0,0
15143,0,1,0,0,0,0,0,0,0
15144,0,1,0,0,0,0,0,0,0
15145,0,1,0,0,0,0,0,0,0
15146,0,1,0,0,0,0,0,0,0
15147,0,1,0,0,0,0,0,0,0
15148,0,1,0,0,0,0,0,0,0
15149,0,1,0,0,0,0,0,0,0
15150,0,1,0,0,0,0,0,0,0
15151,0,1,0,0,0,0,0,0,0
15152,0,1,0,0,0,0,0,0,0
15153,0,1,0,0,0,0,0,0,0
15154,0,1,0,0,0,0,0,0,0
15155,0,1,0,0,0,0,0,0,0
15156,0,1,0,0,0,0,0,0,0
15157,0,1,0,0,0,0,0,0,0
15158,0,1,0,0,0,0,0,0,0
15159,0,1,0,0,0,0,0,0,0
15160,0,1,0,0,0,0,0,0,0
15161,0,1,0,0,0,0,0,0,0
15162,0,1,0,0,0,0,0,0,0
15163,0,1,0,0,0,0,0,0,0
15164,0,1,0,0,0,0,0,0,0
15165,0,1,0,0,0,0,0,0,0
15166,0,1,0,0,0,0,0,0,0
15167,0,1,0,0,0,0,0,0,0
15168,0,1,0,0,0,0,0,0,0
15169,0,1,0,0,0,0,0,0,0
15170,0,1,0,0,0,0,0,0,0
15171,0,1,0,0,0,0,0,0,0
15172,0,1,0,0,0,0,0,0,0
15173,0,1,0,0,0,0,0,0,0
15174,0,1,0,0,0,0,0,0,0
15175,0,1,0,0,0,0,0,0,0
15176,0,1,0,0,0,0,0,0,0
15177,0,1,0,0,0,0,0,0,0
15178,0,1,0,0,0,0,0,0,0
15179,0,1,0,0,0,0,0,0,0
15180,0,1,0,0,0,0,0,0,0
15181,0,1,0,0,0,0,0,0,0
15182,0,1,0,0,0,0,0,0,0
15183,0,1,0,0,0,0,0,0,0
15184,0,1,0,0,0,0,0,0,0
15185,0,1,0,0,0,0,0,0,0
15186,0,1,0,0,0,0,0,0,0
15187,0,1,0,0,0,0,0,0,0
15188,0,1,0,0,0,0,0,0,0
15189,0,1,0,0,0,0,0,0,0
15190,0,1,0,0,0,0,0,0,0
15191,0,1,0,0,0,0,0,0,0
15192,0,1,0,0,0,0,0,0,0
15193,0,1,0,0,0,0,0,0,0
15194,0,1,0,0,0,0,0,0,0
15195,0,1,0,0,0,0,0,0,0
15196,0,1,0,0,0,0,0,0,0
15197,0,1,0,0,0,0,0,0,0
15198,0,1,0,0,0,0,0,0,0
15199,0,1,0,0,0,0,0,0,0
15200,0,1,0,0,0,0,0,0,0
15201,0,1,0,0,0,0,0,0,0
15202,0,1,0,0,0,0,0,0,0
15203,0,1,0,0,0,0,0,0,0
15204,0,1,0,0,0,0,0,0,0
15205,0,1,0,0,0,0,0,0,0
15206,0,1,0,0,0,0,0,0,0
15207,0,1,0,0,0,0,0,0,0
15208,0,1,0,0,0,0,0,0,0
15209,0,1,0,0,0,0,0,0,0
15210,0,1,0,0,0,0,0,0,0
15211,0,1,0,0,0,0,0,0,0
15212,0,1,0,0,0,0,0,0,0
15213,0,1,0,0,0,0,0,0,0
15214,0,1,0,0,0,0,0,0,0
15215,0,1,0,0,0,0,0,0,0
15216,0,1,0,0,0,0,0,0,0
15217,0,1,0,0,0,0,0,0,0
15218,0,1,0,0,0,0,0,0,0
15219,0,1,0,0,0,0,0,0,0
15220,0,1,0,0,0,0,0,0,0
15221,0,1,0,0,0,0,0,0,0
15222,0,1,0,0,0,0,0,0,0
15223,0,1,0,0,0,0,0,0,0
15224,0,1,0,0,0,0,0,0,0
15225,0,1,0,0,0,0,0,0,0
15226,0,1,0,0,0,0,0,0,0
15227,0,1,0,0,0,0,0,0,0
15228,0,1,0,0,0,0,0,0,0
15229,0,1,0,0,0,0,0,0,0
15230,0,1,0,0,0,0,0,0,0
15231,0,1,0,0,0,0,0,0,0
15232,0,1,0,0,0,0,0,0,0
15233,0,1,0,0,0,0,0,0,0
15234,0,1,0,0,0,0,0,0,0
15235,0,1,0,0,0,0,0,0,0
15236,0,1,0,0,0,0,0,0,0
15237,0,1,0,0,0,0,0,0,0
15238,0,1,0,0,0,0,0,0,0
15239,0,1,0,0,0,0,0,0,0
15240,0,1,0,0,0,0,0,0,0
15241,0,1,0,0,0,0,0,0,0
15242,0,1,0,0,0,0,0,0,0
15243,0,1,0,0,0,0,0,0,0
15244,0,1,0,0,0,0,0,0,0
15245,0,1,0,0,0,0,0,0,0
15246,0,1,0,0,0,0,0,0,0
15247,0,1,0,0,0,0,0,0,0
15248,0,1,0,0,0,0,0,0,0
15249,0,1,0,0,0,0,0,0,0
15250,0,1,0,0,0,0,0,0,0
15251,0,1,0,0,0,0,0,0,0
15252,0,1,0,0,0,0,0,0,0
15253,0,1,0,0,0,0,0,0,0
15254,0,1,0,0,0,0,0,0,0
15255,0,1,0,0,0,0,0,0,0
15256,0,1,0,0,0,0,0,0,0
15257,0,1,0,0,0,0,0,0,0
15258,0,1,0,0,0,0,0,0,0
15259,0,1,0,0,0,0,0,0,0
15260,0,1,0,0,0,0,0,0,0
15261,0,1,0,0,0,0,0,0,0
15262,0,1,0,0,0,0,0,0,0
15263,0,1,0,0,0,0,0,0,0
15264,0,1,0,0,0,0,0,0,0
15265,0,1,0,0,0,0,0,0,0
15266,0,1,0,0,0,0,0,0,0
15267,0,1,0,0,0,0,0,0,0
15268,0,1,0,0,0,0,0,0,0
15269,0,1,0,0,0,0,0,0,0
15270,0,1,0,0,0,0,0,0,0
15271,0,1,0,0,0,0,0,0,0
15272,0,1,0,0,0,0,0,0,0
15273,0,1,0,0,0,0,0,0,0
15274,0,1,0,0,0,0,0,0,0
15275,0,1,0,0,0,0,0,0,0
15276,0,1,0,0,0,0,0,0,0
15277,0,1,0,0,0,0,0,0,0
15278,0,1,0,0,0,0,0,0,0
15279,0,1,0,0,0,0,0,0,0
15280,0,1,0,0,0,0,0,0,0
15281,0,1,0,0,0,0,0,0,0
15282,0,1,0,0,0,0,0,0,0
15283,0,1,0,0,0,0,0,0,0
15284,0,1,0,0,0,0,0,0,0
15285,0,1,0,0,0,0,0,0,0
15286,0,1,0,0,0,0,0,0,0
15287,0,1,0,0,0,0,0,0,0
15288,0,1,0,0,0,0,0,0,0
15289,0,1,0,0,0,0,0,0,0
15290,0,1,0,0,0,0,0,0,0
15291,0,1,0,0,0,0,0,0,0
15292,0,1,0,0,0,0,0,0,0
15293,0,1,0,0,0,0,0,0,0
15294,0,1,0,0,0,0,0,0,0
15295,0,1,0,0,0,0,0,0,0
15296,0,1,0,0,0,0,0,0,0
15297,0,1,0,0,0,0,0,0,0
15298,0,1,0,0,0,0,0,0,0
15299,0,1,0,0,0,0,0,0,0
15300,0,1,0,0,0,0,0,0,0
15301,0,1,0,0,0,0,0,0,0
15302,0,1,0,0,0,0,0,0,0
15303,0,1,0,0,0,0,0,0,0
15304,0,1,0,0,0,0,0,0,0
15305,0,1,0,0,0,0,0,0,0
15306,0,1,0,0,0,0,0,0,0
15307,0,1,0,0,0,0,0,0,0
15308,0,1,0,0,0,0,0,0,0
15309,0,1,0,0,0,0,0,0,0
15310,0,1,0,0,0,0,0,0,0
15311,0,1,0,0,0,0,0,0,0
15312,0,1,0,0,0,0,0,0,0
15313,0,1,0,0,0,0,0,0,0
15314,0,1,0,0,0,0,0,0,0
15315,0,1,0,0,0,0,0,0,0
15316,0,1,0,0,0,0,0,0,0
15317,0,1,0,0,0,0,0,0,0
15318,0,1,0,0,0,0,0,0,0
15319,0,1,0,0,0,0,0,0,0
15320,0,1,0,0,0,0,0,0,0
15321,0,1,0,0,0,0,0,0,0
15322,0,1,0,0,0,0,0,0,0
15323,0,1,0,0,0,0,0,0,0
15324,0,1,0,0,0,0,0,0,0
15325,0,1,0,0,0,0,0,0,0
15326,0,1,0,0,0,0,0,0,0
15327,0,1,0,0,0,0,0,0,0
15328,0,1,0,0,0,0,0,0,0
15329,0,1,0,0,0,0,0,0,0
15330,0,1,0,0,0,0,0,0,0
15331,0,1,0,0,0,0,0,0,0
15332,0,1,0,0,0,0,0,0,0
15333,0,1,0,0,0,0,0,0,0
15334,0,1,0,0,0,0,0,0,0
15335,0,1,0,0,0,0,0,0,0
15336,0,1,0,0,0,0,0,0,0
15337,0,1,0,0,0,0,0,0,0
15338,0,1,0,0,0,0,0,0,0
15339,0,1,0,0,0,0,0,0,0
15340,0,1,0,0,0,0,0,0,0
15341,0,1,0,0,0,0,0,0,0
15342,0,1,0,0,0,0,0,0,0
15343,0,1,0,0,0,0,0,0,0
15344,0,1,0,0,0,0,0,0,0
15345,0,1,0,0,0,0,0,0,0
15346,0,1,0,0,0,0,0,0,0
15347,0,1,0,0,0,0,0,0,0
15348,0,1,0,0,0,0,0,0,0
15349,0,1,0,0,0,0,0,0,0
15350,0,1,0,0,0,0,0,0,0
15351,0,1,0,0,0,0,0,0,0
15352,0,1,0,0,0,0,0,0,0
15353,0,1,0,0,0,0,0,0,0
15354,0,1,0,0,0,0,0,0,0
15355,0,1,0,0,0,0,0,0,0
15356,0,1,0,0,0,0,0,0,0
15357,0,1,0,0,0,0,0,0,0
15358,0,1,0,0,0,0,0,0,0
15359,0,1,0,0,0,0,0,0,0
15360,0,1,0,0,0,0,0,0,0
15361,0,1,0,0,0,0,0,0,0
15362,0,1,0,0,0,0,0,0,0
15363,0,1,0,0,0,0,0,0,0
15364,0,1,0,0,0,0,0,0,0
15365,0,1,0,0,0,0,0,0,0
15366,0,1,0,0,0,0,0,0,0
15367,0,1,0,0,0,0,0,0,0
15368,0,1,0,0,0,0,0,0,0
15369,0,1,0,0,0,0,0,0,0
15370,0,1,0,0,0,0,0,0,0
15371,0,1,0,0,0,0,0,0,0
15372,0,1,0,0,0,0,0,0,0
15373,0,1,0,0,0,0,0,0,0
15374,0,1,0,0,0,0,0,0,0
15375,0,1,0,0,0,0,0,0,0
15376,0,1,0,0,0,0,0,0,0
15377,0,1,0,0,0,0,0,0,0
15378,0,1,0,0,0,0,0,0,0
15379,0,1,0,0,0,0,0,0,0
15380,0,1,0,0,0,0,0,0,0
15381,0,1,0,0,0,0,0,0,0
15382,0,1,0,0,0,0,0,0,0
15383,0,1,0,0,0,0,0,0,0
15384,0,1,0,0,0,0,0,0,0
15385,0,1,0,0,0,0,0,0,0
15386,0,1,0,0,0,0,0,0,0
15387,0,1,0,0,0,0,0,0,0
15388,0,1,0,0,0,0,0,0,0
15389,0,1,0,0,0,0,0,0,0
15390,0,1,0,0,0,0,0,0,0
15391,0,1,0,0,0,0,0,0,0
15392,0,1,0,0,0,0,0,0,0
15393,0,1,0,0,0,0,0,0,0
15394,0,1,0,0,0,0,0,0,0
15395,0,1,0,0,0,0,0,0,0
15396,0,1,0,0,0,0,0,0,0
15397,0,1,0,0,0,0,0,0,0
15398,0,1,0,0,0,0,0,0,0
15399,0,1,0,0,0,0,0,0,0
15400,0,1,0,0,0,0,0,0,0
15401,0,1,0,0,0,0,0,0,0
15402,0,1,0,0,0,0,0,0,0
15403,0,1,0,0,0,0,0,0,0
15404,0,1,0,0,0,0,0,0,0
15405,0,1,0,0,0,0,0,0,0
15406,0,1,0,0,0,0,0,0,0
15407,0,1,0,0,0,0,0,0,0
15408,0,1,0,0,0,0,0,0,0
15409,0,1,0,0,0,0,0,0,0
15410,0,1,0,0,0,0,0,0,0
15411,0,1,0,0,0,0,0,0,0
15412,0,1,0,0,0,0,0,0,0
15413,0,1,0,0,0,0,0,0,0
15414,0,1,0,0,0,0,0,0,0
15415,0,1,0,0,0,0,0,0,0
15416,0,1,0,0,0,0,0,0,0
15417,0,1,0,0,0,0,0,0,0
15418,0,1,0,0,0,0,0,0,0
15419,0,1,0,0,0,0,0,0,0
15420,0,1,0,0,0,0,0,0,0
15421,0,1,0,0,0,0,0,0,0
15422,0,1,0,0,0,0,0,0,0
15423,0,1,0,0,0,0,0,0,0
15424,0,1,0,0,0,0,0,0,0
15425,0,1,0,0,0,0,0,0,0
15426,0,1,0,0,0,0,0,0,0
15427,0,1,0,0,0,0,0,0,0
15428,0,1,0,0,0,0,0,0,0
15429,0,1,0,0,0,0,0,0,0
15430,0,1,0,0,0,0,0,0,0
15431,0,1,0,0,0,0,0,0,0
15432,0,1,0,0,0,0,0,0,0
15433,0,1,0,0,0,0,0,0,0
15434,0,1,0,0,0,0,0,0,0
15435,0,1,0,0,0,0,0,0,0
15436,0,1,0,0,0,0,0,0,0
15437,0,1,0,0,0,0,0,0,0
15438,0,1,0,0,0,0,0,0,0
15439,0,1,0,0,0,0,0,0,0
15440,0,1,0,0,0,0,0,0,0
15441,0,1,0,0,0,0,0,0,0
15442,0,1,0,0,0,0,0,0,0
15443,0,1,0,0,0,0,0,0,0
15444,0,1,0,0,0,0,0,0,0
15445,0,1,0,0,0,0,0,0,0
15446,0,1,0,0,0,0,0,0,0
15447,0,1,0,0,0,0,0,0,0
15448,0,1,0,0,0,0,0,0,0
15449,0,1,0,0,0,0,0,0,0
15450,0,1,0,0,0,0,0,0,0
15451,0,1,0,0,0,0,0,0,0
15452,0,1,0,0,0,0,0,0,0
15453,0,1,0,0,0,0,0,0,0
15454,0,1,0,0,0,0,0,0,0
15455,0,1,0,0,0,0,0,0,0
15456,0,1,0,0,0,0,0,0,0
15457,0,1,0,0,0,0,0,0,0
15458,0,1,0,0,0,0,0,0,0
15459,0,1,0,0,0,0,0,0,0
15460,0,1,0,0,0,0,0,0,0
15461,0,1,0,0,0,0,0,0,0
15462,0,1,0,0,0,0,0,0,0
15463,0,1,0,0,0,0,0,0,0
15464,0,1,0,0,0,0,0,0,0
15465,0,1,0,0,0,0,0,0,0
15466,0,1,0,0,0,0,0,0,0
15467,0,1,0,0,0,0,0,0,0
15468,0,1,0,0,0,0,0,0,0
15469,0,1,0,0,0,0,0,0,0
15470,0,1,0,0,0,0,0,0,0
15471,0,1,0,0,0,0,0,0,0
15472,0,1,0,0,0,0,0,0,0
15473,0,1,0,0,0,0,0,0,0
15474,0,1,0,0,0,0,0,0,0
15475,0,1,0,0,0,0,0,0,0
15476,0,1,0,0,0,0,0,0,0
15477,0,1,0,0,0,0,0,0,0
15478,0,1,0,0,0,0,0,0,0
15479,0,1,0,0,0,0,0,0,0
15480,0,1,0,0,0,0,0,0,0
15481,0,1,0,0,0,0,0,0,0
15482,0,1,0,0,0,0,0,0,0
15483,0,1,0,0,0,0,0,0,0
15484,0,1,0,0,0,0,0,0,0
15485,0,1,0,0,0,0,0,0,0
15486,0,1,0,0,0,0,0,0,0
15487,0,1,0,0,0,0,0,0,0
15488,0,1,0,0,0,0,0,0,0
15489,0,1,0,0,0,0,0,0,0
15490,0,1,0,0,0,0,0,0,0
15491,0,1,0,0,0,0,0,0,0
15492,0,1,0,0,0,0,0,0,0
15493,0,1,0,0,0,0,0,0,0
15494,0,1,0,0,0,0,0,0,0
15495,0,1,0,0,0,0,0,0,0
15496,0,1,0,0,0,0,0,0,0
15497,0,1,0,0,0,0,0,0,0
15498,0,1,0,0,0,0,0,0,0
15499,0,1,0,0,0,0,0,0,0
15500,0,1,0,0,0,0,0,0,0
15501,0,1,0,0,0,0,0,0,0
15502,0,1,0,0,0,0,0,0,0
15503,0,1,0,0,0,0,0,0,0
15504,0,1,0,0,0,0,0,0,0
15505,0,1,0,0,0,0,0,0,0
15506,0,1,0,0,0,0,0,0,0
15507,0,1,0,0,0,0,0,0,0
15508,0,1,0,0,0,0,0,0,0
15509,0,1,0,0,0,0,0,0,0
15510,0,1,0,0,0,0,0,0,0
15511,0,1,0,0,0,0,0,0,0
15512,0,1,0,0,0,0,0,0,0
15513,0,1,0,0,0,0,0,0,0
15514,0,1,0,0,0,0,0,0,0
15515,0,1,0,0,0,0,0,0,0
15516,0,1,0,0,0,0,0,0,0
15517,0,1,0,0,0,0,0,0,0
15518,0,1,0,0,0,0,0,0,0
15519,0,1,0,0,0,0,0,0,0
15520,0,1,0,0,0,0,0,0,0
15521,0,1,0,0,0,0,0,0,0
15522,0,1,0,0,0,0,0,0,0
15523,0,1,0,0,0,0,0,0,0
15524,0,1,0,0,0,0,0,0,0
15525,0,1,0,0,0,0,0,0,0
15526,0,1,0,0,0,0,0,0,0
15527,0,1,0,0,0,0,0,0,0
15528,0,1,0,0,0,0,0,0,0
15529,0,1,0,0,0,0,0,0,0
15530,0,1,0,0,0,0,0,0,0
15531,0,1,0,0,0,0,0,0,0
15532,0,1,0,0,0,0,0,0,0
15533,0,1,0,0,0,0,0,0,0
15534,0,1,0,0,0,0,0,0,0
15535,0,1,0,0,0,0,0,0,0
15536,0,1,0,0,0,0,0,0,0
15537,0,1,0,0,0,0,0,0,0
15538,0,1,0,0,0,0,0,0,0
15539,0,1,0,0,0,0,0,0,0
15540,0,1,0,0,0,0,0,0,0
15541,0,1,0,0,0,0,0,0,0
15542,0,1,0,0,0,0,0,0,0
15543,0,1,0,0,0,0,0,0,0
15544,0,1,0,0,0,0,0,0,0
15545,0,1,0,0,0,0,0,0,0
15546,0,1,0,0,0,0,0,0,0
15547,0,1,0,0,0,0,0,0,0
15548,0,1,0,0,0,0,0,0,0
15549,0,1,0,0,0,0,0,0,0
15550,0,1,0,0,0,0,0,0,0
15551,0,1,0,0,0,0,0,0,0
15552,0,1,0,0,0,0,0,0,0
15553,0,1,0,0,0,0,0,0,0
15554,0,1,0,0,0,0,0,0,0
15555,0,1,0,0,0,0,0,0,0
15556,0,1,0,0,0,0,0,0,0
15557,0,1,0,0,0,0,0,0,0
15558,0,1,0,0,0,0,0,0,0
15559,0,1,0,0,0,0,0,0,0
15560,0,1,0,0,0,0,0,0,0
15561,0,1,0,0,0,0,0,0,0
15562,0,1,0,0,0,0,0,0,0
15563,0,1,0,0,0,0,0,0,0
15564,0,1,0,0,0,0,0,0,0
15565,0,1,0,0,0,0,0,0,0
15566,0,1,0,0,0,0,0,0,0
15567,0,1,0,0,0,0,0,0,0
15568,0,1,0,0,0,0,0,0,0
15569,0,1,0,0,0,0,0,0,0
15570,0,1,0,0,0,0,0,0,0
15571,0,1,0,0,0,0,0,0,0
15572,0,1,0,0,0,0,0,0,0
15573,0,1,0,0,0,0,0,0,0
15574,0,1,0,0,0,0,0,0,0
15575,0,1,0,0,0,0,0,0,0
15576,0,1,0,0,0,0,0,0,0
15577,0,1,0,0,0,0,0,0,0
15578,0,1,0,0,0,0,0,0,0
15579,0,1,0,0,0,0,0,0,0
15580,0,1,0,0,0,0,0,0,0
15581,0,1,0,0,0,0,0,0,0
15582,0,1,0,0,0,0,0,0,0
15583,0,1,0,0,0,0,0,0,0
15584,0,1,0,0,0,0,0,0,0
15585,0,1,0,0,0,0,0,0,0
15586,0,1,0,0,0,0,0,0,0
15587,0,1,0,0,0,0,0,0,0
15588,0,1,0,0,0,0,0,0,0
15589,0,1,0,0,0,0,0,0,0
15590,0,1,0,0,0,0,0,0,0
15591,0,1,0,0,0,0,0,0,0
15592,0,1,0,0,0,0,0,0,0
15593,0,1,0,0,0,0,0,0,0
15594,0,1,0,0,0,0,0,0,0
15595,0,1,0,0,0,0,0,0,0
15596,0,1,0,0,0,0,0,0,0
15597,0,1,0,0,0,0,0,0,0
15598,0,1,0,0,0,0,0,0,0
15599,0,1,0,0,0,0,0,0,0
15600,0,1,0,0,0,0,0,0,0
15601,0,1,0,0,0,0,0,0,0
15602,0,1,0,0,0,0,0,0,0
15603,0,1,0,0,0,0,0,0,0
15604,0,1,0,0,0,0,0,0,0
15605,0,1,0,0,0,0,0,0,0
15606,0,1,0,0,0,0,0,0,0
15607,0,1,0,0,0,0,0,0,0
15608,0,1,0,0,0,0,0,0,0
15609,0,1,0,0,0,0,0,0,0
15610,0,1,0,0,0,0,0,0,0
15611,0,1,0,0,0,0,0,0,0
15612,0,1,0,0,0,0,0,0,0
15613,0,1,0,0,0,0,0,0,0
15614,0,1,0,0,0,0,0,0,0
15615,0,1,0,0,0,0,0,0,0
15616,0,1,0,0,0,0,0,0,0
15617,0,1,0,0,0,0,0,0,0
15618,0,1,0,0,0,0,0,0,0
15619,0,1,0,0,0,0,0,0,0
15620,0,1,0,0,0,0,0,0,0
15621,0,1,0,0,0,0,0,0,0
15622,0,1,0,0,0,0,0,0,0
15623,0,1,0,0,0,0,0,0,0
15624,0,1,0,0,0,0,0,0,0
15625,0,1,0,0,0,0,0,0,0
15626,0,1,0,0,0,0,0,0,0
15627,0,1,0,0,0,0,0,0,0
15628,0,1,0,0,0,0,0,0,0
15629,0,1,0,0,0,0,0,0,0
15630,0,1,0,0,0,0,0,0,0
15631,0,1,0,0,0,0,0,0,0
15632,0,1,0,0,0,0,0,0,0
15633,0,1,0,0,0,0,0,0,0
15634,0,1,0,0,0,0,0,0,0
15635,0,1,0,0,0,0,0,0,0
15636,0,1,0,0,0,0,0,0,0
15637,0,1,0,0,0,0,0,0,0
15638,0,1,0,0,0,0,0,0,0
15639,0,1,0,0,0,0,0,0,0
15640,0,1,0,0,0,0,0,0,0
15641,0,1,0,0,0,0,0,0,0
15642,0,1,0,0,0,0,0,0,0
15643,0,1,0,0,0,0,0,0,0
15644,0,1,0,0,0,0,0,0,0
15645,0,1,0,0,0,0,0,0,0
15646,0,1,0,0,0,0,0,0,0
15647,0,1,0,0,0,0,0,0,0
15648,0,1,0,0,0,0,0,0,0
15649,0,1,0,0,0,0,0,0,0
15650,0,1,0,0,0,0,0,0,0
15651,0,1,0,0,0,0,0,0,0
15652,0,1,0,0,0,0,0,0,0
15653,0,1,0,0,0,0,0,0,0
15654,0,1,0,0,0,0,0,0,0
15655,0,1,0,0,0,0,0,0,0
15656,0,1,0,0,0,0,0,0,0
15657,0,1,0,0,0,0,0,0,0
15658,0,1,0,0,0,0,0,0,0
15659,0,1,0,0,0,0,0,0,0
15660,0,1,0,0,0,0,0,0,0
15661,0,1,0,0,0,0,0,0,0
15662,0,1,0,0,0,0,0,0,0
15663,0,1,0,0,0,0,0,0,0
15664,0,1,0,0,0,0,0,0,0
15665,0,1,0,0,0,0,0,0,0
15666,0,1,0,0,0,0,0,0,0
15667,0,1,0,0,0,0,0,0,0
15668,0,1,0,0,0,0,0,0,0
15669,0,1,0,0,0,0,0,0,0
15670,0,1,0,0,0,0,0,0,0
15671,0,1,0,0,0,0,0,0,0
15672,0,1,0,0,0,0,0,0,0
15673,0,1,0,0,0,0,0,0,0
15674,0,1,0,0,0,0,0,0,0
15675,0,1,0,0,0,0,0,0,0
15676,0,1,0,0,0,0,0,0,0
15677,0,1,0,0,0,0,0,0,0
15678,0,1,0,0,0,0,0,0,0
15679,0,1,0,0,0,0,0,0,0
15680,0,1,0,0,0,0,0,0,0
15681,0,1,0,0,0,0,0,0,0
15682,0,1,0,0,0,0,0,0,0
15683,0,1,0,0,0,0,0,0,0
15684,0,1,0,0,0,0,0,0,0
15685,0,1,0,0,0,0,0,0,0
15686,0,1,0,0,0,0,0,0,0
15687,0,1,0,0,0,0,0,0,0
15688,0,1,0,0,0,0,0,0,0
15689,0,1,0,0,0,0,0,0,0
15690,0,1,0,0,0,0,0,0,0
15691,0,1,0,0,0,0,0,0,0
15692,0,1,0,0,0,0,0,0,0
15693,0,1,0,0,0,0,0,0,0
15694,0,1,0,0,0,0,0,0,0
15695,0,1,0,0,0,0,0,0,0
15696,0,1,0,0,0,0,0,0,0
15697,0,1,0,0,0,0,0,0,0
15698,0,1,0,0,0,0,0,0,0
15699,0,1,0,0,0,0,0,0,0
15700,0,1,0,0,0,0,0,0,0
15701,0,1,0,0,0,0,0,0,0
15702,0,1,0,0,0,0,0,0,0
15703,0,1,0,0,0,0,0,0,0
15704,0,1,0,0,0,0,0,0,0
15705,0,1,0,0,0,0,0,0,0
15706,0,1,0,0,0,0,0,0,0
15707,0,1,0,0,0,0,0,0,0
15708,0,1,0,0,0,0,0,0,0
15709,0,1,0,0,0,0,0,0,0
15710,0,1,0,0,0,0,0,0,0
15711,0,1,0,0,0,0,0,0,0
15712,0,1,0,0,0,0,0,0,0
15713,0,1,0,0,0,0,0,0,0
15714,0,1,0,0,0,0,0,0,0
15715,0,1,0,0,0,0,0,0,0
15716,0,1,0,0,0,0,0,0,0
15717,0,1,0,0,0,0,0,0,0
15718,0,1,0,0,0,0,0,0,0
15719,0,1,0,0,0,0,0,0,0
15720,0,1,0,0,0,0,0,0,0
15721,0,1,0,0,0,0,0,0,0
15722,0,1,0,0,0,0,0,0,0
15723,0,1,0,0,0,0,0,0,0
15724,0,1,0,0,0,0,0,0,0
15725,0,1,0,0,0,0,0,0,0
15726,0,1,0,0,0,0,0,0,0
15727,0,1,0,0,0,0,0,0,0
15728,0,1,0,0,0,0,0,0,0
15729,0,1,0,0,0,0,0,0,0
15730,0,1,0,0,0,0,0,0,0
15731,0,1,0,0,0,0,0,0,0
15732,0,1,0,0,0,0,0,0,0
15733,0,1,0,0,0,0,0,0,0
15734,0,1,0,0,0,0,0,0,0
15735,0,1,0,0,0,0,0,0,0
15736,0,1,0,0,0,0,0,0,0
15737,0,1,0,0,0,0,0,0,0
15738,0,1,0,0,0,0,0,0,0
15739,0,1,0,0,0,0,0,0,0
15740,0,1,0,0,0,0,0,0,0
15741,0,1,0,0,0,0,0,0,0
15742,0,1,0,0,0,0,0,0,0
15743,0,1,0,0,0,0,0,0,0
15744,0,1,0,0,0,0,0,0,0
15745,0,1,0,0,0,0,0,0,0
15746,0,1,0,0,0,0,0,0,0
15747,0,1,0,0,0,0,0,0,0
15748,0,1,0,0,0,0,0,0,0
15749,0,1,0,0,0,0,0,0,0
15750,0,1,0,0,0,0,0,0,0
15751,0,1,0,0,0,0,0,0,0
15752,0,1,0,0,0,0,0,0,0
15753,0,1,0,0,0,0,0,0,0
15754,0,1,0,0,0,0,0,0,0
15755,0,1,0,0,0,0,0,0,0
15756,0,1,0,0,0,0,0,0,0
15757,0,1,0,0,0,0,0,0,0
15758,0,1,0,0,0,0,0,0,0
15759,0,1,0,0,0,0,0,0,0
15760,0,1,0,0,0,0,0,0,0
15761,0,1,0,0,0,0,0,0,0
15762,0,1,0,0,0,0,0,0,0
15763,0,1,0,0,0,0,0,0,0
15764,0,1,0,0,0,0,0,0,0
15765,0,1,0,0,0,0,0,0,0
15766,0,1,0,0,0,0,0,0,0
15767,0,1,0,0,0,0,0,0,0
15768,0,1,0,0,0,0,0,0,0
15769,0,1,0,0,0,0,0,0,0
15770,0,1,0,0,0,0,0,0,0
15771,0,1,0,0,0,0,0,0,0
15772,0,1,0,0,0,0,0,0,0
15773,0,1,0,0,0,0,0,0,0
15774,0,1,0,0,0,0,0,0,0
15775,0,1,0,0,0,0,0,0,0
15776,0,1,0,0,0,0,0,0,0
15777,0,1,0,0,0,0,0,0,0
15778,0,1,0,0,0,0,0,0,0
15779,0,1,0,0,0,0,0,0,0
15780,0,1,0,0,0,0,0,0,0
15781,0,1,0,0,0,0,0,0,0
15782,0,1,0,0,0,0,0,0,0
15783,0,1,0,0,0,0,0,0,0
15784,0,1,0,0,0,0,0,0,0
15785,0,1,0,0,0,0,0,0,0
15786,0,1,0,0,0,0,0,0,0
15787,0,1,0,0,0,0,0,0,0
15788,0,1,0,0,0,0,0,0,0
15789,0,1,0,0,0,0,0,0,0
15790,0,1,0,0,0,0,0,0,0
15791,0,1,0,0,0,0,0,0,0
15792,0,1,0,0,0,0,0,0,0
15793,0,1,0,0,0,0,0,0,0
15794,0,1,0,0,0,0,0,0,0
15795,0,1,0,0,0,0,0,0,0
15796,0,1,0,0,0,0,0,0,0
15797,0,1,0,0,0,0,0,0,0
15798,0,1,0,0,0,0,0,0,0
15799,0,1,0,0,0,0,0,0,0
15800,0,1,0,0,0,0,0,0,0
15801,0,1,0,0,0,0,0,0,0
15802,0,1,0,0,0,0,0,0,0
15803,0,1,0,0,0,0,0,0,0
15804,0,1,0,0,0,0,0,0,0
15805,0,1,0,0,0,0,0,0,0
15806,0,1,0,0,0,0,0,0,0
15807,0,1,0,0,0,0,0,0,0
15808,0,1,0,0,0,0,0,0,0
15809,0,1,0,0,0,0,0,0,0
15810,0,1,0,0,0,0,0,0,0
15811,0,1,0,0,0,0,0,0,0
15812,0,1,0,0,0,0,0,0,0
15813,0,1,0,0,0,0,0,0,0
15814,0,1,0,0,0,0,0,0,0
15815,0,1,0,0,0,0,0,0,0
15816,0,1,0,0,0,0,0,0,0
15817,0,1,0,0,0,0,0,0,0
15818,0,1,0,0,0,0,0,0,0
15819,0,1,0,0,0,0,0,0,0
15820,0,1,0,0,0,0,0,0,0
15821,0,1,0,0,0,0,0,0,0
15822,0,1,0,0,0,0,0,0,0
15823,0,1,0,0,0,0,0,0,0
15824,0,1,0,0,0,0,0,0,0
15825,0,1,0,0,0,0,0,0,0
15826,0,1,0,0,0,0,0,0,0
15827,0,1,0,0,0,0,0,0,0
15828,0,1,0,0,0,0,0,0,0
15829,0,1,0,0,0,0,0,0,0
15830,0,1,0,0,0,0,0,0,0
15831,0,1,0,0,0,0,0,0,0
15832,0,1,0,0,0,0,0,0,0
15833,0,1,0,0,0,0,0,0,0
15834,0,1,0,0,0,0,0,0,0
15835,0,1,0,0,0,0,0,0,0
15836,0,1,0,0,0,0,0,0,0
15837,0,1,0,0,0,0,0,0,0
15838,0,1,0,0,0,0,0,0,0
15839,0,1,0,0,0,0,0,0,0
15840,0,1,0,0,0,0,0,0,0
15841,0,1,0,0,0,0,0,0,0
15842,0,1,0,0,0,0,0,0,0
15843,0,1,0,0,0,0,0,0,0
15844,0,1,0,0,0,0,0,0,0
15845,0,1,0,0,0,0,0,0,0
15846,0,1,0,0,0,0,0,0,0
15847,0,1,0,0,0,0,0,0,0
15848,0,1,0,0,0,0,0,0,0
15849,0,1,0,0,0,0,0,0,0
15850,0,1,0,0,0,0,0,0,0
15851,0,1,0,0,0,0,0,0,0
15852,0,1,0,0,0,0,0,0,0
15853,0,1,0,0,0,0,0,0,0
15854,0,1,0,0,0,0,0,0,0
15855,0,1,0,0,0,0,0,0,0
15856,0,1,0,0,0,0,0,0,0
15857,0,1,0,0,0,0,0,0,0
15858,0,1,0,0,0,0,0,0,0
15859,0,1,0,0,0,0,0,0,0
15860,0,1,0,0,0,0,0,0,0
15861,0,1,0,0,0,0,0,0,0
15862,0,1,0,0,0,0,0,0,0
15863,0,1,0,0,0,0,0,0,0
15864,0,1,0,0,0,0,0,0,0
15865,0,1,0,0,0,0,0,0,0
15866,0,1,0,0,0,0,0,0,0
15867,0,1,0,0,0,0,0,0,0
15868,0,1,0,0,0,0,0,0,0
15869,0,1,0,0,0,0,0,0,0
15870,0,1,0,0,0,0,0,0,0
15871,0,1,0,0,0,0,0,0,0
15872,0,1,0,0,0,0,0,0,0
15873,0,1,0,0,0,0,0,0,0
15874,0,1,0,0,0,0,0,0,0
15875,0,1,0,0,0,0,0,0,0
15876,0,1,0,0,0,0,0,0,0
15877,0,1,0,0,0,0,0,0,0
15878,0,1,0,0,0,0,0,0,0
15879,0,1,0,0,0,0,0,0,0
15880,0,1,0,0,0,0,0,0,0
15881,0,1,0,0,0,0,0,0,0
15882,0,1,0,0,0,0,0,0,0
15883,0,1,0,0,0,0,0,0,0
15884,0,1,0,0,0,0,0,0,0
15885,0,1,0,0,0,0,0,0,0
15886,0,1,0,0,0,0,0,0,0
15887,0,1,0,0,0,0,0,0,0
15888,0,1,0,0,0,0,0,0,0
15889,0,1,0,0,0,0,0,0,0
15890,0,1,0,0,0,0,0,0,0
15891,0,1,0,0,0,0,0,0,0
15892,0,1,0,0,0,0,0,0,0
15893,0,1,0,0,0,0,0,0,0
15894,0,1,0,0,0,0,0,0,0
15895,0,1,0,0,0,0,0,0,0
15896,0,1,0,0,0,0,0,0,0
15897,0,1,0,0,0,0,0,0,0
15898,0,1,0,0,0,0,0,0,0
15899,0,1,0,0,0,0,0,0,0
15900,0,1,0,0,0,0,0,0,0
15901,0,1,0,0,0,0,0,0,0
15902,0,1,0,0,0,0,0,0,0
15903,0,1,0,0,0,0,0,0,0
15904,0,1,0,0,0,0,0,0,0
15905,0,1,0,0,0,0,0,0,0
15906,0,1,0,0,0,0,0,0,0
15907,0,1,0,0,0,0,0,0,0
15908,0,1,0,0,0,0,0,0,0
15909,0,1,0,0,0,0,0,0,0
15910,0,1,0,0,0,0,0,0,0
15911,0,1,0,0,0,0,0,0,0
15912,0,1,0,0,0,0,0,0,0
15913,0,1,0,0,0,0,0,0,0
15914,0,1,0,0,0,0,0,0,0
15915,0,1,0,0,0,0,0,0,0
15916,0,1,0,0,0,0,0,0,0
15917,0,1,0,0,0,0,0,0,0
15918,0,1,0,0,0,0,0,0,0
15919,0,1,0,0,0,0,0,0,0
15920,0,1,0,0,0,0,0,0,0
15921,0,1,0,0,0,0,0,0,0
15922,0,1,0,0,0,0,0,0,0
15923,0,1,0,0,0,0,0,0,0
15924,0,1,0,0,0,0,0,0,0
15925,0,1,0,0,0,0,0,0,0
15926,0,1,0,0,0,0,0,0,0
15927,0,1,0,0,0,0,0,0,0
15928,0,1,0,0,0,0,0,0,0
15929,0,1,0,0,0,0,0,0,0
15930,0,1,0,0,0,0,0,0,0
15931,0,1,0,0,0,0,0,0,0
15932,0,1,0,0,0,0,0,0,0
15933,0,1,0,0,0,0,0,0,0
15934,0,1,0,0,0,0,0,0,0
15935,0,1,0,0,0,0,0,0,0
15936,0,1,0,0,0,0,0,0,0
15937,0,1,0,0,0,0,0,0,0
15938,0,1,0,0,0,0,0,0,0
15939,0,1,0,0,0,0,0,0,0
15940,0,1,0,0,0,0,0,0,0
15941,0,1,0,0,0,0,0,0,0
15942,0,1,0,0,0,0,0,0,0
15943,0,1,0,0,0,0,0,0,0
15944,0,1,0,0,0,0,0,0,0
15945,0,1,0,0,0,0,0,0,0
15946,0,1,0,0,0,0,0,0,0
15947,0,1,0,0,0,0,0,0,0
15948,0,1,0,0,0,0,0,0,0
15949,0,1,0,0,0,0,0,0,0
15950,0,1,0,0,0,0,0,0,0
15951,0,1,0,0,0,0,0,0,0
15952,0,1,0,0,0,0,0,0,0
15953,0,1,0,0,0,0,0,0,0
15954,0,1,0,0,0,0,0,0,0
15955,0,1,0,0,0,0,0,0,0
15956,0,1,0,0,0,0,0,0,0
15957,0,1,0,0,0,0,0,0,0
15958,0,1,0,0,0,0,0,0,0
15959,0,1,0,0,0,0,0,0,0
15960,0,1,0,0,0,0,0,0,0
15961,0,1,0,0,0,0,0,0,0
15962,0,1,0,0,0,0,0,0,0
15963,0,1,0,0,0,0,0,0,0
15964,0,1,0,0,0,0,0,0,0
15965,0,1,0,0,0,0,0,0,0
15966,0,1,0,0,0,0,0,0,0
15967,0,1,0,0,0,0,0,0,0
15968,0,1,0,0,0,0,0,0,0
15969,0,1,0,0,0,0,0,0,0
15970,0,1,0,0,0,0,0,0,0
15971,0,1,0,0,0,0,0,0,0
15972,0,1,0,0,0,0,0,0,0
15973,0,1,0,0,0,0,0,0,0
15974,0,1,0,0,0,0,0,0,0
15975,0,1,0,0,0,0,0,0,0
15976,0,1,0,0,0,0,0,0,0
15977,0,1,0,0,0,0,0,0,0
15978,0,1,0,0,0,0,0,0,0
15979,0,1,0,0,0,0,0,0,0
15980,0,1,0,0,0,0,0,0,0
15981,0,1,0,0,0,0,0,0,0
15982,0,1,0,0,0,0,0,0,0
15983,0,1,0,0,0,0,0,0,0
15984,0,1,0,0,0,0,0,0,0
15985,0,1,0,0,0,0,0,0,0
15986,0,1,0,0,0,0,0,0,0
15987,0,1,0,0,0,0,0,0,0
15988,0,1,0,0,0,0,0,0,0
15989,0,1,0,0,0,0,0,0,0
15990,0,1,0,0,0,0,0,0,0
15991,0,1,0,0,0,0,0,0,0
15992,0,1,0,0,0,0,0,0,0
15993,0,1,0,0,0,0,0,0,0
15994,0,1,0,0,0,0,0,0,0
15995,0,1,0,0,0,0,0,0,0
15996,0,1,0,0,0,0,0,0,0
15997,0,1,0,0,0,0,0,0,0
15998,0,1,0,0,0,0,0,0,0
15999,0,1,0,0,0,0,0,0,0
16000,0,1,0,0,0,0,0,0,0
16001,0,1,0,0,0,0,0,0,0
16002,0,1,0,0,0,0,0,0,0
16003,0,1,0,0,0,0,0,0,0
16004,0,1,0,0,0,0,0,0,0
16005,0,1,0,0,0,0,0,0,0
16006,0,1,0,0,0,0,0,0,0
16007,0,1,0,0,0,0,0,0,0
16008,0,1,0,0,0,0,0,0,0
16009,0,1,0,0,0,0,0,0,0
16010,0,1,0,0,0,0,0,0,0
16011,0,1,0,0,0,0,0,0,0
16012,0,1,0,0,0,0,0,0,0
16013,0,1,0,0,0,0,0,0,0
16014,0,1,0,0,0,0,0,0,0
16015,0,1,0,0,0,0,0,0,0
16016,0,1,0,0,0,0,0,0,0
16017,0,1,0,0,0,0,0,0,0
16018,0,1,0,0,0,0,0,0,0
16019,0,1,0,0,0,0,0,0,0
16020,0,1,0,0,0,0,0,0,0
16021,0,1,0,0,0,0,0,0,0
16022,0,1,0,0,0,0,0,0,0
16023,0,1,0,0,0,0,0,0,0
16024,0,1,0,0,0,0,0,0,0
16025,0,1,0,0,0,0,0,0,0
16026,0,1,0,0,0,0,0,0,0
16027,0,1,0,0,0,0,0,0,0
16028,0,1,0,0,0,0,0,0,0
16029,0,1,0,0,0,0,0,0,0
16030,0,1,0,0,0,0,0,0,0
16031,0,1,0,0,0,0,0,0,0
16032,0,1,0,0,0,0,0,0,0
16033,0,1,0,0,0,0,0,0,0
16034,0,1,0,0,0,0,0,0,0
16035,0,1,0,0,0,0,0,0,0
16036,0,1,0,0,0,0,0,0,0
16037,0,1,0,0,0,0,0,0,0
16038,0,1,0,0,0,0,0,0,0
16039,0,1,0,0,0,0,0,0,0
16040,0,1,0,0,0,0,0,0,0
16041,0,1,0,0,0,0,0,0,0
16042,0,1,0,0,0,0,0,0,0
16043,0,1,0,0,0,0,0,0,0
16044,0,1,0,0,0,0,0,0,0
16045,0,1,0,0,0,0,0,0,0
16046,0,1,0,0,0,0,0,0,0
16047,0,1,0,0,0,0,0,0,0
16048,0,1,0,0,0,0,0,0,0
16049,0,1,0,0,0,0,0,0,0
16050,0,1,0,0,0,0,0,0,0
16051,0,1,0,0,0,0,0,0,0
16052,0,1,0,0,0,0,0,0,0
16053,0,1,0,0,0,0,0,0,0
16054,0,1,0,0,0,0,0,0,0
16055,0,1,0,0,0,0,0,0,0
16056,0,1,0,0,0,0,0,0,0
16057,0,1,0,0,0,0,0,0,0
16058,0,1,0,0,0,0,0,0,0
16059,0,1,0,0,0,0,0,0,0
16060,0,1,0,0,0,0,0,0,0
16061,0,1,0,0,0,0,0,0,0
16062,0,1,0,0,0,0,0,0,0
16063,0,1,0,0,0,0,0,0,0
16064,0,1,0,0,0,0,0,0,0
16065,0,1,0,0,0,0,0,0,0
16066,0,1,0,0,0,0,0,0,0
16067,0,1,0,0,0,0,0,0,0
16068,0,1,0,0,0,0,0,0,0
16069,0,1,0,0,0,0,0,0,0
16070,0,1,0,0,0,0,0,0,0
16071,0,1,0,0,0,0,0,0,0
16072,0,1,0,0,0,0,0,0,0
16073,0,1,0,0,0,0,0,0,0
16074,0,1,0,0,0,0,0,0,0
16075,0,1,0,0,0,0,0,0,0
16076,0,1,0,0,0,0,0,0,0
16077,0,1,0,0,0,0,0,0,0
16078,0,1,0,0,0,0,0,0,0
16079,0,1,0,0,0,0,0,0,0
16080,0,1,0,0,0,0,0,0,0
16081,0,1,0,0,0,0,0,0,0
16082,0,1,0,0,0,0,0,0,0
16083,0,1,0,0,0,0,0,0,0
16084,0,1,0,0,0,0,0,0,0
16085,0,1,0,0,0,0,0,0,0
16086,0,1,0,0,0,0,0,0,0
16087,0,1,0,0,0,0,0,0,0
16088,0,1,0,0,0,0,0,0,0
16089,0,1,0,0,0,0,0,0,0
16090,0,1,0,0,0,0,0,0,0
16091,0,1,0,0,0,0,0,0,0
16092,0,1,0,0,0,0,0,0,0
16093,0,1,0,0,0,0,0,0,0
16094,0,1,0,0,0,0,0,0,0
16095,0,1,0,0,0,0,0,0,0
16096,0,1,0,0,0,0,0,0,0
16097,0,1,0,0,0,0,0,0,0
16098,0,1,0,0,0,0,0,0,0
16099,0,1,0,0,0,0,0,0,0
16100,0,1,0,0,0,0,0,0,0
16101,0,1,0,0,0,0,0,0,0
16102,0,1,0,0,0,0,0,0,0
16103,0,1,0,0,0,0,0,0,0
16104,0,1,0,0,0,0,0,0,0
16105,0,1,0,0,0,0,0,0,0
16106,0,1,0,0,0,0,0,0,0
16107,0,1,0,0,0,0,0,0,0
16108,0,1,0,0,0,0,0,0,0
16109,0,1,0,0,0,0,0,0,0
16110,0,1,0,0,0,0,0,0,0
16111,0,1,0,0,0,0,0,0,0
16112,0,1,0,0,0,0,0,0,0
16113,0,1,0,0,0,0,0,0,0
16114,0,1,0,0,0,0,0,0,0
16115,0,1,0,0,0,0,0,0,0
16116,0,1,0,0,0,0,0,0,0
16117,0,1,0,0,0,0,0,0,0
16118,0,1,0,0,0,0,0,0,0
16119,0,1,0,0,0,0,0,0,0
16120,0,1,0,0,0,0,0,0,0
16121,0,1,0,0,0,0,0,0,0
16122,0,1,0,0,0,0,0,0,0
16123,0,1,0,0,0,0,0,0,0
16124,0,1,0,0,0,0,0,0,0
16125,0,1,0,0,0,0,0,0,0
16126,0,1,0,0,0,0,0,0,0
16127,0,1,0,0,0,0,0,0,0
16128,0,1,0,0,0,0,0,0,0
16129,0,1,0,0,0,0,0,0,0
16130,0,1,0,0,0,0,0,0,0
16131,0,1,0,0,0,0,0,0,0
16132,0,1,0,0,0,0,0,0,0
16133,0,1,0,0,0,0,0,0,0
16134,0,1,0,0,0,0,0,0,0
16135,0,1,0,0,0,0,0,0,0
16136,0,1,0,0,0,0,0,0,0
16137,0,1,0,0,0,0,0,0,0
16138,0,1,0,0,0,0,0,0,0
16139,0,1,0,0,0,0,0,0,0
16140,0,1,0,0,0,0,0,0,0
16141,0,1,0,0,0,0,0,0,0
16142,0,1,0,0,0,0,0,0,0
16143,0,1,0,0,0,0,0,0,0
16144,0,1,0,0,0,0,0,0,0
16145,0,1,0,0,0,0,0,0,0
16146,0,1,0,0,0,0,0,0,0
16147,0,1,0,0,0,0,0,0,0
16148,0,1,0,0,0,0,0,0,0
16149,0,1,0,0,0,0,0,0,0
16150,0,1,0,0,0,0,0,0,0
16151,0,1,0,0,0,0,0,0,0
16152,0,1,0,0,0,0,0,0,0
16153,0,1,0,0,0,0,0,0,0
16154,0,1,0,0,0,0,0,0,0
16155,0,1,0,0,0,0,0,0,0
16156,0,1,0,0,0,0,0,0,0
16157,0,1,0,0,0,0,0,0,0
16158,0,1,0,0,0,0,0,0,0
16159,0,1,0,0,0,0,0,0,0
16160,0,1,0,0,0,0,0,0,0
16161,0,1,0,0,0,0,0,0,0
16162,0,1,0,0,0,0,0,0,0
16163,0,1,0,0,0,0,0,0,0
16164,0,1,0,0,0,0,0,0,0
16165,0,1,0,0,0,0,0,0,0
16166,0,1,0,0,0,0,0,0,0
16167,0,1,0,0,0,0,0,0,0
16168,0,1,0,0,0,0,0,0,0
16169,0,1,0,0,0,0,0,0,0
16170,0,1,0,0,0,0,0,0,0
16171,0,1,0,0,0,0,0,0,0
16172,0,1,0,0,0,0,0,0,0
16173,0,1,0,0,0,0,0,0,0
16174,0,1,0,0,0,0,0,0,0
16175,0,1,0,0,0,0,0,0,0
16176,0,1,0,0,0,0,0,0,0
16177,0,1,0,0,0,0,0,0,0
16178,0,1,0,0,0,0,0,0,0
16179,0,1,0,0,0,0,0,0,0
16180,0,1,0,0,0,0,0,0,0
16181,0,1,0,0,0,0,0,0,0
16182,0,1,0,0,0,0,0,0,0
16183,0,1,0,0,0,0,0,0,0
16184,0,1,0,0,0,0,0,0,0
16185,0,1,0,0,0,0,0,0,0
16186,0,1,0,0,0,0,0,0,0
16187,0,1,0,0,0,0,0,0,0
16188,0,1,0,0,0,0,0,0,0
16189,0,1,0,0,0,0,0,0,0
16190,0,1,0,0,0,0,0,0,0
16191,0,1,0,0,0,0,0,0,0
16192,0,1,0,0,0,0,0,0,0
16193,0,1,0,0,0,0,0,0,0
16194,0,1,0,0,0,0,0,0,0
16195,0,1,0,0,0,0,0,0,0
16196,0,1,0,0,0,0,0,0,0
16197,0,1,0,0,0,0,0,0,0
16198,0,1,0,0,0,0,0,0,0
16199,0,1,0,0,0,0,0,0,0
16200,0,1,0,0,0,0,0,0,0
16201,0,1,0,0,0,0,0,0,0
16202,0,1,0,0,0,0,0,0,0
16203,0,1,0,0,0,0,0,0,0
16204,0,1,0,0,0,0,0,0,0
16205,0,1,0,0,0,0,0,0,0
16206,0,1,0,0,0,0,0,0,0
16207,0,1,0,0,0,0,0,0,0
16208,0,1,0,0,0,0,0,0,0
16209,0,1,0,0,0,0,0,0,0
16210,0,1,0,0,0,0,0,0,0
16211,0,1,0,0,0,0,0,0,0
16212,0,1,0,0,0,0,0,0,0
16213,0,1,0,0,0,0,0,0,0
16214,0,1,0,0,0,0,0,0,0
16215,0,1,0,0,0,0,0,0,0
16216,0,1,0,0,0,0,0,0,0
16217,0,1,0,0,0,0,0,0,0
16218,0,1,0,0,0,0,0,0,0
16219,0,1,0,0,0,0,0,0,0
16220,0,1,0,0,0,0,0,0,0
16221,0,1,0,0,0,0,0,0,0
16222,0,1,0,0,0,0,0,0,0
16223,0,1,0,0,0,0,0,0,0
16224,0,1,0,0,0,0,0,0,0
16225,0,1,0,0,0,0,0,0,0
16226,0,1,0,0,0,0,0,0,0
16227,0,1,0,0,0,0,0,0,0
16228,0,1,0,0,0,0,0,0,0
16229,0,1,0,0,0,0,0,0,0
16230,0,1,0,0,0,0,0,0,0
16231,0,1,0,0,0,0,0,0,0
16232,0,1,0,0,0,0,0,0,0
16233,0,1,0,0,0,0,0,0,0
16234,0,1,0,0,0,0,0,0,0
16235,0,1,0,0,0,0,0,0,0
16236,0,1,0,0,0,0,0,0,0
16237,0,1,0,0,0,0,0,0,0
16238,0,1,0,0,0,0,0,0,0
16239,0,1,0,0,0,0,0,0,0
16240,0,1,0,0,0,0,0,0,0
16241,0,1,0,0,0,0,0,0,0
16242,0,1,0,0,0,0,0,0,0
16243,0,1,0,0,0,0,0,0,0
16244,0,1,0,0,0,0,0,0,0
16245,0,1,0,0,0,0,0,0,0
16246,0,1,0,0,0,0,0,0,0
16247,0,1,0,0,0,0,0,0,0
16248,0,1,0,0,0,0,0,0,0
16249,0,1,0,0,0,0,0,0,0
16250,0,1,0,0,0,0,0,0,0
16251,0,1,0,0,0,0,0,0,0
16252,0,1,0,0,0,0,0,0,0
16253,0,1,0,0,0,0,0,0,0
16254,0,1,0,0,0,0,0,0,0
16255,0,1,0,0,0,0,0,0,0
16256,0,1,0,0,0,0,0,0,0
16257,0,1,0,0,0,0,0,0,0
16258,0,1,0,0,0,0,0,0,0
16259,0,1,0,0,0,0,0,0,0
16260,0,1,0,0,0,0,0,0,0
16261,0,1,0,0,0,0,0,0,0
16262,0,1,0,0,0,0,0,0,0
16263,0,1,0,0,0,0,0,0,0
16264,0,1,0,0,0,0,0,0,0
16265,0,1,0,0,0,0,0,0,0
16266,0,1,0,0,0,0,0,0,0
16267,0,1,0,0,0,0,0,0,0
16268,0,1,0,0,0,0,0,0,0
16269,0,1,0,0,0,0,0,0,0
16270,0,1,0,0,0,0,0,0,0
16271,0,1,0,0,0,0,0,0,0
16272,0,1,0,0,0,0,0,0,0
16273,0,1,0,0,0,0,0,0,0
16274,0,1,0,0,0,0,0,0,0
16275,0,1,0,0,0,0,0,0,0
16276,0,1,0,0,0,0,0,0,0
16277,0,1,0,0,0,0,0,0,0
16278,0,1,0,0,0,0,0,0,0
16279,0,1,0,0,0,0,0,0,0
16280,0,1,0,0,0,0,0,0,0
16281,0,1,0,0,0,0,0,0,0
16282,0,1,0,0,0,0,0,0,0
16283,0,1,0,0,0,0,0,0,0
16284,0,1,0,0,0,0,0,0,0
16285,0,1,0,0,0,0,0,0,0
16286,0,1,0,0,0,0,0,0,0
16287,0,1,0,0,0,0,0,0,0
16288,0,1,0,0,0,0,0,0,0
16289,0,1,0,0,0,0,0,0,0
16290,0,1,0,0,0,0,0,0,0
16291,0,1,0,0,0,0,0,0,0
16292,0,1,0,0,0,0,0,0,0
16293,0,1,0,0,0,0,0,0,0
16294,0,1,0,0,0,0,0,0,0
16295,0,1,0,0,0,0,0,0,0
16296,0,1,0,0,0,0,0,0,0
16297,0,1,0,0,0,0,0,0,0
16298,0,1,0,0,0,0,0,0,0
16299,0,1,0,0,0,0,0,0,0
16300,0,1,0,0,0,0,0,0,0
16301,0,1,0,0,0,0,0,0,0
16302,0,1,0,0,0,0,0,0,0
16303,0,1,0,0,0,0,0,0,0
16304,0,1,0,0,0,0,0,0,0
16305,0,1,0,0,0,0,0,0,0
16306,0,1,0,0,0,0,0,0,0
16307,0,1,0,0,0,0,0,0,0
16308,0,1,0,0,0,0,0,0,0
16309,0,1,0,0,0,0,0,0,0
16310,0,1,0,0,0,0,0,0,0
16311,0,1,0,0,0,0,0,0,0
16312,0,1,0,0,0,0,0,0,0
16313,0,1,0,0,0,0,0,0,0
16314,0,1,0,0,0,0,0,0,0
16315,0,1,0,0,0,0,0,0,0
16316,0,1,0,0,0,0,0,0,0
16317,0,1,0,0,0,0,0,0,0
16318,0,1,0,0,0,0,0,0,0
16319,0,1,0,0,0,0,0,0,0
16320,0,1,0,0,0,0,0,0,0
16321,0,1,0,0,0,0,0,0,0
16322,0,1,0,0,0,0,0,0,0
16323,0,1,0,0,0,0,0,0,0
16324,0,1,0,0,0,0,0,0,0
16325,0,1,0,0,0,0,0,0,0
16326,0,1,0,0,0,0,0,0,0
16327,0,1,0,0,0,0,0,0,0
16328,0,1,0,0,0,0,0,0,0
16329,0,1,0,0,0,0,0,0,0
16330,0,1,0,0,0,0,0,0,0
16331,0,1,0,0,0,0,0,0,0
16332,0,1,0,0,0,0,0,0,0
16333,0,1,0,0,0,0,0,0,0
16334,0,1,0,0,0,0,0,0,0
16335,0,1,0,0,0,0,0,0,0
16336,0,1,0,0,0,0,0,0,0
16337,0,1,0,0,0,0,0,0,0
16338,0,1,0,0,0,0,0,0,0
16339,0,1,0,0,0,0,0,0,0
16340,0,1,0,0,0,0,0,0,0
16341,0,1,0,0,0,0,0,0,0
16342,0,1,0,0,0,0,0,0,0
16343,0,1,0,0,0,0,0,0,0
16344,0,1,0,0,0,0,0,0,0
16345,0,1,0,0,0,0,0,0,0
16346,0,1,0,0,0,0,0,0,0
16347,0,1,0,0,0,0,0,0,0
16348,0,1,0,0,0,0,0,0,0
16349,0,1,0,0,0,0,0,0,0
16350,0,1,0,0,0,0,0,0,0
16351,0,1,0,0,0,0,0,0,0
16352,0,1,0,0,0,0,0,0,0
16353,0,1,0,0,0,0,0,0,0
16354,0,1,0,0,0,0,0,0,0
16355,0,1,0,0,0,0,0,0,0
16356,0,1,0,0,0,0,0,0,0
16357,0,1,0,0,0,0,0,0,0
16358,0,1,0,0,0,0,0,0,0
16359,0,1,0,0,0,0,0,0,0
16360,0,1,0,0,0,0,0,0,0
16361,0,1,0,0,0,0,0,0,0
16362,0,1,0,0,0,0,0,0,0
16363,0,1,0,0,0,0,0,0,0
16364,0,1,0,0,0,0,0,0,0
16365,0,1,0,0,0,0,0,0,0
16366,0,1,0,0,0,0,0,0,0
16367,0,1,0,0,0,0,0,0,0
16368,0,1,0,0,0,0,0,0,0
16369,0,1,0,0,0,0,0,0,0
16370,0,1,0,0,0,0,0,0,0
16371,0,1,0,0,0,0,0,0,0
16372,0,1,0,0,0,0,0,0,0
16373,0,1,0,0,0,0,0,0,0
16374,0,1,0,0,0,0,0,0,0
16375,0,1,0,0,0,0,0,0,0
16376,0,1,0,0,0,0,0,0,0
16377,0,1,0,0,0,0,0,0,0
16378,0,1,0,0,0,0,0,0,0
16379,0,1,0,0,0,0,0,0,0
16380,0,1,0,0,0,0,0,0,0
16381,0,1,0,0,0,0,0,0,0
16382,0,1,0,0,0,0,0,0,0
16383,0,1,0,0,0,0,0,0,0
16384,0,1,0,0,0,0,0,0,0
16385,0,1,0,0,0,0,0,0,0
16386,0,1,0,0,0,0,0,0,0
16387,0,1,0,0,0,0,0,0,0
16388,0,1,0,0,0,0,0,0,0
16389,0,1,0,0,0,0,0,0,0
16390,0,1,0,0,0,0,0,0,0
16391,0,1,0,0,0,0,0,0,0
16392,0,1,0,0,0,0,0,0,0
16393,0,1,0,0,0,0,0,0,0
16394,0,1,0,0,0,0,0,0,0
16395,0,1,0,0,0,0,0,0,0
16396,0,1,0,0,0,0,0,0,0
16397,0,1,0,0,0,0,0,0,0
16398,0,1,0,0,0,0,0,0,0
16399,0,1,0,0,0,0,0,0,0
16400,0,1,0,0,0,0,0,0,0
16401,0,1,0,0,0,0,0,0,0
16402,0,1,0,0,0,0,0,0,0
16403,0,1,0,0,0,0,0,0,0
16404,0,1,0,0,0,0,0,0,0
16405,0,1,0,0,0,0,0,0,0
16406,0,1,0,0,0,0,0,0,0
16407,0,1,0,0,0,0,0,0,0
16408,0,1,0,0,0,0,0,0,0
16409,0,1,0,0,0,0,0,0,0
16410,0,1,0,0,0,0,0,0,0
16411,0,1,0,0,0,0,0,0,0
16412,0,1,0,0,0,0,0,0,0
16413,0,1,0,0,0,0,0,0,0
16414,0,1,0,0,0,0,0,0,0
16415,0,1,0,0,0,0,0,0,0
16416,0,1,0,0,0,0,0,0,0
16417,0,1,0,0,0,0,0,0,0
16418,0,1,0,0,0,0,0,0,0
16419,0,1,0,0,0,0,0,0,0
16420,0,1,0,0,0,0,0,0,0
16421,0,1,0,0,0,0,0,0,0
16422,0,1,0,0,0,0,0,0,0
16423,0,1,0,0,0,0,0,0,0
16424,0,1,0,0,0,0,0,0,0
16425,0,1,0,0,0,0,0,0,0
16426,0,1,0,0,0,0,0,0,0
16427,0,1,0,0,0,0,0,0,0
16428,0,1,0,0,0,0,0,0,0
16429,0,1,0,0,0,0,0,0,0
16430,0,1,0,0,0,0,0,0,0
16431,0,1,0,0,0,0,0,0,0
16432,0,1,0,0,0,0,0,0,0
16433,0,1,0,0,0,0,0,0,0
16434,0,1,0,0,0,0,0,0,0
16435,0,1,0,0,0,0,0,0,0
16436,0,1,0,0,0,0,0,0,0
16437,0,1,0,0,0,0,0,0,0
16438,0,1,0,0,0,0,0,0,0
16439,0,1,0,0,0,0,0,0,0
16440,0,1,0,0,0,0,0,0,0
16441,0,1,0,0,0,0,0,0,0
16442,0,1,0,0,0,0,0,0,0
16443,0,1,0,0,0,0,0,0,0
16444,0,1,0,0,0,0,0,0,0
16445,0,1,0,0,0,0,0,0,0
16446,0,1,0,0,0,0,0,0,0
16447,0,1,0,0,0,0,0,0,0
16448,0,1,0,0,0,0,0,0,0
16449,0,1,0,0,0,0,0,0,0
16450,0,1,0,0,0,0,0,0,0
16451,0,1,0,0,0,0,0,0,0
16452,0,1,0,0,0,0,0,0,0
16453,0,1,0,0,0,0,0,0,0
16454,0,1,0,0,0,0,0,0,0
16455,0,1,0,0,0,0,0,0,0
16456,0,1,0,0,0,0,0,0,0
16457,0,1,0,0,0,0,0,0,0
16458,0,1,0,0,0,0,0,0,0
16459,0,1,0,0,0,0,0,0,0
16460,0,1,0,0,0,0,0,0,0
16461,0,1,0,0,0,0,0,0,0
16462,0,1,0,0,0,0,0,0,0
16463,0,1,0,0,0,0,0,0,0
16464,0,1,0,0,0,0,0,0,0
16465,0,1,0,0,0,0,0,0,0
16466,0,1,0,0,0,0,0,0,0
16467,0,1,0,0,0,0,0,0,0
16468,0,1,0,0,0,0,0,0,0
16469,0,1,0,0,0,0,0,0,0
16470,0,1,0,0,0,0,0,0,0
16471,0,1,0,0,0,0,0,0,0
16472,0,1,0,0,0,0,0,0,0
16473,0,1,0,0,0,0,0,0,0
16474,0,1,0,0,0,0,0,0,0
16475,0,1,0,0,0,0,0,0,0
16476,0,1,0,0,0,0,0,0,0
16477,0,1,0,0,0,0,0,0,0
16478,0,1,0,0,0,0,0,0,0
16479,0,1,0,0,0,0,0,0,0
16480,0,1,0,0,0,0,0,0,0
16481,0,1,0,0,0,0,0,0,0
16482,0,1,0,0,0,0,0,0,0
16483,0,1,0,0,0,0,0,0,0
16484,0,1,0,0,0,0,0,0,0
16485,0,1,0,0,0,0,0,0,0
16486,0,1,0,0,0,0,0,0,0
16487,0,1,0,0,0,0,0,0,0
16488,0,1,0,0,0,0,0,0,0
16489,0,1,0,0,0,0,0,0,0
16490,0,1,0,0,0,0,0,0,0
16491,0,1,0,0,0,0,0,0,0
16492,0,1,0,0,0,0,0,0,0
16493,0,1,0,0,0,0,0,0,0
16494,0,1,0,0,0,0,0,0,0
16495,0,1,0,0,0,0,0,0,0
16496,0,1,0,0,0,0,0,0,0
16497,0,1,0,0,0,0,0,0,0
16498,0,1,0,0,0,0,0,0,0
16499,0,1,0,0,0,0,0,0,0
16500,0,1,0,0,0,0,0,0,0
16501,0,1,0,0,0,0,0,0,0
16502,0,1,0,0,0,0,0,0,0
16503,0,1,0,0,0,0,0,0,0
16504,0,1,0,0,0,0,0,0,0
16505,0,1,0,0,0,0,0,0,0
16506,0,1,0,0,0,0,0,0,0
16507,0,1,0,0,0,0,0,0,0
16508,0,1,0,0,0,0,0,0,0
16509,0,1,0,0,0,0,0,0,0
16510,0,1,0,0,0,0,0,0,0
16511,0,1,0,0,0,0,0,0,0
16512,0,1,0,0,0,0,0,0,0
16513,0,1,0,0,0,0,0,0,0
16514,0,1,0,0,0,0,0,0,0
16515,0,1,0,0,0,0,0,0,0
16516,0,1,0,0,0,0,0,0,0
16517,0,1,0,0,0,0,0,0,0
16518,0,1,0,0,0,0,0,0,0
16519,0,1,0,0,0,0,0,0,0
16520,0,1,0,0,0,0,0,0,0
16521,0,1,0,0,0,0,0,0,0
16522,0,1,0,0,0,0,0,0,0
16523,0,1,0,0,0,0,0,0,0
16524,0,1,0,0,0,0,0,0,0
16525,0,1,0,0,0,0,0,0,0
16526,0,1,0,0,0,0,0,0,0
16527,0,1,0,0,0,0,0,0,0
16528,0,1,0,0,0,0,0,0,0
16529,0,1,0,0,0,0,0,0,0
16530,0,1,0,0,0,0,0,0,0
16531,0,1,0,0,0,0,0,0,0
16532,0,1,0,0,0,0,0,0,0
16533,0,1,0,0,0,0,0,0,0
16534,0,1,0,0,0,0,0,0,0
16535,0,1,0,0,0,0,0,0,0
16536,0,1,0,0,0,0,0,0,0
16537,0,1,0,0,0,0,0,0,0
16538,0,1,0,0,0,0,0,0,0
16539,0,1,0,0,0,0,0,0,0
16540,0,1,0,0,0,0,0,0,0
16541,0,1,0,0,0,0,0,0,0
16542,0,1,0,0,0,0,0,0,0
16543,0,1,0,0,0,0,0,0,0
16544,0,1,0,0,0,0,0,0,0
16545,0,1,0,0,0,0,0,0,0
16546,0,1,0,0,0,0,0,0,0
16547,0,1,0,0,0,0,0,0,0
16548,0,1,0,0,0,0,0,0,0
16549,0,1,0,0,0,0,0,0,0
16550,0,1,0,0,0,0,0,0,0
16551,0,1,0,0,0,0,0,0,0
16552,0,1,0,0,0,0,0,0,0
16553,0,1,0,0,0,0,0,0,0
16554,0,1,0,0,0,0,0,0,0
16555,0,1,0,0,0,0,0,0,0
16556,0,1,0,0,0,0,0,0,0
16557,0,1,0,0,0,0,0,0,0
16558,0,1,0,0,0,0,0,0,0
16559,0,1,0,0,0,0,0,0,0
16560,0,1,0,0,0,0,0,0,0
16561,0,1,0,0,0,0,0,0,0
16562,0,1,0,0,0,0,0,0,0
16563,0,1,0,0,0,0,0,0,0
16564,0,1,0,0,0,0,0,0,0
16565,0,1,0,0,0,0,0,0,0
16566,0,1,0,0,0,0,0,0,0
16567,0,1,0,0,0,0,0,0,0
16568,0,1,0,0,0,0,0,0,0
16569,0,1,0,0,0,0,0,0,0
16570,0,1,0,0,0,0,0,0,0
16571,0,1,0,0,0,0,0,0,0
16572,0,1,0,0,0,0,0,0,0
16573,0,1,0,0,0,0,0,0,0
16574,0,1,0,0,0,0,0,0,0
16575,0,1,0,0,0,0,0,0,0
16576,0,1,0,0,0,0,0,0,0
16577,0,1,0,0,0,0,0,0,0
16578,0,1,0,0,0,0,0,0,0
16579,0,1,0,0,0,0,0,0,0
16580,0,1,0,0,0,0,0,0,0
16581,0,1,0,0,0,0,0,0,0
16582,0,1,0,0,0,0,0,0,0
16583,0,1,0,0,0,0,0,0,0
16584,0,1,0,0,0,0,0,0,0
16585,0,1,0,0,0,0,0,0,0
16586,0,1,0,0,0,0,0,0,0
16587,0,1,0,0,0,0,0,0,0
16588,0,1,0,0,0,0,0,0,0
16589,0,1,0,0,0,0,0,0,0
16590,0,1,0,0,0,0,0,0,0
16591,0,1,0,0,0,0,0,0,0
16592,0,1,0,0,0,0,0,0,0
16593,0,1,0,0,0,0,0,0,0
16594,0,1,0,0,0,0,0,0,0
16595,0,1,0,0,0,0,0,0,0
16596,0,1,0,0,0,0,0,0,0
16597,0,1,0,0,0,0,0,0,0
16598,0,1,0,0,0,0,0,0,0
16599,0,1,0,0,0,0,0,0,0
16600,0,1,0,0,0,0,0,0,0
16601,0,1,0,0,0,0,0,0,0
16602,0,1,0,0,0,0,0,0,0
16603,0,1,0,0,0,0,0,0,0
16604,0,1,0,0,0,0,0,0,0
16605,0,1,0,0,0,0,0,0,0
16606,0,1,0,0,0,0,0,0,0
16607,0,1,0,0,0,0,0,0,0
16608,0,1,0,0,0,0,0,0,0
16609,0,1,0,0,0,0,0,0,0
16610,0,1,0,0,0,0,0,0,0
16611,0,1,0,0,0,0,0,0,0
16612,0,1,0,0,0,0,0,0,0
16613,0,1,0,0,0,0,0,0,0
16614,0,1,0,0,0,0,0,0,0
16615,0,1,0,0,0,0,0,0,0
16616,0,1,0,0,0,0,0,0,0
16617,0,1,0,0,0,0,0,0,0
16618,0,1,0,0,0,0,0,0,0
16619,0,1,0,0,0,0,0,0,0
16620,0,1,0,0,0,0,0,0,0
16621,0,1,0,0,0,0,0,0,0
16622,0,1,0,0,0,0,0,0,0
16623,0,1,0,0,0,0,0,0,0
16624,0,1,0,0,0,0,0,0,0
16625,0,1,0,0,0,0,0,0,0
16626,0,1,0,0,0,0,0,0,0
16627,0,1,0,0,0,0,0,0,0
16628,0,1,0,0,0,0,0,0,0
16629,0,1,0,0,0,0,0,0,0
16630,0,1,0,0,0,0,0,0,0
16631,0,1,0,0,0,0,0,0,0
16632,0,1,0,0,0,0,0,0,0
16633,0,1,0,0,0,0,0,0,0
16634,0,1,0,0,0,0,0,0,0
16635,0,1,0,0,0,0,0,0,0
16636,0,1,0,0,0,0,0,0,0
16637,0,1,0,0,0,0,0,0,0
16638,0,1,0,0,0,0,0,0,0
16639,0,1,0,0,0,0,0,0,0
16640,0,1,0,0,0,0,0,0,0
16641,0,1,0,0,0,0,0,0,0
16642,0,1,0,0,0,0,0,0,0
16643,0,1,0,0,0,0,0,0,0
16644,0,1,0,0,0,0,0,0,0
16645,0,1,0,0,0,0,0,0,0
16646,0,1,0,0,0,0,0,0,0
16647,0,1,0,0,0,0,0,0,0
16648,0,1,0,0,0,0,0,0,0
16649,0,1,0,0,0,0,0,0,0
16650,0,1,0,0,0,0,0,0,0
16651,0,1,0,0,0,0,0,0,0
16652,0,1,0,0,0,0,0,0,0
16653,0,1,0,0,0,0,0,0,0
16654,0,1,0,0,0,0,0,0,0
16655,0,1,0,0,0,0,0,0,0
16656,0,1,0,0,0,0,0,0,0
16657,0,1,0,0,0,0,0,0,0
16658,0,1,0,0,0,0,0,0,0
16659,0,1,0,0,0,0,0,0,0
16660,0,1,0,0,0,0,0,0,0
16661,0,1,0,0,0,0,0,0,0
16662,0,1,0,0,0,0,0,0,0
16663,0,1,0,0,0,0,0,0,0
16664,0,1,0,0,0,0,0,0,0
16665,0,1,0,0,0,0,0,0,0
16666,0,1,0,0,0,0,0,0,0
16667,0,1,0,0,0,0,0,0,0
16668,0,1,0,0,0,0,0,0,0
16669,0,1,0,0,0,0,0,0,0
16670,0,1,0,0,0,0,0,0,0
16671,0,1,0,0,0,0,0,0,0
16672,0,1,0,0,0,0,0,0,0
16673,0,1,0,0,0,0,0,0,0
16674,0,1,0,0,0,0,0,0,0
16675,0,1,0,0,0,0,0,0,0
16676,0,1,0,0,0,0,0,0,0
16677,0,1,0,0,0,0,0,0,0
16678,0,1,0,0,0,0,0,0,0
16679,0,1,0,0,0,0,0,0,0
16680,0,1,0,0,0,0,0,0,0
16681,0,1,0,0,0,0,0,0,0
16682,0,1,0,0,0,0,0,0,0
16683,0,1,0,0,0,0,0,0,0
16684,0,1,0,0,0,0,0,0,0
16685,0,1,0,0,0,0,0,0,0
16686,0,1,0,0,0,0,0,0,0
16687,0,1,0,0,0,0,0,0,0
16688,0,1,0,0,0,0,0,0,0
16689,0,1,0,0,0,0,0,0,0
16690,0,1,0,0,0,0,0,0,0
16691,0,1,0,0,0,0,0,0,0
16692,0,1,0,0,0,0,0,0,0
16693,0,1,0,0,0,0,0,0,0
16694,0,1,0,0,0,0,0,0,0
16695,0,1,0,0,0,0,0,0,0
16696,0,1,0,0,0,0,0,0,0
16697,0,1,0,0,0,0,0,0,0
16698,0,1,0,0,0,0,0,0,0
16699,0,1,0,0,0,0,0,0,0
16700,0,1,0,0,0,0,0,0,0
16701,0,1,0,0,0,0,0,0,0
16702,0,1,0,0,0,0,0,0,0
16703,0,1,0,0,0,0,0,0,0
16704,0,1,0,0,0,0,0,0,0
16705,0,1,0,0,0,0,0,0,0
16706,0,1,0,0,0,0,0,0,0
16707,0,1,0,0,0,0,0,0,0
16708,0,1,0,0,0,0,0,0,0
16709,0,1,0,0,0,0,0,0,0
16710,0,1,0,0,0,0,0,0,0
16711,0,1,0,0,0,0,0,0,0
16712,0,1,0,0,0,0,0,0,0
16713,0,1,0,0,0,0,0,0,0
16714,0,1,0,0,0,0,0,0,0
16715,0,1,0,0,0,0,0,0,0
16716,0,1,0,0,0,0,0,0,0
16717,0,1,0,0,0,0,0,0,0
16718,0,1,0,0,0,0,0,0,0
16719,0,1,0,0,0,0,0,0,0
16720,0,1,0,0,0,0,0,0,0
16721,0,1,0,0,0,0,0,0,0
16722,0,1,0,0,0,0,0,0,0
16723,0,1,0,0,0,0,0,0,0
16724,0,1,0,0,0,0,0,0,0
16725,0,1,0,0,0,0,0,0,0
16726,0,1,0,0,0,0,0,0,0
16727,0,1,0,0,0,0,0,0,0
16728,0,1,0,0,0,0,0,0,0
16729,0,1,0,0,0,0,0,0,0
16730,0,1,0,0,0,0,0,0,0
16731,0,1,0,0,0,0,0,0,0
16732,0,1,0,0,0,0,0,0,0
16733,0,1,0,0,0,0,0,0,0
16734,0,1,0,0,0,0,0,0,0
16735,0,1,0,0,0,0,0,0,0
16736,0,1,0,0,0,0,0,0,0
16737,0,1,0,0,0,0,0,0,0
16738,0,1,0,0,0,0,0,0,0
16739,0,1,0,0,0,0,0,0,0
16740,0,1,0,0,0,0,0,0,0
16741,0,1,0,0,0,0,0,0,0
16742,0,1,0,0,0,0,0,0,0
16743,0,1,0,0,0,0,0,0,0
16744,0,1,0,0,0,0,0,0,0
16745,0,1,0,0,0,0,0,0,0
16746,0,1,0,0,0,0,0,0,0
16747,0,1,0,0,0,0,0,0,0
16748,0,1,0,0,0,0,0,0,0
16749,0,1,0,0,0,0,0,0,0
16750,0,1,0,0,0,0,0,0,0
16751,0,1,0,0,0,0,0,0,0
16752,0,1,0,0,0,0,0,0,0
16753,0,1,0,0,0,0,0,0,0
16754,0,1,0,0,0,0,0,0,0
16755,0,1,0,0,0,0,0,0,0
16756,0,1,0,0,0,0,0,0,0
16757,0,1,0,0,0,0,0,0,0
16758,0,1,0,0,0,0,0,0,0
16759,0,1,0,0,0,0,0,0,0
16760,0,1,0,0,0,0,0,0,0
16761,0,1,0,0,0,0,0,0,0
16762,0,1,0,0,0,0,0,0,0
16763,0,1,0,0,0,0,0,0,0
16764,0,1,0,0,0,0,0,0,0
16765,0,1,0,0,0,0,0,0,0
16766,0,1,0,0,0,0,0,0,0
16767,0,1,0,0,0,0,0,0,0
16768,0,1,0,0,0,0,0,0,0
16769,0,1,0,0,0,0,0,0,0
16770,0,1,0,0,0,0,0,0,0
16771,0,1,0,0,0,0,0,0,0
16772,0,1,0,0,0,0,0,0,0
16773,0,1,0,0,0,0,0,0,0
16774,0,1,0,0,0,0,0,0,0
16775,0,1,0,0,0,0,0,0,0
16776,0,1,0,0,0,0,0,0,0
16777,0,1,0,0,0,0,0,0,0
16778,0,1,0,0,0,0,0,0,0
16779,0,1,0,0,0,0,0,0,0
16780,0,1,0,0,0,0,0,0,0
16781,0,1,0,0,0,0,0,0,0
16782,0,1,0,0,0,0,0,0,0
16783,0,1,0,0,0,0,0,0,0
16784,0,1,0,0,0,0,0,0,0
16785,0,1,0,0,0,0,0,0,0
16786,0,1,0,0,0,0,0,0,0
16787,0,1,0,0,0,0,0,0,0
16788,0,1,0,0,0,0,0,0,0
16789,0,1,0,0,0,0,0,0,0
16790,0,1,0,0,0,0,0,0,0
16791,0,1,0,0,0,0,0,0,0
16792,0,1,0,0,0,0,0,0,0
16793,0,1,0,0,0,0,0,0,0
16794,0,1,0,0,0,0,0,0,0
16795,0,1,0,0,0,0,0,0,0
16796,0,1,0,0,0,0,0,0,0
16797,0,1,0,0,0,0,0,0,0
16798,0,1,0,0,0,0,0,0,0
16799,0,1,0,0,0,0,0,0,0
16800,0,1,0,0,0,0,0,0,0
16801,0,1,0,0,0,0,0,0,0
16802,0,1,0,0,0,0,0,0,0
16803,0,1,0,0,0,0,0,0,0
16804,0,1,0,0,0,0,0,0,0
16805,0,1,0,0,0,0,0,0,0
16806,0,1,0,0,0,0,0,0,0
16807,0,1,0,0,0,0,0,0,0
16808,0,1,0,0,0,0,0,0,0
16809,0,1,0,0,0,0,0,0,0
16810,0,1,0,0,0,0,0,0,0
16811,0,1,0,0,0,0,0,0,0
16812,0,1,0,0,0,0,0,0,0
16813,0,1,0,0,0,0,0,0,0
16814,0,1,0,0,0,0,0,0,0
16815,0,1,0,0,0,0,0,0,0
16816,0,1,0,0,0,0,0,0,0
16817,0,1,0,0,0,0,0,0,0
16818,0,1,0,0,0,0,0,0,0
16819,0,1,0,0,0,0,0,0,0
16820,0,1,0,0,0,0,0,0,0
16821,0,1,0,0,0,0,0,0,0
16822,0,1,0,0,0,0,0,0,0
16823,0,1,0,0,0,0,0,0,0
16824,0,1,0,0,0,0,0,0,0
16825,0,1,0,0,0,0,0,0,0
16826,0,1,0,0,0,0,0,0,0
16827,0,1,0,0,0,0,0,0,0
16828,0,1,0,0,0,0,0,0,0
16829,0,1,0,0,0,0,0,0,0
16830,0,1,0,0,0,0,0,0,0
16831,0,1,0,0,0,0,0,0,0
16832,0,1,0,0,0,0,0,0,0
16833,0,1,0,0,0,0,0,0,0
16834,0,1,0,0,0,0,0,0,0
16835,0,1,0,0,0,0,0,0,0
16836,0,1,0,0,0,0,0,0,0
16837,0,1,0,0,0,0,0,0,0
16838,0,1,0,0,0,0,0,0,0
16839,0,1,0,0,0,0,0,0,0
16840,0,1,0,0,0,0,0,0,0
16841,0,1,0,0,0,0,0,0,0
16842,0,1,0,0,0,0,0,0,0
16843,0,1,0,0,0,0,0,0,0
16844,0,1,0,0,0,0,0,0,0
16845,0,1,0,0,0,0,0,0,0
16846,0,1,0,0,0,0,0,0,0
16847,0,1,0,0,0,0,0,0,0
16848,0,1,0,0,0,0,0,0,0
16849,0,1,0,0,0,0,0,0,0
16850,0,1,0,0,0,0,0,0,0
16851,0,1,0,0,0,0,0,0,0
16852,0,1,0,0,0,0,0,0,0
16853,0,1,0,0,0,0,0,0,0
16854,0,1,0,0,0,0,0,0,0
16855,0,1,0,0,0,0,0,0,0
16856,0,1,0,0,0,0,0,0,0
16857,0,1,0,0,0,0,0,0,0
16858,0,1,0,0,0,0,0,0,0
16859,0,1,0,0,0,0,0,0,0
16860,0,1,0,0,0,0,0,0,0
16861,0,1,0,0,0,0,0,0,0
16862,0,1,0,0,0,0,0,0,0
16863,0,1,0,0,0,0,0,0,0
16864,0,1,0,0,0,0,0,0,0
16865,0,1,0,0,0,0,0,0,0
16866,0,1,0,0,0,0,0,0,0
16867,0,1,0,0,0,0,0,0,0
16868,0,1,0,0,0,0,0,0,0
16869,0,1,0,0,0,0,0,0,0
16870,0,1,0,0,0,0,0,0,0
16871,0,1,0,0,0,0,0,0,0
16872,0,1,0,0,0,0,0,0,0
16873,0,1,0,0,0,0,0,0,0
16874,0,1,0,0,0,0,0,0,0
16875,0,1,0,0,0,0,0,0,0
16876,0,1,0,0,0,0,0,0,0
16877,0,1,0,0,0,0,0,0,0
16878,0,1,0,0,0,0,0,0,0
16879,0,1,0,0,0,0,0,0,0
16880,0,1,0,0,0,0,0,0,0
16881,0,1,0,0,0,0,0,0,0
16882,0,1,0,0,0,0,0,0,0
16883,0,1,0,0,0,0,0,0,0
16884,0,1,0,0,0,0,0,0,0
16885,0,1,0,0,0,0,0,0,0
16886,0,1,0,0,0,0,0,0,0
16887,0,1,0,0,0,0,0,0,0
16888,0,1,0,0,0,0,0,0,0
16889,0,1,0,0,0,0,0,0,0
16890,0,1,0,0,0,0,0,0,0
16891,0,1,0,0,0,0,0,0,0
16892,0,1,0,0,0,0,0,0,0
16893,0,1,0,0,0,0,0,0,0
16894,0,1,0,0,0,0,0,0,0
16895,0,1,0,0,0,0,0,0,0
16896,0,1,0,0,0,0,0,0,0
16897,0,1,0,0,0,0,0,0,0
16898,0,1,0,0,0,0,0,0,0
16899,0,1,0,0,0,0,0,0,0
16900,0,1,0,0,0,0,0,0,0
16901,0,1,0,0,0,0,0,0,0
16902,0,1,0,0,0,0,0,0,0
16903,0,1,0,0,0,0,0,0,0
16904,0,1,0,0,0,0,0,0,0
16905,0,1,0,0,0,0,0,0,0
16906,0,1,0,0,0,0,0,0,0
16907,0,1,0,0,0,0,0,0,0
16908,0,1,0,0,0,0,0,0,0
16909,0,1,0,0,0,0,0,0,0
16910,0,1,0,0,0,0,0,0,0
16911,0,1,0,0,0,0,0,0,0
16912,0,1,0,0,0,0,0,0,0
16913,0,1,0,0,0,0,0,0,0
16914,0,1,0,0,0,0,0,0,0
16915,0,1,0,0,0,0,0,0,0
16916,0,1,0,0,0,0,0,0,0
16917,0,1,0,0,0,0,0,0,0
16918,0,1,0,0,0,0,0,0,0
16919,0,1,0,0,0,0,0,0,0
16920,0,1,0,0,0,0,0,0,0
16921,0,1,0,0,0,0,0,0,0
16922,0,1,0,0,0,0,0,0,0
16923,0,1,0,0,0,0,0,0,0
16924,0,1,0,0,0,0,0,0,0
16925,0,1,0,0,0,0,0,0,0
16926,0,1,0,0,0,0,0,0,0
16927,0,1,0,0,0,0,0,0,0
16928,0,1,0,0,0,0,0,0,0
16929,0,1,0,0,0,0,0,0,0
16930,0,1,0,0,0,0,0,0,0
16931,0,1,0,0,0,0,0,0,0
16932,0,1,0,0,0,0,0,0,0
16933,0,1,0,0,0,0,0,0,0
16934,0,1,0,0,0,0,0,0,0
16935,0,1,0,0,0,0,0,0,0
16936,0,1,0,0,0,0,0,0,0
16937,0,1,0,0,0,0,0,0,0
16938,0,1,0,0,0,0,0,0,0
16939,0,1,0,0,0,0,0,0,0
16940,0,1,0,0,0,0,0,0,0
16941,0,1,0,0,0,0,0,0,0
16942,0,1,0,0,0,0,0,0,0
16943,0,1,0,0,0,0,0,0,0
16944,0,1,0,0,0,0,0,0,0
16945,0,1,0,0,0,0,0,0,0
16946,0,1,0,0,0,0,0,0,0
16947,0,1,0,0,0,0,0,0,0
16948,0,1,0,0,0,0,0,0,0
16949,0,1,0,0,0,0,0,0,0
16950,0,1,0,0,0,0,0,0,0
16951,0,1,0,0,0,0,0,0,0
16952,0,1,0,0,0,0,0,0,0
16953,0,1,0,0,0,0,0,0,0
16954,0,1,0,0,0,0,0,0,0
16955,0,1,0,0,0,0,0,0,0
16956,0,1,0,0,0,0,0,0,0
16957,0,1,0,0,0,0,0,0,0
16958,0,1,0,0,0,0,0,0,0
16959,0,1,0,0,0,0,0,0,0
16960,0,1,0,0,0,0,0,0,0
16961,0,1,0,0,0,0,0,0,0
16962,0,1,0,0,0,0,0,0,0
16963,0,1,0,0,0,0,0,0,0
16964,0,1,0,0,0,0,0,0,0
16965,0,1,0,0,0,0,0,0,0
16966,0,1,0,0,0,0,0,0,0
16967,0,1,0,0,0,0,0,0,0
16968,0,1,0,0,0,0,0,0,0
16969,0,1,0,0,0,0,0,0,0
16970,0,1,0,0,0,0,0,0,0
16971,0,1,0,0,0,0,0,0,0
16972,0,1,0,0,0,0,0,0,0
16973,0,1,0,0,0,0,0,0,0
16974,0,1,0,0,0,0,0,0,0
16975,0,1,0,0,0,0,0,0,0
16976,0,1,0,0,0,0,0,0,0
16977,0,1,0,0,0,0,0,0,0
16978,0,1,0,0,0,0,0,0,0
16979,0,1,0,0,0,0,0,0,0
16980,0,1,0,0,0,0,0,0,0
16981,0,1,0,0,0,0,0,0,0
16982,0,1,0,0,0,0,0,0,0
16983,0,1,0,0,0,0,0,0,0
16984,0,1,0,0,0,0,0,0,0
16985,0,1,0,0,0,0,0,0,0
16986,0,1,0,0,0,0,0,0,0
16987,0,1,0,0,0,0,0,0,0
16988,0,1,0,0,0,0,0,0,0
16989,0,1,0,0,0,0,0,0,0
16990,0,1,0,0,0,0,0,0,0
16991,0,1,0,0,0,0,0,0,0
16992,0,1,0,0,0,0,0,0,0
16993,0,1,0,0,0,0,0,0,0
16994,0,1,0,0,0,0,0,0,0
16995,0,1,0,0,0,0,0,0,0
16996,0,1,0,0,0,0,0,0,0
16997,0,1,0,0,0,0,0,0,0
16998,0,1,0,0,0,0,0,0,0
16999,0,1,0,0,0,0,0,0,0
17000,0,1,0,0,0,0,0,0,0
17001,0,1,0,0,0,0,0,0,0
17002,0,1,0,0,0,0,0,0,0
17003,0,1,0,0,0,0,0,0,0
17004,0,1,0,0,0,0,0,0,0
17005,0,1,0,0,0,0,0,0,0
17006,0,1,0,0,0,0,0,0,0
17007,0,1,0,0,0,0,0,0,0
17008,0,1,0,0,0,0,0,0,0
17009,0,1,0,0,0,0,0,0,0
17010,0,1,0,0,0,0,0,0,0
17011,0,1,0,0,0,0,0,0,0
17012,0,1,0,0,0,0,0,0,0
17013,0,1,0,0,0,0,0,0,0
17014,0,1,0,0,0,0,0,0,0
17015,0,1,0,0,0,0,0,0,0
17016,0,1,0,0,0,0,0,0,0
17017,0,1,0,0,0,0,0,0,0
17018,0,1,0,0,0,0,0,0,0
17019,0,1,0,0,0,0,0,0,0
17020,0,1,0,0,0,0,0,0,0
17021,0,1,0,0,0,0,0,0,0
17022,0,1,0,0,0,0,0,0,0
17023,0,1,0,0,0,0,0,0,0
17024,0,1,0,0,0,0,0,0,0
17025,0,1,0,0,0,0,0,0,0
17026,0,1,0,0,0,0,0,0,0
17027,0,1,0,0,0,0,0,0,0
17028,0,1,0,0,0,0,0,0,0
17029,0,1,0,0,0,0,0,0,0
17030,0,1,0,0,0,0,0,0,0
17031,0,1,0,0,0,0,0,0,0
17032,0,1,0,0,0,0,0,0,0
17033,0,1,0,0,0,0,0,0,0
17034,0,1,0,0,0,0,0,0,0
17035,0,1,0,0,0,0,0,0,0
17036,0,1,0,0,0,0,0,0,0
17037,0,1,0,0,0,0,0,0,0
17038,0,1,0,0,0,0,0,0,0
17039,0,1,0,0,0,0,0,0,0
17040,0,1,0,0,0,0,0,0,0
17041,0,1,0,0,0,0,0,0,0
17042,0,1,0,0,0,0,0,0,0
17043,0,1,0,0,0,0,0,0,0
17044,0,1,0,0,0,0,0,0,0
17045,0,1,0,0,0,0,0,0,0
17046,0,1,0,0,0,0,0,0,0
17047,0,1,0,0,0,0,0,0,0
17048,0,1,0,0,0,0,0,0,0
17049,0,1,0,0,0,0,0,0,0
17050,0,1,0,0,0,0,0,0,0
17051,0,1,0,0,0,0,0,0,0
17052,0,1,0,0,0,0,0,0,0
17053,0,1,0,0,0,0,0,0,0
17054,0,1,0,0,0,0,0,0,0
17055,0,1,0,0,0,0,0,0,0
17056,0,1,0,0,0,0,0,0,0
17057,0,1,0,0,0,0,0,0,0
17058,0,1,0,0,0,0,0,0,0
17059,0,1,0,0,0,0,0,0,0
17060,0,1,0,0,0,0,0,0,0
17061,0,1,0,0,0,0,0,0,0
17062,0,1,0,0,0,0,0,0,0
17063,0,1,0,0,0,0,0,0,0
17064,0,1,0,0,0,0,0,0,0
17065,0,1,0,0,0,0,0,0,0
17066,0,1,0,0,0,0,0,0,0
17067,0,1,0,0,0,0,0,0,0
17068,0,1,0,0,0,0,0,0,0
17069,0,1,0,0,0,0,0,0,0
17070,0,1,0,0,0,0,0,0,0
17071,0,1,0,0,0,0,0,0,0
17072,0,1,0,0,0,0,0,0,0
17073,0,1,0,0,0,0,0,0,0
17074,0,1,0,0,0,0,0,0,0
17075,0,1,0,0,0,0,0,0,0
17076,0,1,0,0,0,0,0,0,0
17077,0,1,0,0,0,0,0,0,0
17078,0,1,0,0,0,0,0,0,0
17079,0,1,0,0,0,0,0,0,0
17080,0,1,0,0,0,0,0,0,0
17081,0,1,0,0,0,0,0,0,0
17082,0,1,0,0,0,0,0,0,0
17083,0,1,0,0,0,0,0,0,0
17084,0,1,0,0,0,0,0,0,0
17085,0,1,0,0,0,0,0,0,0
17086,0,1,0,0,0,0,0,0,0
17087,0,1,0,0,0,0,0,0,0
17088,0,1,0,0,0,0,0,0,0
17089,0,1,0,0,0,0,0,0,0
17090,0,1,0,0,0,0,0,0,0
17091,0,1,0,0,0,0,0,0,0
17092,0,1,0,0,0,0,0,0,0
17093,0,1,0,0,0,0,0,0,0
17094,0,1,0,0,0,0,0,0,0
17095,0,1,0,0,0,0,0,0,0
17096,0,1,0,0,0,0,0,0,0
17097,0,1,0,0,0,0,0,0,0
17098,0,1,0,0,0,0,0,0,0
17099,0,1,0,0,0,0,0,0,0
17100,0,1,0,0,0,0,0,0,0
17101,0,1,0,0,0,0,0,0,0
17102,0,1,0,0,0,0,0,0,0
17103,0,1,0,0,0,0,0,0,0
17104,0,1,0,0,0,0,0,0,0
17105,0,1,0,0,0,0,0,0,0
17106,0,1,0,0,0,0,0,0,0
17107,0,1,0,0,0,0,0,0,0
17108,0,1,0,0,0,0,0,0,0
17109,0,1,0,0,0,0,0,0,0
17110,0,1,0,0,0,0,0,0,0
17111,0,1,0,0,0,0,0,0,0
17112,0,1,0,0,0,0,0,0,0
17113,0,1,0,0,0,0,0,0,0
17114,0,1,0,0,0,0,0,0,0
17115,0,1,0,0,0,0,0,0,0
17116,0,1,0,0,0,0,0,0,0
17117,0,1,0,0,0,0,0,0,0
17118,0,1,0,0,0,0,0,0,0
17119,0,1,0,0,0,0,0,0,0
17120,0,1,0,0,0,0,0,0,0
17121,0,1,0,0,0,0,0,0,0
17122,0,1,0,0,0,0,0,0,0
17123,0,1,0,0,0,0,0,0,0
17124,0,1,0,0,0,0,0,0,0
17125,0,1,0,0,0,0,0,0,0
17126,0,1,0,0,0,0,0,0,0
17127,0,1,0,0,0,0,0,0,0
17128,0,1,0,0,0,0,0,0,0
17129,0,1,0,0,0,0,0,0,0
17130,0,1,0,0,0,0,0,0,0
17131,0,1,0,0,0,0,0,0,0
17132,0,1,0,0,0,0,0,0,0
17133,0,1,0,0,0,0,0,0,0
17134,0,1,0,0,0,0,0,0,0
17135,0,1,0,0,0,0,0,0,0
17136,0,1,0,0,0,0,0,0,0
17137,0,1,0,0,0,0,0,0,0
17138,0,1,0,0,0,0,0,0,0
17139,0,1,0,0,0,0,0,0,0
17140,0,1,0,0,0,0,0,0,0
17141,0,1,0,0,0,0,0,0,0
17142,0,1,0,0,0,0,0,0,0
17143,0,1,0,0,0,0,0,0,0
17144,0,1,0,0,0,0,0,0,0
17145,0,1,0,0,0,0,0,0,0
17146,0,1,0,0,0,0,0,0,0
17147,0,1,0,0,0,0,0,0,0
17148,0,1,0,0,0,0,0,0,0
17149,0,1,0,0,0,0,0,0,0
17150,0,1,0,0,0,0,0,0,0
17151,0,1,0,0,0,0,0,0,0
17152,0,1,0,0,0,0,0,0,0
17153,0,1,0,0,0,0,0,0,0
17154,0,1,0,0,0,0,0,0,0
17155,0,1,0,0,0,0,0,0,0
17156,0,1,0,0,0,0,0,0,0
17157,0,1,0,0,0,0,0,0,0
17158,0,1,0,0,0,0,0,0,0
17159,0,1,0,0,0,0,0,0,0
17160,0,1,0,0,0,0,0,0,0
17161,0,1,0,0,0,0,0,0,0
17162,0,1,0,0,0,0,0,0,0
17163,0,1,0,0,0,0,0,0,0
17164,0,1,0,0,0,0,0,0,0
17165,0,1,0,0,0,0,0,0,0
17166,0,1,0,0,0,0,0,0,0
17167,0,1,0,0,0,0,0,0,0
17168,0,1,0,0,0,0,0,0,0
17169,0,1,0,0,0,0,0,0,0
17170,0,1,0,0,0,0,0,0,0
17171,0,1,0,0,0,0,0,0,0
17172,0,1,0,0,0,0,0,0,0
17173,0,1,0,0,0,0,0,0,0
17174,0,1,0,0,0,0,0,0,0
17175,0,1,0,0,0,0,0,0,0
17176,0,1,0,0,0,0,0,0,0
17177,0,1,0,0,0,0,0,0,0
17178,0,1,0,0,0,0,0,0,0
17179,0,1,0,0,0,0,0,0,0
17180,0,1,0,0,0,0,0,0,0
17181,0,1,0,0,0,0,0,0,0
17182,0,1,0,0,0,0,0,0,0
17183,0,1,0,0,0,0,0,0,0
17184,0,1,0,0,0,0,0,0,0
17185,0,1,0,0,0,0,0,0,0
17186,0,1,0,0,0,0,0,0,0
17187,0,1,0,0,0,0,0,0,0
17188,0,1,0,0,0,0,0,0,0
17189,0,1,0,0,0,0,0,0,0
17190,0,1,0,0,0,0,0,0,0
17191,0,1,0,0,0,0,0,0,0
17192,0,1,0,0,0,0,0,0,0
17193,0,1,0,0,0,0,0,0,0
17194,0,1,0,0,0,0,0,0,0
17195,0,1,0,0,0,0,0,0,0
17196,0,1,0,0,0,0,0,0,0
17197,0,1,0,0,0,0,0,0,0
17198,0,1,0,0,0,0,0,0,0
17199,0,1,0,0,0,0,0,0,0
17200,0,1,0,0,0,0,0,0,0
17201,0,1,0,0,0,0,0,0,0
17202,0,1,0,0,0,0,0,0,0
17203,0,1,0,0,0,0,0,0,0
17204,0,1,0,0,0,0,0,0,0
17205,0,1,0,0,0,0,0,0,0
17206,0,1,0,0,0,0,0,0,0
17207,0,1,0,0,0,0,0,0,0
17208,0,1,0,0,0,0,0,0,0
17209,0,1,0,0,0,0,0,0,0
17210,0,1,0,0,0,0,0,0,0
17211,0,1,0,0,0,0,0,0,0
17212,0,1,0,0,0,0,0,0,0
17213,0,1,0,0,0,0,0,0,0
17214,0,1,0,0,0,0,0,0,0
17215,0,1,0,0,0,0,0,0,0
17216,0,1,0,0,0,0,0,0,0
17217,0,1,0,0,0,0,0,0,0
17218,0,1,0,0,0,0,0,0,0
17219,0,1,0,0,0,0,0,0,0
17220,0,1,0,0,0,0,0,0,0
17221,0,1,0,0,0,0,0,0,0
17222,0,1,0,0,0,0,0,0,0
17223,0,1,0,0,0,0,0,0,0
17224,0,1,0,0,0,0,0,0,0
17225,0,1,0,0,0,0,0,0,0
17226,0,1,0,0,0,0,0,0,0
17227,0,1,0,0,0,0,0,0,0
17228,0,1,0,0,0,0,0,0,0
17229,0,1,0,0,0,0,0,0,0
17230,0,1,0,0,0,0,0,0,0
17231,0,1,0,0,0,0,0,0,0
17232,0,1,0,0,0,0,0,0,0
17233,0,1,0,0,0,0,0,0,0
17234,0,1,0,0,0,0,0,0,0
17235,0,1,0,0,0,0,0,0,0
17236,0,1,0,0,0,0,0,0,0
17237,0,1,0,0,0,0,0,0,0
17238,0,1,0,0,0,0,0,0,0
17239,0,1,0,0,0,0,0,0,0
17240,0,1,0,0,0,0,0,0,0
17241,0,1,0,0,0,0,0,0,0
17242,0,1,0,0,0,0,0,0,0
17243,0,1,0,0,0,0,0,0,0
17244,0,1,0,0,0,0,0,0,0
17245,0,1,0,0,0,0,0,0,0
17246,0,1,0,0,0,0,0,0,0
17247,0,1,0,0,0,0,0,0,0
17248,0,1,0,0,0,0,0,0,0
17249,0,1,0,0,0,0,0,0,0
17250,0,1,0,0,0,0,0,0,0
17251,0,1,0,0,0,0,0,0,0
17252,0,1,0,0,0,0,0,0,0
17253,0,1,0,0,0,0,0,0,0
17254,0,1,0,0,0,0,0,0,0
17255,0,1,0,0,0,0,0,0,0
17256,0,1,0,0,0,0,0,0,0
17257,0,1,0,0,0,0,0,0,0
17258,0,1,0,0,0,0,0,0,0
17259,0,1,0,0,0,0,0,0,0
17260,0,1,0,0,0,0,0,0,0
17261,0,1,0,0,0,0,0,0,0
17262,0,1,0,0,0,0,0,0,0
17263,0,1,0,0,0,0,0,0,0
17264,0,1,0,0,0,0,0,0,0
17265,0,1,0,0,0,0,0,0,0
17266,0,1,0,0,0,0,0,0,0
17267,0,1,0,0,0,0,0,0,0
17268,0,1,0,0,0,0,0,0,0
17269,0,1,0,0,0,0,0,0,0
17270,0,1,0,0,0,0,0,0,0
17271,0,1,0,0,0,0,0,0,0
17272,0,1,0,0,0,0,0,0,0
17273,0,1,0,0,0,0,0,0,0
17274,0,1,0,0,0,0,0,0,0
17275,0,1,0,0,0,0,0,0,0
17276,0,1,0,0,0,0,0,0,0
17277,0,1,0,0,0,0,0,0,0
17278,0,1,0,0,0,0,0,0,0
17279,0,1,0,0,0,0,0,0,0
17280,0,1,0,0,0,0,0,0,0
17281,0,1,0,0,0,0,0,0,0
17282,0,1,0,0,0,0,0,0,0
17283,0,1,0,0,0,0,0,0,0
17284,0,1,0,0,0,0,0,0,0
17285,0,1,0,0,0,0,0,0,0
17286,0,1,0,0,0,0,0,0,0
17287,0,1,0,0,0,0,0,0,0
17288,0,1,0,0,0,0,0,0,0
17289,0,1,0,0,0,0,0,0,0
17290,0,1,0,0,0,0,0,0,0
17291,0,1,0,0,0,0,0,0,0
17292,0,1,0,0,0,0,0,0,0
17293,0,1,0,0,0,0,0,0,0
17294,0,1,0,0,0,0,0,0,0
17295,0,1,0,0,0,0,0,0,0
17296,0,1,0,0,0,0,0,0,0
17297,0,1,0,0,0,0,0,0,0
17298,0,1,0,0,0,0,0,0,0
17299,0,1,0,0,0,0,0,0,0
17300,0,1,0,0,0,0,0,0,0
17301,0,1,0,0,0,0,0,0,0
17302,0,1,0,0,0,0,0,0,0
17303,0,1,0,0,0,0,0,0,0
17304,0,1,0,0,0,0,0,0,0
17305,0,1,0,0,0,0,0,0,0
17306,0,1,0,0,0,0,0,0,0
17307,0,1,0,0,0,0,0,0,0
17308,0,1,0,0,0,0,0,0,0
17309,0,1,0,0,0,0,0,0,0
17310,0,1,0,0,0,0,0,0,0
17311,0,1,0,0,0,0,0,0,0
17312,0,1,0,0,0,0,0,0,0
17313,0,1,0,0,0,0,0,0,0
17314,0,1,0,0,0,0,0,0,0
17315,0,1,0,0,0,0,0,0,0
17316,0,1,0,0,0,0,0,0,0
17317,0,1,0,0,0,0,0,0,0
17318,0,1,0,0,0,0,0,0,0
17319,0,1,0,0,0,0,0,0,0
17320,0,1,0,0,0,0,0,0,0
17321,0,1,0,0,0,0,0,0,0
17322,0,1,0,0,0,0,0,0,0
17323,0,1,0,0,0,0,0,0,0
17324,0,1,0,0,0,0,0,0,0
17325,0,1,0,0,0,0,0,0,0
17326,0,1,0,0,0,0,0,0,0
17327,0,1,0,0,0,0,0,0,0
17328,0,1,0,0,0,0,0,0,0
17329,0,1,0,0,0,0,0,0,0
17330,0,1,0,0,0,0,0,0,0
17331,0,1,0,0,0,0,0,0,0
17332,0,1,0,0,0,0,0,0,0
17333,0,1,0,0,0,0,0,0,0
17334,0,1,0,0,0,0,0,0,0
17335,0,1,0,0,0,0,0,0,0
17336,0,1,0,0,0,0,0,0,0
17337,0,1,0,0,0,0,0,0,0
17338,0,1,0,0,0,0,0,0,0
17339,0,1,0,0,0,0,0,0,0
17340,0,1,0,0,0,0,0,0,0
17341,0,1,0,0,0,0,0,0,0
17342,0,1,0,0,0,0,0,0,0
17343,0,1,0,0,0,0,0,0,0
17344,0,1,0,0,0,0,0,0,0
17345,0,1,0,0,0,0,0,0,0
17346,0,1,0,0,0,0,0,0,0
17347,0,1,0,0,0,0,0,0,0
17348,0,1,0,0,0,0,0,0,0
17349,0,1,0,0,0,0,0,0,0
17350,0,1,0,0,0,0,0,0,0
17351,0,1,0,0,0,0,0,0,0
17352,0,1,0,0,0,0,0,0,0
17353,0,1,0,0,0,0,0,0,0
17354,0,1,0,0,0,0,0,0,0
17355,0,1,0,0,0,0,0,0,0
17356,0,1,0,0,0,0,0,0,0
17357,0,1,0,0,0,0,0,0,0
17358,0,1,0,0,0,0,0,0,0
17359,0,1,0,0,0,0,0,0,0
17360,0,1,0,0,0,0,0,0,0
17361,0,1,0,0,0,0,0,0,0
17362,0,1,0,0,0,0,0,0,0
17363,0,1,0,0,0,0,0,0,0
17364,0,1,0,0,0,0,0,0,0
17365,0,1,0,0,0,0,0,0,0
17366,0,1,0,0,0,0,0,0,0
17367,0,1,0,0,0,0,0,0,0
17368,0,1,0,0,0,0,0,0,0
17369,0,1,0,0,0,0,0,0,0
17370,0,1,0,0,0,0,0,0,0
17371,0,1,0,0,0,0,0,0,0
17372,0,1,0,0,0,0,0,0,0
17373,0,1,0,0,0,0,0,0,0
17374,0,1,0,0,0,0,0,0,0
17375,0,1,0,0,0,0,0,0,0
17376,0,1,0,0,0,0,0,0,0
17377,0,1,0,0,0,0,0,0,0
17378,0,1,0,0,0,0,0,0,0
17379,0,1,0,0,0,0,0,0,0
17380,0,1,0,0,0,0,0,0,0
17381,0,1,0,0,0,0,0,0,0
17382,0,1,0,0,0,0,0,0,0
17383,0,1,0,0,0,0,0,0,0
17384,0,1,0,0,0,0,0,0,0
17385,0,1,0,0,0,0,0,0,0
17386,0,1,0,0,0,0,0,0,0
17387,0,1,0,0,0,0,0,0,0
17388,0,1,0,0,0,0,0,0,0
17389,0,1,0,0,0,0,0,0,0
17390,0,1,0,0,0,0,0,0,0
17391,0,1,0,0,0,0,0,0,0
17392,0,1,0,0,0,0,0,0,0
17393,0,1,0,0,0,0,0,0,0
17394,0,1,0,0,0,0,0,0,0
17395,0,1,0,0,0,0,0,0,0
17396,0,1,0,0,0,0,0,0,0
17397,0,1,0,0,0,0,0,0,0
17398,0,1,0,0,0,0,0,0,0
17399,0,1,0,0,0,0,0,0,0
17400,0,1,0,0,0,0,0,0,0
17401,0,1,0,0,0,0,0,0,0
17402,0,1,0,0,0,0,0,0,0
17403,0,1,0,0,0,0,0,0,0
17404,0,1,0,0,0,0,0,0,0
17405,0,1,0,0,0,0,0,0,0
17406,0,1,0,0,0,0,0,0,0
17407,0,1,0,0,0,0,0,0,0
17408,0,1,0,0,0,0,0,0,0
17409,0,1,0,0,0,0,0,0,0
17410,0,1,0,0,0,0,0,0,0
17411,0,1,0,0,0,0,0,0,0
17412,0,1,0,0,0,0,0,0,0
17413,0,1,0,0,0,0,0,0,0
17414,0,1,0,0,0,0,0,0,0
17415,0,1,0,0,0,0,0,0,0
17416,0,1,0,0,0,0,0,0,0
17417,0,1,0,0,0,0,0,0,0
17418,0,1,0,0,0,0,0,0,0
17419,0,1,0,0,0,0,0,0,0
17420,0,1,0,0,0,0,0,0,0
17421,0,1,0,0,0,0,0,0,0
17422,0,1,0,0,0,0,0,0,0
17423,0,1,0,0,0,0,0,0,0
17424,0,1,0,0,0,0,0,0,0
17425,0,1,0,0,0,0,0,0,0
17426,0,1,0,0,0,0,0,0,0
17427,0,1,0,0,0,0,0,0,0
17428,0,1,0,0,0,0,0,0,0
17429,0,1,0,0,0,0,0,0,0
17430,0,1,0,0,0,0,0,0,0
17431,0,1,0,0,0,0,0,0,0
17432,0,1,0,0,0,0,0,0,0
17433,0,1,0,0,0,0,0,0,0
17434,0,1,0,0,0,0,0,0,0
17435,0,1,0,0,0,0,0,0,0
17436,0,1,0,0,0,0,0,0,0
17437,0,1,0,0,0,0,0,0,0
17438,0,1,0,0,0,0,0,0,0
17439,0,1,0,0,0,0,0,0,0
17440,0,1,0,0,0,0,0,0,0
17441,0,1,0,0,0,0,0,0,0
17442,0,1,0,0,0,0,0,0,0
17443,0,1,0,0,0,0,0,0,0
17444,0,1,0,0,0,0,0,0,0
17445,0,1,0,0,0,0,0,0,0
17446,0,1,0,0,0,0,0,0,0
17447,0,1,0,0,0,0,0,0,0
17448,0,1,0,0,0,0,0,0,0
17449,0,1,0,0,0,0,0,0,0
17450,0,1,0,0,0,0,0,0,0
17451,0,1,0,0,0,0,0,0,0
17452,0,1,0,0,0,0,0,0,0
17453,0,1,0,0,0,0,0,0,0
17454,0,1,0,0,0,0,0,0,0
17455,0,1,0,0,0,0,0,0,0
17456,0,1,0,0,0,0,0,0,0
17457,0,1,0,0,0,0,0,0,0
17458,0,1,0,0,0,0,0,0,0
17459,0,1,0,0,0,0,0,0,0
17460,0,1,0,0,0,0,0,0,0
17461,0,1,0,0,0,0,0,0,0
17462,0,1,0,0,0,0,0,0,0
17463,0,1,0,0,0,0,0,0,0
17464,0,1,0,0,0,0,0,0,0
17465,0,1,0,0,0,0,0,0,0
17466,0,1,0,0,0,0,0,0,0
17467,0,1,0,0,0,0,0,0,0
17468,0,1,0,0,0,0,0,0,0
17469,0,1,0,0,0,0,0,0,0
17470,0,1,0,0,0,0,0,0,0
17471,0,1,0,0,0,0,0,0,0
17472,0,1,0,0,0,0,0,0,0
17473,0,1,0,0,0,0,0,0,0
17474,0,1,0,0,0,0,0,0,0
17475,0,1,0,0,0,0,0,0,0
17476,0,1,0,0,0,0,0,0,0
17477,0,1,0,0,0,0,0,0,0
17478,0,1,0,0,0,0,0,0,0
17479,0,1,0,0,0,0,0,0,0
17480,0,1,0,0,0,0,0,0,0
17481,0,1,0,0,0,0,0,0,0
17482,0,1,0,0,0,0,0,0,0
17483,0,1,0,0,0,0,0,0,0
17484,0,1,0,0,0,0,0,0,0
17485,0,1,0,0,0,0,0,0,0
17486,0,1,0,0,0,0,0,0,0
17487,0,1,0,0,0,0,0,0,0
17488,0,1,0,0,0,0,0,0,0
17489,0,1,0,0,0,0,0,0,0
17490,0,1,0,0,0,0,0,0,0
17491,0,1,0,0,0,0,0,0,0
17492,0,1,0,0,0,0,0,0,0
17493,0,1,0,0,0,0,0,0,0
17494,0,1,0,0,0,0,0,0,0
17495,0,1,0,0,0,0,0,0,0
17496,0,1,0,0,0,0,0,0,0
17497,0,1,0,0,0,0,0,0,0
17498,0,1,0,0,0,0,0,0,0
17499,0,1,0,0,0,0,0,0,0
17500,0,1,0,0,0,0,0,0,0
17501,0,1,0,0,0,0,0,0,0
17502,0,1,0,0,0,0,0,0,0
17503,0,1,0,0,0,0,0,0,0
17504,0,1,0,0,0,0,0,0,0
17505,0,1,0,0,0,0,0,0,0
17506,0,1,0,0,0,0,0,0,0
17507,0,1,0,0,0,0,0,0,0
17508,0,1,0,0,0,0,0,0,0
17509,0,1,0,0,0,0,0,0,0
17510,0,1,0,0,0,0,0,0,0
17511,0,1,0,0,0,0,0,0,0
17512,0,1,0,0,0,0,0,0,0
17513,0,1,0,0,0,0,0,0,0
17514,0,1,0,0,0,0,0,0,0
17515,0,1,0,0,0,0,0,0,0
17516,0,1,0,0,0,0,0,0,0
17517,0,1,0,0,0,0,0,0,0
17518,0,1,0,0,0,0,0,0,0
17519,0,1,0,0,0,0,0,0,0
17520,0,1,0,0,0,0,0,0,0
17521,0,1,0,0,0,0,0,0,0
17522,0,1,0,0,0,0,0,0,0
17523,0,1,0,0,0,0,0,0,0
17524,0,1,0,0,0,0,0,0,0
17525,0,1,0,0,0,0,0,0,0
17526,0,1,0,0,0,0,0,0,0
17527,0,1,0,0,0,0,0,0,0
17528,0,1,0,0,0,0,0,0,0
17529,0,1,0,0,0,0,0,0,0
17530,0,1,0,0,0,0,0,0,0
17531,0,1,0,0,0,0,0,0,0
17532,0,1,0,0,0,0,0,0,0
17533,0,1,0,0,0,0,0,0,0
17534,0,1,0,0,0,0,0,0,0
17535,0,1,0,0,0,0,0,0,0
17536,0,1,0,0,0,0,0,0,0
17537,0,1,0,0,0,0,0,0,0
17538,0,1,0,0,0,0,0,0,0
17539,0,1,0,0,0,0,0,0,0
17540,0,1,0,0,0,0,0,0,0
17541,0,1,0,0,0,0,0,0,0
17542,0,1,0,0,0,0,0,0,0
17543,0,1,0,0,0,0,0,0,0
17544,0,1,0,0,0,0,0,0,0
17545,0,1,0,0,0,0,0,0,0
17546,0,1,0,0,0,0,0,0,0
17547,0,1,0,0,0,0,0,0,0
17548,0,1,0,0,0,0,0,0,0
17549,0,1,0,0,0,0,0,0,0
17550,0,1,0,0,0,0,0,0,0
17551,0,1,0,0,0,0,0,0,0
17552,0,1,0,0,0,0,0,0,0
17553,0,1,0,0,0,0,0,0,0
17554,0,1,0,0,0,0,0,0,0
17555,0,1,0,0,0,0,0,0,0
17556,0,1,0,0,0,0,0,0,0
17557,0,1,0,0,0,0,0,0,0
17558,0,1,0,0,0,0,0,0,0
17559,0,1,0,0,0,0,0,0,0
17560,0,1,0,0,0,0,0,0,0
17561,0,1,0,0,0,0,0,0,0
17562,0,1,0,0,0,0,0,0,0
17563,0,1,0,0,0,0,0,0,0
17564,0,1,0,0,0,0,0,0,0
17565,0,1,0,0,0,0,0,0,0
17566,0,1,0,0,0,0,0,0,0
17567,0,1,0,0,0,0,0,0,0
17568,0,1,0,0,0,0,0,0,0
17569,0,1,0,0,0,0,0,0,0
17570,0,1,0,0,0,0,0,0,0
17571,0,1,0,0,0,0,0,0,0
17572,0,1,0,0,0,0,0,0,0
17573,0,1,0,0,0,0,0,0,0
17574,0,1,0,0,0,0,0,0,0
17575,0,1,0,0,0,0,0,0,0
17576,0,1,0,0,0,0,0,0,0
17577,0,1,0,0,0,0,0,0,0
17578,0,1,0,0,0,0,0,0,0
17579,0,1,0,0,0,0,0,0,0
17580,0,1,0,0,0,0,0,0,0
17581,0,1,0,0,0,0,0,0,0
17582,0,1,0,0,0,0,0,0,0
17583,0,1,0,0,0,0,0,0,0
17584,0,1,0,0,0,0,0,0,0
17585,0,1,0,0,0,0,0,0,0
17586,0,1,0,0,0,0,0,0,0
17587,0,1,0,0,0,0,0,0,0
17588,0,1,0,0,0,0,0,0,0
17589,0,1,0,0,0,0,0,0,0
17590,0,1,0,0,0,0,0,0,0
17591,0,1,0,0,0,0,0,0,0
17592,0,1,0,0,0,0,0,0,0
17593,0,1,0,0,0,0,0,0,0
17594,0,1,0,0,0,0,0,0,0
17595,0,1,0,0,0,0,0,0,0
17596,0,1,0,0,0,0,0,0,0
17597,0,1,0,0,0,0,0,0,0
17598,0,1,0,0,0,0,0,0,0
17599,0,1,0,0,0,0,0,0,0
17600,0,1,0,0,0,0,0,0,0
17601,0,1,0,0,0,0,0,0,0
17602,0,1,0,0,0,0,0,0,0
17603,0,1,0,0,0,0,0,0,0
17604,0,1,0,0,0,0,0,0,0
17605,0,1,0,0,0,0,0,0,0
17606,0,1,0,0,0,0,0,0,0
17607,0,1,0,0,0,0,0,0,0
17608,0,1,0,0,0,0,0,0,0
17609,0,1,0,0,0,0,0,0,0
17610,0,1,0,0,0,0,0,0,0
17611,0,1,0,0,0,0,0,0,0
17612,0,1,0,0,0,0,0,0,0
17613,0,1,0,0,0,0,0,0,0
17614,0,1,0,0,0,0,0,0,0
17615,0,1,0,0,0,0,0,0,0
17616,0,1,0,0,0,0,0,0,0
17617,0,1,0,0,0,0,0,0,0
17618,0,1,0,0,0,0,0,0,0
17619,0,1,0,0,0,0,0,0,0
17620,0,1,0,0,0,0,0,0,0
17621,0,1,0,0,0,0,0,0,0
17622,0,1,0,0,0,0,0,0,0
17623,0,1,0,0,0,0,0,0,0
17624,0,1,0,0,0,0,0,0,0
17625,0,1,0,0,0,0,0,0,0
17626,0,1,0,0,0,0,0,0,0
17627,0,1,0,0,0,0,0,0,0
17628,0,1,0,0,0,0,0,0,0
17629,0,1,0,0,0,0,0,0,0
17630,0,1,0,0,0,0,0,0,0
17631,0,1,0,0,0,0,0,0,0
17632,0,1,0,0,0,0,0,0,0
17633,0,1,0,0,0,0,0,0,0
17634,0,1,0,0,0,0,0,0,0
17635,0,1,0,0,0,0,0,0,0
17636,0,1,0,0,0,0,0,0,0
17637,0,1,0,0,0,0,0,0,0
17638,0,1,0,0,0,0,0,0,0
17639,0,1,0,0,0,0,0,0,0
17640,0,1,0,0,0,0,0,0,0
17641,0,1,0,0,0,0,0,0,0
17642,0,1,0,0,0,0,0,0,0
17643,0,1,0,0,0,0,0,0,0
17644,0,1,0,0,0,0,0,0,0
17645,0,1,0,0,0,0,0,0,0
17646,0,1,0,0,0,0,0,0,0
17647,0,1,0,0,0,0,0,0,0
17648,0,1,0,0,0,0,0,0,0
17649,0,1,0,0,0,0,0,0,0
17650,0,1,0,0,0,0,0,0,0
17651,0,1,0,0,0,0,0,0,0
17652,0,1,0,0,0,0,0,0,0
17653,0,1,0,0,0,0,0,0,0
17654,0,1,0,0,0,0,0,0,0
17655,0,1,0,0,0,0,0,0,0
17656,0,1,0,0,0,0,0,0,0
17657,0,1,0,0,0,0,0,0,0
17658,0,1,0,0,0,0,0,0,0
17659,0,1,0,0,0,0,0,0,0
17660,0,1,0,0,0,0,0,0,0
17661,0,1,0,0,0,0,0,0,0
17662,0,1,0,0,0,0,0,0,0
17663,0,1,0,0,0,0,0,0,0
17664,0,1,0,0,0,0,0,0,0
17665,0,1,0,0,0,0,0,0,0
17666,0,1,0,0,0,0,0,0,0
17667,0,1,0,0,0,0,0,0,0
17668,0,1,0,0,0,0,0,0,0
17669,0,1,0,0,0,0,0,0,0
17670,0,1,0,0,0,0,0,0,0
17671,0,1,0,0,0,0,0,0,0
17672,0,1,0,0,0,0,0,0,0
17673,0,1,0,0,0,0,0,0,0
17674,0,1,0,0,0,0,0,0,0
17675,0,1,0,0,0,0,0,0,0
17676,0,1,0,0,0,0,0,0,0
17677,0,1,0,0,0,0,0,0,0
17678,0,1,0,0,0,0,0,0,0
17679,0,1,0,0,0,0,0,0,0
17680,0,1,0,0,0,0,0,0,0
17681,0,1,0,0,0,0,0,0,0
17682,0,1,0,0,0,0,0,0,0
17683,0,1,0,0,0,0,0,0,0
17684,0,1,0,0,0,0,0,0,0
17685,0,1,0,0,0,0,0,0,0
17686,0,1,0,0,0,0,0,0,0
17687,0,1,0,0,0,0,0,0,0
17688,0,1,0,0,0,0,0,0,0
17689,0,1,0,0,0,0,0,0,0
17690,0,1,0,0,0,0,0,0,0
17691,0,1,0,0,0,0,0,0,0
17692,0,1,0,0,0,0,0,0,0
17693,0,1,0,0,0,0,0,0,0
17694,0,1,0,0,0,0,0,0,0
17695,0,1,0,0,0,0,0,0,0
17696,0,1,0,0,0,0,0,0,0
17697,0,1,0,0,0,0,0,0,0
17698,0,1,0,0,0,0,0,0,0
17699,0,1,0,0,0,0,0,0,0
17700,0,1,0,0,0,0,0,0,0
17701,0,1,0,0,0,0,0,0,0
17702,0,1,0,0,0,0,0,0,0
17703,0,1,0,0,0,0,0,0,0
17704,0,1,0,0,0,0,0,0,0
17705,0,1,0,0,0,0,0,0,0
17706,0,1,0,0,0,0,0,0,0
17707,0,1,0,0,0,0,0,0,0
17708,0,1,0,0,0,0,0,0,0
17709,0,1,0,0,0,0,0,0,0
17710,0,1,0,0,0,0,0,0,0
17711,0,1,0,0,0,0,0,0,0
17712,0,1,0,0,0,0,0,0,0
17713,0,1,0,0,0,0,0,0,0
17714,0,1,0,0,0,0,0,0,0
17715,0,1,0,0,0,0,0,0,0
17716,0,1,0,0,0,0,0,0,0
17717,0,1,0,0,0,0,0,0,0
17718,0,1,0,0,0,0,0,0,0
17719,0,1,0,0,0,0,0,0,0
17720,0,1,0,0,0,0,0,0,0
17721,0,1,0,0,0,0,0,0,0
17722,0,1,0,0,0,0,0,0,0
17723,0,1,0,0,0,0,0,0,0
17724,0,1,0,0,0,0,0,0,0
17725,0,1,0,0,0,0,0,0,0
17726,0,1,0,0,0,0,0,0,0
17727,0,1,0,0,0,0,0,0,0
17728,0,1,0,0,0,0,0,0,0
17729,0,1,0,0,0,0,0,0,0
17730,0,1,0,0,0,0,0,0,0
17731,0,1,0,0,0,0,0,0,0
17732,0,1,0,0,0,0,0,0,0
17733,0,1,0,0,0,0,0,0,0
17734,0,1,0,0,0,0,0,0,0
17735,0,1,0,0,0,0,0,0,0
17736,0,1,0,0,0,0,0,0,0
17737,0,1,0,0,0,0,0,0,0
17738,0,1,0,0,0,0,0,0,0
17739,0,1,0,0,0,0,0,0,0
17740,0,1,0,0,0,0,0,0,0
17741,0,1,0,0,0,0,0,0,0
17742,0,1,0,0,0,0,0,0,0
17743,0,1,0,0,0,0,0,0,0
17744,0,1,0,0,0,0,0,0,0
17745,0,1,0,0,0,0,0,0,0
17746,0,1,0,0,0,0,0,0,0
17747,0,1,0,0,0,0,0,0,0
17748,0,1,0,0,0,0,0,0,0
17749,0,1,0,0,0,0,0,0,0
17750,0,1,0,0,0,0,0,0,0
17751,0,1,0,0,0,0,0,0,0
17752,0,1,0,0,0,0,0,0,0
17753,0,1,0,0,0,0,0,0,0
17754,0,1,0,0,0,0,0,0,0
17755,0,1,0,0,0,0,0,0,0
17756,0,1,0,0,0,0,0,0,0
17757,0,1,0,0,0,0,0,0,0
17758,0,1,0,0,0,0,0,0,0
17759,0,1,0,0,0,0,0,0,0
17760,0,1,0,0,0,0,0,0,0
17761,0,1,0,0,0,0,0,0,0
17762,0,1,0,0,0,0,0,0,0
17763,0,1,0,0,0,0,0,0,0
17764,0,1,0,0,0,0,0,0,0
17765,0,1,0,0,0,0,0,0,0
17766,0,1,0,0,0,0,0,0,0
17767,0,1,0,0,0,0,0,0,0
17768,0,1,0,0,0,0,0,0,0
17769,0,1,0,0,0,0,0,0,0
17770,0,1,0,0,0,0,0,0,0
17771,0,1,0,0,0,0,0,0,0
17772,0,1,0,0,0,0,0,0,0
17773,0,1,0,0,0,0,0,0,0
17774,0,1,0,0,0,0,0,0,0
17775,0,1,0,0,0,0,0,0,0
17776,0,1,0,0,0,0,0,0,0
17777,0,1,0,0,0,0,0,0,0
17778,0,1,0,0,0,0,0,0,0
17779,0,1,0,0,0,0,0,0,0
17780,0,1,0,0,0,0,0,0,0
17781,0,1,0,0,0,0,0,0,0
17782,0,1,0,0,0,0,0,0,0
17783,0,1,0,0,0,0,0,0,0
17784,0,1,0,0,0,0,0,0,0
17785,0,1,0,0,0,0,0,0,0
17786,0,1,0,0,0,0,0,0,0
17787,0,1,0,0,0,0,0,0,0
17788,0,1,0,0,0,0,0,0,0
17789,0,1,0,0,0,0,0,0,0
17790,0,1,0,0,0,0,0,0,0
17791,0,1,0,0,0,0,0,0,0
17792,0,1,0,0,0,0,0,0,0
17793,0,1,0,0,0,0,0,0,0
17794,0,1,0,0,0,0,0,0,0
17795,0,1,0,0,0,0,0,0,0
17796,0,1,0,0,0,0,0,0,0
17797,0,1,0,0,0,0,0,0,0
17798,0,1,0,0,0,0,0,0,0
17799,0,1,0,0,0,0,0,0,0
17800,0,1,0,0,0,0,0,0,0
17801,0,1,0,0,0,0,0,0,0
17802,0,1,0,0,0,0,0,0,0
17803,0,1,0,0,0,0,0,0,0
17804,0,1,0,0,0,0,0,0,0
17805,0,1,0,0,0,0,0,0,0
17806,0,1,0,0,0,0,0,0,0
17807,0,1,0,0,0,0,0,0,0
17808,0,1,0,0,0,0,0,0,0
17809,0,1,0,0,0,0,0,0,0
17810,0,1,0,0,0,0,0,0,0
17811,0,1,0,0,0,0,0,0,0
17812,0,1,0,0,0,0,0,0,0
17813,0,1,0,0,0,0,0,0,0
17814,0,1,0,0,0,0,0,0,0
17815,0,1,0,0,0,0,0,0,0
17816,0,1,0,0,0,0,0,0,0
17817,0,1,0,0,0,0,0,0,0
17818,0,1,0,0,0,0,0,0,0
17819,0,1,0,0,0,0,0,0,0
17820,0,1,0,0,0,0,0,0,0
17821,0,1,0,0,0,0,0,0,0
17822,0,1,0,0,0,0,0,0,0
17823,0,1,0,0,0,0,0,0,0
17824,0,1,0,0,0,0,0,0,0
17825,0,1,0,0,0,0,0,0,0
17826,0,1,0,0,0,0,0,0,0
17827,0,1,0,0,0,0,0,0,0
17828,0,1,0,0,0,0,0,0,0
17829,0,1,0,0,0,0,0,0,0
17830,0,1,0,0,0,0,0,0,0
17831,0,1,0,0,0,0,0,0,0
17832,0,1,0,0,0,0,0,0,0
17833,0,1,0,0,0,0,0,0,0
17834,0,1,0,0,0,0,0,0,0
17835,0,1,0,0,0,0,0,0,0
17836,0,1,0,0,0,0,0,0,0
17837,0,1,0,0,0,0,0,0,0
17838,0,1,0,0,0,0,0,0,0
17839,0,1,0,0,0,0,0,0,0
17840,0,1,0,0,0,0,0,0,0
17841,0,1,0,0,0,0,0,0,0
17842,0,1,0,0,0,0,0,0,0
17843,0,1,0,0,0,0,0,0,0
17844,0,1,0,0,0,0,0,0,0
17845,0,1,0,0,0,0,0,0,0
17846,0,1,0,0,0,0,0,0,0
17847,0,1,0,0,0,0,0,0,0
17848,0,1,0,0,0,0,0,0,0
17849,0,1,0,0,0,0,0,0,0
17850,0,1,0,0,0,0,0,0,0
17851,0,1,0,0,0,0,0,0,0
17852,0,1,0,0,0,0,0,0,0
17853,0,1,0,0,0,0,0,0,0
17854,0,1,0,0,0,0,0,0,0
17855,0,1,0,0,0,0,0,0,0
17856,0,1,0,0,0,0,0,0,0
17857,0,1,0,0,0,0,0,0,0
17858,0,1,0,0,0,0,0,0,0
17859,0,1,0,0,0,0,0,0,0
17860,0,1,0,0,0,0,0,0,0
17861,0,1,0,0,0,0,0,0,0
17862,0,1,0,0,0,0,0,0,0
17863,0,1,0,0,0,0,0,0,0
17864,0,1,0,0,0,0,0,0,0
17865,0,1,0,0,0,0,0,0,0
17866,0,1,0,0,0,0,0,0,0
17867,0,1,0,0,0,0,0,0,0
17868,0,1,0,0,0,0,0,0,0
17869,0,1,0,0,0,0,0,0,0
17870,0,1,0,0,0,0,0,0,0
17871,0,1,0,0,0,0,0,0,0
17872,0,1,0,0,0,0,0,0,0
17873,0,1,0,0,0,0,0,0,0
17874,0,1,0,0,0,0,0,0,0
17875,0,1,0,0,0,0,0,0,0
17876,0,1,0,0,0,0,0,0,0
17877,0,1,0,0,0,0,0,0,0
17878,0,1,0,0,0,0,0,0,0
17879,0,1,0,0,0,0,0,0,0
17880,0,1,0,0,0,0,0,0,0
17881,0,1,0,0,0,0,0,0,0
17882,0,1,0,0,0,0,0,0,0
17883,0,1,0,0,0,0,0,0,0
17884,0,1,0,0,0,0,0,0,0
17885,0,1,0,0,0,0,0,0,0
17886,0,1,0,0,0,0,0,0,0
17887,0,1,0,0,0,0,0,0,0
17888,0,1,0,0,0,0,0,0,0
17889,0,1,0,0,0,0,0,0,0
17890,0,1,0,0,0,0,0,0,0
17891,0,1,0,0,0,0,0,0,0
17892,0,1,0,0,0,0,0,0,0
17893,0,1,0,0,0,0,0,0,0
17894,0,1,0,0,0,0,0,0,0
17895,0,1,0,0,0,0,0,0,0
17896,0,1,0,0,0,0,0,0,0
17897,0,1,0,0,0,0,0,0,0
17898,0,1,0,0,0,0,0,0,0
17899,0,1,0,0,0,0,0,0,0
17900,0,1,0,0,0,0,0,0,0
17901,0,1,0,0,0,0,0,0,0
17902,0,1,0,0,0,0,0,0,0
17903,0,1,0,0,0,0,0,0,0
17904,0,1,0,0,0,0,0,0,0
17905,0,1,0,0,0,0,0,0,0
17906,0,1,0,0,0,0,0,0,0
17907,0,1,0,0,0,0,0,0,0
17908,0,1,0,0,0,0,0,0,0
17909,0,1,0,0,0,0,0,0,0
17910,0,1,0,0,0,0,0,0,0
17911,0,1,0,0,0,0,0,0,0
17912,0,1,0,0,0,0,0,0,0
17913,0,1,0,0,0,0,0,0,0
17914,0,1,0,0,0,0,0,0,0
17915,0,1,0,0,0,0,0,0,0
17916,0,1,0,0,0,0,0,0,0
17917,0,1,0,0,0,0,0,0,0
17918,0,1,0,0,0,0,0,0,0
17919,0,1,0,0,0,0,0,0,0
17920,0,1,0,0,0,0,0,0,0
17921,0,1,0,0,0,0,0,0,0
17922,0,1,0,0,0,0,0,0,0
17923,0,1,0,0,0,0,0,0,0
17924,0,1,0,0,0,0,0,0,0
17925,0,1,0,0,0,0,0,0,0
17926,0,1,0,0,0,0,0,0,0
17927,0,1,0,0,0,0,0,0,0
17928,0,1,0,0,0,0,0,0,0
17929,0,1,0,0,0,0,0,0,0
17930,0,1,0,0,0,0,0,0,0
17931,0,1,0,0,0,0,0,0,0
17932,0,1,0,0,0,0,0,0,0
17933,0,1,0,0,0,0,0,0,0
17934,0,1,0,0,0,0,0,0,0
17935,0,1,0,0,0,0,0,0,0
17936,0,1,0,0,0,0,0,0,0
17937,0,1,0,0,0,0,0,0,0
17938,0,1,0,0,0,0,0,0,0
17939,0,1,0,0,0,0,0,0,0
17940,0,1,0,0,0,0,0,0,0
17941,0,1,0,0,0,0,0,0,0
17942,0,1,0,0,0,0,0,0,0
17943,0,1,0,0,0,0,0,0,0
17944,0,1,0,0,0,0,0,0,0
17945,0,1,0,0,0,0,0,0,0
17946,0,1,0,0,0,0,0,0,0
17947,0,1,0,0,0,0,0,0,0
17948,0,1,0,0,0,0,0,0,0
17949,0,1,0,0,0,0,0,0,0
17950,0,1,0,0,0,0,0,0,0
17951,0,1,0,0,0,0,0,0,0
17952,0,1,0,0,0,0,0,0,0
17953,0,1,0,0,0,0,0,0,0
17954,0,1,0,0,0,0,0,0,0
17955,0,1,0,0,0,0,0,0,0
17956,0,1,0,0,0,0,0,0,0
17957,0,1,0,0,0,0,0,0,0
17958,0,1,0,0,0,0,0,0,0
17959,0,1,0,0,0,0,0,0,0
17960,0,1,0,0,0,0,0,0,0
17961,0,1,0,0,0,0,0,0,0
17962,0,1,0,0,0,0,0,0,0
17963,0,1,0,0,0,0,0,0,0
17964,0,1,0,0,0,0,0,0,0
17965,0,1,0,0,0,0,0,0,0
17966,0,1,0,0,0,0,0,0,0
17967,0,1,0,0,0,0,0,0,0
17968,0,1,0,0,0,0,0,0,0
17969,0,1,0,0,0,0,0,0,0
17970,0,1,0,0,0,0,0,0,0
17971,0,1,0,0,0,0,0,0,0
17972,0,1,0,0,0,0,0,0,0
17973,0,1,0,0,0,0,0,0,0
17974,0,1,0,0,0,0,0,0,0
17975,0,1,0,0,0,0,0,0,0
17976,0,1,0,0,0,0,0,0,0
17977,0,1,0,0,0,0,0,0,0
17978,0,1,0,0,0,0,0,0,0
17979,0,1,0,0,0,0,0,0,0
17980,0,1,0,0,0,0,0,0,0
17981,0,1,0,0,0,0,0,0,0
17982,0,1,0,0,0,0,0,0,0
17983,0,1,0,0,0,0,0,0,0
17984,0,1,0,0,0,0,0,0,0
17985,0,1,0,0,0,0,0,0,0
17986,0,1,0,0,0,0,0,0,0
17987,0,1,0,0,0,0,0,0,0
17988,0,1,0,0,0,0,0,0,0
17989,0,1,0,0,0,0,0,0,0
17990,0,1,0,0,0,0,0,0,0
17991,0,1,0,0,0,0,0,0,0
17992,0,1,0,0,0,0,0,0,0
17993,0,1,0,0,0,0,0,0,0
17994,0,1,0,0,0,0,0,0,0
17995,0,1,0,0,0,0,0,0,0
17996,0,1,0,0,0,0,0,0,0
17997,0,1,0,0,0,0,0,0,0
17998,0,1,0,0,0,0,0,0,0
17999,0,1,0,0,0,0,0,0,0
18000,0,1,0,0,0,0,0,0,0
18001,0,1,0,0,0,0,0,0,0
18002,0,1,0,0,0,0,0,0,0
18003,0,1,0,0,0,0,0,0,0
18004,0,1,0,0,0,0,0,0,0
18005,0,1,0,0,0,0,0,0,0
18006,0,1,0,0,0,0,0,0,0
18007,0,1,0,0,0,0,0,0,0
18008,0,1,0,0,0,0,0,0,0
18009,0,1,0,0,0,0,0,0,0
18010,0,1,0,0,0,0,0,0,0
18011,0,1,0,0,0,0,0,0,0
18012,0,1,0,0,0,0,0,0,0
18013,0,1,0,0,0,0,0,0,0
18014,0,1,0,0,0,0,0,0,0
18015,0,1,0,0,0,0,0,0,0
18016,0,1,0,0,0,0,0,0,0
18017,0,1,0,0,0,0,0,0,0
18018,0,1,0,0,0,0,0,0,0
18019,0,1,0,0,0,0,0,0,0
18020,0,1,0,0,0,0,0,0,0
18021,0,1,0,0,0,0,0,0,0
18022,0,1,0,0,0,0,0,0,0
18023,0,1,0,0,0,0,0,0,0
18024,0,1,0,0,0,0,0,0,0
18025,0,1,0,0,0,0,0,0,0
18026,0,1,0,0,0,0,0,0,0
18027,0,1,0,0,0,0,0,0,0
18028,0,1,0,0,0,0,0,0,0
18029,0,1,0,0,0,0,0,0,0
18030,0,1,0,0,0,0,0,0,0
18031,0,1,0,0,0,0,0,0,0
18032,0,1,0,0,0,0,0,0,0
18033,0,1,0,0,0,0,0,0,0
18034,0,1,0,0,0,0,0,0,0
18035,0,1,0,0,0,0,0,0,0
18036,0,1,0,0,0,0,0,0,0
18037,0,1,0,0,0,0,0,0,0
18038,0,1,0,0,0,0,0,0,0
18039,0,1,0,0,0,0,0,0,0
18040,0,1,0,0,0,0,0,0,0
18041,0,1,0,0,0,0,0,0,0
18042,0,1,0,0,0,0,0,0,0
18043,0,1,0,0,0,0,0,0,0
18044,0,1,0,0,0,0,0,0,0
18045,0,1,0,0,0,0,0,0,0
18046,0,1,0,0,0,0,0,0,0
18047,0,1,0,0,0,0,0,0,0
18048,0,1,0,0,0,0,0,0,0
18049,0,1,0,0,0,0,0,0,0
18050,0,1,0,0,0,0,0,0,0
18051,0,1,0,0,0,0,0,0,0
18052,0,0,1,0,0,0,0,0,0
18053,0,0,1,0,0,0,0,0,0
18054,0,0,1,0,0,0,0,0,0
18055,0,0,1,0,0,0,0,0,0
18056,0,0,1,0,0,0,0,0,0
18057,0,0,1,0,0,0,0,0,0
18058,0,0,1,0,0,0,0,0,0
18059,0,0,1,0,0,0,0,0,0
18060,0,0,1,0,0,0,0,0,0
18061,0,0,1,0,0,0,0,0,0
18062,0,0,1,0,0,0,0,0,0
18063,0,0,1,0,0,0,0,0,0
18064,0,0,1,0,0,0,0,0,0
18065,0,0,1,0,0,0,0,0,0
18066,0,0,1,0,0,0,0,0,0
18067,0,0,1,0,0,0,0,0,0
18068,0,0,1,0,0,0,0,0,0
18069,0,0,1,0,0,0,0,0,0
18070,0,0,1,0,0,0,0,0,0
18071,0,0,1,0,0,0,0,0,0
18072,0,0,1,0,0,0,0,0,0
18073,0,0,1,0,0,0,0,0,0
18074,0,0,1,0,0,0,0,0,0
18075,0,0,1,0,0,0,0,0,0
18076,0,0,1,0,0,0,0,0,0
18077,0,0,1,0,0,0,0,0,0
18078,0,0,1,0,0,0,0,0,0
18079,0,0,1,0,0,0,0,0,0
18080,0,0,1,0,0,0,0,0,0
18081,0,0,1,0,0,0,0,0,0
18082,0,0,1,0,0,0,0,0,0
18083,0,0,1,0,0,0,0,0,0
18084,0,0,1,0,0,0,0,0,0
18085,0,0,1,0,0,0,0,0,0
18086,0,0,1,0,0,0,0,0,0
18087,0,0,1,0,0,0,0,0,0
18088,0,0,1,0,0,0,0,0,0
18089,0,0,1,0,0,0,0,0,0
18090,0,0,1,0,0,0,0,0,0
18091,0,0,1,0,0,0,0,0,0
18092,0,0,1,0,0,0,0,0,0
18093,0,0,1,0,0,0,0,0,0
18094,0,0,1,0,0,0,0,0,0
18095,0,0,1,0,0,0,0,0,0
18096,0,0,1,0,0,0,0,0,0
18097,0,0,1,0,0,0,0,0,0
18098,0,0,1,0,0,0,0,0,0
18099,0,0,1,0,0,0,0,0,0
18100,0,0,1,0,0,0,0,0,0
18101,0,0,1,0,0,0,0,0,0
18102,0,0,1,0,0,0,0,0,0
18103,0,0,1,0,0,0,0,0,0
18104,0,0,1,0,0,0,0,0,0
18105,0,0,1,0,0,0,0,0,0
18106,0,0,1,0,0,0,0,0,0
18107,0,0,1,0,0,0,0,0,0
18108,0,0,1,0,0,0,0,0,0
18109,0,0,1,0,0,0,0,0,0
18110,0,0,1,0,0,0,0,0,0
18111,0,0,1,0,0,0,0,0,0
18112,0,0,1,0,0,0,0,0,0
18113,0,0,1,0,0,0,0,0,0
18114,0,0,1,0,0,0,0,0,0
18115,0,0,1,0,0,0,0,0,0
18116,0,0,1,0,0,0,0,0,0
18117,0,0,1,0,0,0,0,0,0
18118,0,0,1,0,0,0,0,0,0
18119,0,0,1,0,0,0,0,0,0
18120,0,0,1,0,0,0,0,0,0
18121,0,0,1,0,0,0,0,0,0
18122,0,0,1,0,0,0,0,0,0
18123,0,0,1,0,0,0,0,0,0
18124,0,0,1,0,0,0,0,0,0
18125,0,0,1,0,0,0,0,0,0
18126,0,0,1,0,0,0,0,0,0
18127,0,0,1,0,0,0,0,0,0
18128,0,0,1,0,0,0,0,0,0
18129,0,0,1,0,0,0,0,0,0
18130,0,0,1,0,0,0,0,0,0
18131,0,0,1,0,0,0,0,0,0
18132,0,0,1,0,0,0,0,0,0
18133,0,0,1,0,0,0,0,0,0
18134,0,0,1,0,0,0,0,0,0
18135,0,0,1,0,0,0,0,0,0
18136,0,0,1,0,0,0,0,0,0
18137,0,0,1,0,0,0,0,0,0
18138,0,0,1,0,0,0,0,0,0
18139,0,0,1,0,0,0,0,0,0
18140,0,0,1,0,0,0,0,0,0
18141,0,0,1,0,0,0,0,0,0
18142,0,0,1,0,0,0,0,0,0
18143,0,0,1,0,0,0,0,0,0
18144,0,0,1,0,0,0,0,0,0
18145,0,0,1,0,0,0,0,0,0
18146,0,0,1,0,0,0,0,0,0
18147,0,0,1,0,0,0,0,0,0
18148,0,0,1,0,0,0,0,0,0
18149,0,0,1,0,0,0,0,0,0
18150,0,0,1,0,0,0,0,0,0
18151,0,0,1,0,0,0,0,0,0
18152,0,0,1,0,0,0,0,0,0
18153,0,0,1,0,0,0,0,0,0
18154,0,0,1,0,0,0,0,0,0
18155,0,0,1,0,0,0,0,0,0
18156,0,0,1,0,0,0,0,0,0
18157,0,0,1,0,0,0,0,0,0
18158,0,0,1,0,0,0,0,0,0
18159,0,0,1,0,0,0,0,0,0
18160,0,0,1,0,0,0,0,0,0
18161,0,0,1,0,0,0,0,0,0
18162,0,0,1,0,0,0,0,0,0
18163,0,0,1,0,0,0,0,0,0
18164,0,0,1,0,0,0,0,0,0
18165,0,0,1,0,0,0,0,0,0
18166,0,0,1,0,0,0,0,0,0
18167,0,0,1,0,0,0,0,0,0
18168,0,0,1,0,0,0,0,0,0
18169,0,0,1,0,0,0,0,0,0
18170,0,0,1,0,0,0,0,0,0
18171,0,0,1,0,0,0,0,0,0
18172,0,0,1,0,0,0,0,0,0
18173,0,0,1,0,0,0,0,0,0
18174,0,0,1,0,0,0,0,0,0
18175,0,0,1,0,0,0,0,0,0
18176,0,0,1,0,0,0,0,0,0
18177,0,0,1,0,0,0,0,0,0
18178,0,0,1,0,0,0,0,0,0
18179,0,0,1,0,0,0,0,0,0
18180,0,0,1,0,0,0,0,0,0
18181,0,0,1,0,0,0,0,0,0
18182,0,0,1,0,0,0,0,0,0
18183,0,0,1,0,0,0,0,0,0
18184,0,0,1,0,0,0,0,0,0
18185,0,0,1,0,0,0,0,0,0
18186,0,0,1,0,0,0,0,0,0
18187,0,0,1,0,0,0,0,0,0
18188,0,0,1,0,0,0,0,0,0
18189,0,0,1,0,0,0,0,0,0
18190,0,0,1,0,0,0,0,0,0
18191,0,0,1,0,0,0,0,0,0
18192,0,0,1,0,0,0,0,0,0
18193,0,0,1,0,0,0,0,0,0
18194,0,0,1,0,0,0,0,0,0
18195,0,0,1,0,0,0,0,0,0
18196,0,0,1,0,0,0,0,0,0
18197,0,0,1,0,0,0,0,0,0
18198,0,0,1,0,0,0,0,0,0
18199,0,0,1,0,0,0,0,0,0
18200,0,0,1,0,0,0,0,0,0
18201,0,0,1,0,0,0,0,0,0
18202,0,0,1,0,0,0,0,0,0
18203,0,0,1,0,0,0,0,0,0
18204,0,0,1,0,0,0,0,0,0
18205,0,0,1,0,0,0,0,0,0
18206,0,0,1,0,0,0,0,0,0
18207,0,0,1,0,0,0,0,0,0
18208,0,0,1,0,0,0,0,0,0
18209,0,0,1,0,0,0,0,0,0
18210,0,0,1,0,0,0,0,0,0
18211,0,0,1,0,0,0,0,0,0
18212,0,0,1,0,0,0,0,0,0
18213,0,0,1,0,0,0,0,0,0
18214,0,0,1,0,0,0,0,0,0
18215,0,0,1,0,0,0,0,0,0
18216,0,0,1,0,0,0,0,0,0
18217,0,0,1,0,0,0,0,0,0
18218,0,0,1,0,0,0,0,0,0
18219,0,0,1,0,0,0,0,0,0
18220,0,0,1,0,0,0,0,0,0
18221,0,0,1,0,0,0,0,0,0
18222,0,0,1,0,0,0,0,0,0
18223,0,0,1,0,0,0,0,0,0
18224,0,0,1,0,0,0,0,0,0
18225,0,0,1,0,0,0,0,0,0
18226,0,0,1,0,0,0,0,0,0
18227,0,0,1,0,0,0,0,0,0
18228,0,0,1,0,0,0,0,0,0
18229,0,0,1,0,0,0,0,0,0
18230,0,0,1,0,0,0,0,0,0
18231,0,0,1,0,0,0,0,0,0
18232,0,0,1,0,0,0,0,0,0
18233,0,0,1,0,0,0,0,0,0
18234,0,0,1,0,0,0,0,0,0
18235,0,0,1,0,0,0,0,0,0
18236,0,0,1,0,0,0,0,0,0
18237,0,0,1,0,0,0,0,0,0
18238,0,0,1,0,0,0,0,0,0
18239,0,0,1,0,0,0,0,0,0
18240,0,0,1,0,0,0,0,0,0
18241,0,0,1,0,0,0,0,0,0
18242,0,0,1,0,0,0,0,0,0
18243,0,0,1,0,0,0,0,0,0
18244,0,0,1,0,0,0,0,0,0
18245,0,0,1,0,0,0,0,0,0
18246,0,0,1,0,0,0,0,0,0
18247,0,0,1,0,0,0,0,0,0
18248,0,0,1,0,0,0,0,0,0
18249,0,0,1,0,0,0,0,0,0
18250,0,0,1,0,0,0,0,0,0
18251,0,0,1,0,0,0,0,0,0
18252,0,0,1,0,0,0,0,0,0
18253,0,0,1,0,0,0,0,0,0
18254,0,0,1,0,0,0,0,0,0
18255,0,0,1,0,0,0,0,0,0
18256,0,0,1,0,0,0,0,0,0
18257,0,0,1,0,0,0,0,0,0
18258,0,0,1,0,0,0,0,0,0
18259,0,0,1,0,0,0,0,0,0
18260,0,0,1,0,0,0,0,0,0
18261,0,0,1,0,0,0,0,0,0
18262,0,0,1,0,0,0,0,0,0
18263,0,0,1,0,0,0,0,0,0
18264,0,0,1,0,0,0,0,0,0
18265,0,0,1,0,0,0,0,0,0
18266,0,0,1,0,0,0,0,0,0
18267,0,0,1,0,0,0,0,0,0
18268,0,0,1,0,0,0,0,0,0
18269,0,0,1,0,0,0,0,0,0
18270,0,0,1,0,0,0,0,0,0
18271,0,0,1,0,0,0,0,0,0
18272,0,0,1,0,0,0,0,0,0
18273,0,0,1,0,0,0,0,0,0
18274,0,0,1,0,0,0,0,0,0
18275,0,0,1,0,0,0,0,0,0
18276,0,0,1,0,0,0,0,0,0
18277,0,0,1,0,0,0,0,0,0
18278,0,0,1,0,0,0,0,0,0
18279,0,0,1,0,0,0,0,0,0
18280,0,0,1,0,0,0,0,0,0
18281,0,0,1,0,0,0,0,0,0
18282,0,0,1,0,0,0,0,0,0
18283,0,0,1,0,0,0,0,0,0
18284,0,0,1,0,0,0,0,0,0
18285,0,0,1,0,0,0,0,0,0
18286,0,0,1,0,0,0,0,0,0
18287,0,0,1,0,0,0,0,0,0
18288,0,0,1,0,0,0,0,0,0
18289,0,0,1,0,0,0,0,0,0
18290,0,0,1,0,0,0,0,0,0
18291,0,0,1,0,0,0,0,0,0
18292,0,0,1,0,0,0,0,0,0
18293,0,0,1,0,0,0,0,0,0
18294,0,0,1,0,0,0,0,0,0
18295,0,0,1,0,0,0,0,0,0
18296,0,0,1,0,0,0,0,0,0
18297,0,0,1,0,0,0,0,0,0
18298,0,0,1,0,0,0,0,0,0
18299,0,0,1,0,0,0,0,0,0
18300,0,0,1,0,0,0,0,0,0
18301,0,0,1,0,0,0,0,0,0
18302,0,0,1,0,0,0,0,0,0
18303,0,0,1,0,0,0,0,0,0
18304,0,0,1,0,0,0,0,0,0
18305,0,0,1,0,0,0,0,0,0
18306,0,0,1,0,0,0,0,0,0
18307,0,0,1,0,0,0,0,0,0
18308,0,0,1,0,0,0,0,0,0
18309,0,0,1,0,0,0,0,0,0
18310,0,0,1,0,0,0,0,0,0
18311,0,0,1,0,0,0,0,0,0
18312,0,0,1,0,0,0,0,0,0
18313,0,0,1,0,0,0,0,0,0
18314,0,0,1,0,0,0,0,0,0
18315,0,0,1,0,0,0,0,0,0
18316,0,0,1,0,0,0,0,0,0
18317,0,0,1,0,0,0,0,0,0
18318,0,0,1,0,0,0,0,0,0
18319,0,0,1,0,0,0,0,0,0
18320,0,0,1,0,0,0,0,0,0
18321,0,0,1,0,0,0,0,0,0
18322,0,0,1,0,0,0,0,0,0
18323,0,0,1,0,0,0,0,0,0
18324,0,0,1,0,0,0,0,0,0
18325,0,0,1,0,0,0,0,0,0
18326,0,0,1,0,0,0,0,0,0
18327,0,0,1,0,0,0,0,0,0
18328,0,0,1,0,0,0,0,0,0
18329,0,0,1,0,0,0,0,0,0
18330,0,0,1,0,0,0,0,0,0
18331,0,0,1,0,0,0,0,0,0
18332,0,0,1,0,0,0,0,0,0
18333,0,0,1,0,0,0,0,0,0
18334,0,0,1,0,0,0,0,0,0
18335,0,0,1,0,0,0,0,0,0
18336,0,0,1,0,0,0,0,0,0
18337,0,0,1,0,0,0,0,0,0
18338,0,0,1,0,0,0,0,0,0
18339,0,0,1,0,0,0,0,0,0
18340,0,0,1,0,0,0,0,0,0
18341,0,0,1,0,0,0,0,0,0
18342,0,0,1,0,0,0,0,0,0
18343,0,0,1,0,0,0,0,0,0
18344,0,0,1,0,0,0,0,0,0
18345,0,0,1,0,0,0,0,0,0
18346,0,0,1,0,0,0,0,0,0
18347,0,0,1,0,0,0,0,0,0
18348,0,0,1,0,0,0,0,0,0
18349,0,0,1,0,0,0,0,0,0
18350,0,0,1,0,0,0,0,0,0
18351,0,0,1,0,0,0,0,0,0
18352,0,0,1,0,0,0,0,0,0
18353,0,0,1,0,0,0,0,0,0
18354,0,0,1,0,0,0,0,0,0
18355,0,0,1,0,0,0,0,0,0
18356,0,0,1,0,0,0,0,0,0
18357,0,0,1,0,0,0,0,0,0
18358,0,0,1,0,0,0,0,0,0
18359,0,0,1,0,0,0,0,0,0
18360,0,0,1,0,0,0,0,0,0
18361,0,0,1,0,0,0,0,0,0
18362,0,0,1,0,0,0,0,0,0
18363,0,0,1,0,0,0,0,0,0
18364,0,0,1,0,0,0,0,0,0
18365,0,0,1,0,0,0,0,0,0
18366,0,0,1,0,0,0,0,0,0
18367,0,0,1,0,0,0,0,0,0
18368,0,0,1,0,0,0,0,0,0
18369,0,0,1,0,0,0,0,0,0
18370,0,0,1,0,0,0,0,0,0
18371,0,0,1,0,0,0,0,0,0
18372,0,0,1,0,0,0,0,0,0
18373,0,0,1,0,0,0,0,0,0
18374,0,0,1,0,0,0,0,0,0
18375,0,0,1,0,0,0,0,0,0
18376,0,0,1,0,0,0,0,0,0
18377,0,0,1,0,0,0,0,0,0
18378,0,0,1,0,0,0,0,0,0
18379,0,0,1,0,0,0,0,0,0
18380,0,0,1,0,0,0,0,0,0
18381,0,0,1,0,0,0,0,0,0
18382,0,0,1,0,0,0,0,0,0
18383,0,0,1,0,0,0,0,0,0
18384,0,0,1,0,0,0,0,0,0
18385,0,0,1,0,0,0,0,0,0
18386,0,0,1,0,0,0,0,0,0
18387,0,0,1,0,0,0,0,0,0
18388,0,0,1,0,0,0,0,0,0
18389,0,0,1,0,0,0,0,0,0
18390,0,0,1,0,0,0,0,0,0
18391,0,0,1,0,0,0,0,0,0
18392,0,0,1,0,0,0,0,0,0
18393,0,0,1,0,0,0,0,0,0
18394,0,0,1,0,0,0,0,0,0
18395,0,0,1,0,0,0,0,0,0
18396,0,0,1,0,0,0,0,0,0
18397,0,0,1,0,0,0,0,0,0
18398,0,0,1,0,0,0,0,0,0
18399,0,0,1,0,0,0,0,0,0
18400,0,0,1,0,0,0,0,0,0
18401,0,0,1,0,0,0,0,0,0
18402,0,0,1,0,0,0,0,0,0
18403,0,0,1,0,0,0,0,0,0
18404,0,0,1,0,0,0,0,0,0
18405,0,0,1,0,0,0,0,0,0
18406,0,0,1,0,0,0,0,0,0
18407,0,0,1,0,0,0,0,0,0
18408,0,0,1,0,0,0,0,0,0
18409,0,0,1,0,0,0,0,0,0
18410,0,0,1,0,0,0,0,0,0
18411,0,0,1,0,0,0,0,0,0
18412,0,0,1,0,0,0,0,0,0
18413,0,0,1,0,0,0,0,0,0
18414,0,0,1,0,0,0,0,0,0
18415,0,0,1,0,0,0,0,0,0
18416,0,0,1,0,0,0,0,0,0
18417,0,0,1,0,0,0,0,0,0
18418,0,0,1,0,0,0,0,0,0
18419,0,0,1,0,0,0,0,0,0
18420,0,0,1,0,0,0,0,0,0
18421,0,0,1,0,0,0,0,0,0
18422,0,0,1,0,0,0,0,0,0
18423,0,0,1,0,0,0,0,0,0
18424,0,0,1,0,0,0,0,0,0
18425,0,0,1,0,0,0,0,0,0
18426,0,0,1,0,0,0,0,0,0
18427,0,0,1,0,0,0,0,0,0
18428,0,0,1,0,0,0,0,0,0
18429,0,0,1,0,0,0,0,0,0
18430,0,0,1,0,0,0,0,0,0
18431,0,0,1,0,0,0,0,0,0
18432,0,0,1,0,0,0,0,0,0
18433,0,0,1,0,0,0,0,0,0
18434,0,0,1,0,0,0,0,0,0
18435,0,0,1,0,0,0,0,0,0
18436,0,0,1,0,0,0,0,0,0
18437,0,0,1,0,0,0,0,0,0
18438,0,0,1,0,0,0,0,0,0
18439,0,0,1,0,0,0,0,0,0
18440,0,0,1,0,0,0,0,0,0
18441,0,0,1,0,0,0,0,0,0
18442,0,0,1,0,0,0,0,0,0
18443,0,0,1,0,0,0,0,0,0
18444,0,0,1,0,0,0,0,0,0
18445,0,0,1,0,0,0,0,0,0
18446,0,0,1,0,0,0,0,0,0
18447,0,0,1,0,0,0,0,0,0
18448,0,0,1,0,0,0,0,0,0
18449,0,0,1,0,0,0,0,0,0
18450,0,0,1,0,0,0,0,0,0
18451,0,0,1,0,0,0,0,0,0
18452,0,0,1,0,0,0,0,0,0
18453,0,0,1,0,0,0,0,0,0
18454,0,0,1,0,0,0,0,0,0
18455,0,0,1,0,0,0,0,0,0
18456,0,0,1,0,0,0,0,0,0
18457,0,0,1,0,0,0,0,0,0
18458,0,0,1,0,0,0,0,0,0
18459,0,0,1,0,0,0,0,0,0
18460,0,0,1,0,0,0,0,0,0
18461,0,0,1,0,0,0,0,0,0
18462,0,0,1,0,0,0,0,0,0
18463,0,0,1,0,0,0,0,0,0
18464,0,0,1,0,0,0,0,0,0
18465,0,0,1,0,0,0,0,0,0
18466,0,0,1,0,0,0,0,0,0
18467,0,0,1,0,0,0,0,0,0
18468,0,0,1,0,0,0,0,0,0
18469,0,0,1,0,0,0,0,0,0
18470,0,0,1,0,0,0,0,0,0
18471,0,0,1,0,0,0,0,0,0
18472,0,0,1,0,0,0,0,0,0
18473,0,0,1,0,0,0,0,0,0
18474,0,0,1,0,0,0,0,0,0
18475,0,0,1,0,0,0,0,0,0
18476,0,0,1,0,0,0,0,0,0
18477,0,0,1,0,0,0,0,0,0
18478,0,0,1,0,0,0,0,0,0
18479,0,0,1,0,0,0,0,0,0
18480,0,0,1,0,0,0,0,0,0
18481,0,0,1,0,0,0,0,0,0
18482,0,0,1,0,0,0,0,0,0
18483,0,0,1,0,0,0,0,0,0
18484,0,0,1,0,0,0,0,0,0
18485,0,0,1,0,0,0,0,0,0
18486,0,0,1,0,0,0,0,0,0
18487,0,0,1,0,0,0,0,0,0
18488,0,0,1,0,0,0,0,0,0
18489,0,0,1,0,0,0,0,0,0
18490,0,0,1,0,0,0,0,0,0
18491,0,0,1,0,0,0,0,0,0
18492,0,0,1,0,0,0,0,0,0
18493,0,0,1,0,0,0,0,0,0
18494,0,0,1,0,0,0,0,0,0
18495,0,0,1,0,0,0,0,0,0
18496,0,0,1,0,0,0,0,0,0
18497,0,0,1,0,0,0,0,0,0
18498,0,0,1,0,0,0,0,0,0
18499,0,0,1,0,0,0,0,0,0
18500,0,0,1,0,0,0,0,0,0
18501,0,0,1,0,0,0,0,0,0
18502,0,0,1,0,0,0,0,0,0
18503,0,0,1,0,0,0,0,0,0
18504,0,0,1,0,0,0,0,0,0
18505,0,0,1,0,0,0,0,0,0
18506,0,0,1,0,0,0,0,0,0
18507,0,0,1,0,0,0,0,0,0
18508,0,0,1,0,0,0,0,0,0
18509,0,0,1,0,0,0,0,0,0
18510,0,0,1,0,0,0,0,0,0
18511,0,0,1,0,0,0,0,0,0
18512,0,0,1,0,0,0,0,0,0
18513,0,0,1,0,0,0,0,0,0
18514,0,0,1,0,0,0,0,0,0
18515,0,0,1,0,0,0,0,0,0
18516,0,0,1,0,0,0,0,0,0
18517,0,0,1,0,0,0,0,0,0
18518,0,0,1,0,0,0,0,0,0
18519,0,0,1,0,0,0,0,0,0
18520,0,0,1,0,0,0,0,0,0
18521,0,0,1,0,0,0,0,0,0
18522,0,0,1,0,0,0,0,0,0
18523,0,0,1,0,0,0,0,0,0
18524,0,0,1,0,0,0,0,0,0
18525,0,0,1,0,0,0,0,0,0
18526,0,0,1,0,0,0,0,0,0
18527,0,0,1,0,0,0,0,0,0
18528,0,0,1,0,0,0,0,0,0
18529,0,0,1,0,0,0,0,0,0
18530,0,0,1,0,0,0,0,0,0
18531,0,0,1,0,0,0,0,0,0
18532,0,0,1,0,0,0,0,0,0
18533,0,0,1,0,0,0,0,0,0
18534,0,0,1,0,0,0,0,0,0
18535,0,0,1,0,0,0,0,0,0
18536,0,0,1,0,0,0,0,0,0
18537,0,0,1,0,0,0,0,0,0
18538,0,0,1,0,0,0,0,0,0
18539,0,0,1,0,0,0,0,0,0
18540,0,0,1,0,0,0,0,0,0
18541,0,0,1,0,0,0,0,0,0
18542,0,0,1,0,0,0,0,0,0
18543,0,0,1,0,0,0,0,0,0
18544,0,0,1,0,0,0,0,0,0
18545,0,0,1,0,0,0,0,0,0
18546,0,0,1,0,0,0,0,0,0
18547,0,0,1,0,0,0,0,0,0
18548,0,0,1,0,0,0,0,0,0
18549,0,0,1,0,0,0,0,0,0
18550,0,0,1,0,0,0,0,0,0
18551,0,0,1,0,0,0,0,0,0
18552,0,0,1,0,0,0,0,0,0
18553,0,0,1,0,0,0,0,0,0
18554,0,0,1,0,0,0,0,0,0
18555,0,0,1,0,0,0,0,0,0
18556,0,0,1,0,0,0,0,0,0
18557,0,0,1,0,0,0,0,0,0
18558,0,0,1,0,0,0,0,0,0
18559,0,0,1,0,0,0,0,0,0
18560,0,0,1,0,0,0,0,0,0
18561,0,0,1,0,0,0,0,0,0
18562,0,0,1,0,0,0,0,0,0
18563,0,0,1,0,0,0,0,0,0
18564,0,0,1,0,0,0,0,0,0
18565,0,0,1,0,0,0,0,0,0
18566,0,0,1,0,0,0,0,0,0
18567,0,0,1,0,0,0,0,0,0
18568,0,0,1,0,0,0,0,0,0
18569,0,0,1,0,0,0,0,0,0
18570,0,0,1,0,0,0,0,0,0
18571,0,0,1,0,0,0,0,0,0
18572,0,0,1,0,0,0,0,0,0
18573,0,0,1,0,0,0,0,0,0
18574,0,0,1,0,0,0,0,0,0
18575,0,0,1,0,0,0,0,0,0
18576,0,0,1,0,0,0,0,0,0
18577,0,0,1,0,0,0,0,0,0
18578,0,0,1,0,0,0,0,0,0
18579,0,0,1,0,0,0,0,0,0
18580,0,0,1,0,0,0,0,0,0
18581,0,0,1,0,0,0,0,0,0
18582,0,0,1,0,0,0,0,0,0
18583,0,0,1,0,0,0,0,0,0
18584,0,0,1,0,0,0,0,0,0
18585,0,0,1,0,0,0,0,0,0
18586,0,0,1,0,0,0,0,0,0
18587,0,0,1,0,0,0,0,0,0
18588,0,0,1,0,0,0,0,0,0
18589,0,0,1,0,0,0,0,0,0
18590,0,0,1,0,0,0,0,0,0
18591,0,0,1,0,0,0,0,0,0
18592,0,0,1,0,0,0,0,0,0
18593,0,0,1,0,0,0,0,0,0
18594,0,0,1,0,0,0,0,0,0
18595,0,0,1,0,0,0,0,0,0
18596,0,0,1,0,0,0,0,0,0
18597,0,0,1,0,0,0,0,0,0
18598,0,0,1,0,0,0,0,0,0
18599,0,0,1,0,0,0,0,0,0
18600,0,0,1,0,0,0,0,0,0
18601,0,0,1,0,0,0,0,0,0
18602,0,0,1,0,0,0,0,0,0
18603,0,0,1,0,0,0,0,0,0
18604,0,0,1,0,0,0,0,0,0
18605,0,0,1,0,0,0,0,0,0
18606,0,0,1,0,0,0,0,0,0
18607,0,0,1,0,0,0,0,0,0
18608,0,0,1,0,0,0,0,0,0
18609,0,0,1,0,0,0,0,0,0
18610,0,0,1,0,0,0,0,0,0
18611,0,0,1,0,0,0,0,0,0
18612,0,0,1,0,0,0,0,0,0
18613,0,0,1,0,0,0,0,0,0
18614,0,0,1,0,0,0,0,0,0
18615,0,0,1,0,0,0,0,0,0
18616,0,0,1,0,0,0,0,0,0
18617,0,0,1,0,0,0,0,0,0
18618,0,0,1,0,0,0,0,0,0
18619,0,0,1,0,0,0,0,0,0
18620,0,0,1,0,0,0,0,0,0
18621,0,0,1,0,0,0,0,0,0
18622,0,0,1,0,0,0,0,0,0
18623,0,0,1,0,0,0,0,0,0
18624,0,0,1,0,0,0,0,0,0
18625,0,0,1,0,0,0,0,0,0
18626,0,0,1,0,0,0,0,0,0
18627,0,0,1,0,0,0,0,0,0
18628,0,0,1,0,0,0,0,0,0
18629,0,0,1,0,0,0,0,0,0
18630,0,0,1,0,0,0,0,0,0
18631,0,0,1,0,0,0,0,0,0
18632,0,0,1,0,0,0,0,0,0
18633,0,0,1,0,0,0,0,0,0
18634,0,0,1,0,0,0,0,0,0
18635,0,0,1,0,0,0,0,0,0
18636,0,0,1,0,0,0,0,0,0
18637,0,0,1,0,0,0,0,0,0
18638,0,0,1,0,0,0,0,0,0
18639,0,0,1,0,0,0,0,0,0
18640,0,0,1,0,0,0,0,0,0
18641,0,0,1,0,0,0,0,0,0
18642,0,0,1,0,0,0,0,0,0
18643,0,0,1,0,0,0,0,0,0
18644,0,0,1,0,0,0,0,0,0
18645,0,0,1,0,0,0,0,0,0
18646,0,0,1,0,0,0,0,0,0
18647,0,0,1,0,0,0,0,0,0
18648,0,0,1,0,0,0,0,0,0
18649,0,0,1,0,0,0,0,0,0
18650,0,0,1,0,0,0,0,0,0
18651,0,0,1,0,0,0,0,0,0
18652,0,0,1,0,0,0,0,0,0
18653,0,0,1,0,0,0,0,0,0
18654,0,0,1,0,0,0,0,0,0
18655,0,0,1,0,0,0,0,0,0
18656,0,0,1,0,0,0,0,0,0
18657,0,0,1,0,0,0,0,0,0
18658,0,0,1,0,0,0,0,0,0
18659,0,0,1,0,0,0,0,0,0
18660,0,0,1,0,0,0,0,0,0
18661,0,0,1,0,0,0,0,0,0
18662,0,0,1,0,0,0,0,0,0
18663,0,0,1,0,0,0,0,0,0
18664,0,0,1,0,0,0,0,0,0
18665,0,0,1,0,0,0,0,0,0
18666,0,0,1,0,0,0,0,0,0
18667,0,0,1,0,0,0,0,0,0
18668,0,0,1,0,0,0,0,0,0
18669,0,0,1,0,0,0,0,0,0
18670,0,0,1,0,0,0,0,0,0
18671,0,0,1,0,0,0,0,0,0
18672,0,0,1,0,0,0,0,0,0
18673,0,0,1,0,0,0,0,0,0
18674,0,0,1,0,0,0,0,0,0
18675,0,0,1,0,0,0,0,0,0
18676,0,0,1,0,0,0,0,0,0
18677,0,0,1,0,0,0,0,0,0
18678,0,0,1,0,0,0,0,0,0
18679,0,0,1,0,0,0,0,0,0
18680,0,0,1,0,0,0,0,0,0
18681,0,0,1,0,0,0,0,0,0
18682,0,0,1,0,0,0,0,0,0
18683,0,0,1,0,0,0,0,0,0
18684,0,0,1,0,0,0,0,0,0
18685,0,0,1,0,0,0,0,0,0
18686,0,0,1,0,0,0,0,0,0
18687,0,0,1,0,0,0,0,0,0
18688,0,0,1,0,0,0,0,0,0
18689,0,0,1,0,0,0,0,0,0
18690,0,0,1,0,0,0,0,0,0
18691,0,0,1,0,0,0,0,0,0
18692,0,0,1,0,0,0,0,0,0
18693,0,0,1,0,0,0,0,0,0
18694,0,0,1,0,0,0,0,0,0
18695,0,0,1,0,0,0,0,0,0
18696,0,0,1,0,0,0,0,0,0
18697,0,0,1,0,0,0,0,0,0
18698,0,0,1,0,0,0,0,0,0
18699,0,0,1,0,0,0,0,0,0
18700,0,0,1,0,0,0,0,0,0
18701,0,0,1,0,0,0,0,0,0
18702,0,0,1,0,0,0,0,0,0
18703,0,0,1,0,0,0,0,0,0
18704,0,0,1,0,0,0,0,0,0
18705,0,0,1,0,0,0,0,0,0
18706,0,0,1,0,0,0,0,0,0
18707,0,0,1,0,0,0,0,0,0
18708,0,0,1,0,0,0,0,0,0
18709,0,0,1,0,0,0,0,0,0
18710,0,0,1,0,0,0,0,0,0
18711,0,0,1,0,0,0,0,0,0
18712,0,0,1,0,0,0,0,0,0
18713,0,0,1,0,0,0,0,0,0
18714,0,0,1,0,0,0,0,0,0
18715,0,0,1,0,0,0,0,0,0
18716,0,0,1,0,0,0,0,0,0
18717,0,0,1,0,0,0,0,0,0
18718,0,0,1,0,0,0,0,0,0
18719,0,0,1,0,0,0,0,0,0
18720,0,0,1,0,0,0,0,0,0
18721,0,0,1,0,0,0,0,0,0
18722,0,0,1,0,0,0,0,0,0
18723,0,0,1,0,0,0,0,0,0
18724,0,0,1,0,0,0,0,0,0
18725,0,0,1,0,0,0,0,0,0
18726,0,0,1,0,0,0,0,0,0
18727,0,0,1,0,0,0,0,0,0
18728,0,0,1,0,0,0,0,0,0
18729,0,0,1,0,0,0,0,0,0
18730,0,0,1,0,0,0,0,0,0
18731,0,0,1,0,0,0,0,0,0
18732,0,0,1,0,0,0,0,0,0
18733,0,0,1,0,0,0,0,0,0
18734,0,0,1,0,0,0,0,0,0
18735,0,0,1,0,0,0,0,0,0
18736,0,0,1,0,0,0,0,0,0
18737,0,0,1,0,0,0,0,0,0
18738,0,0,1,0,0,0,0,0,0
18739,0,0,1,0,0,0,0,0,0
18740,0,0,1,0,0,0,0,0,0
18741,0,0,1,0,0,0,0,0,0
18742,0,0,1,0,0,0,0,0,0
18743,0,0,1,0,0,0,0,0,0
18744,0,0,1,0,0,0,0,0,0
18745,0,0,1,0,0,0,0,0,0
18746,0,0,1,0,0,0,0,0,0
18747,0,0,1,0,0,0,0,0,0
18748,0,0,1,0,0,0,0,0,0
18749,0,0,1,0,0,0,0,0,0
18750,0,0,1,0,0,0,0,0,0
18751,0,0,1,0,0,0,0,0,0
18752,0,0,1,0,0,0,0,0,0
18753,0,0,1,0,0,0,0,0,0
18754,0,0,1,0,0,0,0,0,0
18755,0,0,1,0,0,0,0,0,0
18756,0,0,1,0,0,0,0,0,0
18757,0,0,1,0,0,0,0,0,0
18758,0,0,1,0,0,0,0,0,0
18759,0,0,1,0,0,0,0,0,0
18760,0,0,1,0,0,0,0,0,0
18761,0,0,1,0,0,0,0,0,0
18762,0,0,1,0,0,0,0,0,0
18763,0,0,1,0,0,0,0,0,0
18764,0,0,1,0,0,0,0,0,0
18765,0,0,1,0,0,0,0,0,0
18766,0,0,1,0,0,0,0,0,0
18767,0,0,1,0,0,0,0,0,0
18768,0,0,1,0,0,0,0,0,0
18769,0,0,1,0,0,0,0,0,0
18770,0,0,1,0,0,0,0,0,0
18771,0,0,1,0,0,0,0,0,0
18772,0,0,1,0,0,0,0,0,0
18773,0,0,1,0,0,0,0,0,0
18774,0,0,1,0,0,0,0,0,0
18775,0,0,1,0,0,0,0,0,0
18776,0,0,1,0,0,0,0,0,0
18777,0,0,1,0,0,0,0,0,0
18778,0,0,1,0,0,0,0,0,0
18779,0,0,1,0,0,0,0,0,0
18780,0,0,1,0,0,0,0,0,0
18781,0,0,1,0,0,0,0,0,0
18782,0,0,1,0,0,0,0,0,0
18783,0,0,1,0,0,0,0,0,0
18784,0,0,1,0,0,0,0,0,0
18785,0,0,1,0,0,0,0,0,0
18786,0,0,1,0,0,0,0,0,0
18787,0,0,1,0,0,0,0,0,0
18788,0,0,1,0,0,0,0,0,0
18789,0,0,1,0,0,0,0,0,0
18790,0,0,1,0,0,0,0,0,0
18791,0,0,1,0,0,0,0,0,0
18792,0,0,1,0,0,0,0,0,0
18793,0,0,1,0,0,0,0,0,0
18794,0,0,1,0,0,0,0,0,0
18795,0,0,1,0,0,0,0,0,0
18796,0,0,1,0,0,0,0,0,0
18797,0,0,1,0,0,0,0,0,0
18798,0,0,1,0,0,0,0,0,0
18799,0,0,1,0,0,0,0,0,0
18800,0,0,1,0,0,0,0,0,0
18801,0,0,1,0,0,0,0,0,0
18802,0,0,1,0,0,0,0,0,0
18803,0,0,1,0,0,0,0,0,0
18804,0,0,1,0,0,0,0,0,0
18805,0,0,1,0,0,0,0,0,0
18806,0,0,1,0,0,0,0,0,0
18807,0,0,1,0,0,0,0,0,0
18808,0,0,1,0,0,0,0,0,0
18809,0,0,1,0,0,0,0,0,0
18810,0,0,1,0,0,0,0,0,0
18811,0,0,1,0,0,0,0,0,0
18812,0,0,1,0,0,0,0,0,0
18813,0,0,1,0,0,0,0,0,0
18814,0,0,1,0,0,0,0,0,0
18815,0,0,1,0,0,0,0,0,0
18816,0,0,1,0,0,0,0,0,0
18817,0,0,1,0,0,0,0,0,0
18818,0,0,1,0,0,0,0,0,0
18819,0,0,1,0,0,0,0,0,0
18820,0,0,1,0,0,0,0,0,0
18821,0,0,1,0,0,0,0,0,0
18822,0,0,1,0,0,0,0,0,0
18823,0,0,1,0,0,0,0,0,0
18824,0,0,1,0,0,0,0,0,0
18825,0,0,1,0,0,0,0,0,0
18826,0,0,1,0,0,0,0,0,0
18827,0,0,1,0,0,0,0,0,0
18828,0,0,1,0,0,0,0,0,0
18829,0,0,1,0,0,0,0,0,0
18830,0,0,1,0,0,0,0,0,0
18831,0,0,1,0,0,0,0,0,0
18832,0,0,1,0,0,0,0,0,0
18833,0,0,1,0,0,0,0,0,0
18834,0,0,1,0,0,0,0,0,0
18835,0,0,1,0,0,0,0,0,0
18836,0,0,1,0,0,0,0,0,0
18837,0,0,1,0,0,0,0,0,0
18838,0,0,1,0,0,0,0,0,0
18839,0,0,1,0,0,0,0,0,0
18840,0,0,1,0,0,0,0,0,0
18841,0,0,1,0,0,0,0,0,0
18842,0,0,1,0,0,0,0,0,0
18843,0,0,1,0,0,0,0,0,0
18844,0,0,1,0,0,0,0,0,0
18845,0,0,1,0,0,0,0,0,0
18846,0,0,1,0,0,0,0,0,0
18847,0,0,1,0,0,0,0,0,0
18848,0,0,1,0,0,0,0,0,0
18849,0,0,1,0,0,0,0,0,0
18850,0,0,1,0,0,0,0,0,0
18851,0,0,1,0,0,0,0,0,0
18852,0,0,1,0,0,0,0,0,0
18853,0,0,1,0,0,0,0,0,0
18854,0,0,1,0,0,0,0,0,0
18855,0,0,1,0,0,0,0,0,0
18856,0,0,1,0,0,0,0,0,0
18857,0,0,1,0,0,0,0,0,0
18858,0,0,1,0,0,0,0,0,0
18859,0,0,1,0,0,0,0,0,0
18860,0,0,1,0,0,0,0,0,0
18861,0,0,1,0,0,0,0,0,0
18862,0,0,1,0,0,0,0,0,0
18863,0,0,1,0,0,0,0,0,0
18864,0,0,1,0,0,0,0,0,0
18865,0,0,1,0,0,0,0,0,0
18866,0,0,1,0,0,0,0,0,0
18867,0,0,1,0,0,0,0,0,0
18868,0,0,1,0,0,0,0,0,0
18869,0,0,1,0,0,0,0,0,0
18870,0,0,1,0,0,0,0,0,0
18871,0,0,1,0,0,0,0,0,0
18872,0,0,1,0,0,0,0,0,0
18873,0,0,1,0,0,0,0,0,0
18874,0,0,1,0,0,0,0,0,0
18875,0,0,1,0,0,0,0,0,0
18876,0,0,1,0,0,0,0,0,0
18877,0,0,1,0,0,0,0,0,0
18878,0,0,1,0,0,0,0,0,0
18879,0,0,1,0,0,0,0,0,0
18880,0,0,1,0,0,0,0,0,0
18881,0,0,1,0,0,0,0,0,0
18882,0,0,1,0,0,0,0,0,0
18883,0,0,1,0,0,0,0,0,0
18884,0,0,1,0,0,0,0,0,0
18885,0,0,1,0,0,0,0,0,0
18886,0,0,1,0,0,0,0,0,0
18887,0,0,1,0,0,0,0,0,0
18888,0,0,1,0,0,0,0,0,0
18889,0,0,1,0,0,0,0,0,0
18890,0,0,1,0,0,0,0,0,0
18891,0,0,1,0,0,0,0,0,0
18892,0,0,1,0,0,0,0,0,0
18893,0,0,1,0,0,0,0,0,0
18894,0,0,1,0,0,0,0,0,0
18895,0,0,1,0,0,0,0,0,0
18896,0,0,1,0,0,0,0,0,0
18897,0,0,1,0,0,0,0,0,0
18898,0,0,1,0,0,0,0,0,0
18899,0,0,1,0,0,0,0,0,0
18900,0,0,1,0,0,0,0,0,0
18901,0,0,1,0,0,0,0,0,0
18902,0,0,1,0,0,0,0,0,0
18903,0,0,1,0,0,0,0,0,0
18904,0,0,1,0,0,0,0,0,0
18905,0,0,1,0,0,0,0,0,0
18906,0,0,1,0,0,0,0,0,0
18907,0,0,1,0,0,0,0,0,0
18908,0,0,1,0,0,0,0,0,0
18909,0,0,1,0,0,0,0,0,0
18910,0,0,1,0,0,0,0,0,0
18911,0,0,1,0,0,0,0,0,0
18912,0,0,1,0,0,0,0,0,0
18913,0,0,1,0,0,0,0,0,0
18914,0,0,1,0,0,0,0,0,0
18915,0,0,1,0,0,0,0,0,0
18916,0,0,1,0,0,0,0,0,0
18917,0,0,1,0,0,0,0,0,0
18918,0,0,1,0,0,0,0,0,0
18919,0,0,1,0,0,0,0,0,0
18920,0,0,1,0,0,0,0,0,0
18921,0,0,1,0,0,0,0,0,0
18922,0,0,1,0,0,0,0,0,0
18923,0,0,1,0,0,0,0,0,0
18924,0,0,1,0,0,0,0,0,0
18925,0,0,1,0,0,0,0,0,0
18926,0,0,1,0,0,0,0,0,0
18927,0,0,1,0,0,0,0,0,0
18928,0,0,1,0,0,0,0,0,0
18929,0,0,1,0,0,0,0,0,0
18930,0,0,1,0,0,0,0,0,0
18931,0,0,1,0,0,0,0,0,0
18932,0,0,1,0,0,0,0,0,0
18933,0,0,1,0,0,0,0,0,0
18934,0,0,1,0,0,0,0,0,0
18935,0,0,1,0,0,0,0,0,0
18936,0,0,1,0,0,0,0,0,0
18937,0,0,1,0,0,0,0,0,0
18938,0,0,1,0,0,0,0,0,0
18939,0,0,1,0,0,0,0,0,0
18940,0,0,1,0,0,0,0,0,0
18941,0,0,1,0,0,0,0,0,0
18942,0,0,1,0,0,0,0,0,0
18943,0,0,1,0,0,0,0,0,0
18944,0,0,1,0,0,0,0,0,0
18945,0,0,1,0,0,0,0,0,0
18946,0,0,1,0,0,0,0,0,0
18947,0,0,1,0,0,0,0,0,0
18948,0,0,1,0,0,0,0,0,0
18949,0,0,1,0,0,0,0,0,0
18950,0,0,1,0,0,0,0,0,0
18951,0,0,1,0,0,0,0,0,0
18952,0,0,1,0,0,0,0,0,0
18953,0,0,1,0,0,0,0,0,0
18954,0,0,1,0,0,0,0,0,0
18955,0,0,1,0,0,0,0,0,0
18956,0,0,1,0,0,0,0,0,0
18957,0,0,1,0,0,0,0,0,0
18958,0,0,1,0,0,0,0,0,0
18959,0,0,1,0,0,0,0,0,0
18960,0,0,1,0,0,0,0,0,0
18961,0,0,1,0,0,0,0,0,0
18962,0,0,1,0,0,0,0,0,0
18963,0,0,1,0,0,0,0,0,0
18964,0,0,1,0,0,0,0,0,0
18965,0,0,1,0,0,0,0,0,0
18966,0,0,1,0,0,0,0,0,0
18967,0,0,1,0,0,0,0,0,0
18968,0,0,1,0,0,0,0,0,0
18969,0,0,1,0,0,0,0,0,0
18970,0,0,1,0,0,0,0,0,0
18971,0,0,1,0,0,0,0,0,0
18972,0,0,1,0,0,0,0,0,0
18973,0,0,1,0,0,0,0,0,0
18974,0,0,1,0,0,0,0,0,0
18975,0,0,1,0,0,0,0,0,0
18976,0,0,1,0,0,0,0,0,0
18977,0,0,1,0,0,0,0,0,0
18978,0,0,1,0,0,0,0,0,0
18979,0,0,1,0,0,0,0,0,0
18980,0,0,1,0,0,0,0,0,0
18981,0,0,1,0,0,0,0,0,0
18982,0,0,1,0,0,0,0,0,0
18983,0,0,1,0,0,0,0,0,0
18984,0,0,1,0,0,0,0,0,0
18985,0,0,1,0,0,0,0,0,0
18986,0,0,1,0,0,0,0,0,0
18987,0,0,1,0,0,0,0,0,0
18988,0,0,1,0,0,0,0,0,0
18989,0,0,1,0,0,0,0,0,0
18990,0,0,1,0,0,0,0,0,0
18991,0,0,1,0,0,0,0,0,0
18992,0,0,1,0,0,0,0,0,0
18993,0,0,1,0,0,0,0,0,0
18994,0,0,1,0,0,0,0,0,0
18995,0,0,1,0,0,0,0,0,0
18996,0,0,1,0,0,0,0,0,0
18997,0,0,1,0,0,0,0,0,0
18998,0,0,1,0,0,0,0,0,0
18999,0,0,1,0,0,0,0,0,0
19000,0,0,1,0,0,0,0,0,0
19001,0,0,1,0,0,0,0,0,0
19002,0,0,1,0,0,0,0,0,0
19003,0,0,1,0,0,0,0,0,0
19004,0,0,1,0,0,0,0,0,0
19005,0,0,1,0,0,0,0,0,0
19006,0,0,1,0,0,0,0,0,0
19007,0,0,1,0,0,0,0,0,0
19008,0,0,1,0,0,0,0,0,0
19009,0,0,1,0,0,0,0,0,0
19010,0,0,1,0,0,0,0,0,0
19011,0,0,1,0,0,0,0,0,0
19012,0,0,1,0,0,0,0,0,0
19013,0,0,1,0,0,0,0,0,0
19014,0,0,1,0,0,0,0,0,0
19015,0,0,1,0,0,0,0,0,0
19016,0,0,1,0,0,0,0,0,0
19017,0,0,1,0,0,0,0,0,0
19018,0,0,1,0,0,0,0,0,0
19019,0,0,1,0,0,0,0,0,0
19020,0,0,1,0,0,0,0,0,0
19021,0,0,1,0,0,0,0,0,0
19022,0,0,1,0,0,0,0,0,0
19023,0,0,1,0,0,0,0,0,0
19024,0,0,1,0,0,0,0,0,0
19025,0,0,1,0,0,0,0,0,0
19026,0,0,1,0,0,0,0,0,0
19027,0,0,1,0,0,0,0,0,0
19028,0,0,1,0,0,0,0,0,0
19029,0,0,1,0,0,0,0,0,0
19030,0,0,1,0,0,0,0,0,0
19031,0,0,1,0,0,0,0,0,0
19032,0,0,1,0,0,0,0,0,0
19033,0,0,1,0,0,0,0,0,0
19034,0,0,1,0,0,0,0,0,0
19035,0,0,1,0,0,0,0,0,0
19036,0,0,1,0,0,0,0,0,0
19037,0,0,1,0,0,0,0,0,0
19038,0,0,1,0,0,0,0,0,0
19039,0,0,1,0,0,0,0,0,0
19040,0,0,1,0,0,0,0,0,0
19041,0,0,1,0,0,0,0,0,0
19042,0,0,1,0,0,0,0,0,0
19043,0,0,1,0,0,0,0,0,0
19044,0,0,1,0,0,0,0,0,0
19045,0,0,1,0,0,0,0,0,0
19046,0,0,1,0,0,0,0,0,0
19047,0,0,1,0,0,0,0,0,0
19048,0,0,1,0,0,0,0,0,0
19049,0,0,1,0,0,0,0,0,0
19050,0,0,1,0,0,0,0,0,0
19051,0,0,1,0,0,0,0,0,0
19052,0,0,1,0,0,0,0,0,0
19053,0,0,1,0,0,0,0,0,0
19054,0,0,1,0,0,0,0,0,0
19055,0,0,1,0,0,0,0,0,0
19056,0,0,1,0,0,0,0,0,0
19057,0,0,1,0,0,0,0,0,0
19058,0,0,1,0,0,0,0,0,0
19059,0,0,1,0,0,0,0,0,0
19060,0,0,1,0,0,0,0,0,0
19061,0,0,1,0,0,0,0,0,0
19062,0,0,1,0,0,0,0,0,0
19063,0,0,1,0,0,0,0,0,0
19064,0,0,1,0,0,0,0,0,0
19065,0,0,1,0,0,0,0,0,0
19066,0,0,1,0,0,0,0,0,0
19067,0,0,1,0,0,0,0,0,0
19068,0,0,1,0,0,0,0,0,0
19069,0,0,1,0,0,0,0,0,0
19070,0,0,1,0,0,0,0,0,0
19071,0,0,1,0,0,0,0,0,0
19072,0,0,1,0,0,0,0,0,0
19073,0,0,1,0,0,0,0,0,0
19074,0,0,1,0,0,0,0,0,0
19075,0,0,1,0,0,0,0,0,0
19076,0,0,1,0,0,0,0,0,0
19077,0,0,1,0,0,0,0,0,0
19078,0,0,1,0,0,0,0,0,0
19079,0,0,1,0,0,0,0,0,0
19080,0,0,1,0,0,0,0,0,0
19081,0,0,1,0,0,0,0,0,0
19082,0,0,1,0,0,0,0,0,0
19083,0,0,1,0,0,0,0,0,0
19084,0,0,1,0,0,0,0,0,0
19085,0,0,1,0,0,0,0,0,0
19086,0,0,1,0,0,0,0,0,0
19087,0,0,1,0,0,0,0,0,0
19088,0,0,1,0,0,0,0,0,0
19089,0,0,1,0,0,0,0,0,0
19090,0,0,1,0,0,0,0,0,0
19091,0,0,1,0,0,0,0,0,0
19092,0,0,1,0,0,0,0,0,0
19093,0,0,1,0,0,0,0,0,0
19094,0,0,1,0,0,0,0,0,0
19095,0,0,1,0,0,0,0,0,0
19096,0,0,1,0,0,0,0,0,0
19097,0,0,1,0,0,0,0,0,0
19098,0,0,1,0,0,0,0,0,0
19099,0,0,1,0,0,0,0,0,0
19100,0,0,1,0,0,0,0,0,0
19101,0,0,1,0,0,0,0,0,0
19102,0,0,1,0,0,0,0,0,0
19103,0,0,1,0,0,0,0,0,0
19104,0,0,1,0,0,0,0,0,0
19105,0,0,1,0,0,0,0,0,0
19106,0,0,1,0,0,0,0,0,0
19107,0,0,1,0,0,0,0,0,0
19108,0,0,1,0,0,0,0,0,0
19109,0,0,1,0,0,0,0,0,0
19110,0,0,1,0,0,0,0,0,0
19111,0,0,1,0,0,0,0,0,0
19112,0,0,1,0,0,0,0,0,0
19113,0,0,1,0,0,0,0,0,0
19114,0,0,1,0,0,0,0,0,0
19115,0,0,1,0,0,0,0,0,0
19116,0,0,1,0,0,0,0,0,0
19117,0,0,1,0,0,0,0,0,0
19118,0,0,1,0,0,0,0,0,0
19119,0,0,1,0,0,0,0,0,0
19120,0,0,1,0,0,0,0,0,0
19121,0,0,1,0,0,0,0,0,0
19122,0,0,1,0,0,0,0,0,0
19123,0,0,1,0,0,0,0,0,0
19124,0,0,1,0,0,0,0,0,0
19125,0,0,1,0,0,0,0,0,0
19126,0,0,1,0,0,0,0,0,0
19127,0,0,1,0,0,0,0,0,0
19128,0,0,1,0,0,0,0,0,0
19129,0,0,1,0,0,0,0,0,0
19130,0,0,1,0,0,0,0,0,0
19131,0,0,1,0,0,0,0,0,0
19132,0,0,1,0,0,0,0,0,0
19133,0,0,1,0,0,0,0,0,0
19134,0,0,1,0,0,0,0,0,0
19135,0,0,1,0,0,0,0,0,0
19136,0,0,1,0,0,0,0,0,0
19137,0,0,1,0,0,0,0,0,0
19138,0,0,1,0,0,0,0,0,0
19139,0,0,1,0,0,0,0,0,0
19140,0,0,1,0,0,0,0,0,0
19141,0,0,1,0,0,0,0,0,0
19142,0,0,1,0,0,0,0,0,0
19143,0,0,1,0,0,0,0,0,0
19144,0,0,1,0,0,0,0,0,0
19145,0,0,1,0,0,0,0,0,0
19146,0,0,1,0,0,0,0,0,0
19147,0,0,1,0,0,0,0,0,0
19148,0,0,1,0,0,0,0,0,0
19149,0,0,1,0,0,0,0,0,0
19150,0,0,1,0,0,0,0,0,0
19151,0,0,1,0,0,0,0,0,0
19152,0,0,1,0,0,0,0,0,0
19153,0,0,1,0,0,0,0,0,0
19154,0,0,1,0,0,0,0,0,0
19155,0,0,1,0,0,0,0,0,0
19156,0,0,1,0,0,0,0,0,0
19157,0,0,1,0,0,0,0,0,0
19158,0,0,1,0,0,0,0,0,0
19159,0,0,1,0,0,0,0,0,0
19160,0,0,1,0,0,0,0,0,0
19161,0,0,1,0,0,0,0,0,0
19162,0,0,1,0,0,0,0,0,0
19163,0,0,1,0,0,0,0,0,0
19164,0,0,1,0,0,0,0,0,0
19165,0,0,1,0,0,0,0,0,0
19166,0,0,1,0,0,0,0,0,0
19167,0,0,1,0,0,0,0,0,0
19168,0,0,1,0,0,0,0,0,0
19169,0,0,1,0,0,0,0,0,0
19170,0,0,1,0,0,0,0,0,0
19171,0,0,1,0,0,0,0,0,0
19172,0,0,1,0,0,0,0,0,0
19173,0,0,1,0,0,0,0,0,0
19174,0,0,1,0,0,0,0,0,0
19175,0,0,1,0,0,0,0,0,0
19176,0,0,1,0,0,0,0,0,0
19177,0,0,1,0,0,0,0,0,0
19178,0,0,1,0,0,0,0,0,0
19179,0,0,1,0,0,0,0,0,0
19180,0,0,1,0,0,0,0,0,0
19181,0,0,1,0,0,0,0,0,0
19182,0,0,1,0,0,0,0,0,0
19183,0,0,1,0,0,0,0,0,0
19184,0,0,1,0,0,0,0,0,0
19185,0,0,1,0,0,0,0,0,0
19186,0,0,1,0,0,0,0,0,0
19187,0,0,1,0,0,0,0,0,0
19188,0,0,1,0,0,0,0,0,0
19189,0,0,1,0,0,0,0,0,0
19190,0,0,1,0,0,0,0,0,0
19191,0,0,1,0,0,0,0,0,0
19192,0,0,1,0,0,0,0,0,0
19193,0,0,1,0,0,0,0,0,0
19194,0,0,1,0,0,0,0,0,0
19195,0,0,1,0,0,0,0,0,0
19196,0,0,1,0,0,0,0,0,0
19197,0,0,1,0,0,0,0,0,0
19198,0,0,1,0,0,0,0,0,0
19199,0,0,1,0,0,0,0,0,0
19200,0,0,1,0,0,0,0,0,0
19201,0,0,1,0,0,0,0,0,0
19202,0,0,1,0,0,0,0,0,0
19203,0,0,1,0,0,0,0,0,0
19204,0,0,1,0,0,0,0,0,0
19205,0,0,1,0,0,0,0,0,0
19206,0,0,1,0,0,0,0,0,0
19207,0,0,1,0,0,0,0,0,0
19208,0,0,1,0,0,0,0,0,0
19209,0,0,1,0,0,0,0,0,0
19210,0,0,1,0,0,0,0,0,0
19211,0,0,1,0,0,0,0,0,0
19212,0,0,1,0,0,0,0,0,0
19213,0,0,1,0,0,0,0,0,0
19214,0,0,1,0,0,0,0,0,0
19215,0,0,1,0,0,0,0,0,0
19216,0,0,1,0,0,0,0,0,0
19217,0,0,1,0,0,0,0,0,0
19218,0,0,1,0,0,0,0,0,0
19219,0,0,1,0,0,0,0,0,0
19220,0,0,1,0,0,0,0,0,0
19221,0,0,1,0,0,0,0,0,0
19222,0,0,1,0,0,0,0,0,0
19223,0,0,1,0,0,0,0,0,0
19224,0,0,1,0,0,0,0,0,0
19225,0,0,1,0,0,0,0,0,0
19226,0,0,1,0,0,0,0,0,0
19227,0,0,1,0,0,0,0,0,0
19228,0,0,1,0,0,0,0,0,0
19229,0,0,1,0,0,0,0,0,0
19230,0,0,1,0,0,0,0,0,0
19231,0,0,1,0,0,0,0,0,0
19232,0,0,1,0,0,0,0,0,0
19233,0,0,1,0,0,0,0,0,0
19234,0,0,1,0,0,0,0,0,0
19235,0,0,1,0,0,0,0,0,0
19236,0,0,1,0,0,0,0,0,0
19237,0,0,1,0,0,0,0,0,0
19238,0,0,1,0,0,0,0,0,0
19239,0,0,1,0,0,0,0,0,0
19240,0,0,1,0,0,0,0,0,0
19241,0,0,1,0,0,0,0,0,0
19242,0,0,1,0,0,0,0,0,0
19243,0,0,1,0,0,0,0,0,0
19244,0,0,1,0,0,0,0,0,0
19245,0,0,1,0,0,0,0,0,0
19246,0,0,1,0,0,0,0,0,0
19247,0,0,1,0,0,0,0,0,0
19248,0,0,1,0,0,0,0,0,0
19249,0,0,1,0,0,0,0,0,0
19250,0,0,1,0,0,0,0,0,0
19251,0,0,1,0,0,0,0,0,0
19252,0,0,1,0,0,0,0,0,0
19253,0,0,1,0,0,0,0,0,0
19254,0,0,1,0,0,0,0,0,0
19255,0,0,1,0,0,0,0,0,0
19256,0,0,1,0,0,0,0,0,0
19257,0,0,1,0,0,0,0,0,0
19258,0,0,1,0,0,0,0,0,0
19259,0,0,1,0,0,0,0,0,0
19260,0,0,1,0,0,0,0,0,0
19261,0,0,1,0,0,0,0,0,0
19262,0,0,1,0,0,0,0,0,0
19263,0,0,1,0,0,0,0,0,0
19264,0,0,1,0,0,0,0,0,0
19265,0,0,1,0,0,0,0,0,0
19266,0,0,1,0,0,0,0,0,0
19267,0,0,1,0,0,0,0,0,0
19268,0,0,1,0,0,0,0,0,0
19269,0,0,1,0,0,0,0,0,0
19270,0,0,1,0,0,0,0,0,0
19271,0,0,1,0,0,0,0,0,0
19272,0,0,1,0,0,0,0,0,0
19273,0,0,1,0,0,0,0,0,0
19274,0,0,1,0,0,0,0,0,0
19275,0,0,1,0,0,0,0,0,0
19276,0,0,1,0,0,0,0,0,0
19277,0,0,1,0,0,0,0,0,0
19278,0,0,1,0,0,0,0,0,0
19279,0,0,1,0,0,0,0,0,0
19280,0,0,1,0,0,0,0,0,0
19281,0,0,1,0,0,0,0,0,0
19282,0,0,1,0,0,0,0,0,0
19283,0,0,1,0,0,0,0,0,0
19284,0,0,1,0,0,0,0,0,0
19285,0,0,1,0,0,0,0,0,0
19286,0,0,1,0,0,0,0,0,0
19287,0,0,1,0,0,0,0,0,0
19288,0,0,1,0,0,0,0,0,0
19289,0,0,1,0,0,0,0,0,0
19290,0,0,1,0,0,0,0,0,0
19291,0,0,1,0,0,0,0,0,0
19292,0,0,1,0,0,0,0,0,0
19293,0,0,1,0,0,0,0,0,0
19294,0,0,1,0,0,0,0,0,0
19295,0,0,1,0,0,0,0,0,0
19296,0,0,1,0,0,0,0,0,0
19297,0,0,1,0,0,0,0,0,0
19298,0,0,1,0,0,0,0,0,0
19299,0,0,1,0,0,0,0,0,0
19300,0,0,1,0,0,0,0,0,0
19301,0,0,1,0,0,0,0,0,0
19302,0,0,1,0,0,0,0,0,0
19303,0,0,1,0,0,0,0,0,0
19304,0,0,1,0,0,0,0,0,0
19305,0,0,1,0,0,0,0,0,0
19306,0,0,1,0,0,0,0,0,0
19307,0,0,1,0,0,0,0,0,0
19308,0,0,1,0,0,0,0,0,0
19309,0,0,1,0,0,0,0,0,0
19310,0,0,1,0,0,0,0,0,0
19311,0,0,1,0,0,0,0,0,0
19312,0,0,1,0,0,0,0,0,0
19313,0,0,1,0,0,0,0,0,0
19314,0,0,1,0,0,0,0,0,0
19315,0,0,1,0,0,0,0,0,0
19316,0,0,1,0,0,0,0,0,0
19317,0,0,1,0,0,0,0,0,0
19318,0,0,1,0,0,0,0,0,0
19319,0,0,1,0,0,0,0,0,0
19320,0,0,1,0,0,0,0,0,0
19321,0,0,1,0,0,0,0,0,0
19322,0,0,1,0,0,0,0,0,0
19323,0,0,1,0,0,0,0,0,0
19324,0,0,1,0,0,0,0,0,0
19325,0,0,1,0,0,0,0,0,0
19326,0,0,1,0,0,0,0,0,0
19327,0,0,1,0,0,0,0,0,0
19328,0,0,1,0,0,0,0,0,0
19329,0,0,1,0,0,0,0,0,0
19330,0,0,1,0,0,0,0,0,0
19331,0,0,1,0,0,0,0,0,0
19332,0,0,1,0,0,0,0,0,0
19333,0,0,1,0,0,0,0,0,0
19334,0,0,1,0,0,0,0,0,0
19335,0,0,1,0,0,0,0,0,0
19336,0,0,1,0,0,0,0,0,0
19337,0,0,1,0,0,0,0,0,0
19338,0,0,1,0,0,0,0,0,0
19339,0,0,1,0,0,0,0,0,0
19340,0,0,1,0,0,0,0,0,0
19341,0,0,1,0,0,0,0,0,0
19342,0,0,1,0,0,0,0,0,0
19343,0,0,1,0,0,0,0,0,0
19344,0,0,1,0,0,0,0,0,0
19345,0,0,1,0,0,0,0,0,0
19346,0,0,1,0,0,0,0,0,0
19347,0,0,1,0,0,0,0,0,0
19348,0,0,1,0,0,0,0,0,0
19349,0,0,1,0,0,0,0,0,0
19350,0,0,1,0,0,0,0,0,0
19351,0,0,1,0,0,0,0,0,0
19352,0,0,1,0,0,0,0,0,0
19353,0,0,1,0,0,0,0,0,0
19354,0,0,1,0,0,0,0,0,0
19355,0,0,1,0,0,0,0,0,0
19356,0,0,1,0,0,0,0,0,0
19357,0,0,1,0,0,0,0,0,0
19358,0,0,1,0,0,0,0,0,0
19359,0,0,1,0,0,0,0,0,0
19360,0,0,1,0,0,0,0,0,0
19361,0,0,1,0,0,0,0,0,0
19362,0,0,1,0,0,0,0,0,0
19363,0,0,1,0,0,0,0,0,0
19364,0,0,1,0,0,0,0,0,0
19365,0,0,1,0,0,0,0,0,0
19366,0,0,1,0,0,0,0,0,0
19367,0,0,1,0,0,0,0,0,0
19368,0,0,1,0,0,0,0,0,0
19369,0,0,1,0,0,0,0,0,0
19370,0,0,1,0,0,0,0,0,0
19371,0,0,1,0,0,0,0,0,0
19372,0,0,1,0,0,0,0,0,0
19373,0,0,1,0,0,0,0,0,0
19374,0,0,1,0,0,0,0,0,0
19375,0,0,1,0,0,0,0,0,0
19376,0,0,1,0,0,0,0,0,0
19377,0,0,1,0,0,0,0,0,0
19378,0,0,1,0,0,0,0,0,0
19379,0,0,1,0,0,0,0,0,0
19380,0,0,1,0,0,0,0,0,0
19381,0,0,1,0,0,0,0,0,0
19382,0,0,1,0,0,0,0,0,0
19383,0,0,1,0,0,0,0,0,0
19384,0,0,1,0,0,0,0,0,0
19385,0,0,1,0,0,0,0,0,0
19386,0,0,1,0,0,0,0,0,0
19387,0,0,1,0,0,0,0,0,0
19388,0,0,1,0,0,0,0,0,0
19389,0,0,1,0,0,0,0,0,0
19390,0,0,1,0,0,0,0,0,0
19391,0,0,1,0,0,0,0,0,0
19392,0,0,1,0,0,0,0,0,0
19393,0,0,1,0,0,0,0,0,0
19394,0,0,1,0,0,0,0,0,0
19395,0,0,1,0,0,0,0,0,0
19396,0,0,1,0,0,0,0,0,0
19397,0,0,1,0,0,0,0,0,0
19398,0,0,1,0,0,0,0,0,0
19399,0,0,1,0,0,0,0,0,0
19400,0,0,1,0,0,0,0,0,0
19401,0,0,1,0,0,0,0,0,0
19402,0,0,1,0,0,0,0,0,0
19403,0,0,1,0,0,0,0,0,0
19404,0,0,1,0,0,0,0,0,0
19405,0,0,1,0,0,0,0,0,0
19406,0,0,1,0,0,0,0,0,0
19407,0,0,1,0,0,0,0,0,0
19408,0,0,1,0,0,0,0,0,0
19409,0,0,1,0,0,0,0,0,0
19410,0,0,1,0,0,0,0,0,0
19411,0,0,1,0,0,0,0,0,0
19412,0,0,1,0,0,0,0,0,0
19413,0,0,1,0,0,0,0,0,0
19414,0,0,1,0,0,0,0,0,0
19415,0,0,1,0,0,0,0,0,0
19416,0,0,1,0,0,0,0,0,0
19417,0,0,1,0,0,0,0,0,0
19418,0,0,1,0,0,0,0,0,0
19419,0,0,1,0,0,0,0,0,0
19420,0,0,1,0,0,0,0,0,0
19421,0,0,1,0,0,0,0,0,0
19422,0,0,1,0,0,0,0,0,0
19423,0,0,1,0,0,0,0,0,0
19424,0,0,1,0,0,0,0,0,0
19425,0,0,1,0,0,0,0,0,0
19426,0,0,1,0,0,0,0,0,0
19427,0,0,1,0,0,0,0,0,0
19428,0,0,1,0,0,0,0,0,0
19429,0,0,1,0,0,0,0,0,0
19430,0,0,1,0,0,0,0,0,0
19431,0,0,1,0,0,0,0,0,0
19432,0,0,1,0,0,0,0,0,0
19433,0,0,1,0,0,0,0,0,0
19434,0,0,1,0,0,0,0,0,0
19435,0,0,1,0,0,0,0,0,0
19436,0,0,1,0,0,0,0,0,0
19437,0,0,1,0,0,0,0,0,0
19438,0,0,1,0,0,0,0,0,0
19439,0,0,1,0,0,0,0,0,0
19440,0,0,1,0,0,0,0,0,0
19441,0,0,1,0,0,0,0,0,0
19442,0,0,1,0,0,0,0,0,0
19443,0,0,1,0,0,0,0,0,0
19444,0,0,1,0,0,0,0,0,0
19445,0,0,1,0,0,0,0,0,0
19446,0,0,1,0,0,0,0,0,0
19447,0,0,1,0,0,0,0,0,0
19448,0,0,1,0,0,0,0,0,0
19449,0,0,1,0,0,0,0,0,0
19450,0,0,1,0,0,0,0,0,0
19451,0,0,1,0,0,0,0,0,0
19452,0,0,1,0,0,0,0,0,0
19453,0,0,1,0,0,0,0,0,0
19454,0,0,1,0,0,0,0,0,0
19455,0,0,1,0,0,0,0,0,0
19456,0,0,1,0,0,0,0,0,0
19457,0,0,1,0,0,0,0,0,0
19458,0,0,1,0,0,0,0,0,0
19459,0,0,1,0,0,0,0,0,0
19460,0,0,1,0,0,0,0,0,0
19461,0,0,1,0,0,0,0,0,0
19462,0,0,1,0,0,0,0,0,0
19463,0,0,1,0,0,0,0,0,0
19464,0,0,1,0,0,0,0,0,0
19465,0,0,1,0,0,0,0,0,0
19466,0,0,1,0,0,0,0,0,0
19467,0,0,1,0,0,0,0,0,0
19468,0,0,1,0,0,0,0,0,0
19469,0,0,1,0,0,0,0,0,0
19470,0,0,1,0,0,0,0,0,0
19471,0,0,1,0,0,0,0,0,0
19472,0,0,1,0,0,0,0,0,0
19473,0,0,1,0,0,0,0,0,0
19474,0,0,1,0,0,0,0,0,0
19475,0,0,1,0,0,0,0,0,0
19476,0,0,1,0,0,0,0,0,0
19477,0,0,1,0,0,0,0,0,0
19478,0,0,1,0,0,0,0,0,0
19479,0,0,1,0,0,0,0,0,0
19480,0,0,1,0,0,0,0,0,0
19481,0,0,1,0,0,0,0,0,0
19482,0,0,1,0,0,0,0,0,0
19483,0,0,1,0,0,0,0,0,0
19484,0,0,1,0,0,0,0,0,0
19485,0,0,1,0,0,0,0,0,0
19486,0,0,1,0,0,0,0,0,0
19487,0,0,1,0,0,0,0,0,0
19488,0,0,1,0,0,0,0,0,0
19489,0,0,1,0,0,0,0,0,0
19490,0,0,1,0,0,0,0,0,0
19491,0,0,1,0,0,0,0,0,0
19492,0,0,1,0,0,0,0,0,0
19493,0,0,1,0,0,0,0,0,0
19494,0,0,1,0,0,0,0,0,0
19495,0,0,1,0,0,0,0,0,0
19496,0,0,1,0,0,0,0,0,0
19497,0,0,1,0,0,0,0,0,0
19498,0,0,1,0,0,0,0,0,0
19499,0,0,1,0,0,0,0,0,0
19500,0,0,1,0,0,0,0,0,0
19501,0,0,1,0,0,0,0,0,0
19502,0,0,1,0,0,0,0,0,0
19503,0,0,1,0,0,0,0,0,0
19504,0,0,1,0,0,0,0,0,0
19505,0,0,1,0,0,0,0,0,0
19506,0,0,1,0,0,0,0,0,0
19507,0,0,1,0,0,0,0,0,0
19508,0,0,1,0,0,0,0,0,0
19509,0,0,1,0,0,0,0,0,0
19510,0,0,1,0,0,0,0,0,0
19511,0,0,1,0,0,0,0,0,0
19512,0,0,1,0,0,0,0,0,0
19513,0,0,1,0,0,0,0,0,0
19514,0,0,1,0,0,0,0,0,0
19515,0,0,1,0,0,0,0,0,0
19516,0,0,1,0,0,0,0,0,0
19517,0,0,1,0,0,0,0,0,0
19518,0,0,1,0,0,0,0,0,0
19519,0,0,1,0,0,0,0,0,0
19520,0,0,1,0,0,0,0,0,0
19521,0,0,1,0,0,0,0,0,0
19522,0,0,1,0,0,0,0,0,0
19523,0,0,1,0,0,0,0,0,0
19524,0,0,1,0,0,0,0,0,0
19525,0,0,1,0,0,0,0,0,0
19526,0,0,1,0,0,0,0,0,0
19527,0,0,1,0,0,0,0,0,0
19528,0,0,1,0,0,0,0,0,0
19529,0,0,1,0,0,0,0,0,0
19530,0,0,1,0,0,0,0,0,0
19531,0,0,1,0,0,0,0,0,0
19532,0,0,1,0,0,0,0,0,0
19533,0,0,1,0,0,0,0,0,0
19534,0,0,1,0,0,0,0,0,0
19535,0,0,1,0,0,0,0,0,0
19536,0,0,1,0,0,0,0,0,0
19537,0,0,1,0,0,0,0,0,0
19538,0,0,1,0,0,0,0,0,0
19539,0,0,1,0,0,0,0,0,0
19540,0,0,1,0,0,0,0,0,0
19541,0,0,1,0,0,0,0,0,0
19542,0,0,1,0,0,0,0,0,0
19543,0,0,1,0,0,0,0,0,0
19544,0,0,1,0,0,0,0,0,0
19545,0,0,1,0,0,0,0,0,0
19546,0,0,1,0,0,0,0,0,0
19547,0,0,1,0,0,0,0,0,0
19548,0,0,1,0,0,0,0,0,0
19549,0,0,1,0,0,0,0,0,0
19550,0,0,1,0,0,0,0,0,0
19551,0,0,1,0,0,0,0,0,0
19552,0,0,1,0,0,0,0,0,0
19553,0,0,1,0,0,0,0,0,0
19554,0,0,1,0,0,0,0,0,0
19555,0,0,1,0,0,0,0,0,0
19556,0,0,1,0,0,0,0,0,0
19557,0,0,1,0,0,0,0,0,0
19558,0,0,1,0,0,0,0,0,0
19559,0,0,1,0,0,0,0,0,0
19560,0,0,1,0,0,0,0,0,0
19561,0,0,1,0,0,0,0,0,0
19562,0,0,1,0,0,0,0,0,0
19563,0,0,1,0,0,0,0,0,0
19564,0,0,1,0,0,0,0,0,0
19565,0,0,1,0,0,0,0,0,0
19566,0,0,1,0,0,0,0,0,0
19567,0,0,1,0,0,0,0,0,0
19568,0,0,1,0,0,0,0,0,0
19569,0,0,1,0,0,0,0,0,0
19570,0,0,1,0,0,0,0,0,0
19571,0,0,1,0,0,0,0,0,0
19572,0,0,1,0,0,0,0,0,0
19573,0,0,1,0,0,0,0,0,0
19574,0,0,1,0,0,0,0,0,0
19575,0,0,1,0,0,0,0,0,0
19576,0,0,1,0,0,0,0,0,0
19577,0,0,1,0,0,0,0,0,0
19578,0,0,1,0,0,0,0,0,0
19579,0,0,1,0,0,0,0,0,0
19580,0,0,1,0,0,0,0,0,0
19581,0,0,1,0,0,0,0,0,0
19582,0,0,1,0,0,0,0,0,0
19583,0,0,1,0,0,0,0,0,0
19584,0,0,1,0,0,0,0,0,0
19585,0,0,1,0,0,0,0,0,0
19586,0,0,1,0,0,0,0,0,0
19587,0,0,1,0,0,0,0,0,0
19588,0,0,1,0,0,0,0,0,0
19589,0,0,1,0,0,0,0,0,0
19590,0,0,1,0,0,0,0,0,0
19591,0,0,1,0,0,0,0,0,0
19592,0,0,1,0,0,0,0,0,0
19593,0,0,1,0,0,0,0,0,0
19594,0,0,1,0,0,0,0,0,0
19595,0,0,1,0,0,0,0,0,0
19596,0,0,1,0,0,0,0,0,0
19597,0,0,1,0,0,0,0,0,0
19598,0,0,1,0,0,0,0,0,0
19599,0,0,1,0,0,0,0,0,0
19600,0,0,1,0,0,0,0,0,0
19601,0,0,1,0,0,0,0,0,0
19602,0,0,1,0,0,0,0,0,0
19603,0,0,1,0,0,0,0,0,0
19604,0,0,1,0,0,0,0,0,0
19605,0,0,1,0,0,0,0,0,0
19606,0,0,1,0,0,0,0,0,0
19607,0,0,1,0,0,0,0,0,0
19608,0,0,1,0,0,0,0,0,0
19609,0,0,1,0,0,0,0,0,0
19610,0,0,1,0,0,0,0,0,0
19611,0,0,1,0,0,0,0,0,0
19612,0,0,1,0,0,0,0,0,0
19613,0,0,1,0,0,0,0,0,0
19614,0,0,1,0,0,0,0,0,0
19615,0,0,1,0,0,0,0,0,0
19616,0,0,1,0,0,0,0,0,0
19617,0,0,1,0,0,0,0,0,0
19618,0,0,1,0,0,0,0,0,0
19619,0,0,1,0,0,0,0,0,0
19620,0,0,1,0,0,0,0,0,0
19621,0,0,1,0,0,0,0,0,0
19622,0,0,1,0,0,0,0,0,0
19623,0,0,1,0,0,0,0,0,0
19624,0,0,1,0,0,0,0,0,0
19625,0,0,1,0,0,0,0,0,0
19626,0,0,1,0,0,0,0,0,0
19627,0,0,1,0,0,0,0,0,0
19628,0,0,1,0,0,0,0,0,0
19629,0,0,1,0,0,0,0,0,0
19630,0,0,1,0,0,0,0,0,0
19631,0,0,1,0,0,0,0,0,0
19632,0,0,1,0,0,0,0,0,0
19633,0,0,1,0,0,0,0,0,0
19634,0,0,1,0,0,0,0,0,0
19635,0,0,1,0,0,0,0,0,0
19636,0,0,1,0,0,0,0,0,0
19637,0,0,1,0,0,0,0,0,0
19638,0,0,1,0,0,0,0,0,0
19639,0,0,1,0,0,0,0,0,0
19640,0,0,1,0,0,0,0,0,0
19641,0,0,1,0,0,0,0,0,0
19642,0,0,1,0,0,0,0,0,0
19643,0,0,1,0,0,0,0,0,0
19644,0,0,1,0,0,0,0,0,0
19645,0,0,1,0,0,0,0,0,0
19646,0,0,1,0,0,0,0,0,0
19647,0,0,1,0,0,0,0,0,0
19648,0,0,1,0,0,0,0,0,0
19649,0,0,1,0,0,0,0,0,0
19650,0,0,1,0,0,0,0,0,0
19651,0,0,1,0,0,0,0,0,0
19652,0,0,1,0,0,0,0,0,0
19653,0,0,1,0,0,0,0,0,0
19654,0,0,1,0,0,0,0,0,0
19655,0,0,1,0,0,0,0,0,0
19656,0,0,1,0,0,0,0,0,0
19657,0,0,1,0,0,0,0,0,0
19658,0,0,1,0,0,0,0,0,0
19659,0,0,1,0,0,0,0,0,0
19660,0,0,1,0,0,0,0,0,0
19661,0,0,1,0,0,0,0,0,0
19662,0,0,1,0,0,0,0,0,0
19663,0,0,1,0,0,0,0,0,0
19664,0,0,1,0,0,0,0,0,0
19665,0,0,1,0,0,0,0,0,0
19666,0,0,1,0,0,0,0,0,0
19667,0,0,1,0,0,0,0,0,0
19668,0,0,1,0,0,0,0,0,0
19669,0,0,1,0,0,0,0,0,0
19670,0,0,1,0,0,0,0,0,0
19671,0,0,1,0,0,0,0,0,0
19672,0,0,1,0,0,0,0,0,0
19673,0,0,1,0,0,0,0,0,0
19674,0,0,1,0,0,0,0,0,0
19675,0,0,1,0,0,0,0,0,0
19676,0,0,1,0,0,0,0,0,0
19677,0,0,1,0,0,0,0,0,0
19678,0,0,1,0,0,0,0,0,0
19679,0,0,1,0,0,0,0,0,0
19680,0,0,1,0,0,0,0,0,0
19681,0,0,1,0,0,0,0,0,0
19682,0,0,1,0,0,0,0,0,0
19683,0,0,1,0,0,0,0,0,0
19684,0,0,1,0,0,0,0,0,0
19685,0,0,1,0,0,0,0,0,0
19686,0,0,1,0,0,0,0,0,0
19687,0,0,1,0,0,0,0,0,0
19688,0,0,1,0,0,0,0,0,0
19689,0,0,1,0,0,0,0,0,0
19690,0,0,1,0,0,0,0,0,0
19691,0,0,1,0,0,0,0,0,0
19692,0,0,1,0,0,0,0,0,0
19693,0,0,1,0,0,0,0,0,0
19694,0,0,1,0,0,0,0,0,0
19695,0,0,1,0,0,0,0,0,0
19696,0,0,1,0,0,0,0,0,0
19697,0,0,1,0,0,0,0,0,0
19698,0,0,1,0,0,0,0,0,0
19699,0,0,1,0,0,0,0,0,0
19700,0,0,1,0,0,0,0,0,0
19701,0,0,1,0,0,0,0,0,0
19702,0,0,1,0,0,0,0,0,0
19703,0,0,1,0,0,0,0,0,0
19704,0,0,1,0,0,0,0,0,0
19705,0,0,1,0,0,0,0,0,0
19706,0,0,1,0,0,0,0,0,0
19707,0,0,1,0,0,0,0,0,0
19708,0,0,1,0,0,0,0,0,0
19709,0,0,1,0,0,0,0,0,0
19710,0,0,1,0,0,0,0,0,0
19711,0,0,1,0,0,0,0,0,0
19712,0,0,1,0,0,0,0,0,0
19713,0,0,1,0,0,0,0,0,0
19714,0,0,1,0,0,0,0,0,0
19715,0,0,1,0,0,0,0,0,0
19716,0,0,1,0,0,0,0,0,0
19717,0,0,1,0,0,0,0,0,0
19718,0,0,1,0,0,0,0,0,0
19719,0,0,1,0,0,0,0,0,0
19720,0,0,1,0,0,0,0,0,0
19721,0,0,1,0,0,0,0,0,0
19722,0,0,1,0,0,0,0,0,0
19723,0,0,1,0,0,0,0,0,0
19724,0,0,1,0,0,0,0,0,0
19725,0,0,1,0,0,0,0,0,0
19726,0,0,1,0,0,0,0,0,0
19727,0,0,1,0,0,0,0,0,0
19728,0,0,1,0,0,0,0,0,0
19729,0,0,1,0,0,0,0,0,0
19730,0,0,1,0,0,0,0,0,0
19731,0,0,1,0,0,0,0,0,0
19732,0,0,1,0,0,0,0,0,0
19733,0,0,1,0,0,0,0,0,0
19734,0,0,1,0,0,0,0,0,0
19735,0,0,1,0,0,0,0,0,0
19736,0,0,1,0,0,0,0,0,0
19737,0,0,1,0,0,0,0,0,0
19738,0,0,1,0,0,0,0,0,0
19739,0,0,1,0,0,0,0,0,0
19740,0,0,1,0,0,0,0,0,0
19741,0,0,1,0,0,0,0,0,0
19742,0,0,1,0,0,0,0,0,0
19743,0,0,1,0,0,0,0,0,0
19744,0,0,1,0,0,0,0,0,0
19745,0,0,1,0,0,0,0,0,0
19746,0,0,1,0,0,0,0,0,0
19747,0,0,1,0,0,0,0,0,0
19748,0,0,1,0,0,0,0,0,0
19749,0,0,1,0,0,0,0,0,0
19750,0,0,1,0,0,0,0,0,0
19751,0,0,1,0,0,0,0,0,0
19752,0,0,1,0,0,0,0,0,0
19753,0,0,1,0,0,0,0,0,0
19754,0,0,1,0,0,0,0,0,0
19755,0,0,1,0,0,0,0,0,0
19756,0,0,1,0,0,0,0,0,0
19757,0,0,1,0,0,0,0,0,0
19758,0,0,1,0,0,0,0,0,0
19759,0,0,1,0,0,0,0,0,0
19760,0,0,1,0,0,0,0,0,0
19761,0,0,1,0,0,0,0,0,0
19762,0,0,1,0,0,0,0,0,0
19763,0,0,1,0,0,0,0,0,0
19764,0,0,1,0,0,0,0,0,0
19765,0,0,1,0,0,0,0,0,0
19766,0,0,1,0,0,0,0,0,0
19767,0,0,1,0,0,0,0,0,0
19768,0,0,1,0,0,0,0,0,0
19769,0,0,1,0,0,0,0,0,0
19770,0,0,1,0,0,0,0,0,0
19771,0,0,1,0,0,0,0,0,0
19772,0,0,1,0,0,0,0,0,0
19773,0,0,1,0,0,0,0,0,0
19774,0,0,1,0,0,0,0,0,0
19775,0,0,1,0,0,0,0,0,0
19776,0,0,1,0,0,0,0,0,0
19777,0,0,1,0,0,0,0,0,0
19778,0,0,1,0,0,0,0,0,0
19779,0,0,1,0,0,0,0,0,0
19780,0,0,1,0,0,0,0,0,0
19781,0,0,1,0,0,0,0,0,0
19782,0,0,1,0,0,0,0,0,0
19783,0,0,1,0,0,0,0,0,0
19784,0,0,1,0,0,0,0,0,0
19785,0,0,1,0,0,0,0,0,0
19786,0,0,1,0,0,0,0,0,0
19787,0,0,1,0,0,0,0,0,0
19788,0,0,1,0,0,0,0,0,0
19789,0,0,1,0,0,0,0,0,0
19790,0,0,1,0,0,0,0,0,0
19791,0,0,1,0,0,0,0,0,0
19792,0,0,1,0,0,0,0,0,0
19793,0,0,1,0,0,0,0,0,0
19794,0,0,1,0,0,0,0,0,0
19795,0,0,1,0,0,0,0,0,0
19796,0,0,1,0,0,0,0,0,0
19797,0,0,1,0,0,0,0,0,0
19798,0,0,1,0,0,0,0,0,0
19799,0,0,1,0,0,0,0,0,0
19800,0,0,1,0,0,0,0,0,0
19801,0,0,1,0,0,0,0,0,0
19802,0,0,1,0,0,0,0,0,0
19803,0,0,1,0,0,0,0,0,0
19804,0,0,1,0,0,0,0,0,0
19805,0,0,1,0,0,0,0,0,0
19806,0,0,1,0,0,0,0,0,0
19807,0,0,1,0,0,0,0,0,0
19808,0,0,1,0,0,0,0,0,0
19809,0,0,1,0,0,0,0,0,0
19810,0,0,1,0,0,0,0,0,0
19811,0,0,1,0,0,0,0,0,0
19812,0,0,1,0,0,0,0,0,0
19813,0,0,1,0,0,0,0,0,0
19814,0,0,1,0,0,0,0,0,0
19815,0,0,1,0,0,0,0,0,0
19816,0,0,1,0,0,0,0,0,0
19817,0,0,1,0,0,0,0,0,0
19818,0,0,1,0,0,0,0,0,0
19819,0,0,1,0,0,0,0,0,0
19820,0,0,1,0,0,0,0,0,0
19821,0,0,1,0,0,0,0,0,0
19822,0,0,1,0,0,0,0,0,0
19823,0,0,1,0,0,0,0,0,0
19824,0,0,1,0,0,0,0,0,0
19825,0,0,1,0,0,0,0,0,0
19826,0,0,1,0,0,0,0,0,0
19827,0,0,1,0,0,0,0,0,0
19828,0,0,1,0,0,0,0,0,0
19829,0,0,1,0,0,0,0,0,0
19830,0,0,1,0,0,0,0,0,0
19831,0,0,1,0,0,0,0,0,0
19832,0,0,1,0,0,0,0,0,0
19833,0,0,1,0,0,0,0,0,0
19834,0,0,1,0,0,0,0,0,0
19835,0,0,1,0,0,0,0,0,0
19836,0,0,1,0,0,0,0,0,0
19837,0,0,1,0,0,0,0,0,0
19838,0,0,1,0,0,0,0,0,0
19839,0,0,1,0,0,0,0,0,0
19840,0,0,1,0,0,0,0,0,0
19841,0,0,1,0,0,0,0,0,0
19842,0,0,1,0,0,0,0,0,0
19843,0,0,1,0,0,0,0,0,0
19844,0,0,1,0,0,0,0,0,0
19845,0,0,1,0,0,0,0,0,0
19846,0,0,1,0,0,0,0,0,0
19847,0,0,1,0,0,0,0,0,0
19848,0,0,1,0,0,0,0,0,0
19849,0,0,1,0,0,0,0,0,0
19850,0,0,1,0,0,0,0,0,0
19851,0,0,1,0,0,0,0,0,0
19852,0,0,1,0,0,0,0,0,0
19853,0,0,1,0,0,0,0,0,0
19854,0,0,1,0,0,0,0,0,0
19855,0,0,1,0,0,0,0,0,0
19856,0,0,1,0,0,0,0,0,0
19857,0,0,1,0,0,0,0,0,0
19858,0,0,1,0,0,0,0,0,0
19859,0,0,1,0,0,0,0,0,0
19860,0,0,1,0,0,0,0,0,0
19861,0,0,1,0,0,0,0,0,0
19862,0,0,1,0,0,0,0,0,0
19863,0,0,1,0,0,0,0,0,0
19864,0,0,1,0,0,0,0,0,0
19865,0,0,1,0,0,0,0,0,0
19866,0,0,1,0,0,0,0,0,0
19867,0,0,1,0,0,0,0,0,0
19868,0,0,1,0,0,0,0,0,0
19869,0,0,1,0,0,0,0,0,0
19870,0,0,1,0,0,0,0,0,0
19871,0,0,1,0,0,0,0,0,0
19872,0,0,1,0,0,0,0,0,0
19873,0,0,1,0,0,0,0,0,0
19874,0,0,1,0,0,0,0,0,0
19875,0,0,1,0,0,0,0,0,0
19876,0,0,1,0,0,0,0,0,0
19877,0,0,1,0,0,0,0,0,0
19878,0,0,1,0,0,0,0,0,0
19879,0,0,1,0,0,0,0,0,0
19880,0,0,1,0,0,0,0,0,0
19881,0,0,1,0,0,0,0,0,0
19882,0,0,1,0,0,0,0,0,0
19883,0,0,1,0,0,0,0,0,0
19884,0,0,1,0,0,0,0,0,0
19885,0,0,1,0,0,0,0,0,0
19886,0,0,1,0,0,0,0,0,0
19887,0,0,1,0,0,0,0,0,0
19888,0,0,1,0,0,0,0,0,0
19889,0,0,1,0,0,0,0,0,0
19890,0,0,1,0,0,0,0,0,0
19891,0,0,1,0,0,0,0,0,0
19892,0,0,1,0,0,0,0,0,0
19893,0,0,1,0,0,0,0,0,0
19894,0,0,1,0,0,0,0,0,0
19895,0,0,1,0,0,0,0,0,0
19896,0,0,1,0,0,0,0,0,0
19897,0,0,1,0,0,0,0,0,0
19898,0,0,1,0,0,0,0,0,0
19899,0,0,1,0,0,0,0,0,0
19900,0,0,1,0,0,0,0,0,0
19901,0,0,1,0,0,0,0,0,0
19902,0,0,1,0,0,0,0,0,0
19903,0,0,1,0,0,0,0,0,0
19904,0,0,1,0,0,0,0,0,0
19905,0,0,1,0,0,0,0,0,0
19906,0,0,1,0,0,0,0,0,0
19907,0,0,1,0,0,0,0,0,0
19908,0,0,1,0,0,0,0,0,0
19909,0,0,1,0,0,0,0,0,0
19910,0,0,1,0,0,0,0,0,0
19911,0,0,1,0,0,0,0,0,0
19912,0,0,1,0,0,0,0,0,0
19913,0,0,1,0,0,0,0,0,0
19914,0,0,1,0,0,0,0,0,0
19915,0,0,1,0,0,0,0,0,0
19916,0,0,1,0,0,0,0,0,0
19917,0,0,1,0,0,0,0,0,0
19918,0,0,1,0,0,0,0,0,0
19919,0,0,1,0,0,0,0,0,0
19920,0,0,1,0,0,0,0,0,0
19921,0,0,1,0,0,0,0,0,0
19922,0,0,1,0,0,0,0,0,0
19923,0,0,1,0,0,0,0,0,0
19924,0,0,1,0,0,0,0,0,0
19925,0,0,1,0,0,0,0,0,0
19926,0,0,1,0,0,0,0,0,0
19927,0,0,1,0,0,0,0,0,0
19928,0,0,1,0,0,0,0,0,0
19929,0,0,1,0,0,0,0,0,0
19930,0,0,1,0,0,0,0,0,0
19931,0,0,1,0,0,0,0,0,0
19932,0,0,1,0,0,0,0,0,0
19933,0,0,1,0,0,0,0,0,0
19934,0,0,1,0,0,0,0,0,0
19935,0,0,1,0,0,0,0,0,0
19936,0,0,1,0,0,0,0,0,0
19937,0,0,1,0,0,0,0,0,0
19938,0,0,1,0,0,0,0,0,0
19939,0,0,1,0,0,0,0,0,0
19940,0,0,1,0,0,0,0,0,0
19941,0,0,1,0,0,0,0,0,0
19942,0,0,1,0,0,0,0,0,0
19943,0,0,1,0,0,0,0,0,0
19944,0,0,1,0,0,0,0,0,0
19945,0,0,1,0,0,0,0,0,0
19946,0,0,1,0,0,0,0,0,0
19947,0,0,1,0,0,0,0,0,0
19948,0,0,1,0,0,0,0,0,0
19949,0,0,1,0,0,0,0,0,0
19950,0,0,1,0,0,0,0,0,0
19951,0,0,1,0,0,0,0,0,0
19952,0,0,1,0,0,0,0,0,0
19953,0,0,1,0,0,0,0,0,0
19954,0,0,1,0,0,0,0,0,0
19955,0,0,1,0,0,0,0,0,0
19956,0,0,1,0,0,0,0,0,0
19957,0,0,1,0,0,0,0,0,0
19958,0,0,1,0,0,0,0,0,0
19959,0,0,1,0,0,0,0,0,0
19960,0,0,1,0,0,0,0,0,0
19961,0,0,1,0,0,0,0,0,0
19962,0,0,1,0,0,0,0,0,0
19963,0,0,1,0,0,0,0,0,0
19964,0,0,1,0,0,0,0,0,0
19965,0,0,1,0,0,0,0,0,0
19966,0,0,1,0,0,0,0,0,0
19967,0,0,1,0,0,0,0,0,0
19968,0,0,1,0,0,0,0,0,0
19969,0,0,1,0,0,0,0,0,0
19970,0,0,1,0,0,0,0,0,0
19971,0,0,1,0,0,0,0,0,0
19972,0,0,1,0,0,0,0,0,0
19973,0,0,1,0,0,0,0,0,0
19974,0,0,1,0,0,0,0,0,0
19975,0,0,1,0,0,0,0,0,0
19976,0,0,1,0,0,0,0,0,0
19977,0,0,1,0,0,0,0,0,0
19978,0,0,1,0,0,0,0,0,0
19979,0,0,1,0,0,0,0,0,0
19980,0,0,1,0,0,0,0,0,0
19981,0,0,1,0,0,0,0,0,0
19982,0,0,1,0,0,0,0,0,0
19983,0,0,1,0,0,0,0,0,0
19984,0,0,1,0,0,0,0,0,0
19985,0,0,1,0,0,0,0,0,0
19986,0,0,1,0,0,0,0,0,0
19987,0,0,1,0,0,0,0,0,0
19988,0,0,1,0,0,0,0,0,0
19989,0,0,1,0,0,0,0,0,0
19990,0,0,1,0,0,0,0,0,0
19991,0,0,1,0,0,0,0,0,0
19992,0,0,1,0,0,0,0,0,0
19993,0,0,1,0,0,0,0,0,0
19994,0,0,1,0,0,0,0,0,0
19995,0,0,1,0,0,0,0,0,0
19996,0,0,1,0,0,0,0,0,0
19997,0,0,1,0,0,0,0,0,0
19998,0,0,1,0,0,0,0,0,0
19999,0,0,1,0,0,0,0,0,0
20000,0,0,1,0,0,0,0,0,0
20001,0,0,1,0,0,0,0,0,0
20002,0,0,1,0,0,0,0,0,0
20003,0,0,1,0,0,0,0,0,0
20004,0,0,1,0,0,0,0,0,0
20005,0,0,1,0,0,0,0,0,0
20006,0,0,1,0,0,0,0,0,0
20007,0,0,1,0,0,0,0,0,0
20008,0,0,1,0,0,0,0,0,0
20009,0,0,1,0,0,0,0,0,0
20010,0,0,1,0,0,0,0,0,0
20011,0,0,1,0,0,0,0,0,0
20012,0,0,1,0,0,0,0,0,0
20013,0,0,1,0,0,0,0,0,0
20014,0,0,1,0,0,0,0,0,0
20015,0,0,1,0,0,0,0,0,0
20016,0,0,1,0,0,0,0,0,0
20017,0,0,1,0,0,0,0,0,0
20018,0,0,1,0,0,0,0,0,0
20019,0,0,1,0,0,0,0,0,0
20020,0,0,1,0,0,0,0,0,0
20021,0,0,1,0,0,0,0,0,0
20022,0,0,1,0,0,0,0,0,0
20023,0,0,1,0,0,0,0,0,0
20024,0,0,1,0,0,0,0,0,0
20025,0,0,1,0,0,0,0,0,0
20026,0,0,1,0,0,0,0,0,0
20027,0,0,1,0,0,0,0,0,0
20028,0,0,1,0,0,0,0,0,0
20029,0,0,1,0,0,0,0,0,0
20030,0,0,1,0,0,0,0,0,0
20031,0,0,1,0,0,0,0,0,0
20032,0,0,1,0,0,0,0,0,0
20033,0,0,1,0,0,0,0,0,0
20034,0,0,1,0,0,0,0,0,0
20035,0,0,1,0,0,0,0,0,0
20036,0,0,1,0,0,0,0,0,0
20037,0,0,1,0,0,0,0,0,0
20038,0,0,1,0,0,0,0,0,0
20039,0,0,1,0,0,0,0,0,0
20040,0,0,1,0,0,0,0,0,0
20041,0,0,1,0,0,0,0,0,0
20042,0,0,1,0,0,0,0,0,0
20043,0,0,1,0,0,0,0,0,0
20044,0,0,1,0,0,0,0,0,0
20045,0,0,1,0,0,0,0,0,0
20046,0,0,1,0,0,0,0,0,0
20047,0,0,1,0,0,0,0,0,0
20048,0,0,1,0,0,0,0,0,0
20049,0,0,1,0,0,0,0,0,0
20050,0,0,1,0,0,0,0,0,0
20051,0,0,1,0,0,0,0,0,0
20052,0,0,1,0,0,0,0,0,0
20053,0,0,1,0,0,0,0,0,0
20054,0,0,1,0,0,0,0,0,0
20055,0,0,1,0,0,0,0,0,0
20056,0,0,1,0,0,0,0,0,0
20057,0,0,1,0,0,0,0,0,0
20058,0,0,1,0,0,0,0,0,0
20059,0,0,1,0,0,0,0,0,0
20060,0,0,1,0,0,0,0,0,0
20061,0,0,1,0,0,0,0,0,0
20062,0,0,1,0,0,0,0,0,0
20063,0,0,1,0,0,0,0,0,0
20064,0,0,1,0,0,0,0,0,0
20065,0,0,1,0,0,0,0,0,0
20066,0,0,1,0,0,0,0,0,0
20067,0,0,1,0,0,0,0,0,0
20068,0,0,1,0,0,0,0,0,0
20069,0,0,1,0,0,0,0,0,0
20070,0,0,1,0,0,0,0,0,0
20071,0,0,1,0,0,0,0,0,0
20072,0,0,1,0,0,0,0,0,0
20073,0,0,1,0,0,0,0,0,0
20074,0,0,1,0,0,0,0,0,0
20075,0,0,1,0,0,0,0,0,0
20076,0,0,1,0,0,0,0,0,0
20077,0,0,1,0,0,0,0,0,0
20078,0,0,1,0,0,0,0,0,0
20079,0,0,1,0,0,0,0,0,0
20080,0,0,1,0,0,0,0,0,0
20081,0,0,1,0,0,0,0,0,0
20082,0,0,1,0,0,0,0,0,0
20083,0,0,1,0,0,0,0,0,0
20084,0,0,1,0,0,0,0,0,0
20085,0,0,1,0,0,0,0,0,0
20086,0,0,1,0,0,0,0,0,0
20087,0,0,1,0,0,0,0,0,0
20088,0,0,1,0,0,0,0,0,0
20089,0,0,1,0,0,0,0,0,0
20090,0,0,1,0,0,0,0,0,0
20091,0,0,1,0,0,0,0,0,0
20092,0,0,1,0,0,0,0,0,0
20093,0,0,1,0,0,0,0,0,0
20094,0,0,1,0,0,0,0,0,0
20095,0,0,1,0,0,0,0,0,0
20096,0,0,1,0,0,0,0,0,0
20097,0,0,1,0,0,0,0,0,0
20098,0,0,1,0,0,0,0,0,0
20099,0,0,1,0,0,0,0,0,0
20100,0,0,1,0,0,0,0,0,0
20101,0,0,1,0,0,0,0,0,0
20102,0,0,1,0,0,0,0,0,0
20103,0,0,1,0,0,0,0,0,0
20104,0,0,1,0,0,0,0,0,0
20105,0,0,1,0,0,0,0,0,0
20106,0,0,1,0,0,0,0,0,0
20107,0,0,1,0,0,0,0,0,0
20108,0,0,1,0,0,0,0,0,0
20109,0,0,1,0,0,0,0,0,0
20110,0,0,1,0,0,0,0,0,0
20111,0,0,1,0,0,0,0,0,0
20112,0,0,1,0,0,0,0,0,0
20113,0,0,1,0,0,0,0,0,0
20114,0,0,1,0,0,0,0,0,0
20115,0,0,1,0,0,0,0,0,0
20116,0,0,1,0,0,0,0,0,0
20117,0,0,1,0,0,0,0,0,0
20118,0,0,1,0,0,0,0,0,0
20119,0,0,1,0,0,0,0,0,0
20120,0,0,1,0,0,0,0,0,0
20121,0,0,1,0,0,0,0,0,0
20122,0,0,1,0,0,0,0,0,0
20123,0,0,1,0,0,0,0,0,0
20124,0,0,1,0,0,0,0,0,0
20125,0,0,1,0,0,0,0,0,0
20126,0,0,1,0,0,0,0,0,0
20127,0,0,1,0,0,0,0,0,0
20128,0,0,1,0,0,0,0,0,0
20129,0,0,1,0,0,0,0,0,0
20130,0,0,1,0,0,0,0,0,0
20131,0,0,1,0,0,0,0,0,0
20132,0,0,1,0,0,0,0,0,0
20133,0,0,1,0,0,0,0,0,0
20134,0,0,1,0,0,0,0,0,0
20135,0,0,1,0,0,0,0,0,0
20136,0,0,1,0,0,0,0,0,0
20137,0,0,1,0,0,0,0,0,0
20138,0,0,1,0,0,0,0,0,0
20139,0,0,1,0,0,0,0,0,0
20140,0,0,1,0,0,0,0,0,0
20141,0,0,1,0,0,0,0,0,0
20142,0,0,1,0,0,0,0,0,0
20143,0,0,1,0,0,0,0,0,0
20144,0,0,1,0,0,0,0,0,0
20145,0,0,1,0,0,0,0,0,0
20146,0,0,1,0,0,0,0,0,0
20147,0,0,1,0,0,0,0,0,0
20148,0,0,1,0,0,0,0,0,0
20149,0,0,1,0,0,0,0,0,0
20150,0,0,1,0,0,0,0,0,0
20151,0,0,1,0,0,0,0,0,0
20152,0,0,1,0,0,0,0,0,0
20153,0,0,1,0,0,0,0,0,0
20154,0,0,1,0,0,0,0,0,0
20155,0,0,1,0,0,0,0,0,0
20156,0,0,1,0,0,0,0,0,0
20157,0,0,1,0,0,0,0,0,0
20158,0,0,1,0,0,0,0,0,0
20159,0,0,1,0,0,0,0,0,0
20160,0,0,1,0,0,0,0,0,0
20161,0,0,1,0,0,0,0,0,0
20162,0,0,1,0,0,0,0,0,0
20163,0,0,1,0,0,0,0,0,0
20164,0,0,1,0,0,0,0,0,0
20165,0,0,1,0,0,0,0,0,0
20166,0,0,1,0,0,0,0,0,0
20167,0,0,1,0,0,0,0,0,0
20168,0,0,1,0,0,0,0,0,0
20169,0,0,1,0,0,0,0,0,0
20170,0,0,1,0,0,0,0,0,0
20171,0,0,1,0,0,0,0,0,0
20172,0,0,1,0,0,0,0,0,0
20173,0,0,1,0,0,0,0,0,0
20174,0,0,1,0,0,0,0,0,0
20175,0,0,1,0,0,0,0,0,0
20176,0,0,1,0,0,0,0,0,0
20177,0,0,1,0,0,0,0,0,0
20178,0,0,1,0,0,0,0,0,0
20179,0,0,1,0,0,0,0,0,0
20180,0,0,1,0,0,0,0,0,0
20181,0,0,1,0,0,0,0,0,0
20182,0,0,1,0,0,0,0,0,0
20183,0,0,1,0,0,0,0,0,0
20184,0,0,1,0,0,0,0,0,0
20185,0,0,1,0,0,0,0,0,0
20186,0,0,1,0,0,0,0,0,0
20187,0,0,1,0,0,0,0,0,0
20188,0,0,1,0,0,0,0,0,0
20189,0,0,1,0,0,0,0,0,0
20190,0,0,1,0,0,0,0,0,0
20191,0,0,1,0,0,0,0,0,0
20192,0,0,1,0,0,0,0,0,0
20193,0,0,1,0,0,0,0,0,0
20194,0,0,1,0,0,0,0,0,0
20195,0,0,1,0,0,0,0,0,0
20196,0,0,1,0,0,0,0,0,0
20197,0,0,1,0,0,0,0,0,0
20198,0,0,1,0,0,0,0,0,0
20199,0,0,1,0,0,0,0,0,0
20200,0,0,1,0,0,0,0,0,0
20201,0,0,1,0,0,0,0,0,0
20202,0,0,1,0,0,0,0,0,0
20203,0,0,1,0,0,0,0,0,0
20204,0,0,1,0,0,0,0,0,0
20205,0,0,1,0,0,0,0,0,0
20206,0,0,1,0,0,0,0,0,0
20207,0,0,1,0,0,0,0,0,0
20208,0,0,1,0,0,0,0,0,0
20209,0,0,1,0,0,0,0,0,0
20210,0,0,1,0,0,0,0,0,0
20211,0,0,1,0,0,0,0,0,0
20212,0,0,1,0,0,0,0,0,0
20213,0,0,1,0,0,0,0,0,0
20214,0,0,1,0,0,0,0,0,0
20215,0,0,1,0,0,0,0,0,0
20216,0,0,1,0,0,0,0,0,0
20217,0,0,1,0,0,0,0,0,0
20218,0,0,1,0,0,0,0,0,0
20219,0,0,1,0,0,0,0,0,0
20220,0,0,1,0,0,0,0,0,0
20221,0,0,1,0,0,0,0,0,0
20222,0,0,1,0,0,0,0,0,0
20223,0,0,1,0,0,0,0,0,0
20224,0,0,1,0,0,0,0,0,0
20225,0,0,1,0,0,0,0,0,0
20226,0,0,1,0,0,0,0,0,0
20227,0,0,1,0,0,0,0,0,0
20228,0,0,1,0,0,0,0,0,0
20229,0,0,1,0,0,0,0,0,0
20230,0,0,1,0,0,0,0,0,0
20231,0,0,1,0,0,0,0,0,0
20232,0,0,1,0,0,0,0,0,0
20233,0,0,1,0,0,0,0,0,0
20234,0,0,1,0,0,0,0,0,0
20235,0,0,1,0,0,0,0,0,0
20236,0,0,1,0,0,0,0,0,0
20237,0,0,1,0,0,0,0,0,0
20238,0,0,1,0,0,0,0,0,0
20239,0,0,1,0,0,0,0,0,0
20240,0,0,1,0,0,0,0,0,0
20241,0,0,1,0,0,0,0,0,0
20242,0,0,1,0,0,0,0,0,0
20243,0,0,1,0,0,0,0,0,0
20244,0,0,1,0,0,0,0,0,0
20245,0,0,1,0,0,0,0,0,0
20246,0,0,1,0,0,0,0,0,0
20247,0,0,1,0,0,0,0,0,0
20248,0,0,1,0,0,0,0,0,0
20249,0,0,1,0,0,0,0,0,0
20250,0,0,1,0,0,0,0,0,0
20251,0,0,1,0,0,0,0,0,0
20252,0,0,1,0,0,0,0,0,0
20253,0,0,1,0,0,0,0,0,0
20254,0,0,1,0,0,0,0,0,0
20255,0,0,1,0,0,0,0,0,0
20256,0,0,1,0,0,0,0,0,0
20257,0,0,1,0,0,0,0,0,0
20258,0,0,1,0,0,0,0,0,0
20259,0,0,1,0,0,0,0,0,0
20260,0,0,1,0,0,0,0,0,0
20261,0,0,1,0,0,0,0,0,0
20262,0,0,1,0,0,0,0,0,0
20263,0,0,1,0,0,0,0,0,0
20264,0,0,1,0,0,0,0,0,0
20265,0,0,1,0,0,0,0,0,0
20266,0,0,1,0,0,0,0,0,0
20267,0,0,1,0,0,0,0,0,0
20268,0,0,1,0,0,0,0,0,0
20269,0,0,1,0,0,0,0,0,0
20270,0,0,1,0,0,0,0,0,0
20271,0,0,1,0,0,0,0,0,0
20272,0,0,1,0,0,0,0,0,0
20273,0,0,1,0,0,0,0,0,0
20274,0,0,1,0,0,0,0,0,0
20275,0,0,1,0,0,0,0,0,0
20276,0,0,1,0,0,0,0,0,0
20277,0,0,1,0,0,0,0,0,0
20278,0,0,1,0,0,0,0,0,0
20279,0,0,1,0,0,0,0,0,0
20280,0,0,1,0,0,0,0,0,0
20281,0,0,1,0,0,0,0,0,0
20282,0,0,1,0,0,0,0,0,0
20283,0,0,1,0,0,0,0,0,0
20284,0,0,1,0,0,0,0,0,0
20285,0,0,1,0,0,0,0,0,0
20286,0,0,1,0,0,0,0,0,0
20287,0,0,1,0,0,0,0,0,0
20288,0,0,1,0,0,0,0,0,0
20289,0,0,1,0,0,0,0,0,0
20290,0,0,1,0,0,0,0,0,0
20291,0,0,1,0,0,0,0,0,0
20292,0,0,1,0,0,0,0,0,0
20293,0,0,1,0,0,0,0,0,0
20294,0,0,1,0,0,0,0,0,0
20295,0,0,1,0,0,0,0,0,0
20296,0,0,1,0,0,0,0,0,0
20297,0,0,1,0,0,0,0,0,0
20298,0,0,1,0,0,0,0,0,0
20299,0,0,1,0,0,0,0,0,0
20300,0,0,1,0,0,0,0,0,0
20301,0,0,1,0,0,0,0,0,0
20302,0,0,1,0,0,0,0,0,0
20303,0,0,1,0,0,0,0,0,0
20304,0,0,1,0,0,0,0,0,0
20305,0,0,1,0,0,0,0,0,0
20306,0,0,1,0,0,0,0,0,0
20307,0,0,1,0,0,0,0,0,0
20308,0,0,1,0,0,0,0,0,0
20309,0,0,1,0,0,0,0,0,0
20310,0,0,1,0,0,0,0,0,0
20311,0,0,1,0,0,0,0,0,0
20312,0,0,1,0,0,0,0,0,0
20313,0,0,1,0,0,0,0,0,0
20314,0,0,1,0,0,0,0,0,0
20315,0,0,1,0,0,0,0,0,0
20316,0,0,1,0,0,0,0,0,0
20317,0,0,1,0,0,0,0,0,0
20318,0,0,1,0,0,0,0,0,0
20319,0,0,1,0,0,0,0,0,0
20320,0,0,1,0,0,0,0,0,0
20321,0,0,1,0,0,0,0,0,0
20322,0,0,1,0,0,0,0,0,0
20323,0,0,1,0,0,0,0,0,0
20324,0,0,1,0,0,0,0,0,0
20325,0,0,1,0,0,0,0,0,0
20326,0,0,1,0,0,0,0,0,0
20327,0,0,1,0,0,0,0,0,0
20328,0,0,1,0,0,0,0,0,0
20329,0,0,1,0,0,0,0,0,0
20330,0,0,1,0,0,0,0,0,0
20331,0,0,1,0,0,0,0,0,0
20332,0,0,1,0,0,0,0,0,0
20333,0,0,1,0,0,0,0,0,0
20334,0,0,1,0,0,0,0,0,0
20335,0,0,1,0,0,0,0,0,0
20336,0,0,1,0,0,0,0,0,0
20337,0,0,1,0,0,0,0,0,0
20338,0,0,1,0,0,0,0,0,0
20339,0,0,1,0,0,0,0,0,0
20340,0,0,1,0,0,0,0,0,0
20341,0,0,1,0,0,0,0,0,0
20342,0,0,1,0,0,0,0,0,0
20343,0,0,1,0,0,0,0,0,0
20344,0,0,1,0,0,0,0,0,0
20345,0,0,1,0,0,0,0,0,0
20346,0,0,1,0,0,0,0,0,0
20347,0,0,1,0,0,0,0,0,0
20348,0,0,1,0,0,0,0,0,0
20349,0,0,1,0,0,0,0,0,0
20350,0,0,1,0,0,0,0,0,0
20351,0,0,1,0,0,0,0,0,0
20352,0,0,1,0,0,0,0,0,0
20353,0,0,1,0,0,0,0,0,0
20354,0,0,1,0,0,0,0,0,0
20355,0,0,1,0,0,0,0,0,0
20356,0,0,1,0,0,0,0,0,0
20357,0,0,1,0,0,0,0,0,0
20358,0,0,1,0,0,0,0,0,0
20359,0,0,1,0,0,0,0,0,0
20360,0,0,1,0,0,0,0,0,0
20361,0,0,1,0,0,0,0,0,0
20362,0,0,1,0,0,0,0,0,0
20363,0,0,1,0,0,0,0,0,0
20364,0,0,1,0,0,0,0,0,0
20365,0,0,1,0,0,0,0,0,0
20366,0,0,1,0,0,0,0,0,0
20367,0,0,1,0,0,0,0,0,0
20368,0,0,1,0,0,0,0,0,0
20369,0,0,1,0,0,0,0,0,0
20370,0,0,1,0,0,0,0,0,0
20371,0,0,1,0,0,0,0,0,0
20372,0,0,1,0,0,0,0,0,0
20373,0,0,1,0,0,0,0,0,0
20374,0,0,1,0,0,0,0,0,0
20375,0,0,1,0,0,0,0,0,0
20376,0,0,1,0,0,0,0,0,0
20377,0,0,1,0,0,0,0,0,0
20378,0,0,1,0,0,0,0,0,0
20379,0,0,1,0,0,0,0,0,0
20380,0,0,1,0,0,0,0,0,0
20381,0,0,1,0,0,0,0,0,0
20382,0,0,1,0,0,0,0,0,0
20383,0,0,1,0,0,0,0,0,0
20384,0,0,1,0,0,0,0,0,0
20385,0,0,1,0,0,0,0,0,0
20386,0,0,1,0,0,0,0,0,0
20387,0,0,1,0,0,0,0,0,0
20388,0,0,1,0,0,0,0,0,0
20389,0,0,1,0,0,0,0,0,0
20390,0,0,1,0,0,0,0,0,0
20391,0,0,1,0,0,0,0,0,0
20392,0,0,1,0,0,0,0,0,0
20393,0,0,1,0,0,0,0,0,0
20394,0,0,1,0,0,0,0,0,0
20395,0,0,1,0,0,0,0,0,0
20396,0,0,1,0,0,0,0,0,0
20397,0,0,1,0,0,0,0,0,0
20398,0,0,1,0,0,0,0,0,0
20399,0,0,1,0,0,0,0,0,0
20400,0,0,1,0,0,0,0,0,0
20401,0,0,1,0,0,0,0,0,0
20402,0,0,1,0,0,0,0,0,0
20403,0,0,1,0,0,0,0,0,0
20404,0,0,1,0,0,0,0,0,0
20405,0,0,1,0,0,0,0,0,0
20406,0,0,1,0,0,0,0,0,0
20407,0,0,1,0,0,0,0,0,0
20408,0,0,1,0,0,0,0,0,0
20409,0,0,1,0,0,0,0,0,0
20410,0,0,1,0,0,0,0,0,0
20411,0,0,1,0,0,0,0,0,0
20412,0,0,1,0,0,0,0,0,0
20413,0,0,1,0,0,0,0,0,0
20414,0,0,1,0,0,0,0,0,0
20415,0,0,1,0,0,0,0,0,0
20416,0,0,1,0,0,0,0,0,0
20417,0,0,1,0,0,0,0,0,0
20418,0,0,1,0,0,0,0,0,0
20419,0,0,1,0,0,0,0,0,0
20420,0,0,1,0,0,0,0,0,0
20421,0,0,1,0,0,0,0,0,0
20422,0,0,1,0,0,0,0,0,0
20423,0,0,1,0,0,0,0,0,0
20424,0,0,1,0,0,0,0,0,0
20425,0,0,1,0,0,0,0,0,0
20426,0,0,1,0,0,0,0,0,0
20427,0,0,1,0,0,0,0,0,0
20428,0,0,1,0,0,0,0,0,0
20429,0,0,1,0,0,0,0,0,0
20430,0,0,1,0,0,0,0,0,0
20431,0,0,1,0,0,0,0,0,0
20432,0,0,1,0,0,0,0,0,0
20433,0,0,1,0,0,0,0,0,0
20434,0,0,1,0,0,0,0,0,0
20435,0,0,1,0,0,0,0,0,0
20436,0,0,1,0,0,0,0,0,0
20437,0,0,1,0,0,0,0,0,0
20438,0,0,1,0,0,0,0,0,0
20439,0,0,1,0,0,0,0,0,0
20440,0,0,1,0,0,0,0,0,0
20441,0,0,1,0,0,0,0,0,0
20442,0,0,1,0,0,0,0,0,0
20443,0,0,1,0,0,0,0,0,0
20444,0,0,1,0,0,0,0,0,0
20445,0,0,1,0,0,0,0,0,0
20446,0,0,1,0,0,0,0,0,0
20447,0,0,1,0,0,0,0,0,0
20448,0,0,1,0,0,0,0,0,0
20449,0,0,1,0,0,0,0,0,0
20450,0,0,1,0,0,0,0,0,0
20451,0,0,1,0,0,0,0,0,0
20452,0,0,1,0,0,0,0,0,0
20453,0,0,1,0,0,0,0,0,0
20454,0,0,1,0,0,0,0,0,0
20455,0,0,1,0,0,0,0,0,0
20456,0,0,1,0,0,0,0,0,0
20457,0,0,1,0,0,0,0,0,0
20458,0,0,1,0,0,0,0,0,0
20459,0,0,1,0,0,0,0,0,0
20460,0,0,1,0,0,0,0,0,0
20461,0,0,1,0,0,0,0,0,0
20462,0,0,1,0,0,0,0,0,0
20463,0,0,1,0,0,0,0,0,0
20464,0,0,1,0,0,0,0,0,0
20465,0,0,1,0,0,0,0,0,0
20466,0,0,1,0,0,0,0,0,0
20467,0,0,1,0,0,0,0,0,0
20468,0,0,1,0,0,0,0,0,0
20469,0,0,1,0,0,0,0,0,0
20470,0,0,1,0,0,0,0,0,0
20471,0,0,1,0,0,0,0,0,0
20472,0,0,1,0,0,0,0,0,0
20473,0,0,1,0,0,0,0,0,0
20474,0,0,1,0,0,0,0,0,0
20475,0,0,1,0,0,0,0,0,0
20476,0,0,1,0,0,0,0,0,0
20477,0,0,1,0,0,0,0,0,0
20478,0,0,1,0,0,0,0,0,0
20479,0,0,1,0,0,0,0,0,0
20480,0,0,1,0,0,0,0,0,0
20481,0,0,1,0,0,0,0,0,0
20482,0,0,1,0,0,0,0,0,0
20483,0,0,1,0,0,0,0,0,0
20484,0,0,1,0,0,0,0,0,0
20485,0,0,1,0,0,0,0,0,0
20486,0,0,1,0,0,0,0,0,0
20487,0,0,1,0,0,0,0,0,0
20488,0,0,1,0,0,0,0,0,0
20489,0,0,1,0,0,0,0,0,0
20490,0,0,1,0,0,0,0,0,0
20491,0,0,1,0,0,0,0,0,0
20492,0,0,1,0,0,0,0,0,0
20493,0,0,1,0,0,0,0,0,0
20494,0,0,1,0,0,0,0,0,0
20495,0,0,1,0,0,0,0,0,0
20496,0,0,1,0,0,0,0,0,0
20497,0,0,1,0,0,0,0,0,0
20498,0,0,1,0,0,0,0,0,0
20499,0,0,1,0,0,0,0,0,0
20500,0,0,1,0,0,0,0,0,0
20501,0,0,1,0,0,0,0,0,0
20502,0,0,1,0,0,0,0,0,0
20503,0,0,1,0,0,0,0,0,0
20504,0,0,1,0,0,0,0,0,0
20505,0,0,1,0,0,0,0,0,0
20506,0,0,1,0,0,0,0,0,0
20507,0,0,1,0,0,0,0,0,0
20508,0,0,1,0,0,0,0,0,0
20509,0,0,1,0,0,0,0,0,0
20510,0,0,1,0,0,0,0,0,0
20511,0,0,1,0,0,0,0,0,0
20512,0,0,1,0,0,0,0,0,0
20513,0,0,1,0,0,0,0,0,0
20514,0,0,1,0,0,0,0,0,0
20515,0,0,1,0,0,0,0,0,0
20516,0,0,1,0,0,0,0,0,0
20517,0,0,1,0,0,0,0,0,0
20518,0,0,1,0,0,0,0,0,0
20519,0,0,1,0,0,0,0,0,0
20520,0,0,1,0,0,0,0,0,0
20521,0,0,1,0,0,0,0,0,0
20522,0,0,1,0,0,0,0,0,0
20523,0,0,1,0,0,0,0,0,0
20524,0,0,1,0,0,0,0,0,0
20525,0,0,1,0,0,0,0,0,0
20526,0,0,1,0,0,0,0,0,0
20527,0,0,1,0,0,0,0,0,0
20528,0,0,1,0,0,0,0,0,0
20529,0,0,1,0,0,0,0,0,0
20530,0,0,1,0,0,0,0,0,0
20531,0,0,1,0,0,0,0,0,0
20532,0,0,1,0,0,0,0,0,0
20533,0,0,1,0,0,0,0,0,0
20534,0,0,1,0,0,0,0,0,0
20535,0,0,1,0,0,0,0,0,0
20536,0,0,1,0,0,0,0,0,0
20537,0,0,1,0,0,0,0,0,0
20538,0,0,1,0,0,0,0,0,0
20539,0,0,1,0,0,0,0,0,0
20540,0,0,1,0,0,0,0,0,0
20541,0,0,1,0,0,0,0,0,0
20542,0,0,1,0,0,0,0,0,0
20543,0,0,1,0,0,0,0,0,0
20544,0,0,1,0,0,0,0,0,0
20545,0,0,1,0,0,0,0,0,0
20546,0,0,1,0,0,0,0,0,0
20547,0,0,1,0,0,0,0,0,0
20548,0,0,1,0,0,0,0,0,0
20549,0,0,1,0,0,0,0,0,0
20550,0,0,1,0,0,0,0,0,0
20551,0,0,1,0,0,0,0,0,0
20552,0,0,1,0,0,0,0,0,0
20553,0,0,1,0,0,0,0,0,0
20554,0,0,1,0,0,0,0,0,0
20555,0,0,1,0,0,0,0,0,0
20556,0,0,1,0,0,0,0,0,0
20557,0,0,1,0,0,0,0,0,0
20558,0,0,1,0,0,0,0,0,0
20559,0,0,1,0,0,0,0,0,0
20560,0,0,1,0,0,0,0,0,0
20561,0,0,1,0,0,0,0,0,0
20562,0,0,1,0,0,0,0,0,0
20563,0,0,1,0,0,0,0,0,0
20564,0,0,1,0,0,0,0,0,0
20565,0,0,1,0,0,0,0,0,0
20566,0,0,1,0,0,0,0,0,0
20567,0,0,1,0,0,0,0,0,0
20568,0,0,1,0,0,0,0,0,0
20569,0,0,1,0,0,0,0,0,0
20570,0,0,1,0,0,0,0,0,0
20571,0,0,1,0,0,0,0,0,0
20572,0,0,1,0,0,0,0,0,0
20573,0,0,1,0,0,0,0,0,0
20574,0,0,1,0,0,0,0,0,0
20575,0,0,1,0,0,0,0,0,0
20576,0,0,1,0,0,0,0,0,0
20577,0,0,1,0,0,0,0,0,0
20578,0,0,1,0,0,0,0,0,0
20579,0,0,1,0,0,0,0,0,0
20580,0,0,1,0,0,0,0,0,0
20581,0,0,1,0,0,0,0,0,0
20582,0,0,1,0,0,0,0,0,0
20583,0,0,1,0,0,0,0,0,0
20584,0,0,1,0,0,0,0,0,0
20585,0,0,1,0,0,0,0,0,0
20586,0,0,1,0,0,0,0,0,0
20587,0,0,1,0,0,0,0,0,0
20588,0,0,1,0,0,0,0,0,0
20589,0,0,1,0,0,0,0,0,0
20590,0,0,1,0,0,0,0,0,0
20591,0,0,1,0,0,0,0,0,0
20592,0,0,1,0,0,0,0,0,0
20593,0,0,1,0,0,0,0,0,0
20594,0,0,1,0,0,0,0,0,0
20595,0,0,1,0,0,0,0,0,0
20596,0,0,1,0,0,0,0,0,0
20597,0,0,1,0,0,0,0,0,0
20598,0,0,1,0,0,0,0,0,0
20599,0,0,1,0,0,0,0,0,0
20600,0,0,1,0,0,0,0,0,0
20601,0,0,1,0,0,0,0,0,0
20602,0,0,1,0,0,0,0,0,0
20603,0,0,1,0,0,0,0,0,0
20604,0,0,1,0,0,0,0,0,0
20605,0,0,1,0,0,0,0,0,0
20606,0,0,1,0,0,0,0,0,0
20607,0,0,1,0,0,0,0,0,0
20608,0,0,1,0,0,0,0,0,0
20609,0,0,1,0,0,0,0,0,0
20610,0,0,1,0,0,0,0,0,0
20611,0,0,1,0,0,0,0,0,0
20612,0,0,1,0,0,0,0,0,0
20613,0,0,1,0,0,0,0,0,0
20614,0,0,1,0,0,0,0,0,0
20615,0,0,1,0,0,0,0,0,0
20616,0,0,1,0,0,0,0,0,0
20617,0,0,1,0,0,0,0,0,0
20618,0,0,1,0,0,0,0,0,0
20619,0,0,1,0,0,0,0,0,0
20620,0,0,1,0,0,0,0,0,0
20621,0,0,1,0,0,0,0,0,0
20622,0,0,1,0,0,0,0,0,0
20623,0,0,1,0,0,0,0,0,0
20624,0,0,1,0,0,0,0,0,0
20625,0,0,1,0,0,0,0,0,0
20626,0,0,1,0,0,0,0,0,0
20627,0,0,1,0,0,0,0,0,0
20628,0,0,1,0,0,0,0,0,0
20629,0,0,1,0,0,0,0,0,0
20630,0,0,1,0,0,0,0,0,0
20631,0,0,1,0,0,0,0,0,0
20632,0,0,1,0,0,0,0,0,0
20633,0,0,1,0,0,0,0,0,0
20634,0,0,1,0,0,0,0,0,0
20635,0,0,1,0,0,0,0,0,0
20636,0,0,1,0,0,0,0,0,0
20637,0,0,1,0,0,0,0,0,0
20638,0,0,1,0,0,0,0,0,0
20639,0,0,1,0,0,0,0,0,0
20640,0,0,1,0,0,0,0,0,0
20641,0,0,1,0,0,0,0,0,0
20642,0,0,1,0,0,0,0,0,0
20643,0,0,1,0,0,0,0,0,0
20644,0,0,1,0,0,0,0,0,0
20645,0,0,1,0,0,0,0,0,0
20646,0,0,1,0,0,0,0,0,0
20647,0,0,1,0,0,0,0,0,0
20648,0,0,1,0,0,0,0,0,0
20649,0,0,1,0,0,0,0,0,0
20650,0,0,1,0,0,0,0,0,0
20651,0,0,1,0,0,0,0,0,0
20652,0,0,1,0,0,0,0,0,0
20653,0,0,1,0,0,0,0,0,0
20654,0,0,1,0,0,0,0,0,0
20655,0,0,1,0,0,0,0,0,0
20656,0,0,1,0,0,0,0,0,0
20657,0,0,1,0,0,0,0,0,0
20658,0,0,1,0,0,0,0,0,0
20659,0,0,1,0,0,0,0,0,0
20660,0,0,1,0,0,0,0,0,0
20661,0,0,1,0,0,0,0,0,0
20662,0,0,1,0,0,0,0,0,0
20663,0,0,1,0,0,0,0,0,0
20664,0,0,1,0,0,0,0,0,0
20665,0,0,1,0,0,0,0,0,0
20666,0,0,1,0,0,0,0,0,0
20667,0,0,1,0,0,0,0,0,0
20668,0,0,1,0,0,0,0,0,0
20669,0,0,1,0,0,0,0,0,0
20670,0,0,1,0,0,0,0,0,0
20671,0,0,1,0,0,0,0,0,0
20672,0,0,1,0,0,0,0,0,0
20673,0,0,1,0,0,0,0,0,0
20674,0,0,1,0,0,0,0,0,0
20675,0,0,1,0,0,0,0,0,0
20676,0,0,1,0,0,0,0,0,0
20677,0,0,1,0,0,0,0,0,0
20678,0,0,1,0,0,0,0,0,0
20679,0,0,1,0,0,0,0,0,0
20680,0,0,1,0,0,0,0,0,0
20681,0,0,1,0,0,0,0,0,0
20682,0,0,1,0,0,0,0,0,0
20683,0,0,1,0,0,0,0,0,0
20684,0,0,1,0,0,0,0,0,0
20685,0,0,1,0,0,0,0,0,0
20686,0,0,1,0,0,0,0,0,0
20687,0,0,1,0,0,0,0,0,0
20688,0,0,1,0,0,0,0,0,0
20689,0,0,1,0,0,0,0,0,0
20690,0,0,1,0,0,0,0,0,0
20691,0,0,1,0,0,0,0,0,0
20692,0,0,1,0,0,0,0,0,0
20693,0,0,1,0,0,0,0,0,0
20694,0,0,1,0,0,0,0,0,0
20695,0,0,1,0,0,0,0,0,0
20696,0,0,1,0,0,0,0,0,0
20697,0,0,1,0,0,0,0,0,0
20698,0,0,1,0,0,0,0,0,0
20699,0,0,1,0,0,0,0,0,0
20700,0,0,1,0,0,0,0,0,0
20701,0,0,1,0,0,0,0,0,0
20702,0,0,1,0,0,0,0,0,0
20703,0,0,1,0,0,0,0,0,0
20704,0,0,1,0,0,0,0,0,0
20705,0,0,1,0,0,0,0,0,0
20706,0,0,1,0,0,0,0,0,0
20707,0,0,1,0,0,0,0,0,0
20708,0,0,1,0,0,0,0,0,0
20709,0,0,1,0,0,0,0,0,0
20710,0,0,1,0,0,0,0,0,0
20711,0,0,1,0,0,0,0,0,0
20712,0,0,1,0,0,0,0,0,0
20713,0,0,1,0,0,0,0,0,0
20714,0,0,1,0,0,0,0,0,0
20715,0,0,1,0,0,0,0,0,0
20716,0,0,1,0,0,0,0,0,0
20717,0,0,1,0,0,0,0,0,0
20718,0,0,1,0,0,0,0,0,0
20719,0,0,1,0,0,0,0,0,0
20720,0,0,1,0,0,0,0,0,0
20721,0,0,1,0,0,0,0,0,0
20722,0,0,1,0,0,0,0,0,0
20723,0,0,1,0,0,0,0,0,0
20724,0,0,1,0,0,0,0,0,0
20725,0,0,1,0,0,0,0,0,0
20726,0,0,1,0,0,0,0,0,0
20727,0,0,1,0,0,0,0,0,0
20728,0,0,1,0,0,0,0,0,0
20729,0,0,1,0,0,0,0,0,0
20730,0,0,1,0,0,0,0,0,0
20731,0,0,1,0,0,0,0,0,0
20732,0,0,1,0,0,0,0,0,0
20733,0,0,1,0,0,0,0,0,0
20734,0,0,1,0,0,0,0,0,0
20735,0,0,1,0,0,0,0,0,0
20736,0,0,1,0,0,0,0,0,0
20737,0,0,1,0,0,0,0,0,0
20738,0,0,1,0,0,0,0,0,0
20739,0,0,1,0,0,0,0,0,0
20740,0,0,1,0,0,0,0,0,0
20741,0,0,1,0,0,0,0,0,0
20742,0,0,1,0,0,0,0,0,0
20743,0,0,1,0,0,0,0,0,0
20744,0,0,1,0,0,0,0,0,0
20745,0,0,1,0,0,0,0,0,0
20746,0,0,1,0,0,0,0,0,0
20747,0,0,1,0,0,0,0,0,0
20748,0,0,1,0,0,0,0,0,0
20749,0,0,1,0,0,0,0,0,0
20750,0,0,1,0,0,0,0,0,0
20751,0,0,1,0,0,0,0,0,0
20752,0,0,1,0,0,0,0,0,0
20753,0,0,1,0,0,0,0,0,0
20754,0,0,1,0,0,0,0,0,0
20755,0,0,1,0,0,0,0,0,0
20756,0,0,1,0,0,0,0,0,0
20757,0,0,1,0,0,0,0,0,0
20758,0,0,1,0,0,0,0,0,0
20759,0,0,1,0,0,0,0,0,0
20760,0,0,1,0,0,0,0,0,0
20761,0,0,1,0,0,0,0,0,0
20762,0,0,1,0,0,0,0,0,0
20763,0,0,1,0,0,0,0,0,0
20764,0,0,1,0,0,0,0,0,0
20765,0,0,1,0,0,0,0,0,0
20766,0,0,1,0,0,0,0,0,0
20767,0,0,1,0,0,0,0,0,0
20768,0,0,1,0,0,0,0,0,0
20769,0,0,1,0,0,0,0,0,0
20770,0,0,1,0,0,0,0,0,0
20771,0,0,1,0,0,0,0,0,0
20772,0,0,1,0,0,0,0,0,0
20773,0,0,1,0,0,0,0,0,0
20774,0,0,1,0,0,0,0,0,0
20775,0,0,1,0,0,0,0,0,0
20776,0,0,1,0,0,0,0,0,0
20777,0,0,1,0,0,0,0,0,0
20778,0,0,1,0,0,0,0,0,0
20779,0,0,1,0,0,0,0,0,0
20780,0,0,1,0,0,0,0,0,0
20781,0,0,1,0,0,0,0,0,0
20782,0,0,1,0,0,0,0,0,0
20783,0,0,1,0,0,0,0,0,0
20784,0,0,1,0,0,0,0,0,0
20785,0,0,1,0,0,0,0,0,0
20786,0,0,1,0,0,0,0,0,0
20787,0,0,1,0,0,0,0,0,0
20788,0,0,1,0,0,0,0,0,0
20789,0,0,1,0,0,0,0,0,0
20790,0,0,1,0,0,0,0,0,0
20791,0,0,1,0,0,0,0,0,0
20792,0,0,1,0,0,0,0,0,0
20793,0,0,1,0,0,0,0,0,0
20794,0,0,1,0,0,0,0,0,0
20795,0,0,1,0,0,0,0,0,0
20796,0,0,1,0,0,0,0,0,0
20797,0,0,1,0,0,0,0,0,0
20798,0,0,1,0,0,0,0,0,0
20799,0,0,1,0,0,0,0,0,0
20800,0,0,1,0,0,0,0,0,0
20801,0,0,1,0,0,0,0,0,0
20802,0,0,1,0,0,0,0,0,0
20803,0,0,1,0,0,0,0,0,0
20804,0,0,1,0,0,0,0,0,0
20805,0,0,1,0,0,0,0,0,0
20806,0,0,1,0,0,0,0,0,0
20807,0,0,1,0,0,0,0,0,0
20808,0,0,1,0,0,0,0,0,0
20809,0,0,1,0,0,0,0,0,0
20810,0,0,1,0,0,0,0,0,0
20811,0,0,1,0,0,0,0,0,0
20812,0,0,1,0,0,0,0,0,0
20813,0,0,1,0,0,0,0,0,0
20814,0,0,1,0,0,0,0,0,0
20815,0,0,1,0,0,0,0,0,0
20816,0,0,1,0,0,0,0,0,0
20817,0,0,1,0,0,0,0,0,0
20818,0,0,1,0,0,0,0,0,0
20819,0,0,1,0,0,0,0,0,0
20820,0,0,1,0,0,0,0,0,0
20821,0,0,1,0,0,0,0,0,0
20822,0,0,1,0,0,0,0,0,0
20823,0,0,1,0,0,0,0,0,0
20824,0,0,1,0,0,0,0,0,0
20825,0,0,1,0,0,0,0,0,0
20826,0,0,1,0,0,0,0,0,0
20827,0,0,1,0,0,0,0,0,0
20828,0,0,1,0,0,0,0,0,0
20829,0,0,1,0,0,0,0,0,0
20830,0,0,1,0,0,0,0,0,0
20831,0,0,1,0,0,0,0,0,0
20832,0,0,1,0,0,0,0,0,0
20833,0,0,1,0,0,0,0,0,0
20834,0,0,1,0,0,0,0,0,0
20835,0,0,1,0,0,0,0,0,0
20836,0,0,1,0,0,0,0,0,0
20837,0,0,1,0,0,0,0,0,0
20838,0,0,1,0,0,0,0,0,0
20839,0,0,1,0,0,0,0,0,0
20840,0,0,1,0,0,0,0,0,0
20841,0,0,1,0,0,0,0,0,0
20842,0,0,1,0,0,0,0,0,0
20843,0,0,1,0,0,0,0,0,0
20844,0,0,1,0,0,0,0,0,0
20845,0,0,1,0,0,0,0,0,0
20846,0,0,1,0,0,0,0,0,0
20847,0,0,1,0,0,0,0,0,0
20848,0,0,1,0,0,0,0,0,0
20849,0,0,1,0,0,0,0,0,0
20850,0,0,1,0,0,0,0,0,0
20851,0,0,1,0,0,0,0,0,0
20852,0,0,1,0,0,0,0,0,0
20853,0,0,1,0,0,0,0,0,0
20854,0,0,1,0,0,0,0,0,0
20855,0,0,1,0,0,0,0,0,0
20856,0,0,1,0,0,0,0,0,0
20857,0,0,1,0,0,0,0,0,0
20858,0,0,1,0,0,0,0,0,0
20859,0,0,1,0,0,0,0,0,0
20860,0,0,1,0,0,0,0,0,0
20861,0,0,1,0,0,0,0,0,0
20862,0,0,1,0,0,0,0,0,0
20863,0,0,1,0,0,0,0,0,0
20864,0,0,1,0,0,0,0,0,0
20865,0,0,1,0,0,0,0,0,0
20866,0,0,1,0,0,0,0,0,0
20867,0,0,1,0,0,0,0,0,0
20868,0,0,1,0,0,0,0,0,0
20869,0,0,1,0,0,0,0,0,0
20870,0,0,1,0,0,0,0,0,0
20871,0,0,1,0,0,0,0,0,0
20872,0,0,1,0,0,0,0,0,0
20873,0,0,1,0,0,0,0,0,0
20874,0,0,1,0,0,0,0,0,0
20875,0,0,1,0,0,0,0,0,0
20876,0,0,1,0,0,0,0,0,0
20877,0,0,1,0,0,0,0,0,0
20878,0,0,1,0,0,0,0,0,0
20879,0,0,1,0,0,0,0,0,0
20880,0,0,1,0,0,0,0,0,0
20881,0,0,1,0,0,0,0,0,0
20882,0,0,1,0,0,0,0,0,0
20883,0,0,1,0,0,0,0,0,0
20884,0,0,1,0,0,0,0,0,0
20885,0,0,1,0,0,0,0,0,0
20886,0,0,1,0,0,0,0,0,0
20887,0,0,1,0,0,0,0,0,0
20888,0,0,1,0,0,0,0,0,0
20889,0,0,1,0,0,0,0,0,0
20890,0,0,1,0,0,0,0,0,0
20891,0,0,1,0,0,0,0,0,0
20892,0,0,1,0,0,0,0,0,0
20893,0,0,1,0,0,0,0,0,0
20894,0,0,1,0,0,0,0,0,0
20895,0,0,1,0,0,0,0,0,0
20896,0,0,1,0,0,0,0,0,0
20897,0,0,1,0,0,0,0,0,0
20898,0,0,1,0,0,0,0,0,0
20899,0,0,1,0,0,0,0,0,0
20900,0,0,1,0,0,0,0,0,0
20901,0,0,1,0,0,0,0,0,0
20902,0,0,1,0,0,0,0,0,0
20903,0,0,1,0,0,0,0,0,0
20904,0,0,1,0,0,0,0,0,0
20905,0,0,1,0,0,0,0,0,0
20906,0,0,1,0,0,0,0,0,0
20907,0,0,1,0,0,0,0,0,0
20908,0,0,1,0,0,0,0,0,0
20909,0,0,1,0,0,0,0,0,0
20910,0,0,1,0,0,0,0,0,0
20911,0,0,1,0,0,0,0,0,0
20912,0,0,1,0,0,0,0,0,0
20913,0,0,1,0,0,0,0,0,0
20914,0,0,1,0,0,0,0,0,0
20915,0,0,1,0,0,0,0,0,0
20916,0,0,1,0,0,0,0,0,0
20917,0,0,1,0,0,0,0,0,0
20918,0,0,1,0,0,0,0,0,0
20919,0,0,1,0,0,0,0,0,0
20920,0,0,1,0,0,0,0,0,0
20921,0,0,1,0,0,0,0,0,0
20922,0,0,1,0,0,0,0,0,0
20923,0,0,1,0,0,0,0,0,0
20924,0,0,1,0,0,0,0,0,0
20925,0,0,1,0,0,0,0,0,0
20926,0,0,1,0,0,0,0,0,0
20927,0,0,1,0,0,0,0,0,0
20928,0,0,1,0,0,0,0,0,0
20929,0,0,1,0,0,0,0,0,0
20930,0,0,1,0,0,0,0,0,0
20931,0,0,1,0,0,0,0,0,0
20932,0,0,1,0,0,0,0,0,0
20933,0,0,1,0,0,0,0,0,0
20934,0,0,1,0,0,0,0,0,0
20935,0,0,1,0,0,0,0,0,0
20936,0,0,1,0,0,0,0,0,0
20937,0,0,1,0,0,0,0,0,0
20938,0,0,1,0,0,0,0,0,0
20939,0,0,1,0,0,0,0,0,0
20940,0,0,1,0,0,0,0,0,0
20941,0,0,1,0,0,0,0,0,0
20942,0,0,1,0,0,0,0,0,0
20943,0,0,1,0,0,0,0,0,0
20944,0,0,1,0,0,0,0,0,0
20945,0,0,1,0,0,0,0,0,0
20946,0,0,1,0,0,0,0,0,0
20947,0,0,1,0,0,0,0,0,0
20948,0,0,1,0,0,0,0,0,0
20949,0,0,1,0,0,0,0,0,0
20950,0,0,1,0,0,0,0,0,0
20951,0,0,1,0,0,0,0,0,0
20952,0,0,1,0,0,0,0,0,0
20953,0,0,1,0,0,0,0,0,0
20954,0,0,1,0,0,0,0,0,0
20955,0,0,1,0,0,0,0,0,0
20956,0,0,1,0,0,0,0,0,0
20957,0,0,1,0,0,0,0,0,0
20958,0,0,1,0,0,0,0,0,0
20959,0,0,1,0,0,0,0,0,0
20960,0,0,1,0,0,0,0,0,0
20961,0,0,1,0,0,0,0,0,0
20962,0,0,1,0,0,0,0,0,0
20963,0,0,1,0,0,0,0,0,0
20964,0,0,1,0,0,0,0,0,0
20965,0,0,1,0,0,0,0,0,0
20966,0,0,1,0,0,0,0,0,0
20967,0,0,1,0,0,0,0,0,0
20968,0,0,1,0,0,0,0,0,0
20969,0,0,1,0,0,0,0,0,0
20970,0,0,1,0,0,0,0,0,0
20971,0,0,1,0,0,0,0,0,0
20972,0,0,1,0,0,0,0,0,0
20973,0,0,1,0,0,0,0,0,0
20974,0,0,1,0,0,0,0,0,0
20975,0,0,1,0,0,0,0,0,0
20976,0,0,1,0,0,0,0,0,0
20977,0,0,1,0,0,0,0,0,0
20978,0,0,1,0,0,0,0,0,0
20979,0,0,1,0,0,0,0,0,0
20980,0,0,1,0,0,0,0,0,0
20981,0,0,1,0,0,0,0,0,0
20982,0,0,1,0,0,0,0,0,0
20983,0,0,1,0,0,0,0,0,0
20984,0,0,1,0,0,0,0,0,0
20985,0,0,1,0,0,0,0,0,0
20986,0,0,1,0,0,0,0,0,0
20987,0,0,1,0,0,0,0,0,0
20988,0,0,1,0,0,0,0,0,0
20989,0,0,1,0,0,0,0,0,0
20990,0,0,1,0,0,0,0,0,0
20991,0,0,1,0,0,0,0,0,0
20992,0,0,1,0,0,0,0,0,0
20993,0,0,1,0,0,0,0,0,0
20994,0,0,1,0,0,0,0,0,0
20995,0,0,1,0,0,0,0,0,0
20996,0,0,1,0,0,0,0,0,0
20997,0,0,1,0,0,0,0,0,0
20998,0,0,1,0,0,0,0,0,0
20999,0,0,1,0,0,0,0,0,0
21000,0,0,1,0,0,0,0,0,0
21001,0,0,1,0,0,0,0,0,0
21002,0,0,1,0,0,0,0,0,0
21003,0,0,1,0,0,0,0,0,0
21004,0,0,1,0,0,0,0,0,0
21005,0,0,1,0,0,0,0,0,0
21006,0,0,1,0,0,0,0,0,0
21007,0,0,1,0,0,0,0,0,0
21008,0,0,1,0,0,0,0,0,0
21009,0,0,1,0,0,0,0,0,0
21010,0,0,1,0,0,0,0,0,0
21011,0,0,1,0,0,0,0,0,0
21012,0,0,1,0,0,0,0,0,0
21013,0,0,1,0,0,0,0,0,0
21014,0,0,1,0,0,0,0,0,0
21015,0,0,1,0,0,0,0,0,0
21016,0,0,1,0,0,0,0,0,0
21017,0,0,1,0,0,0,0,0,0
21018,0,0,1,0,0,0,0,0,0
21019,0,0,1,0,0,0,0,0,0
21020,0,0,1,0,0,0,0,0,0
21021,0,0,1,0,0,0,0,0,0
21022,0,0,1,0,0,0,0,0,0
21023,0,0,1,0,0,0,0,0,0
21024,0,0,1,0,0,0,0,0,0
21025,0,0,1,0,0,0,0,0,0
21026,0,0,1,0,0,0,0,0,0
21027,0,0,1,0,0,0,0,0,0
21028,0,0,1,0,0,0,0,0,0
21029,0,0,1,0,0,0,0,0,0
21030,0,0,1,0,0,0,0,0,0
21031,0,0,1,0,0,0,0,0,0
21032,0,0,1,0,0,0,0,0,0
21033,0,0,1,0,0,0,0,0,0
21034,0,0,1,0,0,0,0,0,0
21035,0,0,1,0,0,0,0,0,0
21036,0,0,1,0,0,0,0,0,0
21037,0,0,1,0,0,0,0,0,0
21038,0,0,1,0,0,0,0,0,0
21039,0,0,1,0,0,0,0,0,0
21040,0,0,1,0,0,0,0,0,0
21041,0,0,1,0,0,0,0,0,0
21042,0,0,1,0,0,0,0,0,0
21043,0,0,1,0,0,0,0,0,0
21044,0,0,1,0,0,0,0,0,0
21045,0,0,1,0,0,0,0,0,0
21046,0,0,1,0,0,0,0,0,0
21047,0,0,1,0,0,0,0,0,0
21048,0,0,1,0,0,0,0,0,0
21049,0,0,1,0,0,0,0,0,0
21050,0,0,1,0,0,0,0,0,0
21051,0,0,1,0,0,0,0,0,0
21052,0,0,1,0,0,0,0,0,0
21053,0,0,1,0,0,0,0,0,0
21054,0,0,1,0,0,0,0,0,0
21055,0,0,1,0,0,0,0,0,0
21056,0,0,1,0,0,0,0,0,0
21057,0,0,1,0,0,0,0,0,0
21058,0,0,1,0,0,0,0,0,0
21059,0,0,1,0,0,0,0,0,0
21060,0,0,1,0,0,0,0,0,0
21061,0,0,1,0,0,0,0,0,0
21062,0,0,1,0,0,0,0,0,0
21063,0,0,1,0,0,0,0,0,0
21064,0,0,1,0,0,0,0,0,0
21065,0,0,1,0,0,0,0,0,0
21066,0,0,1,0,0,0,0,0,0
21067,0,0,1,0,0,0,0,0,0
21068,0,0,1,0,0,0,0,0,0
21069,0,0,1,0,0,0,0,0,0
21070,0,0,1,0,0,0,0,0,0
21071,0,0,1,0,0,0,0,0,0
21072,0,0,1,0,0,0,0,0,0
21073,0,0,1,0,0,0,0,0,0
21074,0,0,1,0,0,0,0,0,0
21075,0,0,1,0,0,0,0,0,0
21076,0,0,1,0,0,0,0,0,0
21077,0,0,1,0,0,0,0,0,0
21078,0,0,1,0,0,0,0,0,0
21079,0,0,1,0,0,0,0,0,0
21080,0,0,1,0,0,0,0,0,0
21081,0,0,1,0,0,0,0,0,0
21082,0,0,1,0,0,0,0,0,0
21083,0,0,1,0,0,0,0,0,0
21084,0,0,1,0,0,0,0,0,0
21085,0,0,1,0,0,0,0,0,0
21086,0,0,1,0,0,0,0,0,0
21087,0,0,1,0,0,0,0,0,0
21088,0,0,1,0,0,0,0,0,0
21089,0,0,1,0,0,0,0,0,0
21090,0,0,1,0,0,0,0,0,0
21091,0,0,1,0,0,0,0,0,0
21092,0,0,1,0,0,0,0,0,0
21093,0,0,1,0,0,0,0,0,0
21094,0,0,1,0,0,0,0,0,0
21095,0,0,1,0,0,0,0,0,0
21096,0,0,1,0,0,0,0,0,0
21097,0,0,1,0,0,0,0,0,0
21098,0,0,1,0,0,0,0,0,0
21099,0,0,1,0,0,0,0,0,0
21100,0,0,1,0,0,0,0,0,0
21101,0,0,1,0,0,0,0,0,0
21102,0,0,1,0,0,0,0,0,0
21103,0,0,1,0,0,0,0,0,0
21104,0,0,1,0,0,0,0,0,0
21105,0,0,1,0,0,0,0,0,0
21106,0,0,1,0,0,0,0,0,0
21107,0,0,1,0,0,0,0,0,0
21108,0,0,1,0,0,0,0,0,0
21109,0,0,1,0,0,0,0,0,0
21110,0,0,1,0,0,0,0,0,0
21111,0,0,1,0,0,0,0,0,0
21112,0,0,1,0,0,0,0,0,0
21113,0,0,1,0,0,0,0,0,0
21114,0,0,1,0,0,0,0,0,0
21115,0,0,1,0,0,0,0,0,0
21116,0,0,1,0,0,0,0,0,0
21117,0,0,1,0,0,0,0,0,0
21118,0,0,1,0,0,0,0,0,0
21119,0,0,1,0,0,0,0,0,0
21120,0,0,1,0,0,0,0,0,0
21121,0,0,1,0,0,0,0,0,0
21122,0,0,1,0,0,0,0,0,0
21123,0,0,1,0,0,0,0,0,0
21124,0,0,1,0,0,0,0,0,0
21125,0,0,1,0,0,0,0,0,0
21126,0,0,1,0,0,0,0,0,0
21127,0,0,1,0,0,0,0,0,0
21128,0,0,1,0,0,0,0,0,0
21129,0,0,1,0,0,0,0,0,0
21130,0,0,1,0,0,0,0,0,0
21131,0,0,1,0,0,0,0,0,0
21132,0,0,1,0,0,0,0,0,0
21133,0,0,1,0,0,0,0,0,0
21134,0,0,1,0,0,0,0,0,0
21135,0,0,1,0,0,0,0,0,0
21136,0,0,1,0,0,0,0,0,0
21137,0,0,1,0,0,0,0,0,0
21138,0,0,1,0,0,0,0,0,0
21139,0,0,1,0,0,0,0,0,0
21140,0,0,1,0,0,0,0,0,0
21141,0,0,1,0,0,0,0,0,0
21142,0,0,1,0,0,0,0,0,0
21143,0,0,1,0,0,0,0,0,0
21144,0,0,1,0,0,0,0,0,0
21145,0,0,1,0,0,0,0,0,0
21146,0,0,1,0,0,0,0,0,0
21147,0,0,1,0,0,0,0,0,0
21148,0,0,1,0,0,0,0,0,0
21149,0,0,1,0,0,0,0,0,0
21150,0,0,1,0,0,0,0,0,0
21151,0,0,1,0,0,0,0,0,0
21152,0,0,1,0,0,0,0,0,0
21153,0,0,1,0,0,0,0,0,0
21154,0,0,1,0,0,0,0,0,0
21155,0,0,1,0,0,0,0,0,0
21156,0,0,1,0,0,0,0,0,0
21157,0,0,1,0,0,0,0,0,0
21158,0,0,1,0,0,0,0,0,0
21159,0,0,1,0,0,0,0,0,0
21160,0,0,1,0,0,0,0,0,0
21161,0,0,1,0,0,0,0,0,0
21162,0,0,1,0,0,0,0,0,0
21163,0,0,1,0,0,0,0,0,0
21164,0,0,1,0,0,0,0,0,0
21165,0,0,1,0,0,0,0,0,0
21166,0,0,1,0,0,0,0,0,0
21167,0,0,1,0,0,0,0,0,0
21168,0,0,1,0,0,0,0,0,0
21169,0,0,1,0,0,0,0,0,0
21170,0,0,1,0,0,0,0,0,0
21171,0,0,1,0,0,0,0,0,0
21172,0,0,1,0,0,0,0,0,0
21173,0,0,1,0,0,0,0,0,0
21174,0,0,1,0,0,0,0,0,0
21175,0,0,1,0,0,0,0,0,0
21176,0,0,1,0,0,0,0,0,0
21177,0,0,1,0,0,0,0,0,0
21178,0,0,1,0,0,0,0,0,0
21179,0,0,1,0,0,0,0,0,0
21180,0,0,1,0,0,0,0,0,0
21181,0,0,1,0,0,0,0,0,0
21182,0,0,1,0,0,0,0,0,0
21183,0,0,1,0,0,0,0,0,0
21184,0,0,1,0,0,0,0,0,0
21185,0,0,1,0,0,0,0,0,0
21186,0,0,1,0,0,0,0,0,0
21187,0,0,1,0,0,0,0,0,0
21188,0,0,1,0,0,0,0,0,0
21189,0,0,1,0,0,0,0,0,0
21190,0,0,1,0,0,0,0,0,0
21191,0,0,1,0,0,0,0,0,0
21192,0,0,1,0,0,0,0,0,0
21193,0,0,1,0,0,0,0,0,0
21194,0,0,1,0,0,0,0,0,0
21195,0,0,1,0,0,0,0,0,0
21196,0,0,1,0,0,0,0,0,0
21197,0,0,1,0,0,0,0,0,0
21198,0,0,1,0,0,0,0,0,0
21199,0,0,1,0,0,0,0,0,0
21200,0,0,1,0,0,0,0,0,0
21201,0,0,1,0,0,0,0,0,0
21202,0,0,1,0,0,0,0,0,0
21203,0,0,1,0,0,0,0,0,0
21204,0,0,1,0,0,0,0,0,0
21205,0,0,1,0,0,0,0,0,0
21206,0,0,1,0,0,0,0,0,0
21207,0,0,1,0,0,0,0,0,0
21208,0,0,1,0,0,0,0,0,0
21209,0,0,1,0,0,0,0,0,0
21210,0,0,1,0,0,0,0,0,0
21211,0,0,1,0,0,0,0,0,0
21212,0,0,1,0,0,0,0,0,0
21213,0,0,1,0,0,0,0,0,0
21214,0,0,1,0,0,0,0,0,0
21215,0,0,1,0,0,0,0,0,0
21216,0,0,1,0,0,0,0,0,0
21217,0,0,1,0,0,0,0,0,0
21218,0,0,1,0,0,0,0,0,0
21219,0,0,1,0,0,0,0,0,0
21220,0,0,1,0,0,0,0,0,0
21221,0,0,1,0,0,0,0,0,0
21222,0,0,1,0,0,0,0,0,0
21223,0,0,1,0,0,0,0,0,0
21224,0,0,1,0,0,0,0,0,0
21225,0,0,1,0,0,0,0,0,0
21226,0,0,1,0,0,0,0,0,0
21227,0,0,1,0,0,0,0,0,0
21228,0,0,1,0,0,0,0,0,0
21229,0,0,1,0,0,0,0,0,0
21230,0,0,1,0,0,0,0,0,0
21231,0,0,1,0,0,0,0,0,0
21232,0,0,1,0,0,0,0,0,0
21233,0,0,1,0,0,0,0,0,0
21234,0,0,1,0,0,0,0,0,0
21235,0,0,1,0,0,0,0,0,0
21236,0,0,1,0,0,0,0,0,0
21237,0,0,1,0,0,0,0,0,0
21238,0,0,1,0,0,0,0,0,0
21239,0,0,1,0,0,0,0,0,0
21240,0,0,1,0,0,0,0,0,0
21241,0,0,1,0,0,0,0,0,0
21242,0,0,1,0,0,0,0,0,0
21243,0,0,1,0,0,0,0,0,0
21244,0,0,1,0,0,0,0,0,0
21245,0,0,1,0,0,0,0,0,0
21246,0,0,1,0,0,0,0,0,0
21247,0,0,1,0,0,0,0,0,0
21248,0,0,1,0,0,0,0,0,0
21249,0,0,1,0,0,0,0,0,0
21250,0,0,1,0,0,0,0,0,0
21251,0,0,1,0,0,0,0,0,0
21252,0,0,1,0,0,0,0,0,0
21253,0,0,1,0,0,0,0,0,0
21254,0,0,1,0,0,0,0,0,0
21255,0,0,1,0,0,0,0,0,0
21256,0,0,1,0,0,0,0,0,0
21257,0,0,1,0,0,0,0,0,0
21258,0,0,1,0,0,0,0,0,0
21259,0,0,1,0,0,0,0,0,0
21260,0,0,1,0,0,0,0,0,0
21261,0,0,1,0,0,0,0,0,0
21262,0,0,1,0,0,0,0,0,0
21263,0,0,1,0,0,0,0,0,0
21264,0,0,1,0,0,0,0,0,0
21265,0,0,1,0,0,0,0,0,0
21266,0,0,1,0,0,0,0,0,0
21267,0,0,1,0,0,0,0,0,0
21268,0,0,1,0,0,0,0,0,0
21269,0,0,1,0,0,0,0,0,0
21270,0,0,1,0,0,0,0,0,0
21271,0,0,1,0,0,0,0,0,0
21272,0,0,1,0,0,0,0,0,0
21273,0,0,1,0,0,0,0,0,0
21274,0,0,1,0,0,0,0,0,0
21275,0,0,1,0,0,0,0,0,0
21276,0,0,1,0,0,0,0,0,0
21277,0,0,1,0,0,0,0,0,0
21278,0,0,1,0,0,0,0,0,0
21279,0,0,1,0,0,0,0,0,0
21280,0,0,1,0,0,0,0,0,0
21281,0,0,1,0,0,0,0,0,0
21282,0,0,1,0,0,0,0,0,0
21283,0,0,1,0,0,0,0,0,0
21284,0,0,1,0,0,0,0,0,0
21285,0,0,1,0,0,0,0,0,0
21286,0,0,1,0,0,0,0,0,0
21287,0,0,1,0,0,0,0,0,0
21288,0,0,1,0,0,0,0,0,0
21289,0,0,1,0,0,0,0,0,0
21290,0,0,1,0,0,0,0,0,0
21291,0,0,1,0,0,0,0,0,0
21292,0,0,1,0,0,0,0,0,0
21293,0,0,1,0,0,0,0,0,0
21294,0,0,1,0,0,0,0,0,0
21295,0,0,1,0,0,0,0,0,0
21296,0,0,1,0,0,0,0,0,0
21297,0,0,1,0,0,0,0,0,0
21298,0,0,1,0,0,0,0,0,0
21299,0,0,1,0,0,0,0,0,0
21300,0,0,1,0,0,0,0,0,0
21301,0,0,1,0,0,0,0,0,0
21302,0,0,1,0,0,0,0,0,0
21303,0,0,1,0,0,0,0,0,0
21304,0,0,1,0,0,0,0,0,0
21305,0,0,1,0,0,0,0,0,0
21306,0,0,1,0,0,0,0,0,0
21307,0,0,1,0,0,0,0,0,0
21308,0,0,1,0,0,0,0,0,0
21309,0,0,1,0,0,0,0,0,0
21310,0,0,1,0,0,0,0,0,0
21311,0,0,1,0,0,0,0,0,0
21312,0,0,1,0,0,0,0,0,0
21313,0,0,1,0,0,0,0,0,0
21314,0,0,1,0,0,0,0,0,0
21315,0,0,1,0,0,0,0,0,0
21316,0,0,1,0,0,0,0,0,0
21317,0,0,1,0,0,0,0,0,0
21318,0,0,1,0,0,0,0,0,0
21319,0,0,1,0,0,0,0,0,0
21320,0,0,1,0,0,0,0,0,0
21321,0,0,1,0,0,0,0,0,0
21322,0,0,1,0,0,0,0,0,0
21323,0,0,1,0,0,0,0,0,0
21324,0,0,1,0,0,0,0,0,0
21325,0,0,1,0,0,0,0,0,0
21326,0,0,1,0,0,0,0,0,0
21327,0,0,1,0,0,0,0,0,0
21328,0,0,1,0,0,0,0,0,0
21329,0,0,1,0,0,0,0,0,0
21330,0,0,1,0,0,0,0,0,0
21331,0,0,1,0,0,0,0,0,0
21332,0,0,1,0,0,0,0,0,0
21333,0,0,1,0,0,0,0,0,0
21334,0,0,1,0,0,0,0,0,0
21335,0,0,1,0,0,0,0,0,0
21336,0,0,1,0,0,0,0,0,0
21337,0,0,1,0,0,0,0,0,0
21338,0,0,1,0,0,0,0,0,0
21339,0,0,1,0,0,0,0,0,0
21340,0,0,1,0,0,0,0,0,0
21341,0,0,1,0,0,0,0,0,0
21342,0,0,1,0,0,0,0,0,0
21343,0,0,1,0,0,0,0,0,0
21344,0,0,1,0,0,0,0,0,0
21345,0,0,1,0,0,0,0,0,0
21346,0,0,1,0,0,0,0,0,0
21347,0,0,1,0,0,0,0,0,0
21348,0,0,1,0,0,0,0,0,0
21349,0,0,1,0,0,0,0,0,0
21350,0,0,1,0,0,0,0,0,0
21351,0,0,1,0,0,0,0,0,0
21352,0,0,1,0,0,0,0,0,0
21353,0,0,1,0,0,0,0,0,0
21354,0,0,1,0,0,0,0,0,0
21355,0,0,1,0,0,0,0,0,0
21356,0,0,1,0,0,0,0,0,0
21357,0,0,1,0,0,0,0,0,0
21358,0,0,1,0,0,0,0,0,0
21359,0,0,1,0,0,0,0,0,0
21360,0,0,1,0,0,0,0,0,0
21361,0,0,1,0,0,0,0,0,0
21362,0,0,1,0,0,0,0,0,0
21363,0,0,1,0,0,0,0,0,0
21364,0,0,1,0,0,0,0,0,0
21365,0,0,1,0,0,0,0,0,0
21366,0,0,1,0,0,0,0,0,0
21367,0,0,1,0,0,0,0,0,0
21368,0,0,1,0,0,0,0,0,0
21369,0,0,1,0,0,0,0,0,0
21370,0,0,1,0,0,0,0,0,0
21371,0,0,1,0,0,0,0,0,0
21372,0,0,1,0,0,0,0,0,0
21373,0,0,1,0,0,0,0,0,0
21374,0,0,1,0,0,0,0,0,0
21375,0,0,1,0,0,0,0,0,0
21376,0,0,1,0,0,0,0,0,0
21377,0,0,1,0,0,0,0,0,0
21378,0,0,1,0,0,0,0,0,0
21379,0,0,1,0,0,0,0,0,0
21380,0,0,1,0,0,0,0,0,0
21381,0,0,1,0,0,0,0,0,0
21382,0,0,1,0,0,0,0,0,0
21383,0,0,1,0,0,0,0,0,0
21384,0,0,1,0,0,0,0,0,0
21385,0,0,1,0,0,0,0,0,0
21386,0,0,1,0,0,0,0,0,0
21387,0,0,1,0,0,0,0,0,0
21388,0,0,1,0,0,0,0,0,0
21389,0,0,1,0,0,0,0,0,0
21390,0,0,1,0,0,0,0,0,0
21391,0,0,1,0,0,0,0,0,0
21392,0,0,1,0,0,0,0,0,0
21393,0,0,1,0,0,0,0,0,0
21394,0,0,1,0,0,0,0,0,0
21395,0,0,1,0,0,0,0,0,0
21396,0,0,1,0,0,0,0,0,0
21397,0,0,1,0,0,0,0,0,0
21398,0,0,1,0,0,0,0,0,0
21399,0,0,1,0,0,0,0,0,0
21400,0,0,1,0,0,0,0,0,0
21401,0,0,1,0,0,0,0,0,0
21402,0,0,1,0,0,0,0,0,0
21403,0,0,1,0,0,0,0,0,0
21404,0,0,1,0,0,0,0,0,0
21405,0,0,1,0,0,0,0,0,0
21406,0,0,1,0,0,0,0,0,0
21407,0,0,1,0,0,0,0,0,0
21408,0,0,1,0,0,0,0,0,0
21409,0,0,1,0,0,0,0,0,0
21410,0,0,1,0,0,0,0,0,0
21411,0,0,1,0,0,0,0,0,0
21412,0,0,1,0,0,0,0,0,0
21413,0,0,1,0,0,0,0,0,0
21414,0,0,1,0,0,0,0,0,0
21415,0,0,1,0,0,0,0,0,0
21416,0,0,1,0,0,0,0,0,0
21417,0,0,1,0,0,0,0,0,0
21418,0,0,1,0,0,0,0,0,0
21419,0,0,1,0,0,0,0,0,0
21420,0,0,1,0,0,0,0,0,0
21421,0,0,1,0,0,0,0,0,0
21422,0,0,1,0,0,0,0,0,0
21423,0,0,1,0,0,0,0,0,0
21424,0,0,1,0,0,0,0,0,0
21425,0,0,1,0,0,0,0,0,0
21426,0,0,1,0,0,0,0,0,0
21427,0,0,1,0,0,0,0,0,0
21428,0,0,1,0,0,0,0,0,0
21429,0,0,1,0,0,0,0,0,0
21430,0,0,1,0,0,0,0,0,0
21431,0,0,1,0,0,0,0,0,0
21432,0,0,1,0,0,0,0,0,0
21433,0,0,1,0,0,0,0,0,0
21434,0,0,1,0,0,0,0,0,0
21435,0,0,1,0,0,0,0,0,0
21436,0,0,1,0,0,0,0,0,0
21437,0,0,1,0,0,0,0,0,0
21438,0,0,1,0,0,0,0,0,0
21439,0,0,1,0,0,0,0,0,0
21440,0,0,1,0,0,0,0,0,0
21441,0,0,1,0,0,0,0,0,0
21442,0,0,1,0,0,0,0,0,0
21443,0,0,1,0,0,0,0,0,0
21444,0,0,1,0,0,0,0,0,0
21445,0,0,1,0,0,0,0,0,0
21446,0,0,1,0,0,0,0,0,0
21447,0,0,1,0,0,0,0,0,0
21448,0,0,1,0,0,0,0,0,0
21449,0,0,1,0,0,0,0,0,0
21450,0,0,1,0,0,0,0,0,0
21451,0,0,1,0,0,0,0,0,0
21452,0,0,1,0,0,0,0,0,0
21453,0,0,1,0,0,0,0,0,0
21454,0,0,1,0,0,0,0,0,0
21455,0,0,1,0,0,0,0,0,0
21456,0,0,1,0,0,0,0,0,0
21457,0,0,1,0,0,0,0,0,0
21458,0,0,1,0,0,0,0,0,0
21459,0,0,1,0,0,0,0,0,0
21460,0,0,1,0,0,0,0,0,0
21461,0,0,1,0,0,0,0,0,0
21462,0,0,1,0,0,0,0,0,0
21463,0,0,1,0,0,0,0,0,0
21464,0,0,1,0,0,0,0,0,0
21465,0,0,1,0,0,0,0,0,0
21466,0,0,1,0,0,0,0,0,0
21467,0,0,1,0,0,0,0,0,0
21468,0,0,1,0,0,0,0,0,0
21469,0,0,1,0,0,0,0,0,0
21470,0,0,1,0,0,0,0,0,0
21471,0,0,1,0,0,0,0,0,0
21472,0,0,1,0,0,0,0,0,0
21473,0,0,1,0,0,0,0,0,0
21474,0,0,1,0,0,0,0,0,0
21475,0,0,1,0,0,0,0,0,0
21476,0,0,1,0,0,0,0,0,0
21477,0,0,1,0,0,0,0,0,0
21478,0,0,1,0,0,0,0,0,0
21479,0,0,1,0,0,0,0,0,0
21480,0,0,1,0,0,0,0,0,0
21481,0,0,1,0,0,0,0,0,0
21482,0,0,1,0,0,0,0,0,0
21483,0,0,1,0,0,0,0,0,0
21484,0,0,1,0,0,0,0,0,0
21485,0,0,1,0,0,0,0,0,0
21486,0,0,1,0,0,0,0,0,0
21487,0,0,1,0,0,0,0,0,0
21488,0,0,1,0,0,0,0,0,0
21489,0,0,1,0,0,0,0,0,0
21490,0,0,1,0,0,0,0,0,0
21491,0,0,1,0,0,0,0,0,0
21492,0,0,1,0,0,0,0,0,0
21493,0,0,1,0,0,0,0,0,0
21494,0,0,1,0,0,0,0,0,0
21495,0,0,1,0,0,0,0,0,0
21496,0,0,1,0,0,0,0,0,0
21497,0,0,1,0,0,0,0,0,0
21498,0,0,1,0,0,0,0,0,0
21499,0,0,1,0,0,0,0,0,0
21500,0,0,1,0,0,0,0,0,0
21501,0,0,1,0,0,0,0,0,0
21502,0,0,1,0,0,0,0,0,0
21503,0,0,1,0,0,0,0,0,0
21504,0,0,1,0,0,0,0,0,0
21505,0,0,1,0,0,0,0,0,0
21506,0,0,1,0,0,0,0,0,0
21507,0,0,1,0,0,0,0,0,0
21508,0,0,1,0,0,0,0,0,0
21509,0,0,1,0,0,0,0,0,0
21510,0,0,1,0,0,0,0,0,0
21511,0,0,1,0,0,0,0,0,0
21512,0,0,1,0,0,0,0,0,0
21513,0,0,1,0,0,0,0,0,0
21514,0,0,1,0,0,0,0,0,0
21515,0,0,1,0,0,0,0,0,0
21516,0,0,1,0,0,0,0,0,0
21517,0,0,1,0,0,0,0,0,0
21518,0,0,1,0,0,0,0,0,0
21519,0,0,1,0,0,0,0,0,0
21520,0,0,1,0,0,0,0,0,0
21521,0,0,1,0,0,0,0,0,0
21522,0,0,1,0,0,0,0,0,0
21523,0,0,1,0,0,0,0,0,0
21524,0,0,1,0,0,0,0,0,0
21525,0,0,1,0,0,0,0,0,0
21526,0,0,1,0,0,0,0,0,0
21527,0,0,1,0,0,0,0,0,0
21528,0,0,1,0,0,0,0,0,0
21529,0,0,1,0,0,0,0,0,0
21530,0,0,1,0,0,0,0,0,0
21531,0,0,1,0,0,0,0,0,0
21532,0,0,1,0,0,0,0,0,0
21533,0,0,1,0,0,0,0,0,0
21534,0,0,1,0,0,0,0,0,0
21535,0,0,1,0,0,0,0,0,0
21536,0,0,1,0,0,0,0,0,0
21537,0,0,1,0,0,0,0,0,0
21538,0,0,1,0,0,0,0,0,0
21539,0,0,1,0,0,0,0,0,0
21540,0,0,1,0,0,0,0,0,0
21541,0,0,1,0,0,0,0,0,0
21542,0,0,1,0,0,0,0,0,0
21543,0,0,1,0,0,0,0,0,0
21544,0,0,1,0,0,0,0,0,0
21545,0,0,1,0,0,0,0,0,0
21546,0,0,1,0,0,0,0,0,0
21547,0,0,1,0,0,0,0,0,0
21548,0,0,1,0,0,0,0,0,0
21549,0,0,1,0,0,0,0,0,0
21550,0,0,1,0,0,0,0,0,0
21551,0,0,1,0,0,0,0,0,0
21552,0,0,1,0,0,0,0,0,0
21553,0,0,1,0,0,0,0,0,0
21554,0,0,1,0,0,0,0,0,0
21555,0,0,1,0,0,0,0,0,0
21556,0,0,1,0,0,0,0,0,0
21557,0,0,1,0,0,0,0,0,0
21558,0,0,1,0,0,0,0,0,0
21559,0,0,1,0,0,0,0,0,0
21560,0,0,1,0,0,0,0,0,0
21561,0,0,1,0,0,0,0,0,0
21562,0,0,1,0,0,0,0,0,0
21563,0,0,1,0,0,0,0,0,0
21564,0,0,1,0,0,0,0,0,0
21565,0,0,1,0,0,0,0,0,0
21566,0,0,1,0,0,0,0,0,0
21567,0,0,1,0,0,0,0,0,0
21568,0,0,1,0,0,0,0,0,0
21569,0,0,1,0,0,0,0,0,0
21570,0,0,1,0,0,0,0,0,0
21571,0,0,1,0,0,0,0,0,0
21572,0,0,1,0,0,0,0,0,0
21573,0,0,1,0,0,0,0,0,0
21574,0,0,1,0,0,0,0,0,0
21575,0,0,1,0,0,0,0,0,0
21576,0,0,1,0,0,0,0,0,0
21577,0,0,1,0,0,0,0,0,0
21578,0,0,1,0,0,0,0,0,0
21579,0,0,1,0,0,0,0,0,0
21580,0,0,1,0,0,0,0,0,0
21581,0,0,1,0,0,0,0,0,0
21582,0,0,1,0,0,0,0,0,0
21583,0,0,1,0,0,0,0,0,0
21584,0,0,1,0,0,0,0,0,0
21585,0,0,1,0,0,0,0,0,0
21586,0,0,1,0,0,0,0,0,0
21587,0,0,1,0,0,0,0,0,0
21588,0,0,1,0,0,0,0,0,0
21589,0,0,1,0,0,0,0,0,0
21590,0,0,1,0,0,0,0,0,0
21591,0,0,1,0,0,0,0,0,0
21592,0,0,1,0,0,0,0,0,0
21593,0,0,1,0,0,0,0,0,0
21594,0,0,1,0,0,0,0,0,0
21595,0,0,1,0,0,0,0,0,0
21596,0,0,1,0,0,0,0,0,0
21597,0,0,1,0,0,0,0,0,0
21598,0,0,1,0,0,0,0,0,0
21599,0,0,1,0,0,0,0,0,0
21600,0,0,1,0,0,0,0,0,0
21601,0,0,1,0,0,0,0,0,0
21602,0,0,1,0,0,0,0,0,0
21603,0,0,1,0,0,0,0,0,0
21604,0,0,1,0,0,0,0,0,0
21605,0,0,1,0,0,0,0,0,0
21606,0,0,1,0,0,0,0,0,0
21607,0,0,1,0,0,0,0,0,0
21608,0,0,1,0,0,0,0,0,0
21609,0,0,1,0,0,0,0,0,0
21610,0,0,1,0,0,0,0,0,0
21611,0,0,1,0,0,0,0,0,0
21612,0,0,1,0,0,0,0,0,0
21613,0,0,1,0,0,0,0,0,0
21614,0,0,1,0,0,0,0,0,0
21615,0,0,1,0,0,0,0,0,0
21616,0,0,1,0,0,0,0,0,0
21617,0,0,1,0,0,0,0,0,0
21618,0,0,1,0,0,0,0,0,0
21619,0,0,1,0,0,0,0,0,0
21620,0,0,1,0,0,0,0,0,0
21621,0,0,1,0,0,0,0,0,0
21622,0,0,1,0,0,0,0,0,0
21623,0,0,1,0,0,0,0,0,0
21624,0,0,1,0,0,0,0,0,0
21625,0,0,1,0,0,0,0,0,0
21626,0,0,1,0,0,0,0,0,0
21627,0,0,1,0,0,0,0,0,0
21628,0,0,1,0,0,0,0,0,0
21629,0,0,1,0,0,0,0,0,0
21630,0,0,1,0,0,0,0,0,0
21631,0,0,1,0,0,0,0,0,0
21632,0,0,1,0,0,0,0,0,0
21633,0,0,1,0,0,0,0,0,0
21634,0,0,1,0,0,0,0,0,0
21635,0,0,1,0,0,0,0,0,0
21636,0,0,1,0,0,0,0,0,0
21637,0,0,1,0,0,0,0,0,0
21638,0,0,1,0,0,0,0,0,0
21639,0,0,1,0,0,0,0,0,0
21640,0,0,1,0,0,0,0,0,0
21641,0,0,1,0,0,0,0,0,0
21642,0,0,1,0,0,0,0,0,0
21643,0,0,1,0,0,0,0,0,0
21644,0,0,1,0,0,0,0,0,0
21645,0,0,1,0,0,0,0,0,0
21646,0,0,1,0,0,0,0,0,0
21647,0,0,1,0,0,0,0,0,0
21648,0,0,1,0,0,0,0,0,0
21649,0,0,1,0,0,0,0,0,0
21650,0,0,1,0,0,0,0,0,0
21651,0,0,1,0,0,0,0,0,0
21652,0,0,1,0,0,0,0,0,0
21653,0,0,1,0,0,0,0,0,0
21654,0,0,1,0,0,0,0,0,0
21655,0,0,1,0,0,0,0,0,0
21656,0,0,1,0,0,0,0,0,0
21657,0,0,1,0,0,0,0,0,0
21658,0,0,1,0,0,0,0,0,0
21659,0,0,1,0,0,0,0,0,0
21660,0,0,1,0,0,0,0,0,0
21661,0,0,1,0,0,0,0,0,0
21662,0,0,1,0,0,0,0,0,0
21663,0,0,1,0,0,0,0,0,0
21664,0,0,1,0,0,0,0,0,0
21665,0,0,1,0,0,0,0,0,0
21666,0,0,1,0,0,0,0,0,0
21667,0,0,1,0,0,0,0,0,0
21668,0,0,1,0,0,0,0,0,0
21669,0,0,1,0,0,0,0,0,0
21670,0,0,1,0,0,0,0,0,0
21671,0,0,1,0,0,0,0,0,0
21672,0,0,1,0,0,0,0,0,0
21673,0,0,1,0,0,0,0,0,0
21674,0,0,1,0,0,0,0,0,0
21675,0,0,1,0,0,0,0,0,0
21676,0,0,1,0,0,0,0,0,0
21677,0,0,1,0,0,0,0,0,0
21678,0,0,1,0,0,0,0,0,0
21679,0,0,1,0,0,0,0,0,0
21680,0,0,1,0,0,0,0,0,0
21681,0,0,1,0,0,0,0,0,0
21682,0,0,1,0,0,0,0,0,0
21683,0,0,1,0,0,0,0,0,0
21684,0,0,1,0,0,0,0,0,0
21685,0,0,1,0,0,0,0,0,0
21686,0,0,1,0,0,0,0,0,0
21687,0,0,1,0,0,0,0,0,0
21688,0,0,1,0,0,0,0,0,0
21689,0,0,1,0,0,0,0,0,0
21690,0,0,1,0,0,0,0,0,0
21691,0,0,1,0,0,0,0,0,0
21692,0,0,1,0,0,0,0,0,0
21693,0,0,1,0,0,0,0,0,0
21694,0,0,1,0,0,0,0,0,0
21695,0,0,1,0,0,0,0,0,0
21696,0,0,1,0,0,0,0,0,0
21697,0,0,1,0,0,0,0,0,0
21698,0,0,1,0,0,0,0,0,0
21699,0,0,1,0,0,0,0,0,0
21700,0,0,1,0,0,0,0,0,0
21701,0,0,1,0,0,0,0,0,0
21702,0,0,1,0,0,0,0,0,0
21703,0,0,1,0,0,0,0,0,0
21704,0,0,1,0,0,0,0,0,0
21705,0,0,1,0,0,0,0,0,0
21706,0,0,1,0,0,0,0,0,0
21707,0,0,1,0,0,0,0,0,0
21708,0,0,1,0,0,0,0,0,0
21709,0,0,1,0,0,0,0,0,0
21710,0,0,1,0,0,0,0,0,0
21711,0,0,1,0,0,0,0,0,0
21712,0,0,1,0,0,0,0,0,0
21713,0,0,1,0,0,0,0,0,0
21714,0,0,1,0,0,0,0,0,0
21715,0,0,1,0,0,0,0,0,0
21716,0,0,1,0,0,0,0,0,0
21717,0,0,1,0,0,0,0,0,0
21718,0,0,1,0,0,0,0,0,0
21719,0,0,1,0,0,0,0,0,0
21720,0,0,1,0,0,0,0,0,0
21721,0,0,1,0,0,0,0,0,0
21722,0,0,1,0,0,0,0,0,0
21723,0,0,1,0,0,0,0,0,0
21724,0,0,1,0,0,0,0,0,0
21725,0,0,1,0,0,0,0,0,0
21726,0,0,1,0,0,0,0,0,0
21727,0,0,1,0,0,0,0,0,0
21728,0,0,1,0,0,0,0,0,0
21729,0,0,1,0,0,0,0,0,0
21730,0,0,1,0,0,0,0,0,0
21731,0,0,1,0,0,0,0,0,0
21732,0,0,1,0,0,0,0,0,0
21733,0,0,1,0,0,0,0,0,0
21734,0,0,1,0,0,0,0,0,0
21735,0,0,1,0,0,0,0,0,0
21736,0,0,1,0,0,0,0,0,0
21737,0,0,1,0,0,0,0,0,0
21738,0,0,1,0,0,0,0,0,0
21739,0,0,1,0,0,0,0,0,0
21740,0,0,1,0,0,0,0,0,0
21741,0,0,1,0,0,0,0,0,0
21742,0,0,1,0,0,0,0,0,0
21743,0,0,1,0,0,0,0,0,0
21744,0,0,1,0,0,0,0,0,0
21745,0,0,1,0,0,0,0,0,0
21746,0,0,1,0,0,0,0,0,0
21747,0,0,1,0,0,0,0,0,0
21748,0,0,1,0,0,0,0,0,0
21749,0,0,1,0,0,0,0,0,0
21750,0,0,1,0,0,0,0,0,0
21751,0,0,1,0,0,0,0,0,0
21752,0,0,1,0,0,0,0,0,0
21753,0,0,1,0,0,0,0,0,0
21754,0,0,1,0,0,0,0,0,0
21755,0,0,1,0,0,0,0,0,0
21756,0,0,1,0,0,0,0,0,0
21757,0,0,1,0,0,0,0,0,0
21758,0,0,1,0,0,0,0,0,0
21759,0,0,1,0,0,0,0,0,0
21760,0,0,1,0,0,0,0,0,0
21761,0,0,1,0,0,0,0,0,0
21762,0,0,1,0,0,0,0,0,0
21763,0,0,1,0,0,0,0,0,0
21764,0,0,1,0,0,0,0,0,0
21765,0,0,1,0,0,0,0,0,0
21766,0,0,1,0,0,0,0,0,0
21767,0,0,1,0,0,0,0,0,0
21768,0,0,1,0,0,0,0,0,0
21769,0,0,1,0,0,0,0,0,0
21770,0,0,1,0,0,0,0,0,0
21771,0,0,1,0,0,0,0,0,0
21772,0,0,1,0,0,0,0,0,0
21773,0,0,1,0,0,0,0,0,0
21774,0,0,1,0,0,0,0,0,0
21775,0,0,1,0,0,0,0,0,0
21776,0,0,1,0,0,0,0,0,0
21777,0,0,1,0,0,0,0,0,0
21778,0,0,1,0,0,0,0,0,0
21779,0,0,1,0,0,0,0,0,0
21780,0,0,1,0,0,0,0,0,0
21781,0,0,1,0,0,0,0,0,0
21782,0,0,1,0,0,0,0,0,0
21783,0,0,1,0,0,0,0,0,0
21784,0,0,1,0,0,0,0,0,0
21785,0,0,1,0,0,0,0,0,0
21786,0,0,1,0,0,0,0,0,0
21787,0,0,1,0,0,0,0,0,0
21788,0,0,1,0,0,0,0,0,0
21789,0,0,1,0,0,0,0,0,0
21790,0,0,1,0,0,0,0,0,0
21791,0,0,1,0,0,0,0,0,0
21792,0,0,1,0,0,0,0,0,0
21793,0,0,1,0,0,0,0,0,0
21794,0,0,1,0,0,0,0,0,0
21795,0,0,1,0,0,0,0,0,0
21796,0,0,1,0,0,0,0,0,0
21797,0,0,1,0,0,0,0,0,0
21798,0,0,1,0,0,0,0,0,0
21799,0,0,1,0,0,0,0,0,0
21800,0,0,1,0,0,0,0,0,0
21801,0,0,1,0,0,0,0,0,0
21802,0,0,1,0,0,0,0,0,0
21803,0,0,1,0,0,0,0,0,0
21804,0,0,1,0,0,0,0,0,0
21805,0,0,1,0,0,0,0,0,0
21806,0,0,1,0,0,0,0,0,0
21807,0,0,1,0,0,0,0,0,0
21808,0,0,1,0,0,0,0,0,0
21809,0,0,1,0,0,0,0,0,0
21810,0,0,1,0,0,0,0,0,0
21811,0,0,1,0,0,0,0,0,0
21812,0,0,1,0,0,0,0,0,0
21813,0,0,1,0,0,0,0,0,0
21814,0,0,1,0,0,0,0,0,0
21815,0,0,1,0,0,0,0,0,0
21816,0,0,1,0,0,0,0,0,0
21817,0,0,1,0,0,0,0,0,0
21818,0,0,1,0,0,0,0,0,0
21819,0,0,1,0,0,0,0,0,0
21820,0,0,1,0,0,0,0,0,0
21821,0,0,1,0,0,0,0,0,0
21822,0,0,1,0,0,0,0,0,0
21823,0,0,1,0,0,0,0,0,0
21824,0,0,1,0,0,0,0,0,0
21825,0,0,1,0,0,0,0,0,0
21826,0,0,1,0,0,0,0,0,0
21827,0,0,1,0,0,0,0,0,0
21828,0,0,1,0,0,0,0,0,0
21829,0,0,1,0,0,0,0,0,0
21830,0,0,1,0,0,0,0,0,0
21831,0,0,1,0,0,0,0,0,0
21832,0,0,1,0,0,0,0,0,0
21833,0,0,1,0,0,0,0,0,0
21834,0,0,1,0,0,0,0,0,0
21835,0,0,1,0,0,0,0,0,0
21836,0,0,1,0,0,0,0,0,0
21837,0,0,1,0,0,0,0,0,0
21838,0,0,1,0,0,0,0,0,0
21839,0,0,1,0,0,0,0,0,0
21840,0,0,1,0,0,0,0,0,0
21841,0,0,1,0,0,0,0,0,0
21842,0,0,1,0,0,0,0,0,0
21843,0,0,1,0,0,0,0,0,0
21844,0,0,1,0,0,0,0,0,0
21845,0,0,1,0,0,0,0,0,0
21846,0,0,1,0,0,0,0,0,0
21847,0,0,1,0,0,0,0,0,0
21848,0,0,1,0,0,0,0,0,0
21849,0,0,1,0,0,0,0,0,0
21850,0,0,1,0,0,0,0,0,0
21851,0,0,1,0,0,0,0,0,0
21852,0,0,1,0,0,0,0,0,0
21853,0,0,1,0,0,0,0,0,0
21854,0,0,1,0,0,0,0,0,0
21855,0,0,1,0,0,0,0,0,0
21856,0,0,1,0,0,0,0,0,0
21857,0,0,1,0,0,0,0,0,0
21858,0,0,1,0,0,0,0,0,0
21859,0,0,1,0,0,0,0,0,0
21860,0,0,1,0,0,0,0,0,0
21861,0,0,1,0,0,0,0,0,0
21862,0,0,1,0,0,0,0,0,0
21863,0,0,1,0,0,0,0,0,0
21864,0,0,1,0,0,0,0,0,0
21865,0,0,1,0,0,0,0,0,0
21866,0,0,1,0,0,0,0,0,0
21867,0,0,1,0,0,0,0,0,0
21868,0,0,1,0,0,0,0,0,0
21869,0,0,1,0,0,0,0,0,0
21870,0,0,1,0,0,0,0,0,0
21871,0,0,1,0,0,0,0,0,0
21872,0,0,1,0,0,0,0,0,0
21873,0,0,1,0,0,0,0,0,0
21874,0,0,1,0,0,0,0,0,0
21875,0,0,1,0,0,0,0,0,0
21876,0,0,1,0,0,0,0,0,0
21877,0,0,1,0,0,0,0,0,0
21878,0,0,1,0,0,0,0,0,0
21879,0,0,1,0,0,0,0,0,0
21880,0,0,1,0,0,0,0,0,0
21881,0,0,1,0,0,0,0,0,0
21882,0,0,1,0,0,0,0,0,0
21883,0,0,1,0,0,0,0,0,0
21884,0,0,1,0,0,0,0,0,0
21885,0,0,1,0,0,0,0,0,0
21886,0,0,1,0,0,0,0,0,0
21887,0,0,1,0,0,0,0,0,0
21888,0,0,1,0,0,0,0,0,0
21889,0,0,1,0,0,0,0,0,0
21890,0,0,1,0,0,0,0,0,0
21891,0,0,1,0,0,0,0,0,0
21892,0,0,1,0,0,0,0,0,0
21893,0,0,1,0,0,0,0,0,0
21894,0,0,1,0,0,0,0,0,0
21895,0,0,1,0,0,0,0,0,0
21896,0,0,1,0,0,0,0,0,0
21897,0,0,1,0,0,0,0,0,0
21898,0,0,1,0,0,0,0,0,0
21899,0,0,1,0,0,0,0,0,0
21900,0,0,1,0,0,0,0,0,0
21901,0,0,1,0,0,0,0,0,0
21902,0,0,1,0,0,0,0,0,0
21903,0,0,1,0,0,0,0,0,0
21904,0,0,1,0,0,0,0,0,0
21905,0,0,1,0,0,0,0,0,0
21906,0,0,1,0,0,0,0,0,0
21907,0,0,1,0,0,0,0,0,0
21908,0,0,1,0,0,0,0,0,0
21909,0,0,1,0,0,0,0,0,0
21910,0,0,1,0,0,0,0,0,0
21911,0,0,1,0,0,0,0,0,0
21912,0,0,1,0,0,0,0,0,0
21913,0,0,1,0,0,0,0,0,0
21914,0,0,1,0,0,0,0,0,0
21915,0,0,1,0,0,0,0,0,0
21916,0,0,1,0,0,0,0,0,0
21917,0,0,1,0,0,0,0,0,0
21918,0,0,1,0,0,0,0,0,0
21919,0,0,1,0,0,0,0,0,0
21920,0,0,1,0,0,0,0,0,0
21921,0,0,1,0,0,0,0,0,0
21922,0,0,1,0,0,0,0,0,0
21923,0,0,1,0,0,0,0,0,0
21924,0,0,1,0,0,0,0,0,0
21925,0,0,1,0,0,0,0,0,0
21926,0,0,1,0,0,0,0,0,0
21927,0,0,1,0,0,0,0,0,0
21928,0,0,1,0,0,0,0,0,0
21929,0,0,1,0,0,0,0,0,0
21930,0,0,1,0,0,0,0,0,0
21931,0,0,1,0,0,0,0,0,0
21932,0,0,1,0,0,0,0,0,0
21933,0,0,1,0,0,0,0,0,0
21934,0,0,1,0,0,0,0,0,0
21935,0,0,1,0,0,0,0,0,0
21936,0,0,1,0,0,0,0,0,0
21937,0,0,1,0,0,0,0,0,0
21938,0,0,1,0,0,0,0,0,0
21939,0,0,1,0,0,0,0,0,0
21940,0,0,1,0,0,0,0,0,0
21941,0,0,1,0,0,0,0,0,0
21942,0,0,1,0,0,0,0,0,0
21943,0,0,1,0,0,0,0,0,0
21944,0,0,1,0,0,0,0,0,0
21945,0,0,1,0,0,0,0,0,0
21946,0,0,1,0,0,0,0,0,0
21947,0,0,1,0,0,0,0,0,0
21948,0,0,1,0,0,0,0,0,0
21949,0,0,1,0,0,0,0,0,0
21950,0,0,1,0,0,0,0,0,0
21951,0,0,1,0,0,0,0,0,0
21952,0,0,1,0,0,0,0,0,0
21953,0,0,1,0,0,0,0,0,0
21954,0,0,1,0,0,0,0,0,0
21955,0,0,1,0,0,0,0,0,0
21956,0,0,1,0,0,0,0,0,0
21957,0,0,1,0,0,0,0,0,0
21958,0,0,1,0,0,0,0,0,0
21959,0,0,1,0,0,0,0,0,0
21960,0,0,1,0,0,0,0,0,0
21961,0,0,1,0,0,0,0,0,0
21962,0,0,1,0,0,0,0,0,0
21963,0,0,1,0,0,0,0,0,0
21964,0,0,1,0,0,0,0,0,0
21965,0,0,1,0,0,0,0,0,0
21966,0,0,1,0,0,0,0,0,0
21967,0,0,1,0,0,0,0,0,0
21968,0,0,1,0,0,0,0,0,0
21969,0,0,1,0,0,0,0,0,0
21970,0,0,1,0,0,0,0,0,0
21971,0,0,1,0,0,0,0,0,0
21972,0,0,1,0,0,0,0,0,0
21973,0,0,1,0,0,0,0,0,0
21974,0,0,1,0,0,0,0,0,0
21975,0,0,1,0,0,0,0,0,0
21976,0,0,1,0,0,0,0,0,0
21977,0,0,1,0,0,0,0,0,0
21978,0,0,1,0,0,0,0,0,0
21979,0,0,1,0,0,0,0,0,0
21980,0,0,1,0,0,0,0,0,0
21981,0,0,1,0,0,0,0,0,0
21982,0,0,1,0,0,0,0,0,0
21983,0,0,1,0,0,0,0,0,0
21984,0,0,1,0,0,0,0,0,0
21985,0,0,1,0,0,0,0,0,0
21986,0,0,1,0,0,0,0,0,0
21987,0,0,1,0,0,0,0,0,0
21988,0,0,1,0,0,0,0,0,0
21989,0,0,1,0,0,0,0,0,0
21990,0,0,1,0,0,0,0,0,0
21991,0,0,1,0,0,0,0,0,0
21992,0,0,1,0,0,0,0,0,0
21993,0,0,1,0,0,0,0,0,0
21994,0,0,1,0,0,0,0,0,0
21995,0,0,1,0,0,0,0,0,0
21996,0,0,1,0,0,0,0,0,0
21997,0,0,1,0,0,0,0,0,0
21998,0,0,1,0,0,0,0,0,0
21999,0,0,1,0,0,0,0,0,0
22000,0,0,1,0,0,0,0,0,0
22001,0,0,1,0,0,0,0,0,0
22002,0,0,1,0,0,0,0,0,0
22003,0,0,1,0,0,0,0,0,0
22004,0,0,1,0,0,0,0,0,0
22005,0,0,1,0,0,0,0,0,0
22006,0,0,1,0,0,0,0,0,0
22007,0,0,1,0,0,0,0,0,0
22008,0,0,1,0,0,0,0,0,0
22009,0,0,1,0,0,0,0,0,0
22010,0,0,1,0,0,0,0,0,0
22011,0,0,1,0,0,0,0,0,0
22012,0,0,1,0,0,0,0,0,0
22013,0,0,1,0,0,0,0,0,0
22014,0,0,1,0,0,0,0,0,0
22015,0,0,1,0,0,0,0,0,0
22016,0,0,1,0,0,0,0,0,0
22017,0,0,1,0,0,0,0,0,0
22018,0,0,1,0,0,0,0,0,0
22019,0,0,1,0,0,0,0,0,0
22020,0,0,1,0,0,0,0,0,0
22021,0,0,1,0,0,0,0,0,0
22022,0,0,1,0,0,0,0,0,0
22023,0,0,1,0,0,0,0,0,0
22024,0,0,1,0,0,0,0,0,0
22025,0,0,1,0,0,0,0,0,0
22026,0,0,1,0,0,0,0,0,0
22027,0,0,1,0,0,0,0,0,0
22028,0,0,1,0,0,0,0,0,0
22029,0,0,1,0,0,0,0,0,0
22030,0,0,1,0,0,0,0,0,0
22031,0,0,1,0,0,0,0,0,0
22032,0,0,1,0,0,0,0,0,0
22033,0,0,1,0,0,0,0,0,0
22034,0,0,1,0,0,0,0,0,0
22035,0,0,1,0,0,0,0,0,0
22036,0,0,1,0,0,0,0,0,0
22037,0,0,1,0,0,0,0,0,0
22038,0,0,1,0,0,0,0,0,0
22039,0,0,1,0,0,0,0,0,0
22040,0,0,1,0,0,0,0,0,0
22041,0,0,1,0,0,0,0,0,0
22042,0,0,1,0,0,0,0,0,0
22043,0,0,1,0,0,0,0,0,0
22044,0,0,1,0,0,0,0,0,0
22045,0,0,1,0,0,0,0,0,0
22046,0,0,1,0,0,0,0,0,0
22047,0,0,1,0,0,0,0,0,0
22048,0,0,1,0,0,0,0,0,0
22049,0,0,1,0,0,0,0,0,0
22050,0,0,1,0,0,0,0,0,0
22051,0,0,1,0,0,0,0,0,0
22052,0,0,1,0,0,0,0,0,0
22053,0,0,1,0,0,0,0,0,0
22054,0,0,1,0,0,0,0,0,0
22055,0,0,1,0,0,0,0,0,0
22056,0,0,1,0,0,0,0,0,0
22057,0,0,1,0,0,0,0,0,0
22058,0,0,1,0,0,0,0,0,0
22059,0,0,1,0,0,0,0,0,0
22060,0,0,1,0,0,0,0,0,0
22061,0,0,1,0,0,0,0,0,0
22062,0,0,1,0,0,0,0,0,0
22063,0,0,1,0,0,0,0,0,0
22064,0,0,1,0,0,0,0,0,0
22065,0,0,1,0,0,0,0,0,0
22066,0,0,1,0,0,0,0,0,0
22067,0,0,1,0,0,0,0,0,0
22068,0,0,1,0,0,0,0,0,0
22069,0,0,1,0,0,0,0,0,0
22070,0,0,1,0,0,0,0,0,0
22071,0,0,1,0,0,0,0,0,0
22072,0,0,1,0,0,0,0,0,0
22073,0,0,1,0,0,0,0,0,0
22074,0,0,1,0,0,0,0,0,0
22075,0,0,1,0,0,0,0,0,0
22076,0,0,1,0,0,0,0,0,0
22077,0,0,1,0,0,0,0,0,0
22078,0,0,1,0,0,0,0,0,0
22079,0,0,1,0,0,0,0,0,0
22080,0,0,1,0,0,0,0,0,0
22081,0,0,1,0,0,0,0,0,0
22082,0,0,1,0,0,0,0,0,0
22083,0,0,1,0,0,0,0,0,0
22084,0,0,1,0,0,0,0,0,0
22085,0,0,1,0,0,0,0,0,0
22086,0,0,1,0,0,0,0,0,0
22087,0,0,1,0,0,0,0,0,0
22088,0,0,1,0,0,0,0,0,0
22089,0,0,1,0,0,0,0,0,0
22090,0,0,1,0,0,0,0,0,0
22091,0,0,1,0,0,0,0,0,0
22092,0,0,1,0,0,0,0,0,0
22093,0,0,1,0,0,0,0,0,0
22094,0,0,1,0,0,0,0,0,0
22095,0,0,1,0,0,0,0,0,0
22096,0,0,1,0,0,0,0,0,0
22097,0,0,1,0,0,0,0,0,0
22098,0,0,1,0,0,0,0,0,0
22099,0,0,1,0,0,0,0,0,0
22100,0,0,1,0,0,0,0,0,0
22101,0,0,1,0,0,0,0,0,0
22102,0,0,1,0,0,0,0,0,0
22103,0,0,1,0,0,0,0,0,0
22104,0,0,1,0,0,0,0,0,0
22105,0,0,1,0,0,0,0,0,0
22106,0,0,1,0,0,0,0,0,0
22107,0,0,1,0,0,0,0,0,0
22108,0,0,1,0,0,0,0,0,0
22109,0,0,1,0,0,0,0,0,0
22110,0,0,1,0,0,0,0,0,0
22111,0,0,1,0,0,0,0,0,0
22112,0,0,1,0,0,0,0,0,0
22113,0,0,1,0,0,0,0,0,0
22114,0,0,1,0,0,0,0,0,0
22115,0,0,1,0,0,0,0,0,0
22116,0,0,1,0,0,0,0,0,0
22117,0,0,1,0,0,0,0,0,0
22118,0,0,1,0,0,0,0,0,0
22119,0,0,1,0,0,0,0,0,0
22120,0,0,1,0,0,0,0,0,0
22121,0,0,1,0,0,0,0,0,0
22122,0,0,1,0,0,0,0,0,0
22123,0,0,1,0,0,0,0,0,0
22124,0,0,1,0,0,0,0,0,0
22125,0,0,1,0,0,0,0,0,0
22126,0,0,1,0,0,0,0,0,0
22127,0,0,1,0,0,0,0,0,0
22128,0,0,1,0,0,0,0,0,0
22129,0,0,1,0,0,0,0,0,0
22130,0,0,1,0,0,0,0,0,0
22131,0,0,1,0,0,0,0,0,0
22132,0,0,1,0,0,0,0,0,0
22133,0,0,1,0,0,0,0,0,0
22134,0,0,1,0,0,0,0,0,0
22135,0,0,1,0,0,0,0,0,0
22136,0,0,1,0,0,0,0,0,0
22137,0,0,1,0,0,0,0,0,0
22138,0,0,1,0,0,0,0,0,0
22139,0,0,1,0,0,0,0,0,0
22140,0,0,1,0,0,0,0,0,0
22141,0,0,1,0,0,0,0,0,0
22142,0,0,1,0,0,0,0,0,0
22143,0,0,1,0,0,0,0,0,0
22144,0,0,1,0,0,0,0,0,0
22145,0,0,1,0,0,0,0,0,0
22146,0,0,1,0,0,0,0,0,0
22147,0,0,1,0,0,0,0,0,0
22148,0,0,1,0,0,0,0,0,0
22149,0,0,1,0,0,0,0,0,0
22150,0,0,1,0,0,0,0,0,0
22151,0,0,1,0,0,0,0,0,0
22152,0,0,1,0,0,0,0,0,0
22153,0,0,1,0,0,0,0,0,0
22154,0,0,1,0,0,0,0,0,0
22155,0,0,1,0,0,0,0,0,0
22156,0,0,1,0,0,0,0,0,0
22157,0,0,1,0,0,0,0,0,0
22158,0,0,1,0,0,0,0,0,0
22159,0,0,1,0,0,0,0,0,0
22160,0,0,1,0,0,0,0,0,0
22161,0,0,1,0,0,0,0,0,0
22162,0,0,1,0,0,0,0,0,0
22163,0,0,1,0,0,0,0,0,0
22164,0,0,1,0,0,0,0,0,0
22165,0,0,1,0,0,0,0,0,0
22166,0,0,1,0,0,0,0,0,0
22167,0,0,1,0,0,0,0,0,0
22168,0,0,1,0,0,0,0,0,0
22169,0,0,1,0,0,0,0,0,0
22170,0,0,1,0,0,0,0,0,0
22171,0,0,1,0,0,0,0,0,0
22172,0,0,1,0,0,0,0,0,0
22173,0,0,1,0,0,0,0,0,0
22174,0,0,1,0,0,0,0,0,0
22175,0,0,1,0,0,0,0,0,0
22176,0,0,1,0,0,0,0,0,0
22177,0,0,1,0,0,0,0,0,0
22178,0,0,1,0,0,0,0,0,0
22179,0,0,1,0,0,0,0,0,0
22180,0,0,1,0,0,0,0,0,0
22181,0,0,1,0,0,0,0,0,0
22182,0,0,1,0,0,0,0,0,0
22183,0,0,1,0,0,0,0,0,0
22184,0,0,1,0,0,0,0,0,0
22185,0,0,1,0,0,0,0,0,0
22186,0,0,1,0,0,0,0,0,0
22187,0,0,1,0,0,0,0,0,0
22188,0,0,1,0,0,0,0,0,0
22189,0,0,1,0,0,0,0,0,0
22190,0,0,1,0,0,0,0,0,0
22191,0,0,1,0,0,0,0,0,0
22192,0,0,1,0,0,0,0,0,0
22193,0,0,1,0,0,0,0,0,0
22194,0,0,1,0,0,0,0,0,0
22195,0,0,1,0,0,0,0,0,0
22196,0,0,1,0,0,0,0,0,0
22197,0,0,1,0,0,0,0,0,0
22198,0,0,1,0,0,0,0,0,0
22199,0,0,1,0,0,0,0,0,0
22200,0,0,1,0,0,0,0,0,0
22201,0,0,1,0,0,0,0,0,0
22202,0,0,1,0,0,0,0,0,0
22203,0,0,1,0,0,0,0,0,0
22204,0,0,1,0,0,0,0,0,0
22205,0,0,1,0,0,0,0,0,0
22206,0,0,1,0,0,0,0,0,0
22207,0,0,1,0,0,0,0,0,0
22208,0,0,1,0,0,0,0,0,0
22209,0,0,1,0,0,0,0,0,0
22210,0,0,1,0,0,0,0,0,0
22211,0,0,1,0,0,0,0,0,0
22212,0,0,1,0,0,0,0,0,0
22213,0,0,1,0,0,0,0,0,0
22214,0,0,1,0,0,0,0,0,0
22215,0,0,1,0,0,0,0,0,0
22216,0,0,1,0,0,0,0,0,0
22217,0,0,1,0,0,0,0,0,0
22218,0,0,1,0,0,0,0,0,0
22219,0,0,1,0,0,0,0,0,0
22220,0,0,1,0,0,0,0,0,0
22221,0,0,1,0,0,0,0,0,0
22222,0,0,1,0,0,0,0,0,0
22223,0,0,1,0,0,0,0,0,0
22224,0,0,1,0,0,0,0,0,0
22225,0,0,1,0,0,0,0,0,0
22226,0,0,1,0,0,0,0,0,0
22227,0,0,1,0,0,0,0,0,0
22228,0,0,1,0,0,0,0,0,0
22229,0,0,1,0,0,0,0,0,0
22230,0,0,1,0,0,0,0,0,0
22231,0,0,1,0,0,0,0,0,0
22232,0,0,1,0,0,0,0,0,0
22233,0,0,1,0,0,0,0,0,0
22234,0,0,1,0,0,0,0,0,0
22235,0,0,1,0,0,0,0,0,0
22236,0,0,1,0,0,0,0,0,0
22237,0,0,1,0,0,0,0,0,0
22238,0,0,1,0,0,0,0,0,0
22239,0,0,1,0,0,0,0,0,0
22240,0,0,1,0,0,0,0,0,0
22241,0,0,1,0,0,0,0,0,0
22242,0,0,1,0,0,0,0,0,0
22243,0,0,1,0,0,0,0,0,0
22244,0,0,1,0,0,0,0,0,0
22245,0,0,1,0,0,0,0,0,0
22246,0,0,1,0,0,0,0,0,0
22247,0,0,1,0,0,0,0,0,0
22248,0,0,1,0,0,0,0,0,0
22249,0,0,1,0,0,0,0,0,0
22250,0,0,1,0,0,0,0,0,0
22251,0,0,1,0,0,0,0,0,0
22252,0,0,1,0,0,0,0,0,0
22253,0,0,1,0,0,0,0,0,0
22254,0,0,1,0,0,0,0,0,0
22255,0,0,1,0,0,0,0,0,0
22256,0,0,1,0,0,0,0,0,0
22257,0,0,1,0,0,0,0,0,0
22258,0,0,1,0,0,0,0,0,0
22259,0,0,1,0,0,0,0,0,0
22260,0,0,1,0,0,0,0,0,0
22261,0,0,1,0,0,0,0,0,0
22262,0,0,1,0,0,0,0,0,0
22263,0,0,1,0,0,0,0,0,0
22264,0,0,1,0,0,0,0,0,0
22265,0,0,1,0,0,0,0,0,0
22266,0,0,1,0,0,0,0,0,0
22267,0,0,1,0,0,0,0,0,0
22268,0,0,1,0,0,0,0,0,0
22269,0,0,1,0,0,0,0,0,0
22270,0,0,1,0,0,0,0,0,0
22271,0,0,1,0,0,0,0,0,0
22272,0,0,1,0,0,0,0,0,0
22273,0,0,1,0,0,0,0,0,0
22274,0,0,1,0,0,0,0,0,0
22275,0,0,1,0,0,0,0,0,0
22276,0,0,1,0,0,0,0,0,0
22277,0,0,1,0,0,0,0,0,0
22278,0,0,1,0,0,0,0,0,0
22279,0,0,1,0,0,0,0,0,0
22280,0,0,1,0,0,0,0,0,0
22281,0,0,1,0,0,0,0,0,0
22282,0,0,1,0,0,0,0,0,0
22283,0,0,1,0,0,0,0,0,0
22284,0,0,1,0,0,0,0,0,0
22285,0,0,1,0,0,0,0,0,0
22286,0,0,1,0,0,0,0,0,0
22287,0,0,1,0,0,0,0,0,0
22288,0,0,1,0,0,0,0,0,0
22289,0,0,1,0,0,0,0,0,0
22290,0,0,1,0,0,0,0,0,0
22291,0,0,1,0,0,0,0,0,0
22292,0,0,1,0,0,0,0,0,0
22293,0,0,1,0,0,0,0,0,0
22294,0,0,1,0,0,0,0,0,0
22295,0,0,1,0,0,0,0,0,0
22296,0,0,1,0,0,0,0,0,0
22297,0,0,1,0,0,0,0,0,0
22298,0,0,1,0,0,0,0,0,0
22299,0,0,1,0,0,0,0,0,0
22300,0,0,1,0,0,0,0,0,0
22301,0,0,1,0,0,0,0,0,0
22302,0,0,1,0,0,0,0,0,0
22303,0,0,1,0,0,0,0,0,0
22304,0,0,1,0,0,0,0,0,0
22305,0,0,1,0,0,0,0,0,0
22306,0,0,1,0,0,0,0,0,0
22307,0,0,1,0,0,0,0,0,0
22308,0,0,1,0,0,0,0,0,0
22309,0,0,1,0,0,0,0,0,0
22310,0,0,1,0,0,0,0,0,0
22311,0,0,1,0,0,0,0,0,0
22312,0,0,1,0,0,0,0,0,0
22313,0,0,1,0,0,0,0,0,0
22314,0,0,1,0,0,0,0,0,0
22315,0,0,1,0,0,0,0,0,0
22316,0,0,1,0,0,0,0,0,0
22317,0,0,1,0,0,0,0,0,0
22318,0,0,1,0,0,0,0,0,0
22319,0,0,1,0,0,0,0,0,0
22320,0,0,1,0,0,0,0,0,0
22321,0,0,1,0,0,0,0,0,0
22322,0,0,1,0,0,0,0,0,0
22323,0,0,1,0,0,0,0,0,0
22324,0,0,1,0,0,0,0,0,0
22325,0,0,1,0,0,0,0,0,0
22326,0,0,1,0,0,0,0,0,0
22327,0,0,1,0,0,0,0,0,0
22328,0,0,1,0,0,0,0,0,0
22329,0,0,1,0,0,0,0,0,0
22330,0,0,1,0,0,0,0,0,0
22331,0,0,1,0,0,0,0,0,0
22332,0,0,1,0,0,0,0,0,0
22333,0,0,1,0,0,0,0,0,0
22334,0,0,1,0,0,0,0,0,0
22335,0,0,1,0,0,0,0,0,0
22336,0,0,1,0,0,0,0,0,0
22337,0,0,1,0,0,0,0,0,0
22338,0,0,1,0,0,0,0,0,0
22339,0,0,1,0,0,0,0,0,0
22340,0,0,1,0,0,0,0,0,0
22341,0,0,1,0,0,0,0,0,0
22342,0,0,1,0,0,0,0,0,0
22343,0,0,1,0,0,0,0,0,0
22344,0,0,1,0,0,0,0,0,0
22345,0,0,1,0,0,0,0,0,0
22346,0,0,1,0,0,0,0,0,0
22347,0,0,1,0,0,0,0,0,0
22348,0,0,1,0,0,0,0,0,0
22349,0,0,1,0,0,0,0,0,0
22350,0,0,1,0,0,0,0,0,0
22351,0,0,1,0,0,0,0,0,0
22352,0,0,1,0,0,0,0,0,0
22353,0,0,1,0,0,0,0,0,0
22354,0,0,1,0,0,0,0,0,0
22355,0,0,1,0,0,0,0,0,0
22356,0,0,1,0,0,0,0,0,0
22357,0,0,1,0,0,0,0,0,0
22358,0,0,1,0,0,0,0,0,0
22359,0,0,1,0,0,0,0,0,0
22360,0,0,1,0,0,0,0,0,0
22361,0,0,1,0,0,0,0,0,0
22362,0,0,1,0,0,0,0,0,0
22363,0,0,1,0,0,0,0,0,0
22364,0,0,1,0,0,0,0,0,0
22365,0,0,1,0,0,0,0,0,0
22366,0,0,1,0,0,0,0,0,0
22367,0,0,1,0,0,0,0,0,0
22368,0,0,1,0,0,0,0,0,0
22369,0,0,1,0,0,0,0,0,0
22370,0,0,1,0,0,0,0,0,0
22371,0,0,1,0,0,0,0,0,0
22372,0,0,1,0,0,0,0,0,0
22373,0,0,1,0,0,0,0,0,0
22374,0,0,1,0,0,0,0,0,0
22375,0,0,1,0,0,0,0,0,0
22376,0,0,1,0,0,0,0,0,0
22377,0,0,1,0,0,0,0,0,0
22378,0,0,1,0,0,0,0,0,0
22379,0,0,1,0,0,0,0,0,0
22380,0,0,1,0,0,0,0,0,0
22381,0,0,1,0,0,0,0,0,0
22382,0,0,1,0,0,0,0,0,0
22383,0,0,1,0,0,0,0,0,0
22384,0,0,1,0,0,0,0,0,0
22385,0,0,1,0,0,0,0,0,0
22386,0,0,1,0,0,0,0,0,0
22387,0,0,1,0,0,0,0,0,0
22388,0,0,1,0,0,0,0,0,0
22389,0,0,1,0,0,0,0,0,0
22390,0,0,1,0,0,0,0,0,0
22391,0,0,1,0,0,0,0,0,0
22392,0,0,1,0,0,0,0,0,0
22393,0,0,1,0,0,0,0,0,0
22394,0,0,1,0,0,0,0,0,0
22395,0,0,1,0,0,0,0,0,0
22396,0,0,1,0,0,0,0,0,0
22397,0,0,1,0,0,0,0,0,0
22398,0,0,1,0,0,0,0,0,0
22399,0,0,1,0,0,0,0,0,0
22400,0,0,1,0,0,0,0,0,0
22401,0,0,1,0,0,0,0,0,0
22402,0,0,1,0,0,0,0,0,0
22403,0,0,1,0,0,0,0,0,0
22404,0,0,1,0,0,0,0,0,0
22405,0,0,1,0,0,0,0,0,0
22406,0,0,1,0,0,0,0,0,0
22407,0,0,1,0,0,0,0,0,0
22408,0,0,1,0,0,0,0,0,0
22409,0,0,1,0,0,0,0,0,0
22410,0,0,1,0,0,0,0,0,0
22411,0,0,1,0,0,0,0,0,0
22412,0,0,1,0,0,0,0,0,0
22413,0,0,1,0,0,0,0,0,0
22414,0,0,1,0,0,0,0,0,0
22415,0,0,1,0,0,0,0,0,0
22416,0,0,1,0,0,0,0,0,0
22417,0,0,1,0,0,0,0,0,0
22418,0,0,1,0,0,0,0,0,0
22419,0,0,1,0,0,0,0,0,0
22420,0,0,1,0,0,0,0,0,0
22421,0,0,1,0,0,0,0,0,0
22422,0,0,1,0,0,0,0,0,0
22423,0,0,1,0,0,0,0,0,0
22424,0,0,1,0,0,0,0,0,0
22425,0,0,1,0,0,0,0,0,0
22426,0,0,1,0,0,0,0,0,0
22427,0,0,1,0,0,0,0,0,0
22428,0,0,1,0,0,0,0,0,0
22429,0,0,1,0,0,0,0,0,0
22430,0,0,1,0,0,0,0,0,0
22431,0,0,1,0,0,0,0,0,0
22432,0,0,1,0,0,0,0,0,0
22433,0,0,1,0,0,0,0,0,0
22434,0,0,1,0,0,0,0,0,0
22435,0,0,1,0,0,0,0,0,0
22436,0,0,1,0,0,0,0,0,0
22437,0,0,1,0,0,0,0,0,0
22438,0,0,1,0,0,0,0,0,0
22439,0,0,1,0,0,0,0,0,0
22440,0,0,1,0,0,0,0,0,0
22441,0,0,1,0,0,0,0,0,0
22442,0,0,1,0,0,0,0,0,0
22443,0,0,1,0,0,0,0,0,0
22444,0,0,1,0,0,0,0,0,0
22445,0,0,1,0,0,0,0,0,0
22446,0,0,1,0,0,0,0,0,0
22447,0,0,1,0,0,0,0,0,0
22448,0,0,1,0,0,0,0,0,0
22449,0,0,1,0,0,0,0,0,0
22450,0,0,1,0,0,0,0,0,0
22451,0,0,1,0,0,0,0,0,0
22452,0,0,1,0,0,0,0,0,0
22453,0,0,1,0,0,0,0,0,0
22454,0,0,1,0,0,0,0,0,0
22455,0,0,1,0,0,0,0,0,0
22456,0,0,1,0,0,0,0,0,0
22457,0,0,1,0,0,0,0,0,0
22458,0,0,1,0,0,0,0,0,0
22459,0,0,1,0,0,0,0,0,0
22460,0,0,1,0,0,0,0,0,0
22461,0,0,1,0,0,0,0,0,0
22462,0,0,1,0,0,0,0,0,0
22463,0,0,1,0,0,0,0,0,0
22464,0,0,1,0,0,0,0,0,0
22465,0,0,1,0,0,0,0,0,0
22466,0,0,1,0,0,0,0,0,0
22467,0,0,1,0,0,0,0,0,0
22468,0,0,1,0,0,0,0,0,0
22469,0,0,1,0,0,0,0,0,0
22470,0,0,1,0,0,0,0,0,0
22471,0,0,1,0,0,0,0,0,0
22472,0,0,1,0,0,0,0,0,0
22473,0,0,1,0,0,0,0,0,0
22474,0,0,1,0,0,0,0,0,0
22475,0,0,1,0,0,0,0,0,0
22476,0,0,1,0,0,0,0,0,0
22477,0,0,1,0,0,0,0,0,0
22478,0,0,1,0,0,0,0,0,0
22479,0,0,1,0,0,0,0,0,0
22480,0,0,1,0,0,0,0,0,0
22481,0,0,1,0,0,0,0,0,0
22482,0,0,1,0,0,0,0,0,0
22483,0,0,1,0,0,0,0,0,0
22484,0,0,1,0,0,0,0,0,0
22485,0,0,1,0,0,0,0,0,0
22486,0,0,1,0,0,0,0,0,0
22487,0,0,1,0,0,0,0,0,0
22488,0,0,1,0,0,0,0,0,0
22489,0,0,1,0,0,0,0,0,0
22490,0,0,1,0,0,0,0,0,0
22491,0,0,1,0,0,0,0,0,0
22492,0,0,1,0,0,0,0,0,0
22493,0,0,1,0,0,0,0,0,0
22494,0,0,1,0,0,0,0,0,0
22495,0,0,1,0,0,0,0,0,0
22496,0,0,1,0,0,0,0,0,0
22497,0,0,1,0,0,0,0,0,0
22498,0,0,1,0,0,0,0,0,0
22499,0,0,1,0,0,0,0,0,0
22500,0,0,1,0,0,0,0,0,0
22501,0,0,1,0,0,0,0,0,0
22502,0,0,1,0,0,0,0,0,0
22503,0,0,1,0,0,0,0,0,0
22504,0,0,1,0,0,0,0,0,0
22505,0,0,1,0,0,0,0,0,0
22506,0,0,1,0,0,0,0,0,0
22507,0,0,1,0,0,0,0,0,0
22508,0,0,1,0,0,0,0,0,0
22509,0,0,1,0,0,0,0,0,0
22510,0,0,1,0,0,0,0,0,0
22511,0,0,1,0,0,0,0,0,0
22512,0,0,1,0,0,0,0,0,0
22513,0,0,1,0,0,0,0,0,0
22514,0,0,1,0,0,0,0,0,0
22515,0,0,1,0,0,0,0,0,0
22516,0,0,1,0,0,0,0,0,0
22517,0,0,1,0,0,0,0,0,0
22518,0,0,1,0,0,0,0,0,0
22519,0,0,1,0,0,0,0,0,0
22520,0,0,1,0,0,0,0,0,0
22521,0,0,1,0,0,0,0,0,0
22522,0,0,1,0,0,0,0,0,0
22523,0,0,1,0,0,0,0,0,0
22524,0,0,1,0,0,0,0,0,0
22525,0,0,1,0,0,0,0,0,0
22526,0,0,1,0,0,0,0,0,0
22527,0,0,1,0,0,0,0,0,0
22528,0,0,1,0,0,0,0,0,0
22529,0,0,1,0,0,0,0,0,0
22530,0,0,1,0,0,0,0,0,0
22531,0,0,1,0,0,0,0,0,0
22532,0,0,1,0,0,0,0,0,0
22533,0,0,1,0,0,0,0,0,0
22534,0,0,1,0,0,0,0,0,0
22535,0,0,1,0,0,0,0,0,0
22536,0,0,1,0,0,0,0,0,0
22537,0,0,1,0,0,0,0,0,0
22538,0,0,1,0,0,0,0,0,0
22539,0,0,1,0,0,0,0,0,0
22540,0,0,1,0,0,0,0,0,0
22541,0,0,1,0,0,0,0,0,0
22542,0,0,1,0,0,0,0,0,0
22543,0,0,1,0,0,0,0,0,0
22544,0,0,1,0,0,0,0,0,0
22545,0,0,1,0,0,0,0,0,0
22546,0,0,1,0,0,0,0,0,0
22547,0,0,1,0,0,0,0,0,0
22548,0,0,1,0,0,0,0,0,0
22549,0,0,1,0,0,0,0,0,0
22550,0,0,1,0,0,0,0,0,0
22551,0,0,1,0,0,0,0,0,0
22552,0,0,1,0,0,0,0,0,0
22553,0,0,1,0,0,0,0,0,0
22554,0,0,1,0,0,0,0,0,0
22555,0,0,1,0,0,0,0,0,0
22556,0,0,1,0,0,0,0,0,0
22557,0,0,1,0,0,0,0,0,0
22558,0,0,1,0,0,0,0,0,0
22559,0,0,1,0,0,0,0,0,0
22560,0,0,1,0,0,0,0,0,0
22561,0,0,1,0,0,0,0,0,0
22562,0,0,1,0,0,0,0,0,0
22563,0,0,1,0,0,0,0,0,0
22564,0,0,1,0,0,0,0,0,0
22565,0,0,1,0,0,0,0,0,0
22566,0,0,1,0,0,0,0,0,0
22567,0,0,1,0,0,0,0,0,0
22568,0,0,1,0,0,0,0,0,0
22569,0,0,1,0,0,0,0,0,0
22570,0,0,1,0,0,0,0,0,0
22571,0,0,1,0,0,0,0,0,0
22572,0,0,1,0,0,0,0,0,0
22573,0,0,1,0,0,0,0,0,0
22574,0,0,1,0,0,0,0,0,0
22575,0,0,1,0,0,0,0,0,0
22576,0,0,1,0,0,0,0,0,0
22577,0,0,1,0,0,0,0,0,0
22578,0,0,1,0,0,0,0,0,0
22579,0,0,1,0,0,0,0,0,0
22580,0,0,1,0,0,0,0,0,0
22581,0,0,1,0,0,0,0,0,0
22582,0,0,1,0,0,0,0,0,0
22583,0,0,1,0,0,0,0,0,0
22584,0,0,1,0,0,0,0,0,0
22585,0,0,1,0,0,0,0,0,0
22586,0,0,1,0,0,0,0,0,0
22587,0,0,1,0,0,0,0,0,0
22588,0,0,1,0,0,0,0,0,0
22589,0,0,1,0,0,0,0,0,0
22590,0,0,1,0,0,0,0,0,0
22591,0,0,1,0,0,0,0,0,0
22592,0,0,1,0,0,0,0,0,0
22593,0,0,1,0,0,0,0,0,0
22594,0,0,1,0,0,0,0,0,0
22595,0,0,1,0,0,0,0,0,0
22596,0,0,1,0,0,0,0,0,0
22597,0,0,1,0,0,0,0,0,0
22598,0,0,1,0,0,0,0,0,0
22599,0,0,1,0,0,0,0,0,0
22600,0,0,1,0,0,0,0,0,0
22601,0,0,1,0,0,0,0,0,0
22602,0,0,1,0,0,0,0,0,0
22603,0,0,1,0,0,0,0,0,0
22604,0,0,1,0,0,0,0,0,0
22605,0,0,1,0,0,0,0,0,0
22606,0,0,1,0,0,0,0,0,0
22607,0,0,1,0,0,0,0,0,0
22608,0,0,1,0,0,0,0,0,0
22609,0,0,1,0,0,0,0,0,0
22610,0,0,1,0,0,0,0,0,0
22611,0,0,1,0,0,0,0,0,0
22612,0,0,1,0,0,0,0,0,0
22613,0,0,1,0,0,0,0,0,0
22614,0,0,1,0,0,0,0,0,0
22615,0,0,1,0,0,0,0,0,0
22616,0,0,1,0,0,0,0,0,0
22617,0,0,1,0,0,0,0,0,0
22618,0,0,1,0,0,0,0,0,0
22619,0,0,1,0,0,0,0,0,0
22620,0,0,1,0,0,0,0,0,0
22621,0,0,1,0,0,0,0,0,0
22622,0,0,1,0,0,0,0,0,0
22623,0,0,1,0,0,0,0,0,0
22624,0,0,1,0,0,0,0,0,0
22625,0,0,1,0,0,0,0,0,0
22626,0,0,1,0,0,0,0,0,0
22627,0,0,1,0,0,0,0,0,0
22628,0,0,1,0,0,0,0,0,0
22629,0,0,1,0,0,0,0,0,0
22630,0,0,1,0,0,0,0,0,0
22631,0,0,1,0,0,0,0,0,0
22632,0,0,1,0,0,0,0,0,0
22633,0,0,1,0,0,0,0,0,0
22634,0,0,1,0,0,0,0,0,0
22635,0,0,1,0,0,0,0,0,0
22636,0,0,1,0,0,0,0,0,0
22637,0,0,1,0,0,0,0,0,0
22638,0,0,1,0,0,0,0,0,0
22639,0,0,1,0,0,0,0,0,0
22640,0,0,1,0,0,0,0,0,0
22641,0,0,1,0,0,0,0,0,0
22642,0,0,1,0,0,0,0,0,0
22643,0,0,1,0,0,0,0,0,0
22644,0,0,1,0,0,0,0,0,0
22645,0,0,1,0,0,0,0,0,0
22646,0,0,1,0,0,0,0,0,0
22647,0,0,1,0,0,0,0,0,0
22648,0,0,1,0,0,0,0,0,0
22649,0,0,1,0,0,0,0,0,0
22650,0,0,1,0,0,0,0,0,0
22651,0,0,1,0,0,0,0,0,0
22652,0,0,1,0,0,0,0,0,0
22653,0,0,1,0,0,0,0,0,0
22654,0,0,1,0,0,0,0,0,0
22655,0,0,1,0,0,0,0,0,0
22656,0,0,1,0,0,0,0,0,0
22657,0,0,1,0,0,0,0,0,0
22658,0,0,1,0,0,0,0,0,0
22659,0,0,1,0,0,0,0,0,0
22660,0,0,1,0,0,0,0,0,0
22661,0,0,1,0,0,0,0,0,0
22662,0,0,1,0,0,0,0,0,0
22663,0,0,1,0,0,0,0,0,0
22664,0,0,1,0,0,0,0,0,0
22665,0,0,1,0,0,0,0,0,0
22666,0,0,1,0,0,0,0,0,0
22667,0,0,1,0,0,0,0,0,0
22668,0,0,1,0,0,0,0,0,0
22669,0,0,1,0,0,0,0,0,0
22670,0,0,1,0,0,0,0,0,0
22671,0,0,1,0,0,0,0,0,0
22672,0,0,1,0,0,0,0,0,0
22673,0,0,1,0,0,0,0,0,0
22674,0,0,1,0,0,0,0,0,0
22675,0,0,1,0,0,0,0,0,0
22676,0,0,1,0,0,0,0,0,0
22677,0,0,1,0,0,0,0,0,0
22678,0,0,1,0,0,0,0,0,0
22679,0,0,1,0,0,0,0,0,0
22680,0,0,1,0,0,0,0,0,0
22681,0,0,1,0,0,0,0,0,0
22682,0,0,1,0,0,0,0,0,0
22683,0,0,1,0,0,0,0,0,0
22684,0,0,1,0,0,0,0,0,0
22685,0,0,1,0,0,0,0,0,0
22686,0,0,1,0,0,0,0,0,0
22687,0,0,1,0,0,0,0,0,0
22688,0,0,1,0,0,0,0,0,0
22689,0,0,1,0,0,0,0,0,0
22690,0,0,1,0,0,0,0,0,0
22691,0,0,1,0,0,0,0,0,0
22692,0,0,1,0,0,0,0,0,0
22693,0,0,1,0,0,0,0,0,0
22694,0,0,1,0,0,0,0,0,0
22695,0,0,1,0,0,0,0,0,0
22696,0,0,1,0,0,0,0,0,0
22697,0,0,1,0,0,0,0,0,0
22698,0,0,1,0,0,0,0,0,0
22699,0,0,1,0,0,0,0,0,0
22700,0,0,1,0,0,0,0,0,0
22701,0,0,1,0,0,0,0,0,0
22702,0,0,1,0,0,0,0,0,0
22703,0,0,1,0,0,0,0,0,0
22704,0,0,1,0,0,0,0,0,0
22705,0,0,1,0,0,0,0,0,0
22706,0,0,1,0,0,0,0,0,0
22707,0,0,1,0,0,0,0,0,0
22708,0,0,1,0,0,0,0,0,0
22709,0,0,1,0,0,0,0,0,0
22710,0,0,1,0,0,0,0,0,0
22711,0,0,1,0,0,0,0,0,0
22712,0,0,1,0,0,0,0,0,0
22713,0,0,1,0,0,0,0,0,0
22714,0,0,1,0,0,0,0,0,0
22715,0,0,1,0,0,0,0,0,0
22716,0,0,1,0,0,0,0,0,0
22717,0,0,1,0,0,0,0,0,0
22718,0,0,1,0,0,0,0,0,0
22719,0,0,1,0,0,0,0,0,0
22720,0,0,1,0,0,0,0,0,0
22721,0,0,1,0,0,0,0,0,0
22722,0,0,1,0,0,0,0,0,0
22723,0,0,1,0,0,0,0,0,0
22724,0,0,1,0,0,0,0,0,0
22725,0,0,1,0,0,0,0,0,0
22726,0,0,1,0,0,0,0,0,0
22727,0,0,1,0,0,0,0,0,0
22728,0,0,1,0,0,0,0,0,0
22729,0,0,1,0,0,0,0,0,0
22730,0,0,1,0,0,0,0,0,0
22731,0,0,1,0,0,0,0,0,0
22732,0,0,1,0,0,0,0,0,0
22733,0,0,1,0,0,0,0,0,0
22734,0,0,1,0,0,0,0,0,0
22735,0,0,1,0,0,0,0,0,0
22736,0,0,1,0,0,0,0,0,0
22737,0,0,1,0,0,0,0,0,0
22738,0,0,1,0,0,0,0,0,0
22739,0,0,1,0,0,0,0,0,0
22740,0,0,1,0,0,0,0,0,0
22741,0,0,1,0,0,0,0,0,0
22742,0,0,1,0,0,0,0,0,0
22743,0,0,1,0,0,0,0,0,0
22744,0,0,1,0,0,0,0,0,0
22745,0,0,1,0,0,0,0,0,0
22746,0,0,1,0,0,0,0,0,0
22747,0,0,1,0,0,0,0,0,0
22748,0,0,1,0,0,0,0,0,0
22749,0,0,1,0,0,0,0,0,0
22750,0,0,1,0,0,0,0,0,0
22751,0,0,1,0,0,0,0,0,0
22752,0,0,1,0,0,0,0,0,0
22753,0,0,1,0,0,0,0,0,0
22754,0,0,1,0,0,0,0,0,0
22755,0,0,1,0,0,0,0,0,0
22756,0,0,1,0,0,0,0,0,0
22757,0,0,1,0,0,0,0,0,0
22758,0,0,1,0,0,0,0,0,0
22759,0,0,1,0,0,0,0,0,0
22760,0,0,1,0,0,0,0,0,0
22761,0,0,1,0,0,0,0,0,0
22762,0,0,1,0,0,0,0,0,0
22763,0,0,1,0,0,0,0,0,0
22764,0,0,1,0,0,0,0,0,0
22765,0,0,1,0,0,0,0,0,0
22766,0,0,1,0,0,0,0,0,0
22767,0,0,1,0,0,0,0,0,0
22768,0,0,1,0,0,0,0,0,0
22769,0,0,1,0,0,0,0,0,0
22770,0,0,1,0,0,0,0,0,0
22771,0,0,1,0,0,0,0,0,0
22772,0,0,1,0,0,0,0,0,0
22773,0,0,1,0,0,0,0,0,0
22774,0,0,1,0,0,0,0,0,0
22775,0,0,1,0,0,0,0,0,0
22776,0,0,1,0,0,0,0,0,0
22777,0,0,1,0,0,0,0,0,0
22778,0,0,1,0,0,0,0,0,0
22779,0,0,1,0,0,0,0,0,0
22780,0,0,1,0,0,0,0,0,0
22781,0,0,1,0,0,0,0,0,0
22782,0,0,1,0,0,0,0,0,0
22783,0,0,1,0,0,0,0,0,0
22784,0,0,1,0,0,0,0,0,0
22785,0,0,1,0,0,0,0,0,0
22786,0,0,1,0,0,0,0,0,0
22787,0,0,1,0,0,0,0,0,0
22788,0,0,1,0,0,0,0,0,0
22789,0,0,1,0,0,0,0,0,0
22790,0,0,1,0,0,0,0,0,0
22791,0,0,1,0,0,0,0,0,0
22792,0,0,1,0,0,0,0,0,0
22793,0,0,1,0,0,0,0,0,0
22794,0,0,1,0,0,0,0,0,0
22795,0,0,1,0,0,0,0,0,0
22796,0,0,1,0,0,0,0,0,0
22797,0,0,1,0,0,0,0,0,0
22798,0,0,1,0,0,0,0,0,0
22799,0,0,1,0,0,0,0,0,0
22800,0,0,1,0,0,0,0,0,0
22801,0,0,1,0,0,0,0,0,0
22802,0,0,1,0,0,0,0,0,0
22803,0,0,1,0,0,0,0,0,0
22804,0,0,1,0,0,0,0,0,0
22805,0,0,1,0,0,0,0,0,0
22806,0,0,1,0,0,0,0,0,0
22807,0,0,1,0,0,0,0,0,0
22808,0,0,1,0,0,0,0,0,0
22809,0,0,1,0,0,0,0,0,0
22810,0,0,1,0,0,0,0,0,0
22811,0,0,1,0,0,0,0,0,0
22812,0,0,1,0,0,0,0,0,0
22813,0,0,1,0,0,0,0,0,0
22814,0,0,1,0,0,0,0,0,0
22815,0,0,1,0,0,0,0,0,0
22816,0,0,1,0,0,0,0,0,0
22817,0,0,1,0,0,0,0,0,0
22818,0,0,1,0,0,0,0,0,0
22819,0,0,1,0,0,0,0,0,0
22820,0,0,1,0,0,0,0,0,0
22821,0,0,1,0,0,0,0,0,0
22822,0,0,1,0,0,0,0,0,0
22823,0,0,1,0,0,0,0,0,0
22824,0,0,1,0,0,0,0,0,0
22825,0,0,1,0,0,0,0,0,0
22826,0,0,1,0,0,0,0,0,0
22827,0,0,1,0,0,0,0,0,0
22828,0,0,1,0,0,0,0,0,0
22829,0,0,1,0,0,0,0,0,0
22830,0,0,1,0,0,0,0,0,0
22831,0,0,1,0,0,0,0,0,0
22832,0,0,1,0,0,0,0,0,0
22833,0,0,1,0,0,0,0,0,0
22834,0,0,1,0,0,0,0,0,0
22835,0,0,1,0,0,0,0,0,0
22836,0,0,1,0,0,0,0,0,0
22837,0,0,1,0,0,0,0,0,0
22838,0,0,1,0,0,0,0,0,0
22839,0,0,1,0,0,0,0,0,0
22840,0,0,1,0,0,0,0,0,0
22841,0,0,1,0,0,0,0,0,0
22842,0,0,1,0,0,0,0,0,0
22843,0,0,1,0,0,0,0,0,0
22844,0,0,1,0,0,0,0,0,0
22845,0,0,1,0,0,0,0,0,0
22846,0,0,1,0,0,0,0,0,0
22847,0,0,1,0,0,0,0,0,0
22848,0,0,1,0,0,0,0,0,0
22849,0,0,1,0,0,0,0,0,0
22850,0,0,1,0,0,0,0,0,0
22851,0,0,1,0,0,0,0,0,0
22852,0,0,1,0,0,0,0,0,0
22853,0,0,1,0,0,0,0,0,0
22854,0,0,1,0,0,0,0,0,0
22855,0,0,1,0,0,0,0,0,0
22856,0,0,1,0,0,0,0,0,0
22857,0,0,1,0,0,0,0,0,0
22858,0,0,1,0,0,0,0,0,0
22859,0,0,1,0,0,0,0,0,0
22860,0,0,1,0,0,0,0,0,0
22861,0,0,1,0,0,0,0,0,0
22862,0,0,1,0,0,0,0,0,0
22863,0,0,1,0,0,0,0,0,0
22864,0,0,1,0,0,0,0,0,0
22865,0,0,1,0,0,0,0,0,0
22866,0,0,1,0,0,0,0,0,0
22867,0,0,1,0,0,0,0,0,0
22868,0,0,1,0,0,0,0,0,0
22869,0,0,1,0,0,0,0,0,0
22870,0,0,1,0,0,0,0,0,0
22871,0,0,1,0,0,0,0,0,0
22872,0,0,1,0,0,0,0,0,0
22873,0,0,1,0,0,0,0,0,0
22874,0,0,1,0,0,0,0,0,0
22875,0,0,1,0,0,0,0,0,0
22876,0,0,1,0,0,0,0,0,0
22877,0,0,1,0,0,0,0,0,0
22878,0,0,1,0,0,0,0,0,0
22879,0,0,1,0,0,0,0,0,0
22880,0,0,1,0,0,0,0,0,0
22881,0,0,1,0,0,0,0,0,0
22882,0,0,1,0,0,0,0,0,0
22883,0,0,1,0,0,0,0,0,0
22884,0,0,1,0,0,0,0,0,0
22885,0,0,1,0,0,0,0,0,0
22886,0,0,1,0,0,0,0,0,0
22887,0,0,1,0,0,0,0,0,0
22888,0,0,1,0,0,0,0,0,0
22889,0,0,1,0,0,0,0,0,0
22890,0,0,1,0,0,0,0,0,0
22891,0,0,1,0,0,0,0,0,0
22892,0,0,1,0,0,0,0,0,0
22893,0,0,1,0,0,0,0,0,0
22894,0,0,1,0,0,0,0,0,0
22895,0,0,1,0,0,0,0,0,0
22896,0,0,1,0,0,0,0,0,0
22897,0,0,1,0,0,0,0,0,0
22898,0,0,1,0,0,0,0,0,0
22899,0,0,1,0,0,0,0,0,0
22900,0,0,1,0,0,0,0,0,0
22901,0,0,1,0,0,0,0,0,0
22902,0,0,1,0,0,0,0,0,0
22903,0,0,1,0,0,0,0,0,0
22904,0,0,1,0,0,0,0,0,0
22905,0,0,1,0,0,0,0,0,0
22906,0,0,1,0,0,0,0,0,0
22907,0,0,1,0,0,0,0,0,0
22908,0,0,1,0,0,0,0,0,0
22909,0,0,1,0,0,0,0,0,0
22910,0,0,1,0,0,0,0,0,0
22911,0,0,1,0,0,0,0,0,0
22912,0,0,1,0,0,0,0,0,0
22913,0,0,1,0,0,0,0,0,0
22914,0,0,1,0,0,0,0,0,0
22915,0,0,1,0,0,0,0,0,0
22916,0,0,1,0,0,0,0,0,0
22917,0,0,1,0,0,0,0,0,0
22918,0,0,1,0,0,0,0,0,0
22919,0,0,1,0,0,0,0,0,0
22920,0,0,1,0,0,0,0,0,0
22921,0,0,1,0,0,0,0,0,0
22922,0,0,1,0,0,0,0,0,0
22923,0,0,1,0,0,0,0,0,0
22924,0,0,1,0,0,0,0,0,0
22925,0,0,1,0,0,0,0,0,0
22926,0,0,1,0,0,0,0,0,0
22927,0,0,1,0,0,0,0,0,0
22928,0,0,1,0,0,0,0,0,0
22929,0,0,1,0,0,0,0,0,0
22930,0,0,1,0,0,0,0,0,0
22931,0,0,1,0,0,0,0,0,0
22932,0,0,1,0,0,0,0,0,0
22933,0,0,1,0,0,0,0,0,0
22934,0,0,1,0,0,0,0,0,0
22935,0,0,1,0,0,0,0,0,0
22936,0,0,1,0,0,0,0,0,0
22937,0,0,1,0,0,0,0,0,0
22938,0,0,1,0,0,0,0,0,0
22939,0,0,1,0,0,0,0,0,0
22940,0,0,1,0,0,0,0,0,0
22941,0,0,1,0,0,0,0,0,0
22942,0,0,1,0,0,0,0,0,0
22943,0,0,1,0,0,0,0,0,0
22944,0,0,1,0,0,0,0,0,0
22945,0,0,1,0,0,0,0,0,0
22946,0,0,1,0,0,0,0,0,0
22947,0,0,1,0,0,0,0,0,0
22948,0,0,1,0,0,0,0,0,0
22949,0,0,1,0,0,0,0,0,0
22950,0,0,1,0,0,0,0,0,0
22951,0,0,1,0,0,0,0,0,0
22952,0,0,1,0,0,0,0,0,0
22953,0,0,1,0,0,0,0,0,0
22954,0,0,1,0,0,0,0,0,0
22955,0,0,1,0,0,0,0,0,0
22956,0,0,1,0,0,0,0,0,0
22957,0,0,1,0,0,0,0,0,0
22958,0,0,1,0,0,0,0,0,0
22959,0,0,1,0,0,0,0,0,0
22960,0,0,1,0,0,0,0,0,0
22961,0,0,1,0,0,0,0,0,0
22962,0,0,1,0,0,0,0,0,0
22963,0,0,1,0,0,0,0,0,0
22964,0,0,1,0,0,0,0,0,0
22965,0,0,1,0,0,0,0,0,0
22966,0,0,1,0,0,0,0,0,0
22967,0,0,1,0,0,0,0,0,0
22968,0,0,1,0,0,0,0,0,0
22969,0,0,1,0,0,0,0,0,0
22970,0,0,1,0,0,0,0,0,0
22971,0,0,1,0,0,0,0,0,0
22972,0,0,1,0,0,0,0,0,0
22973,0,0,1,0,0,0,0,0,0
22974,0,0,1,0,0,0,0,0,0
22975,0,0,1,0,0,0,0,0,0
22976,0,0,1,0,0,0,0,0,0
22977,0,0,1,0,0,0,0,0,0
22978,0,0,1,0,0,0,0,0,0
22979,0,0,1,0,0,0,0,0,0
22980,0,0,1,0,0,0,0,0,0
22981,0,0,1,0,0,0,0,0,0
22982,0,0,1,0,0,0,0,0,0
22983,0,0,1,0,0,0,0,0,0
22984,0,0,1,0,0,0,0,0,0
22985,0,0,1,0,0,0,0,0,0
22986,0,0,1,0,0,0,0,0,0
22987,0,0,1,0,0,0,0,0,0
22988,0,0,1,0,0,0,0,0,0
22989,0,0,1,0,0,0,0,0,0
22990,0,0,1,0,0,0,0,0,0
22991,0,0,1,0,0,0,0,0,0
22992,0,0,1,0,0,0,0,0,0
22993,0,0,1,0,0,0,0,0,0
22994,0,0,1,0,0,0,0,0,0
22995,0,0,1,0,0,0,0,0,0
22996,0,0,1,0,0,0,0,0,0
22997,0,0,1,0,0,0,0,0,0
22998,0,0,1,0,0,0,0,0,0
22999,0,0,1,0,0,0,0,0,0
23000,0,0,1,0,0,0,0,0,0
23001,0,0,1,0,0,0,0,0,0
23002,0,0,1,0,0,0,0,0,0
23003,0,0,1,0,0,0,0,0,0
23004,0,0,1,0,0,0,0,0,0
23005,0,0,1,0,0,0,0,0,0
23006,0,0,1,0,0,0,0,0,0
23007,0,0,1,0,0,0,0,0,0
23008,0,0,1,0,0,0,0,0,0
23009,0,0,1,0,0,0,0,0,0
23010,0,0,1,0,0,0,0,0,0
23011,0,0,1,0,0,0,0,0,0
23012,0,0,1,0,0,0,0,0,0
23013,0,0,1,0,0,0,0,0,0
23014,0,0,1,0,0,0,0,0,0
23015,0,0,1,0,0,0,0,0,0
23016,0,0,1,0,0,0,0,0,0
23017,0,0,1,0,0,0,0,0,0
23018,0,0,1,0,0,0,0,0,0
23019,0,0,1,0,0,0,0,0,0
23020,0,0,1,0,0,0,0,0,0
23021,0,0,1,0,0,0,0,0,0
23022,0,0,1,0,0,0,0,0,0
23023,0,0,1,0,0,0,0,0,0
23024,0,0,1,0,0,0,0,0,0
23025,0,0,1,0,0,0,0,0,0
23026,0,0,1,0,0,0,0,0,0
23027,0,0,1,0,0,0,0,0,0
23028,0,0,1,0,0,0,0,0,0
23029,0,0,1,0,0,0,0,0,0
23030,0,0,1,0,0,0,0,0,0
23031,0,0,1,0,0,0,0,0,0
23032,0,0,1,0,0,0,0,0,0
23033,0,0,1,0,0,0,0,0,0
23034,0,0,1,0,0,0,0,0,0
23035,0,0,1,0,0,0,0,0,0
23036,0,0,1,0,0,0,0,0,0
23037,0,0,1,0,0,0,0,0,0
23038,0,0,1,0,0,0,0,0,0
23039,0,0,1,0,0,0,0,0,0
23040,0,0,1,0,0,0,0,0,0
23041,0,0,1,0,0,0,0,0,0
23042,0,0,1,0,0,0,0,0,0
23043,0,0,1,0,0,0,0,0,0
23044,0,0,1,0,0,0,0,0,0
23045,0,0,1,0,0,0,0,0,0
23046,0,0,1,0,0,0,0,0,0
23047,0,0,1,0,0,0,0,0,0
23048,0,0,1,0,0,0,0,0,0
23049,0,0,1,0,0,0,0,0,0
23050,0,0,1,0,0,0,0,0,0
23051,0,0,1,0,0,0,0,0,0
23052,0,0,1,0,0,0,0,0,0
23053,0,0,1,0,0,0,0,0,0
23054,0,0,1,0,0,0,0,0,0
23055,0,0,1,0,0,0,0,0,0
23056,0,0,1,0,0,0,0,0,0
23057,0,0,1,0,0,0,0,0,0
23058,0,0,1,0,0,0,0,0,0
23059,0,0,1,0,0,0,0,0,0
23060,0,0,1,0,0,0,0,0,0
23061,0,0,1,0,0,0,0,0,0
23062,0,0,1,0,0,0,0,0,0
23063,0,0,1,0,0,0,0,0,0
23064,0,0,1,0,0,0,0,0,0
23065,0,0,1,0,0,0,0,0,0
23066,0,0,1,0,0,0,0,0,0
23067,0,0,1,0,0,0,0,0,0
23068,0,0,1,0,0,0,0,0,0
23069,0,0,1,0,0,0,0,0,0
23070,0,0,1,0,0,0,0,0,0
23071,0,0,1,0,0,0,0,0,0
23072,0,0,1,0,0,0,0,0,0
23073,0,0,1,0,0,0,0,0,0
23074,0,0,1,0,0,0,0,0,0
23075,0,0,1,0,0,0,0,0,0
23076,0,0,1,0,0,0,0,0,0
23077,0,0,1,0,0,0,0,0,0
23078,0,0,1,0,0,0,0,0,0
23079,0,0,1,0,0,0,0,0,0
23080,0,0,1,0,0,0,0,0,0
23081,0,0,1,0,0,0,0,0,0
23082,0,0,1,0,0,0,0,0,0
23083,0,0,1,0,0,0,0,0,0
23084,0,0,1,0,0,0,0,0,0
23085,0,0,1,0,0,0,0,0,0
23086,0,0,1,0,0,0,0,0,0
23087,0,0,1,0,0,0,0,0,0
23088,0,0,1,0,0,0,0,0,0
23089,0,0,1,0,0,0,0,0,0
23090,0,0,1,0,0,0,0,0,0
23091,0,0,1,0,0,0,0,0,0
23092,0,0,1,0,0,0,0,0,0
23093,0,0,1,0,0,0,0,0,0
23094,0,0,1,0,0,0,0,0,0
23095,0,0,1,0,0,0,0,0,0
23096,0,0,1,0,0,0,0,0,0
23097,0,0,1,0,0,0,0,0,0
23098,0,0,1,0,0,0,0,0,0
23099,0,0,1,0,0,0,0,0,0
23100,0,0,1,0,0,0,0,0,0
23101,0,0,1,0,0,0,0,0,0
23102,0,0,1,0,0,0,0,0,0
23103,0,0,1,0,0,0,0,0,0
23104,0,0,1,0,0,0,0,0,0
23105,0,0,1,0,0,0,0,0,0
23106,0,0,1,0,0,0,0,0,0
23107,0,0,1,0,0,0,0,0,0
23108,0,0,1,0,0,0,0,0,0
23109,0,0,1,0,0,0,0,0,0
23110,0,0,1,0,0,0,0,0,0
23111,0,0,1,0,0,0,0,0,0
23112,0,0,1,0,0,0,0,0,0
23113,0,0,1,0,0,0,0,0,0
23114,0,0,1,0,0,0,0,0,0
23115,0,0,1,0,0,0,0,0,0
23116,0,0,1,0,0,0,0,0,0
23117,0,0,1,0,0,0,0,0,0
23118,0,0,1,0,0,0,0,0,0
23119,0,0,1,0,0,0,0,0,0
23120,0,0,1,0,0,0,0,0,0
23121,0,0,1,0,0,0,0,0,0
23122,0,0,1,0,0,0,0,0,0
23123,0,0,1,0,0,0,0,0,0
23124,0,0,1,0,0,0,0,0,0
23125,0,0,1,0,0,0,0,0,0
23126,0,0,1,0,0,0,0,0,0
23127,0,0,1,0,0,0,0,0,0
23128,0,0,1,0,0,0,0,0,0
23129,0,0,1,0,0,0,0,0,0
23130,0,0,1,0,0,0,0,0,0
23131,0,0,1,0,0,0,0,0,0
23132,0,0,1,0,0,0,0,0,0
23133,0,0,1,0,0,0,0,0,0
23134,0,0,1,0,0,0,0,0,0
23135,0,0,1,0,0,0,0,0,0
23136,0,0,1,0,0,0,0,0,0
23137,0,0,1,0,0,0,0,0,0
23138,0,0,1,0,0,0,0,0,0
23139,0,0,1,0,0,0,0,0,0
23140,0,0,1,0,0,0,0,0,0
23141,0,0,1,0,0,0,0,0,0
23142,0,0,1,0,0,0,0,0,0
23143,0,0,1,0,0,0,0,0,0
23144,0,0,1,0,0,0,0,0,0
23145,0,0,1,0,0,0,0,0,0
23146,0,0,1,0,0,0,0,0,0
23147,0,0,1,0,0,0,0,0,0
23148,0,0,1,0,0,0,0,0,0
23149,0,0,1,0,0,0,0,0,0
23150,0,0,1,0,0,0,0,0,0
23151,0,0,1,0,0,0,0,0,0
23152,0,0,1,0,0,0,0,0,0
23153,0,0,1,0,0,0,0,0,0
23154,0,0,1,0,0,0,0,0,0
23155,0,0,1,0,0,0,0,0,0
23156,0,0,1,0,0,0,0,0,0
23157,0,0,1,0,0,0,0,0,0
23158,0,0,1,0,0,0,0,0,0
23159,0,0,1,0,0,0,0,0,0
23160,0,0,1,0,0,0,0,0,0
23161,0,0,1,0,0,0,0,0,0
23162,0,0,1,0,0,0,0,0,0
23163,0,0,1,0,0,0,0,0,0
23164,0,0,1,0,0,0,0,0,0
23165,0,0,1,0,0,0,0,0,0
23166,0,0,1,0,0,0,0,0,0
23167,0,0,1,0,0,0,0,0,0
23168,0,0,1,0,0,0,0,0,0
23169,0,0,1,0,0,0,0,0,0
23170,0,0,1,0,0,0,0,0,0
23171,0,0,1,0,0,0,0,0,0
23172,0,0,1,0,0,0,0,0,0
23173,0,0,1,0,0,0,0,0,0
23174,0,0,1,0,0,0,0,0,0
23175,0,0,1,0,0,0,0,0,0
23176,0,0,1,0,0,0,0,0,0
23177,0,0,1,0,0,0,0,0,0
23178,0,0,1,0,0,0,0,0,0
23179,0,0,1,0,0,0,0,0,0
23180,0,0,1,0,0,0,0,0,0
23181,0,0,1,0,0,0,0,0,0
23182,0,0,1,0,0,0,0,0,0
23183,0,0,1,0,0,0,0,0,0
23184,0,0,1,0,0,0,0,0,0
23185,0,0,1,0,0,0,0,0,0
23186,0,0,1,0,0,0,0,0,0
23187,0,0,1,0,0,0,0,0,0
23188,0,0,1,0,0,0,0,0,0
23189,0,0,1,0,0,0,0,0,0
23190,0,0,1,0,0,0,0,0,0
23191,0,0,1,0,0,0,0,0,0
23192,0,0,1,0,0,0,0,0,0
23193,0,0,1,0,0,0,0,0,0
23194,0,0,1,0,0,0,0,0,0
23195,0,0,1,0,0,0,0,0,0
23196,0,0,1,0,0,0,0,0,0
23197,0,0,1,0,0,0,0,0,0
23198,0,0,1,0,0,0,0,0,0
23199,0,0,1,0,0,0,0,0,0
23200,0,0,1,0,0,0,0,0,0
23201,0,0,1,0,0,0,0,0,0
23202,0,0,1,0,0,0,0,0,0
23203,0,0,1,0,0,0,0,0,0
23204,0,0,1,0,0,0,0,0,0
23205,0,0,1,0,0,0,0,0,0
23206,0,0,1,0,0,0,0,0,0
23207,0,0,1,0,0,0,0,0,0
23208,0,0,1,0,0,0,0,0,0
23209,0,0,1,0,0,0,0,0,0
23210,0,0,1,0,0,0,0,0,0
23211,0,0,1,0,0,0,0,0,0
23212,0,0,1,0,0,0,0,0,0
23213,0,0,1,0,0,0,0,0,0
23214,0,0,1,0,0,0,0,0,0
23215,0,0,1,0,0,0,0,0,0
23216,0,0,1,0,0,0,0,0,0
23217,0,0,1,0,0,0,0,0,0
23218,0,0,1,0,0,0,0,0,0
23219,0,0,1,0,0,0,0,0,0
23220,0,0,1,0,0,0,0,0,0
23221,0,0,1,0,0,0,0,0,0
23222,0,0,1,0,0,0,0,0,0
23223,0,0,1,0,0,0,0,0,0
23224,0,0,1,0,0,0,0,0,0
23225,0,0,1,0,0,0,0,0,0
23226,0,0,1,0,0,0,0,0,0
23227,0,0,1,0,0,0,0,0,0
23228,0,0,1,0,0,0,0,0,0
23229,0,0,1,0,0,0,0,0,0
23230,0,0,1,0,0,0,0,0,0
23231,0,0,1,0,0,0,0,0,0
23232,0,0,1,0,0,0,0,0,0
23233,0,0,1,0,0,0,0,0,0
23234,0,0,1,0,0,0,0,0,0
23235,0,0,1,0,0,0,0,0,0
23236,0,0,1,0,0,0,0,0,0
23237,0,0,1,0,0,0,0,0,0
23238,0,0,1,0,0,0,0,0,0
23239,0,0,1,0,0,0,0,0,0
23240,0,0,1,0,0,0,0,0,0
23241,0,0,1,0,0,0,0,0,0
23242,0,0,1,0,0,0,0,0,0
23243,0,0,1,0,0,0,0,0,0
23244,0,0,1,0,0,0,0,0,0
23245,0,0,1,0,0,0,0,0,0
23246,0,0,1,0,0,0,0,0,0
23247,0,0,1,0,0,0,0,0,0
23248,0,0,1,0,0,0,0,0,0
23249,0,0,1,0,0,0,0,0,0
23250,0,0,1,0,0,0,0,0,0
23251,0,0,1,0,0,0,0,0,0
23252,0,0,1,0,0,0,0,0,0
23253,0,0,1,0,0,0,0,0,0
23254,0,0,1,0,0,0,0,0,0
23255,0,0,1,0,0,0,0,0,0
23256,0,0,1,0,0,0,0,0,0
23257,0,0,1,0,0,0,0,0,0
23258,0,0,1,0,0,0,0,0,0
23259,0,0,1,0,0,0,0,0,0
23260,0,0,1,0,0,0,0,0,0
23261,0,0,1,0,0,0,0,0,0
23262,0,0,1,0,0,0,0,0,0
23263,0,0,1,0,0,0,0,0,0
23264,0,0,1,0,0,0,0,0,0
23265,0,0,1,0,0,0,0,0,0
23266,0,0,1,0,0,0,0,0,0
23267,0,0,1,0,0,0,0,0,0
23268,0,0,1,0,0,0,0,0,0
23269,0,0,1,0,0,0,0,0,0
23270,0,0,1,0,0,0,0,0,0
23271,0,0,1,0,0,0,0,0,0
23272,0,0,1,0,0,0,0,0,0
23273,0,0,1,0,0,0,0,0,0
23274,0,0,1,0,0,0,0,0,0
23275,0,0,1,0,0,0,0,0,0
23276,0,0,1,0,0,0,0,0,0
23277,0,0,1,0,0,0,0,0,0
23278,0,0,1,0,0,0,0,0,0
23279,0,0,1,0,0,0,0,0,0
23280,0,0,1,0,0,0,0,0,0
23281,0,0,1,0,0,0,0,0,0
23282,0,0,1,0,0,0,0,0,0
23283,0,0,1,0,0,0,0,0,0
23284,0,0,1,0,0,0,0,0,0
23285,0,0,1,0,0,0,0,0,0
23286,0,0,1,0,0,0,0,0,0
23287,0,0,1,0,0,0,0,0,0
23288,0,0,1,0,0,0,0,0,0
23289,0,0,1,0,0,0,0,0,0
23290,0,0,1,0,0,0,0,0,0
23291,0,0,1,0,0,0,0,0,0
23292,0,0,1,0,0,0,0,0,0
23293,0,0,1,0,0,0,0,0,0
23294,0,0,1,0,0,0,0,0,0
23295,0,0,1,0,0,0,0,0,0
23296,0,0,1,0,0,0,0,0,0
23297,0,0,1,0,0,0,0,0,0
23298,0,0,1,0,0,0,0,0,0
23299,0,0,1,0,0,0,0,0,0
23300,0,0,1,0,0,0,0,0,0
23301,0,0,1,0,0,0,0,0,0
23302,0,0,1,0,0,0,0,0,0
23303,0,0,1,0,0,0,0,0,0
23304,0,0,1,0,0,0,0,0,0
23305,0,0,1,0,0,0,0,0,0
23306,0,0,1,0,0,0,0,0,0
23307,0,0,1,0,0,0,0,0,0
23308,0,0,1,0,0,0,0,0,0
23309,0,0,1,0,0,0,0,0,0
23310,0,0,1,0,0,0,0,0,0
23311,0,0,1,0,0,0,0,0,0
23312,0,0,1,0,0,0,0,0,0
23313,0,0,1,0,0,0,0,0,0
23314,0,0,1,0,0,0,0,0,0
23315,0,0,1,0,0,0,0,0,0
23316,0,0,1,0,0,0,0,0,0
23317,0,0,1,0,0,0,0,0,0
23318,0,0,1,0,0,0,0,0,0
23319,0,0,1,0,0,0,0,0,0
23320,0,0,1,0,0,0,0,0,0
23321,0,0,1,0,0,0,0,0,0
23322,0,0,1,0,0,0,0,0,0
23323,0,0,1,0,0,0,0,0,0
23324,0,0,1,0,0,0,0,0,0
23325,0,0,1,0,0,0,0,0,0
23326,0,0,1,0,0,0,0,0,0
23327,0,0,1,0,0,0,0,0,0
23328,0,0,1,0,0,0,0,0,0
23329,0,0,1,0,0,0,0,0,0
23330,0,0,1,0,0,0,0,0,0
23331,0,0,1,0,0,0,0,0,0
23332,0,0,1,0,0,0,0,0,0
23333,0,0,1,0,0,0,0,0,0
23334,0,0,1,0,0,0,0,0,0
23335,0,0,1,0,0,0,0,0,0
23336,0,0,1,0,0,0,0,0,0
23337,0,0,1,0,0,0,0,0,0
23338,0,0,1,0,0,0,0,0,0
23339,0,0,1,0,0,0,0,0,0
23340,0,0,1,0,0,0,0,0,0
23341,0,0,1,0,0,0,0,0,0
23342,0,0,1,0,0,0,0,0,0
23343,0,0,1,0,0,0,0,0,0
23344,0,0,1,0,0,0,0,0,0
23345,0,0,1,0,0,0,0,0,0
23346,0,0,1,0,0,0,0,0,0
23347,0,0,1,0,0,0,0,0,0
23348,0,0,1,0,0,0,0,0,0
23349,0,0,1,0,0,0,0,0,0
23350,0,0,1,0,0,0,0,0,0
23351,0,0,1,0,0,0,0,0,0
23352,0,0,1,0,0,0,0,0,0
23353,0,0,1,0,0,0,0,0,0
23354,0,0,1,0,0,0,0,0,0
23355,0,0,1,0,0,0,0,0,0
23356,0,0,1,0,0,0,0,0,0
23357,0,0,1,0,0,0,0,0,0
23358,0,0,1,0,0,0,0,0,0
23359,0,0,1,0,0,0,0,0,0
23360,0,0,1,0,0,0,0,0,0
23361,0,0,1,0,0,0,0,0,0
23362,0,0,1,0,0,0,0,0,0
23363,0,0,1,0,0,0,0,0,0
23364,0,0,1,0,0,0,0,0,0
23365,0,0,1,0,0,0,0,0,0
23366,0,0,1,0,0,0,0,0,0
23367,0,0,1,0,0,0,0,0,0
23368,0,0,1,0,0,0,0,0,0
23369,0,0,1,0,0,0,0,0,0
23370,0,0,1,0,0,0,0,0,0
23371,0,0,1,0,0,0,0,0,0
23372,0,0,1,0,0,0,0,0,0
23373,0,0,1,0,0,0,0,0,0
23374,0,0,1,0,0,0,0,0,0
23375,0,0,1,0,0,0,0,0,0
23376,0,0,1,0,0,0,0,0,0
23377,0,0,1,0,0,0,0,0,0
23378,0,0,1,0,0,0,0,0,0
23379,0,0,1,0,0,0,0,0,0
23380,0,0,1,0,0,0,0,0,0
23381,0,0,1,0,0,0,0,0,0
23382,0,0,1,0,0,0,0,0,0
23383,0,0,1,0,0,0,0,0,0
23384,0,0,1,0,0,0,0,0,0
23385,0,0,1,0,0,0,0,0,0
23386,0,0,1,0,0,0,0,0,0
23387,0,0,1,0,0,0,0,0,0
23388,0,0,1,0,0,0,0,0,0
23389,0,0,1,0,0,0,0,0,0
23390,0,0,1,0,0,0,0,0,0
23391,0,0,1,0,0,0,0,0,0
23392,0,0,1,0,0,0,0,0,0
23393,0,0,1,0,0,0,0,0,0
23394,0,0,1,0,0,0,0,0,0
23395,0,0,1,0,0,0,0,0,0
23396,0,0,1,0,0,0,0,0,0
23397,0,0,1,0,0,0,0,0,0
23398,0,0,1,0,0,0,0,0,0
23399,0,0,1,0,0,0,0,0,0
23400,0,0,1,0,0,0,0,0,0
23401,0,0,1,0,0,0,0,0,0
23402,0,0,1,0,0,0,0,0,0
23403,0,0,1,0,0,0,0,0,0
23404,0,0,1,0,0,0,0,0,0
23405,0,0,1,0,0,0,0,0,0
23406,0,0,1,0,0,0,0,0,0
23407,0,0,1,0,0,0,0,0,0
23408,0,0,1,0,0,0,0,0,0
23409,0,0,1,0,0,0,0,0,0
23410,0,0,1,0,0,0,0,0,0
23411,0,0,1,0,0,0,0,0,0
23412,0,0,1,0,0,0,0,0,0
23413,0,0,1,0,0,0,0,0,0
23414,0,0,1,0,0,0,0,0,0
23415,0,0,1,0,0,0,0,0,0
23416,0,0,1,0,0,0,0,0,0
23417,0,0,1,0,0,0,0,0,0
23418,0,0,1,0,0,0,0,0,0
23419,0,0,1,0,0,0,0,0,0
23420,0,0,1,0,0,0,0,0,0
23421,0,0,1,0,0,0,0,0,0
23422,0,0,1,0,0,0,0,0,0
23423,0,0,1,0,0,0,0,0,0
23424,0,0,1,0,0,0,0,0,0
23425,0,0,1,0,0,0,0,0,0
23426,0,0,1,0,0,0,0,0,0
23427,0,0,1,0,0,0,0,0,0
23428,0,0,1,0,0,0,0,0,0
23429,0,0,1,0,0,0,0,0,0
23430,0,0,1,0,0,0,0,0,0
23431,0,0,1,0,0,0,0,0,0
23432,0,0,1,0,0,0,0,0,0
23433,0,0,1,0,0,0,0,0,0
23434,0,0,1,0,0,0,0,0,0
23435,0,0,1,0,0,0,0,0,0
23436,0,0,1,0,0,0,0,0,0
23437,0,0,1,0,0,0,0,0,0
23438,0,0,1,0,0,0,0,0,0
23439,0,0,1,0,0,0,0,0,0
23440,0,0,1,0,0,0,0,0,0
23441,0,0,1,0,0,0,0,0,0
23442,0,0,1,0,0,0,0,0,0
23443,0,0,1,0,0,0,0,0,0
23444,0,0,1,0,0,0,0,0,0
23445,0,0,1,0,0,0,0,0,0
23446,0,0,1,0,0,0,0,0,0
23447,0,0,1,0,0,0,0,0,0
23448,0,0,1,0,0,0,0,0,0
23449,0,0,1,0,0,0,0,0,0
23450,0,0,1,0,0,0,0,0,0
23451,0,0,1,0,0,0,0,0,0
23452,0,0,1,0,0,0,0,0,0
23453,0,0,1,0,0,0,0,0,0
23454,0,0,1,0,0,0,0,0,0
23455,0,0,1,0,0,0,0,0,0
23456,0,0,1,0,0,0,0,0,0
23457,0,0,1,0,0,0,0,0,0
23458,0,0,1,0,0,0,0,0,0
23459,0,0,1,0,0,0,0,0,0
23460,0,0,1,0,0,0,0,0,0
23461,0,0,1,0,0,0,0,0,0
23462,0,0,1,0,0,0,0,0,0
23463,0,0,1,0,0,0,0,0,0
23464,0,0,1,0,0,0,0,0,0
23465,0,0,1,0,0,0,0,0,0
23466,0,0,1,0,0,0,0,0,0
23467,0,0,1,0,0,0,0,0,0
23468,0,0,1,0,0,0,0,0,0
23469,0,0,1,0,0,0,0,0,0
23470,0,0,1,0,0,0,0,0,0
23471,0,0,1,0,0,0,0,0,0
23472,0,0,1,0,0,0,0,0,0
23473,0,0,1,0,0,0,0,0,0
23474,0,0,1,0,0,0,0,0,0
23475,0,0,1,0,0,0,0,0,0
23476,0,0,1,0,0,0,0,0,0
23477,0,0,1,0,0,0,0,0,0
23478,0,0,1,0,0,0,0,0,0
23479,0,0,1,0,0,0,0,0,0
23480,0,0,1,0,0,0,0,0,0
23481,0,0,1,0,0,0,0,0,0
23482,0,0,1,0,0,0,0,0,0
23483,0,0,1,0,0,0,0,0,0
23484,0,0,1,0,0,0,0,0,0
23485,0,0,1,0,0,0,0,0,0
23486,0,0,1,0,0,0,0,0,0
23487,0,0,1,0,0,0,0,0,0
23488,0,0,1,0,0,0,0,0,0
23489,0,0,1,0,0,0,0,0,0
23490,0,0,1,0,0,0,0,0,0
23491,0,0,1,0,0,0,0,0,0
23492,0,0,1,0,0,0,0,0,0
23493,0,0,1,0,0,0,0,0,0
23494,0,0,1,0,0,0,0,0,0
23495,0,0,1,0,0,0,0,0,0
23496,0,0,1,0,0,0,0,0,0
23497,0,0,1,0,0,0,0,0,0
23498,0,0,1,0,0,0,0,0,0
23499,0,0,1,0,0,0,0,0,0
23500,0,0,1,0,0,0,0,0,0
23501,0,0,1,0,0,0,0,0,0
23502,0,0,1,0,0,0,0,0,0
23503,0,0,1,0,0,0,0,0,0
23504,0,0,1,0,0,0,0,0,0
23505,0,0,1,0,0,0,0,0,0
23506,0,0,1,0,0,0,0,0,0
23507,0,0,1,0,0,0,0,0,0
23508,0,0,1,0,0,0,0,0,0
23509,0,0,1,0,0,0,0,0,0
23510,0,0,1,0,0,0,0,0,0
23511,0,0,1,0,0,0,0,0,0
23512,0,0,1,0,0,0,0,0,0
23513,0,0,1,0,0,0,0,0,0
23514,0,0,1,0,0,0,0,0,0
23515,0,0,1,0,0,0,0,0,0
23516,0,0,1,0,0,0,0,0,0
23517,0,0,1,0,0,0,0,0,0
23518,0,0,1,0,0,0,0,0,0
23519,0,0,1,0,0,0,0,0,0
23520,0,0,1,0,0,0,0,0,0
23521,0,0,1,0,0,0,0,0,0
23522,0,0,1,0,0,0,0,0,0
23523,0,0,1,0,0,0,0,0,0
23524,0,0,1,0,0,0,0,0,0
23525,0,0,1,0,0,0,0,0,0
23526,0,0,1,0,0,0,0,0,0
23527,0,0,1,0,0,0,0,0,0
23528,0,0,1,0,0,0,0,0,0
23529,0,0,1,0,0,0,0,0,0
23530,0,0,1,0,0,0,0,0,0
23531,0,0,1,0,0,0,0,0,0
23532,0,0,1,0,0,0,0,0,0
23533,0,0,1,0,0,0,0,0,0
23534,0,0,1,0,0,0,0,0,0
23535,0,0,1,0,0,0,0,0,0
23536,0,0,1,0,0,0,0,0,0
23537,0,0,1,0,0,0,0,0,0
23538,0,0,1,0,0,0,0,0,0
23539,0,0,1,0,0,0,0,0,0
23540,0,0,1,0,0,0,0,0,0
23541,0,0,1,0,0,0,0,0,0
23542,0,0,1,0,0,0,0,0,0
23543,0,0,1,0,0,0,0,0,0
23544,0,0,1,0,0,0,0,0,0
23545,0,0,1,0,0,0,0,0,0
23546,0,0,1,0,0,0,0,0,0
23547,0,0,1,0,0,0,0,0,0
23548,0,0,1,0,0,0,0,0,0
23549,0,0,1,0,0,0,0,0,0
23550,0,0,1,0,0,0,0,0,0
23551,0,0,1,0,0,0,0,0,0
23552,0,0,1,0,0,0,0,0,0
23553,0,0,1,0,0,0,0,0,0
23554,0,0,1,0,0,0,0,0,0
23555,0,0,1,0,0,0,0,0,0
23556,0,0,1,0,0,0,0,0,0
23557,0,0,1,0,0,0,0,0,0
23558,0,0,1,0,0,0,0,0,0
23559,0,0,1,0,0,0,0,0,0
23560,0,0,1,0,0,0,0,0,0
23561,0,0,1,0,0,0,0,0,0
23562,0,0,1,0,0,0,0,0,0
23563,0,0,1,0,0,0,0,0,0
23564,0,0,1,0,0,0,0,0,0
23565,0,0,1,0,0,0,0,0,0
23566,0,0,1,0,0,0,0,0,0
23567,0,0,1,0,0,0,0,0,0
23568,0,0,1,0,0,0,0,0,0
23569,0,0,1,0,0,0,0,0,0
23570,0,0,1,0,0,0,0,0,0
23571,0,0,1,0,0,0,0,0,0
23572,0,0,1,0,0,0,0,0,0
23573,0,0,1,0,0,0,0,0,0
23574,0,0,1,0,0,0,0,0,0
23575,0,0,1,0,0,0,0,0,0
23576,0,0,1,0,0,0,0,0,0
23577,0,0,1,0,0,0,0,0,0
23578,0,0,1,0,0,0,0,0,0
23579,0,0,1,0,0,0,0,0,0
23580,0,0,1,0,0,0,0,0,0
23581,0,0,1,0,0,0,0,0,0
23582,0,0,1,0,0,0,0,0,0
23583,0,0,1,0,0,0,0,0,0
23584,0,0,1,0,0,0,0,0,0
23585,0,0,1,0,0,0,0,0,0
23586,0,0,1,0,0,0,0,0,0
23587,0,0,1,0,0,0,0,0,0
23588,0,0,1,0,0,0,0,0,0
23589,0,0,1,0,0,0,0,0,0
23590,0,0,1,0,0,0,0,0,0
23591,0,0,1,0,0,0,0,0,0
23592,0,0,1,0,0,0,0,0,0
23593,0,0,1,0,0,0,0,0,0
23594,0,0,1,0,0,0,0,0,0
23595,0,0,1,0,0,0,0,0,0
23596,0,0,1,0,0,0,0,0,0
23597,0,0,1,0,0,0,0,0,0
23598,0,0,1,0,0,0,0,0,0
23599,0,0,1,0,0,0,0,0,0
23600,0,0,1,0,0,0,0,0,0
23601,0,0,1,0,0,0,0,0,0
23602,0,0,1,0,0,0,0,0,0
23603,0,0,1,0,0,0,0,0,0
23604,0,0,1,0,0,0,0,0,0
23605,0,0,1,0,0,0,0,0,0
23606,0,0,1,0,0,0,0,0,0
23607,0,0,1,0,0,0,0,0,0
23608,0,0,1,0,0,0,0,0,0
23609,0,0,1,0,0,0,0,0,0
23610,0,0,1,0,0,0,0,0,0
23611,0,0,1,0,0,0,0,0,0
23612,0,0,1,0,0,0,0,0,0
23613,0,0,1,0,0,0,0,0,0
23614,0,0,1,0,0,0,0,0,0
23615,0,0,1,0,0,0,0,0,0
23616,0,0,1,0,0,0,0,0,0
23617,0,0,1,0,0,0,0,0,0
23618,0,0,1,0,0,0,0,0,0
23619,0,0,1,0,0,0,0,0,0
23620,0,0,1,0,0,0,0,0,0
23621,0,0,1,0,0,0,0,0,0
23622,0,0,1,0,0,0,0,0,0
23623,0,0,1,0,0,0,0,0,0
23624,0,0,1,0,0,0,0,0,0
23625,0,0,1,0,0,0,0,0,0
23626,0,0,1,0,0,0,0,0,0
23627,0,0,1,0,0,0,0,0,0
23628,0,0,1,0,0,0,0,0,0
23629,0,0,1,0,0,0,0,0,0
23630,0,0,1,0,0,0,0,0,0
23631,0,0,1,0,0,0,0,0,0
23632,0,0,1,0,0,0,0,0,0
23633,0,0,1,0,0,0,0,0,0
23634,0,0,1,0,0,0,0,0,0
23635,0,0,1,0,0,0,0,0,0
23636,0,0,1,0,0,0,0,0,0
23637,0,0,1,0,0,0,0,0,0
23638,0,0,1,0,0,0,0,0,0
23639,0,0,1,0,0,0,0,0,0
23640,0,0,1,0,0,0,0,0,0
23641,0,0,1,0,0,0,0,0,0
23642,0,0,1,0,0,0,0,0,0
23643,0,0,1,0,0,0,0,0,0
23644,0,0,1,0,0,0,0,0,0
23645,0,0,1,0,0,0,0,0,0
23646,0,0,1,0,0,0,0,0,0
23647,0,0,1,0,0,0,0,0,0
23648,0,0,1,0,0,0,0,0,0
23649,0,0,1,0,0,0,0,0,0
23650,0,0,1,0,0,0,0,0,0
23651,0,0,1,0,0,0,0,0,0
23652,0,0,1,0,0,0,0,0,0
23653,0,0,1,0,0,0,0,0,0
23654,0,0,1,0,0,0,0,0,0
23655,0,0,1,0,0,0,0,0,0
23656,0,0,1,0,0,0,0,0,0
23657,0,0,1,0,0,0,0,0,0
23658,0,0,1,0,0,0,0,0,0
23659,0,0,1,0,0,0,0,0,0
23660,0,0,1,0,0,0,0,0,0
23661,0,0,1,0,0,0,0,0,0
23662,0,0,1,0,0,0,0,0,0
23663,0,0,1,0,0,0,0,0,0
23664,0,0,1,0,0,0,0,0,0
23665,0,0,1,0,0,0,0,0,0
23666,0,0,1,0,0,0,0,0,0
23667,0,0,1,0,0,0,0,0,0
23668,0,0,1,0,0,0,0,0,0
23669,0,0,1,0,0,0,0,0,0
23670,0,0,1,0,0,0,0,0,0
23671,0,0,1,0,0,0,0,0,0
23672,0,0,1,0,0,0,0,0,0
23673,0,0,1,0,0,0,0,0,0
23674,0,0,1,0,0,0,0,0,0
23675,0,0,1,0,0,0,0,0,0
23676,0,0,1,0,0,0,0,0,0
23677,0,0,1,0,0,0,0,0,0
23678,0,0,1,0,0,0,0,0,0
23679,0,0,1,0,0,0,0,0,0
23680,0,0,1,0,0,0,0,0,0
23681,0,0,1,0,0,0,0,0,0
23682,0,0,1,0,0,0,0,0,0
23683,0,0,1,0,0,0,0,0,0
23684,0,0,1,0,0,0,0,0,0
23685,0,0,1,0,0,0,0,0,0
23686,0,0,1,0,0,0,0,0,0
23687,0,0,1,0,0,0,0,0,0
23688,0,0,1,0,0,0,0,0,0
23689,0,0,1,0,0,0,0,0,0
23690,0,0,1,0,0,0,0,0,0
23691,0,0,1,0,0,0,0,0,0
23692,0,0,1,0,0,0,0,0,0
23693,0,0,1,0,0,0,0,0,0
23694,0,0,1,0,0,0,0,0,0
23695,0,0,1,0,0,0,0,0,0
23696,0,0,1,0,0,0,0,0,0
23697,0,0,1,0,0,0,0,0,0
23698,0,0,1,0,0,0,0,0,0
23699,0,0,1,0,0,0,0,0,0
23700,0,0,1,0,0,0,0,0,0
23701,0,0,1,0,0,0,0,0,0
23702,0,0,1,0,0,0,0,0,0
23703,0,0,1,0,0,0,0,0,0
23704,0,0,1,0,0,0,0,0,0
23705,0,0,1,0,0,0,0,0,0
23706,0,0,1,0,0,0,0,0,0
23707,0,0,1,0,0,0,0,0,0
23708,0,0,1,0,0,0,0,0,0
23709,0,0,1,0,0,0,0,0,0
23710,0,0,1,0,0,0,0,0,0
23711,0,0,1,0,0,0,0,0,0
23712,0,0,1,0,0,0,0,0,0
23713,0,0,1,0,0,0,0,0,0
23714,0,0,1,0,0,0,0,0,0
23715,0,0,1,0,0,0,0,0,0
23716,0,0,1,0,0,0,0,0,0
23717,0,0,1,0,0,0,0,0,0
23718,0,0,1,0,0,0,0,0,0
23719,0,0,1,0,0,0,0,0,0
23720,0,0,1,0,0,0,0,0,0
23721,0,0,1,0,0,0,0,0,0
23722,0,0,1,0,0,0,0,0,0
23723,0,0,1,0,0,0,0,0,0
23724,0,0,1,0,0,0,0,0,0
23725,0,0,1,0,0,0,0,0,0
23726,0,0,1,0,0,0,0,0,0
23727,0,0,1,0,0,0,0,0,0
23728,0,0,1,0,0,0,0,0,0
23729,0,0,1,0,0,0,0,0,0
23730,0,0,1,0,0,0,0,0,0
23731,0,0,1,0,0,0,0,0,0
23732,0,0,1,0,0,0,0,0,0
23733,0,0,1,0,0,0,0,0,0
23734,0,0,1,0,0,0,0,0,0
23735,0,0,1,0,0,0,0,0,0
23736,0,0,1,0,0,0,0,0,0
23737,0,0,1,0,0,0,0,0,0
23738,0,0,1,0,0,0,0,0,0
23739,0,0,1,0,0,0,0,0,0
23740,0,0,1,0,0,0,0,0,0
23741,0,0,1,0,0,0,0,0,0
23742,0,0,1,0,0,0,0,0,0
23743,0,0,1,0,0,0,0,0,0
23744,0,0,1,0,0,0,0,0,0
23745,0,0,1,0,0,0,0,0,0
23746,0,0,1,0,0,0,0,0,0
23747,0,0,1,0,0,0,0,0,0
23748,0,0,1,0,0,0,0,0,0
23749,0,0,1,0,0,0,0,0,0
23750,0,0,1,0,0,0,0,0,0
23751,0,0,1,0,0,0,0,0,0
23752,0,0,1,0,0,0,0,0,0
23753,0,0,1,0,0,0,0,0,0
23754,0,0,1,0,0,0,0,0,0
23755,0,0,1,0,0,0,0,0,0
23756,0,0,1,0,0,0,0,0,0
23757,0,0,1,0,0,0,0,0,0
23758,0,0,1,0,0,0,0,0,0
23759,0,0,1,0,0,0,0,0,0
23760,0,0,1,0,0,0,0,0,0
23761,0,0,1,0,0,0,0,0,0
23762,0,0,1,0,0,0,0,0,0
23763,0,0,1,0,0,0,0,0,0
23764,0,0,1,0,0,0,0,0,0
23765,0,0,1,0,0,0,0,0,0
23766,0,0,1,0,0,0,0,0,0
23767,0,0,1,0,0,0,0,0,0
23768,0,0,1,0,0,0,0,0,0
23769,0,0,1,0,0,0,0,0,0
23770,0,0,1,0,0,0,0,0,0
23771,0,0,1,0,0,0,0,0,0
23772,0,0,1,0,0,0,0,0,0
23773,0,0,1,0,0,0,0,0,0
23774,0,0,1,0,0,0,0,0,0
23775,0,0,1,0,0,0,0,0,0
23776,0,0,1,0,0,0,0,0,0
23777,0,0,1,0,0,0,0,0,0
23778,0,0,1,0,0,0,0,0,0
23779,0,0,1,0,0,0,0,0,0
23780,0,0,1,0,0,0,0,0,0
23781,0,0,1,0,0,0,0,0,0
23782,0,0,1,0,0,0,0,0,0
23783,0,0,1,0,0,0,0,0,0
23784,0,0,1,0,0,0,0,0,0
23785,0,0,1,0,0,0,0,0,0
23786,0,0,1,0,0,0,0,0,0
23787,0,0,1,0,0,0,0,0,0
23788,0,0,1,0,0,0,0,0,0
23789,0,0,1,0,0,0,0,0,0
23790,0,0,1,0,0,0,0,0,0
23791,0,0,1,0,0,0,0,0,0
23792,0,0,1,0,0,0,0,0,0
23793,0,0,1,0,0,0,0,0,0
23794,0,0,1,0,0,0,0,0,0
23795,0,0,1,0,0,0,0,0,0
23796,0,0,1,0,0,0,0,0,0
23797,0,0,1,0,0,0,0,0,0
23798,0,0,1,0,0,0,0,0,0
23799,0,0,1,0,0,0,0,0,0
23800,0,0,1,0,0,0,0,0,0
23801,0,0,1,0,0,0,0,0,0
23802,0,0,1,0,0,0,0,0,0
23803,0,0,1,0,0,0,0,0,0
23804,0,0,1,0,0,0,0,0,0
23805,0,0,1,0,0,0,0,0,0
23806,0,0,1,0,0,0,0,0,0
23807,0,0,1,0,0,0,0,0,0
23808,0,0,1,0,0,0,0,0,0
23809,0,0,1,0,0,0,0,0,0
23810,0,0,1,0,0,0,0,0,0
23811,0,0,1,0,0,0,0,0,0
23812,0,0,1,0,0,0,0,0,0
23813,0,0,1,0,0,0,0,0,0
23814,0,0,1,0,0,0,0,0,0
23815,0,0,1,0,0,0,0,0,0
23816,0,0,1,0,0,0,0,0,0
23817,0,0,1,0,0,0,0,0,0
23818,0,0,1,0,0,0,0,0,0
23819,0,0,1,0,0,0,0,0,0
23820,0,0,1,0,0,0,0,0,0
23821,0,0,1,0,0,0,0,0,0
23822,0,0,1,0,0,0,0,0,0
23823,0,0,1,0,0,0,0,0,0
23824,0,0,1,0,0,0,0,0,0
23825,0,0,1,0,0,0,0,0,0
23826,0,0,1,0,0,0,0,0,0
23827,0,0,1,0,0,0,0,0,0
23828,0,0,1,0,0,0,0,0,0
23829,0,0,1,0,0,0,0,0,0
23830,0,0,1,0,0,0,0,0,0
23831,0,0,1,0,0,0,0,0,0
23832,0,0,1,0,0,0,0,0,0
23833,0,0,1,0,0,0,0,0,0
23834,0,0,1,0,0,0,0,0,0
23835,0,0,1,0,0,0,0,0,0
23836,0,0,1,0,0,0,0,0,0
23837,0,0,1,0,0,0,0,0,0
23838,0,0,1,0,0,0,0,0,0
23839,0,0,1,0,0,0,0,0,0
23840,0,0,1,0,0,0,0,0,0
23841,0,0,1,0,0,0,0,0,0
23842,0,0,1,0,0,0,0,0,0
23843,0,0,1,0,0,0,0,0,0
23844,0,0,1,0,0,0,0,0,0
23845,0,0,1,0,0,0,0,0,0
23846,0,0,1,0,0,0,0,0,0
23847,0,0,1,0,0,0,0,0,0
23848,0,0,1,0,0,0,0,0,0
23849,0,0,1,0,0,0,0,0,0
23850,0,0,1,0,0,0,0,0,0
23851,0,0,1,0,0,0,0,0,0
23852,0,0,1,0,0,0,0,0,0
23853,0,0,1,0,0,0,0,0,0
23854,0,0,1,0,0,0,0,0,0
23855,0,0,1,0,0,0,0,0,0
23856,0,0,1,0,0,0,0,0,0
23857,0,0,1,0,0,0,0,0,0
23858,0,0,1,0,0,0,0,0,0
23859,0,0,1,0,0,0,0,0,0
23860,0,0,1,0,0,0,0,0,0
23861,0,0,1,0,0,0,0,0,0
23862,0,0,1,0,0,0,0,0,0
23863,0,0,1,0,0,0,0,0,0
23864,0,0,1,0,0,0,0,0,0
23865,0,0,1,0,0,0,0,0,0
23866,0,0,1,0,0,0,0,0,0
23867,0,0,1,0,0,0,0,0,0
23868,0,0,1,0,0,0,0,0,0
23869,0,0,1,0,0,0,0,0,0
23870,0,0,1,0,0,0,0,0,0
23871,0,0,1,0,0,0,0,0,0
23872,0,0,1,0,0,0,0,0,0
23873,0,0,1,0,0,0,0,0,0
23874,0,0,1,0,0,0,0,0,0
23875,0,0,1,0,0,0,0,0,0
23876,0,0,1,0,0,0,0,0,0
23877,0,0,1,0,0,0,0,0,0
23878,0,0,1,0,0,0,0,0,0
23879,0,0,1,0,0,0,0,0,0
23880,0,0,1,0,0,0,0,0,0
23881,0,0,1,0,0,0,0,0,0
23882,0,0,1,0,0,0,0,0,0
23883,0,0,1,0,0,0,0,0,0
23884,0,0,1,0,0,0,0,0,0
23885,0,0,1,0,0,0,0,0,0
23886,0,0,1,0,0,0,0,0,0
23887,0,0,1,0,0,0,0,0,0
23888,0,0,1,0,0,0,0,0,0
23889,0,0,1,0,0,0,0,0,0
23890,0,0,1,0,0,0,0,0,0
23891,0,0,1,0,0,0,0,0,0
23892,0,0,1,0,0,0,0,0,0
23893,0,0,1,0,0,0,0,0,0
23894,0,0,1,0,0,0,0,0,0
23895,0,0,1,0,0,0,0,0,0
23896,0,0,1,0,0,0,0,0,0
23897,0,0,1,0,0,0,0,0,0
23898,0,0,1,0,0,0,0,0,0
23899,0,0,1,0,0,0,0,0,0
23900,0,0,1,0,0,0,0,0,0
23901,0,0,1,0,0,0,0,0,0
23902,0,0,1,0,0,0,0,0,0
23903,0,0,1,0,0,0,0,0,0
23904,0,0,1,0,0,0,0,0,0
23905,0,0,1,0,0,0,0,0,0
23906,0,0,1,0,0,0,0,0,0
23907,0,0,1,0,0,0,0,0,0
23908,0,0,1,0,0,0,0,0,0
23909,0,0,1,0,0,0,0,0,0
23910,0,0,1,0,0,0,0,0,0
23911,0,0,1,0,0,0,0,0,0
23912,0,0,1,0,0,0,0,0,0
23913,0,0,1,0,0,0,0,0,0
23914,0,0,1,0,0,0,0,0,0
23915,0,0,1,0,0,0,0,0,0
23916,0,0,1,0,0,0,0,0,0
23917,0,0,1,0,0,0,0,0,0
23918,0,0,1,0,0,0,0,0,0
23919,0,0,1,0,0,0,0,0,0
23920,0,0,1,0,0,0,0,0,0
23921,0,0,1,0,0,0,0,0,0
23922,0,0,1,0,0,0,0,0,0
23923,0,0,1,0,0,0,0,0,0
23924,0,0,1,0,0,0,0,0,0
23925,0,0,1,0,0,0,0,0,0
23926,0,0,1,0,0,0,0,0,0
23927,0,0,1,0,0,0,0,0,0
23928,0,0,1,0,0,0,0,0,0
23929,0,0,1,0,0,0,0,0,0
23930,0,0,1,0,0,0,0,0,0
23931,0,0,1,0,0,0,0,0,0
23932,0,0,1,0,0,0,0,0,0
23933,0,0,1,0,0,0,0,0,0
23934,0,0,1,0,0,0,0,0,0
23935,0,0,1,0,0,0,0,0,0
23936,0,0,1,0,0,0,0,0,0
23937,0,0,1,0,0,0,0,0,0
23938,0,0,1,0,0,0,0,0,0
23939,0,0,1,0,0,0,0,0,0
23940,0,0,1,0,0,0,0,0,0
23941,0,0,1,0,0,0,0,0,0
23942,0,0,1,0,0,0,0,0,0
23943,0,0,1,0,0,0,0,0,0
23944,0,0,1,0,0,0,0,0,0
23945,0,0,1,0,0,0,0,0,0
23946,0,0,1,0,0,0,0,0,0
23947,0,0,1,0,0,0,0,0,0
23948,0,0,1,0,0,0,0,0,0
23949,0,0,1,0,0,0,0,0,0
23950,0,0,1,0,0,0,0,0,0
23951,0,0,1,0,0,0,0,0,0
23952,0,0,1,0,0,0,0,0,0
23953,0,0,1,0,0,0,0,0,0
23954,0,0,1,0,0,0,0,0,0
23955,0,0,1,0,0,0,0,0,0
23956,0,0,1,0,0,0,0,0,0
23957,0,0,1,0,0,0,0,0,0
23958,0,0,1,0,0,0,0,0,0
23959,0,0,1,0,0,0,0,0,0
23960,0,0,1,0,0,0,0,0,0
23961,0,0,1,0,0,0,0,0,0
23962,0,0,1,0,0,0,0,0,0
23963,0,0,1,0,0,0,0,0,0
23964,0,0,1,0,0,0,0,0,0
23965,0,0,1,0,0,0,0,0,0
23966,0,0,1,0,0,0,0,0,0
23967,0,0,1,0,0,0,0,0,0
23968,0,0,1,0,0,0,0,0,0
23969,0,0,1,0,0,0,0,0,0
23970,0,0,1,0,0,0,0,0,0
23971,0,0,1,0,0,0,0,0,0
23972,0,0,1,0,0,0,0,0,0
23973,0,0,1,0,0,0,0,0,0
23974,0,0,1,0,0,0,0,0,0
23975,0,0,1,0,0,0,0,0,0
23976,0,0,1,0,0,0,0,0,0
23977,0,0,1,0,0,0,0,0,0
23978,0,0,1,0,0,0,0,0,0
23979,0,0,1,0,0,0,0,0,0
23980,0,0,1,0,0,0,0,0,0
23981,0,0,1,0,0,0,0,0,0
23982,0,0,1,0,0,0,0,0,0
23983,0,0,1,0,0,0,0,0,0
23984,0,0,1,0,0,0,0,0,0
23985,0,0,1,0,0,0,0,0,0
23986,0,0,1,0,0,0,0,0,0
23987,0,0,1,0,0,0,0,0,0
23988,0,0,1,0,0,0,0,0,0
23989,0,0,1,0,0,0,0,0,0
23990,0,0,1,0,0,0,0,0,0
23991,0,0,1,0,0,0,0,0,0
23992,0,0,1,0,0,0,0,0,0
23993,0,0,1,0,0,0,0,0,0
23994,0,0,1,0,0,0,0,0,0
23995,0,0,1,0,0,0,0,0,0
23996,0,0,1,0,0,0,0,0,0
23997,0,0,1,0,0,0,0,0,0
23998,0,0,1,0,0,0,0,0,0
23999,0,0,1,0,0,0,0,0,0
24000,0,0,1,0,0,0,0,0,0
24001,0,0,1,0,0,0,0,0,0
24002,0,0,1,0,0,0,0,0,0
24003,0,0,1,0,0,0,0,0,0
24004,0,0,1,0,0,0,0,0,0
24005,0,0,1,0,0,0,0,0,0
24006,0,0,1,0,0,0,0,0,0
24007,0,0,1,0,0,0,0,0,0
24008,0,0,1,0,0,0,0,0,0
24009,0,0,1,0,0,0,0,0,0
24010,0,0,1,0,0,0,0,0,0
24011,0,0,1,0,0,0,0,0,0
24012,0,0,1,0,0,0,0,0,0
24013,0,0,1,0,0,0,0,0,0
24014,0,0,1,0,0,0,0,0,0
24015,0,0,1,0,0,0,0,0,0
24016,0,0,1,0,0,0,0,0,0
24017,0,0,1,0,0,0,0,0,0
24018,0,0,1,0,0,0,0,0,0
24019,0,0,1,0,0,0,0,0,0
24020,0,0,1,0,0,0,0,0,0
24021,0,0,1,0,0,0,0,0,0
24022,0,0,1,0,0,0,0,0,0
24023,0,0,1,0,0,0,0,0,0
24024,0,0,1,0,0,0,0,0,0
24025,0,0,1,0,0,0,0,0,0
24026,0,0,1,0,0,0,0,0,0
24027,0,0,1,0,0,0,0,0,0
24028,0,0,1,0,0,0,0,0,0
24029,0,0,1,0,0,0,0,0,0
24030,0,0,1,0,0,0,0,0,0
24031,0,0,1,0,0,0,0,0,0
24032,0,0,1,0,0,0,0,0,0
24033,0,0,1,0,0,0,0,0,0
24034,0,0,1,0,0,0,0,0,0
24035,0,0,1,0,0,0,0,0,0
24036,0,0,1,0,0,0,0,0,0
24037,0,0,1,0,0,0,0,0,0
24038,0,0,1,0,0,0,0,0,0
24039,0,0,1,0,0,0,0,0,0
24040,0,0,1,0,0,0,0,0,0
24041,0,0,1,0,0,0,0,0,0
24042,0,0,1,0,0,0,0,0,0
24043,0,0,1,0,0,0,0,0,0
24044,0,0,1,0,0,0,0,0,0
24045,0,0,1,0,0,0,0,0,0
24046,0,0,1,0,0,0,0,0,0
24047,0,0,1,0,0,0,0,0,0
24048,0,0,1,0,0,0,0,0,0
24049,0,0,1,0,0,0,0,0,0
24050,0,0,1,0,0,0,0,0,0
24051,0,0,1,0,0,0,0,0,0
24052,0,0,1,0,0,0,0,0,0
24053,0,0,1,0,0,0,0,0,0
24054,0,0,1,0,0,0,0,0,0
24055,0,0,1,0,0,0,0,0,0
24056,0,0,1,0,0,0,0,0,0
24057,0,0,1,0,0,0,0,0,0
24058,0,0,1,0,0,0,0,0,0
24059,0,0,1,0,0,0,0,0,0
24060,0,0,1,0,0,0,0,0,0
24061,0,0,1,0,0,0,0,0,0
24062,0,0,1,0,0,0,0,0,0
24063,0,0,1,0,0,0,0,0,0
24064,0,0,1,0,0,0,0,0,0
24065,0,0,1,0,0,0,0,0,0
24066,0,0,1,0,0,0,0,0,0
24067,0,0,1,0,0,0,0,0,0
24068,0,0,1,0,0,0,0,0,0
24069,0,0,1,0,0,0,0,0,0
24070,0,0,1,0,0,0,0,0,0
24071,0,0,1,0,0,0,0,0,0
24072,0,0,1,0,0,0,0,0,0
24073,0,0,1,0,0,0,0,0,0
24074,0,0,1,0,0,0,0,0,0
24075,0,0,1,0,0,0,0,0,0
24076,0,0,1,0,0,0,0,0,0
24077,0,0,1,0,0,0,0,0,0
24078,0,0,1,0,0,0,0,0,0
24079,0,0,1,0,0,0,0,0,0
24080,0,0,1,0,0,0,0,0,0
24081,0,0,1,0,0,0,0,0,0
24082,0,0,1,0,0,0,0,0,0
24083,0,0,1,0,0,0,0,0,0
24084,0,0,1,0,0,0,0,0,0
24085,0,0,1,0,0,0,0,0,0
24086,0,0,1,0,0,0,0,0,0
24087,0,0,1,0,0,0,0,0,0
24088,0,0,1,0,0,0,0,0,0
24089,0,0,1,0,0,0,0,0,0
24090,0,0,1,0,0,0,0,0,0
24091,0,0,1,0,0,0,0,0,0
24092,0,0,1,0,0,0,0,0,0
24093,0,0,1,0,0,0,0,0,0
24094,0,0,1,0,0,0,0,0,0
24095,0,0,1,0,0,0,0,0,0
24096,0,0,1,0,0,0,0,0,0
24097,0,0,1,0,0,0,0,0,0
24098,0,0,1,0,0,0,0,0,0
24099,0,0,1,0,0,0,0,0,0
24100,0,0,1,0,0,0,0,0,0
24101,0,0,1,0,0,0,0,0,0
24102,0,0,1,0,0,0,0,0,0
24103,0,0,1,0,0,0,0,0,0
24104,0,0,1,0,0,0,0,0,0
24105,0,0,1,0,0,0,0,0,0
24106,0,0,1,0,0,0,0,0,0
24107,0,0,1,0,0,0,0,0,0
24108,0,0,1,0,0,0,0,0,0
24109,0,0,1,0,0,0,0,0,0
24110,0,0,1,0,0,0,0,0,0
24111,0,0,1,0,0,0,0,0,0
24112,0,0,1,0,0,0,0,0,0
24113,0,0,1,0,0,0,0,0,0
24114,0,0,1,0,0,0,0,0,0
24115,0,0,1,0,0,0,0,0,0
24116,0,0,1,0,0,0,0,0,0
24117,0,0,1,0,0,0,0,0,0
24118,0,0,1,0,0,0,0,0,0
24119,0,0,1,0,0,0,0,0,0
24120,0,0,1,0,0,0,0,0,0
24121,0,0,1,0,0,0,0,0,0
24122,0,0,1,0,0,0,0,0,0
24123,0,0,1,0,0,0,0,0,0
24124,0,0,1,0,0,0,0,0,0
24125,0,0,1,0,0,0,0,0,0
24126,0,0,1,0,0,0,0,0,0
24127,0,0,1,0,0,0,0,0,0
24128,0,0,1,0,0,0,0,0,0
24129,0,0,1,0,0,0,0,0,0
24130,0,0,1,0,0,0,0,0,0
24131,0,0,1,0,0,0,0,0,0
24132,0,0,1,0,0,0,0,0,0
24133,0,0,1,0,0,0,0,0,0
24134,0,0,1,0,0,0,0,0,0
24135,0,0,1,0,0,0,0,0,0
24136,0,0,1,0,0,0,0,0,0
24137,0,0,1,0,0,0,0,0,0
24138,0,0,1,0,0,0,0,0,0
24139,0,0,1,0,0,0,0,0,0
24140,0,0,1,0,0,0,0,0,0
24141,0,0,1,0,0,0,0,0,0
24142,0,0,1,0,0,0,0,0,0
24143,0,0,1,0,0,0,0,0,0
24144,0,0,1,0,0,0,0,0,0
24145,0,0,1,0,0,0,0,0,0
24146,0,0,1,0,0,0,0,0,0
24147,0,0,1,0,0,0,0,0,0
24148,0,0,1,0,0,0,0,0,0
24149,0,0,1,0,0,0,0,0,0
24150,0,0,1,0,0,0,0,0,0
24151,0,0,1,0,0,0,0,0,0
24152,0,0,1,0,0,0,0,0,0
24153,0,0,1,0,0,0,0,0,0
24154,0,0,1,0,0,0,0,0,0
24155,0,0,1,0,0,0,0,0,0
24156,0,0,1,0,0,0,0,0,0
24157,0,0,1,0,0,0,0,0,0
24158,0,0,1,0,0,0,0,0,0
24159,0,0,1,0,0,0,0,0,0
24160,0,0,1,0,0,0,0,0,0
24161,0,0,1,0,0,0,0,0,0
24162,0,0,1,0,0,0,0,0,0
24163,0,0,1,0,0,0,0,0,0
24164,0,0,1,0,0,0,0,0,0
24165,0,0,1,0,0,0,0,0,0
24166,0,0,1,0,0,0,0,0,0
24167,0,0,1,0,0,0,0,0,0
24168,0,0,1,0,0,0,0,0,0
24169,0,0,1,0,0,0,0,0,0
24170,0,0,1,0,0,0,0,0,0
24171,0,0,1,0,0,0,0,0,0
24172,0,0,1,0,0,0,0,0,0
24173,0,0,1,0,0,0,0,0,0
24174,0,0,1,0,0,0,0,0,0
24175,0,0,1,0,0,0,0,0,0
24176,0,0,1,0,0,0,0,0,0
24177,0,0,1,0,0,0,0,0,0
24178,0,0,1,0,0,0,0,0,0
24179,0,0,1,0,0,0,0,0,0
24180,0,0,1,0,0,0,0,0,0
24181,0,0,1,0,0,0,0,0,0
24182,0,0,1,0,0,0,0,0,0
24183,0,0,1,0,0,0,0,0,0
24184,0,0,1,0,0,0,0,0,0
24185,0,0,1,0,0,0,0,0,0
24186,0,0,1,0,0,0,0,0,0
24187,0,0,1,0,0,0,0,0,0
24188,0,0,1,0,0,0,0,0,0
24189,0,0,1,0,0,0,0,0,0
24190,0,0,1,0,0,0,0,0,0
24191,0,0,1,0,0,0,0,0,0
24192,0,0,1,0,0,0,0,0,0
24193,0,0,1,0,0,0,0,0,0
24194,0,0,1,0,0,0,0,0,0
24195,0,0,1,0,0,0,0,0,0
24196,0,0,1,0,0,0,0,0,0
24197,0,0,1,0,0,0,0,0,0
24198,0,0,1,0,0,0,0,0,0
24199,0,0,1,0,0,0,0,0,0
24200,0,0,1,0,0,0,0,0,0
24201,0,0,1,0,0,0,0,0,0
24202,0,0,1,0,0,0,0,0,0
24203,0,0,1,0,0,0,0,0,0
24204,0,0,1,0,0,0,0,0,0
24205,0,0,1,0,0,0,0,0,0
24206,0,0,1,0,0,0,0,0,0
24207,0,0,1,0,0,0,0,0,0
24208,0,0,1,0,0,0,0,0,0
24209,0,0,1,0,0,0,0,0,0
24210,0,0,1,0,0,0,0,0,0
24211,0,0,1,0,0,0,0,0,0
24212,0,0,1,0,0,0,0,0,0
24213,0,0,1,0,0,0,0,0,0
24214,0,0,1,0,0,0,0,0,0
24215,0,0,1,0,0,0,0,0,0
24216,0,0,1,0,0,0,0,0,0
24217,0,0,1,0,0,0,0,0,0
24218,0,0,1,0,0,0,0,0,0
24219,0,0,1,0,0,0,0,0,0
24220,0,0,1,0,0,0,0,0,0
24221,0,0,1,0,0,0,0,0,0
24222,0,0,1,0,0,0,0,0,0
24223,0,0,1,0,0,0,0,0,0
24224,0,0,1,0,0,0,0,0,0
24225,0,0,1,0,0,0,0,0,0
24226,0,0,1,0,0,0,0,0,0
24227,0,0,1,0,0,0,0,0,0
24228,0,0,1,0,0,0,0,0,0
24229,0,0,1,0,0,0,0,0,0
24230,0,0,1,0,0,0,0,0,0
24231,0,0,1,0,0,0,0,0,0
24232,0,0,1,0,0,0,0,0,0
24233,0,0,1,0,0,0,0,0,0
24234,0,0,1,0,0,0,0,0,0
24235,0,0,1,0,0,0,0,0,0
24236,0,0,1,0,0,0,0,0,0
24237,0,0,1,0,0,0,0,0,0
24238,0,0,1,0,0,0,0,0,0
24239,0,0,1,0,0,0,0,0,0
24240,0,0,1,0,0,0,0,0,0
24241,0,0,1,0,0,0,0,0,0
24242,0,0,1,0,0,0,0,0,0
24243,0,0,1,0,0,0,0,0,0
24244,0,0,1,0,0,0,0,0,0
24245,0,0,1,0,0,0,0,0,0
24246,0,0,1,0,0,0,0,0,0
24247,0,0,1,0,0,0,0,0,0
24248,0,0,1,0,0,0,0,0,0
24249,0,0,1,0,0,0,0,0,0
24250,0,0,1,0,0,0,0,0,0
24251,0,0,1,0,0,0,0,0,0
24252,0,0,1,0,0,0,0,0,0
24253,0,0,1,0,0,0,0,0,0
24254,0,0,1,0,0,0,0,0,0
24255,0,0,1,0,0,0,0,0,0
24256,0,0,1,0,0,0,0,0,0
24257,0,0,1,0,0,0,0,0,0
24258,0,0,1,0,0,0,0,0,0
24259,0,0,1,0,0,0,0,0,0
24260,0,0,1,0,0,0,0,0,0
24261,0,0,1,0,0,0,0,0,0
24262,0,0,1,0,0,0,0,0,0
24263,0,0,1,0,0,0,0,0,0
24264,0,0,1,0,0,0,0,0,0
24265,0,0,1,0,0,0,0,0,0
24266,0,0,1,0,0,0,0,0,0
24267,0,0,1,0,0,0,0,0,0
24268,0,0,1,0,0,0,0,0,0
24269,0,0,1,0,0,0,0,0,0
24270,0,0,1,0,0,0,0,0,0
24271,0,0,1,0,0,0,0,0,0
24272,0,0,1,0,0,0,0,0,0
24273,0,0,1,0,0,0,0,0,0
24274,0,0,1,0,0,0,0,0,0
24275,0,0,1,0,0,0,0,0,0
24276,0,0,1,0,0,0,0,0,0
24277,0,0,1,0,0,0,0,0,0
24278,0,0,1,0,0,0,0,0,0
24279,0,0,1,0,0,0,0,0,0
24280,0,0,1,0,0,0,0,0,0
24281,0,0,1,0,0,0,0,0,0
24282,0,0,1,0,0,0,0,0,0
24283,0,0,1,0,0,0,0,0,0
24284,0,0,1,0,0,0,0,0,0
24285,0,0,1,0,0,0,0,0,0
24286,0,0,1,0,0,0,0,0,0
24287,0,0,1,0,0,0,0,0,0
24288,0,0,1,0,0,0,0,0,0
24289,0,0,1,0,0,0,0,0,0
24290,0,0,1,0,0,0,0,0,0
24291,0,0,1,0,0,0,0,0,0
24292,0,0,1,0,0,0,0,0,0
24293,0,0,1,0,0,0,0,0,0
24294,0,0,1,0,0,0,0,0,0
24295,0,0,1,0,0,0,0,0,0
24296,0,0,1,0,0,0,0,0,0
24297,0,0,1,0,0,0,0,0,0
24298,0,0,1,0,0,0,0,0,0
24299,0,0,1,0,0,0,0,0,0
24300,0,0,1,0,0,0,0,0,0
24301,0,0,1,0,0,0,0,0,0
24302,0,0,1,0,0,0,0,0,0
24303,0,0,1,0,0,0,0,0,0
24304,0,0,1,0,0,0,0,0,0
24305,0,0,1,0,0,0,0,0,0
24306,0,0,1,0,0,0,0,0,0
24307,0,0,1,0,0,0,0,0,0
24308,0,0,1,0,0,0,0,0,0
24309,0,0,1,0,0,0,0,0,0
24310,0,0,1,0,0,0,0,0,0
24311,0,0,1,0,0,0,0,0,0
24312,0,0,1,0,0,0,0,0,0
24313,0,0,1,0,0,0,0,0,0
24314,0,0,1,0,0,0,0,0,0
24315,0,0,1,0,0,0,0,0,0
24316,0,0,1,0,0,0,0,0,0
24317,0,0,1,0,0,0,0,0,0
24318,0,0,1,0,0,0,0,0,0
24319,0,0,1,0,0,0,0,0,0
24320,0,0,1,0,0,0,0,0,0
24321,0,0,1,0,0,0,0,0,0
24322,0,0,1,0,0,0,0,0,0
24323,0,0,1,0,0,0,0,0,0
24324,0,0,1,0,0,0,0,0,0
24325,0,0,1,0,0,0,0,0,0
24326,0,0,1,0,0,0,0,0,0
24327,0,0,1,0,0,0,0,0,0
24328,0,0,1,0,0,0,0,0,0
24329,0,0,1,0,0,0,0,0,0
24330,0,0,1,0,0,0,0,0,0
24331,0,0,1,0,0,0,0,0,0
24332,0,0,1,0,0,0,0,0,0
24333,0,0,1,0,0,0,0,0,0
24334,0,0,1,0,0,0,0,0,0
24335,0,0,1,0,0,0,0,0,0
24336,0,0,1,0,0,0,0,0,0
24337,0,0,1,0,0,0,0,0,0
24338,0,0,1,0,0,0,0,0,0
24339,0,0,1,0,0,0,0,0,0
24340,0,0,1,0,0,0,0,0,0
24341,0,0,1,0,0,0,0,0,0
24342,0,0,1,0,0,0,0,0,0
24343,0,0,1,0,0,0,0,0,0
24344,0,0,1,0,0,0,0,0,0
24345,0,0,1,0,0,0,0,0,0
24346,0,0,1,0,0,0,0,0,0
24347,0,0,1,0,0,0,0,0,0
24348,0,0,1,0,0,0,0,0,0
24349,0,0,1,0,0,0,0,0,0
24350,0,0,1,0,0,0,0,0,0
24351,0,0,1,0,0,0,0,0,0
24352,0,0,1,0,0,0,0,0,0
24353,0,0,1,0,0,0,0,0,0
24354,0,0,1,0,0,0,0,0,0
24355,0,0,1,0,0,0,0,0,0
24356,0,0,1,0,0,0,0,0,0
24357,0,0,1,0,0,0,0,0,0
24358,0,0,1,0,0,0,0,0,0
24359,0,0,1,0,0,0,0,0,0
24360,0,0,1,0,0,0,0,0,0
24361,0,0,1,0,0,0,0,0,0
24362,0,0,1,0,0,0,0,0,0
24363,0,0,1,0,0,0,0,0,0
24364,0,0,1,0,0,0,0,0,0
24365,0,0,1,0,0,0,0,0,0
24366,0,0,1,0,0,0,0,0,0
24367,0,0,1,0,0,0,0,0,0
24368,0,0,1,0,0,0,0,0,0
24369,0,0,1,0,0,0,0,0,0
24370,0,0,1,0,0,0,0,0,0
24371,0,0,1,0,0,0,0,0,0
24372,0,0,1,0,0,0,0,0,0
24373,0,0,1,0,0,0,0,0,0
24374,0,0,1,0,0,0,0,0,0
24375,0,0,1,0,0,0,0,0,0
24376,0,0,1,0,0,0,0,0,0
24377,0,0,1,0,0,0,0,0,0
24378,0,0,1,0,0,0,0,0,0
24379,0,0,1,0,0,0,0,0,0
24380,0,0,1,0,0,0,0,0,0
24381,0,0,1,0,0,0,0,0,0
24382,0,0,1,0,0,0,0,0,0
24383,0,0,1,0,0,0,0,0,0
24384,0,0,1,0,0,0,0,0,0
24385,0,0,1,0,0,0,0,0,0
24386,0,0,1,0,0,0,0,0,0
24387,0,0,1,0,0,0,0,0,0
24388,0,0,1,0,0,0,0,0,0
24389,0,0,1,0,0,0,0,0,0
24390,0,0,1,0,0,0,0,0,0
24391,0,0,1,0,0,0,0,0,0
24392,0,0,1,0,0,0,0,0,0
24393,0,0,1,0,0,0,0,0,0
24394,0,0,1,0,0,0,0,0,0
24395,0,0,1,0,0,0,0,0,0
24396,0,0,1,0,0,0,0,0,0
24397,0,0,1,0,0,0,0,0,0
24398,0,0,1,0,0,0,0,0,0
24399,0,0,1,0,0,0,0,0,0
24400,0,0,1,0,0,0,0,0,0
24401,0,0,1,0,0,0,0,0,0
24402,0,0,1,0,0,0,0,0,0
24403,0,0,1,0,0,0,0,0,0
24404,0,0,1,0,0,0,0,0,0
24405,0,0,1,0,0,0,0,0,0
24406,0,0,1,0,0,0,0,0,0
24407,0,0,1,0,0,0,0,0,0
24408,0,0,1,0,0,0,0,0,0
24409,0,0,1,0,0,0,0,0,0
24410,0,0,1,0,0,0,0,0,0
24411,0,0,1,0,0,0,0,0,0
24412,0,0,1,0,0,0,0,0,0
24413,0,0,1,0,0,0,0,0,0
24414,0,0,1,0,0,0,0,0,0
24415,0,0,1,0,0,0,0,0,0
24416,0,0,1,0,0,0,0,0,0
24417,0,0,1,0,0,0,0,0,0
24418,0,0,1,0,0,0,0,0,0
24419,0,0,1,0,0,0,0,0,0
24420,0,0,1,0,0,0,0,0,0
24421,0,0,1,0,0,0,0,0,0
24422,0,0,1,0,0,0,0,0,0
24423,0,0,1,0,0,0,0,0,0
24424,0,0,1,0,0,0,0,0,0
24425,0,0,1,0,0,0,0,0,0
24426,0,0,1,0,0,0,0,0,0
24427,0,0,1,0,0,0,0,0,0
24428,0,0,1,0,0,0,0,0,0
24429,0,0,1,0,0,0,0,0,0
24430,0,0,1,0,0,0,0,0,0
24431,0,0,1,0,0,0,0,0,0
24432,0,0,1,0,0,0,0,0,0
24433,0,0,1,0,0,0,0,0,0
24434,0,0,1,0,0,0,0,0,0
24435,0,0,1,0,0,0,0,0,0
24436,0,0,1,0,0,0,0,0,0
24437,0,0,1,0,0,0,0,0,0
24438,0,0,1,0,0,0,0,0,0
24439,0,0,1,0,0,0,0,0,0
24440,0,0,1,0,0,0,0,0,0
24441,0,0,1,0,0,0,0,0,0
24442,0,0,1,0,0,0,0,0,0
24443,0,0,1,0,0,0,0,0,0
24444,0,0,1,0,0,0,0,0,0
24445,0,0,1,0,0,0,0,0,0
24446,0,0,1,0,0,0,0,0,0
24447,0,0,1,0,0,0,0,0,0
24448,0,0,1,0,0,0,0,0,0
24449,0,0,1,0,0,0,0,0,0
24450,0,0,1,0,0,0,0,0,0
24451,0,0,1,0,0,0,0,0,0
24452,0,0,1,0,0,0,0,0,0
24453,0,0,1,0,0,0,0,0,0
24454,0,0,1,0,0,0,0,0,0
24455,0,0,1,0,0,0,0,0,0
24456,0,0,1,0,0,0,0,0,0
24457,0,0,1,0,0,0,0,0,0
24458,0,0,1,0,0,0,0,0,0
24459,0,0,1,0,0,0,0,0,0
24460,0,0,1,0,0,0,0,0,0
24461,0,0,1,0,0,0,0,0,0
24462,0,0,1,0,0,0,0,0,0
24463,0,0,1,0,0,0,0,0,0
24464,0,0,1,0,0,0,0,0,0
24465,0,0,1,0,0,0,0,0,0
24466,0,0,1,0,0,0,0,0,0
24467,0,0,1,0,0,0,0,0,0
24468,0,0,1,0,0,0,0,0,0
24469,0,0,1,0,0,0,0,0,0
24470,0,0,1,0,0,0,0,0,0
24471,0,0,1,0,0,0,0,0,0
24472,0,0,1,0,0,0,0,0,0
24473,0,0,1,0,0,0,0,0,0
24474,0,0,1,0,0,0,0,0,0
24475,0,0,1,0,0,0,0,0,0
24476,0,0,1,0,0,0,0,0,0
24477,0,0,1,0,0,0,0,0,0
24478,0,0,1,0,0,0,0,0,0
24479,0,0,1,0,0,0,0,0,0
24480,0,0,1,0,0,0,0,0,0
24481,0,0,1,0,0,0,0,0,0
24482,0,0,1,0,0,0,0,0,0
24483,0,0,1,0,0,0,0,0,0
24484,0,0,1,0,0,0,0,0,0
24485,0,0,1,0,0,0,0,0,0
24486,0,0,1,0,0,0,0,0,0
24487,0,0,1,0,0,0,0,0,0
24488,0,0,1,0,0,0,0,0,0
24489,0,0,1,0,0,0,0,0,0
24490,0,0,1,0,0,0,0,0,0
24491,0,0,1,0,0,0,0,0,0
24492,0,0,1,0,0,0,0,0,0
24493,0,0,1,0,0,0,0,0,0
24494,0,0,1,0,0,0,0,0,0
24495,0,0,1,0,0,0,0,0,0
24496,0,0,1,0,0,0,0,0,0
24497,0,0,1,0,0,0,0,0,0
24498,0,0,1,0,0,0,0,0,0
24499,0,0,1,0,0,0,0,0,0
24500,0,0,1,0,0,0,0,0,0
24501,0,0,1,0,0,0,0,0,0
24502,0,0,1,0,0,0,0,0,0
24503,0,0,1,0,0,0,0,0,0
24504,0,0,1,0,0,0,0,0,0
24505,0,0,1,0,0,0,0,0,0
24506,0,0,1,0,0,0,0,0,0
24507,0,0,1,0,0,0,0,0,0
24508,0,0,1,0,0,0,0,0,0
24509,0,0,1,0,0,0,0,0,0
24510,0,0,1,0,0,0,0,0,0
24511,0,0,1,0,0,0,0,0,0
24512,0,0,1,0,0,0,0,0,0
24513,0,0,1,0,0,0,0,0,0
24514,0,0,1,0,0,0,0,0,0
24515,0,0,1,0,0,0,0,0,0
24516,0,0,1,0,0,0,0,0,0
24517,0,0,1,0,0,0,0,0,0
24518,0,0,1,0,0,0,0,0,0
24519,0,0,1,0,0,0,0,0,0
24520,0,0,1,0,0,0,0,0,0
24521,0,0,1,0,0,0,0,0,0
24522,0,0,1,0,0,0,0,0,0
24523,0,0,1,0,0,0,0,0,0
24524,0,0,1,0,0,0,0,0,0
24525,0,0,1,0,0,0,0,0,0
24526,0,0,1,0,0,0,0,0,0
24527,0,0,1,0,0,0,0,0,0
24528,0,0,1,0,0,0,0,0,0
24529,0,0,1,0,0,0,0,0,0
24530,0,0,1,0,0,0,0,0,0
24531,0,0,1,0,0,0,0,0,0
24532,0,0,1,0,0,0,0,0,0
24533,0,0,1,0,0,0,0,0,0
24534,0,0,1,0,0,0,0,0,0
24535,0,0,1,0,0,0,0,0,0
24536,0,0,1,0,0,0,0,0,0
24537,0,0,1,0,0,0,0,0,0
24538,0,0,1,0,0,0,0,0,0
24539,0,0,1,0,0,0,0,0,0
24540,0,0,1,0,0,0,0,0,0
24541,0,0,1,0,0,0,0,0,0
24542,0,0,1,0,0,0,0,0,0
24543,0,0,1,0,0,0,0,0,0
24544,0,0,1,0,0,0,0,0,0
24545,0,0,1,0,0,0,0,0,0
24546,0,0,1,0,0,0,0,0,0
24547,0,0,1,0,0,0,0,0,0
24548,0,0,1,0,0,0,0,0,0
24549,0,0,1,0,0,0,0,0,0
24550,0,0,1,0,0,0,0,0,0
24551,0,0,1,0,0,0,0,0,0
24552,0,0,1,0,0,0,0,0,0
24553,0,0,1,0,0,0,0,0,0
24554,0,0,1,0,0,0,0,0,0
24555,0,0,1,0,0,0,0,0,0
24556,0,0,1,0,0,0,0,0,0
24557,0,0,1,0,0,0,0,0,0
24558,0,0,1,0,0,0,0,0,0
24559,0,0,1,0,0,0,0,0,0
24560,0,0,1,0,0,0,0,0,0
24561,0,0,1,0,0,0,0,0,0
24562,0,0,1,0,0,0,0,0,0
24563,0,0,1,0,0,0,0,0,0
24564,0,0,1,0,0,0,0,0,0
24565,0,0,1,0,0,0,0,0,0
24566,0,0,1,0,0,0,0,0,0
24567,0,0,1,0,0,0,0,0,0
24568,0,0,1,0,0,0,0,0,0
24569,0,0,1,0,0,0,0,0,0
24570,0,0,1,0,0,0,0,0,0
24571,0,0,1,0,0,0,0,0,0
24572,0,0,1,0,0,0,0,0,0
24573,0,0,1,0,0,0,0,0,0
24574,0,0,1,0,0,0,0,0,0
24575,0,0,1,0,0,0,0,0,0
24576,0,0,1,0,0,0,0,0,0
24577,0,0,1,0,0,0,0,0,0
24578,0,0,1,0,0,0,0,0,0
24579,0,0,1,0,0,0,0,0,0
24580,0,0,1,0,0,0,0,0,0
24581,0,0,1,0,0,0,0,0,0
24582,0,0,1,0,0,0,0,0,0
24583,0,0,1,0,0,0,0,0,0
24584,0,0,1,0,0,0,0,0,0
24585,0,0,1,0,0,0,0,0,0
24586,0,0,1,0,0,0,0,0,0
24587,0,0,1,0,0,0,0,0,0
24588,0,0,1,0,0,0,0,0,0
24589,0,0,1,0,0,0,0,0,0
24590,0,0,1,0,0,0,0,0,0
24591,0,0,1,0,0,0,0,0,0
24592,0,0,1,0,0,0,0,0,0
24593,0,0,1,0,0,0,0,0,0
24594,0,0,1,0,0,0,0,0,0
24595,0,0,1,0,0,0,0,0,0
24596,0,0,1,0,0,0,0,0,0
24597,0,0,1,0,0,0,0,0,0
24598,0,0,1,0,0,0,0,0,0
24599,0,0,1,0,0,0,0,0,0
24600,0,0,1,0,0,0,0,0,0
24601,0,0,1,0,0,0,0,0,0
24602,0,0,1,0,0,0,0,0,0
24603,0,0,1,0,0,0,0,0,0
24604,0,0,1,0,0,0,0,0,0
24605,0,0,1,0,0,0,0,0,0
24606,0,0,1,0,0,0,0,0,0
24607,0,0,1,0,0,0,0,0,0
24608,0,0,1,0,0,0,0,0,0
24609,0,0,1,0,0,0,0,0,0
24610,0,0,1,0,0,0,0,0,0
24611,0,0,1,0,0,0,0,0,0
24612,0,0,1,0,0,0,0,0,0
24613,0,0,1,0,0,0,0,0,0
24614,0,0,1,0,0,0,0,0,0
24615,0,0,1,0,0,0,0,0,0
24616,0,0,1,0,0,0,0,0,0
24617,0,0,1,0,0,0,0,0,0
24618,0,0,1,0,0,0,0,0,0
24619,0,0,1,0,0,0,0,0,0
24620,0,0,1,0,0,0,0,0,0
24621,0,0,1,0,0,0,0,0,0
24622,0,0,1,0,0,0,0,0,0
24623,0,0,1,0,0,0,0,0,0
24624,0,0,1,0,0,0,0,0,0
24625,0,0,1,0,0,0,0,0,0
24626,0,0,1,0,0,0,0,0,0
24627,0,0,1,0,0,0,0,0,0
24628,0,0,1,0,0,0,0,0,0
24629,0,0,1,0,0,0,0,0,0
24630,0,0,1,0,0,0,0,0,0
24631,0,0,1,0,0,0,0,0,0
24632,0,0,1,0,0,0,0,0,0
24633,0,0,1,0,0,0,0,0,0
24634,0,0,1,0,0,0,0,0,0
24635,0,0,1,0,0,0,0,0,0
24636,0,0,1,0,0,0,0,0,0
24637,0,0,1,0,0,0,0,0,0
24638,0,0,1,0,0,0,0,0,0
24639,0,0,1,0,0,0,0,0,0
24640,0,0,1,0,0,0,0,0,0
24641,0,0,1,0,0,0,0,0,0
24642,0,0,1,0,0,0,0,0,0
24643,0,0,1,0,0,0,0,0,0
24644,0,0,1,0,0,0,0,0,0
24645,0,0,1,0,0,0,0,0,0
24646,0,0,1,0,0,0,0,0,0
24647,0,0,1,0,0,0,0,0,0
24648,0,0,1,0,0,0,0,0,0
24649,0,0,1,0,0,0,0,0,0
24650,0,0,1,0,0,0,0,0,0
24651,0,0,1,0,0,0,0,0,0
24652,0,0,1,0,0,0,0,0,0
24653,0,0,1,0,0,0,0,0,0
24654,0,0,1,0,0,0,0,0,0
24655,0,0,1,0,0,0,0,0,0
24656,0,0,1,0,0,0,0,0,0
24657,0,0,1,0,0,0,0,0,0
24658,0,0,1,0,0,0,0,0,0
24659,0,0,1,0,0,0,0,0,0
24660,0,0,1,0,0,0,0,0,0
24661,0,0,1,0,0,0,0,0,0
24662,0,0,1,0,0,0,0,0,0
24663,0,0,1,0,0,0,0,0,0
24664,0,0,1,0,0,0,0,0,0
24665,0,0,1,0,0,0,0,0,0
24666,0,0,1,0,0,0,0,0,0
24667,0,0,1,0,0,0,0,0,0
24668,0,0,1,0,0,0,0,0,0
24669,0,0,1,0,0,0,0,0,0
24670,0,0,1,0,0,0,0,0,0
24671,0,0,1,0,0,0,0,0,0
24672,0,0,1,0,0,0,0,0,0
24673,0,0,1,0,0,0,0,0,0
24674,0,0,1,0,0,0,0,0,0
24675,0,0,1,0,0,0,0,0,0
24676,0,0,1,0,0,0,0,0,0
24677,0,0,1,0,0,0,0,0,0
24678,0,0,1,0,0,0,0,0,0
24679,0,0,1,0,0,0,0,0,0
24680,0,0,1,0,0,0,0,0,0
24681,0,0,1,0,0,0,0,0,0
24682,0,0,1,0,0,0,0,0,0
24683,0,0,1,0,0,0,0,0,0
24684,0,0,1,0,0,0,0,0,0
24685,0,0,1,0,0,0,0,0,0
24686,0,0,1,0,0,0,0,0,0
24687,0,0,1,0,0,0,0,0,0
24688,0,0,1,0,0,0,0,0,0
24689,0,0,1,0,0,0,0,0,0
24690,0,0,1,0,0,0,0,0,0
24691,0,0,1,0,0,0,0,0,0
24692,0,0,1,0,0,0,0,0,0
24693,0,0,1,0,0,0,0,0,0
24694,0,0,1,0,0,0,0,0,0
24695,0,0,1,0,0,0,0,0,0
24696,0,0,1,0,0,0,0,0,0
24697,0,0,1,0,0,0,0,0,0
24698,0,0,1,0,0,0,0,0,0
24699,0,0,1,0,0,0,0,0,0
24700,0,0,1,0,0,0,0,0,0
24701,0,0,1,0,0,0,0,0,0
24702,0,0,1,0,0,0,0,0,0
24703,0,0,1,0,0,0,0,0,0
24704,0,0,1,0,0,0,0,0,0
24705,0,0,1,0,0,0,0,0,0
24706,0,0,1,0,0,0,0,0,0
24707,0,0,1,0,0,0,0,0,0
24708,0,0,1,0,0,0,0,0,0
24709,0,0,1,0,0,0,0,0,0
24710,0,0,1,0,0,0,0,0,0
24711,0,0,1,0,0,0,0,0,0
24712,0,0,1,0,0,0,0,0,0
24713,0,0,1,0,0,0,0,0,0
24714,0,0,1,0,0,0,0,0,0
24715,0,0,1,0,0,0,0,0,0
24716,0,0,1,0,0,0,0,0,0
24717,0,0,1,0,0,0,0,0,0
24718,0,0,1,0,0,0,0,0,0
24719,0,0,1,0,0,0,0,0,0
24720,0,0,1,0,0,0,0,0,0
24721,0,0,1,0,0,0,0,0,0
24722,0,0,1,0,0,0,0,0,0
24723,0,0,1,0,0,0,0,0,0
24724,0,0,1,0,0,0,0,0,0
24725,0,0,1,0,0,0,0,0,0
24726,0,0,1,0,0,0,0,0,0
24727,0,0,1,0,0,0,0,0,0
24728,0,0,1,0,0,0,0,0,0
24729,0,0,1,0,0,0,0,0,0
24730,0,0,1,0,0,0,0,0,0
24731,0,0,1,0,0,0,0,0,0
24732,0,0,1,0,0,0,0,0,0
24733,0,0,1,0,0,0,0,0,0
24734,0,0,1,0,0,0,0,0,0
24735,0,0,1,0,0,0,0,0,0
24736,0,0,1,0,0,0,0,0,0
24737,0,0,1,0,0,0,0,0,0
24738,0,0,1,0,0,0,0,0,0
24739,0,0,1,0,0,0,0,0,0
24740,0,0,1,0,0,0,0,0,0
24741,0,0,1,0,0,0,0,0,0
24742,0,0,1,0,0,0,0,0,0
24743,0,0,1,0,0,0,0,0,0
24744,0,0,1,0,0,0,0,0,0
24745,0,0,1,0,0,0,0,0,0
24746,0,0,1,0,0,0,0,0,0
24747,0,0,1,0,0,0,0,0,0
24748,0,0,1,0,0,0,0,0,0
24749,0,0,1,0,0,0,0,0,0
24750,0,0,1,0,0,0,0,0,0
24751,0,0,1,0,0,0,0,0,0
24752,0,0,1,0,0,0,0,0,0
24753,0,0,1,0,0,0,0,0,0
24754,0,0,1,0,0,0,0,0,0
24755,0,0,1,0,0,0,0,0,0
24756,0,0,1,0,0,0,0,0,0
24757,0,0,1,0,0,0,0,0,0
24758,0,0,1,0,0,0,0,0,0
24759,0,0,1,0,0,0,0,0,0
24760,0,0,1,0,0,0,0,0,0
24761,0,0,1,0,0,0,0,0,0
24762,0,0,1,0,0,0,0,0,0
24763,0,0,1,0,0,0,0,0,0
24764,0,0,1,0,0,0,0,0,0
24765,0,0,1,0,0,0,0,0,0
24766,0,0,1,0,0,0,0,0,0
24767,0,0,1,0,0,0,0,0,0
24768,0,0,1,0,0,0,0,0,0
24769,0,0,1,0,0,0,0,0,0
24770,0,0,1,0,0,0,0,0,0
24771,0,0,1,0,0,0,0,0,0
24772,0,0,1,0,0,0,0,0,0
24773,0,0,1,0,0,0,0,0,0
24774,0,0,1,0,0,0,0,0,0
24775,0,0,1,0,0,0,0,0,0
24776,0,0,1,0,0,0,0,0,0
24777,0,0,1,0,0,0,0,0,0
24778,0,0,1,0,0,0,0,0,0
24779,0,0,1,0,0,0,0,0,0
24780,0,0,1,0,0,0,0,0,0
24781,0,0,1,0,0,0,0,0,0
24782,0,0,1,0,0,0,0,0,0
24783,0,0,1,0,0,0,0,0,0
24784,0,0,1,0,0,0,0,0,0
24785,0,0,1,0,0,0,0,0,0
24786,0,0,1,0,0,0,0,0,0
24787,0,0,1,0,0,0,0,0,0
24788,0,0,1,0,0,0,0,0,0
24789,0,0,1,0,0,0,0,0,0
24790,0,0,1,0,0,0,0,0,0
24791,0,0,1,0,0,0,0,0,0
24792,0,0,1,0,0,0,0,0,0
24793,0,0,1,0,0,0,0,0,0
24794,0,0,1,0,0,0,0,0,0
24795,0,0,1,0,0,0,0,0,0
24796,0,0,1,0,0,0,0,0,0
24797,0,0,1,0,0,0,0,0,0
24798,0,0,1,0,0,0,0,0,0
24799,0,0,1,0,0,0,0,0,0
24800,0,0,1,0,0,0,0,0,0
24801,0,0,1,0,0,0,0,0,0
24802,0,0,1,0,0,0,0,0,0
24803,0,0,1,0,0,0,0,0,0
24804,0,0,1,0,0,0,0,0,0
24805,0,0,1,0,0,0,0,0,0
24806,0,0,1,0,0,0,0,0,0
24807,0,0,1,0,0,0,0,0,0
24808,0,0,1,0,0,0,0,0,0
24809,0,0,1,0,0,0,0,0,0
24810,0,0,1,0,0,0,0,0,0
24811,0,0,1,0,0,0,0,0,0
24812,0,0,1,0,0,0,0,0,0
24813,0,0,1,0,0,0,0,0,0
24814,0,0,1,0,0,0,0,0,0
24815,0,0,1,0,0,0,0,0,0
24816,0,0,1,0,0,0,0,0,0
24817,0,0,1,0,0,0,0,0,0
24818,0,0,1,0,0,0,0,0,0
24819,0,0,1,0,0,0,0,0,0
24820,0,0,1,0,0,0,0,0,0
24821,0,0,1,0,0,0,0,0,0
24822,0,0,1,0,0,0,0,0,0
24823,0,0,1,0,0,0,0,0,0
24824,0,0,1,0,0,0,0,0,0
24825,0,0,1,0,0,0,0,0,0
24826,0,0,1,0,0,0,0,0,0
24827,0,0,1,0,0,0,0,0,0
24828,0,0,1,0,0,0,0,0,0
24829,0,0,1,0,0,0,0,0,0
24830,0,0,1,0,0,0,0,0,0
24831,0,0,1,0,0,0,0,0,0
24832,0,0,1,0,0,0,0,0,0
24833,0,0,1,0,0,0,0,0,0
24834,0,0,1,0,0,0,0,0,0
24835,0,0,1,0,0,0,0,0,0
24836,0,0,1,0,0,0,0,0,0
24837,0,0,1,0,0,0,0,0,0
24838,0,0,1,0,0,0,0,0,0
24839,0,0,1,0,0,0,0,0,0
24840,0,0,1,0,0,0,0,0,0
24841,0,0,1,0,0,0,0,0,0
24842,0,0,1,0,0,0,0,0,0
24843,0,0,1,0,0,0,0,0,0
24844,0,0,1,0,0,0,0,0,0
24845,0,0,1,0,0,0,0,0,0
24846,0,0,1,0,0,0,0,0,0
24847,0,0,1,0,0,0,0,0,0
24848,0,0,1,0,0,0,0,0,0
24849,0,0,1,0,0,0,0,0,0
24850,0,0,1,0,0,0,0,0,0
24851,0,0,1,0,0,0,0,0,0
24852,0,0,1,0,0,0,0,0,0
24853,0,0,1,0,0,0,0,0,0
24854,0,0,1,0,0,0,0,0,0
24855,0,0,1,0,0,0,0,0,0
24856,0,0,1,0,0,0,0,0,0
24857,0,0,1,0,0,0,0,0,0
24858,0,0,1,0,0,0,0,0,0
24859,0,0,1,0,0,0,0,0,0
24860,0,0,1,0,0,0,0,0,0
24861,0,0,1,0,0,0,0,0,0
24862,0,0,1,0,0,0,0,0,0
24863,0,0,1,0,0,0,0,0,0
24864,0,0,1,0,0,0,0,0,0
24865,0,0,1,0,0,0,0,0,0
24866,0,0,1,0,0,0,0,0,0
24867,0,0,1,0,0,0,0,0,0
24868,0,0,1,0,0,0,0,0,0
24869,0,0,1,0,0,0,0,0,0
24870,0,0,1,0,0,0,0,0,0
24871,0,0,1,0,0,0,0,0,0
24872,0,0,1,0,0,0,0,0,0
24873,0,0,1,0,0,0,0,0,0
24874,0,0,1,0,0,0,0,0,0
24875,0,0,1,0,0,0,0,0,0
24876,0,0,1,0,0,0,0,0,0
24877,0,0,1,0,0,0,0,0,0
24878,0,0,1,0,0,0,0,0,0
24879,0,0,1,0,0,0,0,0,0
24880,0,0,1,0,0,0,0,0,0
24881,0,0,1,0,0,0,0,0,0
24882,0,0,1,0,0,0,0,0,0
24883,0,0,1,0,0,0,0,0,0
24884,0,0,1,0,0,0,0,0,0
24885,0,0,1,0,0,0,0,0,0
24886,0,0,1,0,0,0,0,0,0
24887,0,0,1,0,0,0,0,0,0
24888,0,0,1,0,0,0,0,0,0
24889,0,0,1,0,0,0,0,0,0
24890,0,0,1,0,0,0,0,0,0
24891,0,0,1,0,0,0,0,0,0
24892,0,0,1,0,0,0,0,0,0
24893,0,0,1,0,0,0,0,0,0
24894,0,0,1,0,0,0,0,0,0
24895,0,0,1,0,0,0,0,0,0
24896,0,0,1,0,0,0,0,0,0
24897,0,0,1,0,0,0,0,0,0
24898,0,0,1,0,0,0,0,0,0
24899,0,0,1,0,0,0,0,0,0
24900,0,0,1,0,0,0,0,0,0
24901,0,0,1,0,0,0,0,0,0
24902,0,0,1,0,0,0,0,0,0
24903,0,0,1,0,0,0,0,0,0
24904,0,0,1,0,0,0,0,0,0
24905,0,0,1,0,0,0,0,0,0
24906,0,0,1,0,0,0,0,0,0
24907,0,0,1,0,0,0,0,0,0
24908,0,0,1,0,0,0,0,0,0
24909,0,0,1,0,0,0,0,0,0
24910,0,0,1,0,0,0,0,0,0
24911,0,0,1,0,0,0,0,0,0
24912,0,0,1,0,0,0,0,0,0
24913,0,0,1,0,0,0,0,0,0
24914,0,0,1,0,0,0,0,0,0
24915,0,0,1,0,0,0,0,0,0
24916,0,0,1,0,0,0,0,0,0
24917,0,0,1,0,0,0,0,0,0
24918,0,0,1,0,0,0,0,0,0
24919,0,0,1,0,0,0,0,0,0
24920,0,0,1,0,0,0,0,0,0
24921,0,0,1,0,0,0,0,0,0
24922,0,0,1,0,0,0,0,0,0
24923,0,0,1,0,0,0,0,0,0
24924,0,0,1,0,0,0,0,0,0
24925,0,0,1,0,0,0,0,0,0
24926,0,0,1,0,0,0,0,0,0
24927,0,0,1,0,0,0,0,0,0
24928,0,0,1,0,0,0,0,0,0
24929,0,0,1,0,0,0,0,0,0
24930,0,0,1,0,0,0,0,0,0
24931,0,0,1,0,0,0,0,0,0
24932,0,0,1,0,0,0,0,0,0
24933,0,0,1,0,0,0,0,0,0
24934,0,0,1,0,0,0,0,0,0
24935,0,0,1,0,0,0,0,0,0
24936,0,0,1,0,0,0,0,0,0
24937,0,0,1,0,0,0,0,0,0
24938,0,0,1,0,0,0,0,0,0
24939,0,0,1,0,0,0,0,0,0
24940,0,0,1,0,0,0,0,0,0
24941,0,0,1,0,0,0,0,0,0
24942,0,0,1,0,0,0,0,0,0
24943,0,0,1,0,0,0,0,0,0
24944,0,0,1,0,0,0,0,0,0
24945,0,0,1,0,0,0,0,0,0
24946,0,0,1,0,0,0,0,0,0
24947,0,0,1,0,0,0,0,0,0
24948,0,0,1,0,0,0,0,0,0
24949,0,0,1,0,0,0,0,0,0
24950,0,0,1,0,0,0,0,0,0
24951,0,0,1,0,0,0,0,0,0
24952,0,0,1,0,0,0,0,0,0
24953,0,0,1,0,0,0,0,0,0
24954,0,0,1,0,0,0,0,0,0
24955,0,0,1,0,0,0,0,0,0
24956,0,0,1,0,0,0,0,0,0
24957,0,0,1,0,0,0,0,0,0
24958,0,0,1,0,0,0,0,0,0
24959,0,0,1,0,0,0,0,0,0
24960,0,0,1,0,0,0,0,0,0
24961,0,0,1,0,0,0,0,0,0
24962,0,0,1,0,0,0,0,0,0
24963,0,0,1,0,0,0,0,0,0
24964,0,0,1,0,0,0,0,0,0
24965,0,0,1,0,0,0,0,0,0
24966,0,0,1,0,0,0,0,0,0
24967,0,0,1,0,0,0,0,0,0
24968,0,0,1,0,0,0,0,0,0
24969,0,0,1,0,0,0,0,0,0
24970,0,0,1,0,0,0,0,0,0
24971,0,0,1,0,0,0,0,0,0
24972,0,0,1,0,0,0,0,0,0
24973,0,0,1,0,0,0,0,0,0
24974,0,0,1,0,0,0,0,0,0
24975,0,0,1,0,0,0,0,0,0
24976,0,0,1,0,0,0,0,0,0
24977,0,0,1,0,0,0,0,0,0
24978,0,0,1,0,0,0,0,0,0
24979,0,0,1,0,0,0,0,0,0
24980,0,0,1,0,0,0,0,0,0
24981,0,0,1,0,0,0,0,0,0
24982,0,0,1,0,0,0,0,0,0
24983,0,0,1,0,0,0,0,0,0
24984,0,0,1,0,0,0,0,0,0
24985,0,0,1,0,0,0,0,0,0
24986,0,0,1,0,0,0,0,0,0
24987,0,0,1,0,0,0,0,0,0
24988,0,0,1,0,0,0,0,0,0
24989,0,0,1,0,0,0,0,0,0
24990,0,0,1,0,0,0,0,0,0
24991,0,0,1,0,0,0,0,0,0
24992,0,0,1,0,0,0,0,0,0
24993,0,0,1,0,0,0,0,0,0
24994,0,0,1,0,0,0,0,0,0
24995,0,0,1,0,0,0,0,0,0
24996,0,0,1,0,0,0,0,0,0
24997,0,0,1,0,0,0,0,0,0
24998,0,0,1,0,0,0,0,0,0
24999,0,0,1,0,0,0,0,0,0
25000,0,0,1,0,0,0,0,0,0
25001,0,0,1,0,0,0,0,0,0
25002,0,0,1,0,0,0,0,0,0
25003,0,0,1,0,0,0,0,0,0
25004,0,0,1,0,0,0,0,0,0
25005,0,0,1,0,0,0,0,0,0
25006,0,0,1,0,0,0,0,0,0
25007,0,0,1,0,0,0,0,0,0
25008,0,0,1,0,0,0,0,0,0
25009,0,0,1,0,0,0,0,0,0
25010,0,0,1,0,0,0,0,0,0
25011,0,0,1,0,0,0,0,0,0
25012,0,0,1,0,0,0,0,0,0
25013,0,0,1,0,0,0,0,0,0
25014,0,0,1,0,0,0,0,0,0
25015,0,0,1,0,0,0,0,0,0
25016,0,0,1,0,0,0,0,0,0
25017,0,0,1,0,0,0,0,0,0
25018,0,0,1,0,0,0,0,0,0
25019,0,0,1,0,0,0,0,0,0
25020,0,0,1,0,0,0,0,0,0
25021,0,0,1,0,0,0,0,0,0
25022,0,0,1,0,0,0,0,0,0
25023,0,0,1,0,0,0,0,0,0
25024,0,0,1,0,0,0,0,0,0
25025,0,0,1,0,0,0,0,0,0
25026,0,0,1,0,0,0,0,0,0
25027,0,0,1,0,0,0,0,0,0
25028,0,0,1,0,0,0,0,0,0
25029,0,0,1,0,0,0,0,0,0
25030,0,0,1,0,0,0,0,0,0
25031,0,0,1,0,0,0,0,0,0
25032,0,0,1,0,0,0,0,0,0
25033,0,0,1,0,0,0,0,0,0
25034,0,0,1,0,0,0,0,0,0
25035,0,0,1,0,0,0,0,0,0
25036,0,0,1,0,0,0,0,0,0
25037,0,0,1,0,0,0,0,0,0
25038,0,0,1,0,0,0,0,0,0
25039,0,0,1,0,0,0,0,0,0
25040,0,0,1,0,0,0,0,0,0
25041,0,0,1,0,0,0,0,0,0
25042,0,0,1,0,0,0,0,0,0
25043,0,0,1,0,0,0,0,0,0
25044,0,0,1,0,0,0,0,0,0
25045,0,0,1,0,0,0,0,0,0
25046,0,0,1,0,0,0,0,0,0
25047,0,0,1,0,0,0,0,0,0
25048,0,0,1,0,0,0,0,0,0
25049,0,0,1,0,0,0,0,0,0
25050,0,0,1,0,0,0,0,0,0
25051,0,0,1,0,0,0,0,0,0
25052,0,0,1,0,0,0,0,0,0
25053,0,0,1,0,0,0,0,0,0
25054,0,0,1,0,0,0,0,0,0
25055,0,0,1,0,0,0,0,0,0
25056,0,0,1,0,0,0,0,0,0
25057,0,0,1,0,0,0,0,0,0
25058,0,0,1,0,0,0,0,0,0
25059,0,0,1,0,0,0,0,0,0
25060,0,0,1,0,0,0,0,0,0
25061,0,0,1,0,0,0,0,0,0
25062,0,0,1,0,0,0,0,0,0
25063,0,0,1,0,0,0,0,0,0
25064,0,0,1,0,0,0,0,0,0
25065,0,0,1,0,0,0,0,0,0
25066,0,0,1,0,0,0,0,0,0
25067,0,0,1,0,0,0,0,0,0
25068,0,0,1,0,0,0,0,0,0
25069,0,0,1,0,0,0,0,0,0
25070,0,0,1,0,0,0,0,0,0
25071,0,0,1,0,0,0,0,0,0
25072,0,0,1,0,0,0,0,0,0
25073,0,0,1,0,0,0,0,0,0
25074,0,0,1,0,0,0,0,0,0
25075,0,0,1,0,0,0,0,0,0
25076,0,0,1,0,0,0,0,0,0
25077,0,0,1,0,0,0,0,0,0
25078,0,0,1,0,0,0,0,0,0
25079,0,0,1,0,0,0,0,0,0
25080,0,0,1,0,0,0,0,0,0
25081,0,0,1,0,0,0,0,0,0
25082,0,0,1,0,0,0,0,0,0
25083,0,0,1,0,0,0,0,0,0
25084,0,0,1,0,0,0,0,0,0
25085,0,0,1,0,0,0,0,0,0
25086,0,0,1,0,0,0,0,0,0
25087,0,0,1,0,0,0,0,0,0
25088,0,0,1,0,0,0,0,0,0
25089,0,0,1,0,0,0,0,0,0
25090,0,0,1,0,0,0,0,0,0
25091,0,0,1,0,0,0,0,0,0
25092,0,0,1,0,0,0,0,0,0
25093,0,0,1,0,0,0,0,0,0
25094,0,0,1,0,0,0,0,0,0
25095,0,0,1,0,0,0,0,0,0
25096,0,0,1,0,0,0,0,0,0
25097,0,0,1,0,0,0,0,0,0
25098,0,0,1,0,0,0,0,0,0
25099,0,0,1,0,0,0,0,0,0
25100,0,0,1,0,0,0,0,0,0
25101,0,0,1,0,0,0,0,0,0
25102,0,0,1,0,0,0,0,0,0
25103,0,0,1,0,0,0,0,0,0
25104,0,0,1,0,0,0,0,0,0
25105,0,0,1,0,0,0,0,0,0
25106,0,0,1,0,0,0,0,0,0
25107,0,0,1,0,0,0,0,0,0
25108,0,0,1,0,0,0,0,0,0
25109,0,0,1,0,0,0,0,0,0
25110,0,0,1,0,0,0,0,0,0
25111,0,0,1,0,0,0,0,0,0
25112,0,0,1,0,0,0,0,0,0
25113,0,0,1,0,0,0,0,0,0
25114,0,0,1,0,0,0,0,0,0
25115,0,0,1,0,0,0,0,0,0
25116,0,0,1,0,0,0,0,0,0
25117,0,0,1,0,0,0,0,0,0
25118,0,0,1,0,0,0,0,0,0
25119,0,0,1,0,0,0,0,0,0
25120,0,0,1,0,0,0,0,0,0
25121,0,0,1,0,0,0,0,0,0
25122,0,0,1,0,0,0,0,0,0
25123,0,0,1,0,0,0,0,0,0
25124,0,0,1,0,0,0,0,0,0
25125,0,0,1,0,0,0,0,0,0
25126,0,0,1,0,0,0,0,0,0
25127,0,0,1,0,0,0,0,0,0
25128,0,0,1,0,0,0,0,0,0
25129,0,0,1,0,0,0,0,0,0
25130,0,0,1,0,0,0,0,0,0
25131,0,0,1,0,0,0,0,0,0
25132,0,0,1,0,0,0,0,0,0
25133,0,0,1,0,0,0,0,0,0
25134,0,0,1,0,0,0,0,0,0
25135,0,0,1,0,0,0,0,0,0
25136,0,0,1,0,0,0,0,0,0
25137,0,0,1,0,0,0,0,0,0
25138,0,0,1,0,0,0,0,0,0
25139,0,0,1,0,0,0,0,0,0
25140,0,0,1,0,0,0,0,0,0
25141,0,0,1,0,0,0,0,0,0
25142,0,0,1,0,0,0,0,0,0
25143,0,0,1,0,0,0,0,0,0
25144,0,0,1,0,0,0,0,0,0
25145,0,0,1,0,0,0,0,0,0
25146,0,0,1,0,0,0,0,0,0
25147,0,0,1,0,0,0,0,0,0
25148,0,0,1,0,0,0,0,0,0
25149,0,0,1,0,0,0,0,0,0
25150,0,0,1,0,0,0,0,0,0
25151,0,0,1,0,0,0,0,0,0
25152,0,0,1,0,0,0,0,0,0
25153,0,0,1,0,0,0,0,0,0
25154,0,0,1,0,0,0,0,0,0
25155,0,0,1,0,0,0,0,0,0
25156,0,0,1,0,0,0,0,0,0
25157,0,0,1,0,0,0,0,0,0
25158,0,0,1,0,0,0,0,0,0
25159,0,0,1,0,0,0,0,0,0
25160,0,0,1,0,0,0,0,0,0
25161,0,0,1,0,0,0,0,0,0
25162,0,0,1,0,0,0,0,0,0
25163,0,0,1,0,0,0,0,0,0
25164,0,0,1,0,0,0,0,0,0
25165,0,0,1,0,0,0,0,0,0
25166,0,0,1,0,0,0,0,0,0
25167,0,0,1,0,0,0,0,0,0
25168,0,0,1,0,0,0,0,0,0
25169,0,0,1,0,0,0,0,0,0
25170,0,0,1,0,0,0,0,0,0
25171,0,0,1,0,0,0,0,0,0
25172,0,0,1,0,0,0,0,0,0
25173,0,0,1,0,0,0,0,0,0
25174,0,0,1,0,0,0,0,0,0
25175,0,0,1,0,0,0,0,0,0
25176,0,0,1,0,0,0,0,0,0
25177,0,0,1,0,0,0,0,0,0
25178,0,0,1,0,0,0,0,0,0
25179,0,0,1,0,0,0,0,0,0
25180,0,0,1,0,0,0,0,0,0
25181,0,0,1,0,0,0,0,0,0
25182,0,0,1,0,0,0,0,0,0
25183,0,0,1,0,0,0,0,0,0
25184,0,0,1,0,0,0,0,0,0
25185,0,0,1,0,0,0,0,0,0
25186,0,0,1,0,0,0,0,0,0
25187,0,0,1,0,0,0,0,0,0
25188,0,0,1,0,0,0,0,0,0
25189,0,0,1,0,0,0,0,0,0
25190,0,0,1,0,0,0,0,0,0
25191,0,0,1,0,0,0,0,0,0
25192,0,0,1,0,0,0,0,0,0
25193,0,0,1,0,0,0,0,0,0
25194,0,0,1,0,0,0,0,0,0
25195,0,0,1,0,0,0,0,0,0
25196,0,0,1,0,0,0,0,0,0
25197,0,0,1,0,0,0,0,0,0
25198,0,0,1,0,0,0,0,0,0
25199,0,0,1,0,0,0,0,0,0
25200,0,0,1,0,0,0,0,0,0
25201,0,0,1,0,0,0,0,0,0
25202,0,0,1,0,0,0,0,0,0
25203,0,0,1,0,0,0,0,0,0
25204,0,0,1,0,0,0,0,0,0
25205,0,0,1,0,0,0,0,0,0
25206,0,0,1,0,0,0,0,0,0
25207,0,0,1,0,0,0,0,0,0
25208,0,0,1,0,0,0,0,0,0
25209,0,0,1,0,0,0,0,0,0
25210,0,0,1,0,0,0,0,0,0
25211,0,0,1,0,0,0,0,0,0
25212,0,0,1,0,0,0,0,0,0
25213,0,0,1,0,0,0,0,0,0
25214,0,0,1,0,0,0,0,0,0
25215,0,0,1,0,0,0,0,0,0
25216,0,0,1,0,0,0,0,0,0
25217,0,0,1,0,0,0,0,0,0
25218,0,0,1,0,0,0,0,0,0
25219,0,0,1,0,0,0,0,0,0
25220,0,0,1,0,0,0,0,0,0
25221,0,0,1,0,0,0,0,0,0
25222,0,0,1,0,0,0,0,0,0
25223,0,0,1,0,0,0,0,0,0
25224,0,0,1,0,0,0,0,0,0
25225,0,0,1,0,0,0,0,0,0
25226,0,0,1,0,0,0,0,0,0
25227,0,0,1,0,0,0,0,0,0
25228,0,0,1,0,0,0,0,0,0
25229,0,0,1,0,0,0,0,0,0
25230,0,0,1,0,0,0,0,0,0
25231,0,0,1,0,0,0,0,0,0
25232,0,0,1,0,0,0,0,0,0
25233,0,0,1,0,0,0,0,0,0
25234,0,0,1,0,0,0,0,0,0
25235,0,0,1,0,0,0,0,0,0
25236,0,0,1,0,0,0,0,0,0
25237,0,0,1,0,0,0,0,0,0
25238,0,0,1,0,0,0,0,0,0
25239,0,0,1,0,0,0,0,0,0
25240,0,0,1,0,0,0,0,0,0
25241,0,0,1,0,0,0,0,0,0
25242,0,0,1,0,0,0,0,0,0
25243,0,0,1,0,0,0,0,0,0
25244,0,0,1,0,0,0,0,0,0
25245,0,0,1,0,0,0,0,0,0
25246,0,0,1,0,0,0,0,0,0
25247,0,0,1,0,0,0,0,0,0
25248,0,0,1,0,0,0,0,0,0
25249,0,0,1,0,0,0,0,0,0
25250,0,0,1,0,0,0,0,0,0
25251,0,0,1,0,0,0,0,0,0
25252,0,0,1,0,0,0,0,0,0
25253,0,0,1,0,0,0,0,0,0
25254,0,0,1,0,0,0,0,0,0
25255,0,0,1,0,0,0,0,0,0
25256,0,0,1,0,0,0,0,0,0
25257,0,0,1,0,0,0,0,0,0
25258,0,0,1,0,0,0,0,0,0
25259,0,0,1,0,0,0,0,0,0
25260,0,0,1,0,0,0,0,0,0
25261,0,0,1,0,0,0,0,0,0
25262,0,0,1,0,0,0,0,0,0
25263,0,0,1,0,0,0,0,0,0
25264,0,0,1,0,0,0,0,0,0
25265,0,0,1,0,0,0,0,0,0
25266,0,0,1,0,0,0,0,0,0
25267,0,0,1,0,0,0,0,0,0
25268,0,0,1,0,0,0,0,0,0
25269,0,0,1,0,0,0,0,0,0
25270,0,0,1,0,0,0,0,0,0
25271,0,0,1,0,0,0,0,0,0
25272,0,0,1,0,0,0,0,0,0
25273,0,0,1,0,0,0,0,0,0
25274,0,0,1,0,0,0,0,0,0
25275,0,0,1,0,0,0,0,0,0
25276,0,0,1,0,0,0,0,0,0
25277,0,0,1,0,0,0,0,0,0
25278,0,0,1,0,0,0,0,0,0
25279,0,0,1,0,0,0,0,0,0
25280,0,0,1,0,0,0,0,0,0
25281,0,0,1,0,0,0,0,0,0
25282,0,0,1,0,0,0,0,0,0
25283,0,0,1,0,0,0,0,0,0
25284,0,0,1,0,0,0,0,0,0
25285,0,0,1,0,0,0,0,0,0
25286,0,0,1,0,0,0,0,0,0
25287,0,0,1,0,0,0,0,0,0
25288,0,0,1,0,0,0,0,0,0
25289,0,0,1,0,0,0,0,0,0
25290,0,0,1,0,0,0,0,0,0
25291,0,0,1,0,0,0,0,0,0
25292,0,0,1,0,0,0,0,0,0
25293,0,0,1,0,0,0,0,0,0
25294,0,0,1,0,0,0,0,0,0
25295,0,0,1,0,0,0,0,0,0
25296,0,0,1,0,0,0,0,0,0
25297,0,0,1,0,0,0,0,0,0
25298,0,0,1,0,0,0,0,0,0
25299,0,0,1,0,0,0,0,0,0
25300,0,0,1,0,0,0,0,0,0
25301,0,0,1,0,0,0,0,0,0
25302,0,0,1,0,0,0,0,0,0
25303,0,0,1,0,0,0,0,0,0
25304,0,0,1,0,0,0,0,0,0
25305,0,0,1,0,0,0,0,0,0
25306,0,0,1,0,0,0,0,0,0
25307,0,0,1,0,0,0,0,0,0
25308,0,0,1,0,0,0,0,0,0
25309,0,0,1,0,0,0,0,0,0
25310,0,0,1,0,0,0,0,0,0
25311,0,0,1,0,0,0,0,0,0
25312,0,0,1,0,0,0,0,0,0
25313,0,0,1,0,0,0,0,0,0
25314,0,0,1,0,0,0,0,0,0
25315,0,0,1,0,0,0,0,0,0
25316,0,0,1,0,0,0,0,0,0
25317,0,0,1,0,0,0,0,0,0
25318,0,0,1,0,0,0,0,0,0
25319,0,0,1,0,0,0,0,0,0
25320,0,0,1,0,0,0,0,0,0
25321,0,0,1,0,0,0,0,0,0
25322,0,0,1,0,0,0,0,0,0
25323,0,0,1,0,0,0,0,0,0
25324,0,0,1,0,0,0,0,0,0
25325,0,0,1,0,0,0,0,0,0
25326,0,0,1,0,0,0,0,0,0
25327,0,0,1,0,0,0,0,0,0
25328,0,0,1,0,0,0,0,0,0
25329,0,0,1,0,0,0,0,0,0
25330,0,0,1,0,0,0,0,0,0
25331,0,0,1,0,0,0,0,0,0
25332,0,0,1,0,0,0,0,0,0
25333,0,0,1,0,0,0,0,0,0
25334,0,0,1,0,0,0,0,0,0
25335,0,0,1,0,0,0,0,0,0
25336,0,0,1,0,0,0,0,0,0
25337,0,0,1,0,0,0,0,0,0
25338,0,0,1,0,0,0,0,0,0
25339,0,0,1,0,0,0,0,0,0
25340,0,0,1,0,0,0,0,0,0
25341,0,0,1,0,0,0,0,0,0
25342,0,0,1,0,0,0,0,0,0
25343,0,0,1,0,0,0,0,0,0
25344,0,0,1,0,0,0,0,0,0
25345,0,0,1,0,0,0,0,0,0
25346,0,0,1,0,0,0,0,0,0
25347,0,0,1,0,0,0,0,0,0
25348,0,0,1,0,0,0,0,0,0
25349,0,0,1,0,0,0,0,0,0
25350,0,0,1,0,0,0,0,0,0
25351,0,0,1,0,0,0,0,0,0
25352,0,0,1,0,0,0,0,0,0
25353,0,0,1,0,0,0,0,0,0
25354,0,0,1,0,0,0,0,0,0
25355,0,0,1,0,0,0,0,0,0
25356,0,0,1,0,0,0,0,0,0
25357,0,0,1,0,0,0,0,0,0
25358,0,0,1,0,0,0,0,0,0
25359,0,0,1,0,0,0,0,0,0
25360,0,0,1,0,0,0,0,0,0
25361,0,0,1,0,0,0,0,0,0
25362,0,0,1,0,0,0,0,0,0
25363,0,0,1,0,0,0,0,0,0
25364,0,0,1,0,0,0,0,0,0
25365,0,0,1,0,0,0,0,0,0
25366,0,0,1,0,0,0,0,0,0
25367,0,0,1,0,0,0,0,0,0
25368,0,0,1,0,0,0,0,0,0
25369,0,0,1,0,0,0,0,0,0
25370,0,0,1,0,0,0,0,0,0
25371,0,0,1,0,0,0,0,0,0
25372,0,0,1,0,0,0,0,0,0
25373,0,0,1,0,0,0,0,0,0
25374,0,0,1,0,0,0,0,0,0
25375,0,0,1,0,0,0,0,0,0
25376,0,0,1,0,0,0,0,0,0
25377,0,0,1,0,0,0,0,0,0
25378,0,0,1,0,0,0,0,0,0
25379,0,0,1,0,0,0,0,0,0
25380,0,0,1,0,0,0,0,0,0
25381,0,0,1,0,0,0,0,0,0
25382,0,0,1,0,0,0,0,0,0
25383,0,0,1,0,0,0,0,0,0
25384,0,0,1,0,0,0,0,0,0
25385,0,0,1,0,0,0,0,0,0
25386,0,0,1,0,0,0,0,0,0
25387,0,0,1,0,0,0,0,0,0
25388,0,0,1,0,0,0,0,0,0
25389,0,0,1,0,0,0,0,0,0
25390,0,0,1,0,0,0,0,0,0
25391,0,0,1,0,0,0,0,0,0
25392,0,0,1,0,0,0,0,0,0
25393,0,0,1,0,0,0,0,0,0
25394,0,0,1,0,0,0,0,0,0
25395,0,0,1,0,0,0,0,0,0
25396,0,0,1,0,0,0,0,0,0
25397,0,0,1,0,0,0,0,0,0
25398,0,0,1,0,0,0,0,0,0
25399,0,0,1,0,0,0,0,0,0
25400,0,0,1,0,0,0,0,0,0
25401,0,0,1,0,0,0,0,0,0
25402,0,0,1,0,0,0,0,0,0
25403,0,0,1,0,0,0,0,0,0
25404,0,0,1,0,0,0,0,0,0
25405,0,0,1,0,0,0,0,0,0
25406,0,0,1,0,0,0,0,0,0
25407,0,0,1,0,0,0,0,0,0
25408,0,0,1,0,0,0,0,0,0
25409,0,0,1,0,0,0,0,0,0
25410,0,0,1,0,0,0,0,0,0
25411,0,0,1,0,0,0,0,0,0
25412,0,0,1,0,0,0,0,0,0
25413,0,0,1,0,0,0,0,0,0
25414,0,0,1,0,0,0,0,0,0
25415,0,0,1,0,0,0,0,0,0
25416,0,0,1,0,0,0,0,0,0
25417,0,0,1,0,0,0,0,0,0
25418,0,0,1,0,0,0,0,0,0
25419,0,0,1,0,0,0,0,0,0
25420,0,0,1,0,0,0,0,0,0
25421,0,0,1,0,0,0,0,0,0
25422,0,0,1,0,0,0,0,0,0
25423,0,0,1,0,0,0,0,0,0
25424,0,0,1,0,0,0,0,0,0
25425,0,0,1,0,0,0,0,0,0
25426,0,0,1,0,0,0,0,0,0
25427,0,0,1,0,0,0,0,0,0
25428,0,0,1,0,0,0,0,0,0
25429,0,0,1,0,0,0,0,0,0
25430,0,0,1,0,0,0,0,0,0
25431,0,0,1,0,0,0,0,0,0
25432,0,0,1,0,0,0,0,0,0
25433,0,0,1,0,0,0,0,0,0
25434,0,0,1,0,0,0,0,0,0
25435,0,0,1,0,0,0,0,0,0
25436,0,0,1,0,0,0,0,0,0
25437,0,0,1,0,0,0,0,0,0
25438,0,0,1,0,0,0,0,0,0
25439,0,0,1,0,0,0,0,0,0
25440,0,0,1,0,0,0,0,0,0
25441,0,0,1,0,0,0,0,0,0
25442,0,0,1,0,0,0,0,0,0
25443,0,0,1,0,0,0,0,0,0
25444,0,0,1,0,0,0,0,0,0
25445,0,0,1,0,0,0,0,0,0
25446,0,0,1,0,0,0,0,0,0
25447,0,0,1,0,0,0,0,0,0
25448,0,0,1,0,0,0,0,0,0
25449,0,0,1,0,0,0,0,0,0
25450,0,0,1,0,0,0,0,0,0
25451,0,0,1,0,0,0,0,0,0
25452,0,0,1,0,0,0,0,0,0
25453,0,0,1,0,0,0,0,0,0
25454,0,0,1,0,0,0,0,0,0
25455,0,0,1,0,0,0,0,0,0
25456,0,0,1,0,0,0,0,0,0
25457,0,0,1,0,0,0,0,0,0
25458,0,0,1,0,0,0,0,0,0
25459,0,0,1,0,0,0,0,0,0
25460,0,0,1,0,0,0,0,0,0
25461,0,0,1,0,0,0,0,0,0
25462,0,0,1,0,0,0,0,0,0
25463,0,0,1,0,0,0,0,0,0
25464,0,0,1,0,0,0,0,0,0
25465,0,0,1,0,0,0,0,0,0
25466,0,0,1,0,0,0,0,0,0
25467,0,0,1,0,0,0,0,0,0
25468,0,0,1,0,0,0,0,0,0
25469,0,0,1,0,0,0,0,0,0
25470,0,0,1,0,0,0,0,0,0
25471,0,0,1,0,0,0,0,0,0
25472,0,0,1,0,0,0,0,0,0
25473,0,0,1,0,0,0,0,0,0
25474,0,0,1,0,0,0,0,0,0
25475,0,0,1,0,0,0,0,0,0
25476,0,0,1,0,0,0,0,0,0
25477,0,0,1,0,0,0,0,0,0
25478,0,0,1,0,0,0,0,0,0
25479,0,0,1,0,0,0,0,0,0
25480,0,0,1,0,0,0,0,0,0
25481,0,0,1,0,0,0,0,0,0
25482,0,0,1,0,0,0,0,0,0
25483,0,0,1,0,0,0,0,0,0
25484,0,0,1,0,0,0,0,0,0
25485,0,0,1,0,0,0,0,0,0
25486,0,0,1,0,0,0,0,0,0
25487,0,0,1,0,0,0,0,0,0
25488,0,0,1,0,0,0,0,0,0
25489,0,0,1,0,0,0,0,0,0
25490,0,0,1,0,0,0,0,0,0
25491,0,0,1,0,0,0,0,0,0
25492,0,0,1,0,0,0,0,0,0
25493,0,0,1,0,0,0,0,0,0
25494,0,0,1,0,0,0,0,0,0
25495,0,0,1,0,0,0,0,0,0
25496,0,0,1,0,0,0,0,0,0
25497,0,0,1,0,0,0,0,0,0
25498,0,0,1,0,0,0,0,0,0
25499,0,0,1,0,0,0,0,0,0
25500,0,0,1,0,0,0,0,0,0
25501,0,0,1,0,0,0,0,0,0
25502,0,0,1,0,0,0,0,0,0
25503,0,0,1,0,0,0,0,0,0
25504,0,0,1,0,0,0,0,0,0
25505,0,0,1,0,0,0,0,0,0
25506,0,0,1,0,0,0,0,0,0
25507,0,0,1,0,0,0,0,0,0
25508,0,0,1,0,0,0,0,0,0
25509,0,0,1,0,0,0,0,0,0
25510,0,0,1,0,0,0,0,0,0
25511,0,0,1,0,0,0,0,0,0
25512,0,0,1,0,0,0,0,0,0
25513,0,0,1,0,0,0,0,0,0
25514,0,0,1,0,0,0,0,0,0
25515,0,0,1,0,0,0,0,0,0
25516,0,0,1,0,0,0,0,0,0
25517,0,0,1,0,0,0,0,0,0
25518,0,0,1,0,0,0,0,0,0
25519,0,0,1,0,0,0,0,0,0
25520,0,0,1,0,0,0,0,0,0
25521,0,0,1,0,0,0,0,0,0
25522,0,0,1,0,0,0,0,0,0
25523,0,0,1,0,0,0,0,0,0
25524,0,0,1,0,0,0,0,0,0
25525,0,0,1,0,0,0,0,0,0
25526,0,0,1,0,0,0,0,0,0
25527,0,0,1,0,0,0,0,0,0
25528,0,0,1,0,0,0,0,0,0
25529,0,0,1,0,0,0,0,0,0
25530,0,0,1,0,0,0,0,0,0
25531,0,0,1,0,0,0,0,0,0
25532,0,0,1,0,0,0,0,0,0
25533,0,0,1,0,0,0,0,0,0
25534,0,0,1,0,0,0,0,0,0
25535,0,0,1,0,0,0,0,0,0
25536,0,0,1,0,0,0,0,0,0
25537,0,0,1,0,0,0,0,0,0
25538,0,0,1,0,0,0,0,0,0
25539,0,0,1,0,0,0,0,0,0
25540,0,0,1,0,0,0,0,0,0
25541,0,0,1,0,0,0,0,0,0
25542,0,0,1,0,0,0,0,0,0
25543,0,0,1,0,0,0,0,0,0
25544,0,0,1,0,0,0,0,0,0
25545,0,0,1,0,0,0,0,0,0
25546,0,0,1,0,0,0,0,0,0
25547,0,0,1,0,0,0,0,0,0
25548,0,0,1,0,0,0,0,0,0
25549,0,0,1,0,0,0,0,0,0
25550,0,0,1,0,0,0,0,0,0
25551,0,0,1,0,0,0,0,0,0
25552,0,0,1,0,0,0,0,0,0
25553,0,0,1,0,0,0,0,0,0
25554,0,0,1,0,0,0,0,0,0
25555,0,0,1,0,0,0,0,0,0
25556,0,0,1,0,0,0,0,0,0
25557,0,0,1,0,0,0,0,0,0
25558,0,0,1,0,0,0,0,0,0
25559,0,0,1,0,0,0,0,0,0
25560,0,0,1,0,0,0,0,0,0
25561,0,0,1,0,0,0,0,0,0
25562,0,0,1,0,0,0,0,0,0
25563,0,0,1,0,0,0,0,0,0
25564,0,0,1,0,0,0,0,0,0
25565,0,0,1,0,0,0,0,0,0
25566,0,0,1,0,0,0,0,0,0
25567,0,0,1,0,0,0,0,0,0
25568,0,0,1,0,0,0,0,0,0
25569,0,0,1,0,0,0,0,0,0
25570,0,0,1,0,0,0,0,0,0
25571,0,0,1,0,0,0,0,0,0
25572,0,0,1,0,0,0,0,0,0
25573,0,0,1,0,0,0,0,0,0
25574,0,0,1,0,0,0,0,0,0
25575,0,0,1,0,0,0,0,0,0
25576,0,0,1,0,0,0,0,0,0
25577,0,0,1,0,0,0,0,0,0
25578,0,0,1,0,0,0,0,0,0
25579,0,0,1,0,0,0,0,0,0
25580,0,0,1,0,0,0,0,0,0
25581,0,0,1,0,0,0,0,0,0
25582,0,0,1,0,0,0,0,0,0
25583,0,0,1,0,0,0,0,0,0
25584,0,0,1,0,0,0,0,0,0
25585,0,0,1,0,0,0,0,0,0
25586,0,0,1,0,0,0,0,0,0
25587,0,0,1,0,0,0,0,0,0
25588,0,0,1,0,0,0,0,0,0
25589,0,0,1,0,0,0,0,0,0
25590,0,0,1,0,0,0,0,0,0
25591,0,0,1,0,0,0,0,0,0
25592,0,0,1,0,0,0,0,0,0
25593,0,0,1,0,0,0,0,0,0
25594,0,0,1,0,0,0,0,0,0
25595,0,0,1,0,0,0,0,0,0
25596,0,0,1,0,0,0,0,0,0
25597,0,0,1,0,0,0,0,0,0
25598,0,0,1,0,0,0,0,0,0
25599,0,0,1,0,0,0,0,0,0
25600,0,0,1,0,0,0,0,0,0
25601,0,0,1,0,0,0,0,0,0
25602,0,0,1,0,0,0,0,0,0
25603,0,0,1,0,0,0,0,0,0
25604,0,0,1,0,0,0,0,0,0
25605,0,0,1,0,0,0,0,0,0
25606,0,0,1,0,0,0,0,0,0
25607,0,0,1,0,0,0,0,0,0
25608,0,0,1,0,0,0,0,0,0
25609,0,0,1,0,0,0,0,0,0
25610,0,0,1,0,0,0,0,0,0
25611,0,0,1,0,0,0,0,0,0
25612,0,0,1,0,0,0,0,0,0
25613,0,0,1,0,0,0,0,0,0
25614,0,0,1,0,0,0,0,0,0
25615,0,0,1,0,0,0,0,0,0
25616,0,0,1,0,0,0,0,0,0
25617,0,0,1,0,0,0,0,0,0
25618,0,0,1,0,0,0,0,0,0
25619,0,0,1,0,0,0,0,0,0
25620,0,0,1,0,0,0,0,0,0
25621,0,0,1,0,0,0,0,0,0
25622,0,0,1,0,0,0,0,0,0
25623,0,0,1,0,0,0,0,0,0
25624,0,0,1,0,0,0,0,0,0
25625,0,0,1,0,0,0,0,0,0
25626,0,0,1,0,0,0,0,0,0
25627,0,0,1,0,0,0,0,0,0
25628,0,0,1,0,0,0,0,0,0
25629,0,0,1,0,0,0,0,0,0
25630,0,0,1,0,0,0,0,0,0
25631,0,0,1,0,0,0,0,0,0
25632,0,0,1,0,0,0,0,0,0
25633,0,0,1,0,0,0,0,0,0
25634,0,0,1,0,0,0,0,0,0
25635,0,0,1,0,0,0,0,0,0
25636,0,0,1,0,0,0,0,0,0
25637,0,0,1,0,0,0,0,0,0
25638,0,0,1,0,0,0,0,0,0
25639,0,0,1,0,0,0,0,0,0
25640,0,0,1,0,0,0,0,0,0
25641,0,0,1,0,0,0,0,0,0
25642,0,0,1,0,0,0,0,0,0
25643,0,0,1,0,0,0,0,0,0
25644,0,0,1,0,0,0,0,0,0
25645,0,0,1,0,0,0,0,0,0
25646,0,0,1,0,0,0,0,0,0
25647,0,0,1,0,0,0,0,0,0
25648,0,0,1,0,0,0,0,0,0
25649,0,0,1,0,0,0,0,0,0
25650,0,0,1,0,0,0,0,0,0
25651,0,0,1,0,0,0,0,0,0
25652,0,0,1,0,0,0,0,0,0
25653,0,0,1,0,0,0,0,0,0
25654,0,0,1,0,0,0,0,0,0
25655,0,0,1,0,0,0,0,0,0
25656,0,0,1,0,0,0,0,0,0
25657,0,0,1,0,0,0,0,0,0
25658,0,0,1,0,0,0,0,0,0
25659,0,0,1,0,0,0,0,0,0
25660,0,0,1,0,0,0,0,0,0
25661,0,0,1,0,0,0,0,0,0
25662,0,0,1,0,0,0,0,0,0
25663,0,0,1,0,0,0,0,0,0
25664,0,0,1,0,0,0,0,0,0
25665,0,0,1,0,0,0,0,0,0
25666,0,0,1,0,0,0,0,0,0
25667,0,0,1,0,0,0,0,0,0
25668,0,0,1,0,0,0,0,0,0
25669,0,0,1,0,0,0,0,0,0
25670,0,0,1,0,0,0,0,0,0
25671,0,0,1,0,0,0,0,0,0
25672,0,0,1,0,0,0,0,0,0
25673,0,0,1,0,0,0,0,0,0
25674,0,0,1,0,0,0,0,0,0
25675,0,0,1,0,0,0,0,0,0
25676,0,0,1,0,0,0,0,0,0
25677,0,0,1,0,0,0,0,0,0
25678,0,0,1,0,0,0,0,0,0
25679,0,0,1,0,0,0,0,0,0
25680,0,0,1,0,0,0,0,0,0
25681,0,0,1,0,0,0,0,0,0
25682,0,0,1,0,0,0,0,0,0
25683,0,0,1,0,0,0,0,0,0
25684,0,0,1,0,0,0,0,0,0
25685,0,0,1,0,0,0,0,0,0
25686,0,0,1,0,0,0,0,0,0
25687,0,0,1,0,0,0,0,0,0
25688,0,0,1,0,0,0,0,0,0
25689,0,0,1,0,0,0,0,0,0
25690,0,0,1,0,0,0,0,0,0
25691,0,0,1,0,0,0,0,0,0
25692,0,0,1,0,0,0,0,0,0
25693,0,0,1,0,0,0,0,0,0
25694,0,0,1,0,0,0,0,0,0
25695,0,0,1,0,0,0,0,0,0
25696,0,0,1,0,0,0,0,0,0
25697,0,0,1,0,0,0,0,0,0
25698,0,0,1,0,0,0,0,0,0
25699,0,0,1,0,0,0,0,0,0
25700,0,0,1,0,0,0,0,0,0
25701,0,0,1,0,0,0,0,0,0
25702,0,0,1,0,0,0,0,0,0
25703,0,0,1,0,0,0,0,0,0
25704,0,0,1,0,0,0,0,0,0
25705,0,0,1,0,0,0,0,0,0
25706,0,0,1,0,0,0,0,0,0
25707,0,0,1,0,0,0,0,0,0
25708,0,0,1,0,0,0,0,0,0
25709,0,0,1,0,0,0,0,0,0
25710,0,0,1,0,0,0,0,0,0
25711,0,0,1,0,0,0,0,0,0
25712,0,0,1,0,0,0,0,0,0
25713,0,0,1,0,0,0,0,0,0
25714,0,0,1,0,0,0,0,0,0
25715,0,0,1,0,0,0,0,0,0
25716,0,0,1,0,0,0,0,0,0
25717,0,0,1,0,0,0,0,0,0
25718,0,0,1,0,0,0,0,0,0
25719,0,0,1,0,0,0,0,0,0
25720,0,0,1,0,0,0,0,0,0
25721,0,0,1,0,0,0,0,0,0
25722,0,0,1,0,0,0,0,0,0
25723,0,0,1,0,0,0,0,0,0
25724,0,0,1,0,0,0,0,0,0
25725,0,0,1,0,0,0,0,0,0
25726,0,0,1,0,0,0,0,0,0
25727,0,0,1,0,0,0,0,0,0
25728,0,0,1,0,0,0,0,0,0
25729,0,0,1,0,0,0,0,0,0
25730,0,0,1,0,0,0,0,0,0
25731,0,0,1,0,0,0,0,0,0
25732,0,0,1,0,0,0,0,0,0
25733,0,0,1,0,0,0,0,0,0
25734,0,0,1,0,0,0,0,0,0
25735,0,0,1,0,0,0,0,0,0
25736,0,0,1,0,0,0,0,0,0
25737,0,0,1,0,0,0,0,0,0
25738,0,0,1,0,0,0,0,0,0
25739,0,0,1,0,0,0,0,0,0
25740,0,0,1,0,0,0,0,0,0
25741,0,0,1,0,0,0,0,0,0
25742,0,0,1,0,0,0,0,0,0
25743,0,0,1,0,0,0,0,0,0
25744,0,0,1,0,0,0,0,0,0
25745,0,0,1,0,0,0,0,0,0
25746,0,0,1,0,0,0,0,0,0
25747,0,0,1,0,0,0,0,0,0
25748,0,0,1,0,0,0,0,0,0
25749,0,0,1,0,0,0,0,0,0
25750,0,0,1,0,0,0,0,0,0
25751,0,0,1,0,0,0,0,0,0
25752,0,0,1,0,0,0,0,0,0
25753,0,0,1,0,0,0,0,0,0
25754,0,0,1,0,0,0,0,0,0
25755,0,0,1,0,0,0,0,0,0
25756,0,0,1,0,0,0,0,0,0
25757,0,0,1,0,0,0,0,0,0
25758,0,0,1,0,0,0,0,0,0
25759,0,0,1,0,0,0,0,0,0
25760,0,0,1,0,0,0,0,0,0
25761,0,0,1,0,0,0,0,0,0
25762,0,0,1,0,0,0,0,0,0
25763,0,0,1,0,0,0,0,0,0
25764,0,0,1,0,0,0,0,0,0
25765,0,0,1,0,0,0,0,0,0
25766,0,0,1,0,0,0,0,0,0
25767,0,0,1,0,0,0,0,0,0
25768,0,0,1,0,0,0,0,0,0
25769,0,0,1,0,0,0,0,0,0
25770,0,0,1,0,0,0,0,0,0
25771,0,0,1,0,0,0,0,0,0
25772,0,0,1,0,0,0,0,0,0
25773,0,0,1,0,0,0,0,0,0
25774,0,0,1,0,0,0,0,0,0
25775,0,0,1,0,0,0,0,0,0
25776,0,0,1,0,0,0,0,0,0
25777,0,0,1,0,0,0,0,0,0
25778,0,0,1,0,0,0,0,0,0
25779,0,0,1,0,0,0,0,0,0
25780,0,0,1,0,0,0,0,0,0
25781,0,0,1,0,0,0,0,0,0
25782,0,0,1,0,0,0,0,0,0
25783,0,0,1,0,0,0,0,0,0
25784,0,0,1,0,0,0,0,0,0
25785,0,0,1,0,0,0,0,0,0
25786,0,0,1,0,0,0,0,0,0
25787,0,0,1,0,0,0,0,0,0
25788,0,0,1,0,0,0,0,0,0
25789,0,0,1,0,0,0,0,0,0
25790,0,0,1,0,0,0,0,0,0
25791,0,0,1,0,0,0,0,0,0
25792,0,0,1,0,0,0,0,0,0
25793,0,0,1,0,0,0,0,0,0
25794,0,0,1,0,0,0,0,0,0
25795,0,0,1,0,0,0,0,0,0
25796,0,0,1,0,0,0,0,0,0
25797,0,0,1,0,0,0,0,0,0
25798,0,0,1,0,0,0,0,0,0
25799,0,0,1,0,0,0,0,0,0
25800,0,0,1,0,0,0,0,0,0
25801,0,0,1,0,0,0,0,0,0
25802,0,0,1,0,0,0,0,0,0
25803,0,0,1,0,0,0,0,0,0
25804,0,0,1,0,0,0,0,0,0
25805,0,0,1,0,0,0,0,0,0
25806,0,0,1,0,0,0,0,0,0
25807,0,0,1,0,0,0,0,0,0
25808,0,0,1,0,0,0,0,0,0
25809,0,0,1,0,0,0,0,0,0
25810,0,0,1,0,0,0,0,0,0
25811,0,0,1,0,0,0,0,0,0
25812,0,0,1,0,0,0,0,0,0
25813,0,0,1,0,0,0,0,0,0
25814,0,0,1,0,0,0,0,0,0
25815,0,0,1,0,0,0,0,0,0
25816,0,0,1,0,0,0,0,0,0
25817,0,0,1,0,0,0,0,0,0
25818,0,0,1,0,0,0,0,0,0
25819,0,0,1,0,0,0,0,0,0
25820,0,0,1,0,0,0,0,0,0
25821,0,0,1,0,0,0,0,0,0
25822,0,0,1,0,0,0,0,0,0
25823,0,0,1,0,0,0,0,0,0
25824,0,0,1,0,0,0,0,0,0
25825,0,0,1,0,0,0,0,0,0
25826,0,0,1,0,0,0,0,0,0
25827,0,0,1,0,0,0,0,0,0
25828,0,0,1,0,0,0,0,0,0
25829,0,0,1,0,0,0,0,0,0
25830,0,0,1,0,0,0,0,0,0
25831,0,0,1,0,0,0,0,0,0
25832,0,0,1,0,0,0,0,0,0
25833,0,0,1,0,0,0,0,0,0
25834,0,0,1,0,0,0,0,0,0
25835,0,0,1,0,0,0,0,0,0
25836,0,0,1,0,0,0,0,0,0
25837,0,0,1,0,0,0,0,0,0
25838,0,0,1,0,0,0,0,0,0
25839,0,0,1,0,0,0,0,0,0
25840,0,0,1,0,0,0,0,0,0
25841,0,0,1,0,0,0,0,0,0
25842,0,0,1,0,0,0,0,0,0
25843,0,0,1,0,0,0,0,0,0
25844,0,0,1,0,0,0,0,0,0
25845,0,0,1,0,0,0,0,0,0
25846,0,0,1,0,0,0,0,0,0
25847,0,0,1,0,0,0,0,0,0
25848,0,0,1,0,0,0,0,0,0
25849,0,0,1,0,0,0,0,0,0
25850,0,0,1,0,0,0,0,0,0
25851,0,0,1,0,0,0,0,0,0
25852,0,0,1,0,0,0,0,0,0
25853,0,0,1,0,0,0,0,0,0
25854,0,0,1,0,0,0,0,0,0
25855,0,0,1,0,0,0,0,0,0
25856,0,0,1,0,0,0,0,0,0
25857,0,0,1,0,0,0,0,0,0
25858,0,0,1,0,0,0,0,0,0
25859,0,0,1,0,0,0,0,0,0
25860,0,0,1,0,0,0,0,0,0
25861,0,0,1,0,0,0,0,0,0
25862,0,0,1,0,0,0,0,0,0
25863,0,0,1,0,0,0,0,0,0
25864,0,0,1,0,0,0,0,0,0
25865,0,0,1,0,0,0,0,0,0
25866,0,0,1,0,0,0,0,0,0
25867,0,0,1,0,0,0,0,0,0
25868,0,0,1,0,0,0,0,0,0
25869,0,0,1,0,0,0,0,0,0
25870,0,0,1,0,0,0,0,0,0
25871,0,0,1,0,0,0,0,0,0
25872,0,0,1,0,0,0,0,0,0
25873,0,0,1,0,0,0,0,0,0
25874,0,0,1,0,0,0,0,0,0
25875,0,0,1,0,0,0,0,0,0
25876,0,0,1,0,0,0,0,0,0
25877,0,0,1,0,0,0,0,0,0
25878,0,0,1,0,0,0,0,0,0
25879,0,0,1,0,0,0,0,0,0
25880,0,0,1,0,0,0,0,0,0
25881,0,0,1,0,0,0,0,0,0
25882,0,0,1,0,0,0,0,0,0
25883,0,0,1,0,0,0,0,0,0
25884,0,0,1,0,0,0,0,0,0
25885,0,0,1,0,0,0,0,0,0
25886,0,0,1,0,0,0,0,0,0
25887,0,0,1,0,0,0,0,0,0
25888,0,0,1,0,0,0,0,0,0
25889,0,0,1,0,0,0,0,0,0
25890,0,0,1,0,0,0,0,0,0
25891,0,0,1,0,0,0,0,0,0
25892,0,0,1,0,0,0,0,0,0
25893,0,0,1,0,0,0,0,0,0
25894,0,0,1,0,0,0,0,0,0
25895,0,0,1,0,0,0,0,0,0
25896,0,0,1,0,0,0,0,0,0
25897,0,0,1,0,0,0,0,0,0
25898,0,0,1,0,0,0,0,0,0
25899,0,0,1,0,0,0,0,0,0
25900,0,0,1,0,0,0,0,0,0
25901,0,0,1,0,0,0,0,0,0
25902,0,0,1,0,0,0,0,0,0
25903,0,0,1,0,0,0,0,0,0
25904,0,0,1,0,0,0,0,0,0
25905,0,0,1,0,0,0,0,0,0
25906,0,0,1,0,0,0,0,0,0
25907,0,0,1,0,0,0,0,0,0
25908,0,0,1,0,0,0,0,0,0
25909,0,0,1,0,0,0,0,0,0
25910,0,0,1,0,0,0,0,0,0
25911,0,0,1,0,0,0,0,0,0
25912,0,0,1,0,0,0,0,0,0
25913,0,0,1,0,0,0,0,0,0
25914,0,0,1,0,0,0,0,0,0
25915,0,0,1,0,0,0,0,0,0
25916,0,0,1,0,0,0,0,0,0
25917,0,0,1,0,0,0,0,0,0
25918,0,0,1,0,0,0,0,0,0
25919,0,0,1,0,0,0,0,0,0
25920,0,0,1,0,0,0,0,0,0
25921,0,0,1,0,0,0,0,0,0
25922,0,0,1,0,0,0,0,0,0
25923,0,0,1,0,0,0,0,0,0
25924,0,0,1,0,0,0,0,0,0
25925,0,0,1,0,0,0,0,0,0
25926,0,0,1,0,0,0,0,0,0
25927,0,0,1,0,0,0,0,0,0
25928,0,0,1,0,0,0,0,0,0
25929,0,0,1,0,0,0,0,0,0
25930,0,0,1,0,0,0,0,0,0
25931,0,0,1,0,0,0,0,0,0
25932,0,0,1,0,0,0,0,0,0
25933,0,0,1,0,0,0,0,0,0
25934,0,0,1,0,0,0,0,0,0
25935,0,0,1,0,0,0,0,0,0
25936,0,0,1,0,0,0,0,0,0
25937,0,0,1,0,0,0,0,0,0
25938,0,0,1,0,0,0,0,0,0
25939,0,0,1,0,0,0,0,0,0
25940,0,0,1,0,0,0,0,0,0
25941,0,0,1,0,0,0,0,0,0
25942,0,0,1,0,0,0,0,0,0
25943,0,0,1,0,0,0,0,0,0
25944,0,0,1,0,0,0,0,0,0
25945,0,0,1,0,0,0,0,0,0
25946,0,0,1,0,0,0,0,0,0
25947,0,0,1,0,0,0,0,0,0
25948,0,0,1,0,0,0,0,0,0
25949,0,0,1,0,0,0,0,0,0
25950,0,0,1,0,0,0,0,0,0
25951,0,0,1,0,0,0,0,0,0
25952,0,0,1,0,0,0,0,0,0
25953,0,0,1,0,0,0,0,0,0
25954,0,0,1,0,0,0,0,0,0
25955,0,0,1,0,0,0,0,0,0
25956,0,0,1,0,0,0,0,0,0
25957,0,0,1,0,0,0,0,0,0
25958,0,0,1,0,0,0,0,0,0
25959,0,0,1,0,0,0,0,0,0
25960,0,0,1,0,0,0,0,0,0
25961,0,0,1,0,0,0,0,0,0
25962,0,0,1,0,0,0,0,0,0
25963,0,0,1,0,0,0,0,0,0
25964,0,0,1,0,0,0,0,0,0
25965,0,0,1,0,0,0,0,0,0
25966,0,0,1,0,0,0,0,0,0
25967,0,0,1,0,0,0,0,0,0
25968,0,0,1,0,0,0,0,0,0
25969,0,0,1,0,0,0,0,0,0
25970,0,0,1,0,0,0,0,0,0
25971,0,0,1,0,0,0,0,0,0
25972,0,0,1,0,0,0,0,0,0
25973,0,0,1,0,0,0,0,0,0
25974,0,0,1,0,0,0,0,0,0
25975,0,0,1,0,0,0,0,0,0
25976,0,0,1,0,0,0,0,0,0
25977,0,0,1,0,0,0,0,0,0
25978,0,0,1,0,0,0,0,0,0
25979,0,0,1,0,0,0,0,0,0
25980,0,0,1,0,0,0,0,0,0
25981,0,0,1,0,0,0,0,0,0
25982,0,0,1,0,0,0,0,0,0
25983,0,0,1,0,0,0,0,0,0
25984,0,0,1,0,0,0,0,0,0
25985,0,0,1,0,0,0,0,0,0
25986,0,0,1,0,0,0,0,0,0
25987,0,0,1,0,0,0,0,0,0
25988,0,0,1,0,0,0,0,0,0
25989,0,0,1,0,0,0,0,0,0
25990,0,0,1,0,0,0,0,0,0
25991,0,0,1,0,0,0,0,0,0
25992,0,0,1,0,0,0,0,0,0
25993,0,0,1,0,0,0,0,0,0
25994,0,0,1,0,0,0,0,0,0
25995,0,0,1,0,0,0,0,0,0
25996,0,0,1,0,0,0,0,0,0
25997,0,0,1,0,0,0,0,0,0
25998,0,0,1,0,0,0,0,0,0
25999,0,0,1,0,0,0,0,0,0
26000,0,0,1,0,0,0,0,0,0
26001,0,0,1,0,0,0,0,0,0
26002,0,0,1,0,0,0,0,0,0
26003,0,0,1,0,0,0,0,0,0
26004,0,0,1,0,0,0,0,0,0
26005,0,0,1,0,0,0,0,0,0
26006,0,0,1,0,0,0,0,0,0
26007,0,0,1,0,0,0,0,0,0
26008,0,0,1,0,0,0,0,0,0
26009,0,0,1,0,0,0,0,0,0
26010,0,0,1,0,0,0,0,0,0
26011,0,0,1,0,0,0,0,0,0
26012,0,0,1,0,0,0,0,0,0
26013,0,0,1,0,0,0,0,0,0
26014,0,0,1,0,0,0,0,0,0
26015,0,0,1,0,0,0,0,0,0
26016,0,0,1,0,0,0,0,0,0
26017,0,0,1,0,0,0,0,0,0
26018,0,0,1,0,0,0,0,0,0
26019,0,0,1,0,0,0,0,0,0
26020,0,0,1,0,0,0,0,0,0
26021,0,0,1,0,0,0,0,0,0
26022,0,0,1,0,0,0,0,0,0
26023,0,0,1,0,0,0,0,0,0
26024,0,0,1,0,0,0,0,0,0
26025,0,0,1,0,0,0,0,0,0
26026,0,0,1,0,0,0,0,0,0
26027,0,0,1,0,0,0,0,0,0
26028,0,0,1,0,0,0,0,0,0
26029,0,0,1,0,0,0,0,0,0
26030,0,0,1,0,0,0,0,0,0
26031,0,0,1,0,0,0,0,0,0
26032,0,0,1,0,0,0,0,0,0
26033,0,0,1,0,0,0,0,0,0
26034,0,0,1,0,0,0,0,0,0
26035,0,0,1,0,0,0,0,0,0
26036,0,0,1,0,0,0,0,0,0
26037,0,0,1,0,0,0,0,0,0
26038,0,0,1,0,0,0,0,0,0
26039,0,0,1,0,0,0,0,0,0
26040,0,0,1,0,0,0,0,0,0
26041,0,0,1,0,0,0,0,0,0
26042,0,0,1,0,0,0,0,0,0
26043,0,0,1,0,0,0,0,0,0
26044,0,0,1,0,0,0,0,0,0
26045,0,0,1,0,0,0,0,0,0
26046,0,0,1,0,0,0,0,0,0
26047,0,0,1,0,0,0,0,0,0
26048,0,0,1,0,0,0,0,0,0
26049,0,0,1,0,0,0,0,0,0
26050,0,0,1,0,0,0,0,0,0
26051,0,0,1,0,0,0,0,0,0
26052,0,0,1,0,0,0,0,0,0
26053,0,0,1,0,0,0,0,0,0
26054,0,0,1,0,0,0,0,0,0
26055,0,0,1,0,0,0,0,0,0
26056,0,0,0,1,0,0,0,0,0
26057,0,0,0,1,0,0,0,0,0
26058,0,0,0,1,0,0,0,0,0
26059,0,0,0,1,0,0,0,0,0
26060,0,0,0,1,0,0,0,0,0
26061,0,0,0,1,0,0,0,0,0
26062,0,0,0,1,0,0,0,0,0
26063,0,0,0,1,0,0,0,0,0
26064,0,0,0,1,0,0,0,0,0
26065,0,0,0,1,0,0,0,0,0
26066,0,0,0,1,0,0,0,0,0
26067,0,0,0,1,0,0,0,0,0
26068,0,0,0,1,0,0,0,0,0
26069,0,0,0,1,0,0,0,0,0
26070,0,0,0,1,0,0,0,0,0
26071,0,0,0,1,0,0,0,0,0
26072,0,0,0,1,0,0,0,0,0
26073,0,0,0,1,0,0,0,0,0
26074,0,0,0,1,0,0,0,0,0
26075,0,0,0,1,0,0,0,0,0
26076,0,0,0,1,0,0,0,0,0
26077,0,0,0,1,0,0,0,0,0
26078,0,0,0,1,0,0,0,0,0
26079,0,0,0,1,0,0,0,0,0
26080,0,0,0,1,0,0,0,0,0
26081,0,0,0,1,0,0,0,0,0
26082,0,0,0,1,0,0,0,0,0
26083,0,0,0,1,0,0,0,0,0
26084,0,0,0,1,0,0,0,0,0
26085,0,0,0,1,0,0,0,0,0
26086,0,0,0,1,0,0,0,0,0
26087,0,0,0,1,0,0,0,0,0
26088,0,0,0,1,0,0,0,0,0
26089,0,0,0,1,0,0,0,0,0
26090,0,0,0,1,0,0,0,0,0
26091,0,0,0,1,0,0,0,0,0
26092,0,0,0,1,0,0,0,0,0
26093,0,0,0,1,0,0,0,0,0
26094,0,0,0,1,0,0,0,0,0
26095,0,0,0,1,0,0,0,0,0
26096,0,0,0,1,0,0,0,0,0
26097,0,0,0,1,0,0,0,0,0
26098,0,0,0,1,0,0,0,0,0
26099,0,0,0,1,0,0,0,0,0
26100,0,0,0,1,0,0,0,0,0
26101,0,0,0,1,0,0,0,0,0
26102,0,0,0,1,0,0,0,0,0
26103,0,0,0,1,0,0,0,0,0
26104,0,0,0,1,0,0,0,0,0
26105,0,0,0,1,0,0,0,0,0
26106,0,0,0,1,0,0,0,0,0
26107,0,0,0,1,0,0,0,0,0
26108,0,0,0,1,0,0,0,0,0
26109,0,0,0,1,0,0,0,0,0
26110,0,0,0,1,0,0,0,0,0
26111,0,0,0,1,0,0,0,0,0
26112,0,0,0,1,0,0,0,0,0
26113,0,0,0,1,0,0,0,0,0
26114,0,0,0,1,0,0,0,0,0
26115,0,0,0,1,0,0,0,0,0
26116,0,0,0,1,0,0,0,0,0
26117,0,0,0,1,0,0,0,0,0
26118,0,0,0,1,0,0,0,0,0
26119,0,0,0,1,0,0,0,0,0
26120,0,0,0,1,0,0,0,0,0
26121,0,0,0,1,0,0,0,0,0
26122,0,0,0,1,0,0,0,0,0
26123,0,0,0,1,0,0,0,0,0
26124,0,0,0,1,0,0,0,0,0
26125,0,0,0,1,0,0,0,0,0
26126,0,0,0,1,0,0,0,0,0
26127,0,0,0,1,0,0,0,0,0
26128,0,0,0,1,0,0,0,0,0
26129,0,0,0,1,0,0,0,0,0
26130,0,0,0,1,0,0,0,0,0
26131,0,0,0,1,0,0,0,0,0
26132,0,0,0,1,0,0,0,0,0
26133,0,0,0,1,0,0,0,0,0
26134,0,0,0,1,0,0,0,0,0
26135,0,0,0,1,0,0,0,0,0
26136,0,0,0,1,0,0,0,0,0
26137,0,0,0,1,0,0,0,0,0
26138,0,0,0,1,0,0,0,0,0
26139,0,0,0,1,0,0,0,0,0
26140,0,0,0,1,0,0,0,0,0
26141,0,0,0,1,0,0,0,0,0
26142,0,0,0,1,0,0,0,0,0
26143,0,0,0,1,0,0,0,0,0
26144,0,0,0,1,0,0,0,0,0
26145,0,0,0,1,0,0,0,0,0
26146,0,0,0,1,0,0,0,0,0
26147,0,0,0,1,0,0,0,0,0
26148,0,0,0,1,0,0,0,0,0
26149,0,0,0,1,0,0,0,0,0
26150,0,0,0,1,0,0,0,0,0
26151,0,0,0,1,0,0,0,0,0
26152,0,0,0,1,0,0,0,0,0
26153,0,0,0,1,0,0,0,0,0
26154,0,0,0,1,0,0,0,0,0
26155,0,0,0,1,0,0,0,0,0
26156,0,0,0,1,0,0,0,0,0
26157,0,0,0,1,0,0,0,0,0
26158,0,0,0,1,0,0,0,0,0
26159,0,0,0,1,0,0,0,0,0
26160,0,0,0,1,0,0,0,0,0
26161,0,0,0,1,0,0,0,0,0
26162,0,0,0,1,0,0,0,0,0
26163,0,0,0,1,0,0,0,0,0
26164,0,0,0,1,0,0,0,0,0
26165,0,0,0,1,0,0,0,0,0
26166,0,0,0,1,0,0,0,0,0
26167,0,0,0,1,0,0,0,0,0
26168,0,0,0,1,0,0,0,0,0
26169,0,0,0,1,0,0,0,0,0
26170,0,0,0,1,0,0,0,0,0
26171,0,0,0,1,0,0,0,0,0
26172,0,0,0,1,0,0,0,0,0
26173,0,0,0,1,0,0,0,0,0
26174,0,0,0,1,0,0,0,0,0
26175,0,0,0,1,0,0,0,0,0
26176,0,0,0,1,0,0,0,0,0
26177,0,0,0,1,0,0,0,0,0
26178,0,0,0,1,0,0,0,0,0
26179,0,0,0,1,0,0,0,0,0
26180,0,0,0,1,0,0,0,0,0
26181,0,0,0,1,0,0,0,0,0
26182,0,0,0,1,0,0,0,0,0
26183,0,0,0,1,0,0,0,0,0
26184,0,0,0,1,0,0,0,0,0
26185,0,0,0,1,0,0,0,0,0
26186,0,0,0,1,0,0,0,0,0
26187,0,0,0,1,0,0,0,0,0
26188,0,0,0,1,0,0,0,0,0
26189,0,0,0,1,0,0,0,0,0
26190,0,0,0,1,0,0,0,0,0
26191,0,0,0,1,0,0,0,0,0
26192,0,0,0,1,0,0,0,0,0
26193,0,0,0,1,0,0,0,0,0
26194,0,0,0,1,0,0,0,0,0
26195,0,0,0,1,0,0,0,0,0
26196,0,0,0,1,0,0,0,0,0
26197,0,0,0,1,0,0,0,0,0
26198,0,0,0,1,0,0,0,0,0
26199,0,0,0,1,0,0,0,0,0
26200,0,0,0,1,0,0,0,0,0
26201,0,0,0,1,0,0,0,0,0
26202,0,0,0,1,0,0,0,0,0
26203,0,0,0,1,0,0,0,0,0
26204,0,0,0,1,0,0,0,0,0
26205,0,0,0,1,0,0,0,0,0
26206,0,0,0,1,0,0,0,0,0
26207,0,0,0,1,0,0,0,0,0
26208,0,0,0,1,0,0,0,0,0
26209,0,0,0,1,0,0,0,0,0
26210,0,0,0,1,0,0,0,0,0
26211,0,0,0,1,0,0,0,0,0
26212,0,0,0,1,0,0,0,0,0
26213,0,0,0,1,0,0,0,0,0
26214,0,0,0,1,0,0,0,0,0
26215,0,0,0,1,0,0,0,0,0
26216,0,0,0,1,0,0,0,0,0
26217,0,0,0,1,0,0,0,0,0
26218,0,0,0,1,0,0,0,0,0
26219,0,0,0,1,0,0,0,0,0
26220,0,0,0,1,0,0,0,0,0
26221,0,0,0,1,0,0,0,0,0
26222,0,0,0,1,0,0,0,0,0
26223,0,0,0,1,0,0,0,0,0
26224,0,0,0,1,0,0,0,0,0
26225,0,0,0,1,0,0,0,0,0
26226,0,0,0,1,0,0,0,0,0
26227,0,0,0,1,0,0,0,0,0
26228,0,0,0,1,0,0,0,0,0
26229,0,0,0,1,0,0,0,0,0
26230,0,0,0,1,0,0,0,0,0
26231,0,0,0,1,0,0,0,0,0
26232,0,0,0,1,0,0,0,0,0
26233,0,0,0,1,0,0,0,0,0
26234,0,0,0,1,0,0,0,0,0
26235,0,0,0,1,0,0,0,0,0
26236,0,0,0,1,0,0,0,0,0
26237,0,0,0,1,0,0,0,0,0
26238,0,0,0,1,0,0,0,0,0
26239,0,0,0,1,0,0,0,0,0
26240,0,0,0,1,0,0,0,0,0
26241,0,0,0,1,0,0,0,0,0
26242,0,0,0,1,0,0,0,0,0
26243,0,0,0,1,0,0,0,0,0
26244,0,0,0,1,0,0,0,0,0
26245,0,0,0,1,0,0,0,0,0
26246,0,0,0,1,0,0,0,0,0
26247,0,0,0,1,0,0,0,0,0
26248,0,0,0,1,0,0,0,0,0
26249,0,0,0,1,0,0,0,0,0
26250,0,0,0,1,0,0,0,0,0
26251,0,0,0,1,0,0,0,0,0
26252,0,0,0,1,0,0,0,0,0
26253,0,0,0,1,0,0,0,0,0
26254,0,0,0,1,0,0,0,0,0
26255,0,0,0,1,0,0,0,0,0
26256,0,0,0,1,0,0,0,0,0
26257,0,0,0,1,0,0,0,0,0
26258,0,0,0,1,0,0,0,0,0
26259,0,0,0,1,0,0,0,0,0
26260,0,0,0,1,0,0,0,0,0
26261,0,0,0,1,0,0,0,0,0
26262,0,0,0,1,0,0,0,0,0
26263,0,0,0,1,0,0,0,0,0
26264,0,0,0,1,0,0,0,0,0
26265,0,0,0,1,0,0,0,0,0
26266,0,0,0,1,0,0,0,0,0
26267,0,0,0,1,0,0,0,0,0
26268,0,0,0,1,0,0,0,0,0
26269,0,0,0,1,0,0,0,0,0
26270,0,0,0,1,0,0,0,0,0
26271,0,0,0,1,0,0,0,0,0
26272,0,0,0,1,0,0,0,0,0
26273,0,0,0,1,0,0,0,0,0
26274,0,0,0,1,0,0,0,0,0
26275,0,0,0,1,0,0,0,0,0
26276,0,0,0,1,0,0,0,0,0
26277,0,0,0,1,0,0,0,0,0
26278,0,0,0,1,0,0,0,0,0
26279,0,0,0,1,0,0,0,0,0
26280,0,0,0,1,0,0,0,0,0
26281,0,0,0,1,0,0,0,0,0
26282,0,0,0,1,0,0,0,0,0
26283,0,0,0,1,0,0,0,0,0
26284,0,0,0,1,0,0,0,0,0
26285,0,0,0,1,0,0,0,0,0
26286,0,0,0,1,0,0,0,0,0
26287,0,0,0,1,0,0,0,0,0
26288,0,0,0,1,0,0,0,0,0
26289,0,0,0,1,0,0,0,0,0
26290,0,0,0,1,0,0,0,0,0
26291,0,0,0,1,0,0,0,0,0
26292,0,0,0,1,0,0,0,0,0
26293,0,0,0,1,0,0,0,0,0
26294,0,0,0,1,0,0,0,0,0
26295,0,0,0,1,0,0,0,0,0
26296,0,0,0,1,0,0,0,0,0
26297,0,0,0,1,0,0,0,0,0
26298,0,0,0,1,0,0,0,0,0
26299,0,0,0,1,0,0,0,0,0
26300,0,0,0,1,0,0,0,0,0
26301,0,0,0,1,0,0,0,0,0
26302,0,0,0,1,0,0,0,0,0
26303,0,0,0,1,0,0,0,0,0
26304,0,0,0,1,0,0,0,0,0
26305,0,0,0,1,0,0,0,0,0
26306,0,0,0,1,0,0,0,0,0
26307,0,0,0,1,0,0,0,0,0
26308,0,0,0,1,0,0,0,0,0
26309,0,0,0,1,0,0,0,0,0
26310,0,0,0,1,0,0,0,0,0
26311,0,0,0,1,0,0,0,0,0
26312,0,0,0,1,0,0,0,0,0
26313,0,0,0,1,0,0,0,0,0
26314,0,0,0,1,0,0,0,0,0
26315,0,0,0,1,0,0,0,0,0
26316,0,0,0,1,0,0,0,0,0
26317,0,0,0,1,0,0,0,0,0
26318,0,0,0,1,0,0,0,0,0
26319,0,0,0,1,0,0,0,0,0
26320,0,0,0,1,0,0,0,0,0
26321,0,0,0,1,0,0,0,0,0
26322,0,0,0,1,0,0,0,0,0
26323,0,0,0,1,0,0,0,0,0
26324,0,0,0,1,0,0,0,0,0
26325,0,0,0,1,0,0,0,0,0
26326,0,0,0,1,0,0,0,0,0
26327,0,0,0,1,0,0,0,0,0
26328,0,0,0,1,0,0,0,0,0
26329,0,0,0,1,0,0,0,0,0
26330,0,0,0,1,0,0,0,0,0
26331,0,0,0,1,0,0,0,0,0
26332,0,0,0,1,0,0,0,0,0
26333,0,0,0,1,0,0,0,0,0
26334,0,0,0,1,0,0,0,0,0
26335,0,0,0,1,0,0,0,0,0
26336,0,0,0,1,0,0,0,0,0
26337,0,0,0,1,0,0,0,0,0
26338,0,0,0,1,0,0,0,0,0
26339,0,0,0,1,0,0,0,0,0
26340,0,0,0,1,0,0,0,0,0
26341,0,0,0,1,0,0,0,0,0
26342,0,0,0,1,0,0,0,0,0
26343,0,0,0,1,0,0,0,0,0
26344,0,0,0,1,0,0,0,0,0
26345,0,0,0,1,0,0,0,0,0
26346,0,0,0,1,0,0,0,0,0
26347,0,0,0,1,0,0,0,0,0
26348,0,0,0,1,0,0,0,0,0
26349,0,0,0,1,0,0,0,0,0
26350,0,0,0,1,0,0,0,0,0
26351,0,0,0,1,0,0,0,0,0
26352,0,0,0,1,0,0,0,0,0
26353,0,0,0,1,0,0,0,0,0
26354,0,0,0,1,0,0,0,0,0
26355,0,0,0,1,0,0,0,0,0
26356,0,0,0,1,0,0,0,0,0
26357,0,0,0,1,0,0,0,0,0
26358,0,0,0,1,0,0,0,0,0
26359,0,0,0,1,0,0,0,0,0
26360,0,0,0,1,0,0,0,0,0
26361,0,0,0,1,0,0,0,0,0
26362,0,0,0,1,0,0,0,0,0
26363,0,0,0,1,0,0,0,0,0
26364,0,0,0,1,0,0,0,0,0
26365,0,0,0,1,0,0,0,0,0
26366,0,0,0,1,0,0,0,0,0
26367,0,0,0,1,0,0,0,0,0
26368,0,0,0,1,0,0,0,0,0
26369,0,0,0,1,0,0,0,0,0
26370,0,0,0,1,0,0,0,0,0
26371,0,0,0,1,0,0,0,0,0
26372,0,0,0,1,0,0,0,0,0
26373,0,0,0,1,0,0,0,0,0
26374,0,0,0,1,0,0,0,0,0
26375,0,0,0,1,0,0,0,0,0
26376,0,0,0,1,0,0,0,0,0
26377,0,0,0,1,0,0,0,0,0
26378,0,0,0,1,0,0,0,0,0
26379,0,0,0,1,0,0,0,0,0
26380,0,0,0,1,0,0,0,0,0
26381,0,0,0,1,0,0,0,0,0
26382,0,0,0,1,0,0,0,0,0
26383,0,0,0,1,0,0,0,0,0
26384,0,0,0,1,0,0,0,0,0
26385,0,0,0,1,0,0,0,0,0
26386,0,0,0,1,0,0,0,0,0
26387,0,0,0,1,0,0,0,0,0
26388,0,0,0,1,0,0,0,0,0
26389,0,0,0,1,0,0,0,0,0
26390,0,0,0,1,0,0,0,0,0
26391,0,0,0,1,0,0,0,0,0
26392,0,0,0,1,0,0,0,0,0
26393,0,0,0,1,0,0,0,0,0
26394,0,0,0,1,0,0,0,0,0
26395,0,0,0,1,0,0,0,0,0
26396,0,0,0,1,0,0,0,0,0
26397,0,0,0,1,0,0,0,0,0
26398,0,0,0,1,0,0,0,0,0
26399,0,0,0,1,0,0,0,0,0
26400,0,0,0,1,0,0,0,0,0
26401,0,0,0,1,0,0,0,0,0
26402,0,0,0,1,0,0,0,0,0
26403,0,0,0,1,0,0,0,0,0
26404,0,0,0,1,0,0,0,0,0
26405,0,0,0,1,0,0,0,0,0
26406,0,0,0,1,0,0,0,0,0
26407,0,0,0,1,0,0,0,0,0
26408,0,0,0,1,0,0,0,0,0
26409,0,0,0,1,0,0,0,0,0
26410,0,0,0,1,0,0,0,0,0
26411,0,0,0,1,0,0,0,0,0
26412,0,0,0,1,0,0,0,0,0
26413,0,0,0,1,0,0,0,0,0
26414,0,0,0,1,0,0,0,0,0
26415,0,0,0,1,0,0,0,0,0
26416,0,0,0,1,0,0,0,0,0
26417,0,0,0,1,0,0,0,0,0
26418,0,0,0,1,0,0,0,0,0
26419,0,0,0,1,0,0,0,0,0
26420,0,0,0,1,0,0,0,0,0
26421,0,0,0,1,0,0,0,0,0
26422,0,0,0,1,0,0,0,0,0
26423,0,0,0,1,0,0,0,0,0
26424,0,0,0,1,0,0,0,0,0
26425,0,0,0,1,0,0,0,0,0
26426,0,0,0,1,0,0,0,0,0
26427,0,0,0,1,0,0,0,0,0
26428,0,0,0,1,0,0,0,0,0
26429,0,0,0,1,0,0,0,0,0
26430,0,0,0,1,0,0,0,0,0
26431,0,0,0,1,0,0,0,0,0
26432,0,0,0,1,0,0,0,0,0
26433,0,0,0,1,0,0,0,0,0
26434,0,0,0,1,0,0,0,0,0
26435,0,0,0,1,0,0,0,0,0
26436,0,0,0,1,0,0,0,0,0
26437,0,0,0,1,0,0,0,0,0
26438,0,0,0,1,0,0,0,0,0
26439,0,0,0,1,0,0,0,0,0
26440,0,0,0,1,0,0,0,0,0
26441,0,0,0,1,0,0,0,0,0
26442,0,0,0,1,0,0,0,0,0
26443,0,0,0,1,0,0,0,0,0
26444,0,0,0,1,0,0,0,0,0
26445,0,0,0,1,0,0,0,0,0
26446,0,0,0,1,0,0,0,0,0
26447,0,0,0,1,0,0,0,0,0
26448,0,0,0,1,0,0,0,0,0
26449,0,0,0,1,0,0,0,0,0
26450,0,0,0,1,0,0,0,0,0
26451,0,0,0,1,0,0,0,0,0
26452,0,0,0,1,0,0,0,0,0
26453,0,0,0,1,0,0,0,0,0
26454,0,0,0,1,0,0,0,0,0
26455,0,0,0,1,0,0,0,0,0
26456,0,0,0,1,0,0,0,0,0
26457,0,0,0,1,0,0,0,0,0
26458,0,0,0,1,0,0,0,0,0
26459,0,0,0,1,0,0,0,0,0
26460,0,0,0,1,0,0,0,0,0
26461,0,0,0,1,0,0,0,0,0
26462,0,0,0,1,0,0,0,0,0
26463,0,0,0,1,0,0,0,0,0
26464,0,0,0,1,0,0,0,0,0
26465,0,0,0,1,0,0,0,0,0
26466,0,0,0,1,0,0,0,0,0
26467,0,0,0,1,0,0,0,0,0
26468,0,0,0,1,0,0,0,0,0
26469,0,0,0,1,0,0,0,0,0
26470,0,0,0,1,0,0,0,0,0
26471,0,0,0,1,0,0,0,0,0
26472,0,0,0,1,0,0,0,0,0
26473,0,0,0,1,0,0,0,0,0
26474,0,0,0,1,0,0,0,0,0
26475,0,0,0,1,0,0,0,0,0
26476,0,0,0,1,0,0,0,0,0
26477,0,0,0,1,0,0,0,0,0
26478,0,0,0,1,0,0,0,0,0
26479,0,0,0,1,0,0,0,0,0
26480,0,0,0,1,0,0,0,0,0
26481,0,0,0,1,0,0,0,0,0
26482,0,0,0,1,0,0,0,0,0
26483,0,0,0,1,0,0,0,0,0
26484,0,0,0,1,0,0,0,0,0
26485,0,0,0,1,0,0,0,0,0
26486,0,0,0,1,0,0,0,0,0
26487,0,0,0,1,0,0,0,0,0
26488,0,0,0,1,0,0,0,0,0
26489,0,0,0,1,0,0,0,0,0
26490,0,0,0,1,0,0,0,0,0
26491,0,0,0,1,0,0,0,0,0
26492,0,0,0,1,0,0,0,0,0
26493,0,0,0,1,0,0,0,0,0
26494,0,0,0,1,0,0,0,0,0
26495,0,0,0,1,0,0,0,0,0
26496,0,0,0,1,0,0,0,0,0
26497,0,0,0,1,0,0,0,0,0
26498,0,0,0,1,0,0,0,0,0
26499,0,0,0,1,0,0,0,0,0
26500,0,0,0,1,0,0,0,0,0
26501,0,0,0,1,0,0,0,0,0
26502,0,0,0,1,0,0,0,0,0
26503,0,0,0,1,0,0,0,0,0
26504,0,0,0,1,0,0,0,0,0
26505,0,0,0,1,0,0,0,0,0
26506,0,0,0,1,0,0,0,0,0
26507,0,0,0,1,0,0,0,0,0
26508,0,0,0,1,0,0,0,0,0
26509,0,0,0,1,0,0,0,0,0
26510,0,0,0,1,0,0,0,0,0
26511,0,0,0,1,0,0,0,0,0
26512,0,0,0,1,0,0,0,0,0
26513,0,0,0,1,0,0,0,0,0
26514,0,0,0,1,0,0,0,0,0
26515,0,0,0,1,0,0,0,0,0
26516,0,0,0,1,0,0,0,0,0
26517,0,0,0,1,0,0,0,0,0
26518,0,0,0,1,0,0,0,0,0
26519,0,0,0,1,0,0,0,0,0
26520,0,0,0,1,0,0,0,0,0
26521,0,0,0,1,0,0,0,0,0
26522,0,0,0,1,0,0,0,0,0
26523,0,0,0,1,0,0,0,0,0
26524,0,0,0,1,0,0,0,0,0
26525,0,0,0,1,0,0,0,0,0
26526,0,0,0,1,0,0,0,0,0
26527,0,0,0,1,0,0,0,0,0
26528,0,0,0,1,0,0,0,0,0
26529,0,0,0,1,0,0,0,0,0
26530,0,0,0,1,0,0,0,0,0
26531,0,0,0,1,0,0,0,0,0
26532,0,0,0,1,0,0,0,0,0
26533,0,0,0,1,0,0,0,0,0
26534,0,0,0,1,0,0,0,0,0
26535,0,0,0,1,0,0,0,0,0
26536,0,0,0,1,0,0,0,0,0
26537,0,0,0,1,0,0,0,0,0
26538,0,0,0,1,0,0,0,0,0
26539,0,0,0,1,0,0,0,0,0
26540,0,0,0,1,0,0,0,0,0
26541,0,0,0,1,0,0,0,0,0
26542,0,0,0,1,0,0,0,0,0
26543,0,0,0,1,0,0,0,0,0
26544,0,0,0,1,0,0,0,0,0
26545,0,0,0,1,0,0,0,0,0
26546,0,0,0,1,0,0,0,0,0
26547,0,0,0,1,0,0,0,0,0
26548,0,0,0,1,0,0,0,0,0
26549,0,0,0,1,0,0,0,0,0
26550,0,0,0,1,0,0,0,0,0
26551,0,0,0,1,0,0,0,0,0
26552,0,0,0,1,0,0,0,0,0
26553,0,0,0,1,0,0,0,0,0
26554,0,0,0,1,0,0,0,0,0
26555,0,0,0,1,0,0,0,0,0
26556,0,0,0,1,0,0,0,0,0
26557,0,0,0,1,0,0,0,0,0
26558,0,0,0,1,0,0,0,0,0
26559,0,0,0,1,0,0,0,0,0
26560,0,0,0,1,0,0,0,0,0
26561,0,0,0,1,0,0,0,0,0
26562,0,0,0,1,0,0,0,0,0
26563,0,0,0,1,0,0,0,0,0
26564,0,0,0,1,0,0,0,0,0
26565,0,0,0,1,0,0,0,0,0
26566,0,0,0,1,0,0,0,0,0
26567,0,0,0,1,0,0,0,0,0
26568,0,0,0,1,0,0,0,0,0
26569,0,0,0,1,0,0,0,0,0
26570,0,0,0,1,0,0,0,0,0
26571,0,0,0,1,0,0,0,0,0
26572,0,0,0,1,0,0,0,0,0
26573,0,0,0,1,0,0,0,0,0
26574,0,0,0,1,0,0,0,0,0
26575,0,0,0,1,0,0,0,0,0
26576,0,0,0,1,0,0,0,0,0
26577,0,0,0,1,0,0,0,0,0
26578,0,0,0,1,0,0,0,0,0
26579,0,0,0,1,0,0,0,0,0
26580,0,0,0,1,0,0,0,0,0
26581,0,0,0,1,0,0,0,0,0
26582,0,0,0,1,0,0,0,0,0
26583,0,0,0,1,0,0,0,0,0
26584,0,0,0,1,0,0,0,0,0
26585,0,0,0,1,0,0,0,0,0
26586,0,0,0,1,0,0,0,0,0
26587,0,0,0,1,0,0,0,0,0
26588,0,0,0,1,0,0,0,0,0
26589,0,0,0,1,0,0,0,0,0
26590,0,0,0,1,0,0,0,0,0
26591,0,0,0,1,0,0,0,0,0
26592,0,0,0,1,0,0,0,0,0
26593,0,0,0,1,0,0,0,0,0
26594,0,0,0,1,0,0,0,0,0
26595,0,0,0,1,0,0,0,0,0
26596,0,0,0,1,0,0,0,0,0
26597,0,0,0,1,0,0,0,0,0
26598,0,0,0,1,0,0,0,0,0
26599,0,0,0,1,0,0,0,0,0
26600,0,0,0,1,0,0,0,0,0
26601,0,0,0,1,0,0,0,0,0
26602,0,0,0,1,0,0,0,0,0
26603,0,0,0,1,0,0,0,0,0
26604,0,0,0,1,0,0,0,0,0
26605,0,0,0,1,0,0,0,0,0
26606,0,0,0,1,0,0,0,0,0
26607,0,0,0,1,0,0,0,0,0
26608,0,0,0,1,0,0,0,0,0
26609,0,0,0,1,0,0,0,0,0
26610,0,0,0,1,0,0,0,0,0
26611,0,0,0,1,0,0,0,0,0
26612,0,0,0,1,0,0,0,0,0
26613,0,0,0,1,0,0,0,0,0
26614,0,0,0,1,0,0,0,0,0
26615,0,0,0,1,0,0,0,0,0
26616,0,0,0,1,0,0,0,0,0
26617,0,0,0,1,0,0,0,0,0
26618,0,0,0,1,0,0,0,0,0
26619,0,0,0,1,0,0,0,0,0
26620,0,0,0,1,0,0,0,0,0
26621,0,0,0,1,0,0,0,0,0
26622,0,0,0,1,0,0,0,0,0
26623,0,0,0,1,0,0,0,0,0
26624,0,0,0,1,0,0,0,0,0
26625,0,0,0,1,0,0,0,0,0
26626,0,0,0,1,0,0,0,0,0
26627,0,0,0,1,0,0,0,0,0
26628,0,0,0,1,0,0,0,0,0
26629,0,0,0,1,0,0,0,0,0
26630,0,0,0,1,0,0,0,0,0
26631,0,0,0,1,0,0,0,0,0
26632,0,0,0,1,0,0,0,0,0
26633,0,0,0,1,0,0,0,0,0
26634,0,0,0,1,0,0,0,0,0
26635,0,0,0,1,0,0,0,0,0
26636,0,0,0,1,0,0,0,0,0
26637,0,0,0,1,0,0,0,0,0
26638,0,0,0,1,0,0,0,0,0
26639,0,0,0,1,0,0,0,0,0
26640,0,0,0,1,0,0,0,0,0
26641,0,0,0,1,0,0,0,0,0
26642,0,0,0,1,0,0,0,0,0
26643,0,0,0,1,0,0,0,0,0
26644,0,0,0,1,0,0,0,0,0
26645,0,0,0,1,0,0,0,0,0
26646,0,0,0,1,0,0,0,0,0
26647,0,0,0,1,0,0,0,0,0
26648,0,0,0,1,0,0,0,0,0
26649,0,0,0,1,0,0,0,0,0
26650,0,0,0,1,0,0,0,0,0
26651,0,0,0,1,0,0,0,0,0
26652,0,0,0,1,0,0,0,0,0
26653,0,0,0,1,0,0,0,0,0
26654,0,0,0,1,0,0,0,0,0
26655,0,0,0,1,0,0,0,0,0
26656,0,0,0,1,0,0,0,0,0
26657,0,0,0,1,0,0,0,0,0
26658,0,0,0,1,0,0,0,0,0
26659,0,0,0,1,0,0,0,0,0
26660,0,0,0,1,0,0,0,0,0
26661,0,0,0,1,0,0,0,0,0
26662,0,0,0,1,0,0,0,0,0
26663,0,0,0,1,0,0,0,0,0
26664,0,0,0,1,0,0,0,0,0
26665,0,0,0,1,0,0,0,0,0
26666,0,0,0,1,0,0,0,0,0
26667,0,0,0,1,0,0,0,0,0
26668,0,0,0,1,0,0,0,0,0
26669,0,0,0,1,0,0,0,0,0
26670,0,0,0,1,0,0,0,0,0
26671,0,0,0,1,0,0,0,0,0
26672,0,0,0,1,0,0,0,0,0
26673,0,0,0,1,0,0,0,0,0
26674,0,0,0,1,0,0,0,0,0
26675,0,0,0,1,0,0,0,0,0
26676,0,0,0,1,0,0,0,0,0
26677,0,0,0,1,0,0,0,0,0
26678,0,0,0,1,0,0,0,0,0
26679,0,0,0,1,0,0,0,0,0
26680,0,0,0,1,0,0,0,0,0
26681,0,0,0,1,0,0,0,0,0
26682,0,0,0,1,0,0,0,0,0
26683,0,0,0,1,0,0,0,0,0
26684,0,0,0,1,0,0,0,0,0
26685,0,0,0,1,0,0,0,0,0
26686,0,0,0,1,0,0,0,0,0
26687,0,0,0,1,0,0,0,0,0
26688,0,0,0,1,0,0,0,0,0
26689,0,0,0,1,0,0,0,0,0
26690,0,0,0,1,0,0,0,0,0
26691,0,0,0,1,0,0,0,0,0
26692,0,0,0,1,0,0,0,0,0
26693,0,0,0,1,0,0,0,0,0
26694,0,0,0,1,0,0,0,0,0
26695,0,0,0,1,0,0,0,0,0
26696,0,0,0,1,0,0,0,0,0
26697,0,0,0,1,0,0,0,0,0
26698,0,0,0,1,0,0,0,0,0
26699,0,0,0,1,0,0,0,0,0
26700,0,0,0,1,0,0,0,0,0
26701,0,0,0,1,0,0,0,0,0
26702,0,0,0,1,0,0,0,0,0
26703,0,0,0,1,0,0,0,0,0
26704,0,0,0,1,0,0,0,0,0
26705,0,0,0,1,0,0,0,0,0
26706,0,0,0,1,0,0,0,0,0
26707,0,0,0,1,0,0,0,0,0
26708,0,0,0,1,0,0,0,0,0
26709,0,0,0,1,0,0,0,0,0
26710,0,0,0,1,0,0,0,0,0
26711,0,0,0,1,0,0,0,0,0
26712,0,0,0,1,0,0,0,0,0
26713,0,0,0,1,0,0,0,0,0
26714,0,0,0,1,0,0,0,0,0
26715,0,0,0,1,0,0,0,0,0
26716,0,0,0,1,0,0,0,0,0
26717,0,0,0,1,0,0,0,0,0
26718,0,0,0,1,0,0,0,0,0
26719,0,0,0,1,0,0,0,0,0
26720,0,0,0,1,0,0,0,0,0
26721,0,0,0,1,0,0,0,0,0
26722,0,0,0,1,0,0,0,0,0
26723,0,0,0,1,0,0,0,0,0
26724,0,0,0,1,0,0,0,0,0
26725,0,0,0,1,0,0,0,0,0
26726,0,0,0,1,0,0,0,0,0
26727,0,0,0,1,0,0,0,0,0
26728,0,0,0,1,0,0,0,0,0
26729,0,0,0,1,0,0,0,0,0
26730,0,0,0,1,0,0,0,0,0
26731,0,0,0,1,0,0,0,0,0
26732,0,0,0,1,0,0,0,0,0
26733,0,0,0,1,0,0,0,0,0
26734,0,0,0,1,0,0,0,0,0
26735,0,0,0,1,0,0,0,0,0
26736,0,0,0,1,0,0,0,0,0
26737,0,0,0,1,0,0,0,0,0
26738,0,0,0,1,0,0,0,0,0
26739,0,0,0,1,0,0,0,0,0
26740,0,0,0,1,0,0,0,0,0
26741,0,0,0,1,0,0,0,0,0
26742,0,0,0,1,0,0,0,0,0
26743,0,0,0,1,0,0,0,0,0
26744,0,0,0,1,0,0,0,0,0
26745,0,0,0,1,0,0,0,0,0
26746,0,0,0,1,0,0,0,0,0
26747,0,0,0,1,0,0,0,0,0
26748,0,0,0,1,0,0,0,0,0
26749,0,0,0,1,0,0,0,0,0
26750,0,0,0,1,0,0,0,0,0
26751,0,0,0,1,0,0,0,0,0
26752,0,0,0,1,0,0,0,0,0
26753,0,0,0,1,0,0,0,0,0
26754,0,0,0,1,0,0,0,0,0
26755,0,0,0,1,0,0,0,0,0
26756,0,0,0,1,0,0,0,0,0
26757,0,0,0,1,0,0,0,0,0
26758,0,0,0,1,0,0,0,0,0
26759,0,0,0,1,0,0,0,0,0
26760,0,0,0,1,0,0,0,0,0
26761,0,0,0,1,0,0,0,0,0
26762,0,0,0,1,0,0,0,0,0
26763,0,0,0,1,0,0,0,0,0
26764,0,0,0,1,0,0,0,0,0
26765,0,0,0,1,0,0,0,0,0
26766,0,0,0,1,0,0,0,0,0
26767,0,0,0,1,0,0,0,0,0
26768,0,0,0,1,0,0,0,0,0
26769,0,0,0,1,0,0,0,0,0
26770,0,0,0,1,0,0,0,0,0
26771,0,0,0,1,0,0,0,0,0
26772,0,0,0,1,0,0,0,0,0
26773,0,0,0,1,0,0,0,0,0
26774,0,0,0,1,0,0,0,0,0
26775,0,0,0,1,0,0,0,0,0
26776,0,0,0,1,0,0,0,0,0
26777,0,0,0,1,0,0,0,0,0
26778,0,0,0,1,0,0,0,0,0
26779,0,0,0,1,0,0,0,0,0
26780,0,0,0,1,0,0,0,0,0
26781,0,0,0,1,0,0,0,0,0
26782,0,0,0,1,0,0,0,0,0
26783,0,0,0,1,0,0,0,0,0
26784,0,0,0,1,0,0,0,0,0
26785,0,0,0,1,0,0,0,0,0
26786,0,0,0,1,0,0,0,0,0
26787,0,0,0,1,0,0,0,0,0
26788,0,0,0,1,0,0,0,0,0
26789,0,0,0,1,0,0,0,0,0
26790,0,0,0,1,0,0,0,0,0
26791,0,0,0,1,0,0,0,0,0
26792,0,0,0,1,0,0,0,0,0
26793,0,0,0,1,0,0,0,0,0
26794,0,0,0,1,0,0,0,0,0
26795,0,0,0,1,0,0,0,0,0
26796,0,0,0,1,0,0,0,0,0
26797,0,0,0,1,0,0,0,0,0
26798,0,0,0,1,0,0,0,0,0
26799,0,0,0,1,0,0,0,0,0
26800,0,0,0,1,0,0,0,0,0
26801,0,0,0,1,0,0,0,0,0
26802,0,0,0,1,0,0,0,0,0
26803,0,0,0,1,0,0,0,0,0
26804,0,0,0,1,0,0,0,0,0
26805,0,0,0,1,0,0,0,0,0
26806,0,0,0,1,0,0,0,0,0
26807,0,0,0,1,0,0,0,0,0
26808,0,0,0,1,0,0,0,0,0
26809,0,0,0,1,0,0,0,0,0
26810,0,0,0,1,0,0,0,0,0
26811,0,0,0,1,0,0,0,0,0
26812,0,0,0,1,0,0,0,0,0
26813,0,0,0,1,0,0,0,0,0
26814,0,0,0,1,0,0,0,0,0
26815,0,0,0,1,0,0,0,0,0
26816,0,0,0,1,0,0,0,0,0
26817,0,0,0,1,0,0,0,0,0
26818,0,0,0,1,0,0,0,0,0
26819,0,0,0,1,0,0,0,0,0
26820,0,0,0,1,0,0,0,0,0
26821,0,0,0,1,0,0,0,0,0
26822,0,0,0,1,0,0,0,0,0
26823,0,0,0,1,0,0,0,0,0
26824,0,0,0,1,0,0,0,0,0
26825,0,0,0,1,0,0,0,0,0
26826,0,0,0,1,0,0,0,0,0
26827,0,0,0,1,0,0,0,0,0
26828,0,0,0,1,0,0,0,0,0
26829,0,0,0,1,0,0,0,0,0
26830,0,0,0,1,0,0,0,0,0
26831,0,0,0,1,0,0,0,0,0
26832,0,0,0,1,0,0,0,0,0
26833,0,0,0,1,0,0,0,0,0
26834,0,0,0,1,0,0,0,0,0
26835,0,0,0,1,0,0,0,0,0
26836,0,0,0,1,0,0,0,0,0
26837,0,0,0,1,0,0,0,0,0
26838,0,0,0,1,0,0,0,0,0
26839,0,0,0,1,0,0,0,0,0
26840,0,0,0,1,0,0,0,0,0
26841,0,0,0,1,0,0,0,0,0
26842,0,0,0,1,0,0,0,0,0
26843,0,0,0,1,0,0,0,0,0
26844,0,0,0,1,0,0,0,0,0
26845,0,0,0,1,0,0,0,0,0
26846,0,0,0,1,0,0,0,0,0
26847,0,0,0,1,0,0,0,0,0
26848,0,0,0,1,0,0,0,0,0
26849,0,0,0,1,0,0,0,0,0
26850,0,0,0,1,0,0,0,0,0
26851,0,0,0,1,0,0,0,0,0
26852,0,0,0,1,0,0,0,0,0
26853,0,0,0,1,0,0,0,0,0
26854,0,0,0,1,0,0,0,0,0
26855,0,0,0,1,0,0,0,0,0
26856,0,0,0,1,0,0,0,0,0
26857,0,0,0,1,0,0,0,0,0
26858,0,0,0,1,0,0,0,0,0
26859,0,0,0,1,0,0,0,0,0
26860,0,0,0,1,0,0,0,0,0
26861,0,0,0,1,0,0,0,0,0
26862,0,0,0,1,0,0,0,0,0
26863,0,0,0,1,0,0,0,0,0
26864,0,0,0,1,0,0,0,0,0
26865,0,0,0,1,0,0,0,0,0
26866,0,0,0,1,0,0,0,0,0
26867,0,0,0,1,0,0,0,0,0
26868,0,0,0,1,0,0,0,0,0
26869,0,0,0,1,0,0,0,0,0
26870,0,0,0,1,0,0,0,0,0
26871,0,0,0,1,0,0,0,0,0
26872,0,0,0,1,0,0,0,0,0
26873,0,0,0,1,0,0,0,0,0
26874,0,0,0,1,0,0,0,0,0
26875,0,0,0,1,0,0,0,0,0
26876,0,0,0,1,0,0,0,0,0
26877,0,0,0,1,0,0,0,0,0
26878,0,0,0,1,0,0,0,0,0
26879,0,0,0,1,0,0,0,0,0
26880,0,0,0,1,0,0,0,0,0
26881,0,0,0,1,0,0,0,0,0
26882,0,0,0,1,0,0,0,0,0
26883,0,0,0,1,0,0,0,0,0
26884,0,0,0,1,0,0,0,0,0
26885,0,0,0,1,0,0,0,0,0
26886,0,0,0,1,0,0,0,0,0
26887,0,0,0,1,0,0,0,0,0
26888,0,0,0,1,0,0,0,0,0
26889,0,0,0,1,0,0,0,0,0
26890,0,0,0,1,0,0,0,0,0
26891,0,0,0,1,0,0,0,0,0
26892,0,0,0,1,0,0,0,0,0
26893,0,0,0,1,0,0,0,0,0
26894,0,0,0,1,0,0,0,0,0
26895,0,0,0,1,0,0,0,0,0
26896,0,0,0,1,0,0,0,0,0
26897,0,0,0,1,0,0,0,0,0
26898,0,0,0,1,0,0,0,0,0
26899,0,0,0,1,0,0,0,0,0
26900,0,0,0,1,0,0,0,0,0
26901,0,0,0,1,0,0,0,0,0
26902,0,0,0,1,0,0,0,0,0
26903,0,0,0,1,0,0,0,0,0
26904,0,0,0,1,0,0,0,0,0
26905,0,0,0,1,0,0,0,0,0
26906,0,0,0,1,0,0,0,0,0
26907,0,0,0,1,0,0,0,0,0
26908,0,0,0,1,0,0,0,0,0
26909,0,0,0,1,0,0,0,0,0
26910,0,0,0,1,0,0,0,0,0
26911,0,0,0,1,0,0,0,0,0
26912,0,0,0,1,0,0,0,0,0
26913,0,0,0,1,0,0,0,0,0
26914,0,0,0,1,0,0,0,0,0
26915,0,0,0,1,0,0,0,0,0
26916,0,0,0,1,0,0,0,0,0
26917,0,0,0,1,0,0,0,0,0
26918,0,0,0,1,0,0,0,0,0
26919,0,0,0,1,0,0,0,0,0
26920,0,0,0,1,0,0,0,0,0
26921,0,0,0,1,0,0,0,0,0
26922,0,0,0,1,0,0,0,0,0
26923,0,0,0,1,0,0,0,0,0
26924,0,0,0,1,0,0,0,0,0
26925,0,0,0,1,0,0,0,0,0
26926,0,0,0,1,0,0,0,0,0
26927,0,0,0,1,0,0,0,0,0
26928,0,0,0,1,0,0,0,0,0
26929,0,0,0,1,0,0,0,0,0
26930,0,0,0,1,0,0,0,0,0
26931,0,0,0,1,0,0,0,0,0
26932,0,0,0,1,0,0,0,0,0
26933,0,0,0,1,0,0,0,0,0
26934,0,0,0,1,0,0,0,0,0
26935,0,0,0,1,0,0,0,0,0
26936,0,0,0,1,0,0,0,0,0
26937,0,0,0,1,0,0,0,0,0
26938,0,0,0,1,0,0,0,0,0
26939,0,0,0,1,0,0,0,0,0
26940,0,0,0,1,0,0,0,0,0
26941,0,0,0,1,0,0,0,0,0
26942,0,0,0,1,0,0,0,0,0
26943,0,0,0,1,0,0,0,0,0
26944,0,0,0,1,0,0,0,0,0
26945,0,0,0,1,0,0,0,0,0
26946,0,0,0,1,0,0,0,0,0
26947,0,0,0,1,0,0,0,0,0
26948,0,0,0,1,0,0,0,0,0
26949,0,0,0,1,0,0,0,0,0
26950,0,0,0,1,0,0,0,0,0
26951,0,0,0,1,0,0,0,0,0
26952,0,0,0,1,0,0,0,0,0
26953,0,0,0,1,0,0,0,0,0
26954,0,0,0,1,0,0,0,0,0
26955,0,0,0,1,0,0,0,0,0
26956,0,0,0,1,0,0,0,0,0
26957,0,0,0,1,0,0,0,0,0
26958,0,0,0,1,0,0,0,0,0
26959,0,0,0,1,0,0,0,0,0
26960,0,0,0,1,0,0,0,0,0
26961,0,0,0,1,0,0,0,0,0
26962,0,0,0,1,0,0,0,0,0
26963,0,0,0,1,0,0,0,0,0
26964,0,0,0,1,0,0,0,0,0
26965,0,0,0,1,0,0,0,0,0
26966,0,0,0,1,0,0,0,0,0
26967,0,0,0,1,0,0,0,0,0
26968,0,0,0,1,0,0,0,0,0
26969,0,0,0,1,0,0,0,0,0
26970,0,0,0,1,0,0,0,0,0
26971,0,0,0,1,0,0,0,0,0
26972,0,0,0,1,0,0,0,0,0
26973,0,0,0,1,0,0,0,0,0
26974,0,0,0,1,0,0,0,0,0
26975,0,0,0,1,0,0,0,0,0
26976,0,0,0,1,0,0,0,0,0
26977,0,0,0,1,0,0,0,0,0
26978,0,0,0,1,0,0,0,0,0
26979,0,0,0,1,0,0,0,0,0
26980,0,0,0,1,0,0,0,0,0
26981,0,0,0,1,0,0,0,0,0
26982,0,0,0,1,0,0,0,0,0
26983,0,0,0,1,0,0,0,0,0
26984,0,0,0,1,0,0,0,0,0
26985,0,0,0,1,0,0,0,0,0
26986,0,0,0,1,0,0,0,0,0
26987,0,0,0,1,0,0,0,0,0
26988,0,0,0,1,0,0,0,0,0
26989,0,0,0,1,0,0,0,0,0
26990,0,0,0,1,0,0,0,0,0
26991,0,0,0,1,0,0,0,0,0
26992,0,0,0,1,0,0,0,0,0
26993,0,0,0,1,0,0,0,0,0
26994,0,0,0,1,0,0,0,0,0
26995,0,0,0,1,0,0,0,0,0
26996,0,0,0,1,0,0,0,0,0
26997,0,0,0,1,0,0,0,0,0
26998,0,0,0,1,0,0,0,0,0
26999,0,0,0,1,0,0,0,0,0
27000,0,0,0,1,0,0,0,0,0
27001,0,0,0,1,0,0,0,0,0
27002,0,0,0,1,0,0,0,0,0
27003,0,0,0,1,0,0,0,0,0
27004,0,0,0,1,0,0,0,0,0
27005,0,0,0,1,0,0,0,0,0
27006,0,0,0,1,0,0,0,0,0
27007,0,0,0,1,0,0,0,0,0
27008,0,0,0,1,0,0,0,0,0
27009,0,0,0,1,0,0,0,0,0
27010,0,0,0,1,0,0,0,0,0
27011,0,0,0,1,0,0,0,0,0
27012,0,0,0,1,0,0,0,0,0
27013,0,0,0,1,0,0,0,0,0
27014,0,0,0,1,0,0,0,0,0
27015,0,0,0,1,0,0,0,0,0
27016,0,0,0,1,0,0,0,0,0
27017,0,0,0,1,0,0,0,0,0
27018,0,0,0,1,0,0,0,0,0
27019,0,0,0,1,0,0,0,0,0
27020,0,0,0,1,0,0,0,0,0
27021,0,0,0,1,0,0,0,0,0
27022,0,0,0,1,0,0,0,0,0
27023,0,0,0,1,0,0,0,0,0
27024,0,0,0,1,0,0,0,0,0
27025,0,0,0,1,0,0,0,0,0
27026,0,0,0,1,0,0,0,0,0
27027,0,0,0,1,0,0,0,0,0
27028,0,0,0,1,0,0,0,0,0
27029,0,0,0,1,0,0,0,0,0
27030,0,0,0,1,0,0,0,0,0
27031,0,0,0,1,0,0,0,0,0
27032,0,0,0,1,0,0,0,0,0
27033,0,0,0,1,0,0,0,0,0
27034,0,0,0,1,0,0,0,0,0
27035,0,0,0,1,0,0,0,0,0
27036,0,0,0,1,0,0,0,0,0
27037,0,0,0,1,0,0,0,0,0
27038,0,0,0,1,0,0,0,0,0
27039,0,0,0,1,0,0,0,0,0
27040,0,0,0,1,0,0,0,0,0
27041,0,0,0,1,0,0,0,0,0
27042,0,0,0,1,0,0,0,0,0
27043,0,0,0,1,0,0,0,0,0
27044,0,0,0,1,0,0,0,0,0
27045,0,0,0,1,0,0,0,0,0
27046,0,0,0,1,0,0,0,0,0
27047,0,0,0,1,0,0,0,0,0
27048,0,0,0,1,0,0,0,0,0
27049,0,0,0,1,0,0,0,0,0
27050,0,0,0,1,0,0,0,0,0
27051,0,0,0,1,0,0,0,0,0
27052,0,0,0,1,0,0,0,0,0
27053,0,0,0,1,0,0,0,0,0
27054,0,0,0,1,0,0,0,0,0
27055,0,0,0,1,0,0,0,0,0
27056,0,0,0,1,0,0,0,0,0
27057,0,0,0,1,0,0,0,0,0
27058,0,0,0,1,0,0,0,0,0
27059,0,0,0,1,0,0,0,0,0
27060,0,0,0,1,0,0,0,0,0
27061,0,0,0,1,0,0,0,0,0
27062,0,0,0,1,0,0,0,0,0
27063,0,0,0,1,0,0,0,0,0
27064,0,0,0,1,0,0,0,0,0
27065,0,0,0,1,0,0,0,0,0
27066,0,0,0,1,0,0,0,0,0
27067,0,0,0,1,0,0,0,0,0
27068,0,0,0,1,0,0,0,0,0
27069,0,0,0,1,0,0,0,0,0
27070,0,0,0,1,0,0,0,0,0
27071,0,0,0,1,0,0,0,0,0
27072,0,0,0,1,0,0,0,0,0
27073,0,0,0,1,0,0,0,0,0
27074,0,0,0,1,0,0,0,0,0
27075,0,0,0,1,0,0,0,0,0
27076,0,0,0,1,0,0,0,0,0
27077,0,0,0,1,0,0,0,0,0
27078,0,0,0,1,0,0,0,0,0
27079,0,0,0,1,0,0,0,0,0
27080,0,0,0,1,0,0,0,0,0
27081,0,0,0,1,0,0,0,0,0
27082,0,0,0,1,0,0,0,0,0
27083,0,0,0,1,0,0,0,0,0
27084,0,0,0,1,0,0,0,0,0
27085,0,0,0,1,0,0,0,0,0
27086,0,0,0,1,0,0,0,0,0
27087,0,0,0,1,0,0,0,0,0
27088,0,0,0,1,0,0,0,0,0
27089,0,0,0,1,0,0,0,0,0
27090,0,0,0,1,0,0,0,0,0
27091,0,0,0,1,0,0,0,0,0
27092,0,0,0,1,0,0,0,0,0
27093,0,0,0,1,0,0,0,0,0
27094,0,0,0,1,0,0,0,0,0
27095,0,0,0,1,0,0,0,0,0
27096,0,0,0,1,0,0,0,0,0
27097,0,0,0,1,0,0,0,0,0
27098,0,0,0,1,0,0,0,0,0
27099,0,0,0,1,0,0,0,0,0
27100,0,0,0,1,0,0,0,0,0
27101,0,0,0,1,0,0,0,0,0
27102,0,0,0,1,0,0,0,0,0
27103,0,0,0,1,0,0,0,0,0
27104,0,0,0,1,0,0,0,0,0
27105,0,0,0,1,0,0,0,0,0
27106,0,0,0,1,0,0,0,0,0
27107,0,0,0,1,0,0,0,0,0
27108,0,0,0,1,0,0,0,0,0
27109,0,0,0,1,0,0,0,0,0
27110,0,0,0,1,0,0,0,0,0
27111,0,0,0,1,0,0,0,0,0
27112,0,0,0,1,0,0,0,0,0
27113,0,0,0,1,0,0,0,0,0
27114,0,0,0,1,0,0,0,0,0
27115,0,0,0,1,0,0,0,0,0
27116,0,0,0,1,0,0,0,0,0
27117,0,0,0,1,0,0,0,0,0
27118,0,0,0,1,0,0,0,0,0
27119,0,0,0,1,0,0,0,0,0
27120,0,0,0,1,0,0,0,0,0
27121,0,0,0,1,0,0,0,0,0
27122,0,0,0,1,0,0,0,0,0
27123,0,0,0,1,0,0,0,0,0
27124,0,0,0,1,0,0,0,0,0
27125,0,0,0,1,0,0,0,0,0
27126,0,0,0,1,0,0,0,0,0
27127,0,0,0,1,0,0,0,0,0
27128,0,0,0,1,0,0,0,0,0
27129,0,0,0,1,0,0,0,0,0
27130,0,0,0,1,0,0,0,0,0
27131,0,0,0,1,0,0,0,0,0
27132,0,0,0,1,0,0,0,0,0
27133,0,0,0,1,0,0,0,0,0
27134,0,0,0,1,0,0,0,0,0
27135,0,0,0,1,0,0,0,0,0
27136,0,0,0,1,0,0,0,0,0
27137,0,0,0,1,0,0,0,0,0
27138,0,0,0,1,0,0,0,0,0
27139,0,0,0,1,0,0,0,0,0
27140,0,0,0,1,0,0,0,0,0
27141,0,0,0,1,0,0,0,0,0
27142,0,0,0,1,0,0,0,0,0
27143,0,0,0,1,0,0,0,0,0
27144,0,0,0,1,0,0,0,0,0
27145,0,0,0,1,0,0,0,0,0
27146,0,0,0,1,0,0,0,0,0
27147,0,0,0,1,0,0,0,0,0
27148,0,0,0,1,0,0,0,0,0
27149,0,0,0,1,0,0,0,0,0
27150,0,0,0,1,0,0,0,0,0
27151,0,0,0,1,0,0,0,0,0
27152,0,0,0,1,0,0,0,0,0
27153,0,0,0,1,0,0,0,0,0
27154,0,0,0,1,0,0,0,0,0
27155,0,0,0,1,0,0,0,0,0
27156,0,0,0,1,0,0,0,0,0
27157,0,0,0,1,0,0,0,0,0
27158,0,0,0,1,0,0,0,0,0
27159,0,0,0,1,0,0,0,0,0
27160,0,0,0,1,0,0,0,0,0
27161,0,0,0,1,0,0,0,0,0
27162,0,0,0,1,0,0,0,0,0
27163,0,0,0,1,0,0,0,0,0
27164,0,0,0,1,0,0,0,0,0
27165,0,0,0,1,0,0,0,0,0
27166,0,0,0,1,0,0,0,0,0
27167,0,0,0,1,0,0,0,0,0
27168,0,0,0,1,0,0,0,0,0
27169,0,0,0,1,0,0,0,0,0
27170,0,0,0,1,0,0,0,0,0
27171,0,0,0,1,0,0,0,0,0
27172,0,0,0,1,0,0,0,0,0
27173,0,0,0,1,0,0,0,0,0
27174,0,0,0,1,0,0,0,0,0
27175,0,0,0,1,0,0,0,0,0
27176,0,0,0,1,0,0,0,0,0
27177,0,0,0,1,0,0,0,0,0
27178,0,0,0,1,0,0,0,0,0
27179,0,0,0,1,0,0,0,0,0
27180,0,0,0,1,0,0,0,0,0
27181,0,0,0,1,0,0,0,0,0
27182,0,0,0,1,0,0,0,0,0
27183,0,0,0,1,0,0,0,0,0
27184,0,0,0,1,0,0,0,0,0
27185,0,0,0,1,0,0,0,0,0
27186,0,0,0,1,0,0,0,0,0
27187,0,0,0,1,0,0,0,0,0
27188,0,0,0,1,0,0,0,0,0
27189,0,0,0,1,0,0,0,0,0
27190,0,0,0,1,0,0,0,0,0
27191,0,0,0,1,0,0,0,0,0
27192,0,0,0,1,0,0,0,0,0
27193,0,0,0,1,0,0,0,0,0
27194,0,0,0,1,0,0,0,0,0
27195,0,0,0,1,0,0,0,0,0
27196,0,0,0,1,0,0,0,0,0
27197,0,0,0,1,0,0,0,0,0
27198,0,0,0,1,0,0,0,0,0
27199,0,0,0,1,0,0,0,0,0
27200,0,0,0,1,0,0,0,0,0
27201,0,0,0,1,0,0,0,0,0
27202,0,0,0,1,0,0,0,0,0
27203,0,0,0,1,0,0,0,0,0
27204,0,0,0,1,0,0,0,0,0
27205,0,0,0,1,0,0,0,0,0
27206,0,0,0,1,0,0,0,0,0
27207,0,0,0,1,0,0,0,0,0
27208,0,0,0,1,0,0,0,0,0
27209,0,0,0,1,0,0,0,0,0
27210,0,0,0,1,0,0,0,0,0
27211,0,0,0,1,0,0,0,0,0
27212,0,0,0,1,0,0,0,0,0
27213,0,0,0,1,0,0,0,0,0
27214,0,0,0,1,0,0,0,0,0
27215,0,0,0,1,0,0,0,0,0
27216,0,0,0,1,0,0,0,0,0
27217,0,0,0,1,0,0,0,0,0
27218,0,0,0,1,0,0,0,0,0
27219,0,0,0,1,0,0,0,0,0
27220,0,0,0,1,0,0,0,0,0
27221,0,0,0,1,0,0,0,0,0
27222,0,0,0,1,0,0,0,0,0
27223,0,0,0,1,0,0,0,0,0
27224,0,0,0,1,0,0,0,0,0
27225,0,0,0,1,0,0,0,0,0
27226,0,0,0,1,0,0,0,0,0
27227,0,0,0,1,0,0,0,0,0
27228,0,0,0,1,0,0,0,0,0
27229,0,0,0,1,0,0,0,0,0
27230,0,0,0,1,0,0,0,0,0
27231,0,0,0,1,0,0,0,0,0
27232,0,0,0,1,0,0,0,0,0
27233,0,0,0,1,0,0,0,0,0
27234,0,0,0,1,0,0,0,0,0
27235,0,0,0,1,0,0,0,0,0
27236,0,0,0,1,0,0,0,0,0
27237,0,0,0,1,0,0,0,0,0
27238,0,0,0,1,0,0,0,0,0
27239,0,0,0,1,0,0,0,0,0
27240,0,0,0,1,0,0,0,0,0
27241,0,0,0,1,0,0,0,0,0
27242,0,0,0,1,0,0,0,0,0
27243,0,0,0,1,0,0,0,0,0
27244,0,0,0,1,0,0,0,0,0
27245,0,0,0,1,0,0,0,0,0
27246,0,0,0,1,0,0,0,0,0
27247,0,0,0,1,0,0,0,0,0
27248,0,0,0,1,0,0,0,0,0
27249,0,0,0,1,0,0,0,0,0
27250,0,0,0,1,0,0,0,0,0
27251,0,0,0,1,0,0,0,0,0
27252,0,0,0,1,0,0,0,0,0
27253,0,0,0,1,0,0,0,0,0
27254,0,0,0,1,0,0,0,0,0
27255,0,0,0,1,0,0,0,0,0
27256,0,0,0,1,0,0,0,0,0
27257,0,0,0,1,0,0,0,0,0
27258,0,0,0,1,0,0,0,0,0
27259,0,0,0,1,0,0,0,0,0
27260,0,0,0,1,0,0,0,0,0
27261,0,0,0,1,0,0,0,0,0
27262,0,0,0,1,0,0,0,0,0
27263,0,0,0,1,0,0,0,0,0
27264,0,0,0,1,0,0,0,0,0
27265,0,0,0,1,0,0,0,0,0
27266,0,0,0,1,0,0,0,0,0
27267,0,0,0,1,0,0,0,0,0
27268,0,0,0,1,0,0,0,0,0
27269,0,0,0,1,0,0,0,0,0
27270,0,0,0,1,0,0,0,0,0
27271,0,0,0,1,0,0,0,0,0
27272,0,0,0,1,0,0,0,0,0
27273,0,0,0,1,0,0,0,0,0
27274,0,0,0,1,0,0,0,0,0
27275,0,0,0,1,0,0,0,0,0
27276,0,0,0,1,0,0,0,0,0
27277,0,0,0,1,0,0,0,0,0
27278,0,0,0,1,0,0,0,0,0
27279,0,0,0,1,0,0,0,0,0
27280,0,0,0,1,0,0,0,0,0
27281,0,0,0,1,0,0,0,0,0
27282,0,0,0,1,0,0,0,0,0
27283,0,0,0,1,0,0,0,0,0
27284,0,0,0,1,0,0,0,0,0
27285,0,0,0,1,0,0,0,0,0
27286,0,0,0,1,0,0,0,0,0
27287,0,0,0,1,0,0,0,0,0
27288,0,0,0,1,0,0,0,0,0
27289,0,0,0,1,0,0,0,0,0
27290,0,0,0,1,0,0,0,0,0
27291,0,0,0,1,0,0,0,0,0
27292,0,0,0,1,0,0,0,0,0
27293,0,0,0,1,0,0,0,0,0
27294,0,0,0,1,0,0,0,0,0
27295,0,0,0,1,0,0,0,0,0
27296,0,0,0,1,0,0,0,0,0
27297,0,0,0,1,0,0,0,0,0
27298,0,0,0,1,0,0,0,0,0
27299,0,0,0,1,0,0,0,0,0
27300,0,0,0,1,0,0,0,0,0
27301,0,0,0,1,0,0,0,0,0
27302,0,0,0,1,0,0,0,0,0
27303,0,0,0,1,0,0,0,0,0
27304,0,0,0,1,0,0,0,0,0
27305,0,0,0,1,0,0,0,0,0
27306,0,0,0,1,0,0,0,0,0
27307,0,0,0,1,0,0,0,0,0
27308,0,0,0,1,0,0,0,0,0
27309,0,0,0,1,0,0,0,0,0
27310,0,0,0,1,0,0,0,0,0
27311,0,0,0,1,0,0,0,0,0
27312,0,0,0,1,0,0,0,0,0
27313,0,0,0,1,0,0,0,0,0
27314,0,0,0,1,0,0,0,0,0
27315,0,0,0,1,0,0,0,0,0
27316,0,0,0,1,0,0,0,0,0
27317,0,0,0,1,0,0,0,0,0
27318,0,0,0,1,0,0,0,0,0
27319,0,0,0,1,0,0,0,0,0
27320,0,0,0,1,0,0,0,0,0
27321,0,0,0,1,0,0,0,0,0
27322,0,0,0,1,0,0,0,0,0
27323,0,0,0,1,0,0,0,0,0
27324,0,0,0,1,0,0,0,0,0
27325,0,0,0,1,0,0,0,0,0
27326,0,0,0,1,0,0,0,0,0
27327,0,0,0,1,0,0,0,0,0
27328,0,0,0,1,0,0,0,0,0
27329,0,0,0,1,0,0,0,0,0
27330,0,0,0,1,0,0,0,0,0
27331,0,0,0,1,0,0,0,0,0
27332,0,0,0,1,0,0,0,0,0
27333,0,0,0,1,0,0,0,0,0
27334,0,0,0,1,0,0,0,0,0
27335,0,0,0,1,0,0,0,0,0
27336,0,0,0,1,0,0,0,0,0
27337,0,0,0,1,0,0,0,0,0
27338,0,0,0,1,0,0,0,0,0
27339,0,0,0,1,0,0,0,0,0
27340,0,0,0,1,0,0,0,0,0
27341,0,0,0,1,0,0,0,0,0
27342,0,0,0,1,0,0,0,0,0
27343,0,0,0,1,0,0,0,0,0
27344,0,0,0,1,0,0,0,0,0
27345,0,0,0,1,0,0,0,0,0
27346,0,0,0,1,0,0,0,0,0
27347,0,0,0,1,0,0,0,0,0
27348,0,0,0,1,0,0,0,0,0
27349,0,0,0,1,0,0,0,0,0
27350,0,0,0,1,0,0,0,0,0
27351,0,0,0,1,0,0,0,0,0
27352,0,0,0,1,0,0,0,0,0
27353,0,0,0,1,0,0,0,0,0
27354,0,0,0,1,0,0,0,0,0
27355,0,0,0,1,0,0,0,0,0
27356,0,0,0,1,0,0,0,0,0
27357,0,0,0,1,0,0,0,0,0
27358,0,0,0,1,0,0,0,0,0
27359,0,0,0,1,0,0,0,0,0
27360,0,0,0,1,0,0,0,0,0
27361,0,0,0,1,0,0,0,0,0
27362,0,0,0,1,0,0,0,0,0
27363,0,0,0,1,0,0,0,0,0
27364,0,0,0,1,0,0,0,0,0
27365,0,0,0,1,0,0,0,0,0
27366,0,0,0,1,0,0,0,0,0
27367,0,0,0,1,0,0,0,0,0
27368,0,0,0,1,0,0,0,0,0
27369,0,0,0,1,0,0,0,0,0
27370,0,0,0,1,0,0,0,0,0
27371,0,0,0,1,0,0,0,0,0
27372,0,0,0,1,0,0,0,0,0
27373,0,0,0,1,0,0,0,0,0
27374,0,0,0,1,0,0,0,0,0
27375,0,0,0,1,0,0,0,0,0
27376,0,0,0,1,0,0,0,0,0
27377,0,0,0,1,0,0,0,0,0
27378,0,0,0,1,0,0,0,0,0
27379,0,0,0,1,0,0,0,0,0
27380,0,0,0,1,0,0,0,0,0
27381,0,0,0,1,0,0,0,0,0
27382,0,0,0,1,0,0,0,0,0
27383,0,0,0,1,0,0,0,0,0
27384,0,0,0,1,0,0,0,0,0
27385,0,0,0,1,0,0,0,0,0
27386,0,0,0,1,0,0,0,0,0
27387,0,0,0,1,0,0,0,0,0
27388,0,0,0,1,0,0,0,0,0
27389,0,0,0,1,0,0,0,0,0
27390,0,0,0,1,0,0,0,0,0
27391,0,0,0,1,0,0,0,0,0
27392,0,0,0,1,0,0,0,0,0
27393,0,0,0,1,0,0,0,0,0
27394,0,0,0,1,0,0,0,0,0
27395,0,0,0,1,0,0,0,0,0
27396,0,0,0,1,0,0,0,0,0
27397,0,0,0,1,0,0,0,0,0
27398,0,0,0,1,0,0,0,0,0
27399,0,0,0,1,0,0,0,0,0
27400,0,0,0,1,0,0,0,0,0
27401,0,0,0,1,0,0,0,0,0
27402,0,0,0,1,0,0,0,0,0
27403,0,0,0,1,0,0,0,0,0
27404,0,0,0,1,0,0,0,0,0
27405,0,0,0,1,0,0,0,0,0
27406,0,0,0,1,0,0,0,0,0
27407,0,0,0,1,0,0,0,0,0
27408,0,0,0,1,0,0,0,0,0
27409,0,0,0,1,0,0,0,0,0
27410,0,0,0,1,0,0,0,0,0
27411,0,0,0,1,0,0,0,0,0
27412,0,0,0,1,0,0,0,0,0
27413,0,0,0,1,0,0,0,0,0
27414,0,0,0,1,0,0,0,0,0
27415,0,0,0,1,0,0,0,0,0
27416,0,0,0,1,0,0,0,0,0
27417,0,0,0,1,0,0,0,0,0
27418,0,0,0,1,0,0,0,0,0
27419,0,0,0,1,0,0,0,0,0
27420,0,0,0,1,0,0,0,0,0
27421,0,0,0,1,0,0,0,0,0
27422,0,0,0,1,0,0,0,0,0
27423,0,0,0,1,0,0,0,0,0
27424,0,0,0,1,0,0,0,0,0
27425,0,0,0,1,0,0,0,0,0
27426,0,0,0,1,0,0,0,0,0
27427,0,0,0,1,0,0,0,0,0
27428,0,0,0,1,0,0,0,0,0
27429,0,0,0,1,0,0,0,0,0
27430,0,0,0,1,0,0,0,0,0
27431,0,0,0,1,0,0,0,0,0
27432,0,0,0,1,0,0,0,0,0
27433,0,0,0,1,0,0,0,0,0
27434,0,0,0,1,0,0,0,0,0
27435,0,0,0,1,0,0,0,0,0
27436,0,0,0,1,0,0,0,0,0
27437,0,0,0,1,0,0,0,0,0
27438,0,0,0,1,0,0,0,0,0
27439,0,0,0,1,0,0,0,0,0
27440,0,0,0,1,0,0,0,0,0
27441,0,0,0,1,0,0,0,0,0
27442,0,0,0,1,0,0,0,0,0
27443,0,0,0,1,0,0,0,0,0
27444,0,0,0,1,0,0,0,0,0
27445,0,0,0,1,0,0,0,0,0
27446,0,0,0,1,0,0,0,0,0
27447,0,0,0,1,0,0,0,0,0
27448,0,0,0,1,0,0,0,0,0
27449,0,0,0,1,0,0,0,0,0
27450,0,0,0,1,0,0,0,0,0
27451,0,0,0,1,0,0,0,0,0
27452,0,0,0,1,0,0,0,0,0
27453,0,0,0,1,0,0,0,0,0
27454,0,0,0,1,0,0,0,0,0
27455,0,0,0,1,0,0,0,0,0
27456,0,0,0,1,0,0,0,0,0
27457,0,0,0,1,0,0,0,0,0
27458,0,0,0,1,0,0,0,0,0
27459,0,0,0,1,0,0,0,0,0
27460,0,0,0,1,0,0,0,0,0
27461,0,0,0,1,0,0,0,0,0
27462,0,0,0,1,0,0,0,0,0
27463,0,0,0,1,0,0,0,0,0
27464,0,0,0,1,0,0,0,0,0
27465,0,0,0,1,0,0,0,0,0
27466,0,0,0,1,0,0,0,0,0
27467,0,0,0,1,0,0,0,0,0
27468,0,0,0,1,0,0,0,0,0
27469,0,0,0,1,0,0,0,0,0
27470,0,0,0,1,0,0,0,0,0
27471,0,0,0,1,0,0,0,0,0
27472,0,0,0,1,0,0,0,0,0
27473,0,0,0,1,0,0,0,0,0
27474,0,0,0,1,0,0,0,0,0
27475,0,0,0,1,0,0,0,0,0
27476,0,0,0,1,0,0,0,0,0
27477,0,0,0,1,0,0,0,0,0
27478,0,0,0,1,0,0,0,0,0
27479,0,0,0,1,0,0,0,0,0
27480,0,0,0,1,0,0,0,0,0
27481,0,0,0,1,0,0,0,0,0
27482,0,0,0,1,0,0,0,0,0
27483,0,0,0,1,0,0,0,0,0
27484,0,0,0,1,0,0,0,0,0
27485,0,0,0,1,0,0,0,0,0
27486,0,0,0,1,0,0,0,0,0
27487,0,0,0,1,0,0,0,0,0
27488,0,0,0,1,0,0,0,0,0
27489,0,0,0,1,0,0,0,0,0
27490,0,0,0,1,0,0,0,0,0
27491,0,0,0,1,0,0,0,0,0
27492,0,0,0,1,0,0,0,0,0
27493,0,0,0,1,0,0,0,0,0
27494,0,0,0,1,0,0,0,0,0
27495,0,0,0,1,0,0,0,0,0
27496,0,0,0,1,0,0,0,0,0
27497,0,0,0,1,0,0,0,0,0
27498,0,0,0,1,0,0,0,0,0
27499,0,0,0,1,0,0,0,0,0
27500,0,0,0,1,0,0,0,0,0
27501,0,0,0,1,0,0,0,0,0
27502,0,0,0,1,0,0,0,0,0
27503,0,0,0,1,0,0,0,0,0
27504,0,0,0,1,0,0,0,0,0
27505,0,0,0,1,0,0,0,0,0
27506,0,0,0,1,0,0,0,0,0
27507,0,0,0,1,0,0,0,0,0
27508,0,0,0,1,0,0,0,0,0
27509,0,0,0,1,0,0,0,0,0
27510,0,0,0,1,0,0,0,0,0
27511,0,0,0,1,0,0,0,0,0
27512,0,0,0,1,0,0,0,0,0
27513,0,0,0,1,0,0,0,0,0
27514,0,0,0,1,0,0,0,0,0
27515,0,0,0,1,0,0,0,0,0
27516,0,0,0,1,0,0,0,0,0
27517,0,0,0,1,0,0,0,0,0
27518,0,0,0,1,0,0,0,0,0
27519,0,0,0,1,0,0,0,0,0
27520,0,0,0,1,0,0,0,0,0
27521,0,0,0,1,0,0,0,0,0
27522,0,0,0,1,0,0,0,0,0
27523,0,0,0,1,0,0,0,0,0
27524,0,0,0,1,0,0,0,0,0
27525,0,0,0,1,0,0,0,0,0
27526,0,0,0,1,0,0,0,0,0
27527,0,0,0,1,0,0,0,0,0
27528,0,0,0,1,0,0,0,0,0
27529,0,0,0,1,0,0,0,0,0
27530,0,0,0,1,0,0,0,0,0
27531,0,0,0,1,0,0,0,0,0
27532,0,0,0,1,0,0,0,0,0
27533,0,0,0,1,0,0,0,0,0
27534,0,0,0,1,0,0,0,0,0
27535,0,0,0,1,0,0,0,0,0
27536,0,0,0,1,0,0,0,0,0
27537,0,0,0,1,0,0,0,0,0
27538,0,0,0,1,0,0,0,0,0
27539,0,0,0,1,0,0,0,0,0
27540,0,0,0,1,0,0,0,0,0
27541,0,0,0,1,0,0,0,0,0
27542,0,0,0,1,0,0,0,0,0
27543,0,0,0,1,0,0,0,0,0
27544,0,0,0,1,0,0,0,0,0
27545,0,0,0,1,0,0,0,0,0
27546,0,0,0,1,0,0,0,0,0
27547,0,0,0,1,0,0,0,0,0
27548,0,0,0,1,0,0,0,0,0
27549,0,0,0,1,0,0,0,0,0
27550,0,0,0,1,0,0,0,0,0
27551,0,0,0,1,0,0,0,0,0
27552,0,0,0,1,0,0,0,0,0
27553,0,0,0,1,0,0,0,0,0
27554,0,0,0,1,0,0,0,0,0
27555,0,0,0,1,0,0,0,0,0
27556,0,0,0,1,0,0,0,0,0
27557,0,0,0,1,0,0,0,0,0
27558,0,0,0,1,0,0,0,0,0
27559,0,0,0,1,0,0,0,0,0
27560,0,0,0,1,0,0,0,0,0
27561,0,0,0,1,0,0,0,0,0
27562,0,0,0,1,0,0,0,0,0
27563,0,0,0,1,0,0,0,0,0
27564,0,0,0,1,0,0,0,0,0
27565,0,0,0,1,0,0,0,0,0
27566,0,0,0,1,0,0,0,0,0
27567,0,0,0,1,0,0,0,0,0
27568,0,0,0,1,0,0,0,0,0
27569,0,0,0,1,0,0,0,0,0
27570,0,0,0,1,0,0,0,0,0
27571,0,0,0,1,0,0,0,0,0
27572,0,0,0,1,0,0,0,0,0
27573,0,0,0,1,0,0,0,0,0
27574,0,0,0,1,0,0,0,0,0
27575,0,0,0,1,0,0,0,0,0
27576,0,0,0,1,0,0,0,0,0
27577,0,0,0,1,0,0,0,0,0
27578,0,0,0,1,0,0,0,0,0
27579,0,0,0,1,0,0,0,0,0
27580,0,0,0,1,0,0,0,0,0
27581,0,0,0,1,0,0,0,0,0
27582,0,0,0,1,0,0,0,0,0
27583,0,0,0,1,0,0,0,0,0
27584,0,0,0,1,0,0,0,0,0
27585,0,0,0,1,0,0,0,0,0
27586,0,0,0,1,0,0,0,0,0
27587,0,0,0,1,0,0,0,0,0
27588,0,0,0,1,0,0,0,0,0
27589,0,0,0,1,0,0,0,0,0
27590,0,0,0,1,0,0,0,0,0
27591,0,0,0,1,0,0,0,0,0
27592,0,0,0,1,0,0,0,0,0
27593,0,0,0,1,0,0,0,0,0
27594,0,0,0,1,0,0,0,0,0
27595,0,0,0,1,0,0,0,0,0
27596,0,0,0,1,0,0,0,0,0
27597,0,0,0,1,0,0,0,0,0
27598,0,0,0,1,0,0,0,0,0
27599,0,0,0,1,0,0,0,0,0
27600,0,0,0,1,0,0,0,0,0
27601,0,0,0,1,0,0,0,0,0
27602,0,0,0,1,0,0,0,0,0
27603,0,0,0,1,0,0,0,0,0
27604,0,0,0,1,0,0,0,0,0
27605,0,0,0,1,0,0,0,0,0
27606,0,0,0,1,0,0,0,0,0
27607,0,0,0,1,0,0,0,0,0
27608,0,0,0,1,0,0,0,0,0
27609,0,0,0,1,0,0,0,0,0
27610,0,0,0,1,0,0,0,0,0
27611,0,0,0,1,0,0,0,0,0
27612,0,0,0,1,0,0,0,0,0
27613,0,0,0,1,0,0,0,0,0
27614,0,0,0,1,0,0,0,0,0
27615,0,0,0,1,0,0,0,0,0
27616,0,0,0,1,0,0,0,0,0
27617,0,0,0,1,0,0,0,0,0
27618,0,0,0,1,0,0,0,0,0
27619,0,0,0,1,0,0,0,0,0
27620,0,0,0,1,0,0,0,0,0
27621,0,0,0,1,0,0,0,0,0
27622,0,0,0,1,0,0,0,0,0
27623,0,0,0,1,0,0,0,0,0
27624,0,0,0,1,0,0,0,0,0
27625,0,0,0,1,0,0,0,0,0
27626,0,0,0,1,0,0,0,0,0
27627,0,0,0,1,0,0,0,0,0
27628,0,0,0,1,0,0,0,0,0
27629,0,0,0,1,0,0,0,0,0
27630,0,0,0,1,0,0,0,0,0
27631,0,0,0,1,0,0,0,0,0
27632,0,0,0,1,0,0,0,0,0
27633,0,0,0,1,0,0,0,0,0
27634,0,0,0,1,0,0,0,0,0
27635,0,0,0,1,0,0,0,0,0
27636,0,0,0,1,0,0,0,0,0
27637,0,0,0,1,0,0,0,0,0
27638,0,0,0,1,0,0,0,0,0
27639,0,0,0,1,0,0,0,0,0
27640,0,0,0,1,0,0,0,0,0
27641,0,0,0,1,0,0,0,0,0
27642,0,0,0,1,0,0,0,0,0
27643,0,0,0,1,0,0,0,0,0
27644,0,0,0,1,0,0,0,0,0
27645,0,0,0,1,0,0,0,0,0
27646,0,0,0,1,0,0,0,0,0
27647,0,0,0,1,0,0,0,0,0
27648,0,0,0,1,0,0,0,0,0
27649,0,0,0,1,0,0,0,0,0
27650,0,0,0,1,0,0,0,0,0
27651,0,0,0,1,0,0,0,0,0
27652,0,0,0,1,0,0,0,0,0
27653,0,0,0,1,0,0,0,0,0
27654,0,0,0,1,0,0,0,0,0
27655,0,0,0,1,0,0,0,0,0
27656,0,0,0,1,0,0,0,0,0
27657,0,0,0,1,0,0,0,0,0
27658,0,0,0,1,0,0,0,0,0
27659,0,0,0,1,0,0,0,0,0
27660,0,0,0,1,0,0,0,0,0
27661,0,0,0,1,0,0,0,0,0
27662,0,0,0,1,0,0,0,0,0
27663,0,0,0,1,0,0,0,0,0
27664,0,0,0,1,0,0,0,0,0
27665,0,0,0,1,0,0,0,0,0
27666,0,0,0,1,0,0,0,0,0
27667,0,0,0,1,0,0,0,0,0
27668,0,0,0,1,0,0,0,0,0
27669,0,0,0,1,0,0,0,0,0
27670,0,0,0,1,0,0,0,0,0
27671,0,0,0,1,0,0,0,0,0
27672,0,0,0,1,0,0,0,0,0
27673,0,0,0,1,0,0,0,0,0
27674,0,0,0,1,0,0,0,0,0
27675,0,0,0,1,0,0,0,0,0
27676,0,0,0,1,0,0,0,0,0
27677,0,0,0,1,0,0,0,0,0
27678,0,0,0,1,0,0,0,0,0
27679,0,0,0,1,0,0,0,0,0
27680,0,0,0,1,0,0,0,0,0
27681,0,0,0,1,0,0,0,0,0
27682,0,0,0,1,0,0,0,0,0
27683,0,0,0,1,0,0,0,0,0
27684,0,0,0,1,0,0,0,0,0
27685,0,0,0,1,0,0,0,0,0
27686,0,0,0,1,0,0,0,0,0
27687,0,0,0,1,0,0,0,0,0
27688,0,0,0,1,0,0,0,0,0
27689,0,0,0,1,0,0,0,0,0
27690,0,0,0,1,0,0,0,0,0
27691,0,0,0,1,0,0,0,0,0
27692,0,0,0,1,0,0,0,0,0
27693,0,0,0,1,0,0,0,0,0
27694,0,0,0,1,0,0,0,0,0
27695,0,0,0,1,0,0,0,0,0
27696,0,0,0,1,0,0,0,0,0
27697,0,0,0,1,0,0,0,0,0
27698,0,0,0,1,0,0,0,0,0
27699,0,0,0,1,0,0,0,0,0
27700,0,0,0,1,0,0,0,0,0
27701,0,0,0,1,0,0,0,0,0
27702,0,0,0,1,0,0,0,0,0
27703,0,0,0,1,0,0,0,0,0
27704,0,0,0,1,0,0,0,0,0
27705,0,0,0,1,0,0,0,0,0
27706,0,0,0,1,0,0,0,0,0
27707,0,0,0,1,0,0,0,0,0
27708,0,0,0,1,0,0,0,0,0
27709,0,0,0,1,0,0,0,0,0
27710,0,0,0,1,0,0,0,0,0
27711,0,0,0,1,0,0,0,0,0
27712,0,0,0,1,0,0,0,0,0
27713,0,0,0,1,0,0,0,0,0
27714,0,0,0,1,0,0,0,0,0
27715,0,0,0,1,0,0,0,0,0
27716,0,0,0,1,0,0,0,0,0
27717,0,0,0,1,0,0,0,0,0
27718,0,0,0,1,0,0,0,0,0
27719,0,0,0,1,0,0,0,0,0
27720,0,0,0,1,0,0,0,0,0
27721,0,0,0,1,0,0,0,0,0
27722,0,0,0,1,0,0,0,0,0
27723,0,0,0,1,0,0,0,0,0
27724,0,0,0,1,0,0,0,0,0
27725,0,0,0,1,0,0,0,0,0
27726,0,0,0,1,0,0,0,0,0
27727,0,0,0,1,0,0,0,0,0
27728,0,0,0,1,0,0,0,0,0
27729,0,0,0,1,0,0,0,0,0
27730,0,0,0,1,0,0,0,0,0
27731,0,0,0,1,0,0,0,0,0
27732,0,0,0,1,0,0,0,0,0
27733,0,0,0,1,0,0,0,0,0
27734,0,0,0,1,0,0,0,0,0
27735,0,0,0,1,0,0,0,0,0
27736,0,0,0,1,0,0,0,0,0
27737,0,0,0,1,0,0,0,0,0
27738,0,0,0,1,0,0,0,0,0
27739,0,0,0,1,0,0,0,0,0
27740,0,0,0,1,0,0,0,0,0
27741,0,0,0,1,0,0,0,0,0
27742,0,0,0,1,0,0,0,0,0
27743,0,0,0,1,0,0,0,0,0
27744,0,0,0,1,0,0,0,0,0
27745,0,0,0,1,0,0,0,0,0
27746,0,0,0,1,0,0,0,0,0
27747,0,0,0,1,0,0,0,0,0
27748,0,0,0,1,0,0,0,0,0
27749,0,0,0,1,0,0,0,0,0
27750,0,0,0,1,0,0,0,0,0
27751,0,0,0,1,0,0,0,0,0
27752,0,0,0,1,0,0,0,0,0
27753,0,0,0,1,0,0,0,0,0
27754,0,0,0,1,0,0,0,0,0
27755,0,0,0,1,0,0,0,0,0
27756,0,0,0,1,0,0,0,0,0
27757,0,0,0,1,0,0,0,0,0
27758,0,0,0,1,0,0,0,0,0
27759,0,0,0,1,0,0,0,0,0
27760,0,0,0,1,0,0,0,0,0
27761,0,0,0,1,0,0,0,0,0
27762,0,0,0,1,0,0,0,0,0
27763,0,0,0,1,0,0,0,0,0
27764,0,0,0,1,0,0,0,0,0
27765,0,0,0,1,0,0,0,0,0
27766,0,0,0,1,0,0,0,0,0
27767,0,0,0,1,0,0,0,0,0
27768,0,0,0,1,0,0,0,0,0
27769,0,0,0,1,0,0,0,0,0
27770,0,0,0,1,0,0,0,0,0
27771,0,0,0,1,0,0,0,0,0
27772,0,0,0,1,0,0,0,0,0
27773,0,0,0,1,0,0,0,0,0
27774,0,0,0,1,0,0,0,0,0
27775,0,0,0,1,0,0,0,0,0
27776,0,0,0,1,0,0,0,0,0
27777,0,0,0,1,0,0,0,0,0
27778,0,0,0,1,0,0,0,0,0
27779,0,0,0,1,0,0,0,0,0
27780,0,0,0,1,0,0,0,0,0
27781,0,0,0,1,0,0,0,0,0
27782,0,0,0,1,0,0,0,0,0
27783,0,0,0,1,0,0,0,0,0
27784,0,0,0,1,0,0,0,0,0
27785,0,0,0,1,0,0,0,0,0
27786,0,0,0,1,0,0,0,0,0
27787,0,0,0,1,0,0,0,0,0
27788,0,0,0,1,0,0,0,0,0
27789,0,0,0,1,0,0,0,0,0
27790,0,0,0,1,0,0,0,0,0
27791,0,0,0,1,0,0,0,0,0
27792,0,0,0,1,0,0,0,0,0
27793,0,0,0,1,0,0,0,0,0
27794,0,0,0,1,0,0,0,0,0
27795,0,0,0,1,0,0,0,0,0
27796,0,0,0,1,0,0,0,0,0
27797,0,0,0,1,0,0,0,0,0
27798,0,0,0,1,0,0,0,0,0
27799,0,0,0,1,0,0,0,0,0
27800,0,0,0,1,0,0,0,0,0
27801,0,0,0,1,0,0,0,0,0
27802,0,0,0,1,0,0,0,0,0
27803,0,0,0,1,0,0,0,0,0
27804,0,0,0,1,0,0,0,0,0
27805,0,0,0,1,0,0,0,0,0
27806,0,0,0,1,0,0,0,0,0
27807,0,0,0,1,0,0,0,0,0
27808,0,0,0,1,0,0,0,0,0
27809,0,0,0,1,0,0,0,0,0
27810,0,0,0,1,0,0,0,0,0
27811,0,0,0,1,0,0,0,0,0
27812,0,0,0,1,0,0,0,0,0
27813,0,0,0,1,0,0,0,0,0
27814,0,0,0,1,0,0,0,0,0
27815,0,0,0,1,0,0,0,0,0
27816,0,0,0,1,0,0,0,0,0
27817,0,0,0,1,0,0,0,0,0
27818,0,0,0,1,0,0,0,0,0
27819,0,0,0,1,0,0,0,0,0
27820,0,0,0,1,0,0,0,0,0
27821,0,0,0,1,0,0,0,0,0
27822,0,0,0,1,0,0,0,0,0
27823,0,0,0,1,0,0,0,0,0
27824,0,0,0,1,0,0,0,0,0
27825,0,0,0,1,0,0,0,0,0
27826,0,0,0,1,0,0,0,0,0
27827,0,0,0,1,0,0,0,0,0
27828,0,0,0,1,0,0,0,0,0
27829,0,0,0,1,0,0,0,0,0
27830,0,0,0,1,0,0,0,0,0
27831,0,0,0,1,0,0,0,0,0
27832,0,0,0,1,0,0,0,0,0
27833,0,0,0,1,0,0,0,0,0
27834,0,0,0,1,0,0,0,0,0
27835,0,0,0,1,0,0,0,0,0
27836,0,0,0,1,0,0,0,0,0
27837,0,0,0,1,0,0,0,0,0
27838,0,0,0,1,0,0,0,0,0
27839,0,0,0,1,0,0,0,0,0
27840,0,0,0,1,0,0,0,0,0
27841,0,0,0,1,0,0,0,0,0
27842,0,0,0,1,0,0,0,0,0
27843,0,0,0,1,0,0,0,0,0
27844,0,0,0,1,0,0,0,0,0
27845,0,0,0,1,0,0,0,0,0
27846,0,0,0,1,0,0,0,0,0
27847,0,0,0,1,0,0,0,0,0
27848,0,0,0,1,0,0,0,0,0
27849,0,0,0,1,0,0,0,0,0
27850,0,0,0,1,0,0,0,0,0
27851,0,0,0,1,0,0,0,0,0
27852,0,0,0,1,0,0,0,0,0
27853,0,0,0,1,0,0,0,0,0
27854,0,0,0,1,0,0,0,0,0
27855,0,0,0,1,0,0,0,0,0
27856,0,0,0,1,0,0,0,0,0
27857,0,0,0,1,0,0,0,0,0
27858,0,0,0,1,0,0,0,0,0
27859,0,0,0,1,0,0,0,0,0
27860,0,0,0,1,0,0,0,0,0
27861,0,0,0,1,0,0,0,0,0
27862,0,0,0,1,0,0,0,0,0
27863,0,0,0,1,0,0,0,0,0
27864,0,0,0,1,0,0,0,0,0
27865,0,0,0,1,0,0,0,0,0
27866,0,0,0,1,0,0,0,0,0
27867,0,0,0,1,0,0,0,0,0
27868,0,0,0,1,0,0,0,0,0
27869,0,0,0,1,0,0,0,0,0
27870,0,0,0,1,0,0,0,0,0
27871,0,0,0,1,0,0,0,0,0
27872,0,0,0,1,0,0,0,0,0
27873,0,0,0,1,0,0,0,0,0
27874,0,0,0,1,0,0,0,0,0
27875,0,0,0,1,0,0,0,0,0
27876,0,0,0,1,0,0,0,0,0
27877,0,0,0,1,0,0,0,0,0
27878,0,0,0,1,0,0,0,0,0
27879,0,0,0,1,0,0,0,0,0
27880,0,0,0,1,0,0,0,0,0
27881,0,0,0,1,0,0,0,0,0
27882,0,0,0,1,0,0,0,0,0
27883,0,0,0,1,0,0,0,0,0
27884,0,0,0,1,0,0,0,0,0
27885,0,0,0,1,0,0,0,0,0
27886,0,0,0,1,0,0,0,0,0
27887,0,0,0,1,0,0,0,0,0
27888,0,0,0,1,0,0,0,0,0
27889,0,0,0,1,0,0,0,0,0
27890,0,0,0,1,0,0,0,0,0
27891,0,0,0,1,0,0,0,0,0
27892,0,0,0,1,0,0,0,0,0
27893,0,0,0,1,0,0,0,0,0
27894,0,0,0,1,0,0,0,0,0
27895,0,0,0,1,0,0,0,0,0
27896,0,0,0,1,0,0,0,0,0
27897,0,0,0,1,0,0,0,0,0
27898,0,0,0,1,0,0,0,0,0
27899,0,0,0,1,0,0,0,0,0
27900,0,0,0,1,0,0,0,0,0
27901,0,0,0,1,0,0,0,0,0
27902,0,0,0,1,0,0,0,0,0
27903,0,0,0,1,0,0,0,0,0
27904,0,0,0,1,0,0,0,0,0
27905,0,0,0,1,0,0,0,0,0
27906,0,0,0,1,0,0,0,0,0
27907,0,0,0,1,0,0,0,0,0
27908,0,0,0,1,0,0,0,0,0
27909,0,0,0,1,0,0,0,0,0
27910,0,0,0,1,0,0,0,0,0
27911,0,0,0,1,0,0,0,0,0
27912,0,0,0,1,0,0,0,0,0
27913,0,0,0,1,0,0,0,0,0
27914,0,0,0,1,0,0,0,0,0
27915,0,0,0,1,0,0,0,0,0
27916,0,0,0,1,0,0,0,0,0
27917,0,0,0,1,0,0,0,0,0
27918,0,0,0,1,0,0,0,0,0
27919,0,0,0,1,0,0,0,0,0
27920,0,0,0,1,0,0,0,0,0
27921,0,0,0,1,0,0,0,0,0
27922,0,0,0,1,0,0,0,0,0
27923,0,0,0,1,0,0,0,0,0
27924,0,0,0,1,0,0,0,0,0
27925,0,0,0,1,0,0,0,0,0
27926,0,0,0,1,0,0,0,0,0
27927,0,0,0,1,0,0,0,0,0
27928,0,0,0,1,0,0,0,0,0
27929,0,0,0,1,0,0,0,0,0
27930,0,0,0,1,0,0,0,0,0
27931,0,0,0,1,0,0,0,0,0
27932,0,0,0,1,0,0,0,0,0
27933,0,0,0,1,0,0,0,0,0
27934,0,0,0,1,0,0,0,0,0
27935,0,0,0,1,0,0,0,0,0
27936,0,0,0,1,0,0,0,0,0
27937,0,0,0,1,0,0,0,0,0
27938,0,0,0,1,0,0,0,0,0
27939,0,0,0,1,0,0,0,0,0
27940,0,0,0,1,0,0,0,0,0
27941,0,0,0,1,0,0,0,0,0
27942,0,0,0,1,0,0,0,0,0
27943,0,0,0,1,0,0,0,0,0
27944,0,0,0,1,0,0,0,0,0
27945,0,0,0,1,0,0,0,0,0
27946,0,0,0,1,0,0,0,0,0
27947,0,0,0,1,0,0,0,0,0
27948,0,0,0,1,0,0,0,0,0
27949,0,0,0,1,0,0,0,0,0
27950,0,0,0,1,0,0,0,0,0
27951,0,0,0,1,0,0,0,0,0
27952,0,0,0,1,0,0,0,0,0
27953,0,0,0,1,0,0,0,0,0
27954,0,0,0,1,0,0,0,0,0
27955,0,0,0,1,0,0,0,0,0
27956,0,0,0,1,0,0,0,0,0
27957,0,0,0,1,0,0,0,0,0
27958,0,0,0,1,0,0,0,0,0
27959,0,0,0,1,0,0,0,0,0
27960,0,0,0,1,0,0,0,0,0
27961,0,0,0,1,0,0,0,0,0
27962,0,0,0,1,0,0,0,0,0
27963,0,0,0,1,0,0,0,0,0
27964,0,0,0,1,0,0,0,0,0
27965,0,0,0,1,0,0,0,0,0
27966,0,0,0,1,0,0,0,0,0
27967,0,0,0,1,0,0,0,0,0
27968,0,0,0,1,0,0,0,0,0
27969,0,0,0,1,0,0,0,0,0
27970,0,0,0,1,0,0,0,0,0
27971,0,0,0,1,0,0,0,0,0
27972,0,0,0,1,0,0,0,0,0
27973,0,0,0,1,0,0,0,0,0
27974,0,0,0,1,0,0,0,0,0
27975,0,0,0,1,0,0,0,0,0
27976,0,0,0,1,0,0,0,0,0
27977,0,0,0,1,0,0,0,0,0
27978,0,0,0,1,0,0,0,0,0
27979,0,0,0,1,0,0,0,0,0
27980,0,0,0,1,0,0,0,0,0
27981,0,0,0,1,0,0,0,0,0
27982,0,0,0,1,0,0,0,0,0
27983,0,0,0,1,0,0,0,0,0
27984,0,0,0,1,0,0,0,0,0
27985,0,0,0,1,0,0,0,0,0
27986,0,0,0,1,0,0,0,0,0
27987,0,0,0,1,0,0,0,0,0
27988,0,0,0,1,0,0,0,0,0
27989,0,0,0,1,0,0,0,0,0
27990,0,0,0,1,0,0,0,0,0
27991,0,0,0,1,0,0,0,0,0
27992,0,0,0,1,0,0,0,0,0
27993,0,0,0,1,0,0,0,0,0
27994,0,0,0,1,0,0,0,0,0
27995,0,0,0,1,0,0,0,0,0
27996,0,0,0,1,0,0,0,0,0
27997,0,0,0,1,0,0,0,0,0
27998,0,0,0,1,0,0,0,0,0
27999,0,0,0,1,0,0,0,0,0
28000,0,0,0,1,0,0,0,0,0
28001,0,0,0,1,0,0,0,0,0
28002,0,0,0,1,0,0,0,0,0
28003,0,0,0,1,0,0,0,0,0
28004,0,0,0,1,0,0,0,0,0
28005,0,0,0,1,0,0,0,0,0
28006,0,0,0,1,0,0,0,0,0
28007,0,0,0,1,0,0,0,0,0
28008,0,0,0,1,0,0,0,0,0
28009,0,0,0,1,0,0,0,0,0
28010,0,0,0,1,0,0,0,0,0
28011,0,0,0,1,0,0,0,0,0
28012,0,0,0,1,0,0,0,0,0
28013,0,0,0,1,0,0,0,0,0
28014,0,0,0,1,0,0,0,0,0
28015,0,0,0,1,0,0,0,0,0
28016,0,0,0,1,0,0,0,0,0
28017,0,0,0,1,0,0,0,0,0
28018,0,0,0,1,0,0,0,0,0
28019,0,0,0,1,0,0,0,0,0
28020,0,0,0,1,0,0,0,0,0
28021,0,0,0,1,0,0,0,0,0
28022,0,0,0,1,0,0,0,0,0
28023,0,0,0,1,0,0,0,0,0
28024,0,0,0,1,0,0,0,0,0
28025,0,0,0,1,0,0,0,0,0
28026,0,0,0,1,0,0,0,0,0
28027,0,0,0,1,0,0,0,0,0
28028,0,0,0,1,0,0,0,0,0
28029,0,0,0,1,0,0,0,0,0
28030,0,0,0,1,0,0,0,0,0
28031,0,0,0,1,0,0,0,0,0
28032,0,0,0,1,0,0,0,0,0
28033,0,0,0,1,0,0,0,0,0
28034,0,0,0,1,0,0,0,0,0
28035,0,0,0,1,0,0,0,0,0
28036,0,0,0,1,0,0,0,0,0
28037,0,0,0,1,0,0,0,0,0
28038,0,0,0,1,0,0,0,0,0
28039,0,0,0,1,0,0,0,0,0
28040,0,0,0,1,0,0,0,0,0
28041,0,0,0,1,0,0,0,0,0
28042,0,0,0,1,0,0,0,0,0
28043,0,0,0,1,0,0,0,0,0
28044,0,0,0,1,0,0,0,0,0
28045,0,0,0,1,0,0,0,0,0
28046,0,0,0,1,0,0,0,0,0
28047,0,0,0,1,0,0,0,0,0
28048,0,0,0,1,0,0,0,0,0
28049,0,0,0,1,0,0,0,0,0
28050,0,0,0,1,0,0,0,0,0
28051,0,0,0,1,0,0,0,0,0
28052,0,0,0,1,0,0,0,0,0
28053,0,0,0,1,0,0,0,0,0
28054,0,0,0,1,0,0,0,0,0
28055,0,0,0,1,0,0,0,0,0
28056,0,0,0,1,0,0,0,0,0
28057,0,0,0,1,0,0,0,0,0
28058,0,0,0,1,0,0,0,0,0
28059,0,0,0,1,0,0,0,0,0
28060,0,0,0,1,0,0,0,0,0
28061,0,0,0,1,0,0,0,0,0
28062,0,0,0,1,0,0,0,0,0
28063,0,0,0,1,0,0,0,0,0
28064,0,0,0,1,0,0,0,0,0
28065,0,0,0,1,0,0,0,0,0
28066,0,0,0,1,0,0,0,0,0
28067,0,0,0,1,0,0,0,0,0
28068,0,0,0,1,0,0,0,0,0
28069,0,0,0,1,0,0,0,0,0
28070,0,0,0,1,0,0,0,0,0
28071,0,0,0,1,0,0,0,0,0
28072,0,0,0,1,0,0,0,0,0
28073,0,0,0,1,0,0,0,0,0
28074,0,0,0,1,0,0,0,0,0
28075,0,0,0,1,0,0,0,0,0
28076,0,0,0,1,0,0,0,0,0
28077,0,0,0,1,0,0,0,0,0
28078,0,0,0,1,0,0,0,0,0
28079,0,0,0,1,0,0,0,0,0
28080,0,0,0,1,0,0,0,0,0
28081,0,0,0,1,0,0,0,0,0
28082,0,0,0,1,0,0,0,0,0
28083,0,0,0,1,0,0,0,0,0
28084,0,0,0,1,0,0,0,0,0
28085,0,0,0,1,0,0,0,0,0
28086,0,0,0,1,0,0,0,0,0
28087,0,0,0,1,0,0,0,0,0
28088,0,0,0,1,0,0,0,0,0
28089,0,0,0,1,0,0,0,0,0
28090,0,0,0,1,0,0,0,0,0
28091,0,0,0,1,0,0,0,0,0
28092,0,0,0,1,0,0,0,0,0
28093,0,0,0,1,0,0,0,0,0
28094,0,0,0,1,0,0,0,0,0
28095,0,0,0,1,0,0,0,0,0
28096,0,0,0,1,0,0,0,0,0
28097,0,0,0,1,0,0,0,0,0
28098,0,0,0,1,0,0,0,0,0
28099,0,0,0,1,0,0,0,0,0
28100,0,0,0,1,0,0,0,0,0
28101,0,0,0,1,0,0,0,0,0
28102,0,0,0,1,0,0,0,0,0
28103,0,0,0,1,0,0,0,0,0
28104,0,0,0,1,0,0,0,0,0
28105,0,0,0,1,0,0,0,0,0
28106,0,0,0,1,0,0,0,0,0
28107,0,0,0,1,0,0,0,0,0
28108,0,0,0,1,0,0,0,0,0
28109,0,0,0,1,0,0,0,0,0
28110,0,0,0,1,0,0,0,0,0
28111,0,0,0,1,0,0,0,0,0
28112,0,0,0,1,0,0,0,0,0
28113,0,0,0,1,0,0,0,0,0
28114,0,0,0,1,0,0,0,0,0
28115,0,0,0,1,0,0,0,0,0
28116,0,0,0,1,0,0,0,0,0
28117,0,0,0,1,0,0,0,0,0
28118,0,0,0,1,0,0,0,0,0
28119,0,0,0,1,0,0,0,0,0
28120,0,0,0,1,0,0,0,0,0
28121,0,0,0,1,0,0,0,0,0
28122,0,0,0,1,0,0,0,0,0
28123,0,0,0,1,0,0,0,0,0
28124,0,0,0,1,0,0,0,0,0
28125,0,0,0,1,0,0,0,0,0
28126,0,0,0,1,0,0,0,0,0
28127,0,0,0,1,0,0,0,0,0
28128,0,0,0,1,0,0,0,0,0
28129,0,0,0,1,0,0,0,0,0
28130,0,0,0,1,0,0,0,0,0
28131,0,0,0,1,0,0,0,0,0
28132,0,0,0,1,0,0,0,0,0
28133,0,0,0,1,0,0,0,0,0
28134,0,0,0,1,0,0,0,0,0
28135,0,0,0,1,0,0,0,0,0
28136,0,0,0,1,0,0,0,0,0
28137,0,0,0,1,0,0,0,0,0
28138,0,0,0,1,0,0,0,0,0
28139,0,0,0,1,0,0,0,0,0
28140,0,0,0,1,0,0,0,0,0
28141,0,0,0,1,0,0,0,0,0
28142,0,0,0,1,0,0,0,0,0
28143,0,0,0,1,0,0,0,0,0
28144,0,0,0,1,0,0,0,0,0
28145,0,0,0,1,0,0,0,0,0
28146,0,0,0,1,0,0,0,0,0
28147,0,0,0,1,0,0,0,0,0
28148,0,0,0,1,0,0,0,0,0
28149,0,0,0,1,0,0,0,0,0
28150,0,0,0,1,0,0,0,0,0
28151,0,0,0,1,0,0,0,0,0
28152,0,0,0,1,0,0,0,0,0
28153,0,0,0,1,0,0,0,0,0
28154,0,0,0,1,0,0,0,0,0
28155,0,0,0,1,0,0,0,0,0
28156,0,0,0,1,0,0,0,0,0
28157,0,0,0,1,0,0,0,0,0
28158,0,0,0,1,0,0,0,0,0
28159,0,0,0,1,0,0,0,0,0
28160,0,0,0,1,0,0,0,0,0
28161,0,0,0,1,0,0,0,0,0
28162,0,0,0,1,0,0,0,0,0
28163,0,0,0,1,0,0,0,0,0
28164,0,0,0,1,0,0,0,0,0
28165,0,0,0,1,0,0,0,0,0
28166,0,0,0,1,0,0,0,0,0
28167,0,0,0,1,0,0,0,0,0
28168,0,0,0,1,0,0,0,0,0
28169,0,0,0,1,0,0,0,0,0
28170,0,0,0,1,0,0,0,0,0
28171,0,0,0,1,0,0,0,0,0
28172,0,0,0,1,0,0,0,0,0
28173,0,0,0,1,0,0,0,0,0
28174,0,0,0,1,0,0,0,0,0
28175,0,0,0,1,0,0,0,0,0
28176,0,0,0,1,0,0,0,0,0
28177,0,0,0,1,0,0,0,0,0
28178,0,0,0,1,0,0,0,0,0
28179,0,0,0,1,0,0,0,0,0
28180,0,0,0,1,0,0,0,0,0
28181,0,0,0,1,0,0,0,0,0
28182,0,0,0,1,0,0,0,0,0
28183,0,0,0,1,0,0,0,0,0
28184,0,0,0,1,0,0,0,0,0
28185,0,0,0,1,0,0,0,0,0
28186,0,0,0,1,0,0,0,0,0
28187,0,0,0,1,0,0,0,0,0
28188,0,0,0,1,0,0,0,0,0
28189,0,0,0,1,0,0,0,0,0
28190,0,0,0,1,0,0,0,0,0
28191,0,0,0,1,0,0,0,0,0
28192,0,0,0,1,0,0,0,0,0
28193,0,0,0,1,0,0,0,0,0
28194,0,0,0,1,0,0,0,0,0
28195,0,0,0,1,0,0,0,0,0
28196,0,0,0,1,0,0,0,0,0
28197,0,0,0,1,0,0,0,0,0
28198,0,0,0,1,0,0,0,0,0
28199,0,0,0,1,0,0,0,0,0
28200,0,0,0,1,0,0,0,0,0
28201,0,0,0,1,0,0,0,0,0
28202,0,0,0,1,0,0,0,0,0
28203,0,0,0,1,0,0,0,0,0
28204,0,0,0,1,0,0,0,0,0
28205,0,0,0,1,0,0,0,0,0
28206,0,0,0,1,0,0,0,0,0
28207,0,0,0,1,0,0,0,0,0
28208,0,0,0,1,0,0,0,0,0
28209,0,0,0,1,0,0,0,0,0
28210,0,0,0,1,0,0,0,0,0
28211,0,0,0,1,0,0,0,0,0
28212,0,0,0,1,0,0,0,0,0
28213,0,0,0,1,0,0,0,0,0
28214,0,0,0,1,0,0,0,0,0
28215,0,0,0,1,0,0,0,0,0
28216,0,0,0,1,0,0,0,0,0
28217,0,0,0,1,0,0,0,0,0
28218,0,0,0,1,0,0,0,0,0
28219,0,0,0,1,0,0,0,0,0
28220,0,0,0,1,0,0,0,0,0
28221,0,0,0,1,0,0,0,0,0
28222,0,0,0,1,0,0,0,0,0
28223,0,0,0,1,0,0,0,0,0
28224,0,0,0,1,0,0,0,0,0
28225,0,0,0,1,0,0,0,0,0
28226,0,0,0,1,0,0,0,0,0
28227,0,0,0,1,0,0,0,0,0
28228,0,0,0,1,0,0,0,0,0
28229,0,0,0,1,0,0,0,0,0
28230,0,0,0,1,0,0,0,0,0
28231,0,0,0,1,0,0,0,0,0
28232,0,0,0,1,0,0,0,0,0
28233,0,0,0,1,0,0,0,0,0
28234,0,0,0,1,0,0,0,0,0
28235,0,0,0,1,0,0,0,0,0
28236,0,0,0,1,0,0,0,0,0
28237,0,0,0,1,0,0,0,0,0
28238,0,0,0,1,0,0,0,0,0
28239,0,0,0,1,0,0,0,0,0
28240,0,0,0,1,0,0,0,0,0
28241,0,0,0,1,0,0,0,0,0
28242,0,0,0,1,0,0,0,0,0
28243,0,0,0,1,0,0,0,0,0
28244,0,0,0,1,0,0,0,0,0
28245,0,0,0,1,0,0,0,0,0
28246,0,0,0,1,0,0,0,0,0
28247,0,0,0,1,0,0,0,0,0
28248,0,0,0,1,0,0,0,0,0
28249,0,0,0,1,0,0,0,0,0
28250,0,0,0,1,0,0,0,0,0
28251,0,0,0,1,0,0,0,0,0
28252,0,0,0,1,0,0,0,0,0
28253,0,0,0,1,0,0,0,0,0
28254,0,0,0,1,0,0,0,0,0
28255,0,0,0,1,0,0,0,0,0
28256,0,0,0,1,0,0,0,0,0
28257,0,0,0,1,0,0,0,0,0
28258,0,0,0,1,0,0,0,0,0
28259,0,0,0,1,0,0,0,0,0
28260,0,0,0,1,0,0,0,0,0
28261,0,0,0,1,0,0,0,0,0
28262,0,0,0,1,0,0,0,0,0
28263,0,0,0,1,0,0,0,0,0
28264,0,0,0,1,0,0,0,0,0
28265,0,0,0,1,0,0,0,0,0
28266,0,0,0,1,0,0,0,0,0
28267,0,0,0,1,0,0,0,0,0
28268,0,0,0,1,0,0,0,0,0
28269,0,0,0,1,0,0,0,0,0
28270,0,0,0,1,0,0,0,0,0
28271,0,0,0,1,0,0,0,0,0
28272,0,0,0,1,0,0,0,0,0
28273,0,0,0,1,0,0,0,0,0
28274,0,0,0,1,0,0,0,0,0
28275,0,0,0,1,0,0,0,0,0
28276,0,0,0,1,0,0,0,0,0
28277,0,0,0,1,0,0,0,0,0
28278,0,0,0,1,0,0,0,0,0
28279,0,0,0,1,0,0,0,0,0
28280,0,0,0,1,0,0,0,0,0
28281,0,0,0,1,0,0,0,0,0
28282,0,0,0,1,0,0,0,0,0
28283,0,0,0,1,0,0,0,0,0
28284,0,0,0,1,0,0,0,0,0
28285,0,0,0,1,0,0,0,0,0
28286,0,0,0,1,0,0,0,0,0
28287,0,0,0,1,0,0,0,0,0
28288,0,0,0,1,0,0,0,0,0
28289,0,0,0,1,0,0,0,0,0
28290,0,0,0,1,0,0,0,0,0
28291,0,0,0,1,0,0,0,0,0
28292,0,0,0,1,0,0,0,0,0
28293,0,0,0,1,0,0,0,0,0
28294,0,0,0,1,0,0,0,0,0
28295,0,0,0,1,0,0,0,0,0
28296,0,0,0,1,0,0,0,0,0
28297,0,0,0,1,0,0,0,0,0
28298,0,0,0,1,0,0,0,0,0
28299,0,0,0,1,0,0,0,0,0
28300,0,0,0,1,0,0,0,0,0
28301,0,0,0,1,0,0,0,0,0
28302,0,0,0,1,0,0,0,0,0
28303,0,0,0,1,0,0,0,0,0
28304,0,0,0,1,0,0,0,0,0
28305,0,0,0,1,0,0,0,0,0
28306,0,0,0,1,0,0,0,0,0
28307,0,0,0,1,0,0,0,0,0
28308,0,0,0,1,0,0,0,0,0
28309,0,0,0,1,0,0,0,0,0
28310,0,0,0,1,0,0,0,0,0
28311,0,0,0,1,0,0,0,0,0
28312,0,0,0,1,0,0,0,0,0
28313,0,0,0,1,0,0,0,0,0
28314,0,0,0,1,0,0,0,0,0
28315,0,0,0,1,0,0,0,0,0
28316,0,0,0,1,0,0,0,0,0
28317,0,0,0,1,0,0,0,0,0
28318,0,0,0,1,0,0,0,0,0
28319,0,0,0,1,0,0,0,0,0
28320,0,0,0,1,0,0,0,0,0
28321,0,0,0,1,0,0,0,0,0
28322,0,0,0,1,0,0,0,0,0
28323,0,0,0,1,0,0,0,0,0
28324,0,0,0,1,0,0,0,0,0
28325,0,0,0,1,0,0,0,0,0
28326,0,0,0,1,0,0,0,0,0
28327,0,0,0,1,0,0,0,0,0
28328,0,0,0,1,0,0,0,0,0
28329,0,0,0,1,0,0,0,0,0
28330,0,0,0,1,0,0,0,0,0
28331,0,0,0,1,0,0,0,0,0
28332,0,0,0,1,0,0,0,0,0
28333,0,0,0,1,0,0,0,0,0
28334,0,0,0,1,0,0,0,0,0
28335,0,0,0,1,0,0,0,0,0
28336,0,0,0,1,0,0,0,0,0
28337,0,0,0,1,0,0,0,0,0
28338,0,0,0,1,0,0,0,0,0
28339,0,0,0,1,0,0,0,0,0
28340,0,0,0,1,0,0,0,0,0
28341,0,0,0,1,0,0,0,0,0
28342,0,0,0,1,0,0,0,0,0
28343,0,0,0,1,0,0,0,0,0
28344,0,0,0,1,0,0,0,0,0
28345,0,0,0,1,0,0,0,0,0
28346,0,0,0,1,0,0,0,0,0
28347,0,0,0,1,0,0,0,0,0
28348,0,0,0,1,0,0,0,0,0
28349,0,0,0,1,0,0,0,0,0
28350,0,0,0,1,0,0,0,0,0
28351,0,0,0,1,0,0,0,0,0
28352,0,0,0,1,0,0,0,0,0
28353,0,0,0,1,0,0,0,0,0
28354,0,0,0,1,0,0,0,0,0
28355,0,0,0,1,0,0,0,0,0
28356,0,0,0,1,0,0,0,0,0
28357,0,0,0,1,0,0,0,0,0
28358,0,0,0,1,0,0,0,0,0
28359,0,0,0,1,0,0,0,0,0
28360,0,0,0,1,0,0,0,0,0
28361,0,0,0,1,0,0,0,0,0
28362,0,0,0,1,0,0,0,0,0
28363,0,0,0,1,0,0,0,0,0
28364,0,0,0,1,0,0,0,0,0
28365,0,0,0,1,0,0,0,0,0
28366,0,0,0,1,0,0,0,0,0
28367,0,0,0,1,0,0,0,0,0
28368,0,0,0,1,0,0,0,0,0
28369,0,0,0,1,0,0,0,0,0
28370,0,0,0,1,0,0,0,0,0
28371,0,0,0,1,0,0,0,0,0
28372,0,0,0,1,0,0,0,0,0
28373,0,0,0,1,0,0,0,0,0
28374,0,0,0,1,0,0,0,0,0
28375,0,0,0,1,0,0,0,0,0
28376,0,0,0,1,0,0,0,0,0
28377,0,0,0,1,0,0,0,0,0
28378,0,0,0,1,0,0,0,0,0
28379,0,0,0,1,0,0,0,0,0
28380,0,0,0,1,0,0,0,0,0
28381,0,0,0,1,0,0,0,0,0
28382,0,0,0,1,0,0,0,0,0
28383,0,0,0,1,0,0,0,0,0
28384,0,0,0,1,0,0,0,0,0
28385,0,0,0,1,0,0,0,0,0
28386,0,0,0,1,0,0,0,0,0
28387,0,0,0,1,0,0,0,0,0
28388,0,0,0,1,0,0,0,0,0
28389,0,0,0,1,0,0,0,0,0
28390,0,0,0,1,0,0,0,0,0
28391,0,0,0,1,0,0,0,0,0
28392,0,0,0,1,0,0,0,0,0
28393,0,0,0,1,0,0,0,0,0
28394,0,0,0,1,0,0,0,0,0
28395,0,0,0,1,0,0,0,0,0
28396,0,0,0,1,0,0,0,0,0
28397,0,0,0,1,0,0,0,0,0
28398,0,0,0,1,0,0,0,0,0
28399,0,0,0,1,0,0,0,0,0
28400,0,0,0,1,0,0,0,0,0
28401,0,0,0,1,0,0,0,0,0
28402,0,0,0,1,0,0,0,0,0
28403,0,0,0,1,0,0,0,0,0
28404,0,0,0,1,0,0,0,0,0
28405,0,0,0,1,0,0,0,0,0
28406,0,0,0,1,0,0,0,0,0
28407,0,0,0,1,0,0,0,0,0
28408,0,0,0,1,0,0,0,0,0
28409,0,0,0,1,0,0,0,0,0
28410,0,0,0,1,0,0,0,0,0
28411,0,0,0,1,0,0,0,0,0
28412,0,0,0,1,0,0,0,0,0
28413,0,0,0,1,0,0,0,0,0
28414,0,0,0,1,0,0,0,0,0
28415,0,0,0,1,0,0,0,0,0
28416,0,0,0,1,0,0,0,0,0
28417,0,0,0,1,0,0,0,0,0
28418,0,0,0,1,0,0,0,0,0
28419,0,0,0,1,0,0,0,0,0
28420,0,0,0,1,0,0,0,0,0
28421,0,0,0,1,0,0,0,0,0
28422,0,0,0,1,0,0,0,0,0
28423,0,0,0,1,0,0,0,0,0
28424,0,0,0,1,0,0,0,0,0
28425,0,0,0,1,0,0,0,0,0
28426,0,0,0,1,0,0,0,0,0
28427,0,0,0,1,0,0,0,0,0
28428,0,0,0,1,0,0,0,0,0
28429,0,0,0,1,0,0,0,0,0
28430,0,0,0,1,0,0,0,0,0
28431,0,0,0,1,0,0,0,0,0
28432,0,0,0,1,0,0,0,0,0
28433,0,0,0,1,0,0,0,0,0
28434,0,0,0,1,0,0,0,0,0
28435,0,0,0,1,0,0,0,0,0
28436,0,0,0,1,0,0,0,0,0
28437,0,0,0,1,0,0,0,0,0
28438,0,0,0,1,0,0,0,0,0
28439,0,0,0,1,0,0,0,0,0
28440,0,0,0,1,0,0,0,0,0
28441,0,0,0,1,0,0,0,0,0
28442,0,0,0,1,0,0,0,0,0
28443,0,0,0,1,0,0,0,0,0
28444,0,0,0,1,0,0,0,0,0
28445,0,0,0,1,0,0,0,0,0
28446,0,0,0,1,0,0,0,0,0
28447,0,0,0,1,0,0,0,0,0
28448,0,0,0,1,0,0,0,0,0
28449,0,0,0,1,0,0,0,0,0
28450,0,0,0,1,0,0,0,0,0
28451,0,0,0,1,0,0,0,0,0
28452,0,0,0,1,0,0,0,0,0
28453,0,0,0,1,0,0,0,0,0
28454,0,0,0,1,0,0,0,0,0
28455,0,0,0,1,0,0,0,0,0
28456,0,0,0,1,0,0,0,0,0
28457,0,0,0,1,0,0,0,0,0
28458,0,0,0,1,0,0,0,0,0
28459,0,0,0,1,0,0,0,0,0
28460,0,0,0,1,0,0,0,0,0
28461,0,0,0,1,0,0,0,0,0
28462,0,0,0,1,0,0,0,0,0
28463,0,0,0,1,0,0,0,0,0
28464,0,0,0,1,0,0,0,0,0
28465,0,0,0,1,0,0,0,0,0
28466,0,0,0,1,0,0,0,0,0
28467,0,0,0,1,0,0,0,0,0
28468,0,0,0,1,0,0,0,0,0
28469,0,0,0,1,0,0,0,0,0
28470,0,0,0,1,0,0,0,0,0
28471,0,0,0,1,0,0,0,0,0
28472,0,0,0,1,0,0,0,0,0
28473,0,0,0,1,0,0,0,0,0
28474,0,0,0,1,0,0,0,0,0
28475,0,0,0,1,0,0,0,0,0
28476,0,0,0,1,0,0,0,0,0
28477,0,0,0,1,0,0,0,0,0
28478,0,0,0,1,0,0,0,0,0
28479,0,0,0,1,0,0,0,0,0
28480,0,0,0,1,0,0,0,0,0
28481,0,0,0,1,0,0,0,0,0
28482,0,0,0,1,0,0,0,0,0
28483,0,0,0,1,0,0,0,0,0
28484,0,0,0,1,0,0,0,0,0
28485,0,0,0,1,0,0,0,0,0
28486,0,0,0,1,0,0,0,0,0
28487,0,0,0,1,0,0,0,0,0
28488,0,0,0,1,0,0,0,0,0
28489,0,0,0,1,0,0,0,0,0
28490,0,0,0,1,0,0,0,0,0
28491,0,0,0,1,0,0,0,0,0
28492,0,0,0,1,0,0,0,0,0
28493,0,0,0,1,0,0,0,0,0
28494,0,0,0,1,0,0,0,0,0
28495,0,0,0,1,0,0,0,0,0
28496,0,0,0,1,0,0,0,0,0
28497,0,0,0,1,0,0,0,0,0
28498,0,0,0,1,0,0,0,0,0
28499,0,0,0,1,0,0,0,0,0
28500,0,0,0,1,0,0,0,0,0
28501,0,0,0,1,0,0,0,0,0
28502,0,0,0,1,0,0,0,0,0
28503,0,0,0,1,0,0,0,0,0
28504,0,0,0,1,0,0,0,0,0
28505,0,0,0,1,0,0,0,0,0
28506,0,0,0,1,0,0,0,0,0
28507,0,0,0,1,0,0,0,0,0
28508,0,0,0,1,0,0,0,0,0
28509,0,0,0,1,0,0,0,0,0
28510,0,0,0,1,0,0,0,0,0
28511,0,0,0,1,0,0,0,0,0
28512,0,0,0,1,0,0,0,0,0
28513,0,0,0,1,0,0,0,0,0
28514,0,0,0,1,0,0,0,0,0
28515,0,0,0,1,0,0,0,0,0
28516,0,0,0,1,0,0,0,0,0
28517,0,0,0,1,0,0,0,0,0
28518,0,0,0,1,0,0,0,0,0
28519,0,0,0,1,0,0,0,0,0
28520,0,0,0,1,0,0,0,0,0
28521,0,0,0,1,0,0,0,0,0
28522,0,0,0,1,0,0,0,0,0
28523,0,0,0,1,0,0,0,0,0
28524,0,0,0,1,0,0,0,0,0
28525,0,0,0,1,0,0,0,0,0
28526,0,0,0,1,0,0,0,0,0
28527,0,0,0,1,0,0,0,0,0
28528,0,0,0,1,0,0,0,0,0
28529,0,0,0,1,0,0,0,0,0
28530,0,0,0,1,0,0,0,0,0
28531,0,0,0,1,0,0,0,0,0
28532,0,0,0,1,0,0,0,0,0
28533,0,0,0,1,0,0,0,0,0
28534,0,0,0,1,0,0,0,0,0
28535,0,0,0,1,0,0,0,0,0
28536,0,0,0,1,0,0,0,0,0
28537,0,0,0,1,0,0,0,0,0
28538,0,0,0,1,0,0,0,0,0
28539,0,0,0,1,0,0,0,0,0
28540,0,0,0,1,0,0,0,0,0
28541,0,0,0,1,0,0,0,0,0
28542,0,0,0,1,0,0,0,0,0
28543,0,0,0,1,0,0,0,0,0
28544,0,0,0,1,0,0,0,0,0
28545,0,0,0,1,0,0,0,0,0
28546,0,0,0,1,0,0,0,0,0
28547,0,0,0,1,0,0,0,0,0
28548,0,0,0,1,0,0,0,0,0
28549,0,0,0,1,0,0,0,0,0
28550,0,0,0,1,0,0,0,0,0
28551,0,0,0,1,0,0,0,0,0
28552,0,0,0,1,0,0,0,0,0
28553,0,0,0,1,0,0,0,0,0
28554,0,0,0,1,0,0,0,0,0
28555,0,0,0,1,0,0,0,0,0
28556,0,0,0,1,0,0,0,0,0
28557,0,0,0,1,0,0,0,0,0
28558,0,0,0,1,0,0,0,0,0
28559,0,0,0,1,0,0,0,0,0
28560,0,0,0,1,0,0,0,0,0
28561,0,0,0,1,0,0,0,0,0
28562,0,0,0,1,0,0,0,0,0
28563,0,0,0,1,0,0,0,0,0
28564,0,0,0,1,0,0,0,0,0
28565,0,0,0,1,0,0,0,0,0
28566,0,0,0,1,0,0,0,0,0
28567,0,0,0,1,0,0,0,0,0
28568,0,0,0,1,0,0,0,0,0
28569,0,0,0,1,0,0,0,0,0
28570,0,0,0,1,0,0,0,0,0
28571,0,0,0,1,0,0,0,0,0
28572,0,0,0,1,0,0,0,0,0
28573,0,0,0,1,0,0,0,0,0
28574,0,0,0,1,0,0,0,0,0
28575,0,0,0,1,0,0,0,0,0
28576,0,0,0,1,0,0,0,0,0
28577,0,0,0,1,0,0,0,0,0
28578,0,0,0,1,0,0,0,0,0
28579,0,0,0,1,0,0,0,0,0
28580,0,0,0,1,0,0,0,0,0
28581,0,0,0,1,0,0,0,0,0
28582,0,0,0,1,0,0,0,0,0
28583,0,0,0,1,0,0,0,0,0
28584,0,0,0,1,0,0,0,0,0
28585,0,0,0,1,0,0,0,0,0
28586,0,0,0,1,0,0,0,0,0
28587,0,0,0,1,0,0,0,0,0
28588,0,0,0,1,0,0,0,0,0
28589,0,0,0,1,0,0,0,0,0
28590,0,0,0,1,0,0,0,0,0
28591,0,0,0,1,0,0,0,0,0
28592,0,0,0,1,0,0,0,0,0
28593,0,0,0,1,0,0,0,0,0
28594,0,0,0,1,0,0,0,0,0
28595,0,0,0,1,0,0,0,0,0
28596,0,0,0,1,0,0,0,0,0
28597,0,0,0,1,0,0,0,0,0
28598,0,0,0,1,0,0,0,0,0
28599,0,0,0,1,0,0,0,0,0
28600,0,0,0,1,0,0,0,0,0
28601,0,0,0,1,0,0,0,0,0
28602,0,0,0,1,0,0,0,0,0
28603,0,0,0,1,0,0,0,0,0
28604,0,0,0,1,0,0,0,0,0
28605,0,0,0,1,0,0,0,0,0
28606,0,0,0,1,0,0,0,0,0
28607,0,0,0,1,0,0,0,0,0
28608,0,0,0,1,0,0,0,0,0
28609,0,0,0,1,0,0,0,0,0
28610,0,0,0,1,0,0,0,0,0
28611,0,0,0,1,0,0,0,0,0
28612,0,0,0,1,0,0,0,0,0
28613,0,0,0,1,0,0,0,0,0
28614,0,0,0,1,0,0,0,0,0
28615,0,0,0,1,0,0,0,0,0
28616,0,0,0,1,0,0,0,0,0
28617,0,0,0,1,0,0,0,0,0
28618,0,0,0,1,0,0,0,0,0
28619,0,0,0,1,0,0,0,0,0
28620,0,0,0,1,0,0,0,0,0
28621,0,0,0,1,0,0,0,0,0
28622,0,0,0,1,0,0,0,0,0
28623,0,0,0,1,0,0,0,0,0
28624,0,0,0,1,0,0,0,0,0
28625,0,0,0,1,0,0,0,0,0
28626,0,0,0,1,0,0,0,0,0
28627,0,0,0,1,0,0,0,0,0
28628,0,0,0,1,0,0,0,0,0
28629,0,0,0,1,0,0,0,0,0
28630,0,0,0,1,0,0,0,0,0
28631,0,0,0,1,0,0,0,0,0
28632,0,0,0,1,0,0,0,0,0
28633,0,0,0,1,0,0,0,0,0
28634,0,0,0,1,0,0,0,0,0
28635,0,0,0,1,0,0,0,0,0
28636,0,0,0,1,0,0,0,0,0
28637,0,0,0,1,0,0,0,0,0
28638,0,0,0,1,0,0,0,0,0
28639,0,0,0,1,0,0,0,0,0
28640,0,0,0,1,0,0,0,0,0
28641,0,0,0,1,0,0,0,0,0
28642,0,0,0,1,0,0,0,0,0
28643,0,0,0,1,0,0,0,0,0
28644,0,0,0,1,0,0,0,0,0
28645,0,0,0,1,0,0,0,0,0
28646,0,0,0,1,0,0,0,0,0
28647,0,0,0,1,0,0,0,0,0
28648,0,0,0,1,0,0,0,0,0
28649,0,0,0,1,0,0,0,0,0
28650,0,0,0,1,0,0,0,0,0
28651,0,0,0,1,0,0,0,0,0
28652,0,0,0,1,0,0,0,0,0
28653,0,0,0,1,0,0,0,0,0
28654,0,0,0,1,0,0,0,0,0
28655,0,0,0,1,0,0,0,0,0
28656,0,0,0,1,0,0,0,0,0
28657,0,0,0,1,0,0,0,0,0
28658,0,0,0,1,0,0,0,0,0
28659,0,0,0,1,0,0,0,0,0
28660,0,0,0,1,0,0,0,0,0
28661,0,0,0,1,0,0,0,0,0
28662,0,0,0,1,0,0,0,0,0
28663,0,0,0,1,0,0,0,0,0
28664,0,0,0,1,0,0,0,0,0
28665,0,0,0,1,0,0,0,0,0
28666,0,0,0,1,0,0,0,0,0
28667,0,0,0,1,0,0,0,0,0
28668,0,0,0,1,0,0,0,0,0
28669,0,0,0,1,0,0,0,0,0
28670,0,0,0,1,0,0,0,0,0
28671,0,0,0,1,0,0,0,0,0
28672,0,0,0,1,0,0,0,0,0
28673,0,0,0,1,0,0,0,0,0
28674,0,0,0,1,0,0,0,0,0
28675,0,0,0,1,0,0,0,0,0
28676,0,0,0,1,0,0,0,0,0
28677,0,0,0,1,0,0,0,0,0
28678,0,0,0,1,0,0,0,0,0
28679,0,0,0,1,0,0,0,0,0
28680,0,0,0,1,0,0,0,0,0
28681,0,0,0,1,0,0,0,0,0
28682,0,0,0,1,0,0,0,0,0
28683,0,0,0,1,0,0,0,0,0
28684,0,0,0,1,0,0,0,0,0
28685,0,0,0,1,0,0,0,0,0
28686,0,0,0,1,0,0,0,0,0
28687,0,0,0,1,0,0,0,0,0
28688,0,0,0,1,0,0,0,0,0
28689,0,0,0,1,0,0,0,0,0
28690,0,0,0,1,0,0,0,0,0
28691,0,0,0,1,0,0,0,0,0
28692,0,0,0,1,0,0,0,0,0
28693,0,0,0,1,0,0,0,0,0
28694,0,0,0,1,0,0,0,0,0
28695,0,0,0,1,0,0,0,0,0
28696,0,0,0,1,0,0,0,0,0
28697,0,0,0,1,0,0,0,0,0
28698,0,0,0,1,0,0,0,0,0
28699,0,0,0,1,0,0,0,0,0
28700,0,0,0,1,0,0,0,0,0
28701,0,0,0,1,0,0,0,0,0
28702,0,0,0,1,0,0,0,0,0
28703,0,0,0,1,0,0,0,0,0
28704,0,0,0,1,0,0,0,0,0
28705,0,0,0,1,0,0,0,0,0
28706,0,0,0,1,0,0,0,0,0
28707,0,0,0,1,0,0,0,0,0
28708,0,0,0,1,0,0,0,0,0
28709,0,0,0,1,0,0,0,0,0
28710,0,0,0,1,0,0,0,0,0
28711,0,0,0,1,0,0,0,0,0
28712,0,0,0,1,0,0,0,0,0
28713,0,0,0,1,0,0,0,0,0
28714,0,0,0,1,0,0,0,0,0
28715,0,0,0,1,0,0,0,0,0
28716,0,0,0,1,0,0,0,0,0
28717,0,0,0,1,0,0,0,0,0
28718,0,0,0,1,0,0,0,0,0
28719,0,0,0,1,0,0,0,0,0
28720,0,0,0,1,0,0,0,0,0
28721,0,0,0,1,0,0,0,0,0
28722,0,0,0,1,0,0,0,0,0
28723,0,0,0,1,0,0,0,0,0
28724,0,0,0,1,0,0,0,0,0
28725,0,0,0,1,0,0,0,0,0
28726,0,0,0,1,0,0,0,0,0
28727,0,0,0,1,0,0,0,0,0
28728,0,0,0,1,0,0,0,0,0
28729,0,0,0,1,0,0,0,0,0
28730,0,0,0,1,0,0,0,0,0
28731,0,0,0,1,0,0,0,0,0
28732,0,0,0,1,0,0,0,0,0
28733,0,0,0,1,0,0,0,0,0
28734,0,0,0,1,0,0,0,0,0
28735,0,0,0,1,0,0,0,0,0
28736,0,0,0,1,0,0,0,0,0
28737,0,0,0,1,0,0,0,0,0
28738,0,0,0,1,0,0,0,0,0
28739,0,0,0,1,0,0,0,0,0
28740,0,0,0,1,0,0,0,0,0
28741,0,0,0,1,0,0,0,0,0
28742,0,0,0,1,0,0,0,0,0
28743,0,0,0,1,0,0,0,0,0
28744,0,0,0,1,0,0,0,0,0
28745,0,0,0,1,0,0,0,0,0
28746,0,0,0,1,0,0,0,0,0
28747,0,0,0,0,1,0,0,0,0
28748,0,0,0,0,1,0,0,0,0
28749,0,0,0,0,1,0,0,0,0
28750,0,0,0,0,1,0,0,0,0
28751,0,0,0,0,1,0,0,0,0
28752,0,0,0,0,1,0,0,0,0
28753,0,0,0,0,1,0,0,0,0
28754,0,0,0,0,1,0,0,0,0
28755,0,0,0,0,1,0,0,0,0
28756,0,0,0,0,1,0,0,0,0
28757,0,0,0,0,1,0,0,0,0
28758,0,0,0,0,1,0,0,0,0
28759,0,0,0,0,1,0,0,0,0
28760,0,0,0,0,1,0,0,0,0
28761,0,0,0,0,1,0,0,0,0
28762,0,0,0,0,1,0,0,0,0
28763,0,0,0,0,1,0,0,0,0
28764,0,0,0,0,1,0,0,0,0
28765,0,0,0,0,1,0,0,0,0
28766,0,0,0,0,1,0,0,0,0
28767,0,0,0,0,1,0,0,0,0
28768,0,0,0,0,1,0,0,0,0
28769,0,0,0,0,1,0,0,0,0
28770,0,0,0,0,1,0,0,0,0
28771,0,0,0,0,1,0,0,0,0
28772,0,0,0,0,1,0,0,0,0
28773,0,0,0,0,1,0,0,0,0
28774,0,0,0,0,1,0,0,0,0
28775,0,0,0,0,1,0,0,0,0
28776,0,0,0,0,1,0,0,0,0
28777,0,0,0,0,1,0,0,0,0
28778,0,0,0,0,1,0,0,0,0
28779,0,0,0,0,1,0,0,0,0
28780,0,0,0,0,1,0,0,0,0
28781,0,0,0,0,1,0,0,0,0
28782,0,0,0,0,1,0,0,0,0
28783,0,0,0,0,1,0,0,0,0
28784,0,0,0,0,1,0,0,0,0
28785,0,0,0,0,1,0,0,0,0
28786,0,0,0,0,1,0,0,0,0
28787,0,0,0,0,1,0,0,0,0
28788,0,0,0,0,1,0,0,0,0
28789,0,0,0,0,1,0,0,0,0
28790,0,0,0,0,1,0,0,0,0
28791,0,0,0,0,1,0,0,0,0
28792,0,0,0,0,1,0,0,0,0
28793,0,0,0,0,1,0,0,0,0
28794,0,0,0,0,1,0,0,0,0
28795,0,0,0,0,1,0,0,0,0
28796,0,0,0,0,1,0,0,0,0
28797,0,0,0,0,1,0,0,0,0
28798,0,0,0,0,1,0,0,0,0
28799,0,0,0,0,1,0,0,0,0
28800,0,0,0,0,1,0,0,0,0
28801,0,0,0,0,1,0,0,0,0
28802,0,0,0,0,1,0,0,0,0
28803,0,0,0,0,1,0,0,0,0
28804,0,0,0,0,1,0,0,0,0
28805,0,0,0,0,1,0,0,0,0
28806,0,0,0,0,1,0,0,0,0
28807,0,0,0,0,1,0,0,0,0
28808,0,0,0,0,1,0,0,0,0
28809,0,0,0,0,1,0,0,0,0
28810,0,0,0,0,1,0,0,0,0
28811,0,0,0,0,1,0,0,0,0
28812,0,0,0,0,1,0,0,0,0
28813,0,0,0,0,1,0,0,0,0
28814,0,0,0,0,1,0,0,0,0
28815,0,0,0,0,1,0,0,0,0
28816,0,0,0,0,1,0,0,0,0
28817,0,0,0,0,1,0,0,0,0
28818,0,0,0,0,1,0,0,0,0
28819,0,0,0,0,1,0,0,0,0
28820,0,0,0,0,1,0,0,0,0
28821,0,0,0,0,1,0,0,0,0
28822,0,0,0,0,1,0,0,0,0
28823,0,0,0,0,1,0,0,0,0
28824,0,0,0,0,1,0,0,0,0
28825,0,0,0,0,1,0,0,0,0
28826,0,0,0,0,1,0,0,0,0
28827,0,0,0,0,1,0,0,0,0
28828,0,0,0,0,1,0,0,0,0
28829,0,0,0,0,1,0,0,0,0
28830,0,0,0,0,1,0,0,0,0
28831,0,0,0,0,1,0,0,0,0
28832,0,0,0,0,1,0,0,0,0
28833,0,0,0,0,1,0,0,0,0
28834,0,0,0,0,1,0,0,0,0
28835,0,0,0,0,1,0,0,0,0
28836,0,0,0,0,1,0,0,0,0
28837,0,0,0,0,1,0,0,0,0
28838,0,0,0,0,1,0,0,0,0
28839,0,0,0,0,1,0,0,0,0
28840,0,0,0,0,1,0,0,0,0
28841,0,0,0,0,1,0,0,0,0
28842,0,0,0,0,1,0,0,0,0
28843,0,0,0,0,1,0,0,0,0
28844,0,0,0,0,1,0,0,0,0
28845,0,0,0,0,1,0,0,0,0
28846,0,0,0,0,1,0,0,0,0
28847,0,0,0,0,1,0,0,0,0
28848,0,0,0,0,1,0,0,0,0
28849,0,0,0,0,1,0,0,0,0
28850,0,0,0,0,1,0,0,0,0
28851,0,0,0,0,1,0,0,0,0
28852,0,0,0,0,1,0,0,0,0
28853,0,0,0,0,1,0,0,0,0
28854,0,0,0,0,1,0,0,0,0
28855,0,0,0,0,1,0,0,0,0
28856,0,0,0,0,1,0,0,0,0
28857,0,0,0,0,1,0,0,0,0
28858,0,0,0,0,1,0,0,0,0
28859,0,0,0,0,1,0,0,0,0
28860,0,0,0,0,1,0,0,0,0
28861,0,0,0,0,1,0,0,0,0
28862,0,0,0,0,1,0,0,0,0
28863,0,0,0,0,1,0,0,0,0
28864,0,0,0,0,1,0,0,0,0
28865,0,0,0,0,1,0,0,0,0
28866,0,0,0,0,1,0,0,0,0
28867,0,0,0,0,1,0,0,0,0
28868,0,0,0,0,1,0,0,0,0
28869,0,0,0,0,1,0,0,0,0
28870,0,0,0,0,1,0,0,0,0
28871,0,0,0,0,1,0,0,0,0
28872,0,0,0,0,1,0,0,0,0
28873,0,0,0,0,1,0,0,0,0
28874,0,0,0,0,1,0,0,0,0
28875,0,0,0,0,1,0,0,0,0
28876,0,0,0,0,1,0,0,0,0
28877,0,0,0,0,1,0,0,0,0
28878,0,0,0,0,1,0,0,0,0
28879,0,0,0,0,1,0,0,0,0
28880,0,0,0,0,1,0,0,0,0
28881,0,0,0,0,1,0,0,0,0
28882,0,0,0,0,1,0,0,0,0
28883,0,0,0,0,1,0,0,0,0
28884,0,0,0,0,1,0,0,0,0
28885,0,0,0,0,1,0,0,0,0
28886,0,0,0,0,1,0,0,0,0
28887,0,0,0,0,1,0,0,0,0
28888,0,0,0,0,1,0,0,0,0
28889,0,0,0,0,1,0,0,0,0
28890,0,0,0,0,1,0,0,0,0
28891,0,0,0,0,1,0,0,0,0
28892,0,0,0,0,1,0,0,0,0
28893,0,0,0,0,1,0,0,0,0
28894,0,0,0,0,1,0,0,0,0
28895,0,0,0,0,1,0,0,0,0
28896,0,0,0,0,1,0,0,0,0
28897,0,0,0,0,1,0,0,0,0
28898,0,0,0,0,1,0,0,0,0
28899,0,0,0,0,1,0,0,0,0
28900,0,0,0,0,1,0,0,0,0
28901,0,0,0,0,1,0,0,0,0
28902,0,0,0,0,1,0,0,0,0
28903,0,0,0,0,1,0,0,0,0
28904,0,0,0,0,1,0,0,0,0
28905,0,0,0,0,1,0,0,0,0
28906,0,0,0,0,1,0,0,0,0
28907,0,0,0,0,1,0,0,0,0
28908,0,0,0,0,1,0,0,0,0
28909,0,0,0,0,1,0,0,0,0
28910,0,0,0,0,1,0,0,0,0
28911,0,0,0,0,1,0,0,0,0
28912,0,0,0,0,1,0,0,0,0
28913,0,0,0,0,1,0,0,0,0
28914,0,0,0,0,1,0,0,0,0
28915,0,0,0,0,1,0,0,0,0
28916,0,0,0,0,1,0,0,0,0
28917,0,0,0,0,1,0,0,0,0
28918,0,0,0,0,1,0,0,0,0
28919,0,0,0,0,1,0,0,0,0
28920,0,0,0,0,1,0,0,0,0
28921,0,0,0,0,1,0,0,0,0
28922,0,0,0,0,1,0,0,0,0
28923,0,0,0,0,1,0,0,0,0
28924,0,0,0,0,1,0,0,0,0
28925,0,0,0,0,1,0,0,0,0
28926,0,0,0,0,1,0,0,0,0
28927,0,0,0,0,1,0,0,0,0
28928,0,0,0,0,1,0,0,0,0
28929,0,0,0,0,1,0,0,0,0
28930,0,0,0,0,1,0,0,0,0
28931,0,0,0,0,1,0,0,0,0
28932,0,0,0,0,1,0,0,0,0
28933,0,0,0,0,1,0,0,0,0
28934,0,0,0,0,1,0,0,0,0
28935,0,0,0,0,1,0,0,0,0
28936,0,0,0,0,1,0,0,0,0
28937,0,0,0,0,1,0,0,0,0
28938,0,0,0,0,1,0,0,0,0
28939,0,0,0,0,1,0,0,0,0
28940,0,0,0,0,1,0,0,0,0
28941,0,0,0,0,1,0,0,0,0
28942,0,0,0,0,1,0,0,0,0
28943,0,0,0,0,1,0,0,0,0
28944,0,0,0,0,1,0,0,0,0
28945,0,0,0,0,1,0,0,0,0
28946,0,0,0,0,1,0,0,0,0
28947,0,0,0,0,1,0,0,0,0
28948,0,0,0,0,1,0,0,0,0
28949,0,0,0,0,1,0,0,0,0
28950,0,0,0,0,1,0,0,0,0
28951,0,0,0,0,1,0,0,0,0
28952,0,0,0,0,1,0,0,0,0
28953,0,0,0,0,1,0,0,0,0
28954,0,0,0,0,1,0,0,0,0
28955,0,0,0,0,1,0,0,0,0
28956,0,0,0,0,1,0,0,0,0
28957,0,0,0,0,1,0,0,0,0
28958,0,0,0,0,1,0,0,0,0
28959,0,0,0,0,1,0,0,0,0
28960,0,0,0,0,1,0,0,0,0
28961,0,0,0,0,1,0,0,0,0
28962,0,0,0,0,1,0,0,0,0
28963,0,0,0,0,1,0,0,0,0
28964,0,0,0,0,1,0,0,0,0
28965,0,0,0,0,1,0,0,0,0
28966,0,0,0,0,1,0,0,0,0
28967,0,0,0,0,1,0,0,0,0
28968,0,0,0,0,1,0,0,0,0
28969,0,0,0,0,1,0,0,0,0
28970,0,0,0,0,1,0,0,0,0
28971,0,0,0,0,1,0,0,0,0
28972,0,0,0,0,1,0,0,0,0
28973,0,0,0,0,1,0,0,0,0
28974,0,0,0,0,1,0,0,0,0
28975,0,0,0,0,1,0,0,0,0
28976,0,0,0,0,1,0,0,0,0
28977,0,0,0,0,1,0,0,0,0
28978,0,0,0,0,1,0,0,0,0
28979,0,0,0,0,1,0,0,0,0
28980,0,0,0,0,1,0,0,0,0
28981,0,0,0,0,1,0,0,0,0
28982,0,0,0,0,1,0,0,0,0
28983,0,0,0,0,1,0,0,0,0
28984,0,0,0,0,1,0,0,0,0
28985,0,0,0,0,1,0,0,0,0
28986,0,0,0,0,1,0,0,0,0
28987,0,0,0,0,1,0,0,0,0
28988,0,0,0,0,1,0,0,0,0
28989,0,0,0,0,1,0,0,0,0
28990,0,0,0,0,1,0,0,0,0
28991,0,0,0,0,1,0,0,0,0
28992,0,0,0,0,1,0,0,0,0
28993,0,0,0,0,1,0,0,0,0
28994,0,0,0,0,1,0,0,0,0
28995,0,0,0,0,1,0,0,0,0
28996,0,0,0,0,1,0,0,0,0
28997,0,0,0,0,1,0,0,0,0
28998,0,0,0,0,1,0,0,0,0
28999,0,0,0,0,1,0,0,0,0
29000,0,0,0,0,1,0,0,0,0
29001,0,0,0,0,1,0,0,0,0
29002,0,0,0,0,1,0,0,0,0
29003,0,0,0,0,1,0,0,0,0
29004,0,0,0,0,1,0,0,0,0
29005,0,0,0,0,1,0,0,0,0
29006,0,0,0,0,1,0,0,0,0
29007,0,0,0,0,1,0,0,0,0
29008,0,0,0,0,1,0,0,0,0
29009,0,0,0,0,1,0,0,0,0
29010,0,0,0,0,1,0,0,0,0
29011,0,0,0,0,1,0,0,0,0
29012,0,0,0,0,1,0,0,0,0
29013,0,0,0,0,1,0,0,0,0
29014,0,0,0,0,1,0,0,0,0
29015,0,0,0,0,1,0,0,0,0
29016,0,0,0,0,1,0,0,0,0
29017,0,0,0,0,1,0,0,0,0
29018,0,0,0,0,1,0,0,0,0
29019,0,0,0,0,1,0,0,0,0
29020,0,0,0,0,1,0,0,0,0
29021,0,0,0,0,1,0,0,0,0
29022,0,0,0,0,1,0,0,0,0
29023,0,0,0,0,1,0,0,0,0
29024,0,0,0,0,1,0,0,0,0
29025,0,0,0,0,1,0,0,0,0
29026,0,0,0,0,1,0,0,0,0
29027,0,0,0,0,1,0,0,0,0
29028,0,0,0,0,1,0,0,0,0
29029,0,0,0,0,1,0,0,0,0
29030,0,0,0,0,1,0,0,0,0
29031,0,0,0,0,1,0,0,0,0
29032,0,0,0,0,1,0,0,0,0
29033,0,0,0,0,1,0,0,0,0
29034,0,0,0,0,1,0,0,0,0
29035,0,0,0,0,1,0,0,0,0
29036,0,0,0,0,1,0,0,0,0
29037,0,0,0,0,1,0,0,0,0
29038,0,0,0,0,1,0,0,0,0
29039,0,0,0,0,1,0,0,0,0
29040,0,0,0,0,1,0,0,0,0
29041,0,0,0,0,1,0,0,0,0
29042,0,0,0,0,1,0,0,0,0
29043,0,0,0,0,1,0,0,0,0
29044,0,0,0,0,1,0,0,0,0
29045,0,0,0,0,1,0,0,0,0
29046,0,0,0,0,1,0,0,0,0
29047,0,0,0,0,1,0,0,0,0
29048,0,0,0,0,1,0,0,0,0
29049,0,0,0,0,1,0,0,0,0
29050,0,0,0,0,1,0,0,0,0
29051,0,0,0,0,1,0,0,0,0
29052,0,0,0,0,1,0,0,0,0
29053,0,0,0,0,1,0,0,0,0
29054,0,0,0,0,1,0,0,0,0
29055,0,0,0,0,1,0,0,0,0
29056,0,0,0,0,1,0,0,0,0
29057,0,0,0,0,1,0,0,0,0
29058,0,0,0,0,1,0,0,0,0
29059,0,0,0,0,1,0,0,0,0
29060,0,0,0,0,1,0,0,0,0
29061,0,0,0,0,1,0,0,0,0
29062,0,0,0,0,1,0,0,0,0
29063,0,0,0,0,1,0,0,0,0
29064,0,0,0,0,1,0,0,0,0
29065,0,0,0,0,1,0,0,0,0
29066,0,0,0,0,1,0,0,0,0
29067,0,0,0,0,1,0,0,0,0
29068,0,0,0,0,1,0,0,0,0
29069,0,0,0,0,1,0,0,0,0
29070,0,0,0,0,1,0,0,0,0
29071,0,0,0,0,1,0,0,0,0
29072,0,0,0,0,1,0,0,0,0
29073,0,0,0,0,1,0,0,0,0
29074,0,0,0,0,1,0,0,0,0
29075,0,0,0,0,1,0,0,0,0
29076,0,0,0,0,1,0,0,0,0
29077,0,0,0,0,1,0,0,0,0
29078,0,0,0,0,1,0,0,0,0
29079,0,0,0,0,1,0,0,0,0
29080,0,0,0,0,1,0,0,0,0
29081,0,0,0,0,1,0,0,0,0
29082,0,0,0,0,1,0,0,0,0
29083,0,0,0,0,1,0,0,0,0
29084,0,0,0,0,1,0,0,0,0
29085,0,0,0,0,1,0,0,0,0
29086,0,0,0,0,1,0,0,0,0
29087,0,0,0,0,1,0,0,0,0
29088,0,0,0,0,1,0,0,0,0
29089,0,0,0,0,1,0,0,0,0
29090,0,0,0,0,1,0,0,0,0
29091,0,0,0,0,1,0,0,0,0
29092,0,0,0,0,1,0,0,0,0
29093,0,0,0,0,1,0,0,0,0
29094,0,0,0,0,1,0,0,0,0
29095,0,0,0,0,1,0,0,0,0
29096,0,0,0,0,1,0,0,0,0
29097,0,0,0,0,1,0,0,0,0
29098,0,0,0,0,1,0,0,0,0
29099,0,0,0,0,1,0,0,0,0
29100,0,0,0,0,1,0,0,0,0
29101,0,0,0,0,1,0,0,0,0
29102,0,0,0,0,1,0,0,0,0
29103,0,0,0,0,1,0,0,0,0
29104,0,0,0,0,1,0,0,0,0
29105,0,0,0,0,1,0,0,0,0
29106,0,0,0,0,1,0,0,0,0
29107,0,0,0,0,1,0,0,0,0
29108,0,0,0,0,1,0,0,0,0
29109,0,0,0,0,1,0,0,0,0
29110,0,0,0,0,1,0,0,0,0
29111,0,0,0,0,1,0,0,0,0
29112,0,0,0,0,1,0,0,0,0
29113,0,0,0,0,1,0,0,0,0
29114,0,0,0,0,1,0,0,0,0
29115,0,0,0,0,1,0,0,0,0
29116,0,0,0,0,1,0,0,0,0
29117,0,0,0,0,1,0,0,0,0
29118,0,0,0,0,1,0,0,0,0
29119,0,0,0,0,1,0,0,0,0
29120,0,0,0,0,1,0,0,0,0
29121,0,0,0,0,1,0,0,0,0
29122,0,0,0,0,1,0,0,0,0
29123,0,0,0,0,1,0,0,0,0
29124,0,0,0,0,1,0,0,0,0
29125,0,0,0,0,1,0,0,0,0
29126,0,0,0,0,1,0,0,0,0
29127,0,0,0,0,1,0,0,0,0
29128,0,0,0,0,1,0,0,0,0
29129,0,0,0,0,1,0,0,0,0
29130,0,0,0,0,1,0,0,0,0
29131,0,0,0,0,1,0,0,0,0
29132,0,0,0,0,1,0,0,0,0
29133,0,0,0,0,1,0,0,0,0
29134,0,0,0,0,1,0,0,0,0
29135,0,0,0,0,1,0,0,0,0
29136,0,0,0,0,1,0,0,0,0
29137,0,0,0,0,1,0,0,0,0
29138,0,0,0,0,1,0,0,0,0
29139,0,0,0,0,1,0,0,0,0
29140,0,0,0,0,1,0,0,0,0
29141,0,0,0,0,1,0,0,0,0
29142,0,0,0,0,1,0,0,0,0
29143,0,0,0,0,1,0,0,0,0
29144,0,0,0,0,1,0,0,0,0
29145,0,0,0,0,1,0,0,0,0
29146,0,0,0,0,1,0,0,0,0
29147,0,0,0,0,1,0,0,0,0
29148,0,0,0,0,1,0,0,0,0
29149,0,0,0,0,1,0,0,0,0
29150,0,0,0,0,1,0,0,0,0
29151,0,0,0,0,1,0,0,0,0
29152,0,0,0,0,1,0,0,0,0
29153,0,0,0,0,1,0,0,0,0
29154,0,0,0,0,1,0,0,0,0
29155,0,0,0,0,1,0,0,0,0
29156,0,0,0,0,1,0,0,0,0
29157,0,0,0,0,1,0,0,0,0
29158,0,0,0,0,1,0,0,0,0
29159,0,0,0,0,1,0,0,0,0
29160,0,0,0,0,1,0,0,0,0
29161,0,0,0,0,1,0,0,0,0
29162,0,0,0,0,1,0,0,0,0
29163,0,0,0,0,1,0,0,0,0
29164,0,0,0,0,1,0,0,0,0
29165,0,0,0,0,1,0,0,0,0
29166,0,0,0,0,1,0,0,0,0
29167,0,0,0,0,1,0,0,0,0
29168,0,0,0,0,1,0,0,0,0
29169,0,0,0,0,1,0,0,0,0
29170,0,0,0,0,1,0,0,0,0
29171,0,0,0,0,1,0,0,0,0
29172,0,0,0,0,1,0,0,0,0
29173,0,0,0,0,1,0,0,0,0
29174,0,0,0,0,1,0,0,0,0
29175,0,0,0,0,1,0,0,0,0
29176,0,0,0,0,1,0,0,0,0
29177,0,0,0,0,1,0,0,0,0
29178,0,0,0,0,1,0,0,0,0
29179,0,0,0,0,1,0,0,0,0
29180,0,0,0,0,1,0,0,0,0
29181,0,0,0,0,1,0,0,0,0
29182,0,0,0,0,1,0,0,0,0
29183,0,0,0,0,1,0,0,0,0
29184,0,0,0,0,1,0,0,0,0
29185,0,0,0,0,1,0,0,0,0
29186,0,0,0,0,1,0,0,0,0
29187,0,0,0,0,1,0,0,0,0
29188,0,0,0,0,1,0,0,0,0
29189,0,0,0,0,1,0,0,0,0
29190,0,0,0,0,1,0,0,0,0
29191,0,0,0,0,1,0,0,0,0
29192,0,0,0,0,1,0,0,0,0
29193,0,0,0,0,1,0,0,0,0
29194,0,0,0,0,1,0,0,0,0
29195,0,0,0,0,1,0,0,0,0
29196,0,0,0,0,1,0,0,0,0
29197,0,0,0,0,1,0,0,0,0
29198,0,0,0,0,1,0,0,0,0
29199,0,0,0,0,1,0,0,0,0
29200,0,0,0,0,1,0,0,0,0
29201,0,0,0,0,1,0,0,0,0
29202,0,0,0,0,1,0,0,0,0
29203,0,0,0,0,1,0,0,0,0
29204,0,0,0,0,1,0,0,0,0
29205,0,0,0,0,1,0,0,0,0
29206,0,0,0,0,1,0,0,0,0
29207,0,0,0,0,1,0,0,0,0
29208,0,0,0,0,1,0,0,0,0
29209,0,0,0,0,1,0,0,0,0
29210,0,0,0,0,1,0,0,0,0
29211,0,0,0,0,1,0,0,0,0
29212,0,0,0,0,1,0,0,0,0
29213,0,0,0,0,1,0,0,0,0
29214,0,0,0,0,1,0,0,0,0
29215,0,0,0,0,1,0,0,0,0
29216,0,0,0,0,1,0,0,0,0
29217,0,0,0,0,1,0,0,0,0
29218,0,0,0,0,1,0,0,0,0
29219,0,0,0,0,1,0,0,0,0
29220,0,0,0,0,1,0,0,0,0
29221,0,0,0,0,1,0,0,0,0
29222,0,0,0,0,1,0,0,0,0
29223,0,0,0,0,1,0,0,0,0
29224,0,0,0,0,1,0,0,0,0
29225,0,0,0,0,1,0,0,0,0
29226,0,0,0,0,1,0,0,0,0
29227,0,0,0,0,1,0,0,0,0
29228,0,0,0,0,1,0,0,0,0
29229,0,0,0,0,1,0,0,0,0
29230,0,0,0,0,1,0,0,0,0
29231,0,0,0,0,1,0,0,0,0
29232,0,0,0,0,1,0,0,0,0
29233,0,0,0,0,1,0,0,0,0
29234,0,0,0,0,1,0,0,0,0
29235,0,0,0,0,1,0,0,0,0
29236,0,0,0,0,1,0,0,0,0
29237,0,0,0,0,1,0,0,0,0
29238,0,0,0,0,1,0,0,0,0
29239,0,0,0,0,1,0,0,0,0
29240,0,0,0,0,1,0,0,0,0
29241,0,0,0,0,1,0,0,0,0
29242,0,0,0,0,1,0,0,0,0
29243,0,0,0,0,1,0,0,0,0
29244,0,0,0,0,1,0,0,0,0
29245,0,0,0,0,1,0,0,0,0
29246,0,0,0,0,1,0,0,0,0
29247,0,0,0,0,1,0,0,0,0
29248,0,0,0,0,1,0,0,0,0
29249,0,0,0,0,1,0,0,0,0
29250,0,0,0,0,1,0,0,0,0
29251,0,0,0,0,1,0,0,0,0
29252,0,0,0,0,1,0,0,0,0
29253,0,0,0,0,1,0,0,0,0
29254,0,0,0,0,1,0,0,0,0
29255,0,0,0,0,1,0,0,0,0
29256,0,0,0,0,1,0,0,0,0
29257,0,0,0,0,1,0,0,0,0
29258,0,0,0,0,1,0,0,0,0
29259,0,0,0,0,1,0,0,0,0
29260,0,0,0,0,1,0,0,0,0
29261,0,0,0,0,1,0,0,0,0
29262,0,0,0,0,1,0,0,0,0
29263,0,0,0,0,1,0,0,0,0
29264,0,0,0,0,1,0,0,0,0
29265,0,0,0,0,1,0,0,0,0
29266,0,0,0,0,1,0,0,0,0
29267,0,0,0,0,1,0,0,0,0
29268,0,0,0,0,1,0,0,0,0
29269,0,0,0,0,1,0,0,0,0
29270,0,0,0,0,1,0,0,0,0
29271,0,0,0,0,1,0,0,0,0
29272,0,0,0,0,1,0,0,0,0
29273,0,0,0,0,1,0,0,0,0
29274,0,0,0,0,1,0,0,0,0
29275,0,0,0,0,1,0,0,0,0
29276,0,0,0,0,1,0,0,0,0
29277,0,0,0,0,1,0,0,0,0
29278,0,0,0,0,1,0,0,0,0
29279,0,0,0,0,1,0,0,0,0
29280,0,0,0,0,1,0,0,0,0
29281,0,0,0,0,1,0,0,0,0
29282,0,0,0,0,1,0,0,0,0
29283,0,0,0,0,1,0,0,0,0
29284,0,0,0,0,1,0,0,0,0
29285,0,0,0,0,1,0,0,0,0
29286,0,0,0,0,1,0,0,0,0
29287,0,0,0,0,1,0,0,0,0
29288,0,0,0,0,1,0,0,0,0
29289,0,0,0,0,1,0,0,0,0
29290,0,0,0,0,1,0,0,0,0
29291,0,0,0,0,1,0,0,0,0
29292,0,0,0,0,1,0,0,0,0
29293,0,0,0,0,1,0,0,0,0
29294,0,0,0,0,1,0,0,0,0
29295,0,0,0,0,1,0,0,0,0
29296,0,0,0,0,1,0,0,0,0
29297,0,0,0,0,1,0,0,0,0
29298,0,0,0,0,1,0,0,0,0
29299,0,0,0,0,1,0,0,0,0
29300,0,0,0,0,1,0,0,0,0
29301,0,0,0,0,1,0,0,0,0
29302,0,0,0,0,1,0,0,0,0
29303,0,0,0,0,1,0,0,0,0
29304,0,0,0,0,1,0,0,0,0
29305,0,0,0,0,1,0,0,0,0
29306,0,0,0,0,1,0,0,0,0
29307,0,0,0,0,1,0,0,0,0
29308,0,0,0,0,1,0,0,0,0
29309,0,0,0,0,1,0,0,0,0
29310,0,0,0,0,1,0,0,0,0
29311,0,0,0,0,1,0,0,0,0
29312,0,0,0,0,1,0,0,0,0
29313,0,0,0,0,1,0,0,0,0
29314,0,0,0,0,1,0,0,0,0
29315,0,0,0,0,1,0,0,0,0
29316,0,0,0,0,1,0,0,0,0
29317,0,0,0,0,1,0,0,0,0
29318,0,0,0,0,1,0,0,0,0
29319,0,0,0,0,1,0,0,0,0
29320,0,0,0,0,1,0,0,0,0
29321,0,0,0,0,1,0,0,0,0
29322,0,0,0,0,1,0,0,0,0
29323,0,0,0,0,1,0,0,0,0
29324,0,0,0,0,1,0,0,0,0
29325,0,0,0,0,1,0,0,0,0
29326,0,0,0,0,1,0,0,0,0
29327,0,0,0,0,1,0,0,0,0
29328,0,0,0,0,1,0,0,0,0
29329,0,0,0,0,1,0,0,0,0
29330,0,0,0,0,1,0,0,0,0
29331,0,0,0,0,1,0,0,0,0
29332,0,0,0,0,1,0,0,0,0
29333,0,0,0,0,1,0,0,0,0
29334,0,0,0,0,1,0,0,0,0
29335,0,0,0,0,1,0,0,0,0
29336,0,0,0,0,1,0,0,0,0
29337,0,0,0,0,1,0,0,0,0
29338,0,0,0,0,1,0,0,0,0
29339,0,0,0,0,1,0,0,0,0
29340,0,0,0,0,1,0,0,0,0
29341,0,0,0,0,1,0,0,0,0
29342,0,0,0,0,1,0,0,0,0
29343,0,0,0,0,1,0,0,0,0
29344,0,0,0,0,1,0,0,0,0
29345,0,0,0,0,1,0,0,0,0
29346,0,0,0,0,1,0,0,0,0
29347,0,0,0,0,1,0,0,0,0
29348,0,0,0,0,1,0,0,0,0
29349,0,0,0,0,1,0,0,0,0
29350,0,0,0,0,1,0,0,0,0
29351,0,0,0,0,1,0,0,0,0
29352,0,0,0,0,1,0,0,0,0
29353,0,0,0,0,1,0,0,0,0
29354,0,0,0,0,1,0,0,0,0
29355,0,0,0,0,1,0,0,0,0
29356,0,0,0,0,1,0,0,0,0
29357,0,0,0,0,1,0,0,0,0
29358,0,0,0,0,1,0,0,0,0
29359,0,0,0,0,1,0,0,0,0
29360,0,0,0,0,1,0,0,0,0
29361,0,0,0,0,1,0,0,0,0
29362,0,0,0,0,1,0,0,0,0
29363,0,0,0,0,1,0,0,0,0
29364,0,0,0,0,1,0,0,0,0
29365,0,0,0,0,1,0,0,0,0
29366,0,0,0,0,1,0,0,0,0
29367,0,0,0,0,1,0,0,0,0
29368,0,0,0,0,1,0,0,0,0
29369,0,0,0,0,1,0,0,0,0
29370,0,0,0,0,1,0,0,0,0
29371,0,0,0,0,1,0,0,0,0
29372,0,0,0,0,1,0,0,0,0
29373,0,0,0,0,1,0,0,0,0
29374,0,0,0,0,1,0,0,0,0
29375,0,0,0,0,1,0,0,0,0
29376,0,0,0,0,1,0,0,0,0
29377,0,0,0,0,1,0,0,0,0
29378,0,0,0,0,1,0,0,0,0
29379,0,0,0,0,1,0,0,0,0
29380,0,0,0,0,1,0,0,0,0
29381,0,0,0,0,1,0,0,0,0
29382,0,0,0,0,1,0,0,0,0
29383,0,0,0,0,1,0,0,0,0
29384,0,0,0,0,1,0,0,0,0
29385,0,0,0,0,1,0,0,0,0
29386,0,0,0,0,1,0,0,0,0
29387,0,0,0,0,1,0,0,0,0
29388,0,0,0,0,1,0,0,0,0
29389,0,0,0,0,1,0,0,0,0
29390,0,0,0,0,1,0,0,0,0
29391,0,0,0,0,1,0,0,0,0
29392,0,0,0,0,1,0,0,0,0
29393,0,0,0,0,1,0,0,0,0
29394,0,0,0,0,1,0,0,0,0
29395,0,0,0,0,1,0,0,0,0
29396,0,0,0,0,1,0,0,0,0
29397,0,0,0,0,1,0,0,0,0
29398,0,0,0,0,1,0,0,0,0
29399,0,0,0,0,1,0,0,0,0
29400,0,0,0,0,1,0,0,0,0
29401,0,0,0,0,1,0,0,0,0
29402,0,0,0,0,1,0,0,0,0
29403,0,0,0,0,1,0,0,0,0
29404,0,0,0,0,1,0,0,0,0
29405,0,0,0,0,1,0,0,0,0
29406,0,0,0,0,1,0,0,0,0
29407,0,0,0,0,1,0,0,0,0
29408,0,0,0,0,1,0,0,0,0
29409,0,0,0,0,1,0,0,0,0
29410,0,0,0,0,1,0,0,0,0
29411,0,0,0,0,1,0,0,0,0
29412,0,0,0,0,1,0,0,0,0
29413,0,0,0,0,1,0,0,0,0
29414,0,0,0,0,1,0,0,0,0
29415,0,0,0,0,1,0,0,0,0
29416,0,0,0,0,1,0,0,0,0
29417,0,0,0,0,1,0,0,0,0
29418,0,0,0,0,1,0,0,0,0
29419,0,0,0,0,1,0,0,0,0
29420,0,0,0,0,1,0,0,0,0
29421,0,0,0,0,1,0,0,0,0
29422,0,0,0,0,1,0,0,0,0
29423,0,0,0,0,1,0,0,0,0
29424,0,0,0,0,1,0,0,0,0
29425,0,0,0,0,1,0,0,0,0
29426,0,0,0,0,1,0,0,0,0
29427,0,0,0,0,1,0,0,0,0
29428,0,0,0,0,1,0,0,0,0
29429,0,0,0,0,1,0,0,0,0
29430,0,0,0,0,1,0,0,0,0
29431,0,0,0,0,1,0,0,0,0
29432,0,0,0,0,1,0,0,0,0
29433,0,0,0,0,1,0,0,0,0
29434,0,0,0,0,1,0,0,0,0
29435,0,0,0,0,1,0,0,0,0
29436,0,0,0,0,1,0,0,0,0
29437,0,0,0,0,1,0,0,0,0
29438,0,0,0,0,1,0,0,0,0
29439,0,0,0,0,1,0,0,0,0
29440,0,0,0,0,1,0,0,0,0
29441,0,0,0,0,1,0,0,0,0
29442,0,0,0,0,1,0,0,0,0
29443,0,0,0,0,1,0,0,0,0
29444,0,0,0,0,1,0,0,0,0
29445,0,0,0,0,1,0,0,0,0
29446,0,0,0,0,1,0,0,0,0
29447,0,0,0,0,1,0,0,0,0
29448,0,0,0,0,1,0,0,0,0
29449,0,0,0,0,1,0,0,0,0
29450,0,0,0,0,1,0,0,0,0
29451,0,0,0,0,1,0,0,0,0
29452,0,0,0,0,1,0,0,0,0
29453,0,0,0,0,1,0,0,0,0
29454,0,0,0,0,1,0,0,0,0
29455,0,0,0,0,1,0,0,0,0
29456,0,0,0,0,1,0,0,0,0
29457,0,0,0,0,1,0,0,0,0
29458,0,0,0,0,1,0,0,0,0
29459,0,0,0,0,1,0,0,0,0
29460,0,0,0,0,1,0,0,0,0
29461,0,0,0,0,1,0,0,0,0
29462,0,0,0,0,1,0,0,0,0
29463,0,0,0,0,1,0,0,0,0
29464,0,0,0,0,1,0,0,0,0
29465,0,0,0,0,1,0,0,0,0
29466,0,0,0,0,1,0,0,0,0
29467,0,0,0,0,1,0,0,0,0
29468,0,0,0,0,1,0,0,0,0
29469,0,0,0,0,1,0,0,0,0
29470,0,0,0,0,1,0,0,0,0
29471,0,0,0,0,1,0,0,0,0
29472,0,0,0,0,1,0,0,0,0
29473,0,0,0,0,1,0,0,0,0
29474,0,0,0,0,1,0,0,0,0
29475,0,0,0,0,1,0,0,0,0
29476,0,0,0,0,1,0,0,0,0
29477,0,0,0,0,1,0,0,0,0
29478,0,0,0,0,1,0,0,0,0
29479,0,0,0,0,1,0,0,0,0
29480,0,0,0,0,1,0,0,0,0
29481,0,0,0,0,1,0,0,0,0
29482,0,0,0,0,1,0,0,0,0
29483,0,0,0,0,1,0,0,0,0
29484,0,0,0,0,1,0,0,0,0
29485,0,0,0,0,1,0,0,0,0
29486,0,0,0,0,1,0,0,0,0
29487,0,0,0,0,1,0,0,0,0
29488,0,0,0,0,1,0,0,0,0
29489,0,0,0,0,1,0,0,0,0
29490,0,0,0,0,1,0,0,0,0
29491,0,0,0,0,1,0,0,0,0
29492,0,0,0,0,1,0,0,0,0
29493,0,0,0,0,1,0,0,0,0
29494,0,0,0,0,1,0,0,0,0
29495,0,0,0,0,1,0,0,0,0
29496,0,0,0,0,1,0,0,0,0
29497,0,0,0,0,1,0,0,0,0
29498,0,0,0,0,1,0,0,0,0
29499,0,0,0,0,1,0,0,0,0
29500,0,0,0,0,1,0,0,0,0
29501,0,0,0,0,1,0,0,0,0
29502,0,0,0,0,1,0,0,0,0
29503,0,0,0,0,1,0,0,0,0
29504,0,0,0,0,1,0,0,0,0
29505,0,0,0,0,1,0,0,0,0
29506,0,0,0,0,1,0,0,0,0
29507,0,0,0,0,1,0,0,0,0
29508,0,0,0,0,1,0,0,0,0
29509,0,0,0,0,1,0,0,0,0
29510,0,0,0,0,1,0,0,0,0
29511,0,0,0,0,1,0,0,0,0
29512,0,0,0,0,1,0,0,0,0
29513,0,0,0,0,1,0,0,0,0
29514,0,0,0,0,1,0,0,0,0
29515,0,0,0,0,1,0,0,0,0
29516,0,0,0,0,1,0,0,0,0
29517,0,0,0,0,1,0,0,0,0
29518,0,0,0,0,1,0,0,0,0
29519,0,0,0,0,1,0,0,0,0
29520,0,0,0,0,1,0,0,0,0
29521,0,0,0,0,1,0,0,0,0
29522,0,0,0,0,1,0,0,0,0
29523,0,0,0,0,1,0,0,0,0
29524,0,0,0,0,1,0,0,0,0
29525,0,0,0,0,1,0,0,0,0
29526,0,0,0,0,1,0,0,0,0
29527,0,0,0,0,1,0,0,0,0
29528,0,0,0,0,1,0,0,0,0
29529,0,0,0,0,1,0,0,0,0
29530,0,0,0,0,1,0,0,0,0
29531,0,0,0,0,1,0,0,0,0
29532,0,0,0,0,1,0,0,0,0
29533,0,0,0,0,1,0,0,0,0
29534,0,0,0,0,1,0,0,0,0
29535,0,0,0,0,1,0,0,0,0
29536,0,0,0,0,1,0,0,0,0
29537,0,0,0,0,1,0,0,0,0
29538,0,0,0,0,1,0,0,0,0
29539,0,0,0,0,1,0,0,0,0
29540,0,0,0,0,1,0,0,0,0
29541,0,0,0,0,1,0,0,0,0
29542,0,0,0,0,1,0,0,0,0
29543,0,0,0,0,1,0,0,0,0
29544,0,0,0,0,1,0,0,0,0
29545,0,0,0,0,1,0,0,0,0
29546,0,0,0,0,1,0,0,0,0
29547,0,0,0,0,1,0,0,0,0
29548,0,0,0,0,1,0,0,0,0
29549,0,0,0,0,1,0,0,0,0
29550,0,0,0,0,1,0,0,0,0
29551,0,0,0,0,1,0,0,0,0
29552,0,0,0,0,1,0,0,0,0
29553,0,0,0,0,1,0,0,0,0
29554,0,0,0,0,1,0,0,0,0
29555,0,0,0,0,1,0,0,0,0
29556,0,0,0,0,1,0,0,0,0
29557,0,0,0,0,1,0,0,0,0
29558,0,0,0,0,1,0,0,0,0
29559,0,0,0,0,1,0,0,0,0
29560,0,0,0,0,1,0,0,0,0
29561,0,0,0,0,1,0,0,0,0
29562,0,0,0,0,1,0,0,0,0
29563,0,0,0,0,1,0,0,0,0
29564,0,0,0,0,1,0,0,0,0
29565,0,0,0,0,1,0,0,0,0
29566,0,0,0,0,1,0,0,0,0
29567,0,0,0,0,1,0,0,0,0
29568,0,0,0,0,1,0,0,0,0
29569,0,0,0,0,1,0,0,0,0
29570,0,0,0,0,1,0,0,0,0
29571,0,0,0,0,1,0,0,0,0
29572,0,0,0,0,1,0,0,0,0
29573,0,0,0,0,1,0,0,0,0
29574,0,0,0,0,1,0,0,0,0
29575,0,0,0,0,1,0,0,0,0
29576,0,0,0,0,1,0,0,0,0
29577,0,0,0,0,1,0,0,0,0
29578,0,0,0,0,1,0,0,0,0
29579,0,0,0,0,1,0,0,0,0
29580,0,0,0,0,1,0,0,0,0
29581,0,0,0,0,1,0,0,0,0
29582,0,0,0,0,1,0,0,0,0
29583,0,0,0,0,1,0,0,0,0
29584,0,0,0,0,1,0,0,0,0
29585,0,0,0,0,1,0,0,0,0
29586,0,0,0,0,1,0,0,0,0
29587,0,0,0,0,1,0,0,0,0
29588,0,0,0,0,1,0,0,0,0
29589,0,0,0,0,1,0,0,0,0
29590,0,0,0,0,1,0,0,0,0
29591,0,0,0,0,1,0,0,0,0
29592,0,0,0,0,1,0,0,0,0
29593,0,0,0,0,1,0,0,0,0
29594,0,0,0,0,1,0,0,0,0
29595,0,0,0,0,1,0,0,0,0
29596,0,0,0,0,1,0,0,0,0
29597,0,0,0,0,1,0,0,0,0
29598,0,0,0,0,1,0,0,0,0
29599,0,0,0,0,1,0,0,0,0
29600,0,0,0,0,1,0,0,0,0
29601,0,0,0,0,1,0,0,0,0
29602,0,0,0,0,1,0,0,0,0
29603,0,0,0,0,1,0,0,0,0
29604,0,0,0,0,1,0,0,0,0
29605,0,0,0,0,1,0,0,0,0
29606,0,0,0,0,1,0,0,0,0
29607,0,0,0,0,1,0,0,0,0
29608,0,0,0,0,1,0,0,0,0
29609,0,0,0,0,1,0,0,0,0
29610,0,0,0,0,1,0,0,0,0
29611,0,0,0,0,1,0,0,0,0
29612,0,0,0,0,1,0,0,0,0
29613,0,0,0,0,1,0,0,0,0
29614,0,0,0,0,1,0,0,0,0
29615,0,0,0,0,1,0,0,0,0
29616,0,0,0,0,1,0,0,0,0
29617,0,0,0,0,1,0,0,0,0
29618,0,0,0,0,1,0,0,0,0
29619,0,0,0,0,1,0,0,0,0
29620,0,0,0,0,1,0,0,0,0
29621,0,0,0,0,1,0,0,0,0
29622,0,0,0,0,1,0,0,0,0
29623,0,0,0,0,1,0,0,0,0
29624,0,0,0,0,1,0,0,0,0
29625,0,0,0,0,1,0,0,0,0
29626,0,0,0,0,1,0,0,0,0
29627,0,0,0,0,1,0,0,0,0
29628,0,0,0,0,1,0,0,0,0
29629,0,0,0,0,1,0,0,0,0
29630,0,0,0,0,1,0,0,0,0
29631,0,0,0,0,1,0,0,0,0
29632,0,0,0,0,1,0,0,0,0
29633,0,0,0,0,1,0,0,0,0
29634,0,0,0,0,1,0,0,0,0
29635,0,0,0,0,1,0,0,0,0
29636,0,0,0,0,1,0,0,0,0
29637,0,0,0,0,1,0,0,0,0
29638,0,0,0,0,1,0,0,0,0
29639,0,0,0,0,1,0,0,0,0
29640,0,0,0,0,1,0,0,0,0
29641,0,0,0,0,1,0,0,0,0
29642,0,0,0,0,1,0,0,0,0
29643,0,0,0,0,1,0,0,0,0
29644,0,0,0,0,1,0,0,0,0
29645,0,0,0,0,1,0,0,0,0
29646,0,0,0,0,1,0,0,0,0
29647,0,0,0,0,1,0,0,0,0
29648,0,0,0,0,1,0,0,0,0
29649,0,0,0,0,1,0,0,0,0
29650,0,0,0,0,1,0,0,0,0
29651,0,0,0,0,1,0,0,0,0
29652,0,0,0,0,1,0,0,0,0
29653,0,0,0,0,1,0,0,0,0
29654,0,0,0,0,1,0,0,0,0
29655,0,0,0,0,1,0,0,0,0
29656,0,0,0,0,1,0,0,0,0
29657,0,0,0,0,1,0,0,0,0
29658,0,0,0,0,1,0,0,0,0
29659,0,0,0,0,1,0,0,0,0
29660,0,0,0,0,1,0,0,0,0
29661,0,0,0,0,1,0,0,0,0
29662,0,0,0,0,1,0,0,0,0
29663,0,0,0,0,1,0,0,0,0
29664,0,0,0,0,1,0,0,0,0
29665,0,0,0,0,1,0,0,0,0
29666,0,0,0,0,1,0,0,0,0
29667,0,0,0,0,1,0,0,0,0
29668,0,0,0,0,1,0,0,0,0
29669,0,0,0,0,1,0,0,0,0
29670,0,0,0,0,1,0,0,0,0
29671,0,0,0,0,1,0,0,0,0
29672,0,0,0,0,1,0,0,0,0
29673,0,0,0,0,1,0,0,0,0
29674,0,0,0,0,1,0,0,0,0
29675,0,0,0,0,1,0,0,0,0
29676,0,0,0,0,1,0,0,0,0
29677,0,0,0,0,1,0,0,0,0
29678,0,0,0,0,1,0,0,0,0
29679,0,0,0,0,1,0,0,0,0
29680,0,0,0,0,1,0,0,0,0
29681,0,0,0,0,1,0,0,0,0
29682,0,0,0,0,1,0,0,0,0
29683,0,0,0,0,1,0,0,0,0
29684,0,0,0,0,1,0,0,0,0
29685,0,0,0,0,1,0,0,0,0
29686,0,0,0,0,1,0,0,0,0
29687,0,0,0,0,1,0,0,0,0
29688,0,0,0,0,1,0,0,0,0
29689,0,0,0,0,1,0,0,0,0
29690,0,0,0,0,1,0,0,0,0
29691,0,0,0,0,1,0,0,0,0
29692,0,0,0,0,1,0,0,0,0
29693,0,0,0,0,1,0,0,0,0
29694,0,0,0,0,1,0,0,0,0
29695,0,0,0,0,1,0,0,0,0
29696,0,0,0,0,1,0,0,0,0
29697,0,0,0,0,1,0,0,0,0
29698,0,0,0,0,1,0,0,0,0
29699,0,0,0,0,1,0,0,0,0
29700,0,0,0,0,1,0,0,0,0
29701,0,0,0,0,1,0,0,0,0
29702,0,0,0,0,1,0,0,0,0
29703,0,0,0,0,1,0,0,0,0
29704,0,0,0,0,1,0,0,0,0
29705,0,0,0,0,1,0,0,0,0
29706,0,0,0,0,1,0,0,0,0
29707,0,0,0,0,1,0,0,0,0
29708,0,0,0,0,1,0,0,0,0
29709,0,0,0,0,1,0,0,0,0
29710,0,0,0,0,1,0,0,0,0
29711,0,0,0,0,1,0,0,0,0
29712,0,0,0,0,1,0,0,0,0
29713,0,0,0,0,1,0,0,0,0
29714,0,0,0,0,1,0,0,0,0
29715,0,0,0,0,1,0,0,0,0
29716,0,0,0,0,1,0,0,0,0
29717,0,0,0,0,1,0,0,0,0
29718,0,0,0,0,1,0,0,0,0
29719,0,0,0,0,1,0,0,0,0
29720,0,0,0,0,1,0,0,0,0
29721,0,0,0,0,1,0,0,0,0
29722,0,0,0,0,1,0,0,0,0
29723,0,0,0,0,1,0,0,0,0
29724,0,0,0,0,1,0,0,0,0
29725,0,0,0,0,1,0,0,0,0
29726,0,0,0,0,1,0,0,0,0
29727,0,0,0,0,1,0,0,0,0
29728,0,0,0,0,1,0,0,0,0
29729,0,0,0,0,1,0,0,0,0
29730,0,0,0,0,1,0,0,0,0
29731,0,0,0,0,1,0,0,0,0
29732,0,0,0,0,1,0,0,0,0
29733,0,0,0,0,1,0,0,0,0
29734,0,0,0,0,1,0,0,0,0
29735,0,0,0,0,1,0,0,0,0
29736,0,0,0,0,1,0,0,0,0
29737,0,0,0,0,1,0,0,0,0
29738,0,0,0,0,1,0,0,0,0
29739,0,0,0,0,1,0,0,0,0
29740,0,0,0,0,1,0,0,0,0
29741,0,0,0,0,1,0,0,0,0
29742,0,0,0,0,1,0,0,0,0
29743,0,0,0,0,1,0,0,0,0
29744,0,0,0,0,1,0,0,0,0
29745,0,0,0,0,1,0,0,0,0
29746,0,0,0,0,1,0,0,0,0
29747,0,0,0,0,1,0,0,0,0
29748,0,0,0,0,1,0,0,0,0
29749,0,0,0,0,1,0,0,0,0
29750,0,0,0,0,1,0,0,0,0
29751,0,0,0,0,1,0,0,0,0
29752,0,0,0,0,1,0,0,0,0
29753,0,0,0,0,1,0,0,0,0
29754,0,0,0,0,1,0,0,0,0
29755,0,0,0,0,1,0,0,0,0
29756,0,0,0,0,1,0,0,0,0
29757,0,0,0,0,1,0,0,0,0
29758,0,0,0,0,1,0,0,0,0
29759,0,0,0,0,1,0,0,0,0
29760,0,0,0,0,1,0,0,0,0
29761,0,0,0,0,1,0,0,0,0
29762,0,0,0,0,1,0,0,0,0
29763,0,0,0,0,1,0,0,0,0
29764,0,0,0,0,1,0,0,0,0
29765,0,0,0,0,1,0,0,0,0
29766,0,0,0,0,1,0,0,0,0
29767,0,0,0,0,1,0,0,0,0
29768,0,0,0,0,1,0,0,0,0
29769,0,0,0,0,1,0,0,0,0
29770,0,0,0,0,1,0,0,0,0
29771,0,0,0,0,1,0,0,0,0
29772,0,0,0,0,1,0,0,0,0
29773,0,0,0,0,1,0,0,0,0
29774,0,0,0,0,1,0,0,0,0
29775,0,0,0,0,1,0,0,0,0
29776,0,0,0,0,1,0,0,0,0
29777,0,0,0,0,1,0,0,0,0
29778,0,0,0,0,1,0,0,0,0
29779,0,0,0,0,1,0,0,0,0
29780,0,0,0,0,1,0,0,0,0
29781,0,0,0,0,1,0,0,0,0
29782,0,0,0,0,1,0,0,0,0
29783,0,0,0,0,1,0,0,0,0
29784,0,0,0,0,1,0,0,0,0
29785,0,0,0,0,1,0,0,0,0
29786,0,0,0,0,1,0,0,0,0
29787,0,0,0,0,1,0,0,0,0
29788,0,0,0,0,1,0,0,0,0
29789,0,0,0,0,1,0,0,0,0
29790,0,0,0,0,1,0,0,0,0
29791,0,0,0,0,1,0,0,0,0
29792,0,0,0,0,1,0,0,0,0
29793,0,0,0,0,1,0,0,0,0
29794,0,0,0,0,1,0,0,0,0
29795,0,0,0,0,1,0,0,0,0
29796,0,0,0,0,1,0,0,0,0
29797,0,0,0,0,1,0,0,0,0
29798,0,0,0,0,1,0,0,0,0
29799,0,0,0,0,1,0,0,0,0
29800,0,0,0,0,1,0,0,0,0
29801,0,0,0,0,1,0,0,0,0
29802,0,0,0,0,1,0,0,0,0
29803,0,0,0,0,1,0,0,0,0
29804,0,0,0,0,1,0,0,0,0
29805,0,0,0,0,1,0,0,0,0
29806,0,0,0,0,1,0,0,0,0
29807,0,0,0,0,1,0,0,0,0
29808,0,0,0,0,1,0,0,0,0
29809,0,0,0,0,1,0,0,0,0
29810,0,0,0,0,1,0,0,0,0
29811,0,0,0,0,1,0,0,0,0
29812,0,0,0,0,1,0,0,0,0
29813,0,0,0,0,1,0,0,0,0
29814,0,0,0,0,1,0,0,0,0
29815,0,0,0,0,1,0,0,0,0
29816,0,0,0,0,1,0,0,0,0
29817,0,0,0,0,1,0,0,0,0
29818,0,0,0,0,1,0,0,0,0
29819,0,0,0,0,1,0,0,0,0
29820,0,0,0,0,1,0,0,0,0
29821,0,0,0,0,1,0,0,0,0
29822,0,0,0,0,1,0,0,0,0
29823,0,0,0,0,1,0,0,0,0
29824,0,0,0,0,1,0,0,0,0
29825,0,0,0,0,1,0,0,0,0
29826,0,0,0,0,1,0,0,0,0
29827,0,0,0,0,1,0,0,0,0
29828,0,0,0,0,1,0,0,0,0
29829,0,0,0,0,1,0,0,0,0
29830,0,0,0,0,1,0,0,0,0
29831,0,0,0,0,1,0,0,0,0
29832,0,0,0,0,1,0,0,0,0
29833,0,0,0,0,1,0,0,0,0
29834,0,0,0,0,1,0,0,0,0
29835,0,0,0,0,1,0,0,0,0
29836,0,0,0,0,1,0,0,0,0
29837,0,0,0,0,1,0,0,0,0
29838,0,0,0,0,1,0,0,0,0
29839,0,0,0,0,1,0,0,0,0
29840,0,0,0,0,1,0,0,0,0
29841,0,0,0,0,1,0,0,0,0
29842,0,0,0,0,1,0,0,0,0
29843,0,0,0,0,1,0,0,0,0
29844,0,0,0,0,1,0,0,0,0
29845,0,0,0,0,1,0,0,0,0
29846,0,0,0,0,1,0,0,0,0
29847,0,0,0,0,1,0,0,0,0
29848,0,0,0,0,1,0,0,0,0
29849,0,0,0,0,1,0,0,0,0
29850,0,0,0,0,1,0,0,0,0
29851,0,0,0,0,1,0,0,0,0
29852,0,0,0,0,1,0,0,0,0
29853,0,0,0,0,1,0,0,0,0
29854,0,0,0,0,1,0,0,0,0
29855,0,0,0,0,1,0,0,0,0
29856,0,0,0,0,1,0,0,0,0
29857,0,0,0,0,1,0,0,0,0
29858,0,0,0,0,1,0,0,0,0
29859,0,0,0,0,1,0,0,0,0
29860,0,0,0,0,1,0,0,0,0
29861,0,0,0,0,1,0,0,0,0
29862,0,0,0,0,1,0,0,0,0
29863,0,0,0,0,1,0,0,0,0
29864,0,0,0,0,1,0,0,0,0
29865,0,0,0,0,1,0,0,0,0
29866,0,0,0,0,1,0,0,0,0
29867,0,0,0,0,1,0,0,0,0
29868,0,0,0,0,1,0,0,0,0
29869,0,0,0,0,1,0,0,0,0
29870,0,0,0,0,1,0,0,0,0
29871,0,0,0,0,1,0,0,0,0
29872,0,0,0,0,1,0,0,0,0
29873,0,0,0,0,1,0,0,0,0
29874,0,0,0,0,1,0,0,0,0
29875,0,0,0,0,1,0,0,0,0
29876,0,0,0,0,1,0,0,0,0
29877,0,0,0,0,1,0,0,0,0
29878,0,0,0,0,1,0,0,0,0
29879,0,0,0,0,1,0,0,0,0
29880,0,0,0,0,1,0,0,0,0
29881,0,0,0,0,1,0,0,0,0
29882,0,0,0,0,1,0,0,0,0
29883,0,0,0,0,1,0,0,0,0
29884,0,0,0,0,1,0,0,0,0
29885,0,0,0,0,1,0,0,0,0
29886,0,0,0,0,1,0,0,0,0
29887,0,0,0,0,1,0,0,0,0
29888,0,0,0,0,1,0,0,0,0
29889,0,0,0,0,1,0,0,0,0
29890,0,0,0,0,1,0,0,0,0
29891,0,0,0,0,1,0,0,0,0
29892,0,0,0,0,1,0,0,0,0
29893,0,0,0,0,1,0,0,0,0
29894,0,0,0,0,1,0,0,0,0
29895,0,0,0,0,1,0,0,0,0
29896,0,0,0,0,1,0,0,0,0
29897,0,0,0,0,1,0,0,0,0
29898,0,0,0,0,1,0,0,0,0
29899,0,0,0,0,1,0,0,0,0
29900,0,0,0,0,1,0,0,0,0
29901,0,0,0,0,1,0,0,0,0
29902,0,0,0,0,1,0,0,0,0
29903,0,0,0,0,1,0,0,0,0
29904,0,0,0,0,1,0,0,0,0
29905,0,0,0,0,1,0,0,0,0
29906,0,0,0,0,1,0,0,0,0
29907,0,0,0,0,1,0,0,0,0
29908,0,0,0,0,1,0,0,0,0
29909,0,0,0,0,1,0,0,0,0
29910,0,0,0,0,1,0,0,0,0
29911,0,0,0,0,1,0,0,0,0
29912,0,0,0,0,1,0,0,0,0
29913,0,0,0,0,1,0,0,0,0
29914,0,0,0,0,1,0,0,0,0
29915,0,0,0,0,1,0,0,0,0
29916,0,0,0,0,1,0,0,0,0
29917,0,0,0,0,1,0,0,0,0
29918,0,0,0,0,1,0,0,0,0
29919,0,0,0,0,1,0,0,0,0
29920,0,0,0,0,1,0,0,0,0
29921,0,0,0,0,1,0,0,0,0
29922,0,0,0,0,1,0,0,0,0
29923,0,0,0,0,1,0,0,0,0
29924,0,0,0,0,1,0,0,0,0
29925,0,0,0,0,1,0,0,0,0
29926,0,0,0,0,1,0,0,0,0
29927,0,0,0,0,1,0,0,0,0
29928,0,0,0,0,1,0,0,0,0
29929,0,0,0,0,1,0,0,0,0
29930,0,0,0,0,1,0,0,0,0
29931,0,0,0,0,1,0,0,0,0
29932,0,0,0,0,1,0,0,0,0
29933,0,0,0,0,1,0,0,0,0
29934,0,0,0,0,1,0,0,0,0
29935,0,0,0,0,1,0,0,0,0
29936,0,0,0,0,1,0,0,0,0
29937,0,0,0,0,1,0,0,0,0
29938,0,0,0,0,1,0,0,0,0
29939,0,0,0,0,1,0,0,0,0
29940,0,0,0,0,1,0,0,0,0
29941,0,0,0,0,1,0,0,0,0
29942,0,0,0,0,1,0,0,0,0
29943,0,0,0,0,1,0,0,0,0
29944,0,0,0,0,1,0,0,0,0
29945,0,0,0,0,1,0,0,0,0
29946,0,0,0,0,1,0,0,0,0
29947,0,0,0,0,1,0,0,0,0
29948,0,0,0,0,1,0,0,0,0
29949,0,0,0,0,1,0,0,0,0
29950,0,0,0,0,1,0,0,0,0
29951,0,0,0,0,1,0,0,0,0
29952,0,0,0,0,1,0,0,0,0
29953,0,0,0,0,1,0,0,0,0
29954,0,0,0,0,1,0,0,0,0
29955,0,0,0,0,1,0,0,0,0
29956,0,0,0,0,1,0,0,0,0
29957,0,0,0,0,1,0,0,0,0
29958,0,0,0,0,1,0,0,0,0
29959,0,0,0,0,1,0,0,0,0
29960,0,0,0,0,1,0,0,0,0
29961,0,0,0,0,1,0,0,0,0
29962,0,0,0,0,1,0,0,0,0
29963,0,0,0,0,1,0,0,0,0
29964,0,0,0,0,1,0,0,0,0
29965,0,0,0,0,1,0,0,0,0
29966,0,0,0,0,1,0,0,0,0
29967,0,0,0,0,1,0,0,0,0
29968,0,0,0,0,1,0,0,0,0
29969,0,0,0,0,1,0,0,0,0
29970,0,0,0,0,1,0,0,0,0
29971,0,0,0,0,1,0,0,0,0
29972,0,0,0,0,1,0,0,0,0
29973,0,0,0,0,1,0,0,0,0
29974,0,0,0,0,1,0,0,0,0
29975,0,0,0,0,1,0,0,0,0
29976,0,0,0,0,1,0,0,0,0
29977,0,0,0,0,1,0,0,0,0
29978,0,0,0,0,1,0,0,0,0
29979,0,0,0,0,1,0,0,0,0
29980,0,0,0,0,1,0,0,0,0
29981,0,0,0,0,1,0,0,0,0
29982,0,0,0,0,1,0,0,0,0
29983,0,0,0,0,1,0,0,0,0
29984,0,0,0,0,1,0,0,0,0
29985,0,0,0,0,1,0,0,0,0
29986,0,0,0,0,1,0,0,0,0
29987,0,0,0,0,1,0,0,0,0
29988,0,0,0,0,1,0,0,0,0
29989,0,0,0,0,1,0,0,0,0
29990,0,0,0,0,1,0,0,0,0
29991,0,0,0,0,1,0,0,0,0
29992,0,0,0,0,1,0,0,0,0
29993,0,0,0,0,1,0,0,0,0
29994,0,0,0,0,1,0,0,0,0
29995,0,0,0,0,1,0,0,0,0
29996,0,0,0,0,1,0,0,0,0
29997,0,0,0,0,1,0,0,0,0
29998,0,0,0,0,1,0,0,0,0
29999,0,0,0,0,1,0,0,0,0
30000,0,0,0,0,1,0,0,0,0
30001,0,0,0,0,1,0,0,0,0
30002,0,0,0,0,1,0,0,0,0
30003,0,0,0,0,1,0,0,0,0
30004,0,0,0,0,1,0,0,0,0
30005,0,0,0,0,1,0,0,0,0
30006,0,0,0,0,1,0,0,0,0
30007,0,0,0,0,1,0,0,0,0
30008,0,0,0,0,1,0,0,0,0
30009,0,0,0,0,1,0,0,0,0
30010,0,0,0,0,1,0,0,0,0
30011,0,0,0,0,1,0,0,0,0
30012,0,0,0,0,1,0,0,0,0
30013,0,0,0,0,1,0,0,0,0
30014,0,0,0,0,1,0,0,0,0
30015,0,0,0,0,1,0,0,0,0
30016,0,0,0,0,1,0,0,0,0
30017,0,0,0,0,1,0,0,0,0
30018,0,0,0,0,1,0,0,0,0
30019,0,0,0,0,1,0,0,0,0
30020,0,0,0,0,1,0,0,0,0
30021,0,0,0,0,1,0,0,0,0
30022,0,0,0,0,1,0,0,0,0
30023,0,0,0,0,1,0,0,0,0
30024,0,0,0,0,1,0,0,0,0
30025,0,0,0,0,1,0,0,0,0
30026,0,0,0,0,1,0,0,0,0
30027,0,0,0,0,1,0,0,0,0
30028,0,0,0,0,1,0,0,0,0
30029,0,0,0,0,1,0,0,0,0
30030,0,0,0,0,1,0,0,0,0
30031,0,0,0,0,1,0,0,0,0
30032,0,0,0,0,1,0,0,0,0
30033,0,0,0,0,1,0,0,0,0
30034,0,0,0,0,1,0,0,0,0
30035,0,0,0,0,1,0,0,0,0
30036,0,0,0,0,1,0,0,0,0
30037,0,0,0,0,1,0,0,0,0
30038,0,0,0,0,1,0,0,0,0
30039,0,0,0,0,1,0,0,0,0
30040,0,0,0,0,1,0,0,0,0
30041,0,0,0,0,1,0,0,0,0
30042,0,0,0,0,1,0,0,0,0
30043,0,0,0,0,1,0,0,0,0
30044,0,0,0,0,1,0,0,0,0
30045,0,0,0,0,1,0,0,0,0
30046,0,0,0,0,1,0,0,0,0
30047,0,0,0,0,1,0,0,0,0
30048,0,0,0,0,1,0,0,0,0
30049,0,0,0,0,1,0,0,0,0
30050,0,0,0,0,1,0,0,0,0
30051,0,0,0,0,1,0,0,0,0
30052,0,0,0,0,1,0,0,0,0
30053,0,0,0,0,1,0,0,0,0
30054,0,0,0,0,1,0,0,0,0
30055,0,0,0,0,1,0,0,0,0
30056,0,0,0,0,1,0,0,0,0
30057,0,0,0,0,1,0,0,0,0
30058,0,0,0,0,1,0,0,0,0
30059,0,0,0,0,1,0,0,0,0
30060,0,0,0,0,1,0,0,0,0
30061,0,0,0,0,1,0,0,0,0
30062,0,0,0,0,1,0,0,0,0
30063,0,0,0,0,1,0,0,0,0
30064,0,0,0,0,1,0,0,0,0
30065,0,0,0,0,1,0,0,0,0
30066,0,0,0,0,1,0,0,0,0
30067,0,0,0,0,1,0,0,0,0
30068,0,0,0,0,1,0,0,0,0
30069,0,0,0,0,1,0,0,0,0
30070,0,0,0,0,1,0,0,0,0
30071,0,0,0,0,1,0,0,0,0
30072,0,0,0,0,1,0,0,0,0
30073,0,0,0,0,1,0,0,0,0
30074,0,0,0,0,1,0,0,0,0
30075,0,0,0,0,1,0,0,0,0
30076,0,0,0,0,1,0,0,0,0
30077,0,0,0,0,1,0,0,0,0
30078,0,0,0,0,1,0,0,0,0
30079,0,0,0,0,1,0,0,0,0
30080,0,0,0,0,1,0,0,0,0
30081,0,0,0,0,1,0,0,0,0
30082,0,0,0,0,1,0,0,0,0
30083,0,0,0,0,1,0,0,0,0
30084,0,0,0,0,1,0,0,0,0
30085,0,0,0,0,1,0,0,0,0
30086,0,0,0,0,1,0,0,0,0
30087,0,0,0,0,1,0,0,0,0
30088,0,0,0,0,1,0,0,0,0
30089,0,0,0,0,1,0,0,0,0
30090,0,0,0,0,1,0,0,0,0
30091,0,0,0,0,1,0,0,0,0
30092,0,0,0,0,1,0,0,0,0
30093,0,0,0,0,1,0,0,0,0
30094,0,0,0,0,1,0,0,0,0
30095,0,0,0,0,1,0,0,0,0
30096,0,0,0,0,1,0,0,0,0
30097,0,0,0,0,1,0,0,0,0
30098,0,0,0,0,1,0,0,0,0
30099,0,0,0,0,1,0,0,0,0
30100,0,0,0,0,1,0,0,0,0
30101,0,0,0,0,1,0,0,0,0
30102,0,0,0,0,1,0,0,0,0
30103,0,0,0,0,1,0,0,0,0
30104,0,0,0,0,1,0,0,0,0
30105,0,0,0,0,1,0,0,0,0
30106,0,0,0,0,1,0,0,0,0
30107,0,0,0,0,1,0,0,0,0
30108,0,0,0,0,1,0,0,0,0
30109,0,0,0,0,1,0,0,0,0
30110,0,0,0,0,1,0,0,0,0
30111,0,0,0,0,1,0,0,0,0
30112,0,0,0,0,1,0,0,0,0
30113,0,0,0,0,1,0,0,0,0
30114,0,0,0,0,1,0,0,0,0
30115,0,0,0,0,1,0,0,0,0
30116,0,0,0,0,1,0,0,0,0
30117,0,0,0,0,1,0,0,0,0
30118,0,0,0,0,1,0,0,0,0
30119,0,0,0,0,1,0,0,0,0
30120,0,0,0,0,1,0,0,0,0
30121,0,0,0,0,1,0,0,0,0
30122,0,0,0,0,1,0,0,0,0
30123,0,0,0,0,1,0,0,0,0
30124,0,0,0,0,1,0,0,0,0
30125,0,0,0,0,1,0,0,0,0
30126,0,0,0,0,1,0,0,0,0
30127,0,0,0,0,1,0,0,0,0
30128,0,0,0,0,1,0,0,0,0
30129,0,0,0,0,1,0,0,0,0
30130,0,0,0,0,1,0,0,0,0
30131,0,0,0,0,1,0,0,0,0
30132,0,0,0,0,1,0,0,0,0
30133,0,0,0,0,1,0,0,0,0
30134,0,0,0,0,1,0,0,0,0
30135,0,0,0,0,1,0,0,0,0
30136,0,0,0,0,1,0,0,0,0
30137,0,0,0,0,1,0,0,0,0
30138,0,0,0,0,1,0,0,0,0
30139,0,0,0,0,1,0,0,0,0
30140,0,0,0,0,1,0,0,0,0
30141,0,0,0,0,1,0,0,0,0
30142,0,0,0,0,1,0,0,0,0
30143,0,0,0,0,1,0,0,0,0
30144,0,0,0,0,1,0,0,0,0
30145,0,0,0,0,1,0,0,0,0
30146,0,0,0,0,1,0,0,0,0
30147,0,0,0,0,1,0,0,0,0
30148,0,0,0,0,1,0,0,0,0
30149,0,0,0,0,1,0,0,0,0
30150,0,0,0,0,1,0,0,0,0
30151,0,0,0,0,1,0,0,0,0
30152,0,0,0,0,1,0,0,0,0
30153,0,0,0,0,1,0,0,0,0
30154,0,0,0,0,1,0,0,0,0
30155,0,0,0,0,1,0,0,0,0
30156,0,0,0,0,1,0,0,0,0
30157,0,0,0,0,1,0,0,0,0
30158,0,0,0,0,1,0,0,0,0
30159,0,0,0,0,1,0,0,0,0
30160,0,0,0,0,1,0,0,0,0
30161,0,0,0,0,1,0,0,0,0
30162,0,0,0,0,1,0,0,0,0
30163,0,0,0,0,1,0,0,0,0
30164,0,0,0,0,1,0,0,0,0
30165,0,0,0,0,1,0,0,0,0
30166,0,0,0,0,1,0,0,0,0
30167,0,0,0,0,1,0,0,0,0
30168,0,0,0,0,1,0,0,0,0
30169,0,0,0,0,1,0,0,0,0
30170,0,0,0,0,1,0,0,0,0
30171,0,0,0,0,1,0,0,0,0
30172,0,0,0,0,1,0,0,0,0
30173,0,0,0,0,1,0,0,0,0
30174,0,0,0,0,1,0,0,0,0
30175,0,0,0,0,1,0,0,0,0
30176,0,0,0,0,1,0,0,0,0
30177,0,0,0,0,1,0,0,0,0
30178,0,0,0,0,1,0,0,0,0
30179,0,0,0,0,1,0,0,0,0
30180,0,0,0,0,1,0,0,0,0
30181,0,0,0,0,1,0,0,0,0
30182,0,0,0,0,1,0,0,0,0
30183,0,0,0,0,1,0,0,0,0
30184,0,0,0,0,1,0,0,0,0
30185,0,0,0,0,1,0,0,0,0
30186,0,0,0,0,1,0,0,0,0
30187,0,0,0,0,1,0,0,0,0
30188,0,0,0,0,1,0,0,0,0
30189,0,0,0,0,1,0,0,0,0
30190,0,0,0,0,1,0,0,0,0
30191,0,0,0,0,1,0,0,0,0
30192,0,0,0,0,1,0,0,0,0
30193,0,0,0,0,1,0,0,0,0
30194,0,0,0,0,1,0,0,0,0
30195,0,0,0,0,1,0,0,0,0
30196,0,0,0,0,1,0,0,0,0
30197,0,0,0,0,1,0,0,0,0
30198,0,0,0,0,1,0,0,0,0
30199,0,0,0,0,1,0,0,0,0
30200,0,0,0,0,1,0,0,0,0
30201,0,0,0,0,1,0,0,0,0
30202,0,0,0,0,1,0,0,0,0
30203,0,0,0,0,1,0,0,0,0
30204,0,0,0,0,1,0,0,0,0
30205,0,0,0,0,1,0,0,0,0
30206,0,0,0,0,1,0,0,0,0
30207,0,0,0,0,1,0,0,0,0
30208,0,0,0,0,1,0,0,0,0
30209,0,0,0,0,1,0,0,0,0
30210,0,0,0,0,1,0,0,0,0
30211,0,0,0,0,1,0,0,0,0
30212,0,0,0,0,1,0,0,0,0
30213,0,0,0,0,1,0,0,0,0
30214,0,0,0,0,1,0,0,0,0
30215,0,0,0,0,1,0,0,0,0
30216,0,0,0,0,1,0,0,0,0
30217,0,0,0,0,1,0,0,0,0
30218,0,0,0,0,1,0,0,0,0
30219,0,0,0,0,1,0,0,0,0
30220,0,0,0,0,1,0,0,0,0
30221,0,0,0,0,1,0,0,0,0
30222,0,0,0,0,1,0,0,0,0
30223,0,0,0,0,1,0,0,0,0
30224,0,0,0,0,1,0,0,0,0
30225,0,0,0,0,1,0,0,0,0
30226,0,0,0,0,1,0,0,0,0
30227,0,0,0,0,1,0,0,0,0
30228,0,0,0,0,1,0,0,0,0
30229,0,0,0,0,1,0,0,0,0
30230,0,0,0,0,1,0,0,0,0
30231,0,0,0,0,1,0,0,0,0
30232,0,0,0,0,1,0,0,0,0
30233,0,0,0,0,1,0,0,0,0
30234,0,0,0,0,1,0,0,0,0
30235,0,0,0,0,1,0,0,0,0
30236,0,0,0,0,1,0,0,0,0
30237,0,0,0,0,1,0,0,0,0
30238,0,0,0,0,1,0,0,0,0
30239,0,0,0,0,1,0,0,0,0
30240,0,0,0,0,1,0,0,0,0
30241,0,0,0,0,1,0,0,0,0
30242,0,0,0,0,1,0,0,0,0
30243,0,0,0,0,1,0,0,0,0
30244,0,0,0,0,1,0,0,0,0
30245,0,0,0,0,1,0,0,0,0
30246,0,0,0,0,1,0,0,0,0
30247,0,0,0,0,1,0,0,0,0
30248,0,0,0,0,1,0,0,0,0
30249,0,0,0,0,1,0,0,0,0
30250,0,0,0,0,1,0,0,0,0
30251,0,0,0,0,1,0,0,0,0
30252,0,0,0,0,1,0,0,0,0
30253,0,0,0,0,1,0,0,0,0
30254,0,0,0,0,1,0,0,0,0
30255,0,0,0,0,1,0,0,0,0
30256,0,0,0,0,1,0,0,0,0
30257,0,0,0,0,1,0,0,0,0
30258,0,0,0,0,1,0,0,0,0
30259,0,0,0,0,1,0,0,0,0
30260,0,0,0,0,1,0,0,0,0
30261,0,0,0,0,1,0,0,0,0
30262,0,0,0,0,1,0,0,0,0
30263,0,0,0,0,1,0,0,0,0
30264,0,0,0,0,1,0,0,0,0
30265,0,0,0,0,1,0,0,0,0
30266,0,0,0,0,1,0,0,0,0
30267,0,0,0,0,1,0,0,0,0
30268,0,0,0,0,1,0,0,0,0
30269,0,0,0,0,1,0,0,0,0
30270,0,0,0,0,1,0,0,0,0
30271,0,0,0,0,1,0,0,0,0
30272,0,0,0,0,1,0,0,0,0
30273,0,0,0,0,1,0,0,0,0
30274,0,0,0,0,1,0,0,0,0
30275,0,0,0,0,1,0,0,0,0
30276,0,0,0,0,1,0,0,0,0
30277,0,0,0,0,1,0,0,0,0
30278,0,0,0,0,1,0,0,0,0
30279,0,0,0,0,1,0,0,0,0
30280,0,0,0,0,1,0,0,0,0
30281,0,0,0,0,1,0,0,0,0
30282,0,0,0,0,1,0,0,0,0
30283,0,0,0,0,1,0,0,0,0
30284,0,0,0,0,1,0,0,0,0
30285,0,0,0,0,1,0,0,0,0
30286,0,0,0,0,1,0,0,0,0
30287,0,0,0,0,1,0,0,0,0
30288,0,0,0,0,1,0,0,0,0
30289,0,0,0,0,1,0,0,0,0
30290,0,0,0,0,1,0,0,0,0
30291,0,0,0,0,1,0,0,0,0
30292,0,0,0,0,1,0,0,0,0
30293,0,0,0,0,1,0,0,0,0
30294,0,0,0,0,1,0,0,0,0
30295,0,0,0,0,1,0,0,0,0
30296,0,0,0,0,1,0,0,0,0
30297,0,0,0,0,1,0,0,0,0
30298,0,0,0,0,1,0,0,0,0
30299,0,0,0,0,1,0,0,0,0
30300,0,0,0,0,1,0,0,0,0
30301,0,0,0,0,1,0,0,0,0
30302,0,0,0,0,1,0,0,0,0
30303,0,0,0,0,1,0,0,0,0
30304,0,0,0,0,1,0,0,0,0
30305,0,0,0,0,1,0,0,0,0
30306,0,0,0,0,1,0,0,0,0
30307,0,0,0,0,1,0,0,0,0
30308,0,0,0,0,1,0,0,0,0
30309,0,0,0,0,1,0,0,0,0
30310,0,0,0,0,1,0,0,0,0
30311,0,0,0,0,1,0,0,0,0
30312,0,0,0,0,1,0,0,0,0
30313,0,0,0,0,1,0,0,0,0
30314,0,0,0,0,1,0,0,0,0
30315,0,0,0,0,1,0,0,0,0
30316,0,0,0,0,1,0,0,0,0
30317,0,0,0,0,1,0,0,0,0
30318,0,0,0,0,1,0,0,0,0
30319,0,0,0,0,1,0,0,0,0
30320,0,0,0,0,1,0,0,0,0
30321,0,0,0,0,1,0,0,0,0
30322,0,0,0,0,1,0,0,0,0
30323,0,0,0,0,1,0,0,0,0
30324,0,0,0,0,1,0,0,0,0
30325,0,0,0,0,1,0,0,0,0
30326,0,0,0,0,1,0,0,0,0
30327,0,0,0,0,1,0,0,0,0
30328,0,0,0,0,1,0,0,0,0
30329,0,0,0,0,1,0,0,0,0
30330,0,0,0,0,1,0,0,0,0
30331,0,0,0,0,1,0,0,0,0
30332,0,0,0,0,1,0,0,0,0
30333,0,0,0,0,1,0,0,0,0
30334,0,0,0,0,1,0,0,0,0
30335,0,0,0,0,1,0,0,0,0
30336,0,0,0,0,1,0,0,0,0
30337,0,0,0,0,1,0,0,0,0
30338,0,0,0,0,1,0,0,0,0
30339,0,0,0,0,1,0,0,0,0
30340,0,0,0,0,1,0,0,0,0
30341,0,0,0,0,1,0,0,0,0
30342,0,0,0,0,1,0,0,0,0
30343,0,0,0,0,1,0,0,0,0
30344,0,0,0,0,1,0,0,0,0
30345,0,0,0,0,1,0,0,0,0
30346,0,0,0,0,1,0,0,0,0
30347,0,0,0,0,1,0,0,0,0
30348,0,0,0,0,1,0,0,0,0
30349,0,0,0,0,1,0,0,0,0
30350,0,0,0,0,1,0,0,0,0
30351,0,0,0,0,1,0,0,0,0
30352,0,0,0,0,1,0,0,0,0
30353,0,0,0,0,1,0,0,0,0
30354,0,0,0,0,1,0,0,0,0
30355,0,0,0,0,1,0,0,0,0
30356,0,0,0,0,1,0,0,0,0
30357,0,0,0,0,1,0,0,0,0
30358,0,0,0,0,1,0,0,0,0
30359,0,0,0,0,1,0,0,0,0
30360,0,0,0,0,1,0,0,0,0
30361,0,0,0,0,1,0,0,0,0
30362,0,0,0,0,1,0,0,0,0
30363,0,0,0,0,1,0,0,0,0
30364,0,0,0,0,1,0,0,0,0
30365,0,0,0,0,1,0,0,0,0
30366,0,0,0,0,1,0,0,0,0
30367,0,0,0,0,1,0,0,0,0
30368,0,0,0,0,1,0,0,0,0
30369,0,0,0,0,1,0,0,0,0
30370,0,0,0,0,1,0,0,0,0
30371,0,0,0,0,1,0,0,0,0
30372,0,0,0,0,1,0,0,0,0
30373,0,0,0,0,1,0,0,0,0
30374,0,0,0,0,1,0,0,0,0
30375,0,0,0,0,1,0,0,0,0
30376,0,0,0,0,1,0,0,0,0
30377,0,0,0,0,1,0,0,0,0
30378,0,0,0,0,1,0,0,0,0
30379,0,0,0,0,1,0,0,0,0
30380,0,0,0,0,1,0,0,0,0
30381,0,0,0,0,1,0,0,0,0
30382,0,0,0,0,1,0,0,0,0
30383,0,0,0,0,1,0,0,0,0
30384,0,0,0,0,1,0,0,0,0
30385,0,0,0,0,1,0,0,0,0
30386,0,0,0,0,1,0,0,0,0
30387,0,0,0,0,1,0,0,0,0
30388,0,0,0,0,1,0,0,0,0
30389,0,0,0,0,1,0,0,0,0
30390,0,0,0,0,1,0,0,0,0
30391,0,0,0,0,1,0,0,0,0
30392,0,0,0,0,1,0,0,0,0
30393,0,0,0,0,1,0,0,0,0
30394,0,0,0,0,1,0,0,0,0
30395,0,0,0,0,1,0,0,0,0
30396,0,0,0,0,1,0,0,0,0
30397,0,0,0,0,1,0,0,0,0
30398,0,0,0,0,1,0,0,0,0
30399,0,0,0,0,1,0,0,0,0
30400,0,0,0,0,1,0,0,0,0
30401,0,0,0,0,1,0,0,0,0
30402,0,0,0,0,1,0,0,0,0
30403,0,0,0,0,1,0,0,0,0
30404,0,0,0,0,1,0,0,0,0
30405,0,0,0,0,1,0,0,0,0
30406,0,0,0,0,1,0,0,0,0
30407,0,0,0,0,1,0,0,0,0
30408,0,0,0,0,1,0,0,0,0
30409,0,0,0,0,1,0,0,0,0
30410,0,0,0,0,1,0,0,0,0
30411,0,0,0,0,1,0,0,0,0
30412,0,0,0,0,1,0,0,0,0
30413,0,0,0,0,1,0,0,0,0
30414,0,0,0,0,1,0,0,0,0
30415,0,0,0,0,1,0,0,0,0
30416,0,0,0,0,1,0,0,0,0
30417,0,0,0,0,1,0,0,0,0
30418,0,0,0,0,1,0,0,0,0
30419,0,0,0,0,1,0,0,0,0
30420,0,0,0,0,1,0,0,0,0
30421,0,0,0,0,1,0,0,0,0
30422,0,0,0,0,1,0,0,0,0
30423,0,0,0,0,1,0,0,0,0
30424,0,0,0,0,1,0,0,0,0
30425,0,0,0,0,1,0,0,0,0
30426,0,0,0,0,1,0,0,0,0
30427,0,0,0,0,1,0,0,0,0
30428,0,0,0,0,1,0,0,0,0
30429,0,0,0,0,1,0,0,0,0
30430,0,0,0,0,1,0,0,0,0
30431,0,0,0,0,1,0,0,0,0
30432,0,0,0,0,1,0,0,0,0
30433,0,0,0,0,1,0,0,0,0
30434,0,0,0,0,1,0,0,0,0
30435,0,0,0,0,1,0,0,0,0
30436,0,0,0,0,1,0,0,0,0
30437,0,0,0,0,1,0,0,0,0
30438,0,0,0,0,1,0,0,0,0
30439,0,0,0,0,1,0,0,0,0
30440,0,0,0,0,1,0,0,0,0
30441,0,0,0,0,1,0,0,0,0
30442,0,0,0,0,1,0,0,0,0
30443,0,0,0,0,1,0,0,0,0
30444,0,0,0,0,1,0,0,0,0
30445,0,0,0,0,1,0,0,0,0
30446,0,0,0,0,1,0,0,0,0
30447,0,0,0,0,1,0,0,0,0
30448,0,0,0,0,1,0,0,0,0
30449,0,0,0,0,1,0,0,0,0
30450,0,0,0,0,1,0,0,0,0
30451,0,0,0,0,1,0,0,0,0
30452,0,0,0,0,1,0,0,0,0
30453,0,0,0,0,1,0,0,0,0
30454,0,0,0,0,1,0,0,0,0
30455,0,0,0,0,1,0,0,0,0
30456,0,0,0,0,1,0,0,0,0
30457,0,0,0,0,1,0,0,0,0
30458,0,0,0,0,1,0,0,0,0
30459,0,0,0,0,1,0,0,0,0
30460,0,0,0,0,1,0,0,0,0
30461,0,0,0,0,1,0,0,0,0
30462,0,0,0,0,1,0,0,0,0
30463,0,0,0,0,1,0,0,0,0
30464,0,0,0,0,1,0,0,0,0
30465,0,0,0,0,1,0,0,0,0
30466,0,0,0,0,1,0,0,0,0
30467,0,0,0,0,1,0,0,0,0
30468,0,0,0,0,1,0,0,0,0
30469,0,0,0,0,1,0,0,0,0
30470,0,0,0,0,1,0,0,0,0
30471,0,0,0,0,1,0,0,0,0
30472,0,0,0,0,1,0,0,0,0
30473,0,0,0,0,1,0,0,0,0
30474,0,0,0,0,1,0,0,0,0
30475,0,0,0,0,1,0,0,0,0
30476,0,0,0,0,1,0,0,0,0
30477,0,0,0,0,1,0,0,0,0
30478,0,0,0,0,1,0,0,0,0
30479,0,0,0,0,1,0,0,0,0
30480,0,0,0,0,1,0,0,0,0
30481,0,0,0,0,1,0,0,0,0
30482,0,0,0,0,1,0,0,0,0
30483,0,0,0,0,1,0,0,0,0
30484,0,0,0,0,1,0,0,0,0
30485,0,0,0,0,1,0,0,0,0
30486,0,0,0,0,1,0,0,0,0
30487,0,0,0,0,1,0,0,0,0
30488,0,0,0,0,1,0,0,0,0
30489,0,0,0,0,1,0,0,0,0
30490,0,0,0,0,1,0,0,0,0
30491,0,0,0,0,1,0,0,0,0
30492,0,0,0,0,1,0,0,0,0
30493,0,0,0,0,1,0,0,0,0
30494,0,0,0,0,1,0,0,0,0
30495,0,0,0,0,1,0,0,0,0
30496,0,0,0,0,1,0,0,0,0
30497,0,0,0,0,1,0,0,0,0
30498,0,0,0,0,1,0,0,0,0
30499,0,0,0,0,1,0,0,0,0
30500,0,0,0,0,1,0,0,0,0
30501,0,0,0,0,1,0,0,0,0
30502,0,0,0,0,1,0,0,0,0
30503,0,0,0,0,1,0,0,0,0
30504,0,0,0,0,1,0,0,0,0
30505,0,0,0,0,1,0,0,0,0
30506,0,0,0,0,1,0,0,0,0
30507,0,0,0,0,1,0,0,0,0
30508,0,0,0,0,1,0,0,0,0
30509,0,0,0,0,1,0,0,0,0
30510,0,0,0,0,1,0,0,0,0
30511,0,0,0,0,1,0,0,0,0
30512,0,0,0,0,1,0,0,0,0
30513,0,0,0,0,1,0,0,0,0
30514,0,0,0,0,1,0,0,0,0
30515,0,0,0,0,1,0,0,0,0
30516,0,0,0,0,1,0,0,0,0
30517,0,0,0,0,1,0,0,0,0
30518,0,0,0,0,1,0,0,0,0
30519,0,0,0,0,1,0,0,0,0
30520,0,0,0,0,1,0,0,0,0
30521,0,0,0,0,1,0,0,0,0
30522,0,0,0,0,1,0,0,0,0
30523,0,0,0,0,1,0,0,0,0
30524,0,0,0,0,1,0,0,0,0
30525,0,0,0,0,1,0,0,0,0
30526,0,0,0,0,1,0,0,0,0
30527,0,0,0,0,1,0,0,0,0
30528,0,0,0,0,1,0,0,0,0
30529,0,0,0,0,1,0,0,0,0
30530,0,0,0,0,1,0,0,0,0
30531,0,0,0,0,1,0,0,0,0
30532,0,0,0,0,1,0,0,0,0
30533,0,0,0,0,1,0,0,0,0
30534,0,0,0,0,1,0,0,0,0
30535,0,0,0,0,1,0,0,0,0
30536,0,0,0,0,1,0,0,0,0
30537,0,0,0,0,1,0,0,0,0
30538,0,0,0,0,1,0,0,0,0
30539,0,0,0,0,1,0,0,0,0
30540,0,0,0,0,1,0,0,0,0
30541,0,0,0,0,1,0,0,0,0
30542,0,0,0,0,1,0,0,0,0
30543,0,0,0,0,1,0,0,0,0
30544,0,0,0,0,1,0,0,0,0
30545,0,0,0,0,1,0,0,0,0
30546,0,0,0,0,1,0,0,0,0
30547,0,0,0,0,1,0,0,0,0
30548,0,0,0,0,1,0,0,0,0
30549,0,0,0,0,1,0,0,0,0
30550,0,0,0,0,1,0,0,0,0
30551,0,0,0,0,1,0,0,0,0
30552,0,0,0,0,1,0,0,0,0
30553,0,0,0,0,1,0,0,0,0
30554,0,0,0,0,1,0,0,0,0
30555,0,0,0,0,1,0,0,0,0
30556,0,0,0,0,1,0,0,0,0
30557,0,0,0,0,1,0,0,0,0
30558,0,0,0,0,1,0,0,0,0
30559,0,0,0,0,1,0,0,0,0
30560,0,0,0,0,1,0,0,0,0
30561,0,0,0,0,1,0,0,0,0
30562,0,0,0,0,1,0,0,0,0
30563,0,0,0,0,1,0,0,0,0
30564,0,0,0,0,1,0,0,0,0
30565,0,0,0,0,1,0,0,0,0
30566,0,0,0,0,1,0,0,0,0
30567,0,0,0,0,1,0,0,0,0
30568,0,0,0,0,1,0,0,0,0
30569,0,0,0,0,1,0,0,0,0
30570,0,0,0,0,1,0,0,0,0
30571,0,0,0,0,1,0,0,0,0
30572,0,0,0,0,1,0,0,0,0
30573,0,0,0,0,1,0,0,0,0
30574,0,0,0,0,1,0,0,0,0
30575,0,0,0,0,1,0,0,0,0
30576,0,0,0,0,1,0,0,0,0
30577,0,0,0,0,1,0,0,0,0
30578,0,0,0,0,1,0,0,0,0
30579,0,0,0,0,1,0,0,0,0
30580,0,0,0,0,1,0,0,0,0
30581,0,0,0,0,1,0,0,0,0
30582,0,0,0,0,1,0,0,0,0
30583,0,0,0,0,1,0,0,0,0
30584,0,0,0,0,1,0,0,0,0
30585,0,0,0,0,1,0,0,0,0
30586,0,0,0,0,1,0,0,0,0
30587,0,0,0,0,1,0,0,0,0
30588,0,0,0,0,1,0,0,0,0
30589,0,0,0,0,1,0,0,0,0
30590,0,0,0,0,1,0,0,0,0
30591,0,0,0,0,1,0,0,0,0
30592,0,0,0,0,1,0,0,0,0
30593,0,0,0,0,1,0,0,0,0
30594,0,0,0,0,1,0,0,0,0
30595,0,0,0,0,1,0,0,0,0
30596,0,0,0,0,1,0,0,0,0
30597,0,0,0,0,1,0,0,0,0
30598,0,0,0,0,1,0,0,0,0
30599,0,0,0,0,1,0,0,0,0
30600,0,0,0,0,1,0,0,0,0
30601,0,0,0,0,1,0,0,0,0
30602,0,0,0,0,1,0,0,0,0
30603,0,0,0,0,1,0,0,0,0
30604,0,0,0,0,1,0,0,0,0
30605,0,0,0,0,1,0,0,0,0
30606,0,0,0,0,1,0,0,0,0
30607,0,0,0,0,1,0,0,0,0
30608,0,0,0,0,1,0,0,0,0
30609,0,0,0,0,1,0,0,0,0
30610,0,0,0,0,1,0,0,0,0
30611,0,0,0,0,1,0,0,0,0
30612,0,0,0,0,1,0,0,0,0
30613,0,0,0,0,1,0,0,0,0
30614,0,0,0,0,1,0,0,0,0
30615,0,0,0,0,1,0,0,0,0
30616,0,0,0,0,1,0,0,0,0
30617,0,0,0,0,1,0,0,0,0
30618,0,0,0,0,1,0,0,0,0
30619,0,0,0,0,1,0,0,0,0
30620,0,0,0,0,1,0,0,0,0
30621,0,0,0,0,1,0,0,0,0
30622,0,0,0,0,1,0,0,0,0
30623,0,0,0,0,1,0,0,0,0
30624,0,0,0,0,1,0,0,0,0
30625,0,0,0,0,1,0,0,0,0
30626,0,0,0,0,1,0,0,0,0
30627,0,0,0,0,1,0,0,0,0
30628,0,0,0,0,1,0,0,0,0
30629,0,0,0,0,1,0,0,0,0
30630,0,0,0,0,1,0,0,0,0
30631,0,0,0,0,1,0,0,0,0
30632,0,0,0,0,1,0,0,0,0
30633,0,0,0,0,1,0,0,0,0
30634,0,0,0,0,1,0,0,0,0
30635,0,0,0,0,1,0,0,0,0
30636,0,0,0,0,1,0,0,0,0
30637,0,0,0,0,1,0,0,0,0
30638,0,0,0,0,1,0,0,0,0
30639,0,0,0,0,1,0,0,0,0
30640,0,0,0,0,1,0,0,0,0
30641,0,0,0,0,1,0,0,0,0
30642,0,0,0,0,1,0,0,0,0
30643,0,0,0,0,1,0,0,0,0
30644,0,0,0,0,1,0,0,0,0
30645,0,0,0,0,1,0,0,0,0
30646,0,0,0,0,1,0,0,0,0
30647,0,0,0,0,1,0,0,0,0
30648,0,0,0,0,1,0,0,0,0
30649,0,0,0,0,1,0,0,0,0
30650,0,0,0,0,1,0,0,0,0
30651,0,0,0,0,1,0,0,0,0
30652,0,0,0,0,1,0,0,0,0
30653,0,0,0,0,1,0,0,0,0
30654,0,0,0,0,1,0,0,0,0
30655,0,0,0,0,1,0,0,0,0
30656,0,0,0,0,1,0,0,0,0
30657,0,0,0,0,1,0,0,0,0
30658,0,0,0,0,1,0,0,0,0
30659,0,0,0,0,1,0,0,0,0
30660,0,0,0,0,1,0,0,0,0
30661,0,0,0,0,1,0,0,0,0
30662,0,0,0,0,1,0,0,0,0
30663,0,0,0,0,1,0,0,0,0
30664,0,0,0,0,1,0,0,0,0
30665,0,0,0,0,1,0,0,0,0
30666,0,0,0,0,1,0,0,0,0
30667,0,0,0,0,1,0,0,0,0
30668,0,0,0,0,1,0,0,0,0
30669,0,0,0,0,1,0,0,0,0
30670,0,0,0,0,1,0,0,0,0
30671,0,0,0,0,1,0,0,0,0
30672,0,0,0,0,1,0,0,0,0
30673,0,0,0,0,1,0,0,0,0
30674,0,0,0,0,1,0,0,0,0
30675,0,0,0,0,1,0,0,0,0
30676,0,0,0,0,1,0,0,0,0
30677,0,0,0,0,1,0,0,0,0
30678,0,0,0,0,1,0,0,0,0
30679,0,0,0,0,1,0,0,0,0
30680,0,0,0,0,1,0,0,0,0
30681,0,0,0,0,1,0,0,0,0
30682,0,0,0,0,1,0,0,0,0
30683,0,0,0,0,1,0,0,0,0
30684,0,0,0,0,1,0,0,0,0
30685,0,0,0,0,1,0,0,0,0
30686,0,0,0,0,1,0,0,0,0
30687,0,0,0,0,1,0,0,0,0
30688,0,0,0,0,1,0,0,0,0
30689,0,0,0,0,1,0,0,0,0
30690,0,0,0,0,1,0,0,0,0
30691,0,0,0,0,1,0,0,0,0
30692,0,0,0,0,1,0,0,0,0
30693,0,0,0,0,1,0,0,0,0
30694,0,0,0,0,1,0,0,0,0
30695,0,0,0,0,1,0,0,0,0
30696,0,0,0,0,1,0,0,0,0
30697,0,0,0,0,1,0,0,0,0
30698,0,0,0,0,1,0,0,0,0
30699,0,0,0,0,1,0,0,0,0
30700,0,0,0,0,1,0,0,0,0
30701,0,0,0,0,1,0,0,0,0
30702,0,0,0,0,1,0,0,0,0
30703,0,0,0,0,1,0,0,0,0
30704,0,0,0,0,1,0,0,0,0
30705,0,0,0,0,1,0,0,0,0
30706,0,0,0,0,1,0,0,0,0
30707,0,0,0,0,1,0,0,0,0
30708,0,0,0,0,1,0,0,0,0
30709,0,0,0,0,1,0,0,0,0
30710,0,0,0,0,1,0,0,0,0
30711,0,0,0,0,1,0,0,0,0
30712,0,0,0,0,1,0,0,0,0
30713,0,0,0,0,1,0,0,0,0
30714,0,0,0,0,1,0,0,0,0
30715,0,0,0,0,1,0,0,0,0
30716,0,0,0,0,1,0,0,0,0
30717,0,0,0,0,1,0,0,0,0
30718,0,0,0,0,1,0,0,0,0
30719,0,0,0,0,1,0,0,0,0
30720,0,0,0,0,1,0,0,0,0
30721,0,0,0,0,1,0,0,0,0
30722,0,0,0,0,1,0,0,0,0
30723,0,0,0,0,1,0,0,0,0
30724,0,0,0,0,1,0,0,0,0
30725,0,0,0,0,1,0,0,0,0
30726,0,0,0,0,1,0,0,0,0
30727,0,0,0,0,1,0,0,0,0
30728,0,0,0,0,1,0,0,0,0
30729,0,0,0,0,1,0,0,0,0
30730,0,0,0,0,1,0,0,0,0
30731,0,0,0,0,1,0,0,0,0
30732,0,0,0,0,1,0,0,0,0
30733,0,0,0,0,1,0,0,0,0
30734,0,0,0,0,1,0,0,0,0
30735,0,0,0,0,1,0,0,0,0
30736,0,0,0,0,1,0,0,0,0
30737,0,0,0,0,1,0,0,0,0
30738,0,0,0,0,1,0,0,0,0
30739,0,0,0,0,1,0,0,0,0
30740,0,0,0,0,1,0,0,0,0
30741,0,0,0,0,1,0,0,0,0
30742,0,0,0,0,1,0,0,0,0
30743,0,0,0,0,1,0,0,0,0
30744,0,0,0,0,1,0,0,0,0
30745,0,0,0,0,1,0,0,0,0
30746,0,0,0,0,1,0,0,0,0
30747,0,0,0,0,1,0,0,0,0
30748,0,0,0,0,1,0,0,0,0
30749,0,0,0,0,1,0,0,0,0
30750,0,0,0,0,1,0,0,0,0
30751,0,0,0,0,1,0,0,0,0
30752,0,0,0,0,1,0,0,0,0
30753,0,0,0,0,1,0,0,0,0
30754,0,0,0,0,1,0,0,0,0
30755,0,0,0,0,1,0,0,0,0
30756,0,0,0,0,1,0,0,0,0
30757,0,0,0,0,1,0,0,0,0
30758,0,0,0,0,1,0,0,0,0
30759,0,0,0,0,1,0,0,0,0
30760,0,0,0,0,1,0,0,0,0
30761,0,0,0,0,1,0,0,0,0
30762,0,0,0,0,1,0,0,0,0
30763,0,0,0,0,1,0,0,0,0
30764,0,0,0,0,1,0,0,0,0
30765,0,0,0,0,1,0,0,0,0
30766,0,0,0,0,1,0,0,0,0
30767,0,0,0,0,1,0,0,0,0
30768,0,0,0,0,1,0,0,0,0
30769,0,0,0,0,1,0,0,0,0
30770,0,0,0,0,1,0,0,0,0
30771,0,0,0,0,1,0,0,0,0
30772,0,0,0,0,1,0,0,0,0
30773,0,0,0,0,1,0,0,0,0
30774,0,0,0,0,1,0,0,0,0
30775,0,0,0,0,1,0,0,0,0
30776,0,0,0,0,1,0,0,0,0
30777,0,0,0,0,1,0,0,0,0
30778,0,0,0,0,1,0,0,0,0
30779,0,0,0,0,1,0,0,0,0
30780,0,0,0,0,1,0,0,0,0
30781,0,0,0,0,1,0,0,0,0
30782,0,0,0,0,1,0,0,0,0
30783,0,0,0,0,1,0,0,0,0
30784,0,0,0,0,1,0,0,0,0
30785,0,0,0,0,1,0,0,0,0
30786,0,0,0,0,1,0,0,0,0
30787,0,0,0,0,1,0,0,0,0
30788,0,0,0,0,1,0,0,0,0
30789,0,0,0,0,1,0,0,0,0
30790,0,0,0,0,1,0,0,0,0
30791,0,0,0,0,1,0,0,0,0
30792,0,0,0,0,1,0,0,0,0
30793,0,0,0,0,1,0,0,0,0
30794,0,0,0,0,1,0,0,0,0
30795,0,0,0,0,1,0,0,0,0
30796,0,0,0,0,1,0,0,0,0
30797,0,0,0,0,1,0,0,0,0
30798,0,0,0,0,1,0,0,0,0
30799,0,0,0,0,1,0,0,0,0
30800,0,0,0,0,1,0,0,0,0
30801,0,0,0,0,1,0,0,0,0
30802,0,0,0,0,1,0,0,0,0
30803,0,0,0,0,1,0,0,0,0
30804,0,0,0,0,1,0,0,0,0
30805,0,0,0,0,1,0,0,0,0
30806,0,0,0,0,1,0,0,0,0
30807,0,0,0,0,1,0,0,0,0
30808,0,0,0,0,1,0,0,0,0
30809,0,0,0,0,1,0,0,0,0
30810,0,0,0,0,1,0,0,0,0
30811,0,0,0,0,1,0,0,0,0
30812,0,0,0,0,1,0,0,0,0
30813,0,0,0,0,1,0,0,0,0
30814,0,0,0,0,1,0,0,0,0
30815,0,0,0,0,1,0,0,0,0
30816,0,0,0,0,1,0,0,0,0
30817,0,0,0,0,1,0,0,0,0
30818,0,0,0,0,1,0,0,0,0
30819,0,0,0,0,1,0,0,0,0
30820,0,0,0,0,1,0,0,0,0
30821,0,0,0,0,1,0,0,0,0
30822,0,0,0,0,1,0,0,0,0
30823,0,0,0,0,1,0,0,0,0
30824,0,0,0,0,1,0,0,0,0
30825,0,0,0,0,1,0,0,0,0
30826,0,0,0,0,1,0,0,0,0
30827,0,0,0,0,1,0,0,0,0
30828,0,0,0,0,1,0,0,0,0
30829,0,0,0,0,1,0,0,0,0
30830,0,0,0,0,1,0,0,0,0
30831,0,0,0,0,1,0,0,0,0
30832,0,0,0,0,1,0,0,0,0
30833,0,0,0,0,1,0,0,0,0
30834,0,0,0,0,1,0,0,0,0
30835,0,0,0,0,1,0,0,0,0
30836,0,0,0,0,1,0,0,0,0
30837,0,0,0,0,1,0,0,0,0
30838,0,0,0,0,1,0,0,0,0
30839,0,0,0,0,1,0,0,0,0
30840,0,0,0,0,1,0,0,0,0
30841,0,0,0,0,1,0,0,0,0
30842,0,0,0,0,1,0,0,0,0
30843,0,0,0,0,1,0,0,0,0
30844,0,0,0,0,1,0,0,0,0
30845,0,0,0,0,1,0,0,0,0
30846,0,0,0,0,1,0,0,0,0
30847,0,0,0,0,1,0,0,0,0
30848,0,0,0,0,1,0,0,0,0
30849,0,0,0,0,1,0,0,0,0
30850,0,0,0,0,1,0,0,0,0
30851,0,0,0,0,1,0,0,0,0
30852,0,0,0,0,1,0,0,0,0
30853,0,0,0,0,1,0,0,0,0
30854,0,0,0,0,1,0,0,0,0
30855,0,0,0,0,1,0,0,0,0
30856,0,0,0,0,1,0,0,0,0
30857,0,0,0,0,1,0,0,0,0
30858,0,0,0,0,1,0,0,0,0
30859,0,0,0,0,1,0,0,0,0
30860,0,0,0,0,1,0,0,0,0
30861,0,0,0,0,1,0,0,0,0
30862,0,0,0,0,1,0,0,0,0
30863,0,0,0,0,1,0,0,0,0
30864,0,0,0,0,1,0,0,0,0
30865,0,0,0,0,1,0,0,0,0
30866,0,0,0,0,1,0,0,0,0
30867,0,0,0,0,1,0,0,0,0
30868,0,0,0,0,1,0,0,0,0
30869,0,0,0,0,1,0,0,0,0
30870,0,0,0,0,1,0,0,0,0
30871,0,0,0,0,1,0,0,0,0
30872,0,0,0,0,1,0,0,0,0
30873,0,0,0,0,1,0,0,0,0
30874,0,0,0,0,1,0,0,0,0
30875,0,0,0,0,1,0,0,0,0
30876,0,0,0,0,1,0,0,0,0
30877,0,0,0,0,1,0,0,0,0
30878,0,0,0,0,1,0,0,0,0
30879,0,0,0,0,1,0,0,0,0
30880,0,0,0,0,1,0,0,0,0
30881,0,0,0,0,1,0,0,0,0
30882,0,0,0,0,1,0,0,0,0
30883,0,0,0,0,1,0,0,0,0
30884,0,0,0,0,1,0,0,0,0
30885,0,0,0,0,1,0,0,0,0
30886,0,0,0,0,1,0,0,0,0
30887,0,0,0,0,1,0,0,0,0
30888,0,0,0,0,1,0,0,0,0
30889,0,0,0,0,1,0,0,0,0
30890,0,0,0,0,1,0,0,0,0
30891,0,0,0,0,1,0,0,0,0
30892,0,0,0,0,1,0,0,0,0
30893,0,0,0,0,1,0,0,0,0
30894,0,0,0,0,1,0,0,0,0
30895,0,0,0,0,1,0,0,0,0
30896,0,0,0,0,1,0,0,0,0
30897,0,0,0,0,1,0,0,0,0
30898,0,0,0,0,1,0,0,0,0
30899,0,0,0,0,1,0,0,0,0
30900,0,0,0,0,1,0,0,0,0
30901,0,0,0,0,1,0,0,0,0
30902,0,0,0,0,1,0,0,0,0
30903,0,0,0,0,1,0,0,0,0
30904,0,0,0,0,1,0,0,0,0
30905,0,0,0,0,1,0,0,0,0
30906,0,0,0,0,1,0,0,0,0
30907,0,0,0,0,1,0,0,0,0
30908,0,0,0,0,1,0,0,0,0
30909,0,0,0,0,1,0,0,0,0
30910,0,0,0,0,1,0,0,0,0
30911,0,0,0,0,1,0,0,0,0
30912,0,0,0,0,1,0,0,0,0
30913,0,0,0,0,1,0,0,0,0
30914,0,0,0,0,1,0,0,0,0
30915,0,0,0,0,1,0,0,0,0
30916,0,0,0,0,1,0,0,0,0
30917,0,0,0,0,1,0,0,0,0
30918,0,0,0,0,1,0,0,0,0
30919,0,0,0,0,1,0,0,0,0
30920,0,0,0,0,1,0,0,0,0
30921,0,0,0,0,1,0,0,0,0
30922,0,0,0,0,1,0,0,0,0
30923,0,0,0,0,1,0,0,0,0
30924,0,0,0,0,1,0,0,0,0
30925,0,0,0,0,1,0,0,0,0
30926,0,0,0,0,1,0,0,0,0
30927,0,0,0,0,1,0,0,0,0
30928,0,0,0,0,1,0,0,0,0
30929,0,0,0,0,1,0,0,0,0
30930,0,0,0,0,1,0,0,0,0
30931,0,0,0,0,1,0,0,0,0
30932,0,0,0,0,1,0,0,0,0
30933,0,0,0,0,1,0,0,0,0
30934,0,0,0,0,1,0,0,0,0
30935,0,0,0,0,1,0,0,0,0
30936,0,0,0,0,1,0,0,0,0
30937,0,0,0,0,1,0,0,0,0
30938,0,0,0,0,1,0,0,0,0
30939,0,0,0,0,1,0,0,0,0
30940,0,0,0,0,1,0,0,0,0
30941,0,0,0,0,1,0,0,0,0
30942,0,0,0,0,1,0,0,0,0
30943,0,0,0,0,1,0,0,0,0
30944,0,0,0,0,1,0,0,0,0
30945,0,0,0,0,1,0,0,0,0
30946,0,0,0,0,1,0,0,0,0
30947,0,0,0,0,1,0,0,0,0
30948,0,0,0,0,1,0,0,0,0
30949,0,0,0,0,1,0,0,0,0
30950,0,0,0,0,1,0,0,0,0
30951,0,0,0,0,1,0,0,0,0
30952,0,0,0,0,1,0,0,0,0
30953,0,0,0,0,1,0,0,0,0
30954,0,0,0,0,1,0,0,0,0
30955,0,0,0,0,1,0,0,0,0
30956,0,0,0,0,1,0,0,0,0
30957,0,0,0,0,1,0,0,0,0
30958,0,0,0,0,1,0,0,0,0
30959,0,0,0,0,1,0,0,0,0
30960,0,0,0,0,1,0,0,0,0
30961,0,0,0,0,1,0,0,0,0
30962,0,0,0,0,1,0,0,0,0
30963,0,0,0,0,1,0,0,0,0
30964,0,0,0,0,1,0,0,0,0
30965,0,0,0,0,1,0,0,0,0
30966,0,0,0,0,1,0,0,0,0
30967,0,0,0,0,1,0,0,0,0
30968,0,0,0,0,1,0,0,0,0
30969,0,0,0,0,1,0,0,0,0
30970,0,0,0,0,1,0,0,0,0
30971,0,0,0,0,1,0,0,0,0
30972,0,0,0,0,1,0,0,0,0
30973,0,0,0,0,1,0,0,0,0
30974,0,0,0,0,1,0,0,0,0
30975,0,0,0,0,1,0,0,0,0
30976,0,0,0,0,1,0,0,0,0
30977,0,0,0,0,1,0,0,0,0
30978,0,0,0,0,1,0,0,0,0
30979,0,0,0,0,1,0,0,0,0
30980,0,0,0,0,1,0,0,0,0
30981,0,0,0,0,1,0,0,0,0
30982,0,0,0,0,1,0,0,0,0
30983,0,0,0,0,1,0,0,0,0
30984,0,0,0,0,1,0,0,0,0
30985,0,0,0,0,1,0,0,0,0
30986,0,0,0,0,1,0,0,0,0
30987,0,0,0,0,1,0,0,0,0
30988,0,0,0,0,1,0,0,0,0
30989,0,0,0,0,1,0,0,0,0
30990,0,0,0,0,1,0,0,0,0
30991,0,0,0,0,1,0,0,0,0
30992,0,0,0,0,1,0,0,0,0
30993,0,0,0,0,1,0,0,0,0
30994,0,0,0,0,1,0,0,0,0
30995,0,0,0,0,1,0,0,0,0
30996,0,0,0,0,1,0,0,0,0
30997,0,0,0,0,1,0,0,0,0
30998,0,0,0,0,1,0,0,0,0
30999,0,0,0,0,1,0,0,0,0
31000,0,0,0,0,1,0,0,0,0
31001,0,0,0,0,1,0,0,0,0
31002,0,0,0,0,1,0,0,0,0
31003,0,0,0,0,1,0,0,0,0
31004,0,0,0,0,1,0,0,0,0
31005,0,0,0,0,1,0,0,0,0
31006,0,0,0,0,1,0,0,0,0
31007,0,0,0,0,1,0,0,0,0
31008,0,0,0,0,1,0,0,0,0
31009,0,0,0,0,1,0,0,0,0
31010,0,0,0,0,1,0,0,0,0
31011,0,0,0,0,1,0,0,0,0
31012,0,0,0,0,1,0,0,0,0
31013,0,0,0,0,1,0,0,0,0
31014,0,0,0,0,1,0,0,0,0
31015,0,0,0,0,1,0,0,0,0
31016,0,0,0,0,1,0,0,0,0
31017,0,0,0,0,1,0,0,0,0
31018,0,0,0,0,1,0,0,0,0
31019,0,0,0,0,1,0,0,0,0
31020,0,0,0,0,1,0,0,0,0
31021,0,0,0,0,1,0,0,0,0
31022,0,0,0,0,1,0,0,0,0
31023,0,0,0,0,1,0,0,0,0
31024,0,0,0,0,1,0,0,0,0
31025,0,0,0,0,1,0,0,0,0
31026,0,0,0,0,1,0,0,0,0
31027,0,0,0,0,1,0,0,0,0
31028,0,0,0,0,1,0,0,0,0
31029,0,0,0,0,1,0,0,0,0
31030,0,0,0,0,1,0,0,0,0
31031,0,0,0,0,1,0,0,0,0
31032,0,0,0,0,1,0,0,0,0
31033,0,0,0,0,1,0,0,0,0
31034,0,0,0,0,1,0,0,0,0
31035,0,0,0,0,1,0,0,0,0
31036,0,0,0,0,1,0,0,0,0
31037,0,0,0,0,1,0,0,0,0
31038,0,0,0,0,1,0,0,0,0
31039,0,0,0,0,1,0,0,0,0
31040,0,0,0,0,1,0,0,0,0
31041,0,0,0,0,1,0,0,0,0
31042,0,0,0,0,1,0,0,0,0
31043,0,0,0,0,1,0,0,0,0
31044,0,0,0,0,1,0,0,0,0
31045,0,0,0,0,1,0,0,0,0
31046,0,0,0,0,1,0,0,0,0
31047,0,0,0,0,1,0,0,0,0
31048,0,0,0,0,1,0,0,0,0
31049,0,0,0,0,1,0,0,0,0
31050,0,0,0,0,1,0,0,0,0
31051,0,0,0,0,1,0,0,0,0
31052,0,0,0,0,1,0,0,0,0
31053,0,0,0,0,1,0,0,0,0
31054,0,0,0,0,1,0,0,0,0
31055,0,0,0,0,1,0,0,0,0
31056,0,0,0,0,1,0,0,0,0
31057,0,0,0,0,1,0,0,0,0
31058,0,0,0,0,1,0,0,0,0
31059,0,0,0,0,1,0,0,0,0
31060,0,0,0,0,1,0,0,0,0
31061,0,0,0,0,1,0,0,0,0
31062,0,0,0,0,1,0,0,0,0
31063,0,0,0,0,1,0,0,0,0
31064,0,0,0,0,1,0,0,0,0
31065,0,0,0,0,1,0,0,0,0
31066,0,0,0,0,1,0,0,0,0
31067,0,0,0,0,1,0,0,0,0
31068,0,0,0,0,1,0,0,0,0
31069,0,0,0,0,1,0,0,0,0
31070,0,0,0,0,1,0,0,0,0
31071,0,0,0,0,1,0,0,0,0
31072,0,0,0,0,1,0,0,0,0
31073,0,0,0,0,1,0,0,0,0
31074,0,0,0,0,1,0,0,0,0
31075,0,0,0,0,1,0,0,0,0
31076,0,0,0,0,1,0,0,0,0
31077,0,0,0,0,1,0,0,0,0
31078,0,0,0,0,1,0,0,0,0
31079,0,0,0,0,1,0,0,0,0
31080,0,0,0,0,1,0,0,0,0
31081,0,0,0,0,1,0,0,0,0
31082,0,0,0,0,1,0,0,0,0
31083,0,0,0,0,1,0,0,0,0
31084,0,0,0,0,1,0,0,0,0
31085,0,0,0,0,1,0,0,0,0
31086,0,0,0,0,1,0,0,0,0
31087,0,0,0,0,1,0,0,0,0
31088,0,0,0,0,1,0,0,0,0
31089,0,0,0,0,1,0,0,0,0
31090,0,0,0,0,1,0,0,0,0
31091,0,0,0,0,1,0,0,0,0
31092,0,0,0,0,1,0,0,0,0
31093,0,0,0,0,1,0,0,0,0
31094,0,0,0,0,1,0,0,0,0
31095,0,0,0,0,1,0,0,0,0
31096,0,0,0,0,1,0,0,0,0
31097,0,0,0,0,1,0,0,0,0
31098,0,0,0,0,1,0,0,0,0
31099,0,0,0,0,1,0,0,0,0
31100,0,0,0,0,1,0,0,0,0
31101,0,0,0,0,1,0,0,0,0
31102,0,0,0,0,1,0,0,0,0
31103,0,0,0,0,1,0,0,0,0
31104,0,0,0,0,1,0,0,0,0
31105,0,0,0,0,1,0,0,0,0
31106,0,0,0,0,1,0,0,0,0
31107,0,0,0,0,1,0,0,0,0
31108,0,0,0,0,1,0,0,0,0
31109,0,0,0,0,1,0,0,0,0
31110,0,0,0,0,1,0,0,0,0
31111,0,0,0,0,1,0,0,0,0
31112,0,0,0,0,1,0,0,0,0
31113,0,0,0,0,1,0,0,0,0
31114,0,0,0,0,1,0,0,0,0
31115,0,0,0,0,1,0,0,0,0
31116,0,0,0,0,1,0,0,0,0
31117,0,0,0,0,1,0,0,0,0
31118,0,0,0,0,1,0,0,0,0
31119,0,0,0,0,1,0,0,0,0
31120,0,0,0,0,1,0,0,0,0
31121,0,0,0,0,1,0,0,0,0
31122,0,0,0,0,1,0,0,0,0
31123,0,0,0,0,1,0,0,0,0
31124,0,0,0,0,1,0,0,0,0
31125,0,0,0,0,1,0,0,0,0
31126,0,0,0,0,1,0,0,0,0
31127,0,0,0,0,1,0,0,0,0
31128,0,0,0,0,1,0,0,0,0
31129,0,0,0,0,1,0,0,0,0
31130,0,0,0,0,1,0,0,0,0
31131,0,0,0,0,1,0,0,0,0
31132,0,0,0,0,1,0,0,0,0
31133,0,0,0,0,1,0,0,0,0
31134,0,0,0,0,1,0,0,0,0
31135,0,0,0,0,1,0,0,0,0
31136,0,0,0,0,1,0,0,0,0
31137,0,0,0,0,1,0,0,0,0
31138,0,0,0,0,1,0,0,0,0
31139,0,0,0,0,1,0,0,0,0
31140,0,0,0,0,1,0,0,0,0
31141,0,0,0,0,1,0,0,0,0
31142,0,0,0,0,1,0,0,0,0
31143,0,0,0,0,1,0,0,0,0
31144,0,0,0,0,1,0,0,0,0
31145,0,0,0,0,1,0,0,0,0
31146,0,0,0,0,1,0,0,0,0
31147,0,0,0,0,1,0,0,0,0
31148,0,0,0,0,1,0,0,0,0
31149,0,0,0,0,1,0,0,0,0
31150,0,0,0,0,1,0,0,0,0
31151,0,0,0,0,1,0,0,0,0
31152,0,0,0,0,1,0,0,0,0
31153,0,0,0,0,1,0,0,0,0
31154,0,0,0,0,1,0,0,0,0
31155,0,0,0,0,1,0,0,0,0
31156,0,0,0,0,1,0,0,0,0
31157,0,0,0,0,1,0,0,0,0
31158,0,0,0,0,1,0,0,0,0
31159,0,0,0,0,1,0,0,0,0
31160,0,0,0,0,1,0,0,0,0
31161,0,0,0,0,1,0,0,0,0
31162,0,0,0,0,1,0,0,0,0
31163,0,0,0,0,1,0,0,0,0
31164,0,0,0,0,1,0,0,0,0
31165,0,0,0,0,1,0,0,0,0
31166,0,0,0,0,1,0,0,0,0
31167,0,0,0,0,1,0,0,0,0
31168,0,0,0,0,1,0,0,0,0
31169,0,0,0,0,1,0,0,0,0
31170,0,0,0,0,1,0,0,0,0
31171,0,0,0,0,1,0,0,0,0
31172,0,0,0,0,1,0,0,0,0
31173,0,0,0,0,1,0,0,0,0
31174,0,0,0,0,1,0,0,0,0
31175,0,0,0,0,1,0,0,0,0
31176,0,0,0,0,1,0,0,0,0
31177,0,0,0,0,1,0,0,0,0
31178,0,0,0,0,1,0,0,0,0
31179,0,0,0,0,1,0,0,0,0
31180,0,0,0,0,1,0,0,0,0
31181,0,0,0,0,1,0,0,0,0
31182,0,0,0,0,1,0,0,0,0
31183,0,0,0,0,1,0,0,0,0
31184,0,0,0,0,1,0,0,0,0
31185,0,0,0,0,1,0,0,0,0
31186,0,0,0,0,1,0,0,0,0
31187,0,0,0,0,1,0,0,0,0
31188,0,0,0,0,1,0,0,0,0
31189,0,0,0,0,1,0,0,0,0
31190,0,0,0,0,1,0,0,0,0
31191,0,0,0,0,1,0,0,0,0
31192,0,0,0,0,1,0,0,0,0
31193,0,0,0,0,1,0,0,0,0
31194,0,0,0,0,1,0,0,0,0
31195,0,0,0,0,1,0,0,0,0
31196,0,0,0,0,1,0,0,0,0
31197,0,0,0,0,1,0,0,0,0
31198,0,0,0,0,1,0,0,0,0
31199,0,0,0,0,1,0,0,0,0
31200,0,0,0,0,1,0,0,0,0
31201,0,0,0,0,1,0,0,0,0
31202,0,0,0,0,1,0,0,0,0
31203,0,0,0,0,1,0,0,0,0
31204,0,0,0,0,1,0,0,0,0
31205,0,0,0,0,1,0,0,0,0
31206,0,0,0,0,1,0,0,0,0
31207,0,0,0,0,1,0,0,0,0
31208,0,0,0,0,1,0,0,0,0
31209,0,0,0,0,1,0,0,0,0
31210,0,0,0,0,1,0,0,0,0
31211,0,0,0,0,1,0,0,0,0
31212,0,0,0,0,1,0,0,0,0
31213,0,0,0,0,1,0,0,0,0
31214,0,0,0,0,1,0,0,0,0
31215,0,0,0,0,1,0,0,0,0
31216,0,0,0,0,1,0,0,0,0
31217,0,0,0,0,1,0,0,0,0
31218,0,0,0,0,1,0,0,0,0
31219,0,0,0,0,1,0,0,0,0
31220,0,0,0,0,1,0,0,0,0
31221,0,0,0,0,1,0,0,0,0
31222,0,0,0,0,1,0,0,0,0
31223,0,0,0,0,1,0,0,0,0
31224,0,0,0,0,1,0,0,0,0
31225,0,0,0,0,1,0,0,0,0
31226,0,0,0,0,1,0,0,0,0
31227,0,0,0,0,1,0,0,0,0
31228,0,0,0,0,1,0,0,0,0
31229,0,0,0,0,1,0,0,0,0
31230,0,0,0,0,1,0,0,0,0
31231,0,0,0,0,1,0,0,0,0
31232,0,0,0,0,1,0,0,0,0
31233,0,0,0,0,1,0,0,0,0
31234,0,0,0,0,1,0,0,0,0
31235,0,0,0,0,1,0,0,0,0
31236,0,0,0,0,1,0,0,0,0
31237,0,0,0,0,1,0,0,0,0
31238,0,0,0,0,1,0,0,0,0
31239,0,0,0,0,1,0,0,0,0
31240,0,0,0,0,1,0,0,0,0
31241,0,0,0,0,1,0,0,0,0
31242,0,0,0,0,1,0,0,0,0
31243,0,0,0,0,1,0,0,0,0
31244,0,0,0,0,1,0,0,0,0
31245,0,0,0,0,1,0,0,0,0
31246,0,0,0,0,1,0,0,0,0
31247,0,0,0,0,1,0,0,0,0
31248,0,0,0,0,1,0,0,0,0
31249,0,0,0,0,1,0,0,0,0
31250,0,0,0,0,1,0,0,0,0
31251,0,0,0,0,1,0,0,0,0
31252,0,0,0,0,1,0,0,0,0
31253,0,0,0,0,1,0,0,0,0
31254,0,0,0,0,1,0,0,0,0
31255,0,0,0,0,1,0,0,0,0
31256,0,0,0,0,1,0,0,0,0
31257,0,0,0,0,1,0,0,0,0
31258,0,0,0,0,1,0,0,0,0
31259,0,0,0,0,1,0,0,0,0
31260,0,0,0,0,1,0,0,0,0
31261,0,0,0,0,1,0,0,0,0
31262,0,0,0,0,1,0,0,0,0
31263,0,0,0,0,1,0,0,0,0
31264,0,0,0,0,1,0,0,0,0
31265,0,0,0,0,1,0,0,0,0
31266,0,0,0,0,1,0,0,0,0
31267,0,0,0,0,1,0,0,0,0
31268,0,0,0,0,1,0,0,0,0
31269,0,0,0,0,1,0,0,0,0
31270,0,0,0,0,1,0,0,0,0
31271,0,0,0,0,1,0,0,0,0
31272,0,0,0,0,1,0,0,0,0
31273,0,0,0,0,1,0,0,0,0
31274,0,0,0,0,1,0,0,0,0
31275,0,0,0,0,1,0,0,0,0
31276,0,0,0,0,1,0,0,0,0
31277,0,0,0,0,1,0,0,0,0
31278,0,0,0,0,1,0,0,0,0
31279,0,0,0,0,1,0,0,0,0
31280,0,0,0,0,1,0,0,0,0
31281,0,0,0,0,1,0,0,0,0
31282,0,0,0,0,1,0,0,0,0
31283,0,0,0,0,1,0,0,0,0
31284,0,0,0,0,1,0,0,0,0
31285,0,0,0,0,1,0,0,0,0
31286,0,0,0,0,1,0,0,0,0
31287,0,0,0,0,1,0,0,0,0
31288,0,0,0,0,1,0,0,0,0
31289,0,0,0,0,1,0,0,0,0
31290,0,0,0,0,1,0,0,0,0
31291,0,0,0,0,1,0,0,0,0
31292,0,0,0,0,1,0,0,0,0
31293,0,0,0,0,1,0,0,0,0
31294,0,0,0,0,1,0,0,0,0
31295,0,0,0,0,1,0,0,0,0
31296,0,0,0,0,1,0,0,0,0
31297,0,0,0,0,1,0,0,0,0
31298,0,0,0,0,1,0,0,0,0
31299,0,0,0,0,1,0,0,0,0
31300,0,0,0,0,1,0,0,0,0
31301,0,0,0,0,1,0,0,0,0
31302,0,0,0,0,1,0,0,0,0
31303,0,0,0,0,1,0,0,0,0
31304,0,0,0,0,1,0,0,0,0
31305,0,0,0,0,1,0,0,0,0
31306,0,0,0,0,1,0,0,0,0
31307,0,0,0,0,1,0,0,0,0
31308,0,0,0,0,1,0,0,0,0
31309,0,0,0,0,1,0,0,0,0
31310,0,0,0,0,1,0,0,0,0
31311,0,0,0,0,1,0,0,0,0
31312,0,0,0,0,1,0,0,0,0
31313,0,0,0,0,1,0,0,0,0
31314,0,0,0,0,1,0,0,0,0
31315,0,0,0,0,1,0,0,0,0
31316,0,0,0,0,1,0,0,0,0
31317,0,0,0,0,1,0,0,0,0
31318,0,0,0,0,1,0,0,0,0
31319,0,0,0,0,1,0,0,0,0
31320,0,0,0,0,1,0,0,0,0
31321,0,0,0,0,1,0,0,0,0
31322,0,0,0,0,1,0,0,0,0
31323,0,0,0,0,1,0,0,0,0
31324,0,0,0,0,1,0,0,0,0
31325,0,0,0,0,1,0,0,0,0
31326,0,0,0,0,1,0,0,0,0
31327,0,0,0,0,1,0,0,0,0
31328,0,0,0,0,1,0,0,0,0
31329,0,0,0,0,1,0,0,0,0
31330,0,0,0,0,1,0,0,0,0
31331,0,0,0,0,1,0,0,0,0
31332,0,0,0,0,1,0,0,0,0
31333,0,0,0,0,1,0,0,0,0
31334,0,0,0,0,1,0,0,0,0
31335,0,0,0,0,1,0,0,0,0
31336,0,0,0,0,1,0,0,0,0
31337,0,0,0,0,1,0,0,0,0
31338,0,0,0,0,1,0,0,0,0
31339,0,0,0,0,1,0,0,0,0
31340,0,0,0,0,1,0,0,0,0
31341,0,0,0,0,1,0,0,0,0
31342,0,0,0,0,1,0,0,0,0
31343,0,0,0,0,1,0,0,0,0
31344,0,0,0,0,1,0,0,0,0
31345,0,0,0,0,1,0,0,0,0
31346,0,0,0,0,1,0,0,0,0
31347,0,0,0,0,1,0,0,0,0
31348,0,0,0,0,1,0,0,0,0
31349,0,0,0,0,1,0,0,0,0
31350,0,0,0,0,1,0,0,0,0
31351,0,0,0,0,1,0,0,0,0
31352,0,0,0,0,1,0,0,0,0
31353,0,0,0,0,1,0,0,0,0
31354,0,0,0,0,1,0,0,0,0
31355,0,0,0,0,1,0,0,0,0
31356,0,0,0,0,1,0,0,0,0
31357,0,0,0,0,1,0,0,0,0
31358,0,0,0,0,1,0,0,0,0
31359,0,0,0,0,1,0,0,0,0
31360,0,0,0,0,1,0,0,0,0
31361,0,0,0,0,1,0,0,0,0
31362,0,0,0,0,1,0,0,0,0
31363,0,0,0,0,1,0,0,0,0
31364,0,0,0,0,1,0,0,0,0
31365,0,0,0,0,1,0,0,0,0
31366,0,0,0,0,1,0,0,0,0
31367,0,0,0,0,1,0,0,0,0
31368,0,0,0,0,1,0,0,0,0
31369,0,0,0,0,1,0,0,0,0
31370,0,0,0,0,1,0,0,0,0
31371,0,0,0,0,1,0,0,0,0
31372,0,0,0,0,1,0,0,0,0
31373,0,0,0,0,1,0,0,0,0
31374,0,0,0,0,1,0,0,0,0
31375,0,0,0,0,1,0,0,0,0
31376,0,0,0,0,1,0,0,0,0
31377,0,0,0,0,1,0,0,0,0
31378,0,0,0,0,1,0,0,0,0
31379,0,0,0,0,1,0,0,0,0
31380,0,0,0,0,1,0,0,0,0
31381,0,0,0,0,1,0,0,0,0
31382,0,0,0,0,1,0,0,0,0
31383,0,0,0,0,1,0,0,0,0
31384,0,0,0,0,1,0,0,0,0
31385,0,0,0,0,1,0,0,0,0
31386,0,0,0,0,1,0,0,0,0
31387,0,0,0,0,1,0,0,0,0
31388,0,0,0,0,1,0,0,0,0
31389,0,0,0,0,1,0,0,0,0
31390,0,0,0,0,1,0,0,0,0
31391,0,0,0,0,1,0,0,0,0
31392,0,0,0,0,1,0,0,0,0
31393,0,0,0,0,1,0,0,0,0
31394,0,0,0,0,1,0,0,0,0
31395,0,0,0,0,1,0,0,0,0
31396,0,0,0,0,1,0,0,0,0
31397,0,0,0,0,1,0,0,0,0
31398,0,0,0,0,1,0,0,0,0
31399,0,0,0,0,1,0,0,0,0
31400,0,0,0,0,1,0,0,0,0
31401,0,0,0,0,1,0,0,0,0
31402,0,0,0,0,1,0,0,0,0
31403,0,0,0,0,1,0,0,0,0
31404,0,0,0,0,1,0,0,0,0
31405,0,0,0,0,1,0,0,0,0
31406,0,0,0,0,1,0,0,0,0
31407,0,0,0,0,1,0,0,0,0
31408,0,0,0,0,1,0,0,0,0
31409,0,0,0,0,1,0,0,0,0
31410,0,0,0,0,1,0,0,0,0
31411,0,0,0,0,1,0,0,0,0
31412,0,0,0,0,1,0,0,0,0
31413,0,0,0,0,1,0,0,0,0
31414,0,0,0,0,1,0,0,0,0
31415,0,0,0,0,1,0,0,0,0
31416,0,0,0,0,1,0,0,0,0
31417,0,0,0,0,1,0,0,0,0
31418,0,0,0,0,1,0,0,0,0
31419,0,0,0,0,1,0,0,0,0
31420,0,0,0,0,1,0,0,0,0
31421,0,0,0,0,1,0,0,0,0
31422,0,0,0,0,1,0,0,0,0
31423,0,0,0,0,1,0,0,0,0
31424,0,0,0,0,1,0,0,0,0
31425,0,0,0,0,1,0,0,0,0
31426,0,0,0,0,1,0,0,0,0
31427,0,0,0,0,1,0,0,0,0
31428,0,0,0,0,1,0,0,0,0
31429,0,0,0,0,1,0,0,0,0
31430,0,0,0,0,1,0,0,0,0
31431,0,0,0,0,1,0,0,0,0
31432,0,0,0,0,1,0,0,0,0
31433,0,0,0,0,1,0,0,0,0
31434,0,0,0,0,1,0,0,0,0
31435,0,0,0,0,1,0,0,0,0
31436,0,0,0,0,1,0,0,0,0
31437,0,0,0,0,1,0,0,0,0
31438,0,0,0,0,1,0,0,0,0
31439,0,0,0,0,1,0,0,0,0
31440,0,0,0,0,1,0,0,0,0
31441,0,0,0,0,1,0,0,0,0
31442,0,0,0,0,1,0,0,0,0
31443,0,0,0,0,1,0,0,0,0
31444,0,0,0,0,1,0,0,0,0
31445,0,0,0,0,1,0,0,0,0
31446,0,0,0,0,1,0,0,0,0
31447,0,0,0,0,1,0,0,0,0
31448,0,0,0,0,1,0,0,0,0
31449,0,0,0,0,1,0,0,0,0
31450,0,0,0,0,1,0,0,0,0
31451,0,0,0,0,1,0,0,0,0
31452,0,0,0,0,1,0,0,0,0
31453,0,0,0,0,1,0,0,0,0
31454,0,0,0,0,1,0,0,0,0
31455,0,0,0,0,1,0,0,0,0
31456,0,0,0,0,1,0,0,0,0
31457,0,0,0,0,1,0,0,0,0
31458,0,0,0,0,1,0,0,0,0
31459,0,0,0,0,1,0,0,0,0
31460,0,0,0,0,1,0,0,0,0
31461,0,0,0,0,1,0,0,0,0
31462,0,0,0,0,1,0,0,0,0
31463,0,0,0,0,1,0,0,0,0
31464,0,0,0,0,1,0,0,0,0
31465,0,0,0,0,1,0,0,0,0
31466,0,0,0,0,1,0,0,0,0
31467,0,0,0,0,1,0,0,0,0
31468,0,0,0,0,1,0,0,0,0
31469,0,0,0,0,1,0,0,0,0
31470,0,0,0,0,1,0,0,0,0
31471,0,0,0,0,1,0,0,0,0
31472,0,0,0,0,1,0,0,0,0
31473,0,0,0,0,1,0,0,0,0
31474,0,0,0,0,1,0,0,0,0
31475,0,0,0,0,1,0,0,0,0
31476,0,0,0,0,1,0,0,0,0
31477,0,0,0,0,1,0,0,0,0
31478,0,0,0,0,1,0,0,0,0
31479,0,0,0,0,1,0,0,0,0
31480,0,0,0,0,1,0,0,0,0
31481,0,0,0,0,1,0,0,0,0
31482,0,0,0,0,1,0,0,0,0
31483,0,0,0,0,1,0,0,0,0
31484,0,0,0,0,1,0,0,0,0
31485,0,0,0,0,1,0,0,0,0
31486,0,0,0,0,1,0,0,0,0
31487,0,0,0,0,0,1,0,0,0
31488,0,0,0,0,0,1,0,0,0
31489,0,0,0,0,0,1,0,0,0
31490,0,0,0,0,0,1,0,0,0
31491,0,0,0,0,0,1,0,0,0
31492,0,0,0,0,0,1,0,0,0
31493,0,0,0,0,0,1,0,0,0
31494,0,0,0,0,0,1,0,0,0
31495,0,0,0,0,0,1,0,0,0
31496,0,0,0,0,0,1,0,0,0
31497,0,0,0,0,0,1,0,0,0
31498,0,0,0,0,0,1,0,0,0
31499,0,0,0,0,0,1,0,0,0
31500,0,0,0,0,0,1,0,0,0
31501,0,0,0,0,0,1,0,0,0
31502,0,0,0,0,0,1,0,0,0
31503,0,0,0,0,0,1,0,0,0
31504,0,0,0,0,0,1,0,0,0
31505,0,0,0,0,0,1,0,0,0
31506,0,0,0,0,0,1,0,0,0
31507,0,0,0,0,0,1,0,0,0
31508,0,0,0,0,0,1,0,0,0
31509,0,0,0,0,0,1,0,0,0
31510,0,0,0,0,0,1,0,0,0
31511,0,0,0,0,0,1,0,0,0
31512,0,0,0,0,0,1,0,0,0
31513,0,0,0,0,0,1,0,0,0
31514,0,0,0,0,0,1,0,0,0
31515,0,0,0,0,0,1,0,0,0
31516,0,0,0,0,0,1,0,0,0
31517,0,0,0,0,0,1,0,0,0
31518,0,0,0,0,0,1,0,0,0
31519,0,0,0,0,0,1,0,0,0
31520,0,0,0,0,0,1,0,0,0
31521,0,0,0,0,0,1,0,0,0
31522,0,0,0,0,0,1,0,0,0
31523,0,0,0,0,0,1,0,0,0
31524,0,0,0,0,0,1,0,0,0
31525,0,0,0,0,0,1,0,0,0
31526,0,0,0,0,0,1,0,0,0
31527,0,0,0,0,0,1,0,0,0
31528,0,0,0,0,0,1,0,0,0
31529,0,0,0,0,0,1,0,0,0
31530,0,0,0,0,0,1,0,0,0
31531,0,0,0,0,0,1,0,0,0
31532,0,0,0,0,0,1,0,0,0
31533,0,0,0,0,0,1,0,0,0
31534,0,0,0,0,0,1,0,0,0
31535,0,0,0,0,0,1,0,0,0
31536,0,0,0,0,0,1,0,0,0
31537,0,0,0,0,0,1,0,0,0
31538,0,0,0,0,0,1,0,0,0
31539,0,0,0,0,0,1,0,0,0
31540,0,0,0,0,0,1,0,0,0
31541,0,0,0,0,0,1,0,0,0
31542,0,0,0,0,0,1,0,0,0
31543,0,0,0,0,0,1,0,0,0
31544,0,0,0,0,0,1,0,0,0
31545,0,0,0,0,0,1,0,0,0
31546,0,0,0,0,0,1,0,0,0
31547,0,0,0,0,0,1,0,0,0
31548,0,0,0,0,0,1,0,0,0
31549,0,0,0,0,0,1,0,0,0
31550,0,0,0,0,0,1,0,0,0
31551,0,0,0,0,0,1,0,0,0
31552,0,0,0,0,0,1,0,0,0
31553,0,0,0,0,0,1,0,0,0
31554,0,0,0,0,0,1,0,0,0
31555,0,0,0,0,0,1,0,0,0
31556,0,0,0,0,0,1,0,0,0
31557,0,0,0,0,0,1,0,0,0
31558,0,0,0,0,0,1,0,0,0
31559,0,0,0,0,0,1,0,0,0
31560,0,0,0,0,0,1,0,0,0
31561,0,0,0,0,0,1,0,0,0
31562,0,0,0,0,0,1,0,0,0
31563,0,0,0,0,0,1,0,0,0
31564,0,0,0,0,0,1,0,0,0
31565,0,0,0,0,0,1,0,0,0
31566,0,0,0,0,0,1,0,0,0
31567,0,0,0,0,0,1,0,0,0
31568,0,0,0,0,0,1,0,0,0
31569,0,0,0,0,0,1,0,0,0
31570,0,0,0,0,0,1,0,0,0
31571,0,0,0,0,0,1,0,0,0
31572,0,0,0,0,0,1,0,0,0
31573,0,0,0,0,0,1,0,0,0
31574,0,0,0,0,0,1,0,0,0
31575,0,0,0,0,0,1,0,0,0
31576,0,0,0,0,0,1,0,0,0
31577,0,0,0,0,0,1,0,0,0
31578,0,0,0,0,0,1,0,0,0
31579,0,0,0,0,0,1,0,0,0
31580,0,0,0,0,0,1,0,0,0
31581,0,0,0,0,0,1,0,0,0
31582,0,0,0,0,0,1,0,0,0
31583,0,0,0,0,0,1,0,0,0
31584,0,0,0,0,0,1,0,0,0
31585,0,0,0,0,0,1,0,0,0
31586,0,0,0,0,0,1,0,0,0
31587,0,0,0,0,0,1,0,0,0
31588,0,0,0,0,0,1,0,0,0
31589,0,0,0,0,0,1,0,0,0
31590,0,0,0,0,0,1,0,0,0
31591,0,0,0,0,0,1,0,0,0
31592,0,0,0,0,0,1,0,0,0
31593,0,0,0,0,0,1,0,0,0
31594,0,0,0,0,0,1,0,0,0
31595,0,0,0,0,0,1,0,0,0
31596,0,0,0,0,0,1,0,0,0
31597,0,0,0,0,0,1,0,0,0
31598,0,0,0,0,0,1,0,0,0
31599,0,0,0,0,0,1,0,0,0
31600,0,0,0,0,0,1,0,0,0
31601,0,0,0,0,0,1,0,0,0
31602,0,0,0,0,0,1,0,0,0
31603,0,0,0,0,0,1,0,0,0
31604,0,0,0,0,0,1,0,0,0
31605,0,0,0,0,0,1,0,0,0
31606,0,0,0,0,0,1,0,0,0
31607,0,0,0,0,0,1,0,0,0
31608,0,0,0,0,0,1,0,0,0
31609,0,0,0,0,0,1,0,0,0
31610,0,0,0,0,0,1,0,0,0
31611,0,0,0,0,0,1,0,0,0
31612,0,0,0,0,0,1,0,0,0
31613,0,0,0,0,0,1,0,0,0
31614,0,0,0,0,0,1,0,0,0
31615,0,0,0,0,0,1,0,0,0
31616,0,0,0,0,0,1,0,0,0
31617,0,0,0,0,0,1,0,0,0
31618,0,0,0,0,0,1,0,0,0
31619,0,0,0,0,0,1,0,0,0
31620,0,0,0,0,0,1,0,0,0
31621,0,0,0,0,0,1,0,0,0
31622,0,0,0,0,0,1,0,0,0
31623,0,0,0,0,0,1,0,0,0
31624,0,0,0,0,0,1,0,0,0
31625,0,0,0,0,0,1,0,0,0
31626,0,0,0,0,0,1,0,0,0
31627,0,0,0,0,0,1,0,0,0
31628,0,0,0,0,0,1,0,0,0
31629,0,0,0,0,0,1,0,0,0
31630,0,0,0,0,0,1,0,0,0
31631,0,0,0,0,0,1,0,0,0
31632,0,0,0,0,0,1,0,0,0
31633,0,0,0,0,0,1,0,0,0
31634,0,0,0,0,0,1,0,0,0
31635,0,0,0,0,0,1,0,0,0
31636,0,0,0,0,0,1,0,0,0
31637,0,0,0,0,0,1,0,0,0
31638,0,0,0,0,0,1,0,0,0
31639,0,0,0,0,0,1,0,0,0
31640,0,0,0,0,0,1,0,0,0
31641,0,0,0,0,0,1,0,0,0
31642,0,0,0,0,0,1,0,0,0
31643,0,0,0,0,0,1,0,0,0
31644,0,0,0,0,0,1,0,0,0
31645,0,0,0,0,0,1,0,0,0
31646,0,0,0,0,0,1,0,0,0
31647,0,0,0,0,0,1,0,0,0
31648,0,0,0,0,0,1,0,0,0
31649,0,0,0,0,0,1,0,0,0
31650,0,0,0,0,0,1,0,0,0
31651,0,0,0,0,0,1,0,0,0
31652,0,0,0,0,0,1,0,0,0
31653,0,0,0,0,0,1,0,0,0
31654,0,0,0,0,0,1,0,0,0
31655,0,0,0,0,0,1,0,0,0
31656,0,0,0,0,0,1,0,0,0
31657,0,0,0,0,0,1,0,0,0
31658,0,0,0,0,0,1,0,0,0
31659,0,0,0,0,0,1,0,0,0
31660,0,0,0,0,0,1,0,0,0
31661,0,0,0,0,0,1,0,0,0
31662,0,0,0,0,0,1,0,0,0
31663,0,0,0,0,0,1,0,0,0
31664,0,0,0,0,0,1,0,0,0
31665,0,0,0,0,0,1,0,0,0
31666,0,0,0,0,0,1,0,0,0
31667,0,0,0,0,0,1,0,0,0
31668,0,0,0,0,0,1,0,0,0
31669,0,0,0,0,0,1,0,0,0
31670,0,0,0,0,0,1,0,0,0
31671,0,0,0,0,0,1,0,0,0
31672,0,0,0,0,0,1,0,0,0
31673,0,0,0,0,0,1,0,0,0
31674,0,0,0,0,0,1,0,0,0
31675,0,0,0,0,0,1,0,0,0
31676,0,0,0,0,0,1,0,0,0
31677,0,0,0,0,0,1,0,0,0
31678,0,0,0,0,0,1,0,0,0
31679,0,0,0,0,0,1,0,0,0
31680,0,0,0,0,0,1,0,0,0
31681,0,0,0,0,0,1,0,0,0
31682,0,0,0,0,0,1,0,0,0
31683,0,0,0,0,0,1,0,0,0
31684,0,0,0,0,0,1,0,0,0
31685,0,0,0,0,0,1,0,0,0
31686,0,0,0,0,0,1,0,0,0
31687,0,0,0,0,0,1,0,0,0
31688,0,0,0,0,0,1,0,0,0
31689,0,0,0,0,0,1,0,0,0
31690,0,0,0,0,0,1,0,0,0
31691,0,0,0,0,0,1,0,0,0
31692,0,0,0,0,0,1,0,0,0
31693,0,0,0,0,0,1,0,0,0
31694,0,0,0,0,0,1,0,0,0
31695,0,0,0,0,0,1,0,0,0
31696,0,0,0,0,0,1,0,0,0
31697,0,0,0,0,0,1,0,0,0
31698,0,0,0,0,0,1,0,0,0
31699,0,0,0,0,0,1,0,0,0
31700,0,0,0,0,0,1,0,0,0
31701,0,0,0,0,0,1,0,0,0
31702,0,0,0,0,0,1,0,0,0
31703,0,0,0,0,0,1,0,0,0
31704,0,0,0,0,0,1,0,0,0
31705,0,0,0,0,0,1,0,0,0
31706,0,0,0,0,0,1,0,0,0
31707,0,0,0,0,0,1,0,0,0
31708,0,0,0,0,0,1,0,0,0
31709,0,0,0,0,0,1,0,0,0
31710,0,0,0,0,0,1,0,0,0
31711,0,0,0,0,0,1,0,0,0
31712,0,0,0,0,0,1,0,0,0
31713,0,0,0,0,0,1,0,0,0
31714,0,0,0,0,0,1,0,0,0
31715,0,0,0,0,0,1,0,0,0
31716,0,0,0,0,0,1,0,0,0
31717,0,0,0,0,0,1,0,0,0
31718,0,0,0,0,0,1,0,0,0
31719,0,0,0,0,0,1,0,0,0
31720,0,0,0,0,0,1,0,0,0
31721,0,0,0,0,0,1,0,0,0
31722,0,0,0,0,0,1,0,0,0
31723,0,0,0,0,0,1,0,0,0
31724,0,0,0,0,0,1,0,0,0
31725,0,0,0,0,0,1,0,0,0
31726,0,0,0,0,0,1,0,0,0
31727,0,0,0,0,0,1,0,0,0
31728,0,0,0,0,0,1,0,0,0
31729,0,0,0,0,0,1,0,0,0
31730,0,0,0,0,0,1,0,0,0
31731,0,0,0,0,0,1,0,0,0
31732,0,0,0,0,0,1,0,0,0
31733,0,0,0,0,0,1,0,0,0
31734,0,0,0,0,0,1,0,0,0
31735,0,0,0,0,0,1,0,0,0
31736,0,0,0,0,0,1,0,0,0
31737,0,0,0,0,0,1,0,0,0
31738,0,0,0,0,0,1,0,0,0
31739,0,0,0,0,0,1,0,0,0
31740,0,0,0,0,0,1,0,0,0
31741,0,0,0,0,0,1,0,0,0
31742,0,0,0,0,0,1,0,0,0
31743,0,0,0,0,0,1,0,0,0
31744,0,0,0,0,0,1,0,0,0
31745,0,0,0,0,0,1,0,0,0
31746,0,0,0,0,0,1,0,0,0
31747,0,0,0,0,0,1,0,0,0
31748,0,0,0,0,0,1,0,0,0
31749,0,0,0,0,0,1,0,0,0
31750,0,0,0,0,0,1,0,0,0
31751,0,0,0,0,0,1,0,0,0
31752,0,0,0,0,0,1,0,0,0
31753,0,0,0,0,0,1,0,0,0
31754,0,0,0,0,0,1,0,0,0
31755,0,0,0,0,0,1,0,0,0
31756,0,0,0,0,0,1,0,0,0
31757,0,0,0,0,0,1,0,0,0
31758,0,0,0,0,0,1,0,0,0
31759,0,0,0,0,0,1,0,0,0
31760,0,0,0,0,0,1,0,0,0
31761,0,0,0,0,0,1,0,0,0
31762,0,0,0,0,0,1,0,0,0
31763,0,0,0,0,0,1,0,0,0
31764,0,0,0,0,0,1,0,0,0
31765,0,0,0,0,0,1,0,0,0
31766,0,0,0,0,0,1,0,0,0
31767,0,0,0,0,0,1,0,0,0
31768,0,0,0,0,0,1,0,0,0
31769,0,0,0,0,0,1,0,0,0
31770,0,0,0,0,0,1,0,0,0
31771,0,0,0,0,0,1,0,0,0
31772,0,0,0,0,0,1,0,0,0
31773,0,0,0,0,0,1,0,0,0
31774,0,0,0,0,0,1,0,0,0
31775,0,0,0,0,0,1,0,0,0
31776,0,0,0,0,0,1,0,0,0
31777,0,0,0,0,0,1,0,0,0
31778,0,0,0,0,0,1,0,0,0
31779,0,0,0,0,0,1,0,0,0
31780,0,0,0,0,0,1,0,0,0
31781,0,0,0,0,0,1,0,0,0
31782,0,0,0,0,0,1,0,0,0
31783,0,0,0,0,0,1,0,0,0
31784,0,0,0,0,0,1,0,0,0
31785,0,0,0,0,0,1,0,0,0
31786,0,0,0,0,0,1,0,0,0
31787,0,0,0,0,0,1,0,0,0
31788,0,0,0,0,0,1,0,0,0
31789,0,0,0,0,0,1,0,0,0
31790,0,0,0,0,0,1,0,0,0
31791,0,0,0,0,0,1,0,0,0
31792,0,0,0,0,0,1,0,0,0
31793,0,0,0,0,0,1,0,0,0
31794,0,0,0,0,0,1,0,0,0
31795,0,0,0,0,0,1,0,0,0
31796,0,0,0,0,0,1,0,0,0
31797,0,0,0,0,0,1,0,0,0
31798,0,0,0,0,0,1,0,0,0
31799,0,0,0,0,0,1,0,0,0
31800,0,0,0,0,0,1,0,0,0
31801,0,0,0,0,0,1,0,0,0
31802,0,0,0,0,0,1,0,0,0
31803,0,0,0,0,0,1,0,0,0
31804,0,0,0,0,0,1,0,0,0
31805,0,0,0,0,0,1,0,0,0
31806,0,0,0,0,0,1,0,0,0
31807,0,0,0,0,0,1,0,0,0
31808,0,0,0,0,0,1,0,0,0
31809,0,0,0,0,0,1,0,0,0
31810,0,0,0,0,0,1,0,0,0
31811,0,0,0,0,0,1,0,0,0
31812,0,0,0,0,0,1,0,0,0
31813,0,0,0,0,0,1,0,0,0
31814,0,0,0,0,0,1,0,0,0
31815,0,0,0,0,0,1,0,0,0
31816,0,0,0,0,0,1,0,0,0
31817,0,0,0,0,0,1,0,0,0
31818,0,0,0,0,0,1,0,0,0
31819,0,0,0,0,0,1,0,0,0
31820,0,0,0,0,0,1,0,0,0
31821,0,0,0,0,0,1,0,0,0
31822,0,0,0,0,0,1,0,0,0
31823,0,0,0,0,0,1,0,0,0
31824,0,0,0,0,0,1,0,0,0
31825,0,0,0,0,0,1,0,0,0
31826,0,0,0,0,0,1,0,0,0
31827,0,0,0,0,0,1,0,0,0
31828,0,0,0,0,0,1,0,0,0
31829,0,0,0,0,0,1,0,0,0
31830,0,0,0,0,0,1,0,0,0
31831,0,0,0,0,0,1,0,0,0
31832,0,0,0,0,0,1,0,0,0
31833,0,0,0,0,0,1,0,0,0
31834,0,0,0,0,0,1,0,0,0
31835,0,0,0,0,0,1,0,0,0
31836,0,0,0,0,0,1,0,0,0
31837,0,0,0,0,0,1,0,0,0
31838,0,0,0,0,0,1,0,0,0
31839,0,0,0,0,0,1,0,0,0
31840,0,0,0,0,0,1,0,0,0
31841,0,0,0,0,0,1,0,0,0
31842,0,0,0,0,0,1,0,0,0
31843,0,0,0,0,0,1,0,0,0
31844,0,0,0,0,0,1,0,0,0
31845,0,0,0,0,0,1,0,0,0
31846,0,0,0,0,0,1,0,0,0
31847,0,0,0,0,0,1,0,0,0
31848,0,0,0,0,0,1,0,0,0
31849,0,0,0,0,0,1,0,0,0
31850,0,0,0,0,0,1,0,0,0
31851,0,0,0,0,0,1,0,0,0
31852,0,0,0,0,0,1,0,0,0
31853,0,0,0,0,0,1,0,0,0
31854,0,0,0,0,0,1,0,0,0
31855,0,0,0,0,0,1,0,0,0
31856,0,0,0,0,0,1,0,0,0
31857,0,0,0,0,0,1,0,0,0
31858,0,0,0,0,0,1,0,0,0
31859,0,0,0,0,0,1,0,0,0
31860,0,0,0,0,0,1,0,0,0
31861,0,0,0,0,0,1,0,0,0
31862,0,0,0,0,0,1,0,0,0
31863,0,0,0,0,0,1,0,0,0
31864,0,0,0,0,0,1,0,0,0
31865,0,0,0,0,0,1,0,0,0
31866,0,0,0,0,0,1,0,0,0
31867,0,0,0,0,0,1,0,0,0
31868,0,0,0,0,0,1,0,0,0
31869,0,0,0,0,0,1,0,0,0
31870,0,0,0,0,0,1,0,0,0
31871,0,0,0,0,0,1,0,0,0
31872,0,0,0,0,0,1,0,0,0
31873,0,0,0,0,0,1,0,0,0
31874,0,0,0,0,0,1,0,0,0
31875,0,0,0,0,0,1,0,0,0
31876,0,0,0,0,0,1,0,0,0
31877,0,0,0,0,0,1,0,0,0
31878,0,0,0,0,0,1,0,0,0
31879,0,0,0,0,0,1,0,0,0
31880,0,0,0,0,0,1,0,0,0
31881,0,0,0,0,0,1,0,0,0
31882,0,0,0,0,0,1,0,0,0
31883,0,0,0,0,0,1,0,0,0
31884,0,0,0,0,0,1,0,0,0
31885,0,0,0,0,0,1,0,0,0
31886,0,0,0,0,0,1,0,0,0
31887,0,0,0,0,0,1,0,0,0
31888,0,0,0,0,0,1,0,0,0
31889,0,0,0,0,0,1,0,0,0
31890,0,0,0,0,0,1,0,0,0
31891,0,0,0,0,0,1,0,0,0
31892,0,0,0,0,0,1,0,0,0
31893,0,0,0,0,0,1,0,0,0
31894,0,0,0,0,0,1,0,0,0
31895,0,0,0,0,0,1,0,0,0
31896,0,0,0,0,0,1,0,0,0
31897,0,0,0,0,0,1,0,0,0
31898,0,0,0,0,0,1,0,0,0
31899,0,0,0,0,0,1,0,0,0
31900,0,0,0,0,0,1,0,0,0
31901,0,0,0,0,0,1,0,0,0
31902,0,0,0,0,0,1,0,0,0
31903,0,0,0,0,0,1,0,0,0
31904,0,0,0,0,0,1,0,0,0
31905,0,0,0,0,0,1,0,0,0
31906,0,0,0,0,0,1,0,0,0
31907,0,0,0,0,0,1,0,0,0
31908,0,0,0,0,0,1,0,0,0
31909,0,0,0,0,0,1,0,0,0
31910,0,0,0,0,0,1,0,0,0
31911,0,0,0,0,0,1,0,0,0
31912,0,0,0,0,0,1,0,0,0
31913,0,0,0,0,0,1,0,0,0
31914,0,0,0,0,0,1,0,0,0
31915,0,0,0,0,0,1,0,0,0
31916,0,0,0,0,0,1,0,0,0
31917,0,0,0,0,0,1,0,0,0
31918,0,0,0,0,0,1,0,0,0
31919,0,0,0,0,0,1,0,0,0
31920,0,0,0,0,0,1,0,0,0
31921,0,0,0,0,0,1,0,0,0
31922,0,0,0,0,0,1,0,0,0
31923,0,0,0,0,0,1,0,0,0
31924,0,0,0,0,0,1,0,0,0
31925,0,0,0,0,0,1,0,0,0
31926,0,0,0,0,0,1,0,0,0
31927,0,0,0,0,0,1,0,0,0
31928,0,0,0,0,0,1,0,0,0
31929,0,0,0,0,0,1,0,0,0
31930,0,0,0,0,0,1,0,0,0
31931,0,0,0,0,0,1,0,0,0
31932,0,0,0,0,0,1,0,0,0
31933,0,0,0,0,0,1,0,0,0
31934,0,0,0,0,0,1,0,0,0
31935,0,0,0,0,0,1,0,0,0
31936,0,0,0,0,0,1,0,0,0
31937,0,0,0,0,0,1,0,0,0
31938,0,0,0,0,0,1,0,0,0
31939,0,0,0,0,0,1,0,0,0
31940,0,0,0,0,0,1,0,0,0
31941,0,0,0,0,0,1,0,0,0
31942,0,0,0,0,0,1,0,0,0
31943,0,0,0,0,0,1,0,0,0
31944,0,0,0,0,0,1,0,0,0
31945,0,0,0,0,0,1,0,0,0
31946,0,0,0,0,0,1,0,0,0
31947,0,0,0,0,0,1,0,0,0
31948,0,0,0,0,0,1,0,0,0
31949,0,0,0,0,0,1,0,0,0
31950,0,0,0,0,0,1,0,0,0
31951,0,0,0,0,0,1,0,0,0
31952,0,0,0,0,0,1,0,0,0
31953,0,0,0,0,0,1,0,0,0
31954,0,0,0,0,0,1,0,0,0
31955,0,0,0,0,0,1,0,0,0
31956,0,0,0,0,0,1,0,0,0
31957,0,0,0,0,0,1,0,0,0
31958,0,0,0,0,0,1,0,0,0
31959,0,0,0,0,0,1,0,0,0
31960,0,0,0,0,0,1,0,0,0
31961,0,0,0,0,0,1,0,0,0
31962,0,0,0,0,0,1,0,0,0
31963,0,0,0,0,0,1,0,0,0
31964,0,0,0,0,0,1,0,0,0
31965,0,0,0,0,0,1,0,0,0
31966,0,0,0,0,0,1,0,0,0
31967,0,0,0,0,0,1,0,0,0
31968,0,0,0,0,0,1,0,0,0
31969,0,0,0,0,0,1,0,0,0
31970,0,0,0,0,0,1,0,0,0
31971,0,0,0,0,0,1,0,0,0
31972,0,0,0,0,0,1,0,0,0
31973,0,0,0,0,0,1,0,0,0
31974,0,0,0,0,0,1,0,0,0
31975,0,0,0,0,0,1,0,0,0
31976,0,0,0,0,0,1,0,0,0
31977,0,0,0,0,0,1,0,0,0
31978,0,0,0,0,0,1,0,0,0
31979,0,0,0,0,0,1,0,0,0
31980,0,0,0,0,0,1,0,0,0
31981,0,0,0,0,0,1,0,0,0
31982,0,0,0,0,0,1,0,0,0
31983,0,0,0,0,0,1,0,0,0
31984,0,0,0,0,0,1,0,0,0
31985,0,0,0,0,0,1,0,0,0
31986,0,0,0,0,0,1,0,0,0
31987,0,0,0,0,0,1,0,0,0
31988,0,0,0,0,0,1,0,0,0
31989,0,0,0,0,0,1,0,0,0
31990,0,0,0,0,0,1,0,0,0
31991,0,0,0,0,0,1,0,0,0
31992,0,0,0,0,0,1,0,0,0
31993,0,0,0,0,0,1,0,0,0
31994,0,0,0,0,0,1,0,0,0
31995,0,0,0,0,0,1,0,0,0
31996,0,0,0,0,0,1,0,0,0
31997,0,0,0,0,0,1,0,0,0
31998,0,0,0,0,0,1,0,0,0
31999,0,0,0,0,0,1,0,0,0
32000,0,0,0,0,0,1,0,0,0
32001,0,0,0,0,0,1,0,0,0
32002,0,0,0,0,0,1,0,0,0
32003,0,0,0,0,0,1,0,0,0
32004,0,0,0,0,0,1,0,0,0
32005,0,0,0,0,0,1,0,0,0
32006,0,0,0,0,0,1,0,0,0
32007,0,0,0,0,0,1,0,0,0
32008,0,0,0,0,0,1,0,0,0
32009,0,0,0,0,0,1,0,0,0
32010,0,0,0,0,0,1,0,0,0
32011,0,0,0,0,0,1,0,0,0
32012,0,0,0,0,0,1,0,0,0
32013,0,0,0,0,0,1,0,0,0
32014,0,0,0,0,0,1,0,0,0
32015,0,0,0,0,0,1,0,0,0
32016,0,0,0,0,0,1,0,0,0
32017,0,0,0,0,0,1,0,0,0
32018,0,0,0,0,0,1,0,0,0
32019,0,0,0,0,0,1,0,0,0
32020,0,0,0,0,0,1,0,0,0
32021,0,0,0,0,0,1,0,0,0
32022,0,0,0,0,0,1,0,0,0
32023,0,0,0,0,0,1,0,0,0
32024,0,0,0,0,0,1,0,0,0
32025,0,0,0,0,0,1,0,0,0
32026,0,0,0,0,0,1,0,0,0
32027,0,0,0,0,0,1,0,0,0
32028,0,0,0,0,0,1,0,0,0
32029,0,0,0,0,0,1,0,0,0
32030,0,0,0,0,0,1,0,0,0
32031,0,0,0,0,0,1,0,0,0
32032,0,0,0,0,0,1,0,0,0
32033,0,0,0,0,0,1,0,0,0
32034,0,0,0,0,0,1,0,0,0
32035,0,0,0,0,0,1,0,0,0
32036,0,0,0,0,0,1,0,0,0
32037,0,0,0,0,0,1,0,0,0
32038,0,0,0,0,0,1,0,0,0
32039,0,0,0,0,0,1,0,0,0
32040,0,0,0,0,0,1,0,0,0
32041,0,0,0,0,0,1,0,0,0
32042,0,0,0,0,0,1,0,0,0
32043,0,0,0,0,0,1,0,0,0
32044,0,0,0,0,0,1,0,0,0
32045,0,0,0,0,0,1,0,0,0
32046,0,0,0,0,0,1,0,0,0
32047,0,0,0,0,0,1,0,0,0
32048,0,0,0,0,0,1,0,0,0
32049,0,0,0,0,0,1,0,0,0
32050,0,0,0,0,0,1,0,0,0
32051,0,0,0,0,0,1,0,0,0
32052,0,0,0,0,0,1,0,0,0
32053,0,0,0,0,0,1,0,0,0
32054,0,0,0,0,0,1,0,0,0
32055,0,0,0,0,0,1,0,0,0
32056,0,0,0,0,0,1,0,0,0
32057,0,0,0,0,0,1,0,0,0
32058,0,0,0,0,0,1,0,0,0
32059,0,0,0,0,0,1,0,0,0
32060,0,0,0,0,0,1,0,0,0
32061,0,0,0,0,0,1,0,0,0
32062,0,0,0,0,0,1,0,0,0
32063,0,0,0,0,0,1,0,0,0
32064,0,0,0,0,0,1,0,0,0
32065,0,0,0,0,0,1,0,0,0
32066,0,0,0,0,0,1,0,0,0
32067,0,0,0,0,0,1,0,0,0
32068,0,0,0,0,0,1,0,0,0
32069,0,0,0,0,0,1,0,0,0
32070,0,0,0,0,0,1,0,0,0
32071,0,0,0,0,0,1,0,0,0
32072,0,0,0,0,0,1,0,0,0
32073,0,0,0,0,0,1,0,0,0
32074,0,0,0,0,0,1,0,0,0
32075,0,0,0,0,0,1,0,0,0
32076,0,0,0,0,0,1,0,0,0
32077,0,0,0,0,0,1,0,0,0
32078,0,0,0,0,0,1,0,0,0
32079,0,0,0,0,0,1,0,0,0
32080,0,0,0,0,0,1,0,0,0
32081,0,0,0,0,0,1,0,0,0
32082,0,0,0,0,0,1,0,0,0
32083,0,0,0,0,0,1,0,0,0
32084,0,0,0,0,0,1,0,0,0
32085,0,0,0,0,0,1,0,0,0
32086,0,0,0,0,0,1,0,0,0
32087,0,0,0,0,0,1,0,0,0
32088,0,0,0,0,0,1,0,0,0
32089,0,0,0,0,0,1,0,0,0
32090,0,0,0,0,0,1,0,0,0
32091,0,0,0,0,0,1,0,0,0
32092,0,0,0,0,0,1,0,0,0
32093,0,0,0,0,0,1,0,0,0
32094,0,0,0,0,0,1,0,0,0
32095,0,0,0,0,0,1,0,0,0
32096,0,0,0,0,0,1,0,0,0
32097,0,0,0,0,0,1,0,0,0
32098,0,0,0,0,0,1,0,0,0
32099,0,0,0,0,0,1,0,0,0
32100,0,0,0,0,0,1,0,0,0
32101,0,0,0,0,0,1,0,0,0
32102,0,0,0,0,0,1,0,0,0
32103,0,0,0,0,0,1,0,0,0
32104,0,0,0,0,0,1,0,0,0
32105,0,0,0,0,0,1,0,0,0
32106,0,0,0,0,0,1,0,0,0
32107,0,0,0,0,0,1,0,0,0
32108,0,0,0,0,0,1,0,0,0
32109,0,0,0,0,0,1,0,0,0
32110,0,0,0,0,0,1,0,0,0
32111,0,0,0,0,0,1,0,0,0
32112,0,0,0,0,0,1,0,0,0
32113,0,0,0,0,0,1,0,0,0
32114,0,0,0,0,0,1,0,0,0
32115,0,0,0,0,0,1,0,0,0
32116,0,0,0,0,0,1,0,0,0
32117,0,0,0,0,0,1,0,0,0
32118,0,0,0,0,0,1,0,0,0
32119,0,0,0,0,0,1,0,0,0
32120,0,0,0,0,0,1,0,0,0
32121,0,0,0,0,0,1,0,0,0
32122,0,0,0,0,0,1,0,0,0
32123,0,0,0,0,0,1,0,0,0
32124,0,0,0,0,0,1,0,0,0
32125,0,0,0,0,0,1,0,0,0
32126,0,0,0,0,0,1,0,0,0
32127,0,0,0,0,0,1,0,0,0
32128,0,0,0,0,0,1,0,0,0
32129,0,0,0,0,0,1,0,0,0
32130,0,0,0,0,0,1,0,0,0
32131,0,0,0,0,0,1,0,0,0
32132,0,0,0,0,0,1,0,0,0
32133,0,0,0,0,0,1,0,0,0
32134,0,0,0,0,0,1,0,0,0
32135,0,0,0,0,0,1,0,0,0
32136,0,0,0,0,0,1,0,0,0
32137,0,0,0,0,0,1,0,0,0
32138,0,0,0,0,0,1,0,0,0
32139,0,0,0,0,0,1,0,0,0
32140,0,0,0,0,0,1,0,0,0
32141,0,0,0,0,0,1,0,0,0
32142,0,0,0,0,0,1,0,0,0
32143,0,0,0,0,0,1,0,0,0
32144,0,0,0,0,0,1,0,0,0
32145,0,0,0,0,0,1,0,0,0
32146,0,0,0,0,0,1,0,0,0
32147,0,0,0,0,0,1,0,0,0
32148,0,0,0,0,0,1,0,0,0
32149,0,0,0,0,0,1,0,0,0
32150,0,0,0,0,0,1,0,0,0
32151,0,0,0,0,0,1,0,0,0
32152,0,0,0,0,0,1,0,0,0
32153,0,0,0,0,0,1,0,0,0
32154,0,0,0,0,0,1,0,0,0
32155,0,0,0,0,0,1,0,0,0
32156,0,0,0,0,0,1,0,0,0
32157,0,0,0,0,0,1,0,0,0
32158,0,0,0,0,0,1,0,0,0
32159,0,0,0,0,0,1,0,0,0
32160,0,0,0,0,0,1,0,0,0
32161,0,0,0,0,0,1,0,0,0
32162,0,0,0,0,0,1,0,0,0
32163,0,0,0,0,0,1,0,0,0
32164,0,0,0,0,0,1,0,0,0
32165,0,0,0,0,0,1,0,0,0
32166,0,0,0,0,0,1,0,0,0
32167,0,0,0,0,0,1,0,0,0
32168,0,0,0,0,0,1,0,0,0
32169,0,0,0,0,0,1,0,0,0
32170,0,0,0,0,0,1,0,0,0
32171,0,0,0,0,0,1,0,0,0
32172,0,0,0,0,0,1,0,0,0
32173,0,0,0,0,0,1,0,0,0
32174,0,0,0,0,0,1,0,0,0
32175,0,0,0,0,0,1,0,0,0
32176,0,0,0,0,0,1,0,0,0
32177,0,0,0,0,0,1,0,0,0
32178,0,0,0,0,0,1,0,0,0
32179,0,0,0,0,0,1,0,0,0
32180,0,0,0,0,0,1,0,0,0
32181,0,0,0,0,0,1,0,0,0
32182,0,0,0,0,0,1,0,0,0
32183,0,0,0,0,0,1,0,0,0
32184,0,0,0,0,0,1,0,0,0
32185,0,0,0,0,0,1,0,0,0
32186,0,0,0,0,0,1,0,0,0
32187,0,0,0,0,0,1,0,0,0
32188,0,0,0,0,0,1,0,0,0
32189,0,0,0,0,0,1,0,0,0
32190,0,0,0,0,0,1,0,0,0
32191,0,0,0,0,0,1,0,0,0
32192,0,0,0,0,0,1,0,0,0
32193,0,0,0,0,0,1,0,0,0
32194,0,0,0,0,0,1,0,0,0
32195,0,0,0,0,0,1,0,0,0
32196,0,0,0,0,0,1,0,0,0
32197,0,0,0,0,0,1,0,0,0
32198,0,0,0,0,0,1,0,0,0
32199,0,0,0,0,0,1,0,0,0
32200,0,0,0,0,0,1,0,0,0
32201,0,0,0,0,0,1,0,0,0
32202,0,0,0,0,0,1,0,0,0
32203,0,0,0,0,0,1,0,0,0
32204,0,0,0,0,0,1,0,0,0
32205,0,0,0,0,0,1,0,0,0
32206,0,0,0,0,0,1,0,0,0
32207,0,0,0,0,0,1,0,0,0
32208,0,0,0,0,0,1,0,0,0
32209,0,0,0,0,0,1,0,0,0
32210,0,0,0,0,0,1,0,0,0
32211,0,0,0,0,0,1,0,0,0
32212,0,0,0,0,0,1,0,0,0
32213,0,0,0,0,0,1,0,0,0
32214,0,0,0,0,0,1,0,0,0
32215,0,0,0,0,0,1,0,0,0
32216,0,0,0,0,0,1,0,0,0
32217,0,0,0,0,0,1,0,0,0
32218,0,0,0,0,0,1,0,0,0
32219,0,0,0,0,0,1,0,0,0
32220,0,0,0,0,0,1,0,0,0
32221,0,0,0,0,0,1,0,0,0
32222,0,0,0,0,0,1,0,0,0
32223,0,0,0,0,0,1,0,0,0
32224,0,0,0,0,0,1,0,0,0
32225,0,0,0,0,0,1,0,0,0
32226,0,0,0,0,0,1,0,0,0
32227,0,0,0,0,0,1,0,0,0
32228,0,0,0,0,0,1,0,0,0
32229,0,0,0,0,0,1,0,0,0
32230,0,0,0,0,0,1,0,0,0
32231,0,0,0,0,0,1,0,0,0
32232,0,0,0,0,0,1,0,0,0
32233,0,0,0,0,0,1,0,0,0
32234,0,0,0,0,0,1,0,0,0
32235,0,0,0,0,0,1,0,0,0
32236,0,0,0,0,0,1,0,0,0
32237,0,0,0,0,0,1,0,0,0
32238,0,0,0,0,0,1,0,0,0
32239,0,0,0,0,0,1,0,0,0
32240,0,0,0,0,0,1,0,0,0
32241,0,0,0,0,0,1,0,0,0
32242,0,0,0,0,0,1,0,0,0
32243,0,0,0,0,0,1,0,0,0
32244,0,0,0,0,0,1,0,0,0
32245,0,0,0,0,0,1,0,0,0
32246,0,0,0,0,0,1,0,0,0
32247,0,0,0,0,0,1,0,0,0
32248,0,0,0,0,0,1,0,0,0
32249,0,0,0,0,0,1,0,0,0
32250,0,0,0,0,0,1,0,0,0
32251,0,0,0,0,0,1,0,0,0
32252,0,0,0,0,0,1,0,0,0
32253,0,0,0,0,0,1,0,0,0
32254,0,0,0,0,0,1,0,0,0
32255,0,0,0,0,0,1,0,0,0
32256,0,0,0,0,0,1,0,0,0
32257,0,0,0,0,0,1,0,0,0
32258,0,0,0,0,0,1,0,0,0
32259,0,0,0,0,0,1,0,0,0
32260,0,0,0,0,0,1,0,0,0
32261,0,0,0,0,0,1,0,0,0
32262,0,0,0,0,0,1,0,0,0
32263,0,0,0,0,0,1,0,0,0
32264,0,0,0,0,0,1,0,0,0
32265,0,0,0,0,0,1,0,0,0
32266,0,0,0,0,0,1,0,0,0
32267,0,0,0,0,0,1,0,0,0
32268,0,0,0,0,0,1,0,0,0
32269,0,0,0,0,0,1,0,0,0
32270,0,0,0,0,0,1,0,0,0
32271,0,0,0,0,0,1,0,0,0
32272,0,0,0,0,0,1,0,0,0
32273,0,0,0,0,0,1,0,0,0
32274,0,0,0,0,0,1,0,0,0
32275,0,0,0,0,0,1,0,0,0
32276,0,0,0,0,0,1,0,0,0
32277,0,0,0,0,0,1,0,0,0
32278,0,0,0,0,0,1,0,0,0
32279,0,0,0,0,0,1,0,0,0
32280,0,0,0,0,0,1,0,0,0
32281,0,0,0,0,0,1,0,0,0
32282,0,0,0,0,0,1,0,0,0
32283,0,0,0,0,0,1,0,0,0
32284,0,0,0,0,0,1,0,0,0
32285,0,0,0,0,0,1,0,0,0
32286,0,0,0,0,0,1,0,0,0
32287,0,0,0,0,0,1,0,0,0
32288,0,0,0,0,0,1,0,0,0
32289,0,0,0,0,0,1,0,0,0
32290,0,0,0,0,0,1,0,0,0
32291,0,0,0,0,0,1,0,0,0
32292,0,0,0,0,0,1,0,0,0
32293,0,0,0,0,0,1,0,0,0
32294,0,0,0,0,0,1,0,0,0
32295,0,0,0,0,0,1,0,0,0
32296,0,0,0,0,0,1,0,0,0
32297,0,0,0,0,0,1,0,0,0
32298,0,0,0,0,0,1,0,0,0
32299,0,0,0,0,0,1,0,0,0
32300,0,0,0,0,0,1,0,0,0
32301,0,0,0,0,0,1,0,0,0
32302,0,0,0,0,0,1,0,0,0
32303,0,0,0,0,0,1,0,0,0
32304,0,0,0,0,0,1,0,0,0
32305,0,0,0,0,0,1,0,0,0
32306,0,0,0,0,0,1,0,0,0
32307,0,0,0,0,0,1,0,0,0
32308,0,0,0,0,0,1,0,0,0
32309,0,0,0,0,0,1,0,0,0
32310,0,0,0,0,0,1,0,0,0
32311,0,0,0,0,0,1,0,0,0
32312,0,0,0,0,0,1,0,0,0
32313,0,0,0,0,0,1,0,0,0
32314,0,0,0,0,0,1,0,0,0
32315,0,0,0,0,0,1,0,0,0
32316,0,0,0,0,0,1,0,0,0
32317,0,0,0,0,0,1,0,0,0
32318,0,0,0,0,0,1,0,0,0
32319,0,0,0,0,0,1,0,0,0
32320,0,0,0,0,0,1,0,0,0
32321,0,0,0,0,0,1,0,0,0
32322,0,0,0,0,0,1,0,0,0
32323,0,0,0,0,0,1,0,0,0
32324,0,0,0,0,0,1,0,0,0
32325,0,0,0,0,0,1,0,0,0
32326,0,0,0,0,0,1,0,0,0
32327,0,0,0,0,0,1,0,0,0
32328,0,0,0,0,0,1,0,0,0
32329,0,0,0,0,0,1,0,0,0
32330,0,0,0,0,0,1,0,0,0
32331,0,0,0,0,0,1,0,0,0
32332,0,0,0,0,0,1,0,0,0
32333,0,0,0,0,0,1,0,0,0
32334,0,0,0,0,0,1,0,0,0
32335,0,0,0,0,0,1,0,0,0
32336,0,0,0,0,0,1,0,0,0
32337,0,0,0,0,0,1,0,0,0
32338,0,0,0,0,0,1,0,0,0
32339,0,0,0,0,0,1,0,0,0
32340,0,0,0,0,0,1,0,0,0
32341,0,0,0,0,0,1,0,0,0
32342,0,0,0,0,0,1,0,0,0
32343,0,0,0,0,0,1,0,0,0
32344,0,0,0,0,0,1,0,0,0
32345,0,0,0,0,0,1,0,0,0
32346,0,0,0,0,0,1,0,0,0
32347,0,0,0,0,0,1,0,0,0
32348,0,0,0,0,0,1,0,0,0
32349,0,0,0,0,0,1,0,0,0
32350,0,0,0,0,0,1,0,0,0
32351,0,0,0,0,0,1,0,0,0
32352,0,0,0,0,0,1,0,0,0
32353,0,0,0,0,0,1,0,0,0
32354,0,0,0,0,0,1,0,0,0
32355,0,0,0,0,0,1,0,0,0
32356,0,0,0,0,0,1,0,0,0
32357,0,0,0,0,0,1,0,0,0
32358,0,0,0,0,0,1,0,0,0
32359,0,0,0,0,0,1,0,0,0
32360,0,0,0,0,0,1,0,0,0
32361,0,0,0,0,0,1,0,0,0
32362,0,0,0,0,0,1,0,0,0
32363,0,0,0,0,0,1,0,0,0
32364,0,0,0,0,0,1,0,0,0
32365,0,0,0,0,0,1,0,0,0
32366,0,0,0,0,0,1,0,0,0
32367,0,0,0,0,0,1,0,0,0
32368,0,0,0,0,0,1,0,0,0
32369,0,0,0,0,0,1,0,0,0
32370,0,0,0,0,0,1,0,0,0
32371,0,0,0,0,0,1,0,0,0
32372,0,0,0,0,0,1,0,0,0
32373,0,0,0,0,0,1,0,0,0
32374,0,0,0,0,0,1,0,0,0
32375,0,0,0,0,0,1,0,0,0
32376,0,0,0,0,0,1,0,0,0
32377,0,0,0,0,0,1,0,0,0
32378,0,0,0,0,0,1,0,0,0
32379,0,0,0,0,0,1,0,0,0
32380,0,0,0,0,0,1,0,0,0
32381,0,0,0,0,0,1,0,0,0
32382,0,0,0,0,0,1,0,0,0
32383,0,0,0,0,0,1,0,0,0
32384,0,0,0,0,0,1,0,0,0
32385,0,0,0,0,0,1,0,0,0
32386,0,0,0,0,0,1,0,0,0
32387,0,0,0,0,0,1,0,0,0
32388,0,0,0,0,0,1,0,0,0
32389,0,0,0,0,0,1,0,0,0
32390,0,0,0,0,0,1,0,0,0
32391,0,0,0,0,0,1,0,0,0
32392,0,0,0,0,0,1,0,0,0
32393,0,0,0,0,0,1,0,0,0
32394,0,0,0,0,0,1,0,0,0
32395,0,0,0,0,0,1,0,0,0
32396,0,0,0,0,0,1,0,0,0
32397,0,0,0,0,0,1,0,0,0
32398,0,0,0,0,0,1,0,0,0
32399,0,0,0,0,0,1,0,0,0
32400,0,0,0,0,0,1,0,0,0
32401,0,0,0,0,0,1,0,0,0
32402,0,0,0,0,0,1,0,0,0
32403,0,0,0,0,0,1,0,0,0
32404,0,0,0,0,0,1,0,0,0
32405,0,0,0,0,0,1,0,0,0
32406,0,0,0,0,0,1,0,0,0
32407,0,0,0,0,0,1,0,0,0
32408,0,0,0,0,0,1,0,0,0
32409,0,0,0,0,0,1,0,0,0
32410,0,0,0,0,0,1,0,0,0
32411,0,0,0,0,0,1,0,0,0
32412,0,0,0,0,0,1,0,0,0
32413,0,0,0,0,0,1,0,0,0
32414,0,0,0,0,0,1,0,0,0
32415,0,0,0,0,0,1,0,0,0
32416,0,0,0,0,0,1,0,0,0
32417,0,0,0,0,0,1,0,0,0
32418,0,0,0,0,0,1,0,0,0
32419,0,0,0,0,0,1,0,0,0
32420,0,0,0,0,0,1,0,0,0
32421,0,0,0,0,0,1,0,0,0
32422,0,0,0,0,0,1,0,0,0
32423,0,0,0,0,0,1,0,0,0
32424,0,0,0,0,0,1,0,0,0
32425,0,0,0,0,0,1,0,0,0
32426,0,0,0,0,0,1,0,0,0
32427,0,0,0,0,0,1,0,0,0
32428,0,0,0,0,0,1,0,0,0
32429,0,0,0,0,0,1,0,0,0
32430,0,0,0,0,0,1,0,0,0
32431,0,0,0,0,0,1,0,0,0
32432,0,0,0,0,0,1,0,0,0
32433,0,0,0,0,0,1,0,0,0
32434,0,0,0,0,0,1,0,0,0
32435,0,0,0,0,0,1,0,0,0
32436,0,0,0,0,0,1,0,0,0
32437,0,0,0,0,0,1,0,0,0
32438,0,0,0,0,0,1,0,0,0
32439,0,0,0,0,0,1,0,0,0
32440,0,0,0,0,0,1,0,0,0
32441,0,0,0,0,0,1,0,0,0
32442,0,0,0,0,0,1,0,0,0
32443,0,0,0,0,0,1,0,0,0
32444,0,0,0,0,0,1,0,0,0
32445,0,0,0,0,0,1,0,0,0
32446,0,0,0,0,0,1,0,0,0
32447,0,0,0,0,0,1,0,0,0
32448,0,0,0,0,0,1,0,0,0
32449,0,0,0,0,0,1,0,0,0
32450,0,0,0,0,0,1,0,0,0
32451,0,0,0,0,0,1,0,0,0
32452,0,0,0,0,0,1,0,0,0
32453,0,0,0,0,0,1,0,0,0
32454,0,0,0,0,0,1,0,0,0
32455,0,0,0,0,0,1,0,0,0
32456,0,0,0,0,0,1,0,0,0
32457,0,0,0,0,0,1,0,0,0
32458,0,0,0,0,0,1,0,0,0
32459,0,0,0,0,0,1,0,0,0
32460,0,0,0,0,0,1,0,0,0
32461,0,0,0,0,0,1,0,0,0
32462,0,0,0,0,0,1,0,0,0
32463,0,0,0,0,0,1,0,0,0
32464,0,0,0,0,0,1,0,0,0
32465,0,0,0,0,0,1,0,0,0
32466,0,0,0,0,0,1,0,0,0
32467,0,0,0,0,0,1,0,0,0
32468,0,0,0,0,0,1,0,0,0
32469,0,0,0,0,0,1,0,0,0
32470,0,0,0,0,0,1,0,0,0
32471,0,0,0,0,0,1,0,0,0
32472,0,0,0,0,0,1,0,0,0
32473,0,0,0,0,0,1,0,0,0
32474,0,0,0,0,0,1,0,0,0
32475,0,0,0,0,0,1,0,0,0
32476,0,0,0,0,0,1,0,0,0
32477,0,0,0,0,0,1,0,0,0
32478,0,0,0,0,0,1,0,0,0
32479,0,0,0,0,0,1,0,0,0
32480,0,0,0,0,0,1,0,0,0
32481,0,0,0,0,0,1,0,0,0
32482,0,0,0,0,0,1,0,0,0
32483,0,0,0,0,0,1,0,0,0
32484,0,0,0,0,0,1,0,0,0
32485,0,0,0,0,0,1,0,0,0
32486,0,0,0,0,0,1,0,0,0
32487,0,0,0,0,0,1,0,0,0
32488,0,0,0,0,0,1,0,0,0
32489,0,0,0,0,0,1,0,0,0
32490,0,0,0,0,0,1,0,0,0
32491,0,0,0,0,0,1,0,0,0
32492,0,0,0,0,0,1,0,0,0
32493,0,0,0,0,0,1,0,0,0
32494,0,0,0,0,0,1,0,0,0
32495,0,0,0,0,0,1,0,0,0
32496,0,0,0,0,0,1,0,0,0
32497,0,0,0,0,0,1,0,0,0
32498,0,0,0,0,0,1,0,0,0
32499,0,0,0,0,0,1,0,0,0
32500,0,0,0,0,0,1,0,0,0
32501,0,0,0,0,0,1,0,0,0
32502,0,0,0,0,0,1,0,0,0
32503,0,0,0,0,0,1,0,0,0
32504,0,0,0,0,0,1,0,0,0
32505,0,0,0,0,0,1,0,0,0
32506,0,0,0,0,0,1,0,0,0
32507,0,0,0,0,0,1,0,0,0
32508,0,0,0,0,0,1,0,0,0
32509,0,0,0,0,0,1,0,0,0
32510,0,0,0,0,0,1,0,0,0
32511,0,0,0,0,0,1,0,0,0
32512,0,0,0,0,0,1,0,0,0
32513,0,0,0,0,0,1,0,0,0
32514,0,0,0,0,0,1,0,0,0
32515,0,0,0,0,0,1,0,0,0
32516,0,0,0,0,0,1,0,0,0
32517,0,0,0,0,0,1,0,0,0
32518,0,0,0,0,0,1,0,0,0
32519,0,0,0,0,0,1,0,0,0
32520,0,0,0,0,0,1,0,0,0
32521,0,0,0,0,0,1,0,0,0
32522,0,0,0,0,0,1,0,0,0
32523,0,0,0,0,0,1,0,0,0
32524,0,0,0,0,0,1,0,0,0
32525,0,0,0,0,0,1,0,0,0
32526,0,0,0,0,0,1,0,0,0
32527,0,0,0,0,0,1,0,0,0
32528,0,0,0,0,0,1,0,0,0
32529,0,0,0,0,0,1,0,0,0
32530,0,0,0,0,0,1,0,0,0
32531,0,0,0,0,0,1,0,0,0
32532,0,0,0,0,0,1,0,0,0
32533,0,0,0,0,0,1,0,0,0
32534,0,0,0,0,0,1,0,0,0
32535,0,0,0,0,0,1,0,0,0
32536,0,0,0,0,0,1,0,0,0
32537,0,0,0,0,0,1,0,0,0
32538,0,0,0,0,0,1,0,0,0
32539,0,0,0,0,0,1,0,0,0
32540,0,0,0,0,0,1,0,0,0
32541,0,0,0,0,0,1,0,0,0
32542,0,0,0,0,0,1,0,0,0
32543,0,0,0,0,0,1,0,0,0
32544,0,0,0,0,0,1,0,0,0
32545,0,0,0,0,0,1,0,0,0
32546,0,0,0,0,0,1,0,0,0
32547,0,0,0,0,0,1,0,0,0
32548,0,0,0,0,0,1,0,0,0
32549,0,0,0,0,0,1,0,0,0
32550,0,0,0,0,0,1,0,0,0
32551,0,0,0,0,0,1,0,0,0
32552,0,0,0,0,0,1,0,0,0
32553,0,0,0,0,0,1,0,0,0
32554,0,0,0,0,0,1,0,0,0
32555,0,0,0,0,0,1,0,0,0
32556,0,0,0,0,0,1,0,0,0
32557,0,0,0,0,0,1,0,0,0
32558,0,0,0,0,0,1,0,0,0
32559,0,0,0,0,0,1,0,0,0
32560,0,0,0,0,0,1,0,0,0
32561,0,0,0,0,0,1,0,0,0
32562,0,0,0,0,0,1,0,0,0
32563,0,0,0,0,0,1,0,0,0
32564,0,0,0,0,0,1,0,0,0
32565,0,0,0,0,0,1,0,0,0
32566,0,0,0,0,0,1,0,0,0
32567,0,0,0,0,0,1,0,0,0
32568,0,0,0,0,0,1,0,0,0
32569,0,0,0,0,0,1,0,0,0
32570,0,0,0,0,0,1,0,0,0
32571,0,0,0,0,0,1,0,0,0
32572,0,0,0,0,0,1,0,0,0
32573,0,0,0,0,0,1,0,0,0
32574,0,0,0,0,0,1,0,0,0
32575,0,0,0,0,0,1,0,0,0
32576,0,0,0,0,0,1,0,0,0
32577,0,0,0,0,0,1,0,0,0
32578,0,0,0,0,0,1,0,0,0
32579,0,0,0,0,0,1,0,0,0
32580,0,0,0,0,0,1,0,0,0
32581,0,0,0,0,0,1,0,0,0
32582,0,0,0,0,0,1,0,0,0
32583,0,0,0,0,0,1,0,0,0
32584,0,0,0,0,0,1,0,0,0
32585,0,0,0,0,0,1,0,0,0
32586,0,0,0,0,0,1,0,0,0
32587,0,0,0,0,0,1,0,0,0
32588,0,0,0,0,0,1,0,0,0
32589,0,0,0,0,0,1,0,0,0
32590,0,0,0,0,0,1,0,0,0
32591,0,0,0,0,0,1,0,0,0
32592,0,0,0,0,0,1,0,0,0
32593,0,0,0,0,0,1,0,0,0
32594,0,0,0,0,0,1,0,0,0
32595,0,0,0,0,0,1,0,0,0
32596,0,0,0,0,0,1,0,0,0
32597,0,0,0,0,0,1,0,0,0
32598,0,0,0,0,0,1,0,0,0
32599,0,0,0,0,0,1,0,0,0
32600,0,0,0,0,0,1,0,0,0
32601,0,0,0,0,0,1,0,0,0
32602,0,0,0,0,0,1,0,0,0
32603,0,0,0,0,0,1,0,0,0
32604,0,0,0,0,0,1,0,0,0
32605,0,0,0,0,0,1,0,0,0
32606,0,0,0,0,0,1,0,0,0
32607,0,0,0,0,0,1,0,0,0
32608,0,0,0,0,0,1,0,0,0
32609,0,0,0,0,0,1,0,0,0
32610,0,0,0,0,0,1,0,0,0
32611,0,0,0,0,0,1,0,0,0
32612,0,0,0,0,0,1,0,0,0
32613,0,0,0,0,0,1,0,0,0
32614,0,0,0,0,0,1,0,0,0
32615,0,0,0,0,0,1,0,0,0
32616,0,0,0,0,0,1,0,0,0
32617,0,0,0,0,0,1,0,0,0
32618,0,0,0,0,0,1,0,0,0
32619,0,0,0,0,0,1,0,0,0
32620,0,0,0,0,0,1,0,0,0
32621,0,0,0,0,0,1,0,0,0
32622,0,0,0,0,0,1,0,0,0
32623,0,0,0,0,0,1,0,0,0
32624,0,0,0,0,0,1,0,0,0
32625,0,0,0,0,0,1,0,0,0
32626,0,0,0,0,0,1,0,0,0
32627,0,0,0,0,0,1,0,0,0
32628,0,0,0,0,0,1,0,0,0
32629,0,0,0,0,0,1,0,0,0
32630,0,0,0,0,0,1,0,0,0
32631,0,0,0,0,0,1,0,0,0
32632,0,0,0,0,0,1,0,0,0
32633,0,0,0,0,0,1,0,0,0
32634,0,0,0,0,0,1,0,0,0
32635,0,0,0,0,0,1,0,0,0
32636,0,0,0,0,0,1,0,0,0
32637,0,0,0,0,0,1,0,0,0
32638,0,0,0,0,0,1,0,0,0
32639,0,0,0,0,0,1,0,0,0
32640,0,0,0,0,0,1,0,0,0
32641,0,0,0,0,0,1,0,0,0
32642,0,0,0,0,0,1,0,0,0
32643,0,0,0,0,0,1,0,0,0
32644,0,0,0,0,0,1,0,0,0
32645,0,0,0,0,0,1,0,0,0
32646,0,0,0,0,0,1,0,0,0
32647,0,0,0,0,0,1,0,0,0
32648,0,0,0,0,0,1,0,0,0
32649,0,0,0,0,0,1,0,0,0
32650,0,0,0,0,0,1,0,0,0
32651,0,0,0,0,0,1,0,0,0
32652,0,0,0,0,0,1,0,0,0
32653,0,0,0,0,0,1,0,0,0
32654,0,0,0,0,0,1,0,0,0
32655,0,0,0,0,0,1,0,0,0
32656,0,0,0,0,0,1,0,0,0
32657,0,0,0,0,0,1,0,0,0
32658,0,0,0,0,0,1,0,0,0
32659,0,0,0,0,0,1,0,0,0
32660,0,0,0,0,0,1,0,0,0
32661,0,0,0,0,0,1,0,0,0
32662,0,0,0,0,0,1,0,0,0
32663,0,0,0,0,0,1,0,0,0
32664,0,0,0,0,0,1,0,0,0
32665,0,0,0,0,0,1,0,0,0
32666,0,0,0,0,0,1,0,0,0
32667,0,0,0,0,0,1,0,0,0
32668,0,0,0,0,0,1,0,0,0
32669,0,0,0,0,0,1,0,0,0
32670,0,0,0,0,0,1,0,0,0
32671,0,0,0,0,0,1,0,0,0
32672,0,0,0,0,0,1,0,0,0
32673,0,0,0,0,0,1,0,0,0
32674,0,0,0,0,0,1,0,0,0
32675,0,0,0,0,0,1,0,0,0
32676,0,0,0,0,0,1,0,0,0
32677,0,0,0,0,0,1,0,0,0
32678,0,0,0,0,0,1,0,0,0
32679,0,0,0,0,0,1,0,0,0
32680,0,0,0,0,0,1,0,0,0
32681,0,0,0,0,0,1,0,0,0
32682,0,0,0,0,0,1,0,0,0
32683,0,0,0,0,0,1,0,0,0
32684,0,0,0,0,0,1,0,0,0
32685,0,0,0,0,0,1,0,0,0
32686,0,0,0,0,0,1,0,0,0
32687,0,0,0,0,0,1,0,0,0
32688,0,0,0,0,0,1,0,0,0
32689,0,0,0,0,0,1,0,0,0
32690,0,0,0,0,0,1,0,0,0
32691,0,0,0,0,0,1,0,0,0
32692,0,0,0,0,0,1,0,0,0
32693,0,0,0,0,0,1,0,0,0
32694,0,0,0,0,0,1,0,0,0
32695,0,0,0,0,0,1,0,0,0
32696,0,0,0,0,0,1,0,0,0
32697,0,0,0,0,0,1,0,0,0
32698,0,0,0,0,0,1,0,0,0
32699,0,0,0,0,0,1,0,0,0
32700,0,0,0,0,0,1,0,0,0
32701,0,0,0,0,0,1,0,0,0
32702,0,0,0,0,0,1,0,0,0
32703,0,0,0,0,0,1,0,0,0
32704,0,0,0,0,0,1,0,0,0
32705,0,0,0,0,0,1,0,0,0
32706,0,0,0,0,0,1,0,0,0
32707,0,0,0,0,0,1,0,0,0
32708,0,0,0,0,0,1,0,0,0
32709,0,0,0,0,0,1,0,0,0
32710,0,0,0,0,0,1,0,0,0
32711,0,0,0,0,0,1,0,0,0
32712,0,0,0,0,0,1,0,0,0
32713,0,0,0,0,0,1,0,0,0
32714,0,0,0,0,0,1,0,0,0
32715,0,0,0,0,0,1,0,0,0
32716,0,0,0,0,0,1,0,0,0
32717,0,0,0,0,0,1,0,0,0
32718,0,0,0,0,0,1,0,0,0
32719,0,0,0,0,0,1,0,0,0
32720,0,0,0,0,0,1,0,0,0
32721,0,0,0,0,0,1,0,0,0
32722,0,0,0,0,0,1,0,0,0
32723,0,0,0,0,0,1,0,0,0
32724,0,0,0,0,0,1,0,0,0
32725,0,0,0,0,0,1,0,0,0
32726,0,0,0,0,0,1,0,0,0
32727,0,0,0,0,0,1,0,0,0
32728,0,0,0,0,0,1,0,0,0
32729,0,0,0,0,0,1,0,0,0
32730,0,0,0,0,0,1,0,0,0
32731,0,0,0,0,0,1,0,0,0
32732,0,0,0,0,0,1,0,0,0
32733,0,0,0,0,0,1,0,0,0
32734,0,0,0,0,0,1,0,0,0
32735,0,0,0,0,0,1,0,0,0
32736,0,0,0,0,0,1,0,0,0
32737,0,0,0,0,0,1,0,0,0
32738,0,0,0,0,0,1,0,0,0
32739,0,0,0,0,0,1,0,0,0
32740,0,0,0,0,0,1,0,0,0
32741,0,0,0,0,0,1,0,0,0
32742,0,0,0,0,0,1,0,0,0
32743,0,0,0,0,0,1,0,0,0
32744,0,0,0,0,0,1,0,0,0
32745,0,0,0,0,0,1,0,0,0
32746,0,0,0,0,0,1,0,0,0
32747,0,0,0,0,0,1,0,0,0
32748,0,0,0,0,0,1,0,0,0
32749,0,0,0,0,0,1,0,0,0
32750,0,0,0,0,0,1,0,0,0
32751,0,0,0,0,0,1,0,0,0
32752,0,0,0,0,0,1,0,0,0
32753,0,0,0,0,0,1,0,0,0
32754,0,0,0,0,0,1,0,0,0
32755,0,0,0,0,0,1,0,0,0
32756,0,0,0,0,0,1,0,0,0
32757,0,0,0,0,0,1,0,0,0
32758,0,0,0,0,0,1,0,0,0
32759,0,0,0,0,0,1,0,0,0
32760,0,0,0,0,0,1,0,0,0
32761,0,0,0,0,0,1,0,0,0
32762,0,0,0,0,0,1,0,0,0
32763,0,0,0,0,0,1,0,0,0
32764,0,0,0,0,0,1,0,0,0
32765,0,0,0,0,0,1,0,0,0
32766,0,0,0,0,0,1,0,0,0
32767,0,0,0,0,0,1,0,0,0
32768,0,0,0,0,0,1,0,0,0
32769,0,0,0,0,0,1,0,0,0
32770,0,0,0,0,0,1,0,0,0
32771,0,0,0,0,0,1,0,0,0
32772,0,0,0,0,0,1,0,0,0
32773,0,0,0,0,0,1,0,0,0
32774,0,0,0,0,0,1,0,0,0
32775,0,0,0,0,0,1,0,0,0
32776,0,0,0,0,0,1,0,0,0
32777,0,0,0,0,0,1,0,0,0
32778,0,0,0,0,0,1,0,0,0
32779,0,0,0,0,0,1,0,0,0
32780,0,0,0,0,0,1,0,0,0
32781,0,0,0,0,0,1,0,0,0
32782,0,0,0,0,0,1,0,0,0
32783,0,0,0,0,0,1,0,0,0
32784,0,0,0,0,0,1,0,0,0
32785,0,0,0,0,0,1,0,0,0
32786,0,0,0,0,0,1,0,0,0
32787,0,0,0,0,0,1,0,0,0
32788,0,0,0,0,0,1,0,0,0
32789,0,0,0,0,0,1,0,0,0
32790,0,0,0,0,0,1,0,0,0
32791,0,0,0,0,0,1,0,0,0
32792,0,0,0,0,0,1,0,0,0
32793,0,0,0,0,0,1,0,0,0
32794,0,0,0,0,0,1,0,0,0
32795,0,0,0,0,0,1,0,0,0
32796,0,0,0,0,0,1,0,0,0
32797,0,0,0,0,0,1,0,0,0
32798,0,0,0,0,0,1,0,0,0
32799,0,0,0,0,0,1,0,0,0
32800,0,0,0,0,0,1,0,0,0
32801,0,0,0,0,0,1,0,0,0
32802,0,0,0,0,0,1,0,0,0
32803,0,0,0,0,0,1,0,0,0
32804,0,0,0,0,0,1,0,0,0
32805,0,0,0,0,0,1,0,0,0
32806,0,0,0,0,0,1,0,0,0
32807,0,0,0,0,0,1,0,0,0
32808,0,0,0,0,0,1,0,0,0
32809,0,0,0,0,0,1,0,0,0
32810,0,0,0,0,0,1,0,0,0
32811,0,0,0,0,0,1,0,0,0
32812,0,0,0,0,0,1,0,0,0
32813,0,0,0,0,0,1,0,0,0
32814,0,0,0,0,0,1,0,0,0
32815,0,0,0,0,0,1,0,0,0
32816,0,0,0,0,0,1,0,0,0
32817,0,0,0,0,0,1,0,0,0
32818,0,0,0,0,0,1,0,0,0
32819,0,0,0,0,0,1,0,0,0
32820,0,0,0,0,0,1,0,0,0
32821,0,0,0,0,0,1,0,0,0
32822,0,0,0,0,0,1,0,0,0
32823,0,0,0,0,0,1,0,0,0
32824,0,0,0,0,0,1,0,0,0
32825,0,0,0,0,0,1,0,0,0
32826,0,0,0,0,0,1,0,0,0
32827,0,0,0,0,0,1,0,0,0
32828,0,0,0,0,0,1,0,0,0
32829,0,0,0,0,0,1,0,0,0
32830,0,0,0,0,0,1,0,0,0
32831,0,0,0,0,0,1,0,0,0
32832,0,0,0,0,0,1,0,0,0
32833,0,0,0,0,0,1,0,0,0
32834,0,0,0,0,0,1,0,0,0
32835,0,0,0,0,0,1,0,0,0
32836,0,0,0,0,0,1,0,0,0
32837,0,0,0,0,0,1,0,0,0
32838,0,0,0,0,0,1,0,0,0
32839,0,0,0,0,0,1,0,0,0
32840,0,0,0,0,0,1,0,0,0
32841,0,0,0,0,0,1,0,0,0
32842,0,0,0,0,0,1,0,0,0
32843,0,0,0,0,0,1,0,0,0
32844,0,0,0,0,0,1,0,0,0
32845,0,0,0,0,0,1,0,0,0
32846,0,0,0,0,0,1,0,0,0
32847,0,0,0,0,0,1,0,0,0
32848,0,0,0,0,0,1,0,0,0
32849,0,0,0,0,0,1,0,0,0
32850,0,0,0,0,0,1,0,0,0
32851,0,0,0,0,0,1,0,0,0
32852,0,0,0,0,0,1,0,0,0
32853,0,0,0,0,0,1,0,0,0
32854,0,0,0,0,0,1,0,0,0
32855,0,0,0,0,0,1,0,0,0
32856,0,0,0,0,0,1,0,0,0
32857,0,0,0,0,0,1,0,0,0
32858,0,0,0,0,0,1,0,0,0
32859,0,0,0,0,0,1,0,0,0
32860,0,0,0,0,0,1,0,0,0
32861,0,0,0,0,0,1,0,0,0
32862,0,0,0,0,0,1,0,0,0
32863,0,0,0,0,0,1,0,0,0
32864,0,0,0,0,0,1,0,0,0
32865,0,0,0,0,0,1,0,0,0
32866,0,0,0,0,0,1,0,0,0
32867,0,0,0,0,0,1,0,0,0
32868,0,0,0,0,0,1,0,0,0
32869,0,0,0,0,0,1,0,0,0
32870,0,0,0,0,0,1,0,0,0
32871,0,0,0,0,0,1,0,0,0
32872,0,0,0,0,0,1,0,0,0
32873,0,0,0,0,0,1,0,0,0
32874,0,0,0,0,0,1,0,0,0
32875,0,0,0,0,0,1,0,0,0
32876,0,0,0,0,0,1,0,0,0
32877,0,0,0,0,0,1,0,0,0
32878,0,0,0,0,0,1,0,0,0
32879,0,0,0,0,0,1,0,0,0
32880,0,0,0,0,0,1,0,0,0
32881,0,0,0,0,0,1,0,0,0
32882,0,0,0,0,0,1,0,0,0
32883,0,0,0,0,0,1,0,0,0
32884,0,0,0,0,0,1,0,0,0
32885,0,0,0,0,0,1,0,0,0
32886,0,0,0,0,0,1,0,0,0
32887,0,0,0,0,0,1,0,0,0
32888,0,0,0,0,0,1,0,0,0
32889,0,0,0,0,0,1,0,0,0
32890,0,0,0,0,0,1,0,0,0
32891,0,0,0,0,0,1,0,0,0
32892,0,0,0,0,0,1,0,0,0
32893,0,0,0,0,0,1,0,0,0
32894,0,0,0,0,0,1,0,0,0
32895,0,0,0,0,0,1,0,0,0
32896,0,0,0,0,0,1,0,0,0
32897,0,0,0,0,0,1,0,0,0
32898,0,0,0,0,0,1,0,0,0
32899,0,0,0,0,0,1,0,0,0
32900,0,0,0,0,0,1,0,0,0
32901,0,0,0,0,0,1,0,0,0
32902,0,0,0,0,0,1,0,0,0
32903,0,0,0,0,0,1,0,0,0
32904,0,0,0,0,0,1,0,0,0
32905,0,0,0,0,0,1,0,0,0
32906,0,0,0,0,0,1,0,0,0
32907,0,0,0,0,0,1,0,0,0
32908,0,0,0,0,0,1,0,0,0
32909,0,0,0,0,0,1,0,0,0
32910,0,0,0,0,0,1,0,0,0
32911,0,0,0,0,0,1,0,0,0
32912,0,0,0,0,0,1,0,0,0
32913,0,0,0,0,0,1,0,0,0
32914,0,0,0,0,0,1,0,0,0
32915,0,0,0,0,0,1,0,0,0
32916,0,0,0,0,0,1,0,0,0
32917,0,0,0,0,0,1,0,0,0
32918,0,0,0,0,0,1,0,0,0
32919,0,0,0,0,0,1,0,0,0
32920,0,0,0,0,0,1,0,0,0
32921,0,0,0,0,0,1,0,0,0
32922,0,0,0,0,0,1,0,0,0
32923,0,0,0,0,0,1,0,0,0
32924,0,0,0,0,0,1,0,0,0
32925,0,0,0,0,0,1,0,0,0
32926,0,0,0,0,0,1,0,0,0
32927,0,0,0,0,0,1,0,0,0
32928,0,0,0,0,0,1,0,0,0
32929,0,0,0,0,0,1,0,0,0
32930,0,0,0,0,0,1,0,0,0
32931,0,0,0,0,0,1,0,0,0
32932,0,0,0,0,0,1,0,0,0
32933,0,0,0,0,0,1,0,0,0
32934,0,0,0,0,0,1,0,0,0
32935,0,0,0,0,0,1,0,0,0
32936,0,0,0,0,0,1,0,0,0
32937,0,0,0,0,0,1,0,0,0
32938,0,0,0,0,0,1,0,0,0
32939,0,0,0,0,0,1,0,0,0
32940,0,0,0,0,0,1,0,0,0
32941,0,0,0,0,0,1,0,0,0
32942,0,0,0,0,0,1,0,0,0
32943,0,0,0,0,0,1,0,0,0
32944,0,0,0,0,0,1,0,0,0
32945,0,0,0,0,0,1,0,0,0
32946,0,0,0,0,0,1,0,0,0
32947,0,0,0,0,0,1,0,0,0
32948,0,0,0,0,0,1,0,0,0
32949,0,0,0,0,0,1,0,0,0
32950,0,0,0,0,0,1,0,0,0
32951,0,0,0,0,0,1,0,0,0
32952,0,0,0,0,0,1,0,0,0
32953,0,0,0,0,0,1,0,0,0
32954,0,0,0,0,0,1,0,0,0
32955,0,0,0,0,0,1,0,0,0
32956,0,0,0,0,0,1,0,0,0
32957,0,0,0,0,0,1,0,0,0
32958,0,0,0,0,0,1,0,0,0
32959,0,0,0,0,0,1,0,0,0
32960,0,0,0,0,0,1,0,0,0
32961,0,0,0,0,0,1,0,0,0
32962,0,0,0,0,0,1,0,0,0
32963,0,0,0,0,0,1,0,0,0
32964,0,0,0,0,0,1,0,0,0
32965,0,0,0,0,0,1,0,0,0
32966,0,0,0,0,0,1,0,0,0
32967,0,0,0,0,0,1,0,0,0
32968,0,0,0,0,0,1,0,0,0
32969,0,0,0,0,0,1,0,0,0
32970,0,0,0,0,0,1,0,0,0
32971,0,0,0,0,0,1,0,0,0
32972,0,0,0,0,0,1,0,0,0
32973,0,0,0,0,0,1,0,0,0
32974,0,0,0,0,0,1,0,0,0
32975,0,0,0,0,0,1,0,0,0
32976,0,0,0,0,0,1,0,0,0
32977,0,0,0,0,0,1,0,0,0
32978,0,0,0,0,0,1,0,0,0
32979,0,0,0,0,0,1,0,0,0
32980,0,0,0,0,0,1,0,0,0
32981,0,0,0,0,0,1,0,0,0
32982,0,0,0,0,0,1,0,0,0
32983,0,0,0,0,0,1,0,0,0
32984,0,0,0,0,0,1,0,0,0
32985,0,0,0,0,0,1,0,0,0
32986,0,0,0,0,0,1,0,0,0
32987,0,0,0,0,0,1,0,0,0
32988,0,0,0,0,0,1,0,0,0
32989,0,0,0,0,0,1,0,0,0
32990,0,0,0,0,0,1,0,0,0
32991,0,0,0,0,0,1,0,0,0
32992,0,0,0,0,0,1,0,0,0
32993,0,0,0,0,0,1,0,0,0
32994,0,0,0,0,0,1,0,0,0
32995,0,0,0,0,0,1,0,0,0
32996,0,0,0,0,0,1,0,0,0
32997,0,0,0,0,0,1,0,0,0
32998,0,0,0,0,0,1,0,0,0
32999,0,0,0,0,0,1,0,0,0
33000,0,0,0,0,0,1,0,0,0
33001,0,0,0,0,0,1,0,0,0
33002,0,0,0,0,0,1,0,0,0
33003,0,0,0,0,0,1,0,0,0
33004,0,0,0,0,0,1,0,0,0
33005,0,0,0,0,0,1,0,0,0
33006,0,0,0,0,0,1,0,0,0
33007,0,0,0,0,0,1,0,0,0
33008,0,0,0,0,0,1,0,0,0
33009,0,0,0,0,0,1,0,0,0
33010,0,0,0,0,0,1,0,0,0
33011,0,0,0,0,0,1,0,0,0
33012,0,0,0,0,0,1,0,0,0
33013,0,0,0,0,0,1,0,0,0
33014,0,0,0,0,0,1,0,0,0
33015,0,0,0,0,0,1,0,0,0
33016,0,0,0,0,0,1,0,0,0
33017,0,0,0,0,0,1,0,0,0
33018,0,0,0,0,0,1,0,0,0
33019,0,0,0,0,0,1,0,0,0
33020,0,0,0,0,0,1,0,0,0
33021,0,0,0,0,0,1,0,0,0
33022,0,0,0,0,0,1,0,0,0
33023,0,0,0,0,0,1,0,0,0
33024,0,0,0,0,0,1,0,0,0
33025,0,0,0,0,0,1,0,0,0
33026,0,0,0,0,0,1,0,0,0
33027,0,0,0,0,0,1,0,0,0
33028,0,0,0,0,0,1,0,0,0
33029,0,0,0,0,0,1,0,0,0
33030,0,0,0,0,0,1,0,0,0
33031,0,0,0,0,0,1,0,0,0
33032,0,0,0,0,0,1,0,0,0
33033,0,0,0,0,0,1,0,0,0
33034,0,0,0,0,0,1,0,0,0
33035,0,0,0,0,0,1,0,0,0
33036,0,0,0,0,0,1,0,0,0
33037,0,0,0,0,0,1,0,0,0
33038,0,0,0,0,0,1,0,0,0
33039,0,0,0,0,0,1,0,0,0
33040,0,0,0,0,0,1,0,0,0
33041,0,0,0,0,0,1,0,0,0
33042,0,0,0,0,0,1,0,0,0
33043,0,0,0,0,0,1,0,0,0
33044,0,0,0,0,0,1,0,0,0
33045,0,0,0,0,0,1,0,0,0
33046,0,0,0,0,0,1,0,0,0
33047,0,0,0,0,0,1,0,0,0
33048,0,0,0,0,0,1,0,0,0
33049,0,0,0,0,0,1,0,0,0
33050,0,0,0,0,0,1,0,0,0
33051,0,0,0,0,0,1,0,0,0
33052,0,0,0,0,0,1,0,0,0
33053,0,0,0,0,0,1,0,0,0
33054,0,0,0,0,0,1,0,0,0
33055,0,0,0,0,0,1,0,0,0
33056,0,0,0,0,0,1,0,0,0
33057,0,0,0,0,0,1,0,0,0
33058,0,0,0,0,0,1,0,0,0
33059,0,0,0,0,0,1,0,0,0
33060,0,0,0,0,0,1,0,0,0
33061,0,0,0,0,0,1,0,0,0
33062,0,0,0,0,0,1,0,0,0
33063,0,0,0,0,0,1,0,0,0
33064,0,0,0,0,0,1,0,0,0
33065,0,0,0,0,0,1,0,0,0
33066,0,0,0,0,0,1,0,0,0
33067,0,0,0,0,0,1,0,0,0
33068,0,0,0,0,0,1,0,0,0
33069,0,0,0,0,0,1,0,0,0
33070,0,0,0,0,0,1,0,0,0
33071,0,0,0,0,0,1,0,0,0
33072,0,0,0,0,0,1,0,0,0
33073,0,0,0,0,0,1,0,0,0
33074,0,0,0,0,0,1,0,0,0
33075,0,0,0,0,0,1,0,0,0
33076,0,0,0,0,0,1,0,0,0
33077,0,0,0,0,0,1,0,0,0
33078,0,0,0,0,0,1,0,0,0
33079,0,0,0,0,0,1,0,0,0
33080,0,0,0,0,0,1,0,0,0
33081,0,0,0,0,0,1,0,0,0
33082,0,0,0,0,0,1,0,0,0
33083,0,0,0,0,0,1,0,0,0
33084,0,0,0,0,0,1,0,0,0
33085,0,0,0,0,0,1,0,0,0
33086,0,0,0,0,0,1,0,0,0
33087,0,0,0,0,0,1,0,0,0
33088,0,0,0,0,0,1,0,0,0
33089,0,0,0,0,0,1,0,0,0
33090,0,0,0,0,0,1,0,0,0
33091,0,0,0,0,0,1,0,0,0
33092,0,0,0,0,0,1,0,0,0
33093,0,0,0,0,0,1,0,0,0
33094,0,0,0,0,0,1,0,0,0
33095,0,0,0,0,0,1,0,0,0
33096,0,0,0,0,0,1,0,0,0
33097,0,0,0,0,0,1,0,0,0
33098,0,0,0,0,0,1,0,0,0
33099,0,0,0,0,0,1,0,0,0
33100,0,0,0,0,0,1,0,0,0
33101,0,0,0,0,0,1,0,0,0
33102,0,0,0,0,0,1,0,0,0
33103,0,0,0,0,0,1,0,0,0
33104,0,0,0,0,0,1,0,0,0
33105,0,0,0,0,0,1,0,0,0
33106,0,0,0,0,0,1,0,0,0
33107,0,0,0,0,0,1,0,0,0
33108,0,0,0,0,0,1,0,0,0
33109,0,0,0,0,0,1,0,0,0
33110,0,0,0,0,0,1,0,0,0
33111,0,0,0,0,0,1,0,0,0
33112,0,0,0,0,0,1,0,0,0
33113,0,0,0,0,0,1,0,0,0
33114,0,0,0,0,0,1,0,0,0
33115,0,0,0,0,0,1,0,0,0
33116,0,0,0,0,0,1,0,0,0
33117,0,0,0,0,0,1,0,0,0
33118,0,0,0,0,0,1,0,0,0
33119,0,0,0,0,0,1,0,0,0
33120,0,0,0,0,0,1,0,0,0
33121,0,0,0,0,0,1,0,0,0
33122,0,0,0,0,0,1,0,0,0
33123,0,0,0,0,0,1,0,0,0
33124,0,0,0,0,0,1,0,0,0
33125,0,0,0,0,0,1,0,0,0
33126,0,0,0,0,0,1,0,0,0
33127,0,0,0,0,0,1,0,0,0
33128,0,0,0,0,0,1,0,0,0
33129,0,0,0,0,0,1,0,0,0
33130,0,0,0,0,0,1,0,0,0
33131,0,0,0,0,0,1,0,0,0
33132,0,0,0,0,0,1,0,0,0
33133,0,0,0,0,0,1,0,0,0
33134,0,0,0,0,0,1,0,0,0
33135,0,0,0,0,0,1,0,0,0
33136,0,0,0,0,0,1,0,0,0
33137,0,0,0,0,0,1,0,0,0
33138,0,0,0,0,0,1,0,0,0
33139,0,0,0,0,0,1,0,0,0
33140,0,0,0,0,0,1,0,0,0
33141,0,0,0,0,0,1,0,0,0
33142,0,0,0,0,0,1,0,0,0
33143,0,0,0,0,0,1,0,0,0
33144,0,0,0,0,0,1,0,0,0
33145,0,0,0,0,0,1,0,0,0
33146,0,0,0,0,0,1,0,0,0
33147,0,0,0,0,0,1,0,0,0
33148,0,0,0,0,0,1,0,0,0
33149,0,0,0,0,0,1,0,0,0
33150,0,0,0,0,0,1,0,0,0
33151,0,0,0,0,0,1,0,0,0
33152,0,0,0,0,0,1,0,0,0
33153,0,0,0,0,0,1,0,0,0
33154,0,0,0,0,0,1,0,0,0
33155,0,0,0,0,0,1,0,0,0
33156,0,0,0,0,0,1,0,0,0
33157,0,0,0,0,0,1,0,0,0
33158,0,0,0,0,0,1,0,0,0
33159,0,0,0,0,0,1,0,0,0
33160,0,0,0,0,0,1,0,0,0
33161,0,0,0,0,0,1,0,0,0
33162,0,0,0,0,0,1,0,0,0
33163,0,0,0,0,0,1,0,0,0
33164,0,0,0,0,0,1,0,0,0
33165,0,0,0,0,0,1,0,0,0
33166,0,0,0,0,0,1,0,0,0
33167,0,0,0,0,0,1,0,0,0
33168,0,0,0,0,0,1,0,0,0
33169,0,0,0,0,0,1,0,0,0
33170,0,0,0,0,0,1,0,0,0
33171,0,0,0,0,0,1,0,0,0
33172,0,0,0,0,0,1,0,0,0
33173,0,0,0,0,0,1,0,0,0
33174,0,0,0,0,0,1,0,0,0
33175,0,0,0,0,0,1,0,0,0
33176,0,0,0,0,0,1,0,0,0
33177,0,0,0,0,0,1,0,0,0
33178,0,0,0,0,0,1,0,0,0
33179,0,0,0,0,0,1,0,0,0
33180,0,0,0,0,0,1,0,0,0
33181,0,0,0,0,0,1,0,0,0
33182,0,0,0,0,0,1,0,0,0
33183,0,0,0,0,0,1,0,0,0
33184,0,0,0,0,0,1,0,0,0
33185,0,0,0,0,0,1,0,0,0
33186,0,0,0,0,0,1,0,0,0
33187,0,0,0,0,0,1,0,0,0
33188,0,0,0,0,0,1,0,0,0
33189,0,0,0,0,0,1,0,0,0
33190,0,0,0,0,0,1,0,0,0
33191,0,0,0,0,0,1,0,0,0
33192,0,0,0,0,0,1,0,0,0
33193,0,0,0,0,0,1,0,0,0
33194,0,0,0,0,0,1,0,0,0
33195,0,0,0,0,0,1,0,0,0
33196,0,0,0,0,0,1,0,0,0
33197,0,0,0,0,0,1,0,0,0
33198,0,0,0,0,0,1,0,0,0
33199,0,0,0,0,0,1,0,0,0
33200,0,0,0,0,0,1,0,0,0
33201,0,0,0,0,0,1,0,0,0
33202,0,0,0,0,0,1,0,0,0
33203,0,0,0,0,0,1,0,0,0
33204,0,0,0,0,0,1,0,0,0
33205,0,0,0,0,0,1,0,0,0
33206,0,0,0,0,0,1,0,0,0
33207,0,0,0,0,0,1,0,0,0
33208,0,0,0,0,0,1,0,0,0
33209,0,0,0,0,0,1,0,0,0
33210,0,0,0,0,0,1,0,0,0
33211,0,0,0,0,0,1,0,0,0
33212,0,0,0,0,0,1,0,0,0
33213,0,0,0,0,0,1,0,0,0
33214,0,0,0,0,0,1,0,0,0
33215,0,0,0,0,0,1,0,0,0
33216,0,0,0,0,0,1,0,0,0
33217,0,0,0,0,0,1,0,0,0
33218,0,0,0,0,0,1,0,0,0
33219,0,0,0,0,0,1,0,0,0
33220,0,0,0,0,0,1,0,0,0
33221,0,0,0,0,0,1,0,0,0
33222,0,0,0,0,0,1,0,0,0
33223,0,0,0,0,0,1,0,0,0
33224,0,0,0,0,0,1,0,0,0
33225,0,0,0,0,0,1,0,0,0
33226,0,0,0,0,0,1,0,0,0
33227,0,0,0,0,0,1,0,0,0
33228,0,0,0,0,0,1,0,0,0
33229,0,0,0,0,0,1,0,0,0
33230,0,0,0,0,0,1,0,0,0
33231,0,0,0,0,0,1,0,0,0
33232,0,0,0,0,0,1,0,0,0
33233,0,0,0,0,0,1,0,0,0
33234,0,0,0,0,0,1,0,0,0
33235,0,0,0,0,0,1,0,0,0
33236,0,0,0,0,0,1,0,0,0
33237,0,0,0,0,0,1,0,0,0
33238,0,0,0,0,0,1,0,0,0
33239,0,0,0,0,0,1,0,0,0
33240,0,0,0,0,0,1,0,0,0
33241,0,0,0,0,0,1,0,0,0
33242,0,0,0,0,0,1,0,0,0
33243,0,0,0,0,0,1,0,0,0
33244,0,0,0,0,0,1,0,0,0
33245,0,0,0,0,0,1,0,0,0
33246,0,0,0,0,0,1,0,0,0
33247,0,0,0,0,0,1,0,0,0
33248,0,0,0,0,0,1,0,0,0
33249,0,0,0,0,0,1,0,0,0
33250,0,0,0,0,0,1,0,0,0
33251,0,0,0,0,0,1,0,0,0
33252,0,0,0,0,0,1,0,0,0
33253,0,0,0,0,0,1,0,0,0
33254,0,0,0,0,0,1,0,0,0
33255,0,0,0,0,0,1,0,0,0
33256,0,0,0,0,0,1,0,0,0
33257,0,0,0,0,0,1,0,0,0
33258,0,0,0,0,0,1,0,0,0
33259,0,0,0,0,0,1,0,0,0
33260,0,0,0,0,0,1,0,0,0
33261,0,0,0,0,0,1,0,0,0
33262,0,0,0,0,0,1,0,0,0
33263,0,0,0,0,0,1,0,0,0
33264,0,0,0,0,0,1,0,0,0
33265,0,0,0,0,0,1,0,0,0
33266,0,0,0,0,0,1,0,0,0
33267,0,0,0,0,0,1,0,0,0
33268,0,0,0,0,0,1,0,0,0
33269,0,0,0,0,0,1,0,0,0
33270,0,0,0,0,0,1,0,0,0
33271,0,0,0,0,0,1,0,0,0
33272,0,0,0,0,0,1,0,0,0
33273,0,0,0,0,0,1,0,0,0
33274,0,0,0,0,0,1,0,0,0
33275,0,0,0,0,0,1,0,0,0
33276,0,0,0,0,0,1,0,0,0
33277,0,0,0,0,0,1,0,0,0
33278,0,0,0,0,0,1,0,0,0
33279,0,0,0,0,0,1,0,0,0
33280,0,0,0,0,0,1,0,0,0
33281,0,0,0,0,0,1,0,0,0
33282,0,0,0,0,0,1,0,0,0
33283,0,0,0,0,0,1,0,0,0
33284,0,0,0,0,0,1,0,0,0
33285,0,0,0,0,0,1,0,0,0
33286,0,0,0,0,0,1,0,0,0
33287,0,0,0,0,0,1,0,0,0
33288,0,0,0,0,0,1,0,0,0
33289,0,0,0,0,0,1,0,0,0
33290,0,0,0,0,0,1,0,0,0
33291,0,0,0,0,0,1,0,0,0
33292,0,0,0,0,0,1,0,0,0
33293,0,0,0,0,0,1,0,0,0
33294,0,0,0,0,0,1,0,0,0
33295,0,0,0,0,0,1,0,0,0
33296,0,0,0,0,0,1,0,0,0
33297,0,0,0,0,0,1,0,0,0
33298,0,0,0,0,0,1,0,0,0
33299,0,0,0,0,0,1,0,0,0
33300,0,0,0,0,0,1,0,0,0
33301,0,0,0,0,0,1,0,0,0
33302,0,0,0,0,0,1,0,0,0
33303,0,0,0,0,0,1,0,0,0
33304,0,0,0,0,0,1,0,0,0
33305,0,0,0,0,0,1,0,0,0
33306,0,0,0,0,0,1,0,0,0
33307,0,0,0,0,0,1,0,0,0
33308,0,0,0,0,0,1,0,0,0
33309,0,0,0,0,0,1,0,0,0
33310,0,0,0,0,0,1,0,0,0
33311,0,0,0,0,0,1,0,0,0
33312,0,0,0,0,0,1,0,0,0
33313,0,0,0,0,0,1,0,0,0
33314,0,0,0,0,0,1,0,0,0
33315,0,0,0,0,0,1,0,0,0
33316,0,0,0,0,0,1,0,0,0
33317,0,0,0,0,0,1,0,0,0
33318,0,0,0,0,0,1,0,0,0
33319,0,0,0,0,0,1,0,0,0
33320,0,0,0,0,0,1,0,0,0
33321,0,0,0,0,0,1,0,0,0
33322,0,0,0,0,0,1,0,0,0
33323,0,0,0,0,0,1,0,0,0
33324,0,0,0,0,0,1,0,0,0
33325,0,0,0,0,0,1,0,0,0
33326,0,0,0,0,0,1,0,0,0
33327,0,0,0,0,0,1,0,0,0
33328,0,0,0,0,0,1,0,0,0
33329,0,0,0,0,0,1,0,0,0
33330,0,0,0,0,0,1,0,0,0
33331,0,0,0,0,0,1,0,0,0
33332,0,0,0,0,0,1,0,0,0
33333,0,0,0,0,0,1,0,0,0
33334,0,0,0,0,0,1,0,0,0
33335,0,0,0,0,0,1,0,0,0
33336,0,0,0,0,0,1,0,0,0
33337,0,0,0,0,0,1,0,0,0
33338,0,0,0,0,0,1,0,0,0
33339,0,0,0,0,0,1,0,0,0
33340,0,0,0,0,0,1,0,0,0
33341,0,0,0,0,0,1,0,0,0
33342,0,0,0,0,0,1,0,0,0
33343,0,0,0,0,0,1,0,0,0
33344,0,0,0,0,0,1,0,0,0
33345,0,0,0,0,0,1,0,0,0
33346,0,0,0,0,0,1,0,0,0
33347,0,0,0,0,0,1,0,0,0
33348,0,0,0,0,0,1,0,0,0
33349,0,0,0,0,0,1,0,0,0
33350,0,0,0,0,0,1,0,0,0
33351,0,0,0,0,0,1,0,0,0
33352,0,0,0,0,0,1,0,0,0
33353,0,0,0,0,0,1,0,0,0
33354,0,0,0,0,0,1,0,0,0
33355,0,0,0,0,0,1,0,0,0
33356,0,0,0,0,0,1,0,0,0
33357,0,0,0,0,0,1,0,0,0
33358,0,0,0,0,0,1,0,0,0
33359,0,0,0,0,0,1,0,0,0
33360,0,0,0,0,0,1,0,0,0
33361,0,0,0,0,0,1,0,0,0
33362,0,0,0,0,0,1,0,0,0
33363,0,0,0,0,0,1,0,0,0
33364,0,0,0,0,0,1,0,0,0
33365,0,0,0,0,0,1,0,0,0
33366,0,0,0,0,0,1,0,0,0
33367,0,0,0,0,0,1,0,0,0
33368,0,0,0,0,0,1,0,0,0
33369,0,0,0,0,0,1,0,0,0
33370,0,0,0,0,0,1,0,0,0
33371,0,0,0,0,0,1,0,0,0
33372,0,0,0,0,0,1,0,0,0
33373,0,0,0,0,0,1,0,0,0
33374,0,0,0,0,0,1,0,0,0
33375,0,0,0,0,0,1,0,0,0
33376,0,0,0,0,0,1,0,0,0
33377,0,0,0,0,0,1,0,0,0
33378,0,0,0,0,0,1,0,0,0
33379,0,0,0,0,0,1,0,0,0
33380,0,0,0,0,0,1,0,0,0
33381,0,0,0,0,0,1,0,0,0
33382,0,0,0,0,0,1,0,0,0
33383,0,0,0,0,0,1,0,0,0
33384,0,0,0,0,0,1,0,0,0
33385,0,0,0,0,0,1,0,0,0
33386,0,0,0,0,0,1,0,0,0
33387,0,0,0,0,0,1,0,0,0
33388,0,0,0,0,0,1,0,0,0
33389,0,0,0,0,0,1,0,0,0
33390,0,0,0,0,0,1,0,0,0
33391,0,0,0,0,0,1,0,0,0
33392,0,0,0,0,0,1,0,0,0
33393,0,0,0,0,0,1,0,0,0
33394,0,0,0,0,0,1,0,0,0
33395,0,0,0,0,0,1,0,0,0
33396,0,0,0,0,0,1,0,0,0
33397,0,0,0,0,0,1,0,0,0
33398,0,0,0,0,0,1,0,0,0
33399,0,0,0,0,0,1,0,0,0
33400,0,0,0,0,0,1,0,0,0
33401,0,0,0,0,0,1,0,0,0
33402,0,0,0,0,0,1,0,0,0
33403,0,0,0,0,0,1,0,0,0
33404,0,0,0,0,0,1,0,0,0
33405,0,0,0,0,0,1,0,0,0
33406,0,0,0,0,0,1,0,0,0
33407,0,0,0,0,0,1,0,0,0
33408,0,0,0,0,0,1,0,0,0
33409,0,0,0,0,0,1,0,0,0
33410,0,0,0,0,0,1,0,0,0
33411,0,0,0,0,0,1,0,0,0
33412,0,0,0,0,0,1,0,0,0
33413,0,0,0,0,0,1,0,0,0
33414,0,0,0,0,0,1,0,0,0
33415,0,0,0,0,0,1,0,0,0
33416,0,0,0,0,0,1,0,0,0
33417,0,0,0,0,0,1,0,0,0
33418,0,0,0,0,0,1,0,0,0
33419,0,0,0,0,0,1,0,0,0
33420,0,0,0,0,0,1,0,0,0
33421,0,0,0,0,0,1,0,0,0
33422,0,0,0,0,0,1,0,0,0
33423,0,0,0,0,0,1,0,0,0
33424,0,0,0,0,0,1,0,0,0
33425,0,0,0,0,0,1,0,0,0
33426,0,0,0,0,0,1,0,0,0
33427,0,0,0,0,0,1,0,0,0
33428,0,0,0,0,0,1,0,0,0
33429,0,0,0,0,0,1,0,0,0
33430,0,0,0,0,0,1,0,0,0
33431,0,0,0,0,0,1,0,0,0
33432,0,0,0,0,0,1,0,0,0
33433,0,0,0,0,0,1,0,0,0
33434,0,0,0,0,0,1,0,0,0
33435,0,0,0,0,0,1,0,0,0
33436,0,0,0,0,0,1,0,0,0
33437,0,0,0,0,0,1,0,0,0
33438,0,0,0,0,0,1,0,0,0
33439,0,0,0,0,0,1,0,0,0
33440,0,0,0,0,0,1,0,0,0
33441,0,0,0,0,0,1,0,0,0
33442,0,0,0,0,0,1,0,0,0
33443,0,0,0,0,0,1,0,0,0
33444,0,0,0,0,0,1,0,0,0
33445,0,0,0,0,0,1,0,0,0
33446,0,0,0,0,0,1,0,0,0
33447,0,0,0,0,0,1,0,0,0
33448,0,0,0,0,0,1,0,0,0
33449,0,0,0,0,0,1,0,0,0
33450,0,0,0,0,0,1,0,0,0
33451,0,0,0,0,0,1,0,0,0
33452,0,0,0,0,0,1,0,0,0
33453,0,0,0,0,0,1,0,0,0
33454,0,0,0,0,0,1,0,0,0
33455,0,0,0,0,0,1,0,0,0
33456,0,0,0,0,0,1,0,0,0
33457,0,0,0,0,0,1,0,0,0
33458,0,0,0,0,0,1,0,0,0
33459,0,0,0,0,0,1,0,0,0
33460,0,0,0,0,0,1,0,0,0
33461,0,0,0,0,0,1,0,0,0
33462,0,0,0,0,0,1,0,0,0
33463,0,0,0,0,0,1,0,0,0
33464,0,0,0,0,0,1,0,0,0
33465,0,0,0,0,0,1,0,0,0
33466,0,0,0,0,0,1,0,0,0
33467,0,0,0,0,0,1,0,0,0
33468,0,0,0,0,0,1,0,0,0
33469,0,0,0,0,0,1,0,0,0
33470,0,0,0,0,0,1,0,0,0
33471,0,0,0,0,0,1,0,0,0
33472,0,0,0,0,0,1,0,0,0
33473,0,0,0,0,0,1,0,0,0
33474,0,0,0,0,0,1,0,0,0
33475,0,0,0,0,0,1,0,0,0
33476,0,0,0,0,0,1,0,0,0
33477,0,0,0,0,0,1,0,0,0
33478,0,0,0,0,0,1,0,0,0
33479,0,0,0,0,0,1,0,0,0
33480,0,0,0,0,0,1,0,0,0
33481,0,0,0,0,0,1,0,0,0
33482,0,0,0,0,0,1,0,0,0
33483,0,0,0,0,0,1,0,0,0
33484,0,0,0,0,0,1,0,0,0
33485,0,0,0,0,0,1,0,0,0
33486,0,0,0,0,0,1,0,0,0
33487,0,0,0,0,0,1,0,0,0
33488,0,0,0,0,0,1,0,0,0
33489,0,0,0,0,0,1,0,0,0
33490,0,0,0,0,0,1,0,0,0
33491,0,0,0,0,0,1,0,0,0
33492,0,0,0,0,0,1,0,0,0
33493,0,0,0,0,0,1,0,0,0
33494,0,0,0,0,0,1,0,0,0
33495,0,0,0,0,0,1,0,0,0
33496,0,0,0,0,0,1,0,0,0
33497,0,0,0,0,0,1,0,0,0
33498,0,0,0,0,0,1,0,0,0
33499,0,0,0,0,0,1,0,0,0
33500,0,0,0,0,0,1,0,0,0
33501,0,0,0,0,0,1,0,0,0
33502,0,0,0,0,0,1,0,0,0
33503,0,0,0,0,0,1,0,0,0
33504,0,0,0,0,0,1,0,0,0
33505,0,0,0,0,0,1,0,0,0
33506,0,0,0,0,0,1,0,0,0
33507,0,0,0,0,0,1,0,0,0
33508,0,0,0,0,0,1,0,0,0
33509,0,0,0,0,0,1,0,0,0
33510,0,0,0,0,0,1,0,0,0
33511,0,0,0,0,0,1,0,0,0
33512,0,0,0,0,0,1,0,0,0
33513,0,0,0,0,0,1,0,0,0
33514,0,0,0,0,0,1,0,0,0
33515,0,0,0,0,0,1,0,0,0
33516,0,0,0,0,0,1,0,0,0
33517,0,0,0,0,0,1,0,0,0
33518,0,0,0,0,0,1,0,0,0
33519,0,0,0,0,0,1,0,0,0
33520,0,0,0,0,0,1,0,0,0
33521,0,0,0,0,0,1,0,0,0
33522,0,0,0,0,0,1,0,0,0
33523,0,0,0,0,0,1,0,0,0
33524,0,0,0,0,0,1,0,0,0
33525,0,0,0,0,0,1,0,0,0
33526,0,0,0,0,0,1,0,0,0
33527,0,0,0,0,0,1,0,0,0
33528,0,0,0,0,0,1,0,0,0
33529,0,0,0,0,0,1,0,0,0
33530,0,0,0,0,0,1,0,0,0
33531,0,0,0,0,0,1,0,0,0
33532,0,0,0,0,0,1,0,0,0
33533,0,0,0,0,0,1,0,0,0
33534,0,0,0,0,0,1,0,0,0
33535,0,0,0,0,0,1,0,0,0
33536,0,0,0,0,0,1,0,0,0
33537,0,0,0,0,0,1,0,0,0
33538,0,0,0,0,0,1,0,0,0
33539,0,0,0,0,0,1,0,0,0
33540,0,0,0,0,0,1,0,0,0
33541,0,0,0,0,0,1,0,0,0
33542,0,0,0,0,0,1,0,0,0
33543,0,0,0,0,0,1,0,0,0
33544,0,0,0,0,0,1,0,0,0
33545,0,0,0,0,0,1,0,0,0
33546,0,0,0,0,0,1,0,0,0
33547,0,0,0,0,0,1,0,0,0
33548,0,0,0,0,0,1,0,0,0
33549,0,0,0,0,0,1,0,0,0
33550,0,0,0,0,0,1,0,0,0
33551,0,0,0,0,0,1,0,0,0
33552,0,0,0,0,0,1,0,0,0
33553,0,0,0,0,0,1,0,0,0
33554,0,0,0,0,0,1,0,0,0
33555,0,0,0,0,0,1,0,0,0
33556,0,0,0,0,0,1,0,0,0
33557,0,0,0,0,0,1,0,0,0
33558,0,0,0,0,0,1,0,0,0
33559,0,0,0,0,0,1,0,0,0
33560,0,0,0,0,0,1,0,0,0
33561,0,0,0,0,0,1,0,0,0
33562,0,0,0,0,0,1,0,0,0
33563,0,0,0,0,0,1,0,0,0
33564,0,0,0,0,0,1,0,0,0
33565,0,0,0,0,0,1,0,0,0
33566,0,0,0,0,0,1,0,0,0
33567,0,0,0,0,0,1,0,0,0
33568,0,0,0,0,0,1,0,0,0
33569,0,0,0,0,0,1,0,0,0
33570,0,0,0,0,0,1,0,0,0
33571,0,0,0,0,0,1,0,0,0
33572,0,0,0,0,0,1,0,0,0
33573,0,0,0,0,0,1,0,0,0
33574,0,0,0,0,0,1,0,0,0
33575,0,0,0,0,0,1,0,0,0
33576,0,0,0,0,0,1,0,0,0
33577,0,0,0,0,0,1,0,0,0
33578,0,0,0,0,0,1,0,0,0
33579,0,0,0,0,0,1,0,0,0
33580,0,0,0,0,0,1,0,0,0
33581,0,0,0,0,0,1,0,0,0
33582,0,0,0,0,0,1,0,0,0
33583,0,0,0,0,0,1,0,0,0
33584,0,0,0,0,0,1,0,0,0
33585,0,0,0,0,0,1,0,0,0
33586,0,0,0,0,0,1,0,0,0
33587,0,0,0,0,0,1,0,0,0
33588,0,0,0,0,0,1,0,0,0
33589,0,0,0,0,0,1,0,0,0
33590,0,0,0,0,0,1,0,0,0
33591,0,0,0,0,0,1,0,0,0
33592,0,0,0,0,0,1,0,0,0
33593,0,0,0,0,0,1,0,0,0
33594,0,0,0,0,0,1,0,0,0
33595,0,0,0,0,0,1,0,0,0
33596,0,0,0,0,0,1,0,0,0
33597,0,0,0,0,0,1,0,0,0
33598,0,0,0,0,0,1,0,0,0
33599,0,0,0,0,0,1,0,0,0
33600,0,0,0,0,0,1,0,0,0
33601,0,0,0,0,0,1,0,0,0
33602,0,0,0,0,0,1,0,0,0
33603,0,0,0,0,0,1,0,0,0
33604,0,0,0,0,0,1,0,0,0
33605,0,0,0,0,0,1,0,0,0
33606,0,0,0,0,0,1,0,0,0
33607,0,0,0,0,0,1,0,0,0
33608,0,0,0,0,0,1,0,0,0
33609,0,0,0,0,0,1,0,0,0
33610,0,0,0,0,0,1,0,0,0
33611,0,0,0,0,0,1,0,0,0
33612,0,0,0,0,0,1,0,0,0
33613,0,0,0,0,0,1,0,0,0
33614,0,0,0,0,0,1,0,0,0
33615,0,0,0,0,0,1,0,0,0
33616,0,0,0,0,0,1,0,0,0
33617,0,0,0,0,0,1,0,0,0
33618,0,0,0,0,0,1,0,0,0
33619,0,0,0,0,0,1,0,0,0
33620,0,0,0,0,0,1,0,0,0
33621,0,0,0,0,0,1,0,0,0
33622,0,0,0,0,0,1,0,0,0
33623,0,0,0,0,0,1,0,0,0
33624,0,0,0,0,0,1,0,0,0
33625,0,0,0,0,0,1,0,0,0
33626,0,0,0,0,0,1,0,0,0
33627,0,0,0,0,0,1,0,0,0
33628,0,0,0,0,0,1,0,0,0
33629,0,0,0,0,0,1,0,0,0
33630,0,0,0,0,0,1,0,0,0
33631,0,0,0,0,0,1,0,0,0
33632,0,0,0,0,0,1,0,0,0
33633,0,0,0,0,0,1,0,0,0
33634,0,0,0,0,0,1,0,0,0
33635,0,0,0,0,0,1,0,0,0
33636,0,0,0,0,0,1,0,0,0
33637,0,0,0,0,0,1,0,0,0
33638,0,0,0,0,0,1,0,0,0
33639,0,0,0,0,0,1,0,0,0
33640,0,0,0,0,0,1,0,0,0
33641,0,0,0,0,0,1,0,0,0
33642,0,0,0,0,0,1,0,0,0
33643,0,0,0,0,0,1,0,0,0
33644,0,0,0,0,0,1,0,0,0
33645,0,0,0,0,0,1,0,0,0
33646,0,0,0,0,0,1,0,0,0
33647,0,0,0,0,0,1,0,0,0
33648,0,0,0,0,0,1,0,0,0
33649,0,0,0,0,0,1,0,0,0
33650,0,0,0,0,0,1,0,0,0
33651,0,0,0,0,0,1,0,0,0
33652,0,0,0,0,0,1,0,0,0
33653,0,0,0,0,0,1,0,0,0
33654,0,0,0,0,0,1,0,0,0
33655,0,0,0,0,0,1,0,0,0
33656,0,0,0,0,0,1,0,0,0
33657,0,0,0,0,0,1,0,0,0
33658,0,0,0,0,0,1,0,0,0
33659,0,0,0,0,0,1,0,0,0
33660,0,0,0,0,0,1,0,0,0
33661,0,0,0,0,0,1,0,0,0
33662,0,0,0,0,0,1,0,0,0
33663,0,0,0,0,0,1,0,0,0
33664,0,0,0,0,0,1,0,0,0
33665,0,0,0,0,0,1,0,0,0
33666,0,0,0,0,0,1,0,0,0
33667,0,0,0,0,0,1,0,0,0
33668,0,0,0,0,0,1,0,0,0
33669,0,0,0,0,0,1,0,0,0
33670,0,0,0,0,0,1,0,0,0
33671,0,0,0,0,0,1,0,0,0
33672,0,0,0,0,0,1,0,0,0
33673,0,0,0,0,0,1,0,0,0
33674,0,0,0,0,0,1,0,0,0
33675,0,0,0,0,0,1,0,0,0
33676,0,0,0,0,0,1,0,0,0
33677,0,0,0,0,0,1,0,0,0
33678,0,0,0,0,0,1,0,0,0
33679,0,0,0,0,0,1,0,0,0
33680,0,0,0,0,0,1,0,0,0
33681,0,0,0,0,0,1,0,0,0
33682,0,0,0,0,0,1,0,0,0
33683,0,0,0,0,0,1,0,0,0
33684,0,0,0,0,0,1,0,0,0
33685,0,0,0,0,0,1,0,0,0
33686,0,0,0,0,0,1,0,0,0
33687,0,0,0,0,0,1,0,0,0
33688,0,0,0,0,0,1,0,0,0
33689,0,0,0,0,0,1,0,0,0
33690,0,0,0,0,0,1,0,0,0
33691,0,0,0,0,0,1,0,0,0
33692,0,0,0,0,0,1,0,0,0
33693,0,0,0,0,0,1,0,0,0
33694,0,0,0,0,0,1,0,0,0
33695,0,0,0,0,0,1,0,0,0
33696,0,0,0,0,0,1,0,0,0
33697,0,0,0,0,0,1,0,0,0
33698,0,0,0,0,0,1,0,0,0
33699,0,0,0,0,0,1,0,0,0
33700,0,0,0,0,0,1,0,0,0
33701,0,0,0,0,0,1,0,0,0
33702,0,0,0,0,0,1,0,0,0
33703,0,0,0,0,0,1,0,0,0
33704,0,0,0,0,0,1,0,0,0
33705,0,0,0,0,0,1,0,0,0
33706,0,0,0,0,0,1,0,0,0
33707,0,0,0,0,0,1,0,0,0
33708,0,0,0,0,0,1,0,0,0
33709,0,0,0,0,0,1,0,0,0
33710,0,0,0,0,0,1,0,0,0
33711,0,0,0,0,0,1,0,0,0
33712,0,0,0,0,0,1,0,0,0
33713,0,0,0,0,0,1,0,0,0
33714,0,0,0,0,0,1,0,0,0
33715,0,0,0,0,0,1,0,0,0
33716,0,0,0,0,0,1,0,0,0
33717,0,0,0,0,0,1,0,0,0
33718,0,0,0,0,0,1,0,0,0
33719,0,0,0,0,0,1,0,0,0
33720,0,0,0,0,0,1,0,0,0
33721,0,0,0,0,0,1,0,0,0
33722,0,0,0,0,0,1,0,0,0
33723,0,0,0,0,0,1,0,0,0
33724,0,0,0,0,0,1,0,0,0
33725,0,0,0,0,0,1,0,0,0
33726,0,0,0,0,0,1,0,0,0
33727,0,0,0,0,0,1,0,0,0
33728,0,0,0,0,0,1,0,0,0
33729,0,0,0,0,0,1,0,0,0
33730,0,0,0,0,0,1,0,0,0
33731,0,0,0,0,0,1,0,0,0
33732,0,0,0,0,0,1,0,0,0
33733,0,0,0,0,0,1,0,0,0
33734,0,0,0,0,0,1,0,0,0
33735,0,0,0,0,0,1,0,0,0
33736,0,0,0,0,0,1,0,0,0
33737,0,0,0,0,0,1,0,0,0
33738,0,0,0,0,0,1,0,0,0
33739,0,0,0,0,0,1,0,0,0
33740,0,0,0,0,0,1,0,0,0
33741,0,0,0,0,0,1,0,0,0
33742,0,0,0,0,0,1,0,0,0
33743,0,0,0,0,0,1,0,0,0
33744,0,0,0,0,0,1,0,0,0
33745,0,0,0,0,0,1,0,0,0
33746,0,0,0,0,0,1,0,0,0
33747,0,0,0,0,0,1,0,0,0
33748,0,0,0,0,0,1,0,0,0
33749,0,0,0,0,0,1,0,0,0
33750,0,0,0,0,0,1,0,0,0
33751,0,0,0,0,0,1,0,0,0
33752,0,0,0,0,0,1,0,0,0
33753,0,0,0,0,0,1,0,0,0
33754,0,0,0,0,0,1,0,0,0
33755,0,0,0,0,0,1,0,0,0
33756,0,0,0,0,0,1,0,0,0
33757,0,0,0,0,0,1,0,0,0
33758,0,0,0,0,0,1,0,0,0
33759,0,0,0,0,0,1,0,0,0
33760,0,0,0,0,0,1,0,0,0
33761,0,0,0,0,0,1,0,0,0
33762,0,0,0,0,0,1,0,0,0
33763,0,0,0,0,0,1,0,0,0
33764,0,0,0,0,0,1,0,0,0
33765,0,0,0,0,0,1,0,0,0
33766,0,0,0,0,0,1,0,0,0
33767,0,0,0,0,0,1,0,0,0
33768,0,0,0,0,0,1,0,0,0
33769,0,0,0,0,0,1,0,0,0
33770,0,0,0,0,0,1,0,0,0
33771,0,0,0,0,0,1,0,0,0
33772,0,0,0,0,0,1,0,0,0
33773,0,0,0,0,0,1,0,0,0
33774,0,0,0,0,0,1,0,0,0
33775,0,0,0,0,0,1,0,0,0
33776,0,0,0,0,0,1,0,0,0
33777,0,0,0,0,0,1,0,0,0
33778,0,0,0,0,0,1,0,0,0
33779,0,0,0,0,0,1,0,0,0
33780,0,0,0,0,0,1,0,0,0
33781,0,0,0,0,0,1,0,0,0
33782,0,0,0,0,0,1,0,0,0
33783,0,0,0,0,0,1,0,0,0
33784,0,0,0,0,0,1,0,0,0
33785,0,0,0,0,0,1,0,0,0
33786,0,0,0,0,0,1,0,0,0
33787,0,0,0,0,0,1,0,0,0
33788,0,0,0,0,0,1,0,0,0
33789,0,0,0,0,0,1,0,0,0
33790,0,0,0,0,0,1,0,0,0
33791,0,0,0,0,0,1,0,0,0
33792,0,0,0,0,0,1,0,0,0
33793,0,0,0,0,0,1,0,0,0
33794,0,0,0,0,0,1,0,0,0
33795,0,0,0,0,0,1,0,0,0
33796,0,0,0,0,0,1,0,0,0
33797,0,0,0,0,0,1,0,0,0
33798,0,0,0,0,0,1,0,0,0
33799,0,0,0,0,0,1,0,0,0
33800,0,0,0,0,0,1,0,0,0
33801,0,0,0,0,0,1,0,0,0
33802,0,0,0,0,0,1,0,0,0
33803,0,0,0,0,0,1,0,0,0
33804,0,0,0,0,0,1,0,0,0
33805,0,0,0,0,0,1,0,0,0
33806,0,0,0,0,0,1,0,0,0
33807,0,0,0,0,0,1,0,0,0
33808,0,0,0,0,0,1,0,0,0
33809,0,0,0,0,0,1,0,0,0
33810,0,0,0,0,0,1,0,0,0
33811,0,0,0,0,0,1,0,0,0
33812,0,0,0,0,0,1,0,0,0
33813,0,0,0,0,0,1,0,0,0
33814,0,0,0,0,0,1,0,0,0
33815,0,0,0,0,0,1,0,0,0
33816,0,0,0,0,0,1,0,0,0
33817,0,0,0,0,0,1,0,0,0
33818,0,0,0,0,0,1,0,0,0
33819,0,0,0,0,0,1,0,0,0
33820,0,0,0,0,0,1,0,0,0
33821,0,0,0,0,0,1,0,0,0
33822,0,0,0,0,0,1,0,0,0
33823,0,0,0,0,0,1,0,0,0
33824,0,0,0,0,0,1,0,0,0
33825,0,0,0,0,0,1,0,0,0
33826,0,0,0,0,0,1,0,0,0
33827,0,0,0,0,0,1,0,0,0
33828,0,0,0,0,0,1,0,0,0
33829,0,0,0,0,0,1,0,0,0
33830,0,0,0,0,0,1,0,0,0
33831,0,0,0,0,0,1,0,0,0
33832,0,0,0,0,0,1,0,0,0
33833,0,0,0,0,0,1,0,0,0
33834,0,0,0,0,0,1,0,0,0
33835,0,0,0,0,0,1,0,0,0
33836,0,0,0,0,0,1,0,0,0
33837,0,0,0,0,0,1,0,0,0
33838,0,0,0,0,0,1,0,0,0
33839,0,0,0,0,0,1,0,0,0
33840,0,0,0,0,0,1,0,0,0
33841,0,0,0,0,0,1,0,0,0
33842,0,0,0,0,0,1,0,0,0
33843,0,0,0,0,0,1,0,0,0
33844,0,0,0,0,0,1,0,0,0
33845,0,0,0,0,0,1,0,0,0
33846,0,0,0,0,0,1,0,0,0
33847,0,0,0,0,0,1,0,0,0
33848,0,0,0,0,0,1,0,0,0
33849,0,0,0,0,0,1,0,0,0
33850,0,0,0,0,0,1,0,0,0
33851,0,0,0,0,0,1,0,0,0
33852,0,0,0,0,0,1,0,0,0
33853,0,0,0,0,0,1,0,0,0
33854,0,0,0,0,0,1,0,0,0
33855,0,0,0,0,0,1,0,0,0
33856,0,0,0,0,0,1,0,0,0
33857,0,0,0,0,0,1,0,0,0
33858,0,0,0,0,0,1,0,0,0
33859,0,0,0,0,0,1,0,0,0
33860,0,0,0,0,0,1,0,0,0
33861,0,0,0,0,0,1,0,0,0
33862,0,0,0,0,0,1,0,0,0
33863,0,0,0,0,0,1,0,0,0
33864,0,0,0,0,0,1,0,0,0
33865,0,0,0,0,0,1,0,0,0
33866,0,0,0,0,0,1,0,0,0
33867,0,0,0,0,0,1,0,0,0
33868,0,0,0,0,0,1,0,0,0
33869,0,0,0,0,0,1,0,0,0
33870,0,0,0,0,0,1,0,0,0
33871,0,0,0,0,0,1,0,0,0
33872,0,0,0,0,0,1,0,0,0
33873,0,0,0,0,0,1,0,0,0
33874,0,0,0,0,0,1,0,0,0
33875,0,0,0,0,0,1,0,0,0
33876,0,0,0,0,0,1,0,0,0
33877,0,0,0,0,0,1,0,0,0
33878,0,0,0,0,0,1,0,0,0
33879,0,0,0,0,0,1,0,0,0
33880,0,0,0,0,0,1,0,0,0
33881,0,0,0,0,0,1,0,0,0
33882,0,0,0,0,0,1,0,0,0
33883,0,0,0,0,0,1,0,0,0
33884,0,0,0,0,0,1,0,0,0
33885,0,0,0,0,0,1,0,0,0
33886,0,0,0,0,0,1,0,0,0
33887,0,0,0,0,0,1,0,0,0
33888,0,0,0,0,0,1,0,0,0
33889,0,0,0,0,0,1,0,0,0
33890,0,0,0,0,0,1,0,0,0
33891,0,0,0,0,0,1,0,0,0
33892,0,0,0,0,0,1,0,0,0
33893,0,0,0,0,0,1,0,0,0
33894,0,0,0,0,0,1,0,0,0
33895,0,0,0,0,0,1,0,0,0
33896,0,0,0,0,0,1,0,0,0
33897,0,0,0,0,0,1,0,0,0
33898,0,0,0,0,0,1,0,0,0
33899,0,0,0,0,0,1,0,0,0
33900,0,0,0,0,0,1,0,0,0
33901,0,0,0,0,0,1,0,0,0
33902,0,0,0,0,0,1,0,0,0
33903,0,0,0,0,0,1,0,0,0
33904,0,0,0,0,0,1,0,0,0
33905,0,0,0,0,0,1,0,0,0
33906,0,0,0,0,0,1,0,0,0
33907,0,0,0,0,0,1,0,0,0
33908,0,0,0,0,0,1,0,0,0
33909,0,0,0,0,0,1,0,0,0
33910,0,0,0,0,0,1,0,0,0
33911,0,0,0,0,0,1,0,0,0
33912,0,0,0,0,0,1,0,0,0
33913,0,0,0,0,0,1,0,0,0
33914,0,0,0,0,0,1,0,0,0
33915,0,0,0,0,0,1,0,0,0
33916,0,0,0,0,0,1,0,0,0
33917,0,0,0,0,0,1,0,0,0
33918,0,0,0,0,0,1,0,0,0
33919,0,0,0,0,0,1,0,0,0
33920,0,0,0,0,0,1,0,0,0
33921,0,0,0,0,0,1,0,0,0
33922,0,0,0,0,0,1,0,0,0
33923,0,0,0,0,0,1,0,0,0
33924,0,0,0,0,0,1,0,0,0
33925,0,0,0,0,0,1,0,0,0
33926,0,0,0,0,0,1,0,0,0
33927,0,0,0,0,0,1,0,0,0
33928,0,0,0,0,0,1,0,0,0
33929,0,0,0,0,0,1,0,0,0
33930,0,0,0,0,0,1,0,0,0
33931,0,0,0,0,0,1,0,0,0
33932,0,0,0,0,0,1,0,0,0
33933,0,0,0,0,0,1,0,0,0
33934,0,0,0,0,0,1,0,0,0
33935,0,0,0,0,0,1,0,0,0
33936,0,0,0,0,0,1,0,0,0
33937,0,0,0,0,0,1,0,0,0
33938,0,0,0,0,0,1,0,0,0
33939,0,0,0,0,0,1,0,0,0
33940,0,0,0,0,0,1,0,0,0
33941,0,0,0,0,0,1,0,0,0
33942,0,0,0,0,0,1,0,0,0
33943,0,0,0,0,0,1,0,0,0
33944,0,0,0,0,0,1,0,0,0
33945,0,0,0,0,0,1,0,0,0
33946,0,0,0,0,0,1,0,0,0
33947,0,0,0,0,0,1,0,0,0
33948,0,0,0,0,0,1,0,0,0
33949,0,0,0,0,0,1,0,0,0
33950,0,0,0,0,0,1,0,0,0
33951,0,0,0,0,0,1,0,0,0
33952,0,0,0,0,0,1,0,0,0
33953,0,0,0,0,0,1,0,0,0
33954,0,0,0,0,0,1,0,0,0
33955,0,0,0,0,0,1,0,0,0
33956,0,0,0,0,0,1,0,0,0
33957,0,0,0,0,0,1,0,0,0
33958,0,0,0,0,0,1,0,0,0
33959,0,0,0,0,0,1,0,0,0
33960,0,0,0,0,0,1,0,0,0
33961,0,0,0,0,0,1,0,0,0
33962,0,0,0,0,0,1,0,0,0
33963,0,0,0,0,0,1,0,0,0
33964,0,0,0,0,0,1,0,0,0
33965,0,0,0,0,0,1,0,0,0
33966,0,0,0,0,0,1,0,0,0
33967,0,0,0,0,0,1,0,0,0
33968,0,0,0,0,0,1,0,0,0
33969,0,0,0,0,0,1,0,0,0
33970,0,0,0,0,0,1,0,0,0
33971,0,0,0,0,0,1,0,0,0
33972,0,0,0,0,0,1,0,0,0
33973,0,0,0,0,0,1,0,0,0
33974,0,0,0,0,0,1,0,0,0
33975,0,0,0,0,0,1,0,0,0
33976,0,0,0,0,0,1,0,0,0
33977,0,0,0,0,0,1,0,0,0
33978,0,0,0,0,0,1,0,0,0
33979,0,0,0,0,0,1,0,0,0
33980,0,0,0,0,0,1,0,0,0
33981,0,0,0,0,0,1,0,0,0
33982,0,0,0,0,0,1,0,0,0
33983,0,0,0,0,0,1,0,0,0
33984,0,0,0,0,0,1,0,0,0
33985,0,0,0,0,0,1,0,0,0
33986,0,0,0,0,0,1,0,0,0
33987,0,0,0,0,0,1,0,0,0
33988,0,0,0,0,0,1,0,0,0
33989,0,0,0,0,0,1,0,0,0
33990,0,0,0,0,0,1,0,0,0
33991,0,0,0,0,0,1,0,0,0
33992,0,0,0,0,0,1,0,0,0
33993,0,0,0,0,0,1,0,0,0
33994,0,0,0,0,0,1,0,0,0
33995,0,0,0,0,0,1,0,0,0
33996,0,0,0,0,0,1,0,0,0
33997,0,0,0,0,0,1,0,0,0
33998,0,0,0,0,0,1,0,0,0
33999,0,0,0,0,0,1,0,0,0
34000,0,0,0,0,0,1,0,0,0
34001,0,0,0,0,0,1,0,0,0
34002,0,0,0,0,0,1,0,0,0
34003,0,0,0,0,0,1,0,0,0
34004,0,0,0,0,0,1,0,0,0
34005,0,0,0,0,0,1,0,0,0
34006,0,0,0,0,0,1,0,0,0
34007,0,0,0,0,0,1,0,0,0
34008,0,0,0,0,0,1,0,0,0
34009,0,0,0,0,0,1,0,0,0
34010,0,0,0,0,0,1,0,0,0
34011,0,0,0,0,0,1,0,0,0
34012,0,0,0,0,0,1,0,0,0
34013,0,0,0,0,0,1,0,0,0
34014,0,0,0,0,0,1,0,0,0
34015,0,0,0,0,0,1,0,0,0
34016,0,0,0,0,0,1,0,0,0
34017,0,0,0,0,0,1,0,0,0
34018,0,0,0,0,0,1,0,0,0
34019,0,0,0,0,0,1,0,0,0
34020,0,0,0,0,0,1,0,0,0
34021,0,0,0,0,0,1,0,0,0
34022,0,0,0,0,0,1,0,0,0
34023,0,0,0,0,0,1,0,0,0
34024,0,0,0,0,0,1,0,0,0
34025,0,0,0,0,0,1,0,0,0
34026,0,0,0,0,0,1,0,0,0
34027,0,0,0,0,0,1,0,0,0
34028,0,0,0,0,0,1,0,0,0
34029,0,0,0,0,0,1,0,0,0
34030,0,0,0,0,0,1,0,0,0
34031,0,0,0,0,0,1,0,0,0
34032,0,0,0,0,0,1,0,0,0
34033,0,0,0,0,0,1,0,0,0
34034,0,0,0,0,0,1,0,0,0
34035,0,0,0,0,0,1,0,0,0
34036,0,0,0,0,0,1,0,0,0
34037,0,0,0,0,0,1,0,0,0
34038,0,0,0,0,0,1,0,0,0
34039,0,0,0,0,0,1,0,0,0
34040,0,0,0,0,0,1,0,0,0
34041,0,0,0,0,0,1,0,0,0
34042,0,0,0,0,0,1,0,0,0
34043,0,0,0,0,0,1,0,0,0
34044,0,0,0,0,0,1,0,0,0
34045,0,0,0,0,0,1,0,0,0
34046,0,0,0,0,0,1,0,0,0
34047,0,0,0,0,0,1,0,0,0
34048,0,0,0,0,0,1,0,0,0
34049,0,0,0,0,0,1,0,0,0
34050,0,0,0,0,0,1,0,0,0
34051,0,0,0,0,0,1,0,0,0
34052,0,0,0,0,0,1,0,0,0
34053,0,0,0,0,0,1,0,0,0
34054,0,0,0,0,0,1,0,0,0
34055,0,0,0,0,0,1,0,0,0
34056,0,0,0,0,0,1,0,0,0
34057,0,0,0,0,0,1,0,0,0
34058,0,0,0,0,0,1,0,0,0
34059,0,0,0,0,0,1,0,0,0
34060,0,0,0,0,0,1,0,0,0
34061,0,0,0,0,0,1,0,0,0
34062,0,0,0,0,0,1,0,0,0
34063,0,0,0,0,0,1,0,0,0
34064,0,0,0,0,0,1,0,0,0
34065,0,0,0,0,0,1,0,0,0
34066,0,0,0,0,0,1,0,0,0
34067,0,0,0,0,0,1,0,0,0
34068,0,0,0,0,0,1,0,0,0
34069,0,0,0,0,0,1,0,0,0
34070,0,0,0,0,0,1,0,0,0
34071,0,0,0,0,0,1,0,0,0
34072,0,0,0,0,0,1,0,0,0
34073,0,0,0,0,0,1,0,0,0
34074,0,0,0,0,0,1,0,0,0
34075,0,0,0,0,0,1,0,0,0
34076,0,0,0,0,0,1,0,0,0
34077,0,0,0,0,0,1,0,0,0
34078,0,0,0,0,0,1,0,0,0
34079,0,0,0,0,0,1,0,0,0
34080,0,0,0,0,0,1,0,0,0
34081,0,0,0,0,0,1,0,0,0
34082,0,0,0,0,0,1,0,0,0
34083,0,0,0,0,0,1,0,0,0
34084,0,0,0,0,0,1,0,0,0
34085,0,0,0,0,0,1,0,0,0
34086,0,0,0,0,0,1,0,0,0
34087,0,0,0,0,0,1,0,0,0
34088,0,0,0,0,0,1,0,0,0
34089,0,0,0,0,0,1,0,0,0
34090,0,0,0,0,0,1,0,0,0
34091,0,0,0,0,0,1,0,0,0
34092,0,0,0,0,0,1,0,0,0
34093,0,0,0,0,0,1,0,0,0
34094,0,0,0,0,0,1,0,0,0
34095,0,0,0,0,0,1,0,0,0
34096,0,0,0,0,0,1,0,0,0
34097,0,0,0,0,0,1,0,0,0
34098,0,0,0,0,0,1,0,0,0
34099,0,0,0,0,0,1,0,0,0
34100,0,0,0,0,0,1,0,0,0
34101,0,0,0,0,0,1,0,0,0
34102,0,0,0,0,0,1,0,0,0
34103,0,0,0,0,0,1,0,0,0
34104,0,0,0,0,0,1,0,0,0
34105,0,0,0,0,0,1,0,0,0
34106,0,0,0,0,0,1,0,0,0
34107,0,0,0,0,0,1,0,0,0
34108,0,0,0,0,0,1,0,0,0
34109,0,0,0,0,0,1,0,0,0
34110,0,0,0,0,0,1,0,0,0
34111,0,0,0,0,0,1,0,0,0
34112,0,0,0,0,0,1,0,0,0
34113,0,0,0,0,0,1,0,0,0
34114,0,0,0,0,0,1,0,0,0
34115,0,0,0,0,0,1,0,0,0
34116,0,0,0,0,0,1,0,0,0
34117,0,0,0,0,0,1,0,0,0
34118,0,0,0,0,0,1,0,0,0
34119,0,0,0,0,0,1,0,0,0
34120,0,0,0,0,0,1,0,0,0
34121,0,0,0,0,0,1,0,0,0
34122,0,0,0,0,0,1,0,0,0
34123,0,0,0,0,0,1,0,0,0
34124,0,0,0,0,0,1,0,0,0
34125,0,0,0,0,0,1,0,0,0
34126,0,0,0,0,0,1,0,0,0
34127,0,0,0,0,0,1,0,0,0
34128,0,0,0,0,0,1,0,0,0
34129,0,0,0,0,0,1,0,0,0
34130,0,0,0,0,0,1,0,0,0
34131,0,0,0,0,0,1,0,0,0
34132,0,0,0,0,0,1,0,0,0
34133,0,0,0,0,0,1,0,0,0
34134,0,0,0,0,0,1,0,0,0
34135,0,0,0,0,0,1,0,0,0
34136,0,0,0,0,0,1,0,0,0
34137,0,0,0,0,0,1,0,0,0
34138,0,0,0,0,0,1,0,0,0
34139,0,0,0,0,0,1,0,0,0
34140,0,0,0,0,0,1,0,0,0
34141,0,0,0,0,0,1,0,0,0
34142,0,0,0,0,0,1,0,0,0
34143,0,0,0,0,0,1,0,0,0
34144,0,0,0,0,0,1,0,0,0
34145,0,0,0,0,0,1,0,0,0
34146,0,0,0,0,0,1,0,0,0
34147,0,0,0,0,0,1,0,0,0
34148,0,0,0,0,0,1,0,0,0
34149,0,0,0,0,0,1,0,0,0
34150,0,0,0,0,0,1,0,0,0
34151,0,0,0,0,0,1,0,0,0
34152,0,0,0,0,0,1,0,0,0
34153,0,0,0,0,0,1,0,0,0
34154,0,0,0,0,0,1,0,0,0
34155,0,0,0,0,0,1,0,0,0
34156,0,0,0,0,0,1,0,0,0
34157,0,0,0,0,0,1,0,0,0
34158,0,0,0,0,0,1,0,0,0
34159,0,0,0,0,0,1,0,0,0
34160,0,0,0,0,0,1,0,0,0
34161,0,0,0,0,0,1,0,0,0
34162,0,0,0,0,0,1,0,0,0
34163,0,0,0,0,0,1,0,0,0
34164,0,0,0,0,0,1,0,0,0
34165,0,0,0,0,0,1,0,0,0
34166,0,0,0,0,0,1,0,0,0
34167,0,0,0,0,0,1,0,0,0
34168,0,0,0,0,0,1,0,0,0
34169,0,0,0,0,0,1,0,0,0
34170,0,0,0,0,0,1,0,0,0
34171,0,0,0,0,0,1,0,0,0
34172,0,0,0,0,0,1,0,0,0
34173,0,0,0,0,0,1,0,0,0
34174,0,0,0,0,0,1,0,0,0
34175,0,0,0,0,0,1,0,0,0
34176,0,0,0,0,0,1,0,0,0
34177,0,0,0,0,0,1,0,0,0
34178,0,0,0,0,0,1,0,0,0
34179,0,0,0,0,0,1,0,0,0
34180,0,0,0,0,0,1,0,0,0
34181,0,0,0,0,0,1,0,0,0
34182,0,0,0,0,0,1,0,0,0
34183,0,0,0,0,0,1,0,0,0
34184,0,0,0,0,0,1,0,0,0
34185,0,0,0,0,0,1,0,0,0
34186,0,0,0,0,0,1,0,0,0
34187,0,0,0,0,0,1,0,0,0
34188,0,0,0,0,0,1,0,0,0
34189,0,0,0,0,0,1,0,0,0
34190,0,0,0,0,0,1,0,0,0
34191,0,0,0,0,0,1,0,0,0
34192,0,0,0,0,0,1,0,0,0
34193,0,0,0,0,0,1,0,0,0
34194,0,0,0,0,0,1,0,0,0
34195,0,0,0,0,0,1,0,0,0
34196,0,0,0,0,0,1,0,0,0
34197,0,0,0,0,0,1,0,0,0
34198,0,0,0,0,0,1,0,0,0
34199,0,0,0,0,0,1,0,0,0
34200,0,0,0,0,0,1,0,0,0
34201,0,0,0,0,0,1,0,0,0
34202,0,0,0,0,0,1,0,0,0
34203,0,0,0,0,0,1,0,0,0
34204,0,0,0,0,0,1,0,0,0
34205,0,0,0,0,0,1,0,0,0
34206,0,0,0,0,0,1,0,0,0
34207,0,0,0,0,0,1,0,0,0
34208,0,0,0,0,0,1,0,0,0
34209,0,0,0,0,0,1,0,0,0
34210,0,0,0,0,0,1,0,0,0
34211,0,0,0,0,0,1,0,0,0
34212,0,0,0,0,0,1,0,0,0
34213,0,0,0,0,0,1,0,0,0
34214,0,0,0,0,0,1,0,0,0
34215,0,0,0,0,0,1,0,0,0
34216,0,0,0,0,0,1,0,0,0
34217,0,0,0,0,0,1,0,0,0
34218,0,0,0,0,0,1,0,0,0
34219,0,0,0,0,0,1,0,0,0
34220,0,0,0,0,0,1,0,0,0
34221,0,0,0,0,0,1,0,0,0
34222,0,0,0,0,0,1,0,0,0
34223,0,0,0,0,0,1,0,0,0
34224,0,0,0,0,0,1,0,0,0
34225,0,0,0,0,0,1,0,0,0
34226,0,0,0,0,0,1,0,0,0
34227,0,0,0,0,0,1,0,0,0
34228,0,0,0,0,0,1,0,0,0
34229,0,0,0,0,0,1,0,0,0
34230,0,0,0,0,0,1,0,0,0
34231,0,0,0,0,0,1,0,0,0
34232,0,0,0,0,0,1,0,0,0
34233,0,0,0,0,0,1,0,0,0
34234,0,0,0,0,0,1,0,0,0
34235,0,0,0,0,0,1,0,0,0
34236,0,0,0,0,0,1,0,0,0
34237,0,0,0,0,0,1,0,0,0
34238,0,0,0,0,0,1,0,0,0
34239,0,0,0,0,0,1,0,0,0
34240,0,0,0,0,0,1,0,0,0
34241,0,0,0,0,0,1,0,0,0
34242,0,0,0,0,0,1,0,0,0
34243,0,0,0,0,0,1,0,0,0
34244,0,0,0,0,0,1,0,0,0
34245,0,0,0,0,0,1,0,0,0
34246,0,0,0,0,0,1,0,0,0
34247,0,0,0,0,0,1,0,0,0
34248,0,0,0,0,0,1,0,0,0
34249,0,0,0,0,0,1,0,0,0
34250,0,0,0,0,0,1,0,0,0
34251,0,0,0,0,0,1,0,0,0
34252,0,0,0,0,0,1,0,0,0
34253,0,0,0,0,0,1,0,0,0
34254,0,0,0,0,0,1,0,0,0
34255,0,0,0,0,0,1,0,0,0
34256,0,0,0,0,0,1,0,0,0
34257,0,0,0,0,0,1,0,0,0
34258,0,0,0,0,0,1,0,0,0
34259,0,0,0,0,0,1,0,0,0
34260,0,0,0,0,0,1,0,0,0
34261,0,0,0,0,0,1,0,0,0
34262,0,0,0,0,0,1,0,0,0
34263,0,0,0,0,0,1,0,0,0
34264,0,0,0,0,0,1,0,0,0
34265,0,0,0,0,0,1,0,0,0
34266,0,0,0,0,0,1,0,0,0
34267,0,0,0,0,0,1,0,0,0
34268,0,0,0,0,0,1,0,0,0
34269,0,0,0,0,0,1,0,0,0
34270,0,0,0,0,0,1,0,0,0
34271,0,0,0,0,0,1,0,0,0
34272,0,0,0,0,0,1,0,0,0
34273,0,0,0,0,0,1,0,0,0
34274,0,0,0,0,0,1,0,0,0
34275,0,0,0,0,0,1,0,0,0
34276,0,0,0,0,0,1,0,0,0
34277,0,0,0,0,0,1,0,0,0
34278,0,0,0,0,0,1,0,0,0
34279,0,0,0,0,0,1,0,0,0
34280,0,0,0,0,0,1,0,0,0
34281,0,0,0,0,0,1,0,0,0
34282,0,0,0,0,0,1,0,0,0
34283,0,0,0,0,0,1,0,0,0
34284,0,0,0,0,0,1,0,0,0
34285,0,0,0,0,0,1,0,0,0
34286,0,0,0,0,0,1,0,0,0
34287,0,0,0,0,0,1,0,0,0
34288,0,0,0,0,0,1,0,0,0
34289,0,0,0,0,0,1,0,0,0
34290,0,0,0,0,0,1,0,0,0
34291,0,0,0,0,0,1,0,0,0
34292,0,0,0,0,0,1,0,0,0
34293,0,0,0,0,0,1,0,0,0
34294,0,0,0,0,0,1,0,0,0
34295,0,0,0,0,0,1,0,0,0
34296,0,0,0,0,0,1,0,0,0
34297,0,0,0,0,0,1,0,0,0
34298,0,0,0,0,0,1,0,0,0
34299,0,0,0,0,0,1,0,0,0
34300,0,0,0,0,0,1,0,0,0
34301,0,0,0,0,0,1,0,0,0
34302,0,0,0,0,0,1,0,0,0
34303,0,0,0,0,0,1,0,0,0
34304,0,0,0,0,0,1,0,0,0
34305,0,0,0,0,0,1,0,0,0
34306,0,0,0,0,0,1,0,0,0
34307,0,0,0,0,0,1,0,0,0
34308,0,0,0,0,0,1,0,0,0
34309,0,0,0,0,0,1,0,0,0
34310,0,0,0,0,0,1,0,0,0
34311,0,0,0,0,0,1,0,0,0
34312,0,0,0,0,0,1,0,0,0
34313,0,0,0,0,0,1,0,0,0
34314,0,0,0,0,0,1,0,0,0
34315,0,0,0,0,0,1,0,0,0
34316,0,0,0,0,0,1,0,0,0
34317,0,0,0,0,0,1,0,0,0
34318,0,0,0,0,0,1,0,0,0
34319,0,0,0,0,0,1,0,0,0
34320,0,0,0,0,0,1,0,0,0
34321,0,0,0,0,0,1,0,0,0
34322,0,0,0,0,0,1,0,0,0
34323,0,0,0,0,0,1,0,0,0
34324,0,0,0,0,0,1,0,0,0
34325,0,0,0,0,0,1,0,0,0
34326,0,0,0,0,0,1,0,0,0
34327,0,0,0,0,0,1,0,0,0
34328,0,0,0,0,0,1,0,0,0
34329,0,0,0,0,0,1,0,0,0
34330,0,0,0,0,0,1,0,0,0
34331,0,0,0,0,0,1,0,0,0
34332,0,0,0,0,0,1,0,0,0
34333,0,0,0,0,0,1,0,0,0
34334,0,0,0,0,0,1,0,0,0
34335,0,0,0,0,0,1,0,0,0
34336,0,0,0,0,0,1,0,0,0
34337,0,0,0,0,0,1,0,0,0
34338,0,0,0,0,0,1,0,0,0
34339,0,0,0,0,0,1,0,0,0
34340,0,0,0,0,0,1,0,0,0
34341,0,0,0,0,0,1,0,0,0
34342,0,0,0,0,0,1,0,0,0
34343,0,0,0,0,0,1,0,0,0
34344,0,0,0,0,0,1,0,0,0
34345,0,0,0,0,0,1,0,0,0
34346,0,0,0,0,0,1,0,0,0
34347,0,0,0,0,0,1,0,0,0
34348,0,0,0,0,0,1,0,0,0
34349,0,0,0,0,0,1,0,0,0
34350,0,0,0,0,0,1,0,0,0
34351,0,0,0,0,0,1,0,0,0
34352,0,0,0,0,0,1,0,0,0
34353,0,0,0,0,0,1,0,0,0
34354,0,0,0,0,0,1,0,0,0
34355,0,0,0,0,0,1,0,0,0
34356,0,0,0,0,0,1,0,0,0
34357,0,0,0,0,0,1,0,0,0
34358,0,0,0,0,0,1,0,0,0
34359,0,0,0,0,0,1,0,0,0
34360,0,0,0,0,0,1,0,0,0
34361,0,0,0,0,0,1,0,0,0
34362,0,0,0,0,0,1,0,0,0
34363,0,0,0,0,0,1,0,0,0
34364,0,0,0,0,0,1,0,0,0
34365,0,0,0,0,0,1,0,0,0
34366,0,0,0,0,0,1,0,0,0
34367,0,0,0,0,0,1,0,0,0
34368,0,0,0,0,0,1,0,0,0
34369,0,0,0,0,0,1,0,0,0
34370,0,0,0,0,0,1,0,0,0
34371,0,0,0,0,0,1,0,0,0
34372,0,0,0,0,0,1,0,0,0
34373,0,0,0,0,0,1,0,0,0
34374,0,0,0,0,0,1,0,0,0
34375,0,0,0,0,0,1,0,0,0
34376,0,0,0,0,0,1,0,0,0
34377,0,0,0,0,0,1,0,0,0
34378,0,0,0,0,0,1,0,0,0
34379,0,0,0,0,0,1,0,0,0
34380,0,0,0,0,0,1,0,0,0
34381,0,0,0,0,0,1,0,0,0
34382,0,0,0,0,0,1,0,0,0
34383,0,0,0,0,0,1,0,0,0
34384,0,0,0,0,0,1,0,0,0
34385,0,0,0,0,0,1,0,0,0
34386,0,0,0,0,0,1,0,0,0
34387,0,0,0,0,0,1,0,0,0
34388,0,0,0,0,0,1,0,0,0
34389,0,0,0,0,0,1,0,0,0
34390,0,0,0,0,0,1,0,0,0
34391,0,0,0,0,0,1,0,0,0
34392,0,0,0,0,0,1,0,0,0
34393,0,0,0,0,0,1,0,0,0
34394,0,0,0,0,0,1,0,0,0
34395,0,0,0,0,0,1,0,0,0
34396,0,0,0,0,0,1,0,0,0
34397,0,0,0,0,0,1,0,0,0
34398,0,0,0,0,0,1,0,0,0
34399,0,0,0,0,0,1,0,0,0
34400,0,0,0,0,0,1,0,0,0
34401,0,0,0,0,0,1,0,0,0
34402,0,0,0,0,0,1,0,0,0
34403,0,0,0,0,0,1,0,0,0
34404,0,0,0,0,0,1,0,0,0
34405,0,0,0,0,0,1,0,0,0
34406,0,0,0,0,0,1,0,0,0
34407,0,0,0,0,0,1,0,0,0
34408,0,0,0,0,0,1,0,0,0
34409,0,0,0,0,0,1,0,0,0
34410,0,0,0,0,0,1,0,0,0
34411,0,0,0,0,0,1,0,0,0
34412,0,0,0,0,0,1,0,0,0
34413,0,0,0,0,0,1,0,0,0
34414,0,0,0,0,0,1,0,0,0
34415,0,0,0,0,0,1,0,0,0
34416,0,0,0,0,0,1,0,0,0
34417,0,0,0,0,0,1,0,0,0
34418,0,0,0,0,0,1,0,0,0
34419,0,0,0,0,0,1,0,0,0
34420,0,0,0,0,0,1,0,0,0
34421,0,0,0,0,0,1,0,0,0
34422,0,0,0,0,0,1,0,0,0
34423,0,0,0,0,0,1,0,0,0
34424,0,0,0,0,0,1,0,0,0
34425,0,0,0,0,0,1,0,0,0
34426,0,0,0,0,0,1,0,0,0
34427,0,0,0,0,0,1,0,0,0
34428,0,0,0,0,0,1,0,0,0
34429,0,0,0,0,0,1,0,0,0
34430,0,0,0,0,0,1,0,0,0
34431,0,0,0,0,0,1,0,0,0
34432,0,0,0,0,0,1,0,0,0
34433,0,0,0,0,0,1,0,0,0
34434,0,0,0,0,0,1,0,0,0
34435,0,0,0,0,0,1,0,0,0
34436,0,0,0,0,0,1,0,0,0
34437,0,0,0,0,0,1,0,0,0
34438,0,0,0,0,0,1,0,0,0
34439,0,0,0,0,0,1,0,0,0
34440,0,0,0,0,0,1,0,0,0
34441,0,0,0,0,0,1,0,0,0
34442,0,0,0,0,0,1,0,0,0
34443,0,0,0,0,0,1,0,0,0
34444,0,0,0,0,0,1,0,0,0
34445,0,0,0,0,0,1,0,0,0
34446,0,0,0,0,0,1,0,0,0
34447,0,0,0,0,0,1,0,0,0
34448,0,0,0,0,0,1,0,0,0
34449,0,0,0,0,0,1,0,0,0
34450,0,0,0,0,0,1,0,0,0
34451,0,0,0,0,0,1,0,0,0
34452,0,0,0,0,0,1,0,0,0
34453,0,0,0,0,0,1,0,0,0
34454,0,0,0,0,0,1,0,0,0
34455,0,0,0,0,0,1,0,0,0
34456,0,0,0,0,0,1,0,0,0
34457,0,0,0,0,0,1,0,0,0
34458,0,0,0,0,0,1,0,0,0
34459,0,0,0,0,0,1,0,0,0
34460,0,0,0,0,0,1,0,0,0
34461,0,0,0,0,0,1,0,0,0
34462,0,0,0,0,0,1,0,0,0
34463,0,0,0,0,0,1,0,0,0
34464,0,0,0,0,0,1,0,0,0
34465,0,0,0,0,0,1,0,0,0
34466,0,0,0,0,0,1,0,0,0
34467,0,0,0,0,0,1,0,0,0
34468,0,0,0,0,0,1,0,0,0
34469,0,0,0,0,0,1,0,0,0
34470,0,0,0,0,0,1,0,0,0
34471,0,0,0,0,0,1,0,0,0
34472,0,0,0,0,0,1,0,0,0
34473,0,0,0,0,0,1,0,0,0
34474,0,0,0,0,0,1,0,0,0
34475,0,0,0,0,0,1,0,0,0
34476,0,0,0,0,0,1,0,0,0
34477,0,0,0,0,0,1,0,0,0
34478,0,0,0,0,0,1,0,0,0
34479,0,0,0,0,0,1,0,0,0
34480,0,0,0,0,0,1,0,0,0
34481,0,0,0,0,0,1,0,0,0
34482,0,0,0,0,0,1,0,0,0
34483,0,0,0,0,0,1,0,0,0
34484,0,0,0,0,0,1,0,0,0
34485,0,0,0,0,0,1,0,0,0
34486,0,0,0,0,0,1,0,0,0
34487,0,0,0,0,0,1,0,0,0
34488,0,0,0,0,0,1,0,0,0
34489,0,0,0,0,0,1,0,0,0
34490,0,0,0,0,0,1,0,0,0
34491,0,0,0,0,0,1,0,0,0
34492,0,0,0,0,0,1,0,0,0
34493,0,0,0,0,0,1,0,0,0
34494,0,0,0,0,0,1,0,0,0
34495,0,0,0,0,0,1,0,0,0
34496,0,0,0,0,0,1,0,0,0
34497,0,0,0,0,0,1,0,0,0
34498,0,0,0,0,0,1,0,0,0
34499,0,0,0,0,0,1,0,0,0
34500,0,0,0,0,0,1,0,0,0
34501,0,0,0,0,0,1,0,0,0
34502,0,0,0,0,0,1,0,0,0
34503,0,0,0,0,0,1,0,0,0
34504,0,0,0,0,0,1,0,0,0
34505,0,0,0,0,0,1,0,0,0
34506,0,0,0,0,0,1,0,0,0
34507,0,0,0,0,0,1,0,0,0
34508,0,0,0,0,0,1,0,0,0
34509,0,0,0,0,0,1,0,0,0
34510,0,0,0,0,0,1,0,0,0
34511,0,0,0,0,0,1,0,0,0
34512,0,0,0,0,0,1,0,0,0
34513,0,0,0,0,0,1,0,0,0
34514,0,0,0,0,0,1,0,0,0
34515,0,0,0,0,0,1,0,0,0
34516,0,0,0,0,0,1,0,0,0
34517,0,0,0,0,0,1,0,0,0
34518,0,0,0,0,0,1,0,0,0
34519,0,0,0,0,0,1,0,0,0
34520,0,0,0,0,0,1,0,0,0
34521,0,0,0,0,0,1,0,0,0
34522,0,0,0,0,0,1,0,0,0
34523,0,0,0,0,0,1,0,0,0
34524,0,0,0,0,0,1,0,0,0
34525,0,0,0,0,0,1,0,0,0
34526,0,0,0,0,0,1,0,0,0
34527,0,0,0,0,0,1,0,0,0
34528,0,0,0,0,0,1,0,0,0
34529,0,0,0,0,0,1,0,0,0
34530,0,0,0,0,0,1,0,0,0
34531,0,0,0,0,0,1,0,0,0
34532,0,0,0,0,0,1,0,0,0
34533,0,0,0,0,0,1,0,0,0
34534,0,0,0,0,0,1,0,0,0
34535,0,0,0,0,0,1,0,0,0
34536,0,0,0,0,0,1,0,0,0
34537,0,0,0,0,0,1,0,0,0
34538,0,0,0,0,0,1,0,0,0
34539,0,0,0,0,0,1,0,0,0
34540,0,0,0,0,0,1,0,0,0
34541,0,0,0,0,0,1,0,0,0
34542,0,0,0,0,0,1,0,0,0
34543,0,0,0,0,0,1,0,0,0
34544,0,0,0,0,0,1,0,0,0
34545,0,0,0,0,0,1,0,0,0
34546,0,0,0,0,0,1,0,0,0
34547,0,0,0,0,0,1,0,0,0
34548,0,0,0,0,0,1,0,0,0
34549,0,0,0,0,0,1,0,0,0
34550,0,0,0,0,0,1,0,0,0
34551,0,0,0,0,0,1,0,0,0
34552,0,0,0,0,0,1,0,0,0
34553,0,0,0,0,0,1,0,0,0
34554,0,0,0,0,0,1,0,0,0
34555,0,0,0,0,0,1,0,0,0
34556,0,0,0,0,0,1,0,0,0
34557,0,0,0,0,0,1,0,0,0
34558,0,0,0,0,0,1,0,0,0
34559,0,0,0,0,0,1,0,0,0
34560,0,0,0,0,0,1,0,0,0
34561,0,0,0,0,0,1,0,0,0
34562,0,0,0,0,0,1,0,0,0
34563,0,0,0,0,0,1,0,0,0
34564,0,0,0,0,0,1,0,0,0
34565,0,0,0,0,0,1,0,0,0
34566,0,0,0,0,0,1,0,0,0
34567,0,0,0,0,0,1,0,0,0
34568,0,0,0,0,0,1,0,0,0
34569,0,0,0,0,0,1,0,0,0
34570,0,0,0,0,0,1,0,0,0
34571,0,0,0,0,0,1,0,0,0
34572,0,0,0,0,0,1,0,0,0
34573,0,0,0,0,0,1,0,0,0
34574,0,0,0,0,0,1,0,0,0
34575,0,0,0,0,0,1,0,0,0
34576,0,0,0,0,0,1,0,0,0
34577,0,0,0,0,0,1,0,0,0
34578,0,0,0,0,0,1,0,0,0
34579,0,0,0,0,0,1,0,0,0
34580,0,0,0,0,0,1,0,0,0
34581,0,0,0,0,0,1,0,0,0
34582,0,0,0,0,0,1,0,0,0
34583,0,0,0,0,0,1,0,0,0
34584,0,0,0,0,0,1,0,0,0
34585,0,0,0,0,0,1,0,0,0
34586,0,0,0,0,0,1,0,0,0
34587,0,0,0,0,0,1,0,0,0
34588,0,0,0,0,0,1,0,0,0
34589,0,0,0,0,0,1,0,0,0
34590,0,0,0,0,0,1,0,0,0
34591,0,0,0,0,0,1,0,0,0
34592,0,0,0,0,0,1,0,0,0
34593,0,0,0,0,0,1,0,0,0
34594,0,0,0,0,0,1,0,0,0
34595,0,0,0,0,0,1,0,0,0
34596,0,0,0,0,0,1,0,0,0
34597,0,0,0,0,0,1,0,0,0
34598,0,0,0,0,0,1,0,0,0
34599,0,0,0,0,0,1,0,0,0
34600,0,0,0,0,0,1,0,0,0
34601,0,0,0,0,0,1,0,0,0
34602,0,0,0,0,0,1,0,0,0
34603,0,0,0,0,0,1,0,0,0
34604,0,0,0,0,0,1,0,0,0
34605,0,0,0,0,0,1,0,0,0
34606,0,0,0,0,0,1,0,0,0
34607,0,0,0,0,0,1,0,0,0
34608,0,0,0,0,0,1,0,0,0
34609,0,0,0,0,0,1,0,0,0
34610,0,0,0,0,0,1,0,0,0
34611,0,0,0,0,0,1,0,0,0
34612,0,0,0,0,0,1,0,0,0
34613,0,0,0,0,0,1,0,0,0
34614,0,0,0,0,0,1,0,0,0
34615,0,0,0,0,0,1,0,0,0
34616,0,0,0,0,0,1,0,0,0
34617,0,0,0,0,0,1,0,0,0
34618,0,0,0,0,0,1,0,0,0
34619,0,0,0,0,0,1,0,0,0
34620,0,0,0,0,0,1,0,0,0
34621,0,0,0,0,0,1,0,0,0
34622,0,0,0,0,0,1,0,0,0
34623,0,0,0,0,0,1,0,0,0
34624,0,0,0,0,0,1,0,0,0
34625,0,0,0,0,0,1,0,0,0
34626,0,0,0,0,0,1,0,0,0
34627,0,0,0,0,0,1,0,0,0
34628,0,0,0,0,0,1,0,0,0
34629,0,0,0,0,0,1,0,0,0
34630,0,0,0,0,0,1,0,0,0
34631,0,0,0,0,0,1,0,0,0
34632,0,0,0,0,0,1,0,0,0
34633,0,0,0,0,0,1,0,0,0
34634,0,0,0,0,0,1,0,0,0
34635,0,0,0,0,0,1,0,0,0
34636,0,0,0,0,0,1,0,0,0
34637,0,0,0,0,0,1,0,0,0
34638,0,0,0,0,0,1,0,0,0
34639,0,0,0,0,0,1,0,0,0
34640,0,0,0,0,0,1,0,0,0
34641,0,0,0,0,0,1,0,0,0
34642,0,0,0,0,0,1,0,0,0
34643,0,0,0,0,0,1,0,0,0
34644,0,0,0,0,0,1,0,0,0
34645,0,0,0,0,0,1,0,0,0
34646,0,0,0,0,0,1,0,0,0
34647,0,0,0,0,0,1,0,0,0
34648,0,0,0,0,0,1,0,0,0
34649,0,0,0,0,0,1,0,0,0
34650,0,0,0,0,0,1,0,0,0
34651,0,0,0,0,0,1,0,0,0
34652,0,0,0,0,0,1,0,0,0
34653,0,0,0,0,0,1,0,0,0
34654,0,0,0,0,0,1,0,0,0
34655,0,0,0,0,0,1,0,0,0
34656,0,0,0,0,0,1,0,0,0
34657,0,0,0,0,0,1,0,0,0
34658,0,0,0,0,0,1,0,0,0
34659,0,0,0,0,0,1,0,0,0
34660,0,0,0,0,0,1,0,0,0
34661,0,0,0,0,0,1,0,0,0
34662,0,0,0,0,0,1,0,0,0
34663,0,0,0,0,0,1,0,0,0
34664,0,0,0,0,0,1,0,0,0
34665,0,0,0,0,0,1,0,0,0
34666,0,0,0,0,0,1,0,0,0
34667,0,0,0,0,0,1,0,0,0
34668,0,0,0,0,0,1,0,0,0
34669,0,0,0,0,0,1,0,0,0
34670,0,0,0,0,0,1,0,0,0
34671,0,0,0,0,0,1,0,0,0
34672,0,0,0,0,0,1,0,0,0
34673,0,0,0,0,0,1,0,0,0
34674,0,0,0,0,0,1,0,0,0
34675,0,0,0,0,0,1,0,0,0
34676,0,0,0,0,0,1,0,0,0
34677,0,0,0,0,0,1,0,0,0
34678,0,0,0,0,0,1,0,0,0
34679,0,0,0,0,0,1,0,0,0
34680,0,0,0,0,0,1,0,0,0
34681,0,0,0,0,0,1,0,0,0
34682,0,0,0,0,0,1,0,0,0
34683,0,0,0,0,0,1,0,0,0
34684,0,0,0,0,0,1,0,0,0
34685,0,0,0,0,0,1,0,0,0
34686,0,0,0,0,0,1,0,0,0
34687,0,0,0,0,0,1,0,0,0
34688,0,0,0,0,0,1,0,0,0
34689,0,0,0,0,0,1,0,0,0
34690,0,0,0,0,0,1,0,0,0
34691,0,0,0,0,0,1,0,0,0
34692,0,0,0,0,0,1,0,0,0
34693,0,0,0,0,0,1,0,0,0
34694,0,0,0,0,0,1,0,0,0
34695,0,0,0,0,0,1,0,0,0
34696,0,0,0,0,0,1,0,0,0
34697,0,0,0,0,0,1,0,0,0
34698,0,0,0,0,0,1,0,0,0
34699,0,0,0,0,0,1,0,0,0
34700,0,0,0,0,0,1,0,0,0
34701,0,0,0,0,0,1,0,0,0
34702,0,0,0,0,0,1,0,0,0
34703,0,0,0,0,0,1,0,0,0
34704,0,0,0,0,0,1,0,0,0
34705,0,0,0,0,0,1,0,0,0
34706,0,0,0,0,0,1,0,0,0
34707,0,0,0,0,0,1,0,0,0
34708,0,0,0,0,0,1,0,0,0
34709,0,0,0,0,0,1,0,0,0
34710,0,0,0,0,0,1,0,0,0
34711,0,0,0,0,0,1,0,0,0
34712,0,0,0,0,0,1,0,0,0
34713,0,0,0,0,0,1,0,0,0
34714,0,0,0,0,0,1,0,0,0
34715,0,0,0,0,0,1,0,0,0
34716,0,0,0,0,0,1,0,0,0
34717,0,0,0,0,0,1,0,0,0
34718,0,0,0,0,0,1,0,0,0
34719,0,0,0,0,0,1,0,0,0
34720,0,0,0,0,0,1,0,0,0
34721,0,0,0,0,0,1,0,0,0
34722,0,0,0,0,0,1,0,0,0
34723,0,0,0,0,0,1,0,0,0
34724,0,0,0,0,0,1,0,0,0
34725,0,0,0,0,0,1,0,0,0
34726,0,0,0,0,0,1,0,0,0
34727,0,0,0,0,0,1,0,0,0
34728,0,0,0,0,0,1,0,0,0
34729,0,0,0,0,0,1,0,0,0
34730,0,0,0,0,0,1,0,0,0
34731,0,0,0,0,0,1,0,0,0
34732,0,0,0,0,0,1,0,0,0
34733,0,0,0,0,0,1,0,0,0
34734,0,0,0,0,0,1,0,0,0
34735,0,0,0,0,0,1,0,0,0
34736,0,0,0,0,0,1,0,0,0
34737,0,0,0,0,0,1,0,0,0
34738,0,0,0,0,0,1,0,0,0
34739,0,0,0,0,0,1,0,0,0
34740,0,0,0,0,0,1,0,0,0
34741,0,0,0,0,0,1,0,0,0
34742,0,0,0,0,0,1,0,0,0
34743,0,0,0,0,0,1,0,0,0
34744,0,0,0,0,0,1,0,0,0
34745,0,0,0,0,0,1,0,0,0
34746,0,0,0,0,0,1,0,0,0
34747,0,0,0,0,0,1,0,0,0
34748,0,0,0,0,0,1,0,0,0
34749,0,0,0,0,0,1,0,0,0
34750,0,0,0,0,0,1,0,0,0
34751,0,0,0,0,0,1,0,0,0
34752,0,0,0,0,0,1,0,0,0
34753,0,0,0,0,0,1,0,0,0
34754,0,0,0,0,0,1,0,0,0
34755,0,0,0,0,0,1,0,0,0
34756,0,0,0,0,0,1,0,0,0
34757,0,0,0,0,0,1,0,0,0
34758,0,0,0,0,0,1,0,0,0
34759,0,0,0,0,0,1,0,0,0
34760,0,0,0,0,0,1,0,0,0
34761,0,0,0,0,0,1,0,0,0
34762,0,0,0,0,0,1,0,0,0
34763,0,0,0,0,0,1,0,0,0
34764,0,0,0,0,0,1,0,0,0
34765,0,0,0,0,0,1,0,0,0
34766,0,0,0,0,0,1,0,0,0
34767,0,0,0,0,0,1,0,0,0
34768,0,0,0,0,0,1,0,0,0
34769,0,0,0,0,0,1,0,0,0
34770,0,0,0,0,0,1,0,0,0
34771,0,0,0,0,0,1,0,0,0
34772,0,0,0,0,0,1,0,0,0
34773,0,0,0,0,0,1,0,0,0
34774,0,0,0,0,0,1,0,0,0
34775,0,0,0,0,0,1,0,0,0
34776,0,0,0,0,0,1,0,0,0
34777,0,0,0,0,0,1,0,0,0
34778,0,0,0,0,0,1,0,0,0
34779,0,0,0,0,0,1,0,0,0
34780,0,0,0,0,0,1,0,0,0
34781,0,0,0,0,0,1,0,0,0
34782,0,0,0,0,0,1,0,0,0
34783,0,0,0,0,0,1,0,0,0
34784,0,0,0,0,0,1,0,0,0
34785,0,0,0,0,0,1,0,0,0
34786,0,0,0,0,0,1,0,0,0
34787,0,0,0,0,0,1,0,0,0
34788,0,0,0,0,0,1,0,0,0
34789,0,0,0,0,0,1,0,0,0
34790,0,0,0,0,0,1,0,0,0
34791,0,0,0,0,0,1,0,0,0
34792,0,0,0,0,0,1,0,0,0
34793,0,0,0,0,0,1,0,0,0
34794,0,0,0,0,0,1,0,0,0
34795,0,0,0,0,0,1,0,0,0
34796,0,0,0,0,0,1,0,0,0
34797,0,0,0,0,0,1,0,0,0
34798,0,0,0,0,0,1,0,0,0
34799,0,0,0,0,0,1,0,0,0
34800,0,0,0,0,0,1,0,0,0
34801,0,0,0,0,0,1,0,0,0
34802,0,0,0,0,0,1,0,0,0
34803,0,0,0,0,0,1,0,0,0
34804,0,0,0,0,0,1,0,0,0
34805,0,0,0,0,0,1,0,0,0
34806,0,0,0,0,0,1,0,0,0
34807,0,0,0,0,0,1,0,0,0
34808,0,0,0,0,0,1,0,0,0
34809,0,0,0,0,0,1,0,0,0
34810,0,0,0,0,0,1,0,0,0
34811,0,0,0,0,0,1,0,0,0
34812,0,0,0,0,0,1,0,0,0
34813,0,0,0,0,0,1,0,0,0
34814,0,0,0,0,0,1,0,0,0
34815,0,0,0,0,0,1,0,0,0
34816,0,0,0,0,0,1,0,0,0
34817,0,0,0,0,0,1,0,0,0
34818,0,0,0,0,0,1,0,0,0
34819,0,0,0,0,0,1,0,0,0
34820,0,0,0,0,0,1,0,0,0
34821,0,0,0,0,0,1,0,0,0
34822,0,0,0,0,0,1,0,0,0
34823,0,0,0,0,0,1,0,0,0
34824,0,0,0,0,0,1,0,0,0
34825,0,0,0,0,0,1,0,0,0
34826,0,0,0,0,0,1,0,0,0
34827,0,0,0,0,0,1,0,0,0
34828,0,0,0,0,0,1,0,0,0
34829,0,0,0,0,0,1,0,0,0
34830,0,0,0,0,0,1,0,0,0
34831,0,0,0,0,0,1,0,0,0
34832,0,0,0,0,0,1,0,0,0
34833,0,0,0,0,0,1,0,0,0
34834,0,0,0,0,0,1,0,0,0
34835,0,0,0,0,0,1,0,0,0
34836,0,0,0,0,0,1,0,0,0
34837,0,0,0,0,0,1,0,0,0
34838,0,0,0,0,0,1,0,0,0
34839,0,0,0,0,0,1,0,0,0
34840,0,0,0,0,0,1,0,0,0
34841,0,0,0,0,0,1,0,0,0
34842,0,0,0,0,0,1,0,0,0
34843,0,0,0,0,0,1,0,0,0
34844,0,0,0,0,0,1,0,0,0
34845,0,0,0,0,0,1,0,0,0
34846,0,0,0,0,0,1,0,0,0
34847,0,0,0,0,0,1,0,0,0
34848,0,0,0,0,0,1,0,0,0
34849,0,0,0,0,0,1,0,0,0
34850,0,0,0,0,0,1,0,0,0
34851,0,0,0,0,0,1,0,0,0
34852,0,0,0,0,0,1,0,0,0
34853,0,0,0,0,0,1,0,0,0
34854,0,0,0,0,0,1,0,0,0
34855,0,0,0,0,0,1,0,0,0
34856,0,0,0,0,0,1,0,0,0
34857,0,0,0,0,0,1,0,0,0
34858,0,0,0,0,0,1,0,0,0
34859,0,0,0,0,0,1,0,0,0
34860,0,0,0,0,0,1,0,0,0
34861,0,0,0,0,0,1,0,0,0
34862,0,0,0,0,0,1,0,0,0
34863,0,0,0,0,0,1,0,0,0
34864,0,0,0,0,0,1,0,0,0
34865,0,0,0,0,0,1,0,0,0
34866,0,0,0,0,0,1,0,0,0
34867,0,0,0,0,0,1,0,0,0
34868,0,0,0,0,0,1,0,0,0
34869,0,0,0,0,0,1,0,0,0
34870,0,0,0,0,0,1,0,0,0
34871,0,0,0,0,0,1,0,0,0
34872,0,0,0,0,0,1,0,0,0
34873,0,0,0,0,0,1,0,0,0
34874,0,0,0,0,0,1,0,0,0
34875,0,0,0,0,0,1,0,0,0
34876,0,0,0,0,0,1,0,0,0
34877,0,0,0,0,0,1,0,0,0
34878,0,0,0,0,0,1,0,0,0
34879,0,0,0,0,0,1,0,0,0
34880,0,0,0,0,0,1,0,0,0
34881,0,0,0,0,0,1,0,0,0
34882,0,0,0,0,0,1,0,0,0
34883,0,0,0,0,0,1,0,0,0
34884,0,0,0,0,0,1,0,0,0
34885,0,0,0,0,0,1,0,0,0
34886,0,0,0,0,0,1,0,0,0
34887,0,0,0,0,0,1,0,0,0
34888,0,0,0,0,0,1,0,0,0
34889,0,0,0,0,0,1,0,0,0
34890,0,0,0,0,0,1,0,0,0
34891,0,0,0,0,0,1,0,0,0
34892,0,0,0,0,0,1,0,0,0
34893,0,0,0,0,0,1,0,0,0
34894,0,0,0,0,0,1,0,0,0
34895,0,0,0,0,0,1,0,0,0
34896,0,0,0,0,0,1,0,0,0
34897,0,0,0,0,0,1,0,0,0
34898,0,0,0,0,0,1,0,0,0
34899,0,0,0,0,0,1,0,0,0
34900,0,0,0,0,0,1,0,0,0
34901,0,0,0,0,0,1,0,0,0
34902,0,0,0,0,0,1,0,0,0
34903,0,0,0,0,0,1,0,0,0
34904,0,0,0,0,0,1,0,0,0
34905,0,0,0,0,0,1,0,0,0
34906,0,0,0,0,0,1,0,0,0
34907,0,0,0,0,0,1,0,0,0
34908,0,0,0,0,0,1,0,0,0
34909,0,0,0,0,0,1,0,0,0
34910,0,0,0,0,0,1,0,0,0
34911,0,0,0,0,0,1,0,0,0
34912,0,0,0,0,0,1,0,0,0
34913,0,0,0,0,0,1,0,0,0
34914,0,0,0,0,0,1,0,0,0
34915,0,0,0,0,0,1,0,0,0
34916,0,0,0,0,0,1,0,0,0
34917,0,0,0,0,0,1,0,0,0
34918,0,0,0,0,0,1,0,0,0
34919,0,0,0,0,0,1,0,0,0
34920,0,0,0,0,0,1,0,0,0
34921,0,0,0,0,0,1,0,0,0
34922,0,0,0,0,0,1,0,0,0
34923,0,0,0,0,0,1,0,0,0
34924,0,0,0,0,0,1,0,0,0
34925,0,0,0,0,0,1,0,0,0
34926,0,0,0,0,0,1,0,0,0
34927,0,0,0,0,0,1,0,0,0
34928,0,0,0,0,0,1,0,0,0
34929,0,0,0,0,0,1,0,0,0
34930,0,0,0,0,0,1,0,0,0
34931,0,0,0,0,0,1,0,0,0
34932,0,0,0,0,0,1,0,0,0
34933,0,0,0,0,0,1,0,0,0
34934,0,0,0,0,0,1,0,0,0
34935,0,0,0,0,0,1,0,0,0
34936,0,0,0,0,0,1,0,0,0
34937,0,0,0,0,0,1,0,0,0
34938,0,0,0,0,0,1,0,0,0
34939,0,0,0,0,0,1,0,0,0
34940,0,0,0,0,0,1,0,0,0
34941,0,0,0,0,0,1,0,0,0
34942,0,0,0,0,0,1,0,0,0
34943,0,0,0,0,0,1,0,0,0
34944,0,0,0,0,0,1,0,0,0
34945,0,0,0,0,0,1,0,0,0
34946,0,0,0,0,0,1,0,0,0
34947,0,0,0,0,0,1,0,0,0
34948,0,0,0,0,0,1,0,0,0
34949,0,0,0,0,0,1,0,0,0
34950,0,0,0,0,0,1,0,0,0
34951,0,0,0,0,0,1,0,0,0
34952,0,0,0,0,0,1,0,0,0
34953,0,0,0,0,0,1,0,0,0
34954,0,0,0,0,0,1,0,0,0
34955,0,0,0,0,0,1,0,0,0
34956,0,0,0,0,0,1,0,0,0
34957,0,0,0,0,0,1,0,0,0
34958,0,0,0,0,0,1,0,0,0
34959,0,0,0,0,0,1,0,0,0
34960,0,0,0,0,0,1,0,0,0
34961,0,0,0,0,0,1,0,0,0
34962,0,0,0,0,0,1,0,0,0
34963,0,0,0,0,0,1,0,0,0
34964,0,0,0,0,0,1,0,0,0
34965,0,0,0,0,0,1,0,0,0
34966,0,0,0,0,0,1,0,0,0
34967,0,0,0,0,0,1,0,0,0
34968,0,0,0,0,0,1,0,0,0
34969,0,0,0,0,0,1,0,0,0
34970,0,0,0,0,0,1,0,0,0
34971,0,0,0,0,0,1,0,0,0
34972,0,0,0,0,0,1,0,0,0
34973,0,0,0,0,0,1,0,0,0
34974,0,0,0,0,0,1,0,0,0
34975,0,0,0,0,0,1,0,0,0
34976,0,0,0,0,0,1,0,0,0
34977,0,0,0,0,0,1,0,0,0
34978,0,0,0,0,0,1,0,0,0
34979,0,0,0,0,0,1,0,0,0
34980,0,0,0,0,0,1,0,0,0
34981,0,0,0,0,0,1,0,0,0
34982,0,0,0,0,0,1,0,0,0
34983,0,0,0,0,0,1,0,0,0
34984,0,0,0,0,0,1,0,0,0
34985,0,0,0,0,0,1,0,0,0
34986,0,0,0,0,0,1,0,0,0
34987,0,0,0,0,0,1,0,0,0
34988,0,0,0,0,0,1,0,0,0
34989,0,0,0,0,0,1,0,0,0
34990,0,0,0,0,0,1,0,0,0
34991,0,0,0,0,0,1,0,0,0
34992,0,0,0,0,0,1,0,0,0
34993,0,0,0,0,0,1,0,0,0
34994,0,0,0,0,0,1,0,0,0
34995,0,0,0,0,0,1,0,0,0
34996,0,0,0,0,0,1,0,0,0
34997,0,0,0,0,0,1,0,0,0
34998,0,0,0,0,0,1,0,0,0
34999,0,0,0,0,0,1,0,0,0
35000,0,0,0,0,0,1,0,0,0
35001,0,0,0,0,0,1,0,0,0
35002,0,0,0,0,0,1,0,0,0
35003,0,0,0,0,0,1,0,0,0
35004,0,0,0,0,0,1,0,0,0
35005,0,0,0,0,0,1,0,0,0
35006,0,0,0,0,0,1,0,0,0
35007,0,0,0,0,0,1,0,0,0
35008,0,0,0,0,0,1,0,0,0
35009,0,0,0,0,0,1,0,0,0
35010,0,0,0,0,0,1,0,0,0
35011,0,0,0,0,0,1,0,0,0
35012,0,0,0,0,0,1,0,0,0
35013,0,0,0,0,0,1,0,0,0
35014,0,0,0,0,0,1,0,0,0
35015,0,0,0,0,0,1,0,0,0
35016,0,0,0,0,0,1,0,0,0
35017,0,0,0,0,0,1,0,0,0
35018,0,0,0,0,0,1,0,0,0
35019,0,0,0,0,0,1,0,0,0
35020,0,0,0,0,0,1,0,0,0
35021,0,0,0,0,0,1,0,0,0
35022,0,0,0,0,0,1,0,0,0
35023,0,0,0,0,0,1,0,0,0
35024,0,0,0,0,0,1,0,0,0
35025,0,0,0,0,0,1,0,0,0
35026,0,0,0,0,0,1,0,0,0
35027,0,0,0,0,0,1,0,0,0
35028,0,0,0,0,0,1,0,0,0
35029,0,0,0,0,0,1,0,0,0
35030,0,0,0,0,0,1,0,0,0
35031,0,0,0,0,0,1,0,0,0
35032,0,0,0,0,0,1,0,0,0
35033,0,0,0,0,0,1,0,0,0
35034,0,0,0,0,0,1,0,0,0
35035,0,0,0,0,0,1,0,0,0
35036,0,0,0,0,0,1,0,0,0
35037,0,0,0,0,0,1,0,0,0
35038,0,0,0,0,0,1,0,0,0
35039,0,0,0,0,0,1,0,0,0
35040,0,0,0,0,0,1,0,0,0
35041,0,0,0,0,0,1,0,0,0
35042,0,0,0,0,0,1,0,0,0
35043,0,0,0,0,0,1,0,0,0
35044,0,0,0,0,0,1,0,0,0
35045,0,0,0,0,0,1,0,0,0
35046,0,0,0,0,0,1,0,0,0
35047,0,0,0,0,0,1,0,0,0
35048,0,0,0,0,0,1,0,0,0
35049,0,0,0,0,0,1,0,0,0
35050,0,0,0,0,0,1,0,0,0
35051,0,0,0,0,0,1,0,0,0
35052,0,0,0,0,0,1,0,0,0
35053,0,0,0,0,0,1,0,0,0
35054,0,0,0,0,0,1,0,0,0
35055,0,0,0,0,0,1,0,0,0
35056,0,0,0,0,0,1,0,0,0
35057,0,0,0,0,0,1,0,0,0
35058,0,0,0,0,0,1,0,0,0
35059,0,0,0,0,0,1,0,0,0
35060,0,0,0,0,0,1,0,0,0
35061,0,0,0,0,0,1,0,0,0
35062,0,0,0,0,0,1,0,0,0
35063,0,0,0,0,0,1,0,0,0
35064,0,0,0,0,0,1,0,0,0
35065,0,0,0,0,0,1,0,0,0
35066,0,0,0,0,0,1,0,0,0
35067,0,0,0,0,0,1,0,0,0
35068,0,0,0,0,0,1,0,0,0
35069,0,0,0,0,0,1,0,0,0
35070,0,0,0,0,0,1,0,0,0
35071,0,0,0,0,0,1,0,0,0
35072,0,0,0,0,0,1,0,0,0
35073,0,0,0,0,0,1,0,0,0
35074,0,0,0,0,0,1,0,0,0
35075,0,0,0,0,0,1,0,0,0
35076,0,0,0,0,0,1,0,0,0
35077,0,0,0,0,0,1,0,0,0
35078,0,0,0,0,0,1,0,0,0
35079,0,0,0,0,0,1,0,0,0
35080,0,0,0,0,0,1,0,0,0
35081,0,0,0,0,0,1,0,0,0
35082,0,0,0,0,0,1,0,0,0
35083,0,0,0,0,0,1,0,0,0
35084,0,0,0,0,0,1,0,0,0
35085,0,0,0,0,0,1,0,0,0
35086,0,0,0,0,0,1,0,0,0
35087,0,0,0,0,0,1,0,0,0
35088,0,0,0,0,0,1,0,0,0
35089,0,0,0,0,0,1,0,0,0
35090,0,0,0,0,0,1,0,0,0
35091,0,0,0,0,0,1,0,0,0
35092,0,0,0,0,0,1,0,0,0
35093,0,0,0,0,0,1,0,0,0
35094,0,0,0,0,0,1,0,0,0
35095,0,0,0,0,0,1,0,0,0
35096,0,0,0,0,0,1,0,0,0
35097,0,0,0,0,0,1,0,0,0
35098,0,0,0,0,0,1,0,0,0
35099,0,0,0,0,0,1,0,0,0
35100,0,0,0,0,0,1,0,0,0
35101,0,0,0,0,0,1,0,0,0
35102,0,0,0,0,0,1,0,0,0
35103,0,0,0,0,0,1,0,0,0
35104,0,0,0,0,0,1,0,0,0
35105,0,0,0,0,0,1,0,0,0
35106,0,0,0,0,0,1,0,0,0
35107,0,0,0,0,0,1,0,0,0
35108,0,0,0,0,0,1,0,0,0
35109,0,0,0,0,0,1,0,0,0
35110,0,0,0,0,0,1,0,0,0
35111,0,0,0,0,0,1,0,0,0
35112,0,0,0,0,0,1,0,0,0
35113,0,0,0,0,0,1,0,0,0
35114,0,0,0,0,0,1,0,0,0
35115,0,0,0,0,0,1,0,0,0
35116,0,0,0,0,0,1,0,0,0
35117,0,0,0,0,0,1,0,0,0
35118,0,0,0,0,0,1,0,0,0
35119,0,0,0,0,0,1,0,0,0
35120,0,0,0,0,0,1,0,0,0
35121,0,0,0,0,0,1,0,0,0
35122,0,0,0,0,0,1,0,0,0
35123,0,0,0,0,0,1,0,0,0
35124,0,0,0,0,0,1,0,0,0
35125,0,0,0,0,0,1,0,0,0
35126,0,0,0,0,0,1,0,0,0
35127,0,0,0,0,0,1,0,0,0
35128,0,0,0,0,0,1,0,0,0
35129,0,0,0,0,0,1,0,0,0
35130,0,0,0,0,0,1,0,0,0
35131,0,0,0,0,0,1,0,0,0
35132,0,0,0,0,0,1,0,0,0
35133,0,0,0,0,0,1,0,0,0
35134,0,0,0,0,0,1,0,0,0
35135,0,0,0,0,0,1,0,0,0
35136,0,0,0,0,0,1,0,0,0
35137,0,0,0,0,0,1,0,0,0
35138,0,0,0,0,0,1,0,0,0
35139,0,0,0,0,0,1,0,0,0
35140,0,0,0,0,0,1,0,0,0
35141,0,0,0,0,0,1,0,0,0
35142,0,0,0,0,0,1,0,0,0
35143,0,0,0,0,0,1,0,0,0
35144,0,0,0,0,0,1,0,0,0
35145,0,0,0,0,0,1,0,0,0
35146,0,0,0,0,0,1,0,0,0
35147,0,0,0,0,0,1,0,0,0
35148,0,0,0,0,0,1,0,0,0
35149,0,0,0,0,0,1,0,0,0
35150,0,0,0,0,0,1,0,0,0
35151,0,0,0,0,0,1,0,0,0
35152,0,0,0,0,0,1,0,0,0
35153,0,0,0,0,0,1,0,0,0
35154,0,0,0,0,0,1,0,0,0
35155,0,0,0,0,0,1,0,0,0
35156,0,0,0,0,0,1,0,0,0
35157,0,0,0,0,0,1,0,0,0
35158,0,0,0,0,0,1,0,0,0
35159,0,0,0,0,0,1,0,0,0
35160,0,0,0,0,0,1,0,0,0
35161,0,0,0,0,0,1,0,0,0
35162,0,0,0,0,0,1,0,0,0
35163,0,0,0,0,0,1,0,0,0
35164,0,0,0,0,0,1,0,0,0
35165,0,0,0,0,0,1,0,0,0
35166,0,0,0,0,0,1,0,0,0
35167,0,0,0,0,0,1,0,0,0
35168,0,0,0,0,0,1,0,0,0
35169,0,0,0,0,0,1,0,0,0
35170,0,0,0,0,0,1,0,0,0
35171,0,0,0,0,0,1,0,0,0
35172,0,0,0,0,0,1,0,0,0
35173,0,0,0,0,0,1,0,0,0
35174,0,0,0,0,0,1,0,0,0
35175,0,0,0,0,0,1,0,0,0
35176,0,0,0,0,0,1,0,0,0
35177,0,0,0,0,0,1,0,0,0
35178,0,0,0,0,0,1,0,0,0
35179,0,0,0,0,0,1,0,0,0
35180,0,0,0,0,0,1,0,0,0
35181,0,0,0,0,0,1,0,0,0
35182,0,0,0,0,0,1,0,0,0
35183,0,0,0,0,0,1,0,0,0
35184,0,0,0,0,0,1,0,0,0
35185,0,0,0,0,0,1,0,0,0
35186,0,0,0,0,0,1,0,0,0
35187,0,0,0,0,0,1,0,0,0
35188,0,0,0,0,0,1,0,0,0
35189,0,0,0,0,0,1,0,0,0
35190,0,0,0,0,0,1,0,0,0
35191,0,0,0,0,0,1,0,0,0
35192,0,0,0,0,0,1,0,0,0
35193,0,0,0,0,0,1,0,0,0
35194,0,0,0,0,0,1,0,0,0
35195,0,0,0,0,0,1,0,0,0
35196,0,0,0,0,0,1,0,0,0
35197,0,0,0,0,0,1,0,0,0
35198,0,0,0,0,0,1,0,0,0
35199,0,0,0,0,0,1,0,0,0
35200,0,0,0,0,0,1,0,0,0
35201,0,0,0,0,0,1,0,0,0
35202,0,0,0,0,0,1,0,0,0
35203,0,0,0,0,0,1,0,0,0
35204,0,0,0,0,0,1,0,0,0
35205,0,0,0,0,0,1,0,0,0
35206,0,0,0,0,0,1,0,0,0
35207,0,0,0,0,0,1,0,0,0
35208,0,0,0,0,0,1,0,0,0
35209,0,0,0,0,0,1,0,0,0
35210,0,0,0,0,0,1,0,0,0
35211,0,0,0,0,0,1,0,0,0
35212,0,0,0,0,0,1,0,0,0
35213,0,0,0,0,0,1,0,0,0
35214,0,0,0,0,0,1,0,0,0
35215,0,0,0,0,0,1,0,0,0
35216,0,0,0,0,0,1,0,0,0
35217,0,0,0,0,0,1,0,0,0
35218,0,0,0,0,0,1,0,0,0
35219,0,0,0,0,0,1,0,0,0
35220,0,0,0,0,0,1,0,0,0
35221,0,0,0,0,0,1,0,0,0
35222,0,0,0,0,0,1,0,0,0
35223,0,0,0,0,0,1,0,0,0
35224,0,0,0,0,0,1,0,0,0
35225,0,0,0,0,0,1,0,0,0
35226,0,0,0,0,0,1,0,0,0
35227,0,0,0,0,0,1,0,0,0
35228,0,0,0,0,0,1,0,0,0
35229,0,0,0,0,0,1,0,0,0
35230,0,0,0,0,0,1,0,0,0
35231,0,0,0,0,0,1,0,0,0
35232,0,0,0,0,0,1,0,0,0
35233,0,0,0,0,0,1,0,0,0
35234,0,0,0,0,0,1,0,0,0
35235,0,0,0,0,0,1,0,0,0
35236,0,0,0,0,0,1,0,0,0
35237,0,0,0,0,0,1,0,0,0
35238,0,0,0,0,0,1,0,0,0
35239,0,0,0,0,0,1,0,0,0
35240,0,0,0,0,0,1,0,0,0
35241,0,0,0,0,0,1,0,0,0
35242,0,0,0,0,0,1,0,0,0
35243,0,0,0,0,0,1,0,0,0
35244,0,0,0,0,0,1,0,0,0
35245,0,0,0,0,0,1,0,0,0
35246,0,0,0,0,0,1,0,0,0
35247,0,0,0,0,0,1,0,0,0
35248,0,0,0,0,0,1,0,0,0
35249,0,0,0,0,0,1,0,0,0
35250,0,0,0,0,0,1,0,0,0
35251,0,0,0,0,0,1,0,0,0
35252,0,0,0,0,0,1,0,0,0
35253,0,0,0,0,0,1,0,0,0
35254,0,0,0,0,0,1,0,0,0
35255,0,0,0,0,0,1,0,0,0
35256,0,0,0,0,0,1,0,0,0
35257,0,0,0,0,0,1,0,0,0
35258,0,0,0,0,0,1,0,0,0
35259,0,0,0,0,0,1,0,0,0
35260,0,0,0,0,0,1,0,0,0
35261,0,0,0,0,0,1,0,0,0
35262,0,0,0,0,0,1,0,0,0
35263,0,0,0,0,0,1,0,0,0
35264,0,0,0,0,0,1,0,0,0
35265,0,0,0,0,0,1,0,0,0
35266,0,0,0,0,0,1,0,0,0
35267,0,0,0,0,0,1,0,0,0
35268,0,0,0,0,0,1,0,0,0
35269,0,0,0,0,0,1,0,0,0
35270,0,0,0,0,0,1,0,0,0
35271,0,0,0,0,0,1,0,0,0
35272,0,0,0,0,0,1,0,0,0
35273,0,0,0,0,0,1,0,0,0
35274,0,0,0,0,0,1,0,0,0
35275,0,0,0,0,0,1,0,0,0
35276,0,0,0,0,0,1,0,0,0
35277,0,0,0,0,0,1,0,0,0
35278,0,0,0,0,0,1,0,0,0
35279,0,0,0,0,0,1,0,0,0
35280,0,0,0,0,0,1,0,0,0
35281,0,0,0,0,0,1,0,0,0
35282,0,0,0,0,0,1,0,0,0
35283,0,0,0,0,0,1,0,0,0
35284,0,0,0,0,0,1,0,0,0
35285,0,0,0,0,0,1,0,0,0
35286,0,0,0,0,0,1,0,0,0
35287,0,0,0,0,0,1,0,0,0
35288,0,0,0,0,0,1,0,0,0
35289,0,0,0,0,0,1,0,0,0
35290,0,0,0,0,0,1,0,0,0
35291,0,0,0,0,0,1,0,0,0
35292,0,0,0,0,0,1,0,0,0
35293,0,0,0,0,0,1,0,0,0
35294,0,0,0,0,0,1,0,0,0
35295,0,0,0,0,0,1,0,0,0
35296,0,0,0,0,0,1,0,0,0
35297,0,0,0,0,0,1,0,0,0
35298,0,0,0,0,0,1,0,0,0
35299,0,0,0,0,0,1,0,0,0
35300,0,0,0,0,0,1,0,0,0
35301,0,0,0,0,0,1,0,0,0
35302,0,0,0,0,0,1,0,0,0
35303,0,0,0,0,0,1,0,0,0
35304,0,0,0,0,0,1,0,0,0
35305,0,0,0,0,0,1,0,0,0
35306,0,0,0,0,0,1,0,0,0
35307,0,0,0,0,0,1,0,0,0
35308,0,0,0,0,0,1,0,0,0
35309,0,0,0,0,0,1,0,0,0
35310,0,0,0,0,0,1,0,0,0
35311,0,0,0,0,0,1,0,0,0
35312,0,0,0,0,0,1,0,0,0
35313,0,0,0,0,0,1,0,0,0
35314,0,0,0,0,0,1,0,0,0
35315,0,0,0,0,0,1,0,0,0
35316,0,0,0,0,0,1,0,0,0
35317,0,0,0,0,0,1,0,0,0
35318,0,0,0,0,0,1,0,0,0
35319,0,0,0,0,0,1,0,0,0
35320,0,0,0,0,0,1,0,0,0
35321,0,0,0,0,0,1,0,0,0
35322,0,0,0,0,0,1,0,0,0
35323,0,0,0,0,0,1,0,0,0
35324,0,0,0,0,0,1,0,0,0
35325,0,0,0,0,0,1,0,0,0
35326,0,0,0,0,0,1,0,0,0
35327,0,0,0,0,0,1,0,0,0
35328,0,0,0,0,0,1,0,0,0
35329,0,0,0,0,0,1,0,0,0
35330,0,0,0,0,0,1,0,0,0
35331,0,0,0,0,0,1,0,0,0
35332,0,0,0,0,0,1,0,0,0
35333,0,0,0,0,0,1,0,0,0
35334,0,0,0,0,0,1,0,0,0
35335,0,0,0,0,0,1,0,0,0
35336,0,0,0,0,0,1,0,0,0
35337,0,0,0,0,0,1,0,0,0
35338,0,0,0,0,0,1,0,0,0
35339,0,0,0,0,0,1,0,0,0
35340,0,0,0,0,0,1,0,0,0
35341,0,0,0,0,0,1,0,0,0
35342,0,0,0,0,0,1,0,0,0
35343,0,0,0,0,0,1,0,0,0
35344,0,0,0,0,0,1,0,0,0
35345,0,0,0,0,0,1,0,0,0
35346,0,0,0,0,0,1,0,0,0
35347,0,0,0,0,0,1,0,0,0
35348,0,0,0,0,0,1,0,0,0
35349,0,0,0,0,0,1,0,0,0
35350,0,0,0,0,0,1,0,0,0
35351,0,0,0,0,0,1,0,0,0
35352,0,0,0,0,0,1,0,0,0
35353,0,0,0,0,0,1,0,0,0
35354,0,0,0,0,0,1,0,0,0
35355,0,0,0,0,0,1,0,0,0
35356,0,0,0,0,0,1,0,0,0
35357,0,0,0,0,0,1,0,0,0
35358,0,0,0,0,0,1,0,0,0
35359,0,0,0,0,0,1,0,0,0
35360,0,0,0,0,0,1,0,0,0
35361,0,0,0,0,0,1,0,0,0
35362,0,0,0,0,0,1,0,0,0
35363,0,0,0,0,0,1,0,0,0
35364,0,0,0,0,0,1,0,0,0
35365,0,0,0,0,0,1,0,0,0
35366,0,0,0,0,0,1,0,0,0
35367,0,0,0,0,0,1,0,0,0
35368,0,0,0,0,0,1,0,0,0
35369,0,0,0,0,0,1,0,0,0
35370,0,0,0,0,0,1,0,0,0
35371,0,0,0,0,0,1,0,0,0
35372,0,0,0,0,0,1,0,0,0
35373,0,0,0,0,0,1,0,0,0
35374,0,0,0,0,0,1,0,0,0
35375,0,0,0,0,0,1,0,0,0
35376,0,0,0,0,0,1,0,0,0
35377,0,0,0,0,0,1,0,0,0
35378,0,0,0,0,0,1,0,0,0
35379,0,0,0,0,0,1,0,0,0
35380,0,0,0,0,0,1,0,0,0
35381,0,0,0,0,0,1,0,0,0
35382,0,0,0,0,0,1,0,0,0
35383,0,0,0,0,0,1,0,0,0
35384,0,0,0,0,0,1,0,0,0
35385,0,0,0,0,0,1,0,0,0
35386,0,0,0,0,0,1,0,0,0
35387,0,0,0,0,0,1,0,0,0
35388,0,0,0,0,0,1,0,0,0
35389,0,0,0,0,0,1,0,0,0
35390,0,0,0,0,0,1,0,0,0
35391,0,0,0,0,0,1,0,0,0
35392,0,0,0,0,0,1,0,0,0
35393,0,0,0,0,0,1,0,0,0
35394,0,0,0,0,0,1,0,0,0
35395,0,0,0,0,0,1,0,0,0
35396,0,0,0,0,0,1,0,0,0
35397,0,0,0,0,0,1,0,0,0
35398,0,0,0,0,0,1,0,0,0
35399,0,0,0,0,0,1,0,0,0
35400,0,0,0,0,0,1,0,0,0
35401,0,0,0,0,0,1,0,0,0
35402,0,0,0,0,0,1,0,0,0
35403,0,0,0,0,0,1,0,0,0
35404,0,0,0,0,0,1,0,0,0
35405,0,0,0,0,0,1,0,0,0
35406,0,0,0,0,0,1,0,0,0
35407,0,0,0,0,0,1,0,0,0
35408,0,0,0,0,0,1,0,0,0
35409,0,0,0,0,0,1,0,0,0
35410,0,0,0,0,0,1,0,0,0
35411,0,0,0,0,0,1,0,0,0
35412,0,0,0,0,0,1,0,0,0
35413,0,0,0,0,0,1,0,0,0
35414,0,0,0,0,0,1,0,0,0
35415,0,0,0,0,0,1,0,0,0
35416,0,0,0,0,0,1,0,0,0
35417,0,0,0,0,0,1,0,0,0
35418,0,0,0,0,0,1,0,0,0
35419,0,0,0,0,0,1,0,0,0
35420,0,0,0,0,0,1,0,0,0
35421,0,0,0,0,0,1,0,0,0
35422,0,0,0,0,0,1,0,0,0
35423,0,0,0,0,0,1,0,0,0
35424,0,0,0,0,0,1,0,0,0
35425,0,0,0,0,0,1,0,0,0
35426,0,0,0,0,0,1,0,0,0
35427,0,0,0,0,0,1,0,0,0
35428,0,0,0,0,0,1,0,0,0
35429,0,0,0,0,0,1,0,0,0
35430,0,0,0,0,0,1,0,0,0
35431,0,0,0,0,0,1,0,0,0
35432,0,0,0,0,0,1,0,0,0
35433,0,0,0,0,0,1,0,0,0
35434,0,0,0,0,0,1,0,0,0
35435,0,0,0,0,0,1,0,0,0
35436,0,0,0,0,0,1,0,0,0
35437,0,0,0,0,0,1,0,0,0
35438,0,0,0,0,0,1,0,0,0
35439,0,0,0,0,0,1,0,0,0
35440,0,0,0,0,0,1,0,0,0
35441,0,0,0,0,0,1,0,0,0
35442,0,0,0,0,0,1,0,0,0
35443,0,0,0,0,0,1,0,0,0
35444,0,0,0,0,0,1,0,0,0
35445,0,0,0,0,0,1,0,0,0
35446,0,0,0,0,0,1,0,0,0
35447,0,0,0,0,0,1,0,0,0
35448,0,0,0,0,0,1,0,0,0
35449,0,0,0,0,0,1,0,0,0
35450,0,0,0,0,0,1,0,0,0
35451,0,0,0,0,0,1,0,0,0
35452,0,0,0,0,0,1,0,0,0
35453,0,0,0,0,0,1,0,0,0
35454,0,0,0,0,0,1,0,0,0
35455,0,0,0,0,0,1,0,0,0
35456,0,0,0,0,0,1,0,0,0
35457,0,0,0,0,0,1,0,0,0
35458,0,0,0,0,0,1,0,0,0
35459,0,0,0,0,0,1,0,0,0
35460,0,0,0,0,0,1,0,0,0
35461,0,0,0,0,0,1,0,0,0
35462,0,0,0,0,0,1,0,0,0
35463,0,0,0,0,0,1,0,0,0
35464,0,0,0,0,0,1,0,0,0
35465,0,0,0,0,0,1,0,0,0
35466,0,0,0,0,0,1,0,0,0
35467,0,0,0,0,0,1,0,0,0
35468,0,0,0,0,0,1,0,0,0
35469,0,0,0,0,0,1,0,0,0
35470,0,0,0,0,0,1,0,0,0
35471,0,0,0,0,0,1,0,0,0
35472,0,0,0,0,0,1,0,0,0
35473,0,0,0,0,0,1,0,0,0
35474,0,0,0,0,0,1,0,0,0
35475,0,0,0,0,0,1,0,0,0
35476,0,0,0,0,0,1,0,0,0
35477,0,0,0,0,0,1,0,0,0
35478,0,0,0,0,0,1,0,0,0
35479,0,0,0,0,0,1,0,0,0
35480,0,0,0,0,0,1,0,0,0
35481,0,0,0,0,0,1,0,0,0
35482,0,0,0,0,0,1,0,0,0
35483,0,0,0,0,0,1,0,0,0
35484,0,0,0,0,0,1,0,0,0
35485,0,0,0,0,0,1,0,0,0
35486,0,0,0,0,0,1,0,0,0
35487,0,0,0,0,0,1,0,0,0
35488,0,0,0,0,0,1,0,0,0
35489,0,0,0,0,0,1,0,0,0
35490,0,0,0,0,0,1,0,0,0
35491,0,0,0,0,0,1,0,0,0
35492,0,0,0,0,0,1,0,0,0
35493,0,0,0,0,0,1,0,0,0
35494,0,0,0,0,0,1,0,0,0
35495,0,0,0,0,0,1,0,0,0
35496,0,0,0,0,0,1,0,0,0
35497,0,0,0,0,0,1,0,0,0
35498,0,0,0,0,0,1,0,0,0
35499,0,0,0,0,0,1,0,0,0
35500,0,0,0,0,0,1,0,0,0
35501,0,0,0,0,0,1,0,0,0
35502,0,0,0,0,0,1,0,0,0
35503,0,0,0,0,0,1,0,0,0
35504,0,0,0,0,0,1,0,0,0
35505,0,0,0,0,0,1,0,0,0
35506,0,0,0,0,0,1,0,0,0
35507,0,0,0,0,0,1,0,0,0
35508,0,0,0,0,0,1,0,0,0
35509,0,0,0,0,0,1,0,0,0
35510,0,0,0,0,0,1,0,0,0
35511,0,0,0,0,0,1,0,0,0
35512,0,0,0,0,0,1,0,0,0
35513,0,0,0,0,0,1,0,0,0
35514,0,0,0,0,0,1,0,0,0
35515,0,0,0,0,0,1,0,0,0
35516,0,0,0,0,0,1,0,0,0
35517,0,0,0,0,0,1,0,0,0
35518,0,0,0,0,0,1,0,0,0
35519,0,0,0,0,0,1,0,0,0
35520,0,0,0,0,0,1,0,0,0
35521,0,0,0,0,0,1,0,0,0
35522,0,0,0,0,0,1,0,0,0
35523,0,0,0,0,0,1,0,0,0
35524,0,0,0,0,0,1,0,0,0
35525,0,0,0,0,0,1,0,0,0
35526,0,0,0,0,0,1,0,0,0
35527,0,0,0,0,0,1,0,0,0
35528,0,0,0,0,0,1,0,0,0
35529,0,0,0,0,0,1,0,0,0
35530,0,0,0,0,0,1,0,0,0
35531,0,0,0,0,0,1,0,0,0
35532,0,0,0,0,0,1,0,0,0
35533,0,0,0,0,0,1,0,0,0
35534,0,0,0,0,0,1,0,0,0
35535,0,0,0,0,0,1,0,0,0
35536,0,0,0,0,0,1,0,0,0
35537,0,0,0,0,0,1,0,0,0
35538,0,0,0,0,0,1,0,0,0
35539,0,0,0,0,0,1,0,0,0
35540,0,0,0,0,0,1,0,0,0
35541,0,0,0,0,0,1,0,0,0
35542,0,0,0,0,0,1,0,0,0
35543,0,0,0,0,0,1,0,0,0
35544,0,0,0,0,0,1,0,0,0
35545,0,0,0,0,0,1,0,0,0
35546,0,0,0,0,0,1,0,0,0
35547,0,0,0,0,0,1,0,0,0
35548,0,0,0,0,0,1,0,0,0
35549,0,0,0,0,0,1,0,0,0
35550,0,0,0,0,0,1,0,0,0
35551,0,0,0,0,0,1,0,0,0
35552,0,0,0,0,0,1,0,0,0
35553,0,0,0,0,0,1,0,0,0
35554,0,0,0,0,0,1,0,0,0
35555,0,0,0,0,0,1,0,0,0
35556,0,0,0,0,0,1,0,0,0
35557,0,0,0,0,0,1,0,0,0
35558,0,0,0,0,0,1,0,0,0
35559,0,0,0,0,0,1,0,0,0
35560,0,0,0,0,0,1,0,0,0
35561,0,0,0,0,0,1,0,0,0
35562,0,0,0,0,0,1,0,0,0
35563,0,0,0,0,0,1,0,0,0
35564,0,0,0,0,0,1,0,0,0
35565,0,0,0,0,0,1,0,0,0
35566,0,0,0,0,0,1,0,0,0
35567,0,0,0,0,0,1,0,0,0
35568,0,0,0,0,0,1,0,0,0
35569,0,0,0,0,0,1,0,0,0
35570,0,0,0,0,0,1,0,0,0
35571,0,0,0,0,0,1,0,0,0
35572,0,0,0,0,0,1,0,0,0
35573,0,0,0,0,0,1,0,0,0
35574,0,0,0,0,0,1,0,0,0
35575,0,0,0,0,0,1,0,0,0
35576,0,0,0,0,0,1,0,0,0
35577,0,0,0,0,0,1,0,0,0
35578,0,0,0,0,0,1,0,0,0
35579,0,0,0,0,0,1,0,0,0
35580,0,0,0,0,0,1,0,0,0
35581,0,0,0,0,0,1,0,0,0
35582,0,0,0,0,0,1,0,0,0
35583,0,0,0,0,0,1,0,0,0
35584,0,0,0,0,0,1,0,0,0
35585,0,0,0,0,0,1,0,0,0
35586,0,0,0,0,0,1,0,0,0
35587,0,0,0,0,0,1,0,0,0
35588,0,0,0,0,0,1,0,0,0
35589,0,0,0,0,0,1,0,0,0
35590,0,0,0,0,0,1,0,0,0
35591,0,0,0,0,0,1,0,0,0
35592,0,0,0,0,0,1,0,0,0
35593,0,0,0,0,0,1,0,0,0
35594,0,0,0,0,0,1,0,0,0
35595,0,0,0,0,0,1,0,0,0
35596,0,0,0,0,0,1,0,0,0
35597,0,0,0,0,0,1,0,0,0
35598,0,0,0,0,0,1,0,0,0
35599,0,0,0,0,0,1,0,0,0
35600,0,0,0,0,0,1,0,0,0
35601,0,0,0,0,0,1,0,0,0
35602,0,0,0,0,0,1,0,0,0
35603,0,0,0,0,0,1,0,0,0
35604,0,0,0,0,0,1,0,0,0
35605,0,0,0,0,0,1,0,0,0
35606,0,0,0,0,0,1,0,0,0
35607,0,0,0,0,0,1,0,0,0
35608,0,0,0,0,0,1,0,0,0
35609,0,0,0,0,0,1,0,0,0
35610,0,0,0,0,0,1,0,0,0
35611,0,0,0,0,0,1,0,0,0
35612,0,0,0,0,0,1,0,0,0
35613,0,0,0,0,0,1,0,0,0
35614,0,0,0,0,0,1,0,0,0
35615,0,0,0,0,0,1,0,0,0
35616,0,0,0,0,0,1,0,0,0
35617,0,0,0,0,0,1,0,0,0
35618,0,0,0,0,0,1,0,0,0
35619,0,0,0,0,0,1,0,0,0
35620,0,0,0,0,0,1,0,0,0
35621,0,0,0,0,0,1,0,0,0
35622,0,0,0,0,0,1,0,0,0
35623,0,0,0,0,0,1,0,0,0
35624,0,0,0,0,0,1,0,0,0
35625,0,0,0,0,0,1,0,0,0
35626,0,0,0,0,0,1,0,0,0
35627,0,0,0,0,0,1,0,0,0
35628,0,0,0,0,0,1,0,0,0
35629,0,0,0,0,0,1,0,0,0
35630,0,0,0,0,0,1,0,0,0
35631,0,0,0,0,0,1,0,0,0
35632,0,0,0,0,0,1,0,0,0
35633,0,0,0,0,0,1,0,0,0
35634,0,0,0,0,0,1,0,0,0
35635,0,0,0,0,0,1,0,0,0
35636,0,0,0,0,0,1,0,0,0
35637,0,0,0,0,0,1,0,0,0
35638,0,0,0,0,0,1,0,0,0
35639,0,0,0,0,0,1,0,0,0
35640,0,0,0,0,0,1,0,0,0
35641,0,0,0,0,0,1,0,0,0
35642,0,0,0,0,0,1,0,0,0
35643,0,0,0,0,0,1,0,0,0
35644,0,0,0,0,0,1,0,0,0
35645,0,0,0,0,0,1,0,0,0
35646,0,0,0,0,0,1,0,0,0
35647,0,0,0,0,0,1,0,0,0
35648,0,0,0,0,0,1,0,0,0
35649,0,0,0,0,0,1,0,0,0
35650,0,0,0,0,0,1,0,0,0
35651,0,0,0,0,0,1,0,0,0
35652,0,0,0,0,0,1,0,0,0
35653,0,0,0,0,0,1,0,0,0
35654,0,0,0,0,0,1,0,0,0
35655,0,0,0,0,0,1,0,0,0
35656,0,0,0,0,0,1,0,0,0
35657,0,0,0,0,0,1,0,0,0
35658,0,0,0,0,0,1,0,0,0
35659,0,0,0,0,0,1,0,0,0
35660,0,0,0,0,0,1,0,0,0
35661,0,0,0,0,0,1,0,0,0
35662,0,0,0,0,0,1,0,0,0
35663,0,0,0,0,0,1,0,0,0
35664,0,0,0,0,0,1,0,0,0
35665,0,0,0,0,0,1,0,0,0
35666,0,0,0,0,0,1,0,0,0
35667,0,0,0,0,0,1,0,0,0
35668,0,0,0,0,0,1,0,0,0
35669,0,0,0,0,0,1,0,0,0
35670,0,0,0,0,0,1,0,0,0
35671,0,0,0,0,0,1,0,0,0
35672,0,0,0,0,0,1,0,0,0
35673,0,0,0,0,0,1,0,0,0
35674,0,0,0,0,0,1,0,0,0
35675,0,0,0,0,0,1,0,0,0
35676,0,0,0,0,0,1,0,0,0
35677,0,0,0,0,0,1,0,0,0
35678,0,0,0,0,0,1,0,0,0
35679,0,0,0,0,0,1,0,0,0
35680,0,0,0,0,0,1,0,0,0
35681,0,0,0,0,0,1,0,0,0
35682,0,0,0,0,0,1,0,0,0
35683,0,0,0,0,0,1,0,0,0
35684,0,0,0,0,0,1,0,0,0
35685,0,0,0,0,0,1,0,0,0
35686,0,0,0,0,0,1,0,0,0
35687,0,0,0,0,0,1,0,0,0
35688,0,0,0,0,0,1,0,0,0
35689,0,0,0,0,0,1,0,0,0
35690,0,0,0,0,0,1,0,0,0
35691,0,0,0,0,0,1,0,0,0
35692,0,0,0,0,0,1,0,0,0
35693,0,0,0,0,0,1,0,0,0
35694,0,0,0,0,0,1,0,0,0
35695,0,0,0,0,0,1,0,0,0
35696,0,0,0,0,0,1,0,0,0
35697,0,0,0,0,0,1,0,0,0
35698,0,0,0,0,0,1,0,0,0
35699,0,0,0,0,0,1,0,0,0
35700,0,0,0,0,0,1,0,0,0
35701,0,0,0,0,0,1,0,0,0
35702,0,0,0,0,0,1,0,0,0
35703,0,0,0,0,0,1,0,0,0
35704,0,0,0,0,0,1,0,0,0
35705,0,0,0,0,0,1,0,0,0
35706,0,0,0,0,0,1,0,0,0
35707,0,0,0,0,0,1,0,0,0
35708,0,0,0,0,0,1,0,0,0
35709,0,0,0,0,0,1,0,0,0
35710,0,0,0,0,0,1,0,0,0
35711,0,0,0,0,0,1,0,0,0
35712,0,0,0,0,0,1,0,0,0
35713,0,0,0,0,0,1,0,0,0
35714,0,0,0,0,0,1,0,0,0
35715,0,0,0,0,0,1,0,0,0
35716,0,0,0,0,0,1,0,0,0
35717,0,0,0,0,0,1,0,0,0
35718,0,0,0,0,0,1,0,0,0
35719,0,0,0,0,0,1,0,0,0
35720,0,0,0,0,0,1,0,0,0
35721,0,0,0,0,0,1,0,0,0
35722,0,0,0,0,0,1,0,0,0
35723,0,0,0,0,0,1,0,0,0
35724,0,0,0,0,0,1,0,0,0
35725,0,0,0,0,0,1,0,0,0
35726,0,0,0,0,0,1,0,0,0
35727,0,0,0,0,0,1,0,0,0
35728,0,0,0,0,0,1,0,0,0
35729,0,0,0,0,0,1,0,0,0
35730,0,0,0,0,0,1,0,0,0
35731,0,0,0,0,0,1,0,0,0
35732,0,0,0,0,0,1,0,0,0
35733,0,0,0,0,0,1,0,0,0
35734,0,0,0,0,0,1,0,0,0
35735,0,0,0,0,0,1,0,0,0
35736,0,0,0,0,0,1,0,0,0
35737,0,0,0,0,0,1,0,0,0
35738,0,0,0,0,0,1,0,0,0
35739,0,0,0,0,0,1,0,0,0
35740,0,0,0,0,0,1,0,0,0
35741,0,0,0,0,0,1,0,0,0
35742,0,0,0,0,0,1,0,0,0
35743,0,0,0,0,0,1,0,0,0
35744,0,0,0,0,0,1,0,0,0
35745,0,0,0,0,0,1,0,0,0
35746,0,0,0,0,0,1,0,0,0
35747,0,0,0,0,0,1,0,0,0
35748,0,0,0,0,0,1,0,0,0
35749,0,0,0,0,0,1,0,0,0
35750,0,0,0,0,0,1,0,0,0
35751,0,0,0,0,0,1,0,0,0
35752,0,0,0,0,0,1,0,0,0
35753,0,0,0,0,0,1,0,0,0
35754,0,0,0,0,0,1,0,0,0
35755,0,0,0,0,0,1,0,0,0
35756,0,0,0,0,0,1,0,0,0
35757,0,0,0,0,0,1,0,0,0
35758,0,0,0,0,0,1,0,0,0
35759,0,0,0,0,0,1,0,0,0
35760,0,0,0,0,0,1,0,0,0
35761,0,0,0,0,0,1,0,0,0
35762,0,0,0,0,0,1,0,0,0
35763,0,0,0,0,0,1,0,0,0
35764,0,0,0,0,0,1,0,0,0
35765,0,0,0,0,0,1,0,0,0
35766,0,0,0,0,0,1,0,0,0
35767,0,0,0,0,0,1,0,0,0
35768,0,0,0,0,0,1,0,0,0
35769,0,0,0,0,0,1,0,0,0
35770,0,0,0,0,0,1,0,0,0
35771,0,0,0,0,0,1,0,0,0
35772,0,0,0,0,0,1,0,0,0
35773,0,0,0,0,0,1,0,0,0
35774,0,0,0,0,0,1,0,0,0
35775,0,0,0,0,0,1,0,0,0
35776,0,0,0,0,0,1,0,0,0
35777,0,0,0,0,0,1,0,0,0
35778,0,0,0,0,0,1,0,0,0
35779,0,0,0,0,0,1,0,0,0
35780,0,0,0,0,0,1,0,0,0
35781,0,0,0,0,0,1,0,0,0
35782,0,0,0,0,0,1,0,0,0
35783,0,0,0,0,0,1,0,0,0
35784,0,0,0,0,0,1,0,0,0
35785,0,0,0,0,0,1,0,0,0
35786,0,0,0,0,0,1,0,0,0
35787,0,0,0,0,0,1,0,0,0
35788,0,0,0,0,0,1,0,0,0
35789,0,0,0,0,0,1,0,0,0
35790,0,0,0,0,0,1,0,0,0
35791,0,0,0,0,0,1,0,0,0
35792,0,0,0,0,0,1,0,0,0
35793,0,0,0,0,0,1,0,0,0
35794,0,0,0,0,0,1,0,0,0
35795,0,0,0,0,0,1,0,0,0
35796,0,0,0,0,0,1,0,0,0
35797,0,0,0,0,0,1,0,0,0
35798,0,0,0,0,0,1,0,0,0
35799,0,0,0,0,0,1,0,0,0
35800,0,0,0,0,0,1,0,0,0
35801,0,0,0,0,0,1,0,0,0
35802,0,0,0,0,0,1,0,0,0
35803,0,0,0,0,0,1,0,0,0
35804,0,0,0,0,0,1,0,0,0
35805,0,0,0,0,0,1,0,0,0
35806,0,0,0,0,0,1,0,0,0
35807,0,0,0,0,0,1,0,0,0
35808,0,0,0,0,0,1,0,0,0
35809,0,0,0,0,0,1,0,0,0
35810,0,0,0,0,0,1,0,0,0
35811,0,0,0,0,0,1,0,0,0
35812,0,0,0,0,0,1,0,0,0
35813,0,0,0,0,0,1,0,0,0
35814,0,0,0,0,0,1,0,0,0
35815,0,0,0,0,0,1,0,0,0
35816,0,0,0,0,0,1,0,0,0
35817,0,0,0,0,0,1,0,0,0
35818,0,0,0,0,0,1,0,0,0
35819,0,0,0,0,0,1,0,0,0
35820,0,0,0,0,0,1,0,0,0
35821,0,0,0,0,0,1,0,0,0
35822,0,0,0,0,0,1,0,0,0
35823,0,0,0,0,0,1,0,0,0
35824,0,0,0,0,0,1,0,0,0
35825,0,0,0,0,0,1,0,0,0
35826,0,0,0,0,0,1,0,0,0
35827,0,0,0,0,0,1,0,0,0
35828,0,0,0,0,0,1,0,0,0
35829,0,0,0,0,0,1,0,0,0
35830,0,0,0,0,0,1,0,0,0
35831,0,0,0,0,0,1,0,0,0
35832,0,0,0,0,0,1,0,0,0
35833,0,0,0,0,0,1,0,0,0
35834,0,0,0,0,0,1,0,0,0
35835,0,0,0,0,0,1,0,0,0
35836,0,0,0,0,0,1,0,0,0
35837,0,0,0,0,0,1,0,0,0
35838,0,0,0,0,0,1,0,0,0
35839,0,0,0,0,0,1,0,0,0
35840,0,0,0,0,0,1,0,0,0
35841,0,0,0,0,0,1,0,0,0
35842,0,0,0,0,0,1,0,0,0
35843,0,0,0,0,0,1,0,0,0
35844,0,0,0,0,0,1,0,0,0
35845,0,0,0,0,0,1,0,0,0
35846,0,0,0,0,0,1,0,0,0
35847,0,0,0,0,0,1,0,0,0
35848,0,0,0,0,0,1,0,0,0
35849,0,0,0,0,0,1,0,0,0
35850,0,0,0,0,0,1,0,0,0
35851,0,0,0,0,0,1,0,0,0
35852,0,0,0,0,0,1,0,0,0
35853,0,0,0,0,0,1,0,0,0
35854,0,0,0,0,0,1,0,0,0
35855,0,0,0,0,0,1,0,0,0
35856,0,0,0,0,0,1,0,0,0
35857,0,0,0,0,0,1,0,0,0
35858,0,0,0,0,0,1,0,0,0
35859,0,0,0,0,0,1,0,0,0
35860,0,0,0,0,0,1,0,0,0
35861,0,0,0,0,0,1,0,0,0
35862,0,0,0,0,0,1,0,0,0
35863,0,0,0,0,0,1,0,0,0
35864,0,0,0,0,0,1,0,0,0
35865,0,0,0,0,0,1,0,0,0
35866,0,0,0,0,0,1,0,0,0
35867,0,0,0,0,0,1,0,0,0
35868,0,0,0,0,0,1,0,0,0
35869,0,0,0,0,0,1,0,0,0
35870,0,0,0,0,0,1,0,0,0
35871,0,0,0,0,0,1,0,0,0
35872,0,0,0,0,0,1,0,0,0
35873,0,0,0,0,0,1,0,0,0
35874,0,0,0,0,0,1,0,0,0
35875,0,0,0,0,0,1,0,0,0
35876,0,0,0,0,0,1,0,0,0
35877,0,0,0,0,0,1,0,0,0
35878,0,0,0,0,0,1,0,0,0
35879,0,0,0,0,0,1,0,0,0
35880,0,0,0,0,0,1,0,0,0
35881,0,0,0,0,0,1,0,0,0
35882,0,0,0,0,0,1,0,0,0
35883,0,0,0,0,0,1,0,0,0
35884,0,0,0,0,0,1,0,0,0
35885,0,0,0,0,0,1,0,0,0
35886,0,0,0,0,0,1,0,0,0
35887,0,0,0,0,0,1,0,0,0
35888,0,0,0,0,0,1,0,0,0
35889,0,0,0,0,0,1,0,0,0
35890,0,0,0,0,0,1,0,0,0
35891,0,0,0,0,0,1,0,0,0
35892,0,0,0,0,0,1,0,0,0
35893,0,0,0,0,0,1,0,0,0
35894,0,0,0,0,0,1,0,0,0
35895,0,0,0,0,0,1,0,0,0
35896,0,0,0,0,0,1,0,0,0
35897,0,0,0,0,0,1,0,0,0
35898,0,0,0,0,0,1,0,0,0
35899,0,0,0,0,0,1,0,0,0
35900,0,0,0,0,0,1,0,0,0
35901,0,0,0,0,0,1,0,0,0
35902,0,0,0,0,0,1,0,0,0
35903,0,0,0,0,0,1,0,0,0
35904,0,0,0,0,0,1,0,0,0
35905,0,0,0,0,0,1,0,0,0
35906,0,0,0,0,0,1,0,0,0
35907,0,0,0,0,0,1,0,0,0
35908,0,0,0,0,0,1,0,0,0
35909,0,0,0,0,0,1,0,0,0
35910,0,0,0,0,0,1,0,0,0
35911,0,0,0,0,0,1,0,0,0
35912,0,0,0,0,0,1,0,0,0
35913,0,0,0,0,0,1,0,0,0
35914,0,0,0,0,0,1,0,0,0
35915,0,0,0,0,0,1,0,0,0
35916,0,0,0,0,0,1,0,0,0
35917,0,0,0,0,0,1,0,0,0
35918,0,0,0,0,0,1,0,0,0
35919,0,0,0,0,0,1,0,0,0
35920,0,0,0,0,0,1,0,0,0
35921,0,0,0,0,0,1,0,0,0
35922,0,0,0,0,0,1,0,0,0
35923,0,0,0,0,0,1,0,0,0
35924,0,0,0,0,0,1,0,0,0
35925,0,0,0,0,0,1,0,0,0
35926,0,0,0,0,0,1,0,0,0
35927,0,0,0,0,0,1,0,0,0
35928,0,0,0,0,0,1,0,0,0
35929,0,0,0,0,0,1,0,0,0
35930,0,0,0,0,0,1,0,0,0
35931,0,0,0,0,0,1,0,0,0
35932,0,0,0,0,0,1,0,0,0
35933,0,0,0,0,0,1,0,0,0
35934,0,0,0,0,0,1,0,0,0
35935,0,0,0,0,0,1,0,0,0
35936,0,0,0,0,0,1,0,0,0
35937,0,0,0,0,0,1,0,0,0
35938,0,0,0,0,0,1,0,0,0
35939,0,0,0,0,0,1,0,0,0
35940,0,0,0,0,0,1,0,0,0
35941,0,0,0,0,0,1,0,0,0
35942,0,0,0,0,0,1,0,0,0
35943,0,0,0,0,0,1,0,0,0
35944,0,0,0,0,0,1,0,0,0
35945,0,0,0,0,0,1,0,0,0
35946,0,0,0,0,0,1,0,0,0
35947,0,0,0,0,0,1,0,0,0
35948,0,0,0,0,0,1,0,0,0
35949,0,0,0,0,0,1,0,0,0
35950,0,0,0,0,0,1,0,0,0
35951,0,0,0,0,0,1,0,0,0
35952,0,0,0,0,0,1,0,0,0
35953,0,0,0,0,0,1,0,0,0
35954,0,0,0,0,0,1,0,0,0
35955,0,0,0,0,0,1,0,0,0
35956,0,0,0,0,0,1,0,0,0
35957,0,0,0,0,0,1,0,0,0
35958,0,0,0,0,0,1,0,0,0
35959,0,0,0,0,0,1,0,0,0
35960,0,0,0,0,0,1,0,0,0
35961,0,0,0,0,0,1,0,0,0
35962,0,0,0,0,0,1,0,0,0
35963,0,0,0,0,0,1,0,0,0
35964,0,0,0,0,0,1,0,0,0
35965,0,0,0,0,0,1,0,0,0
35966,0,0,0,0,0,1,0,0,0
35967,0,0,0,0,0,1,0,0,0
35968,0,0,0,0,0,1,0,0,0
35969,0,0,0,0,0,1,0,0,0
35970,0,0,0,0,0,1,0,0,0
35971,0,0,0,0,0,1,0,0,0
35972,0,0,0,0,0,1,0,0,0
35973,0,0,0,0,0,1,0,0,0
35974,0,0,0,0,0,1,0,0,0
35975,0,0,0,0,0,1,0,0,0
35976,0,0,0,0,0,1,0,0,0
35977,0,0,0,0,0,1,0,0,0
35978,0,0,0,0,0,1,0,0,0
35979,0,0,0,0,0,1,0,0,0
35980,0,0,0,0,0,1,0,0,0
35981,0,0,0,0,0,1,0,0,0
35982,0,0,0,0,0,1,0,0,0
35983,0,0,0,0,0,1,0,0,0
35984,0,0,0,0,0,1,0,0,0
35985,0,0,0,0,0,1,0,0,0
35986,0,0,0,0,0,1,0,0,0
35987,0,0,0,0,0,1,0,0,0
35988,0,0,0,0,0,1,0,0,0
35989,0,0,0,0,0,1,0,0,0
35990,0,0,0,0,0,1,0,0,0
35991,0,0,0,0,0,1,0,0,0
35992,0,0,0,0,0,1,0,0,0
35993,0,0,0,0,0,1,0,0,0
35994,0,0,0,0,0,1,0,0,0
35995,0,0,0,0,0,1,0,0,0
35996,0,0,0,0,0,1,0,0,0
35997,0,0,0,0,0,1,0,0,0
35998,0,0,0,0,0,1,0,0,0
35999,0,0,0,0,0,1,0,0,0
36000,0,0,0,0,0,1,0,0,0
36001,0,0,0,0,0,1,0,0,0
36002,0,0,0,0,0,1,0,0,0
36003,0,0,0,0,0,1,0,0,0
36004,0,0,0,0,0,1,0,0,0
36005,0,0,0,0,0,1,0,0,0
36006,0,0,0,0,0,1,0,0,0
36007,0,0,0,0,0,1,0,0,0
36008,0,0,0,0,0,1,0,0,0
36009,0,0,0,0,0,1,0,0,0
36010,0,0,0,0,0,1,0,0,0
36011,0,0,0,0,0,1,0,0,0
36012,0,0,0,0,0,1,0,0,0
36013,0,0,0,0,0,1,0,0,0
36014,0,0,0,0,0,1,0,0,0
36015,0,0,0,0,0,1,0,0,0
36016,0,0,0,0,0,1,0,0,0
36017,0,0,0,0,0,1,0,0,0
36018,0,0,0,0,0,1,0,0,0
36019,0,0,0,0,0,1,0,0,0
36020,0,0,0,0,0,1,0,0,0
36021,0,0,0,0,0,1,0,0,0
36022,0,0,0,0,0,1,0,0,0
36023,0,0,0,0,0,1,0,0,0
36024,0,0,0,0,0,1,0,0,0
36025,0,0,0,0,0,1,0,0,0
36026,0,0,0,0,0,1,0,0,0
36027,0,0,0,0,0,1,0,0,0
36028,0,0,0,0,0,1,0,0,0
36029,0,0,0,0,0,1,0,0,0
36030,0,0,0,0,0,1,0,0,0
36031,0,0,0,0,0,1,0,0,0
36032,0,0,0,0,0,1,0,0,0
36033,0,0,0,0,0,1,0,0,0
36034,0,0,0,0,0,1,0,0,0
36035,0,0,0,0,0,1,0,0,0
36036,0,0,0,0,0,1,0,0,0
36037,0,0,0,0,0,1,0,0,0
36038,0,0,0,0,0,1,0,0,0
36039,0,0,0,0,0,1,0,0,0
36040,0,0,0,0,0,1,0,0,0
36041,0,0,0,0,0,1,0,0,0
36042,0,0,0,0,0,1,0,0,0
36043,0,0,0,0,0,1,0,0,0
36044,0,0,0,0,0,1,0,0,0
36045,0,0,0,0,0,1,0,0,0
36046,0,0,0,0,0,1,0,0,0
36047,0,0,0,0,0,1,0,0,0
36048,0,0,0,0,0,1,0,0,0
36049,0,0,0,0,0,1,0,0,0
36050,0,0,0,0,0,1,0,0,0
36051,0,0,0,0,0,1,0,0,0
36052,0,0,0,0,0,1,0,0,0
36053,0,0,0,0,0,1,0,0,0
36054,0,0,0,0,0,1,0,0,0
36055,0,0,0,0,0,1,0,0,0
36056,0,0,0,0,0,1,0,0,0
36057,0,0,0,0,0,1,0,0,0
36058,0,0,0,0,0,1,0,0,0
36059,0,0,0,0,0,1,0,0,0
36060,0,0,0,0,0,1,0,0,0
36061,0,0,0,0,0,1,0,0,0
36062,0,0,0,0,0,1,0,0,0
36063,0,0,0,0,0,1,0,0,0
36064,0,0,0,0,0,1,0,0,0
36065,0,0,0,0,0,1,0,0,0
36066,0,0,0,0,0,1,0,0,0
36067,0,0,0,0,0,1,0,0,0
36068,0,0,0,0,0,1,0,0,0
36069,0,0,0,0,0,1,0,0,0
36070,0,0,0,0,0,1,0,0,0
36071,0,0,0,0,0,1,0,0,0
36072,0,0,0,0,0,1,0,0,0
36073,0,0,0,0,0,1,0,0,0
36074,0,0,0,0,0,1,0,0,0
36075,0,0,0,0,0,1,0,0,0
36076,0,0,0,0,0,1,0,0,0
36077,0,0,0,0,0,1,0,0,0
36078,0,0,0,0,0,1,0,0,0
36079,0,0,0,0,0,1,0,0,0
36080,0,0,0,0,0,1,0,0,0
36081,0,0,0,0,0,1,0,0,0
36082,0,0,0,0,0,1,0,0,0
36083,0,0,0,0,0,1,0,0,0
36084,0,0,0,0,0,1,0,0,0
36085,0,0,0,0,0,1,0,0,0
36086,0,0,0,0,0,1,0,0,0
36087,0,0,0,0,0,1,0,0,0
36088,0,0,0,0,0,1,0,0,0
36089,0,0,0,0,0,1,0,0,0
36090,0,0,0,0,0,1,0,0,0
36091,0,0,0,0,0,1,0,0,0
36092,0,0,0,0,0,1,0,0,0
36093,0,0,0,0,0,1,0,0,0
36094,0,0,0,0,0,1,0,0,0
36095,0,0,0,0,0,1,0,0,0
36096,0,0,0,0,0,1,0,0,0
36097,0,0,0,0,0,1,0,0,0
36098,0,0,0,0,0,1,0,0,0
36099,0,0,0,0,0,1,0,0,0
36100,0,0,0,0,0,1,0,0,0
36101,0,0,0,0,0,1,0,0,0
36102,0,0,0,0,0,1,0,0,0
36103,0,0,0,0,0,1,0,0,0
36104,0,0,0,0,0,1,0,0,0
36105,0,0,0,0,0,1,0,0,0
36106,0,0,0,0,0,1,0,0,0
36107,0,0,0,0,0,1,0,0,0
36108,0,0,0,0,0,1,0,0,0
36109,0,0,0,0,0,1,0,0,0
36110,0,0,0,0,0,1,0,0,0
36111,0,0,0,0,0,1,0,0,0
36112,0,0,0,0,0,1,0,0,0
36113,0,0,0,0,0,1,0,0,0
36114,0,0,0,0,0,1,0,0,0
36115,0,0,0,0,0,1,0,0,0
36116,0,0,0,0,0,1,0,0,0
36117,0,0,0,0,0,1,0,0,0
36118,0,0,0,0,0,1,0,0,0
36119,0,0,0,0,0,1,0,0,0
36120,0,0,0,0,0,1,0,0,0
36121,0,0,0,0,0,1,0,0,0
36122,0,0,0,0,0,1,0,0,0
36123,0,0,0,0,0,1,0,0,0
36124,0,0,0,0,0,1,0,0,0
36125,0,0,0,0,0,1,0,0,0
36126,0,0,0,0,0,1,0,0,0
36127,0,0,0,0,0,1,0,0,0
36128,0,0,0,0,0,1,0,0,0
36129,0,0,0,0,0,1,0,0,0
36130,0,0,0,0,0,1,0,0,0
36131,0,0,0,0,0,1,0,0,0
36132,0,0,0,0,0,1,0,0,0
36133,0,0,0,0,0,1,0,0,0
36134,0,0,0,0,0,1,0,0,0
36135,0,0,0,0,0,1,0,0,0
36136,0,0,0,0,0,1,0,0,0
36137,0,0,0,0,0,1,0,0,0
36138,0,0,0,0,0,1,0,0,0
36139,0,0,0,0,0,1,0,0,0
36140,0,0,0,0,0,1,0,0,0
36141,0,0,0,0,0,1,0,0,0
36142,0,0,0,0,0,1,0,0,0
36143,0,0,0,0,0,1,0,0,0
36144,0,0,0,0,0,1,0,0,0
36145,0,0,0,0,0,1,0,0,0
36146,0,0,0,0,0,1,0,0,0
36147,0,0,0,0,0,1,0,0,0
36148,0,0,0,0,0,1,0,0,0
36149,0,0,0,0,0,1,0,0,0
36150,0,0,0,0,0,1,0,0,0
36151,0,0,0,0,0,1,0,0,0
36152,0,0,0,0,0,1,0,0,0
36153,0,0,0,0,0,1,0,0,0
36154,0,0,0,0,0,1,0,0,0
36155,0,0,0,0,0,1,0,0,0
36156,0,0,0,0,0,1,0,0,0
36157,0,0,0,0,0,1,0,0,0
36158,0,0,0,0,0,1,0,0,0
36159,0,0,0,0,0,1,0,0,0
36160,0,0,0,0,0,1,0,0,0
36161,0,0,0,0,0,1,0,0,0
36162,0,0,0,0,0,1,0,0,0
36163,0,0,0,0,0,1,0,0,0
36164,0,0,0,0,0,1,0,0,0
36165,0,0,0,0,0,1,0,0,0
36166,0,0,0,0,0,1,0,0,0
36167,0,0,0,0,0,1,0,0,0
36168,0,0,0,0,0,1,0,0,0
36169,0,0,0,0,0,1,0,0,0
36170,0,0,0,0,0,1,0,0,0
36171,0,0,0,0,0,1,0,0,0
36172,0,0,0,0,0,1,0,0,0
36173,0,0,0,0,0,1,0,0,0
36174,0,0,0,0,0,1,0,0,0
36175,0,0,0,0,0,1,0,0,0
36176,0,0,0,0,0,1,0,0,0
36177,0,0,0,0,0,1,0,0,0
36178,0,0,0,0,0,1,0,0,0
36179,0,0,0,0,0,1,0,0,0
36180,0,0,0,0,0,1,0,0,0
36181,0,0,0,0,0,1,0,0,0
36182,0,0,0,0,0,1,0,0,0
36183,0,0,0,0,0,1,0,0,0
36184,0,0,0,0,0,1,0,0,0
36185,0,0,0,0,0,1,0,0,0
36186,0,0,0,0,0,1,0,0,0
36187,0,0,0,0,0,1,0,0,0
36188,0,0,0,0,0,1,0,0,0
36189,0,0,0,0,0,1,0,0,0
36190,0,0,0,0,0,1,0,0,0
36191,0,0,0,0,0,1,0,0,0
36192,0,0,0,0,0,1,0,0,0
36193,0,0,0,0,0,1,0,0,0
36194,0,0,0,0,0,1,0,0,0
36195,0,0,0,0,0,1,0,0,0
36196,0,0,0,0,0,1,0,0,0
36197,0,0,0,0,0,1,0,0,0
36198,0,0,0,0,0,1,0,0,0
36199,0,0,0,0,0,1,0,0,0
36200,0,0,0,0,0,1,0,0,0
36201,0,0,0,0,0,1,0,0,0
36202,0,0,0,0,0,1,0,0,0
36203,0,0,0,0,0,1,0,0,0
36204,0,0,0,0,0,1,0,0,0
36205,0,0,0,0,0,1,0,0,0
36206,0,0,0,0,0,1,0,0,0
36207,0,0,0,0,0,1,0,0,0
36208,0,0,0,0,0,1,0,0,0
36209,0,0,0,0,0,1,0,0,0
36210,0,0,0,0,0,1,0,0,0
36211,0,0,0,0,0,1,0,0,0
36212,0,0,0,0,0,1,0,0,0
36213,0,0,0,0,0,1,0,0,0
36214,0,0,0,0,0,1,0,0,0
36215,0,0,0,0,0,1,0,0,0
36216,0,0,0,0,0,1,0,0,0
36217,0,0,0,0,0,1,0,0,0
36218,0,0,0,0,0,1,0,0,0
36219,0,0,0,0,0,1,0,0,0
36220,0,0,0,0,0,1,0,0,0
36221,0,0,0,0,0,1,0,0,0
36222,0,0,0,0,0,1,0,0,0
36223,0,0,0,0,0,1,0,0,0
36224,0,0,0,0,0,1,0,0,0
36225,0,0,0,0,0,1,0,0,0
36226,0,0,0,0,0,1,0,0,0
36227,0,0,0,0,0,1,0,0,0
36228,0,0,0,0,0,1,0,0,0
36229,0,0,0,0,0,1,0,0,0
36230,0,0,0,0,0,1,0,0,0
36231,0,0,0,0,0,1,0,0,0
36232,0,0,0,0,0,1,0,0,0
36233,0,0,0,0,0,1,0,0,0
36234,0,0,0,0,0,1,0,0,0
36235,0,0,0,0,0,1,0,0,0
36236,0,0,0,0,0,1,0,0,0
36237,0,0,0,0,0,1,0,0,0
36238,0,0,0,0,0,1,0,0,0
36239,0,0,0,0,0,1,0,0,0
36240,0,0,0,0,0,1,0,0,0
36241,0,0,0,0,0,1,0,0,0
36242,0,0,0,0,0,1,0,0,0
36243,0,0,0,0,0,1,0,0,0
36244,0,0,0,0,0,1,0,0,0
36245,0,0,0,0,0,1,0,0,0
36246,0,0,0,0,0,1,0,0,0
36247,0,0,0,0,0,1,0,0,0
36248,0,0,0,0,0,1,0,0,0
36249,0,0,0,0,0,1,0,0,0
36250,0,0,0,0,0,1,0,0,0
36251,0,0,0,0,0,1,0,0,0
36252,0,0,0,0,0,1,0,0,0
36253,0,0,0,0,0,1,0,0,0
36254,0,0,0,0,0,1,0,0,0
36255,0,0,0,0,0,1,0,0,0
36256,0,0,0,0,0,1,0,0,0
36257,0,0,0,0,0,1,0,0,0
36258,0,0,0,0,0,1,0,0,0
36259,0,0,0,0,0,1,0,0,0
36260,0,0,0,0,0,1,0,0,0
36261,0,0,0,0,0,1,0,0,0
36262,0,0,0,0,0,1,0,0,0
36263,0,0,0,0,0,1,0,0,0
36264,0,0,0,0,0,1,0,0,0
36265,0,0,0,0,0,1,0,0,0
36266,0,0,0,0,0,1,0,0,0
36267,0,0,0,0,0,1,0,0,0
36268,0,0,0,0,0,1,0,0,0
36269,0,0,0,0,0,1,0,0,0
36270,0,0,0,0,0,1,0,0,0
36271,0,0,0,0,0,1,0,0,0
36272,0,0,0,0,0,1,0,0,0
36273,0,0,0,0,0,1,0,0,0
36274,0,0,0,0,0,1,0,0,0
36275,0,0,0,0,0,1,0,0,0
36276,0,0,0,0,0,1,0,0,0
36277,0,0,0,0,0,1,0,0,0
36278,0,0,0,0,0,1,0,0,0
36279,0,0,0,0,0,1,0,0,0
36280,0,0,0,0,0,1,0,0,0
36281,0,0,0,0,0,1,0,0,0
36282,0,0,0,0,0,1,0,0,0
36283,0,0,0,0,0,1,0,0,0
36284,0,0,0,0,0,1,0,0,0
36285,0,0,0,0,0,1,0,0,0
36286,0,0,0,0,0,1,0,0,0
36287,0,0,0,0,0,1,0,0,0
36288,0,0,0,0,0,1,0,0,0
36289,0,0,0,0,0,1,0,0,0
36290,0,0,0,0,0,1,0,0,0
36291,0,0,0,0,0,1,0,0,0
36292,0,0,0,0,0,1,0,0,0
36293,0,0,0,0,0,1,0,0,0
36294,0,0,0,0,0,1,0,0,0
36295,0,0,0,0,0,1,0,0,0
36296,0,0,0,0,0,1,0,0,0
36297,0,0,0,0,0,1,0,0,0
36298,0,0,0,0,0,1,0,0,0
36299,0,0,0,0,0,1,0,0,0
36300,0,0,0,0,0,1,0,0,0
36301,0,0,0,0,0,1,0,0,0
36302,0,0,0,0,0,1,0,0,0
36303,0,0,0,0,0,1,0,0,0
36304,0,0,0,0,0,1,0,0,0
36305,0,0,0,0,0,1,0,0,0
36306,0,0,0,0,0,1,0,0,0
36307,0,0,0,0,0,1,0,0,0
36308,0,0,0,0,0,1,0,0,0
36309,0,0,0,0,0,1,0,0,0
36310,0,0,0,0,0,1,0,0,0
36311,0,0,0,0,0,1,0,0,0
36312,0,0,0,0,0,1,0,0,0
36313,0,0,0,0,0,1,0,0,0
36314,0,0,0,0,0,1,0,0,0
36315,0,0,0,0,0,1,0,0,0
36316,0,0,0,0,0,1,0,0,0
36317,0,0,0,0,0,1,0,0,0
36318,0,0,0,0,0,1,0,0,0
36319,0,0,0,0,0,1,0,0,0
36320,0,0,0,0,0,1,0,0,0
36321,0,0,0,0,0,1,0,0,0
36322,0,0,0,0,0,1,0,0,0
36323,0,0,0,0,0,1,0,0,0
36324,0,0,0,0,0,1,0,0,0
36325,0,0,0,0,0,1,0,0,0
36326,0,0,0,0,0,1,0,0,0
36327,0,0,0,0,0,1,0,0,0
36328,0,0,0,0,0,1,0,0,0
36329,0,0,0,0,0,1,0,0,0
36330,0,0,0,0,0,1,0,0,0
36331,0,0,0,0,0,1,0,0,0
36332,0,0,0,0,0,1,0,0,0
36333,0,0,0,0,0,1,0,0,0
36334,0,0,0,0,0,1,0,0,0
36335,0,0,0,0,0,1,0,0,0
36336,0,0,0,0,0,1,0,0,0
36337,0,0,0,0,0,1,0,0,0
36338,0,0,0,0,0,1,0,0,0
36339,0,0,0,0,0,1,0,0,0
36340,0,0,0,0,0,1,0,0,0
36341,0,0,0,0,0,1,0,0,0
36342,0,0,0,0,0,1,0,0,0
36343,0,0,0,0,0,1,0,0,0
36344,0,0,0,0,0,1,0,0,0
36345,0,0,0,0,0,1,0,0,0
36346,0,0,0,0,0,1,0,0,0
36347,0,0,0,0,0,1,0,0,0
36348,0,0,0,0,0,1,0,0,0
36349,0,0,0,0,0,1,0,0,0
36350,0,0,0,0,0,1,0,0,0
36351,0,0,0,0,0,1,0,0,0
36352,0,0,0,0,0,1,0,0,0
36353,0,0,0,0,0,1,0,0,0
36354,0,0,0,0,0,1,0,0,0
36355,0,0,0,0,0,1,0,0,0
36356,0,0,0,0,0,1,0,0,0
36357,0,0,0,0,0,1,0,0,0
36358,0,0,0,0,0,1,0,0,0
36359,0,0,0,0,0,1,0,0,0
36360,0,0,0,0,0,1,0,0,0
36361,0,0,0,0,0,1,0,0,0
36362,0,0,0,0,0,1,0,0,0
36363,0,0,0,0,0,1,0,0,0
36364,0,0,0,0,0,1,0,0,0
36365,0,0,0,0,0,1,0,0,0
36366,0,0,0,0,0,1,0,0,0
36367,0,0,0,0,0,1,0,0,0
36368,0,0,0,0,0,1,0,0,0
36369,0,0,0,0,0,1,0,0,0
36370,0,0,0,0,0,1,0,0,0
36371,0,0,0,0,0,1,0,0,0
36372,0,0,0,0,0,1,0,0,0
36373,0,0,0,0,0,1,0,0,0
36374,0,0,0,0,0,1,0,0,0
36375,0,0,0,0,0,1,0,0,0
36376,0,0,0,0,0,1,0,0,0
36377,0,0,0,0,0,1,0,0,0
36378,0,0,0,0,0,1,0,0,0
36379,0,0,0,0,0,1,0,0,0
36380,0,0,0,0,0,1,0,0,0
36381,0,0,0,0,0,1,0,0,0
36382,0,0,0,0,0,1,0,0,0
36383,0,0,0,0,0,1,0,0,0
36384,0,0,0,0,0,1,0,0,0
36385,0,0,0,0,0,1,0,0,0
36386,0,0,0,0,0,1,0,0,0
36387,0,0,0,0,0,1,0,0,0
36388,0,0,0,0,0,1,0,0,0
36389,0,0,0,0,0,1,0,0,0
36390,0,0,0,0,0,1,0,0,0
36391,0,0,0,0,0,1,0,0,0
36392,0,0,0,0,0,1,0,0,0
36393,0,0,0,0,0,1,0,0,0
36394,0,0,0,0,0,1,0,0,0
36395,0,0,0,0,0,1,0,0,0
36396,0,0,0,0,0,1,0,0,0
36397,0,0,0,0,0,1,0,0,0
36398,0,0,0,0,0,1,0,0,0
36399,0,0,0,0,0,1,0,0,0
36400,0,0,0,0,0,1,0,0,0
36401,0,0,0,0,0,1,0,0,0
36402,0,0,0,0,0,1,0,0,0
36403,0,0,0,0,0,1,0,0,0
36404,0,0,0,0,0,1,0,0,0
36405,0,0,0,0,0,1,0,0,0
36406,0,0,0,0,0,1,0,0,0
36407,0,0,0,0,0,1,0,0,0
36408,0,0,0,0,0,1,0,0,0
36409,0,0,0,0,0,1,0,0,0
36410,0,0,0,0,0,1,0,0,0
36411,0,0,0,0,0,1,0,0,0
36412,0,0,0,0,0,1,0,0,0
36413,0,0,0,0,0,1,0,0,0
36414,0,0,0,0,0,1,0,0,0
36415,0,0,0,0,0,1,0,0,0
36416,0,0,0,0,0,1,0,0,0
36417,0,0,0,0,0,1,0,0,0
36418,0,0,0,0,0,1,0,0,0
36419,0,0,0,0,0,1,0,0,0
36420,0,0,0,0,0,1,0,0,0
36421,0,0,0,0,0,1,0,0,0
36422,0,0,0,0,0,1,0,0,0
36423,0,0,0,0,0,1,0,0,0
36424,0,0,0,0,0,1,0,0,0
36425,0,0,0,0,0,1,0,0,0
36426,0,0,0,0,0,1,0,0,0
36427,0,0,0,0,0,1,0,0,0
36428,0,0,0,0,0,1,0,0,0
36429,0,0,0,0,0,1,0,0,0
36430,0,0,0,0,0,1,0,0,0
36431,0,0,0,0,0,1,0,0,0
36432,0,0,0,0,0,1,0,0,0
36433,0,0,0,0,0,1,0,0,0
36434,0,0,0,0,0,1,0,0,0
36435,0,0,0,0,0,1,0,0,0
36436,0,0,0,0,0,1,0,0,0
36437,0,0,0,0,0,1,0,0,0
36438,0,0,0,0,0,1,0,0,0
36439,0,0,0,0,0,1,0,0,0
36440,0,0,0,0,0,1,0,0,0
36441,0,0,0,0,0,1,0,0,0
36442,0,0,0,0,0,1,0,0,0
36443,0,0,0,0,0,1,0,0,0
36444,0,0,0,0,0,1,0,0,0
36445,0,0,0,0,0,1,0,0,0
36446,0,0,0,0,0,1,0,0,0
36447,0,0,0,0,0,1,0,0,0
36448,0,0,0,0,0,1,0,0,0
36449,0,0,0,0,0,1,0,0,0
36450,0,0,0,0,0,1,0,0,0
36451,0,0,0,0,0,1,0,0,0
36452,0,0,0,0,0,1,0,0,0
36453,0,0,0,0,0,1,0,0,0
36454,0,0,0,0,0,1,0,0,0
36455,0,0,0,0,0,1,0,0,0
36456,0,0,0,0,0,1,0,0,0
36457,0,0,0,0,0,1,0,0,0
36458,0,0,0,0,0,1,0,0,0
36459,0,0,0,0,0,1,0,0,0
36460,0,0,0,0,0,1,0,0,0
36461,0,0,0,0,0,1,0,0,0
36462,0,0,0,0,0,1,0,0,0
36463,0,0,0,0,0,1,0,0,0
36464,0,0,0,0,0,1,0,0,0
36465,0,0,0,0,0,1,0,0,0
36466,0,0,0,0,0,1,0,0,0
36467,0,0,0,0,0,1,0,0,0
36468,0,0,0,0,0,1,0,0,0
36469,0,0,0,0,0,1,0,0,0
36470,0,0,0,0,0,1,0,0,0
36471,0,0,0,0,0,1,0,0,0
36472,0,0,0,0,0,1,0,0,0
36473,0,0,0,0,0,1,0,0,0
36474,0,0,0,0,0,1,0,0,0
36475,0,0,0,0,0,1,0,0,0
36476,0,0,0,0,0,1,0,0,0
36477,0,0,0,0,0,1,0,0,0
36478,0,0,0,0,0,1,0,0,0
36479,0,0,0,0,0,1,0,0,0
36480,0,0,0,0,0,1,0,0,0
36481,0,0,0,0,0,1,0,0,0
36482,0,0,0,0,0,1,0,0,0
36483,0,0,0,0,0,1,0,0,0
36484,0,0,0,0,0,1,0,0,0
36485,0,0,0,0,0,1,0,0,0
36486,0,0,0,0,0,1,0,0,0
36487,0,0,0,0,0,1,0,0,0
36488,0,0,0,0,0,1,0,0,0
36489,0,0,0,0,0,1,0,0,0
36490,0,0,0,0,0,1,0,0,0
36491,0,0,0,0,0,1,0,0,0
36492,0,0,0,0,0,1,0,0,0
36493,0,0,0,0,0,1,0,0,0
36494,0,0,0,0,0,1,0,0,0
36495,0,0,0,0,0,1,0,0,0
36496,0,0,0,0,0,1,0,0,0
36497,0,0,0,0,0,1,0,0,0
36498,0,0,0,0,0,1,0,0,0
36499,0,0,0,0,0,1,0,0,0
36500,0,0,0,0,0,1,0,0,0
36501,0,0,0,0,0,1,0,0,0
36502,0,0,0,0,0,1,0,0,0
36503,0,0,0,0,0,1,0,0,0
36504,0,0,0,0,0,1,0,0,0
36505,0,0,0,0,0,1,0,0,0
36506,0,0,0,0,0,1,0,0,0
36507,0,0,0,0,0,1,0,0,0
36508,0,0,0,0,0,1,0,0,0
36509,0,0,0,0,0,1,0,0,0
36510,0,0,0,0,0,1,0,0,0
36511,0,0,0,0,0,1,0,0,0
36512,0,0,0,0,0,1,0,0,0
36513,0,0,0,0,0,1,0,0,0
36514,0,0,0,0,0,1,0,0,0
36515,0,0,0,0,0,1,0,0,0
36516,0,0,0,0,0,1,0,0,0
36517,0,0,0,0,0,1,0,0,0
36518,0,0,0,0,0,1,0,0,0
36519,0,0,0,0,0,1,0,0,0
36520,0,0,0,0,0,1,0,0,0
36521,0,0,0,0,0,1,0,0,0
36522,0,0,0,0,0,1,0,0,0
36523,0,0,0,0,0,1,0,0,0
36524,0,0,0,0,0,1,0,0,0
36525,0,0,0,0,0,1,0,0,0
36526,0,0,0,0,0,1,0,0,0
36527,0,0,0,0,0,1,0,0,0
36528,0,0,0,0,0,1,0,0,0
36529,0,0,0,0,0,1,0,0,0
36530,0,0,0,0,0,1,0,0,0
36531,0,0,0,0,0,1,0,0,0
36532,0,0,0,0,0,1,0,0,0
36533,0,0,0,0,0,1,0,0,0
36534,0,0,0,0,0,1,0,0,0
36535,0,0,0,0,0,1,0,0,0
36536,0,0,0,0,0,1,0,0,0
36537,0,0,0,0,0,1,0,0,0
36538,0,0,0,0,0,1,0,0,0
36539,0,0,0,0,0,1,0,0,0
36540,0,0,0,0,0,1,0,0,0
36541,0,0,0,0,0,1,0,0,0
36542,0,0,0,0,0,1,0,0,0
36543,0,0,0,0,0,1,0,0,0
36544,0,0,0,0,0,1,0,0,0
36545,0,0,0,0,0,1,0,0,0
36546,0,0,0,0,0,1,0,0,0
36547,0,0,0,0,0,1,0,0,0
36548,0,0,0,0,0,1,0,0,0
36549,0,0,0,0,0,1,0,0,0
36550,0,0,0,0,0,1,0,0,0
36551,0,0,0,0,0,1,0,0,0
36552,0,0,0,0,0,1,0,0,0
36553,0,0,0,0,0,1,0,0,0
36554,0,0,0,0,0,1,0,0,0
36555,0,0,0,0,0,1,0,0,0
36556,0,0,0,0,0,1,0,0,0
36557,0,0,0,0,0,1,0,0,0
36558,0,0,0,0,0,1,0,0,0
36559,0,0,0,0,0,1,0,0,0
36560,0,0,0,0,0,1,0,0,0
36561,0,0,0,0,0,1,0,0,0
36562,0,0,0,0,0,1,0,0,0
36563,0,0,0,0,0,1,0,0,0
36564,0,0,0,0,0,1,0,0,0
36565,0,0,0,0,0,1,0,0,0
36566,0,0,0,0,0,1,0,0,0
36567,0,0,0,0,0,1,0,0,0
36568,0,0,0,0,0,1,0,0,0
36569,0,0,0,0,0,1,0,0,0
36570,0,0,0,0,0,1,0,0,0
36571,0,0,0,0,0,1,0,0,0
36572,0,0,0,0,0,1,0,0,0
36573,0,0,0,0,0,1,0,0,0
36574,0,0,0,0,0,1,0,0,0
36575,0,0,0,0,0,1,0,0,0
36576,0,0,0,0,0,1,0,0,0
36577,0,0,0,0,0,1,0,0,0
36578,0,0,0,0,0,1,0,0,0
36579,0,0,0,0,0,1,0,0,0
36580,0,0,0,0,0,1,0,0,0
36581,0,0,0,0,0,1,0,0,0
36582,0,0,0,0,0,1,0,0,0
36583,0,0,0,0,0,1,0,0,0
36584,0,0,0,0,0,1,0,0,0
36585,0,0,0,0,0,1,0,0,0
36586,0,0,0,0,0,1,0,0,0
36587,0,0,0,0,0,1,0,0,0
36588,0,0,0,0,0,1,0,0,0
36589,0,0,0,0,0,1,0,0,0
36590,0,0,0,0,0,1,0,0,0
36591,0,0,0,0,0,1,0,0,0
36592,0,0,0,0,0,1,0,0,0
36593,0,0,0,0,0,1,0,0,0
36594,0,0,0,0,0,1,0,0,0
36595,0,0,0,0,0,1,0,0,0
36596,0,0,0,0,0,1,0,0,0
36597,0,0,0,0,0,1,0,0,0
36598,0,0,0,0,0,1,0,0,0
36599,0,0,0,0,0,1,0,0,0
36600,0,0,0,0,0,1,0,0,0
36601,0,0,0,0,0,1,0,0,0
36602,0,0,0,0,0,1,0,0,0
36603,0,0,0,0,0,1,0,0,0
36604,0,0,0,0,0,1,0,0,0
36605,0,0,0,0,0,1,0,0,0
36606,0,0,0,0,0,1,0,0,0
36607,0,0,0,0,0,1,0,0,0
36608,0,0,0,0,0,1,0,0,0
36609,0,0,0,0,0,1,0,0,0
36610,0,0,0,0,0,1,0,0,0
36611,0,0,0,0,0,1,0,0,0
36612,0,0,0,0,0,1,0,0,0
36613,0,0,0,0,0,1,0,0,0
36614,0,0,0,0,0,1,0,0,0
36615,0,0,0,0,0,1,0,0,0
36616,0,0,0,0,0,1,0,0,0
36617,0,0,0,0,0,1,0,0,0
36618,0,0,0,0,0,1,0,0,0
36619,0,0,0,0,0,1,0,0,0
36620,0,0,0,0,0,1,0,0,0
36621,0,0,0,0,0,1,0,0,0
36622,0,0,0,0,0,1,0,0,0
36623,0,0,0,0,0,1,0,0,0
36624,0,0,0,0,0,1,0,0,0
36625,0,0,0,0,0,1,0,0,0
36626,0,0,0,0,0,1,0,0,0
36627,0,0,0,0,0,1,0,0,0
36628,0,0,0,0,0,1,0,0,0
36629,0,0,0,0,0,1,0,0,0
36630,0,0,0,0,0,1,0,0,0
36631,0,0,0,0,0,1,0,0,0
36632,0,0,0,0,0,1,0,0,0
36633,0,0,0,0,0,1,0,0,0
36634,0,0,0,0,0,1,0,0,0
36635,0,0,0,0,0,1,0,0,0
36636,0,0,0,0,0,1,0,0,0
36637,0,0,0,0,0,1,0,0,0
36638,0,0,0,0,0,1,0,0,0
36639,0,0,0,0,0,1,0,0,0
36640,0,0,0,0,0,1,0,0,0
36641,0,0,0,0,0,1,0,0,0
36642,0,0,0,0,0,1,0,0,0
36643,0,0,0,0,0,1,0,0,0
36644,0,0,0,0,0,1,0,0,0
36645,0,0,0,0,0,1,0,0,0
36646,0,0,0,0,0,1,0,0,0
36647,0,0,0,0,0,1,0,0,0
36648,0,0,0,0,0,1,0,0,0
36649,0,0,0,0,0,1,0,0,0
36650,0,0,0,0,0,1,0,0,0
36651,0,0,0,0,0,1,0,0,0
36652,0,0,0,0,0,1,0,0,0
36653,0,0,0,0,0,1,0,0,0
36654,0,0,0,0,0,1,0,0,0
36655,0,0,0,0,0,1,0,0,0
36656,0,0,0,0,0,1,0,0,0
36657,0,0,0,0,0,1,0,0,0
36658,0,0,0,0,0,1,0,0,0
36659,0,0,0,0,0,1,0,0,0
36660,0,0,0,0,0,1,0,0,0
36661,0,0,0,0,0,1,0,0,0
36662,0,0,0,0,0,1,0,0,0
36663,0,0,0,0,0,1,0,0,0
36664,0,0,0,0,0,1,0,0,0
36665,0,0,0,0,0,1,0,0,0
36666,0,0,0,0,0,1,0,0,0
36667,0,0,0,0,0,1,0,0,0
36668,0,0,0,0,0,1,0,0,0
36669,0,0,0,0,0,1,0,0,0
36670,0,0,0,0,0,1,0,0,0
36671,0,0,0,0,0,1,0,0,0
36672,0,0,0,0,0,1,0,0,0
36673,0,0,0,0,0,1,0,0,0
36674,0,0,0,0,0,1,0,0,0
36675,0,0,0,0,0,1,0,0,0
36676,0,0,0,0,0,1,0,0,0
36677,0,0,0,0,0,1,0,0,0
36678,0,0,0,0,0,1,0,0,0
36679,0,0,0,0,0,1,0,0,0
36680,0,0,0,0,0,1,0,0,0
36681,0,0,0,0,0,1,0,0,0
36682,0,0,0,0,0,1,0,0,0
36683,0,0,0,0,0,1,0,0,0
36684,0,0,0,0,0,1,0,0,0
36685,0,0,0,0,0,1,0,0,0
36686,0,0,0,0,0,1,0,0,0
36687,0,0,0,0,0,1,0,0,0
36688,0,0,0,0,0,1,0,0,0
36689,0,0,0,0,0,1,0,0,0
36690,0,0,0,0,0,1,0,0,0
36691,0,0,0,0,0,1,0,0,0
36692,0,0,0,0,0,1,0,0,0
36693,0,0,0,0,0,1,0,0,0
36694,0,0,0,0,0,1,0,0,0
36695,0,0,0,0,0,1,0,0,0
36696,0,0,0,0,0,1,0,0,0
36697,0,0,0,0,0,1,0,0,0
36698,0,0,0,0,0,1,0,0,0
36699,0,0,0,0,0,1,0,0,0
36700,0,0,0,0,0,1,0,0,0
36701,0,0,0,0,0,1,0,0,0
36702,0,0,0,0,0,1,0,0,0
36703,0,0,0,0,0,1,0,0,0
36704,0,0,0,0,0,1,0,0,0
36705,0,0,0,0,0,1,0,0,0
36706,0,0,0,0,0,1,0,0,0
36707,0,0,0,0,0,1,0,0,0
36708,0,0,0,0,0,1,0,0,0
36709,0,0,0,0,0,1,0,0,0
36710,0,0,0,0,0,1,0,0,0
36711,0,0,0,0,0,1,0,0,0
36712,0,0,0,0,0,1,0,0,0
36713,0,0,0,0,0,1,0,0,0
36714,0,0,0,0,0,1,0,0,0
36715,0,0,0,0,0,1,0,0,0
36716,0,0,0,0,0,1,0,0,0
36717,0,0,0,0,0,1,0,0,0
36718,0,0,0,0,0,1,0,0,0
36719,0,0,0,0,0,1,0,0,0
36720,0,0,0,0,0,1,0,0,0
36721,0,0,0,0,0,1,0,0,0
36722,0,0,0,0,0,1,0,0,0
36723,0,0,0,0,0,1,0,0,0
36724,0,0,0,0,0,1,0,0,0
36725,0,0,0,0,0,1,0,0,0
36726,0,0,0,0,0,1,0,0,0
36727,0,0,0,0,0,1,0,0,0
36728,0,0,0,0,0,1,0,0,0
36729,0,0,0,0,0,1,0,0,0
36730,0,0,0,0,0,1,0,0,0
36731,0,0,0,0,0,1,0,0,0
36732,0,0,0,0,0,1,0,0,0
36733,0,0,0,0,0,1,0,0,0
36734,0,0,0,0,0,1,0,0,0
36735,0,0,0,0,0,1,0,0,0
36736,0,0,0,0,0,1,0,0,0
36737,0,0,0,0,0,1,0,0,0
36738,0,0,0,0,0,1,0,0,0
36739,0,0,0,0,0,1,0,0,0
36740,0,0,0,0,0,1,0,0,0
36741,0,0,0,0,0,1,0,0,0
36742,0,0,0,0,0,1,0,0,0
36743,0,0,0,0,0,1,0,0,0
36744,0,0,0,0,0,1,0,0,0
36745,0,0,0,0,0,1,0,0,0
36746,0,0,0,0,0,1,0,0,0
36747,0,0,0,0,0,1,0,0,0
36748,0,0,0,0,0,1,0,0,0
36749,0,0,0,0,0,1,0,0,0
36750,0,0,0,0,0,1,0,0,0
36751,0,0,0,0,0,1,0,0,0
36752,0,0,0,0,0,1,0,0,0
36753,0,0,0,0,0,1,0,0,0
36754,0,0,0,0,0,1,0,0,0
36755,0,0,0,0,0,1,0,0,0
36756,0,0,0,0,0,1,0,0,0
36757,0,0,0,0,0,1,0,0,0
36758,0,0,0,0,0,1,0,0,0
36759,0,0,0,0,0,1,0,0,0
36760,0,0,0,0,0,1,0,0,0
36761,0,0,0,0,0,1,0,0,0
36762,0,0,0,0,0,1,0,0,0
36763,0,0,0,0,0,1,0,0,0
36764,0,0,0,0,0,1,0,0,0
36765,0,0,0,0,0,1,0,0,0
36766,0,0,0,0,0,1,0,0,0
36767,0,0,0,0,0,1,0,0,0
36768,0,0,0,0,0,1,0,0,0
36769,0,0,0,0,0,1,0,0,0
36770,0,0,0,0,0,1,0,0,0
36771,0,0,0,0,0,1,0,0,0
36772,0,0,0,0,0,1,0,0,0
36773,0,0,0,0,0,1,0,0,0
36774,0,0,0,0,0,1,0,0,0
36775,0,0,0,0,0,1,0,0,0
36776,0,0,0,0,0,1,0,0,0
36777,0,0,0,0,0,1,0,0,0
36778,0,0,0,0,0,1,0,0,0
36779,0,0,0,0,0,1,0,0,0
36780,0,0,0,0,0,1,0,0,0
36781,0,0,0,0,0,1,0,0,0
36782,0,0,0,0,0,1,0,0,0
36783,0,0,0,0,0,1,0,0,0
36784,0,0,0,0,0,1,0,0,0
36785,0,0,0,0,0,1,0,0,0
36786,0,0,0,0,0,1,0,0,0
36787,0,0,0,0,0,1,0,0,0
36788,0,0,0,0,0,1,0,0,0
36789,0,0,0,0,0,1,0,0,0
36790,0,0,0,0,0,1,0,0,0
36791,0,0,0,0,0,1,0,0,0
36792,0,0,0,0,0,1,0,0,0
36793,0,0,0,0,0,1,0,0,0
36794,0,0,0,0,0,1,0,0,0
36795,0,0,0,0,0,1,0,0,0
36796,0,0,0,0,0,1,0,0,0
36797,0,0,0,0,0,1,0,0,0
36798,0,0,0,0,0,1,0,0,0
36799,0,0,0,0,0,1,0,0,0
36800,0,0,0,0,0,1,0,0,0
36801,0,0,0,0,0,1,0,0,0
36802,0,0,0,0,0,1,0,0,0
36803,0,0,0,0,0,1,0,0,0
36804,0,0,0,0,0,1,0,0,0
36805,0,0,0,0,0,1,0,0,0
36806,0,0,0,0,0,1,0,0,0
36807,0,0,0,0,0,1,0,0,0
36808,0,0,0,0,0,1,0,0,0
36809,0,0,0,0,0,1,0,0,0
36810,0,0,0,0,0,1,0,0,0
36811,0,0,0,0,0,1,0,0,0
36812,0,0,0,0,0,1,0,0,0
36813,0,0,0,0,0,1,0,0,0
36814,0,0,0,0,0,1,0,0,0
36815,0,0,0,0,0,1,0,0,0
36816,0,0,0,0,0,1,0,0,0
36817,0,0,0,0,0,1,0,0,0
36818,0,0,0,0,0,1,0,0,0
36819,0,0,0,0,0,1,0,0,0
36820,0,0,0,0,0,1,0,0,0
36821,0,0,0,0,0,1,0,0,0
36822,0,0,0,0,0,1,0,0,0
36823,0,0,0,0,0,1,0,0,0
36824,0,0,0,0,0,1,0,0,0
36825,0,0,0,0,0,1,0,0,0
36826,0,0,0,0,0,1,0,0,0
36827,0,0,0,0,0,1,0,0,0
36828,0,0,0,0,0,1,0,0,0
36829,0,0,0,0,0,1,0,0,0
36830,0,0,0,0,0,1,0,0,0
36831,0,0,0,0,0,1,0,0,0
36832,0,0,0,0,0,1,0,0,0
36833,0,0,0,0,0,1,0,0,0
36834,0,0,0,0,0,1,0,0,0
36835,0,0,0,0,0,1,0,0,0
36836,0,0,0,0,0,1,0,0,0
36837,0,0,0,0,0,1,0,0,0
36838,0,0,0,0,0,1,0,0,0
36839,0,0,0,0,0,1,0,0,0
36840,0,0,0,0,0,1,0,0,0
36841,0,0,0,0,0,1,0,0,0
36842,0,0,0,0,0,1,0,0,0
36843,0,0,0,0,0,1,0,0,0
36844,0,0,0,0,0,1,0,0,0
36845,0,0,0,0,0,1,0,0,0
36846,0,0,0,0,0,1,0,0,0
36847,0,0,0,0,0,1,0,0,0
36848,0,0,0,0,0,1,0,0,0
36849,0,0,0,0,0,1,0,0,0
36850,0,0,0,0,0,1,0,0,0
36851,0,0,0,0,0,1,0,0,0
36852,0,0,0,0,0,1,0,0,0
36853,0,0,0,0,0,1,0,0,0
36854,0,0,0,0,0,1,0,0,0
36855,0,0,0,0,0,1,0,0,0
36856,0,0,0,0,0,1,0,0,0
36857,0,0,0,0,0,1,0,0,0
36858,0,0,0,0,0,1,0,0,0
36859,0,0,0,0,0,1,0,0,0
36860,0,0,0,0,0,1,0,0,0
36861,0,0,0,0,0,1,0,0,0
36862,0,0,0,0,0,1,0,0,0
36863,0,0,0,0,0,1,0,0,0
36864,0,0,0,0,0,1,0,0,0
36865,0,0,0,0,0,1,0,0,0
36866,0,0,0,0,0,1,0,0,0
36867,0,0,0,0,0,1,0,0,0
36868,0,0,0,0,0,1,0,0,0
36869,0,0,0,0,0,1,0,0,0
36870,0,0,0,0,0,1,0,0,0
36871,0,0,0,0,0,1,0,0,0
36872,0,0,0,0,0,1,0,0,0
36873,0,0,0,0,0,1,0,0,0
36874,0,0,0,0,0,1,0,0,0
36875,0,0,0,0,0,1,0,0,0
36876,0,0,0,0,0,1,0,0,0
36877,0,0,0,0,0,1,0,0,0
36878,0,0,0,0,0,1,0,0,0
36879,0,0,0,0,0,1,0,0,0
36880,0,0,0,0,0,1,0,0,0
36881,0,0,0,0,0,1,0,0,0
36882,0,0,0,0,0,1,0,0,0
36883,0,0,0,0,0,1,0,0,0
36884,0,0,0,0,0,1,0,0,0
36885,0,0,0,0,0,1,0,0,0
36886,0,0,0,0,0,1,0,0,0
36887,0,0,0,0,0,1,0,0,0
36888,0,0,0,0,0,1,0,0,0
36889,0,0,0,0,0,1,0,0,0
36890,0,0,0,0,0,1,0,0,0
36891,0,0,0,0,0,1,0,0,0
36892,0,0,0,0,0,1,0,0,0
36893,0,0,0,0,0,1,0,0,0
36894,0,0,0,0,0,1,0,0,0
36895,0,0,0,0,0,1,0,0,0
36896,0,0,0,0,0,1,0,0,0
36897,0,0,0,0,0,1,0,0,0
36898,0,0,0,0,0,1,0,0,0
36899,0,0,0,0,0,1,0,0,0
36900,0,0,0,0,0,1,0,0,0
36901,0,0,0,0,0,1,0,0,0
36902,0,0,0,0,0,1,0,0,0
36903,0,0,0,0,0,1,0,0,0
36904,0,0,0,0,0,1,0,0,0
36905,0,0,0,0,0,1,0,0,0
36906,0,0,0,0,0,1,0,0,0
36907,0,0,0,0,0,1,0,0,0
36908,0,0,0,0,0,1,0,0,0
36909,0,0,0,0,0,1,0,0,0
36910,0,0,0,0,0,1,0,0,0
36911,0,0,0,0,0,1,0,0,0
36912,0,0,0,0,0,1,0,0,0
36913,0,0,0,0,0,1,0,0,0
36914,0,0,0,0,0,1,0,0,0
36915,0,0,0,0,0,1,0,0,0
36916,0,0,0,0,0,1,0,0,0
36917,0,0,0,0,0,1,0,0,0
36918,0,0,0,0,0,1,0,0,0
36919,0,0,0,0,0,1,0,0,0
36920,0,0,0,0,0,1,0,0,0
36921,0,0,0,0,0,1,0,0,0
36922,0,0,0,0,0,1,0,0,0
36923,0,0,0,0,0,1,0,0,0
36924,0,0,0,0,0,1,0,0,0
36925,0,0,0,0,0,1,0,0,0
36926,0,0,0,0,0,1,0,0,0
36927,0,0,0,0,0,1,0,0,0
36928,0,0,0,0,0,1,0,0,0
36929,0,0,0,0,0,1,0,0,0
36930,0,0,0,0,0,1,0,0,0
36931,0,0,0,0,0,1,0,0,0
36932,0,0,0,0,0,1,0,0,0
36933,0,0,0,0,0,1,0,0,0
36934,0,0,0,0,0,1,0,0,0
36935,0,0,0,0,0,1,0,0,0
36936,0,0,0,0,0,1,0,0,0
36937,0,0,0,0,0,1,0,0,0
36938,0,0,0,0,0,1,0,0,0
36939,0,0,0,0,0,1,0,0,0
36940,0,0,0,0,0,1,0,0,0
36941,0,0,0,0,0,1,0,0,0
36942,0,0,0,0,0,1,0,0,0
36943,0,0,0,0,0,1,0,0,0
36944,0,0,0,0,0,1,0,0,0
36945,0,0,0,0,0,1,0,0,0
36946,0,0,0,0,0,1,0,0,0
36947,0,0,0,0,0,1,0,0,0
36948,0,0,0,0,0,1,0,0,0
36949,0,0,0,0,0,1,0,0,0
36950,0,0,0,0,0,1,0,0,0
36951,0,0,0,0,0,1,0,0,0
36952,0,0,0,0,0,1,0,0,0
36953,0,0,0,0,0,1,0,0,0
36954,0,0,0,0,0,1,0,0,0
36955,0,0,0,0,0,1,0,0,0
36956,0,0,0,0,0,1,0,0,0
36957,0,0,0,0,0,1,0,0,0
36958,0,0,0,0,0,1,0,0,0
36959,0,0,0,0,0,1,0,0,0
36960,0,0,0,0,0,1,0,0,0
36961,0,0,0,0,0,1,0,0,0
36962,0,0,0,0,0,1,0,0,0
36963,0,0,0,0,0,1,0,0,0
36964,0,0,0,0,0,1,0,0,0
36965,0,0,0,0,0,1,0,0,0
36966,0,0,0,0,0,1,0,0,0
36967,0,0,0,0,0,1,0,0,0
36968,0,0,0,0,0,1,0,0,0
36969,0,0,0,0,0,1,0,0,0
36970,0,0,0,0,0,1,0,0,0
36971,0,0,0,0,0,1,0,0,0
36972,0,0,0,0,0,1,0,0,0
36973,0,0,0,0,0,1,0,0,0
36974,0,0,0,0,0,1,0,0,0
36975,0,0,0,0,0,1,0,0,0
36976,0,0,0,0,0,1,0,0,0
36977,0,0,0,0,0,1,0,0,0
36978,0,0,0,0,0,1,0,0,0
36979,0,0,0,0,0,1,0,0,0
36980,0,0,0,0,0,1,0,0,0
36981,0,0,0,0,0,1,0,0,0
36982,0,0,0,0,0,1,0,0,0
36983,0,0,0,0,0,1,0,0,0
36984,0,0,0,0,0,1,0,0,0
36985,0,0,0,0,0,1,0,0,0
36986,0,0,0,0,0,1,0,0,0
36987,0,0,0,0,0,1,0,0,0
36988,0,0,0,0,0,1,0,0,0
36989,0,0,0,0,0,1,0,0,0
36990,0,0,0,0,0,1,0,0,0
36991,0,0,0,0,0,1,0,0,0
36992,0,0,0,0,0,1,0,0,0
36993,0,0,0,0,0,1,0,0,0
36994,0,0,0,0,0,1,0,0,0
36995,0,0,0,0,0,1,0,0,0
36996,0,0,0,0,0,1,0,0,0
36997,0,0,0,0,0,1,0,0,0
36998,0,0,0,0,0,1,0,0,0
36999,0,0,0,0,0,1,0,0,0
37000,0,0,0,0,0,1,0,0,0
37001,0,0,0,0,0,1,0,0,0
37002,0,0,0,0,0,1,0,0,0
37003,0,0,0,0,0,1,0,0,0
37004,0,0,0,0,0,1,0,0,0
37005,0,0,0,0,0,1,0,0,0
37006,0,0,0,0,0,1,0,0,0
37007,0,0,0,0,0,1,0,0,0
37008,0,0,0,0,0,1,0,0,0
37009,0,0,0,0,0,1,0,0,0
37010,0,0,0,0,0,1,0,0,0
37011,0,0,0,0,0,1,0,0,0
37012,0,0,0,0,0,1,0,0,0
37013,0,0,0,0,0,1,0,0,0
37014,0,0,0,0,0,1,0,0,0
37015,0,0,0,0,0,1,0,0,0
37016,0,0,0,0,0,1,0,0,0
37017,0,0,0,0,0,1,0,0,0
37018,0,0,0,0,0,1,0,0,0
37019,0,0,0,0,0,1,0,0,0
37020,0,0,0,0,0,1,0,0,0
37021,0,0,0,0,0,1,0,0,0
37022,0,0,0,0,0,1,0,0,0
37023,0,0,0,0,0,1,0,0,0
37024,0,0,0,0,0,1,0,0,0
37025,0,0,0,0,0,1,0,0,0
37026,0,0,0,0,0,1,0,0,0
37027,0,0,0,0,0,1,0,0,0
37028,0,0,0,0,0,1,0,0,0
37029,0,0,0,0,0,1,0,0,0
37030,0,0,0,0,0,1,0,0,0
37031,0,0,0,0,0,1,0,0,0
37032,0,0,0,0,0,1,0,0,0
37033,0,0,0,0,0,1,0,0,0
37034,0,0,0,0,0,1,0,0,0
37035,0,0,0,0,0,1,0,0,0
37036,0,0,0,0,0,1,0,0,0
37037,0,0,0,0,0,1,0,0,0
37038,0,0,0,0,0,1,0,0,0
37039,0,0,0,0,0,1,0,0,0
37040,0,0,0,0,0,1,0,0,0
37041,0,0,0,0,0,1,0,0,0
37042,0,0,0,0,0,1,0,0,0
37043,0,0,0,0,0,1,0,0,0
37044,0,0,0,0,0,1,0,0,0
37045,0,0,0,0,0,1,0,0,0
37046,0,0,0,0,0,1,0,0,0
37047,0,0,0,0,0,1,0,0,0
37048,0,0,0,0,0,1,0,0,0
37049,0,0,0,0,0,1,0,0,0
37050,0,0,0,0,0,1,0,0,0
37051,0,0,0,0,0,1,0,0,0
37052,0,0,0,0,0,1,0,0,0
37053,0,0,0,0,0,1,0,0,0
37054,0,0,0,0,0,1,0,0,0
37055,0,0,0,0,0,1,0,0,0
37056,0,0,0,0,0,1,0,0,0
37057,0,0,0,0,0,1,0,0,0
37058,0,0,0,0,0,1,0,0,0
37059,0,0,0,0,0,1,0,0,0
37060,0,0,0,0,0,1,0,0,0
37061,0,0,0,0,0,1,0,0,0
37062,0,0,0,0,0,1,0,0,0
37063,0,0,0,0,0,1,0,0,0
37064,0,0,0,0,0,1,0,0,0
37065,0,0,0,0,0,1,0,0,0
37066,0,0,0,0,0,1,0,0,0
37067,0,0,0,0,0,1,0,0,0
37068,0,0,0,0,0,1,0,0,0
37069,0,0,0,0,0,1,0,0,0
37070,0,0,0,0,0,1,0,0,0
37071,0,0,0,0,0,1,0,0,0
37072,0,0,0,0,0,1,0,0,0
37073,0,0,0,0,0,1,0,0,0
37074,0,0,0,0,0,1,0,0,0
37075,0,0,0,0,0,1,0,0,0
37076,0,0,0,0,0,1,0,0,0
37077,0,0,0,0,0,1,0,0,0
37078,0,0,0,0,0,1,0,0,0
37079,0,0,0,0,0,1,0,0,0
37080,0,0,0,0,0,1,0,0,0
37081,0,0,0,0,0,1,0,0,0
37082,0,0,0,0,0,1,0,0,0
37083,0,0,0,0,0,1,0,0,0
37084,0,0,0,0,0,1,0,0,0
37085,0,0,0,0,0,1,0,0,0
37086,0,0,0,0,0,1,0,0,0
37087,0,0,0,0,0,1,0,0,0
37088,0,0,0,0,0,1,0,0,0
37089,0,0,0,0,0,1,0,0,0
37090,0,0,0,0,0,1,0,0,0
37091,0,0,0,0,0,1,0,0,0
37092,0,0,0,0,0,1,0,0,0
37093,0,0,0,0,0,1,0,0,0
37094,0,0,0,0,0,1,0,0,0
37095,0,0,0,0,0,1,0,0,0
37096,0,0,0,0,0,1,0,0,0
37097,0,0,0,0,0,1,0,0,0
37098,0,0,0,0,0,1,0,0,0
37099,0,0,0,0,0,1,0,0,0
37100,0,0,0,0,0,1,0,0,0
37101,0,0,0,0,0,1,0,0,0
37102,0,0,0,0,0,1,0,0,0
37103,0,0,0,0,0,1,0,0,0
37104,0,0,0,0,0,1,0,0,0
37105,0,0,0,0,0,1,0,0,0
37106,0,0,0,0,0,1,0,0,0
37107,0,0,0,0,0,1,0,0,0
37108,0,0,0,0,0,1,0,0,0
37109,0,0,0,0,0,1,0,0,0
37110,0,0,0,0,0,1,0,0,0
37111,0,0,0,0,0,1,0,0,0
37112,0,0,0,0,0,1,0,0,0
37113,0,0,0,0,0,1,0,0,0
37114,0,0,0,0,0,1,0,0,0
37115,0,0,0,0,0,1,0,0,0
37116,0,0,0,0,0,1,0,0,0
37117,0,0,0,0,0,1,0,0,0
37118,0,0,0,0,0,1,0,0,0
37119,0,0,0,0,0,1,0,0,0
37120,0,0,0,0,0,1,0,0,0
37121,0,0,0,0,0,1,0,0,0
37122,0,0,0,0,0,1,0,0,0
37123,0,0,0,0,0,1,0,0,0
37124,0,0,0,0,0,1,0,0,0
37125,0,0,0,0,0,1,0,0,0
37126,0,0,0,0,0,1,0,0,0
37127,0,0,0,0,0,1,0,0,0
37128,0,0,0,0,0,1,0,0,0
37129,0,0,0,0,0,1,0,0,0
37130,0,0,0,0,0,1,0,0,0
37131,0,0,0,0,0,1,0,0,0
37132,0,0,0,0,0,1,0,0,0
37133,0,0,0,0,0,1,0,0,0
37134,0,0,0,0,0,1,0,0,0
37135,0,0,0,0,0,1,0,0,0
37136,0,0,0,0,0,1,0,0,0
37137,0,0,0,0,0,1,0,0,0
37138,0,0,0,0,0,1,0,0,0
37139,0,0,0,0,0,1,0,0,0
37140,0,0,0,0,0,1,0,0,0
37141,0,0,0,0,0,1,0,0,0
37142,0,0,0,0,0,1,0,0,0
37143,0,0,0,0,0,1,0,0,0
37144,0,0,0,0,0,1,0,0,0
37145,0,0,0,0,0,1,0,0,0
37146,0,0,0,0,0,1,0,0,0
37147,0,0,0,0,0,1,0,0,0
37148,0,0,0,0,0,1,0,0,0
37149,0,0,0,0,0,1,0,0,0
37150,0,0,0,0,0,1,0,0,0
37151,0,0,0,0,0,1,0,0,0
37152,0,0,0,0,0,1,0,0,0
37153,0,0,0,0,0,1,0,0,0
37154,0,0,0,0,0,1,0,0,0
37155,0,0,0,0,0,1,0,0,0
37156,0,0,0,0,0,1,0,0,0
37157,0,0,0,0,0,1,0,0,0
37158,0,0,0,0,0,1,0,0,0
37159,0,0,0,0,0,1,0,0,0
37160,0,0,0,0,0,1,0,0,0
37161,0,0,0,0,0,1,0,0,0
37162,0,0,0,0,0,1,0,0,0
37163,0,0,0,0,0,1,0,0,0
37164,0,0,0,0,0,1,0,0,0
37165,0,0,0,0,0,1,0,0,0
37166,0,0,0,0,0,1,0,0,0
37167,0,0,0,0,0,1,0,0,0
37168,0,0,0,0,0,1,0,0,0
37169,0,0,0,0,0,1,0,0,0
37170,0,0,0,0,0,1,0,0,0
37171,0,0,0,0,0,1,0,0,0
37172,0,0,0,0,0,1,0,0,0
37173,0,0,0,0,0,1,0,0,0
37174,0,0,0,0,0,1,0,0,0
37175,0,0,0,0,0,1,0,0,0
37176,0,0,0,0,0,1,0,0,0
37177,0,0,0,0,0,1,0,0,0
37178,0,0,0,0,0,1,0,0,0
37179,0,0,0,0,0,1,0,0,0
37180,0,0,0,0,0,1,0,0,0
37181,0,0,0,0,0,1,0,0,0
37182,0,0,0,0,0,1,0,0,0
37183,0,0,0,0,0,1,0,0,0
37184,0,0,0,0,0,1,0,0,0
37185,0,0,0,0,0,1,0,0,0
37186,0,0,0,0,0,1,0,0,0
37187,0,0,0,0,0,1,0,0,0
37188,0,0,0,0,0,1,0,0,0
37189,0,0,0,0,0,1,0,0,0
37190,0,0,0,0,0,1,0,0,0
37191,0,0,0,0,0,1,0,0,0
37192,0,0,0,0,0,1,0,0,0
37193,0,0,0,0,0,1,0,0,0
37194,0,0,0,0,0,1,0,0,0
37195,0,0,0,0,0,1,0,0,0
37196,0,0,0,0,0,1,0,0,0
37197,0,0,0,0,0,1,0,0,0
37198,0,0,0,0,0,1,0,0,0
37199,0,0,0,0,0,1,0,0,0
37200,0,0,0,0,0,1,0,0,0
37201,0,0,0,0,0,1,0,0,0
37202,0,0,0,0,0,1,0,0,0
37203,0,0,0,0,0,1,0,0,0
37204,0,0,0,0,0,1,0,0,0
37205,0,0,0,0,0,1,0,0,0
37206,0,0,0,0,0,1,0,0,0
37207,0,0,0,0,0,1,0,0,0
37208,0,0,0,0,0,1,0,0,0
37209,0,0,0,0,0,1,0,0,0
37210,0,0,0,0,0,1,0,0,0
37211,0,0,0,0,0,1,0,0,0
37212,0,0,0,0,0,1,0,0,0
37213,0,0,0,0,0,1,0,0,0
37214,0,0,0,0,0,1,0,0,0
37215,0,0,0,0,0,1,0,0,0
37216,0,0,0,0,0,1,0,0,0
37217,0,0,0,0,0,1,0,0,0
37218,0,0,0,0,0,1,0,0,0
37219,0,0,0,0,0,1,0,0,0
37220,0,0,0,0,0,1,0,0,0
37221,0,0,0,0,0,1,0,0,0
37222,0,0,0,0,0,1,0,0,0
37223,0,0,0,0,0,1,0,0,0
37224,0,0,0,0,0,1,0,0,0
37225,0,0,0,0,0,1,0,0,0
37226,0,0,0,0,0,1,0,0,0
37227,0,0,0,0,0,1,0,0,0
37228,0,0,0,0,0,1,0,0,0
37229,0,0,0,0,0,1,0,0,0
37230,0,0,0,0,0,1,0,0,0
37231,0,0,0,0,0,1,0,0,0
37232,0,0,0,0,0,1,0,0,0
37233,0,0,0,0,0,1,0,0,0
37234,0,0,0,0,0,1,0,0,0
37235,0,0,0,0,0,1,0,0,0
37236,0,0,0,0,0,1,0,0,0
37237,0,0,0,0,0,1,0,0,0
37238,0,0,0,0,0,1,0,0,0
37239,0,0,0,0,0,1,0,0,0
37240,0,0,0,0,0,1,0,0,0
37241,0,0,0,0,0,1,0,0,0
37242,0,0,0,0,0,1,0,0,0
37243,0,0,0,0,0,1,0,0,0
37244,0,0,0,0,0,1,0,0,0
37245,0,0,0,0,0,1,0,0,0
37246,0,0,0,0,0,1,0,0,0
37247,0,0,0,0,0,1,0,0,0
37248,0,0,0,0,0,1,0,0,0
37249,0,0,0,0,0,1,0,0,0
37250,0,0,0,0,0,1,0,0,0
37251,0,0,0,0,0,1,0,0,0
37252,0,0,0,0,0,1,0,0,0
37253,0,0,0,0,0,1,0,0,0
37254,0,0,0,0,0,1,0,0,0
37255,0,0,0,0,0,1,0,0,0
37256,0,0,0,0,0,1,0,0,0
37257,0,0,0,0,0,1,0,0,0
37258,0,0,0,0,0,1,0,0,0
37259,0,0,0,0,0,1,0,0,0
37260,0,0,0,0,0,1,0,0,0
37261,0,0,0,0,0,1,0,0,0
37262,0,0,0,0,0,1,0,0,0
37263,0,0,0,0,0,1,0,0,0
37264,0,0,0,0,0,1,0,0,0
37265,0,0,0,0,0,1,0,0,0
37266,0,0,0,0,0,1,0,0,0
37267,0,0,0,0,0,1,0,0,0
37268,0,0,0,0,0,1,0,0,0
37269,0,0,0,0,0,1,0,0,0
37270,0,0,0,0,0,1,0,0,0
37271,0,0,0,0,0,1,0,0,0
37272,0,0,0,0,0,1,0,0,0
37273,0,0,0,0,0,1,0,0,0
37274,0,0,0,0,0,1,0,0,0
37275,0,0,0,0,0,1,0,0,0
37276,0,0,0,0,0,1,0,0,0
37277,0,0,0,0,0,1,0,0,0
37278,0,0,0,0,0,1,0,0,0
37279,0,0,0,0,0,1,0,0,0
37280,0,0,0,0,0,1,0,0,0
37281,0,0,0,0,0,1,0,0,0
37282,0,0,0,0,0,1,0,0,0
37283,0,0,0,0,0,1,0,0,0
37284,0,0,0,0,0,1,0,0,0
37285,0,0,0,0,0,1,0,0,0
37286,0,0,0,0,0,1,0,0,0
37287,0,0,0,0,0,1,0,0,0
37288,0,0,0,0,0,1,0,0,0
37289,0,0,0,0,0,1,0,0,0
37290,0,0,0,0,0,1,0,0,0
37291,0,0,0,0,0,1,0,0,0
37292,0,0,0,0,0,1,0,0,0
37293,0,0,0,0,0,1,0,0,0
37294,0,0,0,0,0,1,0,0,0
37295,0,0,0,0,0,1,0,0,0
37296,0,0,0,0,0,1,0,0,0
37297,0,0,0,0,0,1,0,0,0
37298,0,0,0,0,0,1,0,0,0
37299,0,0,0,0,0,1,0,0,0
37300,0,0,0,0,0,1,0,0,0
37301,0,0,0,0,0,1,0,0,0
37302,0,0,0,0,0,1,0,0,0
37303,0,0,0,0,0,1,0,0,0
37304,0,0,0,0,0,1,0,0,0
37305,0,0,0,0,0,1,0,0,0
37306,0,0,0,0,0,1,0,0,0
37307,0,0,0,0,0,1,0,0,0
37308,0,0,0,0,0,1,0,0,0
37309,0,0,0,0,0,1,0,0,0
37310,0,0,0,0,0,1,0,0,0
37311,0,0,0,0,0,1,0,0,0
37312,0,0,0,0,0,1,0,0,0
37313,0,0,0,0,0,1,0,0,0
37314,0,0,0,0,0,1,0,0,0
37315,0,0,0,0,0,1,0,0,0
37316,0,0,0,0,0,1,0,0,0
37317,0,0,0,0,0,1,0,0,0
37318,0,0,0,0,0,1,0,0,0
37319,0,0,0,0,0,1,0,0,0
37320,0,0,0,0,0,1,0,0,0
37321,0,0,0,0,0,1,0,0,0
37322,0,0,0,0,0,1,0,0,0
37323,0,0,0,0,0,1,0,0,0
37324,0,0,0,0,0,1,0,0,0
37325,0,0,0,0,0,1,0,0,0
37326,0,0,0,0,0,1,0,0,0
37327,0,0,0,0,0,1,0,0,0
37328,0,0,0,0,0,1,0,0,0
37329,0,0,0,0,0,1,0,0,0
37330,0,0,0,0,0,1,0,0,0
37331,0,0,0,0,0,1,0,0,0
37332,0,0,0,0,0,1,0,0,0
37333,0,0,0,0,0,1,0,0,0
37334,0,0,0,0,0,1,0,0,0
37335,0,0,0,0,0,1,0,0,0
37336,0,0,0,0,0,1,0,0,0
37337,0,0,0,0,0,1,0,0,0
37338,0,0,0,0,0,1,0,0,0
37339,0,0,0,0,0,1,0,0,0
37340,0,0,0,0,0,1,0,0,0
37341,0,0,0,0,0,1,0,0,0
37342,0,0,0,0,0,1,0,0,0
37343,0,0,0,0,0,1,0,0,0
37344,0,0,0,0,0,1,0,0,0
37345,0,0,0,0,0,1,0,0,0
37346,0,0,0,0,0,1,0,0,0
37347,0,0,0,0,0,1,0,0,0
37348,0,0,0,0,0,1,0,0,0
37349,0,0,0,0,0,1,0,0,0
37350,0,0,0,0,0,1,0,0,0
37351,0,0,0,0,0,1,0,0,0
37352,0,0,0,0,0,1,0,0,0
37353,0,0,0,0,0,1,0,0,0
37354,0,0,0,0,0,1,0,0,0
37355,0,0,0,0,0,1,0,0,0
37356,0,0,0,0,0,1,0,0,0
37357,0,0,0,0,0,1,0,0,0
37358,0,0,0,0,0,1,0,0,0
37359,0,0,0,0,0,1,0,0,0
37360,0,0,0,0,0,1,0,0,0
37361,0,0,0,0,0,1,0,0,0
37362,0,0,0,0,0,1,0,0,0
37363,0,0,0,0,0,1,0,0,0
37364,0,0,0,0,0,1,0,0,0
37365,0,0,0,0,0,1,0,0,0
37366,0,0,0,0,0,1,0,0,0
37367,0,0,0,0,0,1,0,0,0
37368,0,0,0,0,0,1,0,0,0
37369,0,0,0,0,0,1,0,0,0
37370,0,0,0,0,0,1,0,0,0
37371,0,0,0,0,0,1,0,0,0
37372,0,0,0,0,0,1,0,0,0
37373,0,0,0,0,0,1,0,0,0
37374,0,0,0,0,0,1,0,0,0
37375,0,0,0,0,0,1,0,0,0
37376,0,0,0,0,0,1,0,0,0
37377,0,0,0,0,0,1,0,0,0
37378,0,0,0,0,0,1,0,0,0
37379,0,0,0,0,0,1,0,0,0
37380,0,0,0,0,0,1,0,0,0
37381,0,0,0,0,0,1,0,0,0
37382,0,0,0,0,0,1,0,0,0
37383,0,0,0,0,0,1,0,0,0
37384,0,0,0,0,0,1,0,0,0
37385,0,0,0,0,0,1,0,0,0
37386,0,0,0,0,0,1,0,0,0
37387,0,0,0,0,0,1,0,0,0
37388,0,0,0,0,0,1,0,0,0
37389,0,0,0,0,0,1,0,0,0
37390,0,0,0,0,0,1,0,0,0
37391,0,0,0,0,0,1,0,0,0
37392,0,0,0,0,0,1,0,0,0
37393,0,0,0,0,0,1,0,0,0
37394,0,0,0,0,0,1,0,0,0
37395,0,0,0,0,0,1,0,0,0
37396,0,0,0,0,0,1,0,0,0
37397,0,0,0,0,0,1,0,0,0
37398,0,0,0,0,0,1,0,0,0
37399,0,0,0,0,0,1,0,0,0
37400,0,0,0,0,0,1,0,0,0
37401,0,0,0,0,0,1,0,0,0
37402,0,0,0,0,0,1,0,0,0
37403,0,0,0,0,0,1,0,0,0
37404,0,0,0,0,0,1,0,0,0
37405,0,0,0,0,0,1,0,0,0
37406,0,0,0,0,0,1,0,0,0
37407,0,0,0,0,0,1,0,0,0
37408,0,0,0,0,0,1,0,0,0
37409,0,0,0,0,0,1,0,0,0
37410,0,0,0,0,0,1,0,0,0
37411,0,0,0,0,0,1,0,0,0
37412,0,0,0,0,0,1,0,0,0
37413,0,0,0,0,0,1,0,0,0
37414,0,0,0,0,0,1,0,0,0
37415,0,0,0,0,0,1,0,0,0
37416,0,0,0,0,0,1,0,0,0
37417,0,0,0,0,0,1,0,0,0
37418,0,0,0,0,0,1,0,0,0
37419,0,0,0,0,0,1,0,0,0
37420,0,0,0,0,0,1,0,0,0
37421,0,0,0,0,0,1,0,0,0
37422,0,0,0,0,0,1,0,0,0
37423,0,0,0,0,0,1,0,0,0
37424,0,0,0,0,0,1,0,0,0
37425,0,0,0,0,0,1,0,0,0
37426,0,0,0,0,0,1,0,0,0
37427,0,0,0,0,0,1,0,0,0
37428,0,0,0,0,0,1,0,0,0
37429,0,0,0,0,0,1,0,0,0
37430,0,0,0,0,0,1,0,0,0
37431,0,0,0,0,0,1,0,0,0
37432,0,0,0,0,0,1,0,0,0
37433,0,0,0,0,0,1,0,0,0
37434,0,0,0,0,0,1,0,0,0
37435,0,0,0,0,0,1,0,0,0
37436,0,0,0,0,0,1,0,0,0
37437,0,0,0,0,0,1,0,0,0
37438,0,0,0,0,0,1,0,0,0
37439,0,0,0,0,0,1,0,0,0
37440,0,0,0,0,0,1,0,0,0
37441,0,0,0,0,0,1,0,0,0
37442,0,0,0,0,0,1,0,0,0
37443,0,0,0,0,0,1,0,0,0
37444,0,0,0,0,0,1,0,0,0
37445,0,0,0,0,0,1,0,0,0
37446,0,0,0,0,0,1,0,0,0
37447,0,0,0,0,0,1,0,0,0
37448,0,0,0,0,0,1,0,0,0
37449,0,0,0,0,0,1,0,0,0
37450,0,0,0,0,0,1,0,0,0
37451,0,0,0,0,0,1,0,0,0
37452,0,0,0,0,0,1,0,0,0
37453,0,0,0,0,0,1,0,0,0
37454,0,0,0,0,0,1,0,0,0
37455,0,0,0,0,0,1,0,0,0
37456,0,0,0,0,0,1,0,0,0
37457,0,0,0,0,0,1,0,0,0
37458,0,0,0,0,0,1,0,0,0
37459,0,0,0,0,0,1,0,0,0
37460,0,0,0,0,0,1,0,0,0
37461,0,0,0,0,0,1,0,0,0
37462,0,0,0,0,0,1,0,0,0
37463,0,0,0,0,0,1,0,0,0
37464,0,0,0,0,0,1,0,0,0
37465,0,0,0,0,0,1,0,0,0
37466,0,0,0,0,0,1,0,0,0
37467,0,0,0,0,0,1,0,0,0
37468,0,0,0,0,0,1,0,0,0
37469,0,0,0,0,0,1,0,0,0
37470,0,0,0,0,0,1,0,0,0
37471,0,0,0,0,0,1,0,0,0
37472,0,0,0,0,0,1,0,0,0
37473,0,0,0,0,0,1,0,0,0
37474,0,0,0,0,0,1,0,0,0
37475,0,0,0,0,0,1,0,0,0
37476,0,0,0,0,0,1,0,0,0
37477,0,0,0,0,0,1,0,0,0
37478,0,0,0,0,0,1,0,0,0
37479,0,0,0,0,0,1,0,0,0
37480,0,0,0,0,0,1,0,0,0
37481,0,0,0,0,0,1,0,0,0
37482,0,0,0,0,0,1,0,0,0
37483,0,0,0,0,0,1,0,0,0
37484,0,0,0,0,0,1,0,0,0
37485,0,0,0,0,0,1,0,0,0
37486,0,0,0,0,0,1,0,0,0
37487,0,0,0,0,0,1,0,0,0
37488,0,0,0,0,0,1,0,0,0
37489,0,0,0,0,0,1,0,0,0
37490,0,0,0,0,0,1,0,0,0
37491,0,0,0,0,0,1,0,0,0
37492,0,0,0,0,0,1,0,0,0
37493,0,0,0,0,0,1,0,0,0
37494,0,0,0,0,0,1,0,0,0
37495,0,0,0,0,0,1,0,0,0
37496,0,0,0,0,0,1,0,0,0
37497,0,0,0,0,0,1,0,0,0
37498,0,0,0,0,0,1,0,0,0
37499,0,0,0,0,0,1,0,0,0
37500,0,0,0,0,0,1,0,0,0
37501,0,0,0,0,0,1,0,0,0
37502,0,0,0,0,0,1,0,0,0
37503,0,0,0,0,0,1,0,0,0
37504,0,0,0,0,0,1,0,0,0
37505,0,0,0,0,0,1,0,0,0
37506,0,0,0,0,0,1,0,0,0
37507,0,0,0,0,0,1,0,0,0
37508,0,0,0,0,0,1,0,0,0
37509,0,0,0,0,0,1,0,0,0
37510,0,0,0,0,0,1,0,0,0
37511,0,0,0,0,0,1,0,0,0
37512,0,0,0,0,0,1,0,0,0
37513,0,0,0,0,0,1,0,0,0
37514,0,0,0,0,0,1,0,0,0
37515,0,0,0,0,0,1,0,0,0
37516,0,0,0,0,0,1,0,0,0
37517,0,0,0,0,0,1,0,0,0
37518,0,0,0,0,0,1,0,0,0
37519,0,0,0,0,0,1,0,0,0
37520,0,0,0,0,0,1,0,0,0
37521,0,0,0,0,0,1,0,0,0
37522,0,0,0,0,0,1,0,0,0
37523,0,0,0,0,0,1,0,0,0
37524,0,0,0,0,0,1,0,0,0
37525,0,0,0,0,0,1,0,0,0
37526,0,0,0,0,0,1,0,0,0
37527,0,0,0,0,0,1,0,0,0
37528,0,0,0,0,0,1,0,0,0
37529,0,0,0,0,0,1,0,0,0
37530,0,0,0,0,0,1,0,0,0
37531,0,0,0,0,0,1,0,0,0
37532,0,0,0,0,0,1,0,0,0
37533,0,0,0,0,0,1,0,0,0
37534,0,0,0,0,0,1,0,0,0
37535,0,0,0,0,0,1,0,0,0
37536,0,0,0,0,0,1,0,0,0
37537,0,0,0,0,0,1,0,0,0
37538,0,0,0,0,0,1,0,0,0
37539,0,0,0,0,0,1,0,0,0
37540,0,0,0,0,0,1,0,0,0
37541,0,0,0,0,0,1,0,0,0
37542,0,0,0,0,0,1,0,0,0
37543,0,0,0,0,0,1,0,0,0
37544,0,0,0,0,0,1,0,0,0
37545,0,0,0,0,0,1,0,0,0
37546,0,0,0,0,0,1,0,0,0
37547,0,0,0,0,0,1,0,0,0
37548,0,0,0,0,0,1,0,0,0
37549,0,0,0,0,0,1,0,0,0
37550,0,0,0,0,0,1,0,0,0
37551,0,0,0,0,0,1,0,0,0
37552,0,0,0,0,0,1,0,0,0
37553,0,0,0,0,0,1,0,0,0
37554,0,0,0,0,0,1,0,0,0
37555,0,0,0,0,0,1,0,0,0
37556,0,0,0,0,0,1,0,0,0
37557,0,0,0,0,0,1,0,0,0
37558,0,0,0,0,0,1,0,0,0
37559,0,0,0,0,0,1,0,0,0
37560,0,0,0,0,0,1,0,0,0
37561,0,0,0,0,0,1,0,0,0
37562,0,0,0,0,0,1,0,0,0
37563,0,0,0,0,0,1,0,0,0
37564,0,0,0,0,0,1,0,0,0
37565,0,0,0,0,0,1,0,0,0
37566,0,0,0,0,0,1,0,0,0
37567,0,0,0,0,0,1,0,0,0
37568,0,0,0,0,0,1,0,0,0
37569,0,0,0,0,0,1,0,0,0
37570,0,0,0,0,0,1,0,0,0
37571,0,0,0,0,0,1,0,0,0
37572,0,0,0,0,0,1,0,0,0
37573,0,0,0,0,0,1,0,0,0
37574,0,0,0,0,0,1,0,0,0
37575,0,0,0,0,0,1,0,0,0
37576,0,0,0,0,0,1,0,0,0
37577,0,0,0,0,0,1,0,0,0
37578,0,0,0,0,0,1,0,0,0
37579,0,0,0,0,0,1,0,0,0
37580,0,0,0,0,0,1,0,0,0
37581,0,0,0,0,0,1,0,0,0
37582,0,0,0,0,0,1,0,0,0
37583,0,0,0,0,0,1,0,0,0
37584,0,0,0,0,0,1,0,0,0
37585,0,0,0,0,0,1,0,0,0
37586,0,0,0,0,0,1,0,0,0
37587,0,0,0,0,0,1,0,0,0
37588,0,0,0,0,0,1,0,0,0
37589,0,0,0,0,0,1,0,0,0
37590,0,0,0,0,0,1,0,0,0
37591,0,0,0,0,0,1,0,0,0
37592,0,0,0,0,0,1,0,0,0
37593,0,0,0,0,0,1,0,0,0
37594,0,0,0,0,0,1,0,0,0
37595,0,0,0,0,0,1,0,0,0
37596,0,0,0,0,0,1,0,0,0
37597,0,0,0,0,0,1,0,0,0
37598,0,0,0,0,0,1,0,0,0
37599,0,0,0,0,0,1,0,0,0
37600,0,0,0,0,0,1,0,0,0
37601,0,0,0,0,0,1,0,0,0
37602,0,0,0,0,0,1,0,0,0
37603,0,0,0,0,0,1,0,0,0
37604,0,0,0,0,0,1,0,0,0
37605,0,0,0,0,0,1,0,0,0
37606,0,0,0,0,0,1,0,0,0
37607,0,0,0,0,0,1,0,0,0
37608,0,0,0,0,0,1,0,0,0
37609,0,0,0,0,0,1,0,0,0
37610,0,0,0,0,0,1,0,0,0
37611,0,0,0,0,0,1,0,0,0
37612,0,0,0,0,0,1,0,0,0
37613,0,0,0,0,0,1,0,0,0
37614,0,0,0,0,0,1,0,0,0
37615,0,0,0,0,0,1,0,0,0
37616,0,0,0,0,0,1,0,0,0
37617,0,0,0,0,0,1,0,0,0
37618,0,0,0,0,0,1,0,0,0
37619,0,0,0,0,0,1,0,0,0
37620,0,0,0,0,0,1,0,0,0
37621,0,0,0,0,0,1,0,0,0
37622,0,0,0,0,0,1,0,0,0
37623,0,0,0,0,0,1,0,0,0
37624,0,0,0,0,0,1,0,0,0
37625,0,0,0,0,0,1,0,0,0
37626,0,0,0,0,0,1,0,0,0
37627,0,0,0,0,0,1,0,0,0
37628,0,0,0,0,0,1,0,0,0
37629,0,0,0,0,0,1,0,0,0
37630,0,0,0,0,0,1,0,0,0
37631,0,0,0,0,0,1,0,0,0
37632,0,0,0,0,0,1,0,0,0
37633,0,0,0,0,0,1,0,0,0
37634,0,0,0,0,0,1,0,0,0
37635,0,0,0,0,0,1,0,0,0
37636,0,0,0,0,0,1,0,0,0
37637,0,0,0,0,0,1,0,0,0
37638,0,0,0,0,0,1,0,0,0
37639,0,0,0,0,0,1,0,0,0
37640,0,0,0,0,0,1,0,0,0
37641,0,0,0,0,0,1,0,0,0
37642,0,0,0,0,0,1,0,0,0
37643,0,0,0,0,0,1,0,0,0
37644,0,0,0,0,0,1,0,0,0
37645,0,0,0,0,0,1,0,0,0
37646,0,0,0,0,0,1,0,0,0
37647,0,0,0,0,0,1,0,0,0
37648,0,0,0,0,0,1,0,0,0
37649,0,0,0,0,0,1,0,0,0
37650,0,0,0,0,0,1,0,0,0
37651,0,0,0,0,0,1,0,0,0
37652,0,0,0,0,0,1,0,0,0
37653,0,0,0,0,0,1,0,0,0
37654,0,0,0,0,0,1,0,0,0
37655,0,0,0,0,0,1,0,0,0
37656,0,0,0,0,0,1,0,0,0
37657,0,0,0,0,0,1,0,0,0
37658,0,0,0,0,0,1,0,0,0
37659,0,0,0,0,0,1,0,0,0
37660,0,0,0,0,0,1,0,0,0
37661,0,0,0,0,0,1,0,0,0
37662,0,0,0,0,0,1,0,0,0
37663,0,0,0,0,0,1,0,0,0
37664,0,0,0,0,0,1,0,0,0
37665,0,0,0,0,0,1,0,0,0
37666,0,0,0,0,0,1,0,0,0
37667,0,0,0,0,0,1,0,0,0
37668,0,0,0,0,0,1,0,0,0
37669,0,0,0,0,0,1,0,0,0
37670,0,0,0,0,0,1,0,0,0
37671,0,0,0,0,0,1,0,0,0
37672,0,0,0,0,0,1,0,0,0
37673,0,0,0,0,0,1,0,0,0
37674,0,0,0,0,0,1,0,0,0
37675,0,0,0,0,0,1,0,0,0
37676,0,0,0,0,0,1,0,0,0
37677,0,0,0,0,0,1,0,0,0
37678,0,0,0,0,0,1,0,0,0
37679,0,0,0,0,0,1,0,0,0
37680,0,0,0,0,0,1,0,0,0
37681,0,0,0,0,0,1,0,0,0
37682,0,0,0,0,0,1,0,0,0
37683,0,0,0,0,0,1,0,0,0
37684,0,0,0,0,0,1,0,0,0
37685,0,0,0,0,0,1,0,0,0
37686,0,0,0,0,0,1,0,0,0
37687,0,0,0,0,0,1,0,0,0
37688,0,0,0,0,0,1,0,0,0
37689,0,0,0,0,0,1,0,0,0
37690,0,0,0,0,0,1,0,0,0
37691,0,0,0,0,0,1,0,0,0
37692,0,0,0,0,0,1,0,0,0
37693,0,0,0,0,0,1,0,0,0
37694,0,0,0,0,0,1,0,0,0
37695,0,0,0,0,0,1,0,0,0
37696,0,0,0,0,0,1,0,0,0
37697,0,0,0,0,0,1,0,0,0
37698,0,0,0,0,0,1,0,0,0
37699,0,0,0,0,0,1,0,0,0
37700,0,0,0,0,0,1,0,0,0
37701,0,0,0,0,0,1,0,0,0
37702,0,0,0,0,0,1,0,0,0
37703,0,0,0,0,0,1,0,0,0
37704,0,0,0,0,0,1,0,0,0
37705,0,0,0,0,0,1,0,0,0
37706,0,0,0,0,0,1,0,0,0
37707,0,0,0,0,0,1,0,0,0
37708,0,0,0,0,0,1,0,0,0
37709,0,0,0,0,0,1,0,0,0
37710,0,0,0,0,0,1,0,0,0
37711,0,0,0,0,0,1,0,0,0
37712,0,0,0,0,0,1,0,0,0
37713,0,0,0,0,0,1,0,0,0
37714,0,0,0,0,0,1,0,0,0
37715,0,0,0,0,0,1,0,0,0
37716,0,0,0,0,0,1,0,0,0
37717,0,0,0,0,0,1,0,0,0
37718,0,0,0,0,0,1,0,0,0
37719,0,0,0,0,0,1,0,0,0
37720,0,0,0,0,0,1,0,0,0
37721,0,0,0,0,0,1,0,0,0
37722,0,0,0,0,0,1,0,0,0
37723,0,0,0,0,0,1,0,0,0
37724,0,0,0,0,0,1,0,0,0
37725,0,0,0,0,0,1,0,0,0
37726,0,0,0,0,0,1,0,0,0
37727,0,0,0,0,0,1,0,0,0
37728,0,0,0,0,0,1,0,0,0
37729,0,0,0,0,0,1,0,0,0
37730,0,0,0,0,0,1,0,0,0
37731,0,0,0,0,0,1,0,0,0
37732,0,0,0,0,0,1,0,0,0
37733,0,0,0,0,0,1,0,0,0
37734,0,0,0,0,0,1,0,0,0
37735,0,0,0,0,0,1,0,0,0
37736,0,0,0,0,0,1,0,0,0
37737,0,0,0,0,0,1,0,0,0
37738,0,0,0,0,0,1,0,0,0
37739,0,0,0,0,0,1,0,0,0
37740,0,0,0,0,0,1,0,0,0
37741,0,0,0,0,0,1,0,0,0
37742,0,0,0,0,0,1,0,0,0
37743,0,0,0,0,0,1,0,0,0
37744,0,0,0,0,0,1,0,0,0
37745,0,0,0,0,0,1,0,0,0
37746,0,0,0,0,0,1,0,0,0
37747,0,0,0,0,0,1,0,0,0
37748,0,0,0,0,0,1,0,0,0
37749,0,0,0,0,0,1,0,0,0
37750,0,0,0,0,0,1,0,0,0
37751,0,0,0,0,0,1,0,0,0
37752,0,0,0,0,0,1,0,0,0
37753,0,0,0,0,0,1,0,0,0
37754,0,0,0,0,0,1,0,0,0
37755,0,0,0,0,0,1,0,0,0
37756,0,0,0,0,0,1,0,0,0
37757,0,0,0,0,0,1,0,0,0
37758,0,0,0,0,0,1,0,0,0
37759,0,0,0,0,0,1,0,0,0
37760,0,0,0,0,0,1,0,0,0
37761,0,0,0,0,0,1,0,0,0
37762,0,0,0,0,0,1,0,0,0
37763,0,0,0,0,0,1,0,0,0
37764,0,0,0,0,0,1,0,0,0
37765,0,0,0,0,0,1,0,0,0
37766,0,0,0,0,0,1,0,0,0
37767,0,0,0,0,0,1,0,0,0
37768,0,0,0,0,0,1,0,0,0
37769,0,0,0,0,0,1,0,0,0
37770,0,0,0,0,0,1,0,0,0
37771,0,0,0,0,0,1,0,0,0
37772,0,0,0,0,0,1,0,0,0
37773,0,0,0,0,0,1,0,0,0
37774,0,0,0,0,0,1,0,0,0
37775,0,0,0,0,0,1,0,0,0
37776,0,0,0,0,0,1,0,0,0
37777,0,0,0,0,0,1,0,0,0
37778,0,0,0,0,0,1,0,0,0
37779,0,0,0,0,0,1,0,0,0
37780,0,0,0,0,0,1,0,0,0
37781,0,0,0,0,0,1,0,0,0
37782,0,0,0,0,0,1,0,0,0
37783,0,0,0,0,0,1,0,0,0
37784,0,0,0,0,0,1,0,0,0
37785,0,0,0,0,0,1,0,0,0
37786,0,0,0,0,0,1,0,0,0
37787,0,0,0,0,0,1,0,0,0
37788,0,0,0,0,0,1,0,0,0
37789,0,0,0,0,0,1,0,0,0
37790,0,0,0,0,0,1,0,0,0
37791,0,0,0,0,0,1,0,0,0
37792,0,0,0,0,0,1,0,0,0
37793,0,0,0,0,0,1,0,0,0
37794,0,0,0,0,0,1,0,0,0
37795,0,0,0,0,0,1,0,0,0
37796,0,0,0,0,0,1,0,0,0
37797,0,0,0,0,0,1,0,0,0
37798,0,0,0,0,0,1,0,0,0
37799,0,0,0,0,0,1,0,0,0
37800,0,0,0,0,0,1,0,0,0
37801,0,0,0,0,0,1,0,0,0
37802,0,0,0,0,0,1,0,0,0
37803,0,0,0,0,0,1,0,0,0
37804,0,0,0,0,0,1,0,0,0
37805,0,0,0,0,0,1,0,0,0
37806,0,0,0,0,0,1,0,0,0
37807,0,0,0,0,0,1,0,0,0
37808,0,0,0,0,0,1,0,0,0
37809,0,0,0,0,0,1,0,0,0
37810,0,0,0,0,0,1,0,0,0
37811,0,0,0,0,0,1,0,0,0
37812,0,0,0,0,0,1,0,0,0
37813,0,0,0,0,0,1,0,0,0
37814,0,0,0,0,0,1,0,0,0
37815,0,0,0,0,0,1,0,0,0
37816,0,0,0,0,0,1,0,0,0
37817,0,0,0,0,0,1,0,0,0
37818,0,0,0,0,0,1,0,0,0
37819,0,0,0,0,0,1,0,0,0
37820,0,0,0,0,0,1,0,0,0
37821,0,0,0,0,0,1,0,0,0
37822,0,0,0,0,0,1,0,0,0
37823,0,0,0,0,0,1,0,0,0
37824,0,0,0,0,0,1,0,0,0
37825,0,0,0,0,0,1,0,0,0
37826,0,0,0,0,0,1,0,0,0
37827,0,0,0,0,0,1,0,0,0
37828,0,0,0,0,0,1,0,0,0
37829,0,0,0,0,0,1,0,0,0
37830,0,0,0,0,0,1,0,0,0
37831,0,0,0,0,0,1,0,0,0
37832,0,0,0,0,0,1,0,0,0
37833,0,0,0,0,0,1,0,0,0
37834,0,0,0,0,0,1,0,0,0
37835,0,0,0,0,0,1,0,0,0
37836,0,0,0,0,0,1,0,0,0
37837,0,0,0,0,0,1,0,0,0
37838,0,0,0,0,0,1,0,0,0
37839,0,0,0,0,0,1,0,0,0
37840,0,0,0,0,0,1,0,0,0
37841,0,0,0,0,0,1,0,0,0
37842,0,0,0,0,0,1,0,0,0
37843,0,0,0,0,0,1,0,0,0
37844,0,0,0,0,0,1,0,0,0
37845,0,0,0,0,0,1,0,0,0
37846,0,0,0,0,0,1,0,0,0
37847,0,0,0,0,0,1,0,0,0
37848,0,0,0,0,0,1,0,0,0
37849,0,0,0,0,0,1,0,0,0
37850,0,0,0,0,0,1,0,0,0
37851,0,0,0,0,0,1,0,0,0
37852,0,0,0,0,0,1,0,0,0
37853,0,0,0,0,0,1,0,0,0
37854,0,0,0,0,0,1,0,0,0
37855,0,0,0,0,0,1,0,0,0
37856,0,0,0,0,0,1,0,0,0
37857,0,0,0,0,0,1,0,0,0
37858,0,0,0,0,0,1,0,0,0
37859,0,0,0,0,0,1,0,0,0
37860,0,0,0,0,0,1,0,0,0
37861,0,0,0,0,0,1,0,0,0
37862,0,0,0,0,0,1,0,0,0
37863,0,0,0,0,0,1,0,0,0
37864,0,0,0,0,0,1,0,0,0
37865,0,0,0,0,0,1,0,0,0
37866,0,0,0,0,0,1,0,0,0
37867,0,0,0,0,0,1,0,0,0
37868,0,0,0,0,0,1,0,0,0
37869,0,0,0,0,0,1,0,0,0
37870,0,0,0,0,0,1,0,0,0
37871,0,0,0,0,0,1,0,0,0
37872,0,0,0,0,0,1,0,0,0
37873,0,0,0,0,0,1,0,0,0
37874,0,0,0,0,0,1,0,0,0
37875,0,0,0,0,0,1,0,0,0
37876,0,0,0,0,0,1,0,0,0
37877,0,0,0,0,0,1,0,0,0
37878,0,0,0,0,0,1,0,0,0
37879,0,0,0,0,0,1,0,0,0
37880,0,0,0,0,0,1,0,0,0
37881,0,0,0,0,0,1,0,0,0
37882,0,0,0,0,0,1,0,0,0
37883,0,0,0,0,0,1,0,0,0
37884,0,0,0,0,0,1,0,0,0
37885,0,0,0,0,0,1,0,0,0
37886,0,0,0,0,0,1,0,0,0
37887,0,0,0,0,0,1,0,0,0
37888,0,0,0,0,0,1,0,0,0
37889,0,0,0,0,0,1,0,0,0
37890,0,0,0,0,0,1,0,0,0
37891,0,0,0,0,0,1,0,0,0
37892,0,0,0,0,0,1,0,0,0
37893,0,0,0,0,0,1,0,0,0
37894,0,0,0,0,0,1,0,0,0
37895,0,0,0,0,0,1,0,0,0
37896,0,0,0,0,0,1,0,0,0
37897,0,0,0,0,0,1,0,0,0
37898,0,0,0,0,0,1,0,0,0
37899,0,0,0,0,0,1,0,0,0
37900,0,0,0,0,0,1,0,0,0
37901,0,0,0,0,0,1,0,0,0
37902,0,0,0,0,0,1,0,0,0
37903,0,0,0,0,0,1,0,0,0
37904,0,0,0,0,0,1,0,0,0
37905,0,0,0,0,0,1,0,0,0
37906,0,0,0,0,0,1,0,0,0
37907,0,0,0,0,0,1,0,0,0
37908,0,0,0,0,0,1,0,0,0
37909,0,0,0,0,0,1,0,0,0
37910,0,0,0,0,0,1,0,0,0
37911,0,0,0,0,0,1,0,0,0
37912,0,0,0,0,0,1,0,0,0
37913,0,0,0,0,0,1,0,0,0
37914,0,0,0,0,0,1,0,0,0
37915,0,0,0,0,0,1,0,0,0
37916,0,0,0,0,0,1,0,0,0
37917,0,0,0,0,0,1,0,0,0
37918,0,0,0,0,0,1,0,0,0
37919,0,0,0,0,0,1,0,0,0
37920,0,0,0,0,0,1,0,0,0
37921,0,0,0,0,0,1,0,0,0
37922,0,0,0,0,0,1,0,0,0
37923,0,0,0,0,0,1,0,0,0
37924,0,0,0,0,0,1,0,0,0
37925,0,0,0,0,0,1,0,0,0
37926,0,0,0,0,0,1,0,0,0
37927,0,0,0,0,0,1,0,0,0
37928,0,0,0,0,0,1,0,0,0
37929,0,0,0,0,0,1,0,0,0
37930,0,0,0,0,0,1,0,0,0
37931,0,0,0,0,0,1,0,0,0
37932,0,0,0,0,0,1,0,0,0
37933,0,0,0,0,0,1,0,0,0
37934,0,0,0,0,0,1,0,0,0
37935,0,0,0,0,0,1,0,0,0
37936,0,0,0,0,0,1,0,0,0
37937,0,0,0,0,0,1,0,0,0
37938,0,0,0,0,0,1,0,0,0
37939,0,0,0,0,0,1,0,0,0
37940,0,0,0,0,0,1,0,0,0
37941,0,0,0,0,0,1,0,0,0
37942,0,0,0,0,0,1,0,0,0
37943,0,0,0,0,0,1,0,0,0
37944,0,0,0,0,0,1,0,0,0
37945,0,0,0,0,0,1,0,0,0
37946,0,0,0,0,0,1,0,0,0
37947,0,0,0,0,0,1,0,0,0
37948,0,0,0,0,0,1,0,0,0
37949,0,0,0,0,0,1,0,0,0
37950,0,0,0,0,0,1,0,0,0
37951,0,0,0,0,0,1,0,0,0
37952,0,0,0,0,0,1,0,0,0
37953,0,0,0,0,0,1,0,0,0
37954,0,0,0,0,0,1,0,0,0
37955,0,0,0,0,0,1,0,0,0
37956,0,0,0,0,0,1,0,0,0
37957,0,0,0,0,0,1,0,0,0
37958,0,0,0,0,0,1,0,0,0
37959,0,0,0,0,0,1,0,0,0
37960,0,0,0,0,0,1,0,0,0
37961,0,0,0,0,0,1,0,0,0
37962,0,0,0,0,0,1,0,0,0
37963,0,0,0,0,0,1,0,0,0
37964,0,0,0,0,0,1,0,0,0
37965,0,0,0,0,0,1,0,0,0
37966,0,0,0,0,0,1,0,0,0
37967,0,0,0,0,0,1,0,0,0
37968,0,0,0,0,0,1,0,0,0
37969,0,0,0,0,0,1,0,0,0
37970,0,0,0,0,0,1,0,0,0
37971,0,0,0,0,0,1,0,0,0
37972,0,0,0,0,0,1,0,0,0
37973,0,0,0,0,0,1,0,0,0
37974,0,0,0,0,0,1,0,0,0
37975,0,0,0,0,0,1,0,0,0
37976,0,0,0,0,0,1,0,0,0
37977,0,0,0,0,0,1,0,0,0
37978,0,0,0,0,0,1,0,0,0
37979,0,0,0,0,0,1,0,0,0
37980,0,0,0,0,0,1,0,0,0
37981,0,0,0,0,0,1,0,0,0
37982,0,0,0,0,0,1,0,0,0
37983,0,0,0,0,0,1,0,0,0
37984,0,0,0,0,0,1,0,0,0
37985,0,0,0,0,0,1,0,0,0
37986,0,0,0,0,0,1,0,0,0
37987,0,0,0,0,0,1,0,0,0
37988,0,0,0,0,0,1,0,0,0
37989,0,0,0,0,0,1,0,0,0
37990,0,0,0,0,0,1,0,0,0
37991,0,0,0,0,0,1,0,0,0
37992,0,0,0,0,0,1,0,0,0
37993,0,0,0,0,0,1,0,0,0
37994,0,0,0,0,0,1,0,0,0
37995,0,0,0,0,0,1,0,0,0
37996,0,0,0,0,0,1,0,0,0
37997,0,0,0,0,0,1,0,0,0
37998,0,0,0,0,0,1,0,0,0
37999,0,0,0,0,0,1,0,0,0
38000,0,0,0,0,0,1,0,0,0
38001,0,0,0,0,0,1,0,0,0
38002,0,0,0,0,0,1,0,0,0
38003,0,0,0,0,0,1,0,0,0
38004,0,0,0,0,0,1,0,0,0
38005,0,0,0,0,0,1,0,0,0
38006,0,0,0,0,0,1,0,0,0
38007,0,0,0,0,0,1,0,0,0
38008,0,0,0,0,0,1,0,0,0
38009,0,0,0,0,0,1,0,0,0
38010,0,0,0,0,0,1,0,0,0
38011,0,0,0,0,0,1,0,0,0
38012,0,0,0,0,0,1,0,0,0
38013,0,0,0,0,0,1,0,0,0
38014,0,0,0,0,0,1,0,0,0
38015,0,0,0,0,0,1,0,0,0
38016,0,0,0,0,0,1,0,0,0
38017,0,0,0,0,0,1,0,0,0
38018,0,0,0,0,0,1,0,0,0
38019,0,0,0,0,0,1,0,0,0
38020,0,0,0,0,0,1,0,0,0
38021,0,0,0,0,0,1,0,0,0
38022,0,0,0,0,0,1,0,0,0
38023,0,0,0,0,0,1,0,0,0
38024,0,0,0,0,0,1,0,0,0
38025,0,0,0,0,0,1,0,0,0
38026,0,0,0,0,0,1,0,0,0
38027,0,0,0,0,0,1,0,0,0
38028,0,0,0,0,0,1,0,0,0
38029,0,0,0,0,0,1,0,0,0
38030,0,0,0,0,0,1,0,0,0
38031,0,0,0,0,0,1,0,0,0
38032,0,0,0,0,0,1,0,0,0
38033,0,0,0,0,0,1,0,0,0
38034,0,0,0,0,0,1,0,0,0
38035,0,0,0,0,0,1,0,0,0
38036,0,0,0,0,0,1,0,0,0
38037,0,0,0,0,0,1,0,0,0
38038,0,0,0,0,0,1,0,0,0
38039,0,0,0,0,0,1,0,0,0
38040,0,0,0,0,0,1,0,0,0
38041,0,0,0,0,0,1,0,0,0
38042,0,0,0,0,0,1,0,0,0
38043,0,0,0,0,0,1,0,0,0
38044,0,0,0,0,0,1,0,0,0
38045,0,0,0,0,0,1,0,0,0
38046,0,0,0,0,0,1,0,0,0
38047,0,0,0,0,0,1,0,0,0
38048,0,0,0,0,0,1,0,0,0
38049,0,0,0,0,0,1,0,0,0
38050,0,0,0,0,0,1,0,0,0
38051,0,0,0,0,0,1,0,0,0
38052,0,0,0,0,0,1,0,0,0
38053,0,0,0,0,0,1,0,0,0
38054,0,0,0,0,0,1,0,0,0
38055,0,0,0,0,0,1,0,0,0
38056,0,0,0,0,0,1,0,0,0
38057,0,0,0,0,0,1,0,0,0
38058,0,0,0,0,0,1,0,0,0
38059,0,0,0,0,0,1,0,0,0
38060,0,0,0,0,0,1,0,0,0
38061,0,0,0,0,0,1,0,0,0
38062,0,0,0,0,0,1,0,0,0
38063,0,0,0,0,0,1,0,0,0
38064,0,0,0,0,0,1,0,0,0
38065,0,0,0,0,0,1,0,0,0
38066,0,0,0,0,0,1,0,0,0
38067,0,0,0,0,0,1,0,0,0
38068,0,0,0,0,0,1,0,0,0
38069,0,0,0,0,0,1,0,0,0
38070,0,0,0,0,0,1,0,0,0
38071,0,0,0,0,0,1,0,0,0
38072,0,0,0,0,0,1,0,0,0
38073,0,0,0,0,0,1,0,0,0
38074,0,0,0,0,0,1,0,0,0
38075,0,0,0,0,0,1,0,0,0
38076,0,0,0,0,0,1,0,0,0
38077,0,0,0,0,0,1,0,0,0
38078,0,0,0,0,0,1,0,0,0
38079,0,0,0,0,0,1,0,0,0
38080,0,0,0,0,0,1,0,0,0
38081,0,0,0,0,0,1,0,0,0
38082,0,0,0,0,0,1,0,0,0
38083,0,0,0,0,0,1,0,0,0
38084,0,0,0,0,0,1,0,0,0
38085,0,0,0,0,0,1,0,0,0
38086,0,0,0,0,0,1,0,0,0
38087,0,0,0,0,0,1,0,0,0
38088,0,0,0,0,0,1,0,0,0
38089,0,0,0,0,0,1,0,0,0
38090,0,0,0,0,0,1,0,0,0
38091,0,0,0,0,0,1,0,0,0
38092,0,0,0,0,0,1,0,0,0
38093,0,0,0,0,0,1,0,0,0
38094,0,0,0,0,0,1,0,0,0
38095,0,0,0,0,0,1,0,0,0
38096,0,0,0,0,0,1,0,0,0
38097,0,0,0,0,0,1,0,0,0
38098,0,0,0,0,0,1,0,0,0
38099,0,0,0,0,0,1,0,0,0
38100,0,0,0,0,0,1,0,0,0
38101,0,0,0,0,0,1,0,0,0
38102,0,0,0,0,0,1,0,0,0
38103,0,0,0,0,0,1,0,0,0
38104,0,0,0,0,0,1,0,0,0
38105,0,0,0,0,0,1,0,0,0
38106,0,0,0,0,0,1,0,0,0
38107,0,0,0,0,0,1,0,0,0
38108,0,0,0,0,0,1,0,0,0
38109,0,0,0,0,0,1,0,0,0
38110,0,0,0,0,0,1,0,0,0
38111,0,0,0,0,0,1,0,0,0
38112,0,0,0,0,0,1,0,0,0
38113,0,0,0,0,0,1,0,0,0
38114,0,0,0,0,0,1,0,0,0
38115,0,0,0,0,0,1,0,0,0
38116,0,0,0,0,0,1,0,0,0
38117,0,0,0,0,0,1,0,0,0
38118,0,0,0,0,0,1,0,0,0
38119,0,0,0,0,0,1,0,0,0
38120,0,0,0,0,0,1,0,0,0
38121,0,0,0,0,0,1,0,0,0
38122,0,0,0,0,0,1,0,0,0
38123,0,0,0,0,0,1,0,0,0
38124,0,0,0,0,0,1,0,0,0
38125,0,0,0,0,0,1,0,0,0
38126,0,0,0,0,0,1,0,0,0
38127,0,0,0,0,0,1,0,0,0
38128,0,0,0,0,0,1,0,0,0
38129,0,0,0,0,0,1,0,0,0
38130,0,0,0,0,0,1,0,0,0
38131,0,0,0,0,0,1,0,0,0
38132,0,0,0,0,0,1,0,0,0
38133,0,0,0,0,0,1,0,0,0
38134,0,0,0,0,0,1,0,0,0
38135,0,0,0,0,0,1,0,0,0
38136,0,0,0,0,0,1,0,0,0
38137,0,0,0,0,0,1,0,0,0
38138,0,0,0,0,0,1,0,0,0
38139,0,0,0,0,0,1,0,0,0
38140,0,0,0,0,0,1,0,0,0
38141,0,0,0,0,0,1,0,0,0
38142,0,0,0,0,0,1,0,0,0
38143,0,0,0,0,0,1,0,0,0
38144,0,0,0,0,0,1,0,0,0
38145,0,0,0,0,0,1,0,0,0
38146,0,0,0,0,0,1,0,0,0
38147,0,0,0,0,0,1,0,0,0
38148,0,0,0,0,0,1,0,0,0
38149,0,0,0,0,0,1,0,0,0
38150,0,0,0,0,0,1,0,0,0
38151,0,0,0,0,0,1,0,0,0
38152,0,0,0,0,0,1,0,0,0
38153,0,0,0,0,0,1,0,0,0
38154,0,0,0,0,0,1,0,0,0
38155,0,0,0,0,0,1,0,0,0
38156,0,0,0,0,0,1,0,0,0
38157,0,0,0,0,0,1,0,0,0
38158,0,0,0,0,0,1,0,0,0
38159,0,0,0,0,0,1,0,0,0
38160,0,0,0,0,0,1,0,0,0
38161,0,0,0,0,0,1,0,0,0
38162,0,0,0,0,0,1,0,0,0
38163,0,0,0,0,0,1,0,0,0
38164,0,0,0,0,0,1,0,0,0
38165,0,0,0,0,0,1,0,0,0
38166,0,0,0,0,0,1,0,0,0
38167,0,0,0,0,0,1,0,0,0
38168,0,0,0,0,0,1,0,0,0
38169,0,0,0,0,0,1,0,0,0
38170,0,0,0,0,0,1,0,0,0
38171,0,0,0,0,0,1,0,0,0
38172,0,0,0,0,0,1,0,0,0
38173,0,0,0,0,0,1,0,0,0
38174,0,0,0,0,0,1,0,0,0
38175,0,0,0,0,0,1,0,0,0
38176,0,0,0,0,0,1,0,0,0
38177,0,0,0,0,0,1,0,0,0
38178,0,0,0,0,0,1,0,0,0
38179,0,0,0,0,0,1,0,0,0
38180,0,0,0,0,0,1,0,0,0
38181,0,0,0,0,0,1,0,0,0
38182,0,0,0,0,0,1,0,0,0
38183,0,0,0,0,0,1,0,0,0
38184,0,0,0,0,0,1,0,0,0
38185,0,0,0,0,0,1,0,0,0
38186,0,0,0,0,0,1,0,0,0
38187,0,0,0,0,0,1,0,0,0
38188,0,0,0,0,0,1,0,0,0
38189,0,0,0,0,0,1,0,0,0
38190,0,0,0,0,0,1,0,0,0
38191,0,0,0,0,0,1,0,0,0
38192,0,0,0,0,0,1,0,0,0
38193,0,0,0,0,0,1,0,0,0
38194,0,0,0,0,0,1,0,0,0
38195,0,0,0,0,0,1,0,0,0
38196,0,0,0,0,0,1,0,0,0
38197,0,0,0,0,0,1,0,0,0
38198,0,0,0,0,0,1,0,0,0
38199,0,0,0,0,0,1,0,0,0
38200,0,0,0,0,0,1,0,0,0
38201,0,0,0,0,0,1,0,0,0
38202,0,0,0,0,0,1,0,0,0
38203,0,0,0,0,0,1,0,0,0
38204,0,0,0,0,0,1,0,0,0
38205,0,0,0,0,0,1,0,0,0
38206,0,0,0,0,0,1,0,0,0
38207,0,0,0,0,0,1,0,0,0
38208,0,0,0,0,0,1,0,0,0
38209,0,0,0,0,0,1,0,0,0
38210,0,0,0,0,0,1,0,0,0
38211,0,0,0,0,0,1,0,0,0
38212,0,0,0,0,0,1,0,0,0
38213,0,0,0,0,0,1,0,0,0
38214,0,0,0,0,0,1,0,0,0
38215,0,0,0,0,0,1,0,0,0
38216,0,0,0,0,0,1,0,0,0
38217,0,0,0,0,0,1,0,0,0
38218,0,0,0,0,0,1,0,0,0
38219,0,0,0,0,0,1,0,0,0
38220,0,0,0,0,0,1,0,0,0
38221,0,0,0,0,0,1,0,0,0
38222,0,0,0,0,0,1,0,0,0
38223,0,0,0,0,0,1,0,0,0
38224,0,0,0,0,0,1,0,0,0
38225,0,0,0,0,0,1,0,0,0
38226,0,0,0,0,0,1,0,0,0
38227,0,0,0,0,0,1,0,0,0
38228,0,0,0,0,0,1,0,0,0
38229,0,0,0,0,0,1,0,0,0
38230,0,0,0,0,0,1,0,0,0
38231,0,0,0,0,0,1,0,0,0
38232,0,0,0,0,0,1,0,0,0
38233,0,0,0,0,0,1,0,0,0
38234,0,0,0,0,0,1,0,0,0
38235,0,0,0,0,0,1,0,0,0
38236,0,0,0,0,0,1,0,0,0
38237,0,0,0,0,0,1,0,0,0
38238,0,0,0,0,0,1,0,0,0
38239,0,0,0,0,0,1,0,0,0
38240,0,0,0,0,0,1,0,0,0
38241,0,0,0,0,0,1,0,0,0
38242,0,0,0,0,0,1,0,0,0
38243,0,0,0,0,0,1,0,0,0
38244,0,0,0,0,0,1,0,0,0
38245,0,0,0,0,0,1,0,0,0
38246,0,0,0,0,0,1,0,0,0
38247,0,0,0,0,0,1,0,0,0
38248,0,0,0,0,0,1,0,0,0
38249,0,0,0,0,0,1,0,0,0
38250,0,0,0,0,0,1,0,0,0
38251,0,0,0,0,0,1,0,0,0
38252,0,0,0,0,0,1,0,0,0
38253,0,0,0,0,0,1,0,0,0
38254,0,0,0,0,0,1,0,0,0
38255,0,0,0,0,0,1,0,0,0
38256,0,0,0,0,0,1,0,0,0
38257,0,0,0,0,0,1,0,0,0
38258,0,0,0,0,0,1,0,0,0
38259,0,0,0,0,0,1,0,0,0
38260,0,0,0,0,0,1,0,0,0
38261,0,0,0,0,0,1,0,0,0
38262,0,0,0,0,0,1,0,0,0
38263,0,0,0,0,0,1,0,0,0
38264,0,0,0,0,0,1,0,0,0
38265,0,0,0,0,0,1,0,0,0
38266,0,0,0,0,0,1,0,0,0
38267,0,0,0,0,0,1,0,0,0
38268,0,0,0,0,0,1,0,0,0
38269,0,0,0,0,0,1,0,0,0
38270,0,0,0,0,0,1,0,0,0
38271,0,0,0,0,0,1,0,0,0
38272,0,0,0,0,0,1,0,0,0
38273,0,0,0,0,0,1,0,0,0
38274,0,0,0,0,0,1,0,0,0
38275,0,0,0,0,0,1,0,0,0
38276,0,0,0,0,0,1,0,0,0
38277,0,0,0,0,0,1,0,0,0
38278,0,0,0,0,0,1,0,0,0
38279,0,0,0,0,0,1,0,0,0
38280,0,0,0,0,0,1,0,0,0
38281,0,0,0,0,0,1,0,0,0
38282,0,0,0,0,0,1,0,0,0
38283,0,0,0,0,0,1,0,0,0
38284,0,0,0,0,0,1,0,0,0
38285,0,0,0,0,0,1,0,0,0
38286,0,0,0,0,0,1,0,0,0
38287,0,0,0,0,0,1,0,0,0
38288,0,0,0,0,0,1,0,0,0
38289,0,0,0,0,0,1,0,0,0
38290,0,0,0,0,0,1,0,0,0
38291,0,0,0,0,0,1,0,0,0
38292,0,0,0,0,0,1,0,0,0
38293,0,0,0,0,0,1,0,0,0
38294,0,0,0,0,0,1,0,0,0
38295,0,0,0,0,0,1,0,0,0
38296,0,0,0,0,0,1,0,0,0
38297,0,0,0,0,0,1,0,0,0
38298,0,0,0,0,0,1,0,0,0
38299,0,0,0,0,0,1,0,0,0
38300,0,0,0,0,0,1,0,0,0
38301,0,0,0,0,0,1,0,0,0
38302,0,0,0,0,0,1,0,0,0
38303,0,0,0,0,0,1,0,0,0
38304,0,0,0,0,0,1,0,0,0
38305,0,0,0,0,0,1,0,0,0
38306,0,0,0,0,0,1,0,0,0
38307,0,0,0,0,0,1,0,0,0
38308,0,0,0,0,0,1,0,0,0
38309,0,0,0,0,0,1,0,0,0
38310,0,0,0,0,0,1,0,0,0
38311,0,0,0,0,0,1,0,0,0
38312,0,0,0,0,0,1,0,0,0
38313,0,0,0,0,0,1,0,0,0
38314,0,0,0,0,0,1,0,0,0
38315,0,0,0,0,0,1,0,0,0
38316,0,0,0,0,0,1,0,0,0
38317,0,0,0,0,0,1,0,0,0
38318,0,0,0,0,0,1,0,0,0
38319,0,0,0,0,0,1,0,0,0
38320,0,0,0,0,0,1,0,0,0
38321,0,0,0,0,0,1,0,0,0
38322,0,0,0,0,0,1,0,0,0
38323,0,0,0,0,0,1,0,0,0
38324,0,0,0,0,0,1,0,0,0
38325,0,0,0,0,0,1,0,0,0
38326,0,0,0,0,0,1,0,0,0
38327,0,0,0,0,0,1,0,0,0
38328,0,0,0,0,0,1,0,0,0
38329,0,0,0,0,0,1,0,0,0
38330,0,0,0,0,0,1,0,0,0
38331,0,0,0,0,0,1,0,0,0
38332,0,0,0,0,0,1,0,0,0
38333,0,0,0,0,0,1,0,0,0
38334,0,0,0,0,0,1,0,0,0
38335,0,0,0,0,0,1,0,0,0
38336,0,0,0,0,0,1,0,0,0
38337,0,0,0,0,0,1,0,0,0
38338,0,0,0,0,0,1,0,0,0
38339,0,0,0,0,0,1,0,0,0
38340,0,0,0,0,0,1,0,0,0
38341,0,0,0,0,0,1,0,0,0
38342,0,0,0,0,0,1,0,0,0
38343,0,0,0,0,0,1,0,0,0
38344,0,0,0,0,0,1,0,0,0
38345,0,0,0,0,0,1,0,0,0
38346,0,0,0,0,0,1,0,0,0
38347,0,0,0,0,0,1,0,0,0
38348,0,0,0,0,0,1,0,0,0
38349,0,0,0,0,0,1,0,0,0
38350,0,0,0,0,0,1,0,0,0
38351,0,0,0,0,0,1,0,0,0
38352,0,0,0,0,0,1,0,0,0
38353,0,0,0,0,0,1,0,0,0
38354,0,0,0,0,0,1,0,0,0
38355,0,0,0,0,0,1,0,0,0
38356,0,0,0,0,0,1,0,0,0
38357,0,0,0,0,0,1,0,0,0
38358,0,0,0,0,0,1,0,0,0
38359,0,0,0,0,0,1,0,0,0
38360,0,0,0,0,0,1,0,0,0
38361,0,0,0,0,0,1,0,0,0
38362,0,0,0,0,0,1,0,0,0
38363,0,0,0,0,0,1,0,0,0
38364,0,0,0,0,0,1,0,0,0
38365,0,0,0,0,0,1,0,0,0
38366,0,0,0,0,0,1,0,0,0
38367,0,0,0,0,0,1,0,0,0
38368,0,0,0,0,0,1,0,0,0
38369,0,0,0,0,0,1,0,0,0
38370,0,0,0,0,0,1,0,0,0
38371,0,0,0,0,0,1,0,0,0
38372,0,0,0,0,0,1,0,0,0
38373,0,0,0,0,0,1,0,0,0
38374,0,0,0,0,0,1,0,0,0
38375,0,0,0,0,0,1,0,0,0
38376,0,0,0,0,0,1,0,0,0
38377,0,0,0,0,0,1,0,0,0
38378,0,0,0,0,0,1,0,0,0
38379,0,0,0,0,0,1,0,0,0
38380,0,0,0,0,0,1,0,0,0
38381,0,0,0,0,0,1,0,0,0
38382,0,0,0,0,0,1,0,0,0
38383,0,0,0,0,0,1,0,0,0
38384,0,0,0,0,0,1,0,0,0
38385,0,0,0,0,0,1,0,0,0
38386,0,0,0,0,0,1,0,0,0
38387,0,0,0,0,0,1,0,0,0
38388,0,0,0,0,0,1,0,0,0
38389,0,0,0,0,0,1,0,0,0
38390,0,0,0,0,0,1,0,0,0
38391,0,0,0,0,0,1,0,0,0
38392,0,0,0,0,0,1,0,0,0
38393,0,0,0,0,0,1,0,0,0
38394,0,0,0,0,0,1,0,0,0
38395,0,0,0,0,0,1,0,0,0
38396,0,0,0,0,0,1,0,0,0
38397,0,0,0,0,0,1,0,0,0
38398,0,0,0,0,0,1,0,0,0
38399,0,0,0,0,0,1,0,0,0
38400,0,0,0,0,0,1,0,0,0
38401,0,0,0,0,0,1,0,0,0
38402,0,0,0,0,0,1,0,0,0
38403,0,0,0,0,0,1,0,0,0
38404,0,0,0,0,0,1,0,0,0
38405,0,0,0,0,0,1,0,0,0
38406,0,0,0,0,0,1,0,0,0
38407,0,0,0,0,0,1,0,0,0
38408,0,0,0,0,0,1,0,0,0
38409,0,0,0,0,0,1,0,0,0
38410,0,0,0,0,0,1,0,0,0
38411,0,0,0,0,0,1,0,0,0
38412,0,0,0,0,0,1,0,0,0
38413,0,0,0,0,0,1,0,0,0
38414,0,0,0,0,0,1,0,0,0
38415,0,0,0,0,0,1,0,0,0
38416,0,0,0,0,0,1,0,0,0
38417,0,0,0,0,0,1,0,0,0
38418,0,0,0,0,0,1,0,0,0
38419,0,0,0,0,0,1,0,0,0
38420,0,0,0,0,0,1,0,0,0
38421,0,0,0,0,0,1,0,0,0
38422,0,0,0,0,0,1,0,0,0
38423,0,0,0,0,0,1,0,0,0
38424,0,0,0,0,0,1,0,0,0
38425,0,0,0,0,0,1,0,0,0
38426,0,0,0,0,0,1,0,0,0
38427,0,0,0,0,0,1,0,0,0
38428,0,0,0,0,0,1,0,0,0
38429,0,0,0,0,0,1,0,0,0
38430,0,0,0,0,0,1,0,0,0
38431,0,0,0,0,0,1,0,0,0
38432,0,0,0,0,0,1,0,0,0
38433,0,0,0,0,0,1,0,0,0
38434,0,0,0,0,0,1,0,0,0
38435,0,0,0,0,0,1,0,0,0
38436,0,0,0,0,0,1,0,0,0
38437,0,0,0,0,0,1,0,0,0
38438,0,0,0,0,0,1,0,0,0
38439,0,0,0,0,0,1,0,0,0
38440,0,0,0,0,0,1,0,0,0
38441,0,0,0,0,0,1,0,0,0
38442,0,0,0,0,0,1,0,0,0
38443,0,0,0,0,0,1,0,0,0
38444,0,0,0,0,0,1,0,0,0
38445,0,0,0,0,0,1,0,0,0
38446,0,0,0,0,0,1,0,0,0
38447,0,0,0,0,0,1,0,0,0
38448,0,0,0,0,0,1,0,0,0
38449,0,0,0,0,0,1,0,0,0
38450,0,0,0,0,0,1,0,0,0
38451,0,0,0,0,0,1,0,0,0
38452,0,0,0,0,0,1,0,0,0
38453,0,0,0,0,0,1,0,0,0
38454,0,0,0,0,0,1,0,0,0
38455,0,0,0,0,0,1,0,0,0
38456,0,0,0,0,0,1,0,0,0
38457,0,0,0,0,0,1,0,0,0
38458,0,0,0,0,0,1,0,0,0
38459,0,0,0,0,0,1,0,0,0
38460,0,0,0,0,0,1,0,0,0
38461,0,0,0,0,0,1,0,0,0
38462,0,0,0,0,0,1,0,0,0
38463,0,0,0,0,0,1,0,0,0
38464,0,0,0,0,0,1,0,0,0
38465,0,0,0,0,0,1,0,0,0
38466,0,0,0,0,0,1,0,0,0
38467,0,0,0,0,0,1,0,0,0
38468,0,0,0,0,0,1,0,0,0
38469,0,0,0,0,0,1,0,0,0
38470,0,0,0,0,0,1,0,0,0
38471,0,0,0,0,0,1,0,0,0
38472,0,0,0,0,0,1,0,0,0
38473,0,0,0,0,0,1,0,0,0
38474,0,0,0,0,0,1,0,0,0
38475,0,0,0,0,0,1,0,0,0
38476,0,0,0,0,0,1,0,0,0
38477,0,0,0,0,0,1,0,0,0
38478,0,0,0,0,0,1,0,0,0
38479,0,0,0,0,0,1,0,0,0
38480,0,0,0,0,0,1,0,0,0
38481,0,0,0,0,0,1,0,0,0
38482,0,0,0,0,0,1,0,0,0
38483,0,0,0,0,0,1,0,0,0
38484,0,0,0,0,0,1,0,0,0
38485,0,0,0,0,0,1,0,0,0
38486,0,0,0,0,0,1,0,0,0
38487,0,0,0,0,0,1,0,0,0
38488,0,0,0,0,0,1,0,0,0
38489,0,0,0,0,0,1,0,0,0
38490,0,0,0,0,0,1,0,0,0
38491,0,0,0,0,0,1,0,0,0
38492,0,0,0,0,0,1,0,0,0
38493,0,0,0,0,0,1,0,0,0
38494,0,0,0,0,0,1,0,0,0
38495,0,0,0,0,0,1,0,0,0
38496,0,0,0,0,0,1,0,0,0
38497,0,0,0,0,0,1,0,0,0
38498,0,0,0,0,0,1,0,0,0
38499,0,0,0,0,0,1,0,0,0
38500,0,0,0,0,0,1,0,0,0
38501,0,0,0,0,0,1,0,0,0
38502,0,0,0,0,0,1,0,0,0
38503,0,0,0,0,0,1,0,0,0
38504,0,0,0,0,0,1,0,0,0
38505,0,0,0,0,0,1,0,0,0
38506,0,0,0,0,0,1,0,0,0
38507,0,0,0,0,0,1,0,0,0
38508,0,0,0,0,0,1,0,0,0
38509,0,0,0,0,0,1,0,0,0
38510,0,0,0,0,0,1,0,0,0
38511,0,0,0,0,0,1,0,0,0
38512,0,0,0,0,0,1,0,0,0
38513,0,0,0,0,0,1,0,0,0
38514,0,0,0,0,0,1,0,0,0
38515,0,0,0,0,0,1,0,0,0
38516,0,0,0,0,0,1,0,0,0
38517,0,0,0,0,0,1,0,0,0
38518,0,0,0,0,0,1,0,0,0
38519,0,0,0,0,0,1,0,0,0
38520,0,0,0,0,0,1,0,0,0
38521,0,0,0,0,0,1,0,0,0
38522,0,0,0,0,0,1,0,0,0
38523,0,0,0,0,0,1,0,0,0
38524,0,0,0,0,0,1,0,0,0
38525,0,0,0,0,0,1,0,0,0
38526,0,0,0,0,0,1,0,0,0
38527,0,0,0,0,0,1,0,0,0
38528,0,0,0,0,0,1,0,0,0
38529,0,0,0,0,0,1,0,0,0
38530,0,0,0,0,0,1,0,0,0
38531,0,0,0,0,0,1,0,0,0
38532,0,0,0,0,0,1,0,0,0
38533,0,0,0,0,0,1,0,0,0
38534,0,0,0,0,0,1,0,0,0
38535,0,0,0,0,0,1,0,0,0
38536,0,0,0,0,0,1,0,0,0
38537,0,0,0,0,0,1,0,0,0
38538,0,0,0,0,0,1,0,0,0
38539,0,0,0,0,0,1,0,0,0
38540,0,0,0,0,0,1,0,0,0
38541,0,0,0,0,0,1,0,0,0
38542,0,0,0,0,0,1,0,0,0
38543,0,0,0,0,0,1,0,0,0
38544,0,0,0,0,0,1,0,0,0
38545,0,0,0,0,0,1,0,0,0
38546,0,0,0,0,0,1,0,0,0
38547,0,0,0,0,0,1,0,0,0
38548,0,0,0,0,0,1,0,0,0
38549,0,0,0,0,0,1,0,0,0
38550,0,0,0,0,0,1,0,0,0
38551,0,0,0,0,0,1,0,0,0
38552,0,0,0,0,0,1,0,0,0
38553,0,0,0,0,0,1,0,0,0
38554,0,0,0,0,0,1,0,0,0
38555,0,0,0,0,0,1,0,0,0
38556,0,0,0,0,0,1,0,0,0
38557,0,0,0,0,0,1,0,0,0
38558,0,0,0,0,0,1,0,0,0
38559,0,0,0,0,0,1,0,0,0
38560,0,0,0,0,0,1,0,0,0
38561,0,0,0,0,0,1,0,0,0
38562,0,0,0,0,0,1,0,0,0
38563,0,0,0,0,0,1,0,0,0
38564,0,0,0,0,0,1,0,0,0
38565,0,0,0,0,0,1,0,0,0
38566,0,0,0,0,0,1,0,0,0
38567,0,0,0,0,0,1,0,0,0
38568,0,0,0,0,0,1,0,0,0
38569,0,0,0,0,0,1,0,0,0
38570,0,0,0,0,0,1,0,0,0
38571,0,0,0,0,0,1,0,0,0
38572,0,0,0,0,0,1,0,0,0
38573,0,0,0,0,0,1,0,0,0
38574,0,0,0,0,0,1,0,0,0
38575,0,0,0,0,0,1,0,0,0
38576,0,0,0,0,0,1,0,0,0
38577,0,0,0,0,0,1,0,0,0
38578,0,0,0,0,0,1,0,0,0
38579,0,0,0,0,0,1,0,0,0
38580,0,0,0,0,0,1,0,0,0
38581,0,0,0,0,0,1,0,0,0
38582,0,0,0,0,0,1,0,0,0
38583,0,0,0,0,0,1,0,0,0
38584,0,0,0,0,0,1,0,0,0
38585,0,0,0,0,0,1,0,0,0
38586,0,0,0,0,0,1,0,0,0
38587,0,0,0,0,0,1,0,0,0
38588,0,0,0,0,0,1,0,0,0
38589,0,0,0,0,0,1,0,0,0
38590,0,0,0,0,0,1,0,0,0
38591,0,0,0,0,0,1,0,0,0
38592,0,0,0,0,0,1,0,0,0
38593,0,0,0,0,0,1,0,0,0
38594,0,0,0,0,0,1,0,0,0
38595,0,0,0,0,0,1,0,0,0
38596,0,0,0,0,0,1,0,0,0
38597,0,0,0,0,0,1,0,0,0
38598,0,0,0,0,0,1,0,0,0
38599,0,0,0,0,0,1,0,0,0
38600,0,0,0,0,0,1,0,0,0
38601,0,0,0,0,0,1,0,0,0
38602,0,0,0,0,0,1,0,0,0
38603,0,0,0,0,0,1,0,0,0
38604,0,0,0,0,0,1,0,0,0
38605,0,0,0,0,0,1,0,0,0
38606,0,0,0,0,0,1,0,0,0
38607,0,0,0,0,0,1,0,0,0
38608,0,0,0,0,0,1,0,0,0
38609,0,0,0,0,0,1,0,0,0
38610,0,0,0,0,0,1,0,0,0
38611,0,0,0,0,0,1,0,0,0
38612,0,0,0,0,0,1,0,0,0
38613,0,0,0,0,0,1,0,0,0
38614,0,0,0,0,0,1,0,0,0
38615,0,0,0,0,0,1,0,0,0
38616,0,0,0,0,0,1,0,0,0
38617,0,0,0,0,0,1,0,0,0
38618,0,0,0,0,0,1,0,0,0
38619,0,0,0,0,0,1,0,0,0
38620,0,0,0,0,0,1,0,0,0
38621,0,0,0,0,0,1,0,0,0
38622,0,0,0,0,0,1,0,0,0
38623,0,0,0,0,0,1,0,0,0
38624,0,0,0,0,0,1,0,0,0
38625,0,0,0,0,0,1,0,0,0
38626,0,0,0,0,0,1,0,0,0
38627,0,0,0,0,0,1,0,0,0
38628,0,0,0,0,0,1,0,0,0
38629,0,0,0,0,0,1,0,0,0
38630,0,0,0,0,0,1,0,0,0
38631,0,0,0,0,0,1,0,0,0
38632,0,0,0,0,0,1,0,0,0
38633,0,0,0,0,0,1,0,0,0
38634,0,0,0,0,0,1,0,0,0
38635,0,0,0,0,0,1,0,0,0
38636,0,0,0,0,0,1,0,0,0
38637,0,0,0,0,0,1,0,0,0
38638,0,0,0,0,0,1,0,0,0
38639,0,0,0,0,0,1,0,0,0
38640,0,0,0,0,0,1,0,0,0
38641,0,0,0,0,0,1,0,0,0
38642,0,0,0,0,0,1,0,0,0
38643,0,0,0,0,0,1,0,0,0
38644,0,0,0,0,0,1,0,0,0
38645,0,0,0,0,0,1,0,0,0
38646,0,0,0,0,0,1,0,0,0
38647,0,0,0,0,0,1,0,0,0
38648,0,0,0,0,0,1,0,0,0
38649,0,0,0,0,0,1,0,0,0
38650,0,0,0,0,0,1,0,0,0
38651,0,0,0,0,0,1,0,0,0
38652,0,0,0,0,0,1,0,0,0
38653,0,0,0,0,0,1,0,0,0
38654,0,0,0,0,0,1,0,0,0
38655,0,0,0,0,0,1,0,0,0
38656,0,0,0,0,0,1,0,0,0
38657,0,0,0,0,0,1,0,0,0
38658,0,0,0,0,0,1,0,0,0
38659,0,0,0,0,0,1,0,0,0
38660,0,0,0,0,0,1,0,0,0
38661,0,0,0,0,0,1,0,0,0
38662,0,0,0,0,0,1,0,0,0
38663,0,0,0,0,0,1,0,0,0
38664,0,0,0,0,0,1,0,0,0
38665,0,0,0,0,0,1,0,0,0
38666,0,0,0,0,0,1,0,0,0
38667,0,0,0,0,0,1,0,0,0
38668,0,0,0,0,0,1,0,0,0
38669,0,0,0,0,0,1,0,0,0
38670,0,0,0,0,0,1,0,0,0
38671,0,0,0,0,0,1,0,0,0
38672,0,0,0,0,0,1,0,0,0
38673,0,0,0,0,0,1,0,0,0
38674,0,0,0,0,0,1,0,0,0
38675,0,0,0,0,0,1,0,0,0
38676,0,0,0,0,0,1,0,0,0
38677,0,0,0,0,0,1,0,0,0
38678,0,0,0,0,0,1,0,0,0
38679,0,0,0,0,0,1,0,0,0
38680,0,0,0,0,0,1,0,0,0
38681,0,0,0,0,0,1,0,0,0
38682,0,0,0,0,0,1,0,0,0
38683,0,0,0,0,0,1,0,0,0
38684,0,0,0,0,0,1,0,0,0
38685,0,0,0,0,0,1,0,0,0
38686,0,0,0,0,0,1,0,0,0
38687,0,0,0,0,0,1,0,0,0
38688,0,0,0,0,0,1,0,0,0
38689,0,0,0,0,0,1,0,0,0
38690,0,0,0,0,0,1,0,0,0
38691,0,0,0,0,0,1,0,0,0
38692,0,0,0,0,0,1,0,0,0
38693,0,0,0,0,0,1,0,0,0
38694,0,0,0,0,0,1,0,0,0
38695,0,0,0,0,0,1,0,0,0
38696,0,0,0,0,0,1,0,0,0
38697,0,0,0,0,0,1,0,0,0
38698,0,0,0,0,0,1,0,0,0
38699,0,0,0,0,0,1,0,0,0
38700,0,0,0,0,0,1,0,0,0
38701,0,0,0,0,0,1,0,0,0
38702,0,0,0,0,0,1,0,0,0
38703,0,0,0,0,0,1,0,0,0
38704,0,0,0,0,0,1,0,0,0
38705,0,0,0,0,0,1,0,0,0
38706,0,0,0,0,0,1,0,0,0
38707,0,0,0,0,0,1,0,0,0
38708,0,0,0,0,0,1,0,0,0
38709,0,0,0,0,0,1,0,0,0
38710,0,0,0,0,0,1,0,0,0
38711,0,0,0,0,0,1,0,0,0
38712,0,0,0,0,0,1,0,0,0
38713,0,0,0,0,0,1,0,0,0
38714,0,0,0,0,0,1,0,0,0
38715,0,0,0,0,0,1,0,0,0
38716,0,0,0,0,0,1,0,0,0
38717,0,0,0,0,0,1,0,0,0
38718,0,0,0,0,0,1,0,0,0
38719,0,0,0,0,0,1,0,0,0
38720,0,0,0,0,0,1,0,0,0
38721,0,0,0,0,0,1,0,0,0
38722,0,0,0,0,0,1,0,0,0
38723,0,0,0,0,0,1,0,0,0
38724,0,0,0,0,0,1,0,0,0
38725,0,0,0,0,0,1,0,0,0
38726,0,0,0,0,0,1,0,0,0
38727,0,0,0,0,0,1,0,0,0
38728,0,0,0,0,0,1,0,0,0
38729,0,0,0,0,0,1,0,0,0
38730,0,0,0,0,0,1,0,0,0
38731,0,0,0,0,0,1,0,0,0
38732,0,0,0,0,0,1,0,0,0
38733,0,0,0,0,0,1,0,0,0
38734,0,0,0,0,0,1,0,0,0
38735,0,0,0,0,0,1,0,0,0
38736,0,0,0,0,0,1,0,0,0
38737,0,0,0,0,0,1,0,0,0
38738,0,0,0,0,0,1,0,0,0
38739,0,0,0,0,0,1,0,0,0
38740,0,0,0,0,0,1,0,0,0
38741,0,0,0,0,0,1,0,0,0
38742,0,0,0,0,0,1,0,0,0
38743,0,0,0,0,0,1,0,0,0
38744,0,0,0,0,0,1,0,0,0
38745,0,0,0,0,0,1,0,0,0
38746,0,0,0,0,0,1,0,0,0
38747,0,0,0,0,0,1,0,0,0
38748,0,0,0,0,0,1,0,0,0
38749,0,0,0,0,0,1,0,0,0
38750,0,0,0,0,0,1,0,0,0
38751,0,0,0,0,0,1,0,0,0
38752,0,0,0,0,0,1,0,0,0
38753,0,0,0,0,0,1,0,0,0
38754,0,0,0,0,0,1,0,0,0
38755,0,0,0,0,0,1,0,0,0
38756,0,0,0,0,0,1,0,0,0
38757,0,0,0,0,0,1,0,0,0
38758,0,0,0,0,0,1,0,0,0
38759,0,0,0,0,0,1,0,0,0
38760,0,0,0,0,0,1,0,0,0
38761,0,0,0,0,0,1,0,0,0
38762,0,0,0,0,0,1,0,0,0
38763,0,0,0,0,0,1,0,0,0
38764,0,0,0,0,0,1,0,0,0
38765,0,0,0,0,0,1,0,0,0
38766,0,0,0,0,0,1,0,0,0
38767,0,0,0,0,0,1,0,0,0
38768,0,0,0,0,0,1,0,0,0
38769,0,0,0,0,0,1,0,0,0
38770,0,0,0,0,0,1,0,0,0
38771,0,0,0,0,0,1,0,0,0
38772,0,0,0,0,0,1,0,0,0
38773,0,0,0,0,0,1,0,0,0
38774,0,0,0,0,0,1,0,0,0
38775,0,0,0,0,0,1,0,0,0
38776,0,0,0,0,0,1,0,0,0
38777,0,0,0,0,0,1,0,0,0
38778,0,0,0,0,0,1,0,0,0
38779,0,0,0,0,0,1,0,0,0
38780,0,0,0,0,0,1,0,0,0
38781,0,0,0,0,0,1,0,0,0
38782,0,0,0,0,0,1,0,0,0
38783,0,0,0,0,0,1,0,0,0
38784,0,0,0,0,0,1,0,0,0
38785,0,0,0,0,0,1,0,0,0
38786,0,0,0,0,0,1,0,0,0
38787,0,0,0,0,0,1,0,0,0
38788,0,0,0,0,0,1,0,0,0
38789,0,0,0,0,0,1,0,0,0
38790,0,0,0,0,0,1,0,0,0
38791,0,0,0,0,0,1,0,0,0
38792,0,0,0,0,0,1,0,0,0
38793,0,0,0,0,0,1,0,0,0
38794,0,0,0,0,0,1,0,0,0
38795,0,0,0,0,0,1,0,0,0
38796,0,0,0,0,0,1,0,0,0
38797,0,0,0,0,0,1,0,0,0
38798,0,0,0,0,0,1,0,0,0
38799,0,0,0,0,0,1,0,0,0
38800,0,0,0,0,0,1,0,0,0
38801,0,0,0,0,0,1,0,0,0
38802,0,0,0,0,0,1,0,0,0
38803,0,0,0,0,0,1,0,0,0
38804,0,0,0,0,0,1,0,0,0
38805,0,0,0,0,0,1,0,0,0
38806,0,0,0,0,0,1,0,0,0
38807,0,0,0,0,0,1,0,0,0
38808,0,0,0,0,0,1,0,0,0
38809,0,0,0,0,0,1,0,0,0
38810,0,0,0,0,0,1,0,0,0
38811,0,0,0,0,0,1,0,0,0
38812,0,0,0,0,0,1,0,0,0
38813,0,0,0,0,0,1,0,0,0
38814,0,0,0,0,0,1,0,0,0
38815,0,0,0,0,0,1,0,0,0
38816,0,0,0,0,0,1,0,0,0
38817,0,0,0,0,0,1,0,0,0
38818,0,0,0,0,0,1,0,0,0
38819,0,0,0,0,0,1,0,0,0
38820,0,0,0,0,0,1,0,0,0
38821,0,0,0,0,0,1,0,0,0
38822,0,0,0,0,0,1,0,0,0
38823,0,0,0,0,0,1,0,0,0
38824,0,0,0,0,0,1,0,0,0
38825,0,0,0,0,0,1,0,0,0
38826,0,0,0,0,0,1,0,0,0
38827,0,0,0,0,0,1,0,0,0
38828,0,0,0,0,0,1,0,0,0
38829,0,0,0,0,0,1,0,0,0
38830,0,0,0,0,0,1,0,0,0
38831,0,0,0,0,0,1,0,0,0
38832,0,0,0,0,0,1,0,0,0
38833,0,0,0,0,0,1,0,0,0
38834,0,0,0,0,0,1,0,0,0
38835,0,0,0,0,0,1,0,0,0
38836,0,0,0,0,0,1,0,0,0
38837,0,0,0,0,0,1,0,0,0
38838,0,0,0,0,0,1,0,0,0
38839,0,0,0,0,0,1,0,0,0
38840,0,0,0,0,0,1,0,0,0
38841,0,0,0,0,0,1,0,0,0
38842,0,0,0,0,0,1,0,0,0
38843,0,0,0,0,0,1,0,0,0
38844,0,0,0,0,0,1,0,0,0
38845,0,0,0,0,0,1,0,0,0
38846,0,0,0,0,0,1,0,0,0
38847,0,0,0,0,0,1,0,0,0
38848,0,0,0,0,0,1,0,0,0
38849,0,0,0,0,0,1,0,0,0
38850,0,0,0,0,0,1,0,0,0
38851,0,0,0,0,0,1,0,0,0
38852,0,0,0,0,0,1,0,0,0
38853,0,0,0,0,0,1,0,0,0
38854,0,0,0,0,0,1,0,0,0
38855,0,0,0,0,0,1,0,0,0
38856,0,0,0,0,0,1,0,0,0
38857,0,0,0,0,0,1,0,0,0
38858,0,0,0,0,0,1,0,0,0
38859,0,0,0,0,0,1,0,0,0
38860,0,0,0,0,0,1,0,0,0
38861,0,0,0,0,0,1,0,0,0
38862,0,0,0,0,0,1,0,0,0
38863,0,0,0,0,0,1,0,0,0
38864,0,0,0,0,0,1,0,0,0
38865,0,0,0,0,0,1,0,0,0
38866,0,0,0,0,0,1,0,0,0
38867,0,0,0,0,0,1,0,0,0
38868,0,0,0,0,0,1,0,0,0
38869,0,0,0,0,0,1,0,0,0
38870,0,0,0,0,0,1,0,0,0
38871,0,0,0,0,0,1,0,0,0
38872,0,0,0,0,0,1,0,0,0
38873,0,0,0,0,0,1,0,0,0
38874,0,0,0,0,0,1,0,0,0
38875,0,0,0,0,0,1,0,0,0
38876,0,0,0,0,0,1,0,0,0
38877,0,0,0,0,0,1,0,0,0
38878,0,0,0,0,0,1,0,0,0
38879,0,0,0,0,0,1,0,0,0
38880,0,0,0,0,0,1,0,0,0
38881,0,0,0,0,0,1,0,0,0
38882,0,0,0,0,0,1,0,0,0
38883,0,0,0,0,0,1,0,0,0
38884,0,0,0,0,0,1,0,0,0
38885,0,0,0,0,0,1,0,0,0
38886,0,0,0,0,0,1,0,0,0
38887,0,0,0,0,0,1,0,0,0
38888,0,0,0,0,0,1,0,0,0
38889,0,0,0,0,0,1,0,0,0
38890,0,0,0,0,0,1,0,0,0
38891,0,0,0,0,0,1,0,0,0
38892,0,0,0,0,0,1,0,0,0
38893,0,0,0,0,0,1,0,0,0
38894,0,0,0,0,0,1,0,0,0
38895,0,0,0,0,0,1,0,0,0
38896,0,0,0,0,0,1,0,0,0
38897,0,0,0,0,0,1,0,0,0
38898,0,0,0,0,0,1,0,0,0
38899,0,0,0,0,0,1,0,0,0
38900,0,0,0,0,0,1,0,0,0
38901,0,0,0,0,0,1,0,0,0
38902,0,0,0,0,0,1,0,0,0
38903,0,0,0,0,0,1,0,0,0
38904,0,0,0,0,0,1,0,0,0
38905,0,0,0,0,0,1,0,0,0
38906,0,0,0,0,0,1,0,0,0
38907,0,0,0,0,0,1,0,0,0
38908,0,0,0,0,0,1,0,0,0
38909,0,0,0,0,0,1,0,0,0
38910,0,0,0,0,0,1,0,0,0
38911,0,0,0,0,0,1,0,0,0
38912,0,0,0,0,0,1,0,0,0
38913,0,0,0,0,0,1,0,0,0
38914,0,0,0,0,0,1,0,0,0
38915,0,0,0,0,0,1,0,0,0
38916,0,0,0,0,0,1,0,0,0
38917,0,0,0,0,0,1,0,0,0
38918,0,0,0,0,0,1,0,0,0
38919,0,0,0,0,0,1,0,0,0
38920,0,0,0,0,0,1,0,0,0
38921,0,0,0,0,0,1,0,0,0
38922,0,0,0,0,0,1,0,0,0
38923,0,0,0,0,0,1,0,0,0
38924,0,0,0,0,0,1,0,0,0
38925,0,0,0,0,0,1,0,0,0
38926,0,0,0,0,0,1,0,0,0
38927,0,0,0,0,0,1,0,0,0
38928,0,0,0,0,0,1,0,0,0
38929,0,0,0,0,0,1,0,0,0
38930,0,0,0,0,0,1,0,0,0
38931,0,0,0,0,0,1,0,0,0
38932,0,0,0,0,0,1,0,0,0
38933,0,0,0,0,0,1,0,0,0
38934,0,0,0,0,0,1,0,0,0
38935,0,0,0,0,0,1,0,0,0
38936,0,0,0,0,0,1,0,0,0
38937,0,0,0,0,0,1,0,0,0
38938,0,0,0,0,0,1,0,0,0
38939,0,0,0,0,0,1,0,0,0
38940,0,0,0,0,0,1,0,0,0
38941,0,0,0,0,0,1,0,0,0
38942,0,0,0,0,0,1,0,0,0
38943,0,0,0,0,0,1,0,0,0
38944,0,0,0,0,0,1,0,0,0
38945,0,0,0,0,0,1,0,0,0
38946,0,0,0,0,0,1,0,0,0
38947,0,0,0,0,0,1,0,0,0
38948,0,0,0,0,0,1,0,0,0
38949,0,0,0,0,0,1,0,0,0
38950,0,0,0,0,0,1,0,0,0
38951,0,0,0,0,0,1,0,0,0
38952,0,0,0,0,0,1,0,0,0
38953,0,0,0,0,0,1,0,0,0
38954,0,0,0,0,0,1,0,0,0
38955,0,0,0,0,0,1,0,0,0
38956,0,0,0,0,0,1,0,0,0
38957,0,0,0,0,0,1,0,0,0
38958,0,0,0,0,0,1,0,0,0
38959,0,0,0,0,0,1,0,0,0
38960,0,0,0,0,0,1,0,0,0
38961,0,0,0,0,0,1,0,0,0
38962,0,0,0,0,0,1,0,0,0
38963,0,0,0,0,0,1,0,0,0
38964,0,0,0,0,0,1,0,0,0
38965,0,0,0,0,0,1,0,0,0
38966,0,0,0,0,0,1,0,0,0
38967,0,0,0,0,0,1,0,0,0
38968,0,0,0,0,0,1,0,0,0
38969,0,0,0,0,0,1,0,0,0
38970,0,0,0,0,0,1,0,0,0
38971,0,0,0,0,0,1,0,0,0
38972,0,0,0,0,0,1,0,0,0
38973,0,0,0,0,0,1,0,0,0
38974,0,0,0,0,0,1,0,0,0
38975,0,0,0,0,0,1,0,0,0
38976,0,0,0,0,0,1,0,0,0
38977,0,0,0,0,0,1,0,0,0
38978,0,0,0,0,0,1,0,0,0
38979,0,0,0,0,0,1,0,0,0
38980,0,0,0,0,0,1,0,0,0
38981,0,0,0,0,0,1,0,0,0
38982,0,0,0,0,0,1,0,0,0
38983,0,0,0,0,0,1,0,0,0
38984,0,0,0,0,0,1,0,0,0
38985,0,0,0,0,0,1,0,0,0
38986,0,0,0,0,0,1,0,0,0
38987,0,0,0,0,0,1,0,0,0
38988,0,0,0,0,0,1,0,0,0
38989,0,0,0,0,0,1,0,0,0
38990,0,0,0,0,0,1,0,0,0
38991,0,0,0,0,0,1,0,0,0
38992,0,0,0,0,0,1,0,0,0
38993,0,0,0,0,0,1,0,0,0
38994,0,0,0,0,0,1,0,0,0
38995,0,0,0,0,0,1,0,0,0
38996,0,0,0,0,0,1,0,0,0
38997,0,0,0,0,0,1,0,0,0
38998,0,0,0,0,0,1,0,0,0
38999,0,0,0,0,0,1,0,0,0
39000,0,0,0,0,0,1,0,0,0
39001,0,0,0,0,0,1,0,0,0
39002,0,0,0,0,0,1,0,0,0
39003,0,0,0,0,0,1,0,0,0
39004,0,0,0,0,0,1,0,0,0
39005,0,0,0,0,0,1,0,0,0
39006,0,0,0,0,0,1,0,0,0
39007,0,0,0,0,0,1,0,0,0
39008,0,0,0,0,0,1,0,0,0
39009,0,0,0,0,0,1,0,0,0
39010,0,0,0,0,0,1,0,0,0
39011,0,0,0,0,0,1,0,0,0
39012,0,0,0,0,0,1,0,0,0
39013,0,0,0,0,0,1,0,0,0
39014,0,0,0,0,0,1,0,0,0
39015,0,0,0,0,0,1,0,0,0
39016,0,0,0,0,0,1,0,0,0
39017,0,0,0,0,0,1,0,0,0
39018,0,0,0,0,0,1,0,0,0
39019,0,0,0,0,0,1,0,0,0
39020,0,0,0,0,0,1,0,0,0
39021,0,0,0,0,0,1,0,0,0
39022,0,0,0,0,0,1,0,0,0
39023,0,0,0,0,0,1,0,0,0
39024,0,0,0,0,0,1,0,0,0
39025,0,0,0,0,0,1,0,0,0
39026,0,0,0,0,0,1,0,0,0
39027,0,0,0,0,0,1,0,0,0
39028,0,0,0,0,0,1,0,0,0
39029,0,0,0,0,0,1,0,0,0
39030,0,0,0,0,0,1,0,0,0
39031,0,0,0,0,0,1,0,0,0
39032,0,0,0,0,0,1,0,0,0
39033,0,0,0,0,0,1,0,0,0
39034,0,0,0,0,0,1,0,0,0
39035,0,0,0,0,0,1,0,0,0
39036,0,0,0,0,0,1,0,0,0
39037,0,0,0,0,0,1,0,0,0
39038,0,0,0,0,0,1,0,0,0
39039,0,0,0,0,0,1,0,0,0
39040,0,0,0,0,0,1,0,0,0
39041,0,0,0,0,0,1,0,0,0
39042,0,0,0,0,0,1,0,0,0
39043,0,0,0,0,0,1,0,0,0
39044,0,0,0,0,0,1,0,0,0
39045,0,0,0,0,0,1,0,0,0
39046,0,0,0,0,0,1,0,0,0
39047,0,0,0,0,0,1,0,0,0
39048,0,0,0,0,0,1,0,0,0
39049,0,0,0,0,0,1,0,0,0
39050,0,0,0,0,0,1,0,0,0
39051,0,0,0,0,0,1,0,0,0
39052,0,0,0,0,0,1,0,0,0
39053,0,0,0,0,0,1,0,0,0
39054,0,0,0,0,0,1,0,0,0
39055,0,0,0,0,0,1,0,0,0
39056,0,0,0,0,0,1,0,0,0
39057,0,0,0,0,0,1,0,0,0
39058,0,0,0,0,0,1,0,0,0
39059,0,0,0,0,0,1,0,0,0
39060,0,0,0,0,0,1,0,0,0
39061,0,0,0,0,0,1,0,0,0
39062,0,0,0,0,0,1,0,0,0
39063,0,0,0,0,0,1,0,0,0
39064,0,0,0,0,0,1,0,0,0
39065,0,0,0,0,0,1,0,0,0
39066,0,0,0,0,0,1,0,0,0
39067,0,0,0,0,0,1,0,0,0
39068,0,0,0,0,0,1,0,0,0
39069,0,0,0,0,0,1,0,0,0
39070,0,0,0,0,0,1,0,0,0
39071,0,0,0,0,0,1,0,0,0
39072,0,0,0,0,0,1,0,0,0
39073,0,0,0,0,0,1,0,0,0
39074,0,0,0,0,0,1,0,0,0
39075,0,0,0,0,0,1,0,0,0
39076,0,0,0,0,0,1,0,0,0
39077,0,0,0,0,0,1,0,0,0
39078,0,0,0,0,0,1,0,0,0
39079,0,0,0,0,0,1,0,0,0
39080,0,0,0,0,0,1,0,0,0
39081,0,0,0,0,0,1,0,0,0
39082,0,0,0,0,0,1,0,0,0
39083,0,0,0,0,0,1,0,0,0
39084,0,0,0,0,0,1,0,0,0
39085,0,0,0,0,0,1,0,0,0
39086,0,0,0,0,0,1,0,0,0
39087,0,0,0,0,0,1,0,0,0
39088,0,0,0,0,0,1,0,0,0
39089,0,0,0,0,0,1,0,0,0
39090,0,0,0,0,0,1,0,0,0
39091,0,0,0,0,0,1,0,0,0
39092,0,0,0,0,0,1,0,0,0
39093,0,0,0,0,0,1,0,0,0
39094,0,0,0,0,0,1,0,0,0
39095,0,0,0,0,0,1,0,0,0
39096,0,0,0,0,0,1,0,0,0
39097,0,0,0,0,0,1,0,0,0
39098,0,0,0,0,0,1,0,0,0
39099,0,0,0,0,0,1,0,0,0
39100,0,0,0,0,0,1,0,0,0
39101,0,0,0,0,0,1,0,0,0
39102,0,0,0,0,0,1,0,0,0
39103,0,0,0,0,0,1,0,0,0
39104,0,0,0,0,0,1,0,0,0
39105,0,0,0,0,0,1,0,0,0
39106,0,0,0,0,0,1,0,0,0
39107,0,0,0,0,0,1,0,0,0
39108,0,0,0,0,0,1,0,0,0
39109,0,0,0,0,0,1,0,0,0
39110,0,0,0,0,0,1,0,0,0
39111,0,0,0,0,0,1,0,0,0
39112,0,0,0,0,0,1,0,0,0
39113,0,0,0,0,0,1,0,0,0
39114,0,0,0,0,0,1,0,0,0
39115,0,0,0,0,0,1,0,0,0
39116,0,0,0,0,0,1,0,0,0
39117,0,0,0,0,0,1,0,0,0
39118,0,0,0,0,0,1,0,0,0
39119,0,0,0,0,0,1,0,0,0
39120,0,0,0,0,0,1,0,0,0
39121,0,0,0,0,0,1,0,0,0
39122,0,0,0,0,0,1,0,0,0
39123,0,0,0,0,0,1,0,0,0
39124,0,0,0,0,0,1,0,0,0
39125,0,0,0,0,0,1,0,0,0
39126,0,0,0,0,0,1,0,0,0
39127,0,0,0,0,0,1,0,0,0
39128,0,0,0,0,0,1,0,0,0
39129,0,0,0,0,0,1,0,0,0
39130,0,0,0,0,0,1,0,0,0
39131,0,0,0,0,0,1,0,0,0
39132,0,0,0,0,0,1,0,0,0
39133,0,0,0,0,0,1,0,0,0
39134,0,0,0,0,0,1,0,0,0
39135,0,0,0,0,0,1,0,0,0
39136,0,0,0,0,0,1,0,0,0
39137,0,0,0,0,0,1,0,0,0
39138,0,0,0,0,0,1,0,0,0
39139,0,0,0,0,0,1,0,0,0
39140,0,0,0,0,0,1,0,0,0
39141,0,0,0,0,0,1,0,0,0
39142,0,0,0,0,0,1,0,0,0
39143,0,0,0,0,0,1,0,0,0
39144,0,0,0,0,0,1,0,0,0
39145,0,0,0,0,0,1,0,0,0
39146,0,0,0,0,0,1,0,0,0
39147,0,0,0,0,0,1,0,0,0
39148,0,0,0,0,0,1,0,0,0
39149,0,0,0,0,0,1,0,0,0
39150,0,0,0,0,0,1,0,0,0
39151,0,0,0,0,0,1,0,0,0
39152,0,0,0,0,0,1,0,0,0
39153,0,0,0,0,0,1,0,0,0
39154,0,0,0,0,0,1,0,0,0
39155,0,0,0,0,0,1,0,0,0
39156,0,0,0,0,0,1,0,0,0
39157,0,0,0,0,0,1,0,0,0
39158,0,0,0,0,0,1,0,0,0
39159,0,0,0,0,0,1,0,0,0
39160,0,0,0,0,0,1,0,0,0
39161,0,0,0,0,0,1,0,0,0
39162,0,0,0,0,0,1,0,0,0
39163,0,0,0,0,0,1,0,0,0
39164,0,0,0,0,0,1,0,0,0
39165,0,0,0,0,0,1,0,0,0
39166,0,0,0,0,0,1,0,0,0
39167,0,0,0,0,0,1,0,0,0
39168,0,0,0,0,0,1,0,0,0
39169,0,0,0,0,0,1,0,0,0
39170,0,0,0,0,0,1,0,0,0
39171,0,0,0,0,0,1,0,0,0
39172,0,0,0,0,0,1,0,0,0
39173,0,0,0,0,0,1,0,0,0
39174,0,0,0,0,0,1,0,0,0
39175,0,0,0,0,0,1,0,0,0
39176,0,0,0,0,0,1,0,0,0
39177,0,0,0,0,0,1,0,0,0
39178,0,0,0,0,0,1,0,0,0
39179,0,0,0,0,0,1,0,0,0
39180,0,0,0,0,0,1,0,0,0
39181,0,0,0,0,0,1,0,0,0
39182,0,0,0,0,0,1,0,0,0
39183,0,0,0,0,0,1,0,0,0
39184,0,0,0,0,0,1,0,0,0
39185,0,0,0,0,0,1,0,0,0
39186,0,0,0,0,0,1,0,0,0
39187,0,0,0,0,0,1,0,0,0
39188,0,0,0,0,0,1,0,0,0
39189,0,0,0,0,0,1,0,0,0
39190,0,0,0,0,0,1,0,0,0
39191,0,0,0,0,0,1,0,0,0
39192,0,0,0,0,0,1,0,0,0
39193,0,0,0,0,0,1,0,0,0
39194,0,0,0,0,0,1,0,0,0
39195,0,0,0,0,0,1,0,0,0
39196,0,0,0,0,0,1,0,0,0
39197,0,0,0,0,0,1,0,0,0
39198,0,0,0,0,0,1,0,0,0
39199,0,0,0,0,0,1,0,0,0
39200,0,0,0,0,0,1,0,0,0
39201,0,0,0,0,0,1,0,0,0
39202,0,0,0,0,0,1,0,0,0
39203,0,0,0,0,0,1,0,0,0
39204,0,0,0,0,0,1,0,0,0
39205,0,0,0,0,0,1,0,0,0
39206,0,0,0,0,0,1,0,0,0
39207,0,0,0,0,0,1,0,0,0
39208,0,0,0,0,0,1,0,0,0
39209,0,0,0,0,0,1,0,0,0
39210,0,0,0,0,0,1,0,0,0
39211,0,0,0,0,0,1,0,0,0
39212,0,0,0,0,0,1,0,0,0
39213,0,0,0,0,0,1,0,0,0
39214,0,0,0,0,0,1,0,0,0
39215,0,0,0,0,0,1,0,0,0
39216,0,0,0,0,0,1,0,0,0
39217,0,0,0,0,0,1,0,0,0
39218,0,0,0,0,0,1,0,0,0
39219,0,0,0,0,0,1,0,0,0
39220,0,0,0,0,0,1,0,0,0
39221,0,0,0,0,0,1,0,0,0
39222,0,0,0,0,0,1,0,0,0
39223,0,0,0,0,0,1,0,0,0
39224,0,0,0,0,0,1,0,0,0
39225,0,0,0,0,0,1,0,0,0
39226,0,0,0,0,0,1,0,0,0
39227,0,0,0,0,0,1,0,0,0
39228,0,0,0,0,0,1,0,0,0
39229,0,0,0,0,0,1,0,0,0
39230,0,0,0,0,0,1,0,0,0
39231,0,0,0,0,0,1,0,0,0
39232,0,0,0,0,0,1,0,0,0
39233,0,0,0,0,0,1,0,0,0
39234,0,0,0,0,0,1,0,0,0
39235,0,0,0,0,0,1,0,0,0
39236,0,0,0,0,0,1,0,0,0
39237,0,0,0,0,0,1,0,0,0
39238,0,0,0,0,0,1,0,0,0
39239,0,0,0,0,0,1,0,0,0
39240,0,0,0,0,0,1,0,0,0
39241,0,0,0,0,0,1,0,0,0
39242,0,0,0,0,0,1,0,0,0
39243,0,0,0,0,0,1,0,0,0
39244,0,0,0,0,0,1,0,0,0
39245,0,0,0,0,0,1,0,0,0
39246,0,0,0,0,0,1,0,0,0
39247,0,0,0,0,0,1,0,0,0
39248,0,0,0,0,0,1,0,0,0
39249,0,0,0,0,0,1,0,0,0
39250,0,0,0,0,0,1,0,0,0
39251,0,0,0,0,0,1,0,0,0
39252,0,0,0,0,0,1,0,0,0
39253,0,0,0,0,0,1,0,0,0
39254,0,0,0,0,0,1,0,0,0
39255,0,0,0,0,0,1,0,0,0
39256,0,0,0,0,0,1,0,0,0
39257,0,0,0,0,0,1,0,0,0
39258,0,0,0,0,0,1,0,0,0
39259,0,0,0,0,0,1,0,0,0
39260,0,0,0,0,0,1,0,0,0
39261,0,0,0,0,0,1,0,0,0
39262,0,0,0,0,0,1,0,0,0
39263,0,0,0,0,0,1,0,0,0
39264,0,0,0,0,0,1,0,0,0
39265,0,0,0,0,0,1,0,0,0
39266,0,0,0,0,0,1,0,0,0
39267,0,0,0,0,0,1,0,0,0
39268,0,0,0,0,0,1,0,0,0
39269,0,0,0,0,0,1,0,0,0
39270,0,0,0,0,0,1,0,0,0
39271,0,0,0,0,0,1,0,0,0
39272,0,0,0,0,0,1,0,0,0
39273,0,0,0,0,0,1,0,0,0
39274,0,0,0,0,0,1,0,0,0
39275,0,0,0,0,0,1,0,0,0
39276,0,0,0,0,0,1,0,0,0
39277,0,0,0,0,0,1,0,0,0
39278,0,0,0,0,0,1,0,0,0
39279,0,0,0,0,0,1,0,0,0
39280,0,0,0,0,0,1,0,0,0
39281,0,0,0,0,0,1,0,0,0
39282,0,0,0,0,0,1,0,0,0
39283,0,0,0,0,0,1,0,0,0
39284,0,0,0,0,0,1,0,0,0
39285,0,0,0,0,0,1,0,0,0
39286,0,0,0,0,0,1,0,0,0
39287,0,0,0,0,0,1,0,0,0
39288,0,0,0,0,0,1,0,0,0
39289,0,0,0,0,0,1,0,0,0
39290,0,0,0,0,0,1,0,0,0
39291,0,0,0,0,0,1,0,0,0
39292,0,0,0,0,0,1,0,0,0
39293,0,0,0,0,0,1,0,0,0
39294,0,0,0,0,0,1,0,0,0
39295,0,0,0,0,0,1,0,0,0
39296,0,0,0,0,0,1,0,0,0
39297,0,0,0,0,0,1,0,0,0
39298,0,0,0,0,0,1,0,0,0
39299,0,0,0,0,0,1,0,0,0
39300,0,0,0,0,0,1,0,0,0
39301,0,0,0,0,0,1,0,0,0
39302,0,0,0,0,0,1,0,0,0
39303,0,0,0,0,0,1,0,0,0
39304,0,0,0,0,0,1,0,0,0
39305,0,0,0,0,0,1,0,0,0
39306,0,0,0,0,0,1,0,0,0
39307,0,0,0,0,0,1,0,0,0
39308,0,0,0,0,0,1,0,0,0
39309,0,0,0,0,0,1,0,0,0
39310,0,0,0,0,0,1,0,0,0
39311,0,0,0,0,0,1,0,0,0
39312,0,0,0,0,0,1,0,0,0
39313,0,0,0,0,0,1,0,0,0
39314,0,0,0,0,0,1,0,0,0
39315,0,0,0,0,0,1,0,0,0
39316,0,0,0,0,0,1,0,0,0
39317,0,0,0,0,0,1,0,0,0
39318,0,0,0,0,0,1,0,0,0
39319,0,0,0,0,0,1,0,0,0
39320,0,0,0,0,0,1,0,0,0
39321,0,0,0,0,0,1,0,0,0
39322,0,0,0,0,0,1,0,0,0
39323,0,0,0,0,0,1,0,0,0
39324,0,0,0,0,0,1,0,0,0
39325,0,0,0,0,0,1,0,0,0
39326,0,0,0,0,0,1,0,0,0
39327,0,0,0,0,0,1,0,0,0
39328,0,0,0,0,0,1,0,0,0
39329,0,0,0,0,0,1,0,0,0
39330,0,0,0,0,0,1,0,0,0
39331,0,0,0,0,0,1,0,0,0
39332,0,0,0,0,0,1,0,0,0
39333,0,0,0,0,0,1,0,0,0
39334,0,0,0,0,0,1,0,0,0
39335,0,0,0,0,0,1,0,0,0
39336,0,0,0,0,0,1,0,0,0
39337,0,0,0,0,0,1,0,0,0
39338,0,0,0,0,0,1,0,0,0
39339,0,0,0,0,0,1,0,0,0
39340,0,0,0,0,0,1,0,0,0
39341,0,0,0,0,0,1,0,0,0
39342,0,0,0,0,0,1,0,0,0
39343,0,0,0,0,0,1,0,0,0
39344,0,0,0,0,0,1,0,0,0
39345,0,0,0,0,0,1,0,0,0
39346,0,0,0,0,0,1,0,0,0
39347,0,0,0,0,0,1,0,0,0
39348,0,0,0,0,0,1,0,0,0
39349,0,0,0,0,0,1,0,0,0
39350,0,0,0,0,0,1,0,0,0
39351,0,0,0,0,0,1,0,0,0
39352,0,0,0,0,0,1,0,0,0
39353,0,0,0,0,0,1,0,0,0
39354,0,0,0,0,0,1,0,0,0
39355,0,0,0,0,0,1,0,0,0
39356,0,0,0,0,0,1,0,0,0
39357,0,0,0,0,0,1,0,0,0
39358,0,0,0,0,0,1,0,0,0
39359,0,0,0,0,0,1,0,0,0
39360,0,0,0,0,0,1,0,0,0
39361,0,0,0,0,0,1,0,0,0
39362,0,0,0,0,0,1,0,0,0
39363,0,0,0,0,0,1,0,0,0
39364,0,0,0,0,0,1,0,0,0
39365,0,0,0,0,0,1,0,0,0
39366,0,0,0,0,0,1,0,0,0
39367,0,0,0,0,0,1,0,0,0
39368,0,0,0,0,0,1,0,0,0
39369,0,0,0,0,0,1,0,0,0
39370,0,0,0,0,0,1,0,0,0
39371,0,0,0,0,0,1,0,0,0
39372,0,0,0,0,0,1,0,0,0
39373,0,0,0,0,0,1,0,0,0
39374,0,0,0,0,0,1,0,0,0
39375,0,0,0,0,0,1,0,0,0
39376,0,0,0,0,0,1,0,0,0
39377,0,0,0,0,0,1,0,0,0
39378,0,0,0,0,0,1,0,0,0
39379,0,0,0,0,0,1,0,0,0
39380,0,0,0,0,0,1,0,0,0
39381,0,0,0,0,0,1,0,0,0
39382,0,0,0,0,0,1,0,0,0
39383,0,0,0,0,0,1,0,0,0
39384,0,0,0,0,0,1,0,0,0
39385,0,0,0,0,0,1,0,0,0
39386,0,0,0,0,0,1,0,0,0
39387,0,0,0,0,0,1,0,0,0
39388,0,0,0,0,0,1,0,0,0
39389,0,0,0,0,0,1,0,0,0
39390,0,0,0,0,0,1,0,0,0
39391,0,0,0,0,0,1,0,0,0
39392,0,0,0,0,0,1,0,0,0
39393,0,0,0,0,0,1,0,0,0
39394,0,0,0,0,0,1,0,0,0
39395,0,0,0,0,0,1,0,0,0
39396,0,0,0,0,0,1,0,0,0
39397,0,0,0,0,0,1,0,0,0
39398,0,0,0,0,0,1,0,0,0
39399,0,0,0,0,0,1,0,0,0
39400,0,0,0,0,0,1,0,0,0
39401,0,0,0,0,0,1,0,0,0
39402,0,0,0,0,0,1,0,0,0
39403,0,0,0,0,0,1,0,0,0
39404,0,0,0,0,0,1,0,0,0
39405,0,0,0,0,0,1,0,0,0
39406,0,0,0,0,0,1,0,0,0
39407,0,0,0,0,0,1,0,0,0
39408,0,0,0,0,0,1,0,0,0
39409,0,0,0,0,0,1,0,0,0
39410,0,0,0,0,0,1,0,0,0
39411,0,0,0,0,0,1,0,0,0
39412,0,0,0,0,0,1,0,0,0
39413,0,0,0,0,0,1,0,0,0
39414,0,0,0,0,0,1,0,0,0
39415,0,0,0,0,0,1,0,0,0
39416,0,0,0,0,0,1,0,0,0
39417,0,0,0,0,0,1,0,0,0
39418,0,0,0,0,0,1,0,0,0
39419,0,0,0,0,0,1,0,0,0
39420,0,0,0,0,0,1,0,0,0
39421,0,0,0,0,0,1,0,0,0
39422,0,0,0,0,0,1,0,0,0
39423,0,0,0,0,0,1,0,0,0
39424,0,0,0,0,0,1,0,0,0
39425,0,0,0,0,0,1,0,0,0
39426,0,0,0,0,0,1,0,0,0
39427,0,0,0,0,0,1,0,0,0
39428,0,0,0,0,0,1,0,0,0
39429,0,0,0,0,0,1,0,0,0
39430,0,0,0,0,0,1,0,0,0
39431,0,0,0,0,0,1,0,0,0
39432,0,0,0,0,0,1,0,0,0
39433,0,0,0,0,0,1,0,0,0
39434,0,0,0,0,0,1,0,0,0
39435,0,0,0,0,0,1,0,0,0
39436,0,0,0,0,0,1,0,0,0
39437,0,0,0,0,0,1,0,0,0
39438,0,0,0,0,0,1,0,0,0
39439,0,0,0,0,0,1,0,0,0
39440,0,0,0,0,0,1,0,0,0
39441,0,0,0,0,0,1,0,0,0
39442,0,0,0,0,0,1,0,0,0
39443,0,0,0,0,0,1,0,0,0
39444,0,0,0,0,0,1,0,0,0
39445,0,0,0,0,0,1,0,0,0
39446,0,0,0,0,0,1,0,0,0
39447,0,0,0,0,0,1,0,0,0
39448,0,0,0,0,0,1,0,0,0
39449,0,0,0,0,0,1,0,0,0
39450,0,0,0,0,0,1,0,0,0
39451,0,0,0,0,0,1,0,0,0
39452,0,0,0,0,0,1,0,0,0
39453,0,0,0,0,0,1,0,0,0
39454,0,0,0,0,0,1,0,0,0
39455,0,0,0,0,0,1,0,0,0
39456,0,0,0,0,0,1,0,0,0
39457,0,0,0,0,0,1,0,0,0
39458,0,0,0,0,0,1,0,0,0
39459,0,0,0,0,0,1,0,0,0
39460,0,0,0,0,0,1,0,0,0
39461,0,0,0,0,0,1,0,0,0
39462,0,0,0,0,0,1,0,0,0
39463,0,0,0,0,0,1,0,0,0
39464,0,0,0,0,0,1,0,0,0
39465,0,0,0,0,0,1,0,0,0
39466,0,0,0,0,0,1,0,0,0
39467,0,0,0,0,0,1,0,0,0
39468,0,0,0,0,0,1,0,0,0
39469,0,0,0,0,0,1,0,0,0
39470,0,0,0,0,0,1,0,0,0
39471,0,0,0,0,0,1,0,0,0
39472,0,0,0,0,0,1,0,0,0
39473,0,0,0,0,0,1,0,0,0
39474,0,0,0,0,0,1,0,0,0
39475,0,0,0,0,0,1,0,0,0
39476,0,0,0,0,0,1,0,0,0
39477,0,0,0,0,0,1,0,0,0
39478,0,0,0,0,0,1,0,0,0
39479,0,0,0,0,0,1,0,0,0
39480,0,0,0,0,0,1,0,0,0
39481,0,0,0,0,0,1,0,0,0
39482,0,0,0,0,0,1,0,0,0
39483,0,0,0,0,0,1,0,0,0
39484,0,0,0,0,0,1,0,0,0
39485,0,0,0,0,0,1,0,0,0
39486,0,0,0,0,0,1,0,0,0
39487,0,0,0,0,0,1,0,0,0
39488,0,0,0,0,0,1,0,0,0
39489,0,0,0,0,0,1,0,0,0
39490,0,0,0,0,0,1,0,0,0
39491,0,0,0,0,0,1,0,0,0
39492,0,0,0,0,0,1,0,0,0
39493,0,0,0,0,0,1,0,0,0
39494,0,0,0,0,0,1,0,0,0
39495,0,0,0,0,0,1,0,0,0
39496,0,0,0,0,0,1,0,0,0
39497,0,0,0,0,0,1,0,0,0
39498,0,0,0,0,0,1,0,0,0
39499,0,0,0,0,0,1,0,0,0
39500,0,0,0,0,0,1,0,0,0
39501,0,0,0,0,0,1,0,0,0
39502,0,0,0,0,0,1,0,0,0
39503,0,0,0,0,0,1,0,0,0
39504,0,0,0,0,0,1,0,0,0
39505,0,0,0,0,0,1,0,0,0
39506,0,0,0,0,0,1,0,0,0
39507,0,0,0,0,0,1,0,0,0
39508,0,0,0,0,0,1,0,0,0
39509,0,0,0,0,0,1,0,0,0
39510,0,0,0,0,0,1,0,0,0
39511,0,0,0,0,0,1,0,0,0
39512,0,0,0,0,0,1,0,0,0
39513,0,0,0,0,0,1,0,0,0
39514,0,0,0,0,0,1,0,0,0
39515,0,0,0,0,0,1,0,0,0
39516,0,0,0,0,0,1,0,0,0
39517,0,0,0,0,0,1,0,0,0
39518,0,0,0,0,0,1,0,0,0
39519,0,0,0,0,0,1,0,0,0
39520,0,0,0,0,0,1,0,0,0
39521,0,0,0,0,0,1,0,0,0
39522,0,0,0,0,0,1,0,0,0
39523,0,0,0,0,0,1,0,0,0
39524,0,0,0,0,0,1,0,0,0
39525,0,0,0,0,0,1,0,0,0
39526,0,0,0,0,0,1,0,0,0
39527,0,0,0,0,0,1,0,0,0
39528,0,0,0,0,0,1,0,0,0
39529,0,0,0,0,0,1,0,0,0
39530,0,0,0,0,0,1,0,0,0
39531,0,0,0,0,0,1,0,0,0
39532,0,0,0,0,0,1,0,0,0
39533,0,0,0,0,0,1,0,0,0
39534,0,0,0,0,0,1,0,0,0
39535,0,0,0,0,0,1,0,0,0
39536,0,0,0,0,0,1,0,0,0
39537,0,0,0,0,0,1,0,0,0
39538,0,0,0,0,0,1,0,0,0
39539,0,0,0,0,0,1,0,0,0
39540,0,0,0,0,0,1,0,0,0
39541,0,0,0,0,0,1,0,0,0
39542,0,0,0,0,0,1,0,0,0
39543,0,0,0,0,0,1,0,0,0
39544,0,0,0,0,0,1,0,0,0
39545,0,0,0,0,0,1,0,0,0
39546,0,0,0,0,0,1,0,0,0
39547,0,0,0,0,0,1,0,0,0
39548,0,0,0,0,0,1,0,0,0
39549,0,0,0,0,0,1,0,0,0
39550,0,0,0,0,0,1,0,0,0
39551,0,0,0,0,0,1,0,0,0
39552,0,0,0,0,0,1,0,0,0
39553,0,0,0,0,0,1,0,0,0
39554,0,0,0,0,0,1,0,0,0
39555,0,0,0,0,0,1,0,0,0
39556,0,0,0,0,0,1,0,0,0
39557,0,0,0,0,0,1,0,0,0
39558,0,0,0,0,0,1,0,0,0
39559,0,0,0,0,0,1,0,0,0
39560,0,0,0,0,0,1,0,0,0
39561,0,0,0,0,0,1,0,0,0
39562,0,0,0,0,0,1,0,0,0
39563,0,0,0,0,0,1,0,0,0
39564,0,0,0,0,0,1,0,0,0
39565,0,0,0,0,0,1,0,0,0
39566,0,0,0,0,0,1,0,0,0
39567,0,0,0,0,0,1,0,0,0
39568,0,0,0,0,0,1,0,0,0
39569,0,0,0,0,0,1,0,0,0
39570,0,0,0,0,0,1,0,0,0
39571,0,0,0,0,0,1,0,0,0
39572,0,0,0,0,0,1,0,0,0
39573,0,0,0,0,0,1,0,0,0
39574,0,0,0,0,0,1,0,0,0
39575,0,0,0,0,0,1,0,0,0
39576,0,0,0,0,0,1,0,0,0
39577,0,0,0,0,0,1,0,0,0
39578,0,0,0,0,0,1,0,0,0
39579,0,0,0,0,0,1,0,0,0
39580,0,0,0,0,0,1,0,0,0
39581,0,0,0,0,0,1,0,0,0
39582,0,0,0,0,0,1,0,0,0
39583,0,0,0,0,0,1,0,0,0
39584,0,0,0,0,0,1,0,0,0
39585,0,0,0,0,0,1,0,0,0
39586,0,0,0,0,0,1,0,0,0
39587,0,0,0,0,0,1,0,0,0
39588,0,0,0,0,0,1,0,0,0
39589,0,0,0,0,0,1,0,0,0
39590,0,0,0,0,0,1,0,0,0
39591,0,0,0,0,0,1,0,0,0
39592,0,0,0,0,0,1,0,0,0
39593,0,0,0,0,0,1,0,0,0
39594,0,0,0,0,0,1,0,0,0
39595,0,0,0,0,0,1,0,0,0
39596,0,0,0,0,0,1,0,0,0
39597,0,0,0,0,0,1,0,0,0
39598,0,0,0,0,0,1,0,0,0
39599,0,0,0,0,0,1,0,0,0
39600,0,0,0,0,0,1,0,0,0
39601,0,0,0,0,0,1,0,0,0
39602,0,0,0,0,0,1,0,0,0
39603,0,0,0,0,0,1,0,0,0
39604,0,0,0,0,0,1,0,0,0
39605,0,0,0,0,0,1,0,0,0
39606,0,0,0,0,0,1,0,0,0
39607,0,0,0,0,0,1,0,0,0
39608,0,0,0,0,0,1,0,0,0
39609,0,0,0,0,0,1,0,0,0
39610,0,0,0,0,0,1,0,0,0
39611,0,0,0,0,0,1,0,0,0
39612,0,0,0,0,0,1,0,0,0
39613,0,0,0,0,0,1,0,0,0
39614,0,0,0,0,0,1,0,0,0
39615,0,0,0,0,0,1,0,0,0
39616,0,0,0,0,0,1,0,0,0
39617,0,0,0,0,0,1,0,0,0
39618,0,0,0,0,0,1,0,0,0
39619,0,0,0,0,0,1,0,0,0
39620,0,0,0,0,0,1,0,0,0
39621,0,0,0,0,0,1,0,0,0
39622,0,0,0,0,0,1,0,0,0
39623,0,0,0,0,0,1,0,0,0
39624,0,0,0,0,0,1,0,0,0
39625,0,0,0,0,0,1,0,0,0
39626,0,0,0,0,0,1,0,0,0
39627,0,0,0,0,0,1,0,0,0
39628,0,0,0,0,0,1,0,0,0
39629,0,0,0,0,0,1,0,0,0
39630,0,0,0,0,0,1,0,0,0
39631,0,0,0,0,0,1,0,0,0
39632,0,0,0,0,0,1,0,0,0
39633,0,0,0,0,0,1,0,0,0
39634,0,0,0,0,0,1,0,0,0
39635,0,0,0,0,0,1,0,0,0
39636,0,0,0,0,0,1,0,0,0
39637,0,0,0,0,0,1,0,0,0
39638,0,0,0,0,0,1,0,0,0
39639,0,0,0,0,0,1,0,0,0
39640,0,0,0,0,0,1,0,0,0
39641,0,0,0,0,0,1,0,0,0
39642,0,0,0,0,0,1,0,0,0
39643,0,0,0,0,0,1,0,0,0
39644,0,0,0,0,0,1,0,0,0
39645,0,0,0,0,0,1,0,0,0
39646,0,0,0,0,0,1,0,0,0
39647,0,0,0,0,0,1,0,0,0
39648,0,0,0,0,0,1,0,0,0
39649,0,0,0,0,0,1,0,0,0
39650,0,0,0,0,0,1,0,0,0
39651,0,0,0,0,0,1,0,0,0
39652,0,0,0,0,0,1,0,0,0
39653,0,0,0,0,0,1,0,0,0
39654,0,0,0,0,0,1,0,0,0
39655,0,0,0,0,0,1,0,0,0
39656,0,0,0,0,0,1,0,0,0
39657,0,0,0,0,0,1,0,0,0
39658,0,0,0,0,0,1,0,0,0
39659,0,0,0,0,0,1,0,0,0
39660,0,0,0,0,0,1,0,0,0
39661,0,0,0,0,0,1,0,0,0
39662,0,0,0,0,0,1,0,0,0
39663,0,0,0,0,0,1,0,0,0
39664,0,0,0,0,0,1,0,0,0
39665,0,0,0,0,0,1,0,0,0
39666,0,0,0,0,0,1,0,0,0
39667,0,0,0,0,0,1,0,0,0
39668,0,0,0,0,0,1,0,0,0
39669,0,0,0,0,0,1,0,0,0
39670,0,0,0,0,0,1,0,0,0
39671,0,0,0,0,0,1,0,0,0
39672,0,0,0,0,0,1,0,0,0
39673,0,0,0,0,0,1,0,0,0
39674,0,0,0,0,0,1,0,0,0
39675,0,0,0,0,0,1,0,0,0
39676,0,0,0,0,0,1,0,0,0
39677,0,0,0,0,0,1,0,0,0
39678,0,0,0,0,0,1,0,0,0
39679,0,0,0,0,0,1,0,0,0
39680,0,0,0,0,0,1,0,0,0
39681,0,0,0,0,0,1,0,0,0
39682,0,0,0,0,0,1,0,0,0
39683,0,0,0,0,0,1,0,0,0
39684,0,0,0,0,0,1,0,0,0
39685,0,0,0,0,0,1,0,0,0
39686,0,0,0,0,0,1,0,0,0
39687,0,0,0,0,0,1,0,0,0
39688,0,0,0,0,0,1,0,0,0
39689,0,0,0,0,0,1,0,0,0
39690,0,0,0,0,0,1,0,0,0
39691,0,0,0,0,0,1,0,0,0
39692,0,0,0,0,0,1,0,0,0
39693,0,0,0,0,0,1,0,0,0
39694,0,0,0,0,0,1,0,0,0
39695,0,0,0,0,0,1,0,0,0
39696,0,0,0,0,0,1,0,0,0
39697,0,0,0,0,0,1,0,0,0
39698,0,0,0,0,0,1,0,0,0
39699,0,0,0,0,0,1,0,0,0
39700,0,0,0,0,0,1,0,0,0
39701,0,0,0,0,0,1,0,0,0
39702,0,0,0,0,0,1,0,0,0
39703,0,0,0,0,0,1,0,0,0
39704,0,0,0,0,0,1,0,0,0
39705,0,0,0,0,0,1,0,0,0
39706,0,0,0,0,0,1,0,0,0
39707,0,0,0,0,0,1,0,0,0
39708,0,0,0,0,0,1,0,0,0
39709,0,0,0,0,0,1,0,0,0
39710,0,0,0,0,0,1,0,0,0
39711,0,0,0,0,0,1,0,0,0
39712,0,0,0,0,0,1,0,0,0
39713,0,0,0,0,0,1,0,0,0
39714,0,0,0,0,0,1,0,0,0
39715,0,0,0,0,0,1,0,0,0
39716,0,0,0,0,0,1,0,0,0
39717,0,0,0,0,0,1,0,0,0
39718,0,0,0,0,0,1,0,0,0
39719,0,0,0,0,0,1,0,0,0
39720,0,0,0,0,0,1,0,0,0
39721,0,0,0,0,0,1,0,0,0
39722,0,0,0,0,0,1,0,0,0
39723,0,0,0,0,0,1,0,0,0
39724,0,0,0,0,0,1,0,0,0
39725,0,0,0,0,0,1,0,0,0
39726,0,0,0,0,0,1,0,0,0
39727,0,0,0,0,0,1,0,0,0
39728,0,0,0,0,0,1,0,0,0
39729,0,0,0,0,0,1,0,0,0
39730,0,0,0,0,0,1,0,0,0
39731,0,0,0,0,0,1,0,0,0
39732,0,0,0,0,0,1,0,0,0
39733,0,0,0,0,0,1,0,0,0
39734,0,0,0,0,0,1,0,0,0
39735,0,0,0,0,0,1,0,0,0
39736,0,0,0,0,0,1,0,0,0
39737,0,0,0,0,0,1,0,0,0
39738,0,0,0,0,0,1,0,0,0
39739,0,0,0,0,0,1,0,0,0
39740,0,0,0,0,0,1,0,0,0
39741,0,0,0,0,0,1,0,0,0
39742,0,0,0,0,0,1,0,0,0
39743,0,0,0,0,0,1,0,0,0
39744,0,0,0,0,0,1,0,0,0
39745,0,0,0,0,0,1,0,0,0
39746,0,0,0,0,0,1,0,0,0
39747,0,0,0,0,0,1,0,0,0
39748,0,0,0,0,0,1,0,0,0
39749,0,0,0,0,0,1,0,0,0
39750,0,0,0,0,0,1,0,0,0
39751,0,0,0,0,0,1,0,0,0
39752,0,0,0,0,0,1,0,0,0
39753,0,0,0,0,0,1,0,0,0
39754,0,0,0,0,0,1,0,0,0
39755,0,0,0,0,0,1,0,0,0
39756,0,0,0,0,0,1,0,0,0
39757,0,0,0,0,0,1,0,0,0
39758,0,0,0,0,0,1,0,0,0
39759,0,0,0,0,0,1,0,0,0
39760,0,0,0,0,0,1,0,0,0
39761,0,0,0,0,0,1,0,0,0
39762,0,0,0,0,0,1,0,0,0
39763,0,0,0,0,0,1,0,0,0
39764,0,0,0,0,0,1,0,0,0
39765,0,0,0,0,0,1,0,0,0
39766,0,0,0,0,0,1,0,0,0
39767,0,0,0,0,0,1,0,0,0
39768,0,0,0,0,0,1,0,0,0
39769,0,0,0,0,0,1,0,0,0
39770,0,0,0,0,0,1,0,0,0
39771,0,0,0,0,0,1,0,0,0
39772,0,0,0,0,0,1,0,0,0
39773,0,0,0,0,0,1,0,0,0
39774,0,0,0,0,0,1,0,0,0
39775,0,0,0,0,0,1,0,0,0
39776,0,0,0,0,0,1,0,0,0
39777,0,0,0,0,0,1,0,0,0
39778,0,0,0,0,0,1,0,0,0
39779,0,0,0,0,0,1,0,0,0
39780,0,0,0,0,0,1,0,0,0
39781,0,0,0,0,0,1,0,0,0
39782,0,0,0,0,0,1,0,0,0
39783,0,0,0,0,0,1,0,0,0
39784,0,0,0,0,0,1,0,0,0
39785,0,0,0,0,0,1,0,0,0
39786,0,0,0,0,0,1,0,0,0
39787,0,0,0,0,0,1,0,0,0
39788,0,0,0,0,0,1,0,0,0
39789,0,0,0,0,0,1,0,0,0
39790,0,0,0,0,0,1,0,0,0
39791,0,0,0,0,0,1,0,0,0
39792,0,0,0,0,0,1,0,0,0
39793,0,0,0,0,0,1,0,0,0
39794,0,0,0,0,0,1,0,0,0
39795,0,0,0,0,0,1,0,0,0
39796,0,0,0,0,0,1,0,0,0
39797,0,0,0,0,0,1,0,0,0
39798,0,0,0,0,0,1,0,0,0
39799,0,0,0,0,0,1,0,0,0
39800,0,0,0,0,0,1,0,0,0
39801,0,0,0,0,0,1,0,0,0
39802,0,0,0,0,0,1,0,0,0
39803,0,0,0,0,0,1,0,0,0
39804,0,0,0,0,0,1,0,0,0
39805,0,0,0,0,0,1,0,0,0
39806,0,0,0,0,0,1,0,0,0
39807,0,0,0,0,0,1,0,0,0
39808,0,0,0,0,0,1,0,0,0
39809,0,0,0,0,0,1,0,0,0
39810,0,0,0,0,0,1,0,0,0
39811,0,0,0,0,0,1,0,0,0
39812,0,0,0,0,0,1,0,0,0
39813,0,0,0,0,0,1,0,0,0
39814,0,0,0,0,0,1,0,0,0
39815,0,0,0,0,0,1,0,0,0
39816,0,0,0,0,0,1,0,0,0
39817,0,0,0,0,0,1,0,0,0
39818,0,0,0,0,0,1,0,0,0
39819,0,0,0,0,0,1,0,0,0
39820,0,0,0,0,0,1,0,0,0
39821,0,0,0,0,0,1,0,0,0
39822,0,0,0,0,0,1,0,0,0
39823,0,0,0,0,0,1,0,0,0
39824,0,0,0,0,0,1,0,0,0
39825,0,0,0,0,0,1,0,0,0
39826,0,0,0,0,0,1,0,0,0
39827,0,0,0,0,0,1,0,0,0
39828,0,0,0,0,0,1,0,0,0
39829,0,0,0,0,0,1,0,0,0
39830,0,0,0,0,0,1,0,0,0
39831,0,0,0,0,0,1,0,0,0
39832,0,0,0,0,0,1,0,0,0
39833,0,0,0,0,0,1,0,0,0
39834,0,0,0,0,0,1,0,0,0
39835,0,0,0,0,0,1,0,0,0
39836,0,0,0,0,0,1,0,0,0
39837,0,0,0,0,0,1,0,0,0
39838,0,0,0,0,0,1,0,0,0
39839,0,0,0,0,0,1,0,0,0
39840,0,0,0,0,0,1,0,0,0
39841,0,0,0,0,0,1,0,0,0
39842,0,0,0,0,0,1,0,0,0
39843,0,0,0,0,0,1,0,0,0
39844,0,0,0,0,0,1,0,0,0
39845,0,0,0,0,0,1,0,0,0
39846,0,0,0,0,0,1,0,0,0
39847,0,0,0,0,0,1,0,0,0
39848,0,0,0,0,0,1,0,0,0
39849,0,0,0,0,0,1,0,0,0
39850,0,0,0,0,0,1,0,0,0
39851,0,0,0,0,0,1,0,0,0
39852,0,0,0,0,0,1,0,0,0
39853,0,0,0,0,0,1,0,0,0
39854,0,0,0,0,0,1,0,0,0
39855,0,0,0,0,0,1,0,0,0
39856,0,0,0,0,0,1,0,0,0
39857,0,0,0,0,0,1,0,0,0
39858,0,0,0,0,0,1,0,0,0
39859,0,0,0,0,0,1,0,0,0
39860,0,0,0,0,0,1,0,0,0
39861,0,0,0,0,0,1,0,0,0
39862,0,0,0,0,0,1,0,0,0
39863,0,0,0,0,0,1,0,0,0
39864,0,0,0,0,0,1,0,0,0
39865,0,0,0,0,0,1,0,0,0
39866,0,0,0,0,0,1,0,0,0
39867,0,0,0,0,0,1,0,0,0
39868,0,0,0,0,0,1,0,0,0
39869,0,0,0,0,0,1,0,0,0
39870,0,0,0,0,0,1,0,0,0
39871,0,0,0,0,0,1,0,0,0
39872,0,0,0,0,0,1,0,0,0
39873,0,0,0,0,0,1,0,0,0
39874,0,0,0,0,0,1,0,0,0
39875,0,0,0,0,0,1,0,0,0
39876,0,0,0,0,0,1,0,0,0
39877,0,0,0,0,0,1,0,0,0
39878,0,0,0,0,0,1,0,0,0
39879,0,0,0,0,0,1,0,0,0
39880,0,0,0,0,0,1,0,0,0
39881,0,0,0,0,0,1,0,0,0
39882,0,0,0,0,0,1,0,0,0
39883,0,0,0,0,0,1,0,0,0
39884,0,0,0,0,0,1,0,0,0
39885,0,0,0,0,0,1,0,0,0
39886,0,0,0,0,0,1,0,0,0
39887,0,0,0,0,0,1,0,0,0
39888,0,0,0,0,0,1,0,0,0
39889,0,0,0,0,0,1,0,0,0
39890,0,0,0,0,0,1,0,0,0
39891,0,0,0,0,0,1,0,0,0
39892,0,0,0,0,0,1,0,0,0
39893,0,0,0,0,0,1,0,0,0
39894,0,0,0,0,0,1,0,0,0
39895,0,0,0,0,0,1,0,0,0
39896,0,0,0,0,0,1,0,0,0
39897,0,0,0,0,0,1,0,0,0
39898,0,0,0,0,0,1,0,0,0
39899,0,0,0,0,0,1,0,0,0
39900,0,0,0,0,0,1,0,0,0
39901,0,0,0,0,0,1,0,0,0
39902,0,0,0,0,0,1,0,0,0
39903,0,0,0,0,0,1,0,0,0
39904,0,0,0,0,0,1,0,0,0
39905,0,0,0,0,0,1,0,0,0
39906,0,0,0,0,0,1,0,0,0
39907,0,0,0,0,0,1,0,0,0
39908,0,0,0,0,0,1,0,0,0
39909,0,0,0,0,0,1,0,0,0
39910,0,0,0,0,0,1,0,0,0
39911,0,0,0,0,0,1,0,0,0
39912,0,0,0,0,0,1,0,0,0
39913,0,0,0,0,0,1,0,0,0
39914,0,0,0,0,0,1,0,0,0
39915,0,0,0,0,0,1,0,0,0
39916,0,0,0,0,0,1,0,0,0
39917,0,0,0,0,0,1,0,0,0
39918,0,0,0,0,0,1,0,0,0
39919,0,0,0,0,0,1,0,0,0
39920,0,0,0,0,0,1,0,0,0
39921,0,0,0,0,0,1,0,0,0
39922,0,0,0,0,0,1,0,0,0
39923,0,0,0,0,0,1,0,0,0
39924,0,0,0,0,0,1,0,0,0
39925,0,0,0,0,0,1,0,0,0
39926,0,0,0,0,0,1,0,0,0
39927,0,0,0,0,0,1,0,0,0
39928,0,0,0,0,0,1,0,0,0
39929,0,0,0,0,0,1,0,0,0
39930,0,0,0,0,0,1,0,0,0
39931,0,0,0,0,0,1,0,0,0
39932,0,0,0,0,0,1,0,0,0
39933,0,0,0,0,0,1,0,0,0
39934,0,0,0,0,0,1,0,0,0
39935,0,0,0,0,0,1,0,0,0
39936,0,0,0,0,0,1,0,0,0
39937,0,0,0,0,0,1,0,0,0
39938,0,0,0,0,0,1,0,0,0
39939,0,0,0,0,0,1,0,0,0
39940,0,0,0,0,0,1,0,0,0
39941,0,0,0,0,0,1,0,0,0
39942,0,0,0,0,0,1,0,0,0
39943,0,0,0,0,0,1,0,0,0
39944,0,0,0,0,0,1,0,0,0
39945,0,0,0,0,0,1,0,0,0
39946,0,0,0,0,0,1,0,0,0
39947,0,0,0,0,0,1,0,0,0
39948,0,0,0,0,0,1,0,0,0
39949,0,0,0,0,0,1,0,0,0
39950,0,0,0,0,0,1,0,0,0
39951,0,0,0,0,0,1,0,0,0
39952,0,0,0,0,0,1,0,0,0
39953,0,0,0,0,0,1,0,0,0
39954,0,0,0,0,0,1,0,0,0
39955,0,0,0,0,0,1,0,0,0
39956,0,0,0,0,0,1,0,0,0
39957,0,0,0,0,0,1,0,0,0
39958,0,0,0,0,0,1,0,0,0
39959,0,0,0,0,0,1,0,0,0
39960,0,0,0,0,0,1,0,0,0
39961,0,0,0,0,0,1,0,0,0
39962,0,0,0,0,0,1,0,0,0
39963,0,0,0,0,0,1,0,0,0
39964,0,0,0,0,0,1,0,0,0
39965,0,0,0,0,0,1,0,0,0
39966,0,0,0,0,0,1,0,0,0
39967,0,0,0,0,0,1,0,0,0
39968,0,0,0,0,0,1,0,0,0
39969,0,0,0,0,0,1,0,0,0
39970,0,0,0,0,0,1,0,0,0
39971,0,0,0,0,0,1,0,0,0
39972,0,0,0,0,0,1,0,0,0
39973,0,0,0,0,0,1,0,0,0
39974,0,0,0,0,0,1,0,0,0
39975,0,0,0,0,0,1,0,0,0
39976,0,0,0,0,0,1,0,0,0
39977,0,0,0,0,0,1,0,0,0
39978,0,0,0,0,0,1,0,0,0
39979,0,0,0,0,0,1,0,0,0
39980,0,0,0,0,0,1,0,0,0
39981,0,0,0,0,0,1,0,0,0
39982,0,0,0,0,0,1,0,0,0
39983,0,0,0,0,0,1,0,0,0
39984,0,0,0,0,0,1,0,0,0
39985,0,0,0,0,0,1,0,0,0
39986,0,0,0,0,0,1,0,0,0
39987,0,0,0,0,0,1,0,0,0
39988,0,0,0,0,0,1,0,0,0
39989,0,0,0,0,0,1,0,0,0
39990,0,0,0,0,0,1,0,0,0
39991,0,0,0,0,0,1,0,0,0
39992,0,0,0,0,0,1,0,0,0
39993,0,0,0,0,0,1,0,0,0
39994,0,0,0,0,0,1,0,0,0
39995,0,0,0,0,0,1,0,0,0
39996,0,0,0,0,0,1,0,0,0
39997,0,0,0,0,0,1,0,0,0
39998,0,0,0,0,0,1,0,0,0
39999,0,0,0,0,0,1,0,0,0
40000,0,0,0,0,0,1,0,0,0
40001,0,0,0,0,0,1,0,0,0
40002,0,0,0,0,0,1,0,0,0
40003,0,0,0,0,0,1,0,0,0
40004,0,0,0,0,0,1,0,0,0
40005,0,0,0,0,0,1,0,0,0
40006,0,0,0,0,0,1,0,0,0
40007,0,0,0,0,0,1,0,0,0
40008,0,0,0,0,0,1,0,0,0
40009,0,0,0,0,0,1,0,0,0
40010,0,0,0,0,0,1,0,0,0
40011,0,0,0,0,0,1,0,0,0
40012,0,0,0,0,0,1,0,0,0
40013,0,0,0,0,0,1,0,0,0
40014,0,0,0,0,0,1,0,0,0
40015,0,0,0,0,0,1,0,0,0
40016,0,0,0,0,0,1,0,0,0
40017,0,0,0,0,0,1,0,0,0
40018,0,0,0,0,0,1,0,0,0
40019,0,0,0,0,0,1,0,0,0
40020,0,0,0,0,0,1,0,0,0
40021,0,0,0,0,0,1,0,0,0
40022,0,0,0,0,0,1,0,0,0
40023,0,0,0,0,0,1,0,0,0
40024,0,0,0,0,0,1,0,0,0
40025,0,0,0,0,0,1,0,0,0
40026,0,0,0,0,0,1,0,0,0
40027,0,0,0,0,0,1,0,0,0
40028,0,0,0,0,0,1,0,0,0
40029,0,0,0,0,0,1,0,0,0
40030,0,0,0,0,0,1,0,0,0
40031,0,0,0,0,0,1,0,0,0
40032,0,0,0,0,0,1,0,0,0
40033,0,0,0,0,0,1,0,0,0
40034,0,0,0,0,0,1,0,0,0
40035,0,0,0,0,0,1,0,0,0
40036,0,0,0,0,0,1,0,0,0
40037,0,0,0,0,0,1,0,0,0
40038,0,0,0,0,0,1,0,0,0
40039,0,0,0,0,0,1,0,0,0
40040,0,0,0,0,0,1,0,0,0
40041,0,0,0,0,0,1,0,0,0
40042,0,0,0,0,0,1,0,0,0
40043,0,0,0,0,0,1,0,0,0
40044,0,0,0,0,0,1,0,0,0
40045,0,0,0,0,0,1,0,0,0
40046,0,0,0,0,0,1,0,0,0
40047,0,0,0,0,0,1,0,0,0
40048,0,0,0,0,0,1,0,0,0
40049,0,0,0,0,0,1,0,0,0
40050,0,0,0,0,0,1,0,0,0
40051,0,0,0,0,0,1,0,0,0
40052,0,0,0,0,0,1,0,0,0
40053,0,0,0,0,0,1,0,0,0
40054,0,0,0,0,0,1,0,0,0
40055,0,0,0,0,0,1,0,0,0
40056,0,0,0,0,0,1,0,0,0
40057,0,0,0,0,0,1,0,0,0
40058,0,0,0,0,0,1,0,0,0
40059,0,0,0,0,0,1,0,0,0
40060,0,0,0,0,0,1,0,0,0
40061,0,0,0,0,0,1,0,0,0
40062,0,0,0,0,0,1,0,0,0
40063,0,0,0,0,0,1,0,0,0
40064,0,0,0,0,0,1,0,0,0
40065,0,0,0,0,0,1,0,0,0
40066,0,0,0,0,0,1,0,0,0
40067,0,0,0,0,0,1,0,0,0
40068,0,0,0,0,0,1,0,0,0
40069,0,0,0,0,0,1,0,0,0
40070,0,0,0,0,0,1,0,0,0
40071,0,0,0,0,0,1,0,0,0
40072,0,0,0,0,0,1,0,0,0
40073,0,0,0,0,0,1,0,0,0
40074,0,0,0,0,0,1,0,0,0
40075,0,0,0,0,0,1,0,0,0
40076,0,0,0,0,0,1,0,0,0
40077,0,0,0,0,0,1,0,0,0
40078,0,0,0,0,0,1,0,0,0
40079,0,0,0,0,0,1,0,0,0
40080,0,0,0,0,0,1,0,0,0
40081,0,0,0,0,0,1,0,0,0
40082,0,0,0,0,0,1,0,0,0
40083,0,0,0,0,0,1,0,0,0
40084,0,0,0,0,0,1,0,0,0
40085,0,0,0,0,0,1,0,0,0
40086,0,0,0,0,0,1,0,0,0
40087,0,0,0,0,0,1,0,0,0
40088,0,0,0,0,0,1,0,0,0
40089,0,0,0,0,0,1,0,0,0
40090,0,0,0,0,0,1,0,0,0
40091,0,0,0,0,0,1,0,0,0
40092,0,0,0,0,0,1,0,0,0
40093,0,0,0,0,0,1,0,0,0
40094,0,0,0,0,0,1,0,0,0
40095,0,0,0,0,0,1,0,0,0
40096,0,0,0,0,0,1,0,0,0
40097,0,0,0,0,0,1,0,0,0
40098,0,0,0,0,0,1,0,0,0
40099,0,0,0,0,0,1,0,0,0
40100,0,0,0,0,0,1,0,0,0
40101,0,0,0,0,0,1,0,0,0
40102,0,0,0,0,0,1,0,0,0
40103,0,0,0,0,0,1,0,0,0
40104,0,0,0,0,0,1,0,0,0
40105,0,0,0,0,0,1,0,0,0
40106,0,0,0,0,0,1,0,0,0
40107,0,0,0,0,0,1,0,0,0
40108,0,0,0,0,0,1,0,0,0
40109,0,0,0,0,0,1,0,0,0
40110,0,0,0,0,0,1,0,0,0
40111,0,0,0,0,0,1,0,0,0
40112,0,0,0,0,0,1,0,0,0
40113,0,0,0,0,0,1,0,0,0
40114,0,0,0,0,0,1,0,0,0
40115,0,0,0,0,0,1,0,0,0
40116,0,0,0,0,0,1,0,0,0
40117,0,0,0,0,0,1,0,0,0
40118,0,0,0,0,0,1,0,0,0
40119,0,0,0,0,0,1,0,0,0
40120,0,0,0,0,0,1,0,0,0
40121,0,0,0,0,0,1,0,0,0
40122,0,0,0,0,0,1,0,0,0
40123,0,0,0,0,0,1,0,0,0
40124,0,0,0,0,0,1,0,0,0
40125,0,0,0,0,0,1,0,0,0
40126,0,0,0,0,0,1,0,0,0
40127,0,0,0,0,0,1,0,0,0
40128,0,0,0,0,0,1,0,0,0
40129,0,0,0,0,0,1,0,0,0
40130,0,0,0,0,0,1,0,0,0
40131,0,0,0,0,0,1,0,0,0
40132,0,0,0,0,0,1,0,0,0
40133,0,0,0,0,0,1,0,0,0
40134,0,0,0,0,0,1,0,0,0
40135,0,0,0,0,0,1,0,0,0
40136,0,0,0,0,0,1,0,0,0
40137,0,0,0,0,0,1,0,0,0
40138,0,0,0,0,0,1,0,0,0
40139,0,0,0,0,0,1,0,0,0
40140,0,0,0,0,0,1,0,0,0
40141,0,0,0,0,0,1,0,0,0
40142,0,0,0,0,0,1,0,0,0
40143,0,0,0,0,0,1,0,0,0
40144,0,0,0,0,0,1,0,0,0
40145,0,0,0,0,0,1,0,0,0
40146,0,0,0,0,0,1,0,0,0
40147,0,0,0,0,0,1,0,0,0
40148,0,0,0,0,0,1,0,0,0
40149,0,0,0,0,0,1,0,0,0
40150,0,0,0,0,0,1,0,0,0
40151,0,0,0,0,0,1,0,0,0
40152,0,0,0,0,0,1,0,0,0
40153,0,0,0,0,0,1,0,0,0
40154,0,0,0,0,0,1,0,0,0
40155,0,0,0,0,0,1,0,0,0
40156,0,0,0,0,0,1,0,0,0
40157,0,0,0,0,0,1,0,0,0
40158,0,0,0,0,0,1,0,0,0
40159,0,0,0,0,0,1,0,0,0
40160,0,0,0,0,0,1,0,0,0
40161,0,0,0,0,0,1,0,0,0
40162,0,0,0,0,0,1,0,0,0
40163,0,0,0,0,0,1,0,0,0
40164,0,0,0,0,0,1,0,0,0
40165,0,0,0,0,0,1,0,0,0
40166,0,0,0,0,0,1,0,0,0
40167,0,0,0,0,0,1,0,0,0
40168,0,0,0,0,0,1,0,0,0
40169,0,0,0,0,0,1,0,0,0
40170,0,0,0,0,0,1,0,0,0
40171,0,0,0,0,0,1,0,0,0
40172,0,0,0,0,0,1,0,0,0
40173,0,0,0,0,0,1,0,0,0
40174,0,0,0,0,0,1,0,0,0
40175,0,0,0,0,0,1,0,0,0
40176,0,0,0,0,0,1,0,0,0
40177,0,0,0,0,0,1,0,0,0
40178,0,0,0,0,0,1,0,0,0
40179,0,0,0,0,0,1,0,0,0
40180,0,0,0,0,0,1,0,0,0
40181,0,0,0,0,0,1,0,0,0
40182,0,0,0,0,0,1,0,0,0
40183,0,0,0,0,0,1,0,0,0
40184,0,0,0,0,0,1,0,0,0
40185,0,0,0,0,0,1,0,0,0
40186,0,0,0,0,0,1,0,0,0
40187,0,0,0,0,0,1,0,0,0
40188,0,0,0,0,0,1,0,0,0
40189,0,0,0,0,0,1,0,0,0
40190,0,0,0,0,0,1,0,0,0
40191,0,0,0,0,0,1,0,0,0
40192,0,0,0,0,0,1,0,0,0
40193,0,0,0,0,0,1,0,0,0
40194,0,0,0,0,0,1,0,0,0
40195,0,0,0,0,0,1,0,0,0
40196,0,0,0,0,0,1,0,0,0
40197,0,0,0,0,0,1,0,0,0
40198,0,0,0,0,0,1,0,0,0
40199,0,0,0,0,0,1,0,0,0
40200,0,0,0,0,0,1,0,0,0
40201,0,0,0,0,0,1,0,0,0
40202,0,0,0,0,0,1,0,0,0
40203,0,0,0,0,0,1,0,0,0
40204,0,0,0,0,0,1,0,0,0
40205,0,0,0,0,0,1,0,0,0
40206,0,0,0,0,0,1,0,0,0
40207,0,0,0,0,0,1,0,0,0
40208,0,0,0,0,0,1,0,0,0
40209,0,0,0,0,0,1,0,0,0
40210,0,0,0,0,0,1,0,0,0
40211,0,0,0,0,0,1,0,0,0
40212,0,0,0,0,0,1,0,0,0
40213,0,0,0,0,0,1,0,0,0
40214,0,0,0,0,0,1,0,0,0
40215,0,0,0,0,0,1,0,0,0
40216,0,0,0,0,0,1,0,0,0
40217,0,0,0,0,0,1,0,0,0
40218,0,0,0,0,0,1,0,0,0
40219,0,0,0,0,0,1,0,0,0
40220,0,0,0,0,0,1,0,0,0
40221,0,0,0,0,0,1,0,0,0
40222,0,0,0,0,0,1,0,0,0
40223,0,0,0,0,0,1,0,0,0
40224,0,0,0,0,0,1,0,0,0
40225,0,0,0,0,0,1,0,0,0
40226,0,0,0,0,0,1,0,0,0
40227,0,0,0,0,0,1,0,0,0
40228,0,0,0,0,0,1,0,0,0
40229,0,0,0,0,0,1,0,0,0
40230,0,0,0,0,0,1,0,0,0
40231,0,0,0,0,0,1,0,0,0
40232,0,0,0,0,0,1,0,0,0
40233,0,0,0,0,0,1,0,0,0
40234,0,0,0,0,0,1,0,0,0
40235,0,0,0,0,0,1,0,0,0
40236,0,0,0,0,0,1,0,0,0
40237,0,0,0,0,0,1,0,0,0
40238,0,0,0,0,0,1,0,0,0
40239,0,0,0,0,0,1,0,0,0
40240,0,0,0,0,0,1,0,0,0
40241,0,0,0,0,0,1,0,0,0
40242,0,0,0,0,0,1,0,0,0
40243,0,0,0,0,0,1,0,0,0
40244,0,0,0,0,0,1,0,0,0
40245,0,0,0,0,0,1,0,0,0
40246,0,0,0,0,0,1,0,0,0
40247,0,0,0,0,0,1,0,0,0
40248,0,0,0,0,0,1,0,0,0
40249,0,0,0,0,0,1,0,0,0
40250,0,0,0,0,0,1,0,0,0
40251,0,0,0,0,0,1,0,0,0
40252,0,0,0,0,0,1,0,0,0
40253,0,0,0,0,0,1,0,0,0
40254,0,0,0,0,0,1,0,0,0
40255,0,0,0,0,0,1,0,0,0
40256,0,0,0,0,0,1,0,0,0
40257,0,0,0,0,0,1,0,0,0
40258,0,0,0,0,0,1,0,0,0
40259,0,0,0,0,0,1,0,0,0
40260,0,0,0,0,0,1,0,0,0
40261,0,0,0,0,0,1,0,0,0
40262,0,0,0,0,0,1,0,0,0
40263,0,0,0,0,0,1,0,0,0
40264,0,0,0,0,0,1,0,0,0
40265,0,0,0,0,0,1,0,0,0
40266,0,0,0,0,0,1,0,0,0
40267,0,0,0,0,0,1,0,0,0
40268,0,0,0,0,0,1,0,0,0
40269,0,0,0,0,0,1,0,0,0
40270,0,0,0,0,0,1,0,0,0
40271,0,0,0,0,0,1,0,0,0
40272,0,0,0,0,0,1,0,0,0
40273,0,0,0,0,0,1,0,0,0
40274,0,0,0,0,0,1,0,0,0
40275,0,0,0,0,0,1,0,0,0
40276,0,0,0,0,0,1,0,0,0
40277,0,0,0,0,0,1,0,0,0
40278,0,0,0,0,0,1,0,0,0
40279,0,0,0,0,0,1,0,0,0
40280,0,0,0,0,0,1,0,0,0
40281,0,0,0,0,0,1,0,0,0
40282,0,0,0,0,0,1,0,0,0
40283,0,0,0,0,0,1,0,0,0
40284,0,0,0,0,0,1,0,0,0
40285,0,0,0,0,0,1,0,0,0
40286,0,0,0,0,0,1,0,0,0
40287,0,0,0,0,0,1,0,0,0
40288,0,0,0,0,0,1,0,0,0
40289,0,0,0,0,0,1,0,0,0
40290,0,0,0,0,0,1,0,0,0
40291,0,0,0,0,0,1,0,0,0
40292,0,0,0,0,0,1,0,0,0
40293,0,0,0,0,0,1,0,0,0
40294,0,0,0,0,0,1,0,0,0
40295,0,0,0,0,0,1,0,0,0
40296,0,0,0,0,0,1,0,0,0
40297,0,0,0,0,0,1,0,0,0
40298,0,0,0,0,0,1,0,0,0
40299,0,0,0,0,0,1,0,0,0
40300,0,0,0,0,0,1,0,0,0
40301,0,0,0,0,0,1,0,0,0
40302,0,0,0,0,0,1,0,0,0
40303,0,0,0,0,0,1,0,0,0
40304,0,0,0,0,0,1,0,0,0
40305,0,0,0,0,0,1,0,0,0
40306,0,0,0,0,0,1,0,0,0
40307,0,0,0,0,0,1,0,0,0
40308,0,0,0,0,0,1,0,0,0
40309,0,0,0,0,0,1,0,0,0
40310,0,0,0,0,0,1,0,0,0
40311,0,0,0,0,0,1,0,0,0
40312,0,0,0,0,0,1,0,0,0
40313,0,0,0,0,0,1,0,0,0
40314,0,0,0,0,0,1,0,0,0
40315,0,0,0,0,0,1,0,0,0
40316,0,0,0,0,0,1,0,0,0
40317,0,0,0,0,0,1,0,0,0
40318,0,0,0,0,0,1,0,0,0
40319,0,0,0,0,0,1,0,0,0
40320,0,0,0,0,0,1,0,0,0
40321,0,0,0,0,0,1,0,0,0
40322,0,0,0,0,0,1,0,0,0
40323,0,0,0,0,0,1,0,0,0
40324,0,0,0,0,0,1,0,0,0
40325,0,0,0,0,0,1,0,0,0
40326,0,0,0,0,0,1,0,0,0
40327,0,0,0,0,0,1,0,0,0
40328,0,0,0,0,0,1,0,0,0
40329,0,0,0,0,0,1,0,0,0
40330,0,0,0,0,0,1,0,0,0
40331,0,0,0,0,0,1,0,0,0
40332,0,0,0,0,0,1,0,0,0
40333,0,0,0,0,0,1,0,0,0
40334,0,0,0,0,0,1,0,0,0
40335,0,0,0,0,0,1,0,0,0
40336,0,0,0,0,0,1,0,0,0
40337,0,0,0,0,0,1,0,0,0
40338,0,0,0,0,0,1,0,0,0
40339,0,0,0,0,0,1,0,0,0
40340,0,0,0,0,0,1,0,0,0
40341,0,0,0,0,0,1,0,0,0
40342,0,0,0,0,0,1,0,0,0
40343,0,0,0,0,0,1,0,0,0
40344,0,0,0,0,0,1,0,0,0
40345,0,0,0,0,0,1,0,0,0
40346,0,0,0,0,0,1,0,0,0
40347,0,0,0,0,0,1,0,0,0
40348,0,0,0,0,0,1,0,0,0
40349,0,0,0,0,0,1,0,0,0
40350,0,0,0,0,0,1,0,0,0
40351,0,0,0,0,0,1,0,0,0
40352,0,0,0,0,0,1,0,0,0
40353,0,0,0,0,0,1,0,0,0
40354,0,0,0,0,0,1,0,0,0
40355,0,0,0,0,0,1,0,0,0
40356,0,0,0,0,0,1,0,0,0
40357,0,0,0,0,0,1,0,0,0
40358,0,0,0,0,0,1,0,0,0
40359,0,0,0,0,0,1,0,0,0
40360,0,0,0,0,0,1,0,0,0
40361,0,0,0,0,0,1,0,0,0
40362,0,0,0,0,0,1,0,0,0
40363,0,0,0,0,0,1,0,0,0
40364,0,0,0,0,0,1,0,0,0
40365,0,0,0,0,0,1,0,0,0
40366,0,0,0,0,0,1,0,0,0
40367,0,0,0,0,0,1,0,0,0
40368,0,0,0,0,0,1,0,0,0
40369,0,0,0,0,0,1,0,0,0
40370,0,0,0,0,0,1,0,0,0
40371,0,0,0,0,0,1,0,0,0
40372,0,0,0,0,0,1,0,0,0
40373,0,0,0,0,0,1,0,0,0
40374,0,0,0,0,0,1,0,0,0
40375,0,0,0,0,0,1,0,0,0
40376,0,0,0,0,0,1,0,0,0
40377,0,0,0,0,0,1,0,0,0
40378,0,0,0,0,0,1,0,0,0
40379,0,0,0,0,0,1,0,0,0
40380,0,0,0,0,0,1,0,0,0
40381,0,0,0,0,0,1,0,0,0
40382,0,0,0,0,0,1,0,0,0
40383,0,0,0,0,0,1,0,0,0
40384,0,0,0,0,0,1,0,0,0
40385,0,0,0,0,0,1,0,0,0
40386,0,0,0,0,0,1,0,0,0
40387,0,0,0,0,0,1,0,0,0
40388,0,0,0,0,0,1,0,0,0
40389,0,0,0,0,0,1,0,0,0
40390,0,0,0,0,0,1,0,0,0
40391,0,0,0,0,0,1,0,0,0
40392,0,0,0,0,0,1,0,0,0
40393,0,0,0,0,0,1,0,0,0
40394,0,0,0,0,0,1,0,0,0
40395,0,0,0,0,0,1,0,0,0
40396,0,0,0,0,0,1,0,0,0
40397,0,0,0,0,0,1,0,0,0
40398,0,0,0,0,0,1,0,0,0
40399,0,0,0,0,0,1,0,0,0
40400,0,0,0,0,0,1,0,0,0
40401,0,0,0,0,0,1,0,0,0
40402,0,0,0,0,0,1,0,0,0
40403,0,0,0,0,0,1,0,0,0
40404,0,0,0,0,0,1,0,0,0
40405,0,0,0,0,0,1,0,0,0
40406,0,0,0,0,0,1,0,0,0
40407,0,0,0,0,0,1,0,0,0
40408,0,0,0,0,0,1,0,0,0
40409,0,0,0,0,0,1,0,0,0
40410,0,0,0,0,0,1,0,0,0
40411,0,0,0,0,0,1,0,0,0
40412,0,0,0,0,0,1,0,0,0
40413,0,0,0,0,0,1,0,0,0
40414,0,0,0,0,0,1,0,0,0
40415,0,0,0,0,0,1,0,0,0
40416,0,0,0,0,0,1,0,0,0
40417,0,0,0,0,0,1,0,0,0
40418,0,0,0,0,0,1,0,0,0
40419,0,0,0,0,0,1,0,0,0
40420,0,0,0,0,0,1,0,0,0
40421,0,0,0,0,0,1,0,0,0
40422,0,0,0,0,0,1,0,0,0
40423,0,0,0,0,0,1,0,0,0
40424,0,0,0,0,0,1,0,0,0
40425,0,0,0,0,0,1,0,0,0
40426,0,0,0,0,0,1,0,0,0
40427,0,0,0,0,0,1,0,0,0
40428,0,0,0,0,0,1,0,0,0
40429,0,0,0,0,0,1,0,0,0
40430,0,0,0,0,0,1,0,0,0
40431,0,0,0,0,0,1,0,0,0
40432,0,0,0,0,0,1,0,0,0
40433,0,0,0,0,0,1,0,0,0
40434,0,0,0,0,0,1,0,0,0
40435,0,0,0,0,0,1,0,0,0
40436,0,0,0,0,0,1,0,0,0
40437,0,0,0,0,0,1,0,0,0
40438,0,0,0,0,0,1,0,0,0
40439,0,0,0,0,0,1,0,0,0
40440,0,0,0,0,0,1,0,0,0
40441,0,0,0,0,0,1,0,0,0
40442,0,0,0,0,0,1,0,0,0
40443,0,0,0,0,0,1,0,0,0
40444,0,0,0,0,0,1,0,0,0
40445,0,0,0,0,0,1,0,0,0
40446,0,0,0,0,0,1,0,0,0
40447,0,0,0,0,0,1,0,0,0
40448,0,0,0,0,0,1,0,0,0
40449,0,0,0,0,0,1,0,0,0
40450,0,0,0,0,0,1,0,0,0
40451,0,0,0,0,0,1,0,0,0
40452,0,0,0,0,0,1,0,0,0
40453,0,0,0,0,0,1,0,0,0
40454,0,0,0,0,0,1,0,0,0
40455,0,0,0,0,0,1,0,0,0
40456,0,0,0,0,0,1,0,0,0
40457,0,0,0,0,0,1,0,0,0
40458,0,0,0,0,0,1,0,0,0
40459,0,0,0,0,0,1,0,0,0
40460,0,0,0,0,0,1,0,0,0
40461,0,0,0,0,0,1,0,0,0
40462,0,0,0,0,0,1,0,0,0
40463,0,0,0,0,0,1,0,0,0
40464,0,0,0,0,0,1,0,0,0
40465,0,0,0,0,0,1,0,0,0
40466,0,0,0,0,0,1,0,0,0
40467,0,0,0,0,0,1,0,0,0
40468,0,0,0,0,0,1,0,0,0
40469,0,0,0,0,0,1,0,0,0
40470,0,0,0,0,0,1,0,0,0
40471,0,0,0,0,0,1,0,0,0
40472,0,0,0,0,0,1,0,0,0
40473,0,0,0,0,0,1,0,0,0
40474,0,0,0,0,0,1,0,0,0
40475,0,0,0,0,0,1,0,0,0
40476,0,0,0,0,0,1,0,0,0
40477,0,0,0,0,0,1,0,0,0
40478,0,0,0,0,0,1,0,0,0
40479,0,0,0,0,0,1,0,0,0
40480,0,0,0,0,0,1,0,0,0
40481,0,0,0,0,0,1,0,0,0
40482,0,0,0,0,0,1,0,0,0
40483,0,0,0,0,0,1,0,0,0
40484,0,0,0,0,0,1,0,0,0
40485,0,0,0,0,0,1,0,0,0
40486,0,0,0,0,0,1,0,0,0
40487,0,0,0,0,0,1,0,0,0
40488,0,0,0,0,0,1,0,0,0
40489,0,0,0,0,0,1,0,0,0
40490,0,0,0,0,0,1,0,0,0
40491,0,0,0,0,0,1,0,0,0
40492,0,0,0,0,0,1,0,0,0
40493,0,0,0,0,0,1,0,0,0
40494,0,0,0,0,0,1,0,0,0
40495,0,0,0,0,0,1,0,0,0
40496,0,0,0,0,0,1,0,0,0
40497,0,0,0,0,0,1,0,0,0
40498,0,0,0,0,0,1,0,0,0
40499,0,0,0,0,0,1,0,0,0
40500,0,0,0,0,0,1,0,0,0
40501,0,0,0,0,0,1,0,0,0
40502,0,0,0,0,0,1,0,0,0
40503,0,0,0,0,0,1,0,0,0
40504,0,0,0,0,0,1,0,0,0
40505,0,0,0,0,0,1,0,0,0
40506,0,0,0,0,0,1,0,0,0
40507,0,0,0,0,0,1,0,0,0
40508,0,0,0,0,0,1,0,0,0
40509,0,0,0,0,0,1,0,0,0
40510,0,0,0,0,0,1,0,0,0
40511,0,0,0,0,0,1,0,0,0
40512,0,0,0,0,0,1,0,0,0
40513,0,0,0,0,0,1,0,0,0
40514,0,0,0,0,0,1,0,0,0
40515,0,0,0,0,0,1,0,0,0
40516,0,0,0,0,0,1,0,0,0
40517,0,0,0,0,0,1,0,0,0
40518,0,0,0,0,0,1,0,0,0
40519,0,0,0,0,0,1,0,0,0
40520,0,0,0,0,0,1,0,0,0
40521,0,0,0,0,0,1,0,0,0
40522,0,0,0,0,0,1,0,0,0
40523,0,0,0,0,0,1,0,0,0
40524,0,0,0,0,0,1,0,0,0
40525,0,0,0,0,0,1,0,0,0
40526,0,0,0,0,0,1,0,0,0
40527,0,0,0,0,0,1,0,0,0
40528,0,0,0,0,0,1,0,0,0
40529,0,0,0,0,0,1,0,0,0
40530,0,0,0,0,0,1,0,0,0
40531,0,0,0,0,0,1,0,0,0
40532,0,0,0,0,0,1,0,0,0
40533,0,0,0,0,0,1,0,0,0
40534,0,0,0,0,0,1,0,0,0
40535,0,0,0,0,0,1,0,0,0
40536,0,0,0,0,0,1,0,0,0
40537,0,0,0,0,0,1,0,0,0
40538,0,0,0,0,0,1,0,0,0
40539,0,0,0,0,0,1,0,0,0
40540,0,0,0,0,0,1,0,0,0
40541,0,0,0,0,0,1,0,0,0
40542,0,0,0,0,0,1,0,0,0
40543,0,0,0,0,0,1,0,0,0
40544,0,0,0,0,0,1,0,0,0
40545,0,0,0,0,0,1,0,0,0
40546,0,0,0,0,0,1,0,0,0
40547,0,0,0,0,0,1,0,0,0
40548,0,0,0,0,0,1,0,0,0
40549,0,0,0,0,0,1,0,0,0
40550,0,0,0,0,0,1,0,0,0
40551,0,0,0,0,0,1,0,0,0
40552,0,0,0,0,0,1,0,0,0
40553,0,0,0,0,0,1,0,0,0
40554,0,0,0,0,0,1,0,0,0
40555,0,0,0,0,0,1,0,0,0
40556,0,0,0,0,0,1,0,0,0
40557,0,0,0,0,0,1,0,0,0
40558,0,0,0,0,0,1,0,0,0
40559,0,0,0,0,0,1,0,0,0
40560,0,0,0,0,0,1,0,0,0
40561,0,0,0,0,0,1,0,0,0
40562,0,0,0,0,0,1,0,0,0
40563,0,0,0,0,0,1,0,0,0
40564,0,0,0,0,0,1,0,0,0
40565,0,0,0,0,0,1,0,0,0
40566,0,0,0,0,0,1,0,0,0
40567,0,0,0,0,0,1,0,0,0
40568,0,0,0,0,0,1,0,0,0
40569,0,0,0,0,0,1,0,0,0
40570,0,0,0,0,0,1,0,0,0
40571,0,0,0,0,0,1,0,0,0
40572,0,0,0,0,0,1,0,0,0
40573,0,0,0,0,0,1,0,0,0
40574,0,0,0,0,0,1,0,0,0
40575,0,0,0,0,0,1,0,0,0
40576,0,0,0,0,0,1,0,0,0
40577,0,0,0,0,0,1,0,0,0
40578,0,0,0,0,0,1,0,0,0
40579,0,0,0,0,0,1,0,0,0
40580,0,0,0,0,0,1,0,0,0
40581,0,0,0,0,0,1,0,0,0
40582,0,0,0,0,0,1,0,0,0
40583,0,0,0,0,0,1,0,0,0
40584,0,0,0,0,0,1,0,0,0
40585,0,0,0,0,0,1,0,0,0
40586,0,0,0,0,0,1,0,0,0
40587,0,0,0,0,0,1,0,0,0
40588,0,0,0,0,0,1,0,0,0
40589,0,0,0,0,0,1,0,0,0
40590,0,0,0,0,0,1,0,0,0
40591,0,0,0,0,0,1,0,0,0
40592,0,0,0,0,0,1,0,0,0
40593,0,0,0,0,0,1,0,0,0
40594,0,0,0,0,0,1,0,0,0
40595,0,0,0,0,0,1,0,0,0
40596,0,0,0,0,0,1,0,0,0
40597,0,0,0,0,0,1,0,0,0
40598,0,0,0,0,0,1,0,0,0
40599,0,0,0,0,0,1,0,0,0
40600,0,0,0,0,0,1,0,0,0
40601,0,0,0,0,0,1,0,0,0
40602,0,0,0,0,0,1,0,0,0
40603,0,0,0,0,0,1,0,0,0
40604,0,0,0,0,0,1,0,0,0
40605,0,0,0,0,0,1,0,0,0
40606,0,0,0,0,0,1,0,0,0
40607,0,0,0,0,0,1,0,0,0
40608,0,0,0,0,0,1,0,0,0
40609,0,0,0,0,0,1,0,0,0
40610,0,0,0,0,0,1,0,0,0
40611,0,0,0,0,0,1,0,0,0
40612,0,0,0,0,0,1,0,0,0
40613,0,0,0,0,0,1,0,0,0
40614,0,0,0,0,0,1,0,0,0
40615,0,0,0,0,0,1,0,0,0
40616,0,0,0,0,0,1,0,0,0
40617,0,0,0,0,0,1,0,0,0
40618,0,0,0,0,0,1,0,0,0
40619,0,0,0,0,0,1,0,0,0
40620,0,0,0,0,0,1,0,0,0
40621,0,0,0,0,0,1,0,0,0
40622,0,0,0,0,0,1,0,0,0
40623,0,0,0,0,0,1,0,0,0
40624,0,0,0,0,0,1,0,0,0
40625,0,0,0,0,0,1,0,0,0
40626,0,0,0,0,0,1,0,0,0
40627,0,0,0,0,0,1,0,0,0
40628,0,0,0,0,0,1,0,0,0
40629,0,0,0,0,0,1,0,0,0
40630,0,0,0,0,0,1,0,0,0
40631,0,0,0,0,0,1,0,0,0
40632,0,0,0,0,0,1,0,0,0
40633,0,0,0,0,0,1,0,0,0
40634,0,0,0,0,0,1,0,0,0
40635,0,0,0,0,0,1,0,0,0
40636,0,0,0,0,0,1,0,0,0
40637,0,0,0,0,0,1,0,0,0
40638,0,0,0,0,0,1,0,0,0
40639,0,0,0,0,0,1,0,0,0
40640,0,0,0,0,0,1,0,0,0
40641,0,0,0,0,0,1,0,0,0
40642,0,0,0,0,0,1,0,0,0
40643,0,0,0,0,0,1,0,0,0
40644,0,0,0,0,0,1,0,0,0
40645,0,0,0,0,0,1,0,0,0
40646,0,0,0,0,0,1,0,0,0
40647,0,0,0,0,0,1,0,0,0
40648,0,0,0,0,0,1,0,0,0
40649,0,0,0,0,0,1,0,0,0
40650,0,0,0,0,0,1,0,0,0
40651,0,0,0,0,0,1,0,0,0
40652,0,0,0,0,0,1,0,0,0
40653,0,0,0,0,0,1,0,0,0
40654,0,0,0,0,0,1,0,0,0
40655,0,0,0,0,0,1,0,0,0
40656,0,0,0,0,0,1,0,0,0
40657,0,0,0,0,0,1,0,0,0
40658,0,0,0,0,0,1,0,0,0
40659,0,0,0,0,0,1,0,0,0
40660,0,0,0,0,0,1,0,0,0
40661,0,0,0,0,0,1,0,0,0
40662,0,0,0,0,0,1,0,0,0
40663,0,0,0,0,0,1,0,0,0
40664,0,0,0,0,0,1,0,0,0
40665,0,0,0,0,0,1,0,0,0
40666,0,0,0,0,0,1,0,0,0
40667,0,0,0,0,0,1,0,0,0
40668,0,0,0,0,0,1,0,0,0
40669,0,0,0,0,0,1,0,0,0
40670,0,0,0,0,0,1,0,0,0
40671,0,0,0,0,0,1,0,0,0
40672,0,0,0,0,0,1,0,0,0
40673,0,0,0,0,0,1,0,0,0
40674,0,0,0,0,0,1,0,0,0
40675,0,0,0,0,0,1,0,0,0
40676,0,0,0,0,0,1,0,0,0
40677,0,0,0,0,0,1,0,0,0
40678,0,0,0,0,0,1,0,0,0
40679,0,0,0,0,0,1,0,0,0
40680,0,0,0,0,0,1,0,0,0
40681,0,0,0,0,0,1,0,0,0
40682,0,0,0,0,0,1,0,0,0
40683,0,0,0,0,0,1,0,0,0
40684,0,0,0,0,0,1,0,0,0
40685,0,0,0,0,0,1,0,0,0
40686,0,0,0,0,0,1,0,0,0
40687,0,0,0,0,0,1,0,0,0
40688,0,0,0,0,0,1,0,0,0
40689,0,0,0,0,0,1,0,0,0
40690,0,0,0,0,0,1,0,0,0
40691,0,0,0,0,0,1,0,0,0
40692,0,0,0,0,0,1,0,0,0
40693,0,0,0,0,0,1,0,0,0
40694,0,0,0,0,0,1,0,0,0
40695,0,0,0,0,0,1,0,0,0
40696,0,0,0,0,0,1,0,0,0
40697,0,0,0,0,0,1,0,0,0
40698,0,0,0,0,0,1,0,0,0
40699,0,0,0,0,0,1,0,0,0
40700,0,0,0,0,0,1,0,0,0
40701,0,0,0,0,0,1,0,0,0
40702,0,0,0,0,0,1,0,0,0
40703,0,0,0,0,0,1,0,0,0
40704,0,0,0,0,0,1,0,0,0
40705,0,0,0,0,0,1,0,0,0
40706,0,0,0,0,0,1,0,0,0
40707,0,0,0,0,0,1,0,0,0
40708,0,0,0,0,0,1,0,0,0
40709,0,0,0,0,0,1,0,0,0
40710,0,0,0,0,0,1,0,0,0
40711,0,0,0,0,0,1,0,0,0
40712,0,0,0,0,0,1,0,0,0
40713,0,0,0,0,0,1,0,0,0
40714,0,0,0,0,0,1,0,0,0
40715,0,0,0,0,0,1,0,0,0
40716,0,0,0,0,0,1,0,0,0
40717,0,0,0,0,0,1,0,0,0
40718,0,0,0,0,0,1,0,0,0
40719,0,0,0,0,0,1,0,0,0
40720,0,0,0,0,0,1,0,0,0
40721,0,0,0,0,0,1,0,0,0
40722,0,0,0,0,0,1,0,0,0
40723,0,0,0,0,0,1,0,0,0
40724,0,0,0,0,0,1,0,0,0
40725,0,0,0,0,0,1,0,0,0
40726,0,0,0,0,0,1,0,0,0
40727,0,0,0,0,0,1,0,0,0
40728,0,0,0,0,0,1,0,0,0
40729,0,0,0,0,0,1,0,0,0
40730,0,0,0,0,0,1,0,0,0
40731,0,0,0,0,0,1,0,0,0
40732,0,0,0,0,0,1,0,0,0
40733,0,0,0,0,0,1,0,0,0
40734,0,0,0,0,0,1,0,0,0
40735,0,0,0,0,0,1,0,0,0
40736,0,0,0,0,0,1,0,0,0
40737,0,0,0,0,0,1,0,0,0
40738,0,0,0,0,0,1,0,0,0
40739,0,0,0,0,0,1,0,0,0
40740,0,0,0,0,0,1,0,0,0
40741,0,0,0,0,0,1,0,0,0
40742,0,0,0,0,0,1,0,0,0
40743,0,0,0,0,0,1,0,0,0
40744,0,0,0,0,0,1,0,0,0
40745,0,0,0,0,0,1,0,0,0
40746,0,0,0,0,0,1,0,0,0
40747,0,0,0,0,0,1,0,0,0
40748,0,0,0,0,0,1,0,0,0
40749,0,0,0,0,0,1,0,0,0
40750,0,0,0,0,0,1,0,0,0
40751,0,0,0,0,0,1,0,0,0
40752,0,0,0,0,0,1,0,0,0
40753,0,0,0,0,0,1,0,0,0
40754,0,0,0,0,0,1,0,0,0
40755,0,0,0,0,0,1,0,0,0
40756,0,0,0,0,0,1,0,0,0
40757,0,0,0,0,0,1,0,0,0
40758,0,0,0,0,0,1,0,0,0
40759,0,0,0,0,0,1,0,0,0
40760,0,0,0,0,0,1,0,0,0
40761,0,0,0,0,0,1,0,0,0
40762,0,0,0,0,0,1,0,0,0
40763,0,0,0,0,0,1,0,0,0
40764,0,0,0,0,0,1,0,0,0
40765,0,0,0,0,0,1,0,0,0
40766,0,0,0,0,0,1,0,0,0
40767,0,0,0,0,0,1,0,0,0
40768,0,0,0,0,0,1,0,0,0
40769,0,0,0,0,0,1,0,0,0
40770,0,0,0,0,0,1,0,0,0
40771,0,0,0,0,0,1,0,0,0
40772,0,0,0,0,0,1,0,0,0
40773,0,0,0,0,0,1,0,0,0
40774,0,0,0,0,0,1,0,0,0
40775,0,0,0,0,0,1,0,0,0
40776,0,0,0,0,0,1,0,0,0
40777,0,0,0,0,0,1,0,0,0
40778,0,0,0,0,0,1,0,0,0
40779,0,0,0,0,0,1,0,0,0
40780,0,0,0,0,0,1,0,0,0
40781,0,0,0,0,0,1,0,0,0
40782,0,0,0,0,0,1,0,0,0
40783,0,0,0,0,0,1,0,0,0
40784,0,0,0,0,0,1,0,0,0
40785,0,0,0,0,0,1,0,0,0
40786,0,0,0,0,0,1,0,0,0
40787,0,0,0,0,0,1,0,0,0
40788,0,0,0,0,0,1,0,0,0
40789,0,0,0,0,0,1,0,0,0
40790,0,0,0,0,0,1,0,0,0
40791,0,0,0,0,0,1,0,0,0
40792,0,0,0,0,0,1,0,0,0
40793,0,0,0,0,0,1,0,0,0
40794,0,0,0,0,0,1,0,0,0
40795,0,0,0,0,0,1,0,0,0
40796,0,0,0,0,0,1,0,0,0
40797,0,0,0,0,0,1,0,0,0
40798,0,0,0,0,0,1,0,0,0
40799,0,0,0,0,0,1,0,0,0
40800,0,0,0,0,0,1,0,0,0
40801,0,0,0,0,0,1,0,0,0
40802,0,0,0,0,0,1,0,0,0
40803,0,0,0,0,0,1,0,0,0
40804,0,0,0,0,0,1,0,0,0
40805,0,0,0,0,0,1,0,0,0
40806,0,0,0,0,0,1,0,0,0
40807,0,0,0,0,0,1,0,0,0
40808,0,0,0,0,0,1,0,0,0
40809,0,0,0,0,0,1,0,0,0
40810,0,0,0,0,0,1,0,0,0
40811,0,0,0,0,0,1,0,0,0
40812,0,0,0,0,0,1,0,0,0
40813,0,0,0,0,0,1,0,0,0
40814,0,0,0,0,0,1,0,0,0
40815,0,0,0,0,0,1,0,0,0
40816,0,0,0,0,0,1,0,0,0
40817,0,0,0,0,0,1,0,0,0
40818,0,0,0,0,0,1,0,0,0
40819,0,0,0,0,0,1,0,0,0
40820,0,0,0,0,0,1,0,0,0
40821,0,0,0,0,0,1,0,0,0
40822,0,0,0,0,0,1,0,0,0
40823,0,0,0,0,0,1,0,0,0
40824,0,0,0,0,0,1,0,0,0
40825,0,0,0,0,0,1,0,0,0
40826,0,0,0,0,0,1,0,0,0
40827,0,0,0,0,0,1,0,0,0
40828,0,0,0,0,0,1,0,0,0
40829,0,0,0,0,0,1,0,0,0
40830,0,0,0,0,0,1,0,0,0
40831,0,0,0,0,0,1,0,0,0
40832,0,0,0,0,0,1,0,0,0
40833,0,0,0,0,0,1,0,0,0
40834,0,0,0,0,0,1,0,0,0
40835,0,0,0,0,0,1,0,0,0
40836,0,0,0,0,0,1,0,0,0
40837,0,0,0,0,0,1,0,0,0
40838,0,0,0,0,0,1,0,0,0
40839,0,0,0,0,0,1,0,0,0
40840,0,0,0,0,0,1,0,0,0
40841,0,0,0,0,0,1,0,0,0
40842,0,0,0,0,0,1,0,0,0
40843,0,0,0,0,0,1,0,0,0
40844,0,0,0,0,0,1,0,0,0
40845,0,0,0,0,0,1,0,0,0
40846,0,0,0,0,0,1,0,0,0
40847,0,0,0,0,0,1,0,0,0
40848,0,0,0,0,0,1,0,0,0
40849,0,0,0,0,0,1,0,0,0
40850,0,0,0,0,0,1,0,0,0
40851,0,0,0,0,0,1,0,0,0
40852,0,0,0,0,0,1,0,0,0
40853,0,0,0,0,0,1,0,0,0
40854,0,0,0,0,0,1,0,0,0
40855,0,0,0,0,0,1,0,0,0
40856,0,0,0,0,0,1,0,0,0
40857,0,0,0,0,0,1,0,0,0
40858,0,0,0,0,0,1,0,0,0
40859,0,0,0,0,0,1,0,0,0
40860,0,0,0,0,0,1,0,0,0
40861,0,0,0,0,0,1,0,0,0
40862,0,0,0,0,0,1,0,0,0
40863,0,0,0,0,0,1,0,0,0
40864,0,0,0,0,0,1,0,0,0
40865,0,0,0,0,0,1,0,0,0
40866,0,0,0,0,0,1,0,0,0
40867,0,0,0,0,0,1,0,0,0
40868,0,0,0,0,0,1,0,0,0
40869,0,0,0,0,0,1,0,0,0
40870,0,0,0,0,0,1,0,0,0
40871,0,0,0,0,0,1,0,0,0
40872,0,0,0,0,0,1,0,0,0
40873,0,0,0,0,0,1,0,0,0
40874,0,0,0,0,0,1,0,0,0
40875,0,0,0,0,0,1,0,0,0
40876,0,0,0,0,0,1,0,0,0
40877,0,0,0,0,0,1,0,0,0
40878,0,0,0,0,0,1,0,0,0
40879,0,0,0,0,0,1,0,0,0
40880,0,0,0,0,0,1,0,0,0
40881,0,0,0,0,0,1,0,0,0
40882,0,0,0,0,0,1,0,0,0
40883,0,0,0,0,0,1,0,0,0
40884,0,0,0,0,0,1,0,0,0
40885,0,0,0,0,0,1,0,0,0
40886,0,0,0,0,0,1,0,0,0
40887,0,0,0,0,0,1,0,0,0
40888,0,0,0,0,0,1,0,0,0
40889,0,0,0,0,0,1,0,0,0
40890,0,0,0,0,0,1,0,0,0
40891,0,0,0,0,0,1,0,0,0
40892,0,0,0,0,0,1,0,0,0
40893,0,0,0,0,0,1,0,0,0
40894,0,0,0,0,0,1,0,0,0
40895,0,0,0,0,0,1,0,0,0
40896,0,0,0,0,0,1,0,0,0
40897,0,0,0,0,0,1,0,0,0
40898,0,0,0,0,0,1,0,0,0
40899,0,0,0,0,0,1,0,0,0
40900,0,0,0,0,0,1,0,0,0
40901,0,0,0,0,0,1,0,0,0
40902,0,0,0,0,0,1,0,0,0
40903,0,0,0,0,0,1,0,0,0
40904,0,0,0,0,0,1,0,0,0
40905,0,0,0,0,0,1,0,0,0
40906,0,0,0,0,0,1,0,0,0
40907,0,0,0,0,0,1,0,0,0
40908,0,0,0,0,0,1,0,0,0
40909,0,0,0,0,0,1,0,0,0
40910,0,0,0,0,0,1,0,0,0
40911,0,0,0,0,0,1,0,0,0
40912,0,0,0,0,0,1,0,0,0
40913,0,0,0,0,0,1,0,0,0
40914,0,0,0,0,0,1,0,0,0
40915,0,0,0,0,0,1,0,0,0
40916,0,0,0,0,0,1,0,0,0
40917,0,0,0,0,0,1,0,0,0
40918,0,0,0,0,0,1,0,0,0
40919,0,0,0,0,0,1,0,0,0
40920,0,0,0,0,0,1,0,0,0
40921,0,0,0,0,0,1,0,0,0
40922,0,0,0,0,0,1,0,0,0
40923,0,0,0,0,0,1,0,0,0
40924,0,0,0,0,0,1,0,0,0
40925,0,0,0,0,0,1,0,0,0
40926,0,0,0,0,0,1,0,0,0
40927,0,0,0,0,0,1,0,0,0
40928,0,0,0,0,0,1,0,0,0
40929,0,0,0,0,0,1,0,0,0
40930,0,0,0,0,0,1,0,0,0
40931,0,0,0,0,0,1,0,0,0
40932,0,0,0,0,0,1,0,0,0
40933,0,0,0,0,0,1,0,0,0
40934,0,0,0,0,0,1,0,0,0
40935,0,0,0,0,0,1,0,0,0
40936,0,0,0,0,0,1,0,0,0
40937,0,0,0,0,0,1,0,0,0
40938,0,0,0,0,0,1,0,0,0
40939,0,0,0,0,0,1,0,0,0
40940,0,0,0,0,0,1,0,0,0
40941,0,0,0,0,0,1,0,0,0
40942,0,0,0,0,0,1,0,0,0
40943,0,0,0,0,0,1,0,0,0
40944,0,0,0,0,0,1,0,0,0
40945,0,0,0,0,0,1,0,0,0
40946,0,0,0,0,0,1,0,0,0
40947,0,0,0,0,0,1,0,0,0
40948,0,0,0,0,0,1,0,0,0
40949,0,0,0,0,0,1,0,0,0
40950,0,0,0,0,0,1,0,0,0
40951,0,0,0,0,0,1,0,0,0
40952,0,0,0,0,0,1,0,0,0
40953,0,0,0,0,0,1,0,0,0
40954,0,0,0,0,0,1,0,0,0
40955,0,0,0,0,0,1,0,0,0
40956,0,0,0,0,0,1,0,0,0
40957,0,0,0,0,0,1,0,0,0
40958,0,0,0,0,0,1,0,0,0
40959,0,0,0,0,0,1,0,0,0
40960,0,0,0,0,0,1,0,0,0
40961,0,0,0,0,0,1,0,0,0
40962,0,0,0,0,0,1,0,0,0
40963,0,0,0,0,0,1,0,0,0
40964,0,0,0,0,0,1,0,0,0
40965,0,0,0,0,0,1,0,0,0
40966,0,0,0,0,0,1,0,0,0
40967,0,0,0,0,0,1,0,0,0
40968,0,0,0,0,0,1,0,0,0
40969,0,0,0,0,0,1,0,0,0
40970,0,0,0,0,0,1,0,0,0
40971,0,0,0,0,0,1,0,0,0
40972,0,0,0,0,0,1,0,0,0
40973,0,0,0,0,0,1,0,0,0
40974,0,0,0,0,0,1,0,0,0
40975,0,0,0,0,0,1,0,0,0
40976,0,0,0,0,0,1,0,0,0
40977,0,0,0,0,0,1,0,0,0
40978,0,0,0,0,0,1,0,0,0
40979,0,0,0,0,0,1,0,0,0
40980,0,0,0,0,0,1,0,0,0
40981,0,0,0,0,0,1,0,0,0
40982,0,0,0,0,0,1,0,0,0
40983,0,0,0,0,0,1,0,0,0
40984,0,0,0,0,0,1,0,0,0
40985,0,0,0,0,0,1,0,0,0
40986,0,0,0,0,0,1,0,0,0
40987,0,0,0,0,0,1,0,0,0
40988,0,0,0,0,0,1,0,0,0
40989,0,0,0,0,0,1,0,0,0
40990,0,0,0,0,0,1,0,0,0
40991,0,0,0,0,0,1,0,0,0
40992,0,0,0,0,0,1,0,0,0
40993,0,0,0,0,0,1,0,0,0
40994,0,0,0,0,0,1,0,0,0
40995,0,0,0,0,0,1,0,0,0
40996,0,0,0,0,0,1,0,0,0
40997,0,0,0,0,0,1,0,0,0
40998,0,0,0,0,0,1,0,0,0
40999,0,0,0,0,0,1,0,0,0
41000,0,0,0,0,0,1,0,0,0
41001,0,0,0,0,0,1,0,0,0
41002,0,0,0,0,0,1,0,0,0
41003,0,0,0,0,0,1,0,0,0
41004,0,0,0,0,0,1,0,0,0
41005,0,0,0,0,0,1,0,0,0
41006,0,0,0,0,0,1,0,0,0
41007,0,0,0,0,0,1,0,0,0
41008,0,0,0,0,0,1,0,0,0
41009,0,0,0,0,0,1,0,0,0
41010,0,0,0,0,0,1,0,0,0
41011,0,0,0,0,0,1,0,0,0
41012,0,0,0,0,0,1,0,0,0
41013,0,0,0,0,0,1,0,0,0
41014,0,0,0,0,0,1,0,0,0
41015,0,0,0,0,0,1,0,0,0
41016,0,0,0,0,0,1,0,0,0
41017,0,0,0,0,0,1,0,0,0
41018,0,0,0,0,0,1,0,0,0
41019,0,0,0,0,0,1,0,0,0
41020,0,0,0,0,0,1,0,0,0
41021,0,0,0,0,0,1,0,0,0
41022,0,0,0,0,0,1,0,0,0
41023,0,0,0,0,0,1,0,0,0
41024,0,0,0,0,0,1,0,0,0
41025,0,0,0,0,0,1,0,0,0
41026,0,0,0,0,0,1,0,0,0
41027,0,0,0,0,0,1,0,0,0
41028,0,0,0,0,0,1,0,0,0
41029,0,0,0,0,0,1,0,0,0
41030,0,0,0,0,0,1,0,0,0
41031,0,0,0,0,0,1,0,0,0
41032,0,0,0,0,0,1,0,0,0
41033,0,0,0,0,0,1,0,0,0
41034,0,0,0,0,0,1,0,0,0
41035,0,0,0,0,0,1,0,0,0
41036,0,0,0,0,0,1,0,0,0
41037,0,0,0,0,0,1,0,0,0
41038,0,0,0,0,0,1,0,0,0
41039,0,0,0,0,0,1,0,0,0
41040,0,0,0,0,0,1,0,0,0
41041,0,0,0,0,0,1,0,0,0
41042,0,0,0,0,0,1,0,0,0
41043,0,0,0,0,0,1,0,0,0
41044,0,0,0,0,0,1,0,0,0
41045,0,0,0,0,0,1,0,0,0
41046,0,0,0,0,0,1,0,0,0
41047,0,0,0,0,0,1,0,0,0
41048,0,0,0,0,0,1,0,0,0
41049,0,0,0,0,0,1,0,0,0
41050,0,0,0,0,0,1,0,0,0
41051,0,0,0,0,0,1,0,0,0
41052,0,0,0,0,0,1,0,0,0
41053,0,0,0,0,0,1,0,0,0
41054,0,0,0,0,0,1,0,0,0
41055,0,0,0,0,0,1,0,0,0
41056,0,0,0,0,0,1,0,0,0
41057,0,0,0,0,0,1,0,0,0
41058,0,0,0,0,0,1,0,0,0
41059,0,0,0,0,0,1,0,0,0
41060,0,0,0,0,0,1,0,0,0
41061,0,0,0,0,0,1,0,0,0
41062,0,0,0,0,0,1,0,0,0
41063,0,0,0,0,0,1,0,0,0
41064,0,0,0,0,0,1,0,0,0
41065,0,0,0,0,0,1,0,0,0
41066,0,0,0,0,0,1,0,0,0
41067,0,0,0,0,0,1,0,0,0
41068,0,0,0,0,0,1,0,0,0
41069,0,0,0,0,0,1,0,0,0
41070,0,0,0,0,0,1,0,0,0
41071,0,0,0,0,0,1,0,0,0
41072,0,0,0,0,0,1,0,0,0
41073,0,0,0,0,0,1,0,0,0
41074,0,0,0,0,0,1,0,0,0
41075,0,0,0,0,0,1,0,0,0
41076,0,0,0,0,0,1,0,0,0
41077,0,0,0,0,0,1,0,0,0
41078,0,0,0,0,0,1,0,0,0
41079,0,0,0,0,0,1,0,0,0
41080,0,0,0,0,0,1,0,0,0
41081,0,0,0,0,0,1,0,0,0
41082,0,0,0,0,0,1,0,0,0
41083,0,0,0,0,0,1,0,0,0
41084,0,0,0,0,0,1,0,0,0
41085,0,0,0,0,0,1,0,0,0
41086,0,0,0,0,0,1,0,0,0
41087,0,0,0,0,0,1,0,0,0
41088,0,0,0,0,0,1,0,0,0
41089,0,0,0,0,0,1,0,0,0
41090,0,0,0,0,0,1,0,0,0
41091,0,0,0,0,0,1,0,0,0
41092,0,0,0,0,0,1,0,0,0
41093,0,0,0,0,0,1,0,0,0
41094,0,0,0,0,0,1,0,0,0
41095,0,0,0,0,0,1,0,0,0
41096,0,0,0,0,0,1,0,0,0
41097,0,0,0,0,0,1,0,0,0
41098,0,0,0,0,0,1,0,0,0
41099,0,0,0,0,0,1,0,0,0
41100,0,0,0,0,0,1,0,0,0
41101,0,0,0,0,0,1,0,0,0
41102,0,0,0,0,0,1,0,0,0
41103,0,0,0,0,0,1,0,0,0
41104,0,0,0,0,0,1,0,0,0
41105,0,0,0,0,0,1,0,0,0
41106,0,0,0,0,0,1,0,0,0
41107,0,0,0,0,0,1,0,0,0
41108,0,0,0,0,0,1,0,0,0
41109,0,0,0,0,0,1,0,0,0
41110,0,0,0,0,0,1,0,0,0
41111,0,0,0,0,0,1,0,0,0
41112,0,0,0,0,0,1,0,0,0
41113,0,0,0,0,0,1,0,0,0
41114,0,0,0,0,0,1,0,0,0
41115,0,0,0,0,0,1,0,0,0
41116,0,0,0,0,0,1,0,0,0
41117,0,0,0,0,0,1,0,0,0
41118,0,0,0,0,0,1,0,0,0
41119,0,0,0,0,0,1,0,0,0
41120,0,0,0,0,0,1,0,0,0
41121,0,0,0,0,0,1,0,0,0
41122,0,0,0,0,0,1,0,0,0
41123,0,0,0,0,0,1,0,0,0
41124,0,0,0,0,0,1,0,0,0
41125,0,0,0,0,0,1,0,0,0
41126,0,0,0,0,0,1,0,0,0
41127,0,0,0,0,0,1,0,0,0
41128,0,0,0,0,0,1,0,0,0
41129,0,0,0,0,0,1,0,0,0
41130,0,0,0,0,0,1,0,0,0
41131,0,0,0,0,0,1,0,0,0
41132,0,0,0,0,0,1,0,0,0
41133,0,0,0,0,0,1,0,0,0
41134,0,0,0,0,0,1,0,0,0
41135,0,0,0,0,0,1,0,0,0
41136,0,0,0,0,0,1,0,0,0
41137,0,0,0,0,0,1,0,0,0
41138,0,0,0,0,0,1,0,0,0
41139,0,0,0,0,0,1,0,0,0
41140,0,0,0,0,0,1,0,0,0
41141,0,0,0,0,0,1,0,0,0
41142,0,0,0,0,0,1,0,0,0
41143,0,0,0,0,0,1,0,0,0
41144,0,0,0,0,0,1,0,0,0
41145,0,0,0,0,0,1,0,0,0
41146,0,0,0,0,0,1,0,0,0
41147,0,0,0,0,0,1,0,0,0
41148,0,0,0,0,0,1,0,0,0
41149,0,0,0,0,0,1,0,0,0
41150,0,0,0,0,0,1,0,0,0
41151,0,0,0,0,0,1,0,0,0
41152,0,0,0,0,0,1,0,0,0
41153,0,0,0,0,0,1,0,0,0
41154,0,0,0,0,0,1,0,0,0
41155,0,0,0,0,0,1,0,0,0
41156,0,0,0,0,0,1,0,0,0
41157,0,0,0,0,0,1,0,0,0
41158,0,0,0,0,0,1,0,0,0
41159,0,0,0,0,0,1,0,0,0
41160,0,0,0,0,0,1,0,0,0
41161,0,0,0,0,0,1,0,0,0
41162,0,0,0,0,0,1,0,0,0
41163,0,0,0,0,0,1,0,0,0
41164,0,0,0,0,0,1,0,0,0
41165,0,0,0,0,0,1,0,0,0
41166,0,0,0,0,0,1,0,0,0
41167,0,0,0,0,0,1,0,0,0
41168,0,0,0,0,0,1,0,0,0
41169,0,0,0,0,0,1,0,0,0
41170,0,0,0,0,0,1,0,0,0
41171,0,0,0,0,0,1,0,0,0
41172,0,0,0,0,0,1,0,0,0
41173,0,0,0,0,0,1,0,0,0
41174,0,0,0,0,0,1,0,0,0
41175,0,0,0,0,0,1,0,0,0
41176,0,0,0,0,0,1,0,0,0
41177,0,0,0,0,0,1,0,0,0
41178,0,0,0,0,0,1,0,0,0
41179,0,0,0,0,0,1,0,0,0
41180,0,0,0,0,0,1,0,0,0
41181,0,0,0,0,0,1,0,0,0
41182,0,0,0,0,0,1,0,0,0
41183,0,0,0,0,0,1,0,0,0
41184,0,0,0,0,0,1,0,0,0
41185,0,0,0,0,0,1,0,0,0
41186,0,0,0,0,0,1,0,0,0
41187,0,0,0,0,0,1,0,0,0
41188,0,0,0,0,0,1,0,0,0
41189,0,0,0,0,0,1,0,0,0
41190,0,0,0,0,0,1,0,0,0
41191,0,0,0,0,0,1,0,0,0
41192,0,0,0,0,0,1,0,0,0
41193,0,0,0,0,0,1,0,0,0
41194,0,0,0,0,0,1,0,0,0
41195,0,0,0,0,0,1,0,0,0
41196,0,0,0,0,0,1,0,0,0
41197,0,0,0,0,0,1,0,0,0
41198,0,0,0,0,0,1,0,0,0
41199,0,0,0,0,0,1,0,0,0
41200,0,0,0,0,0,1,0,0,0
41201,0,0,0,0,0,1,0,0,0
41202,0,0,0,0,0,1,0,0,0
41203,0,0,0,0,0,1,0,0,0
41204,0,0,0,0,0,1,0,0,0
41205,0,0,0,0,0,1,0,0,0
41206,0,0,0,0,0,1,0,0,0
41207,0,0,0,0,0,1,0,0,0
41208,0,0,0,0,0,1,0,0,0
41209,0,0,0,0,0,1,0,0,0
41210,0,0,0,0,0,1,0,0,0
41211,0,0,0,0,0,1,0,0,0
41212,0,0,0,0,0,1,0,0,0
41213,0,0,0,0,0,1,0,0,0
41214,0,0,0,0,0,1,0,0,0
41215,0,0,0,0,0,1,0,0,0
41216,0,0,0,0,0,1,0,0,0
41217,0,0,0,0,0,1,0,0,0
41218,0,0,0,0,0,1,0,0,0
41219,0,0,0,0,0,1,0,0,0
41220,0,0,0,0,0,1,0,0,0
41221,0,0,0,0,0,1,0,0,0
41222,0,0,0,0,0,1,0,0,0
41223,0,0,0,0,0,1,0,0,0
41224,0,0,0,0,0,1,0,0,0
41225,0,0,0,0,0,1,0,0,0
41226,0,0,0,0,0,1,0,0,0
41227,0,0,0,0,0,1,0,0,0
41228,0,0,0,0,0,1,0,0,0
41229,0,0,0,0,0,1,0,0,0
41230,0,0,0,0,0,1,0,0,0
41231,0,0,0,0,0,1,0,0,0
41232,0,0,0,0,0,1,0,0,0
41233,0,0,0,0,0,1,0,0,0
41234,0,0,0,0,0,1,0,0,0
41235,0,0,0,0,0,1,0,0,0
41236,0,0,0,0,0,1,0,0,0
41237,0,0,0,0,0,1,0,0,0
41238,0,0,0,0,0,1,0,0,0
41239,0,0,0,0,0,1,0,0,0
41240,0,0,0,0,0,1,0,0,0
41241,0,0,0,0,0,1,0,0,0
41242,0,0,0,0,0,1,0,0,0
41243,0,0,0,0,0,1,0,0,0
41244,0,0,0,0,0,1,0,0,0
41245,0,0,0,0,0,1,0,0,0
41246,0,0,0,0,0,1,0,0,0
41247,0,0,0,0,0,1,0,0,0
41248,0,0,0,0,0,1,0,0,0
41249,0,0,0,0,0,1,0,0,0
41250,0,0,0,0,0,1,0,0,0
41251,0,0,0,0,0,1,0,0,0
41252,0,0,0,0,0,1,0,0,0
41253,0,0,0,0,0,1,0,0,0
41254,0,0,0,0,0,1,0,0,0
41255,0,0,0,0,0,1,0,0,0
41256,0,0,0,0,0,1,0,0,0
41257,0,0,0,0,0,1,0,0,0
41258,0,0,0,0,0,1,0,0,0
41259,0,0,0,0,0,1,0,0,0
41260,0,0,0,0,0,1,0,0,0
41261,0,0,0,0,0,1,0,0,0
41262,0,0,0,0,0,1,0,0,0
41263,0,0,0,0,0,1,0,0,0
41264,0,0,0,0,0,1,0,0,0
41265,0,0,0,0,0,1,0,0,0
41266,0,0,0,0,0,1,0,0,0
41267,0,0,0,0,0,1,0,0,0
41268,0,0,0,0,0,1,0,0,0
41269,0,0,0,0,0,1,0,0,0
41270,0,0,0,0,0,1,0,0,0
41271,0,0,0,0,0,1,0,0,0
41272,0,0,0,0,0,1,0,0,0
41273,0,0,0,0,0,1,0,0,0
41274,0,0,0,0,0,1,0,0,0
41275,0,0,0,0,0,1,0,0,0
41276,0,0,0,0,0,1,0,0,0
41277,0,0,0,0,0,1,0,0,0
41278,0,0,0,0,0,1,0,0,0
41279,0,0,0,0,0,1,0,0,0
41280,0,0,0,0,0,1,0,0,0
41281,0,0,0,0,0,1,0,0,0
41282,0,0,0,0,0,1,0,0,0
41283,0,0,0,0,0,1,0,0,0
41284,0,0,0,0,0,1,0,0,0
41285,0,0,0,0,0,1,0,0,0
41286,0,0,0,0,0,1,0,0,0
41287,0,0,0,0,0,1,0,0,0
41288,0,0,0,0,0,1,0,0,0
41289,0,0,0,0,0,1,0,0,0
41290,0,0,0,0,0,1,0,0,0
41291,0,0,0,0,0,1,0,0,0
41292,0,0,0,0,0,1,0,0,0
41293,0,0,0,0,0,1,0,0,0
41294,0,0,0,0,0,1,0,0,0
41295,0,0,0,0,0,1,0,0,0
41296,0,0,0,0,0,1,0,0,0
41297,0,0,0,0,0,1,0,0,0
41298,0,0,0,0,0,1,0,0,0
41299,0,0,0,0,0,1,0,0,0
41300,0,0,0,0,0,1,0,0,0
41301,0,0,0,0,0,1,0,0,0
41302,0,0,0,0,0,1,0,0,0
41303,0,0,0,0,0,1,0,0,0
41304,0,0,0,0,0,1,0,0,0
41305,0,0,0,0,0,1,0,0,0
41306,0,0,0,0,0,1,0,0,0
41307,0,0,0,0,0,1,0,0,0
41308,0,0,0,0,0,1,0,0,0
41309,0,0,0,0,0,1,0,0,0
41310,0,0,0,0,0,1,0,0,0
41311,0,0,0,0,0,1,0,0,0
41312,0,0,0,0,0,1,0,0,0
41313,0,0,0,0,0,1,0,0,0
41314,0,0,0,0,0,1,0,0,0
41315,0,0,0,0,0,1,0,0,0
41316,0,0,0,0,0,1,0,0,0
41317,0,0,0,0,0,1,0,0,0
41318,0,0,0,0,0,1,0,0,0
41319,0,0,0,0,0,1,0,0,0
41320,0,0,0,0,0,1,0,0,0
41321,0,0,0,0,0,1,0,0,0
41322,0,0,0,0,0,1,0,0,0
41323,0,0,0,0,0,1,0,0,0
41324,0,0,0,0,0,1,0,0,0
41325,0,0,0,0,0,1,0,0,0
41326,0,0,0,0,0,1,0,0,0
41327,0,0,0,0,0,1,0,0,0
41328,0,0,0,0,0,1,0,0,0
41329,0,0,0,0,0,1,0,0,0
41330,0,0,0,0,0,1,0,0,0
41331,0,0,0,0,0,1,0,0,0
41332,0,0,0,0,0,1,0,0,0
41333,0,0,0,0,0,1,0,0,0
41334,0,0,0,0,0,1,0,0,0
41335,0,0,0,0,0,1,0,0,0
41336,0,0,0,0,0,1,0,0,0
41337,0,0,0,0,0,1,0,0,0
41338,0,0,0,0,0,1,0,0,0
41339,0,0,0,0,0,1,0,0,0
41340,0,0,0,0,0,1,0,0,0
41341,0,0,0,0,0,1,0,0,0
41342,0,0,0,0,0,1,0,0,0
41343,0,0,0,0,0,1,0,0,0
41344,0,0,0,0,0,1,0,0,0
41345,0,0,0,0,0,1,0,0,0
41346,0,0,0,0,0,1,0,0,0
41347,0,0,0,0,0,1,0,0,0
41348,0,0,0,0,0,1,0,0,0
41349,0,0,0,0,0,1,0,0,0
41350,0,0,0,0,0,1,0,0,0
41351,0,0,0,0,0,1,0,0,0
41352,0,0,0,0,0,1,0,0,0
41353,0,0,0,0,0,1,0,0,0
41354,0,0,0,0,0,1,0,0,0
41355,0,0,0,0,0,1,0,0,0
41356,0,0,0,0,0,1,0,0,0
41357,0,0,0,0,0,1,0,0,0
41358,0,0,0,0,0,1,0,0,0
41359,0,0,0,0,0,1,0,0,0
41360,0,0,0,0,0,1,0,0,0
41361,0,0,0,0,0,1,0,0,0
41362,0,0,0,0,0,1,0,0,0
41363,0,0,0,0,0,1,0,0,0
41364,0,0,0,0,0,1,0,0,0
41365,0,0,0,0,0,1,0,0,0
41366,0,0,0,0,0,1,0,0,0
41367,0,0,0,0,0,1,0,0,0
41368,0,0,0,0,0,1,0,0,0
41369,0,0,0,0,0,1,0,0,0
41370,0,0,0,0,0,1,0,0,0
41371,0,0,0,0,0,1,0,0,0
41372,0,0,0,0,0,1,0,0,0
41373,0,0,0,0,0,1,0,0,0
41374,0,0,0,0,0,1,0,0,0
41375,0,0,0,0,0,1,0,0,0
41376,0,0,0,0,0,1,0,0,0
41377,0,0,0,0,0,1,0,0,0
41378,0,0,0,0,0,1,0,0,0
41379,0,0,0,0,0,1,0,0,0
41380,0,0,0,0,0,1,0,0,0
41381,0,0,0,0,0,1,0,0,0
41382,0,0,0,0,0,1,0,0,0
41383,0,0,0,0,0,1,0,0,0
41384,0,0,0,0,0,1,0,0,0
41385,0,0,0,0,0,1,0,0,0
41386,0,0,0,0,0,1,0,0,0
41387,0,0,0,0,0,1,0,0,0
41388,0,0,0,0,0,1,0,0,0
41389,0,0,0,0,0,1,0,0,0
41390,0,0,0,0,0,1,0,0,0
41391,0,0,0,0,0,1,0,0,0
41392,0,0,0,0,0,1,0,0,0
41393,0,0,0,0,0,1,0,0,0
41394,0,0,0,0,0,1,0,0,0
41395,0,0,0,0,0,1,0,0,0
41396,0,0,0,0,0,1,0,0,0
41397,0,0,0,0,0,1,0,0,0
41398,0,0,0,0,0,1,0,0,0
41399,0,0,0,0,0,1,0,0,0
41400,0,0,0,0,0,1,0,0,0
41401,0,0,0,0,0,1,0,0,0
41402,0,0,0,0,0,1,0,0,0
41403,0,0,0,0,0,1,0,0,0
41404,0,0,0,0,0,1,0,0,0
41405,0,0,0,0,0,1,0,0,0
41406,0,0,0,0,0,1,0,0,0
41407,0,0,0,0,0,1,0,0,0
41408,0,0,0,0,0,1,0,0,0
41409,0,0,0,0,0,1,0,0,0
41410,0,0,0,0,0,1,0,0,0
41411,0,0,0,0,0,1,0,0,0
41412,0,0,0,0,0,1,0,0,0
41413,0,0,0,0,0,1,0,0,0
41414,0,0,0,0,0,1,0,0,0
41415,0,0,0,0,0,1,0,0,0
41416,0,0,0,0,0,1,0,0,0
41417,0,0,0,0,0,1,0,0,0
41418,0,0,0,0,0,1,0,0,0
41419,0,0,0,0,0,1,0,0,0
41420,0,0,0,0,0,1,0,0,0
41421,0,0,0,0,0,1,0,0,0
41422,0,0,0,0,0,1,0,0,0
41423,0,0,0,0,0,1,0,0,0
41424,0,0,0,0,0,1,0,0,0
41425,0,0,0,0,0,1,0,0,0
41426,0,0,0,0,0,1,0,0,0
41427,0,0,0,0,0,1,0,0,0
41428,0,0,0,0,0,1,0,0,0
41429,0,0,0,0,0,1,0,0,0
41430,0,0,0,0,0,1,0,0,0
41431,0,0,0,0,0,1,0,0,0
41432,0,0,0,0,0,1,0,0,0
41433,0,0,0,0,0,1,0,0,0
41434,0,0,0,0,0,1,0,0,0
41435,0,0,0,0,0,1,0,0,0
41436,0,0,0,0,0,1,0,0,0
41437,0,0,0,0,0,1,0,0,0
41438,0,0,0,0,0,1,0,0,0
41439,0,0,0,0,0,1,0,0,0
41440,0,0,0,0,0,1,0,0,0
41441,0,0,0,0,0,1,0,0,0
41442,0,0,0,0,0,1,0,0,0
41443,0,0,0,0,0,1,0,0,0
41444,0,0,0,0,0,1,0,0,0
41445,0,0,0,0,0,1,0,0,0
41446,0,0,0,0,0,1,0,0,0
41447,0,0,0,0,0,1,0,0,0
41448,0,0,0,0,0,1,0,0,0
41449,0,0,0,0,0,1,0,0,0
41450,0,0,0,0,0,1,0,0,0
41451,0,0,0,0,0,1,0,0,0
41452,0,0,0,0,0,1,0,0,0
41453,0,0,0,0,0,1,0,0,0
41454,0,0,0,0,0,1,0,0,0
41455,0,0,0,0,0,1,0,0,0
41456,0,0,0,0,0,1,0,0,0
41457,0,0,0,0,0,1,0,0,0
41458,0,0,0,0,0,1,0,0,0
41459,0,0,0,0,0,1,0,0,0
41460,0,0,0,0,0,1,0,0,0
41461,0,0,0,0,0,1,0,0,0
41462,0,0,0,0,0,1,0,0,0
41463,0,0,0,0,0,1,0,0,0
41464,0,0,0,0,0,1,0,0,0
41465,0,0,0,0,0,1,0,0,0
41466,0,0,0,0,0,1,0,0,0
41467,0,0,0,0,0,1,0,0,0
41468,0,0,0,0,0,1,0,0,0
41469,0,0,0,0,0,1,0,0,0
41470,0,0,0,0,0,1,0,0,0
41471,0,0,0,0,0,1,0,0,0
41472,0,0,0,0,0,1,0,0,0
41473,0,0,0,0,0,1,0,0,0
41474,0,0,0,0,0,1,0,0,0
41475,0,0,0,0,0,1,0,0,0
41476,0,0,0,0,0,1,0,0,0
41477,0,0,0,0,0,1,0,0,0
41478,0,0,0,0,0,1,0,0,0
41479,0,0,0,0,0,1,0,0,0
41480,0,0,0,0,0,1,0,0,0
41481,0,0,0,0,0,1,0,0,0
41482,0,0,0,0,0,1,0,0,0
41483,0,0,0,0,0,1,0,0,0
41484,0,0,0,0,0,1,0,0,0
41485,0,0,0,0,0,1,0,0,0
41486,0,0,0,0,0,1,0,0,0
41487,0,0,0,0,0,1,0,0,0
41488,0,0,0,0,0,1,0,0,0
41489,0,0,0,0,0,1,0,0,0
41490,0,0,0,0,0,1,0,0,0
41491,0,0,0,0,0,1,0,0,0
41492,0,0,0,0,0,1,0,0,0
41493,0,0,0,0,0,1,0,0,0
41494,0,0,0,0,0,1,0,0,0
41495,0,0,0,0,0,1,0,0,0
41496,0,0,0,0,0,1,0,0,0
41497,0,0,0,0,0,1,0,0,0
41498,0,0,0,0,0,1,0,0,0
41499,0,0,0,0,0,1,0,0,0
41500,0,0,0,0,0,1,0,0,0
41501,0,0,0,0,0,1,0,0,0
41502,0,0,0,0,0,1,0,0,0
41503,0,0,0,0,0,1,0,0,0
41504,0,0,0,0,0,1,0,0,0
41505,0,0,0,0,0,1,0,0,0
41506,0,0,0,0,0,1,0,0,0
41507,0,0,0,0,0,1,0,0,0
41508,0,0,0,0,0,1,0,0,0
41509,0,0,0,0,0,1,0,0,0
41510,0,0,0,0,0,1,0,0,0
41511,0,0,0,0,0,1,0,0,0
41512,0,0,0,0,0,1,0,0,0
41513,0,0,0,0,0,1,0,0,0
41514,0,0,0,0,0,1,0,0,0
41515,0,0,0,0,0,1,0,0,0
41516,0,0,0,0,0,1,0,0,0
41517,0,0,0,0,0,1,0,0,0
41518,0,0,0,0,0,1,0,0,0
41519,0,0,0,0,0,1,0,0,0
41520,0,0,0,0,0,1,0,0,0
41521,0,0,0,0,0,1,0,0,0
41522,0,0,0,0,0,1,0,0,0
41523,0,0,0,0,0,1,0,0,0
41524,0,0,0,0,0,1,0,0,0
41525,0,0,0,0,0,1,0,0,0
41526,0,0,0,0,0,1,0,0,0
41527,0,0,0,0,0,1,0,0,0
41528,0,0,0,0,0,1,0,0,0
41529,0,0,0,0,0,1,0,0,0
41530,0,0,0,0,0,1,0,0,0
41531,0,0,0,0,0,1,0,0,0
41532,0,0,0,0,0,1,0,0,0
41533,0,0,0,0,0,1,0,0,0
41534,0,0,0,0,0,1,0,0,0
41535,0,0,0,0,0,1,0,0,0
41536,0,0,0,0,0,1,0,0,0
41537,0,0,0,0,0,1,0,0,0
41538,0,0,0,0,0,1,0,0,0
41539,0,0,0,0,0,1,0,0,0
41540,0,0,0,0,0,1,0,0,0
41541,0,0,0,0,0,1,0,0,0
41542,0,0,0,0,0,1,0,0,0
41543,0,0,0,0,0,1,0,0,0
41544,0,0,0,0,0,1,0,0,0
41545,0,0,0,0,0,1,0,0,0
41546,0,0,0,0,0,1,0,0,0
41547,0,0,0,0,0,1,0,0,0
41548,0,0,0,0,0,1,0,0,0
41549,0,0,0,0,0,1,0,0,0
41550,0,0,0,0,0,1,0,0,0
41551,0,0,0,0,0,1,0,0,0
41552,0,0,0,0,0,1,0,0,0
41553,0,0,0,0,0,1,0,0,0
41554,0,0,0,0,0,1,0,0,0
41555,0,0,0,0,0,1,0,0,0
41556,0,0,0,0,0,1,0,0,0
41557,0,0,0,0,0,1,0,0,0
41558,0,0,0,0,0,1,0,0,0
41559,0,0,0,0,0,1,0,0,0
41560,0,0,0,0,0,1,0,0,0
41561,0,0,0,0,0,1,0,0,0
41562,0,0,0,0,0,1,0,0,0
41563,0,0,0,0,0,1,0,0,0
41564,0,0,0,0,0,1,0,0,0
41565,0,0,0,0,0,1,0,0,0
41566,0,0,0,0,0,1,0,0,0
41567,0,0,0,0,0,1,0,0,0
41568,0,0,0,0,0,1,0,0,0
41569,0,0,0,0,0,1,0,0,0
41570,0,0,0,0,0,1,0,0,0
41571,0,0,0,0,0,1,0,0,0
41572,0,0,0,0,0,1,0,0,0
41573,0,0,0,0,0,1,0,0,0
41574,0,0,0,0,0,1,0,0,0
41575,0,0,0,0,0,1,0,0,0
41576,0,0,0,0,0,1,0,0,0
41577,0,0,0,0,0,1,0,0,0
41578,0,0,0,0,0,1,0,0,0
41579,0,0,0,0,0,1,0,0,0
41580,0,0,0,0,0,1,0,0,0
41581,0,0,0,0,0,1,0,0,0
41582,0,0,0,0,0,1,0,0,0
41583,0,0,0,0,0,1,0,0,0
41584,0,0,0,0,0,1,0,0,0
41585,0,0,0,0,0,1,0,0,0
41586,0,0,0,0,0,1,0,0,0
41587,0,0,0,0,0,1,0,0,0
41588,0,0,0,0,0,1,0,0,0
41589,0,0,0,0,0,1,0,0,0
41590,0,0,0,0,0,1,0,0,0
41591,0,0,0,0,0,1,0,0,0
41592,0,0,0,0,0,1,0,0,0
41593,0,0,0,0,0,1,0,0,0
41594,0,0,0,0,0,1,0,0,0
41595,0,0,0,0,0,1,0,0,0
41596,0,0,0,0,0,1,0,0,0
41597,0,0,0,0,0,1,0,0,0
41598,0,0,0,0,0,1,0,0,0
41599,0,0,0,0,0,1,0,0,0
41600,0,0,0,0,0,1,0,0,0
41601,0,0,0,0,0,1,0,0,0
41602,0,0,0,0,0,1,0,0,0
41603,0,0,0,0,0,1,0,0,0
41604,0,0,0,0,0,1,0,0,0
41605,0,0,0,0,0,1,0,0,0
41606,0,0,0,0,0,1,0,0,0
41607,0,0,0,0,0,1,0,0,0
41608,0,0,0,0,0,1,0,0,0
41609,0,0,0,0,0,1,0,0,0
41610,0,0,0,0,0,1,0,0,0
41611,0,0,0,0,0,1,0,0,0
41612,0,0,0,0,0,1,0,0,0
41613,0,0,0,0,0,1,0,0,0
41614,0,0,0,0,0,1,0,0,0
41615,0,0,0,0,0,1,0,0,0
41616,0,0,0,0,0,1,0,0,0
41617,0,0,0,0,0,1,0,0,0
41618,0,0,0,0,0,1,0,0,0
41619,0,0,0,0,0,1,0,0,0
41620,0,0,0,0,0,1,0,0,0
41621,0,0,0,0,0,1,0,0,0
41622,0,0,0,0,0,1,0,0,0
41623,0,0,0,0,0,1,0,0,0
41624,0,0,0,0,0,1,0,0,0
41625,0,0,0,0,0,1,0,0,0
41626,0,0,0,0,0,1,0,0,0
41627,0,0,0,0,0,1,0,0,0
41628,0,0,0,0,0,1,0,0,0
41629,0,0,0,0,0,1,0,0,0
41630,0,0,0,0,0,1,0,0,0
41631,0,0,0,0,0,1,0,0,0
41632,0,0,0,0,0,1,0,0,0
41633,0,0,0,0,0,1,0,0,0
41634,0,0,0,0,0,1,0,0,0
41635,0,0,0,0,0,1,0,0,0
41636,0,0,0,0,0,1,0,0,0
41637,0,0,0,0,0,1,0,0,0
41638,0,0,0,0,0,1,0,0,0
41639,0,0,0,0,0,1,0,0,0
41640,0,0,0,0,0,1,0,0,0
41641,0,0,0,0,0,1,0,0,0
41642,0,0,0,0,0,1,0,0,0
41643,0,0,0,0,0,1,0,0,0
41644,0,0,0,0,0,1,0,0,0
41645,0,0,0,0,0,1,0,0,0
41646,0,0,0,0,0,1,0,0,0
41647,0,0,0,0,0,1,0,0,0
41648,0,0,0,0,0,1,0,0,0
41649,0,0,0,0,0,1,0,0,0
41650,0,0,0,0,0,1,0,0,0
41651,0,0,0,0,0,1,0,0,0
41652,0,0,0,0,0,1,0,0,0
41653,0,0,0,0,0,1,0,0,0
41654,0,0,0,0,0,1,0,0,0
41655,0,0,0,0,0,1,0,0,0
41656,0,0,0,0,0,1,0,0,0
41657,0,0,0,0,0,1,0,0,0
41658,0,0,0,0,0,1,0,0,0
41659,0,0,0,0,0,1,0,0,0
41660,0,0,0,0,0,1,0,0,0
41661,0,0,0,0,0,1,0,0,0
41662,0,0,0,0,0,1,0,0,0
41663,0,0,0,0,0,1,0,0,0
41664,0,0,0,0,0,1,0,0,0
41665,0,0,0,0,0,1,0,0,0
41666,0,0,0,0,0,1,0,0,0
41667,0,0,0,0,0,1,0,0,0
41668,0,0,0,0,0,1,0,0,0
41669,0,0,0,0,0,1,0,0,0
41670,0,0,0,0,0,1,0,0,0
41671,0,0,0,0,0,1,0,0,0
41672,0,0,0,0,0,1,0,0,0
41673,0,0,0,0,0,1,0,0,0
41674,0,0,0,0,0,1,0,0,0
41675,0,0,0,0,0,1,0,0,0
41676,0,0,0,0,0,1,0,0,0
41677,0,0,0,0,0,1,0,0,0
41678,0,0,0,0,0,1,0,0,0
41679,0,0,0,0,0,1,0,0,0
41680,0,0,0,0,0,1,0,0,0
41681,0,0,0,0,0,1,0,0,0
41682,0,0,0,0,0,1,0,0,0
41683,0,0,0,0,0,1,0,0,0
41684,0,0,0,0,0,1,0,0,0
41685,0,0,0,0,0,1,0,0,0
41686,0,0,0,0,0,1,0,0,0
41687,0,0,0,0,0,1,0,0,0
41688,0,0,0,0,0,1,0,0,0
41689,0,0,0,0,0,1,0,0,0
41690,0,0,0,0,0,1,0,0,0
41691,0,0,0,0,0,1,0,0,0
41692,0,0,0,0,0,1,0,0,0
41693,0,0,0,0,0,1,0,0,0
41694,0,0,0,0,0,1,0,0,0
41695,0,0,0,0,0,1,0,0,0
41696,0,0,0,0,0,1,0,0,0
41697,0,0,0,0,0,1,0,0,0
41698,0,0,0,0,0,1,0,0,0
41699,0,0,0,0,0,1,0,0,0
41700,0,0,0,0,0,1,0,0,0
41701,0,0,0,0,0,1,0,0,0
41702,0,0,0,0,0,1,0,0,0
41703,0,0,0,0,0,1,0,0,0
41704,0,0,0,0,0,1,0,0,0
41705,0,0,0,0,0,1,0,0,0
41706,0,0,0,0,0,1,0,0,0
41707,0,0,0,0,0,1,0,0,0
41708,0,0,0,0,0,1,0,0,0
41709,0,0,0,0,0,1,0,0,0
41710,0,0,0,0,0,1,0,0,0
41711,0,0,0,0,0,1,0,0,0
41712,0,0,0,0,0,1,0,0,0
41713,0,0,0,0,0,1,0,0,0
41714,0,0,0,0,0,1,0,0,0
41715,0,0,0,0,0,1,0,0,0
41716,0,0,0,0,0,1,0,0,0
41717,0,0,0,0,0,1,0,0,0
41718,0,0,0,0,0,1,0,0,0
41719,0,0,0,0,0,1,0,0,0
41720,0,0,0,0,0,1,0,0,0
41721,0,0,0,0,0,1,0,0,0
41722,0,0,0,0,0,1,0,0,0
41723,0,0,0,0,0,1,0,0,0
41724,0,0,0,0,0,1,0,0,0
41725,0,0,0,0,0,1,0,0,0
41726,0,0,0,0,0,1,0,0,0
41727,0,0,0,0,0,1,0,0,0
41728,0,0,0,0,0,1,0,0,0
41729,0,0,0,0,0,1,0,0,0
41730,0,0,0,0,0,1,0,0,0
41731,0,0,0,0,0,1,0,0,0
41732,0,0,0,0,0,1,0,0,0
41733,0,0,0,0,0,1,0,0,0
41734,0,0,0,0,0,1,0,0,0
41735,0,0,0,0,0,1,0,0,0
41736,0,0,0,0,0,1,0,0,0
41737,0,0,0,0,0,1,0,0,0
41738,0,0,0,0,0,1,0,0,0
41739,0,0,0,0,0,1,0,0,0
41740,0,0,0,0,0,1,0,0,0
41741,0,0,0,0,0,1,0,0,0
41742,0,0,0,0,0,1,0,0,0
41743,0,0,0,0,0,1,0,0,0
41744,0,0,0,0,0,1,0,0,0
41745,0,0,0,0,0,1,0,0,0
41746,0,0,0,0,0,1,0,0,0
41747,0,0,0,0,0,1,0,0,0
41748,0,0,0,0,0,1,0,0,0
41749,0,0,0,0,0,1,0,0,0
41750,0,0,0,0,0,1,0,0,0
41751,0,0,0,0,0,1,0,0,0
41752,0,0,0,0,0,1,0,0,0
41753,0,0,0,0,0,1,0,0,0
41754,0,0,0,0,0,1,0,0,0
41755,0,0,0,0,0,1,0,0,0
41756,0,0,0,0,0,1,0,0,0
41757,0,0,0,0,0,1,0,0,0
41758,0,0,0,0,0,1,0,0,0
41759,0,0,0,0,0,1,0,0,0
41760,0,0,0,0,0,1,0,0,0
41761,0,0,0,0,0,1,0,0,0
41762,0,0,0,0,0,1,0,0,0
41763,0,0,0,0,0,1,0,0,0
41764,0,0,0,0,0,1,0,0,0
41765,0,0,0,0,0,1,0,0,0
41766,0,0,0,0,0,1,0,0,0
41767,0,0,0,0,0,1,0,0,0
41768,0,0,0,0,0,1,0,0,0
41769,0,0,0,0,0,1,0,0,0
41770,0,0,0,0,0,1,0,0,0
41771,0,0,0,0,0,1,0,0,0
41772,0,0,0,0,0,1,0,0,0
41773,0,0,0,0,0,1,0,0,0
41774,0,0,0,0,0,1,0,0,0
41775,0,0,0,0,0,1,0,0,0
41776,0,0,0,0,0,1,0,0,0
41777,0,0,0,0,0,1,0,0,0
41778,0,0,0,0,0,1,0,0,0
41779,0,0,0,0,0,1,0,0,0
41780,0,0,0,0,0,1,0,0,0
41781,0,0,0,0,0,1,0,0,0
41782,0,0,0,0,0,1,0,0,0
41783,0,0,0,0,0,1,0,0,0
41784,0,0,0,0,0,1,0,0,0
41785,0,0,0,0,0,1,0,0,0
41786,0,0,0,0,0,1,0,0,0
41787,0,0,0,0,0,1,0,0,0
41788,0,0,0,0,0,1,0,0,0
41789,0,0,0,0,0,1,0,0,0
41790,0,0,0,0,0,1,0,0,0
41791,0,0,0,0,0,1,0,0,0
41792,0,0,0,0,0,1,0,0,0
41793,0,0,0,0,0,1,0,0,0
41794,0,0,0,0,0,1,0,0,0
41795,0,0,0,0,0,1,0,0,0
41796,0,0,0,0,0,1,0,0,0
41797,0,0,0,0,0,1,0,0,0
41798,0,0,0,0,0,1,0,0,0
41799,0,0,0,0,0,1,0,0,0
41800,0,0,0,0,0,1,0,0,0
41801,0,0,0,0,0,1,0,0,0
41802,0,0,0,0,0,1,0,0,0
41803,0,0,0,0,0,1,0,0,0
41804,0,0,0,0,0,1,0,0,0
41805,0,0,0,0,0,1,0,0,0
41806,0,0,0,0,0,1,0,0,0
41807,0,0,0,0,0,1,0,0,0
41808,0,0,0,0,0,1,0,0,0
41809,0,0,0,0,0,1,0,0,0
41810,0,0,0,0,0,1,0,0,0
41811,0,0,0,0,0,1,0,0,0
41812,0,0,0,0,0,1,0,0,0
41813,0,0,0,0,0,1,0,0,0
41814,0,0,0,0,0,1,0,0,0
41815,0,0,0,0,0,1,0,0,0
41816,0,0,0,0,0,1,0,0,0
41817,0,0,0,0,0,1,0,0,0
41818,0,0,0,0,0,1,0,0,0
41819,0,0,0,0,0,1,0,0,0
41820,0,0,0,0,0,1,0,0,0
41821,0,0,0,0,0,1,0,0,0
41822,0,0,0,0,0,1,0,0,0
41823,0,0,0,0,0,1,0,0,0
41824,0,0,0,0,0,1,0,0,0
41825,0,0,0,0,0,1,0,0,0
41826,0,0,0,0,0,1,0,0,0
41827,0,0,0,0,0,1,0,0,0
41828,0,0,0,0,0,1,0,0,0
41829,0,0,0,0,0,1,0,0,0
41830,0,0,0,0,0,1,0,0,0
41831,0,0,0,0,0,1,0,0,0
41832,0,0,0,0,0,1,0,0,0
41833,0,0,0,0,0,1,0,0,0
41834,0,0,0,0,0,1,0,0,0
41835,0,0,0,0,0,1,0,0,0
41836,0,0,0,0,0,1,0,0,0
41837,0,0,0,0,0,1,0,0,0
41838,0,0,0,0,0,1,0,0,0
41839,0,0,0,0,0,1,0,0,0
41840,0,0,0,0,0,1,0,0,0
41841,0,0,0,0,0,1,0,0,0
41842,0,0,0,0,0,1,0,0,0
41843,0,0,0,0,0,1,0,0,0
41844,0,0,0,0,0,1,0,0,0
41845,0,0,0,0,0,1,0,0,0
41846,0,0,0,0,0,1,0,0,0
41847,0,0,0,0,0,1,0,0,0
41848,0,0,0,0,0,1,0,0,0
41849,0,0,0,0,0,1,0,0,0
41850,0,0,0,0,0,1,0,0,0
41851,0,0,0,0,0,1,0,0,0
41852,0,0,0,0,0,1,0,0,0
41853,0,0,0,0,0,1,0,0,0
41854,0,0,0,0,0,1,0,0,0
41855,0,0,0,0,0,1,0,0,0
41856,0,0,0,0,0,1,0,0,0
41857,0,0,0,0,0,1,0,0,0
41858,0,0,0,0,0,1,0,0,0
41859,0,0,0,0,0,1,0,0,0
41860,0,0,0,0,0,1,0,0,0
41861,0,0,0,0,0,1,0,0,0
41862,0,0,0,0,0,1,0,0,0
41863,0,0,0,0,0,1,0,0,0
41864,0,0,0,0,0,1,0,0,0
41865,0,0,0,0,0,1,0,0,0
41866,0,0,0,0,0,1,0,0,0
41867,0,0,0,0,0,1,0,0,0
41868,0,0,0,0,0,1,0,0,0
41869,0,0,0,0,0,1,0,0,0
41870,0,0,0,0,0,1,0,0,0
41871,0,0,0,0,0,1,0,0,0
41872,0,0,0,0,0,1,0,0,0
41873,0,0,0,0,0,1,0,0,0
41874,0,0,0,0,0,1,0,0,0
41875,0,0,0,0,0,1,0,0,0
41876,0,0,0,0,0,1,0,0,0
41877,0,0,0,0,0,1,0,0,0
41878,0,0,0,0,0,1,0,0,0
41879,0,0,0,0,0,1,0,0,0
41880,0,0,0,0,0,1,0,0,0
41881,0,0,0,0,0,1,0,0,0
41882,0,0,0,0,0,1,0,0,0
41883,0,0,0,0,0,1,0,0,0
41884,0,0,0,0,0,1,0,0,0
41885,0,0,0,0,0,1,0,0,0
41886,0,0,0,0,0,1,0,0,0
41887,0,0,0,0,0,1,0,0,0
41888,0,0,0,0,0,1,0,0,0
41889,0,0,0,0,0,1,0,0,0
41890,0,0,0,0,0,1,0,0,0
41891,0,0,0,0,0,1,0,0,0
41892,0,0,0,0,0,1,0,0,0
41893,0,0,0,0,0,1,0,0,0
41894,0,0,0,0,0,1,0,0,0
41895,0,0,0,0,0,1,0,0,0
41896,0,0,0,0,0,1,0,0,0
41897,0,0,0,0,0,1,0,0,0
41898,0,0,0,0,0,1,0,0,0
41899,0,0,0,0,0,1,0,0,0
41900,0,0,0,0,0,1,0,0,0
41901,0,0,0,0,0,1,0,0,0
41902,0,0,0,0,0,1,0,0,0
41903,0,0,0,0,0,1,0,0,0
41904,0,0,0,0,0,1,0,0,0
41905,0,0,0,0,0,1,0,0,0
41906,0,0,0,0,0,1,0,0,0
41907,0,0,0,0,0,1,0,0,0
41908,0,0,0,0,0,1,0,0,0
41909,0,0,0,0,0,1,0,0,0
41910,0,0,0,0,0,1,0,0,0
41911,0,0,0,0,0,1,0,0,0
41912,0,0,0,0,0,1,0,0,0
41913,0,0,0,0,0,1,0,0,0
41914,0,0,0,0,0,1,0,0,0
41915,0,0,0,0,0,1,0,0,0
41916,0,0,0,0,0,1,0,0,0
41917,0,0,0,0,0,1,0,0,0
41918,0,0,0,0,0,1,0,0,0
41919,0,0,0,0,0,1,0,0,0
41920,0,0,0,0,0,1,0,0,0
41921,0,0,0,0,0,1,0,0,0
41922,0,0,0,0,0,1,0,0,0
41923,0,0,0,0,0,1,0,0,0
41924,0,0,0,0,0,1,0,0,0
41925,0,0,0,0,0,1,0,0,0
41926,0,0,0,0,0,1,0,0,0
41927,0,0,0,0,0,1,0,0,0
41928,0,0,0,0,0,1,0,0,0
41929,0,0,0,0,0,1,0,0,0
41930,0,0,0,0,0,1,0,0,0
41931,0,0,0,0,0,1,0,0,0
41932,0,0,0,0,0,1,0,0,0
41933,0,0,0,0,0,1,0,0,0
41934,0,0,0,0,0,1,0,0,0
41935,0,0,0,0,0,1,0,0,0
41936,0,0,0,0,0,1,0,0,0
41937,0,0,0,0,0,1,0,0,0
41938,0,0,0,0,0,1,0,0,0
41939,0,0,0,0,0,1,0,0,0
41940,0,0,0,0,0,1,0,0,0
41941,0,0,0,0,0,1,0,0,0
41942,0,0,0,0,0,1,0,0,0
41943,0,0,0,0,0,1,0,0,0
41944,0,0,0,0,0,1,0,0,0
41945,0,0,0,0,0,1,0,0,0
41946,0,0,0,0,0,1,0,0,0
41947,0,0,0,0,0,1,0,0,0
41948,0,0,0,0,0,1,0,0,0
41949,0,0,0,0,0,1,0,0,0
41950,0,0,0,0,0,1,0,0,0
41951,0,0,0,0,0,1,0,0,0
41952,0,0,0,0,0,1,0,0,0
41953,0,0,0,0,0,1,0,0,0
41954,0,0,0,0,0,1,0,0,0
41955,0,0,0,0,0,1,0,0,0
41956,0,0,0,0,0,1,0,0,0
41957,0,0,0,0,0,1,0,0,0
41958,0,0,0,0,0,1,0,0,0
41959,0,0,0,0,0,1,0,0,0
41960,0,0,0,0,0,1,0,0,0
41961,0,0,0,0,0,1,0,0,0
41962,0,0,0,0,0,1,0,0,0
41963,0,0,0,0,0,1,0,0,0
41964,0,0,0,0,0,1,0,0,0
41965,0,0,0,0,0,1,0,0,0
41966,0,0,0,0,0,1,0,0,0
41967,0,0,0,0,0,1,0,0,0
41968,0,0,0,0,0,1,0,0,0
41969,0,0,0,0,0,1,0,0,0
41970,0,0,0,0,0,1,0,0,0
41971,0,0,0,0,0,1,0,0,0
41972,0,0,0,0,0,1,0,0,0
41973,0,0,0,0,0,1,0,0,0
41974,0,0,0,0,0,1,0,0,0
41975,0,0,0,0,0,1,0,0,0
41976,0,0,0,0,0,1,0,0,0
41977,0,0,0,0,0,1,0,0,0
41978,0,0,0,0,0,1,0,0,0
41979,0,0,0,0,0,1,0,0,0
41980,0,0,0,0,0,1,0,0,0
41981,0,0,0,0,0,1,0,0,0
41982,0,0,0,0,0,1,0,0,0
41983,0,0,0,0,0,1,0,0,0
41984,0,0,0,0,0,1,0,0,0
41985,0,0,0,0,0,1,0,0,0
41986,0,0,0,0,0,1,0,0,0
41987,0,0,0,0,0,1,0,0,0
41988,0,0,0,0,0,1,0,0,0
41989,0,0,0,0,0,1,0,0,0
41990,0,0,0,0,0,1,0,0,0
41991,0,0,0,0,0,1,0,0,0
41992,0,0,0,0,0,1,0,0,0
41993,0,0,0,0,0,1,0,0,0
41994,0,0,0,0,0,1,0,0,0
41995,0,0,0,0,0,1,0,0,0
41996,0,0,0,0,0,1,0,0,0
41997,0,0,0,0,0,1,0,0,0
41998,0,0,0,0,0,1,0,0,0
41999,0,0,0,0,0,1,0,0,0
42000,0,0,0,0,0,1,0,0,0
42001,0,0,0,0,0,1,0,0,0
42002,0,0,0,0,0,1,0,0,0
42003,0,0,0,0,0,1,0,0,0
42004,0,0,0,0,0,1,0,0,0
42005,0,0,0,0,0,1,0,0,0
42006,0,0,0,0,0,1,0,0,0
42007,0,0,0,0,0,1,0,0,0
42008,0,0,0,0,0,1,0,0,0
42009,0,0,0,0,0,1,0,0,0
42010,0,0,0,0,0,1,0,0,0
42011,0,0,0,0,0,1,0,0,0
42012,0,0,0,0,0,1,0,0,0
42013,0,0,0,0,0,1,0,0,0
42014,0,0,0,0,0,1,0,0,0
42015,0,0,0,0,0,1,0,0,0
42016,0,0,0,0,0,1,0,0,0
42017,0,0,0,0,0,1,0,0,0
42018,0,0,0,0,0,1,0,0,0
42019,0,0,0,0,0,1,0,0,0
42020,0,0,0,0,0,1,0,0,0
42021,0,0,0,0,0,1,0,0,0
42022,0,0,0,0,0,1,0,0,0
42023,0,0,0,0,0,1,0,0,0
42024,0,0,0,0,0,1,0,0,0
42025,0,0,0,0,0,1,0,0,0
42026,0,0,0,0,0,1,0,0,0
42027,0,0,0,0,0,1,0,0,0
42028,0,0,0,0,0,1,0,0,0
42029,0,0,0,0,0,1,0,0,0
42030,0,0,0,0,0,1,0,0,0
42031,0,0,0,0,0,1,0,0,0
42032,0,0,0,0,0,1,0,0,0
42033,0,0,0,0,0,1,0,0,0
42034,0,0,0,0,0,1,0,0,0
42035,0,0,0,0,0,1,0,0,0
42036,0,0,0,0,0,1,0,0,0
42037,0,0,0,0,0,1,0,0,0
42038,0,0,0,0,0,1,0,0,0
42039,0,0,0,0,0,1,0,0,0
42040,0,0,0,0,0,1,0,0,0
42041,0,0,0,0,0,1,0,0,0
42042,0,0,0,0,0,1,0,0,0
42043,0,0,0,0,0,1,0,0,0
42044,0,0,0,0,0,1,0,0,0
42045,0,0,0,0,0,1,0,0,0
42046,0,0,0,0,0,1,0,0,0
42047,0,0,0,0,0,1,0,0,0
42048,0,0,0,0,0,1,0,0,0
42049,0,0,0,0,0,1,0,0,0
42050,0,0,0,0,0,1,0,0,0
42051,0,0,0,0,0,1,0,0,0
42052,0,0,0,0,0,1,0,0,0
42053,0,0,0,0,0,1,0,0,0
42054,0,0,0,0,0,1,0,0,0
42055,0,0,0,0,0,1,0,0,0
42056,0,0,0,0,0,1,0,0,0
42057,0,0,0,0,0,1,0,0,0
42058,0,0,0,0,0,1,0,0,0
42059,0,0,0,0,0,1,0,0,0
42060,0,0,0,0,0,1,0,0,0
42061,0,0,0,0,0,1,0,0,0
42062,0,0,0,0,0,1,0,0,0
42063,0,0,0,0,0,1,0,0,0
42064,0,0,0,0,0,1,0,0,0
42065,0,0,0,0,0,1,0,0,0
42066,0,0,0,0,0,1,0,0,0
42067,0,0,0,0,0,1,0,0,0
42068,0,0,0,0,0,1,0,0,0
42069,0,0,0,0,0,1,0,0,0
42070,0,0,0,0,0,1,0,0,0
42071,0,0,0,0,0,1,0,0,0
42072,0,0,0,0,0,1,0,0,0
42073,0,0,0,0,0,1,0,0,0
42074,0,0,0,0,0,1,0,0,0
42075,0,0,0,0,0,1,0,0,0
42076,0,0,0,0,0,1,0,0,0
42077,0,0,0,0,0,1,0,0,0
42078,0,0,0,0,0,1,0,0,0
42079,0,0,0,0,0,1,0,0,0
42080,0,0,0,0,0,1,0,0,0
42081,0,0,0,0,0,1,0,0,0
42082,0,0,0,0,0,1,0,0,0
42083,0,0,0,0,0,1,0,0,0
42084,0,0,0,0,0,1,0,0,0
42085,0,0,0,0,0,1,0,0,0
42086,0,0,0,0,0,1,0,0,0
42087,0,0,0,0,0,1,0,0,0
42088,0,0,0,0,0,1,0,0,0
42089,0,0,0,0,0,1,0,0,0
42090,0,0,0,0,0,1,0,0,0
42091,0,0,0,0,0,1,0,0,0
42092,0,0,0,0,0,1,0,0,0
42093,0,0,0,0,0,1,0,0,0
42094,0,0,0,0,0,1,0,0,0
42095,0,0,0,0,0,1,0,0,0
42096,0,0,0,0,0,1,0,0,0
42097,0,0,0,0,0,1,0,0,0
42098,0,0,0,0,0,1,0,0,0
42099,0,0,0,0,0,1,0,0,0
42100,0,0,0,0,0,1,0,0,0
42101,0,0,0,0,0,1,0,0,0
42102,0,0,0,0,0,1,0,0,0
42103,0,0,0,0,0,1,0,0,0
42104,0,0,0,0,0,1,0,0,0
42105,0,0,0,0,0,1,0,0,0
42106,0,0,0,0,0,1,0,0,0
42107,0,0,0,0,0,1,0,0,0
42108,0,0,0,0,0,1,0,0,0
42109,0,0,0,0,0,1,0,0,0
42110,0,0,0,0,0,1,0,0,0
42111,0,0,0,0,0,1,0,0,0
42112,0,0,0,0,0,1,0,0,0
42113,0,0,0,0,0,1,0,0,0
42114,0,0,0,0,0,1,0,0,0
42115,0,0,0,0,0,1,0,0,0
42116,0,0,0,0,0,1,0,0,0
42117,0,0,0,0,0,1,0,0,0
42118,0,0,0,0,0,1,0,0,0
42119,0,0,0,0,0,1,0,0,0
42120,0,0,0,0,0,1,0,0,0
42121,0,0,0,0,0,1,0,0,0
42122,0,0,0,0,0,1,0,0,0
42123,0,0,0,0,0,1,0,0,0
42124,0,0,0,0,0,1,0,0,0
42125,0,0,0,0,0,1,0,0,0
42126,0,0,0,0,0,1,0,0,0
42127,0,0,0,0,0,1,0,0,0
42128,0,0,0,0,0,1,0,0,0
42129,0,0,0,0,0,1,0,0,0
42130,0,0,0,0,0,1,0,0,0
42131,0,0,0,0,0,1,0,0,0
42132,0,0,0,0,0,1,0,0,0
42133,0,0,0,0,0,1,0,0,0
42134,0,0,0,0,0,1,0,0,0
42135,0,0,0,0,0,1,0,0,0
42136,0,0,0,0,0,1,0,0,0
42137,0,0,0,0,0,1,0,0,0
42138,0,0,0,0,0,1,0,0,0
42139,0,0,0,0,0,1,0,0,0
42140,0,0,0,0,0,1,0,0,0
42141,0,0,0,0,0,1,0,0,0
42142,0,0,0,0,0,1,0,0,0
42143,0,0,0,0,0,1,0,0,0
42144,0,0,0,0,0,1,0,0,0
42145,0,0,0,0,0,1,0,0,0
42146,0,0,0,0,0,1,0,0,0
42147,0,0,0,0,0,1,0,0,0
42148,0,0,0,0,0,1,0,0,0
42149,0,0,0,0,0,1,0,0,0
42150,0,0,0,0,0,1,0,0,0
42151,0,0,0,0,0,1,0,0,0
42152,0,0,0,0,0,1,0,0,0
42153,0,0,0,0,0,1,0,0,0
42154,0,0,0,0,0,1,0,0,0
42155,0,0,0,0,0,1,0,0,0
42156,0,0,0,0,0,1,0,0,0
42157,0,0,0,0,0,1,0,0,0
42158,0,0,0,0,0,1,0,0,0
42159,0,0,0,0,0,1,0,0,0
42160,0,0,0,0,0,1,0,0,0
42161,0,0,0,0,0,1,0,0,0
42162,0,0,0,0,0,1,0,0,0
42163,0,0,0,0,0,1,0,0,0
42164,0,0,0,0,0,1,0,0,0
42165,0,0,0,0,0,1,0,0,0
42166,0,0,0,0,0,1,0,0,0
42167,0,0,0,0,0,1,0,0,0
42168,0,0,0,0,0,1,0,0,0
42169,0,0,0,0,0,1,0,0,0
42170,0,0,0,0,0,1,0,0,0
42171,0,0,0,0,0,1,0,0,0
42172,0,0,0,0,0,1,0,0,0
42173,0,0,0,0,0,1,0,0,0
42174,0,0,0,0,0,1,0,0,0
42175,0,0,0,0,0,1,0,0,0
42176,0,0,0,0,0,1,0,0,0
42177,0,0,0,0,0,1,0,0,0
42178,0,0,0,0,0,1,0,0,0
42179,0,0,0,0,0,1,0,0,0
42180,0,0,0,0,0,1,0,0,0
42181,0,0,0,0,0,1,0,0,0
42182,0,0,0,0,0,1,0,0,0
42183,0,0,0,0,0,1,0,0,0
42184,0,0,0,0,0,1,0,0,0
42185,0,0,0,0,0,1,0,0,0
42186,0,0,0,0,0,1,0,0,0
42187,0,0,0,0,0,1,0,0,0
42188,0,0,0,0,0,1,0,0,0
42189,0,0,0,0,0,1,0,0,0
42190,0,0,0,0,0,1,0,0,0
42191,0,0,0,0,0,1,0,0,0
42192,0,0,0,0,0,1,0,0,0
42193,0,0,0,0,0,1,0,0,0
42194,0,0,0,0,0,1,0,0,0
42195,0,0,0,0,0,1,0,0,0
42196,0,0,0,0,0,1,0,0,0
42197,0,0,0,0,0,1,0,0,0
42198,0,0,0,0,0,1,0,0,0
42199,0,0,0,0,0,1,0,0,0
42200,0,0,0,0,0,1,0,0,0
42201,0,0,0,0,0,1,0,0,0
42202,0,0,0,0,0,1,0,0,0
42203,0,0,0,0,0,1,0,0,0
42204,0,0,0,0,0,1,0,0,0
42205,0,0,0,0,0,1,0,0,0
42206,0,0,0,0,0,1,0,0,0
42207,0,0,0,0,0,1,0,0,0
42208,0,0,0,0,0,1,0,0,0
42209,0,0,0,0,0,1,0,0,0
42210,0,0,0,0,0,1,0,0,0
42211,0,0,0,0,0,1,0,0,0
42212,0,0,0,0,0,1,0,0,0
42213,0,0,0,0,0,1,0,0,0
42214,0,0,0,0,0,1,0,0,0
42215,0,0,0,0,0,1,0,0,0
42216,0,0,0,0,0,1,0,0,0
42217,0,0,0,0,0,1,0,0,0
42218,0,0,0,0,0,1,0,0,0
42219,0,0,0,0,0,1,0,0,0
42220,0,0,0,0,0,1,0,0,0
42221,0,0,0,0,0,1,0,0,0
42222,0,0,0,0,0,1,0,0,0
42223,0,0,0,0,0,1,0,0,0
42224,0,0,0,0,0,1,0,0,0
42225,0,0,0,0,0,1,0,0,0
42226,0,0,0,0,0,1,0,0,0
42227,0,0,0,0,0,1,0,0,0
42228,0,0,0,0,0,1,0,0,0
42229,0,0,0,0,0,1,0,0,0
42230,0,0,0,0,0,1,0,0,0
42231,0,0,0,0,0,1,0,0,0
42232,0,0,0,0,0,1,0,0,0
42233,0,0,0,0,0,1,0,0,0
42234,0,0,0,0,0,1,0,0,0
42235,0,0,0,0,0,1,0,0,0
42236,0,0,0,0,0,1,0,0,0
42237,0,0,0,0,0,1,0,0,0
42238,0,0,0,0,0,1,0,0,0
42239,0,0,0,0,0,1,0,0,0
42240,0,0,0,0,0,1,0,0,0
42241,0,0,0,0,0,1,0,0,0
42242,0,0,0,0,0,1,0,0,0
42243,0,0,0,0,0,1,0,0,0
42244,0,0,0,0,0,1,0,0,0
42245,0,0,0,0,0,1,0,0,0
42246,0,0,0,0,0,1,0,0,0
42247,0,0,0,0,0,1,0,0,0
42248,0,0,0,0,0,1,0,0,0
42249,0,0,0,0,0,1,0,0,0
42250,0,0,0,0,0,1,0,0,0
42251,0,0,0,0,0,1,0,0,0
42252,0,0,0,0,0,1,0,0,0
42253,0,0,0,0,0,1,0,0,0
42254,0,0,0,0,0,1,0,0,0
42255,0,0,0,0,0,1,0,0,0
42256,0,0,0,0,0,1,0,0,0
42257,0,0,0,0,0,1,0,0,0
42258,0,0,0,0,0,1,0,0,0
42259,0,0,0,0,0,1,0,0,0
42260,0,0,0,0,0,1,0,0,0
42261,0,0,0,0,0,1,0,0,0
42262,0,0,0,0,0,1,0,0,0
42263,0,0,0,0,0,1,0,0,0
42264,0,0,0,0,0,1,0,0,0
42265,0,0,0,0,0,1,0,0,0
42266,0,0,0,0,0,1,0,0,0
42267,0,0,0,0,0,1,0,0,0
42268,0,0,0,0,0,1,0,0,0
42269,0,0,0,0,0,1,0,0,0
42270,0,0,0,0,0,1,0,0,0
42271,0,0,0,0,0,1,0,0,0
42272,0,0,0,0,0,1,0,0,0
42273,0,0,0,0,0,1,0,0,0
42274,0,0,0,0,0,1,0,0,0
42275,0,0,0,0,0,1,0,0,0
42276,0,0,0,0,0,1,0,0,0
42277,0,0,0,0,0,1,0,0,0
42278,0,0,0,0,0,1,0,0,0
42279,0,0,0,0,0,1,0,0,0
42280,0,0,0,0,0,1,0,0,0
42281,0,0,0,0,0,1,0,0,0
42282,0,0,0,0,0,1,0,0,0
42283,0,0,0,0,0,1,0,0,0
42284,0,0,0,0,0,1,0,0,0
42285,0,0,0,0,0,1,0,0,0
42286,0,0,0,0,0,1,0,0,0
42287,0,0,0,0,0,1,0,0,0
42288,0,0,0,0,0,1,0,0,0
42289,0,0,0,0,0,1,0,0,0
42290,0,0,0,0,0,1,0,0,0
42291,0,0,0,0,0,1,0,0,0
42292,0,0,0,0,0,1,0,0,0
42293,0,0,0,0,0,1,0,0,0
42294,0,0,0,0,0,1,0,0,0
42295,0,0,0,0,0,1,0,0,0
42296,0,0,0,0,0,1,0,0,0
42297,0,0,0,0,0,1,0,0,0
42298,0,0,0,0,0,1,0,0,0
42299,0,0,0,0,0,1,0,0,0
42300,0,0,0,0,0,1,0,0,0
42301,0,0,0,0,0,1,0,0,0
42302,0,0,0,0,0,1,0,0,0
42303,0,0,0,0,0,1,0,0,0
42304,0,0,0,0,0,1,0,0,0
42305,0,0,0,0,0,1,0,0,0
42306,0,0,0,0,0,1,0,0,0
42307,0,0,0,0,0,1,0,0,0
42308,0,0,0,0,0,1,0,0,0
42309,0,0,0,0,0,1,0,0,0
42310,0,0,0,0,0,1,0,0,0
42311,0,0,0,0,0,1,0,0,0
42312,0,0,0,0,0,1,0,0,0
42313,0,0,0,0,0,1,0,0,0
42314,0,0,0,0,0,1,0,0,0
42315,0,0,0,0,0,1,0,0,0
42316,0,0,0,0,0,1,0,0,0
42317,0,0,0,0,0,1,0,0,0
42318,0,0,0,0,0,1,0,0,0
42319,0,0,0,0,0,1,0,0,0
42320,0,0,0,0,0,1,0,0,0
42321,0,0,0,0,0,1,0,0,0
42322,0,0,0,0,0,1,0,0,0
42323,0,0,0,0,0,1,0,0,0
42324,0,0,0,0,0,1,0,0,0
42325,0,0,0,0,0,1,0,0,0
42326,0,0,0,0,0,1,0,0,0
42327,0,0,0,0,0,1,0,0,0
42328,0,0,0,0,0,1,0,0,0
42329,0,0,0,0,0,1,0,0,0
42330,0,0,0,0,0,1,0,0,0
42331,0,0,0,0,0,1,0,0,0
42332,0,0,0,0,0,1,0,0,0
42333,0,0,0,0,0,1,0,0,0
42334,0,0,0,0,0,1,0,0,0
42335,0,0,0,0,0,1,0,0,0
42336,0,0,0,0,0,1,0,0,0
42337,0,0,0,0,0,1,0,0,0
42338,0,0,0,0,0,1,0,0,0
42339,0,0,0,0,0,1,0,0,0
42340,0,0,0,0,0,1,0,0,0
42341,0,0,0,0,0,1,0,0,0
42342,0,0,0,0,0,1,0,0,0
42343,0,0,0,0,0,1,0,0,0
42344,0,0,0,0,0,1,0,0,0
42345,0,0,0,0,0,1,0,0,0
42346,0,0,0,0,0,1,0,0,0
42347,0,0,0,0,0,1,0,0,0
42348,0,0,0,0,0,1,0,0,0
42349,0,0,0,0,0,1,0,0,0
42350,0,0,0,0,0,1,0,0,0
42351,0,0,0,0,0,1,0,0,0
42352,0,0,0,0,0,1,0,0,0
42353,0,0,0,0,0,1,0,0,0
42354,0,0,0,0,0,1,0,0,0
42355,0,0,0,0,0,1,0,0,0
42356,0,0,0,0,0,1,0,0,0
42357,0,0,0,0,0,1,0,0,0
42358,0,0,0,0,0,1,0,0,0
42359,0,0,0,0,0,1,0,0,0
42360,0,0,0,0,0,1,0,0,0
42361,0,0,0,0,0,1,0,0,0
42362,0,0,0,0,0,1,0,0,0
42363,0,0,0,0,0,1,0,0,0
42364,0,0,0,0,0,1,0,0,0
42365,0,0,0,0,0,1,0,0,0
42366,0,0,0,0,0,1,0,0,0
42367,0,0,0,0,0,1,0,0,0
42368,0,0,0,0,0,1,0,0,0
42369,0,0,0,0,0,1,0,0,0
42370,0,0,0,0,0,1,0,0,0
42371,0,0,0,0,0,1,0,0,0
42372,0,0,0,0,0,1,0,0,0
42373,0,0,0,0,0,1,0,0,0
42374,0,0,0,0,0,1,0,0,0
42375,0,0,0,0,0,1,0,0,0
42376,0,0,0,0,0,1,0,0,0
42377,0,0,0,0,0,1,0,0,0
42378,0,0,0,0,0,1,0,0,0
42379,0,0,0,0,0,1,0,0,0
42380,0,0,0,0,0,1,0,0,0
42381,0,0,0,0,0,1,0,0,0
42382,0,0,0,0,0,1,0,0,0
42383,0,0,0,0,0,1,0,0,0
42384,0,0,0,0,0,1,0,0,0
42385,0,0,0,0,0,1,0,0,0
42386,0,0,0,0,0,1,0,0,0
42387,0,0,0,0,0,1,0,0,0
42388,0,0,0,0,0,1,0,0,0
42389,0,0,0,0,0,1,0,0,0
42390,0,0,0,0,0,1,0,0,0
42391,0,0,0,0,0,1,0,0,0
42392,0,0,0,0,0,1,0,0,0
42393,0,0,0,0,0,1,0,0,0
42394,0,0,0,0,0,1,0,0,0
42395,0,0,0,0,0,1,0,0,0
42396,0,0,0,0,0,1,0,0,0
42397,0,0,0,0,0,1,0,0,0
42398,0,0,0,0,0,1,0,0,0
42399,0,0,0,0,0,1,0,0,0
42400,0,0,0,0,0,1,0,0,0
42401,0,0,0,0,0,1,0,0,0
42402,0,0,0,0,0,1,0,0,0
42403,0,0,0,0,0,1,0,0,0
42404,0,0,0,0,0,1,0,0,0
42405,0,0,0,0,0,1,0,0,0
42406,0,0,0,0,0,1,0,0,0
42407,0,0,0,0,0,1,0,0,0
42408,0,0,0,0,0,1,0,0,0
42409,0,0,0,0,0,1,0,0,0
42410,0,0,0,0,0,1,0,0,0
42411,0,0,0,0,0,1,0,0,0
42412,0,0,0,0,0,1,0,0,0
42413,0,0,0,0,0,1,0,0,0
42414,0,0,0,0,0,1,0,0,0
42415,0,0,0,0,0,1,0,0,0
42416,0,0,0,0,0,1,0,0,0
42417,0,0,0,0,0,1,0,0,0
42418,0,0,0,0,0,1,0,0,0
42419,0,0,0,0,0,1,0,0,0
42420,0,0,0,0,0,1,0,0,0
42421,0,0,0,0,0,1,0,0,0
42422,0,0,0,0,0,1,0,0,0
42423,0,0,0,0,0,1,0,0,0
42424,0,0,0,0,0,1,0,0,0
42425,0,0,0,0,0,1,0,0,0
42426,0,0,0,0,0,1,0,0,0
42427,0,0,0,0,0,1,0,0,0
42428,0,0,0,0,0,1,0,0,0
42429,0,0,0,0,0,1,0,0,0
42430,0,0,0,0,0,1,0,0,0
42431,0,0,0,0,0,1,0,0,0
42432,0,0,0,0,0,1,0,0,0
42433,0,0,0,0,0,1,0,0,0
42434,0,0,0,0,0,1,0,0,0
42435,0,0,0,0,0,1,0,0,0
42436,0,0,0,0,0,1,0,0,0
42437,0,0,0,0,0,1,0,0,0
42438,0,0,0,0,0,1,0,0,0
42439,0,0,0,0,0,1,0,0,0
42440,0,0,0,0,0,1,0,0,0
42441,0,0,0,0,0,1,0,0,0
42442,0,0,0,0,0,1,0,0,0
42443,0,0,0,0,0,1,0,0,0
42444,0,0,0,0,0,1,0,0,0
42445,0,0,0,0,0,1,0,0,0
42446,0,0,0,0,0,1,0,0,0
42447,0,0,0,0,0,1,0,0,0
42448,0,0,0,0,0,1,0,0,0
42449,0,0,0,0,0,1,0,0,0
42450,0,0,0,0,0,1,0,0,0
42451,0,0,0,0,0,1,0,0,0
42452,0,0,0,0,0,1,0,0,0
42453,0,0,0,0,0,1,0,0,0
42454,0,0,0,0,0,1,0,0,0
42455,0,0,0,0,0,1,0,0,0
42456,0,0,0,0,0,1,0,0,0
42457,0,0,0,0,0,1,0,0,0
42458,0,0,0,0,0,1,0,0,0
42459,0,0,0,0,0,1,0,0,0
42460,0,0,0,0,0,1,0,0,0
42461,0,0,0,0,0,1,0,0,0
42462,0,0,0,0,0,1,0,0,0
42463,0,0,0,0,0,1,0,0,0
42464,0,0,0,0,0,1,0,0,0
42465,0,0,0,0,0,1,0,0,0
42466,0,0,0,0,0,1,0,0,0
42467,0,0,0,0,0,1,0,0,0
42468,0,0,0,0,0,1,0,0,0
42469,0,0,0,0,0,1,0,0,0
42470,0,0,0,0,0,1,0,0,0
42471,0,0,0,0,0,1,0,0,0
42472,0,0,0,0,0,1,0,0,0
42473,0,0,0,0,0,1,0,0,0
42474,0,0,0,0,0,1,0,0,0
42475,0,0,0,0,0,1,0,0,0
42476,0,0,0,0,0,1,0,0,0
42477,0,0,0,0,0,1,0,0,0
42478,0,0,0,0,0,1,0,0,0
42479,0,0,0,0,0,1,0,0,0
42480,0,0,0,0,0,1,0,0,0
42481,0,0,0,0,0,1,0,0,0
42482,0,0,0,0,0,1,0,0,0
42483,0,0,0,0,0,1,0,0,0
42484,0,0,0,0,0,1,0,0,0
42485,0,0,0,0,0,1,0,0,0
42486,0,0,0,0,0,1,0,0,0
42487,0,0,0,0,0,1,0,0,0
42488,0,0,0,0,0,1,0,0,0
42489,0,0,0,0,0,1,0,0,0
42490,0,0,0,0,0,1,0,0,0
42491,0,0,0,0,0,1,0,0,0
42492,0,0,0,0,0,1,0,0,0
42493,0,0,0,0,0,1,0,0,0
42494,0,0,0,0,0,1,0,0,0
42495,0,0,0,0,0,1,0,0,0
42496,0,0,0,0,0,1,0,0,0
42497,0,0,0,0,0,1,0,0,0
42498,0,0,0,0,0,1,0,0,0
42499,0,0,0,0,0,1,0,0,0
42500,0,0,0,0,0,1,0,0,0
42501,0,0,0,0,0,1,0,0,0
42502,0,0,0,0,0,1,0,0,0
42503,0,0,0,0,0,1,0,0,0
42504,0,0,0,0,0,1,0,0,0
42505,0,0,0,0,0,1,0,0,0
42506,0,0,0,0,0,1,0,0,0
42507,0,0,0,0,0,1,0,0,0
42508,0,0,0,0,0,1,0,0,0
42509,0,0,0,0,0,1,0,0,0
42510,0,0,0,0,0,1,0,0,0
42511,0,0,0,0,0,1,0,0,0
42512,0,0,0,0,0,1,0,0,0
42513,0,0,0,0,0,1,0,0,0
42514,0,0,0,0,0,1,0,0,0
42515,0,0,0,0,0,1,0,0,0
42516,0,0,0,0,0,1,0,0,0
42517,0,0,0,0,0,1,0,0,0
42518,0,0,0,0,0,1,0,0,0
42519,0,0,0,0,0,1,0,0,0
42520,0,0,0,0,0,1,0,0,0
42521,0,0,0,0,0,1,0,0,0
42522,0,0,0,0,0,1,0,0,0
42523,0,0,0,0,0,1,0,0,0
42524,0,0,0,0,0,1,0,0,0
42525,0,0,0,0,0,1,0,0,0
42526,0,0,0,0,0,1,0,0,0
42527,0,0,0,0,0,1,0,0,0
42528,0,0,0,0,0,1,0,0,0
42529,0,0,0,0,0,1,0,0,0
42530,0,0,0,0,0,1,0,0,0
42531,0,0,0,0,0,1,0,0,0
42532,0,0,0,0,0,1,0,0,0
42533,0,0,0,0,0,1,0,0,0
42534,0,0,0,0,0,1,0,0,0
42535,0,0,0,0,0,1,0,0,0
42536,0,0,0,0,0,1,0,0,0
42537,0,0,0,0,0,1,0,0,0
42538,0,0,0,0,0,1,0,0,0
42539,0,0,0,0,0,1,0,0,0
42540,0,0,0,0,0,1,0,0,0
42541,0,0,0,0,0,1,0,0,0
42542,0,0,0,0,0,1,0,0,0
42543,0,0,0,0,0,1,0,0,0
42544,0,0,0,0,0,1,0,0,0
42545,0,0,0,0,0,1,0,0,0
42546,0,0,0,0,0,1,0,0,0
42547,0,0,0,0,0,1,0,0,0
42548,0,0,0,0,0,1,0,0,0
42549,0,0,0,0,0,1,0,0,0
42550,0,0,0,0,0,1,0,0,0
42551,0,0,0,0,0,1,0,0,0
42552,0,0,0,0,0,1,0,0,0
42553,0,0,0,0,0,1,0,0,0
42554,0,0,0,0,0,1,0,0,0
42555,0,0,0,0,0,1,0,0,0
42556,0,0,0,0,0,1,0,0,0
42557,0,0,0,0,0,1,0,0,0
42558,0,0,0,0,0,1,0,0,0
42559,0,0,0,0,0,1,0,0,0
42560,0,0,0,0,0,1,0,0,0
42561,0,0,0,0,0,1,0,0,0
42562,0,0,0,0,0,1,0,0,0
42563,0,0,0,0,0,1,0,0,0
42564,0,0,0,0,0,1,0,0,0
42565,0,0,0,0,0,1,0,0,0
42566,0,0,0,0,0,1,0,0,0
42567,0,0,0,0,0,1,0,0,0
42568,0,0,0,0,0,1,0,0,0
42569,0,0,0,0,0,1,0,0,0
42570,0,0,0,0,0,1,0,0,0
42571,0,0,0,0,0,1,0,0,0
42572,0,0,0,0,0,1,0,0,0
42573,0,0,0,0,0,1,0,0,0
42574,0,0,0,0,0,1,0,0,0
42575,0,0,0,0,0,1,0,0,0
42576,0,0,0,0,0,1,0,0,0
42577,0,0,0,0,0,1,0,0,0
42578,0,0,0,0,0,1,0,0,0
42579,0,0,0,0,0,1,0,0,0
42580,0,0,0,0,0,1,0,0,0
42581,0,0,0,0,0,1,0,0,0
42582,0,0,0,0,0,1,0,0,0
42583,0,0,0,0,0,1,0,0,0
42584,0,0,0,0,0,1,0,0,0
42585,0,0,0,0,0,1,0,0,0
42586,0,0,0,0,0,1,0,0,0
42587,0,0,0,0,0,1,0,0,0
42588,0,0,0,0,0,1,0,0,0
42589,0,0,0,0,0,1,0,0,0
42590,0,0,0,0,0,1,0,0,0
42591,0,0,0,0,0,1,0,0,0
42592,0,0,0,0,0,1,0,0,0
42593,0,0,0,0,0,1,0,0,0
42594,0,0,0,0,0,1,0,0,0
42595,0,0,0,0,0,1,0,0,0
42596,0,0,0,0,0,1,0,0,0
42597,0,0,0,0,0,1,0,0,0
42598,0,0,0,0,0,1,0,0,0
42599,0,0,0,0,0,1,0,0,0
42600,0,0,0,0,0,1,0,0,0
42601,0,0,0,0,0,1,0,0,0
42602,0,0,0,0,0,1,0,0,0
42603,0,0,0,0,0,1,0,0,0
42604,0,0,0,0,0,1,0,0,0
42605,0,0,0,0,0,1,0,0,0
42606,0,0,0,0,0,1,0,0,0
42607,0,0,0,0,0,1,0,0,0
42608,0,0,0,0,0,1,0,0,0
42609,0,0,0,0,0,1,0,0,0
42610,0,0,0,0,0,1,0,0,0
42611,0,0,0,0,0,1,0,0,0
42612,0,0,0,0,0,1,0,0,0
42613,0,0,0,0,0,1,0,0,0
42614,0,0,0,0,0,1,0,0,0
42615,0,0,0,0,0,1,0,0,0
42616,0,0,0,0,0,1,0,0,0
42617,0,0,0,0,0,1,0,0,0
42618,0,0,0,0,0,1,0,0,0
42619,0,0,0,0,0,1,0,0,0
42620,0,0,0,0,0,1,0,0,0
42621,0,0,0,0,0,1,0,0,0
42622,0,0,0,0,0,1,0,0,0
42623,0,0,0,0,0,1,0,0,0
42624,0,0,0,0,0,1,0,0,0
42625,0,0,0,0,0,1,0,0,0
42626,0,0,0,0,0,1,0,0,0
42627,0,0,0,0,0,1,0,0,0
42628,0,0,0,0,0,1,0,0,0
42629,0,0,0,0,0,1,0,0,0
42630,0,0,0,0,0,1,0,0,0
42631,0,0,0,0,0,1,0,0,0
42632,0,0,0,0,0,1,0,0,0
42633,0,0,0,0,0,1,0,0,0
42634,0,0,0,0,0,1,0,0,0
42635,0,0,0,0,0,1,0,0,0
42636,0,0,0,0,0,1,0,0,0
42637,0,0,0,0,0,1,0,0,0
42638,0,0,0,0,0,1,0,0,0
42639,0,0,0,0,0,1,0,0,0
42640,0,0,0,0,0,1,0,0,0
42641,0,0,0,0,0,1,0,0,0
42642,0,0,0,0,0,1,0,0,0
42643,0,0,0,0,0,1,0,0,0
42644,0,0,0,0,0,1,0,0,0
42645,0,0,0,0,0,1,0,0,0
42646,0,0,0,0,0,1,0,0,0
42647,0,0,0,0,0,1,0,0,0
42648,0,0,0,0,0,1,0,0,0
42649,0,0,0,0,0,1,0,0,0
42650,0,0,0,0,0,1,0,0,0
42651,0,0,0,0,0,1,0,0,0
42652,0,0,0,0,0,1,0,0,0
42653,0,0,0,0,0,1,0,0,0
42654,0,0,0,0,0,1,0,0,0
42655,0,0,0,0,0,1,0,0,0
42656,0,0,0,0,0,1,0,0,0
42657,0,0,0,0,0,1,0,0,0
42658,0,0,0,0,0,1,0,0,0
42659,0,0,0,0,0,1,0,0,0
42660,0,0,0,0,0,1,0,0,0
42661,0,0,0,0,0,1,0,0,0
42662,0,0,0,0,0,1,0,0,0
42663,0,0,0,0,0,1,0,0,0
42664,0,0,0,0,0,1,0,0,0
42665,0,0,0,0,0,1,0,0,0
42666,0,0,0,0,0,1,0,0,0
42667,0,0,0,0,0,1,0,0,0
42668,0,0,0,0,0,1,0,0,0
42669,0,0,0,0,0,1,0,0,0
42670,0,0,0,0,0,1,0,0,0
42671,0,0,0,0,0,1,0,0,0
42672,0,0,0,0,0,1,0,0,0
42673,0,0,0,0,0,1,0,0,0
42674,0,0,0,0,0,1,0,0,0
42675,0,0,0,0,0,1,0,0,0
42676,0,0,0,0,0,1,0,0,0
42677,0,0,0,0,0,1,0,0,0
42678,0,0,0,0,0,1,0,0,0
42679,0,0,0,0,0,1,0,0,0
42680,0,0,0,0,0,1,0,0,0
42681,0,0,0,0,0,1,0,0,0
42682,0,0,0,0,0,1,0,0,0
42683,0,0,0,0,0,1,0,0,0
42684,0,0,0,0,0,1,0,0,0
42685,0,0,0,0,0,1,0,0,0
42686,0,0,0,0,0,1,0,0,0
42687,0,0,0,0,0,1,0,0,0
42688,0,0,0,0,0,1,0,0,0
42689,0,0,0,0,0,1,0,0,0
42690,0,0,0,0,0,1,0,0,0
42691,0,0,0,0,0,1,0,0,0
42692,0,0,0,0,0,1,0,0,0
42693,0,0,0,0,0,1,0,0,0
42694,0,0,0,0,0,1,0,0,0
42695,0,0,0,0,0,1,0,0,0
42696,0,0,0,0,0,1,0,0,0
42697,0,0,0,0,0,1,0,0,0
42698,0,0,0,0,0,1,0,0,0
42699,0,0,0,0,0,1,0,0,0
42700,0,0,0,0,0,1,0,0,0
42701,0,0,0,0,0,1,0,0,0
42702,0,0,0,0,0,1,0,0,0
42703,0,0,0,0,0,1,0,0,0
42704,0,0,0,0,0,1,0,0,0
42705,0,0,0,0,0,1,0,0,0
42706,0,0,0,0,0,1,0,0,0
42707,0,0,0,0,0,1,0,0,0
42708,0,0,0,0,0,1,0,0,0
42709,0,0,0,0,0,1,0,0,0
42710,0,0,0,0,0,1,0,0,0
42711,0,0,0,0,0,1,0,0,0
42712,0,0,0,0,0,1,0,0,0
42713,0,0,0,0,0,1,0,0,0
42714,0,0,0,0,0,1,0,0,0
42715,0,0,0,0,0,1,0,0,0
42716,0,0,0,0,0,1,0,0,0
42717,0,0,0,0,0,1,0,0,0
42718,0,0,0,0,0,1,0,0,0
42719,0,0,0,0,0,1,0,0,0
42720,0,0,0,0,0,1,0,0,0
42721,0,0,0,0,0,1,0,0,0
42722,0,0,0,0,0,1,0,0,0
42723,0,0,0,0,0,1,0,0,0
42724,0,0,0,0,0,1,0,0,0
42725,0,0,0,0,0,1,0,0,0
42726,0,0,0,0,0,1,0,0,0
42727,0,0,0,0,0,1,0,0,0
42728,0,0,0,0,0,1,0,0,0
42729,0,0,0,0,0,1,0,0,0
42730,0,0,0,0,0,1,0,0,0
42731,0,0,0,0,0,1,0,0,0
42732,0,0,0,0,0,1,0,0,0
42733,0,0,0,0,0,1,0,0,0
42734,0,0,0,0,0,1,0,0,0
42735,0,0,0,0,0,1,0,0,0
42736,0,0,0,0,0,1,0,0,0
42737,0,0,0,0,0,1,0,0,0
42738,0,0,0,0,0,1,0,0,0
42739,0,0,0,0,0,1,0,0,0
42740,0,0,0,0,0,1,0,0,0
42741,0,0,0,0,0,1,0,0,0
42742,0,0,0,0,0,1,0,0,0
42743,0,0,0,0,0,1,0,0,0
42744,0,0,0,0,0,1,0,0,0
42745,0,0,0,0,0,1,0,0,0
42746,0,0,0,0,0,1,0,0,0
42747,0,0,0,0,0,1,0,0,0
42748,0,0,0,0,0,1,0,0,0
42749,0,0,0,0,0,1,0,0,0
42750,0,0,0,0,0,1,0,0,0
42751,0,0,0,0,0,1,0,0,0
42752,0,0,0,0,0,1,0,0,0
42753,0,0,0,0,0,1,0,0,0
42754,0,0,0,0,0,1,0,0,0
42755,0,0,0,0,0,1,0,0,0
42756,0,0,0,0,0,1,0,0,0
42757,0,0,0,0,0,1,0,0,0
42758,0,0,0,0,0,1,0,0,0
42759,0,0,0,0,0,1,0,0,0
42760,0,0,0,0,0,1,0,0,0
42761,0,0,0,0,0,1,0,0,0
42762,0,0,0,0,0,1,0,0,0
42763,0,0,0,0,0,1,0,0,0
42764,0,0,0,0,0,1,0,0,0
42765,0,0,0,0,0,1,0,0,0
42766,0,0,0,0,0,1,0,0,0
42767,0,0,0,0,0,1,0,0,0
42768,0,0,0,0,0,1,0,0,0
42769,0,0,0,0,0,1,0,0,0
42770,0,0,0,0,0,1,0,0,0
42771,0,0,0,0,0,1,0,0,0
42772,0,0,0,0,0,1,0,0,0
42773,0,0,0,0,0,1,0,0,0
42774,0,0,0,0,0,1,0,0,0
42775,0,0,0,0,0,1,0,0,0
42776,0,0,0,0,0,1,0,0,0
42777,0,0,0,0,0,1,0,0,0
42778,0,0,0,0,0,1,0,0,0
42779,0,0,0,0,0,1,0,0,0
42780,0,0,0,0,0,1,0,0,0
42781,0,0,0,0,0,1,0,0,0
42782,0,0,0,0,0,1,0,0,0
42783,0,0,0,0,0,1,0,0,0
42784,0,0,0,0,0,1,0,0,0
42785,0,0,0,0,0,1,0,0,0
42786,0,0,0,0,0,1,0,0,0
42787,0,0,0,0,0,1,0,0,0
42788,0,0,0,0,0,1,0,0,0
42789,0,0,0,0,0,1,0,0,0
42790,0,0,0,0,0,1,0,0,0
42791,0,0,0,0,0,1,0,0,0
42792,0,0,0,0,0,1,0,0,0
42793,0,0,0,0,0,1,0,0,0
42794,0,0,0,0,0,1,0,0,0
42795,0,0,0,0,0,1,0,0,0
42796,0,0,0,0,0,1,0,0,0
42797,0,0,0,0,0,1,0,0,0
42798,0,0,0,0,0,1,0,0,0
42799,0,0,0,0,0,1,0,0,0
42800,0,0,0,0,0,1,0,0,0
42801,0,0,0,0,0,1,0,0,0
42802,0,0,0,0,0,1,0,0,0
42803,0,0,0,0,0,1,0,0,0
42804,0,0,0,0,0,1,0,0,0
42805,0,0,0,0,0,1,0,0,0
42806,0,0,0,0,0,1,0,0,0
42807,0,0,0,0,0,1,0,0,0
42808,0,0,0,0,0,1,0,0,0
42809,0,0,0,0,0,1,0,0,0
42810,0,0,0,0,0,1,0,0,0
42811,0,0,0,0,0,1,0,0,0
42812,0,0,0,0,0,1,0,0,0
42813,0,0,0,0,0,1,0,0,0
42814,0,0,0,0,0,1,0,0,0
42815,0,0,0,0,0,1,0,0,0
42816,0,0,0,0,0,1,0,0,0
42817,0,0,0,0,0,1,0,0,0
42818,0,0,0,0,0,1,0,0,0
42819,0,0,0,0,0,1,0,0,0
42820,0,0,0,0,0,1,0,0,0
42821,0,0,0,0,0,1,0,0,0
42822,0,0,0,0,0,1,0,0,0
42823,0,0,0,0,0,1,0,0,0
42824,0,0,0,0,0,1,0,0,0
42825,0,0,0,0,0,1,0,0,0
42826,0,0,0,0,0,1,0,0,0
42827,0,0,0,0,0,1,0,0,0
42828,0,0,0,0,0,1,0,0,0
42829,0,0,0,0,0,1,0,0,0
42830,0,0,0,0,0,1,0,0,0
42831,0,0,0,0,0,1,0,0,0
42832,0,0,0,0,0,1,0,0,0
42833,0,0,0,0,0,1,0,0,0
42834,0,0,0,0,0,1,0,0,0
42835,0,0,0,0,0,1,0,0,0
42836,0,0,0,0,0,1,0,0,0
42837,0,0,0,0,0,1,0,0,0
42838,0,0,0,0,0,1,0,0,0
42839,0,0,0,0,0,1,0,0,0
42840,0,0,0,0,0,1,0,0,0
42841,0,0,0,0,0,1,0,0,0
42842,0,0,0,0,0,1,0,0,0
42843,0,0,0,0,0,1,0,0,0
42844,0,0,0,0,0,1,0,0,0
42845,0,0,0,0,0,1,0,0,0
42846,0,0,0,0,0,1,0,0,0
42847,0,0,0,0,0,1,0,0,0
42848,0,0,0,0,0,1,0,0,0
42849,0,0,0,0,0,1,0,0,0
42850,0,0,0,0,0,1,0,0,0
42851,0,0,0,0,0,1,0,0,0
42852,0,0,0,0,0,1,0,0,0
42853,0,0,0,0,0,1,0,0,0
42854,0,0,0,0,0,1,0,0,0
42855,0,0,0,0,0,1,0,0,0
42856,0,0,0,0,0,1,0,0,0
42857,0,0,0,0,0,1,0,0,0
42858,0,0,0,0,0,1,0,0,0
42859,0,0,0,0,0,1,0,0,0
42860,0,0,0,0,0,1,0,0,0
42861,0,0,0,0,0,1,0,0,0
42862,0,0,0,0,0,1,0,0,0
42863,0,0,0,0,0,1,0,0,0
42864,0,0,0,0,0,1,0,0,0
42865,0,0,0,0,0,1,0,0,0
42866,0,0,0,0,0,1,0,0,0
42867,0,0,0,0,0,1,0,0,0
42868,0,0,0,0,0,1,0,0,0
42869,0,0,0,0,0,1,0,0,0
42870,0,0,0,0,0,1,0,0,0
42871,0,0,0,0,0,1,0,0,0
42872,0,0,0,0,0,1,0,0,0
42873,0,0,0,0,0,1,0,0,0
42874,0,0,0,0,0,1,0,0,0
42875,0,0,0,0,0,1,0,0,0
42876,0,0,0,0,0,1,0,0,0
42877,0,0,0,0,0,1,0,0,0
42878,0,0,0,0,0,1,0,0,0
42879,0,0,0,0,0,1,0,0,0
42880,0,0,0,0,0,1,0,0,0
42881,0,0,0,0,0,1,0,0,0
42882,0,0,0,0,0,1,0,0,0
42883,0,0,0,0,0,1,0,0,0
42884,0,0,0,0,0,1,0,0,0
42885,0,0,0,0,0,1,0,0,0
42886,0,0,0,0,0,1,0,0,0
42887,0,0,0,0,0,1,0,0,0
42888,0,0,0,0,0,1,0,0,0
42889,0,0,0,0,0,1,0,0,0
42890,0,0,0,0,0,1,0,0,0
42891,0,0,0,0,0,1,0,0,0
42892,0,0,0,0,0,1,0,0,0
42893,0,0,0,0,0,1,0,0,0
42894,0,0,0,0,0,1,0,0,0
42895,0,0,0,0,0,1,0,0,0
42896,0,0,0,0,0,1,0,0,0
42897,0,0,0,0,0,1,0,0,0
42898,0,0,0,0,0,1,0,0,0
42899,0,0,0,0,0,1,0,0,0
42900,0,0,0,0,0,1,0,0,0
42901,0,0,0,0,0,1,0,0,0
42902,0,0,0,0,0,1,0,0,0
42903,0,0,0,0,0,1,0,0,0
42904,0,0,0,0,0,1,0,0,0
42905,0,0,0,0,0,1,0,0,0
42906,0,0,0,0,0,1,0,0,0
42907,0,0,0,0,0,1,0,0,0
42908,0,0,0,0,0,1,0,0,0
42909,0,0,0,0,0,1,0,0,0
42910,0,0,0,0,0,1,0,0,0
42911,0,0,0,0,0,1,0,0,0
42912,0,0,0,0,0,1,0,0,0
42913,0,0,0,0,0,1,0,0,0
42914,0,0,0,0,0,1,0,0,0
42915,0,0,0,0,0,1,0,0,0
42916,0,0,0,0,0,1,0,0,0
42917,0,0,0,0,0,1,0,0,0
42918,0,0,0,0,0,1,0,0,0
42919,0,0,0,0,0,1,0,0,0
42920,0,0,0,0,0,1,0,0,0
42921,0,0,0,0,0,1,0,0,0
42922,0,0,0,0,0,1,0,0,0
42923,0,0,0,0,0,1,0,0,0
42924,0,0,0,0,0,1,0,0,0
42925,0,0,0,0,0,1,0,0,0
42926,0,0,0,0,0,1,0,0,0
42927,0,0,0,0,0,1,0,0,0
42928,0,0,0,0,0,1,0,0,0
42929,0,0,0,0,0,1,0,0,0
42930,0,0,0,0,0,1,0,0,0
42931,0,0,0,0,0,1,0,0,0
42932,0,0,0,0,0,1,0,0,0
42933,0,0,0,0,0,1,0,0,0
42934,0,0,0,0,0,1,0,0,0
42935,0,0,0,0,0,1,0,0,0
42936,0,0,0,0,0,1,0,0,0
42937,0,0,0,0,0,1,0,0,0
42938,0,0,0,0,0,1,0,0,0
42939,0,0,0,0,0,1,0,0,0
42940,0,0,0,0,0,1,0,0,0
42941,0,0,0,0,0,1,0,0,0
42942,0,0,0,0,0,1,0,0,0
42943,0,0,0,0,0,1,0,0,0
42944,0,0,0,0,0,1,0,0,0
42945,0,0,0,0,0,1,0,0,0
42946,0,0,0,0,0,1,0,0,0
42947,0,0,0,0,0,1,0,0,0
42948,0,0,0,0,0,1,0,0,0
42949,0,0,0,0,0,1,0,0,0
42950,0,0,0,0,0,1,0,0,0
42951,0,0,0,0,0,1,0,0,0
42952,0,0,0,0,0,1,0,0,0
42953,0,0,0,0,0,1,0,0,0
42954,0,0,0,0,0,1,0,0,0
42955,0,0,0,0,0,1,0,0,0
42956,0,0,0,0,0,1,0,0,0
42957,0,0,0,0,0,1,0,0,0
42958,0,0,0,0,0,1,0,0,0
42959,0,0,0,0,0,1,0,0,0
42960,0,0,0,0,0,1,0,0,0
42961,0,0,0,0,0,1,0,0,0
42962,0,0,0,0,0,1,0,0,0
42963,0,0,0,0,0,1,0,0,0
42964,0,0,0,0,0,1,0,0,0
42965,0,0,0,0,0,1,0,0,0
42966,0,0,0,0,0,1,0,0,0
42967,0,0,0,0,0,1,0,0,0
42968,0,0,0,0,0,1,0,0,0
42969,0,0,0,0,0,1,0,0,0
42970,0,0,0,0,0,1,0,0,0
42971,0,0,0,0,0,1,0,0,0
42972,0,0,0,0,0,1,0,0,0
42973,0,0,0,0,0,1,0,0,0
42974,0,0,0,0,0,1,0,0,0
42975,0,0,0,0,0,1,0,0,0
42976,0,0,0,0,0,1,0,0,0
42977,0,0,0,0,0,1,0,0,0
42978,0,0,0,0,0,1,0,0,0
42979,0,0,0,0,0,1,0,0,0
42980,0,0,0,0,0,1,0,0,0
42981,0,0,0,0,0,1,0,0,0
42982,0,0,0,0,0,1,0,0,0
42983,0,0,0,0,0,1,0,0,0
42984,0,0,0,0,0,1,0,0,0
42985,0,0,0,0,0,1,0,0,0
42986,0,0,0,0,0,1,0,0,0
42987,0,0,0,0,0,1,0,0,0
42988,0,0,0,0,0,1,0,0,0
42989,0,0,0,0,0,1,0,0,0
42990,0,0,0,0,0,1,0,0,0
42991,0,0,0,0,0,1,0,0,0
42992,0,0,0,0,0,1,0,0,0
42993,0,0,0,0,0,1,0,0,0
42994,0,0,0,0,0,1,0,0,0
42995,0,0,0,0,0,1,0,0,0
42996,0,0,0,0,0,1,0,0,0
42997,0,0,0,0,0,1,0,0,0
42998,0,0,0,0,0,1,0,0,0
42999,0,0,0,0,0,1,0,0,0
43000,0,0,0,0,0,1,0,0,0
43001,0,0,0,0,0,1,0,0,0
43002,0,0,0,0,0,1,0,0,0
43003,0,0,0,0,0,1,0,0,0
43004,0,0,0,0,0,1,0,0,0
43005,0,0,0,0,0,1,0,0,0
43006,0,0,0,0,0,1,0,0,0
43007,0,0,0,0,0,1,0,0,0
43008,0,0,0,0,0,1,0,0,0
43009,0,0,0,0,0,1,0,0,0
43010,0,0,0,0,0,1,0,0,0
43011,0,0,0,0,0,1,0,0,0
43012,0,0,0,0,0,1,0,0,0
43013,0,0,0,0,0,1,0,0,0
43014,0,0,0,0,0,1,0,0,0
43015,0,0,0,0,0,1,0,0,0
43016,0,0,0,0,0,1,0,0,0
43017,0,0,0,0,0,1,0,0,0
43018,0,0,0,0,0,1,0,0,0
43019,0,0,0,0,0,1,0,0,0
43020,0,0,0,0,0,1,0,0,0
43021,0,0,0,0,0,1,0,0,0
43022,0,0,0,0,0,1,0,0,0
43023,0,0,0,0,0,1,0,0,0
43024,0,0,0,0,0,1,0,0,0
43025,0,0,0,0,0,1,0,0,0
43026,0,0,0,0,0,1,0,0,0
43027,0,0,0,0,0,1,0,0,0
43028,0,0,0,0,0,1,0,0,0
43029,0,0,0,0,0,1,0,0,0
43030,0,0,0,0,0,1,0,0,0
43031,0,0,0,0,0,1,0,0,0
43032,0,0,0,0,0,1,0,0,0
43033,0,0,0,0,0,1,0,0,0
43034,0,0,0,0,0,1,0,0,0
43035,0,0,0,0,0,1,0,0,0
43036,0,0,0,0,0,1,0,0,0
43037,0,0,0,0,0,1,0,0,0
43038,0,0,0,0,0,1,0,0,0
43039,0,0,0,0,0,1,0,0,0
43040,0,0,0,0,0,1,0,0,0
43041,0,0,0,0,0,1,0,0,0
43042,0,0,0,0,0,1,0,0,0
43043,0,0,0,0,0,1,0,0,0
43044,0,0,0,0,0,1,0,0,0
43045,0,0,0,0,0,1,0,0,0
43046,0,0,0,0,0,1,0,0,0
43047,0,0,0,0,0,1,0,0,0
43048,0,0,0,0,0,1,0,0,0
43049,0,0,0,0,0,1,0,0,0
43050,0,0,0,0,0,1,0,0,0
43051,0,0,0,0,0,1,0,0,0
43052,0,0,0,0,0,1,0,0,0
43053,0,0,0,0,0,1,0,0,0
43054,0,0,0,0,0,1,0,0,0
43055,0,0,0,0,0,1,0,0,0
43056,0,0,0,0,0,1,0,0,0
43057,0,0,0,0,0,1,0,0,0
43058,0,0,0,0,0,1,0,0,0
43059,0,0,0,0,0,1,0,0,0
43060,0,0,0,0,0,1,0,0,0
43061,0,0,0,0,0,1,0,0,0
43062,0,0,0,0,0,1,0,0,0
43063,0,0,0,0,0,1,0,0,0
43064,0,0,0,0,0,1,0,0,0
43065,0,0,0,0,0,1,0,0,0
43066,0,0,0,0,0,1,0,0,0
43067,0,0,0,0,0,1,0,0,0
43068,0,0,0,0,0,1,0,0,0
43069,0,0,0,0,0,1,0,0,0
43070,0,0,0,0,0,1,0,0,0
43071,0,0,0,0,0,1,0,0,0
43072,0,0,0,0,0,1,0,0,0
43073,0,0,0,0,0,1,0,0,0
43074,0,0,0,0,0,1,0,0,0
43075,0,0,0,0,0,1,0,0,0
43076,0,0,0,0,0,1,0,0,0
43077,0,0,0,0,0,1,0,0,0
43078,0,0,0,0,0,1,0,0,0
43079,0,0,0,0,0,1,0,0,0
43080,0,0,0,0,0,1,0,0,0
43081,0,0,0,0,0,1,0,0,0
43082,0,0,0,0,0,1,0,0,0
43083,0,0,0,0,0,1,0,0,0
43084,0,0,0,0,0,1,0,0,0
43085,0,0,0,0,0,1,0,0,0
43086,0,0,0,0,0,1,0,0,0
43087,0,0,0,0,0,1,0,0,0
43088,0,0,0,0,0,1,0,0,0
43089,0,0,0,0,0,1,0,0,0
43090,0,0,0,0,0,1,0,0,0
43091,0,0,0,0,0,1,0,0,0
43092,0,0,0,0,0,1,0,0,0
43093,0,0,0,0,0,1,0,0,0
43094,0,0,0,0,0,1,0,0,0
43095,0,0,0,0,0,1,0,0,0
43096,0,0,0,0,0,1,0,0,0
43097,0,0,0,0,0,1,0,0,0
43098,0,0,0,0,0,1,0,0,0
43099,0,0,0,0,0,1,0,0,0
43100,0,0,0,0,0,1,0,0,0
43101,0,0,0,0,0,1,0,0,0
43102,0,0,0,0,0,1,0,0,0
43103,0,0,0,0,0,1,0,0,0
43104,0,0,0,0,0,1,0,0,0
43105,0,0,0,0,0,1,0,0,0
43106,0,0,0,0,0,1,0,0,0
43107,0,0,0,0,0,1,0,0,0
43108,0,0,0,0,0,1,0,0,0
43109,0,0,0,0,0,1,0,0,0
43110,0,0,0,0,0,1,0,0,0
43111,0,0,0,0,0,1,0,0,0
43112,0,0,0,0,0,1,0,0,0
43113,0,0,0,0,0,1,0,0,0
43114,0,0,0,0,0,1,0,0,0
43115,0,0,0,0,0,1,0,0,0
43116,0,0,0,0,0,1,0,0,0
43117,0,0,0,0,0,1,0,0,0
43118,0,0,0,0,0,1,0,0,0
43119,0,0,0,0,0,1,0,0,0
43120,0,0,0,0,0,1,0,0,0
43121,0,0,0,0,0,1,0,0,0
43122,0,0,0,0,0,1,0,0,0
43123,0,0,0,0,0,1,0,0,0
43124,0,0,0,0,0,1,0,0,0
43125,0,0,0,0,0,1,0,0,0
43126,0,0,0,0,0,1,0,0,0
43127,0,0,0,0,0,1,0,0,0
43128,0,0,0,0,0,1,0,0,0
43129,0,0,0,0,0,1,0,0,0
43130,0,0,0,0,0,1,0,0,0
43131,0,0,0,0,0,1,0,0,0
43132,0,0,0,0,0,1,0,0,0
43133,0,0,0,0,0,1,0,0,0
43134,0,0,0,0,0,1,0,0,0
43135,0,0,0,0,0,1,0,0,0
43136,0,0,0,0,0,1,0,0,0
43137,0,0,0,0,0,1,0,0,0
43138,0,0,0,0,0,1,0,0,0
43139,0,0,0,0,0,1,0,0,0
43140,0,0,0,0,0,1,0,0,0
43141,0,0,0,0,0,1,0,0,0
43142,0,0,0,0,0,1,0,0,0
43143,0,0,0,0,0,1,0,0,0
43144,0,0,0,0,0,1,0,0,0
43145,0,0,0,0,0,1,0,0,0
43146,0,0,0,0,0,1,0,0,0
43147,0,0,0,0,0,1,0,0,0
43148,0,0,0,0,0,1,0,0,0
43149,0,0,0,0,0,1,0,0,0
43150,0,0,0,0,0,1,0,0,0
43151,0,0,0,0,0,1,0,0,0
43152,0,0,0,0,0,1,0,0,0
43153,0,0,0,0,0,1,0,0,0
43154,0,0,0,0,0,1,0,0,0
43155,0,0,0,0,0,1,0,0,0
43156,0,0,0,0,0,1,0,0,0
43157,0,0,0,0,0,1,0,0,0
43158,0,0,0,0,0,1,0,0,0
43159,0,0,0,0,0,1,0,0,0
43160,0,0,0,0,0,1,0,0,0
43161,0,0,0,0,0,1,0,0,0
43162,0,0,0,0,0,1,0,0,0
43163,0,0,0,0,0,1,0,0,0
43164,0,0,0,0,0,1,0,0,0
43165,0,0,0,0,0,1,0,0,0
43166,0,0,0,0,0,1,0,0,0
43167,0,0,0,0,0,1,0,0,0
43168,0,0,0,0,0,1,0,0,0
43169,0,0,0,0,0,1,0,0,0
43170,0,0,0,0,0,1,0,0,0
43171,0,0,0,0,0,1,0,0,0
43172,0,0,0,0,0,1,0,0,0
43173,0,0,0,0,0,1,0,0,0
43174,0,0,0,0,0,1,0,0,0
43175,0,0,0,0,0,1,0,0,0
43176,0,0,0,0,0,1,0,0,0
43177,0,0,0,0,0,1,0,0,0
43178,0,0,0,0,0,1,0,0,0
43179,0,0,0,0,0,1,0,0,0
43180,0,0,0,0,0,1,0,0,0
43181,0,0,0,0,0,1,0,0,0
43182,0,0,0,0,0,1,0,0,0
43183,0,0,0,0,0,1,0,0,0
43184,0,0,0,0,0,1,0,0,0
43185,0,0,0,0,0,1,0,0,0
43186,0,0,0,0,0,1,0,0,0
43187,0,0,0,0,0,1,0,0,0
43188,0,0,0,0,0,1,0,0,0
43189,0,0,0,0,0,1,0,0,0
43190,0,0,0,0,0,1,0,0,0
43191,0,0,0,0,0,1,0,0,0
43192,0,0,0,0,0,1,0,0,0
43193,0,0,0,0,0,1,0,0,0
43194,0,0,0,0,0,1,0,0,0
43195,0,0,0,0,0,1,0,0,0
43196,0,0,0,0,0,1,0,0,0
43197,0,0,0,0,0,1,0,0,0
43198,0,0,0,0,0,1,0,0,0
43199,0,0,0,0,0,1,0,0,0
43200,0,0,0,0,0,1,0,0,0
43201,0,0,0,0,0,1,0,0,0
43202,0,0,0,0,0,1,0,0,0
43203,0,0,0,0,0,1,0,0,0
43204,0,0,0,0,0,1,0,0,0
43205,0,0,0,0,0,1,0,0,0
43206,0,0,0,0,0,1,0,0,0
43207,0,0,0,0,0,1,0,0,0
43208,0,0,0,0,0,1,0,0,0
43209,0,0,0,0,0,1,0,0,0
43210,0,0,0,0,0,1,0,0,0
43211,0,0,0,0,0,1,0,0,0
43212,0,0,0,0,0,1,0,0,0
43213,0,0,0,0,0,1,0,0,0
43214,0,0,0,0,0,1,0,0,0
43215,0,0,0,0,0,1,0,0,0
43216,0,0,0,0,0,1,0,0,0
43217,0,0,0,0,0,1,0,0,0
43218,0,0,0,0,0,1,0,0,0
43219,0,0,0,0,0,1,0,0,0
43220,0,0,0,0,0,1,0,0,0
43221,0,0,0,0,0,1,0,0,0
43222,0,0,0,0,0,1,0,0,0
43223,0,0,0,0,0,1,0,0,0
43224,0,0,0,0,0,1,0,0,0
43225,0,0,0,0,0,1,0,0,0
43226,0,0,0,0,0,1,0,0,0
43227,0,0,0,0,0,1,0,0,0
43228,0,0,0,0,0,1,0,0,0
43229,0,0,0,0,0,1,0,0,0
43230,0,0,0,0,0,1,0,0,0
43231,0,0,0,0,0,1,0,0,0
43232,0,0,0,0,0,1,0,0,0
43233,0,0,0,0,0,1,0,0,0
43234,0,0,0,0,0,1,0,0,0
43235,0,0,0,0,0,1,0,0,0
43236,0,0,0,0,0,1,0,0,0
43237,0,0,0,0,0,1,0,0,0
43238,0,0,0,0,0,1,0,0,0
43239,0,0,0,0,0,1,0,0,0
43240,0,0,0,0,0,1,0,0,0
43241,0,0,0,0,0,1,0,0,0
43242,0,0,0,0,0,1,0,0,0
43243,0,0,0,0,0,1,0,0,0
43244,0,0,0,0,0,1,0,0,0
43245,0,0,0,0,0,1,0,0,0
43246,0,0,0,0,0,1,0,0,0
43247,0,0,0,0,0,1,0,0,0
43248,0,0,0,0,0,1,0,0,0
43249,0,0,0,0,0,1,0,0,0
43250,0,0,0,0,0,1,0,0,0
43251,0,0,0,0,0,1,0,0,0
43252,0,0,0,0,0,1,0,0,0
43253,0,0,0,0,0,1,0,0,0
43254,0,0,0,0,0,1,0,0,0
43255,0,0,0,0,0,1,0,0,0
43256,0,0,0,0,0,1,0,0,0
43257,0,0,0,0,0,1,0,0,0
43258,0,0,0,0,0,1,0,0,0
43259,0,0,0,0,0,1,0,0,0
43260,0,0,0,0,0,1,0,0,0
43261,0,0,0,0,0,1,0,0,0
43262,0,0,0,0,0,1,0,0,0
43263,0,0,0,0,0,1,0,0,0
43264,0,0,0,0,0,1,0,0,0
43265,0,0,0,0,0,1,0,0,0
43266,0,0,0,0,0,1,0,0,0
43267,0,0,0,0,0,1,0,0,0
43268,0,0,0,0,0,1,0,0,0
43269,0,0,0,0,0,1,0,0,0
43270,0,0,0,0,0,1,0,0,0
43271,0,0,0,0,0,1,0,0,0
43272,0,0,0,0,0,1,0,0,0
43273,0,0,0,0,0,1,0,0,0
43274,0,0,0,0,0,1,0,0,0
43275,0,0,0,0,0,1,0,0,0
43276,0,0,0,0,0,1,0,0,0
43277,0,0,0,0,0,1,0,0,0
43278,0,0,0,0,0,1,0,0,0
43279,0,0,0,0,0,1,0,0,0
43280,0,0,0,0,0,1,0,0,0
43281,0,0,0,0,0,1,0,0,0
43282,0,0,0,0,0,1,0,0,0
43283,0,0,0,0,0,1,0,0,0
43284,0,0,0,0,0,1,0,0,0
43285,0,0,0,0,0,1,0,0,0
43286,0,0,0,0,0,1,0,0,0
43287,0,0,0,0,0,1,0,0,0
43288,0,0,0,0,0,1,0,0,0
43289,0,0,0,0,0,1,0,0,0
43290,0,0,0,0,0,1,0,0,0
43291,0,0,0,0,0,1,0,0,0
43292,0,0,0,0,0,1,0,0,0
43293,0,0,0,0,0,1,0,0,0
43294,0,0,0,0,0,1,0,0,0
43295,0,0,0,0,0,1,0,0,0
43296,0,0,0,0,0,1,0,0,0
43297,0,0,0,0,0,1,0,0,0
43298,0,0,0,0,0,1,0,0,0
43299,0,0,0,0,0,1,0,0,0
43300,0,0,0,0,0,1,0,0,0
43301,0,0,0,0,0,1,0,0,0
43302,0,0,0,0,0,1,0,0,0
43303,0,0,0,0,0,1,0,0,0
43304,0,0,0,0,0,1,0,0,0
43305,0,0,0,0,0,1,0,0,0
43306,0,0,0,0,0,1,0,0,0
43307,0,0,0,0,0,1,0,0,0
43308,0,0,0,0,0,1,0,0,0
43309,0,0,0,0,0,1,0,0,0
43310,0,0,0,0,0,1,0,0,0
43311,0,0,0,0,0,1,0,0,0
43312,0,0,0,0,0,1,0,0,0
43313,0,0,0,0,0,1,0,0,0
43314,0,0,0,0,0,1,0,0,0
43315,0,0,0,0,0,1,0,0,0
43316,0,0,0,0,0,1,0,0,0
43317,0,0,0,0,0,1,0,0,0
43318,0,0,0,0,0,1,0,0,0
43319,0,0,0,0,0,1,0,0,0
43320,0,0,0,0,0,1,0,0,0
43321,0,0,0,0,0,1,0,0,0
43322,0,0,0,0,0,1,0,0,0
43323,0,0,0,0,0,1,0,0,0
43324,0,0,0,0,0,1,0,0,0
43325,0,0,0,0,0,1,0,0,0
43326,0,0,0,0,0,1,0,0,0
43327,0,0,0,0,0,1,0,0,0
43328,0,0,0,0,0,1,0,0,0
43329,0,0,0,0,0,1,0,0,0
43330,0,0,0,0,0,1,0,0,0
43331,0,0,0,0,0,1,0,0,0
43332,0,0,0,0,0,1,0,0,0
43333,0,0,0,0,0,1,0,0,0
43334,0,0,0,0,0,1,0,0,0
43335,0,0,0,0,0,1,0,0,0
43336,0,0,0,0,0,1,0,0,0
43337,0,0,0,0,0,1,0,0,0
43338,0,0,0,0,0,1,0,0,0
43339,0,0,0,0,0,1,0,0,0
43340,0,0,0,0,0,1,0,0,0
43341,0,0,0,0,0,1,0,0,0
43342,0,0,0,0,0,1,0,0,0
43343,0,0,0,0,0,1,0,0,0
43344,0,0,0,0,0,1,0,0,0
43345,0,0,0,0,0,1,0,0,0
43346,0,0,0,0,0,1,0,0,0
43347,0,0,0,0,0,1,0,0,0
43348,0,0,0,0,0,1,0,0,0
43349,0,0,0,0,0,1,0,0,0
43350,0,0,0,0,0,1,0,0,0
43351,0,0,0,0,0,1,0,0,0
43352,0,0,0,0,0,1,0,0,0
43353,0,0,0,0,0,1,0,0,0
43354,0,0,0,0,0,1,0,0,0
43355,0,0,0,0,0,1,0,0,0
43356,0,0,0,0,0,1,0,0,0
43357,0,0,0,0,0,1,0,0,0
43358,0,0,0,0,0,1,0,0,0
43359,0,0,0,0,0,1,0,0,0
43360,0,0,0,0,0,1,0,0,0
43361,0,0,0,0,0,1,0,0,0
43362,0,0,0,0,0,1,0,0,0
43363,0,0,0,0,0,1,0,0,0
43364,0,0,0,0,0,1,0,0,0
43365,0,0,0,0,0,1,0,0,0
43366,0,0,0,0,0,1,0,0,0
43367,0,0,0,0,0,1,0,0,0
43368,0,0,0,0,0,1,0,0,0
43369,0,0,0,0,0,1,0,0,0
43370,0,0,0,0,0,1,0,0,0
43371,0,0,0,0,0,1,0,0,0
43372,0,0,0,0,0,1,0,0,0
43373,0,0,0,0,0,1,0,0,0
43374,0,0,0,0,0,1,0,0,0
43375,0,0,0,0,0,1,0,0,0
43376,0,0,0,0,0,1,0,0,0
43377,0,0,0,0,0,1,0,0,0
43378,0,0,0,0,0,1,0,0,0
43379,0,0,0,0,0,1,0,0,0
43380,0,0,0,0,0,1,0,0,0
43381,0,0,0,0,0,1,0,0,0
43382,0,0,0,0,0,1,0,0,0
43383,0,0,0,0,0,1,0,0,0
43384,0,0,0,0,0,1,0,0,0
43385,0,0,0,0,0,1,0,0,0
43386,0,0,0,0,0,1,0,0,0
43387,0,0,0,0,0,1,0,0,0
43388,0,0,0,0,0,1,0,0,0
43389,0,0,0,0,0,1,0,0,0
43390,0,0,0,0,0,1,0,0,0
43391,0,0,0,0,0,1,0,0,0
43392,0,0,0,0,0,1,0,0,0
43393,0,0,0,0,0,1,0,0,0
43394,0,0,0,0,0,1,0,0,0
43395,0,0,0,0,0,1,0,0,0
43396,0,0,0,0,0,1,0,0,0
43397,0,0,0,0,0,1,0,0,0
43398,0,0,0,0,0,1,0,0,0
43399,0,0,0,0,0,1,0,0,0
43400,0,0,0,0,0,1,0,0,0
43401,0,0,0,0,0,1,0,0,0
43402,0,0,0,0,0,1,0,0,0
43403,0,0,0,0,0,1,0,0,0
43404,0,0,0,0,0,1,0,0,0
43405,0,0,0,0,0,1,0,0,0
43406,0,0,0,0,0,1,0,0,0
43407,0,0,0,0,0,1,0,0,0
43408,0,0,0,0,0,1,0,0,0
43409,0,0,0,0,0,1,0,0,0
43410,0,0,0,0,0,1,0,0,0
43411,0,0,0,0,0,1,0,0,0
43412,0,0,0,0,0,1,0,0,0
43413,0,0,0,0,0,1,0,0,0
43414,0,0,0,0,0,1,0,0,0
43415,0,0,0,0,0,1,0,0,0
43416,0,0,0,0,0,1,0,0,0
43417,0,0,0,0,0,1,0,0,0
43418,0,0,0,0,0,1,0,0,0
43419,0,0,0,0,0,1,0,0,0
43420,0,0,0,0,0,1,0,0,0
43421,0,0,0,0,0,1,0,0,0
43422,0,0,0,0,0,1,0,0,0
43423,0,0,0,0,0,1,0,0,0
43424,0,0,0,0,0,1,0,0,0
43425,0,0,0,0,0,1,0,0,0
43426,0,0,0,0,0,1,0,0,0
43427,0,0,0,0,0,1,0,0,0
43428,0,0,0,0,0,1,0,0,0
43429,0,0,0,0,0,1,0,0,0
43430,0,0,0,0,0,1,0,0,0
43431,0,0,0,0,0,1,0,0,0
43432,0,0,0,0,0,1,0,0,0
43433,0,0,0,0,0,1,0,0,0
43434,0,0,0,0,0,1,0,0,0
43435,0,0,0,0,0,1,0,0,0
43436,0,0,0,0,0,1,0,0,0
43437,0,0,0,0,0,1,0,0,0
43438,0,0,0,0,0,1,0,0,0
43439,0,0,0,0,0,1,0,0,0
43440,0,0,0,0,0,1,0,0,0
43441,0,0,0,0,0,1,0,0,0
43442,0,0,0,0,0,1,0,0,0
43443,0,0,0,0,0,1,0,0,0
43444,0,0,0,0,0,1,0,0,0
43445,0,0,0,0,0,1,0,0,0
43446,0,0,0,0,0,1,0,0,0
43447,0,0,0,0,0,1,0,0,0
43448,0,0,0,0,0,1,0,0,0
43449,0,0,0,0,0,1,0,0,0
43450,0,0,0,0,0,1,0,0,0
43451,0,0,0,0,0,1,0,0,0
43452,0,0,0,0,0,1,0,0,0
43453,0,0,0,0,0,1,0,0,0
43454,0,0,0,0,0,1,0,0,0
43455,0,0,0,0,0,1,0,0,0
43456,0,0,0,0,0,1,0,0,0
43457,0,0,0,0,0,1,0,0,0
43458,0,0,0,0,0,1,0,0,0
43459,0,0,0,0,0,1,0,0,0
43460,0,0,0,0,0,1,0,0,0
43461,0,0,0,0,0,1,0,0,0
43462,0,0,0,0,0,1,0,0,0
43463,0,0,0,0,0,1,0,0,0
43464,0,0,0,0,0,1,0,0,0
43465,0,0,0,0,0,1,0,0,0
43466,0,0,0,0,0,1,0,0,0
43467,0,0,0,0,0,1,0,0,0
43468,0,0,0,0,0,1,0,0,0
43469,0,0,0,0,0,1,0,0,0
43470,0,0,0,0,0,1,0,0,0
43471,0,0,0,0,0,1,0,0,0
43472,0,0,0,0,0,1,0,0,0
43473,0,0,0,0,0,1,0,0,0
43474,0,0,0,0,0,1,0,0,0
43475,0,0,0,0,0,1,0,0,0
43476,0,0,0,0,0,1,0,0,0
43477,0,0,0,0,0,1,0,0,0
43478,0,0,0,0,0,1,0,0,0
43479,0,0,0,0,0,1,0,0,0
43480,0,0,0,0,0,1,0,0,0
43481,0,0,0,0,0,1,0,0,0
43482,0,0,0,0,0,1,0,0,0
43483,0,0,0,0,0,1,0,0,0
43484,0,0,0,0,0,1,0,0,0
43485,0,0,0,0,0,1,0,0,0
43486,0,0,0,0,0,1,0,0,0
43487,0,0,0,0,0,1,0,0,0
43488,0,0,0,0,0,1,0,0,0
43489,0,0,0,0,0,1,0,0,0
43490,0,0,0,0,0,1,0,0,0
43491,0,0,0,0,0,1,0,0,0
43492,0,0,0,0,0,1,0,0,0
43493,0,0,0,0,0,1,0,0,0
43494,0,0,0,0,0,1,0,0,0
43495,0,0,0,0,0,1,0,0,0
43496,0,0,0,0,0,1,0,0,0
43497,0,0,0,0,0,1,0,0,0
43498,0,0,0,0,0,1,0,0,0
43499,0,0,0,0,0,1,0,0,0
43500,0,0,0,0,0,1,0,0,0
43501,0,0,0,0,0,1,0,0,0
43502,0,0,0,0,0,1,0,0,0
43503,0,0,0,0,0,1,0,0,0
43504,0,0,0,0,0,1,0,0,0
43505,0,0,0,0,0,1,0,0,0
43506,0,0,0,0,0,1,0,0,0
43507,0,0,0,0,0,1,0,0,0
43508,0,0,0,0,0,1,0,0,0
43509,0,0,0,0,0,1,0,0,0
43510,0,0,0,0,0,1,0,0,0
43511,0,0,0,0,0,1,0,0,0
43512,0,0,0,0,0,1,0,0,0
43513,0,0,0,0,0,1,0,0,0
43514,0,0,0,0,0,1,0,0,0
43515,0,0,0,0,0,1,0,0,0
43516,0,0,0,0,0,1,0,0,0
43517,0,0,0,0,0,1,0,0,0
43518,0,0,0,0,0,1,0,0,0
43519,0,0,0,0,0,1,0,0,0
43520,0,0,0,0,0,1,0,0,0
43521,0,0,0,0,0,1,0,0,0
43522,0,0,0,0,0,1,0,0,0
43523,0,0,0,0,0,1,0,0,0
43524,0,0,0,0,0,1,0,0,0
43525,0,0,0,0,0,1,0,0,0
43526,0,0,0,0,0,1,0,0,0
43527,0,0,0,0,0,1,0,0,0
43528,0,0,0,0,0,1,0,0,0
43529,0,0,0,0,0,1,0,0,0
43530,0,0,0,0,0,1,0,0,0
43531,0,0,0,0,0,1,0,0,0
43532,0,0,0,0,0,1,0,0,0
43533,0,0,0,0,0,1,0,0,0
43534,0,0,0,0,0,1,0,0,0
43535,0,0,0,0,0,1,0,0,0
43536,0,0,0,0,0,1,0,0,0
43537,0,0,0,0,0,1,0,0,0
43538,0,0,0,0,0,1,0,0,0
43539,0,0,0,0,0,1,0,0,0
43540,0,0,0,0,0,1,0,0,0
43541,0,0,0,0,0,1,0,0,0
43542,0,0,0,0,0,1,0,0,0
43543,0,0,0,0,0,1,0,0,0
43544,0,0,0,0,0,1,0,0,0
43545,0,0,0,0,0,1,0,0,0
43546,0,0,0,0,0,1,0,0,0
43547,0,0,0,0,0,1,0,0,0
43548,0,0,0,0,0,1,0,0,0
43549,0,0,0,0,0,1,0,0,0
43550,0,0,0,0,0,1,0,0,0
43551,0,0,0,0,0,1,0,0,0
43552,0,0,0,0,0,1,0,0,0
43553,0,0,0,0,0,1,0,0,0
43554,0,0,0,0,0,1,0,0,0
43555,0,0,0,0,0,1,0,0,0
43556,0,0,0,0,0,1,0,0,0
43557,0,0,0,0,0,1,0,0,0
43558,0,0,0,0,0,1,0,0,0
43559,0,0,0,0,0,1,0,0,0
43560,0,0,0,0,0,1,0,0,0
43561,0,0,0,0,0,1,0,0,0
43562,0,0,0,0,0,1,0,0,0
43563,0,0,0,0,0,1,0,0,0
43564,0,0,0,0,0,1,0,0,0
43565,0,0,0,0,0,1,0,0,0
43566,0,0,0,0,0,1,0,0,0
43567,0,0,0,0,0,1,0,0,0
43568,0,0,0,0,0,1,0,0,0
43569,0,0,0,0,0,1,0,0,0
43570,0,0,0,0,0,1,0,0,0
43571,0,0,0,0,0,1,0,0,0
43572,0,0,0,0,0,1,0,0,0
43573,0,0,0,0,0,1,0,0,0
43574,0,0,0,0,0,1,0,0,0
43575,0,0,0,0,0,1,0,0,0
43576,0,0,0,0,0,1,0,0,0
43577,0,0,0,0,0,1,0,0,0
43578,0,0,0,0,0,1,0,0,0
43579,0,0,0,0,0,1,0,0,0
43580,0,0,0,0,0,1,0,0,0
43581,0,0,0,0,0,1,0,0,0
43582,0,0,0,0,0,1,0,0,0
43583,0,0,0,0,0,1,0,0,0
43584,0,0,0,0,0,1,0,0,0
43585,0,0,0,0,0,1,0,0,0
43586,0,0,0,0,0,1,0,0,0
43587,0,0,0,0,0,1,0,0,0
43588,0,0,0,0,0,1,0,0,0
43589,0,0,0,0,0,1,0,0,0
43590,0,0,0,0,0,1,0,0,0
43591,0,0,0,0,0,1,0,0,0
43592,0,0,0,0,0,1,0,0,0
43593,0,0,0,0,0,1,0,0,0
43594,0,0,0,0,0,1,0,0,0
43595,0,0,0,0,0,1,0,0,0
43596,0,0,0,0,0,1,0,0,0
43597,0,0,0,0,0,1,0,0,0
43598,0,0,0,0,0,1,0,0,0
43599,0,0,0,0,0,1,0,0,0
43600,0,0,0,0,0,1,0,0,0
43601,0,0,0,0,0,1,0,0,0
43602,0,0,0,0,0,1,0,0,0
43603,0,0,0,0,0,1,0,0,0
43604,0,0,0,0,0,1,0,0,0
43605,0,0,0,0,0,1,0,0,0
43606,0,0,0,0,0,1,0,0,0
43607,0,0,0,0,0,1,0,0,0
43608,0,0,0,0,0,1,0,0,0
43609,0,0,0,0,0,1,0,0,0
43610,0,0,0,0,0,1,0,0,0
43611,0,0,0,0,0,1,0,0,0
43612,0,0,0,0,0,1,0,0,0
43613,0,0,0,0,0,1,0,0,0
43614,0,0,0,0,0,1,0,0,0
43615,0,0,0,0,0,1,0,0,0
43616,0,0,0,0,0,1,0,0,0
43617,0,0,0,0,0,1,0,0,0
43618,0,0,0,0,0,1,0,0,0
43619,0,0,0,0,0,1,0,0,0
43620,0,0,0,0,0,1,0,0,0
43621,0,0,0,0,0,1,0,0,0
43622,0,0,0,0,0,1,0,0,0
43623,0,0,0,0,0,1,0,0,0
43624,0,0,0,0,0,1,0,0,0
43625,0,0,0,0,0,1,0,0,0
43626,0,0,0,0,0,1,0,0,0
43627,0,0,0,0,0,1,0,0,0
43628,0,0,0,0,0,1,0,0,0
43629,0,0,0,0,0,1,0,0,0
43630,0,0,0,0,0,1,0,0,0
43631,0,0,0,0,0,1,0,0,0
43632,0,0,0,0,0,1,0,0,0
43633,0,0,0,0,0,1,0,0,0
43634,0,0,0,0,0,1,0,0,0
43635,0,0,0,0,0,1,0,0,0
43636,0,0,0,0,0,1,0,0,0
43637,0,0,0,0,0,1,0,0,0
43638,0,0,0,0,0,1,0,0,0
43639,0,0,0,0,0,1,0,0,0
43640,0,0,0,0,0,1,0,0,0
43641,0,0,0,0,0,1,0,0,0
43642,0,0,0,0,0,1,0,0,0
43643,0,0,0,0,0,1,0,0,0
43644,0,0,0,0,0,1,0,0,0
43645,0,0,0,0,0,1,0,0,0
43646,0,0,0,0,0,1,0,0,0
43647,0,0,0,0,0,1,0,0,0
43648,0,0,0,0,0,1,0,0,0
43649,0,0,0,0,0,1,0,0,0
43650,0,0,0,0,0,1,0,0,0
43651,0,0,0,0,0,1,0,0,0
43652,0,0,0,0,0,1,0,0,0
43653,0,0,0,0,0,1,0,0,0
43654,0,0,0,0,0,1,0,0,0
43655,0,0,0,0,0,1,0,0,0
43656,0,0,0,0,0,1,0,0,0
43657,0,0,0,0,0,1,0,0,0
43658,0,0,0,0,0,1,0,0,0
43659,0,0,0,0,0,1,0,0,0
43660,0,0,0,0,0,1,0,0,0
43661,0,0,0,0,0,1,0,0,0
43662,0,0,0,0,0,1,0,0,0
43663,0,0,0,0,0,1,0,0,0
43664,0,0,0,0,0,1,0,0,0
43665,0,0,0,0,0,1,0,0,0
43666,0,0,0,0,0,1,0,0,0
43667,0,0,0,0,0,1,0,0,0
43668,0,0,0,0,0,1,0,0,0
43669,0,0,0,0,0,1,0,0,0
43670,0,0,0,0,0,1,0,0,0
43671,0,0,0,0,0,1,0,0,0
43672,0,0,0,0,0,1,0,0,0
43673,0,0,0,0,0,1,0,0,0
43674,0,0,0,0,0,1,0,0,0
43675,0,0,0,0,0,1,0,0,0
43676,0,0,0,0,0,1,0,0,0
43677,0,0,0,0,0,1,0,0,0
43678,0,0,0,0,0,1,0,0,0
43679,0,0,0,0,0,1,0,0,0
43680,0,0,0,0,0,1,0,0,0
43681,0,0,0,0,0,1,0,0,0
43682,0,0,0,0,0,1,0,0,0
43683,0,0,0,0,0,1,0,0,0
43684,0,0,0,0,0,1,0,0,0
43685,0,0,0,0,0,1,0,0,0
43686,0,0,0,0,0,1,0,0,0
43687,0,0,0,0,0,1,0,0,0
43688,0,0,0,0,0,1,0,0,0
43689,0,0,0,0,0,1,0,0,0
43690,0,0,0,0,0,1,0,0,0
43691,0,0,0,0,0,1,0,0,0
43692,0,0,0,0,0,1,0,0,0
43693,0,0,0,0,0,1,0,0,0
43694,0,0,0,0,0,1,0,0,0
43695,0,0,0,0,0,1,0,0,0
43696,0,0,0,0,0,1,0,0,0
43697,0,0,0,0,0,1,0,0,0
43698,0,0,0,0,0,1,0,0,0
43699,0,0,0,0,0,1,0,0,0
43700,0,0,0,0,0,1,0,0,0
43701,0,0,0,0,0,1,0,0,0
43702,0,0,0,0,0,1,0,0,0
43703,0,0,0,0,0,1,0,0,0
43704,0,0,0,0,0,1,0,0,0
43705,0,0,0,0,0,1,0,0,0
43706,0,0,0,0,0,1,0,0,0
43707,0,0,0,0,0,1,0,0,0
43708,0,0,0,0,0,1,0,0,0
43709,0,0,0,0,0,1,0,0,0
43710,0,0,0,0,0,1,0,0,0
43711,0,0,0,0,0,1,0,0,0
43712,0,0,0,0,0,1,0,0,0
43713,0,0,0,0,0,1,0,0,0
43714,0,0,0,0,0,1,0,0,0
43715,0,0,0,0,0,1,0,0,0
43716,0,0,0,0,0,1,0,0,0
43717,0,0,0,0,0,1,0,0,0
43718,0,0,0,0,0,1,0,0,0
43719,0,0,0,0,0,1,0,0,0
43720,0,0,0,0,0,1,0,0,0
43721,0,0,0,0,0,1,0,0,0
43722,0,0,0,0,0,1,0,0,0
43723,0,0,0,0,0,1,0,0,0
43724,0,0,0,0,0,1,0,0,0
43725,0,0,0,0,0,1,0,0,0
43726,0,0,0,0,0,1,0,0,0
43727,0,0,0,0,0,1,0,0,0
43728,0,0,0,0,0,1,0,0,0
43729,0,0,0,0,0,1,0,0,0
43730,0,0,0,0,0,1,0,0,0
43731,0,0,0,0,0,1,0,0,0
43732,0,0,0,0,0,1,0,0,0
43733,0,0,0,0,0,1,0,0,0
43734,0,0,0,0,0,1,0,0,0
43735,0,0,0,0,0,1,0,0,0
43736,0,0,0,0,0,1,0,0,0
43737,0,0,0,0,0,1,0,0,0
43738,0,0,0,0,0,1,0,0,0
43739,0,0,0,0,0,1,0,0,0
43740,0,0,0,0,0,1,0,0,0
43741,0,0,0,0,0,1,0,0,0
43742,0,0,0,0,0,1,0,0,0
43743,0,0,0,0,0,1,0,0,0
43744,0,0,0,0,0,1,0,0,0
43745,0,0,0,0,0,1,0,0,0
43746,0,0,0,0,0,1,0,0,0
43747,0,0,0,0,0,1,0,0,0
43748,0,0,0,0,0,1,0,0,0
43749,0,0,0,0,0,1,0,0,0
43750,0,0,0,0,0,1,0,0,0
43751,0,0,0,0,0,1,0,0,0
43752,0,0,0,0,0,1,0,0,0
43753,0,0,0,0,0,1,0,0,0
43754,0,0,0,0,0,1,0,0,0
43755,0,0,0,0,0,1,0,0,0
43756,0,0,0,0,0,1,0,0,0
43757,0,0,0,0,0,1,0,0,0
43758,0,0,0,0,0,1,0,0,0
43759,0,0,0,0,0,1,0,0,0
43760,0,0,0,0,0,1,0,0,0
43761,0,0,0,0,0,1,0,0,0
43762,0,0,0,0,0,1,0,0,0
43763,0,0,0,0,0,1,0,0,0
43764,0,0,0,0,0,1,0,0,0
43765,0,0,0,0,0,1,0,0,0
43766,0,0,0,0,0,1,0,0,0
43767,0,0,0,0,0,1,0,0,0
43768,0,0,0,0,0,1,0,0,0
43769,0,0,0,0,0,1,0,0,0
43770,0,0,0,0,0,1,0,0,0
43771,0,0,0,0,0,1,0,0,0
43772,0,0,0,0,0,1,0,0,0
43773,0,0,0,0,0,1,0,0,0
43774,0,0,0,0,0,1,0,0,0
43775,0,0,0,0,0,1,0,0,0
43776,0,0,0,0,0,1,0,0,0
43777,0,0,0,0,0,1,0,0,0
43778,0,0,0,0,0,1,0,0,0
43779,0,0,0,0,0,1,0,0,0
43780,0,0,0,0,0,1,0,0,0
43781,0,0,0,0,0,1,0,0,0
43782,0,0,0,0,0,1,0,0,0
43783,0,0,0,0,0,1,0,0,0
43784,0,0,0,0,0,1,0,0,0
43785,0,0,0,0,0,1,0,0,0
43786,0,0,0,0,0,1,0,0,0
43787,0,0,0,0,0,1,0,0,0
43788,0,0,0,0,0,1,0,0,0
43789,0,0,0,0,0,1,0,0,0
43790,0,0,0,0,0,1,0,0,0
43791,0,0,0,0,0,1,0,0,0
43792,0,0,0,0,0,1,0,0,0
43793,0,0,0,0,0,1,0,0,0
43794,0,0,0,0,0,1,0,0,0
43795,0,0,0,0,0,1,0,0,0
43796,0,0,0,0,0,1,0,0,0
43797,0,0,0,0,0,1,0,0,0
43798,0,0,0,0,0,1,0,0,0
43799,0,0,0,0,0,1,0,0,0
43800,0,0,0,0,0,1,0,0,0
43801,0,0,0,0,0,1,0,0,0
43802,0,0,0,0,0,1,0,0,0
43803,0,0,0,0,0,1,0,0,0
43804,0,0,0,0,0,1,0,0,0
43805,0,0,0,0,0,1,0,0,0
43806,0,0,0,0,0,1,0,0,0
43807,0,0,0,0,0,1,0,0,0
43808,0,0,0,0,0,1,0,0,0
43809,0,0,0,0,0,1,0,0,0
43810,0,0,0,0,0,1,0,0,0
43811,0,0,0,0,0,1,0,0,0
43812,0,0,0,0,0,1,0,0,0
43813,0,0,0,0,0,1,0,0,0
43814,0,0,0,0,0,1,0,0,0
43815,0,0,0,0,0,1,0,0,0
43816,0,0,0,0,0,1,0,0,0
43817,0,0,0,0,0,1,0,0,0
43818,0,0,0,0,0,1,0,0,0
43819,0,0,0,0,0,1,0,0,0
43820,0,0,0,0,0,1,0,0,0
43821,0,0,0,0,0,1,0,0,0
43822,0,0,0,0,0,1,0,0,0
43823,0,0,0,0,0,1,0,0,0
43824,0,0,0,0,0,1,0,0,0
43825,0,0,0,0,0,1,0,0,0
43826,0,0,0,0,0,1,0,0,0
43827,0,0,0,0,0,1,0,0,0
43828,0,0,0,0,0,1,0,0,0
43829,0,0,0,0,0,1,0,0,0
43830,0,0,0,0,0,1,0,0,0
43831,0,0,0,0,0,1,0,0,0
43832,0,0,0,0,0,1,0,0,0
43833,0,0,0,0,0,1,0,0,0
43834,0,0,0,0,0,1,0,0,0
43835,0,0,0,0,0,1,0,0,0
43836,0,0,0,0,0,1,0,0,0
43837,0,0,0,0,0,1,0,0,0
43838,0,0,0,0,0,1,0,0,0
43839,0,0,0,0,0,1,0,0,0
43840,0,0,0,0,0,1,0,0,0
43841,0,0,0,0,0,1,0,0,0
43842,0,0,0,0,0,1,0,0,0
43843,0,0,0,0,0,1,0,0,0
43844,0,0,0,0,0,1,0,0,0
43845,0,0,0,0,0,1,0,0,0
43846,0,0,0,0,0,1,0,0,0
43847,0,0,0,0,0,1,0,0,0
43848,0,0,0,0,0,1,0,0,0
43849,0,0,0,0,0,1,0,0,0
43850,0,0,0,0,0,1,0,0,0
43851,0,0,0,0,0,1,0,0,0
43852,0,0,0,0,0,1,0,0,0
43853,0,0,0,0,0,1,0,0,0
43854,0,0,0,0,0,1,0,0,0
43855,0,0,0,0,0,1,0,0,0
43856,0,0,0,0,0,1,0,0,0
43857,0,0,0,0,0,1,0,0,0
43858,0,0,0,0,0,1,0,0,0
43859,0,0,0,0,0,1,0,0,0
43860,0,0,0,0,0,1,0,0,0
43861,0,0,0,0,0,1,0,0,0
43862,0,0,0,0,0,1,0,0,0
43863,0,0,0,0,0,1,0,0,0
43864,0,0,0,0,0,1,0,0,0
43865,0,0,0,0,0,1,0,0,0
43866,0,0,0,0,0,1,0,0,0
43867,0,0,0,0,0,1,0,0,0
43868,0,0,0,0,0,1,0,0,0
43869,0,0,0,0,0,1,0,0,0
43870,0,0,0,0,0,1,0,0,0
43871,0,0,0,0,0,1,0,0,0
43872,0,0,0,0,0,1,0,0,0
43873,0,0,0,0,0,1,0,0,0
43874,0,0,0,0,0,1,0,0,0
43875,0,0,0,0,0,1,0,0,0
43876,0,0,0,0,0,1,0,0,0
43877,0,0,0,0,0,1,0,0,0
43878,0,0,0,0,0,1,0,0,0
43879,0,0,0,0,0,1,0,0,0
43880,0,0,0,0,0,1,0,0,0
43881,0,0,0,0,0,1,0,0,0
43882,0,0,0,0,0,1,0,0,0
43883,0,0,0,0,0,1,0,0,0
43884,0,0,0,0,0,1,0,0,0
43885,0,0,0,0,0,1,0,0,0
43886,0,0,0,0,0,1,0,0,0
43887,0,0,0,0,0,1,0,0,0
43888,0,0,0,0,0,1,0,0,0
43889,0,0,0,0,0,1,0,0,0
43890,0,0,0,0,0,1,0,0,0
43891,0,0,0,0,0,1,0,0,0
43892,0,0,0,0,0,1,0,0,0
43893,0,0,0,0,0,1,0,0,0
43894,0,0,0,0,0,1,0,0,0
43895,0,0,0,0,0,1,0,0,0
43896,0,0,0,0,0,1,0,0,0
43897,0,0,0,0,0,1,0,0,0
43898,0,0,0,0,0,1,0,0,0
43899,0,0,0,0,0,1,0,0,0
43900,0,0,0,0,0,1,0,0,0
43901,0,0,0,0,0,1,0,0,0
43902,0,0,0,0,0,1,0,0,0
43903,0,0,0,0,0,1,0,0,0
43904,0,0,0,0,0,1,0,0,0
43905,0,0,0,0,0,1,0,0,0
43906,0,0,0,0,0,1,0,0,0
43907,0,0,0,0,0,1,0,0,0
43908,0,0,0,0,0,1,0,0,0
43909,0,0,0,0,0,1,0,0,0
43910,0,0,0,0,0,1,0,0,0
43911,0,0,0,0,0,1,0,0,0
43912,0,0,0,0,0,1,0,0,0
43913,0,0,0,0,0,1,0,0,0
43914,0,0,0,0,0,1,0,0,0
43915,0,0,0,0,0,1,0,0,0
43916,0,0,0,0,0,1,0,0,0
43917,0,0,0,0,0,1,0,0,0
43918,0,0,0,0,0,1,0,0,0
43919,0,0,0,0,0,1,0,0,0
43920,0,0,0,0,0,1,0,0,0
43921,0,0,0,0,0,1,0,0,0
43922,0,0,0,0,0,1,0,0,0
43923,0,0,0,0,0,1,0,0,0
43924,0,0,0,0,0,1,0,0,0
43925,0,0,0,0,0,1,0,0,0
43926,0,0,0,0,0,1,0,0,0
43927,0,0,0,0,0,1,0,0,0
43928,0,0,0,0,0,1,0,0,0
43929,0,0,0,0,0,1,0,0,0
43930,0,0,0,0,0,1,0,0,0
43931,0,0,0,0,0,1,0,0,0
43932,0,0,0,0,0,1,0,0,0
43933,0,0,0,0,0,1,0,0,0
43934,0,0,0,0,0,1,0,0,0
43935,0,0,0,0,0,1,0,0,0
43936,0,0,0,0,0,1,0,0,0
43937,0,0,0,0,0,1,0,0,0
43938,0,0,0,0,0,1,0,0,0
43939,0,0,0,0,0,1,0,0,0
43940,0,0,0,0,0,1,0,0,0
43941,0,0,0,0,0,1,0,0,0
43942,0,0,0,0,0,1,0,0,0
43943,0,0,0,0,0,1,0,0,0
43944,0,0,0,0,0,1,0,0,0
43945,0,0,0,0,0,1,0,0,0
43946,0,0,0,0,0,1,0,0,0
43947,0,0,0,0,0,1,0,0,0
43948,0,0,0,0,0,1,0,0,0
43949,0,0,0,0,0,1,0,0,0
43950,0,0,0,0,0,1,0,0,0
43951,0,0,0,0,0,1,0,0,0
43952,0,0,0,0,0,1,0,0,0
43953,0,0,0,0,0,1,0,0,0
43954,0,0,0,0,0,1,0,0,0
43955,0,0,0,0,0,1,0,0,0
43956,0,0,0,0,0,1,0,0,0
43957,0,0,0,0,0,1,0,0,0
43958,0,0,0,0,0,1,0,0,0
43959,0,0,0,0,0,1,0,0,0
43960,0,0,0,0,0,1,0,0,0
43961,0,0,0,0,0,1,0,0,0
43962,0,0,0,0,0,1,0,0,0
43963,0,0,0,0,0,1,0,0,0
43964,0,0,0,0,0,1,0,0,0
43965,0,0,0,0,0,1,0,0,0
43966,0,0,0,0,0,1,0,0,0
43967,0,0,0,0,0,1,0,0,0
43968,0,0,0,0,0,1,0,0,0
43969,0,0,0,0,0,1,0,0,0
43970,0,0,0,0,0,1,0,0,0
43971,0,0,0,0,0,1,0,0,0
43972,0,0,0,0,0,1,0,0,0
43973,0,0,0,0,0,1,0,0,0
43974,0,0,0,0,0,1,0,0,0
43975,0,0,0,0,0,1,0,0,0
43976,0,0,0,0,0,1,0,0,0
43977,0,0,0,0,0,1,0,0,0
43978,0,0,0,0,0,1,0,0,0
43979,0,0,0,0,0,1,0,0,0
43980,0,0,0,0,0,1,0,0,0
43981,0,0,0,0,0,1,0,0,0
43982,0,0,0,0,0,1,0,0,0
43983,0,0,0,0,0,1,0,0,0
43984,0,0,0,0,0,1,0,0,0
43985,0,0,0,0,0,1,0,0,0
43986,0,0,0,0,0,1,0,0,0
43987,0,0,0,0,0,1,0,0,0
43988,0,0,0,0,0,1,0,0,0
43989,0,0,0,0,0,1,0,0,0
43990,0,0,0,0,0,1,0,0,0
43991,0,0,0,0,0,1,0,0,0
43992,0,0,0,0,0,1,0,0,0
43993,0,0,0,0,0,1,0,0,0
43994,0,0,0,0,0,1,0,0,0
43995,0,0,0,0,0,1,0,0,0
43996,0,0,0,0,0,1,0,0,0
43997,0,0,0,0,0,1,0,0,0
43998,0,0,0,0,0,1,0,0,0
43999,0,0,0,0,0,1,0,0,0
44000,0,0,0,0,0,1,0,0,0
44001,0,0,0,0,0,1,0,0,0
44002,0,0,0,0,0,1,0,0,0
44003,0,0,0,0,0,1,0,0,0
44004,0,0,0,0,0,1,0,0,0
44005,0,0,0,0,0,1,0,0,0
44006,0,0,0,0,0,1,0,0,0
44007,0,0,0,0,0,1,0,0,0
44008,0,0,0,0,0,1,0,0,0
44009,0,0,0,0,0,1,0,0,0
44010,0,0,0,0,0,1,0,0,0
44011,0,0,0,0,0,1,0,0,0
44012,0,0,0,0,0,1,0,0,0
44013,0,0,0,0,0,1,0,0,0
44014,0,0,0,0,0,1,0,0,0
44015,0,0,0,0,0,1,0,0,0
44016,0,0,0,0,0,1,0,0,0
44017,0,0,0,0,0,1,0,0,0
44018,0,0,0,0,0,1,0,0,0
44019,0,0,0,0,0,1,0,0,0
44020,0,0,0,0,0,1,0,0,0
44021,0,0,0,0,0,1,0,0,0
44022,0,0,0,0,0,1,0,0,0
44023,0,0,0,0,0,1,0,0,0
44024,0,0,0,0,0,1,0,0,0
44025,0,0,0,0,0,1,0,0,0
44026,0,0,0,0,0,1,0,0,0
44027,0,0,0,0,0,1,0,0,0
44028,0,0,0,0,0,1,0,0,0
44029,0,0,0,0,0,1,0,0,0
44030,0,0,0,0,0,1,0,0,0
44031,0,0,0,0,0,1,0,0,0
44032,0,0,0,0,0,1,0,0,0
44033,0,0,0,0,0,1,0,0,0
44034,0,0,0,0,0,1,0,0,0
44035,0,0,0,0,0,1,0,0,0
44036,0,0,0,0,0,1,0,0,0
44037,0,0,0,0,0,1,0,0,0
44038,0,0,0,0,0,1,0,0,0
44039,0,0,0,0,0,1,0,0,0
44040,0,0,0,0,0,1,0,0,0
44041,0,0,0,0,0,1,0,0,0
44042,0,0,0,0,0,1,0,0,0
44043,0,0,0,0,0,1,0,0,0
44044,0,0,0,0,0,1,0,0,0
44045,0,0,0,0,0,1,0,0,0
44046,0,0,0,0,0,1,0,0,0
44047,0,0,0,0,0,1,0,0,0
44048,0,0,0,0,0,1,0,0,0
44049,0,0,0,0,0,1,0,0,0
44050,0,0,0,0,0,1,0,0,0
44051,0,0,0,0,0,1,0,0,0
44052,0,0,0,0,0,1,0,0,0
44053,0,0,0,0,0,1,0,0,0
44054,0,0,0,0,0,1,0,0,0
44055,0,0,0,0,0,1,0,0,0
44056,0,0,0,0,0,1,0,0,0
44057,0,0,0,0,0,1,0,0,0
44058,0,0,0,0,0,1,0,0,0
44059,0,0,0,0,0,1,0,0,0
44060,0,0,0,0,0,1,0,0,0
44061,0,0,0,0,0,1,0,0,0
44062,0,0,0,0,0,1,0,0,0
44063,0,0,0,0,0,1,0,0,0
44064,0,0,0,0,0,1,0,0,0
44065,0,0,0,0,0,1,0,0,0
44066,0,0,0,0,0,1,0,0,0
44067,0,0,0,0,0,1,0,0,0
44068,0,0,0,0,0,1,0,0,0
44069,0,0,0,0,0,1,0,0,0
44070,0,0,0,0,0,1,0,0,0
44071,0,0,0,0,0,1,0,0,0
44072,0,0,0,0,0,1,0,0,0
44073,0,0,0,0,0,1,0,0,0
44074,0,0,0,0,0,1,0,0,0
44075,0,0,0,0,0,1,0,0,0
44076,0,0,0,0,0,1,0,0,0
44077,0,0,0,0,0,1,0,0,0
44078,0,0,0,0,0,1,0,0,0
44079,0,0,0,0,0,1,0,0,0
44080,0,0,0,0,0,1,0,0,0
44081,0,0,0,0,0,1,0,0,0
44082,0,0,0,0,0,1,0,0,0
44083,0,0,0,0,0,1,0,0,0
44084,0,0,0,0,0,1,0,0,0
44085,0,0,0,0,0,1,0,0,0
44086,0,0,0,0,0,1,0,0,0
44087,0,0,0,0,0,1,0,0,0
44088,0,0,0,0,0,1,0,0,0
44089,0,0,0,0,0,1,0,0,0
44090,0,0,0,0,0,1,0,0,0
44091,0,0,0,0,0,1,0,0,0
44092,0,0,0,0,0,1,0,0,0
44093,0,0,0,0,0,1,0,0,0
44094,0,0,0,0,0,1,0,0,0
44095,0,0,0,0,0,1,0,0,0
44096,0,0,0,0,0,1,0,0,0
44097,0,0,0,0,0,1,0,0,0
44098,0,0,0,0,0,1,0,0,0
44099,0,0,0,0,0,1,0,0,0
44100,0,0,0,0,0,1,0,0,0
44101,0,0,0,0,0,1,0,0,0
44102,0,0,0,0,0,1,0,0,0
44103,0,0,0,0,0,1,0,0,0
44104,0,0,0,0,0,1,0,0,0
44105,0,0,0,0,0,1,0,0,0
44106,0,0,0,0,0,1,0,0,0
44107,0,0,0,0,0,1,0,0,0
44108,0,0,0,0,0,1,0,0,0
44109,0,0,0,0,0,1,0,0,0
44110,0,0,0,0,0,1,0,0,0
44111,0,0,0,0,0,1,0,0,0
44112,0,0,0,0,0,1,0,0,0
44113,0,0,0,0,0,1,0,0,0
44114,0,0,0,0,0,1,0,0,0
44115,0,0,0,0,0,1,0,0,0
44116,0,0,0,0,0,1,0,0,0
44117,0,0,0,0,0,1,0,0,0
44118,0,0,0,0,0,1,0,0,0
44119,0,0,0,0,0,1,0,0,0
44120,0,0,0,0,0,1,0,0,0
44121,0,0,0,0,0,1,0,0,0
44122,0,0,0,0,0,1,0,0,0
44123,0,0,0,0,0,1,0,0,0
44124,0,0,0,0,0,1,0,0,0
44125,0,0,0,0,0,1,0,0,0
44126,0,0,0,0,0,1,0,0,0
44127,0,0,0,0,0,1,0,0,0
44128,0,0,0,0,0,1,0,0,0
44129,0,0,0,0,0,1,0,0,0
44130,0,0,0,0,0,1,0,0,0
44131,0,0,0,0,0,1,0,0,0
44132,0,0,0,0,0,1,0,0,0
44133,0,0,0,0,0,1,0,0,0
44134,0,0,0,0,0,1,0,0,0
44135,0,0,0,0,0,1,0,0,0
44136,0,0,0,0,0,1,0,0,0
44137,0,0,0,0,0,1,0,0,0
44138,0,0,0,0,0,1,0,0,0
44139,0,0,0,0,0,1,0,0,0
44140,0,0,0,0,0,1,0,0,0
44141,0,0,0,0,0,1,0,0,0
44142,0,0,0,0,0,1,0,0,0
44143,0,0,0,0,0,1,0,0,0
44144,0,0,0,0,0,1,0,0,0
44145,0,0,0,0,0,1,0,0,0
44146,0,0,0,0,0,1,0,0,0
44147,0,0,0,0,0,1,0,0,0
44148,0,0,0,0,0,1,0,0,0
44149,0,0,0,0,0,1,0,0,0
44150,0,0,0,0,0,1,0,0,0
44151,0,0,0,0,0,1,0,0,0
44152,0,0,0,0,0,1,0,0,0
44153,0,0,0,0,0,1,0,0,0
44154,0,0,0,0,0,1,0,0,0
44155,0,0,0,0,0,1,0,0,0
44156,0,0,0,0,0,1,0,0,0
44157,0,0,0,0,0,1,0,0,0
44158,0,0,0,0,0,1,0,0,0
44159,0,0,0,0,0,1,0,0,0
44160,0,0,0,0,0,1,0,0,0
44161,0,0,0,0,0,1,0,0,0
44162,0,0,0,0,0,1,0,0,0
44163,0,0,0,0,0,1,0,0,0
44164,0,0,0,0,0,1,0,0,0
44165,0,0,0,0,0,1,0,0,0
44166,0,0,0,0,0,1,0,0,0
44167,0,0,0,0,0,1,0,0,0
44168,0,0,0,0,0,1,0,0,0
44169,0,0,0,0,0,1,0,0,0
44170,0,0,0,0,0,1,0,0,0
44171,0,0,0,0,0,1,0,0,0
44172,0,0,0,0,0,1,0,0,0
44173,0,0,0,0,0,1,0,0,0
44174,0,0,0,0,0,1,0,0,0
44175,0,0,0,0,0,1,0,0,0
44176,0,0,0,0,0,1,0,0,0
44177,0,0,0,0,0,1,0,0,0
44178,0,0,0,0,0,1,0,0,0
44179,0,0,0,0,0,1,0,0,0
44180,0,0,0,0,0,1,0,0,0
44181,0,0,0,0,0,1,0,0,0
44182,0,0,0,0,0,1,0,0,0
44183,0,0,0,0,0,1,0,0,0
44184,0,0,0,0,0,1,0,0,0
44185,0,0,0,0,0,1,0,0,0
44186,0,0,0,0,0,1,0,0,0
44187,0,0,0,0,0,1,0,0,0
44188,0,0,0,0,0,1,0,0,0
44189,0,0,0,0,0,1,0,0,0
44190,0,0,0,0,0,1,0,0,0
44191,0,0,0,0,0,1,0,0,0
44192,0,0,0,0,0,1,0,0,0
44193,0,0,0,0,0,1,0,0,0
44194,0,0,0,0,0,1,0,0,0
44195,0,0,0,0,0,1,0,0,0
44196,0,0,0,0,0,1,0,0,0
44197,0,0,0,0,0,1,0,0,0
44198,0,0,0,0,0,1,0,0,0
44199,0,0,0,0,0,1,0,0,0
44200,0,0,0,0,0,1,0,0,0
44201,0,0,0,0,0,1,0,0,0
44202,0,0,0,0,0,1,0,0,0
44203,0,0,0,0,0,1,0,0,0
44204,0,0,0,0,0,1,0,0,0
44205,0,0,0,0,0,1,0,0,0
44206,0,0,0,0,0,1,0,0,0
44207,0,0,0,0,0,1,0,0,0
44208,0,0,0,0,0,1,0,0,0
44209,0,0,0,0,0,1,0,0,0
44210,0,0,0,0,0,1,0,0,0
44211,0,0,0,0,0,1,0,0,0
44212,0,0,0,0,0,1,0,0,0
44213,0,0,0,0,0,1,0,0,0
44214,0,0,0,0,0,1,0,0,0
44215,0,0,0,0,0,1,0,0,0
44216,0,0,0,0,0,1,0,0,0
44217,0,0,0,0,0,1,0,0,0
44218,0,0,0,0,0,1,0,0,0
44219,0,0,0,0,0,1,0,0,0
44220,0,0,0,0,0,1,0,0,0
44221,0,0,0,0,0,1,0,0,0
44222,0,0,0,0,0,1,0,0,0
44223,0,0,0,0,0,1,0,0,0
44224,0,0,0,0,0,1,0,0,0
44225,0,0,0,0,0,1,0,0,0
44226,0,0,0,0,0,1,0,0,0
44227,0,0,0,0,0,1,0,0,0
44228,0,0,0,0,0,1,0,0,0
44229,0,0,0,0,0,1,0,0,0
44230,0,0,0,0,0,1,0,0,0
44231,0,0,0,0,0,1,0,0,0
44232,0,0,0,0,0,1,0,0,0
44233,0,0,0,0,0,1,0,0,0
44234,0,0,0,0,0,1,0,0,0
44235,0,0,0,0,0,1,0,0,0
44236,0,0,0,0,0,1,0,0,0
44237,0,0,0,0,0,1,0,0,0
44238,0,0,0,0,0,1,0,0,0
44239,0,0,0,0,0,1,0,0,0
44240,0,0,0,0,0,1,0,0,0
44241,0,0,0,0,0,1,0,0,0
44242,0,0,0,0,0,1,0,0,0
44243,0,0,0,0,0,1,0,0,0
44244,0,0,0,0,0,1,0,0,0
44245,0,0,0,0,0,1,0,0,0
44246,0,0,0,0,0,1,0,0,0
44247,0,0,0,0,0,1,0,0,0
44248,0,0,0,0,0,1,0,0,0
44249,0,0,0,0,0,1,0,0,0
44250,0,0,0,0,0,1,0,0,0
44251,0,0,0,0,0,1,0,0,0
44252,0,0,0,0,0,1,0,0,0
44253,0,0,0,0,0,1,0,0,0
44254,0,0,0,0,0,1,0,0,0
44255,0,0,0,0,0,1,0,0,0
44256,0,0,0,0,0,1,0,0,0
44257,0,0,0,0,0,1,0,0,0
44258,0,0,0,0,0,1,0,0,0
44259,0,0,0,0,0,1,0,0,0
44260,0,0,0,0,0,1,0,0,0
44261,0,0,0,0,0,1,0,0,0
44262,0,0,0,0,0,1,0,0,0
44263,0,0,0,0,0,1,0,0,0
44264,0,0,0,0,0,1,0,0,0
44265,0,0,0,0,0,1,0,0,0
44266,0,0,0,0,0,1,0,0,0
44267,0,0,0,0,0,1,0,0,0
44268,0,0,0,0,0,1,0,0,0
44269,0,0,0,0,0,1,0,0,0
44270,0,0,0,0,0,1,0,0,0
44271,0,0,0,0,0,1,0,0,0
44272,0,0,0,0,0,1,0,0,0
44273,0,0,0,0,0,1,0,0,0
44274,0,0,0,0,0,1,0,0,0
44275,0,0,0,0,0,1,0,0,0
44276,0,0,0,0,0,1,0,0,0
44277,0,0,0,0,0,1,0,0,0
44278,0,0,0,0,0,1,0,0,0
44279,0,0,0,0,0,1,0,0,0
44280,0,0,0,0,0,1,0,0,0
44281,0,0,0,0,0,1,0,0,0
44282,0,0,0,0,0,1,0,0,0
44283,0,0,0,0,0,1,0,0,0
44284,0,0,0,0,0,1,0,0,0
44285,0,0,0,0,0,1,0,0,0
44286,0,0,0,0,0,1,0,0,0
44287,0,0,0,0,0,1,0,0,0
44288,0,0,0,0,0,1,0,0,0
44289,0,0,0,0,0,1,0,0,0
44290,0,0,0,0,0,1,0,0,0
44291,0,0,0,0,0,1,0,0,0
44292,0,0,0,0,0,1,0,0,0
44293,0,0,0,0,0,1,0,0,0
44294,0,0,0,0,0,1,0,0,0
44295,0,0,0,0,0,1,0,0,0
44296,0,0,0,0,0,1,0,0,0
44297,0,0,0,0,0,1,0,0,0
44298,0,0,0,0,0,1,0,0,0
44299,0,0,0,0,0,1,0,0,0
44300,0,0,0,0,0,1,0,0,0
44301,0,0,0,0,0,1,0,0,0
44302,0,0,0,0,0,1,0,0,0
44303,0,0,0,0,0,1,0,0,0
44304,0,0,0,0,0,1,0,0,0
44305,0,0,0,0,0,1,0,0,0
44306,0,0,0,0,0,1,0,0,0
44307,0,0,0,0,0,1,0,0,0
44308,0,0,0,0,0,1,0,0,0
44309,0,0,0,0,0,1,0,0,0
44310,0,0,0,0,0,1,0,0,0
44311,0,0,0,0,0,1,0,0,0
44312,0,0,0,0,0,1,0,0,0
44313,0,0,0,0,0,1,0,0,0
44314,0,0,0,0,0,1,0,0,0
44315,0,0,0,0,0,1,0,0,0
44316,0,0,0,0,0,1,0,0,0
44317,0,0,0,0,0,1,0,0,0
44318,0,0,0,0,0,1,0,0,0
44319,0,0,0,0,0,1,0,0,0
44320,0,0,0,0,0,1,0,0,0
44321,0,0,0,0,0,1,0,0,0
44322,0,0,0,0,0,1,0,0,0
44323,0,0,0,0,0,1,0,0,0
44324,0,0,0,0,0,1,0,0,0
44325,0,0,0,0,0,1,0,0,0
44326,0,0,0,0,0,1,0,0,0
44327,0,0,0,0,0,1,0,0,0
44328,0,0,0,0,0,1,0,0,0
44329,0,0,0,0,0,1,0,0,0
44330,0,0,0,0,0,1,0,0,0
44331,0,0,0,0,0,1,0,0,0
44332,0,0,0,0,0,1,0,0,0
44333,0,0,0,0,0,1,0,0,0
44334,0,0,0,0,0,1,0,0,0
44335,0,0,0,0,0,1,0,0,0
44336,0,0,0,0,0,1,0,0,0
44337,0,0,0,0,0,1,0,0,0
44338,0,0,0,0,0,1,0,0,0
44339,0,0,0,0,0,1,0,0,0
44340,0,0,0,0,0,1,0,0,0
44341,0,0,0,0,0,1,0,0,0
44342,0,0,0,0,0,1,0,0,0
44343,0,0,0,0,0,1,0,0,0
44344,0,0,0,0,0,1,0,0,0
44345,0,0,0,0,0,1,0,0,0
44346,0,0,0,0,0,1,0,0,0
44347,0,0,0,0,0,1,0,0,0
44348,0,0,0,0,0,1,0,0,0
44349,0,0,0,0,0,1,0,0,0
44350,0,0,0,0,0,1,0,0,0
44351,0,0,0,0,0,1,0,0,0
44352,0,0,0,0,0,1,0,0,0
44353,0,0,0,0,0,1,0,0,0
44354,0,0,0,0,0,1,0,0,0
44355,0,0,0,0,0,1,0,0,0
44356,0,0,0,0,0,1,0,0,0
44357,0,0,0,0,0,1,0,0,0
44358,0,0,0,0,0,1,0,0,0
44359,0,0,0,0,0,1,0,0,0
44360,0,0,0,0,0,1,0,0,0
44361,0,0,0,0,0,1,0,0,0
44362,0,0,0,0,0,1,0,0,0
44363,0,0,0,0,0,1,0,0,0
44364,0,0,0,0,0,1,0,0,0
44365,0,0,0,0,0,1,0,0,0
44366,0,0,0,0,0,1,0,0,0
44367,0,0,0,0,0,1,0,0,0
44368,0,0,0,0,0,1,0,0,0
44369,0,0,0,0,0,1,0,0,0
44370,0,0,0,0,0,1,0,0,0
44371,0,0,0,0,0,1,0,0,0
44372,0,0,0,0,0,1,0,0,0
44373,0,0,0,0,0,1,0,0,0
44374,0,0,0,0,0,1,0,0,0
44375,0,0,0,0,0,1,0,0,0
44376,0,0,0,0,0,1,0,0,0
44377,0,0,0,0,0,1,0,0,0
44378,0,0,0,0,0,1,0,0,0
44379,0,0,0,0,0,1,0,0,0
44380,0,0,0,0,0,1,0,0,0
44381,0,0,0,0,0,1,0,0,0
44382,0,0,0,0,0,1,0,0,0
44383,0,0,0,0,0,1,0,0,0
44384,0,0,0,0,0,1,0,0,0
44385,0,0,0,0,0,1,0,0,0
44386,0,0,0,0,0,1,0,0,0
44387,0,0,0,0,0,1,0,0,0
44388,0,0,0,0,0,1,0,0,0
44389,0,0,0,0,0,1,0,0,0
44390,0,0,0,0,0,1,0,0,0
44391,0,0,0,0,0,1,0,0,0
44392,0,0,0,0,0,1,0,0,0
44393,0,0,0,0,0,1,0,0,0
44394,0,0,0,0,0,1,0,0,0
44395,0,0,0,0,0,1,0,0,0
44396,0,0,0,0,0,1,0,0,0
44397,0,0,0,0,0,1,0,0,0
44398,0,0,0,0,0,1,0,0,0
44399,0,0,0,0,0,1,0,0,0
44400,0,0,0,0,0,1,0,0,0
44401,0,0,0,0,0,1,0,0,0
44402,0,0,0,0,0,1,0,0,0
44403,0,0,0,0,0,1,0,0,0
44404,0,0,0,0,0,1,0,0,0
44405,0,0,0,0,0,1,0,0,0
44406,0,0,0,0,0,1,0,0,0
44407,0,0,0,0,0,1,0,0,0
44408,0,0,0,0,0,1,0,0,0
44409,0,0,0,0,0,1,0,0,0
44410,0,0,0,0,0,1,0,0,0
44411,0,0,0,0,0,1,0,0,0
44412,0,0,0,0,0,1,0,0,0
44413,0,0,0,0,0,1,0,0,0
44414,0,0,0,0,0,1,0,0,0
44415,0,0,0,0,0,1,0,0,0
44416,0,0,0,0,0,1,0,0,0
44417,0,0,0,0,0,1,0,0,0
44418,0,0,0,0,0,1,0,0,0
44419,0,0,0,0,0,1,0,0,0
44420,0,0,0,0,0,1,0,0,0
44421,0,0,0,0,0,1,0,0,0
44422,0,0,0,0,0,1,0,0,0
44423,0,0,0,0,0,1,0,0,0
44424,0,0,0,0,0,1,0,0,0
44425,0,0,0,0,0,1,0,0,0
44426,0,0,0,0,0,1,0,0,0
44427,0,0,0,0,0,1,0,0,0
44428,0,0,0,0,0,1,0,0,0
44429,0,0,0,0,0,1,0,0,0
44430,0,0,0,0,0,1,0,0,0
44431,0,0,0,0,0,1,0,0,0
44432,0,0,0,0,0,1,0,0,0
44433,0,0,0,0,0,1,0,0,0
44434,0,0,0,0,0,1,0,0,0
44435,0,0,0,0,0,1,0,0,0
44436,0,0,0,0,0,1,0,0,0
44437,0,0,0,0,0,1,0,0,0
44438,0,0,0,0,0,1,0,0,0
44439,0,0,0,0,0,1,0,0,0
44440,0,0,0,0,0,1,0,0,0
44441,0,0,0,0,0,1,0,0,0
44442,0,0,0,0,0,1,0,0,0
44443,0,0,0,0,0,1,0,0,0
44444,0,0,0,0,0,1,0,0,0
44445,0,0,0,0,0,1,0,0,0
44446,0,0,0,0,0,1,0,0,0
44447,0,0,0,0,0,1,0,0,0
44448,0,0,0,0,0,1,0,0,0
44449,0,0,0,0,0,1,0,0,0
44450,0,0,0,0,0,1,0,0,0
44451,0,0,0,0,0,1,0,0,0
44452,0,0,0,0,0,1,0,0,0
44453,0,0,0,0,0,1,0,0,0
44454,0,0,0,0,0,1,0,0,0
44455,0,0,0,0,0,1,0,0,0
44456,0,0,0,0,0,1,0,0,0
44457,0,0,0,0,0,1,0,0,0
44458,0,0,0,0,0,1,0,0,0
44459,0,0,0,0,0,1,0,0,0
44460,0,0,0,0,0,1,0,0,0
44461,0,0,0,0,0,1,0,0,0
44462,0,0,0,0,0,1,0,0,0
44463,0,0,0,0,0,1,0,0,0
44464,0,0,0,0,0,1,0,0,0
44465,0,0,0,0,0,1,0,0,0
44466,0,0,0,0,0,1,0,0,0
44467,0,0,0,0,0,1,0,0,0
44468,0,0,0,0,0,1,0,0,0
44469,0,0,0,0,0,1,0,0,0
44470,0,0,0,0,0,1,0,0,0
44471,0,0,0,0,0,1,0,0,0
44472,0,0,0,0,0,1,0,0,0
44473,0,0,0,0,0,1,0,0,0
44474,0,0,0,0,0,1,0,0,0
44475,0,0,0,0,0,1,0,0,0
44476,0,0,0,0,0,1,0,0,0
44477,0,0,0,0,0,1,0,0,0
44478,0,0,0,0,0,1,0,0,0
44479,0,0,0,0,0,1,0,0,0
44480,0,0,0,0,0,1,0,0,0
44481,0,0,0,0,0,1,0,0,0
44482,0,0,0,0,0,1,0,0,0
44483,0,0,0,0,0,1,0,0,0
44484,0,0,0,0,0,1,0,0,0
44485,0,0,0,0,0,1,0,0,0
44486,0,0,0,0,0,1,0,0,0
44487,0,0,0,0,0,1,0,0,0
44488,0,0,0,0,0,1,0,0,0
44489,0,0,0,0,0,1,0,0,0
44490,0,0,0,0,0,1,0,0,0
44491,0,0,0,0,0,1,0,0,0
44492,0,0,0,0,0,1,0,0,0
44493,0,0,0,0,0,1,0,0,0
44494,0,0,0,0,0,1,0,0,0
44495,0,0,0,0,0,1,0,0,0
44496,0,0,0,0,0,1,0,0,0
44497,0,0,0,0,0,1,0,0,0
44498,0,0,0,0,0,1,0,0,0
44499,0,0,0,0,0,1,0,0,0
44500,0,0,0,0,0,1,0,0,0
44501,0,0,0,0,0,1,0,0,0
44502,0,0,0,0,0,1,0,0,0
44503,0,0,0,0,0,1,0,0,0
44504,0,0,0,0,0,1,0,0,0
44505,0,0,0,0,0,1,0,0,0
44506,0,0,0,0,0,1,0,0,0
44507,0,0,0,0,0,1,0,0,0
44508,0,0,0,0,0,1,0,0,0
44509,0,0,0,0,0,1,0,0,0
44510,0,0,0,0,0,1,0,0,0
44511,0,0,0,0,0,1,0,0,0
44512,0,0,0,0,0,1,0,0,0
44513,0,0,0,0,0,1,0,0,0
44514,0,0,0,0,0,1,0,0,0
44515,0,0,0,0,0,1,0,0,0
44516,0,0,0,0,0,1,0,0,0
44517,0,0,0,0,0,1,0,0,0
44518,0,0,0,0,0,1,0,0,0
44519,0,0,0,0,0,1,0,0,0
44520,0,0,0,0,0,1,0,0,0
44521,0,0,0,0,0,1,0,0,0
44522,0,0,0,0,0,1,0,0,0
44523,0,0,0,0,0,1,0,0,0
44524,0,0,0,0,0,1,0,0,0
44525,0,0,0,0,0,1,0,0,0
44526,0,0,0,0,0,1,0,0,0
44527,0,0,0,0,0,1,0,0,0
44528,0,0,0,0,0,1,0,0,0
44529,0,0,0,0,0,1,0,0,0
44530,0,0,0,0,0,1,0,0,0
44531,0,0,0,0,0,1,0,0,0
44532,0,0,0,0,0,1,0,0,0
44533,0,0,0,0,0,1,0,0,0
44534,0,0,0,0,0,1,0,0,0
44535,0,0,0,0,0,1,0,0,0
44536,0,0,0,0,0,1,0,0,0
44537,0,0,0,0,0,1,0,0,0
44538,0,0,0,0,0,1,0,0,0
44539,0,0,0,0,0,1,0,0,0
44540,0,0,0,0,0,1,0,0,0
44541,0,0,0,0,0,1,0,0,0
44542,0,0,0,0,0,1,0,0,0
44543,0,0,0,0,0,1,0,0,0
44544,0,0,0,0,0,1,0,0,0
44545,0,0,0,0,0,1,0,0,0
44546,0,0,0,0,0,1,0,0,0
44547,0,0,0,0,0,1,0,0,0
44548,0,0,0,0,0,1,0,0,0
44549,0,0,0,0,0,1,0,0,0
44550,0,0,0,0,0,1,0,0,0
44551,0,0,0,0,0,1,0,0,0
44552,0,0,0,0,0,1,0,0,0
44553,0,0,0,0,0,1,0,0,0
44554,0,0,0,0,0,1,0,0,0
44555,0,0,0,0,0,1,0,0,0
44556,0,0,0,0,0,1,0,0,0
44557,0,0,0,0,0,1,0,0,0
44558,0,0,0,0,0,1,0,0,0
44559,0,0,0,0,0,1,0,0,0
44560,0,0,0,0,0,1,0,0,0
44561,0,0,0,0,0,1,0,0,0
44562,0,0,0,0,0,1,0,0,0
44563,0,0,0,0,0,1,0,0,0
44564,0,0,0,0,0,1,0,0,0
44565,0,0,0,0,0,1,0,0,0
44566,0,0,0,0,0,1,0,0,0
44567,0,0,0,0,0,1,0,0,0
44568,0,0,0,0,0,1,0,0,0
44569,0,0,0,0,0,1,0,0,0
44570,0,0,0,0,0,1,0,0,0
44571,0,0,0,0,0,1,0,0,0
44572,0,0,0,0,0,1,0,0,0
44573,0,0,0,0,0,1,0,0,0
44574,0,0,0,0,0,1,0,0,0
44575,0,0,0,0,0,1,0,0,0
44576,0,0,0,0,0,1,0,0,0
44577,0,0,0,0,0,1,0,0,0
44578,0,0,0,0,0,1,0,0,0
44579,0,0,0,0,0,1,0,0,0
44580,0,0,0,0,0,1,0,0,0
44581,0,0,0,0,0,1,0,0,0
44582,0,0,0,0,0,1,0,0,0
44583,0,0,0,0,0,1,0,0,0
44584,0,0,0,0,0,1,0,0,0
44585,0,0,0,0,0,1,0,0,0
44586,0,0,0,0,0,1,0,0,0
44587,0,0,0,0,0,1,0,0,0
44588,0,0,0,0,0,1,0,0,0
44589,0,0,0,0,0,1,0,0,0
44590,0,0,0,0,0,1,0,0,0
44591,0,0,0,0,0,1,0,0,0
44592,0,0,0,0,0,1,0,0,0
44593,0,0,0,0,0,1,0,0,0
44594,0,0,0,0,0,1,0,0,0
44595,0,0,0,0,0,1,0,0,0
44596,0,0,0,0,0,1,0,0,0
44597,0,0,0,0,0,1,0,0,0
44598,0,0,0,0,0,1,0,0,0
44599,0,0,0,0,0,1,0,0,0
44600,0,0,0,0,0,1,0,0,0
44601,0,0,0,0,0,1,0,0,0
44602,0,0,0,0,0,1,0,0,0
44603,0,0,0,0,0,1,0,0,0
44604,0,0,0,0,0,1,0,0,0
44605,0,0,0,0,0,1,0,0,0
44606,0,0,0,0,0,1,0,0,0
44607,0,0,0,0,0,1,0,0,0
44608,0,0,0,0,0,1,0,0,0
44609,0,0,0,0,0,1,0,0,0
44610,0,0,0,0,0,1,0,0,0
44611,0,0,0,0,0,1,0,0,0
44612,0,0,0,0,0,1,0,0,0
44613,0,0,0,0,0,1,0,0,0
44614,0,0,0,0,0,1,0,0,0
44615,0,0,0,0,0,1,0,0,0
44616,0,0,0,0,0,1,0,0,0
44617,0,0,0,0,0,1,0,0,0
44618,0,0,0,0,0,1,0,0,0
44619,0,0,0,0,0,1,0,0,0
44620,0,0,0,0,0,1,0,0,0
44621,0,0,0,0,0,1,0,0,0
44622,0,0,0,0,0,1,0,0,0
44623,0,0,0,0,0,1,0,0,0
44624,0,0,0,0,0,1,0,0,0
44625,0,0,0,0,0,1,0,0,0
44626,0,0,0,0,0,1,0,0,0
44627,0,0,0,0,0,1,0,0,0
44628,0,0,0,0,0,1,0,0,0
44629,0,0,0,0,0,1,0,0,0
44630,0,0,0,0,0,1,0,0,0
44631,0,0,0,0,0,1,0,0,0
44632,0,0,0,0,0,1,0,0,0
44633,0,0,0,0,0,1,0,0,0
44634,0,0,0,0,0,1,0,0,0
44635,0,0,0,0,0,1,0,0,0
44636,0,0,0,0,0,1,0,0,0
44637,0,0,0,0,0,1,0,0,0
44638,0,0,0,0,0,1,0,0,0
44639,0,0,0,0,0,1,0,0,0
44640,0,0,0,0,0,1,0,0,0
44641,0,0,0,0,0,1,0,0,0
44642,0,0,0,0,0,1,0,0,0
44643,0,0,0,0,0,1,0,0,0
44644,0,0,0,0,0,1,0,0,0
44645,0,0,0,0,0,1,0,0,0
44646,0,0,0,0,0,1,0,0,0
44647,0,0,0,0,0,1,0,0,0
44648,0,0,0,0,0,1,0,0,0
44649,0,0,0,0,0,1,0,0,0
44650,0,0,0,0,0,1,0,0,0
44651,0,0,0,0,0,1,0,0,0
44652,0,0,0,0,0,1,0,0,0
44653,0,0,0,0,0,1,0,0,0
44654,0,0,0,0,0,1,0,0,0
44655,0,0,0,0,0,1,0,0,0
44656,0,0,0,0,0,1,0,0,0
44657,0,0,0,0,0,1,0,0,0
44658,0,0,0,0,0,1,0,0,0
44659,0,0,0,0,0,1,0,0,0
44660,0,0,0,0,0,1,0,0,0
44661,0,0,0,0,0,1,0,0,0
44662,0,0,0,0,0,1,0,0,0
44663,0,0,0,0,0,1,0,0,0
44664,0,0,0,0,0,1,0,0,0
44665,0,0,0,0,0,1,0,0,0
44666,0,0,0,0,0,1,0,0,0
44667,0,0,0,0,0,1,0,0,0
44668,0,0,0,0,0,1,0,0,0
44669,0,0,0,0,0,1,0,0,0
44670,0,0,0,0,0,1,0,0,0
44671,0,0,0,0,0,1,0,0,0
44672,0,0,0,0,0,1,0,0,0
44673,0,0,0,0,0,1,0,0,0
44674,0,0,0,0,0,1,0,0,0
44675,0,0,0,0,0,1,0,0,0
44676,0,0,0,0,0,1,0,0,0
44677,0,0,0,0,0,1,0,0,0
44678,0,0,0,0,0,1,0,0,0
44679,0,0,0,0,0,1,0,0,0
44680,0,0,0,0,0,1,0,0,0
44681,0,0,0,0,0,1,0,0,0
44682,0,0,0,0,0,1,0,0,0
44683,0,0,0,0,0,1,0,0,0
44684,0,0,0,0,0,1,0,0,0
44685,0,0,0,0,0,1,0,0,0
44686,0,0,0,0,0,1,0,0,0
44687,0,0,0,0,0,1,0,0,0
44688,0,0,0,0,0,1,0,0,0
44689,0,0,0,0,0,1,0,0,0
44690,0,0,0,0,0,1,0,0,0
44691,0,0,0,0,0,1,0,0,0
44692,0,0,0,0,0,1,0,0,0
44693,0,0,0,0,0,1,0,0,0
44694,0,0,0,0,0,1,0,0,0
44695,0,0,0,0,0,1,0,0,0
44696,0,0,0,0,0,1,0,0,0
44697,0,0,0,0,0,1,0,0,0
44698,0,0,0,0,0,1,0,0,0
44699,0,0,0,0,0,1,0,0,0
44700,0,0,0,0,0,1,0,0,0
44701,0,0,0,0,0,1,0,0,0
44702,0,0,0,0,0,1,0,0,0
44703,0,0,0,0,0,1,0,0,0
44704,0,0,0,0,0,1,0,0,0
44705,0,0,0,0,0,1,0,0,0
44706,0,0,0,0,0,1,0,0,0
44707,0,0,0,0,0,1,0,0,0
44708,0,0,0,0,0,1,0,0,0
44709,0,0,0,0,0,1,0,0,0
44710,0,0,0,0,0,1,0,0,0
44711,0,0,0,0,0,1,0,0,0
44712,0,0,0,0,0,1,0,0,0
44713,0,0,0,0,0,1,0,0,0
44714,0,0,0,0,0,1,0,0,0
44715,0,0,0,0,0,1,0,0,0
44716,0,0,0,0,0,1,0,0,0
44717,0,0,0,0,0,1,0,0,0
44718,0,0,0,0,0,1,0,0,0
44719,0,0,0,0,0,1,0,0,0
44720,0,0,0,0,0,1,0,0,0
44721,0,0,0,0,0,1,0,0,0
44722,0,0,0,0,0,1,0,0,0
44723,0,0,0,0,0,1,0,0,0
44724,0,0,0,0,0,1,0,0,0
44725,0,0,0,0,0,1,0,0,0
44726,0,0,0,0,0,1,0,0,0
44727,0,0,0,0,0,1,0,0,0
44728,0,0,0,0,0,1,0,0,0
44729,0,0,0,0,0,1,0,0,0
44730,0,0,0,0,0,1,0,0,0
44731,0,0,0,0,0,1,0,0,0
44732,0,0,0,0,0,1,0,0,0
44733,0,0,0,0,0,1,0,0,0
44734,0,0,0,0,0,1,0,0,0
44735,0,0,0,0,0,1,0,0,0
44736,0,0,0,0,0,1,0,0,0
44737,0,0,0,0,0,1,0,0,0
44738,0,0,0,0,0,1,0,0,0
44739,0,0,0,0,0,1,0,0,0
44740,0,0,0,0,0,1,0,0,0
44741,0,0,0,0,0,1,0,0,0
44742,0,0,0,0,0,1,0,0,0
44743,0,0,0,0,0,1,0,0,0
44744,0,0,0,0,0,1,0,0,0
44745,0,0,0,0,0,1,0,0,0
44746,0,0,0,0,0,1,0,0,0
44747,0,0,0,0,0,1,0,0,0
44748,0,0,0,0,0,1,0,0,0
44749,0,0,0,0,0,1,0,0,0
44750,0,0,0,0,0,1,0,0,0
44751,0,0,0,0,0,1,0,0,0
44752,0,0,0,0,0,1,0,0,0
44753,0,0,0,0,0,1,0,0,0
44754,0,0,0,0,0,1,0,0,0
44755,0,0,0,0,0,1,0,0,0
44756,0,0,0,0,0,1,0,0,0
44757,0,0,0,0,0,1,0,0,0
44758,0,0,0,0,0,1,0,0,0
44759,0,0,0,0,0,1,0,0,0
44760,0,0,0,0,0,1,0,0,0
44761,0,0,0,0,0,1,0,0,0
44762,0,0,0,0,0,1,0,0,0
44763,0,0,0,0,0,1,0,0,0
44764,0,0,0,0,0,1,0,0,0
44765,0,0,0,0,0,1,0,0,0
44766,0,0,0,0,0,1,0,0,0
44767,0,0,0,0,0,1,0,0,0
44768,0,0,0,0,0,1,0,0,0
44769,0,0,0,0,0,1,0,0,0
44770,0,0,0,0,0,1,0,0,0
44771,0,0,0,0,0,1,0,0,0
44772,0,0,0,0,0,1,0,0,0
44773,0,0,0,0,0,1,0,0,0
44774,0,0,0,0,0,1,0,0,0
44775,0,0,0,0,0,1,0,0,0
44776,0,0,0,0,0,1,0,0,0
44777,0,0,0,0,0,1,0,0,0
44778,0,0,0,0,0,1,0,0,0
44779,0,0,0,0,0,1,0,0,0
44780,0,0,0,0,0,1,0,0,0
44781,0,0,0,0,0,1,0,0,0
44782,0,0,0,0,0,1,0,0,0
44783,0,0,0,0,0,1,0,0,0
44784,0,0,0,0,0,1,0,0,0
44785,0,0,0,0,0,1,0,0,0
44786,0,0,0,0,0,1,0,0,0
44787,0,0,0,0,0,1,0,0,0
44788,0,0,0,0,0,1,0,0,0
44789,0,0,0,0,0,1,0,0,0
44790,0,0,0,0,0,1,0,0,0
44791,0,0,0,0,0,1,0,0,0
44792,0,0,0,0,0,1,0,0,0
44793,0,0,0,0,0,1,0,0,0
44794,0,0,0,0,0,1,0,0,0
44795,0,0,0,0,0,1,0,0,0
44796,0,0,0,0,0,1,0,0,0
44797,0,0,0,0,0,1,0,0,0
44798,0,0,0,0,0,1,0,0,0
44799,0,0,0,0,0,1,0,0,0
44800,0,0,0,0,0,1,0,0,0
44801,0,0,0,0,0,1,0,0,0
44802,0,0,0,0,0,1,0,0,0
44803,0,0,0,0,0,1,0,0,0
44804,0,0,0,0,0,1,0,0,0
44805,0,0,0,0,0,1,0,0,0
44806,0,0,0,0,0,1,0,0,0
44807,0,0,0,0,0,1,0,0,0
44808,0,0,0,0,0,1,0,0,0
44809,0,0,0,0,0,1,0,0,0
44810,0,0,0,0,0,1,0,0,0
44811,0,0,0,0,0,1,0,0,0
44812,0,0,0,0,0,1,0,0,0
44813,0,0,0,0,0,1,0,0,0
44814,0,0,0,0,0,1,0,0,0
44815,0,0,0,0,0,1,0,0,0
44816,0,0,0,0,0,1,0,0,0
44817,0,0,0,0,0,1,0,0,0
44818,0,0,0,0,0,1,0,0,0
44819,0,0,0,0,0,1,0,0,0
44820,0,0,0,0,0,1,0,0,0
44821,0,0,0,0,0,1,0,0,0
44822,0,0,0,0,0,1,0,0,0
44823,0,0,0,0,0,1,0,0,0
44824,0,0,0,0,0,1,0,0,0
44825,0,0,0,0,0,1,0,0,0
44826,0,0,0,0,0,1,0,0,0
44827,0,0,0,0,0,1,0,0,0
44828,0,0,0,0,0,1,0,0,0
44829,0,0,0,0,0,1,0,0,0
44830,0,0,0,0,0,1,0,0,0
44831,0,0,0,0,0,1,0,0,0
44832,0,0,0,0,0,1,0,0,0
44833,0,0,0,0,0,1,0,0,0
44834,0,0,0,0,0,1,0,0,0
44835,0,0,0,0,0,1,0,0,0
44836,0,0,0,0,0,1,0,0,0
44837,0,0,0,0,0,1,0,0,0
44838,0,0,0,0,0,1,0,0,0
44839,0,0,0,0,0,1,0,0,0
44840,0,0,0,0,0,1,0,0,0
44841,0,0,0,0,0,1,0,0,0
44842,0,0,0,0,0,1,0,0,0
44843,0,0,0,0,0,1,0,0,0
44844,0,0,0,0,0,1,0,0,0
44845,0,0,0,0,0,1,0,0,0
44846,0,0,0,0,0,1,0,0,0
44847,0,0,0,0,0,1,0,0,0
44848,0,0,0,0,0,1,0,0,0
44849,0,0,0,0,0,1,0,0,0
44850,0,0,0,0,0,1,0,0,0
44851,0,0,0,0,0,1,0,0,0
44852,0,0,0,0,0,1,0,0,0
44853,0,0,0,0,0,1,0,0,0
44854,0,0,0,0,0,1,0,0,0
44855,0,0,0,0,0,1,0,0,0
44856,0,0,0,0,0,1,0,0,0
44857,0,0,0,0,0,1,0,0,0
44858,0,0,0,0,0,1,0,0,0
44859,0,0,0,0,0,1,0,0,0
44860,0,0,0,0,0,1,0,0,0
44861,0,0,0,0,0,1,0,0,0
44862,0,0,0,0,0,1,0,0,0
44863,0,0,0,0,0,1,0,0,0
44864,0,0,0,0,0,1,0,0,0
44865,0,0,0,0,0,1,0,0,0
44866,0,0,0,0,0,1,0,0,0
44867,0,0,0,0,0,1,0,0,0
44868,0,0,0,0,0,1,0,0,0
44869,0,0,0,0,0,1,0,0,0
44870,0,0,0,0,0,1,0,0,0
44871,0,0,0,0,0,1,0,0,0
44872,0,0,0,0,0,1,0,0,0
44873,0,0,0,0,0,1,0,0,0
44874,0,0,0,0,0,1,0,0,0
44875,0,0,0,0,0,1,0,0,0
44876,0,0,0,0,0,1,0,0,0
44877,0,0,0,0,0,1,0,0,0
44878,0,0,0,0,0,1,0,0,0
44879,0,0,0,0,0,1,0,0,0
44880,0,0,0,0,0,1,0,0,0
44881,0,0,0,0,0,1,0,0,0
44882,0,0,0,0,0,1,0,0,0
44883,0,0,0,0,0,1,0,0,0
44884,0,0,0,0,0,1,0,0,0
44885,0,0,0,0,0,1,0,0,0
44886,0,0,0,0,0,1,0,0,0
44887,0,0,0,0,0,1,0,0,0
44888,0,0,0,0,0,1,0,0,0
44889,0,0,0,0,0,1,0,0,0
44890,0,0,0,0,0,1,0,0,0
44891,0,0,0,0,0,1,0,0,0
44892,0,0,0,0,0,1,0,0,0
44893,0,0,0,0,0,1,0,0,0
44894,0,0,0,0,0,1,0,0,0
44895,0,0,0,0,0,1,0,0,0
44896,0,0,0,0,0,1,0,0,0
44897,0,0,0,0,0,1,0,0,0
44898,0,0,0,0,0,1,0,0,0
44899,0,0,0,0,0,1,0,0,0
44900,0,0,0,0,0,1,0,0,0
44901,0,0,0,0,0,1,0,0,0
44902,0,0,0,0,0,1,0,0,0
44903,0,0,0,0,0,1,0,0,0
44904,0,0,0,0,0,1,0,0,0
44905,0,0,0,0,0,1,0,0,0
44906,0,0,0,0,0,1,0,0,0
44907,0,0,0,0,0,1,0,0,0
44908,0,0,0,0,0,1,0,0,0
44909,0,0,0,0,0,1,0,0,0
44910,0,0,0,0,0,1,0,0,0
44911,0,0,0,0,0,1,0,0,0
44912,0,0,0,0,0,1,0,0,0
44913,0,0,0,0,0,1,0,0,0
44914,0,0,0,0,0,1,0,0,0
44915,0,0,0,0,0,1,0,0,0
44916,0,0,0,0,0,1,0,0,0
44917,0,0,0,0,0,1,0,0,0
44918,0,0,0,0,0,1,0,0,0
44919,0,0,0,0,0,1,0,0,0
44920,0,0,0,0,0,1,0,0,0
44921,0,0,0,0,0,1,0,0,0
44922,0,0,0,0,0,1,0,0,0
44923,0,0,0,0,0,1,0,0,0
44924,0,0,0,0,0,1,0,0,0
44925,0,0,0,0,0,1,0,0,0
44926,0,0,0,0,0,1,0,0,0
44927,0,0,0,0,0,1,0,0,0
44928,0,0,0,0,0,1,0,0,0
44929,0,0,0,0,0,1,0,0,0
44930,0,0,0,0,0,1,0,0,0
44931,0,0,0,0,0,1,0,0,0
44932,0,0,0,0,0,1,0,0,0
44933,0,0,0,0,0,1,0,0,0
44934,0,0,0,0,0,1,0,0,0
44935,0,0,0,0,0,1,0,0,0
44936,0,0,0,0,0,1,0,0,0
44937,0,0,0,0,0,1,0,0,0
44938,0,0,0,0,0,1,0,0,0
44939,0,0,0,0,0,1,0,0,0
44940,0,0,0,0,0,1,0,0,0
44941,0,0,0,0,0,1,0,0,0
44942,0,0,0,0,0,1,0,0,0
44943,0,0,0,0,0,1,0,0,0
44944,0,0,0,0,0,1,0,0,0
44945,0,0,0,0,0,1,0,0,0
44946,0,0,0,0,0,1,0,0,0
44947,0,0,0,0,0,1,0,0,0
44948,0,0,0,0,0,1,0,0,0
44949,0,0,0,0,0,1,0,0,0
44950,0,0,0,0,0,1,0,0,0
44951,0,0,0,0,0,1,0,0,0
44952,0,0,0,0,0,1,0,0,0
44953,0,0,0,0,0,1,0,0,0
44954,0,0,0,0,0,1,0,0,0
44955,0,0,0,0,0,1,0,0,0
44956,0,0,0,0,0,1,0,0,0
44957,0,0,0,0,0,1,0,0,0
44958,0,0,0,0,0,1,0,0,0
44959,0,0,0,0,0,1,0,0,0
44960,0,0,0,0,0,1,0,0,0
44961,0,0,0,0,0,1,0,0,0
44962,0,0,0,0,0,1,0,0,0
44963,0,0,0,0,0,1,0,0,0
44964,0,0,0,0,0,1,0,0,0
44965,0,0,0,0,0,1,0,0,0
44966,0,0,0,0,0,1,0,0,0
44967,0,0,0,0,0,1,0,0,0
44968,0,0,0,0,0,1,0,0,0
44969,0,0,0,0,0,1,0,0,0
44970,0,0,0,0,0,1,0,0,0
44971,0,0,0,0,0,1,0,0,0
44972,0,0,0,0,0,1,0,0,0
44973,0,0,0,0,0,1,0,0,0
44974,0,0,0,0,0,1,0,0,0
44975,0,0,0,0,0,1,0,0,0
44976,0,0,0,0,0,1,0,0,0
44977,0,0,0,0,0,1,0,0,0
44978,0,0,0,0,0,1,0,0,0
44979,0,0,0,0,0,1,0,0,0
44980,0,0,0,0,0,1,0,0,0
44981,0,0,0,0,0,1,0,0,0
44982,0,0,0,0,0,1,0,0,0
44983,0,0,0,0,0,1,0,0,0
44984,0,0,0,0,0,1,0,0,0
44985,0,0,0,0,0,1,0,0,0
44986,0,0,0,0,0,1,0,0,0
44987,0,0,0,0,0,1,0,0,0
44988,0,0,0,0,0,1,0,0,0
44989,0,0,0,0,0,1,0,0,0
44990,0,0,0,0,0,1,0,0,0
44991,0,0,0,0,0,1,0,0,0
44992,0,0,0,0,0,1,0,0,0
44993,0,0,0,0,0,1,0,0,0
44994,0,0,0,0,0,1,0,0,0
44995,0,0,0,0,0,1,0,0,0
44996,0,0,0,0,0,1,0,0,0
44997,0,0,0,0,0,1,0,0,0
44998,0,0,0,0,0,1,0,0,0
44999,0,0,0,0,0,1,0,0,0
45000,0,0,0,0,0,1,0,0,0
45001,0,0,0,0,0,1,0,0,0
45002,0,0,0,0,0,1,0,0,0
45003,0,0,0,0,0,1,0,0,0
45004,0,0,0,0,0,1,0,0,0
45005,0,0,0,0,0,1,0,0,0
45006,0,0,0,0,0,1,0,0,0
45007,0,0,0,0,0,1,0,0,0
45008,0,0,0,0,0,1,0,0,0
45009,0,0,0,0,0,1,0,0,0
45010,0,0,0,0,0,1,0,0,0
45011,0,0,0,0,0,1,0,0,0
45012,0,0,0,0,0,1,0,0,0
45013,0,0,0,0,0,1,0,0,0
45014,0,0,0,0,0,1,0,0,0
45015,0,0,0,0,0,1,0,0,0
45016,0,0,0,0,0,1,0,0,0
45017,0,0,0,0,0,1,0,0,0
45018,0,0,0,0,0,1,0,0,0
45019,0,0,0,0,0,1,0,0,0
45020,0,0,0,0,0,1,0,0,0
45021,0,0,0,0,0,1,0,0,0
45022,0,0,0,0,0,1,0,0,0
45023,0,0,0,0,0,1,0,0,0
45024,0,0,0,0,0,1,0,0,0
45025,0,0,0,0,0,1,0,0,0
45026,0,0,0,0,0,1,0,0,0
45027,0,0,0,0,0,1,0,0,0
45028,0,0,0,0,0,1,0,0,0
45029,0,0,0,0,0,1,0,0,0
45030,0,0,0,0,0,1,0,0,0
45031,0,0,0,0,0,1,0,0,0
45032,0,0,0,0,0,1,0,0,0
45033,0,0,0,0,0,1,0,0,0
45034,0,0,0,0,0,1,0,0,0
45035,0,0,0,0,0,1,0,0,0
45036,0,0,0,0,0,1,0,0,0
45037,0,0,0,0,0,1,0,0,0
45038,0,0,0,0,0,1,0,0,0
45039,0,0,0,0,0,1,0,0,0
45040,0,0,0,0,0,1,0,0,0
45041,0,0,0,0,0,1,0,0,0
45042,0,0,0,0,0,1,0,0,0
45043,0,0,0,0,0,1,0,0,0
45044,0,0,0,0,0,1,0,0,0
45045,0,0,0,0,0,1,0,0,0
45046,0,0,0,0,0,1,0,0,0
45047,0,0,0,0,0,1,0,0,0
45048,0,0,0,0,0,1,0,0,0
45049,0,0,0,0,0,1,0,0,0
45050,0,0,0,0,0,1,0,0,0
45051,0,0,0,0,0,1,0,0,0
45052,0,0,0,0,0,1,0,0,0
45053,0,0,0,0,0,1,0,0,0
45054,0,0,0,0,0,1,0,0,0
45055,0,0,0,0,0,1,0,0,0
45056,0,0,0,0,0,1,0,0,0
45057,0,0,0,0,0,1,0,0,0
45058,0,0,0,0,0,1,0,0,0
45059,0,0,0,0,0,1,0,0,0
45060,0,0,0,0,0,1,0,0,0
45061,0,0,0,0,0,1,0,0,0
45062,0,0,0,0,0,1,0,0,0
45063,0,0,0,0,0,1,0,0,0
45064,0,0,0,0,0,1,0,0,0
45065,0,0,0,0,0,1,0,0,0
45066,0,0,0,0,0,1,0,0,0
45067,0,0,0,0,0,1,0,0,0
45068,0,0,0,0,0,1,0,0,0
45069,0,0,0,0,0,1,0,0,0
45070,0,0,0,0,0,1,0,0,0
45071,0,0,0,0,0,1,0,0,0
45072,0,0,0,0,0,1,0,0,0
45073,0,0,0,0,0,1,0,0,0
45074,0,0,0,0,0,1,0,0,0
45075,0,0,0,0,0,1,0,0,0
45076,0,0,0,0,0,1,0,0,0
45077,0,0,0,0,0,1,0,0,0
45078,0,0,0,0,0,1,0,0,0
45079,0,0,0,0,0,1,0,0,0
45080,0,0,0,0,0,1,0,0,0
45081,0,0,0,0,0,1,0,0,0
45082,0,0,0,0,0,1,0,0,0
45083,0,0,0,0,0,1,0,0,0
45084,0,0,0,0,0,1,0,0,0
45085,0,0,0,0,0,1,0,0,0
45086,0,0,0,0,0,1,0,0,0
45087,0,0,0,0,0,1,0,0,0
45088,0,0,0,0,0,1,0,0,0
45089,0,0,0,0,0,1,0,0,0
45090,0,0,0,0,0,1,0,0,0
45091,0,0,0,0,0,1,0,0,0
45092,0,0,0,0,0,1,0,0,0
45093,0,0,0,0,0,1,0,0,0
45094,0,0,0,0,0,1,0,0,0
45095,0,0,0,0,0,1,0,0,0
45096,0,0,0,0,0,1,0,0,0
45097,0,0,0,0,0,1,0,0,0
45098,0,0,0,0,0,1,0,0,0
45099,0,0,0,0,0,1,0,0,0
45100,0,0,0,0,0,1,0,0,0
45101,0,0,0,0,0,1,0,0,0
45102,0,0,0,0,0,1,0,0,0
45103,0,0,0,0,0,1,0,0,0
45104,0,0,0,0,0,1,0,0,0
45105,0,0,0,0,0,1,0,0,0
45106,0,0,0,0,0,1,0,0,0
45107,0,0,0,0,0,1,0,0,0
45108,0,0,0,0,0,1,0,0,0
45109,0,0,0,0,0,1,0,0,0
45110,0,0,0,0,0,1,0,0,0
45111,0,0,0,0,0,1,0,0,0
45112,0,0,0,0,0,1,0,0,0
45113,0,0,0,0,0,1,0,0,0
45114,0,0,0,0,0,1,0,0,0
45115,0,0,0,0,0,1,0,0,0
45116,0,0,0,0,0,1,0,0,0
45117,0,0,0,0,0,1,0,0,0
45118,0,0,0,0,0,1,0,0,0
45119,0,0,0,0,0,1,0,0,0
45120,0,0,0,0,0,1,0,0,0
45121,0,0,0,0,0,1,0,0,0
45122,0,0,0,0,0,1,0,0,0
45123,0,0,0,0,0,1,0,0,0
45124,0,0,0,0,0,1,0,0,0
45125,0,0,0,0,0,1,0,0,0
45126,0,0,0,0,0,1,0,0,0
45127,0,0,0,0,0,1,0,0,0
45128,0,0,0,0,0,1,0,0,0
45129,0,0,0,0,0,1,0,0,0
45130,0,0,0,0,0,1,0,0,0
45131,0,0,0,0,0,1,0,0,0
45132,0,0,0,0,0,1,0,0,0
45133,0,0,0,0,0,1,0,0,0
45134,0,0,0,0,0,1,0,0,0
45135,0,0,0,0,0,1,0,0,0
45136,0,0,0,0,0,1,0,0,0
45137,0,0,0,0,0,1,0,0,0
45138,0,0,0,0,0,1,0,0,0
45139,0,0,0,0,0,1,0,0,0
45140,0,0,0,0,0,1,0,0,0
45141,0,0,0,0,0,1,0,0,0
45142,0,0,0,0,0,1,0,0,0
45143,0,0,0,0,0,1,0,0,0
45144,0,0,0,0,0,1,0,0,0
45145,0,0,0,0,0,1,0,0,0
45146,0,0,0,0,0,1,0,0,0
45147,0,0,0,0,0,1,0,0,0
45148,0,0,0,0,0,1,0,0,0
45149,0,0,0,0,0,1,0,0,0
45150,0,0,0,0,0,1,0,0,0
45151,0,0,0,0,0,1,0,0,0
45152,0,0,0,0,0,1,0,0,0
45153,0,0,0,0,0,1,0,0,0
45154,0,0,0,0,0,1,0,0,0
45155,0,0,0,0,0,1,0,0,0
45156,0,0,0,0,0,1,0,0,0
45157,0,0,0,0,0,1,0,0,0
45158,0,0,0,0,0,1,0,0,0
45159,0,0,0,0,0,1,0,0,0
45160,0,0,0,0,0,1,0,0,0
45161,0,0,0,0,0,1,0,0,0
45162,0,0,0,0,0,1,0,0,0
45163,0,0,0,0,0,1,0,0,0
45164,0,0,0,0,0,1,0,0,0
45165,0,0,0,0,0,1,0,0,0
45166,0,0,0,0,0,1,0,0,0
45167,0,0,0,0,0,1,0,0,0
45168,0,0,0,0,0,1,0,0,0
45169,0,0,0,0,0,1,0,0,0
45170,0,0,0,0,0,1,0,0,0
45171,0,0,0,0,0,1,0,0,0
45172,0,0,0,0,0,1,0,0,0
45173,0,0,0,0,0,1,0,0,0
45174,0,0,0,0,0,1,0,0,0
45175,0,0,0,0,0,1,0,0,0
45176,0,0,0,0,0,1,0,0,0
45177,0,0,0,0,0,1,0,0,0
45178,0,0,0,0,0,1,0,0,0
45179,0,0,0,0,0,1,0,0,0
45180,0,0,0,0,0,1,0,0,0
45181,0,0,0,0,0,1,0,0,0
45182,0,0,0,0,0,1,0,0,0
45183,0,0,0,0,0,1,0,0,0
45184,0,0,0,0,0,1,0,0,0
45185,0,0,0,0,0,1,0,0,0
45186,0,0,0,0,0,1,0,0,0
45187,0,0,0,0,0,1,0,0,0
45188,0,0,0,0,0,1,0,0,0
45189,0,0,0,0,0,1,0,0,0
45190,0,0,0,0,0,1,0,0,0
45191,0,0,0,0,0,1,0,0,0
45192,0,0,0,0,0,1,0,0,0
45193,0,0,0,0,0,1,0,0,0
45194,0,0,0,0,0,1,0,0,0
45195,0,0,0,0,0,1,0,0,0
45196,0,0,0,0,0,1,0,0,0
45197,0,0,0,0,0,1,0,0,0
45198,0,0,0,0,0,1,0,0,0
45199,0,0,0,0,0,1,0,0,0
45200,0,0,0,0,0,1,0,0,0
45201,0,0,0,0,0,1,0,0,0
45202,0,0,0,0,0,1,0,0,0
45203,0,0,0,0,0,1,0,0,0
45204,0,0,0,0,0,1,0,0,0
45205,0,0,0,0,0,1,0,0,0
45206,0,0,0,0,0,1,0,0,0
45207,0,0,0,0,0,1,0,0,0
45208,0,0,0,0,0,1,0,0,0
45209,0,0,0,0,0,1,0,0,0
45210,0,0,0,0,0,1,0,0,0
45211,0,0,0,0,0,1,0,0,0
45212,0,0,0,0,0,1,0,0,0
45213,0,0,0,0,0,1,0,0,0
45214,0,0,0,0,0,1,0,0,0
45215,0,0,0,0,0,1,0,0,0
45216,0,0,0,0,0,1,0,0,0
45217,0,0,0,0,0,1,0,0,0
45218,0,0,0,0,0,1,0,0,0
45219,0,0,0,0,0,1,0,0,0
45220,0,0,0,0,0,1,0,0,0
45221,0,0,0,0,0,1,0,0,0
45222,0,0,0,0,0,1,0,0,0
45223,0,0,0,0,0,1,0,0,0
45224,0,0,0,0,0,1,0,0,0
45225,0,0,0,0,0,1,0,0,0
45226,0,0,0,0,0,1,0,0,0
45227,0,0,0,0,0,1,0,0,0
45228,0,0,0,0,0,1,0,0,0
45229,0,0,0,0,0,1,0,0,0
45230,0,0,0,0,0,1,0,0,0
45231,0,0,0,0,0,1,0,0,0
45232,0,0,0,0,0,1,0,0,0
45233,0,0,0,0,0,1,0,0,0
45234,0,0,0,0,0,1,0,0,0
45235,0,0,0,0,0,1,0,0,0
45236,0,0,0,0,0,1,0,0,0
45237,0,0,0,0,0,1,0,0,0
45238,0,0,0,0,0,1,0,0,0
45239,0,0,0,0,0,1,0,0,0
45240,0,0,0,0,0,1,0,0,0
45241,0,0,0,0,0,1,0,0,0
45242,0,0,0,0,0,1,0,0,0
45243,0,0,0,0,0,1,0,0,0
45244,0,0,0,0,0,1,0,0,0
45245,0,0,0,0,0,1,0,0,0
45246,0,0,0,0,0,1,0,0,0
45247,0,0,0,0,0,1,0,0,0
45248,0,0,0,0,0,1,0,0,0
45249,0,0,0,0,0,1,0,0,0
45250,0,0,0,0,0,1,0,0,0
45251,0,0,0,0,0,1,0,0,0
45252,0,0,0,0,0,1,0,0,0
45253,0,0,0,0,0,1,0,0,0
45254,0,0,0,0,0,1,0,0,0
45255,0,0,0,0,0,1,0,0,0
45256,0,0,0,0,0,1,0,0,0
45257,0,0,0,0,0,1,0,0,0
45258,0,0,0,0,0,1,0,0,0
45259,0,0,0,0,0,1,0,0,0
45260,0,0,0,0,0,1,0,0,0
45261,0,0,0,0,0,1,0,0,0
45262,0,0,0,0,0,1,0,0,0
45263,0,0,0,0,0,1,0,0,0
45264,0,0,0,0,0,1,0,0,0
45265,0,0,0,0,0,1,0,0,0
45266,0,0,0,0,0,1,0,0,0
45267,0,0,0,0,0,1,0,0,0
45268,0,0,0,0,0,1,0,0,0
45269,0,0,0,0,0,1,0,0,0
45270,0,0,0,0,0,1,0,0,0
45271,0,0,0,0,0,1,0,0,0
45272,0,0,0,0,0,1,0,0,0
45273,0,0,0,0,0,1,0,0,0
45274,0,0,0,0,0,1,0,0,0
45275,0,0,0,0,0,1,0,0,0
45276,0,0,0,0,0,1,0,0,0
45277,0,0,0,0,0,1,0,0,0
45278,0,0,0,0,0,1,0,0,0
45279,0,0,0,0,0,1,0,0,0
45280,0,0,0,0,0,1,0,0,0
45281,0,0,0,0,0,1,0,0,0
45282,0,0,0,0,0,1,0,0,0
45283,0,0,0,0,0,1,0,0,0
45284,0,0,0,0,0,1,0,0,0
45285,0,0,0,0,0,1,0,0,0
45286,0,0,0,0,0,1,0,0,0
45287,0,0,0,0,0,1,0,0,0
45288,0,0,0,0,0,1,0,0,0
45289,0,0,0,0,0,1,0,0,0
45290,0,0,0,0,0,1,0,0,0
45291,0,0,0,0,0,1,0,0,0
45292,0,0,0,0,0,1,0,0,0
45293,0,0,0,0,0,1,0,0,0
45294,0,0,0,0,0,1,0,0,0
45295,0,0,0,0,0,1,0,0,0
45296,0,0,0,0,0,1,0,0,0
45297,0,0,0,0,0,1,0,0,0
45298,0,0,0,0,0,1,0,0,0
45299,0,0,0,0,0,1,0,0,0
45300,0,0,0,0,0,1,0,0,0
45301,0,0,0,0,0,1,0,0,0
45302,0,0,0,0,0,1,0,0,0
45303,0,0,0,0,0,1,0,0,0
45304,0,0,0,0,0,1,0,0,0
45305,0,0,0,0,0,1,0,0,0
45306,0,0,0,0,0,1,0,0,0
45307,0,0,0,0,0,1,0,0,0
45308,0,0,0,0,0,1,0,0,0
45309,0,0,0,0,0,1,0,0,0
45310,0,0,0,0,0,1,0,0,0
45311,0,0,0,0,0,1,0,0,0
45312,0,0,0,0,0,1,0,0,0
45313,0,0,0,0,0,1,0,0,0
45314,0,0,0,0,0,1,0,0,0
45315,0,0,0,0,0,1,0,0,0
45316,0,0,0,0,0,1,0,0,0
45317,0,0,0,0,0,1,0,0,0
45318,0,0,0,0,0,1,0,0,0
45319,0,0,0,0,0,1,0,0,0
45320,0,0,0,0,0,1,0,0,0
45321,0,0,0,0,0,1,0,0,0
45322,0,0,0,0,0,1,0,0,0
45323,0,0,0,0,0,1,0,0,0
45324,0,0,0,0,0,1,0,0,0
45325,0,0,0,0,0,1,0,0,0
45326,0,0,0,0,0,1,0,0,0
45327,0,0,0,0,0,1,0,0,0
45328,0,0,0,0,0,1,0,0,0
45329,0,0,0,0,0,1,0,0,0
45330,0,0,0,0,0,1,0,0,0
45331,0,0,0,0,0,1,0,0,0
45332,0,0,0,0,0,1,0,0,0
45333,0,0,0,0,0,1,0,0,0
45334,0,0,0,0,0,1,0,0,0
45335,0,0,0,0,0,1,0,0,0
45336,0,0,0,0,0,1,0,0,0
45337,0,0,0,0,0,1,0,0,0
45338,0,0,0,0,0,1,0,0,0
45339,0,0,0,0,0,1,0,0,0
45340,0,0,0,0,0,1,0,0,0
45341,0,0,0,0,0,1,0,0,0
45342,0,0,0,0,0,1,0,0,0
45343,0,0,0,0,0,1,0,0,0
45344,0,0,0,0,0,1,0,0,0
45345,0,0,0,0,0,1,0,0,0
45346,0,0,0,0,0,1,0,0,0
45347,0,0,0,0,0,1,0,0,0
45348,0,0,0,0,0,1,0,0,0
45349,0,0,0,0,0,1,0,0,0
45350,0,0,0,0,0,1,0,0,0
45351,0,0,0,0,0,1,0,0,0
45352,0,0,0,0,0,1,0,0,0
45353,0,0,0,0,0,1,0,0,0
45354,0,0,0,0,0,1,0,0,0
45355,0,0,0,0,0,1,0,0,0
45356,0,0,0,0,0,1,0,0,0
45357,0,0,0,0,0,1,0,0,0
45358,0,0,0,0,0,1,0,0,0
45359,0,0,0,0,0,1,0,0,0
45360,0,0,0,0,0,1,0,0,0
45361,0,0,0,0,0,1,0,0,0
45362,0,0,0,0,0,1,0,0,0
45363,0,0,0,0,0,1,0,0,0
45364,0,0,0,0,0,1,0,0,0
45365,0,0,0,0,0,1,0,0,0
45366,0,0,0,0,0,1,0,0,0
45367,0,0,0,0,0,1,0,0,0
45368,0,0,0,0,0,1,0,0,0
45369,0,0,0,0,0,1,0,0,0
45370,0,0,0,0,0,1,0,0,0
45371,0,0,0,0,0,1,0,0,0
45372,0,0,0,0,0,1,0,0,0
45373,0,0,0,0,0,1,0,0,0
45374,0,0,0,0,0,1,0,0,0
45375,0,0,0,0,0,1,0,0,0
45376,0,0,0,0,0,1,0,0,0
45377,0,0,0,0,0,1,0,0,0
45378,0,0,0,0,0,1,0,0,0
45379,0,0,0,0,0,1,0,0,0
45380,0,0,0,0,0,1,0,0,0
45381,0,0,0,0,0,1,0,0,0
45382,0,0,0,0,0,1,0,0,0
45383,0,0,0,0,0,1,0,0,0
45384,0,0,0,0,0,1,0,0,0
45385,0,0,0,0,0,1,0,0,0
45386,0,0,0,0,0,1,0,0,0
45387,0,0,0,0,0,1,0,0,0
45388,0,0,0,0,0,1,0,0,0
45389,0,0,0,0,0,1,0,0,0
45390,0,0,0,0,0,1,0,0,0
45391,0,0,0,0,0,1,0,0,0
45392,0,0,0,0,0,1,0,0,0
45393,0,0,0,0,0,1,0,0,0
45394,0,0,0,0,0,1,0,0,0
45395,0,0,0,0,0,1,0,0,0
45396,0,0,0,0,0,1,0,0,0
45397,0,0,0,0,0,1,0,0,0
45398,0,0,0,0,0,1,0,0,0
45399,0,0,0,0,0,1,0,0,0
45400,0,0,0,0,0,1,0,0,0
45401,0,0,0,0,0,1,0,0,0
45402,0,0,0,0,0,1,0,0,0
45403,0,0,0,0,0,1,0,0,0
45404,0,0,0,0,0,1,0,0,0
45405,0,0,0,0,0,1,0,0,0
45406,0,0,0,0,0,1,0,0,0
45407,0,0,0,0,0,1,0,0,0
45408,0,0,0,0,0,1,0,0,0
45409,0,0,0,0,0,1,0,0,0
45410,0,0,0,0,0,1,0,0,0
45411,0,0,0,0,0,1,0,0,0
45412,0,0,0,0,0,1,0,0,0
45413,0,0,0,0,0,1,0,0,0
45414,0,0,0,0,0,1,0,0,0
45415,0,0,0,0,0,1,0,0,0
45416,0,0,0,0,0,1,0,0,0
45417,0,0,0,0,0,1,0,0,0
45418,0,0,0,0,0,1,0,0,0
45419,0,0,0,0,0,1,0,0,0
45420,0,0,0,0,0,1,0,0,0
45421,0,0,0,0,0,1,0,0,0
45422,0,0,0,0,0,1,0,0,0
45423,0,0,0,0,0,1,0,0,0
45424,0,0,0,0,0,1,0,0,0
45425,0,0,0,0,0,1,0,0,0
45426,0,0,0,0,0,1,0,0,0
45427,0,0,0,0,0,1,0,0,0
45428,0,0,0,0,0,1,0,0,0
45429,0,0,0,0,0,1,0,0,0
45430,0,0,0,0,0,1,0,0,0
45431,0,0,0,0,0,1,0,0,0
45432,0,0,0,0,0,1,0,0,0
45433,0,0,0,0,0,1,0,0,0
45434,0,0,0,0,0,1,0,0,0
45435,0,0,0,0,0,1,0,0,0
45436,0,0,0,0,0,1,0,0,0
45437,0,0,0,0,0,1,0,0,0
45438,0,0,0,0,0,1,0,0,0
45439,0,0,0,0,0,1,0,0,0
45440,0,0,0,0,0,1,0,0,0
45441,0,0,0,0,0,1,0,0,0
45442,0,0,0,0,0,1,0,0,0
45443,0,0,0,0,0,1,0,0,0
45444,0,0,0,0,0,1,0,0,0
45445,0,0,0,0,0,1,0,0,0
45446,0,0,0,0,0,1,0,0,0
45447,0,0,0,0,0,1,0,0,0
45448,0,0,0,0,0,1,0,0,0
45449,0,0,0,0,0,1,0,0,0
45450,0,0,0,0,0,1,0,0,0
45451,0,0,0,0,0,1,0,0,0
45452,0,0,0,0,0,1,0,0,0
45453,0,0,0,0,0,1,0,0,0
45454,0,0,0,0,0,1,0,0,0
45455,0,0,0,0,0,1,0,0,0
45456,0,0,0,0,0,1,0,0,0
45457,0,0,0,0,0,1,0,0,0
45458,0,0,0,0,0,1,0,0,0
45459,0,0,0,0,0,1,0,0,0
45460,0,0,0,0,0,1,0,0,0
45461,0,0,0,0,0,1,0,0,0
45462,0,0,0,0,0,1,0,0,0
45463,0,0,0,0,0,1,0,0,0
45464,0,0,0,0,0,1,0,0,0
45465,0,0,0,0,0,1,0,0,0
45466,0,0,0,0,0,1,0,0,0
45467,0,0,0,0,0,1,0,0,0
45468,0,0,0,0,0,1,0,0,0
45469,0,0,0,0,0,1,0,0,0
45470,0,0,0,0,0,1,0,0,0
45471,0,0,0,0,0,1,0,0,0
45472,0,0,0,0,0,1,0,0,0
45473,0,0,0,0,0,1,0,0,0
45474,0,0,0,0,0,1,0,0,0
45475,0,0,0,0,0,1,0,0,0
45476,0,0,0,0,0,1,0,0,0
45477,0,0,0,0,0,1,0,0,0
45478,0,0,0,0,0,1,0,0,0
45479,0,0,0,0,0,1,0,0,0
45480,0,0,0,0,0,1,0,0,0
45481,0,0,0,0,0,1,0,0,0
45482,0,0,0,0,0,1,0,0,0
45483,0,0,0,0,0,1,0,0,0
45484,0,0,0,0,0,1,0,0,0
45485,0,0,0,0,0,1,0,0,0
45486,0,0,0,0,0,1,0,0,0
45487,0,0,0,0,0,1,0,0,0
45488,0,0,0,0,0,1,0,0,0
45489,0,0,0,0,0,1,0,0,0
45490,0,0,0,0,0,1,0,0,0
45491,0,0,0,0,0,1,0,0,0
45492,0,0,0,0,0,1,0,0,0
45493,0,0,0,0,0,1,0,0,0
45494,0,0,0,0,0,1,0,0,0
45495,0,0,0,0,0,1,0,0,0
45496,0,0,0,0,0,1,0,0,0
45497,0,0,0,0,0,1,0,0,0
45498,0,0,0,0,0,1,0,0,0
45499,0,0,0,0,0,1,0,0,0
45500,0,0,0,0,0,1,0,0,0
45501,0,0,0,0,0,1,0,0,0
45502,0,0,0,0,0,1,0,0,0
45503,0,0,0,0,0,1,0,0,0
45504,0,0,0,0,0,1,0,0,0
45505,0,0,0,0,0,1,0,0,0
45506,0,0,0,0,0,1,0,0,0
45507,0,0,0,0,0,1,0,0,0
45508,0,0,0,0,0,1,0,0,0
45509,0,0,0,0,0,1,0,0,0
45510,0,0,0,0,0,1,0,0,0
45511,0,0,0,0,0,1,0,0,0
45512,0,0,0,0,0,1,0,0,0
45513,0,0,0,0,0,1,0,0,0
45514,0,0,0,0,0,1,0,0,0
45515,0,0,0,0,0,1,0,0,0
45516,0,0,0,0,0,1,0,0,0
45517,0,0,0,0,0,1,0,0,0
45518,0,0,0,0,0,1,0,0,0
45519,0,0,0,0,0,1,0,0,0
45520,0,0,0,0,0,1,0,0,0
45521,0,0,0,0,0,1,0,0,0
45522,0,0,0,0,0,1,0,0,0
45523,0,0,0,0,0,1,0,0,0
45524,0,0,0,0,0,1,0,0,0
45525,0,0,0,0,0,1,0,0,0
45526,0,0,0,0,0,1,0,0,0
45527,0,0,0,0,0,1,0,0,0
45528,0,0,0,0,0,1,0,0,0
45529,0,0,0,0,0,1,0,0,0
45530,0,0,0,0,0,1,0,0,0
45531,0,0,0,0,0,1,0,0,0
45532,0,0,0,0,0,1,0,0,0
45533,0,0,0,0,0,1,0,0,0
45534,0,0,0,0,0,1,0,0,0
45535,0,0,0,0,0,1,0,0,0
45536,0,0,0,0,0,1,0,0,0
45537,0,0,0,0,0,1,0,0,0
45538,0,0,0,0,0,1,0,0,0
45539,0,0,0,0,0,1,0,0,0
45540,0,0,0,0,0,1,0,0,0
45541,0,0,0,0,0,1,0,0,0
45542,0,0,0,0,0,1,0,0,0
45543,0,0,0,0,0,1,0,0,0
45544,0,0,0,0,0,1,0,0,0
45545,0,0,0,0,0,1,0,0,0
45546,0,0,0,0,0,1,0,0,0
45547,0,0,0,0,0,1,0,0,0
45548,0,0,0,0,0,1,0,0,0
45549,0,0,0,0,0,1,0,0,0
45550,0,0,0,0,0,1,0,0,0
45551,0,0,0,0,0,1,0,0,0
45552,0,0,0,0,0,1,0,0,0
45553,0,0,0,0,0,1,0,0,0
45554,0,0,0,0,0,1,0,0,0
45555,0,0,0,0,0,1,0,0,0
45556,0,0,0,0,0,1,0,0,0
45557,0,0,0,0,0,1,0,0,0
45558,0,0,0,0,0,1,0,0,0
45559,0,0,0,0,0,1,0,0,0
45560,0,0,0,0,0,1,0,0,0
45561,0,0,0,0,0,1,0,0,0
45562,0,0,0,0,0,1,0,0,0
45563,0,0,0,0,0,1,0,0,0
45564,0,0,0,0,0,1,0,0,0
45565,0,0,0,0,0,1,0,0,0
45566,0,0,0,0,0,1,0,0,0
45567,0,0,0,0,0,1,0,0,0
45568,0,0,0,0,0,1,0,0,0
45569,0,0,0,0,0,1,0,0,0
45570,0,0,0,0,0,1,0,0,0
45571,0,0,0,0,0,1,0,0,0
45572,0,0,0,0,0,1,0,0,0
45573,0,0,0,0,0,1,0,0,0
45574,0,0,0,0,0,1,0,0,0
45575,0,0,0,0,0,1,0,0,0
45576,0,0,0,0,0,1,0,0,0
45577,0,0,0,0,0,1,0,0,0
45578,0,0,0,0,0,1,0,0,0
45579,0,0,0,0,0,1,0,0,0
45580,0,0,0,0,0,1,0,0,0
45581,0,0,0,0,0,1,0,0,0
45582,0,0,0,0,0,1,0,0,0
45583,0,0,0,0,0,1,0,0,0
45584,0,0,0,0,0,1,0,0,0
45585,0,0,0,0,0,1,0,0,0
45586,0,0,0,0,0,1,0,0,0
45587,0,0,0,0,0,1,0,0,0
45588,0,0,0,0,0,1,0,0,0
45589,0,0,0,0,0,1,0,0,0
45590,0,0,0,0,0,1,0,0,0
45591,0,0,0,0,0,1,0,0,0
45592,0,0,0,0,0,1,0,0,0
45593,0,0,0,0,0,1,0,0,0
45594,0,0,0,0,0,1,0,0,0
45595,0,0,0,0,0,1,0,0,0
45596,0,0,0,0,0,1,0,0,0
45597,0,0,0,0,0,1,0,0,0
45598,0,0,0,0,0,1,0,0,0
45599,0,0,0,0,0,1,0,0,0
45600,0,0,0,0,0,1,0,0,0
45601,0,0,0,0,0,1,0,0,0
45602,0,0,0,0,0,1,0,0,0
45603,0,0,0,0,0,1,0,0,0
45604,0,0,0,0,0,1,0,0,0
45605,0,0,0,0,0,1,0,0,0
45606,0,0,0,0,0,1,0,0,0
45607,0,0,0,0,0,1,0,0,0
45608,0,0,0,0,0,1,0,0,0
45609,0,0,0,0,0,1,0,0,0
45610,0,0,0,0,0,1,0,0,0
45611,0,0,0,0,0,1,0,0,0
45612,0,0,0,0,0,1,0,0,0
45613,0,0,0,0,0,1,0,0,0
45614,0,0,0,0,0,1,0,0,0
45615,0,0,0,0,0,1,0,0,0
45616,0,0,0,0,0,1,0,0,0
45617,0,0,0,0,0,1,0,0,0
45618,0,0,0,0,0,1,0,0,0
45619,0,0,0,0,0,1,0,0,0
45620,0,0,0,0,0,1,0,0,0
45621,0,0,0,0,0,0,1,0,0
45622,0,0,0,0,0,0,1,0,0
45623,0,0,0,0,0,0,1,0,0
45624,0,0,0,0,0,0,1,0,0
45625,0,0,0,0,0,0,1,0,0
45626,0,0,0,0,0,0,1,0,0
45627,0,0,0,0,0,0,1,0,0
45628,0,0,0,0,0,0,1,0,0
45629,0,0,0,0,0,0,1,0,0
45630,0,0,0,0,0,0,1,0,0
45631,0,0,0,0,0,0,1,0,0
45632,0,0,0,0,0,0,1,0,0
45633,0,0,0,0,0,0,1,0,0
45634,0,0,0,0,0,0,1,0,0
45635,0,0,0,0,0,0,1,0,0
45636,0,0,0,0,0,0,1,0,0
45637,0,0,0,0,0,0,1,0,0
45638,0,0,0,0,0,0,1,0,0
45639,0,0,0,0,0,0,1,0,0
45640,0,0,0,0,0,0,1,0,0
45641,0,0,0,0,0,0,1,0,0
45642,0,0,0,0,0,0,1,0,0
45643,0,0,0,0,0,0,1,0,0
45644,0,0,0,0,0,0,1,0,0
45645,0,0,0,0,0,0,1,0,0
45646,0,0,0,0,0,0,1,0,0
45647,0,0,0,0,0,0,1,0,0
45648,0,0,0,0,0,0,1,0,0
45649,0,0,0,0,0,0,1,0,0
45650,0,0,0,0,0,0,1,0,0
45651,0,0,0,0,0,0,1,0,0
45652,0,0,0,0,0,0,1,0,0
45653,0,0,0,0,0,0,1,0,0
45654,0,0,0,0,0,0,1,0,0
45655,0,0,0,0,0,0,1,0,0
45656,0,0,0,0,0,0,1,0,0
45657,0,0,0,0,0,0,1,0,0
45658,0,0,0,0,0,0,1,0,0
45659,0,0,0,0,0,0,1,0,0
45660,0,0,0,0,0,0,1,0,0
45661,0,0,0,0,0,0,1,0,0
45662,0,0,0,0,0,0,1,0,0
45663,0,0,0,0,0,0,1,0,0
45664,0,0,0,0,0,0,1,0,0
45665,0,0,0,0,0,0,1,0,0
45666,0,0,0,0,0,0,1,0,0
45667,0,0,0,0,0,0,1,0,0
45668,0,0,0,0,0,0,1,0,0
45669,0,0,0,0,0,0,1,0,0
45670,0,0,0,0,0,0,1,0,0
45671,0,0,0,0,0,0,1,0,0
45672,0,0,0,0,0,0,1,0,0
45673,0,0,0,0,0,0,1,0,0
45674,0,0,0,0,0,0,1,0,0
45675,0,0,0,0,0,0,1,0,0
45676,0,0,0,0,0,0,1,0,0
45677,0,0,0,0,0,0,1,0,0
45678,0,0,0,0,0,0,1,0,0
45679,0,0,0,0,0,0,1,0,0
45680,0,0,0,0,0,0,1,0,0
45681,0,0,0,0,0,0,1,0,0
45682,0,0,0,0,0,0,1,0,0
45683,0,0,0,0,0,0,1,0,0
45684,0,0,0,0,0,0,1,0,0
45685,0,0,0,0,0,0,1,0,0
45686,0,0,0,0,0,0,1,0,0
45687,0,0,0,0,0,0,1,0,0
45688,0,0,0,0,0,0,1,0,0
45689,0,0,0,0,0,0,1,0,0
45690,0,0,0,0,0,0,1,0,0
45691,0,0,0,0,0,0,1,0,0
45692,0,0,0,0,0,0,1,0,0
45693,0,0,0,0,0,0,1,0,0
45694,0,0,0,0,0,0,1,0,0
45695,0,0,0,0,0,0,1,0,0
45696,0,0,0,0,0,0,1,0,0
45697,0,0,0,0,0,0,1,0,0
45698,0,0,0,0,0,0,1,0,0
45699,0,0,0,0,0,0,1,0,0
45700,0,0,0,0,0,0,1,0,0
45701,0,0,0,0,0,0,1,0,0
45702,0,0,0,0,0,0,1,0,0
45703,0,0,0,0,0,0,1,0,0
45704,0,0,0,0,0,0,1,0,0
45705,0,0,0,0,0,0,1,0,0
45706,0,0,0,0,0,0,1,0,0
45707,0,0,0,0,0,0,1,0,0
45708,0,0,0,0,0,0,1,0,0
45709,0,0,0,0,0,0,1,0,0
45710,0,0,0,0,0,0,1,0,0
45711,0,0,0,0,0,0,1,0,0
45712,0,0,0,0,0,0,1,0,0
45713,0,0,0,0,0,0,1,0,0
45714,0,0,0,0,0,0,1,0,0
45715,0,0,0,0,0,0,1,0,0
45716,0,0,0,0,0,0,1,0,0
45717,0,0,0,0,0,0,1,0,0
45718,0,0,0,0,0,0,1,0,0
45719,0,0,0,0,0,0,1,0,0
45720,0,0,0,0,0,0,1,0,0
45721,0,0,0,0,0,0,1,0,0
45722,0,0,0,0,0,0,1,0,0
45723,0,0,0,0,0,0,1,0,0
45724,0,0,0,0,0,0,1,0,0
45725,0,0,0,0,0,0,1,0,0
45726,0,0,0,0,0,0,1,0,0
45727,0,0,0,0,0,0,1,0,0
45728,0,0,0,0,0,0,1,0,0
45729,0,0,0,0,0,0,1,0,0
45730,0,0,0,0,0,0,1,0,0
45731,0,0,0,0,0,0,1,0,0
45732,0,0,0,0,0,0,1,0,0
45733,0,0,0,0,0,0,1,0,0
45734,0,0,0,0,0,0,1,0,0
45735,0,0,0,0,0,0,1,0,0
45736,0,0,0,0,0,0,1,0,0
45737,0,0,0,0,0,0,1,0,0
45738,0,0,0,0,0,0,1,0,0
45739,0,0,0,0,0,0,1,0,0
45740,0,0,0,0,0,0,1,0,0
45741,0,0,0,0,0,0,1,0,0
45742,0,0,0,0,0,0,1,0,0
45743,0,0,0,0,0,0,1,0,0
45744,0,0,0,0,0,0,1,0,0
45745,0,0,0,0,0,0,1,0,0
45746,0,0,0,0,0,0,1,0,0
45747,0,0,0,0,0,0,1,0,0
45748,0,0,0,0,0,0,1,0,0
45749,0,0,0,0,0,0,1,0,0
45750,0,0,0,0,0,0,1,0,0
45751,0,0,0,0,0,0,1,0,0
45752,0,0,0,0,0,0,1,0,0
45753,0,0,0,0,0,0,1,0,0
45754,0,0,0,0,0,0,1,0,0
45755,0,0,0,0,0,0,1,0,0
45756,0,0,0,0,0,0,1,0,0
45757,0,0,0,0,0,0,1,0,0
45758,0,0,0,0,0,0,1,0,0
45759,0,0,0,0,0,0,1,0,0
45760,0,0,0,0,0,0,1,0,0
45761,0,0,0,0,0,0,1,0,0
45762,0,0,0,0,0,0,1,0,0
45763,0,0,0,0,0,0,1,0,0
45764,0,0,0,0,0,0,1,0,0
45765,0,0,0,0,0,0,1,0,0
45766,0,0,0,0,0,0,1,0,0
45767,0,0,0,0,0,0,1,0,0
45768,0,0,0,0,0,0,1,0,0
45769,0,0,0,0,0,0,1,0,0
45770,0,0,0,0,0,0,1,0,0
45771,0,0,0,0,0,0,1,0,0
45772,0,0,0,0,0,0,1,0,0
45773,0,0,0,0,0,0,1,0,0
45774,0,0,0,0,0,0,1,0,0
45775,0,0,0,0,0,0,1,0,0
45776,0,0,0,0,0,0,1,0,0
45777,0,0,0,0,0,0,1,0,0
45778,0,0,0,0,0,0,1,0,0
45779,0,0,0,0,0,0,1,0,0
45780,0,0,0,0,0,0,1,0,0
45781,0,0,0,0,0,0,1,0,0
45782,0,0,0,0,0,0,1,0,0
45783,0,0,0,0,0,0,1,0,0
45784,0,0,0,0,0,0,1,0,0
45785,0,0,0,0,0,0,1,0,0
45786,0,0,0,0,0,0,1,0,0
45787,0,0,0,0,0,0,1,0,0
45788,0,0,0,0,0,0,1,0,0
45789,0,0,0,0,0,0,1,0,0
45790,0,0,0,0,0,0,1,0,0
45791,0,0,0,0,0,0,1,0,0
45792,0,0,0,0,0,0,1,0,0
45793,0,0,0,0,0,0,1,0,0
45794,0,0,0,0,0,0,1,0,0
45795,0,0,0,0,0,0,1,0,0
45796,0,0,0,0,0,0,1,0,0
45797,0,0,0,0,0,0,1,0,0
45798,0,0,0,0,0,0,1,0,0
45799,0,0,0,0,0,0,1,0,0
45800,0,0,0,0,0,0,1,0,0
45801,0,0,0,0,0,0,1,0,0
45802,0,0,0,0,0,0,1,0,0
45803,0,0,0,0,0,0,1,0,0
45804,0,0,0,0,0,0,1,0,0
45805,0,0,0,0,0,0,1,0,0
45806,0,0,0,0,0,0,1,0,0
45807,0,0,0,0,0,0,1,0,0
45808,0,0,0,0,0,0,1,0,0
45809,0,0,0,0,0,0,1,0,0
45810,0,0,0,0,0,0,1,0,0
45811,0,0,0,0,0,0,1,0,0
45812,0,0,0,0,0,0,1,0,0
45813,0,0,0,0,0,0,1,0,0
45814,0,0,0,0,0,0,1,0,0
45815,0,0,0,0,0,0,1,0,0
45816,0,0,0,0,0,0,1,0,0
45817,0,0,0,0,0,0,1,0,0
45818,0,0,0,0,0,0,1,0,0
45819,0,0,0,0,0,0,1,0,0
45820,0,0,0,0,0,0,1,0,0
45821,0,0,0,0,0,0,1,0,0
45822,0,0,0,0,0,0,1,0,0
45823,0,0,0,0,0,0,1,0,0
45824,0,0,0,0,0,0,1,0,0
45825,0,0,0,0,0,0,1,0,0
45826,0,0,0,0,0,0,1,0,0
45827,0,0,0,0,0,0,1,0,0
45828,0,0,0,0,0,0,1,0,0
45829,0,0,0,0,0,0,1,0,0
45830,0,0,0,0,0,0,1,0,0
45831,0,0,0,0,0,0,1,0,0
45832,0,0,0,0,0,0,1,0,0
45833,0,0,0,0,0,0,1,0,0
45834,0,0,0,0,0,0,1,0,0
45835,0,0,0,0,0,0,1,0,0
45836,0,0,0,0,0,0,1,0,0
45837,0,0,0,0,0,0,1,0,0
45838,0,0,0,0,0,0,1,0,0
45839,0,0,0,0,0,0,1,0,0
45840,0,0,0,0,0,0,1,0,0
45841,0,0,0,0,0,0,1,0,0
45842,0,0,0,0,0,0,1,0,0
45843,0,0,0,0,0,0,1,0,0
45844,0,0,0,0,0,0,1,0,0
45845,0,0,0,0,0,0,1,0,0
45846,0,0,0,0,0,0,1,0,0
45847,0,0,0,0,0,0,1,0,0
45848,0,0,0,0,0,0,1,0,0
45849,0,0,0,0,0,0,1,0,0
45850,0,0,0,0,0,0,1,0,0
45851,0,0,0,0,0,0,1,0,0
45852,0,0,0,0,0,0,1,0,0
45853,0,0,0,0,0,0,1,0,0
45854,0,0,0,0,0,0,1,0,0
45855,0,0,0,0,0,0,1,0,0
45856,0,0,0,0,0,0,1,0,0
45857,0,0,0,0,0,0,1,0,0
45858,0,0,0,0,0,0,1,0,0
45859,0,0,0,0,0,0,1,0,0
45860,0,0,0,0,0,0,1,0,0
45861,0,0,0,0,0,0,1,0,0
45862,0,0,0,0,0,0,1,0,0
45863,0,0,0,0,0,0,1,0,0
45864,0,0,0,0,0,0,1,0,0
45865,0,0,0,0,0,0,1,0,0
45866,0,0,0,0,0,0,1,0,0
45867,0,0,0,0,0,0,1,0,0
45868,0,0,0,0,0,0,1,0,0
45869,0,0,0,0,0,0,1,0,0
45870,0,0,0,0,0,0,1,0,0
45871,0,0,0,0,0,0,1,0,0
45872,0,0,0,0,0,0,1,0,0
45873,0,0,0,0,0,0,1,0,0
45874,0,0,0,0,0,0,1,0,0
45875,0,0,0,0,0,0,1,0,0
45876,0,0,0,0,0,0,1,0,0
45877,0,0,0,0,0,0,1,0,0
45878,0,0,0,0,0,0,1,0,0
45879,0,0,0,0,0,0,1,0,0
45880,0,0,0,0,0,0,1,0,0
45881,0,0,0,0,0,0,1,0,0
45882,0,0,0,0,0,0,1,0,0
45883,0,0,0,0,0,0,1,0,0
45884,0,0,0,0,0,0,1,0,0
45885,0,0,0,0,0,0,1,0,0
45886,0,0,0,0,0,0,1,0,0
45887,0,0,0,0,0,0,1,0,0
45888,0,0,0,0,0,0,1,0,0
45889,0,0,0,0,0,0,1,0,0
45890,0,0,0,0,0,0,1,0,0
45891,0,0,0,0,0,0,1,0,0
45892,0,0,0,0,0,0,1,0,0
45893,0,0,0,0,0,0,1,0,0
45894,0,0,0,0,0,0,1,0,0
45895,0,0,0,0,0,0,1,0,0
45896,0,0,0,0,0,0,1,0,0
45897,0,0,0,0,0,0,1,0,0
45898,0,0,0,0,0,0,1,0,0
45899,0,0,0,0,0,0,1,0,0
45900,0,0,0,0,0,0,1,0,0
45901,0,0,0,0,0,0,1,0,0
45902,0,0,0,0,0,0,1,0,0
45903,0,0,0,0,0,0,1,0,0
45904,0,0,0,0,0,0,1,0,0
45905,0,0,0,0,0,0,1,0,0
45906,0,0,0,0,0,0,1,0,0
45907,0,0,0,0,0,0,1,0,0
45908,0,0,0,0,0,0,1,0,0
45909,0,0,0,0,0,0,1,0,0
45910,0,0,0,0,0,0,1,0,0
45911,0,0,0,0,0,0,1,0,0
45912,0,0,0,0,0,0,1,0,0
45913,0,0,0,0,0,0,1,0,0
45914,0,0,0,0,0,0,1,0,0
45915,0,0,0,0,0,0,1,0,0
45916,0,0,0,0,0,0,1,0,0
45917,0,0,0,0,0,0,1,0,0
45918,0,0,0,0,0,0,1,0,0
45919,0,0,0,0,0,0,1,0,0
45920,0,0,0,0,0,0,1,0,0
45921,0,0,0,0,0,0,1,0,0
45922,0,0,0,0,0,0,1,0,0
45923,0,0,0,0,0,0,1,0,0
45924,0,0,0,0,0,0,1,0,0
45925,0,0,0,0,0,0,1,0,0
45926,0,0,0,0,0,0,1,0,0
45927,0,0,0,0,0,0,1,0,0
45928,0,0,0,0,0,0,1,0,0
45929,0,0,0,0,0,0,1,0,0
45930,0,0,0,0,0,0,1,0,0
45931,0,0,0,0,0,0,1,0,0
45932,0,0,0,0,0,0,1,0,0
45933,0,0,0,0,0,0,1,0,0
45934,0,0,0,0,0,0,1,0,0
45935,0,0,0,0,0,0,1,0,0
45936,0,0,0,0,0,0,1,0,0
45937,0,0,0,0,0,0,1,0,0
45938,0,0,0,0,0,0,1,0,0
45939,0,0,0,0,0,0,1,0,0
45940,0,0,0,0,0,0,1,0,0
45941,0,0,0,0,0,0,1,0,0
45942,0,0,0,0,0,0,1,0,0
45943,0,0,0,0,0,0,1,0,0
45944,0,0,0,0,0,0,1,0,0
45945,0,0,0,0,0,0,1,0,0
45946,0,0,0,0,0,0,1,0,0
45947,0,0,0,0,0,0,1,0,0
45948,0,0,0,0,0,0,1,0,0
45949,0,0,0,0,0,0,1,0,0
45950,0,0,0,0,0,0,1,0,0
45951,0,0,0,0,0,0,1,0,0
45952,0,0,0,0,0,0,1,0,0
45953,0,0,0,0,0,0,1,0,0
45954,0,0,0,0,0,0,1,0,0
45955,0,0,0,0,0,0,1,0,0
45956,0,0,0,0,0,0,1,0,0
45957,0,0,0,0,0,0,1,0,0
45958,0,0,0,0,0,0,1,0,0
45959,0,0,0,0,0,0,1,0,0
45960,0,0,0,0,0,0,1,0,0
45961,0,0,0,0,0,0,1,0,0
45962,0,0,0,0,0,0,1,0,0
45963,0,0,0,0,0,0,1,0,0
45964,0,0,0,0,0,0,1,0,0
45965,0,0,0,0,0,0,1,0,0
45966,0,0,0,0,0,0,1,0,0
45967,0,0,0,0,0,0,1,0,0
45968,0,0,0,0,0,0,1,0,0
45969,0,0,0,0,0,0,1,0,0
45970,0,0,0,0,0,0,1,0,0
45971,0,0,0,0,0,0,1,0,0
45972,0,0,0,0,0,0,1,0,0
45973,0,0,0,0,0,0,1,0,0
45974,0,0,0,0,0,0,1,0,0
45975,0,0,0,0,0,0,1,0,0
45976,0,0,0,0,0,0,1,0,0
45977,0,0,0,0,0,0,1,0,0
45978,0,0,0,0,0,0,1,0,0
45979,0,0,0,0,0,0,1,0,0
45980,0,0,0,0,0,0,1,0,0
45981,0,0,0,0,0,0,1,0,0
45982,0,0,0,0,0,0,1,0,0
45983,0,0,0,0,0,0,1,0,0
45984,0,0,0,0,0,0,1,0,0
45985,0,0,0,0,0,0,1,0,0
45986,0,0,0,0,0,0,1,0,0
45987,0,0,0,0,0,0,1,0,0
45988,0,0,0,0,0,0,1,0,0
45989,0,0,0,0,0,0,1,0,0
45990,0,0,0,0,0,0,1,0,0
45991,0,0,0,0,0,0,1,0,0
45992,0,0,0,0,0,0,1,0,0
45993,0,0,0,0,0,0,1,0,0
45994,0,0,0,0,0,0,1,0,0
45995,0,0,0,0,0,0,1,0,0
45996,0,0,0,0,0,0,1,0,0
45997,0,0,0,0,0,0,1,0,0
45998,0,0,0,0,0,0,1,0,0
45999,0,0,0,0,0,0,1,0,0
46000,0,0,0,0,0,0,1,0,0
46001,0,0,0,0,0,0,1,0,0
46002,0,0,0,0,0,0,1,0,0
46003,0,0,0,0,0,0,1,0,0
46004,0,0,0,0,0,0,1,0,0
46005,0,0,0,0,0,0,1,0,0
46006,0,0,0,0,0,0,1,0,0
46007,0,0,0,0,0,0,1,0,0
46008,0,0,0,0,0,0,1,0,0
46009,0,0,0,0,0,0,1,0,0
46010,0,0,0,0,0,0,1,0,0
46011,0,0,0,0,0,0,1,0,0
46012,0,0,0,0,0,0,1,0,0
46013,0,0,0,0,0,0,1,0,0
46014,0,0,0,0,0,0,1,0,0
46015,0,0,0,0,0,0,1,0,0
46016,0,0,0,0,0,0,1,0,0
46017,0,0,0,0,0,0,1,0,0
46018,0,0,0,0,0,0,1,0,0
46019,0,0,0,0,0,0,1,0,0
46020,0,0,0,0,0,0,1,0,0
46021,0,0,0,0,0,0,1,0,0
46022,0,0,0,0,0,0,1,0,0
46023,0,0,0,0,0,0,1,0,0
46024,0,0,0,0,0,0,1,0,0
46025,0,0,0,0,0,0,1,0,0
46026,0,0,0,0,0,0,1,0,0
46027,0,0,0,0,0,0,1,0,0
46028,0,0,0,0,0,0,1,0,0
46029,0,0,0,0,0,0,1,0,0
46030,0,0,0,0,0,0,1,0,0
46031,0,0,0,0,0,0,1,0,0
46032,0,0,0,0,0,0,1,0,0
46033,0,0,0,0,0,0,1,0,0
46034,0,0,0,0,0,0,1,0,0
46035,0,0,0,0,0,0,1,0,0
46036,0,0,0,0,0,0,1,0,0
46037,0,0,0,0,0,0,1,0,0
46038,0,0,0,0,0,0,1,0,0
46039,0,0,0,0,0,0,1,0,0
46040,0,0,0,0,0,0,1,0,0
46041,0,0,0,0,0,0,1,0,0
46042,0,0,0,0,0,0,1,0,0
46043,0,0,0,0,0,0,1,0,0
46044,0,0,0,0,0,0,1,0,0
46045,0,0,0,0,0,0,1,0,0
46046,0,0,0,0,0,0,1,0,0
46047,0,0,0,0,0,0,1,0,0
46048,0,0,0,0,0,0,1,0,0
46049,0,0,0,0,0,0,1,0,0
46050,0,0,0,0,0,0,1,0,0
46051,0,0,0,0,0,0,1,0,0
46052,0,0,0,0,0,0,1,0,0
46053,0,0,0,0,0,0,1,0,0
46054,0,0,0,0,0,0,1,0,0
46055,0,0,0,0,0,0,1,0,0
46056,0,0,0,0,0,0,1,0,0
46057,0,0,0,0,0,0,1,0,0
46058,0,0,0,0,0,0,1,0,0
46059,0,0,0,0,0,0,1,0,0
46060,0,0,0,0,0,0,1,0,0
46061,0,0,0,0,0,0,1,0,0
46062,0,0,0,0,0,0,1,0,0
46063,0,0,0,0,0,0,1,0,0
46064,0,0,0,0,0,0,1,0,0
46065,0,0,0,0,0,0,1,0,0
46066,0,0,0,0,0,0,1,0,0
46067,0,0,0,0,0,0,1,0,0
46068,0,0,0,0,0,0,1,0,0
46069,0,0,0,0,0,0,1,0,0
46070,0,0,0,0,0,0,1,0,0
46071,0,0,0,0,0,0,1,0,0
46072,0,0,0,0,0,0,1,0,0
46073,0,0,0,0,0,0,1,0,0
46074,0,0,0,0,0,0,1,0,0
46075,0,0,0,0,0,0,1,0,0
46076,0,0,0,0,0,0,1,0,0
46077,0,0,0,0,0,0,1,0,0
46078,0,0,0,0,0,0,1,0,0
46079,0,0,0,0,0,0,1,0,0
46080,0,0,0,0,0,0,1,0,0
46081,0,0,0,0,0,0,1,0,0
46082,0,0,0,0,0,0,1,0,0
46083,0,0,0,0,0,0,1,0,0
46084,0,0,0,0,0,0,1,0,0
46085,0,0,0,0,0,0,1,0,0
46086,0,0,0,0,0,0,1,0,0
46087,0,0,0,0,0,0,1,0,0
46088,0,0,0,0,0,0,1,0,0
46089,0,0,0,0,0,0,1,0,0
46090,0,0,0,0,0,0,1,0,0
46091,0,0,0,0,0,0,1,0,0
46092,0,0,0,0,0,0,1,0,0
46093,0,0,0,0,0,0,1,0,0
46094,0,0,0,0,0,0,1,0,0
46095,0,0,0,0,0,0,1,0,0
46096,0,0,0,0,0,0,1,0,0
46097,0,0,0,0,0,0,1,0,0
46098,0,0,0,0,0,0,1,0,0
46099,0,0,0,0,0,0,1,0,0
46100,0,0,0,0,0,0,1,0,0
46101,0,0,0,0,0,0,1,0,0
46102,0,0,0,0,0,0,1,0,0
46103,0,0,0,0,0,0,1,0,0
46104,0,0,0,0,0,0,1,0,0
46105,0,0,0,0,0,0,1,0,0
46106,0,0,0,0,0,0,1,0,0
46107,0,0,0,0,0,0,1,0,0
46108,0,0,0,0,0,0,1,0,0
46109,0,0,0,0,0,0,1,0,0
46110,0,0,0,0,0,0,1,0,0
46111,0,0,0,0,0,0,1,0,0
46112,0,0,0,0,0,0,1,0,0
46113,0,0,0,0,0,0,1,0,0
46114,0,0,0,0,0,0,1,0,0
46115,0,0,0,0,0,0,1,0,0
46116,0,0,0,0,0,0,1,0,0
46117,0,0,0,0,0,0,1,0,0
46118,0,0,0,0,0,0,1,0,0
46119,0,0,0,0,0,0,1,0,0
46120,0,0,0,0,0,0,1,0,0
46121,0,0,0,0,0,0,1,0,0
46122,0,0,0,0,0,0,1,0,0
46123,0,0,0,0,0,0,1,0,0
46124,0,0,0,0,0,0,1,0,0
46125,0,0,0,0,0,0,1,0,0
46126,0,0,0,0,0,0,1,0,0
46127,0,0,0,0,0,0,1,0,0
46128,0,0,0,0,0,0,1,0,0
46129,0,0,0,0,0,0,1,0,0
46130,0,0,0,0,0,0,1,0,0
46131,0,0,0,0,0,0,1,0,0
46132,0,0,0,0,0,0,1,0,0
46133,0,0,0,0,0,0,1,0,0
46134,0,0,0,0,0,0,1,0,0
46135,0,0,0,0,0,0,1,0,0
46136,0,0,0,0,0,0,1,0,0
46137,0,0,0,0,0,0,1,0,0
46138,0,0,0,0,0,0,1,0,0
46139,0,0,0,0,0,0,1,0,0
46140,0,0,0,0,0,0,1,0,0
46141,0,0,0,0,0,0,1,0,0
46142,0,0,0,0,0,0,1,0,0
46143,0,0,0,0,0,0,1,0,0
46144,0,0,0,0,0,0,1,0,0
46145,0,0,0,0,0,0,1,0,0
46146,0,0,0,0,0,0,1,0,0
46147,0,0,0,0,0,0,1,0,0
46148,0,0,0,0,0,0,1,0,0
46149,0,0,0,0,0,0,1,0,0
46150,0,0,0,0,0,0,1,0,0
46151,0,0,0,0,0,0,1,0,0
46152,0,0,0,0,0,0,1,0,0
46153,0,0,0,0,0,0,1,0,0
46154,0,0,0,0,0,0,1,0,0
46155,0,0,0,0,0,0,1,0,0
46156,0,0,0,0,0,0,1,0,0
46157,0,0,0,0,0,0,1,0,0
46158,0,0,0,0,0,0,1,0,0
46159,0,0,0,0,0,0,1,0,0
46160,0,0,0,0,0,0,1,0,0
46161,0,0,0,0,0,0,1,0,0
46162,0,0,0,0,0,0,1,0,0
46163,0,0,0,0,0,0,1,0,0
46164,0,0,0,0,0,0,1,0,0
46165,0,0,0,0,0,0,1,0,0
46166,0,0,0,0,0,0,1,0,0
46167,0,0,0,0,0,0,1,0,0
46168,0,0,0,0,0,0,1,0,0
46169,0,0,0,0,0,0,1,0,0
46170,0,0,0,0,0,0,1,0,0
46171,0,0,0,0,0,0,1,0,0
46172,0,0,0,0,0,0,1,0,0
46173,0,0,0,0,0,0,1,0,0
46174,0,0,0,0,0,0,1,0,0
46175,0,0,0,0,0,0,1,0,0
46176,0,0,0,0,0,0,1,0,0
46177,0,0,0,0,0,0,1,0,0
46178,0,0,0,0,0,0,1,0,0
46179,0,0,0,0,0,0,1,0,0
46180,0,0,0,0,0,0,1,0,0
46181,0,0,0,0,0,0,1,0,0
46182,0,0,0,0,0,0,1,0,0
46183,0,0,0,0,0,0,1,0,0
46184,0,0,0,0,0,0,1,0,0
46185,0,0,0,0,0,0,1,0,0
46186,0,0,0,0,0,0,1,0,0
46187,0,0,0,0,0,0,1,0,0
46188,0,0,0,0,0,0,1,0,0
46189,0,0,0,0,0,0,1,0,0
46190,0,0,0,0,0,0,1,0,0
46191,0,0,0,0,0,0,1,0,0
46192,0,0,0,0,0,0,1,0,0
46193,0,0,0,0,0,0,1,0,0
46194,0,0,0,0,0,0,1,0,0
46195,0,0,0,0,0,0,1,0,0
46196,0,0,0,0,0,0,1,0,0
46197,0,0,0,0,0,0,1,0,0
46198,0,0,0,0,0,0,1,0,0
46199,0,0,0,0,0,0,1,0,0
46200,0,0,0,0,0,0,1,0,0
46201,0,0,0,0,0,0,1,0,0
46202,0,0,0,0,0,0,1,0,0
46203,0,0,0,0,0,0,1,0,0
46204,0,0,0,0,0,0,1,0,0
46205,0,0,0,0,0,0,1,0,0
46206,0,0,0,0,0,0,1,0,0
46207,0,0,0,0,0,0,1,0,0
46208,0,0,0,0,0,0,1,0,0
46209,0,0,0,0,0,0,1,0,0
46210,0,0,0,0,0,0,1,0,0
46211,0,0,0,0,0,0,1,0,0
46212,0,0,0,0,0,0,1,0,0
46213,0,0,0,0,0,0,1,0,0
46214,0,0,0,0,0,0,1,0,0
46215,0,0,0,0,0,0,1,0,0
46216,0,0,0,0,0,0,1,0,0
46217,0,0,0,0,0,0,1,0,0
46218,0,0,0,0,0,0,1,0,0
46219,0,0,0,0,0,0,1,0,0
46220,0,0,0,0,0,0,1,0,0
46221,0,0,0,0,0,0,1,0,0
46222,0,0,0,0,0,0,1,0,0
46223,0,0,0,0,0,0,1,0,0
46224,0,0,0,0,0,0,1,0,0
46225,0,0,0,0,0,0,1,0,0
46226,0,0,0,0,0,0,1,0,0
46227,0,0,0,0,0,0,1,0,0
46228,0,0,0,0,0,0,1,0,0
46229,0,0,0,0,0,0,1,0,0
46230,0,0,0,0,0,0,1,0,0
46231,0,0,0,0,0,0,1,0,0
46232,0,0,0,0,0,0,1,0,0
46233,0,0,0,0,0,0,1,0,0
46234,0,0,0,0,0,0,1,0,0
46235,0,0,0,0,0,0,1,0,0
46236,0,0,0,0,0,0,1,0,0
46237,0,0,0,0,0,0,1,0,0
46238,0,0,0,0,0,0,1,0,0
46239,0,0,0,0,0,0,1,0,0
46240,0,0,0,0,0,0,1,0,0
46241,0,0,0,0,0,0,1,0,0
46242,0,0,0,0,0,0,1,0,0
46243,0,0,0,0,0,0,1,0,0
46244,0,0,0,0,0,0,1,0,0
46245,0,0,0,0,0,0,1,0,0
46246,0,0,0,0,0,0,1,0,0
46247,0,0,0,0,0,0,1,0,0
46248,0,0,0,0,0,0,1,0,0
46249,0,0,0,0,0,0,1,0,0
46250,0,0,0,0,0,0,1,0,0
46251,0,0,0,0,0,0,1,0,0
46252,0,0,0,0,0,0,1,0,0
46253,0,0,0,0,0,0,1,0,0
46254,0,0,0,0,0,0,1,0,0
46255,0,0,0,0,0,0,1,0,0
46256,0,0,0,0,0,0,1,0,0
46257,0,0,0,0,0,0,1,0,0
46258,0,0,0,0,0,0,1,0,0
46259,0,0,0,0,0,0,1,0,0
46260,0,0,0,0,0,0,1,0,0
46261,0,0,0,0,0,0,1,0,0
46262,0,0,0,0,0,0,1,0,0
46263,0,0,0,0,0,0,1,0,0
46264,0,0,0,0,0,0,1,0,0
46265,0,0,0,0,0,0,1,0,0
46266,0,0,0,0,0,0,1,0,0
46267,0,0,0,0,0,0,1,0,0
46268,0,0,0,0,0,0,1,0,0
46269,0,0,0,0,0,0,1,0,0
46270,0,0,0,0,0,0,1,0,0
46271,0,0,0,0,0,0,1,0,0
46272,0,0,0,0,0,0,1,0,0
46273,0,0,0,0,0,0,1,0,0
46274,0,0,0,0,0,0,1,0,0
46275,0,0,0,0,0,0,1,0,0
46276,0,0,0,0,0,0,1,0,0
46277,0,0,0,0,0,0,1,0,0
46278,0,0,0,0,0,0,1,0,0
46279,0,0,0,0,0,0,1,0,0
46280,0,0,0,0,0,0,1,0,0
46281,0,0,0,0,0,0,1,0,0
46282,0,0,0,0,0,0,1,0,0
46283,0,0,0,0,0,0,1,0,0
46284,0,0,0,0,0,0,1,0,0
46285,0,0,0,0,0,0,1,0,0
46286,0,0,0,0,0,0,1,0,0
46287,0,0,0,0,0,0,1,0,0
46288,0,0,0,0,0,0,1,0,0
46289,0,0,0,0,0,0,1,0,0
46290,0,0,0,0,0,0,1,0,0
46291,0,0,0,0,0,0,1,0,0
46292,0,0,0,0,0,0,1,0,0
46293,0,0,0,0,0,0,1,0,0
46294,0,0,0,0,0,0,1,0,0
46295,0,0,0,0,0,0,1,0,0
46296,0,0,0,0,0,0,1,0,0
46297,0,0,0,0,0,0,1,0,0
46298,0,0,0,0,0,0,1,0,0
46299,0,0,0,0,0,0,1,0,0
46300,0,0,0,0,0,0,1,0,0
46301,0,0,0,0,0,0,1,0,0
46302,0,0,0,0,0,0,1,0,0
46303,0,0,0,0,0,0,1,0,0
46304,0,0,0,0,0,0,1,0,0
46305,0,0,0,0,0,0,1,0,0
46306,0,0,0,0,0,0,1,0,0
46307,0,0,0,0,0,0,1,0,0
46308,0,0,0,0,0,0,1,0,0
46309,0,0,0,0,0,0,1,0,0
46310,0,0,0,0,0,0,1,0,0
46311,0,0,0,0,0,0,1,0,0
46312,0,0,0,0,0,0,1,0,0
46313,0,0,0,0,0,0,1,0,0
46314,0,0,0,0,0,0,1,0,0
46315,0,0,0,0,0,0,1,0,0
46316,0,0,0,0,0,0,1,0,0
46317,0,0,0,0,0,0,1,0,0
46318,0,0,0,0,0,0,1,0,0
46319,0,0,0,0,0,0,1,0,0
46320,0,0,0,0,0,0,1,0,0
46321,0,0,0,0,0,0,1,0,0
46322,0,0,0,0,0,0,1,0,0
46323,0,0,0,0,0,0,1,0,0
46324,0,0,0,0,0,0,1,0,0
46325,0,0,0,0,0,0,1,0,0
46326,0,0,0,0,0,0,1,0,0
46327,0,0,0,0,0,0,1,0,0
46328,0,0,0,0,0,0,1,0,0
46329,0,0,0,0,0,0,1,0,0
46330,0,0,0,0,0,0,1,0,0
46331,0,0,0,0,0,0,1,0,0
46332,0,0,0,0,0,0,1,0,0
46333,0,0,0,0,0,0,1,0,0
46334,0,0,0,0,0,0,1,0,0
46335,0,0,0,0,0,0,1,0,0
46336,0,0,0,0,0,0,1,0,0
46337,0,0,0,0,0,0,1,0,0
46338,0,0,0,0,0,0,1,0,0
46339,0,0,0,0,0,0,1,0,0
46340,0,0,0,0,0,0,1,0,0
46341,0,0,0,0,0,0,1,0,0
46342,0,0,0,0,0,0,1,0,0
46343,0,0,0,0,0,0,1,0,0
46344,0,0,0,0,0,0,1,0,0
46345,0,0,0,0,0,0,1,0,0
46346,0,0,0,0,0,0,1,0,0
46347,0,0,0,0,0,0,1,0,0
46348,0,0,0,0,0,0,1,0,0
46349,0,0,0,0,0,0,1,0,0
46350,0,0,0,0,0,0,1,0,0
46351,0,0,0,0,0,0,1,0,0
46352,0,0,0,0,0,0,1,0,0
46353,0,0,0,0,0,0,1,0,0
46354,0,0,0,0,0,0,1,0,0
46355,0,0,0,0,0,0,1,0,0
46356,0,0,0,0,0,0,1,0,0
46357,0,0,0,0,0,0,1,0,0
46358,0,0,0,0,0,0,1,0,0
46359,0,0,0,0,0,0,1,0,0
46360,0,0,0,0,0,0,1,0,0
46361,0,0,0,0,0,0,1,0,0
46362,0,0,0,0,0,0,1,0,0
46363,0,0,0,0,0,0,1,0,0
46364,0,0,0,0,0,0,1,0,0
46365,0,0,0,0,0,0,1,0,0
46366,0,0,0,0,0,0,1,0,0
46367,0,0,0,0,0,0,1,0,0
46368,0,0,0,0,0,0,1,0,0
46369,0,0,0,0,0,0,1,0,0
46370,0,0,0,0,0,0,1,0,0
46371,0,0,0,0,0,0,1,0,0
46372,0,0,0,0,0,0,1,0,0
46373,0,0,0,0,0,0,1,0,0
46374,0,0,0,0,0,0,1,0,0
46375,0,0,0,0,0,0,1,0,0
46376,0,0,0,0,0,0,1,0,0
46377,0,0,0,0,0,0,1,0,0
46378,0,0,0,0,0,0,1,0,0
46379,0,0,0,0,0,0,1,0,0
46380,0,0,0,0,0,0,1,0,0
46381,0,0,0,0,0,0,1,0,0
46382,0,0,0,0,0,0,1,0,0
46383,0,0,0,0,0,0,1,0,0
46384,0,0,0,0,0,0,1,0,0
46385,0,0,0,0,0,0,1,0,0
46386,0,0,0,0,0,0,1,0,0
46387,0,0,0,0,0,0,1,0,0
46388,0,0,0,0,0,0,1,0,0
46389,0,0,0,0,0,0,1,0,0
46390,0,0,0,0,0,0,1,0,0
46391,0,0,0,0,0,0,1,0,0
46392,0,0,0,0,0,0,1,0,0
46393,0,0,0,0,0,0,1,0,0
46394,0,0,0,0,0,0,1,0,0
46395,0,0,0,0,0,0,1,0,0
46396,0,0,0,0,0,0,1,0,0
46397,0,0,0,0,0,0,1,0,0
46398,0,0,0,0,0,0,1,0,0
46399,0,0,0,0,0,0,1,0,0
46400,0,0,0,0,0,0,1,0,0
46401,0,0,0,0,0,0,1,0,0
46402,0,0,0,0,0,0,1,0,0
46403,0,0,0,0,0,0,1,0,0
46404,0,0,0,0,0,0,1,0,0
46405,0,0,0,0,0,0,1,0,0
46406,0,0,0,0,0,0,1,0,0
46407,0,0,0,0,0,0,1,0,0
46408,0,0,0,0,0,0,1,0,0
46409,0,0,0,0,0,0,1,0,0
46410,0,0,0,0,0,0,1,0,0
46411,0,0,0,0,0,0,1,0,0
46412,0,0,0,0,0,0,1,0,0
46413,0,0,0,0,0,0,1,0,0
46414,0,0,0,0,0,0,1,0,0
46415,0,0,0,0,0,0,1,0,0
46416,0,0,0,0,0,0,1,0,0
46417,0,0,0,0,0,0,1,0,0
46418,0,0,0,0,0,0,1,0,0
46419,0,0,0,0,0,0,1,0,0
46420,0,0,0,0,0,0,1,0,0
46421,0,0,0,0,0,0,1,0,0
46422,0,0,0,0,0,0,1,0,0
46423,0,0,0,0,0,0,1,0,0
46424,0,0,0,0,0,0,1,0,0
46425,0,0,0,0,0,0,1,0,0
46426,0,0,0,0,0,0,1,0,0
46427,0,0,0,0,0,0,1,0,0
46428,0,0,0,0,0,0,1,0,0
46429,0,0,0,0,0,0,1,0,0
46430,0,0,0,0,0,0,1,0,0
46431,0,0,0,0,0,0,1,0,0
46432,0,0,0,0,0,0,1,0,0
46433,0,0,0,0,0,0,1,0,0
46434,0,0,0,0,0,0,1,0,0
46435,0,0,0,0,0,0,1,0,0
46436,0,0,0,0,0,0,1,0,0
46437,0,0,0,0,0,0,1,0,0
46438,0,0,0,0,0,0,1,0,0
46439,0,0,0,0,0,0,1,0,0
46440,0,0,0,0,0,0,1,0,0
46441,0,0,0,0,0,0,1,0,0
46442,0,0,0,0,0,0,1,0,0
46443,0,0,0,0,0,0,1,0,0
46444,0,0,0,0,0,0,1,0,0
46445,0,0,0,0,0,0,1,0,0
46446,0,0,0,0,0,0,1,0,0
46447,0,0,0,0,0,0,1,0,0
46448,0,0,0,0,0,0,1,0,0
46449,0,0,0,0,0,0,1,0,0
46450,0,0,0,0,0,0,1,0,0
46451,0,0,0,0,0,0,1,0,0
46452,0,0,0,0,0,0,1,0,0
46453,0,0,0,0,0,0,1,0,0
46454,0,0,0,0,0,0,1,0,0
46455,0,0,0,0,0,0,1,0,0
46456,0,0,0,0,0,0,1,0,0
46457,0,0,0,0,0,0,1,0,0
46458,0,0,0,0,0,0,1,0,0
46459,0,0,0,0,0,0,1,0,0
46460,0,0,0,0,0,0,1,0,0
46461,0,0,0,0,0,0,1,0,0
46462,0,0,0,0,0,0,1,0,0
46463,0,0,0,0,0,0,1,0,0
46464,0,0,0,0,0,0,1,0,0
46465,0,0,0,0,0,0,1,0,0
46466,0,0,0,0,0,0,1,0,0
46467,0,0,0,0,0,0,1,0,0
46468,0,0,0,0,0,0,1,0,0
46469,0,0,0,0,0,0,1,0,0
46470,0,0,0,0,0,0,1,0,0
46471,0,0,0,0,0,0,1,0,0
46472,0,0,0,0,0,0,1,0,0
46473,0,0,0,0,0,0,1,0,0
46474,0,0,0,0,0,0,1,0,0
46475,0,0,0,0,0,0,1,0,0
46476,0,0,0,0,0,0,1,0,0
46477,0,0,0,0,0,0,1,0,0
46478,0,0,0,0,0,0,1,0,0
46479,0,0,0,0,0,0,1,0,0
46480,0,0,0,0,0,0,1,0,0
46481,0,0,0,0,0,0,1,0,0
46482,0,0,0,0,0,0,1,0,0
46483,0,0,0,0,0,0,1,0,0
46484,0,0,0,0,0,0,1,0,0
46485,0,0,0,0,0,0,1,0,0
46486,0,0,0,0,0,0,1,0,0
46487,0,0,0,0,0,0,1,0,0
46488,0,0,0,0,0,0,1,0,0
46489,0,0,0,0,0,0,1,0,0
46490,0,0,0,0,0,0,1,0,0
46491,0,0,0,0,0,0,1,0,0
46492,0,0,0,0,0,0,1,0,0
46493,0,0,0,0,0,0,1,0,0
46494,0,0,0,0,0,0,1,0,0
46495,0,0,0,0,0,0,1,0,0
46496,0,0,0,0,0,0,1,0,0
46497,0,0,0,0,0,0,1,0,0
46498,0,0,0,0,0,0,1,0,0
46499,0,0,0,0,0,0,1,0,0
46500,0,0,0,0,0,0,1,0,0
46501,0,0,0,0,0,0,1,0,0
46502,0,0,0,0,0,0,1,0,0
46503,0,0,0,0,0,0,1,0,0
46504,0,0,0,0,0,0,1,0,0
46505,0,0,0,0,0,0,1,0,0
46506,0,0,0,0,0,0,1,0,0
46507,0,0,0,0,0,0,1,0,0
46508,0,0,0,0,0,0,1,0,0
46509,0,0,0,0,0,0,1,0,0
46510,0,0,0,0,0,0,1,0,0
46511,0,0,0,0,0,0,1,0,0
46512,0,0,0,0,0,0,1,0,0
46513,0,0,0,0,0,0,1,0,0
46514,0,0,0,0,0,0,1,0,0
46515,0,0,0,0,0,0,1,0,0
46516,0,0,0,0,0,0,1,0,0
46517,0,0,0,0,0,0,1,0,0
46518,0,0,0,0,0,0,1,0,0
46519,0,0,0,0,0,0,1,0,0
46520,0,0,0,0,0,0,1,0,0
46521,0,0,0,0,0,0,1,0,0
46522,0,0,0,0,0,0,1,0,0
46523,0,0,0,0,0,0,1,0,0
46524,0,0,0,0,0,0,1,0,0
46525,0,0,0,0,0,0,1,0,0
46526,0,0,0,0,0,0,1,0,0
46527,0,0,0,0,0,0,1,0,0
46528,0,0,0,0,0,0,1,0,0
46529,0,0,0,0,0,0,1,0,0
46530,0,0,0,0,0,0,1,0,0
46531,0,0,0,0,0,0,1,0,0
46532,0,0,0,0,0,0,1,0,0
46533,0,0,0,0,0,0,1,0,0
46534,0,0,0,0,0,0,1,0,0
46535,0,0,0,0,0,0,1,0,0
46536,0,0,0,0,0,0,1,0,0
46537,0,0,0,0,0,0,1,0,0
46538,0,0,0,0,0,0,1,0,0
46539,0,0,0,0,0,0,1,0,0
46540,0,0,0,0,0,0,1,0,0
46541,0,0,0,0,0,0,1,0,0
46542,0,0,0,0,0,0,1,0,0
46543,0,0,0,0,0,0,1,0,0
46544,0,0,0,0,0,0,1,0,0
46545,0,0,0,0,0,0,1,0,0
46546,0,0,0,0,0,0,1,0,0
46547,0,0,0,0,0,0,1,0,0
46548,0,0,0,0,0,0,1,0,0
46549,0,0,0,0,0,0,1,0,0
46550,0,0,0,0,0,0,1,0,0
46551,0,0,0,0,0,0,1,0,0
46552,0,0,0,0,0,0,1,0,0
46553,0,0,0,0,0,0,1,0,0
46554,0,0,0,0,0,0,1,0,0
46555,0,0,0,0,0,0,1,0,0
46556,0,0,0,0,0,0,1,0,0
46557,0,0,0,0,0,0,1,0,0
46558,0,0,0,0,0,0,1,0,0
46559,0,0,0,0,0,0,1,0,0
46560,0,0,0,0,0,0,1,0,0
46561,0,0,0,0,0,0,1,0,0
46562,0,0,0,0,0,0,1,0,0
46563,0,0,0,0,0,0,1,0,0
46564,0,0,0,0,0,0,1,0,0
46565,0,0,0,0,0,0,1,0,0
46566,0,0,0,0,0,0,1,0,0
46567,0,0,0,0,0,0,1,0,0
46568,0,0,0,0,0,0,1,0,0
46569,0,0,0,0,0,0,1,0,0
46570,0,0,0,0,0,0,1,0,0
46571,0,0,0,0,0,0,1,0,0
46572,0,0,0,0,0,0,1,0,0
46573,0,0,0,0,0,0,1,0,0
46574,0,0,0,0,0,0,1,0,0
46575,0,0,0,0,0,0,1,0,0
46576,0,0,0,0,0,0,1,0,0
46577,0,0,0,0,0,0,1,0,0
46578,0,0,0,0,0,0,1,0,0
46579,0,0,0,0,0,0,1,0,0
46580,0,0,0,0,0,0,1,0,0
46581,0,0,0,0,0,0,1,0,0
46582,0,0,0,0,0,0,1,0,0
46583,0,0,0,0,0,0,1,0,0
46584,0,0,0,0,0,0,1,0,0
46585,0,0,0,0,0,0,1,0,0
46586,0,0,0,0,0,0,1,0,0
46587,0,0,0,0,0,0,1,0,0
46588,0,0,0,0,0,0,1,0,0
46589,0,0,0,0,0,0,1,0,0
46590,0,0,0,0,0,0,1,0,0
46591,0,0,0,0,0,0,1,0,0
46592,0,0,0,0,0,0,1,0,0
46593,0,0,0,0,0,0,1,0,0
46594,0,0,0,0,0,0,1,0,0
46595,0,0,0,0,0,0,1,0,0
46596,0,0,0,0,0,0,1,0,0
46597,0,0,0,0,0,0,1,0,0
46598,0,0,0,0,0,0,1,0,0
46599,0,0,0,0,0,0,1,0,0
46600,0,0,0,0,0,0,1,0,0
46601,0,0,0,0,0,0,1,0,0
46602,0,0,0,0,0,0,1,0,0
46603,0,0,0,0,0,0,1,0,0
46604,0,0,0,0,0,0,1,0,0
46605,0,0,0,0,0,0,1,0,0
46606,0,0,0,0,0,0,1,0,0
46607,0,0,0,0,0,0,1,0,0
46608,0,0,0,0,0,0,1,0,0
46609,0,0,0,0,0,0,1,0,0
46610,0,0,0,0,0,0,1,0,0
46611,0,0,0,0,0,0,1,0,0
46612,0,0,0,0,0,0,1,0,0
46613,0,0,0,0,0,0,1,0,0
46614,0,0,0,0,0,0,1,0,0
46615,0,0,0,0,0,0,1,0,0
46616,0,0,0,0,0,0,1,0,0
46617,0,0,0,0,0,0,1,0,0
46618,0,0,0,0,0,0,1,0,0
46619,0,0,0,0,0,0,1,0,0
46620,0,0,0,0,0,0,1,0,0
46621,0,0,0,0,0,0,1,0,0
46622,0,0,0,0,0,0,1,0,0
46623,0,0,0,0,0,0,1,0,0
46624,0,0,0,0,0,0,1,0,0
46625,0,0,0,0,0,0,1,0,0
46626,0,0,0,0,0,0,1,0,0
46627,0,0,0,0,0,0,1,0,0
46628,0,0,0,0,0,0,1,0,0
46629,0,0,0,0,0,0,1,0,0
46630,0,0,0,0,0,0,1,0,0
46631,0,0,0,0,0,0,1,0,0
46632,0,0,0,0,0,0,1,0,0
46633,0,0,0,0,0,0,1,0,0
46634,0,0,0,0,0,0,1,0,0
46635,0,0,0,0,0,0,1,0,0
46636,0,0,0,0,0,0,1,0,0
46637,0,0,0,0,0,0,1,0,0
46638,0,0,0,0,0,0,1,0,0
46639,0,0,0,0,0,0,1,0,0
46640,0,0,0,0,0,0,1,0,0
46641,0,0,0,0,0,0,1,0,0
46642,0,0,0,0,0,0,1,0,0
46643,0,0,0,0,0,0,1,0,0
46644,0,0,0,0,0,0,1,0,0
46645,0,0,0,0,0,0,1,0,0
46646,0,0,0,0,0,0,1,0,0
46647,0,0,0,0,0,0,1,0,0
46648,0,0,0,0,0,0,1,0,0
46649,0,0,0,0,0,0,1,0,0
46650,0,0,0,0,0,0,1,0,0
46651,0,0,0,0,0,0,1,0,0
46652,0,0,0,0,0,0,1,0,0
46653,0,0,0,0,0,0,1,0,0
46654,0,0,0,0,0,0,1,0,0
46655,0,0,0,0,0,0,1,0,0
46656,0,0,0,0,0,0,1,0,0
46657,0,0,0,0,0,0,1,0,0
46658,0,0,0,0,0,0,1,0,0
46659,0,0,0,0,0,0,1,0,0
46660,0,0,0,0,0,0,1,0,0
46661,0,0,0,0,0,0,1,0,0
46662,0,0,0,0,0,0,1,0,0
46663,0,0,0,0,0,0,1,0,0
46664,0,0,0,0,0,0,1,0,0
46665,0,0,0,0,0,0,1,0,0
46666,0,0,0,0,0,0,1,0,0
46667,0,0,0,0,0,0,1,0,0
46668,0,0,0,0,0,0,1,0,0
46669,0,0,0,0,0,0,1,0,0
46670,0,0,0,0,0,0,1,0,0
46671,0,0,0,0,0,0,1,0,0
46672,0,0,0,0,0,0,1,0,0
46673,0,0,0,0,0,0,1,0,0
46674,0,0,0,0,0,0,1,0,0
46675,0,0,0,0,0,0,1,0,0
46676,0,0,0,0,0,0,1,0,0
46677,0,0,0,0,0,0,1,0,0
46678,0,0,0,0,0,0,1,0,0
46679,0,0,0,0,0,0,1,0,0
46680,0,0,0,0,0,0,1,0,0
46681,0,0,0,0,0,0,1,0,0
46682,0,0,0,0,0,0,1,0,0
46683,0,0,0,0,0,0,1,0,0
46684,0,0,0,0,0,0,1,0,0
46685,0,0,0,0,0,0,1,0,0
46686,0,0,0,0,0,0,1,0,0
46687,0,0,0,0,0,0,1,0,0
46688,0,0,0,0,0,0,1,0,0
46689,0,0,0,0,0,0,1,0,0
46690,0,0,0,0,0,0,1,0,0
46691,0,0,0,0,0,0,1,0,0
46692,0,0,0,0,0,0,1,0,0
46693,0,0,0,0,0,0,1,0,0
46694,0,0,0,0,0,0,1,0,0
46695,0,0,0,0,0,0,1,0,0
46696,0,0,0,0,0,0,1,0,0
46697,0,0,0,0,0,0,1,0,0
46698,0,0,0,0,0,0,1,0,0
46699,0,0,0,0,0,0,1,0,0
46700,0,0,0,0,0,0,1,0,0
46701,0,0,0,0,0,0,1,0,0
46702,0,0,0,0,0,0,1,0,0
46703,0,0,0,0,0,0,1,0,0
46704,0,0,0,0,0,0,1,0,0
46705,0,0,0,0,0,0,1,0,0
46706,0,0,0,0,0,0,1,0,0
46707,0,0,0,0,0,0,1,0,0
46708,0,0,0,0,0,0,1,0,0
46709,0,0,0,0,0,0,1,0,0
46710,0,0,0,0,0,0,1,0,0
46711,0,0,0,0,0,0,1,0,0
46712,0,0,0,0,0,0,1,0,0
46713,0,0,0,0,0,0,1,0,0
46714,0,0,0,0,0,0,1,0,0
46715,0,0,0,0,0,0,1,0,0
46716,0,0,0,0,0,0,1,0,0
46717,0,0,0,0,0,0,1,0,0
46718,0,0,0,0,0,0,1,0,0
46719,0,0,0,0,0,0,1,0,0
46720,0,0,0,0,0,0,1,0,0
46721,0,0,0,0,0,0,1,0,0
46722,0,0,0,0,0,0,1,0,0
46723,0,0,0,0,0,0,1,0,0
46724,0,0,0,0,0,0,1,0,0
46725,0,0,0,0,0,0,1,0,0
46726,0,0,0,0,0,0,1,0,0
46727,0,0,0,0,0,0,1,0,0
46728,0,0,0,0,0,0,1,0,0
46729,0,0,0,0,0,0,1,0,0
46730,0,0,0,0,0,0,1,0,0
46731,0,0,0,0,0,0,1,0,0
46732,0,0,0,0,0,0,1,0,0
46733,0,0,0,0,0,0,1,0,0
46734,0,0,0,0,0,0,1,0,0
46735,0,0,0,0,0,0,1,0,0
46736,0,0,0,0,0,0,1,0,0
46737,0,0,0,0,0,0,1,0,0
46738,0,0,0,0,0,0,1,0,0
46739,0,0,0,0,0,0,1,0,0
46740,0,0,0,0,0,0,1,0,0
46741,0,0,0,0,0,0,1,0,0
46742,0,0,0,0,0,0,1,0,0
46743,0,0,0,0,0,0,1,0,0
46744,0,0,0,0,0,0,1,0,0
46745,0,0,0,0,0,0,1,0,0
46746,0,0,0,0,0,0,1,0,0
46747,0,0,0,0,0,0,1,0,0
46748,0,0,0,0,0,0,1,0,0
46749,0,0,0,0,0,0,1,0,0
46750,0,0,0,0,0,0,1,0,0
46751,0,0,0,0,0,0,1,0,0
46752,0,0,0,0,0,0,1,0,0
46753,0,0,0,0,0,0,1,0,0
46754,0,0,0,0,0,0,1,0,0
46755,0,0,0,0,0,0,1,0,0
46756,0,0,0,0,0,0,1,0,0
46757,0,0,0,0,0,0,1,0,0
46758,0,0,0,0,0,0,1,0,0
46759,0,0,0,0,0,0,1,0,0
46760,0,0,0,0,0,0,1,0,0
46761,0,0,0,0,0,0,1,0,0
46762,0,0,0,0,0,0,1,0,0
46763,0,0,0,0,0,0,1,0,0
46764,0,0,0,0,0,0,1,0,0
46765,0,0,0,0,0,0,1,0,0
46766,0,0,0,0,0,0,1,0,0
46767,0,0,0,0,0,0,1,0,0
46768,0,0,0,0,0,0,1,0,0
46769,0,0,0,0,0,0,1,0,0
46770,0,0,0,0,0,0,1,0,0
46771,0,0,0,0,0,0,1,0,0
46772,0,0,0,0,0,0,1,0,0
46773,0,0,0,0,0,0,1,0,0
46774,0,0,0,0,0,0,1,0,0
46775,0,0,0,0,0,0,1,0,0
46776,0,0,0,0,0,0,1,0,0
46777,0,0,0,0,0,0,1,0,0
46778,0,0,0,0,0,0,1,0,0
46779,0,0,0,0,0,0,1,0,0
46780,0,0,0,0,0,0,1,0,0
46781,0,0,0,0,0,0,1,0,0
46782,0,0,0,0,0,0,1,0,0
46783,0,0,0,0,0,0,1,0,0
46784,0,0,0,0,0,0,1,0,0
46785,0,0,0,0,0,0,1,0,0
46786,0,0,0,0,0,0,1,0,0
46787,0,0,0,0,0,0,1,0,0
46788,0,0,0,0,0,0,1,0,0
46789,0,0,0,0,0,0,1,0,0
46790,0,0,0,0,0,0,1,0,0
46791,0,0,0,0,0,0,1,0,0
46792,0,0,0,0,0,0,1,0,0
46793,0,0,0,0,0,0,1,0,0
46794,0,0,0,0,0,0,1,0,0
46795,0,0,0,0,0,0,1,0,0
46796,0,0,0,0,0,0,1,0,0
46797,0,0,0,0,0,0,1,0,0
46798,0,0,0,0,0,0,1,0,0
46799,0,0,0,0,0,0,1,0,0
46800,0,0,0,0,0,0,1,0,0
46801,0,0,0,0,0,0,1,0,0
46802,0,0,0,0,0,0,1,0,0
46803,0,0,0,0,0,0,1,0,0
46804,0,0,0,0,0,0,1,0,0
46805,0,0,0,0,0,0,1,0,0
46806,0,0,0,0,0,0,1,0,0
46807,0,0,0,0,0,0,1,0,0
46808,0,0,0,0,0,0,1,0,0
46809,0,0,0,0,0,0,1,0,0
46810,0,0,0,0,0,0,1,0,0
46811,0,0,0,0,0,0,1,0,0
46812,0,0,0,0,0,0,1,0,0
46813,0,0,0,0,0,0,1,0,0
46814,0,0,0,0,0,0,1,0,0
46815,0,0,0,0,0,0,1,0,0
46816,0,0,0,0,0,0,1,0,0
46817,0,0,0,0,0,0,1,0,0
46818,0,0,0,0,0,0,1,0,0
46819,0,0,0,0,0,0,1,0,0
46820,0,0,0,0,0,0,1,0,0
46821,0,0,0,0,0,0,1,0,0
46822,0,0,0,0,0,0,1,0,0
46823,0,0,0,0,0,0,1,0,0
46824,0,0,0,0,0,0,1,0,0
46825,0,0,0,0,0,0,1,0,0
46826,0,0,0,0,0,0,1,0,0
46827,0,0,0,0,0,0,1,0,0
46828,0,0,0,0,0,0,1,0,0
46829,0,0,0,0,0,0,1,0,0
46830,0,0,0,0,0,0,1,0,0
46831,0,0,0,0,0,0,1,0,0
46832,0,0,0,0,0,0,1,0,0
46833,0,0,0,0,0,0,1,0,0
46834,0,0,0,0,0,0,1,0,0
46835,0,0,0,0,0,0,1,0,0
46836,0,0,0,0,0,0,1,0,0
46837,0,0,0,0,0,0,1,0,0
46838,0,0,0,0,0,0,1,0,0
46839,0,0,0,0,0,0,1,0,0
46840,0,0,0,0,0,0,1,0,0
46841,0,0,0,0,0,0,1,0,0
46842,0,0,0,0,0,0,1,0,0
46843,0,0,0,0,0,0,1,0,0
46844,0,0,0,0,0,0,1,0,0
46845,0,0,0,0,0,0,1,0,0
46846,0,0,0,0,0,0,1,0,0
46847,0,0,0,0,0,0,1,0,0
46848,0,0,0,0,0,0,1,0,0
46849,0,0,0,0,0,0,1,0,0
46850,0,0,0,0,0,0,1,0,0
46851,0,0,0,0,0,0,1,0,0
46852,0,0,0,0,0,0,1,0,0
46853,0,0,0,0,0,0,1,0,0
46854,0,0,0,0,0,0,1,0,0
46855,0,0,0,0,0,0,1,0,0
46856,0,0,0,0,0,0,1,0,0
46857,0,0,0,0,0,0,1,0,0
46858,0,0,0,0,0,0,1,0,0
46859,0,0,0,0,0,0,1,0,0
46860,0,0,0,0,0,0,1,0,0
46861,0,0,0,0,0,0,1,0,0
46862,0,0,0,0,0,0,1,0,0
46863,0,0,0,0,0,0,1,0,0
46864,0,0,0,0,0,0,1,0,0
46865,0,0,0,0,0,0,1,0,0
46866,0,0,0,0,0,0,1,0,0
46867,0,0,0,0,0,0,1,0,0
46868,0,0,0,0,0,0,1,0,0
46869,0,0,0,0,0,0,1,0,0
46870,0,0,0,0,0,0,1,0,0
46871,0,0,0,0,0,0,1,0,0
46872,0,0,0,0,0,0,1,0,0
46873,0,0,0,0,0,0,1,0,0
46874,0,0,0,0,0,0,1,0,0
46875,0,0,0,0,0,0,1,0,0
46876,0,0,0,0,0,0,1,0,0
46877,0,0,0,0,0,0,1,0,0
46878,0,0,0,0,0,0,1,0,0
46879,0,0,0,0,0,0,1,0,0
46880,0,0,0,0,0,0,1,0,0
46881,0,0,0,0,0,0,1,0,0
46882,0,0,0,0,0,0,1,0,0
46883,0,0,0,0,0,0,1,0,0
46884,0,0,0,0,0,0,1,0,0
46885,0,0,0,0,0,0,1,0,0
46886,0,0,0,0,0,0,1,0,0
46887,0,0,0,0,0,0,1,0,0
46888,0,0,0,0,0,0,1,0,0
46889,0,0,0,0,0,0,1,0,0
46890,0,0,0,0,0,0,1,0,0
46891,0,0,0,0,0,0,1,0,0
46892,0,0,0,0,0,0,1,0,0
46893,0,0,0,0,0,0,1,0,0
46894,0,0,0,0,0,0,1,0,0
46895,0,0,0,0,0,0,1,0,0
46896,0,0,0,0,0,0,1,0,0
46897,0,0,0,0,0,0,1,0,0
46898,0,0,0,0,0,0,1,0,0
46899,0,0,0,0,0,0,1,0,0
46900,0,0,0,0,0,0,1,0,0
46901,0,0,0,0,0,0,1,0,0
46902,0,0,0,0,0,0,1,0,0
46903,0,0,0,0,0,0,1,0,0
46904,0,0,0,0,0,0,1,0,0
46905,0,0,0,0,0,0,1,0,0
46906,0,0,0,0,0,0,1,0,0
46907,0,0,0,0,0,0,1,0,0
46908,0,0,0,0,0,0,1,0,0
46909,0,0,0,0,0,0,1,0,0
46910,0,0,0,0,0,0,1,0,0
46911,0,0,0,0,0,0,1,0,0
46912,0,0,0,0,0,0,1,0,0
46913,0,0,0,0,0,0,1,0,0
46914,0,0,0,0,0,0,1,0,0
46915,0,0,0,0,0,0,1,0,0
46916,0,0,0,0,0,0,1,0,0
46917,0,0,0,0,0,0,1,0,0
46918,0,0,0,0,0,0,1,0,0
46919,0,0,0,0,0,0,1,0,0
46920,0,0,0,0,0,0,1,0,0
46921,0,0,0,0,0,0,1,0,0
46922,0,0,0,0,0,0,1,0,0
46923,0,0,0,0,0,0,1,0,0
46924,0,0,0,0,0,0,1,0,0
46925,0,0,0,0,0,0,1,0,0
46926,0,0,0,0,0,0,1,0,0
46927,0,0,0,0,0,0,1,0,0
46928,0,0,0,0,0,0,1,0,0
46929,0,0,0,0,0,0,1,0,0
46930,0,0,0,0,0,0,1,0,0
46931,0,0,0,0,0,0,1,0,0
46932,0,0,0,0,0,0,1,0,0
46933,0,0,0,0,0,0,1,0,0
46934,0,0,0,0,0,0,1,0,0
46935,0,0,0,0,0,0,1,0,0
46936,0,0,0,0,0,0,1,0,0
46937,0,0,0,0,0,0,1,0,0
46938,0,0,0,0,0,0,1,0,0
46939,0,0,0,0,0,0,1,0,0
46940,0,0,0,0,0,0,1,0,0
46941,0,0,0,0,0,0,1,0,0
46942,0,0,0,0,0,0,1,0,0
46943,0,0,0,0,0,0,1,0,0
46944,0,0,0,0,0,0,1,0,0
46945,0,0,0,0,0,0,1,0,0
46946,0,0,0,0,0,0,1,0,0
46947,0,0,0,0,0,0,1,0,0
46948,0,0,0,0,0,0,1,0,0
46949,0,0,0,0,0,0,1,0,0
46950,0,0,0,0,0,0,1,0,0
46951,0,0,0,0,0,0,1,0,0
46952,0,0,0,0,0,0,1,0,0
46953,0,0,0,0,0,0,1,0,0
46954,0,0,0,0,0,0,1,0,0
46955,0,0,0,0,0,0,1,0,0
46956,0,0,0,0,0,0,1,0,0
46957,0,0,0,0,0,0,1,0,0
46958,0,0,0,0,0,0,1,0,0
46959,0,0,0,0,0,0,1,0,0
46960,0,0,0,0,0,0,1,0,0
46961,0,0,0,0,0,0,1,0,0
46962,0,0,0,0,0,0,1,0,0
46963,0,0,0,0,0,0,1,0,0
46964,0,0,0,0,0,0,1,0,0
46965,0,0,0,0,0,0,1,0,0
46966,0,0,0,0,0,0,1,0,0
46967,0,0,0,0,0,0,1,0,0
46968,0,0,0,0,0,0,1,0,0
46969,0,0,0,0,0,0,1,0,0
46970,0,0,0,0,0,0,1,0,0
46971,0,0,0,0,0,0,1,0,0
46972,0,0,0,0,0,0,1,0,0
46973,0,0,0,0,0,0,1,0,0
46974,0,0,0,0,0,0,1,0,0
46975,0,0,0,0,0,0,1,0,0
46976,0,0,0,0,0,0,1,0,0
46977,0,0,0,0,0,0,1,0,0
46978,0,0,0,0,0,0,1,0,0
46979,0,0,0,0,0,0,1,0,0
46980,0,0,0,0,0,0,1,0,0
46981,0,0,0,0,0,0,1,0,0
46982,0,0,0,0,0,0,1,0,0
46983,0,0,0,0,0,0,1,0,0
46984,0,0,0,0,0,0,1,0,0
46985,0,0,0,0,0,0,1,0,0
46986,0,0,0,0,0,0,1,0,0
46987,0,0,0,0,0,0,1,0,0
46988,0,0,0,0,0,0,1,0,0
46989,0,0,0,0,0,0,1,0,0
46990,0,0,0,0,0,0,1,0,0
46991,0,0,0,0,0,0,1,0,0
46992,0,0,0,0,0,0,1,0,0
46993,0,0,0,0,0,0,1,0,0
46994,0,0,0,0,0,0,1,0,0
46995,0,0,0,0,0,0,1,0,0
46996,0,0,0,0,0,0,1,0,0
46997,0,0,0,0,0,0,1,0,0
46998,0,0,0,0,0,0,1,0,0
46999,0,0,0,0,0,0,1,0,0
47000,0,0,0,0,0,0,1,0,0
47001,0,0,0,0,0,0,1,0,0
47002,0,0,0,0,0,0,1,0,0
47003,0,0,0,0,0,0,1,0,0
47004,0,0,0,0,0,0,1,0,0
47005,0,0,0,0,0,0,1,0,0
47006,0,0,0,0,0,0,1,0,0
47007,0,0,0,0,0,0,1,0,0
47008,0,0,0,0,0,0,1,0,0
47009,0,0,0,0,0,0,1,0,0
47010,0,0,0,0,0,0,1,0,0
47011,0,0,0,0,0,0,1,0,0
47012,0,0,0,0,0,0,1,0,0
47013,0,0,0,0,0,0,1,0,0
47014,0,0,0,0,0,0,1,0,0
47015,0,0,0,0,0,0,1,0,0
47016,0,0,0,0,0,0,1,0,0
47017,0,0,0,0,0,0,1,0,0
47018,0,0,0,0,0,0,1,0,0
47019,0,0,0,0,0,0,1,0,0
47020,0,0,0,0,0,0,1,0,0
47021,0,0,0,0,0,0,1,0,0
47022,0,0,0,0,0,0,1,0,0
47023,0,0,0,0,0,0,1,0,0
47024,0,0,0,0,0,0,1,0,0
47025,0,0,0,0,0,0,1,0,0
47026,0,0,0,0,0,0,1,0,0
47027,0,0,0,0,0,0,1,0,0
47028,0,0,0,0,0,0,1,0,0
47029,0,0,0,0,0,0,1,0,0
47030,0,0,0,0,0,0,1,0,0
47031,0,0,0,0,0,0,1,0,0
47032,0,0,0,0,0,0,1,0,0
47033,0,0,0,0,0,0,1,0,0
47034,0,0,0,0,0,0,1,0,0
47035,0,0,0,0,0,0,1,0,0
47036,0,0,0,0,0,0,1,0,0
47037,0,0,0,0,0,0,1,0,0
47038,0,0,0,0,0,0,1,0,0
47039,0,0,0,0,0,0,1,0,0
47040,0,0,0,0,0,0,1,0,0
47041,0,0,0,0,0,0,1,0,0
47042,0,0,0,0,0,0,1,0,0
47043,0,0,0,0,0,0,1,0,0
47044,0,0,0,0,0,0,1,0,0
47045,0,0,0,0,0,0,1,0,0
47046,0,0,0,0,0,0,1,0,0
47047,0,0,0,0,0,0,1,0,0
47048,0,0,0,0,0,0,1,0,0
47049,0,0,0,0,0,0,1,0,0
47050,0,0,0,0,0,0,1,0,0
47051,0,0,0,0,0,0,1,0,0
47052,0,0,0,0,0,0,1,0,0
47053,0,0,0,0,0,0,1,0,0
47054,0,0,0,0,0,0,1,0,0
47055,0,0,0,0,0,0,1,0,0
47056,0,0,0,0,0,0,1,0,0
47057,0,0,0,0,0,0,1,0,0
47058,0,0,0,0,0,0,1,0,0
47059,0,0,0,0,0,0,1,0,0
47060,0,0,0,0,0,0,1,0,0
47061,0,0,0,0,0,0,1,0,0
47062,0,0,0,0,0,0,1,0,0
47063,0,0,0,0,0,0,1,0,0
47064,0,0,0,0,0,0,1,0,0
47065,0,0,0,0,0,0,1,0,0
47066,0,0,0,0,0,0,1,0,0
47067,0,0,0,0,0,0,1,0,0
47068,0,0,0,0,0,0,1,0,0
47069,0,0,0,0,0,0,1,0,0
47070,0,0,0,0,0,0,1,0,0
47071,0,0,0,0,0,0,1,0,0
47072,0,0,0,0,0,0,1,0,0
47073,0,0,0,0,0,0,1,0,0
47074,0,0,0,0,0,0,1,0,0
47075,0,0,0,0,0,0,1,0,0
47076,0,0,0,0,0,0,1,0,0
47077,0,0,0,0,0,0,1,0,0
47078,0,0,0,0,0,0,1,0,0
47079,0,0,0,0,0,0,1,0,0
47080,0,0,0,0,0,0,1,0,0
47081,0,0,0,0,0,0,1,0,0
47082,0,0,0,0,0,0,1,0,0
47083,0,0,0,0,0,0,1,0,0
47084,0,0,0,0,0,0,1,0,0
47085,0,0,0,0,0,0,1,0,0
47086,0,0,0,0,0,0,1,0,0
47087,0,0,0,0,0,0,1,0,0
47088,0,0,0,0,0,0,1,0,0
47089,0,0,0,0,0,0,1,0,0
47090,0,0,0,0,0,0,1,0,0
47091,0,0,0,0,0,0,1,0,0
47092,0,0,0,0,0,0,1,0,0
47093,0,0,0,0,0,0,1,0,0
47094,0,0,0,0,0,0,1,0,0
47095,0,0,0,0,0,0,1,0,0
47096,0,0,0,0,0,0,1,0,0
47097,0,0,0,0,0,0,1,0,0
47098,0,0,0,0,0,0,1,0,0
47099,0,0,0,0,0,0,1,0,0
47100,0,0,0,0,0,0,1,0,0
47101,0,0,0,0,0,0,1,0,0
47102,0,0,0,0,0,0,1,0,0
47103,0,0,0,0,0,0,1,0,0
47104,0,0,0,0,0,0,1,0,0
47105,0,0,0,0,0,0,1,0,0
47106,0,0,0,0,0,0,1,0,0
47107,0,0,0,0,0,0,1,0,0
47108,0,0,0,0,0,0,1,0,0
47109,0,0,0,0,0,0,1,0,0
47110,0,0,0,0,0,0,1,0,0
47111,0,0,0,0,0,0,1,0,0
47112,0,0,0,0,0,0,1,0,0
47113,0,0,0,0,0,0,1,0,0
47114,0,0,0,0,0,0,1,0,0
47115,0,0,0,0,0,0,1,0,0
47116,0,0,0,0,0,0,1,0,0
47117,0,0,0,0,0,0,1,0,0
47118,0,0,0,0,0,0,1,0,0
47119,0,0,0,0,0,0,1,0,0
47120,0,0,0,0,0,0,1,0,0
47121,0,0,0,0,0,0,1,0,0
47122,0,0,0,0,0,0,1,0,0
47123,0,0,0,0,0,0,1,0,0
47124,0,0,0,0,0,0,1,0,0
47125,0,0,0,0,0,0,1,0,0
47126,0,0,0,0,0,0,1,0,0
47127,0,0,0,0,0,0,1,0,0
47128,0,0,0,0,0,0,1,0,0
47129,0,0,0,0,0,0,1,0,0
47130,0,0,0,0,0,0,1,0,0
47131,0,0,0,0,0,0,1,0,0
47132,0,0,0,0,0,0,1,0,0
47133,0,0,0,0,0,0,1,0,0
47134,0,0,0,0,0,0,1,0,0
47135,0,0,0,0,0,0,1,0,0
47136,0,0,0,0,0,0,1,0,0
47137,0,0,0,0,0,0,1,0,0
47138,0,0,0,0,0,0,1,0,0
47139,0,0,0,0,0,0,1,0,0
47140,0,0,0,0,0,0,1,0,0
47141,0,0,0,0,0,0,1,0,0
47142,0,0,0,0,0,0,1,0,0
47143,0,0,0,0,0,0,1,0,0
47144,0,0,0,0,0,0,1,0,0
47145,0,0,0,0,0,0,1,0,0
47146,0,0,0,0,0,0,1,0,0
47147,0,0,0,0,0,0,1,0,0
47148,0,0,0,0,0,0,1,0,0
47149,0,0,0,0,0,0,1,0,0
47150,0,0,0,0,0,0,1,0,0
47151,0,0,0,0,0,0,1,0,0
47152,0,0,0,0,0,0,1,0,0
47153,0,0,0,0,0,0,1,0,0
47154,0,0,0,0,0,0,1,0,0
47155,0,0,0,0,0,0,1,0,0
47156,0,0,0,0,0,0,1,0,0
47157,0,0,0,0,0,0,1,0,0
47158,0,0,0,0,0,0,1,0,0
47159,0,0,0,0,0,0,1,0,0
47160,0,0,0,0,0,0,1,0,0
47161,0,0,0,0,0,0,1,0,0
47162,0,0,0,0,0,0,1,0,0
47163,0,0,0,0,0,0,1,0,0
47164,0,0,0,0,0,0,1,0,0
47165,0,0,0,0,0,0,1,0,0
47166,0,0,0,0,0,0,1,0,0
47167,0,0,0,0,0,0,1,0,0
47168,0,0,0,0,0,0,1,0,0
47169,0,0,0,0,0,0,1,0,0
47170,0,0,0,0,0,0,1,0,0
47171,0,0,0,0,0,0,1,0,0
47172,0,0,0,0,0,0,1,0,0
47173,0,0,0,0,0,0,1,0,0
47174,0,0,0,0,0,0,1,0,0
47175,0,0,0,0,0,0,1,0,0
47176,0,0,0,0,0,0,1,0,0
47177,0,0,0,0,0,0,1,0,0
47178,0,0,0,0,0,0,1,0,0
47179,0,0,0,0,0,0,1,0,0
47180,0,0,0,0,0,0,1,0,0
47181,0,0,0,0,0,0,1,0,0
47182,0,0,0,0,0,0,1,0,0
47183,0,0,0,0,0,0,1,0,0
47184,0,0,0,0,0,0,1,0,0
47185,0,0,0,0,0,0,1,0,0
47186,0,0,0,0,0,0,1,0,0
47187,0,0,0,0,0,0,1,0,0
47188,0,0,0,0,0,0,1,0,0
47189,0,0,0,0,0,0,1,0,0
47190,0,0,0,0,0,0,1,0,0
47191,0,0,0,0,0,0,1,0,0
47192,0,0,0,0,0,0,1,0,0
47193,0,0,0,0,0,0,1,0,0
47194,0,0,0,0,0,0,1,0,0
47195,0,0,0,0,0,0,1,0,0
47196,0,0,0,0,0,0,1,0,0
47197,0,0,0,0,0,0,1,0,0
47198,0,0,0,0,0,0,1,0,0
47199,0,0,0,0,0,0,1,0,0
47200,0,0,0,0,0,0,1,0,0
47201,0,0,0,0,0,0,1,0,0
47202,0,0,0,0,0,0,1,0,0
47203,0,0,0,0,0,0,1,0,0
47204,0,0,0,0,0,0,1,0,0
47205,0,0,0,0,0,0,1,0,0
47206,0,0,0,0,0,0,1,0,0
47207,0,0,0,0,0,0,1,0,0
47208,0,0,0,0,0,0,1,0,0
47209,0,0,0,0,0,0,1,0,0
47210,0,0,0,0,0,0,1,0,0
47211,0,0,0,0,0,0,1,0,0
47212,0,0,0,0,0,0,1,0,0
47213,0,0,0,0,0,0,1,0,0
47214,0,0,0,0,0,0,1,0,0
47215,0,0,0,0,0,0,1,0,0
47216,0,0,0,0,0,0,1,0,0
47217,0,0,0,0,0,0,1,0,0
47218,0,0,0,0,0,0,1,0,0
47219,0,0,0,0,0,0,1,0,0
47220,0,0,0,0,0,0,1,0,0
47221,0,0,0,0,0,0,1,0,0
47222,0,0,0,0,0,0,1,0,0
47223,0,0,0,0,0,0,1,0,0
47224,0,0,0,0,0,0,1,0,0
47225,0,0,0,0,0,0,1,0,0
47226,0,0,0,0,0,0,1,0,0
47227,0,0,0,0,0,0,1,0,0
47228,0,0,0,0,0,0,1,0,0
47229,0,0,0,0,0,0,1,0,0
47230,0,0,0,0,0,0,1,0,0
47231,0,0,0,0,0,0,1,0,0
47232,0,0,0,0,0,0,1,0,0
47233,0,0,0,0,0,0,1,0,0
47234,0,0,0,0,0,0,1,0,0
47235,0,0,0,0,0,0,1,0,0
47236,0,0,0,0,0,0,1,0,0
47237,0,0,0,0,0,0,1,0,0
47238,0,0,0,0,0,0,1,0,0
47239,0,0,0,0,0,0,1,0,0
47240,0,0,0,0,0,0,1,0,0
47241,0,0,0,0,0,0,1,0,0
47242,0,0,0,0,0,0,1,0,0
47243,0,0,0,0,0,0,1,0,0
47244,0,0,0,0,0,0,1,0,0
47245,0,0,0,0,0,0,1,0,0
47246,0,0,0,0,0,0,1,0,0
47247,0,0,0,0,0,0,1,0,0
47248,0,0,0,0,0,0,1,0,0
47249,0,0,0,0,0,0,1,0,0
47250,0,0,0,0,0,0,1,0,0
47251,0,0,0,0,0,0,1,0,0
47252,0,0,0,0,0,0,1,0,0
47253,0,0,0,0,0,0,1,0,0
47254,0,0,0,0,0,0,1,0,0
47255,0,0,0,0,0,0,1,0,0
47256,0,0,0,0,0,0,1,0,0
47257,0,0,0,0,0,0,1,0,0
47258,0,0,0,0,0,0,1,0,0
47259,0,0,0,0,0,0,1,0,0
47260,0,0,0,0,0,0,1,0,0
47261,0,0,0,0,0,0,1,0,0
47262,0,0,0,0,0,0,1,0,0
47263,0,0,0,0,0,0,1,0,0
47264,0,0,0,0,0,0,1,0,0
47265,0,0,0,0,0,0,1,0,0
47266,0,0,0,0,0,0,1,0,0
47267,0,0,0,0,0,0,1,0,0
47268,0,0,0,0,0,0,1,0,0
47269,0,0,0,0,0,0,1,0,0
47270,0,0,0,0,0,0,1,0,0
47271,0,0,0,0,0,0,1,0,0
47272,0,0,0,0,0,0,1,0,0
47273,0,0,0,0,0,0,1,0,0
47274,0,0,0,0,0,0,1,0,0
47275,0,0,0,0,0,0,1,0,0
47276,0,0,0,0,0,0,1,0,0
47277,0,0,0,0,0,0,1,0,0
47278,0,0,0,0,0,0,1,0,0
47279,0,0,0,0,0,0,1,0,0
47280,0,0,0,0,0,0,1,0,0
47281,0,0,0,0,0,0,1,0,0
47282,0,0,0,0,0,0,1,0,0
47283,0,0,0,0,0,0,1,0,0
47284,0,0,0,0,0,0,1,0,0
47285,0,0,0,0,0,0,1,0,0
47286,0,0,0,0,0,0,1,0,0
47287,0,0,0,0,0,0,1,0,0
47288,0,0,0,0,0,0,1,0,0
47289,0,0,0,0,0,0,1,0,0
47290,0,0,0,0,0,0,1,0,0
47291,0,0,0,0,0,0,1,0,0
47292,0,0,0,0,0,0,1,0,0
47293,0,0,0,0,0,0,1,0,0
47294,0,0,0,0,0,0,1,0,0
47295,0,0,0,0,0,0,1,0,0
47296,0,0,0,0,0,0,1,0,0
47297,0,0,0,0,0,0,1,0,0
47298,0,0,0,0,0,0,1,0,0
47299,0,0,0,0,0,0,1,0,0
47300,0,0,0,0,0,0,1,0,0
47301,0,0,0,0,0,0,1,0,0
47302,0,0,0,0,0,0,1,0,0
47303,0,0,0,0,0,0,1,0,0
47304,0,0,0,0,0,0,1,0,0
47305,0,0,0,0,0,0,1,0,0
47306,0,0,0,0,0,0,1,0,0
47307,0,0,0,0,0,0,1,0,0
47308,0,0,0,0,0,0,1,0,0
47309,0,0,0,0,0,0,1,0,0
47310,0,0,0,0,0,0,1,0,0
47311,0,0,0,0,0,0,1,0,0
47312,0,0,0,0,0,0,1,0,0
47313,0,0,0,0,0,0,1,0,0
47314,0,0,0,0,0,0,1,0,0
47315,0,0,0,0,0,0,1,0,0
47316,0,0,0,0,0,0,1,0,0
47317,0,0,0,0,0,0,1,0,0
47318,0,0,0,0,0,0,1,0,0
47319,0,0,0,0,0,0,1,0,0
47320,0,0,0,0,0,0,1,0,0
47321,0,0,0,0,0,0,1,0,0
47322,0,0,0,0,0,0,1,0,0
47323,0,0,0,0,0,0,1,0,0
47324,0,0,0,0,0,0,1,0,0
47325,0,0,0,0,0,0,1,0,0
47326,0,0,0,0,0,0,1,0,0
47327,0,0,0,0,0,0,1,0,0
47328,0,0,0,0,0,0,1,0,0
47329,0,0,0,0,0,0,1,0,0
47330,0,0,0,0,0,0,1,0,0
47331,0,0,0,0,0,0,1,0,0
47332,0,0,0,0,0,0,1,0,0
47333,0,0,0,0,0,0,1,0,0
47334,0,0,0,0,0,0,1,0,0
47335,0,0,0,0,0,0,1,0,0
47336,0,0,0,0,0,0,1,0,0
47337,0,0,0,0,0,0,1,0,0
47338,0,0,0,0,0,0,1,0,0
47339,0,0,0,0,0,0,1,0,0
47340,0,0,0,0,0,0,1,0,0
47341,0,0,0,0,0,0,1,0,0
47342,0,0,0,0,0,0,1,0,0
47343,0,0,0,0,0,0,1,0,0
47344,0,0,0,0,0,0,1,0,0
47345,0,0,0,0,0,0,1,0,0
47346,0,0,0,0,0,0,1,0,0
47347,0,0,0,0,0,0,1,0,0
47348,0,0,0,0,0,0,1,0,0
47349,0,0,0,0,0,0,1,0,0
47350,0,0,0,0,0,0,1,0,0
47351,0,0,0,0,0,0,1,0,0
47352,0,0,0,0,0,0,1,0,0
47353,0,0,0,0,0,0,1,0,0
47354,0,0,0,0,0,0,1,0,0
47355,0,0,0,0,0,0,1,0,0
47356,0,0,0,0,0,0,1,0,0
47357,0,0,0,0,0,0,1,0,0
47358,0,0,0,0,0,0,1,0,0
47359,0,0,0,0,0,0,1,0,0
47360,0,0,0,0,0,0,1,0,0
47361,0,0,0,0,0,0,1,0,0
47362,0,0,0,0,0,0,1,0,0
47363,0,0,0,0,0,0,1,0,0
47364,0,0,0,0,0,0,1,0,0
47365,0,0,0,0,0,0,1,0,0
47366,0,0,0,0,0,0,1,0,0
47367,0,0,0,0,0,0,1,0,0
47368,0,0,0,0,0,0,1,0,0
47369,0,0,0,0,0,0,1,0,0
47370,0,0,0,0,0,0,1,0,0
47371,0,0,0,0,0,0,1,0,0
47372,0,0,0,0,0,0,1,0,0
47373,0,0,0,0,0,0,1,0,0
47374,0,0,0,0,0,0,1,0,0
47375,0,0,0,0,0,0,1,0,0
47376,0,0,0,0,0,0,1,0,0
47377,0,0,0,0,0,0,1,0,0
47378,0,0,0,0,0,0,1,0,0
47379,0,0,0,0,0,0,1,0,0
47380,0,0,0,0,0,0,1,0,0
47381,0,0,0,0,0,0,1,0,0
47382,0,0,0,0,0,0,1,0,0
47383,0,0,0,0,0,0,1,0,0
47384,0,0,0,0,0,0,1,0,0
47385,0,0,0,0,0,0,1,0,0
47386,0,0,0,0,0,0,1,0,0
47387,0,0,0,0,0,0,1,0,0
47388,0,0,0,0,0,0,1,0,0
47389,0,0,0,0,0,0,1,0,0
47390,0,0,0,0,0,0,1,0,0
47391,0,0,0,0,0,0,1,0,0
47392,0,0,0,0,0,0,1,0,0
47393,0,0,0,0,0,0,1,0,0
47394,0,0,0,0,0,0,1,0,0
47395,0,0,0,0,0,0,1,0,0
47396,0,0,0,0,0,0,1,0,0
47397,0,0,0,0,0,0,1,0,0
47398,0,0,0,0,0,0,1,0,0
47399,0,0,0,0,0,0,1,0,0
47400,0,0,0,0,0,0,1,0,0
47401,0,0,0,0,0,0,1,0,0
47402,0,0,0,0,0,0,1,0,0
47403,0,0,0,0,0,0,1,0,0
47404,0,0,0,0,0,0,1,0,0
47405,0,0,0,0,0,0,1,0,0
47406,0,0,0,0,0,0,1,0,0
47407,0,0,0,0,0,0,1,0,0
47408,0,0,0,0,0,0,1,0,0
47409,0,0,0,0,0,0,1,0,0
47410,0,0,0,0,0,0,1,0,0
47411,0,0,0,0,0,0,1,0,0
47412,0,0,0,0,0,0,1,0,0
47413,0,0,0,0,0,0,1,0,0
47414,0,0,0,0,0,0,1,0,0
47415,0,0,0,0,0,0,1,0,0
47416,0,0,0,0,0,0,1,0,0
47417,0,0,0,0,0,0,1,0,0
47418,0,0,0,0,0,0,1,0,0
47419,0,0,0,0,0,0,1,0,0
47420,0,0,0,0,0,0,1,0,0
47421,0,0,0,0,0,0,1,0,0
47422,0,0,0,0,0,0,1,0,0
47423,0,0,0,0,0,0,1,0,0
47424,0,0,0,0,0,0,1,0,0
47425,0,0,0,0,0,0,1,0,0
47426,0,0,0,0,0,0,1,0,0
47427,0,0,0,0,0,0,1,0,0
47428,0,0,0,0,0,0,1,0,0
47429,0,0,0,0,0,0,1,0,0
47430,0,0,0,0,0,0,1,0,0
47431,0,0,0,0,0,0,1,0,0
47432,0,0,0,0,0,0,1,0,0
47433,0,0,0,0,0,0,1,0,0
47434,0,0,0,0,0,0,1,0,0
47435,0,0,0,0,0,0,1,0,0
47436,0,0,0,0,0,0,1,0,0
47437,0,0,0,0,0,0,1,0,0
47438,0,0,0,0,0,0,1,0,0
47439,0,0,0,0,0,0,1,0,0
47440,0,0,0,0,0,0,1,0,0
47441,0,0,0,0,0,0,1,0,0
47442,0,0,0,0,0,0,1,0,0
47443,0,0,0,0,0,0,1,0,0
47444,0,0,0,0,0,0,1,0,0
47445,0,0,0,0,0,0,1,0,0
47446,0,0,0,0,0,0,1,0,0
47447,0,0,0,0,0,0,1,0,0
47448,0,0,0,0,0,0,1,0,0
47449,0,0,0,0,0,0,1,0,0
47450,0,0,0,0,0,0,1,0,0
47451,0,0,0,0,0,0,1,0,0
47452,0,0,0,0,0,0,1,0,0
47453,0,0,0,0,0,0,1,0,0
47454,0,0,0,0,0,0,1,0,0
47455,0,0,0,0,0,0,1,0,0
47456,0,0,0,0,0,0,1,0,0
47457,0,0,0,0,0,0,1,0,0
47458,0,0,0,0,0,0,1,0,0
47459,0,0,0,0,0,0,1,0,0
47460,0,0,0,0,0,0,1,0,0
47461,0,0,0,0,0,0,1,0,0
47462,0,0,0,0,0,0,1,0,0
47463,0,0,0,0,0,0,1,0,0
47464,0,0,0,0,0,0,1,0,0
47465,0,0,0,0,0,0,1,0,0
47466,0,0,0,0,0,0,1,0,0
47467,0,0,0,0,0,0,1,0,0
47468,0,0,0,0,0,0,1,0,0
47469,0,0,0,0,0,0,1,0,0
47470,0,0,0,0,0,0,1,0,0
47471,0,0,0,0,0,0,1,0,0
47472,0,0,0,0,0,0,1,0,0
47473,0,0,0,0,0,0,1,0,0
47474,0,0,0,0,0,0,1,0,0
47475,0,0,0,0,0,0,1,0,0
47476,0,0,0,0,0,0,1,0,0
47477,0,0,0,0,0,0,1,0,0
47478,0,0,0,0,0,0,1,0,0
47479,0,0,0,0,0,0,1,0,0
47480,0,0,0,0,0,0,1,0,0
47481,0,0,0,0,0,0,1,0,0
47482,0,0,0,0,0,0,1,0,0
47483,0,0,0,0,0,0,1,0,0
47484,0,0,0,0,0,0,1,0,0
47485,0,0,0,0,0,0,1,0,0
47486,0,0,0,0,0,0,1,0,0
47487,0,0,0,0,0,0,1,0,0
47488,0,0,0,0,0,0,1,0,0
47489,0,0,0,0,0,0,1,0,0
47490,0,0,0,0,0,0,1,0,0
47491,0,0,0,0,0,0,1,0,0
47492,0,0,0,0,0,0,1,0,0
47493,0,0,0,0,0,0,1,0,0
47494,0,0,0,0,0,0,1,0,0
47495,0,0,0,0,0,0,1,0,0
47496,0,0,0,0,0,0,1,0,0
47497,0,0,0,0,0,0,1,0,0
47498,0,0,0,0,0,0,1,0,0
47499,0,0,0,0,0,0,1,0,0
47500,0,0,0,0,0,0,1,0,0
47501,0,0,0,0,0,0,1,0,0
47502,0,0,0,0,0,0,1,0,0
47503,0,0,0,0,0,0,1,0,0
47504,0,0,0,0,0,0,1,0,0
47505,0,0,0,0,0,0,1,0,0
47506,0,0,0,0,0,0,1,0,0
47507,0,0,0,0,0,0,1,0,0
47508,0,0,0,0,0,0,1,0,0
47509,0,0,0,0,0,0,1,0,0
47510,0,0,0,0,0,0,1,0,0
47511,0,0,0,0,0,0,1,0,0
47512,0,0,0,0,0,0,1,0,0
47513,0,0,0,0,0,0,1,0,0
47514,0,0,0,0,0,0,1,0,0
47515,0,0,0,0,0,0,1,0,0
47516,0,0,0,0,0,0,1,0,0
47517,0,0,0,0,0,0,1,0,0
47518,0,0,0,0,0,0,1,0,0
47519,0,0,0,0,0,0,1,0,0
47520,0,0,0,0,0,0,1,0,0
47521,0,0,0,0,0,0,1,0,0
47522,0,0,0,0,0,0,1,0,0
47523,0,0,0,0,0,0,1,0,0
47524,0,0,0,0,0,0,1,0,0
47525,0,0,0,0,0,0,1,0,0
47526,0,0,0,0,0,0,1,0,0
47527,0,0,0,0,0,0,1,0,0
47528,0,0,0,0,0,0,1,0,0
47529,0,0,0,0,0,0,1,0,0
47530,0,0,0,0,0,0,1,0,0
47531,0,0,0,0,0,0,1,0,0
47532,0,0,0,0,0,0,1,0,0
47533,0,0,0,0,0,0,1,0,0
47534,0,0,0,0,0,0,1,0,0
47535,0,0,0,0,0,0,1,0,0
47536,0,0,0,0,0,0,1,0,0
47537,0,0,0,0,0,0,1,0,0
47538,0,0,0,0,0,0,1,0,0
47539,0,0,0,0,0,0,1,0,0
47540,0,0,0,0,0,0,1,0,0
47541,0,0,0,0,0,0,1,0,0
47542,0,0,0,0,0,0,1,0,0
47543,0,0,0,0,0,0,1,0,0
47544,0,0,0,0,0,0,1,0,0
47545,0,0,0,0,0,0,1,0,0
47546,0,0,0,0,0,0,1,0,0
47547,0,0,0,0,0,0,1,0,0
47548,0,0,0,0,0,0,1,0,0
47549,0,0,0,0,0,0,1,0,0
47550,0,0,0,0,0,0,1,0,0
47551,0,0,0,0,0,0,1,0,0
47552,0,0,0,0,0,0,1,0,0
47553,0,0,0,0,0,0,1,0,0
47554,0,0,0,0,0,0,1,0,0
47555,0,0,0,0,0,0,1,0,0
47556,0,0,0,0,0,0,1,0,0
47557,0,0,0,0,0,0,1,0,0
47558,0,0,0,0,0,0,1,0,0
47559,0,0,0,0,0,0,1,0,0
47560,0,0,0,0,0,0,1,0,0
47561,0,0,0,0,0,0,1,0,0
47562,0,0,0,0,0,0,1,0,0
47563,0,0,0,0,0,0,1,0,0
47564,0,0,0,0,0,0,1,0,0
47565,0,0,0,0,0,0,1,0,0
47566,0,0,0,0,0,0,1,0,0
47567,0,0,0,0,0,0,1,0,0
47568,0,0,0,0,0,0,1,0,0
47569,0,0,0,0,0,0,1,0,0
47570,0,0,0,0,0,0,1,0,0
47571,0,0,0,0,0,0,1,0,0
47572,0,0,0,0,0,0,1,0,0
47573,0,0,0,0,0,0,1,0,0
47574,0,0,0,0,0,0,1,0,0
47575,0,0,0,0,0,0,1,0,0
47576,0,0,0,0,0,0,1,0,0
47577,0,0,0,0,0,0,1,0,0
47578,0,0,0,0,0,0,1,0,0
47579,0,0,0,0,0,0,1,0,0
47580,0,0,0,0,0,0,1,0,0
47581,0,0,0,0,0,0,1,0,0
47582,0,0,0,0,0,0,1,0,0
47583,0,0,0,0,0,0,1,0,0
47584,0,0,0,0,0,0,1,0,0
47585,0,0,0,0,0,0,1,0,0
47586,0,0,0,0,0,0,1,0,0
47587,0,0,0,0,0,0,1,0,0
47588,0,0,0,0,0,0,1,0,0
47589,0,0,0,0,0,0,1,0,0
47590,0,0,0,0,0,0,1,0,0
47591,0,0,0,0,0,0,1,0,0
47592,0,0,0,0,0,0,1,0,0
47593,0,0,0,0,0,0,1,0,0
47594,0,0,0,0,0,0,1,0,0
47595,0,0,0,0,0,0,1,0,0
47596,0,0,0,0,0,0,1,0,0
47597,0,0,0,0,0,0,1,0,0
47598,0,0,0,0,0,0,1,0,0
47599,0,0,0,0,0,0,1,0,0
47600,0,0,0,0,0,0,1,0,0
47601,0,0,0,0,0,0,1,0,0
47602,0,0,0,0,0,0,1,0,0
47603,0,0,0,0,0,0,1,0,0
47604,0,0,0,0,0,0,1,0,0
47605,0,0,0,0,0,0,1,0,0
47606,0,0,0,0,0,0,1,0,0
47607,0,0,0,0,0,0,1,0,0
47608,0,0,0,0,0,0,1,0,0
47609,0,0,0,0,0,0,1,0,0
47610,0,0,0,0,0,0,1,0,0
47611,0,0,0,0,0,0,1,0,0
47612,0,0,0,0,0,0,1,0,0
47613,0,0,0,0,0,0,1,0,0
47614,0,0,0,0,0,0,1,0,0
47615,0,0,0,0,0,0,1,0,0
47616,0,0,0,0,0,0,1,0,0
47617,0,0,0,0,0,0,1,0,0
47618,0,0,0,0,0,0,1,0,0
47619,0,0,0,0,0,0,1,0,0
47620,0,0,0,0,0,0,1,0,0
47621,0,0,0,0,0,0,1,0,0
47622,0,0,0,0,0,0,1,0,0
47623,0,0,0,0,0,0,1,0,0
47624,0,0,0,0,0,0,1,0,0
47625,0,0,0,0,0,0,1,0,0
47626,0,0,0,0,0,0,1,0,0
47627,0,0,0,0,0,0,1,0,0
47628,0,0,0,0,0,0,1,0,0
47629,0,0,0,0,0,0,1,0,0
47630,0,0,0,0,0,0,1,0,0
47631,0,0,0,0,0,0,1,0,0
47632,0,0,0,0,0,0,1,0,0
47633,0,0,0,0,0,0,1,0,0
47634,0,0,0,0,0,0,1,0,0
47635,0,0,0,0,0,0,1,0,0
47636,0,0,0,0,0,0,1,0,0
47637,0,0,0,0,0,0,1,0,0
47638,0,0,0,0,0,0,1,0,0
47639,0,0,0,0,0,0,1,0,0
47640,0,0,0,0,0,0,1,0,0
47641,0,0,0,0,0,0,1,0,0
47642,0,0,0,0,0,0,1,0,0
47643,0,0,0,0,0,0,1,0,0
47644,0,0,0,0,0,0,1,0,0
47645,0,0,0,0,0,0,1,0,0
47646,0,0,0,0,0,0,1,0,0
47647,0,0,0,0,0,0,1,0,0
47648,0,0,0,0,0,0,1,0,0
47649,0,0,0,0,0,0,1,0,0
47650,0,0,0,0,0,0,1,0,0
47651,0,0,0,0,0,0,1,0,0
47652,0,0,0,0,0,0,1,0,0
47653,0,0,0,0,0,0,1,0,0
47654,0,0,0,0,0,0,1,0,0
47655,0,0,0,0,0,0,1,0,0
47656,0,0,0,0,0,0,1,0,0
47657,0,0,0,0,0,0,1,0,0
47658,0,0,0,0,0,0,1,0,0
47659,0,0,0,0,0,0,1,0,0
47660,0,0,0,0,0,0,1,0,0
47661,0,0,0,0,0,0,1,0,0
47662,0,0,0,0,0,0,1,0,0
47663,0,0,0,0,0,0,1,0,0
47664,0,0,0,0,0,0,1,0,0
47665,0,0,0,0,0,0,1,0,0
47666,0,0,0,0,0,0,1,0,0
47667,0,0,0,0,0,0,1,0,0
47668,0,0,0,0,0,0,1,0,0
47669,0,0,0,0,0,0,1,0,0
47670,0,0,0,0,0,0,1,0,0
47671,0,0,0,0,0,0,1,0,0
47672,0,0,0,0,0,0,1,0,0
47673,0,0,0,0,0,0,1,0,0
47674,0,0,0,0,0,0,1,0,0
47675,0,0,0,0,0,0,1,0,0
47676,0,0,0,0,0,0,1,0,0
47677,0,0,0,0,0,0,1,0,0
47678,0,0,0,0,0,0,1,0,0
47679,0,0,0,0,0,0,1,0,0
47680,0,0,0,0,0,0,1,0,0
47681,0,0,0,0,0,0,1,0,0
47682,0,0,0,0,0,0,1,0,0
47683,0,0,0,0,0,0,1,0,0
47684,0,0,0,0,0,0,1,0,0
47685,0,0,0,0,0,0,1,0,0
47686,0,0,0,0,0,0,1,0,0
47687,0,0,0,0,0,0,1,0,0
47688,0,0,0,0,0,0,1,0,0
47689,0,0,0,0,0,0,1,0,0
47690,0,0,0,0,0,0,1,0,0
47691,0,0,0,0,0,0,1,0,0
47692,0,0,0,0,0,0,1,0,0
47693,0,0,0,0,0,0,1,0,0
47694,0,0,0,0,0,0,1,0,0
47695,0,0,0,0,0,0,1,0,0
47696,0,0,0,0,0,0,1,0,0
47697,0,0,0,0,0,0,1,0,0
47698,0,0,0,0,0,0,1,0,0
47699,0,0,0,0,0,0,1,0,0
47700,0,0,0,0,0,0,1,0,0
47701,0,0,0,0,0,0,1,0,0
47702,0,0,0,0,0,0,1,0,0
47703,0,0,0,0,0,0,1,0,0
47704,0,0,0,0,0,0,1,0,0
47705,0,0,0,0,0,0,1,0,0
47706,0,0,0,0,0,0,1,0,0
47707,0,0,0,0,0,0,1,0,0
47708,0,0,0,0,0,0,1,0,0
47709,0,0,0,0,0,0,1,0,0
47710,0,0,0,0,0,0,1,0,0
47711,0,0,0,0,0,0,1,0,0
47712,0,0,0,0,0,0,1,0,0
47713,0,0,0,0,0,0,1,0,0
47714,0,0,0,0,0,0,1,0,0
47715,0,0,0,0,0,0,1,0,0
47716,0,0,0,0,0,0,1,0,0
47717,0,0,0,0,0,0,1,0,0
47718,0,0,0,0,0,0,1,0,0
47719,0,0,0,0,0,0,1,0,0
47720,0,0,0,0,0,0,1,0,0
47721,0,0,0,0,0,0,1,0,0
47722,0,0,0,0,0,0,1,0,0
47723,0,0,0,0,0,0,1,0,0
47724,0,0,0,0,0,0,1,0,0
47725,0,0,0,0,0,0,1,0,0
47726,0,0,0,0,0,0,1,0,0
47727,0,0,0,0,0,0,1,0,0
47728,0,0,0,0,0,0,1,0,0
47729,0,0,0,0,0,0,1,0,0
47730,0,0,0,0,0,0,1,0,0
47731,0,0,0,0,0,0,1,0,0
47732,0,0,0,0,0,0,1,0,0
47733,0,0,0,0,0,0,1,0,0
47734,0,0,0,0,0,0,1,0,0
47735,0,0,0,0,0,0,1,0,0
47736,0,0,0,0,0,0,1,0,0
47737,0,0,0,0,0,0,1,0,0
47738,0,0,0,0,0,0,1,0,0
47739,0,0,0,0,0,0,1,0,0
47740,0,0,0,0,0,0,1,0,0
47741,0,0,0,0,0,0,1,0,0
47742,0,0,0,0,0,0,1,0,0
47743,0,0,0,0,0,0,1,0,0
47744,0,0,0,0,0,0,1,0,0
47745,0,0,0,0,0,0,1,0,0
47746,0,0,0,0,0,0,1,0,0
47747,0,0,0,0,0,0,1,0,0
47748,0,0,0,0,0,0,1,0,0
47749,0,0,0,0,0,0,1,0,0
47750,0,0,0,0,0,0,1,0,0
47751,0,0,0,0,0,0,1,0,0
47752,0,0,0,0,0,0,1,0,0
47753,0,0,0,0,0,0,1,0,0
47754,0,0,0,0,0,0,1,0,0
47755,0,0,0,0,0,0,1,0,0
47756,0,0,0,0,0,0,1,0,0
47757,0,0,0,0,0,0,1,0,0
47758,0,0,0,0,0,0,1,0,0
47759,0,0,0,0,0,0,1,0,0
47760,0,0,0,0,0,0,1,0,0
47761,0,0,0,0,0,0,1,0,0
47762,0,0,0,0,0,0,1,0,0
47763,0,0,0,0,0,0,1,0,0
47764,0,0,0,0,0,0,1,0,0
47765,0,0,0,0,0,0,1,0,0
47766,0,0,0,0,0,0,1,0,0
47767,0,0,0,0,0,0,1,0,0
47768,0,0,0,0,0,0,1,0,0
47769,0,0,0,0,0,0,1,0,0
47770,0,0,0,0,0,0,1,0,0
47771,0,0,0,0,0,0,1,0,0
47772,0,0,0,0,0,0,1,0,0
47773,0,0,0,0,0,0,1,0,0
47774,0,0,0,0,0,0,1,0,0
47775,0,0,0,0,0,0,1,0,0
47776,0,0,0,0,0,0,1,0,0
47777,0,0,0,0,0,0,1,0,0
47778,0,0,0,0,0,0,1,0,0
47779,0,0,0,0,0,0,1,0,0
47780,0,0,0,0,0,0,1,0,0
47781,0,0,0,0,0,0,1,0,0
47782,0,0,0,0,0,0,1,0,0
47783,0,0,0,0,0,0,1,0,0
47784,0,0,0,0,0,0,1,0,0
47785,0,0,0,0,0,0,1,0,0
47786,0,0,0,0,0,0,1,0,0
47787,0,0,0,0,0,0,1,0,0
47788,0,0,0,0,0,0,1,0,0
47789,0,0,0,0,0,0,1,0,0
47790,0,0,0,0,0,0,1,0,0
47791,0,0,0,0,0,0,1,0,0
47792,0,0,0,0,0,0,1,0,0
47793,0,0,0,0,0,0,1,0,0
47794,0,0,0,0,0,0,1,0,0
47795,0,0,0,0,0,0,1,0,0
47796,0,0,0,0,0,0,1,0,0
47797,0,0,0,0,0,0,1,0,0
47798,0,0,0,0,0,0,1,0,0
47799,0,0,0,0,0,0,1,0,0
47800,0,0,0,0,0,0,1,0,0
47801,0,0,0,0,0,0,1,0,0
47802,0,0,0,0,0,0,1,0,0
47803,0,0,0,0,0,0,1,0,0
47804,0,0,0,0,0,0,1,0,0
47805,0,0,0,0,0,0,1,0,0
47806,0,0,0,0,0,0,1,0,0
47807,0,0,0,0,0,0,1,0,0
47808,0,0,0,0,0,0,1,0,0
47809,0,0,0,0,0,0,1,0,0
47810,0,0,0,0,0,0,1,0,0
47811,0,0,0,0,0,0,1,0,0
47812,0,0,0,0,0,0,1,0,0
47813,0,0,0,0,0,0,1,0,0
47814,0,0,0,0,0,0,1,0,0
47815,0,0,0,0,0,0,1,0,0
47816,0,0,0,0,0,0,1,0,0
47817,0,0,0,0,0,0,1,0,0
47818,0,0,0,0,0,0,1,0,0
47819,0,0,0,0,0,0,1,0,0
47820,0,0,0,0,0,0,1,0,0
47821,0,0,0,0,0,0,1,0,0
47822,0,0,0,0,0,0,1,0,0
47823,0,0,0,0,0,0,1,0,0
47824,0,0,0,0,0,0,1,0,0
47825,0,0,0,0,0,0,1,0,0
47826,0,0,0,0,0,0,1,0,0
47827,0,0,0,0,0,0,1,0,0
47828,0,0,0,0,0,0,1,0,0
47829,0,0,0,0,0,0,1,0,0
47830,0,0,0,0,0,0,1,0,0
47831,0,0,0,0,0,0,1,0,0
47832,0,0,0,0,0,0,1,0,0
47833,0,0,0,0,0,0,1,0,0
47834,0,0,0,0,0,0,1,0,0
47835,0,0,0,0,0,0,1,0,0
47836,0,0,0,0,0,0,1,0,0
47837,0,0,0,0,0,0,1,0,0
47838,0,0,0,0,0,0,1,0,0
47839,0,0,0,0,0,0,1,0,0
47840,0,0,0,0,0,0,1,0,0
47841,0,0,0,0,0,0,1,0,0
47842,0,0,0,0,0,0,1,0,0
47843,0,0,0,0,0,0,1,0,0
47844,0,0,0,0,0,0,1,0,0
47845,0,0,0,0,0,0,1,0,0
47846,0,0,0,0,0,0,1,0,0
47847,0,0,0,0,0,0,1,0,0
47848,0,0,0,0,0,0,1,0,0
47849,0,0,0,0,0,0,1,0,0
47850,0,0,0,0,0,0,1,0,0
47851,0,0,0,0,0,0,1,0,0
47852,0,0,0,0,0,0,1,0,0
47853,0,0,0,0,0,0,1,0,0
47854,0,0,0,0,0,0,1,0,0
47855,0,0,0,0,0,0,1,0,0
47856,0,0,0,0,0,0,1,0,0
47857,0,0,0,0,0,0,1,0,0
47858,0,0,0,0,0,0,1,0,0
47859,0,0,0,0,0,0,1,0,0
47860,0,0,0,0,0,0,1,0,0
47861,0,0,0,0,0,0,1,0,0
47862,0,0,0,0,0,0,1,0,0
47863,0,0,0,0,0,0,1,0,0
47864,0,0,0,0,0,0,1,0,0
47865,0,0,0,0,0,0,1,0,0
47866,0,0,0,0,0,0,1,0,0
47867,0,0,0,0,0,0,1,0,0
47868,0,0,0,0,0,0,1,0,0
47869,0,0,0,0,0,0,1,0,0
47870,0,0,0,0,0,0,1,0,0
47871,0,0,0,0,0,0,1,0,0
47872,0,0,0,0,0,0,1,0,0
47873,0,0,0,0,0,0,1,0,0
47874,0,0,0,0,0,0,1,0,0
47875,0,0,0,0,0,0,1,0,0
47876,0,0,0,0,0,0,1,0,0
47877,0,0,0,0,0,0,1,0,0
47878,0,0,0,0,0,0,1,0,0
47879,0,0,0,0,0,0,1,0,0
47880,0,0,0,0,0,0,1,0,0
47881,0,0,0,0,0,0,1,0,0
47882,0,0,0,0,0,0,1,0,0
47883,0,0,0,0,0,0,1,0,0
47884,0,0,0,0,0,0,1,0,0
47885,0,0,0,0,0,0,1,0,0
47886,0,0,0,0,0,0,1,0,0
47887,0,0,0,0,0,0,1,0,0
47888,0,0,0,0,0,0,1,0,0
47889,0,0,0,0,0,0,1,0,0
47890,0,0,0,0,0,0,1,0,0
47891,0,0,0,0,0,0,1,0,0
47892,0,0,0,0,0,0,1,0,0
47893,0,0,0,0,0,0,1,0,0
47894,0,0,0,0,0,0,1,0,0
47895,0,0,0,0,0,0,1,0,0
47896,0,0,0,0,0,0,1,0,0
47897,0,0,0,0,0,0,1,0,0
47898,0,0,0,0,0,0,1,0,0
47899,0,0,0,0,0,0,1,0,0
47900,0,0,0,0,0,0,1,0,0
47901,0,0,0,0,0,0,1,0,0
47902,0,0,0,0,0,0,1,0,0
47903,0,0,0,0,0,0,1,0,0
47904,0,0,0,0,0,0,1,0,0
47905,0,0,0,0,0,0,1,0,0
47906,0,0,0,0,0,0,1,0,0
47907,0,0,0,0,0,0,1,0,0
47908,0,0,0,0,0,0,1,0,0
47909,0,0,0,0,0,0,1,0,0
47910,0,0,0,0,0,0,1,0,0
47911,0,0,0,0,0,0,1,0,0
47912,0,0,0,0,0,0,1,0,0
47913,0,0,0,0,0,0,1,0,0
47914,0,0,0,0,0,0,1,0,0
47915,0,0,0,0,0,0,1,0,0
47916,0,0,0,0,0,0,1,0,0
47917,0,0,0,0,0,0,1,0,0
47918,0,0,0,0,0,0,1,0,0
47919,0,0,0,0,0,0,1,0,0
47920,0,0,0,0,0,0,1,0,0
47921,0,0,0,0,0,0,1,0,0
47922,0,0,0,0,0,0,1,0,0
47923,0,0,0,0,0,0,1,0,0
47924,0,0,0,0,0,0,1,0,0
47925,0,0,0,0,0,0,1,0,0
47926,0,0,0,0,0,0,1,0,0
47927,0,0,0,0,0,0,1,0,0
47928,0,0,0,0,0,0,1,0,0
47929,0,0,0,0,0,0,1,0,0
47930,0,0,0,0,0,0,1,0,0
47931,0,0,0,0,0,0,1,0,0
47932,0,0,0,0,0,0,1,0,0
47933,0,0,0,0,0,0,1,0,0
47934,0,0,0,0,0,0,1,0,0
47935,0,0,0,0,0,0,1,0,0
47936,0,0,0,0,0,0,1,0,0
47937,0,0,0,0,0,0,1,0,0
47938,0,0,0,0,0,0,1,0,0
47939,0,0,0,0,0,0,1,0,0
47940,0,0,0,0,0,0,1,0,0
47941,0,0,0,0,0,0,1,0,0
47942,0,0,0,0,0,0,1,0,0
47943,0,0,0,0,0,0,1,0,0
47944,0,0,0,0,0,0,1,0,0
47945,0,0,0,0,0,0,1,0,0
47946,0,0,0,0,0,0,1,0,0
47947,0,0,0,0,0,0,1,0,0
47948,0,0,0,0,0,0,1,0,0
47949,0,0,0,0,0,0,1,0,0
47950,0,0,0,0,0,0,1,0,0
47951,0,0,0,0,0,0,1,0,0
47952,0,0,0,0,0,0,1,0,0
47953,0,0,0,0,0,0,1,0,0
47954,0,0,0,0,0,0,1,0,0
47955,0,0,0,0,0,0,1,0,0
47956,0,0,0,0,0,0,1,0,0
47957,0,0,0,0,0,0,1,0,0
47958,0,0,0,0,0,0,1,0,0
47959,0,0,0,0,0,0,1,0,0
47960,0,0,0,0,0,0,1,0,0
47961,0,0,0,0,0,0,1,0,0
47962,0,0,0,0,0,0,1,0,0
47963,0,0,0,0,0,0,1,0,0
47964,0,0,0,0,0,0,1,0,0
47965,0,0,0,0,0,0,1,0,0
47966,0,0,0,0,0,0,1,0,0
47967,0,0,0,0,0,0,1,0,0
47968,0,0,0,0,0,0,1,0,0
47969,0,0,0,0,0,0,1,0,0
47970,0,0,0,0,0,0,1,0,0
47971,0,0,0,0,0,0,1,0,0
47972,0,0,0,0,0,0,1,0,0
47973,0,0,0,0,0,0,1,0,0
47974,0,0,0,0,0,0,1,0,0
47975,0,0,0,0,0,0,1,0,0
47976,0,0,0,0,0,0,1,0,0
47977,0,0,0,0,0,0,1,0,0
47978,0,0,0,0,0,0,1,0,0
47979,0,0,0,0,0,0,1,0,0
47980,0,0,0,0,0,0,1,0,0
47981,0,0,0,0,0,0,1,0,0
47982,0,0,0,0,0,0,1,0,0
47983,0,0,0,0,0,0,1,0,0
47984,0,0,0,0,0,0,1,0,0
47985,0,0,0,0,0,0,1,0,0
47986,0,0,0,0,0,0,1,0,0
47987,0,0,0,0,0,0,1,0,0
47988,0,0,0,0,0,0,1,0,0
47989,0,0,0,0,0,0,1,0,0
47990,0,0,0,0,0,0,1,0,0
47991,0,0,0,0,0,0,1,0,0
47992,0,0,0,0,0,0,1,0,0
47993,0,0,0,0,0,0,1,0,0
47994,0,0,0,0,0,0,1,0,0
47995,0,0,0,0,0,0,1,0,0
47996,0,0,0,0,0,0,1,0,0
47997,0,0,0,0,0,0,1,0,0
47998,0,0,0,0,0,0,1,0,0
47999,0,0,0,0,0,0,1,0,0
48000,0,0,0,0,0,0,1,0,0
48001,0,0,0,0,0,0,1,0,0
48002,0,0,0,0,0,0,1,0,0
48003,0,0,0,0,0,0,1,0,0
48004,0,0,0,0,0,0,1,0,0
48005,0,0,0,0,0,0,1,0,0
48006,0,0,0,0,0,0,1,0,0
48007,0,0,0,0,0,0,1,0,0
48008,0,0,0,0,0,0,1,0,0
48009,0,0,0,0,0,0,1,0,0
48010,0,0,0,0,0,0,1,0,0
48011,0,0,0,0,0,0,1,0,0
48012,0,0,0,0,0,0,1,0,0
48013,0,0,0,0,0,0,1,0,0
48014,0,0,0,0,0,0,1,0,0
48015,0,0,0,0,0,0,1,0,0
48016,0,0,0,0,0,0,1,0,0
48017,0,0,0,0,0,0,1,0,0
48018,0,0,0,0,0,0,1,0,0
48019,0,0,0,0,0,0,1,0,0
48020,0,0,0,0,0,0,1,0,0
48021,0,0,0,0,0,0,1,0,0
48022,0,0,0,0,0,0,1,0,0
48023,0,0,0,0,0,0,1,0,0
48024,0,0,0,0,0,0,1,0,0
48025,0,0,0,0,0,0,1,0,0
48026,0,0,0,0,0,0,1,0,0
48027,0,0,0,0,0,0,1,0,0
48028,0,0,0,0,0,0,1,0,0
48029,0,0,0,0,0,0,1,0,0
48030,0,0,0,0,0,0,1,0,0
48031,0,0,0,0,0,0,1,0,0
48032,0,0,0,0,0,0,1,0,0
48033,0,0,0,0,0,0,1,0,0
48034,0,0,0,0,0,0,1,0,0
48035,0,0,0,0,0,0,1,0,0
48036,0,0,0,0,0,0,1,0,0
48037,0,0,0,0,0,0,1,0,0
48038,0,0,0,0,0,0,1,0,0
48039,0,0,0,0,0,0,1,0,0
48040,0,0,0,0,0,0,1,0,0
48041,0,0,0,0,0,0,1,0,0
48042,0,0,0,0,0,0,1,0,0
48043,0,0,0,0,0,0,1,0,0
48044,0,0,0,0,0,0,1,0,0
48045,0,0,0,0,0,0,1,0,0
48046,0,0,0,0,0,0,1,0,0
48047,0,0,0,0,0,0,1,0,0
48048,0,0,0,0,0,0,1,0,0
48049,0,0,0,0,0,0,1,0,0
48050,0,0,0,0,0,0,1,0,0
48051,0,0,0,0,0,0,1,0,0
48052,0,0,0,0,0,0,1,0,0
48053,0,0,0,0,0,0,1,0,0
48054,0,0,0,0,0,0,1,0,0
48055,0,0,0,0,0,0,1,0,0
48056,0,0,0,0,0,0,1,0,0
48057,0,0,0,0,0,0,1,0,0
48058,0,0,0,0,0,0,1,0,0
48059,0,0,0,0,0,0,1,0,0
48060,0,0,0,0,0,0,1,0,0
48061,0,0,0,0,0,0,1,0,0
48062,0,0,0,0,0,0,1,0,0
48063,0,0,0,0,0,0,1,0,0
48064,0,0,0,0,0,0,1,0,0
48065,0,0,0,0,0,0,1,0,0
48066,0,0,0,0,0,0,1,0,0
48067,0,0,0,0,0,0,1,0,0
48068,0,0,0,0,0,0,1,0,0
48069,0,0,0,0,0,0,1,0,0
48070,0,0,0,0,0,0,1,0,0
48071,0,0,0,0,0,0,1,0,0
48072,0,0,0,0,0,0,1,0,0
48073,0,0,0,0,0,0,1,0,0
48074,0,0,0,0,0,0,1,0,0
48075,0,0,0,0,0,0,1,0,0
48076,0,0,0,0,0,0,1,0,0
48077,0,0,0,0,0,0,1,0,0
48078,0,0,0,0,0,0,1,0,0
48079,0,0,0,0,0,0,1,0,0
48080,0,0,0,0,0,0,1,0,0
48081,0,0,0,0,0,0,1,0,0
48082,0,0,0,0,0,0,1,0,0
48083,0,0,0,0,0,0,1,0,0
48084,0,0,0,0,0,0,1,0,0
48085,0,0,0,0,0,0,1,0,0
48086,0,0,0,0,0,0,1,0,0
48087,0,0,0,0,0,0,1,0,0
48088,0,0,0,0,0,0,1,0,0
48089,0,0,0,0,0,0,1,0,0
48090,0,0,0,0,0,0,1,0,0
48091,0,0,0,0,0,0,1,0,0
48092,0,0,0,0,0,0,1,0,0
48093,0,0,0,0,0,0,1,0,0
48094,0,0,0,0,0,0,1,0,0
48095,0,0,0,0,0,0,1,0,0
48096,0,0,0,0,0,0,1,0,0
48097,0,0,0,0,0,0,1,0,0
48098,0,0,0,0,0,0,1,0,0
48099,0,0,0,0,0,0,1,0,0
48100,0,0,0,0,0,0,1,0,0
48101,0,0,0,0,0,0,1,0,0
48102,0,0,0,0,0,0,1,0,0
48103,0,0,0,0,0,0,1,0,0
48104,0,0,0,0,0,0,1,0,0
48105,0,0,0,0,0,0,1,0,0
48106,0,0,0,0,0,0,1,0,0
48107,0,0,0,0,0,0,1,0,0
48108,0,0,0,0,0,0,1,0,0
48109,0,0,0,0,0,0,1,0,0
48110,0,0,0,0,0,0,1,0,0
48111,0,0,0,0,0,0,1,0,0
48112,0,0,0,0,0,0,1,0,0
48113,0,0,0,0,0,0,1,0,0
48114,0,0,0,0,0,0,1,0,0
48115,0,0,0,0,0,0,1,0,0
48116,0,0,0,0,0,0,1,0,0
48117,0,0,0,0,0,0,1,0,0
48118,0,0,0,0,0,0,1,0,0
48119,0,0,0,0,0,0,1,0,0
48120,0,0,0,0,0,0,1,0,0
48121,0,0,0,0,0,0,1,0,0
48122,0,0,0,0,0,0,1,0,0
48123,0,0,0,0,0,0,1,0,0
48124,0,0,0,0,0,0,1,0,0
48125,0,0,0,0,0,0,1,0,0
48126,0,0,0,0,0,0,1,0,0
48127,0,0,0,0,0,0,1,0,0
48128,0,0,0,0,0,0,1,0,0
48129,0,0,0,0,0,0,1,0,0
48130,0,0,0,0,0,0,1,0,0
48131,0,0,0,0,0,0,1,0,0
48132,0,0,0,0,0,0,1,0,0
48133,0,0,0,0,0,0,1,0,0
48134,0,0,0,0,0,0,1,0,0
48135,0,0,0,0,0,0,1,0,0
48136,0,0,0,0,0,0,1,0,0
48137,0,0,0,0,0,0,1,0,0
48138,0,0,0,0,0,0,1,0,0
48139,0,0,0,0,0,0,1,0,0
48140,0,0,0,0,0,0,1,0,0
48141,0,0,0,0,0,0,1,0,0
48142,0,0,0,0,0,0,1,0,0
48143,0,0,0,0,0,0,1,0,0
48144,0,0,0,0,0,0,1,0,0
48145,0,0,0,0,0,0,1,0,0
48146,0,0,0,0,0,0,1,0,0
48147,0,0,0,0,0,0,1,0,0
48148,0,0,0,0,0,0,1,0,0
48149,0,0,0,0,0,0,1,0,0
48150,0,0,0,0,0,0,1,0,0
48151,0,0,0,0,0,0,1,0,0
48152,0,0,0,0,0,0,1,0,0
48153,0,0,0,0,0,0,1,0,0
48154,0,0,0,0,0,0,1,0,0
48155,0,0,0,0,0,0,1,0,0
48156,0,0,0,0,0,0,1,0,0
48157,0,0,0,0,0,0,1,0,0
48158,0,0,0,0,0,0,1,0,0
48159,0,0,0,0,0,0,1,0,0
48160,0,0,0,0,0,0,1,0,0
48161,0,0,0,0,0,0,1,0,0
48162,0,0,0,0,0,0,1,0,0
48163,0,0,0,0,0,0,1,0,0
48164,0,0,0,0,0,0,1,0,0
48165,0,0,0,0,0,0,1,0,0
48166,0,0,0,0,0,0,1,0,0
48167,0,0,0,0,0,0,1,0,0
48168,0,0,0,0,0,0,1,0,0
48169,0,0,0,0,0,0,1,0,0
48170,0,0,0,0,0,0,1,0,0
48171,0,0,0,0,0,0,1,0,0
48172,0,0,0,0,0,0,1,0,0
48173,0,0,0,0,0,0,1,0,0
48174,0,0,0,0,0,0,1,0,0
48175,0,0,0,0,0,0,1,0,0
48176,0,0,0,0,0,0,1,0,0
48177,0,0,0,0,0,0,1,0,0
48178,0,0,0,0,0,0,1,0,0
48179,0,0,0,0,0,0,1,0,0
48180,0,0,0,0,0,0,1,0,0
48181,0,0,0,0,0,0,1,0,0
48182,0,0,0,0,0,0,1,0,0
48183,0,0,0,0,0,0,1,0,0
48184,0,0,0,0,0,0,1,0,0
48185,0,0,0,0,0,0,1,0,0
48186,0,0,0,0,0,0,1,0,0
48187,0,0,0,0,0,0,1,0,0
48188,0,0,0,0,0,0,1,0,0
48189,0,0,0,0,0,0,1,0,0
48190,0,0,0,0,0,0,1,0,0
48191,0,0,0,0,0,0,1,0,0
48192,0,0,0,0,0,0,1,0,0
48193,0,0,0,0,0,0,1,0,0
48194,0,0,0,0,0,0,1,0,0
48195,0,0,0,0,0,0,1,0,0
48196,0,0,0,0,0,0,1,0,0
48197,0,0,0,0,0,0,1,0,0
48198,0,0,0,0,0,0,1,0,0
48199,0,0,0,0,0,0,1,0,0
48200,0,0,0,0,0,0,1,0,0
48201,0,0,0,0,0,0,1,0,0
48202,0,0,0,0,0,0,1,0,0
48203,0,0,0,0,0,0,1,0,0
48204,0,0,0,0,0,0,1,0,0
48205,0,0,0,0,0,0,1,0,0
48206,0,0,0,0,0,0,1,0,0
48207,0,0,0,0,0,0,1,0,0
48208,0,0,0,0,0,0,1,0,0
48209,0,0,0,0,0,0,1,0,0
48210,0,0,0,0,0,0,1,0,0
48211,0,0,0,0,0,0,1,0,0
48212,0,0,0,0,0,0,1,0,0
48213,0,0,0,0,0,0,1,0,0
48214,0,0,0,0,0,0,1,0,0
48215,0,0,0,0,0,0,1,0,0
48216,0,0,0,0,0,0,1,0,0
48217,0,0,0,0,0,0,1,0,0
48218,0,0,0,0,0,0,1,0,0
48219,0,0,0,0,0,0,1,0,0
48220,0,0,0,0,0,0,1,0,0
48221,0,0,0,0,0,0,1,0,0
48222,0,0,0,0,0,0,1,0,0
48223,0,0,0,0,0,0,1,0,0
48224,0,0,0,0,0,0,1,0,0
48225,0,0,0,0,0,0,1,0,0
48226,0,0,0,0,0,0,1,0,0
48227,0,0,0,0,0,0,1,0,0
48228,0,0,0,0,0,0,1,0,0
48229,0,0,0,0,0,0,1,0,0
48230,0,0,0,0,0,0,1,0,0
48231,0,0,0,0,0,0,1,0,0
48232,0,0,0,0,0,0,1,0,0
48233,0,0,0,0,0,0,1,0,0
48234,0,0,0,0,0,0,1,0,0
48235,0,0,0,0,0,0,1,0,0
48236,0,0,0,0,0,0,1,0,0
48237,0,0,0,0,0,0,1,0,0
48238,0,0,0,0,0,0,1,0,0
48239,0,0,0,0,0,0,1,0,0
48240,0,0,0,0,0,0,1,0,0
48241,0,0,0,0,0,0,1,0,0
48242,0,0,0,0,0,0,1,0,0
48243,0,0,0,0,0,0,1,0,0
48244,0,0,0,0,0,0,1,0,0
48245,0,0,0,0,0,0,1,0,0
48246,0,0,0,0,0,0,1,0,0
48247,0,0,0,0,0,0,1,0,0
48248,0,0,0,0,0,0,1,0,0
48249,0,0,0,0,0,0,1,0,0
48250,0,0,0,0,0,0,1,0,0
48251,0,0,0,0,0,0,1,0,0
48252,0,0,0,0,0,0,1,0,0
48253,0,0,0,0,0,0,1,0,0
48254,0,0,0,0,0,0,1,0,0
48255,0,0,0,0,0,0,1,0,0
48256,0,0,0,0,0,0,1,0,0
48257,0,0,0,0,0,0,1,0,0
48258,0,0,0,0,0,0,1,0,0
48259,0,0,0,0,0,0,1,0,0
48260,0,0,0,0,0,0,1,0,0
48261,0,0,0,0,0,0,1,0,0
48262,0,0,0,0,0,0,1,0,0
48263,0,0,0,0,0,0,1,0,0
48264,0,0,0,0,0,0,1,0,0
48265,0,0,0,0,0,0,1,0,0
48266,0,0,0,0,0,0,1,0,0
48267,0,0,0,0,0,0,1,0,0
48268,0,0,0,0,0,0,1,0,0
48269,0,0,0,0,0,0,1,0,0
48270,0,0,0,0,0,0,1,0,0
48271,0,0,0,0,0,0,1,0,0
48272,0,0,0,0,0,0,1,0,0
48273,0,0,0,0,0,0,1,0,0
48274,0,0,0,0,0,0,1,0,0
48275,0,0,0,0,0,0,1,0,0
48276,0,0,0,0,0,0,1,0,0
48277,0,0,0,0,0,0,1,0,0
48278,0,0,0,0,0,0,1,0,0
48279,0,0,0,0,0,0,1,0,0
48280,0,0,0,0,0,0,1,0,0
48281,0,0,0,0,0,0,1,0,0
48282,0,0,0,0,0,0,1,0,0
48283,0,0,0,0,0,0,1,0,0
48284,0,0,0,0,0,0,1,0,0
48285,0,0,0,0,0,0,1,0,0
48286,0,0,0,0,0,0,1,0,0
48287,0,0,0,0,0,0,1,0,0
48288,0,0,0,0,0,0,1,0,0
48289,0,0,0,0,0,0,1,0,0
48290,0,0,0,0,0,0,1,0,0
48291,0,0,0,0,0,0,1,0,0
48292,0,0,0,0,0,0,1,0,0
48293,0,0,0,0,0,0,1,0,0
48294,0,0,0,0,0,0,1,0,0
48295,0,0,0,0,0,0,1,0,0
48296,0,0,0,0,0,0,1,0,0
48297,0,0,0,0,0,0,1,0,0
48298,0,0,0,0,0,0,1,0,0
48299,0,0,0,0,0,0,1,0,0
48300,0,0,0,0,0,0,1,0,0
48301,0,0,0,0,0,0,1,0,0
48302,0,0,0,0,0,0,1,0,0
48303,0,0,0,0,0,0,1,0,0
48304,0,0,0,0,0,0,1,0,0
48305,0,0,0,0,0,0,1,0,0
48306,0,0,0,0,0,0,1,0,0
48307,0,0,0,0,0,0,1,0,0
48308,0,0,0,0,0,0,1,0,0
48309,0,0,0,0,0,0,1,0,0
48310,0,0,0,0,0,0,1,0,0
48311,0,0,0,0,0,0,1,0,0
48312,0,0,0,0,0,0,1,0,0
48313,0,0,0,0,0,0,1,0,0
48314,0,0,0,0,0,0,1,0,0
48315,0,0,0,0,0,0,1,0,0
48316,0,0,0,0,0,0,1,0,0
48317,0,0,0,0,0,0,1,0,0
48318,0,0,0,0,0,0,1,0,0
48319,0,0,0,0,0,0,1,0,0
48320,0,0,0,0,0,0,1,0,0
48321,0,0,0,0,0,0,1,0,0
48322,0,0,0,0,0,0,1,0,0
48323,0,0,0,0,0,0,1,0,0
48324,0,0,0,0,0,0,1,0,0
48325,0,0,0,0,0,0,1,0,0
48326,0,0,0,0,0,0,1,0,0
48327,0,0,0,0,0,0,1,0,0
48328,0,0,0,0,0,0,1,0,0
48329,0,0,0,0,0,0,1,0,0
48330,0,0,0,0,0,0,1,0,0
48331,0,0,0,0,0,0,1,0,0
48332,0,0,0,0,0,0,1,0,0
48333,0,0,0,0,0,0,1,0,0
48334,0,0,0,0,0,0,1,0,0
48335,0,0,0,0,0,0,1,0,0
48336,0,0,0,0,0,0,1,0,0
48337,0,0,0,0,0,0,1,0,0
48338,0,0,0,0,0,0,1,0,0
48339,0,0,0,0,0,0,1,0,0
48340,0,0,0,0,0,0,1,0,0
48341,0,0,0,0,0,0,1,0,0
48342,0,0,0,0,0,0,1,0,0
48343,0,0,0,0,0,0,1,0,0
48344,0,0,0,0,0,0,1,0,0
48345,0,0,0,0,0,0,1,0,0
48346,0,0,0,0,0,0,1,0,0
48347,0,0,0,0,0,0,1,0,0
48348,0,0,0,0,0,0,1,0,0
48349,0,0,0,0,0,0,1,0,0
48350,0,0,0,0,0,0,1,0,0
48351,0,0,0,0,0,0,1,0,0
48352,0,0,0,0,0,0,1,0,0
48353,0,0,0,0,0,0,1,0,0
48354,0,0,0,0,0,0,1,0,0
48355,0,0,0,0,0,0,1,0,0
48356,0,0,0,0,0,0,1,0,0
48357,0,0,0,0,0,0,1,0,0
48358,0,0,0,0,0,0,1,0,0
48359,0,0,0,0,0,0,1,0,0
48360,0,0,0,0,0,0,1,0,0
48361,0,0,0,0,0,0,1,0,0
48362,0,0,0,0,0,0,1,0,0
48363,0,0,0,0,0,0,1,0,0
48364,0,0,0,0,0,0,1,0,0
48365,0,0,0,0,0,0,1,0,0
48366,0,0,0,0,0,0,1,0,0
48367,0,0,0,0,0,0,1,0,0
48368,0,0,0,0,0,0,1,0,0
48369,0,0,0,0,0,0,1,0,0
48370,0,0,0,0,0,0,1,0,0
48371,0,0,0,0,0,0,1,0,0
48372,0,0,0,0,0,0,1,0,0
48373,0,0,0,0,0,0,1,0,0
48374,0,0,0,0,0,0,1,0,0
48375,0,0,0,0,0,0,1,0,0
48376,0,0,0,0,0,0,1,0,0
48377,0,0,0,0,0,0,1,0,0
48378,0,0,0,0,0,0,1,0,0
48379,0,0,0,0,0,0,1,0,0
48380,0,0,0,0,0,0,1,0,0
48381,0,0,0,0,0,0,1,0,0
48382,0,0,0,0,0,0,1,0,0
48383,0,0,0,0,0,0,1,0,0
48384,0,0,0,0,0,0,1,0,0
48385,0,0,0,0,0,0,1,0,0
48386,0,0,0,0,0,0,1,0,0
48387,0,0,0,0,0,0,1,0,0
48388,0,0,0,0,0,0,1,0,0
48389,0,0,0,0,0,0,1,0,0
48390,0,0,0,0,0,0,1,0,0
48391,0,0,0,0,0,0,1,0,0
48392,0,0,0,0,0,0,1,0,0
48393,0,0,0,0,0,0,1,0,0
48394,0,0,0,0,0,0,1,0,0
48395,0,0,0,0,0,0,1,0,0
48396,0,0,0,0,0,0,1,0,0
48397,0,0,0,0,0,0,1,0,0
48398,0,0,0,0,0,0,1,0,0
48399,0,0,0,0,0,0,1,0,0
48400,0,0,0,0,0,0,1,0,0
48401,0,0,0,0,0,0,1,0,0
48402,0,0,0,0,0,0,1,0,0
48403,0,0,0,0,0,0,1,0,0
48404,0,0,0,0,0,0,1,0,0
48405,0,0,0,0,0,0,1,0,0
48406,0,0,0,0,0,0,1,0,0
48407,0,0,0,0,0,0,1,0,0
48408,0,0,0,0,0,0,1,0,0
48409,0,0,0,0,0,0,1,0,0
48410,0,0,0,0,0,0,1,0,0
48411,0,0,0,0,0,0,1,0,0
48412,0,0,0,0,0,0,1,0,0
48413,0,0,0,0,0,0,1,0,0
48414,0,0,0,0,0,0,1,0,0
48415,0,0,0,0,0,0,1,0,0
48416,0,0,0,0,0,0,1,0,0
48417,0,0,0,0,0,0,1,0,0
48418,0,0,0,0,0,0,1,0,0
48419,0,0,0,0,0,0,1,0,0
48420,0,0,0,0,0,0,1,0,0
48421,0,0,0,0,0,0,1,0,0
48422,0,0,0,0,0,0,1,0,0
48423,0,0,0,0,0,0,1,0,0
48424,0,0,0,0,0,0,1,0,0
48425,0,0,0,0,0,0,1,0,0
48426,0,0,0,0,0,0,1,0,0
48427,0,0,0,0,0,0,1,0,0
48428,0,0,0,0,0,0,1,0,0
48429,0,0,0,0,0,0,1,0,0
48430,0,0,0,0,0,0,1,0,0
48431,0,0,0,0,0,0,1,0,0
48432,0,0,0,0,0,0,1,0,0
48433,0,0,0,0,0,0,1,0,0
48434,0,0,0,0,0,0,1,0,0
48435,0,0,0,0,0,0,1,0,0
48436,0,0,0,0,0,0,1,0,0
48437,0,0,0,0,0,0,1,0,0
48438,0,0,0,0,0,0,1,0,0
48439,0,0,0,0,0,0,1,0,0
48440,0,0,0,0,0,0,1,0,0
48441,0,0,0,0,0,0,1,0,0
48442,0,0,0,0,0,0,1,0,0
48443,0,0,0,0,0,0,1,0,0
48444,0,0,0,0,0,0,1,0,0
48445,0,0,0,0,0,0,1,0,0
48446,0,0,0,0,0,0,1,0,0
48447,0,0,0,0,0,0,1,0,0
48448,0,0,0,0,0,0,1,0,0
48449,0,0,0,0,0,0,1,0,0
48450,0,0,0,0,0,0,1,0,0
48451,0,0,0,0,0,0,1,0,0
48452,0,0,0,0,0,0,1,0,0
48453,0,0,0,0,0,0,1,0,0
48454,0,0,0,0,0,0,1,0,0
48455,0,0,0,0,0,0,1,0,0
48456,0,0,0,0,0,0,1,0,0
48457,0,0,0,0,0,0,1,0,0
48458,0,0,0,0,0,0,1,0,0
48459,0,0,0,0,0,0,1,0,0
48460,0,0,0,0,0,0,0,1,0
48461,0,0,0,0,0,0,0,1,0
48462,0,0,0,0,0,0,0,1,0
48463,0,0,0,0,0,0,0,1,0
48464,0,0,0,0,0,0,0,1,0
48465,0,0,0,0,0,0,0,1,0
48466,0,0,0,0,0,0,0,1,0
48467,0,0,0,0,0,0,0,1,0
48468,0,0,0,0,0,0,0,1,0
48469,0,0,0,0,0,0,0,1,0
48470,0,0,0,0,0,0,0,1,0
48471,0,0,0,0,0,0,0,1,0
48472,0,0,0,0,0,0,0,1,0
48473,0,0,0,0,0,0,0,1,0
48474,0,0,0,0,0,0,0,1,0
48475,0,0,0,0,0,0,0,1,0
48476,0,0,0,0,0,0,0,1,0
48477,0,0,0,0,0,0,0,1,0
48478,0,0,0,0,0,0,0,1,0
48479,0,0,0,0,0,0,0,1,0
48480,0,0,0,0,0,0,0,1,0
48481,0,0,0,0,0,0,0,1,0
48482,0,0,0,0,0,0,0,1,0
48483,0,0,0,0,0,0,0,1,0
48484,0,0,0,0,0,0,0,1,0
48485,0,0,0,0,0,0,0,1,0
48486,0,0,0,0,0,0,0,1,0
48487,0,0,0,0,0,0,0,1,0
48488,0,0,0,0,0,0,0,1,0
48489,0,0,0,0,0,0,0,1,0
48490,0,0,0,0,0,0,0,1,0
48491,0,0,0,0,0,0,0,1,0
48492,0,0,0,0,0,0,0,1,0
48493,0,0,0,0,0,0,0,1,0
48494,0,0,0,0,0,0,0,1,0
48495,0,0,0,0,0,0,0,1,0
48496,0,0,0,0,0,0,0,1,0
48497,0,0,0,0,0,0,0,1,0
48498,0,0,0,0,0,0,0,1,0
48499,0,0,0,0,0,0,0,1,0
48500,0,0,0,0,0,0,0,1,0
48501,0,0,0,0,0,0,0,1,0
48502,0,0,0,0,0,0,0,1,0
48503,0,0,0,0,0,0,0,1,0
48504,0,0,0,0,0,0,0,1,0
48505,0,0,0,0,0,0,0,1,0
48506,0,0,0,0,0,0,0,1,0
48507,0,0,0,0,0,0,0,1,0
48508,0,0,0,0,0,0,0,1,0
48509,0,0,0,0,0,0,0,1,0
48510,0,0,0,0,0,0,0,1,0
48511,0,0,0,0,0,0,0,1,0
48512,0,0,0,0,0,0,0,1,0
48513,0,0,0,0,0,0,0,1,0
48514,0,0,0,0,0,0,0,1,0
48515,0,0,0,0,0,0,0,1,0
48516,0,0,0,0,0,0,0,1,0
48517,0,0,0,0,0,0,0,1,0
48518,0,0,0,0,0,0,0,1,0
48519,0,0,0,0,0,0,0,1,0
48520,0,0,0,0,0,0,0,1,0
48521,0,0,0,0,0,0,0,1,0
48522,0,0,0,0,0,0,0,1,0
48523,0,0,0,0,0,0,0,1,0
48524,0,0,0,0,0,0,0,1,0
48525,0,0,0,0,0,0,0,1,0
48526,0,0,0,0,0,0,0,1,0
48527,0,0,0,0,0,0,0,1,0
48528,0,0,0,0,0,0,0,1,0
48529,0,0,0,0,0,0,0,1,0
48530,0,0,0,0,0,0,0,1,0
48531,0,0,0,0,0,0,0,1,0
48532,0,0,0,0,0,0,0,1,0
48533,0,0,0,0,0,0,0,1,0
48534,0,0,0,0,0,0,0,1,0
48535,0,0,0,0,0,0,0,1,0
48536,0,0,0,0,0,0,0,1,0
48537,0,0,0,0,0,0,0,1,0
48538,0,0,0,0,0,0,0,1,0
48539,0,0,0,0,0,0,0,1,0
48540,0,0,0,0,0,0,0,1,0
48541,0,0,0,0,0,0,0,1,0
48542,0,0,0,0,0,0,0,1,0
48543,0,0,0,0,0,0,0,1,0
48544,0,0,0,0,0,0,0,1,0
48545,0,0,0,0,0,0,0,1,0
48546,0,0,0,0,0,0,0,1,0
48547,0,0,0,0,0,0,0,1,0
48548,0,0,0,0,0,0,0,1,0
48549,0,0,0,0,0,0,0,1,0
48550,0,0,0,0,0,0,0,1,0
48551,0,0,0,0,0,0,0,1,0
48552,0,0,0,0,0,0,0,1,0
48553,0,0,0,0,0,0,0,1,0
48554,0,0,0,0,0,0,0,1,0
48555,0,0,0,0,0,0,0,1,0
48556,0,0,0,0,0,0,0,1,0
48557,0,0,0,0,0,0,0,1,0
48558,0,0,0,0,0,0,0,1,0
48559,0,0,0,0,0,0,0,1,0
48560,0,0,0,0,0,0,0,1,0
48561,0,0,0,0,0,0,0,1,0
48562,0,0,0,0,0,0,0,1,0
48563,0,0,0,0,0,0,0,1,0
48564,0,0,0,0,0,0,0,1,0
48565,0,0,0,0,0,0,0,1,0
48566,0,0,0,0,0,0,0,1,0
48567,0,0,0,0,0,0,0,1,0
48568,0,0,0,0,0,0,0,1,0
48569,0,0,0,0,0,0,0,1,0
48570,0,0,0,0,0,0,0,1,0
48571,0,0,0,0,0,0,0,1,0
48572,0,0,0,0,0,0,0,1,0
48573,0,0,0,0,0,0,0,1,0
48574,0,0,0,0,0,0,0,1,0
48575,0,0,0,0,0,0,0,1,0
48576,0,0,0,0,0,0,0,1,0
48577,0,0,0,0,0,0,0,1,0
48578,0,0,0,0,0,0,0,1,0
48579,0,0,0,0,0,0,0,1,0
48580,0,0,0,0,0,0,0,1,0
48581,0,0,0,0,0,0,0,1,0
48582,0,0,0,0,0,0,0,1,0
48583,0,0,0,0,0,0,0,1,0
48584,0,0,0,0,0,0,0,1,0
48585,0,0,0,0,0,0,0,1,0
48586,0,0,0,0,0,0,0,1,0
48587,0,0,0,0,0,0,0,1,0
48588,0,0,0,0,0,0,0,1,0
48589,0,0,0,0,0,0,0,1,0
48590,0,0,0,0,0,0,0,1,0
48591,0,0,0,0,0,0,0,1,0
48592,0,0,0,0,0,0,0,1,0
48593,0,0,0,0,0,0,0,1,0
48594,0,0,0,0,0,0,0,1,0
48595,0,0,0,0,0,0,0,1,0
48596,0,0,0,0,0,0,0,1,0
48597,0,0,0,0,0,0,0,1,0
48598,0,0,0,0,0,0,0,1,0
48599,0,0,0,0,0,0,0,1,0
48600,0,0,0,0,0,0,0,1,0
48601,0,0,0,0,0,0,0,1,0
48602,0,0,0,0,0,0,0,1,0
48603,0,0,0,0,0,0,0,1,0
48604,0,0,0,0,0,0,0,1,0
48605,0,0,0,0,0,0,0,1,0
48606,0,0,0,0,0,0,0,1,0
48607,0,0,0,0,0,0,0,1,0
48608,0,0,0,0,0,0,0,1,0
48609,0,0,0,0,0,0,0,1,0
48610,0,0,0,0,0,0,0,1,0
48611,0,0,0,0,0,0,0,1,0
48612,0,0,0,0,0,0,0,1,0
48613,0,0,0,0,0,0,0,1,0
48614,0,0,0,0,0,0,0,1,0
48615,0,0,0,0,0,0,0,1,0
48616,0,0,0,0,0,0,0,1,0
48617,0,0,0,0,0,0,0,1,0
48618,0,0,0,0,0,0,0,1,0
48619,0,0,0,0,0,0,0,1,0
48620,0,0,0,0,0,0,0,1,0
48621,0,0,0,0,0,0,0,1,0
48622,0,0,0,0,0,0,0,1,0
48623,0,0,0,0,0,0,0,1,0
48624,0,0,0,0,0,0,0,1,0
48625,0,0,0,0,0,0,0,1,0
48626,0,0,0,0,0,0,0,1,0
48627,0,0,0,0,0,0,0,1,0
48628,0,0,0,0,0,0,0,1,0
48629,0,0,0,0,0,0,0,1,0
48630,0,0,0,0,0,0,0,1,0
48631,0,0,0,0,0,0,0,1,0
48632,0,0,0,0,0,0,0,1,0
48633,0,0,0,0,0,0,0,1,0
48634,0,0,0,0,0,0,0,1,0
48635,0,0,0,0,0,0,0,1,0
48636,0,0,0,0,0,0,0,1,0
48637,0,0,0,0,0,0,0,1,0
48638,0,0,0,0,0,0,0,1,0
48639,0,0,0,0,0,0,0,1,0
48640,0,0,0,0,0,0,0,1,0
48641,0,0,0,0,0,0,0,1,0
48642,0,0,0,0,0,0,0,1,0
48643,0,0,0,0,0,0,0,1,0
48644,0,0,0,0,0,0,0,1,0
48645,0,0,0,0,0,0,0,1,0
48646,0,0,0,0,0,0,0,1,0
48647,0,0,0,0,0,0,0,1,0
48648,0,0,0,0,0,0,0,1,0
48649,0,0,0,0,0,0,0,1,0
48650,0,0,0,0,0,0,0,1,0
48651,0,0,0,0,0,0,0,1,0
48652,0,0,0,0,0,0,0,1,0
48653,0,0,0,0,0,0,0,1,0
48654,0,0,0,0,0,0,0,1,0
48655,0,0,0,0,0,0,0,1,0
48656,0,0,0,0,0,0,0,1,0
48657,0,0,0,0,0,0,0,1,0
48658,0,0,0,0,0,0,0,1,0
48659,0,0,0,0,0,0,0,1,0
48660,0,0,0,0,0,0,0,1,0
48661,0,0,0,0,0,0,0,1,0
48662,0,0,0,0,0,0,0,1,0
48663,0,0,0,0,0,0,0,1,0
48664,0,0,0,0,0,0,0,1,0
48665,0,0,0,0,0,0,0,1,0
48666,0,0,0,0,0,0,0,1,0
48667,0,0,0,0,0,0,0,1,0
48668,0,0,0,0,0,0,0,1,0
48669,0,0,0,0,0,0,0,1,0
48670,0,0,0,0,0,0,0,1,0
48671,0,0,0,0,0,0,0,1,0
48672,0,0,0,0,0,0,0,1,0
48673,0,0,0,0,0,0,0,1,0
48674,0,0,0,0,0,0,0,1,0
48675,0,0,0,0,0,0,0,1,0
48676,0,0,0,0,0,0,0,1,0
48677,0,0,0,0,0,0,0,1,0
48678,0,0,0,0,0,0,0,1,0
48679,0,0,0,0,0,0,0,1,0
48680,0,0,0,0,0,0,0,1,0
48681,0,0,0,0,0,0,0,1,0
48682,0,0,0,0,0,0,0,1,0
48683,0,0,0,0,0,0,0,1,0
48684,0,0,0,0,0,0,0,1,0
48685,0,0,0,0,0,0,0,1,0
48686,0,0,0,0,0,0,0,1,0
48687,0,0,0,0,0,0,0,1,0
48688,0,0,0,0,0,0,0,1,0
48689,0,0,0,0,0,0,0,1,0
48690,0,0,0,0,0,0,0,1,0
48691,0,0,0,0,0,0,0,1,0
48692,0,0,0,0,0,0,0,1,0
48693,0,0,0,0,0,0,0,1,0
48694,0,0,0,0,0,0,0,1,0
48695,0,0,0,0,0,0,0,1,0
48696,0,0,0,0,0,0,0,1,0
48697,0,0,0,0,0,0,0,1,0
48698,0,0,0,0,0,0,0,1,0
48699,0,0,0,0,0,0,0,1,0
48700,0,0,0,0,0,0,0,1,0
48701,0,0,0,0,0,0,0,1,0
48702,0,0,0,0,0,0,0,1,0
48703,0,0,0,0,0,0,0,1,0
48704,0,0,0,0,0,0,0,1,0
48705,0,0,0,0,0,0,0,1,0
48706,0,0,0,0,0,0,0,1,0
48707,0,0,0,0,0,0,0,1,0
48708,0,0,0,0,0,0,0,1,0
48709,0,0,0,0,0,0,0,1,0
48710,0,0,0,0,0,0,0,1,0
48711,0,0,0,0,0,0,0,1,0
48712,0,0,0,0,0,0,0,1,0
48713,0,0,0,0,0,0,0,1,0
48714,0,0,0,0,0,0,0,1,0
48715,0,0,0,0,0,0,0,1,0
48716,0,0,0,0,0,0,0,1,0
48717,0,0,0,0,0,0,0,1,0
48718,0,0,0,0,0,0,0,1,0
48719,0,0,0,0,0,0,0,1,0
48720,0,0,0,0,0,0,0,1,0
48721,0,0,0,0,0,0,0,1,0
48722,0,0,0,0,0,0,0,1,0
48723,0,0,0,0,0,0,0,1,0
48724,0,0,0,0,0,0,0,1,0
48725,0,0,0,0,0,0,0,1,0
48726,0,0,0,0,0,0,0,1,0
48727,0,0,0,0,0,0,0,1,0
48728,0,0,0,0,0,0,0,1,0
48729,0,0,0,0,0,0,0,1,0
48730,0,0,0,0,0,0,0,1,0
48731,0,0,0,0,0,0,0,1,0
48732,0,0,0,0,0,0,0,1,0
48733,0,0,0,0,0,0,0,1,0
48734,0,0,0,0,0,0,0,1,0
48735,0,0,0,0,0,0,0,1,0
48736,0,0,0,0,0,0,0,1,0
48737,0,0,0,0,0,0,0,1,0
48738,0,0,0,0,0,0,0,1,0
48739,0,0,0,0,0,0,0,1,0
48740,0,0,0,0,0,0,0,1,0
48741,0,0,0,0,0,0,0,1,0
48742,0,0,0,0,0,0,0,1,0
48743,0,0,0,0,0,0,0,1,0
48744,0,0,0,0,0,0,0,1,0
48745,0,0,0,0,0,0,0,1,0
48746,0,0,0,0,0,0,0,1,0
48747,0,0,0,0,0,0,0,1,0
48748,0,0,0,0,0,0,0,1,0
48749,0,0,0,0,0,0,0,1,0
48750,0,0,0,0,0,0,0,1,0
48751,0,0,0,0,0,0,0,1,0
48752,0,0,0,0,0,0,0,1,0
48753,0,0,0,0,0,0,0,1,0
48754,0,0,0,0,0,0,0,1,0
48755,0,0,0,0,0,0,0,1,0
48756,0,0,0,0,0,0,0,1,0
48757,0,0,0,0,0,0,0,1,0
48758,0,0,0,0,0,0,0,1,0
48759,0,0,0,0,0,0,0,1,0
48760,0,0,0,0,0,0,0,1,0
48761,0,0,0,0,0,0,0,1,0
48762,0,0,0,0,0,0,0,1,0
48763,0,0,0,0,0,0,0,1,0
48764,0,0,0,0,0,0,0,1,0
48765,0,0,0,0,0,0,0,1,0
48766,0,0,0,0,0,0,0,1,0
48767,0,0,0,0,0,0,0,1,0
48768,0,0,0,0,0,0,0,1,0
48769,0,0,0,0,0,0,0,1,0
48770,0,0,0,0,0,0,0,1,0
48771,0,0,0,0,0,0,0,1,0
48772,0,0,0,0,0,0,0,1,0
48773,0,0,0,0,0,0,0,1,0
48774,0,0,0,0,0,0,0,1,0
48775,0,0,0,0,0,0,0,1,0
48776,0,0,0,0,0,0,0,1,0
48777,0,0,0,0,0,0,0,1,0
48778,0,0,0,0,0,0,0,1,0
48779,0,0,0,0,0,0,0,1,0
48780,0,0,0,0,0,0,0,1,0
48781,0,0,0,0,0,0,0,1,0
48782,0,0,0,0,0,0,0,1,0
48783,0,0,0,0,0,0,0,1,0
48784,0,0,0,0,0,0,0,1,0
48785,0,0,0,0,0,0,0,1,0
48786,0,0,0,0,0,0,0,1,0
48787,0,0,0,0,0,0,0,1,0
48788,0,0,0,0,0,0,0,1,0
48789,0,0,0,0,0,0,0,1,0
48790,0,0,0,0,0,0,0,1,0
48791,0,0,0,0,0,0,0,1,0
48792,0,0,0,0,0,0,0,1,0
48793,0,0,0,0,0,0,0,1,0
48794,0,0,0,0,0,0,0,1,0
48795,0,0,0,0,0,0,0,1,0
48796,0,0,0,0,0,0,0,1,0
48797,0,0,0,0,0,0,0,1,0
48798,0,0,0,0,0,0,0,1,0
48799,0,0,0,0,0,0,0,1,0
48800,0,0,0,0,0,0,0,1,0
48801,0,0,0,0,0,0,0,1,0
48802,0,0,0,0,0,0,0,1,0
48803,0,0,0,0,0,0,0,1,0
48804,0,0,0,0,0,0,0,1,0
48805,0,0,0,0,0,0,0,1,0
48806,0,0,0,0,0,0,0,1,0
48807,0,0,0,0,0,0,0,1,0
48808,0,0,0,0,0,0,0,1,0
48809,0,0,0,0,0,0,0,1,0
48810,0,0,0,0,0,0,0,1,0
48811,0,0,0,0,0,0,0,1,0
48812,0,0,0,0,0,0,0,1,0
48813,0,0,0,0,0,0,0,1,0
48814,0,0,0,0,0,0,0,1,0
48815,0,0,0,0,0,0,0,1,0
48816,0,0,0,0,0,0,0,1,0
48817,0,0,0,0,0,0,0,1,0
48818,0,0,0,0,0,0,0,1,0
48819,0,0,0,0,0,0,0,1,0
48820,0,0,0,0,0,0,0,1,0
48821,0,0,0,0,0,0,0,1,0
48822,0,0,0,0,0,0,0,1,0
48823,0,0,0,0,0,0,0,1,0
48824,0,0,0,0,0,0,0,1,0
48825,0,0,0,0,0,0,0,1,0
48826,0,0,0,0,0,0,0,1,0
48827,0,0,0,0,0,0,0,1,0
48828,0,0,0,0,0,0,0,1,0
48829,0,0,0,0,0,0,0,1,0
48830,0,0,0,0,0,0,0,1,0
48831,0,0,0,0,0,0,0,1,0
48832,0,0,0,0,0,0,0,1,0
48833,0,0,0,0,0,0,0,1,0
48834,0,0,0,0,0,0,0,1,0
48835,0,0,0,0,0,0,0,1,0
48836,0,0,0,0,0,0,0,1,0
48837,0,0,0,0,0,0,0,1,0
48838,0,0,0,0,0,0,0,1,0
48839,0,0,0,0,0,0,0,1,0
48840,0,0,0,0,0,0,0,1,0
48841,0,0,0,0,0,0,0,1,0
48842,0,0,0,0,0,0,0,1,0
48843,0,0,0,0,0,0,0,1,0
48844,0,0,0,0,0,0,0,1,0
48845,0,0,0,0,0,0,0,1,0
48846,0,0,0,0,0,0,0,1,0
48847,0,0,0,0,0,0,0,1,0
48848,0,0,0,0,0,0,0,1,0
48849,0,0,0,0,0,0,0,1,0
48850,0,0,0,0,0,0,0,1,0
48851,0,0,0,0,0,0,0,1,0
48852,0,0,0,0,0,0,0,1,0
48853,0,0,0,0,0,0,0,1,0
48854,0,0,0,0,0,0,0,1,0
48855,0,0,0,0,0,0,0,1,0
48856,0,0,0,0,0,0,0,1,0
48857,0,0,0,0,0,0,0,1,0
48858,0,0,0,0,0,0,0,1,0
48859,0,0,0,0,0,0,0,1,0
48860,0,0,0,0,0,0,0,1,0
48861,0,0,0,0,0,0,0,1,0
48862,0,0,0,0,0,0,0,1,0
48863,0,0,0,0,0,0,0,1,0
48864,0,0,0,0,0,0,0,1,0
48865,0,0,0,0,0,0,0,1,0
48866,0,0,0,0,0,0,0,1,0
48867,0,0,0,0,0,0,0,1,0
48868,0,0,0,0,0,0,0,1,0
48869,0,0,0,0,0,0,0,1,0
48870,0,0,0,0,0,0,0,1,0
48871,0,0,0,0,0,0,0,1,0
48872,0,0,0,0,0,0,0,1,0
48873,0,0,0,0,0,0,0,1,0
48874,0,0,0,0,0,0,0,1,0
48875,0,0,0,0,0,0,0,1,0
48876,0,0,0,0,0,0,0,1,0
48877,0,0,0,0,0,0,0,1,0
48878,0,0,0,0,0,0,0,1,0
48879,0,0,0,0,0,0,0,1,0
48880,0,0,0,0,0,0,0,1,0
48881,0,0,0,0,0,0,0,1,0
48882,0,0,0,0,0,0,0,1,0
48883,0,0,0,0,0,0,0,1,0
48884,0,0,0,0,0,0,0,1,0
48885,0,0,0,0,0,0,0,1,0
48886,0,0,0,0,0,0,0,1,0
48887,0,0,0,0,0,0,0,1,0
48888,0,0,0,0,0,0,0,1,0
48889,0,0,0,0,0,0,0,1,0
48890,0,0,0,0,0,0,0,1,0
48891,0,0,0,0,0,0,0,1,0
48892,0,0,0,0,0,0,0,1,0
48893,0,0,0,0,0,0,0,1,0
48894,0,0,0,0,0,0,0,1,0
48895,0,0,0,0,0,0,0,1,0
48896,0,0,0,0,0,0,0,1,0
48897,0,0,0,0,0,0,0,1,0
48898,0,0,0,0,0,0,0,1,0
48899,0,0,0,0,0,0,0,1,0
48900,0,0,0,0,0,0,0,1,0
48901,0,0,0,0,0,0,0,1,0
48902,0,0,0,0,0,0,0,1,0
48903,0,0,0,0,0,0,0,1,0
48904,0,0,0,0,0,0,0,1,0
48905,0,0,0,0,0,0,0,1,0
48906,0,0,0,0,0,0,0,1,0
48907,0,0,0,0,0,0,0,1,0
48908,0,0,0,0,0,0,0,1,0
48909,0,0,0,0,0,0,0,1,0
48910,0,0,0,0,0,0,0,1,0
48911,0,0,0,0,0,0,0,1,0
48912,0,0,0,0,0,0,0,1,0
48913,0,0,0,0,0,0,0,1,0
48914,0,0,0,0,0,0,0,1,0
48915,0,0,0,0,0,0,0,1,0
48916,0,0,0,0,0,0,0,1,0
48917,0,0,0,0,0,0,0,1,0
48918,0,0,0,0,0,0,0,1,0
48919,0,0,0,0,0,0,0,1,0
48920,0,0,0,0,0,0,0,1,0
48921,0,0,0,0,0,0,0,1,0
48922,0,0,0,0,0,0,0,1,0
48923,0,0,0,0,0,0,0,1,0
48924,0,0,0,0,0,0,0,1,0
48925,0,0,0,0,0,0,0,1,0
48926,0,0,0,0,0,0,0,1,0
48927,0,0,0,0,0,0,0,1,0
48928,0,0,0,0,0,0,0,1,0
48929,0,0,0,0,0,0,0,1,0
48930,0,0,0,0,0,0,0,1,0
48931,0,0,0,0,0,0,0,1,0
48932,0,0,0,0,0,0,0,1,0
48933,0,0,0,0,0,0,0,1,0
48934,0,0,0,0,0,0,0,1,0
48935,0,0,0,0,0,0,0,1,0
48936,0,0,0,0,0,0,0,1,0
48937,0,0,0,0,0,0,0,1,0
48938,0,0,0,0,0,0,0,1,0
48939,0,0,0,0,0,0,0,1,0
48940,0,0,0,0,0,0,0,1,0
48941,0,0,0,0,0,0,0,1,0
48942,0,0,0,0,0,0,0,1,0
48943,0,0,0,0,0,0,0,1,0
48944,0,0,0,0,0,0,0,1,0
48945,0,0,0,0,0,0,0,1,0
48946,0,0,0,0,0,0,0,1,0
48947,0,0,0,0,0,0,0,1,0
48948,0,0,0,0,0,0,0,1,0
48949,0,0,0,0,0,0,0,1,0
48950,0,0,0,0,0,0,0,1,0
48951,0,0,0,0,0,0,0,1,0
48952,0,0,0,0,0,0,0,1,0
48953,0,0,0,0,0,0,0,1,0
48954,0,0,0,0,0,0,0,1,0
48955,0,0,0,0,0,0,0,1,0
48956,0,0,0,0,0,0,0,1,0
48957,0,0,0,0,0,0,0,1,0
48958,0,0,0,0,0,0,0,1,0
48959,0,0,0,0,0,0,0,1,0
48960,0,0,0,0,0,0,0,1,0
48961,0,0,0,0,0,0,0,1,0
48962,0,0,0,0,0,0,0,1,0
48963,0,0,0,0,0,0,0,1,0
48964,0,0,0,0,0,0,0,1,0
48965,0,0,0,0,0,0,0,1,0
48966,0,0,0,0,0,0,0,1,0
48967,0,0,0,0,0,0,0,1,0
48968,0,0,0,0,0,0,0,1,0
48969,0,0,0,0,0,0,0,1,0
48970,0,0,0,0,0,0,0,1,0
48971,0,0,0,0,0,0,0,1,0
48972,0,0,0,0,0,0,0,1,0
48973,0,0,0,0,0,0,0,1,0
48974,0,0,0,0,0,0,0,1,0
48975,0,0,0,0,0,0,0,1,0
48976,0,0,0,0,0,0,0,1,0
48977,0,0,0,0,0,0,0,1,0
48978,0,0,0,0,0,0,0,1,0
48979,0,0,0,0,0,0,0,1,0
48980,0,0,0,0,0,0,0,1,0
48981,0,0,0,0,0,0,0,1,0
48982,0,0,0,0,0,0,0,1,0
48983,0,0,0,0,0,0,0,1,0
48984,0,0,0,0,0,0,0,1,0
48985,0,0,0,0,0,0,0,1,0
48986,0,0,0,0,0,0,0,1,0
48987,0,0,0,0,0,0,0,1,0
48988,0,0,0,0,0,0,0,1,0
48989,0,0,0,0,0,0,0,1,0
48990,0,0,0,0,0,0,0,1,0
48991,0,0,0,0,0,0,0,1,0
48992,0,0,0,0,0,0,0,1,0
48993,0,0,0,0,0,0,0,1,0
48994,0,0,0,0,0,0,0,1,0
48995,0,0,0,0,0,0,0,1,0
48996,0,0,0,0,0,0,0,1,0
48997,0,0,0,0,0,0,0,1,0
48998,0,0,0,0,0,0,0,1,0
48999,0,0,0,0,0,0,0,1,0
49000,0,0,0,0,0,0,0,1,0
49001,0,0,0,0,0,0,0,1,0
49002,0,0,0,0,0,0,0,1,0
49003,0,0,0,0,0,0,0,1,0
49004,0,0,0,0,0,0,0,1,0
49005,0,0,0,0,0,0,0,1,0
49006,0,0,0,0,0,0,0,1,0
49007,0,0,0,0,0,0,0,1,0
49008,0,0,0,0,0,0,0,1,0
49009,0,0,0,0,0,0,0,1,0
49010,0,0,0,0,0,0,0,1,0
49011,0,0,0,0,0,0,0,1,0
49012,0,0,0,0,0,0,0,1,0
49013,0,0,0,0,0,0,0,1,0
49014,0,0,0,0,0,0,0,1,0
49015,0,0,0,0,0,0,0,1,0
49016,0,0,0,0,0,0,0,1,0
49017,0,0,0,0,0,0,0,1,0
49018,0,0,0,0,0,0,0,1,0
49019,0,0,0,0,0,0,0,1,0
49020,0,0,0,0,0,0,0,1,0
49021,0,0,0,0,0,0,0,1,0
49022,0,0,0,0,0,0,0,1,0
49023,0,0,0,0,0,0,0,1,0
49024,0,0,0,0,0,0,0,1,0
49025,0,0,0,0,0,0,0,1,0
49026,0,0,0,0,0,0,0,1,0
49027,0,0,0,0,0,0,0,1,0
49028,0,0,0,0,0,0,0,1,0
49029,0,0,0,0,0,0,0,1,0
49030,0,0,0,0,0,0,0,1,0
49031,0,0,0,0,0,0,0,1,0
49032,0,0,0,0,0,0,0,1,0
49033,0,0,0,0,0,0,0,1,0
49034,0,0,0,0,0,0,0,1,0
49035,0,0,0,0,0,0,0,1,0
49036,0,0,0,0,0,0,0,1,0
49037,0,0,0,0,0,0,0,1,0
49038,0,0,0,0,0,0,0,1,0
49039,0,0,0,0,0,0,0,1,0
49040,0,0,0,0,0,0,0,1,0
49041,0,0,0,0,0,0,0,1,0
49042,0,0,0,0,0,0,0,1,0
49043,0,0,0,0,0,0,0,1,0
49044,0,0,0,0,0,0,0,1,0
49045,0,0,0,0,0,0,0,1,0
49046,0,0,0,0,0,0,0,1,0
49047,0,0,0,0,0,0,0,1,0
49048,0,0,0,0,0,0,0,1,0
49049,0,0,0,0,0,0,0,1,0
49050,0,0,0,0,0,0,0,1,0
49051,0,0,0,0,0,0,0,1,0
49052,0,0,0,0,0,0,0,1,0
49053,0,0,0,0,0,0,0,1,0
49054,0,0,0,0,0,0,0,1,0
49055,0,0,0,0,0,0,0,1,0
49056,0,0,0,0,0,0,0,1,0
49057,0,0,0,0,0,0,0,1,0
49058,0,0,0,0,0,0,0,1,0
49059,0,0,0,0,0,0,0,1,0
49060,0,0,0,0,0,0,0,1,0
49061,0,0,0,0,0,0,0,1,0
49062,0,0,0,0,0,0,0,1,0
49063,0,0,0,0,0,0,0,1,0
49064,0,0,0,0,0,0,0,1,0
49065,0,0,0,0,0,0,0,1,0
49066,0,0,0,0,0,0,0,1,0
49067,0,0,0,0,0,0,0,1,0
49068,0,0,0,0,0,0,0,1,0
49069,0,0,0,0,0,0,0,1,0
49070,0,0,0,0,0,0,0,1,0
49071,0,0,0,0,0,0,0,1,0
49072,0,0,0,0,0,0,0,1,0
49073,0,0,0,0,0,0,0,1,0
49074,0,0,0,0,0,0,0,1,0
49075,0,0,0,0,0,0,0,1,0
49076,0,0,0,0,0,0,0,1,0
49077,0,0,0,0,0,0,0,1,0
49078,0,0,0,0,0,0,0,1,0
49079,0,0,0,0,0,0,0,1,0
49080,0,0,0,0,0,0,0,1,0
49081,0,0,0,0,0,0,0,1,0
49082,0,0,0,0,0,0,0,1,0
49083,0,0,0,0,0,0,0,1,0
49084,0,0,0,0,0,0,0,1,0
49085,0,0,0,0,0,0,0,1,0
49086,0,0,0,0,0,0,0,1,0
49087,0,0,0,0,0,0,0,1,0
49088,0,0,0,0,0,0,0,1,0
49089,0,0,0,0,0,0,0,1,0
49090,0,0,0,0,0,0,0,1,0
49091,0,0,0,0,0,0,0,1,0
49092,0,0,0,0,0,0,0,1,0
49093,0,0,0,0,0,0,0,1,0
49094,0,0,0,0,0,0,0,1,0
49095,0,0,0,0,0,0,0,1,0
49096,0,0,0,0,0,0,0,1,0
49097,0,0,0,0,0,0,0,1,0
49098,0,0,0,0,0,0,0,1,0
49099,0,0,0,0,0,0,0,1,0
49100,0,0,0,0,0,0,0,1,0
49101,0,0,0,0,0,0,0,1,0
49102,0,0,0,0,0,0,0,1,0
49103,0,0,0,0,0,0,0,1,0
49104,0,0,0,0,0,0,0,1,0
49105,0,0,0,0,0,0,0,1,0
49106,0,0,0,0,0,0,0,1,0
49107,0,0,0,0,0,0,0,1,0
49108,0,0,0,0,0,0,0,1,0
49109,0,0,0,0,0,0,0,1,0
49110,0,0,0,0,0,0,0,1,0
49111,0,0,0,0,0,0,0,1,0
49112,0,0,0,0,0,0,0,1,0
49113,0,0,0,0,0,0,0,1,0
49114,0,0,0,0,0,0,0,1,0
49115,0,0,0,0,0,0,0,1,0
49116,0,0,0,0,0,0,0,1,0
49117,0,0,0,0,0,0,0,1,0
49118,0,0,0,0,0,0,0,1,0
49119,0,0,0,0,0,0,0,1,0
49120,0,0,0,0,0,0,0,1,0
49121,0,0,0,0,0,0,0,1,0
49122,0,0,0,0,0,0,0,1,0
49123,0,0,0,0,0,0,0,1,0
49124,0,0,0,0,0,0,0,1,0
49125,0,0,0,0,0,0,0,1,0
49126,0,0,0,0,0,0,0,1,0
49127,0,0,0,0,0,0,0,1,0
49128,0,0,0,0,0,0,0,1,0
49129,0,0,0,0,0,0,0,1,0
49130,0,0,0,0,0,0,0,1,0
49131,0,0,0,0,0,0,0,1,0
49132,0,0,0,0,0,0,0,1,0
49133,0,0,0,0,0,0,0,1,0
49134,0,0,0,0,0,0,0,1,0
49135,0,0,0,0,0,0,0,1,0
49136,0,0,0,0,0,0,0,1,0
49137,0,0,0,0,0,0,0,1,0
49138,0,0,0,0,0,0,0,1,0
49139,0,0,0,0,0,0,0,1,0
49140,0,0,0,0,0,0,0,1,0
49141,0,0,0,0,0,0,0,1,0
49142,0,0,0,0,0,0,0,1,0
49143,0,0,0,0,0,0,0,1,0
49144,0,0,0,0,0,0,0,1,0
49145,0,0,0,0,0,0,0,1,0
49146,0,0,0,0,0,0,0,1,0
49147,0,0,0,0,0,0,0,1,0
49148,0,0,0,0,0,0,0,1,0
49149,0,0,0,0,0,0,0,1,0
49150,0,0,0,0,0,0,0,1,0
49151,0,0,0,0,0,0,0,1,0
49152,0,0,0,0,0,0,0,1,0
49153,0,0,0,0,0,0,0,1,0
49154,0,0,0,0,0,0,0,1,0
49155,0,0,0,0,0,0,0,1,0
49156,0,0,0,0,0,0,0,1,0
49157,0,0,0,0,0,0,0,1,0
49158,0,0,0,0,0,0,0,1,0
49159,0,0,0,0,0,0,0,1,0
49160,0,0,0,0,0,0,0,1,0
49161,0,0,0,0,0,0,0,1,0
49162,0,0,0,0,0,0,0,1,0
49163,0,0,0,0,0,0,0,1,0
49164,0,0,0,0,0,0,0,1,0
49165,0,0,0,0,0,0,0,1,0
49166,0,0,0,0,0,0,0,1,0
49167,0,0,0,0,0,0,0,1,0
49168,0,0,0,0,0,0,0,1,0
49169,0,0,0,0,0,0,0,1,0
49170,0,0,0,0,0,0,0,1,0
49171,0,0,0,0,0,0,0,1,0
49172,0,0,0,0,0,0,0,1,0
49173,0,0,0,0,0,0,0,1,0
49174,0,0,0,0,0,0,0,1,0
49175,0,0,0,0,0,0,0,1,0
49176,0,0,0,0,0,0,0,1,0
49177,0,0,0,0,0,0,0,1,0
49178,0,0,0,0,0,0,0,1,0
49179,0,0,0,0,0,0,0,1,0
49180,0,0,0,0,0,0,0,1,0
49181,0,0,0,0,0,0,0,1,0
49182,0,0,0,0,0,0,0,1,0
49183,0,0,0,0,0,0,0,1,0
49184,0,0,0,0,0,0,0,1,0
49185,0,0,0,0,0,0,0,1,0
49186,0,0,0,0,0,0,0,1,0
49187,0,0,0,0,0,0,0,1,0
49188,0,0,0,0,0,0,0,1,0
49189,0,0,0,0,0,0,0,1,0
49190,0,0,0,0,0,0,0,1,0
49191,0,0,0,0,0,0,0,1,0
49192,0,0,0,0,0,0,0,1,0
49193,0,0,0,0,0,0,0,1,0
49194,0,0,0,0,0,0,0,1,0
49195,0,0,0,0,0,0,0,1,0
49196,0,0,0,0,0,0,0,1,0
49197,0,0,0,0,0,0,0,1,0
49198,0,0,0,0,0,0,0,1,0
49199,0,0,0,0,0,0,0,1,0
49200,0,0,0,0,0,0,0,1,0
49201,0,0,0,0,0,0,0,1,0
49202,0,0,0,0,0,0,0,1,0
49203,0,0,0,0,0,0,0,1,0
49204,0,0,0,0,0,0,0,1,0
49205,0,0,0,0,0,0,0,1,0
49206,0,0,0,0,0,0,0,1,0
49207,0,0,0,0,0,0,0,1,0
49208,0,0,0,0,0,0,0,1,0
49209,0,0,0,0,0,0,0,1,0
49210,0,0,0,0,0,0,0,1,0
49211,0,0,0,0,0,0,0,1,0
49212,0,0,0,0,0,0,0,1,0
49213,0,0,0,0,0,0,0,1,0
49214,0,0,0,0,0,0,0,1,0
49215,0,0,0,0,0,0,0,1,0
49216,0,0,0,0,0,0,0,1,0
49217,0,0,0,0,0,0,0,1,0
49218,0,0,0,0,0,0,0,1,0
49219,0,0,0,0,0,0,0,1,0
49220,0,0,0,0,0,0,0,1,0
49221,0,0,0,0,0,0,0,1,0
49222,0,0,0,0,0,0,0,1,0
49223,0,0,0,0,0,0,0,1,0
49224,0,0,0,0,0,0,0,1,0
49225,0,0,0,0,0,0,0,1,0
49226,0,0,0,0,0,0,0,1,0
49227,0,0,0,0,0,0,0,1,0
49228,0,0,0,0,0,0,0,1,0
49229,0,0,0,0,0,0,0,1,0
49230,0,0,0,0,0,0,0,1,0
49231,0,0,0,0,0,0,0,1,0
49232,0,0,0,0,0,0,0,1,0
49233,0,0,0,0,0,0,0,1,0
49234,0,0,0,0,0,0,0,1,0
49235,0,0,0,0,0,0,0,1,0
49236,0,0,0,0,0,0,0,1,0
49237,0,0,0,0,0,0,0,1,0
49238,0,0,0,0,0,0,0,1,0
49239,0,0,0,0,0,0,0,1,0
49240,0,0,0,0,0,0,0,1,0
49241,0,0,0,0,0,0,0,1,0
49242,0,0,0,0,0,0,0,1,0
49243,0,0,0,0,0,0,0,1,0
49244,0,0,0,0,0,0,0,1,0
49245,0,0,0,0,0,0,0,1,0
49246,0,0,0,0,0,0,0,1,0
49247,0,0,0,0,0,0,0,1,0
49248,0,0,0,0,0,0,0,1,0
49249,0,0,0,0,0,0,0,1,0
49250,0,0,0,0,0,0,0,1,0
49251,0,0,0,0,0,0,0,1,0
49252,0,0,0,0,0,0,0,1,0
49253,0,0,0,0,0,0,0,1,0
49254,0,0,0,0,0,0,0,1,0
49255,0,0,0,0,0,0,0,1,0
49256,0,0,0,0,0,0,0,1,0
49257,0,0,0,0,0,0,0,1,0
49258,0,0,0,0,0,0,0,1,0
49259,0,0,0,0,0,0,0,1,0
49260,0,0,0,0,0,0,0,1,0
49261,0,0,0,0,0,0,0,1,0
49262,0,0,0,0,0,0,0,1,0
49263,0,0,0,0,0,0,0,1,0
49264,0,0,0,0,0,0,0,1,0
49265,0,0,0,0,0,0,0,1,0
49266,0,0,0,0,0,0,0,1,0
49267,0,0,0,0,0,0,0,1,0
49268,0,0,0,0,0,0,0,1,0
49269,0,0,0,0,0,0,0,1,0
49270,0,0,0,0,0,0,0,1,0
49271,0,0,0,0,0,0,0,1,0
49272,0,0,0,0,0,0,0,1,0
49273,0,0,0,0,0,0,0,1,0
49274,0,0,0,0,0,0,0,1,0
49275,0,0,0,0,0,0,0,1,0
49276,0,0,0,0,0,0,0,1,0
49277,0,0,0,0,0,0,0,1,0
49278,0,0,0,0,0,0,0,1,0
49279,0,0,0,0,0,0,0,1,0
49280,0,0,0,0,0,0,0,1,0
49281,0,0,0,0,0,0,0,1,0
49282,0,0,0,0,0,0,0,1,0
49283,0,0,0,0,0,0,0,1,0
49284,0,0,0,0,0,0,0,1,0
49285,0,0,0,0,0,0,0,1,0
49286,0,0,0,0,0,0,0,1,0
49287,0,0,0,0,0,0,0,1,0
49288,0,0,0,0,0,0,0,1,0
49289,0,0,0,0,0,0,0,1,0
49290,0,0,0,0,0,0,0,1,0
49291,0,0,0,0,0,0,0,1,0
49292,0,0,0,0,0,0,0,1,0
49293,0,0,0,0,0,0,0,1,0
49294,0,0,0,0,0,0,0,1,0
49295,0,0,0,0,0,0,0,1,0
49296,0,0,0,0,0,0,0,1,0
49297,0,0,0,0,0,0,0,1,0
49298,0,0,0,0,0,0,0,1,0
49299,0,0,0,0,0,0,0,1,0
49300,0,0,0,0,0,0,0,1,0
49301,0,0,0,0,0,0,0,1,0
49302,0,0,0,0,0,0,0,1,0
49303,0,0,0,0,0,0,0,1,0
49304,0,0,0,0,0,0,0,1,0
49305,0,0,0,0,0,0,0,1,0
49306,0,0,0,0,0,0,0,1,0
49307,0,0,0,0,0,0,0,1,0
49308,0,0,0,0,0,0,0,1,0
49309,0,0,0,0,0,0,0,1,0
49310,0,0,0,0,0,0,0,1,0
49311,0,0,0,0,0,0,0,1,0
49312,0,0,0,0,0,0,0,1,0
49313,0,0,0,0,0,0,0,1,0
49314,0,0,0,0,0,0,0,1,0
49315,0,0,0,0,0,0,0,1,0
49316,0,0,0,0,0,0,0,1,0
49317,0,0,0,0,0,0,0,1,0
49318,0,0,0,0,0,0,0,1,0
49319,0,0,0,0,0,0,0,1,0
49320,0,0,0,0,0,0,0,1,0
49321,0,0,0,0,0,0,0,1,0
49322,0,0,0,0,0,0,0,1,0
49323,0,0,0,0,0,0,0,1,0
49324,0,0,0,0,0,0,0,1,0
49325,0,0,0,0,0,0,0,1,0
49326,0,0,0,0,0,0,0,1,0
49327,0,0,0,0,0,0,0,1,0
49328,0,0,0,0,0,0,0,1,0
49329,0,0,0,0,0,0,0,1,0
49330,0,0,0,0,0,0,0,1,0
49331,0,0,0,0,0,0,0,1,0
49332,0,0,0,0,0,0,0,1,0
49333,0,0,0,0,0,0,0,1,0
49334,0,0,0,0,0,0,0,1,0
49335,0,0,0,0,0,0,0,1,0
49336,0,0,0,0,0,0,0,1,0
49337,0,0,0,0,0,0,0,1,0
49338,0,0,0,0,0,0,0,1,0
49339,0,0,0,0,0,0,0,1,0
49340,0,0,0,0,0,0,0,1,0
49341,0,0,0,0,0,0,0,1,0
49342,0,0,0,0,0,0,0,1,0
49343,0,0,0,0,0,0,0,1,0
49344,0,0,0,0,0,0,0,1,0
49345,0,0,0,0,0,0,0,1,0
49346,0,0,0,0,0,0,0,1,0
49347,0,0,0,0,0,0,0,1,0
49348,0,0,0,0,0,0,0,1,0
49349,0,0,0,0,0,0,0,1,0
49350,0,0,0,0,0,0,0,1,0
49351,0,0,0,0,0,0,0,1,0
49352,0,0,0,0,0,0,0,1,0
49353,0,0,0,0,0,0,0,1,0
49354,0,0,0,0,0,0,0,1,0
49355,0,0,0,0,0,0,0,1,0
49356,0,0,0,0,0,0,0,1,0
49357,0,0,0,0,0,0,0,1,0
49358,0,0,0,0,0,0,0,1,0
49359,0,0,0,0,0,0,0,1,0
49360,0,0,0,0,0,0,0,1,0
49361,0,0,0,0,0,0,0,1,0
49362,0,0,0,0,0,0,0,1,0
49363,0,0,0,0,0,0,0,1,0
49364,0,0,0,0,0,0,0,1,0
49365,0,0,0,0,0,0,0,1,0
49366,0,0,0,0,0,0,0,1,0
49367,0,0,0,0,0,0,0,1,0
49368,0,0,0,0,0,0,0,1,0
49369,0,0,0,0,0,0,0,1,0
49370,0,0,0,0,0,0,0,1,0
49371,0,0,0,0,0,0,0,1,0
49372,0,0,0,0,0,0,0,1,0
49373,0,0,0,0,0,0,0,1,0
49374,0,0,0,0,0,0,0,1,0
49375,0,0,0,0,0,0,0,1,0
49376,0,0,0,0,0,0,0,1,0
49377,0,0,0,0,0,0,0,1,0
49378,0,0,0,0,0,0,0,1,0
49379,0,0,0,0,0,0,0,1,0
49380,0,0,0,0,0,0,0,1,0
49381,0,0,0,0,0,0,0,1,0
49382,0,0,0,0,0,0,0,1,0
49383,0,0,0,0,0,0,0,1,0
49384,0,0,0,0,0,0,0,1,0
49385,0,0,0,0,0,0,0,1,0
49386,0,0,0,0,0,0,0,1,0
49387,0,0,0,0,0,0,0,1,0
49388,0,0,0,0,0,0,0,1,0
49389,0,0,0,0,0,0,0,1,0
49390,0,0,0,0,0,0,0,1,0
49391,0,0,0,0,0,0,0,1,0
49392,0,0,0,0,0,0,0,1,0
49393,0,0,0,0,0,0,0,1,0
49394,0,0,0,0,0,0,0,1,0
49395,0,0,0,0,0,0,0,1,0
49396,0,0,0,0,0,0,0,1,0
49397,0,0,0,0,0,0,0,1,0
49398,0,0,0,0,0,0,0,1,0
49399,0,0,0,0,0,0,0,1,0
49400,0,0,0,0,0,0,0,1,0
49401,0,0,0,0,0,0,0,1,0
49402,0,0,0,0,0,0,0,1,0
49403,0,0,0,0,0,0,0,1,0
49404,0,0,0,0,0,0,0,1,0
49405,0,0,0,0,0,0,0,1,0
49406,0,0,0,0,0,0,0,1,0
49407,0,0,0,0,0,0,0,1,0
49408,0,0,0,0,0,0,0,1,0
49409,0,0,0,0,0,0,0,1,0
49410,0,0,0,0,0,0,0,1,0
49411,0,0,0,0,0,0,0,1,0
49412,0,0,0,0,0,0,0,1,0
49413,0,0,0,0,0,0,0,1,0
49414,0,0,0,0,0,0,0,1,0
49415,0,0,0,0,0,0,0,1,0
49416,0,0,0,0,0,0,0,1,0
49417,0,0,0,0,0,0,0,1,0
49418,0,0,0,0,0,0,0,1,0
49419,0,0,0,0,0,0,0,1,0
49420,0,0,0,0,0,0,0,1,0
49421,0,0,0,0,0,0,0,1,0
49422,0,0,0,0,0,0,0,1,0
49423,0,0,0,0,0,0,0,1,0
49424,0,0,0,0,0,0,0,1,0
49425,0,0,0,0,0,0,0,1,0
49426,0,0,0,0,0,0,0,1,0
49427,0,0,0,0,0,0,0,1,0
49428,0,0,0,0,0,0,0,1,0
49429,0,0,0,0,0,0,0,1,0
49430,0,0,0,0,0,0,0,1,0
49431,0,0,0,0,0,0,0,1,0
49432,0,0,0,0,0,0,0,1,0
49433,0,0,0,0,0,0,0,1,0
49434,0,0,0,0,0,0,0,1,0
49435,0,0,0,0,0,0,0,1,0
49436,0,0,0,0,0,0,0,1,0
49437,0,0,0,0,0,0,0,1,0
49438,0,0,0,0,0,0,0,1,0
49439,0,0,0,0,0,0,0,1,0
49440,0,0,0,0,0,0,0,1,0
49441,0,0,0,0,0,0,0,1,0
49442,0,0,0,0,0,0,0,1,0
49443,0,0,0,0,0,0,0,1,0
49444,0,0,0,0,0,0,0,1,0
49445,0,0,0,0,0,0,0,1,0
49446,0,0,0,0,0,0,0,1,0
49447,0,0,0,0,0,0,0,1,0
49448,0,0,0,0,0,0,0,1,0
49449,0,0,0,0,0,0,0,1,0
49450,0,0,0,0,0,0,0,1,0
49451,0,0,0,0,0,0,0,1,0
49452,0,0,0,0,0,0,0,1,0
49453,0,0,0,0,0,0,0,1,0
49454,0,0,0,0,0,0,0,1,0
49455,0,0,0,0,0,0,0,1,0
49456,0,0,0,0,0,0,0,1,0
49457,0,0,0,0,0,0,0,1,0
49458,0,0,0,0,0,0,0,1,0
49459,0,0,0,0,0,0,0,1,0
49460,0,0,0,0,0,0,0,1,0
49461,0,0,0,0,0,0,0,1,0
49462,0,0,0,0,0,0,0,1,0
49463,0,0,0,0,0,0,0,1,0
49464,0,0,0,0,0,0,0,1,0
49465,0,0,0,0,0,0,0,1,0
49466,0,0,0,0,0,0,0,1,0
49467,0,0,0,0,0,0,0,1,0
49468,0,0,0,0,0,0,0,1,0
49469,0,0,0,0,0,0,0,1,0
49470,0,0,0,0,0,0,0,1,0
49471,0,0,0,0,0,0,0,1,0
49472,0,0,0,0,0,0,0,1,0
49473,0,0,0,0,0,0,0,1,0
49474,0,0,0,0,0,0,0,1,0
49475,0,0,0,0,0,0,0,1,0
49476,0,0,0,0,0,0,0,1,0
49477,0,0,0,0,0,0,0,1,0
49478,0,0,0,0,0,0,0,1,0
49479,0,0,0,0,0,0,0,1,0
49480,0,0,0,0,0,0,0,1,0
49481,0,0,0,0,0,0,0,1,0
49482,0,0,0,0,0,0,0,1,0
49483,0,0,0,0,0,0,0,1,0
49484,0,0,0,0,0,0,0,1,0
49485,0,0,0,0,0,0,0,1,0
49486,0,0,0,0,0,0,0,1,0
49487,0,0,0,0,0,0,0,1,0
49488,0,0,0,0,0,0,0,1,0
49489,0,0,0,0,0,0,0,1,0
49490,0,0,0,0,0,0,0,1,0
49491,0,0,0,0,0,0,0,1,0
49492,0,0,0,0,0,0,0,1,0
49493,0,0,0,0,0,0,0,1,0
49494,0,0,0,0,0,0,0,1,0
49495,0,0,0,0,0,0,0,1,0
49496,0,0,0,0,0,0,0,1,0
49497,0,0,0,0,0,0,0,1,0
49498,0,0,0,0,0,0,0,1,0
49499,0,0,0,0,0,0,0,1,0
49500,0,0,0,0,0,0,0,1,0
49501,0,0,0,0,0,0,0,1,0
49502,0,0,0,0,0,0,0,1,0
49503,0,0,0,0,0,0,0,1,0
49504,0,0,0,0,0,0,0,1,0
49505,0,0,0,0,0,0,0,1,0
49506,0,0,0,0,0,0,0,1,0
49507,0,0,0,0,0,0,0,1,0
49508,0,0,0,0,0,0,0,1,0
49509,0,0,0,0,0,0,0,1,0
49510,0,0,0,0,0,0,0,1,0
49511,0,0,0,0,0,0,0,1,0
49512,0,0,0,0,0,0,0,1,0
49513,0,0,0,0,0,0,0,1,0
49514,0,0,0,0,0,0,0,1,0
49515,0,0,0,0,0,0,0,1,0
49516,0,0,0,0,0,0,0,1,0
49517,0,0,0,0,0,0,0,1,0
49518,0,0,0,0,0,0,0,1,0
49519,0,0,0,0,0,0,0,1,0
49520,0,0,0,0,0,0,0,1,0
49521,0,0,0,0,0,0,0,1,0
49522,0,0,0,0,0,0,0,1,0
49523,0,0,0,0,0,0,0,1,0
49524,0,0,0,0,0,0,0,1,0
49525,0,0,0,0,0,0,0,1,0
49526,0,0,0,0,0,0,0,1,0
49527,0,0,0,0,0,0,0,1,0
49528,0,0,0,0,0,0,0,1,0
49529,0,0,0,0,0,0,0,1,0
49530,0,0,0,0,0,0,0,1,0
49531,0,0,0,0,0,0,0,1,0
49532,0,0,0,0,0,0,0,1,0
49533,0,0,0,0,0,0,0,1,0
49534,0,0,0,0,0,0,0,1,0
49535,0,0,0,0,0,0,0,1,0
49536,0,0,0,0,0,0,0,1,0
49537,0,0,0,0,0,0,0,1,0
49538,0,0,0,0,0,0,0,1,0
49539,0,0,0,0,0,0,0,1,0
49540,0,0,0,0,0,0,0,1,0
49541,0,0,0,0,0,0,0,1,0
49542,0,0,0,0,0,0,0,1,0
49543,0,0,0,0,0,0,0,1,0
49544,0,0,0,0,0,0,0,1,0
49545,0,0,0,0,0,0,0,1,0
49546,0,0,0,0,0,0,0,1,0
49547,0,0,0,0,0,0,0,1,0
49548,0,0,0,0,0,0,0,1,0
49549,0,0,0,0,0,0,0,1,0
49550,0,0,0,0,0,0,0,1,0
49551,0,0,0,0,0,0,0,1,0
49552,0,0,0,0,0,0,0,1,0
49553,0,0,0,0,0,0,0,1,0
49554,0,0,0,0,0,0,0,1,0
49555,0,0,0,0,0,0,0,1,0
49556,0,0,0,0,0,0,0,1,0
49557,0,0,0,0,0,0,0,1,0
49558,0,0,0,0,0,0,0,1,0
49559,0,0,0,0,0,0,0,1,0
49560,0,0,0,0,0,0,0,1,0
49561,0,0,0,0,0,0,0,1,0
49562,0,0,0,0,0,0,0,1,0
49563,0,0,0,0,0,0,0,1,0
49564,0,0,0,0,0,0,0,1,0
49565,0,0,0,0,0,0,0,1,0
49566,0,0,0,0,0,0,0,1,0
49567,0,0,0,0,0,0,0,1,0
49568,0,0,0,0,0,0,0,1,0
49569,0,0,0,0,0,0,0,1,0
49570,0,0,0,0,0,0,0,1,0
49571,0,0,0,0,0,0,0,1,0
49572,0,0,0,0,0,0,0,1,0
49573,0,0,0,0,0,0,0,1,0
49574,0,0,0,0,0,0,0,1,0
49575,0,0,0,0,0,0,0,1,0
49576,0,0,0,0,0,0,0,1,0
49577,0,0,0,0,0,0,0,1,0
49578,0,0,0,0,0,0,0,1,0
49579,0,0,0,0,0,0,0,1,0
49580,0,0,0,0,0,0,0,1,0
49581,0,0,0,0,0,0,0,1,0
49582,0,0,0,0,0,0,0,1,0
49583,0,0,0,0,0,0,0,1,0
49584,0,0,0,0,0,0,0,1,0
49585,0,0,0,0,0,0,0,1,0
49586,0,0,0,0,0,0,0,1,0
49587,0,0,0,0,0,0,0,1,0
49588,0,0,0,0,0,0,0,1,0
49589,0,0,0,0,0,0,0,1,0
49590,0,0,0,0,0,0,0,1,0
49591,0,0,0,0,0,0,0,1,0
49592,0,0,0,0,0,0,0,1,0
49593,0,0,0,0,0,0,0,1,0
49594,0,0,0,0,0,0,0,1,0
49595,0,0,0,0,0,0,0,1,0
49596,0,0,0,0,0,0,0,1,0
49597,0,0,0,0,0,0,0,1,0
49598,0,0,0,0,0,0,0,1,0
49599,0,0,0,0,0,0,0,1,0
49600,0,0,0,0,0,0,0,1,0
49601,0,0,0,0,0,0,0,1,0
49602,0,0,0,0,0,0,0,1,0
49603,0,0,0,0,0,0,0,1,0
49604,0,0,0,0,0,0,0,1,0
49605,0,0,0,0,0,0,0,1,0
49606,0,0,0,0,0,0,0,1,0
49607,0,0,0,0,0,0,0,1,0
49608,0,0,0,0,0,0,0,1,0
49609,0,0,0,0,0,0,0,1,0
49610,0,0,0,0,0,0,0,1,0
49611,0,0,0,0,0,0,0,1,0
49612,0,0,0,0,0,0,0,1,0
49613,0,0,0,0,0,0,0,1,0
49614,0,0,0,0,0,0,0,1,0
49615,0,0,0,0,0,0,0,1,0
49616,0,0,0,0,0,0,0,1,0
49617,0,0,0,0,0,0,0,1,0
49618,0,0,0,0,0,0,0,1,0
49619,0,0,0,0,0,0,0,1,0
49620,0,0,0,0,0,0,0,1,0
49621,0,0,0,0,0,0,0,1,0
49622,0,0,0,0,0,0,0,1,0
49623,0,0,0,0,0,0,0,1,0
49624,0,0,0,0,0,0,0,1,0
49625,0,0,0,0,0,0,0,1,0
49626,0,0,0,0,0,0,0,1,0
49627,0,0,0,0,0,0,0,1,0
49628,0,0,0,0,0,0,0,1,0
49629,0,0,0,0,0,0,0,1,0
49630,0,0,0,0,0,0,0,1,0
49631,0,0,0,0,0,0,0,1,0
49632,0,0,0,0,0,0,0,1,0
49633,0,0,0,0,0,0,0,1,0
49634,0,0,0,0,0,0,0,1,0
49635,0,0,0,0,0,0,0,1,0
49636,0,0,0,0,0,0,0,1,0
49637,0,0,0,0,0,0,0,1,0
49638,0,0,0,0,0,0,0,1,0
49639,0,0,0,0,0,0,0,1,0
49640,0,0,0,0,0,0,0,1,0
49641,0,0,0,0,0,0,0,1,0
49642,0,0,0,0,0,0,0,1,0
49643,0,0,0,0,0,0,0,1,0
49644,0,0,0,0,0,0,0,1,0
49645,0,0,0,0,0,0,0,1,0
49646,0,0,0,0,0,0,0,1,0
49647,0,0,0,0,0,0,0,1,0
49648,0,0,0,0,0,0,0,1,0
49649,0,0,0,0,0,0,0,1,0
49650,0,0,0,0,0,0,0,1,0
49651,0,0,0,0,0,0,0,1,0
49652,0,0,0,0,0,0,0,1,0
49653,0,0,0,0,0,0,0,1,0
49654,0,0,0,0,0,0,0,1,0
49655,0,0,0,0,0,0,0,1,0
49656,0,0,0,0,0,0,0,1,0
49657,0,0,0,0,0,0,0,1,0
49658,0,0,0,0,0,0,0,1,0
49659,0,0,0,0,0,0,0,1,0
49660,0,0,0,0,0,0,0,1,0
49661,0,0,0,0,0,0,0,1,0
49662,0,0,0,0,0,0,0,1,0
49663,0,0,0,0,0,0,0,1,0
49664,0,0,0,0,0,0,0,1,0
49665,0,0,0,0,0,0,0,1,0
49666,0,0,0,0,0,0,0,1,0
49667,0,0,0,0,0,0,0,1,0
49668,0,0,0,0,0,0,0,1,0
49669,0,0,0,0,0,0,0,1,0
49670,0,0,0,0,0,0,0,1,0
49671,0,0,0,0,0,0,0,1,0
49672,0,0,0,0,0,0,0,1,0
49673,0,0,0,0,0,0,0,1,0
49674,0,0,0,0,0,0,0,1,0
49675,0,0,0,0,0,0,0,1,0
49676,0,0,0,0,0,0,0,1,0
49677,0,0,0,0,0,0,0,1,0
49678,0,0,0,0,0,0,0,1,0
49679,0,0,0,0,0,0,0,1,0
49680,0,0,0,0,0,0,0,1,0
49681,0,0,0,0,0,0,0,1,0
49682,0,0,0,0,0,0,0,1,0
49683,0,0,0,0,0,0,0,1,0
49684,0,0,0,0,0,0,0,1,0
49685,0,0,0,0,0,0,0,1,0
49686,0,0,0,0,0,0,0,1,0
49687,0,0,0,0,0,0,0,1,0
49688,0,0,0,0,0,0,0,1,0
49689,0,0,0,0,0,0,0,1,0
49690,0,0,0,0,0,0,0,1,0
49691,0,0,0,0,0,0,0,1,0
49692,0,0,0,0,0,0,0,1,0
49693,0,0,0,0,0,0,0,1,0
49694,0,0,0,0,0,0,0,1,0
49695,0,0,0,0,0,0,0,1,0
49696,0,0,0,0,0,0,0,1,0
49697,0,0,0,0,0,0,0,1,0
49698,0,0,0,0,0,0,0,1,0
49699,0,0,0,0,0,0,0,1,0
49700,0,0,0,0,0,0,0,1,0
49701,0,0,0,0,0,0,0,1,0
49702,0,0,0,0,0,0,0,1,0
49703,0,0,0,0,0,0,0,1,0
49704,0,0,0,0,0,0,0,1,0
49705,0,0,0,0,0,0,0,1,0
49706,0,0,0,0,0,0,0,1,0
49707,0,0,0,0,0,0,0,1,0
49708,0,0,0,0,0,0,0,1,0
49709,0,0,0,0,0,0,0,1,0
49710,0,0,0,0,0,0,0,1,0
49711,0,0,0,0,0,0,0,1,0
49712,0,0,0,0,0,0,0,1,0
49713,0,0,0,0,0,0,0,1,0
49714,0,0,0,0,0,0,0,1,0
49715,0,0,0,0,0,0,0,1,0
49716,0,0,0,0,0,0,0,1,0
49717,0,0,0,0,0,0,0,1,0
49718,0,0,0,0,0,0,0,1,0
49719,0,0,0,0,0,0,0,1,0
49720,0,0,0,0,0,0,0,1,0
49721,0,0,0,0,0,0,0,1,0
49722,0,0,0,0,0,0,0,1,0
49723,0,0,0,0,0,0,0,1,0
49724,0,0,0,0,0,0,0,1,0
49725,0,0,0,0,0,0,0,1,0
49726,0,0,0,0,0,0,0,1,0
49727,0,0,0,0,0,0,0,1,0
49728,0,0,0,0,0,0,0,1,0
49729,0,0,0,0,0,0,0,1,0
49730,0,0,0,0,0,0,0,1,0
49731,0,0,0,0,0,0,0,1,0
49732,0,0,0,0,0,0,0,1,0
49733,0,0,0,0,0,0,0,1,0
49734,0,0,0,0,0,0,0,1,0
49735,0,0,0,0,0,0,0,1,0
49736,0,0,0,0,0,0,0,1,0
49737,0,0,0,0,0,0,0,1,0
49738,0,0,0,0,0,0,0,1,0
49739,0,0,0,0,0,0,0,1,0
49740,0,0,0,0,0,0,0,1,0
49741,0,0,0,0,0,0,0,1,0
49742,0,0,0,0,0,0,0,1,0
49743,0,0,0,0,0,0,0,1,0
49744,0,0,0,0,0,0,0,1,0
49745,0,0,0,0,0,0,0,1,0
49746,0,0,0,0,0,0,0,1,0
49747,0,0,0,0,0,0,0,1,0
49748,0,0,0,0,0,0,0,1,0
49749,0,0,0,0,0,0,0,1,0
49750,0,0,0,0,0,0,0,1,0
49751,0,0,0,0,0,0,0,1,0
49752,0,0,0,0,0,0,0,1,0
49753,0,0,0,0,0,0,0,1,0
49754,0,0,0,0,0,0,0,1,0
49755,0,0,0,0,0,0,0,1,0
49756,0,0,0,0,0,0,0,1,0
49757,0,0,0,0,0,0,0,1,0
49758,0,0,0,0,0,0,0,1,0
49759,0,0,0,0,0,0,0,1,0
49760,0,0,0,0,0,0,0,1,0
49761,0,0,0,0,0,0,0,1,0
49762,0,0,0,0,0,0,0,1,0
49763,0,0,0,0,0,0,0,1,0
49764,0,0,0,0,0,0,0,1,0
49765,0,0,0,0,0,0,0,1,0
49766,0,0,0,0,0,0,0,1,0
49767,0,0,0,0,0,0,0,1,0
49768,0,0,0,0,0,0,0,1,0
49769,0,0,0,0,0,0,0,1,0
49770,0,0,0,0,0,0,0,1,0
49771,0,0,0,0,0,0,0,1,0
49772,0,0,0,0,0,0,0,1,0
49773,0,0,0,0,0,0,0,1,0
49774,0,0,0,0,0,0,0,1,0
49775,0,0,0,0,0,0,0,1,0
49776,0,0,0,0,0,0,0,1,0
49777,0,0,0,0,0,0,0,1,0
49778,0,0,0,0,0,0,0,1,0
49779,0,0,0,0,0,0,0,1,0
49780,0,0,0,0,0,0,0,1,0
49781,0,0,0,0,0,0,0,1,0
49782,0,0,0,0,0,0,0,1,0
49783,0,0,0,0,0,0,0,1,0
49784,0,0,0,0,0,0,0,1,0
49785,0,0,0,0,0,0,0,1,0
49786,0,0,0,0,0,0,0,1,0
49787,0,0,0,0,0,0,0,1,0
49788,0,0,0,0,0,0,0,1,0
49789,0,0,0,0,0,0,0,1,0
49790,0,0,0,0,0,0,0,1,0
49791,0,0,0,0,0,0,0,1,0
49792,0,0,0,0,0,0,0,1,0
49793,0,0,0,0,0,0,0,1,0
49794,0,0,0,0,0,0,0,1,0
49795,0,0,0,0,0,0,0,1,0
49796,0,0,0,0,0,0,0,1,0
49797,0,0,0,0,0,0,0,1,0
49798,0,0,0,0,0,0,0,1,0
49799,0,0,0,0,0,0,0,1,0
49800,0,0,0,0,0,0,0,1,0
49801,0,0,0,0,0,0,0,1,0
49802,0,0,0,0,0,0,0,1,0
49803,0,0,0,0,0,0,0,1,0
49804,0,0,0,0,0,0,0,1,0
49805,0,0,0,0,0,0,0,1,0
49806,0,0,0,0,0,0,0,1,0
49807,0,0,0,0,0,0,0,1,0
49808,0,0,0,0,0,0,0,1,0
49809,0,0,0,0,0,0,0,1,0
49810,0,0,0,0,0,0,0,1,0
49811,0,0,0,0,0,0,0,1,0
49812,0,0,0,0,0,0,0,1,0
49813,0,0,0,0,0,0,0,1,0
49814,0,0,0,0,0,0,0,1,0
49815,0,0,0,0,0,0,0,1,0
49816,0,0,0,0,0,0,0,1,0
49817,0,0,0,0,0,0,0,1,0
49818,0,0,0,0,0,0,0,1,0
49819,0,0,0,0,0,0,0,1,0
49820,0,0,0,0,0,0,0,1,0
49821,0,0,0,0,0,0,0,1,0
49822,0,0,0,0,0,0,0,1,0
49823,0,0,0,0,0,0,0,1,0
49824,0,0,0,0,0,0,0,1,0
49825,0,0,0,0,0,0,0,1,0
49826,0,0,0,0,0,0,0,1,0
49827,0,0,0,0,0,0,0,1,0
49828,0,0,0,0,0,0,0,1,0
49829,0,0,0,0,0,0,0,1,0
49830,0,0,0,0,0,0,0,1,0
49831,0,0,0,0,0,0,0,1,0
49832,0,0,0,0,0,0,0,1,0
49833,0,0,0,0,0,0,0,1,0
49834,0,0,0,0,0,0,0,1,0
49835,0,0,0,0,0,0,0,1,0
49836,0,0,0,0,0,0,0,1,0
49837,0,0,0,0,0,0,0,1,0
49838,0,0,0,0,0,0,0,1,0
49839,0,0,0,0,0,0,0,1,0
49840,0,0,0,0,0,0,0,1,0
49841,0,0,0,0,0,0,0,1,0
49842,0,0,0,0,0,0,0,1,0
49843,0,0,0,0,0,0,0,1,0
49844,0,0,0,0,0,0,0,1,0
49845,0,0,0,0,0,0,0,1,0
49846,0,0,0,0,0,0,0,1,0
49847,0,0,0,0,0,0,0,1,0
49848,0,0,0,0,0,0,0,1,0
49849,0,0,0,0,0,0,0,1,0
49850,0,0,0,0,0,0,0,1,0
49851,0,0,0,0,0,0,0,1,0
49852,0,0,0,0,0,0,0,1,0
49853,0,0,0,0,0,0,0,1,0
49854,0,0,0,0,0,0,0,1,0
49855,0,0,0,0,0,0,0,1,0
49856,0,0,0,0,0,0,0,1,0
49857,0,0,0,0,0,0,0,1,0
49858,0,0,0,0,0,0,0,1,0
49859,0,0,0,0,0,0,0,1,0
49860,0,0,0,0,0,0,0,1,0
49861,0,0,0,0,0,0,0,1,0
49862,0,0,0,0,0,0,0,1,0
49863,0,0,0,0,0,0,0,1,0
49864,0,0,0,0,0,0,0,1,0
49865,0,0,0,0,0,0,0,1,0
49866,0,0,0,0,0,0,0,1,0
49867,0,0,0,0,0,0,0,1,0
49868,0,0,0,0,0,0,0,1,0
49869,0,0,0,0,0,0,0,1,0
49870,0,0,0,0,0,0,0,1,0
49871,0,0,0,0,0,0,0,1,0
49872,0,0,0,0,0,0,0,1,0
49873,0,0,0,0,0,0,0,1,0
49874,0,0,0,0,0,0,0,1,0
49875,0,0,0,0,0,0,0,1,0
49876,0,0,0,0,0,0,0,1,0
49877,0,0,0,0,0,0,0,1,0
49878,0,0,0,0,0,0,0,1,0
49879,0,0,0,0,0,0,0,1,0
49880,0,0,0,0,0,0,0,1,0
49881,0,0,0,0,0,0,0,1,0
49882,0,0,0,0,0,0,0,1,0
49883,0,0,0,0,0,0,0,1,0
49884,0,0,0,0,0,0,0,1,0
49885,0,0,0,0,0,0,0,1,0
49886,0,0,0,0,0,0,0,1,0
49887,0,0,0,0,0,0,0,1,0
49888,0,0,0,0,0,0,0,1,0
49889,0,0,0,0,0,0,0,1,0
49890,0,0,0,0,0,0,0,1,0
49891,0,0,0,0,0,0,0,1,0
49892,0,0,0,0,0,0,0,1,0
49893,0,0,0,0,0,0,0,1,0
49894,0,0,0,0,0,0,0,1,0
49895,0,0,0,0,0,0,0,1,0
49896,0,0,0,0,0,0,0,1,0
49897,0,0,0,0,0,0,0,1,0
49898,0,0,0,0,0,0,0,1,0
49899,0,0,0,0,0,0,0,1,0
49900,0,0,0,0,0,0,0,1,0
49901,0,0,0,0,0,0,0,1,0
49902,0,0,0,0,0,0,0,1,0
49903,0,0,0,0,0,0,0,1,0
49904,0,0,0,0,0,0,0,1,0
49905,0,0,0,0,0,0,0,1,0
49906,0,0,0,0,0,0,0,1,0
49907,0,0,0,0,0,0,0,1,0
49908,0,0,0,0,0,0,0,1,0
49909,0,0,0,0,0,0,0,1,0
49910,0,0,0,0,0,0,0,1,0
49911,0,0,0,0,0,0,0,1,0
49912,0,0,0,0,0,0,0,1,0
49913,0,0,0,0,0,0,0,1,0
49914,0,0,0,0,0,0,0,1,0
49915,0,0,0,0,0,0,0,1,0
49916,0,0,0,0,0,0,0,1,0
49917,0,0,0,0,0,0,0,1,0
49918,0,0,0,0,0,0,0,1,0
49919,0,0,0,0,0,0,0,1,0
49920,0,0,0,0,0,0,0,1,0
49921,0,0,0,0,0,0,0,1,0
49922,0,0,0,0,0,0,0,1,0
49923,0,0,0,0,0,0,0,1,0
49924,0,0,0,0,0,0,0,1,0
49925,0,0,0,0,0,0,0,1,0
49926,0,0,0,0,0,0,0,1,0
49927,0,0,0,0,0,0,0,1,0
49928,0,0,0,0,0,0,0,1,0
49929,0,0,0,0,0,0,0,1,0
49930,0,0,0,0,0,0,0,1,0
49931,0,0,0,0,0,0,0,1,0
49932,0,0,0,0,0,0,0,1,0
49933,0,0,0,0,0,0,0,1,0
49934,0,0,0,0,0,0,0,1,0
49935,0,0,0,0,0,0,0,1,0
49936,0,0,0,0,0,0,0,1,0
49937,0,0,0,0,0,0,0,1,0
49938,0,0,0,0,0,0,0,1,0
49939,0,0,0,0,0,0,0,1,0
49940,0,0,0,0,0,0,0,1,0
49941,0,0,0,0,0,0,0,1,0
49942,0,0,0,0,0,0,0,1,0
49943,0,0,0,0,0,0,0,1,0
49944,0,0,0,0,0,0,0,1,0
49945,0,0,0,0,0,0,0,1,0
49946,0,0,0,0,0,0,0,1,0
49947,0,0,0,0,0,0,0,1,0
49948,0,0,0,0,0,0,0,1,0
49949,0,0,0,0,0,0,0,1,0
49950,0,0,0,0,0,0,0,1,0
49951,0,0,0,0,0,0,0,1,0
49952,0,0,0,0,0,0,0,1,0
49953,0,0,0,0,0,0,0,1,0
49954,0,0,0,0,0,0,0,1,0
49955,0,0,0,0,0,0,0,1,0
49956,0,0,0,0,0,0,0,1,0
49957,0,0,0,0,0,0,0,1,0
49958,0,0,0,0,0,0,0,1,0
49959,0,0,0,0,0,0,0,1,0
49960,0,0,0,0,0,0,0,1,0
49961,0,0,0,0,0,0,0,1,0
49962,0,0,0,0,0,0,0,1,0
49963,0,0,0,0,0,0,0,1,0
49964,0,0,0,0,0,0,0,1,0
49965,0,0,0,0,0,0,0,1,0
49966,0,0,0,0,0,0,0,1,0
49967,0,0,0,0,0,0,0,1,0
49968,0,0,0,0,0,0,0,1,0
49969,0,0,0,0,0,0,0,1,0
49970,0,0,0,0,0,0,0,1,0
49971,0,0,0,0,0,0,0,1,0
49972,0,0,0,0,0,0,0,1,0
49973,0,0,0,0,0,0,0,1,0
49974,0,0,0,0,0,0,0,1,0
49975,0,0,0,0,0,0,0,1,0
49976,0,0,0,0,0,0,0,1,0
49977,0,0,0,0,0,0,0,1,0
49978,0,0,0,0,0,0,0,1,0
49979,0,0,0,0,0,0,0,1,0
49980,0,0,0,0,0,0,0,1,0
49981,0,0,0,0,0,0,0,1,0
49982,0,0,0,0,0,0,0,1,0
49983,0,0,0,0,0,0,0,1,0
49984,0,0,0,0,0,0,0,1,0
49985,0,0,0,0,0,0,0,1,0
49986,0,0,0,0,0,0,0,1,0
49987,0,0,0,0,0,0,0,1,0
49988,0,0,0,0,0,0,0,1,0
49989,0,0,0,0,0,0,0,1,0
49990,0,0,0,0,0,0,0,1,0
49991,0,0,0,0,0,0,0,1,0
49992,0,0,0,0,0,0,0,1,0
49993,0,0,0,0,0,0,0,1,0
49994,0,0,0,0,0,0,0,1,0
49995,0,0,0,0,0,0,0,1,0
49996,0,0,0,0,0,0,0,1,0
49997,0,0,0,0,0,0,0,1,0
49998,0,0,0,0,0,0,0,1,0
49999,0,0,0,0,0,0,0,1,0
50000,0,0,0,0,0,0,0,1,0
50001,0,0,0,0,0,0,0,1,0
50002,0,0,0,0,0,0,0,1,0
50003,0,0,0,0,0,0,0,1,0
50004,0,0,0,0,0,0,0,1,0
50005,0,0,0,0,0,0,0,1,0
50006,0,0,0,0,0,0,0,1,0
50007,0,0,0,0,0,0,0,1,0
50008,0,0,0,0,0,0,0,1,0
50009,0,0,0,0,0,0,0,1,0
50010,0,0,0,0,0,0,0,1,0
50011,0,0,0,0,0,0,0,1,0
50012,0,0,0,0,0,0,0,1,0
50013,0,0,0,0,0,0,0,1,0
50014,0,0,0,0,0,0,0,1,0
50015,0,0,0,0,0,0,0,1,0
50016,0,0,0,0,0,0,0,1,0
50017,0,0,0,0,0,0,0,1,0
50018,0,0,0,0,0,0,0,1,0
50019,0,0,0,0,0,0,0,1,0
50020,0,0,0,0,0,0,0,1,0
50021,0,0,0,0,0,0,0,1,0
50022,0,0,0,0,0,0,0,1,0
50023,0,0,0,0,0,0,0,1,0
50024,0,0,0,0,0,0,0,1,0
50025,0,0,0,0,0,0,0,1,0
50026,0,0,0,0,0,0,0,1,0
50027,0,0,0,0,0,0,0,1,0
50028,0,0,0,0,0,0,0,1,0
50029,0,0,0,0,0,0,0,1,0
50030,0,0,0,0,0,0,0,1,0
50031,0,0,0,0,0,0,0,1,0
50032,0,0,0,0,0,0,0,1,0
50033,0,0,0,0,0,0,0,1,0
50034,0,0,0,0,0,0,0,1,0
50035,0,0,0,0,0,0,0,1,0
50036,0,0,0,0,0,0,0,1,0
50037,0,0,0,0,0,0,0,1,0
50038,0,0,0,0,0,0,0,1,0
50039,0,0,0,0,0,0,0,1,0
50040,0,0,0,0,0,0,0,1,0
50041,0,0,0,0,0,0,0,1,0
50042,0,0,0,0,0,0,0,1,0
50043,0,0,0,0,0,0,0,1,0
50044,0,0,0,0,0,0,0,1,0
50045,0,0,0,0,0,0,0,1,0
50046,0,0,0,0,0,0,0,1,0
50047,0,0,0,0,0,0,0,1,0
50048,0,0,0,0,0,0,0,1,0
50049,0,0,0,0,0,0,0,1,0
50050,0,0,0,0,0,0,0,1,0
50051,0,0,0,0,0,0,0,1,0
50052,0,0,0,0,0,0,0,1,0
50053,0,0,0,0,0,0,0,1,0
50054,0,0,0,0,0,0,0,1,0
50055,0,0,0,0,0,0,0,1,0
50056,0,0,0,0,0,0,0,1,0
50057,0,0,0,0,0,0,0,1,0
50058,0,0,0,0,0,0,0,1,0
50059,0,0,0,0,0,0,0,1,0
50060,0,0,0,0,0,0,0,1,0
50061,0,0,0,0,0,0,0,1,0
50062,0,0,0,0,0,0,0,1,0
50063,0,0,0,0,0,0,0,1,0
50064,0,0,0,0,0,0,0,1,0
50065,0,0,0,0,0,0,0,1,0
50066,0,0,0,0,0,0,0,1,0
50067,0,0,0,0,0,0,0,1,0
50068,0,0,0,0,0,0,0,1,0
50069,0,0,0,0,0,0,0,1,0
50070,0,0,0,0,0,0,0,1,0
50071,0,0,0,0,0,0,0,1,0
50072,0,0,0,0,0,0,0,1,0
50073,0,0,0,0,0,0,0,1,0
50074,0,0,0,0,0,0,0,1,0
50075,0,0,0,0,0,0,0,1,0
50076,0,0,0,0,0,0,0,1,0
50077,0,0,0,0,0,0,0,1,0
50078,0,0,0,0,0,0,0,1,0
50079,0,0,0,0,0,0,0,1,0
50080,0,0,0,0,0,0,0,1,0
50081,0,0,0,0,0,0,0,1,0
50082,0,0,0,0,0,0,0,1,0
50083,0,0,0,0,0,0,0,1,0
50084,0,0,0,0,0,0,0,1,0
50085,0,0,0,0,0,0,0,1,0
50086,0,0,0,0,0,0,0,1,0
50087,0,0,0,0,0,0,0,1,0
50088,0,0,0,0,0,0,0,1,0
50089,0,0,0,0,0,0,0,1,0
50090,0,0,0,0,0,0,0,1,0
50091,0,0,0,0,0,0,0,1,0
50092,0,0,0,0,0,0,0,1,0
50093,0,0,0,0,0,0,0,1,0
50094,0,0,0,0,0,0,0,1,0
50095,0,0,0,0,0,0,0,1,0
50096,0,0,0,0,0,0,0,1,0
50097,0,0,0,0,0,0,0,1,0
50098,0,0,0,0,0,0,0,1,0
50099,0,0,0,0,0,0,0,1,0
50100,0,0,0,0,0,0,0,1,0
50101,0,0,0,0,0,0,0,1,0
50102,0,0,0,0,0,0,0,1,0
50103,0,0,0,0,0,0,0,1,0
50104,0,0,0,0,0,0,0,1,0
50105,0,0,0,0,0,0,0,1,0
50106,0,0,0,0,0,0,0,1,0
50107,0,0,0,0,0,0,0,1,0
50108,0,0,0,0,0,0,0,1,0
50109,0,0,0,0,0,0,0,1,0
50110,0,0,0,0,0,0,0,1,0
50111,0,0,0,0,0,0,0,1,0
50112,0,0,0,0,0,0,0,1,0
50113,0,0,0,0,0,0,0,1,0
50114,0,0,0,0,0,0,0,1,0
50115,0,0,0,0,0,0,0,1,0
50116,0,0,0,0,0,0,0,1,0
50117,0,0,0,0,0,0,0,1,0
50118,0,0,0,0,0,0,0,1,0
50119,0,0,0,0,0,0,0,1,0
50120,0,0,0,0,0,0,0,1,0
50121,0,0,0,0,0,0,0,1,0
50122,0,0,0,0,0,0,0,1,0
50123,0,0,0,0,0,0,0,1,0
50124,0,0,0,0,0,0,0,1,0
50125,0,0,0,0,0,0,0,1,0
50126,0,0,0,0,0,0,0,1,0
50127,0,0,0,0,0,0,0,1,0
50128,0,0,0,0,0,0,0,1,0
50129,0,0,0,0,0,0,0,1,0
50130,0,0,0,0,0,0,0,1,0
50131,0,0,0,0,0,0,0,1,0
50132,0,0,0,0,0,0,0,1,0
50133,0,0,0,0,0,0,0,1,0
50134,0,0,0,0,0,0,0,1,0
50135,0,0,0,0,0,0,0,1,0
50136,0,0,0,0,0,0,0,1,0
50137,0,0,0,0,0,0,0,1,0
50138,0,0,0,0,0,0,0,1,0
50139,0,0,0,0,0,0,0,1,0
50140,0,0,0,0,0,0,0,1,0
50141,0,0,0,0,0,0,0,1,0
50142,0,0,0,0,0,0,0,1,0
50143,0,0,0,0,0,0,0,1,0
50144,0,0,0,0,0,0,0,1,0
50145,0,0,0,0,0,0,0,1,0
50146,0,0,0,0,0,0,0,1,0
50147,0,0,0,0,0,0,0,1,0
50148,0,0,0,0,0,0,0,1,0
50149,0,0,0,0,0,0,0,1,0
50150,0,0,0,0,0,0,0,1,0
50151,0,0,0,0,0,0,0,1,0
50152,0,0,0,0,0,0,0,1,0
50153,0,0,0,0,0,0,0,1,0
50154,0,0,0,0,0,0,0,1,0
50155,0,0,0,0,0,0,0,1,0
50156,0,0,0,0,0,0,0,1,0
50157,0,0,0,0,0,0,0,1,0
50158,0,0,0,0,0,0,0,1,0
50159,0,0,0,0,0,0,0,1,0
50160,0,0,0,0,0,0,0,1,0
50161,0,0,0,0,0,0,0,1,0
50162,0,0,0,0,0,0,0,1,0
50163,0,0,0,0,0,0,0,1,0
50164,0,0,0,0,0,0,0,1,0
50165,0,0,0,0,0,0,0,1,0
50166,0,0,0,0,0,0,0,1,0
50167,0,0,0,0,0,0,0,1,0
50168,0,0,0,0,0,0,0,1,0
50169,0,0,0,0,0,0,0,1,0
50170,0,0,0,0,0,0,0,1,0
50171,0,0,0,0,0,0,0,1,0
50172,0,0,0,0,0,0,0,1,0
50173,0,0,0,0,0,0,0,1,0
50174,0,0,0,0,0,0,0,1,0
50175,0,0,0,0,0,0,0,1,0
50176,0,0,0,0,0,0,0,1,0
50177,0,0,0,0,0,0,0,1,0
50178,0,0,0,0,0,0,0,1,0
50179,0,0,0,0,0,0,0,1,0
50180,0,0,0,0,0,0,0,1,0
50181,0,0,0,0,0,0,0,1,0
50182,0,0,0,0,0,0,0,1,0
50183,0,0,0,0,0,0,0,1,0
50184,0,0,0,0,0,0,0,1,0
50185,0,0,0,0,0,0,0,1,0
50186,0,0,0,0,0,0,0,1,0
50187,0,0,0,0,0,0,0,1,0
50188,0,0,0,0,0,0,0,1,0
50189,0,0,0,0,0,0,0,1,0
50190,0,0,0,0,0,0,0,1,0
50191,0,0,0,0,0,0,0,1,0
50192,0,0,0,0,0,0,0,1,0
50193,0,0,0,0,0,0,0,1,0
50194,0,0,0,0,0,0,0,1,0
50195,0,0,0,0,0,0,0,1,0
50196,0,0,0,0,0,0,0,1,0
50197,0,0,0,0,0,0,0,1,0
50198,0,0,0,0,0,0,0,1,0
50199,0,0,0,0,0,0,0,1,0
50200,0,0,0,0,0,0,0,1,0
50201,0,0,0,0,0,0,0,1,0
50202,0,0,0,0,0,0,0,1,0
50203,0,0,0,0,0,0,0,1,0
50204,0,0,0,0,0,0,0,1,0
50205,0,0,0,0,0,0,0,1,0
50206,0,0,0,0,0,0,0,1,0
50207,0,0,0,0,0,0,0,1,0
50208,0,0,0,0,0,0,0,1,0
50209,0,0,0,0,0,0,0,1,0
50210,0,0,0,0,0,0,0,1,0
50211,0,0,0,0,0,0,0,1,0
50212,0,0,0,0,0,0,0,1,0
50213,0,0,0,0,0,0,0,1,0
50214,0,0,0,0,0,0,0,1,0
50215,0,0,0,0,0,0,0,1,0
50216,0,0,0,0,0,0,0,1,0
50217,0,0,0,0,0,0,0,1,0
50218,0,0,0,0,0,0,0,1,0
50219,0,0,0,0,0,0,0,1,0
50220,0,0,0,0,0,0,0,1,0
50221,0,0,0,0,0,0,0,1,0
50222,0,0,0,0,0,0,0,1,0
50223,0,0,0,0,0,0,0,1,0
50224,0,0,0,0,0,0,0,1,0
50225,0,0,0,0,0,0,0,1,0
50226,0,0,0,0,0,0,0,1,0
50227,0,0,0,0,0,0,0,1,0
50228,0,0,0,0,0,0,0,1,0
50229,0,0,0,0,0,0,0,1,0
50230,0,0,0,0,0,0,0,1,0
50231,0,0,0,0,0,0,0,1,0
50232,0,0,0,0,0,0,0,1,0
50233,0,0,0,0,0,0,0,1,0
50234,0,0,0,0,0,0,0,1,0
50235,0,0,0,0,0,0,0,1,0
50236,0,0,0,0,0,0,0,1,0
50237,0,0,0,0,0,0,0,1,0
50238,0,0,0,0,0,0,0,1,0
50239,0,0,0,0,0,0,0,1,0
50240,0,0,0,0,0,0,0,1,0
50241,0,0,0,0,0,0,0,1,0
50242,0,0,0,0,0,0,0,1,0
50243,0,0,0,0,0,0,0,1,0
50244,0,0,0,0,0,0,0,1,0
50245,0,0,0,0,0,0,0,1,0
50246,0,0,0,0,0,0,0,1,0
50247,0,0,0,0,0,0,0,1,0
50248,0,0,0,0,0,0,0,1,0
50249,0,0,0,0,0,0,0,1,0
50250,0,0,0,0,0,0,0,1,0
50251,0,0,0,0,0,0,0,1,0
50252,0,0,0,0,0,0,0,1,0
50253,0,0,0,0,0,0,0,1,0
50254,0,0,0,0,0,0,0,1,0
50255,0,0,0,0,0,0,0,1,0
50256,0,0,0,0,0,0,0,1,0
50257,0,0,0,0,0,0,0,1,0
50258,0,0,0,0,0,0,0,1,0
50259,0,0,0,0,0,0,0,1,0
50260,0,0,0,0,0,0,0,1,0
50261,0,0,0,0,0,0,0,1,0
50262,0,0,0,0,0,0,0,1,0
50263,0,0,0,0,0,0,0,1,0
50264,0,0,0,0,0,0,0,1,0
50265,0,0,0,0,0,0,0,1,0
50266,0,0,0,0,0,0,0,1,0
50267,0,0,0,0,0,0,0,1,0
50268,0,0,0,0,0,0,0,1,0
50269,0,0,0,0,0,0,0,1,0
50270,0,0,0,0,0,0,0,1,0
50271,0,0,0,0,0,0,0,1,0
50272,0,0,0,0,0,0,0,1,0
50273,0,0,0,0,0,0,0,1,0
50274,0,0,0,0,0,0,0,1,0
50275,0,0,0,0,0,0,0,1,0
50276,0,0,0,0,0,0,0,1,0
50277,0,0,0,0,0,0,0,1,0
50278,0,0,0,0,0,0,0,1,0
50279,0,0,0,0,0,0,0,1,0
50280,0,0,0,0,0,0,0,1,0
50281,0,0,0,0,0,0,0,1,0
50282,0,0,0,0,0,0,0,1,0
50283,0,0,0,0,0,0,0,1,0
50284,0,0,0,0,0,0,0,1,0
50285,0,0,0,0,0,0,0,1,0
50286,0,0,0,0,0,0,0,1,0
50287,0,0,0,0,0,0,0,1,0
50288,0,0,0,0,0,0,0,1,0
50289,0,0,0,0,0,0,0,1,0
50290,0,0,0,0,0,0,0,1,0
50291,0,0,0,0,0,0,0,1,0
50292,0,0,0,0,0,0,0,1,0
50293,0,0,0,0,0,0,0,1,0
50294,0,0,0,0,0,0,0,1,0
50295,0,0,0,0,0,0,0,1,0
50296,0,0,0,0,0,0,0,1,0
50297,0,0,0,0,0,0,0,1,0
50298,0,0,0,0,0,0,0,1,0
50299,0,0,0,0,0,0,0,1,0
50300,0,0,0,0,0,0,0,1,0
50301,0,0,0,0,0,0,0,1,0
50302,0,0,0,0,0,0,0,1,0
50303,0,0,0,0,0,0,0,1,0
50304,0,0,0,0,0,0,0,1,0
50305,0,0,0,0,0,0,0,1,0
50306,0,0,0,0,0,0,0,1,0
50307,0,0,0,0,0,0,0,1,0
50308,0,0,0,0,0,0,0,1,0
50309,0,0,0,0,0,0,0,1,0
50310,0,0,0,0,0,0,0,1,0
50311,0,0,0,0,0,0,0,1,0
50312,0,0,0,0,0,0,0,1,0
50313,0,0,0,0,0,0,0,1,0
50314,0,0,0,0,0,0,0,1,0
50315,0,0,0,0,0,0,0,1,0
50316,0,0,0,0,0,0,0,1,0
50317,0,0,0,0,0,0,0,1,0
50318,0,0,0,0,0,0,0,1,0
50319,0,0,0,0,0,0,0,1,0
50320,0,0,0,0,0,0,0,1,0
50321,0,0,0,0,0,0,0,1,0
50322,0,0,0,0,0,0,0,1,0
50323,0,0,0,0,0,0,0,1,0
50324,0,0,0,0,0,0,0,1,0
50325,0,0,0,0,0,0,0,1,0
50326,0,0,0,0,0,0,0,1,0
50327,0,0,0,0,0,0,0,1,0
50328,0,0,0,0,0,0,0,1,0
50329,0,0,0,0,0,0,0,1,0
50330,0,0,0,0,0,0,0,1,0
50331,0,0,0,0,0,0,0,1,0
50332,0,0,0,0,0,0,0,1,0
50333,0,0,0,0,0,0,0,1,0
50334,0,0,0,0,0,0,0,1,0
50335,0,0,0,0,0,0,0,1,0
50336,0,0,0,0,0,0,0,1,0
50337,0,0,0,0,0,0,0,1,0
50338,0,0,0,0,0,0,0,1,0
50339,0,0,0,0,0,0,0,1,0
50340,0,0,0,0,0,0,0,1,0
50341,0,0,0,0,0,0,0,1,0
50342,0,0,0,0,0,0,0,1,0
50343,0,0,0,0,0,0,0,1,0
50344,0,0,0,0,0,0,0,1,0
50345,0,0,0,0,0,0,0,1,0
50346,0,0,0,0,0,0,0,1,0
50347,0,0,0,0,0,0,0,1,0
50348,0,0,0,0,0,0,0,1,0
50349,0,0,0,0,0,0,0,1,0
50350,0,0,0,0,0,0,0,1,0
50351,0,0,0,0,0,0,0,1,0
50352,0,0,0,0,0,0,0,1,0
50353,0,0,0,0,0,0,0,1,0
50354,0,0,0,0,0,0,0,1,0
50355,0,0,0,0,0,0,0,1,0
50356,0,0,0,0,0,0,0,1,0
50357,0,0,0,0,0,0,0,1,0
50358,0,0,0,0,0,0,0,1,0
50359,0,0,0,0,0,0,0,1,0
50360,0,0,0,0,0,0,0,1,0
50361,0,0,0,0,0,0,0,1,0
50362,0,0,0,0,0,0,0,1,0
50363,0,0,0,0,0,0,0,1,0
50364,0,0,0,0,0,0,0,1,0
50365,0,0,0,0,0,0,0,1,0
50366,0,0,0,0,0,0,0,1,0
50367,0,0,0,0,0,0,0,1,0
50368,0,0,0,0,0,0,0,1,0
50369,0,0,0,0,0,0,0,1,0
50370,0,0,0,0,0,0,0,1,0
50371,0,0,0,0,0,0,0,1,0
50372,0,0,0,0,0,0,0,1,0
50373,0,0,0,0,0,0,0,1,0
50374,0,0,0,0,0,0,0,1,0
50375,0,0,0,0,0,0,0,1,0
50376,0,0,0,0,0,0,0,1,0
50377,0,0,0,0,0,0,0,1,0
50378,0,0,0,0,0,0,0,1,0
50379,0,0,0,0,0,0,0,1,0
50380,0,0,0,0,0,0,0,1,0
50381,0,0,0,0,0,0,0,1,0
50382,0,0,0,0,0,0,0,1,0
50383,0,0,0,0,0,0,0,1,0
50384,0,0,0,0,0,0,0,1,0
50385,0,0,0,0,0,0,0,1,0
50386,0,0,0,0,0,0,0,1,0
50387,0,0,0,0,0,0,0,1,0
50388,0,0,0,0,0,0,0,1,0
50389,0,0,0,0,0,0,0,1,0
50390,0,0,0,0,0,0,0,1,0
50391,0,0,0,0,0,0,0,1,0
50392,0,0,0,0,0,0,0,1,0
50393,0,0,0,0,0,0,0,1,0
50394,0,0,0,0,0,0,0,1,0
50395,0,0,0,0,0,0,0,1,0
50396,0,0,0,0,0,0,0,1,0
50397,0,0,0,0,0,0,0,1,0
50398,0,0,0,0,0,0,0,1,0
50399,0,0,0,0,0,0,0,1,0
50400,0,0,0,0,0,0,0,1,0
50401,0,0,0,0,0,0,0,1,0
50402,0,0,0,0,0,0,0,1,0
50403,0,0,0,0,0,0,0,1,0
50404,0,0,0,0,0,0,0,1,0
50405,0,0,0,0,0,0,0,1,0
50406,0,0,0,0,0,0,0,1,0
50407,0,0,0,0,0,0,0,1,0
50408,0,0,0,0,0,0,0,1,0
50409,0,0,0,0,0,0,0,1,0
50410,0,0,0,0,0,0,0,1,0
50411,0,0,0,0,0,0,0,1,0
50412,0,0,0,0,0,0,0,1,0
50413,0,0,0,0,0,0,0,1,0
50414,0,0,0,0,0,0,0,1,0
50415,0,0,0,0,0,0,0,1,0
50416,0,0,0,0,0,0,0,1,0
50417,0,0,0,0,0,0,0,1,0
50418,0,0,0,0,0,0,0,1,0
50419,0,0,0,0,0,0,0,1,0
50420,0,0,0,0,0,0,0,1,0
50421,0,0,0,0,0,0,0,1,0
50422,0,0,0,0,0,0,0,1,0
50423,0,0,0,0,0,0,0,1,0
50424,0,0,0,0,0,0,0,1,0
50425,0,0,0,0,0,0,0,1,0
50426,0,0,0,0,0,0,0,1,0
50427,0,0,0,0,0,0,0,1,0
50428,0,0,0,0,0,0,0,1,0
50429,0,0,0,0,0,0,0,1,0
50430,0,0,0,0,0,0,0,1,0
50431,0,0,0,0,0,0,0,1,0
50432,0,0,0,0,0,0,0,1,0
50433,0,0,0,0,0,0,0,1,0
50434,0,0,0,0,0,0,0,1,0
50435,0,0,0,0,0,0,0,1,0
50436,0,0,0,0,0,0,0,1,0
50437,0,0,0,0,0,0,0,1,0
50438,0,0,0,0,0,0,0,1,0
50439,0,0,0,0,0,0,0,1,0
50440,0,0,0,0,0,0,0,1,0
50441,0,0,0,0,0,0,0,1,0
50442,0,0,0,0,0,0,0,1,0
50443,0,0,0,0,0,0,0,1,0
50444,0,0,0,0,0,0,0,1,0
50445,0,0,0,0,0,0,0,1,0
50446,0,0,0,0,0,0,0,1,0
50447,0,0,0,0,0,0,0,1,0
50448,0,0,0,0,0,0,0,1,0
50449,0,0,0,0,0,0,0,1,0
50450,0,0,0,0,0,0,0,1,0
50451,0,0,0,0,0,0,0,1,0
50452,0,0,0,0,0,0,0,1,0
50453,0,0,0,0,0,0,0,1,0
50454,0,0,0,0,0,0,0,1,0
50455,0,0,0,0,0,0,0,1,0
50456,0,0,0,0,0,0,0,1,0
50457,0,0,0,0,0,0,0,1,0
50458,0,0,0,0,0,0,0,1,0
50459,0,0,0,0,0,0,0,1,0
50460,0,0,0,0,0,0,0,1,0
50461,0,0,0,0,0,0,0,1,0
50462,0,0,0,0,0,0,0,1,0
50463,0,0,0,0,0,0,0,1,0
50464,0,0,0,0,0,0,0,1,0
50465,0,0,0,0,0,0,0,1,0
50466,0,0,0,0,0,0,0,1,0
50467,0,0,0,0,0,0,0,1,0
50468,0,0,0,0,0,0,0,1,0
50469,0,0,0,0,0,0,0,1,0
50470,0,0,0,0,0,0,0,1,0
50471,0,0,0,0,0,0,0,1,0
50472,0,0,0,0,0,0,0,1,0
50473,0,0,0,0,0,0,0,1,0
50474,0,0,0,0,0,0,0,1,0
50475,0,0,0,0,0,0,0,1,0
50476,0,0,0,0,0,0,0,1,0
50477,0,0,0,0,0,0,0,1,0
50478,0,0,0,0,0,0,0,1,0
50479,0,0,0,0,0,0,0,1,0
50480,0,0,0,0,0,0,0,1,0
50481,0,0,0,0,0,0,0,1,0
50482,0,0,0,0,0,0,0,1,0
50483,0,0,0,0,0,0,0,1,0
50484,0,0,0,0,0,0,0,1,0
50485,0,0,0,0,0,0,0,1,0
50486,0,0,0,0,0,0,0,1,0
50487,0,0,0,0,0,0,0,1,0
50488,0,0,0,0,0,0,0,1,0
50489,0,0,0,0,0,0,0,1,0
50490,0,0,0,0,0,0,0,1,0
50491,0,0,0,0,0,0,0,1,0
50492,0,0,0,0,0,0,0,1,0
50493,0,0,0,0,0,0,0,1,0
50494,0,0,0,0,0,0,0,1,0
50495,0,0,0,0,0,0,0,1,0
50496,0,0,0,0,0,0,0,1,0
50497,0,0,0,0,0,0,0,1,0
50498,0,0,0,0,0,0,0,1,0
50499,0,0,0,0,0,0,0,1,0
50500,0,0,0,0,0,0,0,1,0
50501,0,0,0,0,0,0,0,1,0
50502,0,0,0,0,0,0,0,1,0
50503,0,0,0,0,0,0,0,1,0
50504,0,0,0,0,0,0,0,1,0
50505,0,0,0,0,0,0,0,1,0
50506,0,0,0,0,0,0,0,1,0
50507,0,0,0,0,0,0,0,1,0
50508,0,0,0,0,0,0,0,1,0
50509,0,0,0,0,0,0,0,1,0
50510,0,0,0,0,0,0,0,1,0
50511,0,0,0,0,0,0,0,1,0
50512,0,0,0,0,0,0,0,1,0
50513,0,0,0,0,0,0,0,1,0
50514,0,0,0,0,0,0,0,1,0
50515,0,0,0,0,0,0,0,1,0
50516,0,0,0,0,0,0,0,1,0
50517,0,0,0,0,0,0,0,1,0
50518,0,0,0,0,0,0,0,1,0
50519,0,0,0,0,0,0,0,1,0
50520,0,0,0,0,0,0,0,1,0
50521,0,0,0,0,0,0,0,1,0
50522,0,0,0,0,0,0,0,1,0
50523,0,0,0,0,0,0,0,1,0
50524,0,0,0,0,0,0,0,1,0
50525,0,0,0,0,0,0,0,1,0
50526,0,0,0,0,0,0,0,1,0
50527,0,0,0,0,0,0,0,1,0
50528,0,0,0,0,0,0,0,1,0
50529,0,0,0,0,0,0,0,1,0
50530,0,0,0,0,0,0,0,1,0
50531,0,0,0,0,0,0,0,1,0
50532,0,0,0,0,0,0,0,1,0
50533,0,0,0,0,0,0,0,1,0
50534,0,0,0,0,0,0,0,1,0
50535,0,0,0,0,0,0,0,1,0
50536,0,0,0,0,0,0,0,1,0
50537,0,0,0,0,0,0,0,1,0
50538,0,0,0,0,0,0,0,1,0
50539,0,0,0,0,0,0,0,1,0
50540,0,0,0,0,0,0,0,1,0
50541,0,0,0,0,0,0,0,1,0
50542,0,0,0,0,0,0,0,1,0
50543,0,0,0,0,0,0,0,1,0
50544,0,0,0,0,0,0,0,1,0
50545,0,0,0,0,0,0,0,1,0
50546,0,0,0,0,0,0,0,1,0
50547,0,0,0,0,0,0,0,1,0
50548,0,0,0,0,0,0,0,1,0
50549,0,0,0,0,0,0,0,1,0
50550,0,0,0,0,0,0,0,1,0
50551,0,0,0,0,0,0,0,1,0
50552,0,0,0,0,0,0,0,1,0
50553,0,0,0,0,0,0,0,1,0
50554,0,0,0,0,0,0,0,1,0
50555,0,0,0,0,0,0,0,1,0
50556,0,0,0,0,0,0,0,1,0
50557,0,0,0,0,0,0,0,1,0
50558,0,0,0,0,0,0,0,1,0
50559,0,0,0,0,0,0,0,1,0
50560,0,0,0,0,0,0,0,1,0
50561,0,0,0,0,0,0,0,1,0
50562,0,0,0,0,0,0,0,1,0
50563,0,0,0,0,0,0,0,1,0
50564,0,0,0,0,0,0,0,1,0
50565,0,0,0,0,0,0,0,1,0
50566,0,0,0,0,0,0,0,1,0
50567,0,0,0,0,0,0,0,1,0
50568,0,0,0,0,0,0,0,1,0
50569,0,0,0,0,0,0,0,1,0
50570,0,0,0,0,0,0,0,1,0
50571,0,0,0,0,0,0,0,1,0
50572,0,0,0,0,0,0,0,1,0
50573,0,0,0,0,0,0,0,1,0
50574,0,0,0,0,0,0,0,1,0
50575,0,0,0,0,0,0,0,1,0
50576,0,0,0,0,0,0,0,1,0
50577,0,0,0,0,0,0,0,1,0
50578,0,0,0,0,0,0,0,1,0
50579,0,0,0,0,0,0,0,1,0
50580,0,0,0,0,0,0,0,1,0
50581,0,0,0,0,0,0,0,1,0
50582,0,0,0,0,0,0,0,1,0
50583,0,0,0,0,0,0,0,1,0
50584,0,0,0,0,0,0,0,1,0
50585,0,0,0,0,0,0,0,1,0
50586,0,0,0,0,0,0,0,1,0
50587,0,0,0,0,0,0,0,1,0
50588,0,0,0,0,0,0,0,1,0
50589,0,0,0,0,0,0,0,1,0
50590,0,0,0,0,0,0,0,1,0
50591,0,0,0,0,0,0,0,1,0
50592,0,0,0,0,0,0,0,1,0
50593,0,0,0,0,0,0,0,1,0
50594,0,0,0,0,0,0,0,1,0
50595,0,0,0,0,0,0,0,1,0
50596,0,0,0,0,0,0,0,1,0
50597,0,0,0,0,0,0,0,1,0
50598,0,0,0,0,0,0,0,1,0
50599,0,0,0,0,0,0,0,1,0
50600,0,0,0,0,0,0,0,1,0
50601,0,0,0,0,0,0,0,1,0
50602,0,0,0,0,0,0,0,1,0
50603,0,0,0,0,0,0,0,1,0
50604,0,0,0,0,0,0,0,1,0
50605,0,0,0,0,0,0,0,1,0
50606,0,0,0,0,0,0,0,1,0
50607,0,0,0,0,0,0,0,1,0
50608,0,0,0,0,0,0,0,1,0
50609,0,0,0,0,0,0,0,1,0
50610,0,0,0,0,0,0,0,1,0
50611,0,0,0,0,0,0,0,1,0
50612,0,0,0,0,0,0,0,1,0
50613,0,0,0,0,0,0,0,1,0
50614,0,0,0,0,0,0,0,1,0
50615,0,0,0,0,0,0,0,1,0
50616,0,0,0,0,0,0,0,1,0
50617,0,0,0,0,0,0,0,1,0
50618,0,0,0,0,0,0,0,1,0
50619,0,0,0,0,0,0,0,1,0
50620,0,0,0,0,0,0,0,1,0
50621,0,0,0,0,0,0,0,1,0
50622,0,0,0,0,0,0,0,1,0
50623,0,0,0,0,0,0,0,1,0
50624,0,0,0,0,0,0,0,1,0
50625,0,0,0,0,0,0,0,1,0
50626,0,0,0,0,0,0,0,1,0
50627,0,0,0,0,0,0,0,1,0
50628,0,0,0,0,0,0,0,1,0
50629,0,0,0,0,0,0,0,1,0
50630,0,0,0,0,0,0,0,1,0
50631,0,0,0,0,0,0,0,1,0
50632,0,0,0,0,0,0,0,1,0
50633,0,0,0,0,0,0,0,1,0
50634,0,0,0,0,0,0,0,1,0
50635,0,0,0,0,0,0,0,1,0
50636,0,0,0,0,0,0,0,1,0
50637,0,0,0,0,0,0,0,1,0
50638,0,0,0,0,0,0,0,1,0
50639,0,0,0,0,0,0,0,1,0
50640,0,0,0,0,0,0,0,1,0
50641,0,0,0,0,0,0,0,1,0
50642,0,0,0,0,0,0,0,1,0
50643,0,0,0,0,0,0,0,1,0
50644,0,0,0,0,0,0,0,1,0
50645,0,0,0,0,0,0,0,1,0
50646,0,0,0,0,0,0,0,1,0
50647,0,0,0,0,0,0,0,1,0
50648,0,0,0,0,0,0,0,1,0
50649,0,0,0,0,0,0,0,1,0
50650,0,0,0,0,0,0,0,1,0
50651,0,0,0,0,0,0,0,1,0
50652,0,0,0,0,0,0,0,1,0
50653,0,0,0,0,0,0,0,1,0
50654,0,0,0,0,0,0,0,1,0
50655,0,0,0,0,0,0,0,1,0
50656,0,0,0,0,0,0,0,1,0
50657,0,0,0,0,0,0,0,1,0
50658,0,0,0,0,0,0,0,1,0
50659,0,0,0,0,0,0,0,1,0
50660,0,0,0,0,0,0,0,1,0
50661,0,0,0,0,0,0,0,1,0
50662,0,0,0,0,0,0,0,1,0
50663,0,0,0,0,0,0,0,1,0
50664,0,0,0,0,0,0,0,1,0
50665,0,0,0,0,0,0,0,1,0
50666,0,0,0,0,0,0,0,1,0
50667,0,0,0,0,0,0,0,1,0
50668,0,0,0,0,0,0,0,1,0
50669,0,0,0,0,0,0,0,1,0
50670,0,0,0,0,0,0,0,1,0
50671,0,0,0,0,0,0,0,1,0
50672,0,0,0,0,0,0,0,1,0
50673,0,0,0,0,0,0,0,1,0
50674,0,0,0,0,0,0,0,1,0
50675,0,0,0,0,0,0,0,1,0
50676,0,0,0,0,0,0,0,1,0
50677,0,0,0,0,0,0,0,1,0
50678,0,0,0,0,0,0,0,1,0
50679,0,0,0,0,0,0,0,1,0
50680,0,0,0,0,0,0,0,1,0
50681,0,0,0,0,0,0,0,1,0
50682,0,0,0,0,0,0,0,1,0
50683,0,0,0,0,0,0,0,1,0
50684,0,0,0,0,0,0,0,1,0
50685,0,0,0,0,0,0,0,1,0
50686,0,0,0,0,0,0,0,1,0
50687,0,0,0,0,0,0,0,1,0
50688,0,0,0,0,0,0,0,1,0
50689,0,0,0,0,0,0,0,1,0
50690,0,0,0,0,0,0,0,1,0
50691,0,0,0,0,0,0,0,1,0
50692,0,0,0,0,0,0,0,1,0
50693,0,0,0,0,0,0,0,1,0
50694,0,0,0,0,0,0,0,1,0
50695,0,0,0,0,0,0,0,1,0
50696,0,0,0,0,0,0,0,1,0
50697,0,0,0,0,0,0,0,1,0
50698,0,0,0,0,0,0,0,1,0
50699,0,0,0,0,0,0,0,1,0
50700,0,0,0,0,0,0,0,1,0
50701,0,0,0,0,0,0,0,1,0
50702,0,0,0,0,0,0,0,1,0
50703,0,0,0,0,0,0,0,1,0
50704,0,0,0,0,0,0,0,1,0
50705,0,0,0,0,0,0,0,1,0
50706,0,0,0,0,0,0,0,1,0
50707,0,0,0,0,0,0,0,1,0
50708,0,0,0,0,0,0,0,1,0
50709,0,0,0,0,0,0,0,1,0
50710,0,0,0,0,0,0,0,1,0
50711,0,0,0,0,0,0,0,1,0
50712,0,0,0,0,0,0,0,1,0
50713,0,0,0,0,0,0,0,1,0
50714,0,0,0,0,0,0,0,1,0
50715,0,0,0,0,0,0,0,1,0
50716,0,0,0,0,0,0,0,1,0
50717,0,0,0,0,0,0,0,1,0
50718,0,0,0,0,0,0,0,1,0
50719,0,0,0,0,0,0,0,1,0
50720,0,0,0,0,0,0,0,1,0
50721,0,0,0,0,0,0,0,1,0
50722,0,0,0,0,0,0,0,1,0
50723,0,0,0,0,0,0,0,1,0
50724,0,0,0,0,0,0,0,1,0
50725,0,0,0,0,0,0,0,1,0
50726,0,0,0,0,0,0,0,1,0
50727,0,0,0,0,0,0,0,1,0
50728,0,0,0,0,0,0,0,1,0
50729,0,0,0,0,0,0,0,1,0
50730,0,0,0,0,0,0,0,1,0
50731,0,0,0,0,0,0,0,1,0
50732,0,0,0,0,0,0,0,1,0
50733,0,0,0,0,0,0,0,1,0
50734,0,0,0,0,0,0,0,1,0
50735,0,0,0,0,0,0,0,1,0
50736,0,0,0,0,0,0,0,1,0
50737,0,0,0,0,0,0,0,1,0
50738,0,0,0,0,0,0,0,1,0
50739,0,0,0,0,0,0,0,1,0
50740,0,0,0,0,0,0,0,1,0
50741,0,0,0,0,0,0,0,1,0
50742,0,0,0,0,0,0,0,1,0
50743,0,0,0,0,0,0,0,1,0
50744,0,0,0,0,0,0,0,1,0
50745,0,0,0,0,0,0,0,1,0
50746,0,0,0,0,0,0,0,1,0
50747,0,0,0,0,0,0,0,1,0
50748,0,0,0,0,0,0,0,1,0
50749,0,0,0,0,0,0,0,1,0
50750,0,0,0,0,0,0,0,1,0
50751,0,0,0,0,0,0,0,1,0
50752,0,0,0,0,0,0,0,1,0
50753,0,0,0,0,0,0,0,1,0
50754,0,0,0,0,0,0,0,1,0
50755,0,0,0,0,0,0,0,1,0
50756,0,0,0,0,0,0,0,1,0
50757,0,0,0,0,0,0,0,1,0
50758,0,0,0,0,0,0,0,1,0
50759,0,0,0,0,0,0,0,1,0
50760,0,0,0,0,0,0,0,1,0
50761,0,0,0,0,0,0,0,1,0
50762,0,0,0,0,0,0,0,1,0
50763,0,0,0,0,0,0,0,1,0
50764,0,0,0,0,0,0,0,1,0
50765,0,0,0,0,0,0,0,1,0
50766,0,0,0,0,0,0,0,1,0
50767,0,0,0,0,0,0,0,1,0
50768,0,0,0,0,0,0,0,1,0
50769,0,0,0,0,0,0,0,1,0
50770,0,0,0,0,0,0,0,1,0
50771,0,0,0,0,0,0,0,1,0
50772,0,0,0,0,0,0,0,1,0
50773,0,0,0,0,0,0,0,1,0
50774,0,0,0,0,0,0,0,1,0
50775,0,0,0,0,0,0,0,1,0
50776,0,0,0,0,0,0,0,1,0
50777,0,0,0,0,0,0,0,1,0
50778,0,0,0,0,0,0,0,1,0
50779,0,0,0,0,0,0,0,1,0
50780,0,0,0,0,0,0,0,1,0
50781,0,0,0,0,0,0,0,1,0
50782,0,0,0,0,0,0,0,1,0
50783,0,0,0,0,0,0,0,1,0
50784,0,0,0,0,0,0,0,1,0
50785,0,0,0,0,0,0,0,1,0
50786,0,0,0,0,0,0,0,1,0
50787,0,0,0,0,0,0,0,1,0
50788,0,0,0,0,0,0,0,1,0
50789,0,0,0,0,0,0,0,1,0
50790,0,0,0,0,0,0,0,1,0
50791,0,0,0,0,0,0,0,1,0
50792,0,0,0,0,0,0,0,1,0
50793,0,0,0,0,0,0,0,1,0
50794,0,0,0,0,0,0,0,1,0
50795,0,0,0,0,0,0,0,1,0
50796,0,0,0,0,0,0,0,1,0
50797,0,0,0,0,0,0,0,1,0
50798,0,0,0,0,0,0,0,1,0
50799,0,0,0,0,0,0,0,1,0
50800,0,0,0,0,0,0,0,1,0
50801,0,0,0,0,0,0,0,1,0
50802,0,0,0,0,0,0,0,1,0
50803,0,0,0,0,0,0,0,1,0
50804,0,0,0,0,0,0,0,1,0
50805,0,0,0,0,0,0,0,1,0
50806,0,0,0,0,0,0,0,1,0
50807,0,0,0,0,0,0,0,1,0
50808,0,0,0,0,0,0,0,1,0
50809,0,0,0,0,0,0,0,1,0
50810,0,0,0,0,0,0,0,1,0
50811,0,0,0,0,0,0,0,1,0
50812,0,0,0,0,0,0,0,1,0
50813,0,0,0,0,0,0,0,1,0
50814,0,0,0,0,0,0,0,1,0
50815,0,0,0,0,0,0,0,1,0
50816,0,0,0,0,0,0,0,1,0
50817,0,0,0,0,0,0,0,1,0
50818,0,0,0,0,0,0,0,1,0
50819,0,0,0,0,0,0,0,1,0
50820,0,0,0,0,0,0,0,1,0
50821,0,0,0,0,0,0,0,1,0
50822,0,0,0,0,0,0,0,1,0
50823,0,0,0,0,0,0,0,1,0
50824,0,0,0,0,0,0,0,1,0
50825,0,0,0,0,0,0,0,1,0
50826,0,0,0,0,0,0,0,1,0
50827,0,0,0,0,0,0,0,1,0
50828,0,0,0,0,0,0,0,1,0
50829,0,0,0,0,0,0,0,1,0
50830,0,0,0,0,0,0,0,1,0
50831,0,0,0,0,0,0,0,1,0
50832,0,0,0,0,0,0,0,1,0
50833,0,0,0,0,0,0,0,1,0
50834,0,0,0,0,0,0,0,1,0
50835,0,0,0,0,0,0,0,1,0
50836,0,0,0,0,0,0,0,1,0
50837,0,0,0,0,0,0,0,1,0
50838,0,0,0,0,0,0,0,1,0
50839,0,0,0,0,0,0,0,1,0
50840,0,0,0,0,0,0,0,1,0
50841,0,0,0,0,0,0,0,1,0
50842,0,0,0,0,0,0,0,1,0
50843,0,0,0,0,0,0,0,1,0
50844,0,0,0,0,0,0,0,1,0
50845,0,0,0,0,0,0,0,1,0
50846,0,0,0,0,0,0,0,1,0
50847,0,0,0,0,0,0,0,1,0
50848,0,0,0,0,0,0,0,1,0
50849,0,0,0,0,0,0,0,1,0
50850,0,0,0,0,0,0,0,1,0
50851,0,0,0,0,0,0,0,1,0
50852,0,0,0,0,0,0,0,1,0
50853,0,0,0,0,0,0,0,1,0
50854,0,0,0,0,0,0,0,1,0
50855,0,0,0,0,0,0,0,1,0
50856,0,0,0,0,0,0,0,1,0
50857,0,0,0,0,0,0,0,1,0
50858,0,0,0,0,0,0,0,1,0
50859,0,0,0,0,0,0,0,1,0
50860,0,0,0,0,0,0,0,1,0
50861,0,0,0,0,0,0,0,1,0
50862,0,0,0,0,0,0,0,1,0
50863,0,0,0,0,0,0,0,1,0
50864,0,0,0,0,0,0,0,1,0
50865,0,0,0,0,0,0,0,1,0
50866,0,0,0,0,0,0,0,1,0
50867,0,0,0,0,0,0,0,1,0
50868,0,0,0,0,0,0,0,1,0
50869,0,0,0,0,0,0,0,1,0
50870,0,0,0,0,0,0,0,1,0
50871,0,0,0,0,0,0,0,1,0
50872,0,0,0,0,0,0,0,1,0
50873,0,0,0,0,0,0,0,1,0
50874,0,0,0,0,0,0,0,1,0
50875,0,0,0,0,0,0,0,1,0
50876,0,0,0,0,0,0,0,1,0
50877,0,0,0,0,0,0,0,1,0
50878,0,0,0,0,0,0,0,1,0
50879,0,0,0,0,0,0,0,1,0
50880,0,0,0,0,0,0,0,1,0
50881,0,0,0,0,0,0,0,1,0
50882,0,0,0,0,0,0,0,1,0
50883,0,0,0,0,0,0,0,1,0
50884,0,0,0,0,0,0,0,1,0
50885,0,0,0,0,0,0,0,1,0
50886,0,0,0,0,0,0,0,1,0
50887,0,0,0,0,0,0,0,1,0
50888,0,0,0,0,0,0,0,1,0
50889,0,0,0,0,0,0,0,1,0
50890,0,0,0,0,0,0,0,1,0
50891,0,0,0,0,0,0,0,1,0
50892,0,0,0,0,0,0,0,1,0
50893,0,0,0,0,0,0,0,1,0
50894,0,0,0,0,0,0,0,1,0
50895,0,0,0,0,0,0,0,1,0
50896,0,0,0,0,0,0,0,1,0
50897,0,0,0,0,0,0,0,1,0
50898,0,0,0,0,0,0,0,1,0
50899,0,0,0,0,0,0,0,1,0
50900,0,0,0,0,0,0,0,1,0
50901,0,0,0,0,0,0,0,1,0
50902,0,0,0,0,0,0,0,1,0
50903,0,0,0,0,0,0,0,1,0
50904,0,0,0,0,0,0,0,1,0
50905,0,0,0,0,0,0,0,1,0
50906,0,0,0,0,0,0,0,1,0
50907,0,0,0,0,0,0,0,1,0
50908,0,0,0,0,0,0,0,1,0
50909,0,0,0,0,0,0,0,1,0
50910,0,0,0,0,0,0,0,1,0
50911,0,0,0,0,0,0,0,1,0
50912,0,0,0,0,0,0,0,1,0
50913,0,0,0,0,0,0,0,1,0
50914,0,0,0,0,0,0,0,1,0
50915,0,0,0,0,0,0,0,1,0
50916,0,0,0,0,0,0,0,1,0
50917,0,0,0,0,0,0,0,1,0
50918,0,0,0,0,0,0,0,1,0
50919,0,0,0,0,0,0,0,1,0
50920,0,0,0,0,0,0,0,1,0
50921,0,0,0,0,0,0,0,1,0
50922,0,0,0,0,0,0,0,1,0
50923,0,0,0,0,0,0,0,1,0
50924,0,0,0,0,0,0,0,1,0
50925,0,0,0,0,0,0,0,1,0
50926,0,0,0,0,0,0,0,1,0
50927,0,0,0,0,0,0,0,1,0
50928,0,0,0,0,0,0,0,1,0
50929,0,0,0,0,0,0,0,1,0
50930,0,0,0,0,0,0,0,1,0
50931,0,0,0,0,0,0,0,1,0
50932,0,0,0,0,0,0,0,1,0
50933,0,0,0,0,0,0,0,1,0
50934,0,0,0,0,0,0,0,1,0
50935,0,0,0,0,0,0,0,1,0
50936,0,0,0,0,0,0,0,1,0
50937,0,0,0,0,0,0,0,1,0
50938,0,0,0,0,0,0,0,1,0
50939,0,0,0,0,0,0,0,1,0
50940,0,0,0,0,0,0,0,1,0
50941,0,0,0,0,0,0,0,1,0
50942,0,0,0,0,0,0,0,1,0
50943,0,0,0,0,0,0,0,1,0
50944,0,0,0,0,0,0,0,1,0
50945,0,0,0,0,0,0,0,1,0
50946,0,0,0,0,0,0,0,1,0
50947,0,0,0,0,0,0,0,1,0
50948,0,0,0,0,0,0,0,1,0
50949,0,0,0,0,0,0,0,1,0
50950,0,0,0,0,0,0,0,1,0
50951,0,0,0,0,0,0,0,1,0
50952,0,0,0,0,0,0,0,1,0
50953,0,0,0,0,0,0,0,1,0
50954,0,0,0,0,0,0,0,1,0
50955,0,0,0,0,0,0,0,1,0
50956,0,0,0,0,0,0,0,1,0
50957,0,0,0,0,0,0,0,1,0
50958,0,0,0,0,0,0,0,1,0
50959,0,0,0,0,0,0,0,1,0
50960,0,0,0,0,0,0,0,1,0
50961,0,0,0,0,0,0,0,1,0
50962,0,0,0,0,0,0,0,1,0
50963,0,0,0,0,0,0,0,1,0
50964,0,0,0,0,0,0,0,1,0
50965,0,0,0,0,0,0,0,1,0
50966,0,0,0,0,0,0,0,1,0
50967,0,0,0,0,0,0,0,1,0
50968,0,0,0,0,0,0,0,1,0
50969,0,0,0,0,0,0,0,1,0
50970,0,0,0,0,0,0,0,1,0
50971,0,0,0,0,0,0,0,1,0
50972,0,0,0,0,0,0,0,1,0
50973,0,0,0,0,0,0,0,1,0
50974,0,0,0,0,0,0,0,1,0
50975,0,0,0,0,0,0,0,1,0
50976,0,0,0,0,0,0,0,1,0
50977,0,0,0,0,0,0,0,1,0
50978,0,0,0,0,0,0,0,1,0
50979,0,0,0,0,0,0,0,1,0
50980,0,0,0,0,0,0,0,1,0
50981,0,0,0,0,0,0,0,1,0
50982,0,0,0,0,0,0,0,1,0
50983,0,0,0,0,0,0,0,1,0
50984,0,0,0,0,0,0,0,1,0
50985,0,0,0,0,0,0,0,1,0
50986,0,0,0,0,0,0,0,1,0
50987,0,0,0,0,0,0,0,1,0
50988,0,0,0,0,0,0,0,1,0
50989,0,0,0,0,0,0,0,1,0
50990,0,0,0,0,0,0,0,1,0
50991,0,0,0,0,0,0,0,1,0
50992,0,0,0,0,0,0,0,1,0
50993,0,0,0,0,0,0,0,1,0
50994,0,0,0,0,0,0,0,1,0
50995,0,0,0,0,0,0,0,1,0
50996,0,0,0,0,0,0,0,1,0
50997,0,0,0,0,0,0,0,1,0
50998,0,0,0,0,0,0,0,1,0
50999,0,0,0,0,0,0,0,1,0
51000,0,0,0,0,0,0,0,1,0
51001,0,0,0,0,0,0,0,1,0
51002,0,0,0,0,0,0,0,1,0
51003,0,0,0,0,0,0,0,1,0
51004,0,0,0,0,0,0,0,1,0
51005,0,0,0,0,0,0,0,1,0
51006,0,0,0,0,0,0,0,1,0
51007,0,0,0,0,0,0,0,1,0
51008,0,0,0,0,0,0,0,1,0
51009,0,0,0,0,0,0,0,1,0
51010,0,0,0,0,0,0,0,1,0
51011,0,0,0,0,0,0,0,1,0
51012,0,0,0,0,0,0,0,1,0
51013,0,0,0,0,0,0,0,1,0
51014,0,0,0,0,0,0,0,1,0
51015,0,0,0,0,0,0,0,1,0
51016,0,0,0,0,0,0,0,1,0
51017,0,0,0,0,0,0,0,1,0
51018,0,0,0,0,0,0,0,1,0
51019,0,0,0,0,0,0,0,1,0
51020,0,0,0,0,0,0,0,1,0
51021,0,0,0,0,0,0,0,1,0
51022,0,0,0,0,0,0,0,1,0
51023,0,0,0,0,0,0,0,1,0
51024,0,0,0,0,0,0,0,1,0
51025,0,0,0,0,0,0,0,1,0
51026,0,0,0,0,0,0,0,1,0
51027,0,0,0,0,0,0,0,1,0
51028,0,0,0,0,0,0,0,1,0
51029,0,0,0,0,0,0,0,1,0
51030,0,0,0,0,0,0,0,1,0
51031,0,0,0,0,0,0,0,1,0
51032,0,0,0,0,0,0,0,1,0
51033,0,0,0,0,0,0,0,1,0
51034,0,0,0,0,0,0,0,1,0
51035,0,0,0,0,0,0,0,1,0
51036,0,0,0,0,0,0,0,1,0
51037,0,0,0,0,0,0,0,1,0
51038,0,0,0,0,0,0,0,1,0
51039,0,0,0,0,0,0,0,1,0
51040,0,0,0,0,0,0,0,1,0
51041,0,0,0,0,0,0,0,1,0
51042,0,0,0,0,0,0,0,1,0
51043,0,0,0,0,0,0,0,1,0
51044,0,0,0,0,0,0,0,1,0
51045,0,0,0,0,0,0,0,1,0
51046,0,0,0,0,0,0,0,1,0
51047,0,0,0,0,0,0,0,1,0
51048,0,0,0,0,0,0,0,1,0
51049,0,0,0,0,0,0,0,1,0
51050,0,0,0,0,0,0,0,1,0
51051,0,0,0,0,0,0,0,1,0
51052,0,0,0,0,0,0,0,1,0
51053,0,0,0,0,0,0,0,1,0
51054,0,0,0,0,0,0,0,1,0
51055,0,0,0,0,0,0,0,1,0
51056,0,0,0,0,0,0,0,1,0
51057,0,0,0,0,0,0,0,1,0
51058,0,0,0,0,0,0,0,1,0
51059,0,0,0,0,0,0,0,1,0
51060,0,0,0,0,0,0,0,1,0
51061,0,0,0,0,0,0,0,1,0
51062,0,0,0,0,0,0,0,1,0
51063,0,0,0,0,0,0,0,1,0
51064,0,0,0,0,0,0,0,1,0
51065,0,0,0,0,0,0,0,1,0
51066,0,0,0,0,0,0,0,1,0
51067,0,0,0,0,0,0,0,1,0
51068,0,0,0,0,0,0,0,1,0
51069,0,0,0,0,0,0,0,1,0
51070,0,0,0,0,0,0,0,1,0
51071,0,0,0,0,0,0,0,1,0
51072,0,0,0,0,0,0,0,1,0
51073,0,0,0,0,0,0,0,1,0
51074,0,0,0,0,0,0,0,1,0
51075,0,0,0,0,0,0,0,1,0
51076,0,0,0,0,0,0,0,1,0
51077,0,0,0,0,0,0,0,1,0
51078,0,0,0,0,0,0,0,1,0
51079,0,0,0,0,0,0,0,1,0
51080,0,0,0,0,0,0,0,1,0
51081,0,0,0,0,0,0,0,1,0
51082,0,0,0,0,0,0,0,1,0
51083,0,0,0,0,0,0,0,1,0
51084,0,0,0,0,0,0,0,1,0
51085,0,0,0,0,0,0,0,1,0
51086,0,0,0,0,0,0,0,1,0
51087,0,0,0,0,0,0,0,1,0
51088,0,0,0,0,0,0,0,1,0
51089,0,0,0,0,0,0,0,1,0
51090,0,0,0,0,0,0,0,1,0
51091,0,0,0,0,0,0,0,1,0
51092,0,0,0,0,0,0,0,1,0
51093,0,0,0,0,0,0,0,1,0
51094,0,0,0,0,0,0,0,1,0
51095,0,0,0,0,0,0,0,1,0
51096,0,0,0,0,0,0,0,1,0
51097,0,0,0,0,0,0,0,1,0
51098,0,0,0,0,0,0,0,1,0
51099,0,0,0,0,0,0,0,1,0
51100,0,0,0,0,0,0,0,1,0
51101,0,0,0,0,0,0,0,1,0
51102,0,0,0,0,0,0,0,1,0
51103,0,0,0,0,0,0,0,1,0
51104,0,0,0,0,0,0,0,1,0
51105,0,0,0,0,0,0,0,1,0
51106,0,0,0,0,0,0,0,1,0
51107,0,0,0,0,0,0,0,1,0
51108,0,0,0,0,0,0,0,1,0
51109,0,0,0,0,0,0,0,1,0
51110,0,0,0,0,0,0,0,1,0
51111,0,0,0,0,0,0,0,1,0
51112,0,0,0,0,0,0,0,1,0
51113,0,0,0,0,0,0,0,1,0
51114,0,0,0,0,0,0,0,1,0
51115,0,0,0,0,0,0,0,1,0
51116,0,0,0,0,0,0,0,1,0
51117,0,0,0,0,0,0,0,1,0
51118,0,0,0,0,0,0,0,1,0
51119,0,0,0,0,0,0,0,1,0
51120,0,0,0,0,0,0,0,1,0
51121,0,0,0,0,0,0,0,1,0
51122,0,0,0,0,0,0,0,1,0
51123,0,0,0,0,0,0,0,1,0
51124,0,0,0,0,0,0,0,1,0
51125,0,0,0,0,0,0,0,1,0
51126,0,0,0,0,0,0,0,1,0
51127,0,0,0,0,0,0,0,1,0
51128,0,0,0,0,0,0,0,1,0
51129,0,0,0,0,0,0,0,1,0
51130,0,0,0,0,0,0,0,1,0
51131,0,0,0,0,0,0,0,1,0
51132,0,0,0,0,0,0,0,1,0
51133,0,0,0,0,0,0,0,1,0
51134,0,0,0,0,0,0,0,1,0
51135,0,0,0,0,0,0,0,1,0
51136,0,0,0,0,0,0,0,1,0
51137,0,0,0,0,0,0,0,1,0
51138,0,0,0,0,0,0,0,1,0
51139,0,0,0,0,0,0,0,1,0
51140,0,0,0,0,0,0,0,1,0
51141,0,0,0,0,0,0,0,1,0
51142,0,0,0,0,0,0,0,1,0
51143,0,0,0,0,0,0,0,1,0
51144,0,0,0,0,0,0,0,1,0
51145,0,0,0,0,0,0,0,1,0
51146,0,0,0,0,0,0,0,1,0
51147,0,0,0,0,0,0,0,1,0
51148,0,0,0,0,0,0,0,1,0
51149,0,0,0,0,0,0,0,1,0
51150,0,0,0,0,0,0,0,1,0
51151,0,0,0,0,0,0,0,1,0
51152,0,0,0,0,0,0,0,1,0
51153,0,0,0,0,0,0,0,1,0
51154,0,0,0,0,0,0,0,1,0
51155,0,0,0,0,0,0,0,1,0
51156,0,0,0,0,0,0,0,1,0
51157,0,0,0,0,0,0,0,1,0
51158,0,0,0,0,0,0,0,1,0
51159,0,0,0,0,0,0,0,1,0
51160,0,0,0,0,0,0,0,1,0
51161,0,0,0,0,0,0,0,1,0
51162,0,0,0,0,0,0,0,1,0
51163,0,0,0,0,0,0,0,1,0
51164,0,0,0,0,0,0,0,1,0
51165,0,0,0,0,0,0,0,1,0
51166,0,0,0,0,0,0,0,1,0
51167,0,0,0,0,0,0,0,1,0
51168,0,0,0,0,0,0,0,1,0
51169,0,0,0,0,0,0,0,1,0
51170,0,0,0,0,0,0,0,1,0
51171,0,0,0,0,0,0,0,1,0
51172,0,0,0,0,0,0,0,1,0
51173,0,0,0,0,0,0,0,1,0
51174,0,0,0,0,0,0,0,1,0
51175,0,0,0,0,0,0,0,1,0
51176,0,0,0,0,0,0,0,1,0
51177,0,0,0,0,0,0,0,1,0
51178,0,0,0,0,0,0,0,1,0
51179,0,0,0,0,0,0,0,1,0
51180,0,0,0,0,0,0,0,1,0
51181,0,0,0,0,0,0,0,1,0
51182,0,0,0,0,0,0,0,1,0
51183,0,0,0,0,0,0,0,1,0
51184,0,0,0,0,0,0,0,1,0
51185,0,0,0,0,0,0,0,1,0
51186,0,0,0,0,0,0,0,1,0
51187,0,0,0,0,0,0,0,1,0
51188,0,0,0,0,0,0,0,1,0
51189,0,0,0,0,0,0,0,1,0
51190,0,0,0,0,0,0,0,1,0
51191,0,0,0,0,0,0,0,1,0
51192,0,0,0,0,0,0,0,1,0
51193,0,0,0,0,0,0,0,1,0
51194,0,0,0,0,0,0,0,1,0
51195,0,0,0,0,0,0,0,1,0
51196,0,0,0,0,0,0,0,1,0
51197,0,0,0,0,0,0,0,1,0
51198,0,0,0,0,0,0,0,1,0
51199,0,0,0,0,0,0,0,1,0
51200,0,0,0,0,0,0,0,1,0
51201,0,0,0,0,0,0,0,1,0
51202,0,0,0,0,0,0,0,1,0
51203,0,0,0,0,0,0,0,1,0
51204,0,0,0,0,0,0,0,1,0
51205,0,0,0,0,0,0,0,1,0
51206,0,0,0,0,0,0,0,1,0
51207,0,0,0,0,0,0,0,1,0
51208,0,0,0,0,0,0,0,1,0
51209,0,0,0,0,0,0,0,1,0
51210,0,0,0,0,0,0,0,1,0
51211,0,0,0,0,0,0,0,1,0
51212,0,0,0,0,0,0,0,1,0
51213,0,0,0,0,0,0,0,1,0
51214,0,0,0,0,0,0,0,1,0
51215,0,0,0,0,0,0,0,1,0
51216,0,0,0,0,0,0,0,1,0
51217,0,0,0,0,0,0,0,1,0
51218,0,0,0,0,0,0,0,1,0
51219,0,0,0,0,0,0,0,1,0
51220,0,0,0,0,0,0,0,1,0
51221,0,0,0,0,0,0,0,1,0
51222,0,0,0,0,0,0,0,1,0
51223,0,0,0,0,0,0,0,1,0
51224,0,0,0,0,0,0,0,1,0
51225,0,0,0,0,0,0,0,1,0
51226,0,0,0,0,0,0,0,1,0
51227,0,0,0,0,0,0,0,1,0
51228,0,0,0,0,0,0,0,1,0
51229,0,0,0,0,0,0,0,1,0
51230,0,0,0,0,0,0,0,1,0
51231,0,0,0,0,0,0,0,1,0
51232,0,0,0,0,0,0,0,1,0
51233,0,0,0,0,0,0,0,1,0
51234,0,0,0,0,0,0,0,1,0
51235,0,0,0,0,0,0,0,1,0
51236,0,0,0,0,0,0,0,1,0
51237,0,0,0,0,0,0,0,1,0
51238,0,0,0,0,0,0,0,1,0
51239,0,0,0,0,0,0,0,1,0
51240,0,0,0,0,0,0,0,1,0
51241,0,0,0,0,0,0,0,1,0
51242,0,0,0,0,0,0,0,1,0
51243,0,0,0,0,0,0,0,1,0
51244,0,0,0,0,0,0,0,1,0
51245,0,0,0,0,0,0,0,1,0
51246,0,0,0,0,0,0,0,1,0
51247,0,0,0,0,0,0,0,1,0
51248,0,0,0,0,0,0,0,1,0
51249,0,0,0,0,0,0,0,1,0
51250,0,0,0,0,0,0,0,1,0
51251,0,0,0,0,0,0,0,1,0
51252,0,0,0,0,0,0,0,1,0
51253,0,0,0,0,0,0,0,1,0
51254,0,0,0,0,0,0,0,1,0
51255,0,0,0,0,0,0,0,1,0
51256,0,0,0,0,0,0,0,1,0
51257,0,0,0,0,0,0,0,1,0
51258,0,0,0,0,0,0,0,1,0
51259,0,0,0,0,0,0,0,1,0
51260,0,0,0,0,0,0,0,1,0
51261,0,0,0,0,0,0,0,1,0
51262,0,0,0,0,0,0,0,1,0
51263,0,0,0,0,0,0,0,1,0
51264,0,0,0,0,0,0,0,1,0
51265,0,0,0,0,0,0,0,1,0
51266,0,0,0,0,0,0,0,1,0
51267,0,0,0,0,0,0,0,1,0
51268,0,0,0,0,0,0,0,1,0
51269,0,0,0,0,0,0,0,1,0
51270,0,0,0,0,0,0,0,1,0
51271,0,0,0,0,0,0,0,1,0
51272,0,0,0,0,0,0,0,1,0
51273,0,0,0,0,0,0,0,1,0
51274,0,0,0,0,0,0,0,1,0
51275,0,0,0,0,0,0,0,1,0
51276,0,0,0,0,0,0,0,1,0
51277,0,0,0,0,0,0,0,1,0
51278,0,0,0,0,0,0,0,1,0
51279,0,0,0,0,0,0,0,1,0
51280,0,0,0,0,0,0,0,1,0
51281,0,0,0,0,0,0,0,1,0
51282,0,0,0,0,0,0,0,1,0
51283,0,0,0,0,0,0,0,1,0
51284,0,0,0,0,0,0,0,1,0
51285,0,0,0,0,0,0,0,1,0
51286,0,0,0,0,0,0,0,1,0
51287,0,0,0,0,0,0,0,1,0
51288,0,0,0,0,0,0,0,1,0
51289,0,0,0,0,0,0,0,1,0
51290,0,0,0,0,0,0,0,1,0
51291,0,0,0,0,0,0,0,1,0
51292,0,0,0,0,0,0,0,1,0
51293,0,0,0,0,0,0,0,1,0
51294,0,0,0,0,0,0,0,1,0
51295,0,0,0,0,0,0,0,1,0
51296,0,0,0,0,0,0,0,1,0
51297,0,0,0,0,0,0,0,1,0
51298,0,0,0,0,0,0,0,1,0
51299,0,0,0,0,0,0,0,1,0
51300,0,0,0,0,0,0,0,1,0
51301,0,0,0,0,0,0,0,1,0
51302,0,0,0,0,0,0,0,1,0
51303,0,0,0,0,0,0,0,1,0
51304,0,0,0,0,0,0,0,1,0
51305,0,0,0,0,0,0,0,1,0
51306,0,0,0,0,0,0,0,1,0
51307,0,0,0,0,0,0,0,1,0
51308,0,0,0,0,0,0,0,1,0
51309,0,0,0,0,0,0,0,1,0
51310,0,0,0,0,0,0,0,1,0
51311,0,0,0,0,0,0,0,1,0
51312,0,0,0,0,0,0,0,1,0
51313,0,0,0,0,0,0,0,1,0
51314,0,0,0,0,0,0,0,1,0
51315,0,0,0,0,0,0,0,1,0
51316,0,0,0,0,0,0,0,1,0
51317,0,0,0,0,0,0,0,1,0
51318,0,0,0,0,0,0,0,1,0
51319,0,0,0,0,0,0,0,1,0
51320,0,0,0,0,0,0,0,1,0
51321,0,0,0,0,0,0,0,1,0
51322,0,0,0,0,0,0,0,1,0
51323,0,0,0,0,0,0,0,1,0
51324,0,0,0,0,0,0,0,1,0
51325,0,0,0,0,0,0,0,1,0
51326,0,0,0,0,0,0,0,1,0
51327,0,0,0,0,0,0,0,1,0
51328,0,0,0,0,0,0,0,1,0
51329,0,0,0,0,0,0,0,1,0
51330,0,0,0,0,0,0,0,1,0
51331,0,0,0,0,0,0,0,1,0
51332,0,0,0,0,0,0,0,1,0
51333,0,0,0,0,0,0,0,1,0
51334,0,0,0,0,0,0,0,1,0
51335,0,0,0,0,0,0,0,1,0
51336,0,0,0,0,0,0,0,1,0
51337,0,0,0,0,0,0,0,1,0
51338,0,0,0,0,0,0,0,1,0
51339,0,0,0,0,0,0,0,1,0
51340,0,0,0,0,0,0,0,1,0
51341,0,0,0,0,0,0,0,1,0
51342,0,0,0,0,0,0,0,1,0
51343,0,0,0,0,0,0,0,1,0
51344,0,0,0,0,0,0,0,1,0
51345,0,0,0,0,0,0,0,1,0
51346,0,0,0,0,0,0,0,1,0
51347,0,0,0,0,0,0,0,1,0
51348,0,0,0,0,0,0,0,1,0
51349,0,0,0,0,0,0,0,1,0
51350,0,0,0,0,0,0,0,1,0
51351,0,0,0,0,0,0,0,1,0
51352,0,0,0,0,0,0,0,1,0
51353,0,0,0,0,0,0,0,1,0
51354,0,0,0,0,0,0,0,1,0
51355,0,0,0,0,0,0,0,1,0
51356,0,0,0,0,0,0,0,1,0
51357,0,0,0,0,0,0,0,1,0
51358,0,0,0,0,0,0,0,1,0
51359,0,0,0,0,0,0,0,1,0
51360,0,0,0,0,0,0,0,1,0
51361,0,0,0,0,0,0,0,1,0
51362,0,0,0,0,0,0,0,1,0
51363,0,0,0,0,0,0,0,1,0
51364,0,0,0,0,0,0,0,1,0
51365,0,0,0,0,0,0,0,1,0
51366,0,0,0,0,0,0,0,1,0
51367,0,0,0,0,0,0,0,1,0
51368,0,0,0,0,0,0,0,1,0
51369,0,0,0,0,0,0,0,1,0
51370,0,0,0,0,0,0,0,1,0
51371,0,0,0,0,0,0,0,1,0
51372,0,0,0,0,0,0,0,1,0
51373,0,0,0,0,0,0,0,1,0
51374,0,0,0,0,0,0,0,1,0
51375,0,0,0,0,0,0,0,1,0
51376,0,0,0,0,0,0,0,1,0
51377,0,0,0,0,0,0,0,1,0
51378,0,0,0,0,0,0,0,1,0
51379,0,0,0,0,0,0,0,1,0
51380,0,0,0,0,0,0,0,1,0
51381,0,0,0,0,0,0,0,1,0
51382,0,0,0,0,0,0,0,1,0
51383,0,0,0,0,0,0,0,1,0
51384,0,0,0,0,0,0,0,1,0
51385,0,0,0,0,0,0,0,1,0
51386,0,0,0,0,0,0,0,1,0
51387,0,0,0,0,0,0,0,1,0
51388,0,0,0,0,0,0,0,1,0
51389,0,0,0,0,0,0,0,1,0
51390,0,0,0,0,0,0,0,1,0
51391,0,0,0,0,0,0,0,1,0
51392,0,0,0,0,0,0,0,1,0
51393,0,0,0,0,0,0,0,1,0
51394,0,0,0,0,0,0,0,1,0
51395,0,0,0,0,0,0,0,1,0
51396,0,0,0,0,0,0,0,1,0
51397,0,0,0,0,0,0,0,1,0
51398,0,0,0,0,0,0,0,1,0
51399,0,0,0,0,0,0,0,1,0
51400,0,0,0,0,0,0,0,1,0
51401,0,0,0,0,0,0,0,1,0
51402,0,0,0,0,0,0,0,1,0
51403,0,0,0,0,0,0,0,1,0
51404,0,0,0,0,0,0,0,1,0
51405,0,0,0,0,0,0,0,1,0
51406,0,0,0,0,0,0,0,1,0
51407,0,0,0,0,0,0,0,1,0
51408,0,0,0,0,0,0,0,1,0
51409,0,0,0,0,0,0,0,1,0
51410,0,0,0,0,0,0,0,1,0
51411,0,0,0,0,0,0,0,1,0
51412,0,0,0,0,0,0,0,1,0
51413,0,0,0,0,0,0,0,1,0
51414,0,0,0,0,0,0,0,1,0
51415,0,0,0,0,0,0,0,1,0
51416,0,0,0,0,0,0,0,1,0
51417,0,0,0,0,0,0,0,1,0
51418,0,0,0,0,0,0,0,1,0
51419,0,0,0,0,0,0,0,1,0
51420,0,0,0,0,0,0,0,1,0
51421,0,0,0,0,0,0,0,1,0
51422,0,0,0,0,0,0,0,1,0
51423,0,0,0,0,0,0,0,1,0
51424,0,0,0,0,0,0,0,1,0
51425,0,0,0,0,0,0,0,1,0
51426,0,0,0,0,0,0,0,1,0
51427,0,0,0,0,0,0,0,1,0
51428,0,0,0,0,0,0,0,1,0
51429,0,0,0,0,0,0,0,1,0
51430,0,0,0,0,0,0,0,1,0
51431,0,0,0,0,0,0,0,1,0
51432,0,0,0,0,0,0,0,1,0
51433,0,0,0,0,0,0,0,1,0
51434,0,0,0,0,0,0,0,1,0
51435,0,0,0,0,0,0,0,1,0
51436,0,0,0,0,0,0,0,1,0
51437,0,0,0,0,0,0,0,1,0
51438,0,0,0,0,0,0,0,1,0
51439,0,0,0,0,0,0,0,1,0
51440,0,0,0,0,0,0,0,1,0
51441,0,0,0,0,0,0,0,1,0
51442,0,0,0,0,0,0,0,1,0
51443,0,0,0,0,0,0,0,1,0
51444,0,0,0,0,0,0,0,1,0
51445,0,0,0,0,0,0,0,1,0
51446,0,0,0,0,0,0,0,1,0
51447,0,0,0,0,0,0,0,1,0
51448,0,0,0,0,0,0,0,1,0
51449,0,0,0,0,0,0,0,1,0
51450,0,0,0,0,0,0,0,1,0
51451,0,0,0,0,0,0,0,1,0
51452,0,0,0,0,0,0,0,1,0
51453,0,0,0,0,0,0,0,1,0
51454,0,0,0,0,0,0,0,1,0
51455,0,0,0,0,0,0,0,1,0
51456,0,0,0,0,0,0,0,1,0
51457,0,0,0,0,0,0,0,1,0
51458,0,0,0,0,0,0,0,1,0
51459,0,0,0,0,0,0,0,1,0
51460,0,0,0,0,0,0,0,1,0
51461,0,0,0,0,0,0,0,1,0
51462,0,0,0,0,0,0,0,1,0
51463,0,0,0,0,0,0,0,1,0
51464,0,0,0,0,0,0,0,1,0
51465,0,0,0,0,0,0,0,1,0
51466,0,0,0,0,0,0,0,1,0
51467,0,0,0,0,0,0,0,1,0
51468,0,0,0,0,0,0,0,1,0
51469,0,0,0,0,0,0,0,1,0
51470,0,0,0,0,0,0,0,1,0
51471,0,0,0,0,0,0,0,1,0
51472,0,0,0,0,0,0,0,1,0
51473,0,0,0,0,0,0,0,1,0
51474,0,0,0,0,0,0,0,1,0
51475,0,0,0,0,0,0,0,1,0
51476,0,0,0,0,0,0,0,1,0
51477,0,0,0,0,0,0,0,1,0
51478,0,0,0,0,0,0,0,1,0
51479,0,0,0,0,0,0,0,1,0
51480,0,0,0,0,0,0,0,1,0
51481,0,0,0,0,0,0,0,1,0
51482,0,0,0,0,0,0,0,1,0
51483,0,0,0,0,0,0,0,1,0
51484,0,0,0,0,0,0,0,1,0
51485,0,0,0,0,0,0,0,1,0
51486,0,0,0,0,0,0,0,1,0
51487,0,0,0,0,0,0,0,1,0
51488,0,0,0,0,0,0,0,1,0
51489,0,0,0,0,0,0,0,1,0
51490,0,0,0,0,0,0,0,1,0
51491,0,0,0,0,0,0,0,1,0
51492,0,0,0,0,0,0,0,1,0
51493,0,0,0,0,0,0,0,1,0
51494,0,0,0,0,0,0,0,1,0
51495,0,0,0,0,0,0,0,1,0
51496,0,0,0,0,0,0,0,1,0
51497,0,0,0,0,0,0,0,1,0
51498,0,0,0,0,0,0,0,1,0
51499,0,0,0,0,0,0,0,1,0
51500,0,0,0,0,0,0,0,1,0
51501,0,0,0,0,0,0,0,1,0
51502,0,0,0,0,0,0,0,1,0
51503,0,0,0,0,0,0,0,1,0
51504,0,0,0,0,0,0,0,1,0
51505,0,0,0,0,0,0,0,1,0
51506,0,0,0,0,0,0,0,1,0
51507,0,0,0,0,0,0,0,1,0
51508,0,0,0,0,0,0,0,1,0
51509,0,0,0,0,0,0,0,1,0
51510,0,0,0,0,0,0,0,1,0
51511,0,0,0,0,0,0,0,1,0
51512,0,0,0,0,0,0,0,1,0
51513,0,0,0,0,0,0,0,1,0
51514,0,0,0,0,0,0,0,1,0
51515,0,0,0,0,0,0,0,1,0
51516,0,0,0,0,0,0,0,1,0
51517,0,0,0,0,0,0,0,1,0
51518,0,0,0,0,0,0,0,1,0
51519,0,0,0,0,0,0,0,1,0
51520,0,0,0,0,0,0,0,1,0
51521,0,0,0,0,0,0,0,1,0
51522,0,0,0,0,0,0,0,1,0
51523,0,0,0,0,0,0,0,1,0
51524,0,0,0,0,0,0,0,1,0
51525,0,0,0,0,0,0,0,1,0
51526,0,0,0,0,0,0,0,1,0
51527,0,0,0,0,0,0,0,1,0
51528,0,0,0,0,0,0,0,1,0
51529,0,0,0,0,0,0,0,1,0
51530,0,0,0,0,0,0,0,1,0
51531,0,0,0,0,0,0,0,1,0
51532,0,0,0,0,0,0,0,1,0
51533,0,0,0,0,0,0,0,1,0
51534,0,0,0,0,0,0,0,1,0
51535,0,0,0,0,0,0,0,1,0
51536,0,0,0,0,0,0,0,1,0
51537,0,0,0,0,0,0,0,1,0
51538,0,0,0,0,0,0,0,1,0
51539,0,0,0,0,0,0,0,1,0
51540,0,0,0,0,0,0,0,1,0
51541,0,0,0,0,0,0,0,1,0
51542,0,0,0,0,0,0,0,1,0
51543,0,0,0,0,0,0,0,1,0
51544,0,0,0,0,0,0,0,1,0
51545,0,0,0,0,0,0,0,1,0
51546,0,0,0,0,0,0,0,1,0
51547,0,0,0,0,0,0,0,1,0
51548,0,0,0,0,0,0,0,1,0
51549,0,0,0,0,0,0,0,1,0
51550,0,0,0,0,0,0,0,1,0
51551,0,0,0,0,0,0,0,1,0
51552,0,0,0,0,0,0,0,1,0
51553,0,0,0,0,0,0,0,1,0
51554,0,0,0,0,0,0,0,1,0
51555,0,0,0,0,0,0,0,1,0
51556,0,0,0,0,0,0,0,1,0
51557,0,0,0,0,0,0,0,1,0
51558,0,0,0,0,0,0,0,1,0
51559,0,0,0,0,0,0,0,1,0
51560,0,0,0,0,0,0,0,1,0
51561,0,0,0,0,0,0,0,1,0
51562,0,0,0,0,0,0,0,1,0
51563,0,0,0,0,0,0,0,1,0
51564,0,0,0,0,0,0,0,1,0
51565,0,0,0,0,0,0,0,1,0
51566,0,0,0,0,0,0,0,1,0
51567,0,0,0,0,0,0,0,1,0
51568,0,0,0,0,0,0,0,1,0
51569,0,0,0,0,0,0,0,1,0
51570,0,0,0,0,0,0,0,1,0
51571,0,0,0,0,0,0,0,1,0
51572,0,0,0,0,0,0,0,1,0
51573,0,0,0,0,0,0,0,1,0
51574,0,0,0,0,0,0,0,1,0
51575,0,0,0,0,0,0,0,1,0
51576,0,0,0,0,0,0,0,1,0
51577,0,0,0,0,0,0,0,1,0
51578,0,0,0,0,0,0,0,1,0
51579,0,0,0,0,0,0,0,1,0
51580,0,0,0,0,0,0,0,1,0
51581,0,0,0,0,0,0,0,1,0
51582,0,0,0,0,0,0,0,1,0
51583,0,0,0,0,0,0,0,1,0
51584,0,0,0,0,0,0,0,1,0
51585,0,0,0,0,0,0,0,1,0
51586,0,0,0,0,0,0,0,1,0
51587,0,0,0,0,0,0,0,1,0
51588,0,0,0,0,0,0,0,1,0
51589,0,0,0,0,0,0,0,1,0
51590,0,0,0,0,0,0,0,1,0
51591,0,0,0,0,0,0,0,1,0
51592,0,0,0,0,0,0,0,1,0
51593,0,0,0,0,0,0,0,1,0
51594,0,0,0,0,0,0,0,1,0
51595,0,0,0,0,0,0,0,1,0
51596,0,0,0,0,0,0,0,1,0
51597,0,0,0,0,0,0,0,1,0
51598,0,0,0,0,0,0,0,1,0
51599,0,0,0,0,0,0,0,1,0
51600,0,0,0,0,0,0,0,1,0
51601,0,0,0,0,0,0,0,1,0
51602,0,0,0,0,0,0,0,1,0
51603,0,0,0,0,0,0,0,1,0
51604,0,0,0,0,0,0,0,1,0
51605,0,0,0,0,0,0,0,1,0
51606,0,0,0,0,0,0,0,1,0
51607,0,0,0,0,0,0,0,1,0
51608,0,0,0,0,0,0,0,1,0
51609,0,0,0,0,0,0,0,1,0
51610,0,0,0,0,0,0,0,1,0
51611,0,0,0,0,0,0,0,1,0
51612,0,0,0,0,0,0,0,1,0
51613,0,0,0,0,0,0,0,1,0
51614,0,0,0,0,0,0,0,1,0
51615,0,0,0,0,0,0,0,1,0
51616,0,0,0,0,0,0,0,1,0
51617,0,0,0,0,0,0,0,1,0
51618,0,0,0,0,0,0,0,1,0
51619,0,0,0,0,0,0,0,1,0
51620,0,0,0,0,0,0,0,1,0
51621,0,0,0,0,0,0,0,1,0
51622,0,0,0,0,0,0,0,1,0
51623,0,0,0,0,0,0,0,1,0
51624,0,0,0,0,0,0,0,1,0
51625,0,0,0,0,0,0,0,1,0
51626,0,0,0,0,0,0,0,1,0
51627,0,0,0,0,0,0,0,1,0
51628,0,0,0,0,0,0,0,1,0
51629,0,0,0,0,0,0,0,1,0
51630,0,0,0,0,0,0,0,1,0
51631,0,0,0,0,0,0,0,1,0
51632,0,0,0,0,0,0,0,1,0
51633,0,0,0,0,0,0,0,1,0
51634,0,0,0,0,0,0,0,1,0
51635,0,0,0,0,0,0,0,1,0
51636,0,0,0,0,0,0,0,1,0
51637,0,0,0,0,0,0,0,1,0
51638,0,0,0,0,0,0,0,1,0
51639,0,0,0,0,0,0,0,1,0
51640,0,0,0,0,0,0,0,1,0
51641,0,0,0,0,0,0,0,1,0
51642,0,0,0,0,0,0,0,1,0
51643,0,0,0,0,0,0,0,1,0
51644,0,0,0,0,0,0,0,1,0
51645,0,0,0,0,0,0,0,1,0
51646,0,0,0,0,0,0,0,1,0
51647,0,0,0,0,0,0,0,1,0
51648,0,0,0,0,0,0,0,1,0
51649,0,0,0,0,0,0,0,1,0
51650,0,0,0,0,0,0,0,1,0
51651,0,0,0,0,0,0,0,1,0
51652,0,0,0,0,0,0,0,1,0
51653,0,0,0,0,0,0,0,1,0
51654,0,0,0,0,0,0,0,1,0
51655,0,0,0,0,0,0,0,1,0
51656,0,0,0,0,0,0,0,1,0
51657,0,0,0,0,0,0,0,1,0
51658,0,0,0,0,0,0,0,1,0
51659,0,0,0,0,0,0,0,1,0
51660,0,0,0,0,0,0,0,1,0
51661,0,0,0,0,0,0,0,1,0
51662,0,0,0,0,0,0,0,1,0
51663,0,0,0,0,0,0,0,1,0
51664,0,0,0,0,0,0,0,1,0
51665,0,0,0,0,0,0,0,1,0
51666,0,0,0,0,0,0,0,1,0
51667,0,0,0,0,0,0,0,1,0
51668,0,0,0,0,0,0,0,1,0
51669,0,0,0,0,0,0,0,1,0
51670,0,0,0,0,0,0,0,1,0
51671,0,0,0,0,0,0,0,1,0
51672,0,0,0,0,0,0,0,1,0
51673,0,0,0,0,0,0,0,1,0
51674,0,0,0,0,0,0,0,1,0
51675,0,0,0,0,0,0,0,1,0
51676,0,0,0,0,0,0,0,1,0
51677,0,0,0,0,0,0,0,1,0
51678,0,0,0,0,0,0,0,1,0
51679,0,0,0,0,0,0,0,1,0
51680,0,0,0,0,0,0,0,1,0
51681,0,0,0,0,0,0,0,1,0
51682,0,0,0,0,0,0,0,1,0
51683,0,0,0,0,0,0,0,1,0
51684,0,0,0,0,0,0,0,1,0
51685,0,0,0,0,0,0,0,1,0
51686,0,0,0,0,0,0,0,1,0
51687,0,0,0,0,0,0,0,1,0
51688,0,0,0,0,0,0,0,1,0
51689,0,0,0,0,0,0,0,1,0
51690,0,0,0,0,0,0,0,1,0
51691,0,0,0,0,0,0,0,1,0
51692,0,0,0,0,0,0,0,1,0
51693,0,0,0,0,0,0,0,1,0
51694,0,0,0,0,0,0,0,1,0
51695,0,0,0,0,0,0,0,1,0
51696,0,0,0,0,0,0,0,1,0
51697,0,0,0,0,0,0,0,1,0
51698,0,0,0,0,0,0,0,1,0
51699,0,0,0,0,0,0,0,1,0
51700,0,0,0,0,0,0,0,1,0
51701,0,0,0,0,0,0,0,1,0
51702,0,0,0,0,0,0,0,1,0
51703,0,0,0,0,0,0,0,1,0
51704,0,0,0,0,0,0,0,1,0
51705,0,0,0,0,0,0,0,1,0
51706,0,0,0,0,0,0,0,1,0
51707,0,0,0,0,0,0,0,1,0
51708,0,0,0,0,0,0,0,1,0
51709,0,0,0,0,0,0,0,1,0
51710,0,0,0,0,0,0,0,1,0
51711,0,0,0,0,0,0,0,1,0
51712,0,0,0,0,0,0,0,1,0
51713,0,0,0,0,0,0,0,1,0
51714,0,0,0,0,0,0,0,1,0
51715,0,0,0,0,0,0,0,1,0
51716,0,0,0,0,0,0,0,1,0
51717,0,0,0,0,0,0,0,1,0
51718,0,0,0,0,0,0,0,1,0
51719,0,0,0,0,0,0,0,1,0
51720,0,0,0,0,0,0,0,1,0
51721,0,0,0,0,0,0,0,1,0
51722,0,0,0,0,0,0,0,1,0
51723,0,0,0,0,0,0,0,1,0
51724,0,0,0,0,0,0,0,1,0
51725,0,0,0,0,0,0,0,1,0
51726,0,0,0,0,0,0,0,1,0
51727,0,0,0,0,0,0,0,1,0
51728,0,0,0,0,0,0,0,1,0
51729,0,0,0,0,0,0,0,1,0
51730,0,0,0,0,0,0,0,1,0
51731,0,0,0,0,0,0,0,1,0
51732,0,0,0,0,0,0,0,1,0
51733,0,0,0,0,0,0,0,1,0
51734,0,0,0,0,0,0,0,1,0
51735,0,0,0,0,0,0,0,1,0
51736,0,0,0,0,0,0,0,1,0
51737,0,0,0,0,0,0,0,1,0
51738,0,0,0,0,0,0,0,1,0
51739,0,0,0,0,0,0,0,1,0
51740,0,0,0,0,0,0,0,1,0
51741,0,0,0,0,0,0,0,1,0
51742,0,0,0,0,0,0,0,1,0
51743,0,0,0,0,0,0,0,1,0
51744,0,0,0,0,0,0,0,1,0
51745,0,0,0,0,0,0,0,1,0
51746,0,0,0,0,0,0,0,1,0
51747,0,0,0,0,0,0,0,1,0
51748,0,0,0,0,0,0,0,1,0
51749,0,0,0,0,0,0,0,1,0
51750,0,0,0,0,0,0,0,1,0
51751,0,0,0,0,0,0,0,1,0
51752,0,0,0,0,0,0,0,1,0
51753,0,0,0,0,0,0,0,1,0
51754,0,0,0,0,0,0,0,1,0
51755,0,0,0,0,0,0,0,1,0
51756,0,0,0,0,0,0,0,1,0
51757,0,0,0,0,0,0,0,1,0
51758,0,0,0,0,0,0,0,1,0
51759,0,0,0,0,0,0,0,1,0
51760,0,0,0,0,0,0,0,1,0
51761,0,0,0,0,0,0,0,1,0
51762,0,0,0,0,0,0,0,1,0
51763,0,0,0,0,0,0,0,1,0
51764,0,0,0,0,0,0,0,1,0
51765,0,0,0,0,0,0,0,1,0
51766,0,0,0,0,0,0,0,1,0
51767,0,0,0,0,0,0,0,1,0
51768,0,0,0,0,0,0,0,1,0
51769,0,0,0,0,0,0,0,1,0
51770,0,0,0,0,0,0,0,1,0
51771,0,0,0,0,0,0,0,1,0
51772,0,0,0,0,0,0,0,1,0
51773,0,0,0,0,0,0,0,1,0
51774,0,0,0,0,0,0,0,1,0
51775,0,0,0,0,0,0,0,1,0
51776,0,0,0,0,0,0,0,1,0
51777,0,0,0,0,0,0,0,1,0
51778,0,0,0,0,0,0,0,1,0
51779,0,0,0,0,0,0,0,1,0
51780,0,0,0,0,0,0,0,1,0
51781,0,0,0,0,0,0,0,1,0
51782,0,0,0,0,0,0,0,1,0
51783,0,0,0,0,0,0,0,1,0
51784,0,0,0,0,0,0,0,1,0
51785,0,0,0,0,0,0,0,1,0
51786,0,0,0,0,0,0,0,1,0
51787,0,0,0,0,0,0,0,1,0
51788,0,0,0,0,0,0,0,1,0
51789,0,0,0,0,0,0,0,1,0
51790,0,0,0,0,0,0,0,1,0
51791,0,0,0,0,0,0,0,1,0
51792,0,0,0,0,0,0,0,1,0
51793,0,0,0,0,0,0,0,1,0
51794,0,0,0,0,0,0,0,1,0
51795,0,0,0,0,0,0,0,1,0
51796,0,0,0,0,0,0,0,1,0
51797,0,0,0,0,0,0,0,1,0
51798,0,0,0,0,0,0,0,1,0
51799,0,0,0,0,0,0,0,1,0
51800,0,0,0,0,0,0,0,1,0
51801,0,0,0,0,0,0,0,1,0
51802,0,0,0,0,0,0,0,1,0
51803,0,0,0,0,0,0,0,1,0
51804,0,0,0,0,0,0,0,1,0
51805,0,0,0,0,0,0,0,1,0
51806,0,0,0,0,0,0,0,1,0
51807,0,0,0,0,0,0,0,1,0
51808,0,0,0,0,0,0,0,1,0
51809,0,0,0,0,0,0,0,1,0
51810,0,0,0,0,0,0,0,1,0
51811,0,0,0,0,0,0,0,1,0
51812,0,0,0,0,0,0,0,1,0
51813,0,0,0,0,0,0,0,1,0
51814,0,0,0,0,0,0,0,1,0
51815,0,0,0,0,0,0,0,1,0
51816,0,0,0,0,0,0,0,1,0
51817,0,0,0,0,0,0,0,1,0
51818,0,0,0,0,0,0,0,1,0
51819,0,0,0,0,0,0,0,1,0
51820,0,0,0,0,0,0,0,1,0
51821,0,0,0,0,0,0,0,1,0
51822,0,0,0,0,0,0,0,1,0
51823,0,0,0,0,0,0,0,1,0
51824,0,0,0,0,0,0,0,1,0
51825,0,0,0,0,0,0,0,1,0
51826,0,0,0,0,0,0,0,1,0
51827,0,0,0,0,0,0,0,1,0
51828,0,0,0,0,0,0,0,1,0
51829,0,0,0,0,0,0,0,1,0
51830,0,0,0,0,0,0,0,1,0
51831,0,0,0,0,0,0,0,1,0
51832,0,0,0,0,0,0,0,1,0
51833,0,0,0,0,0,0,0,1,0
51834,0,0,0,0,0,0,0,1,0
51835,0,0,0,0,0,0,0,1,0
51836,0,0,0,0,0,0,0,1,0
51837,0,0,0,0,0,0,0,1,0
51838,0,0,0,0,0,0,0,1,0
51839,0,0,0,0,0,0,0,1,0
51840,0,0,0,0,0,0,0,1,0
51841,0,0,0,0,0,0,0,1,0
51842,0,0,0,0,0,0,0,1,0
51843,0,0,0,0,0,0,0,1,0
51844,0,0,0,0,0,0,0,1,0
51845,0,0,0,0,0,0,0,1,0
51846,0,0,0,0,0,0,0,1,0
51847,0,0,0,0,0,0,0,1,0
51848,0,0,0,0,0,0,0,1,0
51849,0,0,0,0,0,0,0,1,0
51850,0,0,0,0,0,0,0,1,0
51851,0,0,0,0,0,0,0,1,0
51852,0,0,0,0,0,0,0,1,0
51853,0,0,0,0,0,0,0,1,0
51854,0,0,0,0,0,0,0,1,0
51855,0,0,0,0,0,0,0,1,0
51856,0,0,0,0,0,0,0,1,0
51857,0,0,0,0,0,0,0,1,0
51858,0,0,0,0,0,0,0,1,0
51859,0,0,0,0,0,0,0,1,0
51860,0,0,0,0,0,0,0,1,0
51861,0,0,0,0,0,0,0,1,0
51862,0,0,0,0,0,0,0,1,0
51863,0,0,0,0,0,0,0,1,0
51864,0,0,0,0,0,0,0,1,0
51865,0,0,0,0,0,0,0,1,0
51866,0,0,0,0,0,0,0,1,0
51867,0,0,0,0,0,0,0,1,0
51868,0,0,0,0,0,0,0,1,0
51869,0,0,0,0,0,0,0,1,0
51870,0,0,0,0,0,0,0,1,0
51871,0,0,0,0,0,0,0,1,0
51872,0,0,0,0,0,0,0,1,0
51873,0,0,0,0,0,0,0,1,0
51874,0,0,0,0,0,0,0,1,0
51875,0,0,0,0,0,0,0,1,0
51876,0,0,0,0,0,0,0,1,0
51877,0,0,0,0,0,0,0,1,0
51878,0,0,0,0,0,0,0,1,0
51879,0,0,0,0,0,0,0,1,0
51880,0,0,0,0,0,0,0,1,0
51881,0,0,0,0,0,0,0,1,0
51882,0,0,0,0,0,0,0,1,0
51883,0,0,0,0,0,0,0,1,0
51884,0,0,0,0,0,0,0,1,0
51885,0,0,0,0,0,0,0,1,0
51886,0,0,0,0,0,0,0,1,0
51887,0,0,0,0,0,0,0,1,0
51888,0,0,0,0,0,0,0,1,0
51889,0,0,0,0,0,0,0,1,0
51890,0,0,0,0,0,0,0,1,0
51891,0,0,0,0,0,0,0,1,0
51892,0,0,0,0,0,0,0,1,0
51893,0,0,0,0,0,0,0,1,0
51894,0,0,0,0,0,0,0,1,0
51895,0,0,0,0,0,0,0,1,0
51896,0,0,0,0,0,0,0,1,0
51897,0,0,0,0,0,0,0,1,0
51898,0,0,0,0,0,0,0,1,0
51899,0,0,0,0,0,0,0,1,0
51900,0,0,0,0,0,0,0,1,0
51901,0,0,0,0,0,0,0,1,0
51902,0,0,0,0,0,0,0,1,0
51903,0,0,0,0,0,0,0,1,0
51904,0,0,0,0,0,0,0,1,0
51905,0,0,0,0,0,0,0,1,0
51906,0,0,0,0,0,0,0,1,0
51907,0,0,0,0,0,0,0,1,0
51908,0,0,0,0,0,0,0,1,0
51909,0,0,0,0,0,0,0,1,0
51910,0,0,0,0,0,0,0,1,0
51911,0,0,0,0,0,0,0,1,0
51912,0,0,0,0,0,0,0,1,0
51913,0,0,0,0,0,0,0,1,0
51914,0,0,0,0,0,0,0,1,0
51915,0,0,0,0,0,0,0,1,0
51916,0,0,0,0,0,0,0,1,0
51917,0,0,0,0,0,0,0,1,0
51918,0,0,0,0,0,0,0,1,0
51919,0,0,0,0,0,0,0,1,0
51920,0,0,0,0,0,0,0,1,0
51921,0,0,0,0,0,0,0,1,0
51922,0,0,0,0,0,0,0,1,0
51923,0,0,0,0,0,0,0,1,0
51924,0,0,0,0,0,0,0,1,0
51925,0,0,0,0,0,0,0,1,0
51926,0,0,0,0,0,0,0,1,0
51927,0,0,0,0,0,0,0,1,0
51928,0,0,0,0,0,0,0,1,0
51929,0,0,0,0,0,0,0,1,0
51930,0,0,0,0,0,0,0,1,0
51931,0,0,0,0,0,0,0,1,0
51932,0,0,0,0,0,0,0,1,0
51933,0,0,0,0,0,0,0,1,0
51934,0,0,0,0,0,0,0,1,0
51935,0,0,0,0,0,0,0,1,0
51936,0,0,0,0,0,0,0,1,0
51937,0,0,0,0,0,0,0,1,0
51938,0,0,0,0,0,0,0,1,0
51939,0,0,0,0,0,0,0,1,0
51940,0,0,0,0,0,0,0,1,0
51941,0,0,0,0,0,0,0,1,0
51942,0,0,0,0,0,0,0,1,0
51943,0,0,0,0,0,0,0,1,0
51944,0,0,0,0,0,0,0,1,0
51945,0,0,0,0,0,0,0,1,0
51946,0,0,0,0,0,0,0,1,0
51947,0,0,0,0,0,0,0,1,0
51948,0,0,0,0,0,0,0,1,0
51949,0,0,0,0,0,0,0,1,0
51950,0,0,0,0,0,0,0,1,0
51951,0,0,0,0,0,0,0,1,0
51952,0,0,0,0,0,0,0,1,0
51953,0,0,0,0,0,0,0,1,0
51954,0,0,0,0,0,0,0,1,0
51955,0,0,0,0,0,0,0,1,0
51956,0,0,0,0,0,0,0,1,0
51957,0,0,0,0,0,0,0,1,0
51958,0,0,0,0,0,0,0,1,0
51959,0,0,0,0,0,0,0,1,0
51960,0,0,0,0,0,0,0,1,0
51961,0,0,0,0,0,0,0,1,0
51962,0,0,0,0,0,0,0,1,0
51963,0,0,0,0,0,0,0,1,0
51964,0,0,0,0,0,0,0,1,0
51965,0,0,0,0,0,0,0,1,0
51966,0,0,0,0,0,0,0,1,0
51967,0,0,0,0,0,0,0,1,0
51968,0,0,0,0,0,0,0,1,0
51969,0,0,0,0,0,0,0,1,0
51970,0,0,0,0,0,0,0,1,0
51971,0,0,0,0,0,0,0,1,0
51972,0,0,0,0,0,0,0,1,0
51973,0,0,0,0,0,0,0,1,0
51974,0,0,0,0,0,0,0,1,0
51975,0,0,0,0,0,0,0,1,0
51976,0,0,0,0,0,0,0,1,0
51977,0,0,0,0,0,0,0,1,0
51978,0,0,0,0,0,0,0,1,0
51979,0,0,0,0,0,0,0,1,0
51980,0,0,0,0,0,0,0,1,0
51981,0,0,0,0,0,0,0,1,0
51982,0,0,0,0,0,0,0,1,0
51983,0,0,0,0,0,0,0,1,0
51984,0,0,0,0,0,0,0,1,0
51985,0,0,0,0,0,0,0,1,0
51986,0,0,0,0,0,0,0,1,0
51987,0,0,0,0,0,0,0,1,0
51988,0,0,0,0,0,0,0,1,0
51989,0,0,0,0,0,0,0,1,0
51990,0,0,0,0,0,0,0,1,0
51991,0,0,0,0,0,0,0,1,0
51992,0,0,0,0,0,0,0,1,0
51993,0,0,0,0,0,0,0,1,0
51994,0,0,0,0,0,0,0,1,0
51995,0,0,0,0,0,0,0,1,0
51996,0,0,0,0,0,0,0,1,0
51997,0,0,0,0,0,0,0,1,0
51998,0,0,0,0,0,0,0,1,0
51999,0,0,0,0,0,0,0,1,0
52000,0,0,0,0,0,0,0,1,0
52001,0,0,0,0,0,0,0,1,0
52002,0,0,0,0,0,0,0,1,0
52003,0,0,0,0,0,0,0,1,0
52004,0,0,0,0,0,0,0,1,0
52005,0,0,0,0,0,0,0,1,0
52006,0,0,0,0,0,0,0,1,0
52007,0,0,0,0,0,0,0,1,0
52008,0,0,0,0,0,0,0,1,0
52009,0,0,0,0,0,0,0,1,0
52010,0,0,0,0,0,0,0,1,0
52011,0,0,0,0,0,0,0,1,0
52012,0,0,0,0,0,0,0,1,0
52013,0,0,0,0,0,0,0,1,0
52014,0,0,0,0,0,0,0,1,0
52015,0,0,0,0,0,0,0,1,0
52016,0,0,0,0,0,0,0,1,0
52017,0,0,0,0,0,0,0,1,0
52018,0,0,0,0,0,0,0,1,0
52019,0,0,0,0,0,0,0,1,0
52020,0,0,0,0,0,0,0,1,0
52021,0,0,0,0,0,0,0,1,0
52022,0,0,0,0,0,0,0,1,0
52023,0,0,0,0,0,0,0,1,0
52024,0,0,0,0,0,0,0,1,0
52025,0,0,0,0,0,0,0,1,0
52026,0,0,0,0,0,0,0,1,0
52027,0,0,0,0,0,0,0,1,0
52028,0,0,0,0,0,0,0,1,0
52029,0,0,0,0,0,0,0,1,0
52030,0,0,0,0,0,0,0,1,0
52031,0,0,0,0,0,0,0,1,0
52032,0,0,0,0,0,0,0,1,0
52033,0,0,0,0,0,0,0,1,0
52034,0,0,0,0,0,0,0,1,0
52035,0,0,0,0,0,0,0,1,0
52036,0,0,0,0,0,0,0,1,0
52037,0,0,0,0,0,0,0,1,0
52038,0,0,0,0,0,0,0,1,0
52039,0,0,0,0,0,0,0,1,0
52040,0,0,0,0,0,0,0,1,0
52041,0,0,0,0,0,0,0,1,0
52042,0,0,0,0,0,0,0,1,0
52043,0,0,0,0,0,0,0,1,0
52044,0,0,0,0,0,0,0,1,0
52045,0,0,0,0,0,0,0,1,0
52046,0,0,0,0,0,0,0,1,0
52047,0,0,0,0,0,0,0,1,0
52048,0,0,0,0,0,0,0,1,0
52049,0,0,0,0,0,0,0,1,0
52050,0,0,0,0,0,0,0,1,0
52051,0,0,0,0,0,0,0,1,0
52052,0,0,0,0,0,0,0,1,0
52053,0,0,0,0,0,0,0,1,0
52054,0,0,0,0,0,0,0,1,0
52055,0,0,0,0,0,0,0,1,0
52056,0,0,0,0,0,0,0,1,0
52057,0,0,0,0,0,0,0,1,0
52058,0,0,0,0,0,0,0,1,0
52059,0,0,0,0,0,0,0,1,0
52060,0,0,0,0,0,0,0,1,0
52061,0,0,0,0,0,0,0,1,0
52062,0,0,0,0,0,0,0,1,0
52063,0,0,0,0,0,0,0,1,0
52064,0,0,0,0,0,0,0,1,0
52065,0,0,0,0,0,0,0,1,0
52066,0,0,0,0,0,0,0,1,0
52067,0,0,0,0,0,0,0,1,0
52068,0,0,0,0,0,0,0,1,0
52069,0,0,0,0,0,0,0,1,0
52070,0,0,0,0,0,0,0,1,0
52071,0,0,0,0,0,0,0,1,0
52072,0,0,0,0,0,0,0,1,0
52073,0,0,0,0,0,0,0,1,0
52074,0,0,0,0,0,0,0,1,0
52075,0,0,0,0,0,0,0,1,0
52076,0,0,0,0,0,0,0,1,0
52077,0,0,0,0,0,0,0,1,0
52078,0,0,0,0,0,0,0,1,0
52079,0,0,0,0,0,0,0,1,0
52080,0,0,0,0,0,0,0,1,0
52081,0,0,0,0,0,0,0,1,0
52082,0,0,0,0,0,0,0,1,0
52083,0,0,0,0,0,0,0,1,0
52084,0,0,0,0,0,0,0,1,0
52085,0,0,0,0,0,0,0,1,0
52086,0,0,0,0,0,0,0,1,0
52087,0,0,0,0,0,0,0,1,0
52088,0,0,0,0,0,0,0,1,0
52089,0,0,0,0,0,0,0,1,0
52090,0,0,0,0,0,0,0,1,0
52091,0,0,0,0,0,0,0,1,0
52092,0,0,0,0,0,0,0,1,0
52093,0,0,0,0,0,0,0,1,0
52094,0,0,0,0,0,0,0,1,0
52095,0,0,0,0,0,0,0,1,0
52096,0,0,0,0,0,0,0,1,0
52097,0,0,0,0,0,0,0,1,0
52098,0,0,0,0,0,0,0,1,0
52099,0,0,0,0,0,0,0,1,0
52100,0,0,0,0,0,0,0,1,0
52101,0,0,0,0,0,0,0,1,0
52102,0,0,0,0,0,0,0,1,0
52103,0,0,0,0,0,0,0,1,0
52104,0,0,0,0,0,0,0,1,0
52105,0,0,0,0,0,0,0,1,0
52106,0,0,0,0,0,0,0,1,0
52107,0,0,0,0,0,0,0,1,0
52108,0,0,0,0,0,0,0,1,0
52109,0,0,0,0,0,0,0,1,0
52110,0,0,0,0,0,0,0,1,0
52111,0,0,0,0,0,0,0,1,0
52112,0,0,0,0,0,0,0,1,0
52113,0,0,0,0,0,0,0,1,0
52114,0,0,0,0,0,0,0,1,0
52115,0,0,0,0,0,0,0,1,0
52116,0,0,0,0,0,0,0,1,0
52117,0,0,0,0,0,0,0,1,0
52118,0,0,0,0,0,0,0,1,0
52119,0,0,0,0,0,0,0,1,0
52120,0,0,0,0,0,0,0,1,0
52121,0,0,0,0,0,0,0,1,0
52122,0,0,0,0,0,0,0,1,0
52123,0,0,0,0,0,0,0,1,0
52124,0,0,0,0,0,0,0,1,0
52125,0,0,0,0,0,0,0,1,0
52126,0,0,0,0,0,0,0,1,0
52127,0,0,0,0,0,0,0,1,0
52128,0,0,0,0,0,0,0,1,0
52129,0,0,0,0,0,0,0,1,0
52130,0,0,0,0,0,0,0,1,0
52131,0,0,0,0,0,0,0,1,0
52132,0,0,0,0,0,0,0,1,0
52133,0,0,0,0,0,0,0,1,0
52134,0,0,0,0,0,0,0,1,0
52135,0,0,0,0,0,0,0,1,0
52136,0,0,0,0,0,0,0,1,0
52137,0,0,0,0,0,0,0,1,0
52138,0,0,0,0,0,0,0,1,0
52139,0,0,0,0,0,0,0,1,0
52140,0,0,0,0,0,0,0,1,0
52141,0,0,0,0,0,0,0,1,0
52142,0,0,0,0,0,0,0,1,0
52143,0,0,0,0,0,0,0,1,0
52144,0,0,0,0,0,0,0,1,0
52145,0,0,0,0,0,0,0,1,0
52146,0,0,0,0,0,0,0,1,0
52147,0,0,0,0,0,0,0,1,0
52148,0,0,0,0,0,0,0,1,0
52149,0,0,0,0,0,0,0,1,0
52150,0,0,0,0,0,0,0,1,0
52151,0,0,0,0,0,0,0,1,0
52152,0,0,0,0,0,0,0,1,0
52153,0,0,0,0,0,0,0,1,0
52154,0,0,0,0,0,0,0,1,0
52155,0,0,0,0,0,0,0,1,0
52156,0,0,0,0,0,0,0,1,0
52157,0,0,0,0,0,0,0,1,0
52158,0,0,0,0,0,0,0,1,0
52159,0,0,0,0,0,0,0,1,0
52160,0,0,0,0,0,0,0,1,0
52161,0,0,0,0,0,0,0,1,0
52162,0,0,0,0,0,0,0,1,0
52163,0,0,0,0,0,0,0,1,0
52164,0,0,0,0,0,0,0,1,0
52165,0,0,0,0,0,0,0,1,0
52166,0,0,0,0,0,0,0,1,0
52167,0,0,0,0,0,0,0,1,0
52168,0,0,0,0,0,0,0,1,0
52169,0,0,0,0,0,0,0,1,0
52170,0,0,0,0,0,0,0,1,0
52171,0,0,0,0,0,0,0,1,0
52172,0,0,0,0,0,0,0,1,0
52173,0,0,0,0,0,0,0,1,0
52174,0,0,0,0,0,0,0,1,0
52175,0,0,0,0,0,0,0,1,0
52176,0,0,0,0,0,0,0,1,0
52177,0,0,0,0,0,0,0,1,0
52178,0,0,0,0,0,0,0,1,0
52179,0,0,0,0,0,0,0,1,0
52180,0,0,0,0,0,0,0,1,0
52181,0,0,0,0,0,0,0,1,0
52182,0,0,0,0,0,0,0,1,0
52183,0,0,0,0,0,0,0,1,0
52184,0,0,0,0,0,0,0,1,0
52185,0,0,0,0,0,0,0,1,0
52186,0,0,0,0,0,0,0,1,0
52187,0,0,0,0,0,0,0,1,0
52188,0,0,0,0,0,0,0,1,0
52189,0,0,0,0,0,0,0,1,0
52190,0,0,0,0,0,0,0,1,0
52191,0,0,0,0,0,0,0,1,0
52192,0,0,0,0,0,0,0,1,0
52193,0,0,0,0,0,0,0,1,0
52194,0,0,0,0,0,0,0,1,0
52195,0,0,0,0,0,0,0,1,0
52196,0,0,0,0,0,0,0,1,0
52197,0,0,0,0,0,0,0,1,0
52198,0,0,0,0,0,0,0,1,0
52199,0,0,0,0,0,0,0,1,0
52200,0,0,0,0,0,0,0,1,0
52201,0,0,0,0,0,0,0,1,0
52202,0,0,0,0,0,0,0,1,0
52203,0,0,0,0,0,0,0,1,0
52204,0,0,0,0,0,0,0,1,0
52205,0,0,0,0,0,0,0,1,0
52206,0,0,0,0,0,0,0,1,0
52207,0,0,0,0,0,0,0,1,0
52208,0,0,0,0,0,0,0,1,0
52209,0,0,0,0,0,0,0,1,0
52210,0,0,0,0,0,0,0,1,0
52211,0,0,0,0,0,0,0,1,0
52212,0,0,0,0,0,0,0,1,0
52213,0,0,0,0,0,0,0,1,0
52214,0,0,0,0,0,0,0,1,0
52215,0,0,0,0,0,0,0,1,0
52216,0,0,0,0,0,0,0,1,0
52217,0,0,0,0,0,0,0,1,0
52218,0,0,0,0,0,0,0,1,0
52219,0,0,0,0,0,0,0,1,0
52220,0,0,0,0,0,0,0,1,0
52221,0,0,0,0,0,0,0,1,0
52222,0,0,0,0,0,0,0,1,0
52223,0,0,0,0,0,0,0,1,0
52224,0,0,0,0,0,0,0,1,0
52225,0,0,0,0,0,0,0,1,0
52226,0,0,0,0,0,0,0,1,0
52227,0,0,0,0,0,0,0,1,0
52228,0,0,0,0,0,0,0,1,0
52229,0,0,0,0,0,0,0,1,0
52230,0,0,0,0,0,0,0,1,0
52231,0,0,0,0,0,0,0,1,0
52232,0,0,0,0,0,0,0,1,0
52233,0,0,0,0,0,0,0,1,0
52234,0,0,0,0,0,0,0,1,0
52235,0,0,0,0,0,0,0,1,0
52236,0,0,0,0,0,0,0,1,0
52237,0,0,0,0,0,0,0,1,0
52238,0,0,0,0,0,0,0,1,0
52239,0,0,0,0,0,0,0,1,0
52240,0,0,0,0,0,0,0,1,0
52241,0,0,0,0,0,0,0,1,0
52242,0,0,0,0,0,0,0,1,0
52243,0,0,0,0,0,0,0,1,0
52244,0,0,0,0,0,0,0,1,0
52245,0,0,0,0,0,0,0,1,0
52246,0,0,0,0,0,0,0,1,0
52247,0,0,0,0,0,0,0,1,0
52248,0,0,0,0,0,0,0,1,0
52249,0,0,0,0,0,0,0,1,0
52250,0,0,0,0,0,0,0,1,0
52251,0,0,0,0,0,0,0,1,0
52252,0,0,0,0,0,0,0,1,0
52253,0,0,0,0,0,0,0,1,0
52254,0,0,0,0,0,0,0,1,0
52255,0,0,0,0,0,0,0,1,0
52256,0,0,0,0,0,0,0,1,0
52257,0,0,0,0,0,0,0,1,0
52258,0,0,0,0,0,0,0,1,0
52259,0,0,0,0,0,0,0,1,0
52260,0,0,0,0,0,0,0,1,0
52261,0,0,0,0,0,0,0,1,0
52262,0,0,0,0,0,0,0,1,0
52263,0,0,0,0,0,0,0,1,0
52264,0,0,0,0,0,0,0,1,0
52265,0,0,0,0,0,0,0,1,0
52266,0,0,0,0,0,0,0,1,0
52267,0,0,0,0,0,0,0,1,0
52268,0,0,0,0,0,0,0,1,0
52269,0,0,0,0,0,0,0,1,0
52270,0,0,0,0,0,0,0,1,0
52271,0,0,0,0,0,0,0,1,0
52272,0,0,0,0,0,0,0,1,0
52273,0,0,0,0,0,0,0,1,0
52274,0,0,0,0,0,0,0,1,0
52275,0,0,0,0,0,0,0,1,0
52276,0,0,0,0,0,0,0,1,0
52277,0,0,0,0,0,0,0,1,0
52278,0,0,0,0,0,0,0,1,0
52279,0,0,0,0,0,0,0,1,0
52280,0,0,0,0,0,0,0,1,0
52281,0,0,0,0,0,0,0,1,0
52282,0,0,0,0,0,0,0,1,0
52283,0,0,0,0,0,0,0,1,0
52284,0,0,0,0,0,0,0,1,0
52285,0,0,0,0,0,0,0,1,0
52286,0,0,0,0,0,0,0,1,0
52287,0,0,0,0,0,0,0,1,0
52288,0,0,0,0,0,0,0,1,0
52289,0,0,0,0,0,0,0,1,0
52290,0,0,0,0,0,0,0,1,0
52291,0,0,0,0,0,0,0,1,0
52292,0,0,0,0,0,0,0,1,0
52293,0,0,0,0,0,0,0,1,0
52294,0,0,0,0,0,0,0,1,0
52295,0,0,0,0,0,0,0,1,0
52296,0,0,0,0,0,0,0,1,0
52297,0,0,0,0,0,0,0,1,0
52298,0,0,0,0,0,0,0,1,0
52299,0,0,0,0,0,0,0,1,0
52300,0,0,0,0,0,0,0,1,0
52301,0,0,0,0,0,0,0,1,0
52302,0,0,0,0,0,0,0,1,0
52303,0,0,0,0,0,0,0,1,0
52304,0,0,0,0,0,0,0,1,0
52305,0,0,0,0,0,0,0,1,0
52306,0,0,0,0,0,0,0,1,0
52307,0,0,0,0,0,0,0,1,0
52308,0,0,0,0,0,0,0,1,0
52309,0,0,0,0,0,0,0,1,0
52310,0,0,0,0,0,0,0,1,0
52311,0,0,0,0,0,0,0,1,0
52312,0,0,0,0,0,0,0,1,0
52313,0,0,0,0,0,0,0,1,0
52314,0,0,0,0,0,0,0,1,0
52315,0,0,0,0,0,0,0,1,0
52316,0,0,0,0,0,0,0,1,0
52317,0,0,0,0,0,0,0,1,0
52318,0,0,0,0,0,0,0,1,0
52319,0,0,0,0,0,0,0,1,0
52320,0,0,0,0,0,0,0,1,0
52321,0,0,0,0,0,0,0,1,0
52322,0,0,0,0,0,0,0,1,0
52323,0,0,0,0,0,0,0,1,0
52324,0,0,0,0,0,0,0,1,0
52325,0,0,0,0,0,0,0,1,0
52326,0,0,0,0,0,0,0,1,0
52327,0,0,0,0,0,0,0,1,0
52328,0,0,0,0,0,0,0,1,0
52329,0,0,0,0,0,0,0,1,0
52330,0,0,0,0,0,0,0,1,0
52331,0,0,0,0,0,0,0,1,0
52332,0,0,0,0,0,0,0,1,0
52333,0,0,0,0,0,0,0,1,0
52334,0,0,0,0,0,0,0,1,0
52335,0,0,0,0,0,0,0,1,0
52336,0,0,0,0,0,0,0,1,0
52337,0,0,0,0,0,0,0,1,0
52338,0,0,0,0,0,0,0,1,0
52339,0,0,0,0,0,0,0,1,0
52340,0,0,0,0,0,0,0,1,0
52341,0,0,0,0,0,0,0,1,0
52342,0,0,0,0,0,0,0,1,0
52343,0,0,0,0,0,0,0,1,0
52344,0,0,0,0,0,0,0,1,0
52345,0,0,0,0,0,0,0,1,0
52346,0,0,0,0,0,0,0,1,0
52347,0,0,0,0,0,0,0,1,0
52348,0,0,0,0,0,0,0,1,0
52349,0,0,0,0,0,0,0,1,0
52350,0,0,0,0,0,0,0,1,0
52351,0,0,0,0,0,0,0,1,0
52352,0,0,0,0,0,0,0,1,0
52353,0,0,0,0,0,0,0,1,0
52354,0,0,0,0,0,0,0,1,0
52355,0,0,0,0,0,0,0,1,0
52356,0,0,0,0,0,0,0,1,0
52357,0,0,0,0,0,0,0,1,0
52358,0,0,0,0,0,0,0,1,0
52359,0,0,0,0,0,0,0,1,0
52360,0,0,0,0,0,0,0,1,0
52361,0,0,0,0,0,0,0,1,0
52362,0,0,0,0,0,0,0,1,0
52363,0,0,0,0,0,0,0,1,0
52364,0,0,0,0,0,0,0,1,0
52365,0,0,0,0,0,0,0,1,0
52366,0,0,0,0,0,0,0,1,0
52367,0,0,0,0,0,0,0,1,0
52368,0,0,0,0,0,0,0,1,0
52369,0,0,0,0,0,0,0,1,0
52370,0,0,0,0,0,0,0,1,0
52371,0,0,0,0,0,0,0,1,0
52372,0,0,0,0,0,0,0,1,0
52373,0,0,0,0,0,0,0,1,0
52374,0,0,0,0,0,0,0,1,0
52375,0,0,0,0,0,0,0,1,0
52376,0,0,0,0,0,0,0,1,0
52377,0,0,0,0,0,0,0,1,0
52378,0,0,0,0,0,0,0,1,0
52379,0,0,0,0,0,0,0,1,0
52380,0,0,0,0,0,0,0,1,0
52381,0,0,0,0,0,0,0,1,0
52382,0,0,0,0,0,0,0,1,0
52383,0,0,0,0,0,0,0,1,0
52384,0,0,0,0,0,0,0,1,0
52385,0,0,0,0,0,0,0,1,0
52386,0,0,0,0,0,0,0,1,0
52387,0,0,0,0,0,0,0,1,0
52388,0,0,0,0,0,0,0,1,0
52389,0,0,0,0,0,0,0,1,0
52390,0,0,0,0,0,0,0,1,0
52391,0,0,0,0,0,0,0,1,0
52392,0,0,0,0,0,0,0,1,0
52393,0,0,0,0,0,0,0,1,0
52394,0,0,0,0,0,0,0,1,0
52395,0,0,0,0,0,0,0,1,0
52396,0,0,0,0,0,0,0,1,0
52397,0,0,0,0,0,0,0,1,0
52398,0,0,0,0,0,0,0,1,0
52399,0,0,0,0,0,0,0,1,0
52400,0,0,0,0,0,0,0,1,0
52401,0,0,0,0,0,0,0,1,0
52402,0,0,0,0,0,0,0,1,0
52403,0,0,0,0,0,0,0,1,0
52404,0,0,0,0,0,0,0,1,0
52405,0,0,0,0,0,0,0,1,0
52406,0,0,0,0,0,0,0,1,0
52407,0,0,0,0,0,0,0,1,0
52408,0,0,0,0,0,0,0,1,0
52409,0,0,0,0,0,0,0,1,0
52410,0,0,0,0,0,0,0,1,0
52411,0,0,0,0,0,0,0,1,0
52412,0,0,0,0,0,0,0,1,0
52413,0,0,0,0,0,0,0,1,0
52414,0,0,0,0,0,0,0,1,0
52415,0,0,0,0,0,0,0,1,0
52416,0,0,0,0,0,0,0,1,0
52417,0,0,0,0,0,0,0,1,0
52418,0,0,0,0,0,0,0,1,0
52419,0,0,0,0,0,0,0,1,0
52420,0,0,0,0,0,0,0,1,0
52421,0,0,0,0,0,0,0,1,0
52422,0,0,0,0,0,0,0,1,0
52423,0,0,0,0,0,0,0,1,0
52424,0,0,0,0,0,0,0,1,0
52425,0,0,0,0,0,0,0,1,0
52426,0,0,0,0,0,0,0,1,0
52427,0,0,0,0,0,0,0,1,0
52428,0,0,0,0,0,0,0,1,0
52429,0,0,0,0,0,0,0,1,0
52430,0,0,0,0,0,0,0,1,0
52431,0,0,0,0,0,0,0,1,0
52432,0,0,0,0,0,0,0,1,0
52433,0,0,0,0,0,0,0,1,0
52434,0,0,0,0,0,0,0,1,0
52435,0,0,0,0,0,0,0,1,0
52436,0,0,0,0,0,0,0,1,0
52437,0,0,0,0,0,0,0,1,0
52438,0,0,0,0,0,0,0,1,0
52439,0,0,0,0,0,0,0,1,0
52440,0,0,0,0,0,0,0,1,0
52441,0,0,0,0,0,0,0,1,0
52442,0,0,0,0,0,0,0,1,0
52443,0,0,0,0,0,0,0,1,0
52444,0,0,0,0,0,0,0,1,0
52445,0,0,0,0,0,0,0,1,0
52446,0,0,0,0,0,0,0,1,0
52447,0,0,0,0,0,0,0,1,0
52448,0,0,0,0,0,0,0,1,0
52449,0,0,0,0,0,0,0,1,0
52450,0,0,0,0,0,0,0,1,0
52451,0,0,0,0,0,0,0,1,0
52452,0,0,0,0,0,0,0,1,0
52453,0,0,0,0,0,0,0,1,0
52454,0,0,0,0,0,0,0,1,0
52455,0,0,0,0,0,0,0,1,0
52456,0,0,0,0,0,0,0,1,0
52457,0,0,0,0,0,0,0,1,0
52458,0,0,0,0,0,0,0,1,0
52459,0,0,0,0,0,0,0,1,0
52460,0,0,0,0,0,0,0,1,0
52461,0,0,0,0,0,0,0,1,0
52462,0,0,0,0,0,0,0,1,0
52463,0,0,0,0,0,0,0,1,0
52464,0,0,0,0,0,0,0,1,0
52465,0,0,0,0,0,0,0,1,0
52466,0,0,0,0,0,0,0,1,0
52467,0,0,0,0,0,0,0,1,0
52468,0,0,0,0,0,0,0,1,0
52469,0,0,0,0,0,0,0,1,0
52470,0,0,0,0,0,0,0,1,0
52471,0,0,0,0,0,0,0,1,0
52472,0,0,0,0,0,0,0,1,0
52473,0,0,0,0,0,0,0,1,0
52474,0,0,0,0,0,0,0,1,0
52475,0,0,0,0,0,0,0,1,0
52476,0,0,0,0,0,0,0,1,0
52477,0,0,0,0,0,0,0,1,0
52478,0,0,0,0,0,0,0,1,0
52479,0,0,0,0,0,0,0,1,0
52480,0,0,0,0,0,0,0,1,0
52481,0,0,0,0,0,0,0,1,0
52482,0,0,0,0,0,0,0,1,0
52483,0,0,0,0,0,0,0,1,0
52484,0,0,0,0,0,0,0,1,0
52485,0,0,0,0,0,0,0,1,0
52486,0,0,0,0,0,0,0,1,0
52487,0,0,0,0,0,0,0,1,0
52488,0,0,0,0,0,0,0,1,0
52489,0,0,0,0,0,0,0,1,0
52490,0,0,0,0,0,0,0,1,0
52491,0,0,0,0,0,0,0,1,0
52492,0,0,0,0,0,0,0,1,0
52493,0,0,0,0,0,0,0,1,0
52494,0,0,0,0,0,0,0,1,0
52495,0,0,0,0,0,0,0,1,0
52496,0,0,0,0,0,0,0,1,0
52497,0,0,0,0,0,0,0,1,0
52498,0,0,0,0,0,0,0,1,0
52499,0,0,0,0,0,0,0,1,0
52500,0,0,0,0,0,0,0,1,0
52501,0,0,0,0,0,0,0,1,0
52502,0,0,0,0,0,0,0,1,0
52503,0,0,0,0,0,0,0,1,0
52504,0,0,0,0,0,0,0,1,0
52505,0,0,0,0,0,0,0,1,0
52506,0,0,0,0,0,0,0,1,0
52507,0,0,0,0,0,0,0,1,0
52508,0,0,0,0,0,0,0,1,0
52509,0,0,0,0,0,0,0,1,0
52510,0,0,0,0,0,0,0,1,0
52511,0,0,0,0,0,0,0,1,0
52512,0,0,0,0,0,0,0,1,0
52513,0,0,0,0,0,0,0,1,0
52514,0,0,0,0,0,0,0,1,0
52515,0,0,0,0,0,0,0,1,0
52516,0,0,0,0,0,0,0,1,0
52517,0,0,0,0,0,0,0,1,0
52518,0,0,0,0,0,0,0,1,0
52519,0,0,0,0,0,0,0,1,0
52520,0,0,0,0,0,0,0,1,0
52521,0,0,0,0,0,0,0,1,0
52522,0,0,0,0,0,0,0,1,0
52523,0,0,0,0,0,0,0,1,0
52524,0,0,0,0,0,0,0,1,0
52525,0,0,0,0,0,0,0,1,0
52526,0,0,0,0,0,0,0,1,0
52527,0,0,0,0,0,0,0,1,0
52528,0,0,0,0,0,0,0,1,0
52529,0,0,0,0,0,0,0,1,0
52530,0,0,0,0,0,0,0,1,0
52531,0,0,0,0,0,0,0,1,0
52532,0,0,0,0,0,0,0,1,0
52533,0,0,0,0,0,0,0,1,0
52534,0,0,0,0,0,0,0,1,0
52535,0,0,0,0,0,0,0,1,0
52536,0,0,0,0,0,0,0,1,0
52537,0,0,0,0,0,0,0,1,0
52538,0,0,0,0,0,0,0,1,0
52539,0,0,0,0,0,0,0,1,0
52540,0,0,0,0,0,0,0,1,0
52541,0,0,0,0,0,0,0,1,0
52542,0,0,0,0,0,0,0,1,0
52543,0,0,0,0,0,0,0,1,0
52544,0,0,0,0,0,0,0,1,0
52545,0,0,0,0,0,0,0,1,0
52546,0,0,0,0,0,0,0,1,0
52547,0,0,0,0,0,0,0,1,0
52548,0,0,0,0,0,0,0,1,0
52549,0,0,0,0,0,0,0,1,0
52550,0,0,0,0,0,0,0,1,0
52551,0,0,0,0,0,0,0,1,0
52552,0,0,0,0,0,0,0,1,0
52553,0,0,0,0,0,0,0,1,0
52554,0,0,0,0,0,0,0,1,0
52555,0,0,0,0,0,0,0,1,0
52556,0,0,0,0,0,0,0,1,0
52557,0,0,0,0,0,0,0,1,0
52558,0,0,0,0,0,0,0,1,0
52559,0,0,0,0,0,0,0,1,0
52560,0,0,0,0,0,0,0,1,0
52561,0,0,0,0,0,0,0,1,0
52562,0,0,0,0,0,0,0,1,0
52563,0,0,0,0,0,0,0,1,0
52564,0,0,0,0,0,0,0,1,0
52565,0,0,0,0,0,0,0,1,0
52566,0,0,0,0,0,0,0,1,0
52567,0,0,0,0,0,0,0,1,0
52568,0,0,0,0,0,0,0,1,0
52569,0,0,0,0,0,0,0,1,0
52570,0,0,0,0,0,0,0,1,0
52571,0,0,0,0,0,0,0,1,0
52572,0,0,0,0,0,0,0,1,0
52573,0,0,0,0,0,0,0,1,0
52574,0,0,0,0,0,0,0,1,0
52575,0,0,0,0,0,0,0,1,0
52576,0,0,0,0,0,0,0,1,0
52577,0,0,0,0,0,0,0,1,0
52578,0,0,0,0,0,0,0,1,0
52579,0,0,0,0,0,0,0,1,0
52580,0,0,0,0,0,0,0,1,0
52581,0,0,0,0,0,0,0,1,0
52582,0,0,0,0,0,0,0,1,0
52583,0,0,0,0,0,0,0,1,0
52584,0,0,0,0,0,0,0,1,0
52585,0,0,0,0,0,0,0,1,0
52586,0,0,0,0,0,0,0,1,0
52587,0,0,0,0,0,0,0,1,0
52588,0,0,0,0,0,0,0,1,0
52589,0,0,0,0,0,0,0,1,0
52590,0,0,0,0,0,0,0,1,0
52591,0,0,0,0,0,0,0,1,0
52592,0,0,0,0,0,0,0,1,0
52593,0,0,0,0,0,0,0,1,0
52594,0,0,0,0,0,0,0,1,0
52595,0,0,0,0,0,0,0,1,0
52596,0,0,0,0,0,0,0,1,0
52597,0,0,0,0,0,0,0,1,0
52598,0,0,0,0,0,0,0,1,0
52599,0,0,0,0,0,0,0,1,0
52600,0,0,0,0,0,0,0,1,0
52601,0,0,0,0,0,0,0,1,0
52602,0,0,0,0,0,0,0,1,0
52603,0,0,0,0,0,0,0,1,0
52604,0,0,0,0,0,0,0,1,0
52605,0,0,0,0,0,0,0,1,0
52606,0,0,0,0,0,0,0,1,0
52607,0,0,0,0,0,0,0,1,0
52608,0,0,0,0,0,0,0,1,0
52609,0,0,0,0,0,0,0,1,0
52610,0,0,0,0,0,0,0,1,0
52611,0,0,0,0,0,0,0,1,0
52612,0,0,0,0,0,0,0,1,0
52613,0,0,0,0,0,0,0,1,0
52614,0,0,0,0,0,0,0,1,0
52615,0,0,0,0,0,0,0,1,0
52616,0,0,0,0,0,0,0,1,0
52617,0,0,0,0,0,0,0,1,0
52618,0,0,0,0,0,0,0,1,0
52619,0,0,0,0,0,0,0,1,0
52620,0,0,0,0,0,0,0,1,0
52621,0,0,0,0,0,0,0,1,0
52622,0,0,0,0,0,0,0,1,0
52623,0,0,0,0,0,0,0,1,0
52624,0,0,0,0,0,0,0,1,0
52625,0,0,0,0,0,0,0,1,0
52626,0,0,0,0,0,0,0,1,0
52627,0,0,0,0,0,0,0,1,0
52628,0,0,0,0,0,0,0,1,0
52629,0,0,0,0,0,0,0,1,0
52630,0,0,0,0,0,0,0,1,0
52631,0,0,0,0,0,0,0,1,0
52632,0,0,0,0,0,0,0,1,0
52633,0,0,0,0,0,0,0,1,0
52634,0,0,0,0,0,0,0,1,0
52635,0,0,0,0,0,0,0,1,0
52636,0,0,0,0,0,0,0,1,0
52637,0,0,0,0,0,0,0,1,0
52638,0,0,0,0,0,0,0,1,0
52639,0,0,0,0,0,0,0,1,0
52640,0,0,0,0,0,0,0,1,0
52641,0,0,0,0,0,0,0,1,0
52642,0,0,0,0,0,0,0,1,0
52643,0,0,0,0,0,0,0,1,0
52644,0,0,0,0,0,0,0,1,0
52645,0,0,0,0,0,0,0,1,0
52646,0,0,0,0,0,0,0,1,0
52647,0,0,0,0,0,0,0,1,0
52648,0,0,0,0,0,0,0,1,0
52649,0,0,0,0,0,0,0,1,0
52650,0,0,0,0,0,0,0,1,0
52651,0,0,0,0,0,0,0,1,0
52652,0,0,0,0,0,0,0,1,0
52653,0,0,0,0,0,0,0,1,0
52654,0,0,0,0,0,0,0,1,0
52655,0,0,0,0,0,0,0,1,0
52656,0,0,0,0,0,0,0,1,0
52657,0,0,0,0,0,0,0,1,0
52658,0,0,0,0,0,0,0,1,0
52659,0,0,0,0,0,0,0,1,0
52660,0,0,0,0,0,0,0,1,0
52661,0,0,0,0,0,0,0,1,0
52662,0,0,0,0,0,0,0,1,0
52663,0,0,0,0,0,0,0,1,0
52664,0,0,0,0,0,0,0,1,0
52665,0,0,0,0,0,0,0,1,0
52666,0,0,0,0,0,0,0,1,0
52667,0,0,0,0,0,0,0,1,0
52668,0,0,0,0,0,0,0,1,0
52669,0,0,0,0,0,0,0,1,0
52670,0,0,0,0,0,0,0,1,0
52671,0,0,0,0,0,0,0,1,0
52672,0,0,0,0,0,0,0,1,0
52673,0,0,0,0,0,0,0,1,0
52674,0,0,0,0,0,0,0,1,0
52675,0,0,0,0,0,0,0,1,0
52676,0,0,0,0,0,0,0,1,0
52677,0,0,0,0,0,0,0,1,0
52678,0,0,0,0,0,0,0,1,0
52679,0,0,0,0,0,0,0,1,0
52680,0,0,0,0,0,0,0,1,0
52681,0,0,0,0,0,0,0,1,0
52682,0,0,0,0,0,0,0,1,0
52683,0,0,0,0,0,0,0,1,0
52684,0,0,0,0,0,0,0,1,0
52685,0,0,0,0,0,0,0,1,0
52686,0,0,0,0,0,0,0,1,0
52687,0,0,0,0,0,0,0,1,0
52688,0,0,0,0,0,0,0,1,0
52689,0,0,0,0,0,0,0,1,0
52690,0,0,0,0,0,0,0,1,0
52691,0,0,0,0,0,0,0,1,0
52692,0,0,0,0,0,0,0,1,0
52693,0,0,0,0,0,0,0,1,0
52694,0,0,0,0,0,0,0,1,0
52695,0,0,0,0,0,0,0,1,0
52696,0,0,0,0,0,0,0,1,0
52697,0,0,0,0,0,0,0,1,0
52698,0,0,0,0,0,0,0,1,0
52699,0,0,0,0,0,0,0,1,0
52700,0,0,0,0,0,0,0,1,0
52701,0,0,0,0,0,0,0,1,0
52702,0,0,0,0,0,0,0,1,0
52703,0,0,0,0,0,0,0,1,0
52704,0,0,0,0,0,0,0,1,0
52705,0,0,0,0,0,0,0,1,0
52706,0,0,0,0,0,0,0,1,0
52707,0,0,0,0,0,0,0,1,0
52708,0,0,0,0,0,0,0,1,0
52709,0,0,0,0,0,0,0,1,0
52710,0,0,0,0,0,0,0,1,0
52711,0,0,0,0,0,0,0,1,0
52712,0,0,0,0,0,0,0,1,0
52713,0,0,0,0,0,0,0,1,0
52714,0,0,0,0,0,0,0,1,0
52715,0,0,0,0,0,0,0,1,0
52716,0,0,0,0,0,0,0,1,0
52717,0,0,0,0,0,0,0,1,0
52718,0,0,0,0,0,0,0,1,0
52719,0,0,0,0,0,0,0,1,0
52720,0,0,0,0,0,0,0,1,0
52721,0,0,0,0,0,0,0,1,0
52722,0,0,0,0,0,0,0,1,0
52723,0,0,0,0,0,0,0,1,0
52724,0,0,0,0,0,0,0,1,0
52725,0,0,0,0,0,0,0,1,0
52726,0,0,0,0,0,0,0,1,0
52727,0,0,0,0,0,0,0,1,0
52728,0,0,0,0,0,0,0,1,0
52729,0,0,0,0,0,0,0,1,0
52730,0,0,0,0,0,0,0,1,0
52731,0,0,0,0,0,0,0,1,0
52732,0,0,0,0,0,0,0,1,0
52733,0,0,0,0,0,0,0,1,0
52734,0,0,0,0,0,0,0,1,0
52735,0,0,0,0,0,0,0,1,0
52736,0,0,0,0,0,0,0,1,0
52737,0,0,0,0,0,0,0,1,0
52738,0,0,0,0,0,0,0,1,0
52739,0,0,0,0,0,0,0,1,0
52740,0,0,0,0,0,0,0,1,0
52741,0,0,0,0,0,0,0,1,0
52742,0,0,0,0,0,0,0,1,0
52743,0,0,0,0,0,0,0,1,0
52744,0,0,0,0,0,0,0,1,0
52745,0,0,0,0,0,0,0,1,0
52746,0,0,0,0,0,0,0,1,0
52747,0,0,0,0,0,0,0,1,0
52748,0,0,0,0,0,0,0,1,0
52749,0,0,0,0,0,0,0,1,0
52750,0,0,0,0,0,0,0,1,0
52751,0,0,0,0,0,0,0,1,0
52752,0,0,0,0,0,0,0,1,0
52753,0,0,0,0,0,0,0,1,0
52754,0,0,0,0,0,0,0,1,0
52755,0,0,0,0,0,0,0,1,0
52756,0,0,0,0,0,0,0,1,0
52757,0,0,0,0,0,0,0,1,0
52758,0,0,0,0,0,0,0,1,0
52759,0,0,0,0,0,0,0,1,0
52760,0,0,0,0,0,0,0,1,0
52761,0,0,0,0,0,0,0,1,0
52762,0,0,0,0,0,0,0,1,0
52763,0,0,0,0,0,0,0,1,0
52764,0,0,0,0,0,0,0,1,0
52765,0,0,0,0,0,0,0,1,0
52766,0,0,0,0,0,0,0,1,0
52767,0,0,0,0,0,0,0,1,0
52768,0,0,0,0,0,0,0,1,0
52769,0,0,0,0,0,0,0,1,0
52770,0,0,0,0,0,0,0,1,0
52771,0,0,0,0,0,0,0,1,0
52772,0,0,0,0,0,0,0,1,0
52773,0,0,0,0,0,0,0,1,0
52774,0,0,0,0,0,0,0,1,0
52775,0,0,0,0,0,0,0,1,0
52776,0,0,0,0,0,0,0,1,0
52777,0,0,0,0,0,0,0,1,0
52778,0,0,0,0,0,0,0,1,0
52779,0,0,0,0,0,0,0,1,0
52780,0,0,0,0,0,0,0,1,0
52781,0,0,0,0,0,0,0,1,0
52782,0,0,0,0,0,0,0,1,0
52783,0,0,0,0,0,0,0,1,0
52784,0,0,0,0,0,0,0,1,0
52785,0,0,0,0,0,0,0,1,0
52786,0,0,0,0,0,0,0,1,0
52787,0,0,0,0,0,0,0,1,0
52788,0,0,0,0,0,0,0,1,0
52789,0,0,0,0,0,0,0,1,0
52790,0,0,0,0,0,0,0,1,0
52791,0,0,0,0,0,0,0,1,0
52792,0,0,0,0,0,0,0,1,0
52793,0,0,0,0,0,0,0,1,0
52794,0,0,0,0,0,0,0,1,0
52795,0,0,0,0,0,0,0,1,0
52796,0,0,0,0,0,0,0,1,0
52797,0,0,0,0,0,0,0,1,0
52798,0,0,0,0,0,0,0,1,0
52799,0,0,0,0,0,0,0,1,0
52800,0,0,0,0,0,0,0,1,0
52801,0,0,0,0,0,0,0,1,0
52802,0,0,0,0,0,0,0,1,0
52803,0,0,0,0,0,0,0,1,0
52804,0,0,0,0,0,0,0,1,0
52805,0,0,0,0,0,0,0,1,0
52806,0,0,0,0,0,0,0,1,0
52807,0,0,0,0,0,0,0,1,0
52808,0,0,0,0,0,0,0,1,0
52809,0,0,0,0,0,0,0,1,0
52810,0,0,0,0,0,0,0,1,0
52811,0,0,0,0,0,0,0,1,0
52812,0,0,0,0,0,0,0,1,0
52813,0,0,0,0,0,0,0,1,0
52814,0,0,0,0,0,0,0,1,0
52815,0,0,0,0,0,0,0,1,0
52816,0,0,0,0,0,0,0,1,0
52817,0,0,0,0,0,0,0,1,0
52818,0,0,0,0,0,0,0,1,0
52819,0,0,0,0,0,0,0,1,0
52820,0,0,0,0,0,0,0,1,0
52821,0,0,0,0,0,0,0,1,0
52822,0,0,0,0,0,0,0,1,0
52823,0,0,0,0,0,0,0,1,0
52824,0,0,0,0,0,0,0,1,0
52825,0,0,0,0,0,0,0,1,0
52826,0,0,0,0,0,0,0,1,0
52827,0,0,0,0,0,0,0,1,0
52828,0,0,0,0,0,0,0,1,0
52829,0,0,0,0,0,0,0,1,0
52830,0,0,0,0,0,0,0,1,0
52831,0,0,0,0,0,0,0,1,0
52832,0,0,0,0,0,0,0,1,0
52833,0,0,0,0,0,0,0,1,0
52834,0,0,0,0,0,0,0,1,0
52835,0,0,0,0,0,0,0,1,0
52836,0,0,0,0,0,0,0,1,0
52837,0,0,0,0,0,0,0,1,0
52838,0,0,0,0,0,0,0,1,0
52839,0,0,0,0,0,0,0,1,0
52840,0,0,0,0,0,0,0,1,0
52841,0,0,0,0,0,0,0,1,0
52842,0,0,0,0,0,0,0,1,0
52843,0,0,0,0,0,0,0,1,0
52844,0,0,0,0,0,0,0,1,0
52845,0,0,0,0,0,0,0,1,0
52846,0,0,0,0,0,0,0,1,0
52847,0,0,0,0,0,0,0,1,0
52848,0,0,0,0,0,0,0,1,0
52849,0,0,0,0,0,0,0,1,0
52850,0,0,0,0,0,0,0,1,0
52851,0,0,0,0,0,0,0,1,0
52852,0,0,0,0,0,0,0,1,0
52853,0,0,0,0,0,0,0,1,0
52854,0,0,0,0,0,0,0,1,0
52855,0,0,0,0,0,0,0,1,0
52856,0,0,0,0,0,0,0,1,0
52857,0,0,0,0,0,0,0,1,0
52858,0,0,0,0,0,0,0,1,0
52859,0,0,0,0,0,0,0,1,0
52860,0,0,0,0,0,0,0,1,0
52861,0,0,0,0,0,0,0,1,0
52862,0,0,0,0,0,0,0,1,0
52863,0,0,0,0,0,0,0,1,0
52864,0,0,0,0,0,0,0,1,0
52865,0,0,0,0,0,0,0,1,0
52866,0,0,0,0,0,0,0,1,0
52867,0,0,0,0,0,0,0,1,0
52868,0,0,0,0,0,0,0,1,0
52869,0,0,0,0,0,0,0,1,0
52870,0,0,0,0,0,0,0,1,0
52871,0,0,0,0,0,0,0,1,0
52872,0,0,0,0,0,0,0,1,0
52873,0,0,0,0,0,0,0,1,0
52874,0,0,0,0,0,0,0,1,0
52875,0,0,0,0,0,0,0,1,0
52876,0,0,0,0,0,0,0,1,0
52877,0,0,0,0,0,0,0,1,0
52878,0,0,0,0,0,0,0,1,0
52879,0,0,0,0,0,0,0,1,0
52880,0,0,0,0,0,0,0,1,0
52881,0,0,0,0,0,0,0,1,0
52882,0,0,0,0,0,0,0,1,0
52883,0,0,0,0,0,0,0,1,0
52884,0,0,0,0,0,0,0,1,0
52885,0,0,0,0,0,0,0,1,0
52886,0,0,0,0,0,0,0,1,0
52887,0,0,0,0,0,0,0,1,0
52888,0,0,0,0,0,0,0,1,0
52889,0,0,0,0,0,0,0,1,0
52890,0,0,0,0,0,0,0,1,0
52891,0,0,0,0,0,0,0,1,0
52892,0,0,0,0,0,0,0,1,0
52893,0,0,0,0,0,0,0,1,0
52894,0,0,0,0,0,0,0,1,0
52895,0,0,0,0,0,0,0,1,0
52896,0,0,0,0,0,0,0,1,0
52897,0,0,0,0,0,0,0,1,0
52898,0,0,0,0,0,0,0,1,0
52899,0,0,0,0,0,0,0,1,0
52900,0,0,0,0,0,0,0,1,0
52901,0,0,0,0,0,0,0,1,0
52902,0,0,0,0,0,0,0,1,0
52903,0,0,0,0,0,0,0,1,0
52904,0,0,0,0,0,0,0,1,0
52905,0,0,0,0,0,0,0,1,0
52906,0,0,0,0,0,0,0,1,0
52907,0,0,0,0,0,0,0,1,0
52908,0,0,0,0,0,0,0,1,0
52909,0,0,0,0,0,0,0,1,0
52910,0,0,0,0,0,0,0,1,0
52911,0,0,0,0,0,0,0,1,0
52912,0,0,0,0,0,0,0,1,0
52913,0,0,0,0,0,0,0,1,0
52914,0,0,0,0,0,0,0,1,0
52915,0,0,0,0,0,0,0,1,0
52916,0,0,0,0,0,0,0,1,0
52917,0,0,0,0,0,0,0,1,0
52918,0,0,0,0,0,0,0,1,0
52919,0,0,0,0,0,0,0,1,0
52920,0,0,0,0,0,0,0,1,0
52921,0,0,0,0,0,0,0,1,0
52922,0,0,0,0,0,0,0,1,0
52923,0,0,0,0,0,0,0,1,0
52924,0,0,0,0,0,0,0,1,0
52925,0,0,0,0,0,0,0,1,0
52926,0,0,0,0,0,0,0,1,0
52927,0,0,0,0,0,0,0,1,0
52928,0,0,0,0,0,0,0,1,0
52929,0,0,0,0,0,0,0,1,0
52930,0,0,0,0,0,0,0,1,0
52931,0,0,0,0,0,0,0,1,0
52932,0,0,0,0,0,0,0,1,0
52933,0,0,0,0,0,0,0,1,0
52934,0,0,0,0,0,0,0,1,0
52935,0,0,0,0,0,0,0,1,0
52936,0,0,0,0,0,0,0,1,0
52937,0,0,0,0,0,0,0,1,0
52938,0,0,0,0,0,0,0,1,0
52939,0,0,0,0,0,0,0,1,0
52940,0,0,0,0,0,0,0,1,0
52941,0,0,0,0,0,0,0,1,0
52942,0,0,0,0,0,0,0,1,0
52943,0,0,0,0,0,0,0,1,0
52944,0,0,0,0,0,0,0,1,0
52945,0,0,0,0,0,0,0,1,0
52946,0,0,0,0,0,0,0,1,0
52947,0,0,0,0,0,0,0,1,0
52948,0,0,0,0,0,0,0,1,0
52949,0,0,0,0,0,0,0,1,0
52950,0,0,0,0,0,0,0,1,0
52951,0,0,0,0,0,0,0,1,0
52952,0,0,0,0,0,0,0,1,0
52953,0,0,0,0,0,0,0,1,0
52954,0,0,0,0,0,0,0,1,0
52955,0,0,0,0,0,0,0,1,0
52956,0,0,0,0,0,0,0,1,0
52957,0,0,0,0,0,0,0,1,0
52958,0,0,0,0,0,0,0,1,0
52959,0,0,0,0,0,0,0,1,0
52960,0,0,0,0,0,0,0,1,0
52961,0,0,0,0,0,0,0,1,0
52962,0,0,0,0,0,0,0,1,0
52963,0,0,0,0,0,0,0,1,0
52964,0,0,0,0,0,0,0,1,0
52965,0,0,0,0,0,0,0,1,0
52966,0,0,0,0,0,0,0,1,0
52967,0,0,0,0,0,0,0,1,0
52968,0,0,0,0,0,0,0,1,0
52969,0,0,0,0,0,0,0,1,0
52970,0,0,0,0,0,0,0,1,0
52971,0,0,0,0,0,0,0,1,0
52972,0,0,0,0,0,0,0,1,0
52973,0,0,0,0,0,0,0,1,0
52974,0,0,0,0,0,0,0,1,0
52975,0,0,0,0,0,0,0,1,0
52976,0,0,0,0,0,0,0,1,0
52977,0,0,0,0,0,0,0,1,0
52978,0,0,0,0,0,0,0,1,0
52979,0,0,0,0,0,0,0,1,0
52980,0,0,0,0,0,0,0,1,0
52981,0,0,0,0,0,0,0,1,0
52982,0,0,0,0,0,0,0,1,0
52983,0,0,0,0,0,0,0,1,0
52984,0,0,0,0,0,0,0,1,0
52985,0,0,0,0,0,0,0,1,0
52986,0,0,0,0,0,0,0,1,0
52987,0,0,0,0,0,0,0,1,0
52988,0,0,0,0,0,0,0,1,0
52989,0,0,0,0,0,0,0,1,0
52990,0,0,0,0,0,0,0,1,0
52991,0,0,0,0,0,0,0,1,0
52992,0,0,0,0,0,0,0,1,0
52993,0,0,0,0,0,0,0,1,0
52994,0,0,0,0,0,0,0,1,0
52995,0,0,0,0,0,0,0,1,0
52996,0,0,0,0,0,0,0,1,0
52997,0,0,0,0,0,0,0,1,0
52998,0,0,0,0,0,0,0,1,0
52999,0,0,0,0,0,0,0,1,0
53000,0,0,0,0,0,0,0,1,0
53001,0,0,0,0,0,0,0,1,0
53002,0,0,0,0,0,0,0,1,0
53003,0,0,0,0,0,0,0,1,0
53004,0,0,0,0,0,0,0,1,0
53005,0,0,0,0,0,0,0,1,0
53006,0,0,0,0,0,0,0,1,0
53007,0,0,0,0,0,0,0,1,0
53008,0,0,0,0,0,0,0,1,0
53009,0,0,0,0,0,0,0,1,0
53010,0,0,0,0,0,0,0,1,0
53011,0,0,0,0,0,0,0,1,0
53012,0,0,0,0,0,0,0,1,0
53013,0,0,0,0,0,0,0,1,0
53014,0,0,0,0,0,0,0,1,0
53015,0,0,0,0,0,0,0,1,0
53016,0,0,0,0,0,0,0,1,0
53017,0,0,0,0,0,0,0,1,0
53018,0,0,0,0,0,0,0,1,0
53019,0,0,0,0,0,0,0,1,0
53020,0,0,0,0,0,0,0,1,0
53021,0,0,0,0,0,0,0,1,0
53022,0,0,0,0,0,0,0,1,0
53023,0,0,0,0,0,0,0,1,0
53024,0,0,0,0,0,0,0,1,0
53025,0,0,0,0,0,0,0,1,0
53026,0,0,0,0,0,0,0,1,0
53027,0,0,0,0,0,0,0,1,0
53028,0,0,0,0,0,0,0,1,0
53029,0,0,0,0,0,0,0,1,0
53030,0,0,0,0,0,0,0,1,0
53031,0,0,0,0,0,0,0,1,0
53032,0,0,0,0,0,0,0,1,0
53033,0,0,0,0,0,0,0,1,0
53034,0,0,0,0,0,0,0,1,0
53035,0,0,0,0,0,0,0,1,0
53036,0,0,0,0,0,0,0,1,0
53037,0,0,0,0,0,0,0,1,0
53038,0,0,0,0,0,0,0,1,0
53039,0,0,0,0,0,0,0,1,0
53040,0,0,0,0,0,0,0,1,0
53041,0,0,0,0,0,0,0,1,0
53042,0,0,0,0,0,0,0,1,0
53043,0,0,0,0,0,0,0,1,0
53044,0,0,0,0,0,0,0,1,0
53045,0,0,0,0,0,0,0,1,0
53046,0,0,0,0,0,0,0,1,0
53047,0,0,0,0,0,0,0,1,0
53048,0,0,0,0,0,0,0,1,0
53049,0,0,0,0,0,0,0,1,0
53050,0,0,0,0,0,0,0,1,0
53051,0,0,0,0,0,0,0,1,0
53052,0,0,0,0,0,0,0,1,0
53053,0,0,0,0,0,0,0,1,0
53054,0,0,0,0,0,0,0,1,0
53055,0,0,0,0,0,0,0,1,0
53056,0,0,0,0,0,0,0,1,0
53057,0,0,0,0,0,0,0,1,0
53058,0,0,0,0,0,0,0,1,0
53059,0,0,0,0,0,0,0,1,0
53060,0,0,0,0,0,0,0,1,0
53061,0,0,0,0,0,0,0,1,0
53062,0,0,0,0,0,0,0,1,0
53063,0,0,0,0,0,0,0,1,0
53064,0,0,0,0,0,0,0,1,0
53065,0,0,0,0,0,0,0,1,0
53066,0,0,0,0,0,0,0,1,0
53067,0,0,0,0,0,0,0,1,0
53068,0,0,0,0,0,0,0,1,0
53069,0,0,0,0,0,0,0,1,0
53070,0,0,0,0,0,0,0,1,0
53071,0,0,0,0,0,0,0,1,0
53072,0,0,0,0,0,0,0,1,0
53073,0,0,0,0,0,0,0,1,0
53074,0,0,0,0,0,0,0,1,0
53075,0,0,0,0,0,0,0,1,0
53076,0,0,0,0,0,0,0,1,0
53077,0,0,0,0,0,0,0,1,0
53078,0,0,0,0,0,0,0,1,0
53079,0,0,0,0,0,0,0,1,0
53080,0,0,0,0,0,0,0,1,0
53081,0,0,0,0,0,0,0,1,0
53082,0,0,0,0,0,0,0,1,0
53083,0,0,0,0,0,0,0,1,0
53084,0,0,0,0,0,0,0,1,0
53085,0,0,0,0,0,0,0,1,0
53086,0,0,0,0,0,0,0,1,0
53087,0,0,0,0,0,0,0,1,0
53088,0,0,0,0,0,0,0,1,0
53089,0,0,0,0,0,0,0,1,0
53090,0,0,0,0,0,0,0,1,0
53091,0,0,0,0,0,0,0,1,0
53092,0,0,0,0,0,0,0,1,0
53093,0,0,0,0,0,0,0,1,0
53094,0,0,0,0,0,0,0,1,0
53095,0,0,0,0,0,0,0,1,0
53096,0,0,0,0,0,0,0,1,0
53097,0,0,0,0,0,0,0,1,0
53098,0,0,0,0,0,0,0,1,0
53099,0,0,0,0,0,0,0,1,0
53100,0,0,0,0,0,0,0,1,0
53101,0,0,0,0,0,0,0,1,0
53102,0,0,0,0,0,0,0,1,0
53103,0,0,0,0,0,0,0,1,0
53104,0,0,0,0,0,0,0,1,0
53105,0,0,0,0,0,0,0,1,0
53106,0,0,0,0,0,0,0,1,0
53107,0,0,0,0,0,0,0,1,0
53108,0,0,0,0,0,0,0,1,0
53109,0,0,0,0,0,0,0,1,0
53110,0,0,0,0,0,0,0,1,0
53111,0,0,0,0,0,0,0,1,0
53112,0,0,0,0,0,0,0,1,0
53113,0,0,0,0,0,0,0,1,0
53114,0,0,0,0,0,0,0,1,0
53115,0,0,0,0,0,0,0,1,0
53116,0,0,0,0,0,0,0,1,0
53117,0,0,0,0,0,0,0,1,0
53118,0,0,0,0,0,0,0,1,0
53119,0,0,0,0,0,0,0,1,0
53120,0,0,0,0,0,0,0,1,0
53121,0,0,0,0,0,0,0,1,0
53122,0,0,0,0,0,0,0,1,0
53123,0,0,0,0,0,0,0,1,0
53124,0,0,0,0,0,0,0,1,0
53125,0,0,0,0,0,0,0,1,0
53126,0,0,0,0,0,0,0,1,0
53127,0,0,0,0,0,0,0,1,0
53128,0,0,0,0,0,0,0,1,0
53129,0,0,0,0,0,0,0,1,0
53130,0,0,0,0,0,0,0,1,0
53131,0,0,0,0,0,0,0,1,0
53132,0,0,0,0,0,0,0,1,0
53133,0,0,0,0,0,0,0,1,0
53134,0,0,0,0,0,0,0,1,0
53135,0,0,0,0,0,0,0,1,0
53136,0,0,0,0,0,0,0,1,0
53137,0,0,0,0,0,0,0,1,0
53138,0,0,0,0,0,0,0,1,0
53139,0,0,0,0,0,0,0,1,0
53140,0,0,0,0,0,0,0,1,0
53141,0,0,0,0,0,0,0,1,0
53142,0,0,0,0,0,0,0,1,0
53143,0,0,0,0,0,0,0,1,0
53144,0,0,0,0,0,0,0,1,0
53145,0,0,0,0,0,0,0,1,0
53146,0,0,0,0,0,0,0,1,0
53147,0,0,0,0,0,0,0,1,0
53148,0,0,0,0,0,0,0,1,0
53149,0,0,0,0,0,0,0,1,0
53150,0,0,0,0,0,0,0,1,0
53151,0,0,0,0,0,0,0,1,0
53152,0,0,0,0,0,0,0,1,0
53153,0,0,0,0,0,0,0,1,0
53154,0,0,0,0,0,0,0,1,0
53155,0,0,0,0,0,0,0,1,0
53156,0,0,0,0,0,0,0,1,0
53157,0,0,0,0,0,0,0,1,0
53158,0,0,0,0,0,0,0,1,0
53159,0,0,0,0,0,0,0,1,0
53160,0,0,0,0,0,0,0,1,0
53161,0,0,0,0,0,0,0,1,0
53162,0,0,0,0,0,0,0,1,0
53163,0,0,0,0,0,0,0,1,0
53164,0,0,0,0,0,0,0,1,0
53165,0,0,0,0,0,0,0,1,0
53166,0,0,0,0,0,0,0,1,0
53167,0,0,0,0,0,0,0,1,0
53168,0,0,0,0,0,0,0,1,0
53169,0,0,0,0,0,0,0,1,0
53170,0,0,0,0,0,0,0,1,0
53171,0,0,0,0,0,0,0,1,0
53172,0,0,0,0,0,0,0,1,0
53173,0,0,0,0,0,0,0,1,0
53174,0,0,0,0,0,0,0,1,0
53175,0,0,0,0,0,0,0,1,0
53176,0,0,0,0,0,0,0,1,0
53177,0,0,0,0,0,0,0,1,0
53178,0,0,0,0,0,0,0,1,0
53179,0,0,0,0,0,0,0,1,0
53180,0,0,0,0,0,0,0,1,0
53181,0,0,0,0,0,0,0,1,0
53182,0,0,0,0,0,0,0,1,0
53183,0,0,0,0,0,0,0,1,0
53184,0,0,0,0,0,0,0,1,0
53185,0,0,0,0,0,0,0,1,0
53186,0,0,0,0,0,0,0,1,0
53187,0,0,0,0,0,0,0,1,0
53188,0,0,0,0,0,0,0,1,0
53189,0,0,0,0,0,0,0,1,0
53190,0,0,0,0,0,0,0,1,0
53191,0,0,0,0,0,0,0,1,0
53192,0,0,0,0,0,0,0,1,0
53193,0,0,0,0,0,0,0,1,0
53194,0,0,0,0,0,0,0,1,0
53195,0,0,0,0,0,0,0,1,0
53196,0,0,0,0,0,0,0,1,0
53197,0,0,0,0,0,0,0,1,0
53198,0,0,0,0,0,0,0,1,0
53199,0,0,0,0,0,0,0,1,0
53200,0,0,0,0,0,0,0,1,0
53201,0,0,0,0,0,0,0,1,0
53202,0,0,0,0,0,0,0,1,0
53203,0,0,0,0,0,0,0,1,0
53204,0,0,0,0,0,0,0,1,0
53205,0,0,0,0,0,0,0,1,0
53206,0,0,0,0,0,0,0,1,0
53207,0,0,0,0,0,0,0,1,0
53208,0,0,0,0,0,0,0,1,0
53209,0,0,0,0,0,0,0,1,0
53210,0,0,0,0,0,0,0,1,0
53211,0,0,0,0,0,0,0,1,0
53212,0,0,0,0,0,0,0,1,0
53213,0,0,0,0,0,0,0,1,0
53214,0,0,0,0,0,0,0,1,0
53215,0,0,0,0,0,0,0,1,0
53216,0,0,0,0,0,0,0,1,0
53217,0,0,0,0,0,0,0,1,0
53218,0,0,0,0,0,0,0,1,0
53219,0,0,0,0,0,0,0,1,0
53220,0,0,0,0,0,0,0,1,0
53221,0,0,0,0,0,0,0,1,0
53222,0,0,0,0,0,0,0,1,0
53223,0,0,0,0,0,0,0,1,0
53224,0,0,0,0,0,0,0,1,0
53225,0,0,0,0,0,0,0,1,0
53226,0,0,0,0,0,0,0,1,0
53227,0,0,0,0,0,0,0,1,0
53228,0,0,0,0,0,0,0,1,0
53229,0,0,0,0,0,0,0,1,0
53230,0,0,0,0,0,0,0,1,0
53231,0,0,0,0,0,0,0,1,0
53232,0,0,0,0,0,0,0,1,0
53233,0,0,0,0,0,0,0,1,0
53234,0,0,0,0,0,0,0,1,0
53235,0,0,0,0,0,0,0,1,0
53236,0,0,0,0,0,0,0,1,0
53237,0,0,0,0,0,0,0,1,0
53238,0,0,0,0,0,0,0,1,0
53239,0,0,0,0,0,0,0,1,0
53240,0,0,0,0,0,0,0,1,0
53241,0,0,0,0,0,0,0,1,0
53242,0,0,0,0,0,0,0,1,0
53243,0,0,0,0,0,0,0,1,0
53244,0,0,0,0,0,0,0,1,0
53245,0,0,0,0,0,0,0,1,0
53246,0,0,0,0,0,0,0,1,0
53247,0,0,0,0,0,0,0,1,0
53248,0,0,0,0,0,0,0,1,0
53249,0,0,0,0,0,0,0,1,0
53250,0,0,0,0,0,0,0,1,0
53251,0,0,0,0,0,0,0,1,0
53252,0,0,0,0,0,0,0,1,0
53253,0,0,0,0,0,0,0,1,0
53254,0,0,0,0,0,0,0,1,0
53255,0,0,0,0,0,0,0,1,0
53256,0,0,0,0,0,0,0,1,0
53257,0,0,0,0,0,0,0,1,0
53258,0,0,0,0,0,0,0,1,0
53259,0,0,0,0,0,0,0,1,0
53260,0,0,0,0,0,0,0,1,0
53261,0,0,0,0,0,0,0,1,0
53262,0,0,0,0,0,0,0,1,0
53263,0,0,0,0,0,0,0,1,0
53264,0,0,0,0,0,0,0,1,0
53265,0,0,0,0,0,0,0,1,0
53266,0,0,0,0,0,0,0,1,0
53267,0,0,0,0,0,0,0,1,0
53268,0,0,0,0,0,0,0,1,0
53269,0,0,0,0,0,0,0,1,0
53270,0,0,0,0,0,0,0,1,0
53271,0,0,0,0,0,0,0,1,0
53272,0,0,0,0,0,0,0,1,0
53273,0,0,0,0,0,0,0,1,0
53274,0,0,0,0,0,0,0,1,0
53275,0,0,0,0,0,0,0,1,0
53276,0,0,0,0,0,0,0,1,0
53277,0,0,0,0,0,0,0,1,0
53278,0,0,0,0,0,0,0,1,0
53279,0,0,0,0,0,0,0,1,0
53280,0,0,0,0,0,0,0,1,0
53281,0,0,0,0,0,0,0,1,0
53282,0,0,0,0,0,0,0,1,0
53283,0,0,0,0,0,0,0,1,0
53284,0,0,0,0,0,0,0,1,0
53285,0,0,0,0,0,0,0,1,0
53286,0,0,0,0,0,0,0,1,0
53287,0,0,0,0,0,0,0,1,0
53288,0,0,0,0,0,0,0,1,0
53289,0,0,0,0,0,0,0,1,0
53290,0,0,0,0,0,0,0,1,0
53291,0,0,0,0,0,0,0,1,0
53292,0,0,0,0,0,0,0,1,0
53293,0,0,0,0,0,0,0,1,0
53294,0,0,0,0,0,0,0,1,0
53295,0,0,0,0,0,0,0,1,0
53296,0,0,0,0,0,0,0,1,0
53297,0,0,0,0,0,0,0,1,0
53298,0,0,0,0,0,0,0,1,0
53299,0,0,0,0,0,0,0,1,0
53300,0,0,0,0,0,0,0,1,0
53301,0,0,0,0,0,0,0,1,0
53302,0,0,0,0,0,0,0,1,0
53303,0,0,0,0,0,0,0,1,0
53304,0,0,0,0,0,0,0,1,0
53305,0,0,0,0,0,0,0,1,0
53306,0,0,0,0,0,0,0,1,0
53307,0,0,0,0,0,0,0,1,0
53308,0,0,0,0,0,0,0,1,0
53309,0,0,0,0,0,0,0,1,0
53310,0,0,0,0,0,0,0,1,0
53311,0,0,0,0,0,0,0,1,0
53312,0,0,0,0,0,0,0,1,0
53313,0,0,0,0,0,0,0,1,0
53314,0,0,0,0,0,0,0,1,0
53315,0,0,0,0,0,0,0,1,0
53316,0,0,0,0,0,0,0,1,0
53317,0,0,0,0,0,0,0,1,0
53318,0,0,0,0,0,0,0,1,0
53319,0,0,0,0,0,0,0,1,0
53320,0,0,0,0,0,0,0,1,0
53321,0,0,0,0,0,0,0,1,0
53322,0,0,0,0,0,0,0,1,0
53323,0,0,0,0,0,0,0,1,0
53324,0,0,0,0,0,0,0,1,0
53325,0,0,0,0,0,0,0,1,0
53326,0,0,0,0,0,0,0,1,0
53327,0,0,0,0,0,0,0,1,0
53328,0,0,0,0,0,0,0,1,0
53329,0,0,0,0,0,0,0,1,0
53330,0,0,0,0,0,0,0,1,0
53331,0,0,0,0,0,0,0,1,0
53332,0,0,0,0,0,0,0,1,0
53333,0,0,0,0,0,0,0,1,0
53334,0,0,0,0,0,0,0,1,0
53335,0,0,0,0,0,0,0,1,0
53336,0,0,0,0,0,0,0,1,0
53337,0,0,0,0,0,0,0,1,0
53338,0,0,0,0,0,0,0,1,0
53339,0,0,0,0,0,0,0,1,0
53340,0,0,0,0,0,0,0,1,0
53341,0,0,0,0,0,0,0,1,0
53342,0,0,0,0,0,0,0,1,0
53343,0,0,0,0,0,0,0,1,0
53344,0,0,0,0,0,0,0,1,0
53345,0,0,0,0,0,0,0,1,0
53346,0,0,0,0,0,0,0,1,0
53347,0,0,0,0,0,0,0,1,0
53348,0,0,0,0,0,0,0,1,0
53349,0,0,0,0,0,0,0,1,0
53350,0,0,0,0,0,0,0,1,0
53351,0,0,0,0,0,0,0,1,0
53352,0,0,0,0,0,0,0,1,0
53353,0,0,0,0,0,0,0,1,0
53354,0,0,0,0,0,0,0,1,0
53355,0,0,0,0,0,0,0,1,0
53356,0,0,0,0,0,0,0,1,0
53357,0,0,0,0,0,0,0,1,0
53358,0,0,0,0,0,0,0,1,0
53359,0,0,0,0,0,0,0,1,0
53360,0,0,0,0,0,0,0,1,0
53361,0,0,0,0,0,0,0,1,0
53362,0,0,0,0,0,0,0,1,0
53363,0,0,0,0,0,0,0,1,0
53364,0,0,0,0,0,0,0,1,0
53365,0,0,0,0,0,0,0,1,0
53366,0,0,0,0,0,0,0,1,0
53367,0,0,0,0,0,0,0,1,0
53368,0,0,0,0,0,0,0,1,0
53369,0,0,0,0,0,0,0,1,0
53370,0,0,0,0,0,0,0,1,0
53371,0,0,0,0,0,0,0,1,0
53372,0,0,0,0,0,0,0,1,0
53373,0,0,0,0,0,0,0,1,0
53374,0,0,0,0,0,0,0,1,0
53375,0,0,0,0,0,0,0,1,0
53376,0,0,0,0,0,0,0,1,0
53377,0,0,0,0,0,0,0,1,0
53378,0,0,0,0,0,0,0,1,0
53379,0,0,0,0,0,0,0,1,0
53380,0,0,0,0,0,0,0,1,0
53381,0,0,0,0,0,0,0,1,0
53382,0,0,0,0,0,0,0,1,0
53383,0,0,0,0,0,0,0,1,0
53384,0,0,0,0,0,0,0,1,0
53385,0,0,0,0,0,0,0,1,0
53386,0,0,0,0,0,0,0,1,0
53387,0,0,0,0,0,0,0,1,0
53388,0,0,0,0,0,0,0,1,0
53389,0,0,0,0,0,0,0,1,0
53390,0,0,0,0,0,0,0,1,0
53391,0,0,0,0,0,0,0,1,0
53392,0,0,0,0,0,0,0,1,0
53393,0,0,0,0,0,0,0,1,0
53394,0,0,0,0,0,0,0,1,0
53395,0,0,0,0,0,0,0,1,0
53396,0,0,0,0,0,0,0,1,0
53397,0,0,0,0,0,0,0,1,0
53398,0,0,0,0,0,0,0,1,0
53399,0,0,0,0,0,0,0,1,0
53400,0,0,0,0,0,0,0,1,0
53401,0,0,0,0,0,0,0,1,0
53402,0,0,0,0,0,0,0,1,0
53403,0,0,0,0,0,0,0,1,0
53404,0,0,0,0,0,0,0,1,0
53405,0,0,0,0,0,0,0,1,0
53406,0,0,0,0,0,0,0,1,0
53407,0,0,0,0,0,0,0,1,0
53408,0,0,0,0,0,0,0,1,0
53409,0,0,0,0,0,0,0,1,0
53410,0,0,0,0,0,0,0,1,0
53411,0,0,0,0,0,0,0,1,0
53412,0,0,0,0,0,0,0,1,0
53413,0,0,0,0,0,0,0,1,0
53414,0,0,0,0,0,0,0,1,0
53415,0,0,0,0,0,0,0,1,0
53416,0,0,0,0,0,0,0,1,0
53417,0,0,0,0,0,0,0,1,0
53418,0,0,0,0,0,0,0,1,0
53419,0,0,0,0,0,0,0,1,0
53420,0,0,0,0,0,0,0,1,0
53421,0,0,0,0,0,0,0,1,0
53422,0,0,0,0,0,0,0,1,0
53423,0,0,0,0,0,0,0,1,0
53424,0,0,0,0,0,0,0,1,0
53425,0,0,0,0,0,0,0,1,0
53426,0,0,0,0,0,0,0,1,0
53427,0,0,0,0,0,0,0,1,0
53428,0,0,0,0,0,0,0,1,0
53429,0,0,0,0,0,0,0,1,0
53430,0,0,0,0,0,0,0,1,0
53431,0,0,0,0,0,0,0,1,0
53432,0,0,0,0,0,0,0,1,0
53433,0,0,0,0,0,0,0,1,0
53434,0,0,0,0,0,0,0,1,0
53435,0,0,0,0,0,0,0,1,0
53436,0,0,0,0,0,0,0,1,0
53437,0,0,0,0,0,0,0,1,0
53438,0,0,0,0,0,0,0,1,0
53439,0,0,0,0,0,0,0,1,0
53440,0,0,0,0,0,0,0,1,0
53441,0,0,0,0,0,0,0,1,0
53442,0,0,0,0,0,0,0,1,0
53443,0,0,0,0,0,0,0,1,0
53444,0,0,0,0,0,0,0,1,0
53445,0,0,0,0,0,0,0,1,0
53446,0,0,0,0,0,0,0,1,0
53447,0,0,0,0,0,0,0,1,0
53448,0,0,0,0,0,0,0,1,0
53449,0,0,0,0,0,0,0,1,0
53450,0,0,0,0,0,0,0,1,0
53451,0,0,0,0,0,0,0,1,0
53452,0,0,0,0,0,0,0,1,0
53453,0,0,0,0,0,0,0,1,0
53454,0,0,0,0,0,0,0,1,0
53455,0,0,0,0,0,0,0,1,0
53456,0,0,0,0,0,0,0,1,0
53457,0,0,0,0,0,0,0,1,0
53458,0,0,0,0,0,0,0,1,0
53459,0,0,0,0,0,0,0,1,0
53460,0,0,0,0,0,0,0,1,0
53461,0,0,0,0,0,0,0,1,0
53462,0,0,0,0,0,0,0,1,0
53463,0,0,0,0,0,0,0,1,0
53464,0,0,0,0,0,0,0,1,0
53465,0,0,0,0,0,0,0,1,0
53466,0,0,0,0,0,0,0,1,0
53467,0,0,0,0,0,0,0,1,0
53468,0,0,0,0,0,0,0,1,0
53469,0,0,0,0,0,0,0,1,0
53470,0,0,0,0,0,0,0,1,0
53471,0,0,0,0,0,0,0,1,0
53472,0,0,0,0,0,0,0,1,0
53473,0,0,0,0,0,0,0,1,0
53474,0,0,0,0,0,0,0,1,0
53475,0,0,0,0,0,0,0,1,0
53476,0,0,0,0,0,0,0,1,0
53477,0,0,0,0,0,0,0,1,0
53478,0,0,0,0,0,0,0,1,0
53479,0,0,0,0,0,0,0,1,0
53480,0,0,0,0,0,0,0,1,0
53481,0,0,0,0,0,0,0,1,0
53482,0,0,0,0,0,0,0,1,0
53483,0,0,0,0,0,0,0,1,0
53484,0,0,0,0,0,0,0,1,0
53485,0,0,0,0,0,0,0,1,0
53486,0,0,0,0,0,0,0,1,0
53487,0,0,0,0,0,0,0,1,0
53488,0,0,0,0,0,0,0,1,0
53489,0,0,0,0,0,0,0,1,0
53490,0,0,0,0,0,0,0,1,0
53491,0,0,0,0,0,0,0,1,0
53492,0,0,0,0,0,0,0,1,0
53493,0,0,0,0,0,0,0,1,0
53494,0,0,0,0,0,0,0,1,0
53495,0,0,0,0,0,0,0,1,0
53496,0,0,0,0,0,0,0,1,0
53497,0,0,0,0,0,0,0,1,0
53498,0,0,0,0,0,0,0,1,0
53499,0,0,0,0,0,0,0,1,0
53500,0,0,0,0,0,0,0,1,0
53501,0,0,0,0,0,0,0,1,0
53502,0,0,0,0,0,0,0,1,0
53503,0,0,0,0,0,0,0,1,0
53504,0,0,0,0,0,0,0,1,0
53505,0,0,0,0,0,0,0,1,0
53506,0,0,0,0,0,0,0,1,0
53507,0,0,0,0,0,0,0,1,0
53508,0,0,0,0,0,0,0,1,0
53509,0,0,0,0,0,0,0,1,0
53510,0,0,0,0,0,0,0,1,0
53511,0,0,0,0,0,0,0,1,0
53512,0,0,0,0,0,0,0,1,0
53513,0,0,0,0,0,0,0,1,0
53514,0,0,0,0,0,0,0,1,0
53515,0,0,0,0,0,0,0,1,0
53516,0,0,0,0,0,0,0,1,0
53517,0,0,0,0,0,0,0,1,0
53518,0,0,0,0,0,0,0,1,0
53519,0,0,0,0,0,0,0,1,0
53520,0,0,0,0,0,0,0,1,0
53521,0,0,0,0,0,0,0,1,0
53522,0,0,0,0,0,0,0,1,0
53523,0,0,0,0,0,0,0,1,0
53524,0,0,0,0,0,0,0,1,0
53525,0,0,0,0,0,0,0,1,0
53526,0,0,0,0,0,0,0,1,0
53527,0,0,0,0,0,0,0,1,0
53528,0,0,0,0,0,0,0,1,0
53529,0,0,0,0,0,0,0,1,0
53530,0,0,0,0,0,0,0,1,0
53531,0,0,0,0,0,0,0,1,0
53532,0,0,0,0,0,0,0,1,0
53533,0,0,0,0,0,0,0,1,0
53534,0,0,0,0,0,0,0,1,0
53535,0,0,0,0,0,0,0,1,0
53536,0,0,0,0,0,0,0,1,0
53537,0,0,0,0,0,0,0,1,0
53538,0,0,0,0,0,0,0,1,0
53539,0,0,0,0,0,0,0,1,0
53540,0,0,0,0,0,0,0,1,0
53541,0,0,0,0,0,0,0,1,0
53542,0,0,0,0,0,0,0,1,0
53543,0,0,0,0,0,0,0,1,0
53544,0,0,0,0,0,0,0,1,0
53545,0,0,0,0,0,0,0,1,0
53546,0,0,0,0,0,0,0,1,0
53547,0,0,0,0,0,0,0,1,0
53548,0,0,0,0,0,0,0,1,0
53549,0,0,0,0,0,0,0,1,0
53550,0,0,0,0,0,0,0,1,0
53551,0,0,0,0,0,0,0,1,0
53552,0,0,0,0,0,0,0,1,0
53553,0,0,0,0,0,0,0,1,0
53554,0,0,0,0,0,0,0,1,0
53555,0,0,0,0,0,0,0,1,0
53556,0,0,0,0,0,0,0,1,0
53557,0,0,0,0,0,0,0,1,0
53558,0,0,0,0,0,0,0,1,0
53559,0,0,0,0,0,0,0,1,0
53560,0,0,0,0,0,0,0,1,0
53561,0,0,0,0,0,0,0,1,0
53562,0,0,0,0,0,0,0,1,0
53563,0,0,0,0,0,0,0,1,0
53564,0,0,0,0,0,0,0,1,0
53565,0,0,0,0,0,0,0,1,0
53566,0,0,0,0,0,0,0,1,0
53567,0,0,0,0,0,0,0,1,0
53568,0,0,0,0,0,0,0,1,0
53569,0,0,0,0,0,0,0,1,0
53570,0,0,0,0,0,0,0,1,0
53571,0,0,0,0,0,0,0,1,0
53572,0,0,0,0,0,0,0,1,0
53573,0,0,0,0,0,0,0,1,0
53574,0,0,0,0,0,0,0,1,0
53575,0,0,0,0,0,0,0,1,0
53576,0,0,0,0,0,0,0,1,0
53577,0,0,0,0,0,0,0,1,0
53578,0,0,0,0,0,0,0,1,0
53579,0,0,0,0,0,0,0,1,0
53580,0,0,0,0,0,0,0,1,0
53581,0,0,0,0,0,0,0,1,0
53582,0,0,0,0,0,0,0,1,0
53583,0,0,0,0,0,0,0,1,0
53584,0,0,0,0,0,0,0,1,0
53585,0,0,0,0,0,0,0,1,0
53586,0,0,0,0,0,0,0,1,0
53587,0,0,0,0,0,0,0,1,0
53588,0,0,0,0,0,0,0,1,0
53589,0,0,0,0,0,0,0,1,0
53590,0,0,0,0,0,0,0,1,0
53591,0,0,0,0,0,0,0,1,0
53592,0,0,0,0,0,0,0,1,0
53593,0,0,0,0,0,0,0,1,0
53594,0,0,0,0,0,0,0,1,0
53595,0,0,0,0,0,0,0,1,0
53596,0,0,0,0,0,0,0,1,0
53597,0,0,0,0,0,0,0,1,0
53598,0,0,0,0,0,0,0,1,0
53599,0,0,0,0,0,0,0,1,0
53600,0,0,0,0,0,0,0,1,0
53601,0,0,0,0,0,0,0,1,0
53602,0,0,0,0,0,0,0,1,0
53603,0,0,0,0,0,0,0,1,0
53604,0,0,0,0,0,0,0,1,0
53605,0,0,0,0,0,0,0,1,0
53606,0,0,0,0,0,0,0,1,0
53607,0,0,0,0,0,0,0,1,0
53608,0,0,0,0,0,0,0,1,0
53609,0,0,0,0,0,0,0,1,0
53610,0,0,0,0,0,0,0,1,0
53611,0,0,0,0,0,0,0,1,0
53612,0,0,0,0,0,0,0,1,0
53613,0,0,0,0,0,0,0,1,0
53614,0,0,0,0,0,0,0,1,0
53615,0,0,0,0,0,0,0,1,0
53616,0,0,0,0,0,0,0,1,0
53617,0,0,0,0,0,0,0,1,0
53618,0,0,0,0,0,0,0,1,0
53619,0,0,0,0,0,0,0,1,0
53620,0,0,0,0,0,0,0,1,0
53621,0,0,0,0,0,0,0,1,0
53622,0,0,0,0,0,0,0,1,0
53623,0,0,0,0,0,0,0,1,0
53624,0,0,0,0,0,0,0,1,0
53625,0,0,0,0,0,0,0,1,0
53626,0,0,0,0,0,0,0,1,0
53627,0,0,0,0,0,0,0,1,0
53628,0,0,0,0,0,0,0,1,0
53629,0,0,0,0,0,0,0,1,0
53630,0,0,0,0,0,0,0,1,0
53631,0,0,0,0,0,0,0,1,0
53632,0,0,0,0,0,0,0,1,0
53633,0,0,0,0,0,0,0,1,0
53634,0,0,0,0,0,0,0,1,0
53635,0,0,0,0,0,0,0,1,0
53636,0,0,0,0,0,0,0,1,0
53637,0,0,0,0,0,0,0,1,0
53638,0,0,0,0,0,0,0,1,0
53639,0,0,0,0,0,0,0,1,0
53640,0,0,0,0,0,0,0,1,0
53641,0,0,0,0,0,0,0,1,0
53642,0,0,0,0,0,0,0,1,0
53643,0,0,0,0,0,0,0,1,0
53644,0,0,0,0,0,0,0,1,0
53645,0,0,0,0,0,0,0,1,0
53646,0,0,0,0,0,0,0,1,0
53647,0,0,0,0,0,0,0,1,0
53648,0,0,0,0,0,0,0,1,0
53649,0,0,0,0,0,0,0,1,0
53650,0,0,0,0,0,0,0,1,0
53651,0,0,0,0,0,0,0,1,0
53652,0,0,0,0,0,0,0,1,0
53653,0,0,0,0,0,0,0,1,0
53654,0,0,0,0,0,0,0,1,0
53655,0,0,0,0,0,0,0,1,0
53656,0,0,0,0,0,0,0,1,0
53657,0,0,0,0,0,0,0,1,0
53658,0,0,0,0,0,0,0,1,0
53659,0,0,0,0,0,0,0,1,0
53660,0,0,0,0,0,0,0,1,0
53661,0,0,0,0,0,0,0,1,0
53662,0,0,0,0,0,0,0,1,0
53663,0,0,0,0,0,0,0,1,0
53664,0,0,0,0,0,0,0,1,0
53665,0,0,0,0,0,0,0,1,0
53666,0,0,0,0,0,0,0,1,0
53667,0,0,0,0,0,0,0,1,0
53668,0,0,0,0,0,0,0,1,0
53669,0,0,0,0,0,0,0,1,0
53670,0,0,0,0,0,0,0,1,0
53671,0,0,0,0,0,0,0,1,0
53672,0,0,0,0,0,0,0,1,0
53673,0,0,0,0,0,0,0,1,0
53674,0,0,0,0,0,0,0,1,0
53675,0,0,0,0,0,0,0,1,0
53676,0,0,0,0,0,0,0,1,0
53677,0,0,0,0,0,0,0,1,0
53678,0,0,0,0,0,0,0,1,0
53679,0,0,0,0,0,0,0,1,0
53680,0,0,0,0,0,0,0,1,0
53681,0,0,0,0,0,0,0,1,0
53682,0,0,0,0,0,0,0,1,0
53683,0,0,0,0,0,0,0,1,0
53684,0,0,0,0,0,0,0,1,0
53685,0,0,0,0,0,0,0,1,0
53686,0,0,0,0,0,0,0,1,0
53687,0,0,0,0,0,0,0,1,0
53688,0,0,0,0,0,0,0,1,0
53689,0,0,0,0,0,0,0,1,0
53690,0,0,0,0,0,0,0,1,0
53691,0,0,0,0,0,0,0,1,0
53692,0,0,0,0,0,0,0,1,0
53693,0,0,0,0,0,0,0,1,0
53694,0,0,0,0,0,0,0,1,0
53695,0,0,0,0,0,0,0,1,0
53696,0,0,0,0,0,0,0,1,0
53697,0,0,0,0,0,0,0,1,0
53698,0,0,0,0,0,0,0,1,0
53699,0,0,0,0,0,0,0,1,0
53700,0,0,0,0,0,0,0,1,0
53701,0,0,0,0,0,0,0,1,0
53702,0,0,0,0,0,0,0,1,0
53703,0,0,0,0,0,0,0,1,0
53704,0,0,0,0,0,0,0,1,0
53705,0,0,0,0,0,0,0,1,0
53706,0,0,0,0,0,0,0,1,0
53707,0,0,0,0,0,0,0,1,0
53708,0,0,0,0,0,0,0,1,0
53709,0,0,0,0,0,0,0,1,0
53710,0,0,0,0,0,0,0,1,0
53711,0,0,0,0,0,0,0,1,0
53712,0,0,0,0,0,0,0,1,0
53713,0,0,0,0,0,0,0,1,0
53714,0,0,0,0,0,0,0,1,0
53715,0,0,0,0,0,0,0,1,0
53716,0,0,0,0,0,0,0,1,0
53717,0,0,0,0,0,0,0,1,0
53718,0,0,0,0,0,0,0,1,0
53719,0,0,0,0,0,0,0,1,0
53720,0,0,0,0,0,0,0,1,0
53721,0,0,0,0,0,0,0,1,0
53722,0,0,0,0,0,0,0,1,0
53723,0,0,0,0,0,0,0,1,0
53724,0,0,0,0,0,0,0,1,0
53725,0,0,0,0,0,0,0,1,0
53726,0,0,0,0,0,0,0,1,0
53727,0,0,0,0,0,0,0,1,0
53728,0,0,0,0,0,0,0,1,0
53729,0,0,0,0,0,0,0,1,0
53730,0,0,0,0,0,0,0,1,0
53731,0,0,0,0,0,0,0,1,0
53732,0,0,0,0,0,0,0,1,0
53733,0,0,0,0,0,0,0,1,0
53734,0,0,0,0,0,0,0,1,0
53735,0,0,0,0,0,0,0,1,0
53736,0,0,0,0,0,0,0,1,0
53737,0,0,0,0,0,0,0,1,0
53738,0,0,0,0,0,0,0,1,0
53739,0,0,0,0,0,0,0,1,0
53740,0,0,0,0,0,0,0,1,0
53741,0,0,0,0,0,0,0,1,0
53742,0,0,0,0,0,0,0,1,0
53743,0,0,0,0,0,0,0,1,0
53744,0,0,0,0,0,0,0,1,0
53745,0,0,0,0,0,0,0,1,0
53746,0,0,0,0,0,0,0,1,0
53747,0,0,0,0,0,0,0,1,0
53748,0,0,0,0,0,0,0,1,0
53749,0,0,0,0,0,0,0,1,0
53750,0,0,0,0,0,0,0,1,0
53751,0,0,0,0,0,0,0,1,0
53752,0,0,0,0,0,0,0,1,0
53753,0,0,0,0,0,0,0,1,0
53754,0,0,0,0,0,0,0,1,0
53755,0,0,0,0,0,0,0,1,0
53756,0,0,0,0,0,0,0,1,0
53757,0,0,0,0,0,0,0,1,0
53758,0,0,0,0,0,0,0,1,0
53759,0,0,0,0,0,0,0,1,0
53760,0,0,0,0,0,0,0,1,0
53761,0,0,0,0,0,0,0,1,0
53762,0,0,0,0,0,0,0,1,0
53763,0,0,0,0,0,0,0,1,0
53764,0,0,0,0,0,0,0,1,0
53765,0,0,0,0,0,0,0,1,0
53766,0,0,0,0,0,0,0,1,0
53767,0,0,0,0,0,0,0,1,0
53768,0,0,0,0,0,0,0,1,0
53769,0,0,0,0,0,0,0,1,0
53770,0,0,0,0,0,0,0,1,0
53771,0,0,0,0,0,0,0,1,0
53772,0,0,0,0,0,0,0,1,0
53773,0,0,0,0,0,0,0,1,0
53774,0,0,0,0,0,0,0,1,0
53775,0,0,0,0,0,0,0,1,0
53776,0,0,0,0,0,0,0,1,0
53777,0,0,0,0,0,0,0,1,0
53778,0,0,0,0,0,0,0,1,0
53779,0,0,0,0,0,0,0,1,0
53780,0,0,0,0,0,0,0,1,0
53781,0,0,0,0,0,0,0,1,0
53782,0,0,0,0,0,0,0,1,0
53783,0,0,0,0,0,0,0,1,0
53784,0,0,0,0,0,0,0,1,0
53785,0,0,0,0,0,0,0,1,0
53786,0,0,0,0,0,0,0,1,0
53787,0,0,0,0,0,0,0,1,0
53788,0,0,0,0,0,0,0,1,0
53789,0,0,0,0,0,0,0,1,0
53790,0,0,0,0,0,0,0,1,0
53791,0,0,0,0,0,0,0,1,0
53792,0,0,0,0,0,0,0,1,0
53793,0,0,0,0,0,0,0,1,0
53794,0,0,0,0,0,0,0,1,0
53795,0,0,0,0,0,0,0,1,0
53796,0,0,0,0,0,0,0,1,0
53797,0,0,0,0,0,0,0,1,0
53798,0,0,0,0,0,0,0,1,0
53799,0,0,0,0,0,0,0,1,0
53800,0,0,0,0,0,0,0,1,0
53801,0,0,0,0,0,0,0,1,0
53802,0,0,0,0,0,0,0,1,0
53803,0,0,0,0,0,0,0,1,0
53804,0,0,0,0,0,0,0,1,0
53805,0,0,0,0,0,0,0,1,0
53806,0,0,0,0,0,0,0,1,0
53807,0,0,0,0,0,0,0,1,0
53808,0,0,0,0,0,0,0,1,0
53809,0,0,0,0,0,0,0,1,0
53810,0,0,0,0,0,0,0,1,0
53811,0,0,0,0,0,0,0,1,0
53812,0,0,0,0,0,0,0,1,0
53813,0,0,0,0,0,0,0,1,0
53814,0,0,0,0,0,0,0,1,0
53815,0,0,0,0,0,0,0,1,0
53816,0,0,0,0,0,0,0,1,0
53817,0,0,0,0,0,0,0,1,0
53818,0,0,0,0,0,0,0,1,0
53819,0,0,0,0,0,0,0,1,0
53820,0,0,0,0,0,0,0,1,0
53821,0,0,0,0,0,0,0,1,0
53822,0,0,0,0,0,0,0,1,0
53823,0,0,0,0,0,0,0,1,0
53824,0,0,0,0,0,0,0,1,0
53825,0,0,0,0,0,0,0,1,0
53826,0,0,0,0,0,0,0,1,0
53827,0,0,0,0,0,0,0,1,0
53828,0,0,0,0,0,0,0,1,0
53829,0,0,0,0,0,0,0,1,0
53830,0,0,0,0,0,0,0,1,0
53831,0,0,0,0,0,0,0,1,0
53832,0,0,0,0,0,0,0,1,0
53833,0,0,0,0,0,0,0,1,0
53834,0,0,0,0,0,0,0,1,0
53835,0,0,0,0,0,0,0,1,0
53836,0,0,0,0,0,0,0,1,0
53837,0,0,0,0,0,0,0,1,0
53838,0,0,0,0,0,0,0,1,0
53839,0,0,0,0,0,0,0,1,0
53840,0,0,0,0,0,0,0,1,0
53841,0,0,0,0,0,0,0,1,0
53842,0,0,0,0,0,0,0,1,0
53843,0,0,0,0,0,0,0,1,0
53844,0,0,0,0,0,0,0,1,0
53845,0,0,0,0,0,0,0,1,0
53846,0,0,0,0,0,0,0,1,0
53847,0,0,0,0,0,0,0,1,0
53848,0,0,0,0,0,0,0,1,0
53849,0,0,0,0,0,0,0,1,0
53850,0,0,0,0,0,0,0,1,0
53851,0,0,0,0,0,0,0,1,0
53852,0,0,0,0,0,0,0,1,0
53853,0,0,0,0,0,0,0,1,0
53854,0,0,0,0,0,0,0,1,0
53855,0,0,0,0,0,0,0,1,0
53856,0,0,0,0,0,0,0,1,0
53857,0,0,0,0,0,0,0,1,0
53858,0,0,0,0,0,0,0,1,0
53859,0,0,0,0,0,0,0,1,0
53860,0,0,0,0,0,0,0,1,0
53861,0,0,0,0,0,0,0,1,0
53862,0,0,0,0,0,0,0,1,0
53863,0,0,0,0,0,0,0,1,0
53864,0,0,0,0,0,0,0,1,0
53865,0,0,0,0,0,0,0,1,0
53866,0,0,0,0,0,0,0,1,0
53867,0,0,0,0,0,0,0,1,0
53868,0,0,0,0,0,0,0,1,0
53869,0,0,0,0,0,0,0,1,0
53870,0,0,0,0,0,0,0,1,0
53871,0,0,0,0,0,0,0,1,0
53872,0,0,0,0,0,0,0,1,0
53873,0,0,0,0,0,0,0,1,0
53874,0,0,0,0,0,0,0,1,0
53875,0,0,0,0,0,0,0,1,0
53876,0,0,0,0,0,0,0,1,0
53877,0,0,0,0,0,0,0,1,0
53878,0,0,0,0,0,0,0,1,0
53879,0,0,0,0,0,0,0,1,0
53880,0,0,0,0,0,0,0,1,0
53881,0,0,0,0,0,0,0,1,0
53882,0,0,0,0,0,0,0,1,0
53883,0,0,0,0,0,0,0,1,0
53884,0,0,0,0,0,0,0,1,0
53885,0,0,0,0,0,0,0,1,0
53886,0,0,0,0,0,0,0,1,0
53887,0,0,0,0,0,0,0,1,0
53888,0,0,0,0,0,0,0,1,0
53889,0,0,0,0,0,0,0,1,0
53890,0,0,0,0,0,0,0,1,0
53891,0,0,0,0,0,0,0,1,0
53892,0,0,0,0,0,0,0,1,0
53893,0,0,0,0,0,0,0,1,0
53894,0,0,0,0,0,0,0,1,0
53895,0,0,0,0,0,0,0,1,0
53896,0,0,0,0,0,0,0,1,0
53897,0,0,0,0,0,0,0,1,0
53898,0,0,0,0,0,0,0,1,0
53899,0,0,0,0,0,0,0,1,0
53900,0,0,0,0,0,0,0,1,0
53901,0,0,0,0,0,0,0,1,0
53902,0,0,0,0,0,0,0,1,0
53903,0,0,0,0,0,0,0,1,0
53904,0,0,0,0,0,0,0,1,0
53905,0,0,0,0,0,0,0,1,0
53906,0,0,0,0,0,0,0,1,0
53907,0,0,0,0,0,0,0,1,0
53908,0,0,0,0,0,0,0,1,0
53909,0,0,0,0,0,0,0,1,0
53910,0,0,0,0,0,0,0,1,0
53911,0,0,0,0,0,0,0,1,0
53912,0,0,0,0,0,0,0,1,0
53913,0,0,0,0,0,0,0,1,0
53914,0,0,0,0,0,0,0,1,0
53915,0,0,0,0,0,0,0,1,0
53916,0,0,0,0,0,0,0,1,0
53917,0,0,0,0,0,0,0,1,0
53918,0,0,0,0,0,0,0,1,0
53919,0,0,0,0,0,0,0,1,0
53920,0,0,0,0,0,0,0,1,0
53921,0,0,0,0,0,0,0,1,0
53922,0,0,0,0,0,0,0,1,0
53923,0,0,0,0,0,0,0,1,0
53924,0,0,0,0,0,0,0,1,0
53925,0,0,0,0,0,0,0,1,0
53926,0,0,0,0,0,0,0,1,0
53927,0,0,0,0,0,0,0,1,0
53928,0,0,0,0,0,0,0,1,0
53929,0,0,0,0,0,0,0,1,0
53930,0,0,0,0,0,0,0,1,0
53931,0,0,0,0,0,0,0,1,0
53932,0,0,0,0,0,0,0,1,0
53933,0,0,0,0,0,0,0,1,0
53934,0,0,0,0,0,0,0,1,0
53935,0,0,0,0,0,0,0,1,0
53936,0,0,0,0,0,0,0,1,0
53937,0,0,0,0,0,0,0,1,0
53938,0,0,0,0,0,0,0,1,0
53939,0,0,0,0,0,0,0,1,0
53940,0,0,0,0,0,0,0,1,0
53941,0,0,0,0,0,0,0,1,0
53942,0,0,0,0,0,0,0,1,0
53943,0,0,0,0,0,0,0,1,0
53944,0,0,0,0,0,0,0,1,0
53945,0,0,0,0,0,0,0,1,0
53946,0,0,0,0,0,0,0,1,0
53947,0,0,0,0,0,0,0,1,0
53948,0,0,0,0,0,0,0,1,0
53949,0,0,0,0,0,0,0,1,0
53950,0,0,0,0,0,0,0,1,0
53951,0,0,0,0,0,0,0,1,0
53952,0,0,0,0,0,0,0,1,0
53953,0,0,0,0,0,0,0,1,0
53954,0,0,0,0,0,0,0,1,0
53955,0,0,0,0,0,0,0,1,0
53956,0,0,0,0,0,0,0,1,0
53957,0,0,0,0,0,0,0,1,0
53958,0,0,0,0,0,0,0,1,0
53959,0,0,0,0,0,0,0,1,0
53960,0,0,0,0,0,0,0,1,0
53961,0,0,0,0,0,0,0,1,0
53962,0,0,0,0,0,0,0,1,0
53963,0,0,0,0,0,0,0,1,0
53964,0,0,0,0,0,0,0,1,0
53965,0,0,0,0,0,0,0,1,0
53966,0,0,0,0,0,0,0,1,0
53967,0,0,0,0,0,0,0,1,0
53968,0,0,0,0,0,0,0,1,0
53969,0,0,0,0,0,0,0,1,0
53970,0,0,0,0,0,0,0,1,0
53971,0,0,0,0,0,0,0,1,0
53972,0,0,0,0,0,0,0,1,0
53973,0,0,0,0,0,0,0,1,0
53974,0,0,0,0,0,0,0,1,0
53975,0,0,0,0,0,0,0,1,0
53976,0,0,0,0,0,0,0,1,0
53977,0,0,0,0,0,0,0,1,0
53978,0,0,0,0,0,0,0,1,0
53979,0,0,0,0,0,0,0,1,0
53980,0,0,0,0,0,0,0,1,0
53981,0,0,0,0,0,0,0,1,0
53982,0,0,0,0,0,0,0,1,0
53983,0,0,0,0,0,0,0,1,0
53984,0,0,0,0,0,0,0,1,0
53985,0,0,0,0,0,0,0,1,0
53986,0,0,0,0,0,0,0,1,0
53987,0,0,0,0,0,0,0,1,0
53988,0,0,0,0,0,0,0,1,0
53989,0,0,0,0,0,0,0,1,0
53990,0,0,0,0,0,0,0,1,0
53991,0,0,0,0,0,0,0,1,0
53992,0,0,0,0,0,0,0,1,0
53993,0,0,0,0,0,0,0,1,0
53994,0,0,0,0,0,0,0,1,0
53995,0,0,0,0,0,0,0,1,0
53996,0,0,0,0,0,0,0,1,0
53997,0,0,0,0,0,0,0,1,0
53998,0,0,0,0,0,0,0,1,0
53999,0,0,0,0,0,0,0,1,0
54000,0,0,0,0,0,0,0,1,0
54001,0,0,0,0,0,0,0,1,0
54002,0,0,0,0,0,0,0,1,0
54003,0,0,0,0,0,0,0,1,0
54004,0,0,0,0,0,0,0,1,0
54005,0,0,0,0,0,0,0,1,0
54006,0,0,0,0,0,0,0,1,0
54007,0,0,0,0,0,0,0,1,0
54008,0,0,0,0,0,0,0,1,0
54009,0,0,0,0,0,0,0,1,0
54010,0,0,0,0,0,0,0,1,0
54011,0,0,0,0,0,0,0,1,0
54012,0,0,0,0,0,0,0,1,0
54013,0,0,0,0,0,0,0,1,0
54014,0,0,0,0,0,0,0,1,0
54015,0,0,0,0,0,0,0,1,0
54016,0,0,0,0,0,0,0,1,0
54017,0,0,0,0,0,0,0,1,0
54018,0,0,0,0,0,0,0,1,0
54019,0,0,0,0,0,0,0,1,0
54020,0,0,0,0,0,0,0,1,0
54021,0,0,0,0,0,0,0,1,0
54022,0,0,0,0,0,0,0,1,0
54023,0,0,0,0,0,0,0,1,0
54024,0,0,0,0,0,0,0,1,0
54025,0,0,0,0,0,0,0,1,0
54026,0,0,0,0,0,0,0,1,0
54027,0,0,0,0,0,0,0,1,0
54028,0,0,0,0,0,0,0,1,0
54029,0,0,0,0,0,0,0,1,0
54030,0,0,0,0,0,0,0,1,0
54031,0,0,0,0,0,0,0,1,0
54032,0,0,0,0,0,0,0,1,0
54033,0,0,0,0,0,0,0,1,0
54034,0,0,0,0,0,0,0,1,0
54035,0,0,0,0,0,0,0,1,0
54036,0,0,0,0,0,0,0,1,0
54037,0,0,0,0,0,0,0,1,0
54038,0,0,0,0,0,0,0,1,0
54039,0,0,0,0,0,0,0,1,0
54040,0,0,0,0,0,0,0,1,0
54041,0,0,0,0,0,0,0,1,0
54042,0,0,0,0,0,0,0,1,0
54043,0,0,0,0,0,0,0,1,0
54044,0,0,0,0,0,0,0,1,0
54045,0,0,0,0,0,0,0,1,0
54046,0,0,0,0,0,0,0,1,0
54047,0,0,0,0,0,0,0,1,0
54048,0,0,0,0,0,0,0,1,0
54049,0,0,0,0,0,0,0,1,0
54050,0,0,0,0,0,0,0,1,0
54051,0,0,0,0,0,0,0,1,0
54052,0,0,0,0,0,0,0,1,0
54053,0,0,0,0,0,0,0,1,0
54054,0,0,0,0,0,0,0,1,0
54055,0,0,0,0,0,0,0,1,0
54056,0,0,0,0,0,0,0,1,0
54057,0,0,0,0,0,0,0,1,0
54058,0,0,0,0,0,0,0,1,0
54059,0,0,0,0,0,0,0,1,0
54060,0,0,0,0,0,0,0,1,0
54061,0,0,0,0,0,0,0,1,0
54062,0,0,0,0,0,0,0,1,0
54063,0,0,0,0,0,0,0,1,0
54064,0,0,0,0,0,0,0,1,0
54065,0,0,0,0,0,0,0,1,0
54066,0,0,0,0,0,0,0,1,0
54067,0,0,0,0,0,0,0,1,0
54068,0,0,0,0,0,0,0,1,0
54069,0,0,0,0,0,0,0,1,0
54070,0,0,0,0,0,0,0,1,0
54071,0,0,0,0,0,0,0,1,0
54072,0,0,0,0,0,0,0,1,0
54073,0,0,0,0,0,0,0,1,0
54074,0,0,0,0,0,0,0,1,0
54075,0,0,0,0,0,0,0,1,0
54076,0,0,0,0,0,0,0,1,0
54077,0,0,0,0,0,0,0,1,0
54078,0,0,0,0,0,0,0,1,0
54079,0,0,0,0,0,0,0,1,0
54080,0,0,0,0,0,0,0,1,0
54081,0,0,0,0,0,0,0,1,0
54082,0,0,0,0,0,0,0,1,0
54083,0,0,0,0,0,0,0,1,0
54084,0,0,0,0,0,0,0,1,0
54085,0,0,0,0,0,0,0,1,0
54086,0,0,0,0,0,0,0,1,0
54087,0,0,0,0,0,0,0,1,0
54088,0,0,0,0,0,0,0,1,0
54089,0,0,0,0,0,0,0,1,0
54090,0,0,0,0,0,0,0,1,0
54091,0,0,0,0,0,0,0,1,0
54092,0,0,0,0,0,0,0,1,0
54093,0,0,0,0,0,0,0,1,0
54094,0,0,0,0,0,0,0,1,0
54095,0,0,0,0,0,0,0,1,0
54096,0,0,0,0,0,0,0,1,0
54097,0,0,0,0,0,0,0,1,0
54098,0,0,0,0,0,0,0,1,0
54099,0,0,0,0,0,0,0,1,0
54100,0,0,0,0,0,0,0,1,0
54101,0,0,0,0,0,0,0,1,0
54102,0,0,0,0,0,0,0,1,0
54103,0,0,0,0,0,0,0,1,0
54104,0,0,0,0,0,0,0,1,0
54105,0,0,0,0,0,0,0,1,0
54106,0,0,0,0,0,0,0,1,0
54107,0,0,0,0,0,0,0,1,0
54108,0,0,0,0,0,0,0,1,0
54109,0,0,0,0,0,0,0,1,0
54110,0,0,0,0,0,0,0,1,0
54111,0,0,0,0,0,0,0,1,0
54112,0,0,0,0,0,0,0,1,0
54113,0,0,0,0,0,0,0,1,0
54114,0,0,0,0,0,0,0,1,0
54115,0,0,0,0,0,0,0,1,0
54116,0,0,0,0,0,0,0,1,0
54117,0,0,0,0,0,0,0,1,0
54118,0,0,0,0,0,0,0,1,0
54119,0,0,0,0,0,0,0,1,0
54120,0,0,0,0,0,0,0,1,0
54121,0,0,0,0,0,0,0,1,0
54122,0,0,0,0,0,0,0,1,0
54123,0,0,0,0,0,0,0,1,0
54124,0,0,0,0,0,0,0,1,0
54125,0,0,0,0,0,0,0,1,0
54126,0,0,0,0,0,0,0,1,0
54127,0,0,0,0,0,0,0,1,0
54128,0,0,0,0,0,0,0,1,0
54129,0,0,0,0,0,0,0,1,0
54130,0,0,0,0,0,0,0,1,0
54131,0,0,0,0,0,0,0,1,0
54132,0,0,0,0,0,0,0,1,0
54133,0,0,0,0,0,0,0,1,0
54134,0,0,0,0,0,0,0,1,0
54135,0,0,0,0,0,0,0,1,0
54136,0,0,0,0,0,0,0,1,0
54137,0,0,0,0,0,0,0,1,0
54138,0,0,0,0,0,0,0,1,0
54139,0,0,0,0,0,0,0,1,0
54140,0,0,0,0,0,0,0,1,0
54141,0,0,0,0,0,0,0,1,0
54142,0,0,0,0,0,0,0,1,0
54143,0,0,0,0,0,0,0,1,0
54144,0,0,0,0,0,0,0,1,0
54145,0,0,0,0,0,0,0,1,0
54146,0,0,0,0,0,0,0,1,0
54147,0,0,0,0,0,0,0,1,0
54148,0,0,0,0,0,0,0,1,0
54149,0,0,0,0,0,0,0,1,0
54150,0,0,0,0,0,0,0,1,0
54151,0,0,0,0,0,0,0,1,0
54152,0,0,0,0,0,0,0,1,0
54153,0,0,0,0,0,0,0,1,0
54154,0,0,0,0,0,0,0,1,0
54155,0,0,0,0,0,0,0,1,0
54156,0,0,0,0,0,0,0,1,0
54157,0,0,0,0,0,0,0,1,0
54158,0,0,0,0,0,0,0,1,0
54159,0,0,0,0,0,0,0,1,0
54160,0,0,0,0,0,0,0,1,0
54161,0,0,0,0,0,0,0,1,0
54162,0,0,0,0,0,0,0,1,0
54163,0,0,0,0,0,0,0,1,0
54164,0,0,0,0,0,0,0,1,0
54165,0,0,0,0,0,0,0,1,0
54166,0,0,0,0,0,0,0,1,0
54167,0,0,0,0,0,0,0,1,0
54168,0,0,0,0,0,0,0,1,0
54169,0,0,0,0,0,0,0,1,0
54170,0,0,0,0,0,0,0,1,0
54171,0,0,0,0,0,0,0,1,0
54172,0,0,0,0,0,0,0,1,0
54173,0,0,0,0,0,0,0,1,0
54174,0,0,0,0,0,0,0,1,0
54175,0,0,0,0,0,0,0,1,0
54176,0,0,0,0,0,0,0,1,0
54177,0,0,0,0,0,0,0,1,0
54178,0,0,0,0,0,0,0,1,0
54179,0,0,0,0,0,0,0,1,0
54180,0,0,0,0,0,0,0,1,0
54181,0,0,0,0,0,0,0,1,0
54182,0,0,0,0,0,0,0,1,0
54183,0,0,0,0,0,0,0,1,0
54184,0,0,0,0,0,0,0,1,0
54185,0,0,0,0,0,0,0,1,0
54186,0,0,0,0,0,0,0,1,0
54187,0,0,0,0,0,0,0,1,0
54188,0,0,0,0,0,0,0,1,0
54189,0,0,0,0,0,0,0,1,0
54190,0,0,0,0,0,0,0,1,0
54191,0,0,0,0,0,0,0,1,0
54192,0,0,0,0,0,0,0,1,0
54193,0,0,0,0,0,0,0,1,0
54194,0,0,0,0,0,0,0,1,0
54195,0,0,0,0,0,0,0,1,0
54196,0,0,0,0,0,0,0,1,0
54197,0,0,0,0,0,0,0,1,0
54198,0,0,0,0,0,0,0,1,0
54199,0,0,0,0,0,0,0,1,0
54200,0,0,0,0,0,0,0,1,0
54201,0,0,0,0,0,0,0,1,0
54202,0,0,0,0,0,0,0,1,0
54203,0,0,0,0,0,0,0,1,0
54204,0,0,0,0,0,0,0,1,0
54205,0,0,0,0,0,0,0,1,0
54206,0,0,0,0,0,0,0,1,0
54207,0,0,0,0,0,0,0,1,0
54208,0,0,0,0,0,0,0,1,0
54209,0,0,0,0,0,0,0,1,0
54210,0,0,0,0,0,0,0,1,0
54211,0,0,0,0,0,0,0,1,0
54212,0,0,0,0,0,0,0,1,0
54213,0,0,0,0,0,0,0,1,0
54214,0,0,0,0,0,0,0,1,0
54215,0,0,0,0,0,0,0,1,0
54216,0,0,0,0,0,0,0,1,0
54217,0,0,0,0,0,0,0,1,0
54218,0,0,0,0,0,0,0,1,0
54219,0,0,0,0,0,0,0,1,0
54220,0,0,0,0,0,0,0,1,0
54221,0,0,0,0,0,0,0,1,0
54222,0,0,0,0,0,0,0,1,0
54223,0,0,0,0,0,0,0,1,0
54224,0,0,0,0,0,0,0,1,0
54225,0,0,0,0,0,0,0,1,0
54226,0,0,0,0,0,0,0,1,0
54227,0,0,0,0,0,0,0,1,0
54228,0,0,0,0,0,0,0,1,0
54229,0,0,0,0,0,0,0,1,0
54230,0,0,0,0,0,0,0,1,0
54231,0,0,0,0,0,0,0,1,0
54232,0,0,0,0,0,0,0,1,0
54233,0,0,0,0,0,0,0,1,0
54234,0,0,0,0,0,0,0,1,0
54235,0,0,0,0,0,0,0,1,0
54236,0,0,0,0,0,0,0,1,0
54237,0,0,0,0,0,0,0,1,0
54238,0,0,0,0,0,0,0,1,0
54239,0,0,0,0,0,0,0,1,0
54240,0,0,0,0,0,0,0,1,0
54241,0,0,0,0,0,0,0,1,0
54242,0,0,0,0,0,0,0,1,0
54243,0,0,0,0,0,0,0,1,0
54244,0,0,0,0,0,0,0,1,0
54245,0,0,0,0,0,0,0,1,0
54246,0,0,0,0,0,0,0,1,0
54247,0,0,0,0,0,0,0,1,0
54248,0,0,0,0,0,0,0,1,0
54249,0,0,0,0,0,0,0,1,0
54250,0,0,0,0,0,0,0,1,0
54251,0,0,0,0,0,0,0,1,0
54252,0,0,0,0,0,0,0,1,0
54253,0,0,0,0,0,0,0,1,0
54254,0,0,0,0,0,0,0,1,0
54255,0,0,0,0,0,0,0,1,0
54256,0,0,0,0,0,0,0,1,0
54257,0,0,0,0,0,0,0,1,0
54258,0,0,0,0,0,0,0,1,0
54259,0,0,0,0,0,0,0,1,0
54260,0,0,0,0,0,0,0,1,0
54261,0,0,0,0,0,0,0,1,0
54262,0,0,0,0,0,0,0,1,0
54263,0,0,0,0,0,0,0,1,0
54264,0,0,0,0,0,0,0,1,0
54265,0,0,0,0,0,0,0,1,0
54266,0,0,0,0,0,0,0,1,0
54267,0,0,0,0,0,0,0,1,0
54268,0,0,0,0,0,0,0,1,0
54269,0,0,0,0,0,0,0,1,0
54270,0,0,0,0,0,0,0,1,0
54271,0,0,0,0,0,0,0,1,0
54272,0,0,0,0,0,0,0,1,0
54273,0,0,0,0,0,0,0,1,0
54274,0,0,0,0,0,0,0,1,0
54275,0,0,0,0,0,0,0,1,0
54276,0,0,0,0,0,0,0,1,0
54277,0,0,0,0,0,0,0,1,0
54278,0,0,0,0,0,0,0,1,0
54279,0,0,0,0,0,0,0,1,0
54280,0,0,0,0,0,0,0,1,0
54281,0,0,0,0,0,0,0,1,0
54282,0,0,0,0,0,0,0,1,0
54283,0,0,0,0,0,0,0,1,0
54284,0,0,0,0,0,0,0,1,0
54285,0,0,0,0,0,0,0,1,0
54286,0,0,0,0,0,0,0,1,0
54287,0,0,0,0,0,0,0,1,0
54288,0,0,0,0,0,0,0,1,0
54289,0,0,0,0,0,0,0,1,0
54290,0,0,0,0,0,0,0,1,0
54291,0,0,0,0,0,0,0,1,0
54292,0,0,0,0,0,0,0,1,0
54293,0,0,0,0,0,0,0,1,0
54294,0,0,0,0,0,0,0,1,0
54295,0,0,0,0,0,0,0,1,0
54296,0,0,0,0,0,0,0,1,0
54297,0,0,0,0,0,0,0,1,0
54298,0,0,0,0,0,0,0,1,0
54299,0,0,0,0,0,0,0,1,0
54300,0,0,0,0,0,0,0,1,0
54301,0,0,0,0,0,0,0,1,0
54302,0,0,0,0,0,0,0,1,0
54303,0,0,0,0,0,0,0,1,0
54304,0,0,0,0,0,0,0,1,0
54305,0,0,0,0,0,0,0,1,0
54306,0,0,0,0,0,0,0,1,0
54307,0,0,0,0,0,0,0,1,0
54308,0,0,0,0,0,0,0,1,0
54309,0,0,0,0,0,0,0,1,0
54310,0,0,0,0,0,0,0,1,0
54311,0,0,0,0,0,0,0,1,0
54312,0,0,0,0,0,0,0,1,0
54313,0,0,0,0,0,0,0,1,0
54314,0,0,0,0,0,0,0,1,0
54315,0,0,0,0,0,0,0,1,0
54316,0,0,0,0,0,0,0,1,0
54317,0,0,0,0,0,0,0,1,0
54318,0,0,0,0,0,0,0,1,0
54319,0,0,0,0,0,0,0,1,0
54320,0,0,0,0,0,0,0,1,0
54321,0,0,0,0,0,0,0,1,0
54322,0,0,0,0,0,0,0,1,0
54323,0,0,0,0,0,0,0,1,0
54324,0,0,0,0,0,0,0,1,0
54325,0,0,0,0,0,0,0,1,0
54326,0,0,0,0,0,0,0,1,0
54327,0,0,0,0,0,0,0,1,0
54328,0,0,0,0,0,0,0,1,0
54329,0,0,0,0,0,0,0,1,0
54330,0,0,0,0,0,0,0,1,0
54331,0,0,0,0,0,0,0,1,0
54332,0,0,0,0,0,0,0,1,0
54333,0,0,0,0,0,0,0,1,0
54334,0,0,0,0,0,0,0,1,0
54335,0,0,0,0,0,0,0,1,0
54336,0,0,0,0,0,0,0,1,0
54337,0,0,0,0,0,0,0,1,0
54338,0,0,0,0,0,0,0,1,0
54339,0,0,0,0,0,0,0,1,0
54340,0,0,0,0,0,0,0,1,0
54341,0,0,0,0,0,0,0,1,0
54342,0,0,0,0,0,0,0,1,0
54343,0,0,0,0,0,0,0,1,0
54344,0,0,0,0,0,0,0,1,0
54345,0,0,0,0,0,0,0,1,0
54346,0,0,0,0,0,0,0,1,0
54347,0,0,0,0,0,0,0,1,0
54348,0,0,0,0,0,0,0,1,0
54349,0,0,0,0,0,0,0,1,0
54350,0,0,0,0,0,0,0,1,0
54351,0,0,0,0,0,0,0,1,0
54352,0,0,0,0,0,0,0,1,0
54353,0,0,0,0,0,0,0,1,0
54354,0,0,0,0,0,0,0,1,0
54355,0,0,0,0,0,0,0,1,0
54356,0,0,0,0,0,0,0,1,0
54357,0,0,0,0,0,0,0,1,0
54358,0,0,0,0,0,0,0,1,0
54359,0,0,0,0,0,0,0,1,0
54360,0,0,0,0,0,0,0,1,0
54361,0,0,0,0,0,0,0,1,0
54362,0,0,0,0,0,0,0,1,0
54363,0,0,0,0,0,0,0,1,0
54364,0,0,0,0,0,0,0,1,0
54365,0,0,0,0,0,0,0,1,0
54366,0,0,0,0,0,0,0,1,0
54367,0,0,0,0,0,0,0,1,0
54368,0,0,0,0,0,0,0,1,0
54369,0,0,0,0,0,0,0,1,0
54370,0,0,0,0,0,0,0,1,0
54371,0,0,0,0,0,0,0,1,0
54372,0,0,0,0,0,0,0,1,0
54373,0,0,0,0,0,0,0,1,0
54374,0,0,0,0,0,0,0,1,0
54375,0,0,0,0,0,0,0,1,0
54376,0,0,0,0,0,0,0,1,0
54377,0,0,0,0,0,0,0,1,0
54378,0,0,0,0,0,0,0,1,0
54379,0,0,0,0,0,0,0,1,0
54380,0,0,0,0,0,0,0,1,0
54381,0,0,0,0,0,0,0,1,0
54382,0,0,0,0,0,0,0,1,0
54383,0,0,0,0,0,0,0,1,0
54384,0,0,0,0,0,0,0,1,0
54385,0,0,0,0,0,0,0,1,0
54386,0,0,0,0,0,0,0,1,0
54387,0,0,0,0,0,0,0,1,0
54388,0,0,0,0,0,0,0,1,0
54389,0,0,0,0,0,0,0,1,0
54390,0,0,0,0,0,0,0,1,0
54391,0,0,0,0,0,0,0,1,0
54392,0,0,0,0,0,0,0,1,0
54393,0,0,0,0,0,0,0,1,0
54394,0,0,0,0,0,0,0,1,0
54395,0,0,0,0,0,0,0,1,0
54396,0,0,0,0,0,0,0,1,0
54397,0,0,0,0,0,0,0,1,0
54398,0,0,0,0,0,0,0,1,0
54399,0,0,0,0,0,0,0,1,0
54400,0,0,0,0,0,0,0,1,0
54401,0,0,0,0,0,0,0,1,0
54402,0,0,0,0,0,0,0,1,0
54403,0,0,0,0,0,0,0,1,0
54404,0,0,0,0,0,0,0,1,0
54405,0,0,0,0,0,0,0,1,0
54406,0,0,0,0,0,0,0,1,0
54407,0,0,0,0,0,0,0,1,0
54408,0,0,0,0,0,0,0,1,0
54409,0,0,0,0,0,0,0,1,0
54410,0,0,0,0,0,0,0,1,0
54411,0,0,0,0,0,0,0,1,0
54412,0,0,0,0,0,0,0,1,0
54413,0,0,0,0,0,0,0,1,0
54414,0,0,0,0,0,0,0,1,0
54415,0,0,0,0,0,0,0,1,0
54416,0,0,0,0,0,0,0,1,0
54417,0,0,0,0,0,0,0,1,0
54418,0,0,0,0,0,0,0,1,0
54419,0,0,0,0,0,0,0,1,0
54420,0,0,0,0,0,0,0,1,0
54421,0,0,0,0,0,0,0,1,0
54422,0,0,0,0,0,0,0,1,0
54423,0,0,0,0,0,0,0,1,0
54424,0,0,0,0,0,0,0,1,0
54425,0,0,0,0,0,0,0,1,0
54426,0,0,0,0,0,0,0,1,0
54427,0,0,0,0,0,0,0,1,0
54428,0,0,0,0,0,0,0,1,0
54429,0,0,0,0,0,0,0,1,0
54430,0,0,0,0,0,0,0,1,0
54431,0,0,0,0,0,0,0,1,0
54432,0,0,0,0,0,0,0,1,0
54433,0,0,0,0,0,0,0,1,0
54434,0,0,0,0,0,0,0,1,0
54435,0,0,0,0,0,0,0,1,0
54436,0,0,0,0,0,0,0,1,0
54437,0,0,0,0,0,0,0,1,0
54438,0,0,0,0,0,0,0,1,0
54439,0,0,0,0,0,0,0,1,0
54440,0,0,0,0,0,0,0,1,0
54441,0,0,0,0,0,0,0,1,0
54442,0,0,0,0,0,0,0,1,0
54443,0,0,0,0,0,0,0,1,0
54444,0,0,0,0,0,0,0,1,0
54445,0,0,0,0,0,0,0,1,0
54446,0,0,0,0,0,0,0,1,0
54447,0,0,0,0,0,0,0,1,0
54448,0,0,0,0,0,0,0,1,0
54449,0,0,0,0,0,0,0,1,0
54450,0,0,0,0,0,0,0,1,0
54451,0,0,0,0,0,0,0,1,0
54452,0,0,0,0,0,0,0,1,0
54453,0,0,0,0,0,0,0,1,0
54454,0,0,0,0,0,0,0,1,0
54455,0,0,0,0,0,0,0,1,0
54456,0,0,0,0,0,0,0,1,0
54457,0,0,0,0,0,0,0,1,0
54458,0,0,0,0,0,0,0,1,0
54459,0,0,0,0,0,0,0,1,0
54460,0,0,0,0,0,0,0,1,0
54461,0,0,0,0,0,0,0,1,0
54462,0,0,0,0,0,0,0,1,0
54463,0,0,0,0,0,0,0,1,0
54464,0,0,0,0,0,0,0,1,0
54465,0,0,0,0,0,0,0,1,0
54466,0,0,0,0,0,0,0,1,0
54467,0,0,0,0,0,0,0,1,0
54468,0,0,0,0,0,0,0,1,0
54469,0,0,0,0,0,0,0,1,0
54470,0,0,0,0,0,0,0,1,0
54471,0,0,0,0,0,0,0,1,0
54472,0,0,0,0,0,0,0,1,0
54473,0,0,0,0,0,0,0,1,0
54474,0,0,0,0,0,0,0,1,0
54475,0,0,0,0,0,0,0,1,0
54476,0,0,0,0,0,0,0,1,0
54477,0,0,0,0,0,0,0,1,0
54478,0,0,0,0,0,0,0,1,0
54479,0,0,0,0,0,0,0,1,0
54480,0,0,0,0,0,0,0,1,0
54481,0,0,0,0,0,0,0,1,0
54482,0,0,0,0,0,0,0,1,0
54483,0,0,0,0,0,0,0,1,0
54484,0,0,0,0,0,0,0,1,0
54485,0,0,0,0,0,0,0,1,0
54486,0,0,0,0,0,0,0,1,0
54487,0,0,0,0,0,0,0,1,0
54488,0,0,0,0,0,0,0,1,0
54489,0,0,0,0,0,0,0,1,0
54490,0,0,0,0,0,0,0,1,0
54491,0,0,0,0,0,0,0,1,0
54492,0,0,0,0,0,0,0,1,0
54493,0,0,0,0,0,0,0,1,0
54494,0,0,0,0,0,0,0,1,0
54495,0,0,0,0,0,0,0,1,0
54496,0,0,0,0,0,0,0,1,0
54497,0,0,0,0,0,0,0,1,0
54498,0,0,0,0,0,0,0,1,0
54499,0,0,0,0,0,0,0,1,0
54500,0,0,0,0,0,0,0,1,0
54501,0,0,0,0,0,0,0,1,0
54502,0,0,0,0,0,0,0,1,0
54503,0,0,0,0,0,0,0,1,0
54504,0,0,0,0,0,0,0,1,0
54505,0,0,0,0,0,0,0,1,0
54506,0,0,0,0,0,0,0,1,0
54507,0,0,0,0,0,0,0,1,0
54508,0,0,0,0,0,0,0,1,0
54509,0,0,0,0,0,0,0,1,0
54510,0,0,0,0,0,0,0,1,0
54511,0,0,0,0,0,0,0,1,0
54512,0,0,0,0,0,0,0,1,0
54513,0,0,0,0,0,0,0,1,0
54514,0,0,0,0,0,0,0,1,0
54515,0,0,0,0,0,0,0,1,0
54516,0,0,0,0,0,0,0,1,0
54517,0,0,0,0,0,0,0,1,0
54518,0,0,0,0,0,0,0,1,0
54519,0,0,0,0,0,0,0,1,0
54520,0,0,0,0,0,0,0,1,0
54521,0,0,0,0,0,0,0,1,0
54522,0,0,0,0,0,0,0,1,0
54523,0,0,0,0,0,0,0,1,0
54524,0,0,0,0,0,0,0,1,0
54525,0,0,0,0,0,0,0,1,0
54526,0,0,0,0,0,0,0,1,0
54527,0,0,0,0,0,0,0,1,0
54528,0,0,0,0,0,0,0,1,0
54529,0,0,0,0,0,0,0,1,0
54530,0,0,0,0,0,0,0,1,0
54531,0,0,0,0,0,0,0,1,0
54532,0,0,0,0,0,0,0,1,0
54533,0,0,0,0,0,0,0,1,0
54534,0,0,0,0,0,0,0,1,0
54535,0,0,0,0,0,0,0,1,0
54536,0,0,0,0,0,0,0,1,0
54537,0,0,0,0,0,0,0,1,0
54538,0,0,0,0,0,0,0,1,0
54539,0,0,0,0,0,0,0,1,0
54540,0,0,0,0,0,0,0,1,0
54541,0,0,0,0,0,0,0,1,0
54542,0,0,0,0,0,0,0,1,0
54543,0,0,0,0,0,0,0,1,0
54544,0,0,0,0,0,0,0,1,0
54545,0,0,0,0,0,0,0,1,0
54546,0,0,0,0,0,0,0,1,0
54547,0,0,0,0,0,0,0,1,0
54548,0,0,0,0,0,0,0,1,0
54549,0,0,0,0,0,0,0,1,0
54550,0,0,0,0,0,0,0,1,0
54551,0,0,0,0,0,0,0,1,0
54552,0,0,0,0,0,0,0,1,0
54553,0,0,0,0,0,0,0,1,0
54554,0,0,0,0,0,0,0,1,0
54555,0,0,0,0,0,0,0,1,0
54556,0,0,0,0,0,0,0,1,0
54557,0,0,0,0,0,0,0,1,0
54558,0,0,0,0,0,0,0,1,0
54559,0,0,0,0,0,0,0,1,0
54560,0,0,0,0,0,0,0,1,0
54561,0,0,0,0,0,0,0,1,0
54562,0,0,0,0,0,0,0,1,0
54563,0,0,0,0,0,0,0,1,0
54564,0,0,0,0,0,0,0,1,0
54565,0,0,0,0,0,0,0,1,0
54566,0,0,0,0,0,0,0,1,0
54567,0,0,0,0,0,0,0,1,0
54568,0,0,0,0,0,0,0,1,0
54569,0,0,0,0,0,0,0,1,0
54570,0,0,0,0,0,0,0,1,0
54571,0,0,0,0,0,0,0,1,0
54572,0,0,0,0,0,0,0,1,0
54573,0,0,0,0,0,0,0,1,0
54574,0,0,0,0,0,0,0,1,0
54575,0,0,0,0,0,0,0,1,0
54576,0,0,0,0,0,0,0,1,0
54577,0,0,0,0,0,0,0,1,0
54578,0,0,0,0,0,0,0,1,0
54579,0,0,0,0,0,0,0,1,0
54580,0,0,0,0,0,0,0,1,0
54581,0,0,0,0,0,0,0,1,0
54582,0,0,0,0,0,0,0,1,0
54583,0,0,0,0,0,0,0,1,0
54584,0,0,0,0,0,0,0,1,0
54585,0,0,0,0,0,0,0,1,0
54586,0,0,0,0,0,0,0,1,0
54587,0,0,0,0,0,0,0,1,0
54588,0,0,0,0,0,0,0,1,0
54589,0,0,0,0,0,0,0,1,0
54590,0,0,0,0,0,0,0,1,0
54591,0,0,0,0,0,0,0,1,0
54592,0,0,0,0,0,0,0,1,0
54593,0,0,0,0,0,0,0,1,0
54594,0,0,0,0,0,0,0,1,0
54595,0,0,0,0,0,0,0,1,0
54596,0,0,0,0,0,0,0,1,0
54597,0,0,0,0,0,0,0,1,0
54598,0,0,0,0,0,0,0,1,0
54599,0,0,0,0,0,0,0,1,0
54600,0,0,0,0,0,0,0,1,0
54601,0,0,0,0,0,0,0,1,0
54602,0,0,0,0,0,0,0,1,0
54603,0,0,0,0,0,0,0,1,0
54604,0,0,0,0,0,0,0,1,0
54605,0,0,0,0,0,0,0,1,0
54606,0,0,0,0,0,0,0,1,0
54607,0,0,0,0,0,0,0,1,0
54608,0,0,0,0,0,0,0,1,0
54609,0,0,0,0,0,0,0,1,0
54610,0,0,0,0,0,0,0,1,0
54611,0,0,0,0,0,0,0,1,0
54612,0,0,0,0,0,0,0,1,0
54613,0,0,0,0,0,0,0,1,0
54614,0,0,0,0,0,0,0,1,0
54615,0,0,0,0,0,0,0,1,0
54616,0,0,0,0,0,0,0,1,0
54617,0,0,0,0,0,0,0,1,0
54618,0,0,0,0,0,0,0,1,0
54619,0,0,0,0,0,0,0,1,0
54620,0,0,0,0,0,0,0,1,0
54621,0,0,0,0,0,0,0,1,0
54622,0,0,0,0,0,0,0,1,0
54623,0,0,0,0,0,0,0,1,0
54624,0,0,0,0,0,0,0,1,0
54625,0,0,0,0,0,0,0,1,0
54626,0,0,0,0,0,0,0,1,0
54627,0,0,0,0,0,0,0,1,0
54628,0,0,0,0,0,0,0,1,0
54629,0,0,0,0,0,0,0,1,0
54630,0,0,0,0,0,0,0,1,0
54631,0,0,0,0,0,0,0,1,0
54632,0,0,0,0,0,0,0,1,0
54633,0,0,0,0,0,0,0,1,0
54634,0,0,0,0,0,0,0,1,0
54635,0,0,0,0,0,0,0,1,0
54636,0,0,0,0,0,0,0,1,0
54637,0,0,0,0,0,0,0,1,0
54638,0,0,0,0,0,0,0,1,0
54639,0,0,0,0,0,0,0,1,0
54640,0,0,0,0,0,0,0,1,0
54641,0,0,0,0,0,0,0,1,0
54642,0,0,0,0,0,0,0,1,0
54643,0,0,0,0,0,0,0,1,0
54644,0,0,0,0,0,0,0,1,0
54645,0,0,0,0,0,0,0,1,0
54646,0,0,0,0,0,0,0,1,0
54647,0,0,0,0,0,0,0,1,0
54648,0,0,0,0,0,0,0,1,0
54649,0,0,0,0,0,0,0,1,0
54650,0,0,0,0,0,0,0,1,0
54651,0,0,0,0,0,0,0,1,0
54652,0,0,0,0,0,0,0,1,0
54653,0,0,0,0,0,0,0,1,0
54654,0,0,0,0,0,0,0,1,0
54655,0,0,0,0,0,0,0,1,0
54656,0,0,0,0,0,0,0,1,0
54657,0,0,0,0,0,0,0,1,0
54658,0,0,0,0,0,0,0,1,0
54659,0,0,0,0,0,0,0,1,0
54660,0,0,0,0,0,0,0,1,0
54661,0,0,0,0,0,0,0,1,0
54662,0,0,0,0,0,0,0,1,0
54663,0,0,0,0,0,0,0,1,0
54664,0,0,0,0,0,0,0,1,0
54665,0,0,0,0,0,0,0,1,0
54666,0,0,0,0,0,0,0,1,0
54667,0,0,0,0,0,0,0,1,0
54668,0,0,0,0,0,0,0,1,0
54669,0,0,0,0,0,0,0,1,0
54670,0,0,0,0,0,0,0,1,0
54671,0,0,0,0,0,0,0,1,0
54672,0,0,0,0,0,0,0,1,0
54673,0,0,0,0,0,0,0,1,0
54674,0,0,0,0,0,0,0,1,0
54675,0,0,0,0,0,0,0,1,0
54676,0,0,0,0,0,0,0,1,0
54677,0,0,0,0,0,0,0,1,0
54678,0,0,0,0,0,0,0,1,0
54679,0,0,0,0,0,0,0,1,0
54680,0,0,0,0,0,0,0,1,0
54681,0,0,0,0,0,0,0,1,0
54682,0,0,0,0,0,0,0,1,0
54683,0,0,0,0,0,0,0,1,0
54684,0,0,0,0,0,0,0,1,0
54685,0,0,0,0,0,0,0,1,0
54686,0,0,0,0,0,0,0,1,0
54687,0,0,0,0,0,0,0,1,0
54688,0,0,0,0,0,0,0,1,0
54689,0,0,0,0,0,0,0,1,0
54690,0,0,0,0,0,0,0,1,0
54691,0,0,0,0,0,0,0,1,0
54692,0,0,0,0,0,0,0,1,0
54693,0,0,0,0,0,0,0,1,0
54694,0,0,0,0,0,0,0,1,0
54695,0,0,0,0,0,0,0,1,0
54696,0,0,0,0,0,0,0,1,0
54697,0,0,0,0,0,0,0,1,0
54698,0,0,0,0,0,0,0,1,0
54699,0,0,0,0,0,0,0,1,0
54700,0,0,0,0,0,0,0,1,0
54701,0,0,0,0,0,0,0,1,0
54702,0,0,0,0,0,0,0,1,0
54703,0,0,0,0,0,0,0,1,0
54704,0,0,0,0,0,0,0,1,0
54705,0,0,0,0,0,0,0,1,0
54706,0,0,0,0,0,0,0,1,0
54707,0,0,0,0,0,0,0,1,0
54708,0,0,0,0,0,0,0,1,0
54709,0,0,0,0,0,0,0,1,0
54710,0,0,0,0,0,0,0,1,0
54711,0,0,0,0,0,0,0,1,0
54712,0,0,0,0,0,0,0,1,0
54713,0,0,0,0,0,0,0,1,0
54714,0,0,0,0,0,0,0,1,0
54715,0,0,0,0,0,0,0,1,0
54716,0,0,0,0,0,0,0,1,0
54717,0,0,0,0,0,0,0,1,0
54718,0,0,0,0,0,0,0,1,0
54719,0,0,0,0,0,0,0,1,0
54720,0,0,0,0,0,0,0,1,0
54721,0,0,0,0,0,0,0,1,0
54722,0,0,0,0,0,0,0,1,0
54723,0,0,0,0,0,0,0,1,0
54724,0,0,0,0,0,0,0,1,0
54725,0,0,0,0,0,0,0,1,0
54726,0,0,0,0,0,0,0,1,0
54727,0,0,0,0,0,0,0,1,0
54728,0,0,0,0,0,0,0,1,0
54729,0,0,0,0,0,0,0,1,0
54730,0,0,0,0,0,0,0,1,0
54731,0,0,0,0,0,0,0,1,0
54732,0,0,0,0,0,0,0,1,0
54733,0,0,0,0,0,0,0,1,0
54734,0,0,0,0,0,0,0,1,0
54735,0,0,0,0,0,0,0,1,0
54736,0,0,0,0,0,0,0,1,0
54737,0,0,0,0,0,0,0,1,0
54738,0,0,0,0,0,0,0,1,0
54739,0,0,0,0,0,0,0,1,0
54740,0,0,0,0,0,0,0,1,0
54741,0,0,0,0,0,0,0,1,0
54742,0,0,0,0,0,0,0,1,0
54743,0,0,0,0,0,0,0,1,0
54744,0,0,0,0,0,0,0,1,0
54745,0,0,0,0,0,0,0,1,0
54746,0,0,0,0,0,0,0,1,0
54747,0,0,0,0,0,0,0,1,0
54748,0,0,0,0,0,0,0,1,0
54749,0,0,0,0,0,0,0,1,0
54750,0,0,0,0,0,0,0,1,0
54751,0,0,0,0,0,0,0,1,0
54752,0,0,0,0,0,0,0,1,0
54753,0,0,0,0,0,0,0,1,0
54754,0,0,0,0,0,0,0,1,0
54755,0,0,0,0,0,0,0,1,0
54756,0,0,0,0,0,0,0,1,0
54757,0,0,0,0,0,0,0,1,0
54758,0,0,0,0,0,0,0,1,0
54759,0,0,0,0,0,0,0,1,0
54760,0,0,0,0,0,0,0,1,0
54761,0,0,0,0,0,0,0,1,0
54762,0,0,0,0,0,0,0,1,0
54763,0,0,0,0,0,0,0,1,0
54764,0,0,0,0,0,0,0,1,0
54765,0,0,0,0,0,0,0,1,0
54766,0,0,0,0,0,0,0,1,0
54767,0,0,0,0,0,0,0,1,0
54768,0,0,0,0,0,0,0,1,0
54769,0,0,0,0,0,0,0,1,0
54770,0,0,0,0,0,0,0,1,0
54771,0,0,0,0,0,0,0,1,0
54772,0,0,0,0,0,0,0,1,0
54773,0,0,0,0,0,0,0,1,0
54774,0,0,0,0,0,0,0,1,0
54775,0,0,0,0,0,0,0,1,0
54776,0,0,0,0,0,0,0,1,0
54777,0,0,0,0,0,0,0,1,0
54778,0,0,0,0,0,0,0,1,0
54779,0,0,0,0,0,0,0,1,0
54780,0,0,0,0,0,0,0,1,0
54781,0,0,0,0,0,0,0,1,0
54782,0,0,0,0,0,0,0,1,0
54783,0,0,0,0,0,0,0,1,0
54784,0,0,0,0,0,0,0,1,0
54785,0,0,0,0,0,0,0,1,0
54786,0,0,0,0,0,0,0,1,0
54787,0,0,0,0,0,0,0,1,0
54788,0,0,0,0,0,0,0,1,0
54789,0,0,0,0,0,0,0,1,0
54790,0,0,0,0,0,0,0,1,0
54791,0,0,0,0,0,0,0,1,0
54792,0,0,0,0,0,0,0,1,0
54793,0,0,0,0,0,0,0,1,0
54794,0,0,0,0,0,0,0,1,0
54795,0,0,0,0,0,0,0,1,0
54796,0,0,0,0,0,0,0,1,0
54797,0,0,0,0,0,0,0,1,0
54798,0,0,0,0,0,0,0,1,0
54799,0,0,0,0,0,0,0,1,0
54800,0,0,0,0,0,0,0,1,0
54801,0,0,0,0,0,0,0,1,0
54802,0,0,0,0,0,0,0,1,0
54803,0,0,0,0,0,0,0,1,0
54804,0,0,0,0,0,0,0,1,0
54805,0,0,0,0,0,0,0,1,0
54806,0,0,0,0,0,0,0,1,0
54807,0,0,0,0,0,0,0,1,0
54808,0,0,0,0,0,0,0,1,0
54809,0,0,0,0,0,0,0,1,0
54810,0,0,0,0,0,0,0,1,0
54811,0,0,0,0,0,0,0,1,0
54812,0,0,0,0,0,0,0,1,0
54813,0,0,0,0,0,0,0,1,0
54814,0,0,0,0,0,0,0,1,0
54815,0,0,0,0,0,0,0,1,0
54816,0,0,0,0,0,0,0,1,0
54817,0,0,0,0,0,0,0,1,0
54818,0,0,0,0,0,0,0,1,0
54819,0,0,0,0,0,0,0,1,0
54820,0,0,0,0,0,0,0,1,0
54821,0,0,0,0,0,0,0,1,0
54822,0,0,0,0,0,0,0,1,0
54823,0,0,0,0,0,0,0,1,0
54824,0,0,0,0,0,0,0,1,0
54825,0,0,0,0,0,0,0,1,0
54826,0,0,0,0,0,0,0,1,0
54827,0,0,0,0,0,0,0,1,0
54828,0,0,0,0,0,0,0,1,0
54829,0,0,0,0,0,0,0,1,0
54830,0,0,0,0,0,0,0,1,0
54831,0,0,0,0,0,0,0,1,0
54832,0,0,0,0,0,0,0,1,0
54833,0,0,0,0,0,0,0,1,0
54834,0,0,0,0,0,0,0,1,0
54835,0,0,0,0,0,0,0,1,0
54836,0,0,0,0,0,0,0,1,0
54837,0,0,0,0,0,0,0,1,0
54838,0,0,0,0,0,0,0,1,0
54839,0,0,0,0,0,0,0,1,0
54840,0,0,0,0,0,0,0,1,0
54841,0,0,0,0,0,0,0,1,0
54842,0,0,0,0,0,0,0,1,0
54843,0,0,0,0,0,0,0,1,0
54844,0,0,0,0,0,0,0,1,0
54845,0,0,0,0,0,0,0,1,0
54846,0,0,0,0,0,0,0,1,0
54847,0,0,0,0,0,0,0,1,0
54848,0,0,0,0,0,0,0,1,0
54849,0,0,0,0,0,0,0,1,0
54850,0,0,0,0,0,0,0,1,0
54851,0,0,0,0,0,0,0,1,0
54852,0,0,0,0,0,0,0,1,0
54853,0,0,0,0,0,0,0,1,0
54854,0,0,0,0,0,0,0,1,0
54855,0,0,0,0,0,0,0,1,0
54856,0,0,0,0,0,0,0,1,0
54857,0,0,0,0,0,0,0,1,0
54858,0,0,0,0,0,0,0,1,0
54859,0,0,0,0,0,0,0,1,0
54860,0,0,0,0,0,0,0,1,0
54861,0,0,0,0,0,0,0,1,0
54862,0,0,0,0,0,0,0,1,0
54863,0,0,0,0,0,0,0,1,0
54864,0,0,0,0,0,0,0,1,0
54865,0,0,0,0,0,0,0,1,0
54866,0,0,0,0,0,0,0,1,0
54867,0,0,0,0,0,0,0,1,0
54868,0,0,0,0,0,0,0,1,0
54869,0,0,0,0,0,0,0,1,0
54870,0,0,0,0,0,0,0,1,0
54871,0,0,0,0,0,0,0,1,0
54872,0,0,0,0,0,0,0,1,0
54873,0,0,0,0,0,0,0,1,0
54874,0,0,0,0,0,0,0,1,0
54875,0,0,0,0,0,0,0,1,0
54876,0,0,0,0,0,0,0,1,0
54877,0,0,0,0,0,0,0,1,0
54878,0,0,0,0,0,0,0,1,0
54879,0,0,0,0,0,0,0,1,0
54880,0,0,0,0,0,0,0,1,0
54881,0,0,0,0,0,0,0,1,0
54882,0,0,0,0,0,0,0,1,0
54883,0,0,0,0,0,0,0,1,0
54884,0,0,0,0,0,0,0,1,0
54885,0,0,0,0,0,0,0,1,0
54886,0,0,0,0,0,0,0,1,0
54887,0,0,0,0,0,0,0,1,0
54888,0,0,0,0,0,0,0,1,0
54889,0,0,0,0,0,0,0,1,0
54890,0,0,0,0,0,0,0,1,0
54891,0,0,0,0,0,0,0,1,0
54892,0,0,0,0,0,0,0,1,0
54893,0,0,0,0,0,0,0,1,0
54894,0,0,0,0,0,0,0,1,0
54895,0,0,0,0,0,0,0,1,0
54896,0,0,0,0,0,0,0,1,0
54897,0,0,0,0,0,0,0,1,0
54898,0,0,0,0,0,0,0,1,0
54899,0,0,0,0,0,0,0,1,0
54900,0,0,0,0,0,0,0,1,0
54901,0,0,0,0,0,0,0,1,0
54902,0,0,0,0,0,0,0,1,0
54903,0,0,0,0,0,0,0,1,0
54904,0,0,0,0,0,0,0,1,0
54905,0,0,0,0,0,0,0,1,0
54906,0,0,0,0,0,0,0,1,0
54907,0,0,0,0,0,0,0,1,0
54908,0,0,0,0,0,0,0,1,0
54909,0,0,0,0,0,0,0,1,0
54910,0,0,0,0,0,0,0,1,0
54911,0,0,0,0,0,0,0,1,0
54912,0,0,0,0,0,0,0,1,0
54913,0,0,0,0,0,0,0,1,0
54914,0,0,0,0,0,0,0,1,0
54915,0,0,0,0,0,0,0,1,0
54916,0,0,0,0,0,0,0,1,0
54917,0,0,0,0,0,0,0,1,0
54918,0,0,0,0,0,0,0,1,0
54919,0,0,0,0,0,0,0,1,0
54920,0,0,0,0,0,0,0,1,0
54921,0,0,0,0,0,0,0,1,0
54922,0,0,0,0,0,0,0,1,0
54923,0,0,0,0,0,0,0,1,0
54924,0,0,0,0,0,0,0,1,0
54925,0,0,0,0,0,0,0,1,0
54926,0,0,0,0,0,0,0,1,0
54927,0,0,0,0,0,0,0,1,0
54928,0,0,0,0,0,0,0,1,0
54929,0,0,0,0,0,0,0,1,0
54930,0,0,0,0,0,0,0,1,0
54931,0,0,0,0,0,0,0,1,0
54932,0,0,0,0,0,0,0,1,0
54933,0,0,0,0,0,0,0,1,0
54934,0,0,0,0,0,0,0,1,0
54935,0,0,0,0,0,0,0,1,0
54936,0,0,0,0,0,0,0,1,0
54937,0,0,0,0,0,0,0,1,0
54938,0,0,0,0,0,0,0,1,0
54939,0,0,0,0,0,0,0,1,0
54940,0,0,0,0,0,0,0,1,0
54941,0,0,0,0,0,0,0,1,0
54942,0,0,0,0,0,0,0,1,0
54943,0,0,0,0,0,0,0,1,0
54944,0,0,0,0,0,0,0,1,0
54945,0,0,0,0,0,0,0,1,0
54946,0,0,0,0,0,0,0,1,0
54947,0,0,0,0,0,0,0,1,0
54948,0,0,0,0,0,0,0,1,0
54949,0,0,0,0,0,0,0,1,0
54950,0,0,0,0,0,0,0,1,0
54951,0,0,0,0,0,0,0,1,0
54952,0,0,0,0,0,0,0,1,0
54953,0,0,0,0,0,0,0,1,0
54954,0,0,0,0,0,0,0,1,0
54955,0,0,0,0,0,0,0,1,0
54956,0,0,0,0,0,0,0,1,0
54957,0,0,0,0,0,0,0,1,0
54958,0,0,0,0,0,0,0,1,0
54959,0,0,0,0,0,0,0,1,0
54960,0,0,0,0,0,0,0,1,0
54961,0,0,0,0,0,0,0,1,0
54962,0,0,0,0,0,0,0,1,0
54963,0,0,0,0,0,0,0,1,0
54964,0,0,0,0,0,0,0,1,0
54965,0,0,0,0,0,0,0,1,0
54966,0,0,0,0,0,0,0,1,0
54967,0,0,0,0,0,0,0,1,0
54968,0,0,0,0,0,0,0,1,0
54969,0,0,0,0,0,0,0,1,0
54970,0,0,0,0,0,0,0,1,0
54971,0,0,0,0,0,0,0,1,0
54972,0,0,0,0,0,0,0,1,0
54973,0,0,0,0,0,0,0,1,0
54974,0,0,0,0,0,0,0,1,0
54975,0,0,0,0,0,0,0,1,0
54976,0,0,0,0,0,0,0,1,0
54977,0,0,0,0,0,0,0,1,0
54978,0,0,0,0,0,0,0,1,0
54979,0,0,0,0,0,0,0,1,0
54980,0,0,0,0,0,0,0,1,0
54981,0,0,0,0,0,0,0,1,0
54982,0,0,0,0,0,0,0,1,0
54983,0,0,0,0,0,0,0,1,0
54984,0,0,0,0,0,0,0,1,0
54985,0,0,0,0,0,0,0,1,0
54986,0,0,0,0,0,0,0,1,0
54987,0,0,0,0,0,0,0,1,0
54988,0,0,0,0,0,0,0,1,0
54989,0,0,0,0,0,0,0,1,0
54990,0,0,0,0,0,0,0,1,0
54991,0,0,0,0,0,0,0,1,0
54992,0,0,0,0,0,0,0,1,0
54993,0,0,0,0,0,0,0,1,0
54994,0,0,0,0,0,0,0,1,0
54995,0,0,0,0,0,0,0,1,0
54996,0,0,0,0,0,0,0,1,0
54997,0,0,0,0,0,0,0,1,0
54998,0,0,0,0,0,0,0,1,0
54999,0,0,0,0,0,0,0,1,0
55000,0,0,0,0,0,0,0,1,0
55001,0,0,0,0,0,0,0,1,0
55002,0,0,0,0,0,0,0,1,0
55003,0,0,0,0,0,0,0,1,0
55004,0,0,0,0,0,0,0,1,0
55005,0,0,0,0,0,0,0,1,0
55006,0,0,0,0,0,0,0,1,0
55007,0,0,0,0,0,0,0,1,0
55008,0,0,0,0,0,0,0,1,0
55009,0,0,0,0,0,0,0,1,0
55010,0,0,0,0,0,0,0,1,0
55011,0,0,0,0,0,0,0,1,0
55012,0,0,0,0,0,0,0,1,0
55013,0,0,0,0,0,0,0,1,0
55014,0,0,0,0,0,0,0,1,0
55015,0,0,0,0,0,0,0,1,0
55016,0,0,0,0,0,0,0,1,0
55017,0,0,0,0,0,0,0,1,0
55018,0,0,0,0,0,0,0,1,0
55019,0,0,0,0,0,0,0,1,0
55020,0,0,0,0,0,0,0,1,0
55021,0,0,0,0,0,0,0,1,0
55022,0,0,0,0,0,0,0,1,0
55023,0,0,0,0,0,0,0,1,0
55024,0,0,0,0,0,0,0,1,0
55025,0,0,0,0,0,0,0,1,0
55026,0,0,0,0,0,0,0,1,0
55027,0,0,0,0,0,0,0,1,0
55028,0,0,0,0,0,0,0,1,0
55029,0,0,0,0,0,0,0,1,0
55030,0,0,0,0,0,0,0,1,0
55031,0,0,0,0,0,0,0,1,0
55032,0,0,0,0,0,0,0,1,0
55033,0,0,0,0,0,0,0,1,0
55034,0,0,0,0,0,0,0,1,0
55035,0,0,0,0,0,0,0,1,0
55036,0,0,0,0,0,0,0,1,0
55037,0,0,0,0,0,0,0,1,0
55038,0,0,0,0,0,0,0,1,0
55039,0,0,0,0,0,0,0,1,0
55040,0,0,0,0,0,0,0,1,0
55041,0,0,0,0,0,0,0,1,0
55042,0,0,0,0,0,0,0,1,0
55043,0,0,0,0,0,0,0,1,0
55044,0,0,0,0,0,0,0,1,0
55045,0,0,0,0,0,0,0,1,0
55046,0,0,0,0,0,0,0,1,0
55047,0,0,0,0,0,0,0,1,0
55048,0,0,0,0,0,0,0,1,0
55049,0,0,0,0,0,0,0,1,0
55050,0,0,0,0,0,0,0,1,0
55051,0,0,0,0,0,0,0,1,0
55052,0,0,0,0,0,0,0,1,0
55053,0,0,0,0,0,0,0,1,0
55054,0,0,0,0,0,0,0,1,0
55055,0,0,0,0,0,0,0,1,0
55056,0,0,0,0,0,0,0,1,0
55057,0,0,0,0,0,0,0,1,0
55058,0,0,0,0,0,0,0,1,0
55059,0,0,0,0,0,0,0,1,0
55060,0,0,0,0,0,0,0,1,0
55061,0,0,0,0,0,0,0,1,0
55062,0,0,0,0,0,0,0,1,0
55063,0,0,0,0,0,0,0,1,0
55064,0,0,0,0,0,0,0,1,0
55065,0,0,0,0,0,0,0,1,0
55066,0,0,0,0,0,0,0,1,0
55067,0,0,0,0,0,0,0,1,0
55068,0,0,0,0,0,0,0,1,0
55069,0,0,0,0,0,0,0,1,0
55070,0,0,0,0,0,0,0,1,0
55071,0,0,0,0,0,0,0,1,0
55072,0,0,0,0,0,0,0,1,0
55073,0,0,0,0,0,0,0,1,0
55074,0,0,0,0,0,0,0,1,0
55075,0,0,0,0,0,0,0,1,0
55076,0,0,0,0,0,0,0,1,0
55077,0,0,0,0,0,0,0,1,0
55078,0,0,0,0,0,0,0,1,0
55079,0,0,0,0,0,0,0,1,0
55080,0,0,0,0,0,0,0,1,0
55081,0,0,0,0,0,0,0,1,0
55082,0,0,0,0,0,0,0,1,0
55083,0,0,0,0,0,0,0,1,0
55084,0,0,0,0,0,0,0,1,0
55085,0,0,0,0,0,0,0,1,0
55086,0,0,0,0,0,0,0,1,0
55087,0,0,0,0,0,0,0,1,0
55088,0,0,0,0,0,0,0,1,0
55089,0,0,0,0,0,0,0,1,0
55090,0,0,0,0,0,0,0,1,0
55091,0,0,0,0,0,0,0,1,0
55092,0,0,0,0,0,0,0,1,0
55093,0,0,0,0,0,0,0,1,0
55094,0,0,0,0,0,0,0,1,0
55095,0,0,0,0,0,0,0,1,0
55096,0,0,0,0,0,0,0,1,0
55097,0,0,0,0,0,0,0,1,0
55098,0,0,0,0,0,0,0,1,0
55099,0,0,0,0,0,0,0,1,0
55100,0,0,0,0,0,0,0,1,0
55101,0,0,0,0,0,0,0,1,0
55102,0,0,0,0,0,0,0,1,0
55103,0,0,0,0,0,0,0,1,0
55104,0,0,0,0,0,0,0,1,0
55105,0,0,0,0,0,0,0,1,0
55106,0,0,0,0,0,0,0,1,0
55107,0,0,0,0,0,0,0,1,0
55108,0,0,0,0,0,0,0,1,0
55109,0,0,0,0,0,0,0,1,0
55110,0,0,0,0,0,0,0,1,0
55111,0,0,0,0,0,0,0,1,0
55112,0,0,0,0,0,0,0,1,0
55113,0,0,0,0,0,0,0,1,0
55114,0,0,0,0,0,0,0,1,0
55115,0,0,0,0,0,0,0,1,0
55116,0,0,0,0,0,0,0,1,0
55117,0,0,0,0,0,0,0,1,0
55118,0,0,0,0,0,0,0,1,0
55119,0,0,0,0,0,0,0,1,0
55120,0,0,0,0,0,0,0,1,0
55121,0,0,0,0,0,0,0,1,0
55122,0,0,0,0,0,0,0,1,0
55123,0,0,0,0,0,0,0,1,0
55124,0,0,0,0,0,0,0,1,0
55125,0,0,0,0,0,0,0,1,0
55126,0,0,0,0,0,0,0,1,0
55127,0,0,0,0,0,0,0,1,0
55128,0,0,0,0,0,0,0,1,0
55129,0,0,0,0,0,0,0,1,0
55130,0,0,0,0,0,0,0,1,0
55131,0,0,0,0,0,0,0,1,0
55132,0,0,0,0,0,0,0,1,0
55133,0,0,0,0,0,0,0,1,0
55134,0,0,0,0,0,0,0,1,0
55135,0,0,0,0,0,0,0,1,0
55136,0,0,0,0,0,0,0,1,0
55137,0,0,0,0,0,0,0,1,0
55138,0,0,0,0,0,0,0,1,0
55139,0,0,0,0,0,0,0,1,0
55140,0,0,0,0,0,0,0,1,0
55141,0,0,0,0,0,0,0,1,0
55142,0,0,0,0,0,0,0,1,0
55143,0,0,0,0,0,0,0,1,0
55144,0,0,0,0,0,0,0,1,0
55145,0,0,0,0,0,0,0,1,0
55146,0,0,0,0,0,0,0,1,0
55147,0,0,0,0,0,0,0,1,0
55148,0,0,0,0,0,0,0,1,0
55149,0,0,0,0,0,0,0,1,0
55150,0,0,0,0,0,0,0,1,0
55151,0,0,0,0,0,0,0,1,0
55152,0,0,0,0,0,0,0,1,0
55153,0,0,0,0,0,0,0,1,0
55154,0,0,0,0,0,0,0,1,0
55155,0,0,0,0,0,0,0,1,0
55156,0,0,0,0,0,0,0,1,0
55157,0,0,0,0,0,0,0,1,0
55158,0,0,0,0,0,0,0,1,0
55159,0,0,0,0,0,0,0,1,0
55160,0,0,0,0,0,0,0,1,0
55161,0,0,0,0,0,0,0,1,0
55162,0,0,0,0,0,0,0,1,0
55163,0,0,0,0,0,0,0,1,0
55164,0,0,0,0,0,0,0,1,0
55165,0,0,0,0,0,0,0,1,0
55166,0,0,0,0,0,0,0,1,0
55167,0,0,0,0,0,0,0,1,0
55168,0,0,0,0,0,0,0,1,0
55169,0,0,0,0,0,0,0,1,0
55170,0,0,0,0,0,0,0,1,0
55171,0,0,0,0,0,0,0,1,0
55172,0,0,0,0,0,0,0,1,0
55173,0,0,0,0,0,0,0,1,0
55174,0,0,0,0,0,0,0,1,0
55175,0,0,0,0,0,0,0,1,0
55176,0,0,0,0,0,0,0,1,0
55177,0,0,0,0,0,0,0,1,0
55178,0,0,0,0,0,0,0,1,0
55179,0,0,0,0,0,0,0,1,0
55180,0,0,0,0,0,0,0,1,0
55181,0,0,0,0,0,0,0,1,0
55182,0,0,0,0,0,0,0,1,0
55183,0,0,0,0,0,0,0,1,0
55184,0,0,0,0,0,0,0,1,0
55185,0,0,0,0,0,0,0,1,0
55186,0,0,0,0,0,0,0,1,0
55187,0,0,0,0,0,0,0,1,0
55188,0,0,0,0,0,0,0,1,0
55189,0,0,0,0,0,0,0,1,0
55190,0,0,0,0,0,0,0,1,0
55191,0,0,0,0,0,0,0,1,0
55192,0,0,0,0,0,0,0,1,0
55193,0,0,0,0,0,0,0,1,0
55194,0,0,0,0,0,0,0,1,0
55195,0,0,0,0,0,0,0,1,0
55196,0,0,0,0,0,0,0,1,0
55197,0,0,0,0,0,0,0,1,0
55198,0,0,0,0,0,0,0,1,0
55199,0,0,0,0,0,0,0,1,0
55200,0,0,0,0,0,0,0,1,0
55201,0,0,0,0,0,0,0,1,0
55202,0,0,0,0,0,0,0,1,0
55203,0,0,0,0,0,0,0,1,0
55204,0,0,0,0,0,0,0,1,0
55205,0,0,0,0,0,0,0,1,0
55206,0,0,0,0,0,0,0,1,0
55207,0,0,0,0,0,0,0,1,0
55208,0,0,0,0,0,0,0,1,0
55209,0,0,0,0,0,0,0,1,0
55210,0,0,0,0,0,0,0,1,0
55211,0,0,0,0,0,0,0,1,0
55212,0,0,0,0,0,0,0,1,0
55213,0,0,0,0,0,0,0,1,0
55214,0,0,0,0,0,0,0,1,0
55215,0,0,0,0,0,0,0,1,0
55216,0,0,0,0,0,0,0,1,0
55217,0,0,0,0,0,0,0,1,0
55218,0,0,0,0,0,0,0,1,0
55219,0,0,0,0,0,0,0,1,0
55220,0,0,0,0,0,0,0,1,0
55221,0,0,0,0,0,0,0,1,0
55222,0,0,0,0,0,0,0,1,0
55223,0,0,0,0,0,0,0,1,0
55224,0,0,0,0,0,0,0,1,0
55225,0,0,0,0,0,0,0,1,0
55226,0,0,0,0,0,0,0,1,0
55227,0,0,0,0,0,0,0,1,0
55228,0,0,0,0,0,0,0,1,0
55229,0,0,0,0,0,0,0,1,0
55230,0,0,0,0,0,0,0,1,0
55231,0,0,0,0,0,0,0,1,0
55232,0,0,0,0,0,0,0,1,0
55233,0,0,0,0,0,0,0,1,0
55234,0,0,0,0,0,0,0,1,0
55235,0,0,0,0,0,0,0,1,0
55236,0,0,0,0,0,0,0,1,0
55237,0,0,0,0,0,0,0,1,0
55238,0,0,0,0,0,0,0,1,0
55239,0,0,0,0,0,0,0,1,0
55240,0,0,0,0,0,0,0,1,0
55241,0,0,0,0,0,0,0,1,0
55242,0,0,0,0,0,0,0,1,0
55243,0,0,0,0,0,0,0,1,0
55244,0,0,0,0,0,0,0,1,0
55245,0,0,0,0,0,0,0,1,0
55246,0,0,0,0,0,0,0,1,0
55247,0,0,0,0,0,0,0,1,0
55248,0,0,0,0,0,0,0,1,0
55249,0,0,0,0,0,0,0,1,0
55250,0,0,0,0,0,0,0,1,0
55251,0,0,0,0,0,0,0,1,0
55252,0,0,0,0,0,0,0,1,0
55253,0,0,0,0,0,0,0,1,0
55254,0,0,0,0,0,0,0,1,0
55255,0,0,0,0,0,0,0,1,0
55256,0,0,0,0,0,0,0,1,0
55257,0,0,0,0,0,0,0,1,0
55258,0,0,0,0,0,0,0,1,0
55259,0,0,0,0,0,0,0,1,0
55260,0,0,0,0,0,0,0,1,0
55261,0,0,0,0,0,0,0,1,0
55262,0,0,0,0,0,0,0,1,0
55263,0,0,0,0,0,0,0,1,0
55264,0,0,0,0,0,0,0,1,0
55265,0,0,0,0,0,0,0,1,0
55266,0,0,0,0,0,0,0,1,0
55267,0,0,0,0,0,0,0,1,0
55268,0,0,0,0,0,0,0,1,0
55269,0,0,0,0,0,0,0,1,0
55270,0,0,0,0,0,0,0,1,0
55271,0,0,0,0,0,0,0,1,0
55272,0,0,0,0,0,0,0,1,0
55273,0,0,0,0,0,0,0,1,0
55274,0,0,0,0,0,0,0,1,0
55275,0,0,0,0,0,0,0,1,0
55276,0,0,0,0,0,0,0,1,0
55277,0,0,0,0,0,0,0,1,0
55278,0,0,0,0,0,0,0,1,0
55279,0,0,0,0,0,0,0,1,0
55280,0,0,0,0,0,0,0,1,0
55281,0,0,0,0,0,0,0,1,0
55282,0,0,0,0,0,0,0,1,0
55283,0,0,0,0,0,0,0,1,0
55284,0,0,0,0,0,0,0,1,0
55285,0,0,0,0,0,0,0,1,0
55286,0,0,0,0,0,0,0,1,0
55287,0,0,0,0,0,0,0,1,0
55288,0,0,0,0,0,0,0,1,0
55289,0,0,0,0,0,0,0,1,0
55290,0,0,0,0,0,0,0,1,0
55291,0,0,0,0,0,0,0,1,0
55292,0,0,0,0,0,0,0,1,0
55293,0,0,0,0,0,0,0,1,0
55294,0,0,0,0,0,0,0,1,0
55295,0,0,0,0,0,0,0,1,0
55296,0,0,0,0,0,0,0,1,0
55297,0,0,0,0,0,0,0,1,0
55298,0,0,0,0,0,0,0,1,0
55299,0,0,0,0,0,0,0,1,0
55300,0,0,0,0,0,0,0,1,0
55301,0,0,0,0,0,0,0,1,0
55302,0,0,0,0,0,0,0,1,0
55303,0,0,0,0,0,0,0,1,0
55304,0,0,0,0,0,0,0,1,0
55305,0,0,0,0,0,0,0,1,0
55306,0,0,0,0,0,0,0,1,0
55307,0,0,0,0,0,0,0,1,0
55308,0,0,0,0,0,0,0,1,0
55309,0,0,0,0,0,0,0,1,0
55310,0,0,0,0,0,0,0,1,0
55311,0,0,0,0,0,0,0,1,0
55312,0,0,0,0,0,0,0,1,0
55313,0,0,0,0,0,0,0,1,0
55314,0,0,0,0,0,0,0,1,0
55315,0,0,0,0,0,0,0,1,0
55316,0,0,0,0,0,0,0,1,0
55317,0,0,0,0,0,0,0,1,0
55318,0,0,0,0,0,0,0,1,0
55319,0,0,0,0,0,0,0,1,0
55320,0,0,0,0,0,0,0,1,0
55321,0,0,0,0,0,0,0,1,0
55322,0,0,0,0,0,0,0,1,0
55323,0,0,0,0,0,0,0,1,0
55324,0,0,0,0,0,0,0,1,0
55325,0,0,0,0,0,0,0,1,0
55326,0,0,0,0,0,0,0,1,0
55327,0,0,0,0,0,0,0,1,0
55328,0,0,0,0,0,0,0,1,0
55329,0,0,0,0,0,0,0,1,0
55330,0,0,0,0,0,0,0,1,0
55331,0,0,0,0,0,0,0,1,0
55332,0,0,0,0,0,0,0,1,0
55333,0,0,0,0,0,0,0,1,0
55334,0,0,0,0,0,0,0,1,0
55335,0,0,0,0,0,0,0,1,0
55336,0,0,0,0,0,0,0,1,0
55337,0,0,0,0,0,0,0,1,0
55338,0,0,0,0,0,0,0,1,0
55339,0,0,0,0,0,0,0,1,0
55340,0,0,0,0,0,0,0,1,0
55341,0,0,0,0,0,0,0,1,0
55342,0,0,0,0,0,0,0,1,0
55343,0,0,0,0,0,0,0,1,0
55344,0,0,0,0,0,0,0,1,0
55345,0,0,0,0,0,0,0,1,0
55346,0,0,0,0,0,0,0,1,0
55347,0,0,0,0,0,0,0,1,0
55348,0,0,0,0,0,0,0,1,0
55349,0,0,0,0,0,0,0,1,0
55350,0,0,0,0,0,0,0,1,0
55351,0,0,0,0,0,0,0,1,0
55352,0,0,0,0,0,0,0,1,0
55353,0,0,0,0,0,0,0,1,0
55354,0,0,0,0,0,0,0,1,0
55355,0,0,0,0,0,0,0,1,0
55356,0,0,0,0,0,0,0,1,0
55357,0,0,0,0,0,0,0,1,0
55358,0,0,0,0,0,0,0,1,0
55359,0,0,0,0,0,0,0,1,0
55360,0,0,0,0,0,0,0,1,0
55361,0,0,0,0,0,0,0,1,0
55362,0,0,0,0,0,0,0,1,0
55363,0,0,0,0,0,0,0,1,0
55364,0,0,0,0,0,0,0,1,0
55365,0,0,0,0,0,0,0,1,0
55366,0,0,0,0,0,0,0,1,0
55367,0,0,0,0,0,0,0,1,0
55368,0,0,0,0,0,0,0,1,0
55369,0,0,0,0,0,0,0,1,0
55370,0,0,0,0,0,0,0,1,0
55371,0,0,0,0,0,0,0,1,0
55372,0,0,0,0,0,0,0,1,0
55373,0,0,0,0,0,0,0,1,0
55374,0,0,0,0,0,0,0,1,0
55375,0,0,0,0,0,0,0,1,0
55376,0,0,0,0,0,0,0,1,0
55377,0,0,0,0,0,0,0,1,0
55378,0,0,0,0,0,0,0,1,0
55379,0,0,0,0,0,0,0,1,0
55380,0,0,0,0,0,0,0,1,0
55381,0,0,0,0,0,0,0,1,0
55382,0,0,0,0,0,0,0,1,0
55383,0,0,0,0,0,0,0,1,0
55384,0,0,0,0,0,0,0,1,0
55385,0,0,0,0,0,0,0,1,0
55386,0,0,0,0,0,0,0,1,0
55387,0,0,0,0,0,0,0,1,0
55388,0,0,0,0,0,0,0,1,0
55389,0,0,0,0,0,0,0,1,0
55390,0,0,0,0,0,0,0,1,0
55391,0,0,0,0,0,0,0,1,0
55392,0,0,0,0,0,0,0,1,0
55393,0,0,0,0,0,0,0,1,0
55394,0,0,0,0,0,0,0,1,0
55395,0,0,0,0,0,0,0,1,0
55396,0,0,0,0,0,0,0,1,0
55397,0,0,0,0,0,0,0,1,0
55398,0,0,0,0,0,0,0,1,0
55399,0,0,0,0,0,0,0,1,0
55400,0,0,0,0,0,0,0,1,0
55401,0,0,0,0,0,0,0,1,0
55402,0,0,0,0,0,0,0,1,0
55403,0,0,0,0,0,0,0,1,0
55404,0,0,0,0,0,0,0,1,0
55405,0,0,0,0,0,0,0,1,0
55406,0,0,0,0,0,0,0,1,0
55407,0,0,0,0,0,0,0,1,0
55408,0,0,0,0,0,0,0,1,0
55409,0,0,0,0,0,0,0,1,0
55410,0,0,0,0,0,0,0,1,0
55411,0,0,0,0,0,0,0,1,0
55412,0,0,0,0,0,0,0,1,0
55413,0,0,0,0,0,0,0,1,0
55414,0,0,0,0,0,0,0,1,0
55415,0,0,0,0,0,0,0,1,0
55416,0,0,0,0,0,0,0,1,0
55417,0,0,0,0,0,0,0,1,0
55418,0,0,0,0,0,0,0,1,0
55419,0,0,0,0,0,0,0,1,0
55420,0,0,0,0,0,0,0,1,0
55421,0,0,0,0,0,0,0,1,0
55422,0,0,0,0,0,0,0,1,0
55423,0,0,0,0,0,0,0,1,0
55424,0,0,0,0,0,0,0,1,0
55425,0,0,0,0,0,0,0,1,0
55426,0,0,0,0,0,0,0,1,0
55427,0,0,0,0,0,0,0,1,0
55428,0,0,0,0,0,0,0,1,0
55429,0,0,0,0,0,0,0,1,0
55430,0,0,0,0,0,0,0,1,0
55431,0,0,0,0,0,0,0,1,0
55432,0,0,0,0,0,0,0,1,0
55433,0,0,0,0,0,0,0,1,0
55434,0,0,0,0,0,0,0,1,0
55435,0,0,0,0,0,0,0,1,0
55436,0,0,0,0,0,0,0,1,0
55437,0,0,0,0,0,0,0,1,0
55438,0,0,0,0,0,0,0,1,0
55439,0,0,0,0,0,0,0,1,0
55440,0,0,0,0,0,0,0,1,0
55441,0,0,0,0,0,0,0,1,0
55442,0,0,0,0,0,0,0,1,0
55443,0,0,0,0,0,0,0,1,0
55444,0,0,0,0,0,0,0,1,0
55445,0,0,0,0,0,0,0,1,0
55446,0,0,0,0,0,0,0,1,0
55447,0,0,0,0,0,0,0,1,0
55448,0,0,0,0,0,0,0,1,0
55449,0,0,0,0,0,0,0,1,0
55450,0,0,0,0,0,0,0,1,0
55451,0,0,0,0,0,0,0,1,0
55452,0,0,0,0,0,0,0,1,0
55453,0,0,0,0,0,0,0,1,0
55454,0,0,0,0,0,0,0,1,0
55455,0,0,0,0,0,0,0,1,0
55456,0,0,0,0,0,0,0,1,0
55457,0,0,0,0,0,0,0,1,0
55458,0,0,0,0,0,0,0,1,0
55459,0,0,0,0,0,0,0,1,0
55460,0,0,0,0,0,0,0,1,0
55461,0,0,0,0,0,0,0,1,0
55462,0,0,0,0,0,0,0,1,0
55463,0,0,0,0,0,0,0,1,0
55464,0,0,0,0,0,0,0,1,0
55465,0,0,0,0,0,0,0,1,0
55466,0,0,0,0,0,0,0,1,0
55467,0,0,0,0,0,0,0,1,0
55468,0,0,0,0,0,0,0,1,0
55469,0,0,0,0,0,0,0,1,0
55470,0,0,0,0,0,0,0,1,0
55471,0,0,0,0,0,0,0,1,0
55472,0,0,0,0,0,0,0,1,0
55473,0,0,0,0,0,0,0,1,0
55474,0,0,0,0,0,0,0,1,0
55475,0,0,0,0,0,0,0,1,0
55476,0,0,0,0,0,0,0,1,0
55477,0,0,0,0,0,0,0,1,0
55478,0,0,0,0,0,0,0,1,0
55479,0,0,0,0,0,0,0,1,0
55480,0,0,0,0,0,0,0,1,0
55481,0,0,0,0,0,0,0,1,0
55482,0,0,0,0,0,0,0,1,0
55483,0,0,0,0,0,0,0,1,0
55484,0,0,0,0,0,0,0,1,0
55485,0,0,0,0,0,0,0,1,0
55486,0,0,0,0,0,0,0,1,0
55487,0,0,0,0,0,0,0,1,0
55488,0,0,0,0,0,0,0,1,0
55489,0,0,0,0,0,0,0,1,0
55490,0,0,0,0,0,0,0,1,0
55491,0,0,0,0,0,0,0,1,0
55492,0,0,0,0,0,0,0,1,0
55493,0,0,0,0,0,0,0,1,0
55494,0,0,0,0,0,0,0,1,0
55495,0,0,0,0,0,0,0,1,0
55496,0,0,0,0,0,0,0,1,0
55497,0,0,0,0,0,0,0,1,0
55498,0,0,0,0,0,0,0,1,0
55499,0,0,0,0,0,0,0,1,0
55500,0,0,0,0,0,0,0,1,0
55501,0,0,0,0,0,0,0,1,0
55502,0,0,0,0,0,0,0,1,0
55503,0,0,0,0,0,0,0,1,0
55504,0,0,0,0,0,0,0,1,0
55505,0,0,0,0,0,0,0,1,0
55506,0,0,0,0,0,0,0,1,0
55507,0,0,0,0,0,0,0,1,0
55508,0,0,0,0,0,0,0,1,0
55509,0,0,0,0,0,0,0,1,0
55510,0,0,0,0,0,0,0,1,0
55511,0,0,0,0,0,0,0,1,0
55512,0,0,0,0,0,0,0,1,0
55513,0,0,0,0,0,0,0,1,0
55514,0,0,0,0,0,0,0,1,0
55515,0,0,0,0,0,0,0,1,0
55516,0,0,0,0,0,0,0,1,0
55517,0,0,0,0,0,0,0,1,0
55518,0,0,0,0,0,0,0,1,0
55519,0,0,0,0,0,0,0,1,0
55520,0,0,0,0,0,0,0,1,0
55521,0,0,0,0,0,0,0,1,0
55522,0,0,0,0,0,0,0,1,0
55523,0,0,0,0,0,0,0,1,0
55524,0,0,0,0,0,0,0,1,0
55525,0,0,0,0,0,0,0,1,0
55526,0,0,0,0,0,0,0,1,0
55527,0,0,0,0,0,0,0,1,0
55528,0,0,0,0,0,0,0,1,0
55529,0,0,0,0,0,0,0,1,0
55530,0,0,0,0,0,0,0,1,0
55531,0,0,0,0,0,0,0,1,0
55532,0,0,0,0,0,0,0,1,0
55533,0,0,0,0,0,0,0,1,0
55534,0,0,0,0,0,0,0,1,0
55535,0,0,0,0,0,0,0,1,0
55536,0,0,0,0,0,0,0,1,0
55537,0,0,0,0,0,0,0,1,0
55538,0,0,0,0,0,0,0,1,0
55539,0,0,0,0,0,0,0,1,0
55540,0,0,0,0,0,0,0,1,0
55541,0,0,0,0,0,0,0,1,0
55542,0,0,0,0,0,0,0,1,0
55543,0,0,0,0,0,0,0,1,0
55544,0,0,0,0,0,0,0,1,0
55545,0,0,0,0,0,0,0,1,0
55546,0,0,0,0,0,0,0,1,0
55547,0,0,0,0,0,0,0,1,0
55548,0,0,0,0,0,0,0,1,0
55549,0,0,0,0,0,0,0,1,0
55550,0,0,0,0,0,0,0,1,0
55551,0,0,0,0,0,0,0,1,0
55552,0,0,0,0,0,0,0,1,0
55553,0,0,0,0,0,0,0,1,0
55554,0,0,0,0,0,0,0,1,0
55555,0,0,0,0,0,0,0,1,0
55556,0,0,0,0,0,0,0,1,0
55557,0,0,0,0,0,0,0,1,0
55558,0,0,0,0,0,0,0,1,0
55559,0,0,0,0,0,0,0,1,0
55560,0,0,0,0,0,0,0,1,0
55561,0,0,0,0,0,0,0,1,0
55562,0,0,0,0,0,0,0,1,0
55563,0,0,0,0,0,0,0,1,0
55564,0,0,0,0,0,0,0,1,0
55565,0,0,0,0,0,0,0,1,0
55566,0,0,0,0,0,0,0,1,0
55567,0,0,0,0,0,0,0,1,0
55568,0,0,0,0,0,0,0,1,0
55569,0,0,0,0,0,0,0,1,0
55570,0,0,0,0,0,0,0,1,0
55571,0,0,0,0,0,0,0,1,0
55572,0,0,0,0,0,0,0,1,0
55573,0,0,0,0,0,0,0,1,0
55574,0,0,0,0,0,0,0,1,0
55575,0,0,0,0,0,0,0,1,0
55576,0,0,0,0,0,0,0,1,0
55577,0,0,0,0,0,0,0,1,0
55578,0,0,0,0,0,0,0,1,0
55579,0,0,0,0,0,0,0,1,0
55580,0,0,0,0,0,0,0,1,0
55581,0,0,0,0,0,0,0,1,0
55582,0,0,0,0,0,0,0,1,0
55583,0,0,0,0,0,0,0,1,0
55584,0,0,0,0,0,0,0,1,0
55585,0,0,0,0,0,0,0,1,0
55586,0,0,0,0,0,0,0,1,0
55587,0,0,0,0,0,0,0,1,0
55588,0,0,0,0,0,0,0,1,0
55589,0,0,0,0,0,0,0,1,0
55590,0,0,0,0,0,0,0,1,0
55591,0,0,0,0,0,0,0,1,0
55592,0,0,0,0,0,0,0,1,0
55593,0,0,0,0,0,0,0,1,0
55594,0,0,0,0,0,0,0,1,0
55595,0,0,0,0,0,0,0,1,0
55596,0,0,0,0,0,0,0,1,0
55597,0,0,0,0,0,0,0,1,0
55598,0,0,0,0,0,0,0,1,0
55599,0,0,0,0,0,0,0,1,0
55600,0,0,0,0,0,0,0,1,0
55601,0,0,0,0,0,0,0,1,0
55602,0,0,0,0,0,0,0,1,0
55603,0,0,0,0,0,0,0,1,0
55604,0,0,0,0,0,0,0,1,0
55605,0,0,0,0,0,0,0,1,0
55606,0,0,0,0,0,0,0,1,0
55607,0,0,0,0,0,0,0,1,0
55608,0,0,0,0,0,0,0,1,0
55609,0,0,0,0,0,0,0,1,0
55610,0,0,0,0,0,0,0,1,0
55611,0,0,0,0,0,0,0,1,0
55612,0,0,0,0,0,0,0,1,0
55613,0,0,0,0,0,0,0,1,0
55614,0,0,0,0,0,0,0,1,0
55615,0,0,0,0,0,0,0,1,0
55616,0,0,0,0,0,0,0,1,0
55617,0,0,0,0,0,0,0,1,0
55618,0,0,0,0,0,0,0,1,0
55619,0,0,0,0,0,0,0,1,0
55620,0,0,0,0,0,0,0,1,0
55621,0,0,0,0,0,0,0,1,0
55622,0,0,0,0,0,0,0,1,0
55623,0,0,0,0,0,0,0,1,0
55624,0,0,0,0,0,0,0,1,0
55625,0,0,0,0,0,0,0,1,0
55626,0,0,0,0,0,0,0,1,0
55627,0,0,0,0,0,0,0,1,0
55628,0,0,0,0,0,0,0,1,0
55629,0,0,0,0,0,0,0,1,0
55630,0,0,0,0,0,0,0,1,0
55631,0,0,0,0,0,0,0,1,0
55632,0,0,0,0,0,0,0,1,0
55633,0,0,0,0,0,0,0,1,0
55634,0,0,0,0,0,0,0,1,0
55635,0,0,0,0,0,0,0,1,0
55636,0,0,0,0,0,0,0,1,0
55637,0,0,0,0,0,0,0,1,0
55638,0,0,0,0,0,0,0,1,0
55639,0,0,0,0,0,0,0,1,0
55640,0,0,0,0,0,0,0,1,0
55641,0,0,0,0,0,0,0,1,0
55642,0,0,0,0,0,0,0,1,0
55643,0,0,0,0,0,0,0,1,0
55644,0,0,0,0,0,0,0,1,0
55645,0,0,0,0,0,0,0,1,0
55646,0,0,0,0,0,0,0,1,0
55647,0,0,0,0,0,0,0,1,0
55648,0,0,0,0,0,0,0,1,0
55649,0,0,0,0,0,0,0,1,0
55650,0,0,0,0,0,0,0,1,0
55651,0,0,0,0,0,0,0,1,0
55652,0,0,0,0,0,0,0,1,0
55653,0,0,0,0,0,0,0,1,0
55654,0,0,0,0,0,0,0,1,0
55655,0,0,0,0,0,0,0,1,0
55656,0,0,0,0,0,0,0,1,0
55657,0,0,0,0,0,0,0,1,0
55658,0,0,0,0,0,0,0,1,0
55659,0,0,0,0,0,0,0,1,0
55660,0,0,0,0,0,0,0,1,0
55661,0,0,0,0,0,0,0,1,0
55662,0,0,0,0,0,0,0,1,0
55663,0,0,0,0,0,0,0,1,0
55664,0,0,0,0,0,0,0,1,0
55665,0,0,0,0,0,0,0,1,0
55666,0,0,0,0,0,0,0,1,0
55667,0,0,0,0,0,0,0,1,0
55668,0,0,0,0,0,0,0,1,0
55669,0,0,0,0,0,0,0,1,0
55670,0,0,0,0,0,0,0,1,0
55671,0,0,0,0,0,0,0,1,0
55672,0,0,0,0,0,0,0,1,0
55673,0,0,0,0,0,0,0,1,0
55674,0,0,0,0,0,0,0,1,0
55675,0,0,0,0,0,0,0,1,0
55676,0,0,0,0,0,0,0,1,0
55677,0,0,0,0,0,0,0,1,0
55678,0,0,0,0,0,0,0,1,0
55679,0,0,0,0,0,0,0,1,0
55680,0,0,0,0,0,0,0,1,0
55681,0,0,0,0,0,0,0,1,0
55682,0,0,0,0,0,0,0,1,0
55683,0,0,0,0,0,0,0,1,0
55684,0,0,0,0,0,0,0,1,0
55685,0,0,0,0,0,0,0,1,0
55686,0,0,0,0,0,0,0,1,0
55687,0,0,0,0,0,0,0,1,0
55688,0,0,0,0,0,0,0,1,0
55689,0,0,0,0,0,0,0,1,0
55690,0,0,0,0,0,0,0,1,0
55691,0,0,0,0,0,0,0,1,0
55692,0,0,0,0,0,0,0,1,0
55693,0,0,0,0,0,0,0,1,0
55694,0,0,0,0,0,0,0,1,0
55695,0,0,0,0,0,0,0,1,0
55696,0,0,0,0,0,0,0,1,0
55697,0,0,0,0,0,0,0,1,0
55698,0,0,0,0,0,0,0,1,0
55699,0,0,0,0,0,0,0,1,0
55700,0,0,0,0,0,0,0,1,0
55701,0,0,0,0,0,0,0,1,0
55702,0,0,0,0,0,0,0,1,0
55703,0,0,0,0,0,0,0,1,0
55704,0,0,0,0,0,0,0,1,0
55705,0,0,0,0,0,0,0,1,0
55706,0,0,0,0,0,0,0,1,0
55707,0,0,0,0,0,0,0,1,0
55708,0,0,0,0,0,0,0,1,0
55709,0,0,0,0,0,0,0,1,0
55710,0,0,0,0,0,0,0,1,0
55711,0,0,0,0,0,0,0,1,0
55712,0,0,0,0,0,0,0,1,0
55713,0,0,0,0,0,0,0,1,0
55714,0,0,0,0,0,0,0,1,0
55715,0,0,0,0,0,0,0,1,0
55716,0,0,0,0,0,0,0,1,0
55717,0,0,0,0,0,0,0,1,0
55718,0,0,0,0,0,0,0,1,0
55719,0,0,0,0,0,0,0,1,0
55720,0,0,0,0,0,0,0,1,0
55721,0,0,0,0,0,0,0,1,0
55722,0,0,0,0,0,0,0,1,0
55723,0,0,0,0,0,0,0,1,0
55724,0,0,0,0,0,0,0,1,0
55725,0,0,0,0,0,0,0,1,0
55726,0,0,0,0,0,0,0,1,0
55727,0,0,0,0,0,0,0,1,0
55728,0,0,0,0,0,0,0,1,0
55729,0,0,0,0,0,0,0,1,0
55730,0,0,0,0,0,0,0,1,0
55731,0,0,0,0,0,0,0,1,0
55732,0,0,0,0,0,0,0,1,0
55733,0,0,0,0,0,0,0,1,0
55734,0,0,0,0,0,0,0,1,0
55735,0,0,0,0,0,0,0,1,0
55736,0,0,0,0,0,0,0,1,0
55737,0,0,0,0,0,0,0,1,0
55738,0,0,0,0,0,0,0,1,0
55739,0,0,0,0,0,0,0,1,0
55740,0,0,0,0,0,0,0,1,0
55741,0,0,0,0,0,0,0,1,0
55742,0,0,0,0,0,0,0,1,0
55743,0,0,0,0,0,0,0,1,0
55744,0,0,0,0,0,0,0,1,0
55745,0,0,0,0,0,0,0,1,0
55746,0,0,0,0,0,0,0,1,0
55747,0,0,0,0,0,0,0,1,0
55748,0,0,0,0,0,0,0,1,0
55749,0,0,0,0,0,0,0,1,0
55750,0,0,0,0,0,0,0,1,0
55751,0,0,0,0,0,0,0,1,0
55752,0,0,0,0,0,0,0,1,0
55753,0,0,0,0,0,0,0,1,0
55754,0,0,0,0,0,0,0,1,0
55755,0,0,0,0,0,0,0,1,0
55756,0,0,0,0,0,0,0,1,0
55757,0,0,0,0,0,0,0,1,0
55758,0,0,0,0,0,0,0,1,0
55759,0,0,0,0,0,0,0,1,0
55760,0,0,0,0,0,0,0,1,0
55761,0,0,0,0,0,0,0,1,0
55762,0,0,0,0,0,0,0,1,0
55763,0,0,0,0,0,0,0,1,0
55764,0,0,0,0,0,0,0,1,0
55765,0,0,0,0,0,0,0,1,0
55766,0,0,0,0,0,0,0,1,0
55767,0,0,0,0,0,0,0,1,0
55768,0,0,0,0,0,0,0,1,0
55769,0,0,0,0,0,0,0,1,0
55770,0,0,0,0,0,0,0,1,0
55771,0,0,0,0,0,0,0,1,0
55772,0,0,0,0,0,0,0,1,0
55773,0,0,0,0,0,0,0,1,0
55774,0,0,0,0,0,0,0,1,0
55775,0,0,0,0,0,0,0,1,0
55776,0,0,0,0,0,0,0,1,0
55777,0,0,0,0,0,0,0,1,0
55778,0,0,0,0,0,0,0,1,0
55779,0,0,0,0,0,0,0,1,0
55780,0,0,0,0,0,0,0,1,0
55781,0,0,0,0,0,0,0,1,0
55782,0,0,0,0,0,0,0,1,0
55783,0,0,0,0,0,0,0,1,0
55784,0,0,0,0,0,0,0,1,0
55785,0,0,0,0,0,0,0,1,0
55786,0,0,0,0,0,0,0,1,0
55787,0,0,0,0,0,0,0,1,0
55788,0,0,0,0,0,0,0,1,0
55789,0,0,0,0,0,0,0,1,0
55790,0,0,0,0,0,0,0,1,0
55791,0,0,0,0,0,0,0,1,0
55792,0,0,0,0,0,0,0,1,0
55793,0,0,0,0,0,0,0,1,0
55794,0,0,0,0,0,0,0,1,0
55795,0,0,0,0,0,0,0,1,0
55796,0,0,0,0,0,0,0,1,0
55797,0,0,0,0,0,0,0,1,0
55798,0,0,0,0,0,0,0,1,0
55799,0,0,0,0,0,0,0,1,0
55800,0,0,0,0,0,0,0,1,0
55801,0,0,0,0,0,0,0,1,0
55802,0,0,0,0,0,0,0,1,0
55803,0,0,0,0,0,0,0,1,0
55804,0,0,0,0,0,0,0,1,0
55805,0,0,0,0,0,0,0,1,0
55806,0,0,0,0,0,0,0,1,0
55807,0,0,0,0,0,0,0,1,0
55808,0,0,0,0,0,0,0,1,0
55809,0,0,0,0,0,0,0,1,0
55810,0,0,0,0,0,0,0,1,0
55811,0,0,0,0,0,0,0,1,0
55812,0,0,0,0,0,0,0,1,0
55813,0,0,0,0,0,0,0,1,0
55814,0,0,0,0,0,0,0,1,0
55815,0,0,0,0,0,0,0,1,0
55816,0,0,0,0,0,0,0,1,0
55817,0,0,0,0,0,0,0,1,0
55818,0,0,0,0,0,0,0,1,0
55819,0,0,0,0,0,0,0,1,0
55820,0,0,0,0,0,0,0,1,0
55821,0,0,0,0,0,0,0,1,0
55822,0,0,0,0,0,0,0,1,0
55823,0,0,0,0,0,0,0,1,0
55824,0,0,0,0,0,0,0,1,0
55825,0,0,0,0,0,0,0,1,0
55826,0,0,0,0,0,0,0,1,0
55827,0,0,0,0,0,0,0,1,0
55828,0,0,0,0,0,0,0,1,0
55829,0,0,0,0,0,0,0,1,0
55830,0,0,0,0,0,0,0,1,0
55831,0,0,0,0,0,0,0,1,0
55832,0,0,0,0,0,0,0,1,0
55833,0,0,0,0,0,0,0,1,0
55834,0,0,0,0,0,0,0,1,0
55835,0,0,0,0,0,0,0,1,0
55836,0,0,0,0,0,0,0,1,0
55837,0,0,0,0,0,0,0,1,0
55838,0,0,0,0,0,0,0,1,0
55839,0,0,0,0,0,0,0,1,0
55840,0,0,0,0,0,0,0,1,0
55841,0,0,0,0,0,0,0,1,0
55842,0,0,0,0,0,0,0,1,0
55843,0,0,0,0,0,0,0,1,0
55844,0,0,0,0,0,0,0,1,0
55845,0,0,0,0,0,0,0,1,0
55846,0,0,0,0,0,0,0,1,0
55847,0,0,0,0,0,0,0,1,0
55848,0,0,0,0,0,0,0,1,0
55849,0,0,0,0,0,0,0,1,0
55850,0,0,0,0,0,0,0,1,0
55851,0,0,0,0,0,0,0,1,0
55852,0,0,0,0,0,0,0,1,0
55853,0,0,0,0,0,0,0,1,0
55854,0,0,0,0,0,0,0,1,0
55855,0,0,0,0,0,0,0,1,0
55856,0,0,0,0,0,0,0,1,0
55857,0,0,0,0,0,0,0,1,0
55858,0,0,0,0,0,0,0,1,0
55859,0,0,0,0,0,0,0,1,0
55860,0,0,0,0,0,0,0,1,0
55861,0,0,0,0,0,0,0,1,0
55862,0,0,0,0,0,0,0,1,0
55863,0,0,0,0,0,0,0,1,0
55864,0,0,0,0,0,0,0,1,0
55865,0,0,0,0,0,0,0,1,0
55866,0,0,0,0,0,0,0,1,0
55867,0,0,0,0,0,0,0,1,0
55868,0,0,0,0,0,0,0,1,0
55869,0,0,0,0,0,0,0,1,0
55870,0,0,0,0,0,0,0,1,0
55871,0,0,0,0,0,0,0,1,0
55872,0,0,0,0,0,0,0,1,0
55873,0,0,0,0,0,0,0,1,0
55874,0,0,0,0,0,0,0,1,0
55875,0,0,0,0,0,0,0,1,0
55876,0,0,0,0,0,0,0,1,0
55877,0,0,0,0,0,0,0,1,0
55878,0,0,0,0,0,0,0,1,0
55879,0,0,0,0,0,0,0,1,0
55880,0,0,0,0,0,0,0,1,0
55881,0,0,0,0,0,0,0,1,0
55882,0,0,0,0,0,0,0,1,0
55883,0,0,0,0,0,0,0,1,0
55884,0,0,0,0,0,0,0,1,0
55885,0,0,0,0,0,0,0,1,0
55886,0,0,0,0,0,0,0,1,0
55887,0,0,0,0,0,0,0,1,0
55888,0,0,0,0,0,0,0,1,0
55889,0,0,0,0,0,0,0,1,0
55890,0,0,0,0,0,0,0,1,0
55891,0,0,0,0,0,0,0,1,0
55892,0,0,0,0,0,0,0,1,0
55893,0,0,0,0,0,0,0,1,0
55894,0,0,0,0,0,0,0,1,0
55895,0,0,0,0,0,0,0,1,0
55896,0,0,0,0,0,0,0,1,0
55897,0,0,0,0,0,0,0,1,0
55898,0,0,0,0,0,0,0,1,0
55899,0,0,0,0,0,0,0,1,0
55900,0,0,0,0,0,0,0,1,0
55901,0,0,0,0,0,0,0,1,0
55902,0,0,0,0,0,0,0,1,0
55903,0,0,0,0,0,0,0,1,0
55904,0,0,0,0,0,0,0,1,0
55905,0,0,0,0,0,0,0,1,0
55906,0,0,0,0,0,0,0,1,0
55907,0,0,0,0,0,0,0,1,0
55908,0,0,0,0,0,0,0,1,0
55909,0,0,0,0,0,0,0,1,0
55910,0,0,0,0,0,0,0,1,0
55911,0,0,0,0,0,0,0,1,0
55912,0,0,0,0,0,0,0,1,0
55913,0,0,0,0,0,0,0,1,0
55914,0,0,0,0,0,0,0,1,0
55915,0,0,0,0,0,0,0,1,0
55916,0,0,0,0,0,0,0,1,0
55917,0,0,0,0,0,0,0,1,0
55918,0,0,0,0,0,0,0,1,0
55919,0,0,0,0,0,0,0,1,0
55920,0,0,0,0,0,0,0,1,0
55921,0,0,0,0,0,0,0,1,0
55922,0,0,0,0,0,0,0,1,0
55923,0,0,0,0,0,0,0,1,0
55924,0,0,0,0,0,0,0,1,0
55925,0,0,0,0,0,0,0,1,0
55926,0,0,0,0,0,0,0,1,0
55927,0,0,0,0,0,0,0,1,0
55928,0,0,0,0,0,0,0,1,0
55929,0,0,0,0,0,0,0,1,0
55930,0,0,0,0,0,0,0,1,0
55931,0,0,0,0,0,0,0,1,0
55932,0,0,0,0,0,0,0,1,0
55933,0,0,0,0,0,0,0,1,0
55934,0,0,0,0,0,0,0,1,0
55935,0,0,0,0,0,0,0,1,0
55936,0,0,0,0,0,0,0,1,0
55937,0,0,0,0,0,0,0,1,0
55938,0,0,0,0,0,0,0,1,0
55939,0,0,0,0,0,0,0,1,0
55940,0,0,0,0,0,0,0,1,0
55941,0,0,0,0,0,0,0,1,0
55942,0,0,0,0,0,0,0,1,0
55943,0,0,0,0,0,0,0,1,0
55944,0,0,0,0,0,0,0,1,0
55945,0,0,0,0,0,0,0,1,0
55946,0,0,0,0,0,0,0,1,0
55947,0,0,0,0,0,0,0,1,0
55948,0,0,0,0,0,0,0,1,0
55949,0,0,0,0,0,0,0,1,0
55950,0,0,0,0,0,0,0,1,0
55951,0,0,0,0,0,0,0,1,0
55952,0,0,0,0,0,0,0,1,0
55953,0,0,0,0,0,0,0,1,0
55954,0,0,0,0,0,0,0,1,0
55955,0,0,0,0,0,0,0,1,0
55956,0,0,0,0,0,0,0,1,0
55957,0,0,0,0,0,0,0,1,0
55958,0,0,0,0,0,0,0,1,0
55959,0,0,0,0,0,0,0,1,0
55960,0,0,0,0,0,0,0,1,0
55961,0,0,0,0,0,0,0,1,0
55962,0,0,0,0,0,0,0,1,0
55963,0,0,0,0,0,0,0,1,0
55964,0,0,0,0,0,0,0,1,0
55965,0,0,0,0,0,0,0,1,0
55966,0,0,0,0,0,0,0,1,0
55967,0,0,0,0,0,0,0,1,0
55968,0,0,0,0,0,0,0,1,0
55969,0,0,0,0,0,0,0,1,0
55970,0,0,0,0,0,0,0,1,0
55971,0,0,0,0,0,0,0,1,0
55972,0,0,0,0,0,0,0,1,0
55973,0,0,0,0,0,0,0,1,0
55974,0,0,0,0,0,0,0,1,0
55975,0,0,0,0,0,0,0,1,0
55976,0,0,0,0,0,0,0,1,0
55977,0,0,0,0,0,0,0,1,0
55978,0,0,0,0,0,0,0,1,0
55979,0,0,0,0,0,0,0,1,0
55980,0,0,0,0,0,0,0,1,0
55981,0,0,0,0,0,0,0,1,0
55982,0,0,0,0,0,0,0,1,0
55983,0,0,0,0,0,0,0,1,0
55984,0,0,0,0,0,0,0,1,0
55985,0,0,0,0,0,0,0,1,0
55986,0,0,0,0,0,0,0,1,0
55987,0,0,0,0,0,0,0,1,0
55988,0,0,0,0,0,0,0,1,0
55989,0,0,0,0,0,0,0,1,0
55990,0,0,0,0,0,0,0,1,0
55991,0,0,0,0,0,0,0,1,0
55992,0,0,0,0,0,0,0,1,0
55993,0,0,0,0,0,0,0,1,0
55994,0,0,0,0,0,0,0,1,0
55995,0,0,0,0,0,0,0,1,0
55996,0,0,0,0,0,0,0,1,0
55997,0,0,0,0,0,0,0,1,0
55998,0,0,0,0,0,0,0,1,0
55999,0,0,0,0,0,0,0,1,0
56000,0,0,0,0,0,0,0,1,0
56001,0,0,0,0,0,0,0,1,0
56002,0,0,0,0,0,0,0,1,0
56003,0,0,0,0,0,0,0,1,0
56004,0,0,0,0,0,0,0,1,0
56005,0,0,0,0,0,0,0,1,0
56006,0,0,0,0,0,0,0,1,0
56007,0,0,0,0,0,0,0,1,0
56008,0,0,0,0,0,0,0,1,0
56009,0,0,0,0,0,0,0,1,0
56010,0,0,0,0,0,0,0,1,0
56011,0,0,0,0,0,0,0,1,0
56012,0,0,0,0,0,0,0,1,0
56013,0,0,0,0,0,0,0,1,0
56014,0,0,0,0,0,0,0,1,0
56015,0,0,0,0,0,0,0,1,0
56016,0,0,0,0,0,0,0,1,0
56017,0,0,0,0,0,0,0,1,0
56018,0,0,0,0,0,0,0,1,0
56019,0,0,0,0,0,0,0,1,0
56020,0,0,0,0,0,0,0,1,0
56021,0,0,0,0,0,0,0,1,0
56022,0,0,0,0,0,0,0,1,0
56023,0,0,0,0,0,0,0,1,0
56024,0,0,0,0,0,0,0,1,0
56025,0,0,0,0,0,0,0,1,0
56026,0,0,0,0,0,0,0,1,0
56027,0,0,0,0,0,0,0,1,0
56028,0,0,0,0,0,0,0,1,0
56029,0,0,0,0,0,0,0,1,0
56030,0,0,0,0,0,0,0,1,0
56031,0,0,0,0,0,0,0,1,0
56032,0,0,0,0,0,0,0,1,0
56033,0,0,0,0,0,0,0,1,0
56034,0,0,0,0,0,0,0,1,0
56035,0,0,0,0,0,0,0,1,0
56036,0,0,0,0,0,0,0,1,0
56037,0,0,0,0,0,0,0,1,0
56038,0,0,0,0,0,0,0,1,0
56039,0,0,0,0,0,0,0,1,0
56040,0,0,0,0,0,0,0,1,0
56041,0,0,0,0,0,0,0,1,0
56042,0,0,0,0,0,0,0,1,0
56043,0,0,0,0,0,0,0,1,0
56044,0,0,0,0,0,0,0,1,0
56045,0,0,0,0,0,0,0,1,0
56046,0,0,0,0,0,0,0,1,0
56047,0,0,0,0,0,0,0,1,0
56048,0,0,0,0,0,0,0,1,0
56049,0,0,0,0,0,0,0,1,0
56050,0,0,0,0,0,0,0,1,0
56051,0,0,0,0,0,0,0,1,0
56052,0,0,0,0,0,0,0,1,0
56053,0,0,0,0,0,0,0,1,0
56054,0,0,0,0,0,0,0,1,0
56055,0,0,0,0,0,0,0,1,0
56056,0,0,0,0,0,0,0,1,0
56057,0,0,0,0,0,0,0,1,0
56058,0,0,0,0,0,0,0,1,0
56059,0,0,0,0,0,0,0,1,0
56060,0,0,0,0,0,0,0,1,0
56061,0,0,0,0,0,0,0,1,0
56062,0,0,0,0,0,0,0,1,0
56063,0,0,0,0,0,0,0,1,0
56064,0,0,0,0,0,0,0,1,0
56065,0,0,0,0,0,0,0,1,0
56066,0,0,0,0,0,0,0,1,0
56067,0,0,0,0,0,0,0,1,0
56068,0,0,0,0,0,0,0,1,0
56069,0,0,0,0,0,0,0,1,0
56070,0,0,0,0,0,0,0,1,0
56071,0,0,0,0,0,0,0,1,0
56072,0,0,0,0,0,0,0,1,0
56073,0,0,0,0,0,0,0,1,0
56074,0,0,0,0,0,0,0,1,0
56075,0,0,0,0,0,0,0,1,0
56076,0,0,0,0,0,0,0,1,0
56077,0,0,0,0,0,0,0,1,0
56078,0,0,0,0,0,0,0,1,0
56079,0,0,0,0,0,0,0,1,0
56080,0,0,0,0,0,0,0,1,0
56081,0,0,0,0,0,0,0,1,0
56082,0,0,0,0,0,0,0,1,0
56083,0,0,0,0,0,0,0,1,0
56084,0,0,0,0,0,0,0,1,0
56085,0,0,0,0,0,0,0,1,0
56086,0,0,0,0,0,0,0,1,0
56087,0,0,0,0,0,0,0,1,0
56088,0,0,0,0,0,0,0,1,0
56089,0,0,0,0,0,0,0,1,0
56090,0,0,0,0,0,0,0,1,0
56091,0,0,0,0,0,0,0,1,0
56092,0,0,0,0,0,0,0,1,0
56093,0,0,0,0,0,0,0,1,0
56094,0,0,0,0,0,0,0,1,0
56095,0,0,0,0,0,0,0,1,0
56096,0,0,0,0,0,0,0,1,0
56097,0,0,0,0,0,0,0,1,0
56098,0,0,0,0,0,0,0,1,0
56099,0,0,0,0,0,0,0,1,0
56100,0,0,0,0,0,0,0,1,0
56101,0,0,0,0,0,0,0,1,0
56102,0,0,0,0,0,0,0,1,0
56103,0,0,0,0,0,0,0,1,0
56104,0,0,0,0,0,0,0,1,0
56105,0,0,0,0,0,0,0,1,0
56106,0,0,0,0,0,0,0,1,0
56107,0,0,0,0,0,0,0,1,0
56108,0,0,0,0,0,0,0,1,0
56109,0,0,0,0,0,0,0,1,0
56110,0,0,0,0,0,0,0,1,0
56111,0,0,0,0,0,0,0,1,0
56112,0,0,0,0,0,0,0,1,0
56113,0,0,0,0,0,0,0,1,0
56114,0,0,0,0,0,0,0,1,0
56115,0,0,0,0,0,0,0,1,0
56116,0,0,0,0,0,0,0,1,0
56117,0,0,0,0,0,0,0,1,0
56118,0,0,0,0,0,0,0,1,0
56119,0,0,0,0,0,0,0,1,0
56120,0,0,0,0,0,0,0,1,0
56121,0,0,0,0,0,0,0,1,0
56122,0,0,0,0,0,0,0,1,0
56123,0,0,0,0,0,0,0,1,0
56124,0,0,0,0,0,0,0,1,0
56125,0,0,0,0,0,0,0,1,0
56126,0,0,0,0,0,0,0,1,0
56127,0,0,0,0,0,0,0,1,0
56128,0,0,0,0,0,0,0,1,0
56129,0,0,0,0,0,0,0,1,0
56130,0,0,0,0,0,0,0,1,0
56131,0,0,0,0,0,0,0,1,0
56132,0,0,0,0,0,0,0,1,0
56133,0,0,0,0,0,0,0,1,0
56134,0,0,0,0,0,0,0,1,0
56135,0,0,0,0,0,0,0,1,0
56136,0,0,0,0,0,0,0,1,0
56137,0,0,0,0,0,0,0,1,0
56138,0,0,0,0,0,0,0,1,0
56139,0,0,0,0,0,0,0,1,0
56140,0,0,0,0,0,0,0,1,0
56141,0,0,0,0,0,0,0,1,0
56142,0,0,0,0,0,0,0,1,0
56143,0,0,0,0,0,0,0,1,0
56144,0,0,0,0,0,0,0,1,0
56145,0,0,0,0,0,0,0,1,0
56146,0,0,0,0,0,0,0,1,0
56147,0,0,0,0,0,0,0,1,0
56148,0,0,0,0,0,0,0,1,0
56149,0,0,0,0,0,0,0,1,0
56150,0,0,0,0,0,0,0,1,0
56151,0,0,0,0,0,0,0,1,0
56152,0,0,0,0,0,0,0,1,0
56153,0,0,0,0,0,0,0,1,0
56154,0,0,0,0,0,0,0,1,0
56155,0,0,0,0,0,0,0,1,0
56156,0,0,0,0,0,0,0,1,0
56157,0,0,0,0,0,0,0,1,0
56158,0,0,0,0,0,0,0,1,0
56159,0,0,0,0,0,0,0,1,0
56160,0,0,0,0,0,0,0,1,0
56161,0,0,0,0,0,0,0,1,0
56162,0,0,0,0,0,0,0,1,0
56163,0,0,0,0,0,0,0,1,0
56164,0,0,0,0,0,0,0,1,0
56165,0,0,0,0,0,0,0,1,0
56166,0,0,0,0,0,0,0,1,0
56167,0,0,0,0,0,0,0,1,0
56168,0,0,0,0,0,0,0,1,0
56169,0,0,0,0,0,0,0,1,0
56170,0,0,0,0,0,0,0,1,0
56171,0,0,0,0,0,0,0,1,0
56172,0,0,0,0,0,0,0,1,0
56173,0,0,0,0,0,0,0,1,0
56174,0,0,0,0,0,0,0,1,0
56175,0,0,0,0,0,0,0,1,0
56176,0,0,0,0,0,0,0,1,0
56177,0,0,0,0,0,0,0,1,0
56178,0,0,0,0,0,0,0,1,0
56179,0,0,0,0,0,0,0,1,0
56180,0,0,0,0,0,0,0,1,0
56181,0,0,0,0,0,0,0,1,0
56182,0,0,0,0,0,0,0,1,0
56183,0,0,0,0,0,0,0,1,0
56184,0,0,0,0,0,0,0,1,0
56185,0,0,0,0,0,0,0,1,0
56186,0,0,0,0,0,0,0,1,0
56187,0,0,0,0,0,0,0,1,0
56188,0,0,0,0,0,0,0,1,0
56189,0,0,0,0,0,0,0,1,0
56190,0,0,0,0,0,0,0,1,0
56191,0,0,0,0,0,0,0,1,0
56192,0,0,0,0,0,0,0,1,0
56193,0,0,0,0,0,0,0,1,0
56194,0,0,0,0,0,0,0,1,0
56195,0,0,0,0,0,0,0,1,0
56196,0,0,0,0,0,0,0,1,0
56197,0,0,0,0,0,0,0,1,0
56198,0,0,0,0,0,0,0,1,0
56199,0,0,0,0,0,0,0,1,0
56200,0,0,0,0,0,0,0,1,0
56201,0,0,0,0,0,0,0,1,0
56202,0,0,0,0,0,0,0,1,0
56203,0,0,0,0,0,0,0,1,0
56204,0,0,0,0,0,0,0,1,0
56205,0,0,0,0,0,0,0,1,0
56206,0,0,0,0,0,0,0,1,0
56207,0,0,0,0,0,0,0,1,0
56208,0,0,0,0,0,0,0,1,0
56209,0,0,0,0,0,0,0,1,0
56210,0,0,0,0,0,0,0,1,0
56211,0,0,0,0,0,0,0,1,0
56212,0,0,0,0,0,0,0,1,0
56213,0,0,0,0,0,0,0,1,0
56214,0,0,0,0,0,0,0,1,0
56215,0,0,0,0,0,0,0,1,0
56216,0,0,0,0,0,0,0,1,0
56217,0,0,0,0,0,0,0,1,0
56218,0,0,0,0,0,0,0,1,0
56219,0,0,0,0,0,0,0,1,0
56220,0,0,0,0,0,0,0,1,0
56221,0,0,0,0,0,0,0,1,0
56222,0,0,0,0,0,0,0,1,0
56223,0,0,0,0,0,0,0,1,0
56224,0,0,0,0,0,0,0,1,0
56225,0,0,0,0,0,0,0,1,0
56226,0,0,0,0,0,0,0,1,0
56227,0,0,0,0,0,0,0,1,0
56228,0,0,0,0,0,0,0,1,0
56229,0,0,0,0,0,0,0,1,0
56230,0,0,0,0,0,0,0,1,0
56231,0,0,0,0,0,0,0,1,0
56232,0,0,0,0,0,0,0,1,0
56233,0,0,0,0,0,0,0,1,0
56234,0,0,0,0,0,0,0,1,0
56235,0,0,0,0,0,0,0,1,0
56236,0,0,0,0,0,0,0,1,0
56237,0,0,0,0,0,0,0,1,0
56238,0,0,0,0,0,0,0,1,0
56239,0,0,0,0,0,0,0,1,0
56240,0,0,0,0,0,0,0,1,0
56241,0,0,0,0,0,0,0,1,0
56242,0,0,0,0,0,0,0,1,0
56243,0,0,0,0,0,0,0,1,0
56244,0,0,0,0,0,0,0,1,0
56245,0,0,0,0,0,0,0,1,0
56246,0,0,0,0,0,0,0,1,0
56247,0,0,0,0,0,0,0,1,0
56248,0,0,0,0,0,0,0,1,0
56249,0,0,0,0,0,0,0,1,0
56250,0,0,0,0,0,0,0,1,0
56251,0,0,0,0,0,0,0,1,0
56252,0,0,0,0,0,0,0,1,0
56253,0,0,0,0,0,0,0,1,0
56254,0,0,0,0,0,0,0,1,0
56255,0,0,0,0,0,0,0,1,0
56256,0,0,0,0,0,0,0,1,0
56257,0,0,0,0,0,0,0,1,0
56258,0,0,0,0,0,0,0,1,0
56259,0,0,0,0,0,0,0,1,0
56260,0,0,0,0,0,0,0,1,0
56261,0,0,0,0,0,0,0,1,0
56262,0,0,0,0,0,0,0,1,0
56263,0,0,0,0,0,0,0,1,0
56264,0,0,0,0,0,0,0,1,0
56265,0,0,0,0,0,0,0,1,0
56266,0,0,0,0,0,0,0,1,0
56267,0,0,0,0,0,0,0,1,0
56268,0,0,0,0,0,0,0,1,0
56269,0,0,0,0,0,0,0,1,0
56270,0,0,0,0,0,0,0,1,0
56271,0,0,0,0,0,0,0,1,0
56272,0,0,0,0,0,0,0,1,0
56273,0,0,0,0,0,0,0,1,0
56274,0,0,0,0,0,0,0,1,0
56275,0,0,0,0,0,0,0,1,0
56276,0,0,0,0,0,0,0,1,0
56277,0,0,0,0,0,0,0,1,0
56278,0,0,0,0,0,0,0,1,0
56279,0,0,0,0,0,0,0,1,0
56280,0,0,0,0,0,0,0,1,0
56281,0,0,0,0,0,0,0,1,0
56282,0,0,0,0,0,0,0,1,0
56283,0,0,0,0,0,0,0,1,0
56284,0,0,0,0,0,0,0,1,0
56285,0,0,0,0,0,0,0,1,0
56286,0,0,0,0,0,0,0,1,0
56287,0,0,0,0,0,0,0,1,0
56288,0,0,0,0,0,0,0,1,0
56289,0,0,0,0,0,0,0,1,0
56290,0,0,0,0,0,0,0,1,0
56291,0,0,0,0,0,0,0,1,0
56292,0,0,0,0,0,0,0,1,0
56293,0,0,0,0,0,0,0,1,0
56294,0,0,0,0,0,0,0,1,0
56295,0,0,0,0,0,0,0,1,0
56296,0,0,0,0,0,0,0,1,0
56297,0,0,0,0,0,0,0,1,0
56298,0,0,0,0,0,0,0,1,0
56299,0,0,0,0,0,0,0,1,0
56300,0,0,0,0,0,0,0,1,0
56301,0,0,0,0,0,0,0,1,0
56302,0,0,0,0,0,0,0,1,0
56303,0,0,0,0,0,0,0,1,0
56304,0,0,0,0,0,0,0,1,0
56305,0,0,0,0,0,0,0,1,0
56306,0,0,0,0,0,0,0,1,0
56307,0,0,0,0,0,0,0,1,0
56308,0,0,0,0,0,0,0,1,0
56309,0,0,0,0,0,0,0,1,0
56310,0,0,0,0,0,0,0,1,0
56311,0,0,0,0,0,0,0,1,0
56312,0,0,0,0,0,0,0,1,0
56313,0,0,0,0,0,0,0,1,0
56314,0,0,0,0,0,0,0,1,0
56315,0,0,0,0,0,0,0,1,0
56316,0,0,0,0,0,0,0,1,0
56317,0,0,0,0,0,0,0,1,0
56318,0,0,0,0,0,0,0,1,0
56319,0,0,0,0,0,0,0,1,0
56320,0,0,0,0,0,0,0,1,0
56321,0,0,0,0,0,0,0,1,0
56322,0,0,0,0,0,0,0,1,0
56323,0,0,0,0,0,0,0,1,0
56324,0,0,0,0,0,0,0,1,0
56325,0,0,0,0,0,0,0,1,0
56326,0,0,0,0,0,0,0,1,0
56327,0,0,0,0,0,0,0,1,0
56328,0,0,0,0,0,0,0,1,0
56329,0,0,0,0,0,0,0,1,0
56330,0,0,0,0,0,0,0,1,0
56331,0,0,0,0,0,0,0,1,0
56332,0,0,0,0,0,0,0,1,0
56333,0,0,0,0,0,0,0,1,0
56334,0,0,0,0,0,0,0,1,0
56335,0,0,0,0,0,0,0,1,0
56336,0,0,0,0,0,0,0,1,0
56337,0,0,0,0,0,0,0,1,0
56338,0,0,0,0,0,0,0,1,0
56339,0,0,0,0,0,0,0,1,0
56340,0,0,0,0,0,0,0,1,0
56341,0,0,0,0,0,0,0,1,0
56342,0,0,0,0,0,0,0,1,0
56343,0,0,0,0,0,0,0,1,0
56344,0,0,0,0,0,0,0,1,0
56345,0,0,0,0,0,0,0,1,0
56346,0,0,0,0,0,0,0,1,0
56347,0,0,0,0,0,0,0,1,0
56348,0,0,0,0,0,0,0,1,0
56349,0,0,0,0,0,0,0,1,0
56350,0,0,0,0,0,0,0,1,0
56351,0,0,0,0,0,0,0,1,0
56352,0,0,0,0,0,0,0,1,0
56353,0,0,0,0,0,0,0,1,0
56354,0,0,0,0,0,0,0,1,0
56355,0,0,0,0,0,0,0,1,0
56356,0,0,0,0,0,0,0,1,0
56357,0,0,0,0,0,0,0,1,0
56358,0,0,0,0,0,0,0,1,0
56359,0,0,0,0,0,0,0,1,0
56360,0,0,0,0,0,0,0,1,0
56361,0,0,0,0,0,0,0,1,0
56362,0,0,0,0,0,0,0,1,0
56363,0,0,0,0,0,0,0,1,0
56364,0,0,0,0,0,0,0,1,0
56365,0,0,0,0,0,0,0,1,0
56366,0,0,0,0,0,0,0,1,0
56367,0,0,0,0,0,0,0,1,0
56368,0,0,0,0,0,0,0,1,0
56369,0,0,0,0,0,0,0,1,0
56370,0,0,0,0,0,0,0,1,0
56371,0,0,0,0,0,0,0,1,0
56372,0,0,0,0,0,0,0,1,0
56373,0,0,0,0,0,0,0,1,0
56374,0,0,0,0,0,0,0,1,0
56375,0,0,0,0,0,0,0,1,0
56376,0,0,0,0,0,0,0,1,0
56377,0,0,0,0,0,0,0,1,0
56378,0,0,0,0,0,0,0,1,0
56379,0,0,0,0,0,0,0,1,0
56380,0,0,0,0,0,0,0,1,0
56381,0,0,0,0,0,0,0,1,0
56382,0,0,0,0,0,0,0,1,0
56383,0,0,0,0,0,0,0,1,0
56384,0,0,0,0,0,0,0,1,0
56385,0,0,0,0,0,0,0,1,0
56386,0,0,0,0,0,0,0,1,0
56387,0,0,0,0,0,0,0,1,0
56388,0,0,0,0,0,0,0,1,0
56389,0,0,0,0,0,0,0,1,0
56390,0,0,0,0,0,0,0,1,0
56391,0,0,0,0,0,0,0,1,0
56392,0,0,0,0,0,0,0,1,0
56393,0,0,0,0,0,0,0,1,0
56394,0,0,0,0,0,0,0,1,0
56395,0,0,0,0,0,0,0,1,0
56396,0,0,0,0,0,0,0,1,0
56397,0,0,0,0,0,0,0,1,0
56398,0,0,0,0,0,0,0,1,0
56399,0,0,0,0,0,0,0,1,0
56400,0,0,0,0,0,0,0,1,0
56401,0,0,0,0,0,0,0,1,0
56402,0,0,0,0,0,0,0,1,0
56403,0,0,0,0,0,0,0,1,0
56404,0,0,0,0,0,0,0,1,0
56405,0,0,0,0,0,0,0,1,0
56406,0,0,0,0,0,0,0,1,0
56407,0,0,0,0,0,0,0,1,0
56408,0,0,0,0,0,0,0,1,0
56409,0,0,0,0,0,0,0,1,0
56410,0,0,0,0,0,0,0,1,0
56411,0,0,0,0,0,0,0,1,0
56412,0,0,0,0,0,0,0,1,0
56413,0,0,0,0,0,0,0,1,0
56414,0,0,0,0,0,0,0,1,0
56415,0,0,0,0,0,0,0,1,0
56416,0,0,0,0,0,0,0,1,0
56417,0,0,0,0,0,0,0,1,0
56418,0,0,0,0,0,0,0,1,0
56419,0,0,0,0,0,0,0,1,0
56420,0,0,0,0,0,0,0,1,0
56421,0,0,0,0,0,0,0,1,0
56422,0,0,0,0,0,0,0,1,0
56423,0,0,0,0,0,0,0,1,0
56424,0,0,0,0,0,0,0,1,0
56425,0,0,0,0,0,0,0,1,0
56426,0,0,0,0,0,0,0,1,0
56427,0,0,0,0,0,0,0,1,0
56428,0,0,0,0,0,0,0,1,0
56429,0,0,0,0,0,0,0,1,0
56430,0,0,0,0,0,0,0,1,0
56431,0,0,0,0,0,0,0,1,0
56432,0,0,0,0,0,0,0,1,0
56433,0,0,0,0,0,0,0,1,0
56434,0,0,0,0,0,0,0,1,0
56435,0,0,0,0,0,0,0,1,0
56436,0,0,0,0,0,0,0,1,0
56437,0,0,0,0,0,0,0,1,0
56438,0,0,0,0,0,0,0,1,0
56439,0,0,0,0,0,0,0,1,0
56440,0,0,0,0,0,0,0,1,0
56441,0,0,0,0,0,0,0,1,0
56442,0,0,0,0,0,0,0,1,0
56443,0,0,0,0,0,0,0,1,0
56444,0,0,0,0,0,0,0,1,0
56445,0,0,0,0,0,0,0,1,0
56446,0,0,0,0,0,0,0,1,0
56447,0,0,0,0,0,0,0,1,0
56448,0,0,0,0,0,0,0,1,0
56449,0,0,0,0,0,0,0,1,0
56450,0,0,0,0,0,0,0,1,0
56451,0,0,0,0,0,0,0,1,0
56452,0,0,0,0,0,0,0,1,0
56453,0,0,0,0,0,0,0,1,0
56454,0,0,0,0,0,0,0,1,0
56455,0,0,0,0,0,0,0,1,0
56456,0,0,0,0,0,0,0,1,0
56457,0,0,0,0,0,0,0,1,0
56458,0,0,0,0,0,0,0,1,0
56459,0,0,0,0,0,0,0,1,0
56460,0,0,0,0,0,0,0,1,0
56461,0,0,0,0,0,0,0,1,0
56462,0,0,0,0,0,0,0,1,0
56463,0,0,0,0,0,0,0,1,0
56464,0,0,0,0,0,0,0,1,0
56465,0,0,0,0,0,0,0,1,0
56466,0,0,0,0,0,0,0,1,0
56467,0,0,0,0,0,0,0,1,0
56468,0,0,0,0,0,0,0,1,0
56469,0,0,0,0,0,0,0,1,0
56470,0,0,0,0,0,0,0,1,0
56471,0,0,0,0,0,0,0,1,0
56472,0,0,0,0,0,0,0,1,0
56473,0,0,0,0,0,0,0,1,0
56474,0,0,0,0,0,0,0,1,0
56475,0,0,0,0,0,0,0,1,0
56476,0,0,0,0,0,0,0,1,0
56477,0,0,0,0,0,0,0,1,0
56478,0,0,0,0,0,0,0,1,0
56479,0,0,0,0,0,0,0,1,0
56480,0,0,0,0,0,0,0,1,0
56481,0,0,0,0,0,0,0,1,0
56482,0,0,0,0,0,0,0,1,0
56483,0,0,0,0,0,0,0,1,0
56484,0,0,0,0,0,0,0,1,0
56485,0,0,0,0,0,0,0,1,0
56486,0,0,0,0,0,0,0,1,0
56487,0,0,0,0,0,0,0,1,0
56488,0,0,0,0,0,0,0,1,0
56489,0,0,0,0,0,0,0,1,0
56490,0,0,0,0,0,0,0,1,0
56491,0,0,0,0,0,0,0,1,0
56492,0,0,0,0,0,0,0,1,0
56493,0,0,0,0,0,0,0,1,0
56494,0,0,0,0,0,0,0,1,0
56495,0,0,0,0,0,0,0,1,0
56496,0,0,0,0,0,0,0,1,0
56497,0,0,0,0,0,0,0,1,0
56498,0,0,0,0,0,0,0,1,0
56499,0,0,0,0,0,0,0,1,0
56500,0,0,0,0,0,0,0,1,0
56501,0,0,0,0,0,0,0,1,0
56502,0,0,0,0,0,0,0,1,0
56503,0,0,0,0,0,0,0,1,0
56504,0,0,0,0,0,0,0,1,0
56505,0,0,0,0,0,0,0,1,0
56506,0,0,0,0,0,0,0,1,0
56507,0,0,0,0,0,0,0,1,0
56508,0,0,0,0,0,0,0,1,0
56509,0,0,0,0,0,0,0,1,0
56510,0,0,0,0,0,0,0,1,0
56511,0,0,0,0,0,0,0,1,0
56512,0,0,0,0,0,0,0,1,0
56513,0,0,0,0,0,0,0,1,0
56514,0,0,0,0,0,0,0,1,0
56515,0,0,0,0,0,0,0,1,0
56516,0,0,0,0,0,0,0,1,0
56517,0,0,0,0,0,0,0,1,0
56518,0,0,0,0,0,0,0,1,0
56519,0,0,0,0,0,0,0,1,0
56520,0,0,0,0,0,0,0,1,0
56521,0,0,0,0,0,0,0,1,0
56522,0,0,0,0,0,0,0,1,0
56523,0,0,0,0,0,0,0,1,0
56524,0,0,0,0,0,0,0,1,0
56525,0,0,0,0,0,0,0,1,0
56526,0,0,0,0,0,0,0,1,0
56527,0,0,0,0,0,0,0,1,0
56528,0,0,0,0,0,0,0,1,0
56529,0,0,0,0,0,0,0,1,0
56530,0,0,0,0,0,0,0,1,0
56531,0,0,0,0,0,0,0,1,0
56532,0,0,0,0,0,0,0,1,0
56533,0,0,0,0,0,0,0,1,0
56534,0,0,0,0,0,0,0,1,0
56535,0,0,0,0,0,0,0,1,0
56536,0,0,0,0,0,0,0,1,0
56537,0,0,0,0,0,0,0,1,0
56538,0,0,0,0,0,0,0,1,0
56539,0,0,0,0,0,0,0,1,0
56540,0,0,0,0,0,0,0,1,0
56541,0,0,0,0,0,0,0,1,0
56542,0,0,0,0,0,0,0,1,0
56543,0,0,0,0,0,0,0,1,0
56544,0,0,0,0,0,0,0,1,0
56545,0,0,0,0,0,0,0,1,0
56546,0,0,0,0,0,0,0,1,0
56547,0,0,0,0,0,0,0,1,0
56548,0,0,0,0,0,0,0,1,0
56549,0,0,0,0,0,0,0,1,0
56550,0,0,0,0,0,0,0,1,0
56551,0,0,0,0,0,0,0,1,0
56552,0,0,0,0,0,0,0,1,0
56553,0,0,0,0,0,0,0,1,0
56554,0,0,0,0,0,0,0,1,0
56555,0,0,0,0,0,0,0,1,0
56556,0,0,0,0,0,0,0,1,0
56557,0,0,0,0,0,0,0,1,0
56558,0,0,0,0,0,0,0,1,0
56559,0,0,0,0,0,0,0,1,0
56560,0,0,0,0,0,0,0,1,0
56561,0,0,0,0,0,0,0,1,0
56562,0,0,0,0,0,0,0,1,0
56563,0,0,0,0,0,0,0,1,0
56564,0,0,0,0,0,0,0,1,0
56565,0,0,0,0,0,0,0,1,0
56566,0,0,0,0,0,0,0,1,0
56567,0,0,0,0,0,0,0,1,0
56568,0,0,0,0,0,0,0,1,0
56569,0,0,0,0,0,0,0,1,0
56570,0,0,0,0,0,0,0,1,0
56571,0,0,0,0,0,0,0,1,0
56572,0,0,0,0,0,0,0,1,0
56573,0,0,0,0,0,0,0,1,0
56574,0,0,0,0,0,0,0,1,0
56575,0,0,0,0,0,0,0,1,0
56576,0,0,0,0,0,0,0,1,0
56577,0,0,0,0,0,0,0,1,0
56578,0,0,0,0,0,0,0,1,0
56579,0,0,0,0,0,0,0,1,0
56580,0,0,0,0,0,0,0,1,0
56581,0,0,0,0,0,0,0,1,0
56582,0,0,0,0,0,0,0,1,0
56583,0,0,0,0,0,0,0,1,0
56584,0,0,0,0,0,0,0,1,0
56585,0,0,0,0,0,0,0,1,0
56586,0,0,0,0,0,0,0,1,0
56587,0,0,0,0,0,0,0,1,0
56588,0,0,0,0,0,0,0,1,0
56589,0,0,0,0,0,0,0,1,0
56590,0,0,0,0,0,0,0,1,0
56591,0,0,0,0,0,0,0,1,0
56592,0,0,0,0,0,0,0,1,0
56593,0,0,0,0,0,0,0,1,0
56594,0,0,0,0,0,0,0,1,0
56595,0,0,0,0,0,0,0,1,0
56596,0,0,0,0,0,0,0,1,0
56597,0,0,0,0,0,0,0,1,0
56598,0,0,0,0,0,0,0,1,0
56599,0,0,0,0,0,0,0,1,0
56600,0,0,0,0,0,0,0,1,0
56601,0,0,0,0,0,0,0,1,0
56602,0,0,0,0,0,0,0,1,0
56603,0,0,0,0,0,0,0,1,0
56604,0,0,0,0,0,0,0,1,0
56605,0,0,0,0,0,0,0,1,0
56606,0,0,0,0,0,0,0,1,0
56607,0,0,0,0,0,0,0,1,0
56608,0,0,0,0,0,0,0,1,0
56609,0,0,0,0,0,0,0,1,0
56610,0,0,0,0,0,0,0,1,0
56611,0,0,0,0,0,0,0,1,0
56612,0,0,0,0,0,0,0,1,0
56613,0,0,0,0,0,0,0,1,0
56614,0,0,0,0,0,0,0,1,0
56615,0,0,0,0,0,0,0,1,0
56616,0,0,0,0,0,0,0,1,0
56617,0,0,0,0,0,0,0,1,0
56618,0,0,0,0,0,0,0,1,0
56619,0,0,0,0,0,0,0,1,0
56620,0,0,0,0,0,0,0,1,0
56621,0,0,0,0,0,0,0,1,0
56622,0,0,0,0,0,0,0,1,0
56623,0,0,0,0,0,0,0,1,0
56624,0,0,0,0,0,0,0,1,0
56625,0,0,0,0,0,0,0,1,0
56626,0,0,0,0,0,0,0,1,0
56627,0,0,0,0,0,0,0,1,0
56628,0,0,0,0,0,0,0,1,0
56629,0,0,0,0,0,0,0,1,0
56630,0,0,0,0,0,0,0,1,0
56631,0,0,0,0,0,0,0,1,0
56632,0,0,0,0,0,0,0,1,0
56633,0,0,0,0,0,0,0,1,0
56634,0,0,0,0,0,0,0,1,0
56635,0,0,0,0,0,0,0,1,0
56636,0,0,0,0,0,0,0,1,0
56637,0,0,0,0,0,0,0,1,0
56638,0,0,0,0,0,0,0,1,0
56639,0,0,0,0,0,0,0,1,0
56640,0,0,0,0,0,0,0,1,0
56641,0,0,0,0,0,0,0,1,0
56642,0,0,0,0,0,0,0,1,0
56643,0,0,0,0,0,0,0,1,0
56644,0,0,0,0,0,0,0,1,0
56645,0,0,0,0,0,0,0,1,0
56646,0,0,0,0,0,0,0,1,0
56647,0,0,0,0,0,0,0,1,0
56648,0,0,0,0,0,0,0,1,0
56649,0,0,0,0,0,0,0,1,0
56650,0,0,0,0,0,0,0,1,0
56651,0,0,0,0,0,0,0,1,0
56652,0,0,0,0,0,0,0,1,0
56653,0,0,0,0,0,0,0,1,0
56654,0,0,0,0,0,0,0,1,0
56655,0,0,0,0,0,0,0,1,0
56656,0,0,0,0,0,0,0,1,0
56657,0,0,0,0,0,0,0,1,0
56658,0,0,0,0,0,0,0,1,0
56659,0,0,0,0,0,0,0,1,0
56660,0,0,0,0,0,0,0,1,0
56661,0,0,0,0,0,0,0,1,0
56662,0,0,0,0,0,0,0,1,0
56663,0,0,0,0,0,0,0,1,0
56664,0,0,0,0,0,0,0,1,0
56665,0,0,0,0,0,0,0,1,0
56666,0,0,0,0,0,0,0,1,0
56667,0,0,0,0,0,0,0,1,0
56668,0,0,0,0,0,0,0,1,0
56669,0,0,0,0,0,0,0,1,0
56670,0,0,0,0,0,0,0,1,0
56671,0,0,0,0,0,0,0,1,0
56672,0,0,0,0,0,0,0,1,0
56673,0,0,0,0,0,0,0,1,0
56674,0,0,0,0,0,0,0,1,0
56675,0,0,0,0,0,0,0,1,0
56676,0,0,0,0,0,0,0,1,0
56677,0,0,0,0,0,0,0,1,0
56678,0,0,0,0,0,0,0,1,0
56679,0,0,0,0,0,0,0,1,0
56680,0,0,0,0,0,0,0,1,0
56681,0,0,0,0,0,0,0,1,0
56682,0,0,0,0,0,0,0,1,0
56683,0,0,0,0,0,0,0,1,0
56684,0,0,0,0,0,0,0,1,0
56685,0,0,0,0,0,0,0,1,0
56686,0,0,0,0,0,0,0,1,0
56687,0,0,0,0,0,0,0,1,0
56688,0,0,0,0,0,0,0,1,0
56689,0,0,0,0,0,0,0,1,0
56690,0,0,0,0,0,0,0,1,0
56691,0,0,0,0,0,0,0,1,0
56692,0,0,0,0,0,0,0,1,0
56693,0,0,0,0,0,0,0,1,0
56694,0,0,0,0,0,0,0,1,0
56695,0,0,0,0,0,0,0,1,0
56696,0,0,0,0,0,0,0,1,0
56697,0,0,0,0,0,0,0,1,0
56698,0,0,0,0,0,0,0,1,0
56699,0,0,0,0,0,0,0,1,0
56700,0,0,0,0,0,0,0,1,0
56701,0,0,0,0,0,0,0,1,0
56702,0,0,0,0,0,0,0,1,0
56703,0,0,0,0,0,0,0,1,0
56704,0,0,0,0,0,0,0,1,0
56705,0,0,0,0,0,0,0,1,0
56706,0,0,0,0,0,0,0,1,0
56707,0,0,0,0,0,0,0,1,0
56708,0,0,0,0,0,0,0,1,0
56709,0,0,0,0,0,0,0,1,0
56710,0,0,0,0,0,0,0,1,0
56711,0,0,0,0,0,0,0,1,0
56712,0,0,0,0,0,0,0,1,0
56713,0,0,0,0,0,0,0,1,0
56714,0,0,0,0,0,0,0,1,0
56715,0,0,0,0,0,0,0,1,0
56716,0,0,0,0,0,0,0,1,0
56717,0,0,0,0,0,0,0,1,0
56718,0,0,0,0,0,0,0,1,0
56719,0,0,0,0,0,0,0,1,0
56720,0,0,0,0,0,0,0,1,0
56721,0,0,0,0,0,0,0,1,0
56722,0,0,0,0,0,0,0,1,0
56723,0,0,0,0,0,0,0,1,0
56724,0,0,0,0,0,0,0,1,0
56725,0,0,0,0,0,0,0,1,0
56726,0,0,0,0,0,0,0,1,0
56727,0,0,0,0,0,0,0,1,0
56728,0,0,0,0,0,0,0,1,0
56729,0,0,0,0,0,0,0,1,0
56730,0,0,0,0,0,0,0,1,0
56731,0,0,0,0,0,0,0,1,0
56732,0,0,0,0,0,0,0,1,0
56733,0,0,0,0,0,0,0,1,0
56734,0,0,0,0,0,0,0,1,0
56735,0,0,0,0,0,0,0,1,0
56736,0,0,0,0,0,0,0,1,0
56737,0,0,0,0,0,0,0,1,0
56738,0,0,0,0,0,0,0,1,0
56739,0,0,0,0,0,0,0,1,0
56740,0,0,0,0,0,0,0,1,0
56741,0,0,0,0,0,0,0,1,0
56742,0,0,0,0,0,0,0,1,0
56743,0,0,0,0,0,0,0,1,0
56744,0,0,0,0,0,0,0,1,0
56745,0,0,0,0,0,0,0,1,0
56746,0,0,0,0,0,0,0,1,0
56747,0,0,0,0,0,0,0,1,0
56748,0,0,0,0,0,0,0,1,0
56749,0,0,0,0,0,0,0,1,0
56750,0,0,0,0,0,0,0,1,0
56751,0,0,0,0,0,0,0,1,0
56752,0,0,0,0,0,0,0,1,0
56753,0,0,0,0,0,0,0,1,0
56754,0,0,0,0,0,0,0,1,0
56755,0,0,0,0,0,0,0,1,0
56756,0,0,0,0,0,0,0,1,0
56757,0,0,0,0,0,0,0,1,0
56758,0,0,0,0,0,0,0,1,0
56759,0,0,0,0,0,0,0,1,0
56760,0,0,0,0,0,0,0,1,0
56761,0,0,0,0,0,0,0,1,0
56762,0,0,0,0,0,0,0,1,0
56763,0,0,0,0,0,0,0,1,0
56764,0,0,0,0,0,0,0,1,0
56765,0,0,0,0,0,0,0,1,0
56766,0,0,0,0,0,0,0,1,0
56767,0,0,0,0,0,0,0,1,0
56768,0,0,0,0,0,0,0,1,0
56769,0,0,0,0,0,0,0,1,0
56770,0,0,0,0,0,0,0,1,0
56771,0,0,0,0,0,0,0,1,0
56772,0,0,0,0,0,0,0,1,0
56773,0,0,0,0,0,0,0,1,0
56774,0,0,0,0,0,0,0,1,0
56775,0,0,0,0,0,0,0,1,0
56776,0,0,0,0,0,0,0,1,0
56777,0,0,0,0,0,0,0,1,0
56778,0,0,0,0,0,0,0,1,0
56779,0,0,0,0,0,0,0,1,0
56780,0,0,0,0,0,0,0,1,0
56781,0,0,0,0,0,0,0,1,0
56782,0,0,0,0,0,0,0,1,0
56783,0,0,0,0,0,0,0,1,0
56784,0,0,0,0,0,0,0,1,0
56785,0,0,0,0,0,0,0,1,0
56786,0,0,0,0,0,0,0,1,0
56787,0,0,0,0,0,0,0,1,0
56788,0,0,0,0,0,0,0,1,0
56789,0,0,0,0,0,0,0,1,0
56790,0,0,0,0,0,0,0,1,0
56791,0,0,0,0,0,0,0,1,0
56792,0,0,0,0,0,0,0,1,0
56793,0,0,0,0,0,0,0,1,0
56794,0,0,0,0,0,0,0,1,0
56795,0,0,0,0,0,0,0,1,0
56796,0,0,0,0,0,0,0,1,0
56797,0,0,0,0,0,0,0,1,0
56798,0,0,0,0,0,0,0,1,0
56799,0,0,0,0,0,0,0,1,0
56800,0,0,0,0,0,0,0,1,0
56801,0,0,0,0,0,0,0,1,0
56802,0,0,0,0,0,0,0,1,0
56803,0,0,0,0,0,0,0,1,0
56804,0,0,0,0,0,0,0,1,0
56805,0,0,0,0,0,0,0,1,0
56806,0,0,0,0,0,0,0,1,0
56807,0,0,0,0,0,0,0,1,0
56808,0,0,0,0,0,0,0,1,0
56809,0,0,0,0,0,0,0,1,0
56810,0,0,0,0,0,0,0,1,0
56811,0,0,0,0,0,0,0,1,0
56812,0,0,0,0,0,0,0,1,0
56813,0,0,0,0,0,0,0,1,0
56814,0,0,0,0,0,0,0,1,0
56815,0,0,0,0,0,0,0,1,0
56816,0,0,0,0,0,0,0,1,0
56817,0,0,0,0,0,0,0,1,0
56818,0,0,0,0,0,0,0,1,0
56819,0,0,0,0,0,0,0,1,0
56820,0,0,0,0,0,0,0,1,0
56821,0,0,0,0,0,0,0,1,0
56822,0,0,0,0,0,0,0,1,0
56823,0,0,0,0,0,0,0,1,0
56824,0,0,0,0,0,0,0,1,0
56825,0,0,0,0,0,0,0,1,0
56826,0,0,0,0,0,0,0,1,0
56827,0,0,0,0,0,0,0,1,0
56828,0,0,0,0,0,0,0,1,0
56829,0,0,0,0,0,0,0,1,0
56830,0,0,0,0,0,0,0,1,0
56831,0,0,0,0,0,0,0,1,0
56832,0,0,0,0,0,0,0,1,0
56833,0,0,0,0,0,0,0,1,0
56834,0,0,0,0,0,0,0,1,0
56835,0,0,0,0,0,0,0,1,0
56836,0,0,0,0,0,0,0,1,0
56837,0,0,0,0,0,0,0,1,0
56838,0,0,0,0,0,0,0,1,0
56839,0,0,0,0,0,0,0,1,0
56840,0,0,0,0,0,0,0,1,0
56841,0,0,0,0,0,0,0,1,0
56842,0,0,0,0,0,0,0,1,0
56843,0,0,0,0,0,0,0,1,0
56844,0,0,0,0,0,0,0,1,0
56845,0,0,0,0,0,0,0,1,0
56846,0,0,0,0,0,0,0,1,0
56847,0,0,0,0,0,0,0,1,0
56848,0,0,0,0,0,0,0,1,0
56849,0,0,0,0,0,0,0,1,0
56850,0,0,0,0,0,0,0,1,0
56851,0,0,0,0,0,0,0,1,0
56852,0,0,0,0,0,0,0,1,0
56853,0,0,0,0,0,0,0,1,0
56854,0,0,0,0,0,0,0,1,0
56855,0,0,0,0,0,0,0,1,0
56856,0,0,0,0,0,0,0,1,0
56857,0,0,0,0,0,0,0,1,0
56858,0,0,0,0,0,0,0,1,0
56859,0,0,0,0,0,0,0,1,0
56860,0,0,0,0,0,0,0,1,0
56861,0,0,0,0,0,0,0,1,0
56862,0,0,0,0,0,0,0,1,0
56863,0,0,0,0,0,0,0,1,0
56864,0,0,0,0,0,0,0,1,0
56865,0,0,0,0,0,0,0,1,0
56866,0,0,0,0,0,0,0,1,0
56867,0,0,0,0,0,0,0,1,0
56868,0,0,0,0,0,0,0,1,0
56869,0,0,0,0,0,0,0,1,0
56870,0,0,0,0,0,0,0,1,0
56871,0,0,0,0,0,0,0,1,0
56872,0,0,0,0,0,0,0,1,0
56873,0,0,0,0,0,0,0,1,0
56874,0,0,0,0,0,0,0,1,0
56875,0,0,0,0,0,0,0,1,0
56876,0,0,0,0,0,0,0,1,0
56877,0,0,0,0,0,0,0,1,0
56878,0,0,0,0,0,0,0,1,0
56879,0,0,0,0,0,0,0,1,0
56880,0,0,0,0,0,0,0,1,0
56881,0,0,0,0,0,0,0,1,0
56882,0,0,0,0,0,0,0,1,0
56883,0,0,0,0,0,0,0,1,0
56884,0,0,0,0,0,0,0,1,0
56885,0,0,0,0,0,0,0,1,0
56886,0,0,0,0,0,0,0,1,0
56887,0,0,0,0,0,0,0,1,0
56888,0,0,0,0,0,0,0,1,0
56889,0,0,0,0,0,0,0,1,0
56890,0,0,0,0,0,0,0,1,0
56891,0,0,0,0,0,0,0,1,0
56892,0,0,0,0,0,0,0,1,0
56893,0,0,0,0,0,0,0,1,0
56894,0,0,0,0,0,0,0,1,0
56895,0,0,0,0,0,0,0,1,0
56896,0,0,0,0,0,0,0,1,0
56897,0,0,0,0,0,0,0,1,0
56898,0,0,0,0,0,0,0,1,0
56899,0,0,0,0,0,0,0,1,0
56900,0,0,0,0,0,0,0,1,0
56901,0,0,0,0,0,0,0,1,0
56902,0,0,0,0,0,0,0,1,0
56903,0,0,0,0,0,0,0,1,0
56904,0,0,0,0,0,0,0,1,0
56905,0,0,0,0,0,0,0,1,0
56906,0,0,0,0,0,0,0,1,0
56907,0,0,0,0,0,0,0,1,0
56908,0,0,0,0,0,0,0,1,0
56909,0,0,0,0,0,0,0,1,0
56910,0,0,0,0,0,0,0,1,0
56911,0,0,0,0,0,0,0,1,0
56912,0,0,0,0,0,0,0,1,0
56913,0,0,0,0,0,0,0,1,0
56914,0,0,0,0,0,0,0,1,0
56915,0,0,0,0,0,0,0,1,0
56916,0,0,0,0,0,0,0,1,0
56917,0,0,0,0,0,0,0,1,0
56918,0,0,0,0,0,0,0,1,0
56919,0,0,0,0,0,0,0,1,0
56920,0,0,0,0,0,0,0,1,0
56921,0,0,0,0,0,0,0,1,0
56922,0,0,0,0,0,0,0,1,0
56923,0,0,0,0,0,0,0,1,0
56924,0,0,0,0,0,0,0,1,0
56925,0,0,0,0,0,0,0,0,1
56926,0,0,0,0,0,0,0,0,1
56927,0,0,0,0,0,0,0,0,1
56928,0,0,0,0,0,0,0,0,1
56929,0,0,0,0,0,0,0,0,1
56930,0,0,0,0,0,0,0,0,1
56931,0,0,0,0,0,0,0,0,1
56932,0,0,0,0,0,0,0,0,1
56933,0,0,0,0,0,0,0,0,1
56934,0,0,0,0,0,0,0,0,1
56935,0,0,0,0,0,0,0,0,1
56936,0,0,0,0,0,0,0,0,1
56937,0,0,0,0,0,0,0,0,1
56938,0,0,0,0,0,0,0,0,1
56939,0,0,0,0,0,0,0,0,1
56940,0,0,0,0,0,0,0,0,1
56941,0,0,0,0,0,0,0,0,1
56942,0,0,0,0,0,0,0,0,1
56943,0,0,0,0,0,0,0,0,1
56944,0,0,0,0,0,0,0,0,1
56945,0,0,0,0,0,0,0,0,1
56946,0,0,0,0,0,0,0,0,1
56947,0,0,0,0,0,0,0,0,1
56948,0,0,0,0,0,0,0,0,1
56949,0,0,0,0,0,0,0,0,1
56950,0,0,0,0,0,0,0,0,1
56951,0,0,0,0,0,0,0,0,1
56952,0,0,0,0,0,0,0,0,1
56953,0,0,0,0,0,0,0,0,1
56954,0,0,0,0,0,0,0,0,1
56955,0,0,0,0,0,0,0,0,1
56956,0,0,0,0,0,0,0,0,1
56957,0,0,0,0,0,0,0,0,1
56958,0,0,0,0,0,0,0,0,1
56959,0,0,0,0,0,0,0,0,1
56960,0,0,0,0,0,0,0,0,1
56961,0,0,0,0,0,0,0,0,1
56962,0,0,0,0,0,0,0,0,1
56963,0,0,0,0,0,0,0,0,1
56964,0,0,0,0,0,0,0,0,1
56965,0,0,0,0,0,0,0,0,1
56966,0,0,0,0,0,0,0,0,1
56967,0,0,0,0,0,0,0,0,1
56968,0,0,0,0,0,0,0,0,1
56969,0,0,0,0,0,0,0,0,1
56970,0,0,0,0,0,0,0,0,1
56971,0,0,0,0,0,0,0,0,1
56972,0,0,0,0,0,0,0,0,1
56973,0,0,0,0,0,0,0,0,1
56974,0,0,0,0,0,0,0,0,1
56975,0,0,0,0,0,0,0,0,1
56976,0,0,0,0,0,0,0,0,1
56977,0,0,0,0,0,0,0,0,1
56978,0,0,0,0,0,0,0,0,1
56979,0,0,0,0,0,0,0,0,1
56980,0,0,0,0,0,0,0,0,1
56981,0,0,0,0,0,0,0,0,1
56982,0,0,0,0,0,0,0,0,1
56983,0,0,0,0,0,0,0,0,1
56984,0,0,0,0,0,0,0,0,1
56985,0,0,0,0,0,0,0,0,1
56986,0,0,0,0,0,0,0,0,1
56987,0,0,0,0,0,0,0,0,1
56988,0,0,0,0,0,0,0,0,1
56989,0,0,0,0,0,0,0,0,1
56990,0,0,0,0,0,0,0,0,1
56991,0,0,0,0,0,0,0,0,1
56992,0,0,0,0,0,0,0,0,1
56993,0,0,0,0,0,0,0,0,1
56994,0,0,0,0,0,0,0,0,1
56995,0,0,0,0,0,0,0,0,1
56996,0,0,0,0,0,0,0,0,1
56997,0,0,0,0,0,0,0,0,1
56998,0,0,0,0,0,0,0,0,1
56999,0,0,0,0,0,0,0,0,1
57000,0,0,0,0,0,0,0,0,1
57001,0,0,0,0,0,0,0,0,1
57002,0,0,0,0,0,0,0,0,1
57003,0,0,0,0,0,0,0,0,1
57004,0,0,0,0,0,0,0,0,1
57005,0,0,0,0,0,0,0,0,1
57006,0,0,0,0,0,0,0,0,1
57007,0,0,0,0,0,0,0,0,1
57008,0,0,0,0,0,0,0,0,1
57009,0,0,0,0,0,0,0,0,1
57010,0,0,0,0,0,0,0,0,1
57011,0,0,0,0,0,0,0,0,1
57012,0,0,0,0,0,0,0,0,1
57013,0,0,0,0,0,0,0,0,1
57014,0,0,0,0,0,0,0,0,1
57015,0,0,0,0,0,0,0,0,1
57016,0,0,0,0,0,0,0,0,1
57017,0,0,0,0,0,0,0,0,1
57018,0,0,0,0,0,0,0,0,1
57019,0,0,0,0,0,0,0,0,1
57020,0,0,0,0,0,0,0,0,1
57021,0,0,0,0,0,0,0,0,1
57022,0,0,0,0,0,0,0,0,1
57023,0,0,0,0,0,0,0,0,1
57024,0,0,0,0,0,0,0,0,1
57025,0,0,0,0,0,0,0,0,1
57026,0,0,0,0,0,0,0,0,1
57027,0,0,0,0,0,0,0,0,1
57028,0,0,0,0,0,0,0,0,1
57029,0,0,0,0,0,0,0,0,1
57030,0,0,0,0,0,0,0,0,1
57031,0,0,0,0,0,0,0,0,1
57032,0,0,0,0,0,0,0,0,1
57033,0,0,0,0,0,0,0,0,1
57034,0,0,0,0,0,0,0,0,1
57035,0,0,0,0,0,0,0,0,1
57036,0,0,0,0,0,0,0,0,1
57037,0,0,0,0,0,0,0,0,1
57038,0,0,0,0,0,0,0,0,1
57039,0,0,0,0,0,0,0,0,1
57040,0,0,0,0,0,0,0,0,1
57041,0,0,0,0,0,0,0,0,1
57042,0,0,0,0,0,0,0,0,1
57043,0,0,0,0,0,0,0,0,1
57044,0,0,0,0,0,0,0,0,1
57045,0,0,0,0,0,0,0,0,1
57046,0,0,0,0,0,0,0,0,1
57047,0,0,0,0,0,0,0,0,1
57048,0,0,0,0,0,0,0,0,1
57049,0,0,0,0,0,0,0,0,1
57050,0,0,0,0,0,0,0,0,1
57051,0,0,0,0,0,0,0,0,1
57052,0,0,0,0,0,0,0,0,1
57053,0,0,0,0,0,0,0,0,1
57054,0,0,0,0,0,0,0,0,1
57055,0,0,0,0,0,0,0,0,1
57056,0,0,0,0,0,0,0,0,1
57057,0,0,0,0,0,0,0,0,1
57058,0,0,0,0,0,0,0,0,1
57059,0,0,0,0,0,0,0,0,1
57060,0,0,0,0,0,0,0,0,1
57061,0,0,0,0,0,0,0,0,1
57062,0,0,0,0,0,0,0,0,1
57063,0,0,0,0,0,0,0,0,1
57064,0,0,0,0,0,0,0,0,1
57065,0,0,0,0,0,0,0,0,1
57066,0,0,0,0,0,0,0,0,1
57067,0,0,0,0,0,0,0,0,1
57068,0,0,0,0,0,0,0,0,1
57069,0,0,0,0,0,0,0,0,1
57070,0,0,0,0,0,0,0,0,1
57071,0,0,0,0,0,0,0,0,1
57072,0,0,0,0,0,0,0,0,1
57073,0,0,0,0,0,0,0,0,1
57074,0,0,0,0,0,0,0,0,1
57075,0,0,0,0,0,0,0,0,1
57076,0,0,0,0,0,0,0,0,1
57077,0,0,0,0,0,0,0,0,1
57078,0,0,0,0,0,0,0,0,1
57079,0,0,0,0,0,0,0,0,1
57080,0,0,0,0,0,0,0,0,1
57081,0,0,0,0,0,0,0,0,1
57082,0,0,0,0,0,0,0,0,1
57083,0,0,0,0,0,0,0,0,1
57084,0,0,0,0,0,0,0,0,1
57085,0,0,0,0,0,0,0,0,1
57086,0,0,0,0,0,0,0,0,1
57087,0,0,0,0,0,0,0,0,1
57088,0,0,0,0,0,0,0,0,1
57089,0,0,0,0,0,0,0,0,1
57090,0,0,0,0,0,0,0,0,1
57091,0,0,0,0,0,0,0,0,1
57092,0,0,0,0,0,0,0,0,1
57093,0,0,0,0,0,0,0,0,1
57094,0,0,0,0,0,0,0,0,1
57095,0,0,0,0,0,0,0,0,1
57096,0,0,0,0,0,0,0,0,1
57097,0,0,0,0,0,0,0,0,1
57098,0,0,0,0,0,0,0,0,1
57099,0,0,0,0,0,0,0,0,1
57100,0,0,0,0,0,0,0,0,1
57101,0,0,0,0,0,0,0,0,1
57102,0,0,0,0,0,0,0,0,1
57103,0,0,0,0,0,0,0,0,1
57104,0,0,0,0,0,0,0,0,1
57105,0,0,0,0,0,0,0,0,1
57106,0,0,0,0,0,0,0,0,1
57107,0,0,0,0,0,0,0,0,1
57108,0,0,0,0,0,0,0,0,1
57109,0,0,0,0,0,0,0,0,1
57110,0,0,0,0,0,0,0,0,1
57111,0,0,0,0,0,0,0,0,1
57112,0,0,0,0,0,0,0,0,1
57113,0,0,0,0,0,0,0,0,1
57114,0,0,0,0,0,0,0,0,1
57115,0,0,0,0,0,0,0,0,1
57116,0,0,0,0,0,0,0,0,1
57117,0,0,0,0,0,0,0,0,1
57118,0,0,0,0,0,0,0,0,1
57119,0,0,0,0,0,0,0,0,1
57120,0,0,0,0,0,0,0,0,1
57121,0,0,0,0,0,0,0,0,1
57122,0,0,0,0,0,0,0,0,1
57123,0,0,0,0,0,0,0,0,1
57124,0,0,0,0,0,0,0,0,1
57125,0,0,0,0,0,0,0,0,1
57126,0,0,0,0,0,0,0,0,1
57127,0,0,0,0,0,0,0,0,1
57128,0,0,0,0,0,0,0,0,1
57129,0,0,0,0,0,0,0,0,1
57130,0,0,0,0,0,0,0,0,1
57131,0,0,0,0,0,0,0,0,1
57132,0,0,0,0,0,0,0,0,1
57133,0,0,0,0,0,0,0,0,1
57134,0,0,0,0,0,0,0,0,1
57135,0,0,0,0,0,0,0,0,1
57136,0,0,0,0,0,0,0,0,1
57137,0,0,0,0,0,0,0,0,1
57138,0,0,0,0,0,0,0,0,1
57139,0,0,0,0,0,0,0,0,1
57140,0,0,0,0,0,0,0,0,1
57141,0,0,0,0,0,0,0,0,1
57142,0,0,0,0,0,0,0,0,1
57143,0,0,0,0,0,0,0,0,1
57144,0,0,0,0,0,0,0,0,1
57145,0,0,0,0,0,0,0,0,1
57146,0,0,0,0,0,0,0,0,1
57147,0,0,0,0,0,0,0,0,1
57148,0,0,0,0,0,0,0,0,1
57149,0,0,0,0,0,0,0,0,1
57150,0,0,0,0,0,0,0,0,1
57151,0,0,0,0,0,0,0,0,1
57152,0,0,0,0,0,0,0,0,1
57153,0,0,0,0,0,0,0,0,1
57154,0,0,0,0,0,0,0,0,1
57155,0,0,0,0,0,0,0,0,1
57156,0,0,0,0,0,0,0,0,1
57157,0,0,0,0,0,0,0,0,1
57158,0,0,0,0,0,0,0,0,1
57159,0,0,0,0,0,0,0,0,1
57160,0,0,0,0,0,0,0,0,1
57161,0,0,0,0,0,0,0,0,1
57162,0,0,0,0,0,0,0,0,1
57163,0,0,0,0,0,0,0,0,1
57164,0,0,0,0,0,0,0,0,1
57165,0,0,0,0,0,0,0,0,1
57166,0,0,0,0,0,0,0,0,1
57167,0,0,0,0,0,0,0,0,1
57168,0,0,0,0,0,0,0,0,1
57169,0,0,0,0,0,0,0,0,1
57170,0,0,0,0,0,0,0,0,1
57171,0,0,0,0,0,0,0,0,1
57172,0,0,0,0,0,0,0,0,1
57173,0,0,0,0,0,0,0,0,1
57174,0,0,0,0,0,0,0,0,1
57175,0,0,0,0,0,0,0,0,1
57176,0,0,0,0,0,0,0,0,1
57177,0,0,0,0,0,0,0,0,1
57178,0,0,0,0,0,0,0,0,1
57179,0,0,0,0,0,0,0,0,1
57180,0,0,0,0,0,0,0,0,1
57181,0,0,0,0,0,0,0,0,1
57182,0,0,0,0,0,0,0,0,1
57183,0,0,0,0,0,0,0,0,1
57184,0,0,0,0,0,0,0,0,1
57185,0,0,0,0,0,0,0,0,1
57186,0,0,0,0,0,0,0,0,1
57187,0,0,0,0,0,0,0,0,1
57188,0,0,0,0,0,0,0,0,1
57189,0,0,0,0,0,0,0,0,1
57190,0,0,0,0,0,0,0,0,1
57191,0,0,0,0,0,0,0,0,1
57192,0,0,0,0,0,0,0,0,1
57193,0,0,0,0,0,0,0,0,1
57194,0,0,0,0,0,0,0,0,1
57195,0,0,0,0,0,0,0,0,1
57196,0,0,0,0,0,0,0,0,1
57197,0,0,0,0,0,0,0,0,1
57198,0,0,0,0,0,0,0,0,1
57199,0,0,0,0,0,0,0,0,1
57200,0,0,0,0,0,0,0,0,1
57201,0,0,0,0,0,0,0,0,1
57202,0,0,0,0,0,0,0,0,1
57203,0,0,0,0,0,0,0,0,1
57204,0,0,0,0,0,0,0,0,1
57205,0,0,0,0,0,0,0,0,1
57206,0,0,0,0,0,0,0,0,1
57207,0,0,0,0,0,0,0,0,1
57208,0,0,0,0,0,0,0,0,1
57209,0,0,0,0,0,0,0,0,1
57210,0,0,0,0,0,0,0,0,1
57211,0,0,0,0,0,0,0,0,1
57212,0,0,0,0,0,0,0,0,1
57213,0,0,0,0,0,0,0,0,1
57214,0,0,0,0,0,0,0,0,1
57215,0,0,0,0,0,0,0,0,1
57216,0,0,0,0,0,0,0,0,1
57217,0,0,0,0,0,0,0,0,1
57218,0,0,0,0,0,0,0,0,1
57219,0,0,0,0,0,0,0,0,1
57220,0,0,0,0,0,0,0,0,1
57221,0,0,0,0,0,0,0,0,1
57222,0,0,0,0,0,0,0,0,1
57223,0,0,0,0,0,0,0,0,1
57224,0,0,0,0,0,0,0,0,1
57225,0,0,0,0,0,0,0,0,1
57226,0,0,0,0,0,0,0,0,1
57227,0,0,0,0,0,0,0,0,1
57228,0,0,0,0,0,0,0,0,1
57229,0,0,0,0,0,0,0,0,1
57230,0,0,0,0,0,0,0,0,1
57231,0,0,0,0,0,0,0,0,1
57232,0,0,0,0,0,0,0,0,1
57233,0,0,0,0,0,0,0,0,1
57234,0,0,0,0,0,0,0,0,1
57235,0,0,0,0,0,0,0,0,1
57236,0,0,0,0,0,0,0,0,1
57237,0,0,0,0,0,0,0,0,1
57238,0,0,0,0,0,0,0,0,1
57239,0,0,0,0,0,0,0,0,1
57240,0,0,0,0,0,0,0,0,1
57241,0,0,0,0,0,0,0,0,1
57242,0,0,0,0,0,0,0,0,1
57243,0,0,0,0,0,0,0,0,1
57244,0,0,0,0,0,0,0,0,1
57245,0,0,0,0,0,0,0,0,1
57246,0,0,0,0,0,0,0,0,1
57247,0,0,0,0,0,0,0,0,1
57248,0,0,0,0,0,0,0,0,1
57249,0,0,0,0,0,0,0,0,1
57250,0,0,0,0,0,0,0,0,1
57251,0,0,0,0,0,0,0,0,1
57252,0,0,0,0,0,0,0,0,1
57253,0,0,0,0,0,0,0,0,1
57254,0,0,0,0,0,0,0,0,1
57255,0,0,0,0,0,0,0,0,1
57256,0,0,0,0,0,0,0,0,1
57257,0,0,0,0,0,0,0,0,1
57258,0,0,0,0,0,0,0,0,1
57259,0,0,0,0,0,0,0,0,1
57260,0,0,0,0,0,0,0,0,1
57261,0,0,0,0,0,0,0,0,1
57262,0,0,0,0,0,0,0,0,1
57263,0,0,0,0,0,0,0,0,1
57264,0,0,0,0,0,0,0,0,1
57265,0,0,0,0,0,0,0,0,1
57266,0,0,0,0,0,0,0,0,1
57267,0,0,0,0,0,0,0,0,1
57268,0,0,0,0,0,0,0,0,1
57269,0,0,0,0,0,0,0,0,1
57270,0,0,0,0,0,0,0,0,1
57271,0,0,0,0,0,0,0,0,1
57272,0,0,0,0,0,0,0,0,1
57273,0,0,0,0,0,0,0,0,1
57274,0,0,0,0,0,0,0,0,1
57275,0,0,0,0,0,0,0,0,1
57276,0,0,0,0,0,0,0,0,1
57277,0,0,0,0,0,0,0,0,1
57278,0,0,0,0,0,0,0,0,1
57279,0,0,0,0,0,0,0,0,1
57280,0,0,0,0,0,0,0,0,1
57281,0,0,0,0,0,0,0,0,1
57282,0,0,0,0,0,0,0,0,1
57283,0,0,0,0,0,0,0,0,1
57284,0,0,0,0,0,0,0,0,1
57285,0,0,0,0,0,0,0,0,1
57286,0,0,0,0,0,0,0,0,1
57287,0,0,0,0,0,0,0,0,1
57288,0,0,0,0,0,0,0,0,1
57289,0,0,0,0,0,0,0,0,1
57290,0,0,0,0,0,0,0,0,1
57291,0,0,0,0,0,0,0,0,1
57292,0,0,0,0,0,0,0,0,1
57293,0,0,0,0,0,0,0,0,1
57294,0,0,0,0,0,0,0,0,1
57295,0,0,0,0,0,0,0,0,1
57296,0,0,0,0,0,0,0,0,1
57297,0,0,0,0,0,0,0,0,1
57298,0,0,0,0,0,0,0,0,1
57299,0,0,0,0,0,0,0,0,1
57300,0,0,0,0,0,0,0,0,1
57301,0,0,0,0,0,0,0,0,1
57302,0,0,0,0,0,0,0,0,1
57303,0,0,0,0,0,0,0,0,1
57304,0,0,0,0,0,0,0,0,1
57305,0,0,0,0,0,0,0,0,1
57306,0,0,0,0,0,0,0,0,1
57307,0,0,0,0,0,0,0,0,1
57308,0,0,0,0,0,0,0,0,1
57309,0,0,0,0,0,0,0,0,1
57310,0,0,0,0,0,0,0,0,1
57311,0,0,0,0,0,0,0,0,1
57312,0,0,0,0,0,0,0,0,1
57313,0,0,0,0,0,0,0,0,1
57314,0,0,0,0,0,0,0,0,1
57315,0,0,0,0,0,0,0,0,1
57316,0,0,0,0,0,0,0,0,1
57317,0,0,0,0,0,0,0,0,1
57318,0,0,0,0,0,0,0,0,1
57319,0,0,0,0,0,0,0,0,1
57320,0,0,0,0,0,0,0,0,1
57321,0,0,0,0,0,0,0,0,1
57322,0,0,0,0,0,0,0,0,1
57323,0,0,0,0,0,0,0,0,1
57324,0,0,0,0,0,0,0,0,1
57325,0,0,0,0,0,0,0,0,1
57326,0,0,0,0,0,0,0,0,1
57327,0,0,0,0,0,0,0,0,1
57328,0,0,0,0,0,0,0,0,1
57329,0,0,0,0,0,0,0,0,1
57330,0,0,0,0,0,0,0,0,1
57331,0,0,0,0,0,0,0,0,1
57332,0,0,0,0,0,0,0,0,1
57333,0,0,0,0,0,0,0,0,1
57334,0,0,0,0,0,0,0,0,1
57335,0,0,0,0,0,0,0,0,1
57336,0,0,0,0,0,0,0,0,1
57337,0,0,0,0,0,0,0,0,1
57338,0,0,0,0,0,0,0,0,1
57339,0,0,0,0,0,0,0,0,1
57340,0,0,0,0,0,0,0,0,1
57341,0,0,0,0,0,0,0,0,1
57342,0,0,0,0,0,0,0,0,1
57343,0,0,0,0,0,0,0,0,1
57344,0,0,0,0,0,0,0,0,1
57345,0,0,0,0,0,0,0,0,1
57346,0,0,0,0,0,0,0,0,1
57347,0,0,0,0,0,0,0,0,1
57348,0,0,0,0,0,0,0,0,1
57349,0,0,0,0,0,0,0,0,1
57350,0,0,0,0,0,0,0,0,1
57351,0,0,0,0,0,0,0,0,1
57352,0,0,0,0,0,0,0,0,1
57353,0,0,0,0,0,0,0,0,1
57354,0,0,0,0,0,0,0,0,1
57355,0,0,0,0,0,0,0,0,1
57356,0,0,0,0,0,0,0,0,1
57357,0,0,0,0,0,0,0,0,1
57358,0,0,0,0,0,0,0,0,1
57359,0,0,0,0,0,0,0,0,1
57360,0,0,0,0,0,0,0,0,1
57361,0,0,0,0,0,0,0,0,1
57362,0,0,0,0,0,0,0,0,1
57363,0,0,0,0,0,0,0,0,1
57364,0,0,0,0,0,0,0,0,1
57365,0,0,0,0,0,0,0,0,1
57366,0,0,0,0,0,0,0,0,1
57367,0,0,0,0,0,0,0,0,1
57368,0,0,0,0,0,0,0,0,1
57369,0,0,0,0,0,0,0,0,1
57370,0,0,0,0,0,0,0,0,1
57371,0,0,0,0,0,0,0,0,1
57372,0,0,0,0,0,0,0,0,1
57373,0,0,0,0,0,0,0,0,1
57374,0,0,0,0,0,0,0,0,1
57375,0,0,0,0,0,0,0,0,1
57376,0,0,0,0,0,0,0,0,1
57377,0,0,0,0,0,0,0,0,1
57378,0,0,0,0,0,0,0,0,1
57379,0,0,0,0,0,0,0,0,1
57380,0,0,0,0,0,0,0,0,1
57381,0,0,0,0,0,0,0,0,1
57382,0,0,0,0,0,0,0,0,1
57383,0,0,0,0,0,0,0,0,1
57384,0,0,0,0,0,0,0,0,1
57385,0,0,0,0,0,0,0,0,1
57386,0,0,0,0,0,0,0,0,1
57387,0,0,0,0,0,0,0,0,1
57388,0,0,0,0,0,0,0,0,1
57389,0,0,0,0,0,0,0,0,1
57390,0,0,0,0,0,0,0,0,1
57391,0,0,0,0,0,0,0,0,1
57392,0,0,0,0,0,0,0,0,1
57393,0,0,0,0,0,0,0,0,1
57394,0,0,0,0,0,0,0,0,1
57395,0,0,0,0,0,0,0,0,1
57396,0,0,0,0,0,0,0,0,1
57397,0,0,0,0,0,0,0,0,1
57398,0,0,0,0,0,0,0,0,1
57399,0,0,0,0,0,0,0,0,1
57400,0,0,0,0,0,0,0,0,1
57401,0,0,0,0,0,0,0,0,1
57402,0,0,0,0,0,0,0,0,1
57403,0,0,0,0,0,0,0,0,1
57404,0,0,0,0,0,0,0,0,1
57405,0,0,0,0,0,0,0,0,1
57406,0,0,0,0,0,0,0,0,1
57407,0,0,0,0,0,0,0,0,1
57408,0,0,0,0,0,0,0,0,1
57409,0,0,0,0,0,0,0,0,1
57410,0,0,0,0,0,0,0,0,1
57411,0,0,0,0,0,0,0,0,1
57412,0,0,0,0,0,0,0,0,1
57413,0,0,0,0,0,0,0,0,1
57414,0,0,0,0,0,0,0,0,1
57415,0,0,0,0,0,0,0,0,1
57416,0,0,0,0,0,0,0,0,1
57417,0,0,0,0,0,0,0,0,1
57418,0,0,0,0,0,0,0,0,1
57419,0,0,0,0,0,0,0,0,1
57420,0,0,0,0,0,0,0,0,1
57421,0,0,0,0,0,0,0,0,1
57422,0,0,0,0,0,0,0,0,1
57423,0,0,0,0,0,0,0,0,1
57424,0,0,0,0,0,0,0,0,1
57425,0,0,0,0,0,0,0,0,1
57426,0,0,0,0,0,0,0,0,1
57427,0,0,0,0,0,0,0,0,1
57428,0,0,0,0,0,0,0,0,1
57429,0,0,0,0,0,0,0,0,1
57430,0,0,0,0,0,0,0,0,1
57431,0,0,0,0,0,0,0,0,1
57432,0,0,0,0,0,0,0,0,1
57433,0,0,0,0,0,0,0,0,1
57434,0,0,0,0,0,0,0,0,1
57435,0,0,0,0,0,0,0,0,1
57436,0,0,0,0,0,0,0,0,1
57437,0,0,0,0,0,0,0,0,1
57438,0,0,0,0,0,0,0,0,1
57439,0,0,0,0,0,0,0,0,1
57440,0,0,0,0,0,0,0,0,1
57441,0,0,0,0,0,0,0,0,1
57442,0,0,0,0,0,0,0,0,1
57443,0,0,0,0,0,0,0,0,1
57444,0,0,0,0,0,0,0,0,1
57445,0,0,0,0,0,0,0,0,1
57446,0,0,0,0,0,0,0,0,1
57447,0,0,0,0,0,0,0,0,1
57448,0,0,0,0,0,0,0,0,1
57449,0,0,0,0,0,0,0,0,1
57450,0,0,0,0,0,0,0,0,1
57451,0,0,0,0,0,0,0,0,1
57452,0,0,0,0,0,0,0,0,1
57453,0,0,0,0,0,0,0,0,1
57454,0,0,0,0,0,0,0,0,1
57455,0,0,0,0,0,0,0,0,1
57456,0,0,0,0,0,0,0,0,1
57457,0,0,0,0,0,0,0,0,1
57458,0,0,0,0,0,0,0,0,1
57459,0,0,0,0,0,0,0,0,1
57460,0,0,0,0,0,0,0,0,1
57461,0,0,0,0,0,0,0,0,1
57462,0,0,0,0,0,0,0,0,1
57463,0,0,0,0,0,0,0,0,1
57464,0,0,0,0,0,0,0,0,1
57465,0,0,0,0,0,0,0,0,1
57466,0,0,0,0,0,0,0,0,1
57467,0,0,0,0,0,0,0,0,1
57468,0,0,0,0,0,0,0,0,1
57469,0,0,0,0,0,0,0,0,1
57470,0,0,0,0,0,0,0,0,1
57471,0,0,0,0,0,0,0,0,1
57472,0,0,0,0,0,0,0,0,1
57473,0,0,0,0,0,0,0,0,1
57474,0,0,0,0,0,0,0,0,1
57475,0,0,0,0,0,0,0,0,1
57476,0,0,0,0,0,0,0,0,1
57477,0,0,0,0,0,0,0,0,1
57478,0,0,0,0,0,0,0,0,1
57479,0,0,0,0,0,0,0,0,1
57480,0,0,0,0,0,0,0,0,1
57481,0,0,0,0,0,0,0,0,1
57482,0,0,0,0,0,0,0,0,1
57483,0,0,0,0,0,0,0,0,1
57484,0,0,0,0,0,0,0,0,1
57485,0,0,0,0,0,0,0,0,1
57486,0,0,0,0,0,0,0,0,1
57487,0,0,0,0,0,0,0,0,1
57488,0,0,0,0,0,0,0,0,1
57489,0,0,0,0,0,0,0,0,1
57490,0,0,0,0,0,0,0,0,1
57491,0,0,0,0,0,0,0,0,1
57492,0,0,0,0,0,0,0,0,1
57493,0,0,0,0,0,0,0,0,1
57494,0,0,0,0,0,0,0,0,1
57495,0,0,0,0,0,0,0,0,1
57496,0,0,0,0,0,0,0,0,1
57497,0,0,0,0,0,0,0,0,1
57498,0,0,0,0,0,0,0,0,1
57499,0,0,0,0,0,0,0,0,1
57500,0,0,0,0,0,0,0,0,1
57501,0,0,0,0,0,0,0,0,1
57502,0,0,0,0,0,0,0,0,1
57503,0,0,0,0,0,0,0,0,1
57504,0,0,0,0,0,0,0,0,1
57505,0,0,0,0,0,0,0,0,1
57506,0,0,0,0,0,0,0,0,1
57507,0,0,0,0,0,0,0,0,1
57508,0,0,0,0,0,0,0,0,1
57509,0,0,0,0,0,0,0,0,1
57510,0,0,0,0,0,0,0,0,1
57511,0,0,0,0,0,0,0,0,1
57512,0,0,0,0,0,0,0,0,1
57513,0,0,0,0,0,0,0,0,1
57514,0,0,0,0,0,0,0,0,1
57515,0,0,0,0,0,0,0,0,1
57516,0,0,0,0,0,0,0,0,1
57517,0,0,0,0,0,0,0,0,1
57518,0,0,0,0,0,0,0,0,1
57519,0,0,0,0,0,0,0,0,1
57520,0,0,0,0,0,0,0,0,1
57521,0,0,0,0,0,0,0,0,1
57522,0,0,0,0,0,0,0,0,1
57523,0,0,0,0,0,0,0,0,1
57524,0,0,0,0,0,0,0,0,1
57525,0,0,0,0,0,0,0,0,1
57526,0,0,0,0,0,0,0,0,1
57527,0,0,0,0,0,0,0,0,1
57528,0,0,0,0,0,0,0,0,1
57529,0,0,0,0,0,0,0,0,1
57530,0,0,0,0,0,0,0,0,1
57531,0,0,0,0,0,0,0,0,1
57532,0,0,0,0,0,0,0,0,1
57533,0,0,0,0,0,0,0,0,1
57534,0,0,0,0,0,0,0,0,1
57535,0,0,0,0,0,0,0,0,1
57536,0,0,0,0,0,0,0,0,1
57537,0,0,0,0,0,0,0,0,1
57538,0,0,0,0,0,0,0,0,1
57539,0,0,0,0,0,0,0,0,1
57540,0,0,0,0,0,0,0,0,1
57541,0,0,0,0,0,0,0,0,1
57542,0,0,0,0,0,0,0,0,1
57543,0,0,0,0,0,0,0,0,1
57544,0,0,0,0,0,0,0,0,1
57545,0,0,0,0,0,0,0,0,1
57546,0,0,0,0,0,0,0,0,1
57547,0,0,0,0,0,0,0,0,1
57548,0,0,0,0,0,0,0,0,1
57549,0,0,0,0,0,0,0,0,1
57550,0,0,0,0,0,0,0,0,1
57551,0,0,0,0,0,0,0,0,1
57552,0,0,0,0,0,0,0,0,1
57553,0,0,0,0,0,0,0,0,1
57554,0,0,0,0,0,0,0,0,1
57555,0,0,0,0,0,0,0,0,1
57556,0,0,0,0,0,0,0,0,1
57557,0,0,0,0,0,0,0,0,1
57558,0,0,0,0,0,0,0,0,1
57559,0,0,0,0,0,0,0,0,1
57560,0,0,0,0,0,0,0,0,1
57561,0,0,0,0,0,0,0,0,1
57562,0,0,0,0,0,0,0,0,1
57563,0,0,0,0,0,0,0,0,1
57564,0,0,0,0,0,0,0,0,1
57565,0,0,0,0,0,0,0,0,1
57566,0,0,0,0,0,0,0,0,1
57567,0,0,0,0,0,0,0,0,1
57568,0,0,0,0,0,0,0,0,1
57569,0,0,0,0,0,0,0,0,1
57570,0,0,0,0,0,0,0,0,1
57571,0,0,0,0,0,0,0,0,1
57572,0,0,0,0,0,0,0,0,1
57573,0,0,0,0,0,0,0,0,1
57574,0,0,0,0,0,0,0,0,1
57575,0,0,0,0,0,0,0,0,1
57576,0,0,0,0,0,0,0,0,1
57577,0,0,0,0,0,0,0,0,1
57578,0,0,0,0,0,0,0,0,1
57579,0,0,0,0,0,0,0,0,1
57580,0,0,0,0,0,0,0,0,1
57581,0,0,0,0,0,0,0,0,1
57582,0,0,0,0,0,0,0,0,1
57583,0,0,0,0,0,0,0,0,1
57584,0,0,0,0,0,0,0,0,1
57585,0,0,0,0,0,0,0,0,1
57586,0,0,0,0,0,0,0,0,1
57587,0,0,0,0,0,0,0,0,1
57588,0,0,0,0,0,0,0,0,1
57589,0,0,0,0,0,0,0,0,1
57590,0,0,0,0,0,0,0,0,1
57591,0,0,0,0,0,0,0,0,1
57592,0,0,0,0,0,0,0,0,1
57593,0,0,0,0,0,0,0,0,1
57594,0,0,0,0,0,0,0,0,1
57595,0,0,0,0,0,0,0,0,1
57596,0,0,0,0,0,0,0,0,1
57597,0,0,0,0,0,0,0,0,1
57598,0,0,0,0,0,0,0,0,1
57599,0,0,0,0,0,0,0,0,1
57600,0,0,0,0,0,0,0,0,1
57601,0,0,0,0,0,0,0,0,1
57602,0,0,0,0,0,0,0,0,1
57603,0,0,0,0,0,0,0,0,1
57604,0,0,0,0,0,0,0,0,1
57605,0,0,0,0,0,0,0,0,1
57606,0,0,0,0,0,0,0,0,1
57607,0,0,0,0,0,0,0,0,1
57608,0,0,0,0,0,0,0,0,1
57609,0,0,0,0,0,0,0,0,1
57610,0,0,0,0,0,0,0,0,1
57611,0,0,0,0,0,0,0,0,1
57612,0,0,0,0,0,0,0,0,1
57613,0,0,0,0,0,0,0,0,1
57614,0,0,0,0,0,0,0,0,1
57615,0,0,0,0,0,0,0,0,1
57616,0,0,0,0,0,0,0,0,1
57617,0,0,0,0,0,0,0,0,1
57618,0,0,0,0,0,0,0,0,1
57619,0,0,0,0,0,0,0,0,1
57620,0,0,0,0,0,0,0,0,1
57621,0,0,0,0,0,0,0,0,1
57622,0,0,0,0,0,0,0,0,1
57623,0,0,0,0,0,0,0,0,1
57624,0,0,0,0,0,0,0,0,1
57625,0,0,0,0,0,0,0,0,1
57626,0,0,0,0,0,0,0,0,1
57627,0,0,0,0,0,0,0,0,1
57628,0,0,0,0,0,0,0,0,1
57629,0,0,0,0,0,0,0,0,1
57630,0,0,0,0,0,0,0,0,1
57631,0,0,0,0,0,0,0,0,1
57632,0,0,0,0,0,0,0,0,1
57633,0,0,0,0,0,0,0,0,1
57634,0,0,0,0,0,0,0,0,1
57635,0,0,0,0,0,0,0,0,1
57636,0,0,0,0,0,0,0,0,1
57637,0,0,0,0,0,0,0,0,1
57638,0,0,0,0,0,0,0,0,1
57639,0,0,0,0,0,0,0,0,1
57640,0,0,0,0,0,0,0,0,1
57641,0,0,0,0,0,0,0,0,1
57642,0,0,0,0,0,0,0,0,1
57643,0,0,0,0,0,0,0,0,1
57644,0,0,0,0,0,0,0,0,1
57645,0,0,0,0,0,0,0,0,1
57646,0,0,0,0,0,0,0,0,1
57647,0,0,0,0,0,0,0,0,1
57648,0,0,0,0,0,0,0,0,1
57649,0,0,0,0,0,0,0,0,1
57650,0,0,0,0,0,0,0,0,1
57651,0,0,0,0,0,0,0,0,1
57652,0,0,0,0,0,0,0,0,1
57653,0,0,0,0,0,0,0,0,1
57654,0,0,0,0,0,0,0,0,1
57655,0,0,0,0,0,0,0,0,1
57656,0,0,0,0,0,0,0,0,1
57657,0,0,0,0,0,0,0,0,1
57658,0,0,0,0,0,0,0,0,1
57659,0,0,0,0,0,0,0,0,1
57660,0,0,0,0,0,0,0,0,1
57661,0,0,0,0,0,0,0,0,1
57662,0,0,0,0,0,0,0,0,1
57663,0,0,0,0,0,0,0,0,1
57664,0,0,0,0,0,0,0,0,1
57665,0,0,0,0,0,0,0,0,1
57666,0,0,0,0,0,0,0,0,1
57667,0,0,0,0,0,0,0,0,1
57668,0,0,0,0,0,0,0,0,1
57669,0,0,0,0,0,0,0,0,1
57670,0,0,0,0,0,0,0,0,1
57671,0,0,0,0,0,0,0,0,1
57672,0,0,0,0,0,0,0,0,1
57673,0,0,0,0,0,0,0,0,1
57674,0,0,0,0,0,0,0,0,1
57675,0,0,0,0,0,0,0,0,1
57676,0,0,0,0,0,0,0,0,1
57677,0,0,0,0,0,0,0,0,1
57678,0,0,0,0,0,0,0,0,1
57679,0,0,0,0,0,0,0,0,1
57680,0,0,0,0,0,0,0,0,1
57681,0,0,0,0,0,0,0,0,1
57682,0,0,0,0,0,0,0,0,1
57683,0,0,0,0,0,0,0,0,1
57684,0,0,0,0,0,0,0,0,1
57685,0,0,0,0,0,0,0,0,1
57686,0,0,0,0,0,0,0,0,1
57687,0,0,0,0,0,0,0,0,1
57688,0,0,0,0,0,0,0,0,1
57689,0,0,0,0,0,0,0,0,1
57690,0,0,0,0,0,0,0,0,1
57691,0,0,0,0,0,0,0,0,1
57692,0,0,0,0,0,0,0,0,1
57693,0,0,0,0,0,0,0,0,1
57694,0,0,0,0,0,0,0,0,1
57695,0,0,0,0,0,0,0,0,1
57696,0,0,0,0,0,0,0,0,1
57697,0,0,0,0,0,0,0,0,1
57698,0,0,0,0,0,0,0,0,1
57699,0,0,0,0,0,0,0,0,1
57700,0,0,0,0,0,0,0,0,1
57701,0,0,0,0,0,0,0,0,1
57702,0,0,0,0,0,0,0,0,1
57703,0,0,0,0,0,0,0,0,1
57704,0,0,0,0,0,0,0,0,1
57705,0,0,0,0,0,0,0,0,1
57706,0,0,0,0,0,0,0,0,1
57707,0,0,0,0,0,0,0,0,1
57708,0,0,0,0,0,0,0,0,1
57709,0,0,0,0,0,0,0,0,1
57710,0,0,0,0,0,0,0,0,1
57711,0,0,0,0,0,0,0,0,1
57712,0,0,0,0,0,0,0,0,1
57713,0,0,0,0,0,0,0,0,1
57714,0,0,0,0,0,0,0,0,1
57715,0,0,0,0,0,0,0,0,1
57716,0,0,0,0,0,0,0,0,1
57717,0,0,0,0,0,0,0,0,1
57718,0,0,0,0,0,0,0,0,1
57719,0,0,0,0,0,0,0,0,1
57720,0,0,0,0,0,0,0,0,1
57721,0,0,0,0,0,0,0,0,1
57722,0,0,0,0,0,0,0,0,1
57723,0,0,0,0,0,0,0,0,1
57724,0,0,0,0,0,0,0,0,1
57725,0,0,0,0,0,0,0,0,1
57726,0,0,0,0,0,0,0,0,1
57727,0,0,0,0,0,0,0,0,1
57728,0,0,0,0,0,0,0,0,1
57729,0,0,0,0,0,0,0,0,1
57730,0,0,0,0,0,0,0,0,1
57731,0,0,0,0,0,0,0,0,1
57732,0,0,0,0,0,0,0,0,1
57733,0,0,0,0,0,0,0,0,1
57734,0,0,0,0,0,0,0,0,1
57735,0,0,0,0,0,0,0,0,1
57736,0,0,0,0,0,0,0,0,1
57737,0,0,0,0,0,0,0,0,1
57738,0,0,0,0,0,0,0,0,1
57739,0,0,0,0,0,0,0,0,1
57740,0,0,0,0,0,0,0,0,1
57741,0,0,0,0,0,0,0,0,1
57742,0,0,0,0,0,0,0,0,1
57743,0,0,0,0,0,0,0,0,1
57744,0,0,0,0,0,0,0,0,1
57745,0,0,0,0,0,0,0,0,1
57746,0,0,0,0,0,0,0,0,1
57747,0,0,0,0,0,0,0,0,1
57748,0,0,0,0,0,0,0,0,1
57749,0,0,0,0,0,0,0,0,1
57750,0,0,0,0,0,0,0,0,1
57751,0,0,0,0,0,0,0,0,1
57752,0,0,0,0,0,0,0,0,1
57753,0,0,0,0,0,0,0,0,1
57754,0,0,0,0,0,0,0,0,1
57755,0,0,0,0,0,0,0,0,1
57756,0,0,0,0,0,0,0,0,1
57757,0,0,0,0,0,0,0,0,1
57758,0,0,0,0,0,0,0,0,1
57759,0,0,0,0,0,0,0,0,1
57760,0,0,0,0,0,0,0,0,1
57761,0,0,0,0,0,0,0,0,1
57762,0,0,0,0,0,0,0,0,1
57763,0,0,0,0,0,0,0,0,1
57764,0,0,0,0,0,0,0,0,1
57765,0,0,0,0,0,0,0,0,1
57766,0,0,0,0,0,0,0,0,1
57767,0,0,0,0,0,0,0,0,1
57768,0,0,0,0,0,0,0,0,1
57769,0,0,0,0,0,0,0,0,1
57770,0,0,0,0,0,0,0,0,1
57771,0,0,0,0,0,0,0,0,1
57772,0,0,0,0,0,0,0,0,1
57773,0,0,0,0,0,0,0,0,1
57774,0,0,0,0,0,0,0,0,1
57775,0,0,0,0,0,0,0,0,1
57776,0,0,0,0,0,0,0,0,1
57777,0,0,0,0,0,0,0,0,1
57778,0,0,0,0,0,0,0,0,1
57779,0,0,0,0,0,0,0,0,1
57780,0,0,0,0,0,0,0,0,1
57781,0,0,0,0,0,0,0,0,1
57782,0,0,0,0,0,0,0,0,1
57783,0,0,0,0,0,0,0,0,1
57784,0,0,0,0,0,0,0,0,1
57785,0,0,0,0,0,0,0,0,1
57786,0,0,0,0,0,0,0,0,1
57787,0,0,0,0,0,0,0,0,1
57788,0,0,0,0,0,0,0,0,1
57789,0,0,0,0,0,0,0,0,1
57790,0,0,0,0,0,0,0,0,1
57791,0,0,0,0,0,0,0,0,1
57792,0,0,0,0,0,0,0,0,1
57793,0,0,0,0,0,0,0,0,1
57794,0,0,0,0,0,0,0,0,1
57795,0,0,0,0,0,0,0,0,1
57796,0,0,0,0,0,0,0,0,1
57797,0,0,0,0,0,0,0,0,1
57798,0,0,0,0,0,0,0,0,1
57799,0,0,0,0,0,0,0,0,1
57800,0,0,0,0,0,0,0,0,1
57801,0,0,0,0,0,0,0,0,1
57802,0,0,0,0,0,0,0,0,1
57803,0,0,0,0,0,0,0,0,1
57804,0,0,0,0,0,0,0,0,1
57805,0,0,0,0,0,0,0,0,1
57806,0,0,0,0,0,0,0,0,1
57807,0,0,0,0,0,0,0,0,1
57808,0,0,0,0,0,0,0,0,1
57809,0,0,0,0,0,0,0,0,1
57810,0,0,0,0,0,0,0,0,1
57811,0,0,0,0,0,0,0,0,1
57812,0,0,0,0,0,0,0,0,1
57813,0,0,0,0,0,0,0,0,1
57814,0,0,0,0,0,0,0,0,1
57815,0,0,0,0,0,0,0,0,1
57816,0,0,0,0,0,0,0,0,1
57817,0,0,0,0,0,0,0,0,1
57818,0,0,0,0,0,0,0,0,1
57819,0,0,0,0,0,0,0,0,1
57820,0,0,0,0,0,0,0,0,1
57821,0,0,0,0,0,0,0,0,1
57822,0,0,0,0,0,0,0,0,1
57823,0,0,0,0,0,0,0,0,1
57824,0,0,0,0,0,0,0,0,1
57825,0,0,0,0,0,0,0,0,1
57826,0,0,0,0,0,0,0,0,1
57827,0,0,0,0,0,0,0,0,1
57828,0,0,0,0,0,0,0,0,1
57829,0,0,0,0,0,0,0,0,1
57830,0,0,0,0,0,0,0,0,1
57831,0,0,0,0,0,0,0,0,1
57832,0,0,0,0,0,0,0,0,1
57833,0,0,0,0,0,0,0,0,1
57834,0,0,0,0,0,0,0,0,1
57835,0,0,0,0,0,0,0,0,1
57836,0,0,0,0,0,0,0,0,1
57837,0,0,0,0,0,0,0,0,1
57838,0,0,0,0,0,0,0,0,1
57839,0,0,0,0,0,0,0,0,1
57840,0,0,0,0,0,0,0,0,1
57841,0,0,0,0,0,0,0,0,1
57842,0,0,0,0,0,0,0,0,1
57843,0,0,0,0,0,0,0,0,1
57844,0,0,0,0,0,0,0,0,1
57845,0,0,0,0,0,0,0,0,1
57846,0,0,0,0,0,0,0,0,1
57847,0,0,0,0,0,0,0,0,1
57848,0,0,0,0,0,0,0,0,1
57849,0,0,0,0,0,0,0,0,1
57850,0,0,0,0,0,0,0,0,1
57851,0,0,0,0,0,0,0,0,1
57852,0,0,0,0,0,0,0,0,1
57853,0,0,0,0,0,0,0,0,1
57854,0,0,0,0,0,0,0,0,1
57855,0,0,0,0,0,0,0,0,1
57856,0,0,0,0,0,0,0,0,1
57857,0,0,0,0,0,0,0,0,1
57858,0,0,0,0,0,0,0,0,1
57859,0,0,0,0,0,0,0,0,1
57860,0,0,0,0,0,0,0,0,1
57861,0,0,0,0,0,0,0,0,1
57862,0,0,0,0,0,0,0,0,1
57863,0,0,0,0,0,0,0,0,1
57864,0,0,0,0,0,0,0,0,1
57865,0,0,0,0,0,0,0,0,1
57866,0,0,0,0,0,0,0,0,1
57867,0,0,0,0,0,0,0,0,1
57868,0,0,0,0,0,0,0,0,1
57869,0,0,0,0,0,0,0,0,1
57870,0,0,0,0,0,0,0,0,1
57871,0,0,0,0,0,0,0,0,1
57872,0,0,0,0,0,0,0,0,1
57873,0,0,0,0,0,0,0,0,1
57874,0,0,0,0,0,0,0,0,1
57875,0,0,0,0,0,0,0,0,1
57876,0,0,0,0,0,0,0,0,1
57877,0,0,0,0,0,0,0,0,1
57878,0,0,0,0,0,0,0,0,1
57879,0,0,0,0,0,0,0,0,1
57880,0,0,0,0,0,0,0,0,1
57881,0,0,0,0,0,0,0,0,1
57882,0,0,0,0,0,0,0,0,1
57883,0,0,0,0,0,0,0,0,1
57884,0,0,0,0,0,0,0,0,1
57885,0,0,0,0,0,0,0,0,1
57886,0,0,0,0,0,0,0,0,1
57887,0,0,0,0,0,0,0,0,1
57888,0,0,0,0,0,0,0,0,1
57889,0,0,0,0,0,0,0,0,1
57890,0,0,0,0,0,0,0,0,1
57891,0,0,0,0,0,0,0,0,1
57892,0,0,0,0,0,0,0,0,1
57893,0,0,0,0,0,0,0,0,1
57894,0,0,0,0,0,0,0,0,1
57895,0,0,0,0,0,0,0,0,1
57896,0,0,0,0,0,0,0,0,1
57897,0,0,0,0,0,0,0,0,1
57898,0,0,0,0,0,0,0,0,1
57899,0,0,0,0,0,0,0,0,1
57900,0,0,0,0,0,0,0,0,1
57901,0,0,0,0,0,0,0,0,1
57902,0,0,0,0,0,0,0,0,1
57903,0,0,0,0,0,0,0,0,1
57904,0,0,0,0,0,0,0,0,1
57905,0,0,0,0,0,0,0,0,1
57906,0,0,0,0,0,0,0,0,1
57907,0,0,0,0,0,0,0,0,1
57908,0,0,0,0,0,0,0,0,1
57909,0,0,0,0,0,0,0,0,1
57910,0,0,0,0,0,0,0,0,1
57911,0,0,0,0,0,0,0,0,1
57912,0,0,0,0,0,0,0,0,1
57913,0,0,0,0,0,0,0,0,1
57914,0,0,0,0,0,0,0,0,1
57915,0,0,0,0,0,0,0,0,1
57916,0,0,0,0,0,0,0,0,1
57917,0,0,0,0,0,0,0,0,1
57918,0,0,0,0,0,0,0,0,1
57919,0,0,0,0,0,0,0,0,1
57920,0,0,0,0,0,0,0,0,1
57921,0,0,0,0,0,0,0,0,1
57922,0,0,0,0,0,0,0,0,1
57923,0,0,0,0,0,0,0,0,1
57924,0,0,0,0,0,0,0,0,1
57925,0,0,0,0,0,0,0,0,1
57926,0,0,0,0,0,0,0,0,1
57927,0,0,0,0,0,0,0,0,1
57928,0,0,0,0,0,0,0,0,1
57929,0,0,0,0,0,0,0,0,1
57930,0,0,0,0,0,0,0,0,1
57931,0,0,0,0,0,0,0,0,1
57932,0,0,0,0,0,0,0,0,1
57933,0,0,0,0,0,0,0,0,1
57934,0,0,0,0,0,0,0,0,1
57935,0,0,0,0,0,0,0,0,1
57936,0,0,0,0,0,0,0,0,1
57937,0,0,0,0,0,0,0,0,1
57938,0,0,0,0,0,0,0,0,1
57939,0,0,0,0,0,0,0,0,1
57940,0,0,0,0,0,0,0,0,1
57941,0,0,0,0,0,0,0,0,1
57942,0,0,0,0,0,0,0,0,1
57943,0,0,0,0,0,0,0,0,1
57944,0,0,0,0,0,0,0,0,1
57945,0,0,0,0,0,0,0,0,1
57946,0,0,0,0,0,0,0,0,1
57947,0,0,0,0,0,0,0,0,1
57948,0,0,0,0,0,0,0,0,1
57949,0,0,0,0,0,0,0,0,1
57950,0,0,0,0,0,0,0,0,1
57951,0,0,0,0,0,0,0,0,1
57952,0,0,0,0,0,0,0,0,1
57953,0,0,0,0,0,0,0,0,1
57954,0,0,0,0,0,0,0,0,1
57955,0,0,0,0,0,0,0,0,1
57956,0,0,0,0,0,0,0,0,1
57957,0,0,0,0,0,0,0,0,1
57958,0,0,0,0,0,0,0,0,1
57959,0,0,0,0,0,0,0,0,1
57960,0,0,0,0,0,0,0,0,1
57961,0,0,0,0,0,0,0,0,1
57962,0,0,0,0,0,0,0,0,1
57963,0,0,0,0,0,0,0,0,1
57964,0,0,0,0,0,0,0,0,1
57965,0,0,0,0,0,0,0,0,1
57966,0,0,0,0,0,0,0,0,1
57967,0,0,0,0,0,0,0,0,1
57968,0,0,0,0,0,0,0,0,1
57969,0,0,0,0,0,0,0,0,1
57970,0,0,0,0,0,0,0,0,1
57971,0,0,0,0,0,0,0,0,1
57972,0,0,0,0,0,0,0,0,1
57973,0,0,0,0,0,0,0,0,1
57974,0,0,0,0,0,0,0,0,1
57975,0,0,0,0,0,0,0,0,1
57976,0,0,0,0,0,0,0,0,1
57977,0,0,0,0,0,0,0,0,1
57978,0,0,0,0,0,0,0,0,1
57979,0,0,0,0,0,0,0,0,1
57980,0,0,0,0,0,0,0,0,1
57981,0,0,0,0,0,0,0,0,1
57982,0,0,0,0,0,0,0,0,1
57983,0,0,0,0,0,0,0,0,1
57984,0,0,0,0,0,0,0,0,1
57985,0,0,0,0,0,0,0,0,1
57986,0,0,0,0,0,0,0,0,1
57987,0,0,0,0,0,0,0,0,1
57988,0,0,0,0,0,0,0,0,1
57989,0,0,0,0,0,0,0,0,1
57990,0,0,0,0,0,0,0,0,1
57991,0,0,0,0,0,0,0,0,1
57992,0,0,0,0,0,0,0,0,1
57993,0,0,0,0,0,0,0,0,1
57994,0,0,0,0,0,0,0,0,1
57995,0,0,0,0,0,0,0,0,1
57996,0,0,0,0,0,0,0,0,1
57997,0,0,0,0,0,0,0,0,1
57998,0,0,0,0,0,0,0,0,1
57999,0,0,0,0,0,0,0,0,1
58000,0,0,0,0,0,0,0,0,1
58001,0,0,0,0,0,0,0,0,1
58002,0,0,0,0,0,0,0,0,1
58003,0,0,0,0,0,0,0,0,1
58004,0,0,0,0,0,0,0,0,1
58005,0,0,0,0,0,0,0,0,1
58006,0,0,0,0,0,0,0,0,1
58007,0,0,0,0,0,0,0,0,1
58008,0,0,0,0,0,0,0,0,1
58009,0,0,0,0,0,0,0,0,1
58010,0,0,0,0,0,0,0,0,1
58011,0,0,0,0,0,0,0,0,1
58012,0,0,0,0,0,0,0,0,1
58013,0,0,0,0,0,0,0,0,1
58014,0,0,0,0,0,0,0,0,1
58015,0,0,0,0,0,0,0,0,1
58016,0,0,0,0,0,0,0,0,1
58017,0,0,0,0,0,0,0,0,1
58018,0,0,0,0,0,0,0,0,1
58019,0,0,0,0,0,0,0,0,1
58020,0,0,0,0,0,0,0,0,1
58021,0,0,0,0,0,0,0,0,1
58022,0,0,0,0,0,0,0,0,1
58023,0,0,0,0,0,0,0,0,1
58024,0,0,0,0,0,0,0,0,1
58025,0,0,0,0,0,0,0,0,1
58026,0,0,0,0,0,0,0,0,1
58027,0,0,0,0,0,0,0,0,1
58028,0,0,0,0,0,0,0,0,1
58029,0,0,0,0,0,0,0,0,1
58030,0,0,0,0,0,0,0,0,1
58031,0,0,0,0,0,0,0,0,1
58032,0,0,0,0,0,0,0,0,1
58033,0,0,0,0,0,0,0,0,1
58034,0,0,0,0,0,0,0,0,1
58035,0,0,0,0,0,0,0,0,1
58036,0,0,0,0,0,0,0,0,1
58037,0,0,0,0,0,0,0,0,1
58038,0,0,0,0,0,0,0,0,1
58039,0,0,0,0,0,0,0,0,1
58040,0,0,0,0,0,0,0,0,1
58041,0,0,0,0,0,0,0,0,1
58042,0,0,0,0,0,0,0,0,1
58043,0,0,0,0,0,0,0,0,1
58044,0,0,0,0,0,0,0,0,1
58045,0,0,0,0,0,0,0,0,1
58046,0,0,0,0,0,0,0,0,1
58047,0,0,0,0,0,0,0,0,1
58048,0,0,0,0,0,0,0,0,1
58049,0,0,0,0,0,0,0,0,1
58050,0,0,0,0,0,0,0,0,1
58051,0,0,0,0,0,0,0,0,1
58052,0,0,0,0,0,0,0,0,1
58053,0,0,0,0,0,0,0,0,1
58054,0,0,0,0,0,0,0,0,1
58055,0,0,0,0,0,0,0,0,1
58056,0,0,0,0,0,0,0,0,1
58057,0,0,0,0,0,0,0,0,1
58058,0,0,0,0,0,0,0,0,1
58059,0,0,0,0,0,0,0,0,1
58060,0,0,0,0,0,0,0,0,1
58061,0,0,0,0,0,0,0,0,1
58062,0,0,0,0,0,0,0,0,1
58063,0,0,0,0,0,0,0,0,1
58064,0,0,0,0,0,0,0,0,1
58065,0,0,0,0,0,0,0,0,1
58066,0,0,0,0,0,0,0,0,1
58067,0,0,0,0,0,0,0,0,1
58068,0,0,0,0,0,0,0,0,1
58069,0,0,0,0,0,0,0,0,1
58070,0,0,0,0,0,0,0,0,1
58071,0,0,0,0,0,0,0,0,1
58072,0,0,0,0,0,0,0,0,1
58073,0,0,0,0,0,0,0,0,1
58074,0,0,0,0,0,0,0,0,1
58075,0,0,0,0,0,0,0,0,1
58076,0,0,0,0,0,0,0,0,1
58077,0,0,0,0,0,0,0,0,1
58078,0,0,0,0,0,0,0,0,1
58079,0,0,0,0,0,0,0,0,1
58080,0,0,0,0,0,0,0,0,1
58081,0,0,0,0,0,0,0,0,1
58082,0,0,0,0,0,0,0,0,1
58083,0,0,0,0,0,0,0,0,1
58084,0,0,0,0,0,0,0,0,1
58085,0,0,0,0,0,0,0,0,1
58086,0,0,0,0,0,0,0,0,1
58087,0,0,0,0,0,0,0,0,1
58088,0,0,0,0,0,0,0,0,1
58089,0,0,0,0,0,0,0,0,1
58090,0,0,0,0,0,0,0,0,1
58091,0,0,0,0,0,0,0,0,1
58092,0,0,0,0,0,0,0,0,1
58093,0,0,0,0,0,0,0,0,1
58094,0,0,0,0,0,0,0,0,1
58095,0,0,0,0,0,0,0,0,1
58096,0,0,0,0,0,0,0,0,1
58097,0,0,0,0,0,0,0,0,1
58098,0,0,0,0,0,0,0,0,1
58099,0,0,0,0,0,0,0,0,1
58100,0,0,0,0,0,0,0,0,1
58101,0,0,0,0,0,0,0,0,1
58102,0,0,0,0,0,0,0,0,1
58103,0,0,0,0,0,0,0,0,1
58104,0,0,0,0,0,0,0,0,1
58105,0,0,0,0,0,0,0,0,1
58106,0,0,0,0,0,0,0,0,1
58107,0,0,0,0,0,0,0,0,1
58108,0,0,0,0,0,0,0,0,1
58109,0,0,0,0,0,0,0,0,1
58110,0,0,0,0,0,0,0,0,1
58111,0,0,0,0,0,0,0,0,1
58112,0,0,0,0,0,0,0,0,1
58113,0,0,0,0,0,0,0,0,1
58114,0,0,0,0,0,0,0,0,1
58115,0,0,0,0,0,0,0,0,1
58116,0,0,0,0,0,0,0,0,1
58117,0,0,0,0,0,0,0,0,1
58118,0,0,0,0,0,0,0,0,1
58119,0,0,0,0,0,0,0,0,1
58120,0,0,0,0,0,0,0,0,1
58121,0,0,0,0,0,0,0,0,1
58122,0,0,0,0,0,0,0,0,1
58123,0,0,0,0,0,0,0,0,1
58124,0,0,0,0,0,0,0,0,1
58125,0,0,0,0,0,0,0,0,1
58126,0,0,0,0,0,0,0,0,1
58127,0,0,0,0,0,0,0,0,1
58128,0,0,0,0,0,0,0,0,1
58129,0,0,0,0,0,0,0,0,1
58130,0,0,0,0,0,0,0,0,1
58131,0,0,0,0,0,0,0,0,1
58132,0,0,0,0,0,0,0,0,1
58133,0,0,0,0,0,0,0,0,1
58134,0,0,0,0,0,0,0,0,1
58135,0,0,0,0,0,0,0,0,1
58136,0,0,0,0,0,0,0,0,1
58137,0,0,0,0,0,0,0,0,1
58138,0,0,0,0,0,0,0,0,1
58139,0,0,0,0,0,0,0,0,1
58140,0,0,0,0,0,0,0,0,1
58141,0,0,0,0,0,0,0,0,1
58142,0,0,0,0,0,0,0,0,1
58143,0,0,0,0,0,0,0,0,1
58144,0,0,0,0,0,0,0,0,1
58145,0,0,0,0,0,0,0,0,1
58146,0,0,0,0,0,0,0,0,1
58147,0,0,0,0,0,0,0,0,1
58148,0,0,0,0,0,0,0,0,1
58149,0,0,0,0,0,0,0,0,1
58150,0,0,0,0,0,0,0,0,1
58151,0,0,0,0,0,0,0,0,1
58152,0,0,0,0,0,0,0,0,1
58153,0,0,0,0,0,0,0,0,1
58154,0,0,0,0,0,0,0,0,1
58155,0,0,0,0,0,0,0,0,1
58156,0,0,0,0,0,0,0,0,1
58157,0,0,0,0,0,0,0,0,1
58158,0,0,0,0,0,0,0,0,1
58159,0,0,0,0,0,0,0,0,1
58160,0,0,0,0,0,0,0,0,1
58161,0,0,0,0,0,0,0,0,1
58162,0,0,0,0,0,0,0,0,1
58163,0,0,0,0,0,0,0,0,1
58164,0,0,0,0,0,0,0,0,1
58165,0,0,0,0,0,0,0,0,1
58166,0,0,0,0,0,0,0,0,1
58167,0,0,0,0,0,0,0,0,1
58168,0,0,0,0,0,0,0,0,1
58169,0,0,0,0,0,0,0,0,1
58170,0,0,0,0,0,0,0,0,1
58171,0,0,0,0,0,0,0,0,1
58172,0,0,0,0,0,0,0,0,1
58173,0,0,0,0,0,0,0,0,1
58174,0,0,0,0,0,0,0,0,1
58175,0,0,0,0,0,0,0,0,1
58176,0,0,0,0,0,0,0,0,1
58177,0,0,0,0,0,0,0,0,1
58178,0,0,0,0,0,0,0,0,1
58179,0,0,0,0,0,0,0,0,1
58180,0,0,0,0,0,0,0,0,1
58181,0,0,0,0,0,0,0,0,1
58182,0,0,0,0,0,0,0,0,1
58183,0,0,0,0,0,0,0,0,1
58184,0,0,0,0,0,0,0,0,1
58185,0,0,0,0,0,0,0,0,1
58186,0,0,0,0,0,0,0,0,1
58187,0,0,0,0,0,0,0,0,1
58188,0,0,0,0,0,0,0,0,1
58189,0,0,0,0,0,0,0,0,1
58190,0,0,0,0,0,0,0,0,1
58191,0,0,0,0,0,0,0,0,1
58192,0,0,0,0,0,0,0,0,1
58193,0,0,0,0,0,0,0,0,1
58194,0,0,0,0,0,0,0,0,1
58195,0,0,0,0,0,0,0,0,1
58196,0,0,0,0,0,0,0,0,1
58197,0,0,0,0,0,0,0,0,1
58198,0,0,0,0,0,0,0,0,1
58199,0,0,0,0,0,0,0,0,1
58200,0,0,0,0,0,0,0,0,1
58201,0,0,0,0,0,0,0,0,1
58202,0,0,0,0,0,0,0,0,1
58203,0,0,0,0,0,0,0,0,1
58204,0,0,0,0,0,0,0,0,1
58205,0,0,0,0,0,0,0,0,1
58206,0,0,0,0,0,0,0,0,1
58207,0,0,0,0,0,0,0,0,1
58208,0,0,0,0,0,0,0,0,1
58209,0,0,0,0,0,0,0,0,1
58210,0,0,0,0,0,0,0,0,1
58211,0,0,0,0,0,0,0,0,1
58212,0,0,0,0,0,0,0,0,1
58213,0,0,0,0,0,0,0,0,1
58214,0,0,0,0,0,0,0,0,1
58215,0,0,0,0,0,0,0,0,1
58216,0,0,0,0,0,0,0,0,1
58217,0,0,0,0,0,0,0,0,1
58218,0,0,0,0,0,0,0,0,1
58219,0,0,0,0,0,0,0,0,1
58220,0,0,0,0,0,0,0,0,1
58221,0,0,0,0,0,0,0,0,1
58222,0,0,0,0,0,0,0,0,1
58223,0,0,0,0,0,0,0,0,1
58224,0,0,0,0,0,0,0,0,1
58225,0,0,0,0,0,0,0,0,1
58226,0,0,0,0,0,0,0,0,1
58227,0,0,0,0,0,0,0,0,1
58228,0,0,0,0,0,0,0,0,1
58229,0,0,0,0,0,0,0,0,1
58230,0,0,0,0,0,0,0,0,1
58231,0,0,0,0,0,0,0,0,1
58232,0,0,0,0,0,0,0,0,1
58233,0,0,0,0,0,0,0,0,1
58234,0,0,0,0,0,0,0,0,1
58235,0,0,0,0,0,0,0,0,1
58236,0,0,0,0,0,0,0,0,1
58237,0,0,0,0,0,0,0,0,1
58238,0,0,0,0,0,0,0,0,1
58239,0,0,0,0,0,0,0,0,1
58240,0,0,0,0,0,0,0,0,1
58241,0,0,0,0,0,0,0,0,1
58242,0,0,0,0,0,0,0,0,1
58243,0,0,0,0,0,0,0,0,1
58244,0,0,0,0,0,0,0,0,1
58245,0,0,0,0,0,0,0,0,1
58246,0,0,0,0,0,0,0,0,1
58247,0,0,0,0,0,0,0,0,1
58248,0,0,0,0,0,0,0,0,1
58249,0,0,0,0,0,0,0,0,1
58250,0,0,0,0,0,0,0,0,1
58251,0,0,0,0,0,0,0,0,1
58252,0,0,0,0,0,0,0,0,1
58253,0,0,0,0,0,0,0,0,1
58254,0,0,0,0,0,0,0,0,1
58255,0,0,0,0,0,0,0,0,1
58256,0,0,0,0,0,0,0,0,1
58257,0,0,0,0,0,0,0,0,1
58258,0,0,0,0,0,0,0,0,1
58259,0,0,0,0,0,0,0,0,1
58260,0,0,0,0,0,0,0,0,1
58261,0,0,0,0,0,0,0,0,1
58262,0,0,0,0,0,0,0,0,1
58263,0,0,0,0,0,0,0,0,1
58264,0,0,0,0,0,0,0,0,1
58265,0,0,0,0,0,0,0,0,1
58266,0,0,0,0,0,0,0,0,1
58267,0,0,0,0,0,0,0,0,1
58268,0,0,0,0,0,0,0,0,1
58269,0,0,0,0,0,0,0,0,1
58270,0,0,0,0,0,0,0,0,1
58271,0,0,0,0,0,0,0,0,1
58272,0,0,0,0,0,0,0,0,1
58273,0,0,0,0,0,0,0,0,1
58274,0,0,0,0,0,0,0,0,1
58275,0,0,0,0,0,0,0,0,1
58276,0,0,0,0,0,0,0,0,1
58277,0,0,0,0,0,0,0,0,1
58278,0,0,0,0,0,0,0,0,1
58279,0,0,0,0,0,0,0,0,1
58280,0,0,0,0,0,0,0,0,1
58281,0,0,0,0,0,0,0,0,1
58282,0,0,0,0,0,0,0,0,1
58283,0,0,0,0,0,0,0,0,1
58284,0,0,0,0,0,0,0,0,1
58285,0,0,0,0,0,0,0,0,1
58286,0,0,0,0,0,0,0,0,1
58287,0,0,0,0,0,0,0,0,1
58288,0,0,0,0,0,0,0,0,1
58289,0,0,0,0,0,0,0,0,1
58290,0,0,0,0,0,0,0,0,1
58291,0,0,0,0,0,0,0,0,1
58292,0,0,0,0,0,0,0,0,1
58293,0,0,0,0,0,0,0,0,1
58294,0,0,0,0,0,0,0,0,1
58295,0,0,0,0,0,0,0,0,1
58296,0,0,0,0,0,0,0,0,1
58297,0,0,0,0,0,0,0,0,1
58298,0,0,0,0,0,0,0,0,1
58299,0,0,0,0,0,0,0,0,1
58300,0,0,0,0,0,0,0,0,1
58301,0,0,0,0,0,0,0,0,1
58302,0,0,0,0,0,0,0,0,1
58303,0,0,0,0,0,0,0,0,1
58304,0,0,0,0,0,0,0,0,1
58305,0,0,0,0,0,0,0,0,1
58306,0,0,0,0,0,0,0,0,1
58307,0,0,0,0,0,0,0,0,1
58308,0,0,0,0,0,0,0,0,1
58309,0,0,0,0,0,0,0,0,1
58310,0,0,0,0,0,0,0,0,1
58311,0,0,0,0,0,0,0,0,1
58312,0,0,0,0,0,0,0,0,1
58313,0,0,0,0,0,0,0,0,1
58314,0,0,0,0,0,0,0,0,1
58315,0,0,0,0,0,0,0,0,1
58316,0,0,0,0,0,0,0,0,1
58317,0,0,0,0,0,0,0,0,1
58318,0,0,0,0,0,0,0,0,1
58319,0,0,0,0,0,0,0,0,1
58320,0,0,0,0,0,0,0,0,1
58321,0,0,0,0,0,0,0,0,1
58322,0,0,0,0,0,0,0,0,1
58323,0,0,0,0,0,0,0,0,1
58324,0,0,0,0,0,0,0,0,1
58325,0,0,0,0,0,0,0,0,1
58326,0,0,0,0,0,0,0,0,1
58327,0,0,0,0,0,0,0,0,1
58328,0,0,0,0,0,0,0,0,1
58329,0,0,0,0,0,0,0,0,1
58330,0,0,0,0,0,0,0,0,1
58331,0,0,0,0,0,0,0,0,1
58332,0,0,0,0,0,0,0,0,1
58333,0,0,0,0,0,0,0,0,1
58334,0,0,0,0,0,0,0,0,1
58335,0,0,0,0,0,0,0,0,1
58336,0,0,0,0,0,0,0,0,1
58337,0,0,0,0,0,0,0,0,1
58338,0,0,0,0,0,0,0,0,1
58339,0,0,0,0,0,0,0,0,1
58340,0,0,0,0,0,0,0,0,1
58341,0,0,0,0,0,0,0,0,1
58342,0,0,0,0,0,0,0,0,1
58343,0,0,0,0,0,0,0,0,1
58344,0,0,0,0,0,0,0,0,1
58345,0,0,0,0,0,0,0,0,1
58346,0,0,0,0,0,0,0,0,1
58347,0,0,0,0,0,0,0,0,1
58348,0,0,0,0,0,0,0,0,1
58349,0,0,0,0,0,0,0,0,1
58350,0,0,0,0,0,0,0,0,1
58351,0,0,0,0,0,0,0,0,1
58352,0,0,0,0,0,0,0,0,1
58353,0,0,0,0,0,0,0,0,1
58354,0,0,0,0,0,0,0,0,1
58355,0,0,0,0,0,0,0,0,1
58356,0,0,0,0,0,0,0,0,1
58357,0,0,0,0,0,0,0,0,1
58358,0,0,0,0,0,0,0,0,1
58359,0,0,0,0,0,0,0,0,1
58360,0,0,0,0,0,0,0,0,1
58361,0,0,0,0,0,0,0,0,1
58362,0,0,0,0,0,0,0,0,1
58363,0,0,0,0,0,0,0,0,1
58364,0,0,0,0,0,0,0,0,1
58365,0,0,0,0,0,0,0,0,1
58366,0,0,0,0,0,0,0,0,1
58367,0,0,0,0,0,0,0,0,1
58368,0,0,0,0,0,0,0,0,1
58369,0,0,0,0,0,0,0,0,1
58370,0,0,0,0,0,0,0,0,1
58371,0,0,0,0,0,0,0,0,1
58372,0,0,0,0,0,0,0,0,1
58373,0,0,0,0,0,0,0,0,1
58374,0,0,0,0,0,0,0,0,1
58375,0,0,0,0,0,0,0,0,1
58376,0,0,0,0,0,0,0,0,1
58377,0,0,0,0,0,0,0,0,1
58378,0,0,0,0,0,0,0,0,1
58379,0,0,0,0,0,0,0,0,1
58380,0,0,0,0,0,0,0,0,1
58381,0,0,0,0,0,0,0,0,1
58382,0,0,0,0,0,0,0,0,1
58383,0,0,0,0,0,0,0,0,1
58384,0,0,0,0,0,0,0,0,1
58385,0,0,0,0,0,0,0,0,1
58386,0,0,0,0,0,0,0,0,1
58387,0,0,0,0,0,0,0,0,1
58388,0,0,0,0,0,0,0,0,1
58389,0,0,0,0,0,0,0,0,1
58390,0,0,0,0,0,0,0,0,1
58391,0,0,0,0,0,0,0,0,1
58392,0,0,0,0,0,0,0,0,1
58393,0,0,0,0,0,0,0,0,1
58394,0,0,0,0,0,0,0,0,1
58395,0,0,0,0,0,0,0,0,1
58396,0,0,0,0,0,0,0,0,1
58397,0,0,0,0,0,0,0,0,1
58398,0,0,0,0,0,0,0,0,1
58399,0,0,0,0,0,0,0,0,1
58400,0,0,0,0,0,0,0,0,1
58401,0,0,0,0,0,0,0,0,1
58402,0,0,0,0,0,0,0,0,1
58403,0,0,0,0,0,0,0,0,1
58404,0,0,0,0,0,0,0,0,1
58405,0,0,0,0,0,0,0,0,1
58406,0,0,0,0,0,0,0,0,1
58407,0,0,0,0,0,0,0,0,1
58408,0,0,0,0,0,0,0,0,1
58409,0,0,0,0,0,0,0,0,1
58410,0,0,0,0,0,0,0,0,1
58411,0,0,0,0,0,0,0,0,1
58412,0,0,0,0,0,0,0,0,1
58413,0,0,0,0,0,0,0,0,1
58414,0,0,0,0,0,0,0,0,1
58415,0,0,0,0,0,0,0,0,1
58416,0,0,0,0,0,0,0,0,1
58417,0,0,0,0,0,0,0,0,1
58418,0,0,0,0,0,0,0,0,1
58419,0,0,0,0,0,0,0,0,1
58420,0,0,0,0,0,0,0,0,1
58421,0,0,0,0,0,0,0,0,1
58422,0,0,0,0,0,0,0,0,1
58423,0,0,0,0,0,0,0,0,1
58424,0,0,0,0,0,0,0,0,1
58425,0,0,0,0,0,0,0,0,1
58426,0,0,0,0,0,0,0,0,1
58427,0,0,0,0,0,0,0,0,1
58428,0,0,0,0,0,0,0,0,1
58429,0,0,0,0,0,0,0,0,1
58430,0,0,0,0,0,0,0,0,1
58431,0,0,0,0,0,0,0,0,1
58432,0,0,0,0,0,0,0,0,1
58433,0,0,0,0,0,0,0,0,1
58434,0,0,0,0,0,0,0,0,1
58435,0,0,0,0,0,0,0,0,1
58436,0,0,0,0,0,0,0,0,1
58437,0,0,0,0,0,0,0,0,1
58438,0,0,0,0,0,0,0,0,1
58439,0,0,0,0,0,0,0,0,1
58440,0,0,0,0,0,0,0,0,1
58441,0,0,0,0,0,0,0,0,1
58442,0,0,0,0,0,0,0,0,1
58443,0,0,0,0,0,0,0,0,1
58444,0,0,0,0,0,0,0,0,1
58445,0,0,0,0,0,0,0,0,1
58446,0,0,0,0,0,0,0,0,1
58447,0,0,0,0,0,0,0,0,1
58448,0,0,0,0,0,0,0,0,1
58449,0,0,0,0,0,0,0,0,1
58450,0,0,0,0,0,0,0,0,1
58451,0,0,0,0,0,0,0,0,1
58452,0,0,0,0,0,0,0,0,1
58453,0,0,0,0,0,0,0,0,1
58454,0,0,0,0,0,0,0,0,1
58455,0,0,0,0,0,0,0,0,1
58456,0,0,0,0,0,0,0,0,1
58457,0,0,0,0,0,0,0,0,1
58458,0,0,0,0,0,0,0,0,1
58459,0,0,0,0,0,0,0,0,1
58460,0,0,0,0,0,0,0,0,1
58461,0,0,0,0,0,0,0,0,1
58462,0,0,0,0,0,0,0,0,1
58463,0,0,0,0,0,0,0,0,1
58464,0,0,0,0,0,0,0,0,1
58465,0,0,0,0,0,0,0,0,1
58466,0,0,0,0,0,0,0,0,1
58467,0,0,0,0,0,0,0,0,1
58468,0,0,0,0,0,0,0,0,1
58469,0,0,0,0,0,0,0,0,1
58470,0,0,0,0,0,0,0,0,1
58471,0,0,0,0,0,0,0,0,1
58472,0,0,0,0,0,0,0,0,1
58473,0,0,0,0,0,0,0,0,1
58474,0,0,0,0,0,0,0,0,1
58475,0,0,0,0,0,0,0,0,1
58476,0,0,0,0,0,0,0,0,1
58477,0,0,0,0,0,0,0,0,1
58478,0,0,0,0,0,0,0,0,1
58479,0,0,0,0,0,0,0,0,1
58480,0,0,0,0,0,0,0,0,1
58481,0,0,0,0,0,0,0,0,1
58482,0,0,0,0,0,0,0,0,1
58483,0,0,0,0,0,0,0,0,1
58484,0,0,0,0,0,0,0,0,1
58485,0,0,0,0,0,0,0,0,1
58486,0,0,0,0,0,0,0,0,1
58487,0,0,0,0,0,0,0,0,1
58488,0,0,0,0,0,0,0,0,1
58489,0,0,0,0,0,0,0,0,1
58490,0,0,0,0,0,0,0,0,1
58491,0,0,0,0,0,0,0,0,1
58492,0,0,0,0,0,0,0,0,1
58493,0,0,0,0,0,0,0,0,1
58494,0,0,0,0,0,0,0,0,1
58495,0,0,0,0,0,0,0,0,1
58496,0,0,0,0,0,0,0,0,1
58497,0,0,0,0,0,0,0,0,1
58498,0,0,0,0,0,0,0,0,1
58499,0,0,0,0,0,0,0,0,1
58500,0,0,0,0,0,0,0,0,1
58501,0,0,0,0,0,0,0,0,1
58502,0,0,0,0,0,0,0,0,1
58503,0,0,0,0,0,0,0,0,1
58504,0,0,0,0,0,0,0,0,1
58505,0,0,0,0,0,0,0,0,1
58506,0,0,0,0,0,0,0,0,1
58507,0,0,0,0,0,0,0,0,1
58508,0,0,0,0,0,0,0,0,1
58509,0,0,0,0,0,0,0,0,1
58510,0,0,0,0,0,0,0,0,1
58511,0,0,0,0,0,0,0,0,1
58512,0,0,0,0,0,0,0,0,1
58513,0,0,0,0,0,0,0,0,1
58514,0,0,0,0,0,0,0,0,1
58515,0,0,0,0,0,0,0,0,1
58516,0,0,0,0,0,0,0,0,1
58517,0,0,0,0,0,0,0,0,1
58518,0,0,0,0,0,0,0,0,1
58519,0,0,0,0,0,0,0,0,1
58520,0,0,0,0,0,0,0,0,1
58521,0,0,0,0,0,0,0,0,1
58522,0,0,0,0,0,0,0,0,1
58523,0,0,0,0,0,0,0,0,1
58524,0,0,0,0,0,0,0,0,1
58525,0,0,0,0,0,0,0,0,1
58526,0,0,0,0,0,0,0,0,1
58527,0,0,0,0,0,0,0,0,1
58528,0,0,0,0,0,0,0,0,1
58529,0,0,0,0,0,0,0,0,1
58530,0,0,0,0,0,0,0,0,1
58531,0,0,0,0,0,0,0,0,1
58532,0,0,0,0,0,0,0,0,1
58533,0,0,0,0,0,0,0,0,1
58534,0,0,0,0,0,0,0,0,1
58535,0,0,0,0,0,0,0,0,1
58536,0,0,0,0,0,0,0,0,1
58537,0,0,0,0,0,0,0,0,1
58538,0,0,0,0,0,0,0,0,1
58539,0,0,0,0,0,0,0,0,1
58540,0,0,0,0,0,0,0,0,1
58541,0,0,0,0,0,0,0,0,1
58542,0,0,0,0,0,0,0,0,1
58543,0,0,0,0,0,0,0,0,1
58544,0,0,0,0,0,0,0,0,1
58545,0,0,0,0,0,0,0,0,1
58546,0,0,0,0,0,0,0,0,1
58547,0,0,0,0,0,0,0,0,1
58548,0,0,0,0,0,0,0,0,1
58549,0,0,0,0,0,0,0,0,1
58550,0,0,0,0,0,0,0,0,1
58551,0,0,0,0,0,0,0,0,1
58552,0,0,0,0,0,0,0,0,1
58553,0,0,0,0,0,0,0,0,1
58554,0,0,0,0,0,0,0,0,1
58555,0,0,0,0,0,0,0,0,1
58556,0,0,0,0,0,0,0,0,1
58557,0,0,0,0,0,0,0,0,1
58558,0,0,0,0,0,0,0,0,1
58559,0,0,0,0,0,0,0,0,1
58560,0,0,0,0,0,0,0,0,1
58561,0,0,0,0,0,0,0,0,1
58562,0,0,0,0,0,0,0,0,1
58563,0,0,0,0,0,0,0,0,1
58564,0,0,0,0,0,0,0,0,1
58565,0,0,0,0,0,0,0,0,1
58566,0,0,0,0,0,0,0,0,1
58567,0,0,0,0,0,0,0,0,1
58568,0,0,0,0,0,0,0,0,1
58569,0,0,0,0,0,0,0,0,1
58570,0,0,0,0,0,0,0,0,1
58571,0,0,0,0,0,0,0,0,1
58572,0,0,0,0,0,0,0,0,1
58573,0,0,0,0,0,0,0,0,1
58574,0,0,0,0,0,0,0,0,1
58575,0,0,0,0,0,0,0,0,1
58576,0,0,0,0,0,0,0,0,1
58577,0,0,0,0,0,0,0,0,1
58578,0,0,0,0,0,0,0,0,1
58579,0,0,0,0,0,0,0,0,1
58580,0,0,0,0,0,0,0,0,1
58581,0,0,0,0,0,0,0,0,1
58582,0,0,0,0,0,0,0,0,1
58583,0,0,0,0,0,0,0,0,1
58584,0,0,0,0,0,0,0,0,1
58585,0,0,0,0,0,0,0,0,1
58586,0,0,0,0,0,0,0,0,1
58587,0,0,0,0,0,0,0,0,1
58588,0,0,0,0,0,0,0,0,1
58589,0,0,0,0,0,0,0,0,1
58590,0,0,0,0,0,0,0,0,1
58591,0,0,0,0,0,0,0,0,1
58592,0,0,0,0,0,0,0,0,1
58593,0,0,0,0,0,0,0,0,1
58594,0,0,0,0,0,0,0,0,1
58595,0,0,0,0,0,0,0,0,1
58596,0,0,0,0,0,0,0,0,1
58597,0,0,0,0,0,0,0,0,1
58598,0,0,0,0,0,0,0,0,1
58599,0,0,0,0,0,0,0,0,1
58600,0,0,0,0,0,0,0,0,1
58601,0,0,0,0,0,0,0,0,1
58602,0,0,0,0,0,0,0,0,1
58603,0,0,0,0,0,0,0,0,1
58604,0,0,0,0,0,0,0,0,1
58605,0,0,0,0,0,0,0,0,1
58606,0,0,0,0,0,0,0,0,1
58607,0,0,0,0,0,0,0,0,1
58608,0,0,0,0,0,0,0,0,1
58609,0,0,0,0,0,0,0,0,1
58610,0,0,0,0,0,0,0,0,1
58611,0,0,0,0,0,0,0,0,1
58612,0,0,0,0,0,0,0,0,1
58613,0,0,0,0,0,0,0,0,1
58614,0,0,0,0,0,0,0,0,1
58615,0,0,0,0,0,0,0,0,1
58616,0,0,0,0,0,0,0,0,1
58617,0,0,0,0,0,0,0,0,1
58618,0,0,0,0,0,0,0,0,1
58619,0,0,0,0,0,0,0,0,1
58620,0,0,0,0,0,0,0,0,1
58621,0,0,0,0,0,0,0,0,1
58622,0,0,0,0,0,0,0,0,1
58623,0,0,0,0,0,0,0,0,1
58624,0,0,0,0,0,0,0,0,1
58625,0,0,0,0,0,0,0,0,1
58626,0,0,0,0,0,0,0,0,1
58627,0,0,0,0,0,0,0,0,1
58628,0,0,0,0,0,0,0,0,1
58629,0,0,0,0,0,0,0,0,1
58630,0,0,0,0,0,0,0,0,1
58631,0,0,0,0,0,0,0,0,1
58632,0,0,0,0,0,0,0,0,1
58633,0,0,0,0,0,0,0,0,1
58634,0,0,0,0,0,0,0,0,1
58635,0,0,0,0,0,0,0,0,1
58636,0,0,0,0,0,0,0,0,1
58637,0,0,0,0,0,0,0,0,1
58638,0,0,0,0,0,0,0,0,1
58639,0,0,0,0,0,0,0,0,1
58640,0,0,0,0,0,0,0,0,1
58641,0,0,0,0,0,0,0,0,1
58642,0,0,0,0,0,0,0,0,1
58643,0,0,0,0,0,0,0,0,1
58644,0,0,0,0,0,0,0,0,1
58645,0,0,0,0,0,0,0,0,1
58646,0,0,0,0,0,0,0,0,1
58647,0,0,0,0,0,0,0,0,1
58648,0,0,0,0,0,0,0,0,1
58649,0,0,0,0,0,0,0,0,1
58650,0,0,0,0,0,0,0,0,1
58651,0,0,0,0,0,0,0,0,1
58652,0,0,0,0,0,0,0,0,1
58653,0,0,0,0,0,0,0,0,1
58654,0,0,0,0,0,0,0,0,1
58655,0,0,0,0,0,0,0,0,1
58656,0,0,0,0,0,0,0,0,1
58657,0,0,0,0,0,0,0,0,1
58658,0,0,0,0,0,0,0,0,1
58659,0,0,0,0,0,0,0,0,1
58660,0,0,0,0,0,0,0,0,1
58661,0,0,0,0,0,0,0,0,1
58662,0,0,0,0,0,0,0,0,1
58663,0,0,0,0,0,0,0,0,1
58664,0,0,0,0,0,0,0,0,1
58665,0,0,0,0,0,0,0,0,1
58666,0,0,0,0,0,0,0,0,1
58667,0,0,0,0,0,0,0,0,1
58668,0,0,0,0,0,0,0,0,1
58669,0,0,0,0,0,0,0,0,1
58670,0,0,0,0,0,0,0,0,1
58671,0,0,0,0,0,0,0,0,1
58672,0,0,0,0,0,0,0,0,1
58673,0,0,0,0,0,0,0,0,1
58674,0,0,0,0,0,0,0,0,1
58675,0,0,0,0,0,0,0,0,1
58676,0,0,0,0,0,0,0,0,1
58677,0,0,0,0,0,0,0,0,1
58678,0,0,0,0,0,0,0,0,1
58679,0,0,0,0,0,0,0,0,1
58680,0,0,0,0,0,0,0,0,1
58681,0,0,0,0,0,0,0,0,1
58682,0,0,0,0,0,0,0,0,1
58683,0,0,0,0,0,0,0,0,1
58684,0,0,0,0,0,0,0,0,1
58685,0,0,0,0,0,0,0,0,1
58686,0,0,0,0,0,0,0,0,1
58687,0,0,0,0,0,0,0,0,1
58688,0,0,0,0,0,0,0,0,1
58689,0,0,0,0,0,0,0,0,1
58690,0,0,0,0,0,0,0,0,1
58691,0,0,0,0,0,0,0,0,1
58692,0,0,0,0,0,0,0,0,1
58693,0,0,0,0,0,0,0,0,1
58694,0,0,0,0,0,0,0,0,1
58695,0,0,0,0,0,0,0,0,1
58696,0,0,0,0,0,0,0,0,1
58697,0,0,0,0,0,0,0,0,1
58698,0,0,0,0,0,0,0,0,1
58699,0,0,0,0,0,0,0,0,1
58700,0,0,0,0,0,0,0,0,1
58701,0,0,0,0,0,0,0,0,1
58702,0,0,0,0,0,0,0,0,1
58703,0,0,0,0,0,0,0,0,1
58704,0,0,0,0,0,0,0,0,1
58705,0,0,0,0,0,0,0,0,1
58706,0,0,0,0,0,0,0,0,1
58707,0,0,0,0,0,0,0,0,1
58708,0,0,0,0,0,0,0,0,1
58709,0,0,0,0,0,0,0,0,1
58710,0,0,0,0,0,0,0,0,1
58711,0,0,0,0,0,0,0,0,1
58712,0,0,0,0,0,0,0,0,1
58713,0,0,0,0,0,0,0,0,1
58714,0,0,0,0,0,0,0,0,1
58715,0,0,0,0,0,0,0,0,1
58716,0,0,0,0,0,0,0,0,1
58717,0,0,0,0,0,0,0,0,1
58718,0,0,0,0,0,0,0,0,1
58719,0,0,0,0,0,0,0,0,1
58720,0,0,0,0,0,0,0,0,1
58721,0,0,0,0,0,0,0,0,1
58722,0,0,0,0,0,0,0,0,1
58723,0,0,0,0,0,0,0,0,1
58724,0,0,0,0,0,0,0,0,1
58725,0,0,0,0,0,0,0,0,1
58726,0,0,0,0,0,0,0,0,1
58727,0,0,0,0,0,0,0,0,1
58728,0,0,0,0,0,0,0,0,1
58729,0,0,0,0,0,0,0,0,1
58730,0,0,0,0,0,0,0,0,1
58731,0,0,0,0,0,0,0,0,1
58732,0,0,0,0,0,0,0,0,1
58733,0,0,0,0,0,0,0,0,1
58734,0,0,0,0,0,0,0,0,1
58735,0,0,0,0,0,0,0,0,1
58736,0,0,0,0,0,0,0,0,1
58737,0,0,0,0,0,0,0,0,1
58738,0,0,0,0,0,0,0,0,1
58739,0,0,0,0,0,0,0,0,1
58740,0,0,0,0,0,0,0,0,1
58741,0,0,0,0,0,0,0,0,1
58742,0,0,0,0,0,0,0,0,1
58743,0,0,0,0,0,0,0,0,1
58744,0,0,0,0,0,0,0,0,1
58745,0,0,0,0,0,0,0,0,1
58746,0,0,0,0,0,0,0,0,1
58747,0,0,0,0,0,0,0,0,1
58748,0,0,0,0,0,0,0,0,1
58749,0,0,0,0,0,0,0,0,1
58750,0,0,0,0,0,0,0,0,1
58751,0,0,0,0,0,0,0,0,1
58752,0,0,0,0,0,0,0,0,1
58753,0,0,0,0,0,0,0,0,1
58754,0,0,0,0,0,0,0,0,1
58755,0,0,0,0,0,0,0,0,1
58756,0,0,0,0,0,0,0,0,1
58757,0,0,0,0,0,0,0,0,1
58758,0,0,0,0,0,0,0,0,1
58759,0,0,0,0,0,0,0,0,1
58760,0,0,0,0,0,0,0,0,1
58761,0,0,0,0,0,0,0,0,1
58762,0,0,0,0,0,0,0,0,1
58763,0,0,0,0,0,0,0,0,1
58764,0,0,0,0,0,0,0,0,1
58765,0,0,0,0,0,0,0,0,1
58766,0,0,0,0,0,0,0,0,1
58767,0,0,0,0,0,0,0,0,1
58768,0,0,0,0,0,0,0,0,1
58769,0,0,0,0,0,0,0,0,1
58770,0,0,0,0,0,0,0,0,1
58771,0,0,0,0,0,0,0,0,1
58772,0,0,0,0,0,0,0,0,1
58773,0,0,0,0,0,0,0,0,1
58774,0,0,0,0,0,0,0,0,1
58775,0,0,0,0,0,0,0,0,1
58776,0,0,0,0,0,0,0,0,1
58777,0,0,0,0,0,0,0,0,1
58778,0,0,0,0,0,0,0,0,1
58779,0,0,0,0,0,0,0,0,1
58780,0,0,0,0,0,0,0,0,1
58781,0,0,0,0,0,0,0,0,1
58782,0,0,0,0,0,0,0,0,1
58783,0,0,0,0,0,0,0,0,1
58784,0,0,0,0,0,0,0,0,1
58785,0,0,0,0,0,0,0,0,1
58786,0,0,0,0,0,0,0,0,1
58787,0,0,0,0,0,0,0,0,1
58788,0,0,0,0,0,0,0,0,1
58789,0,0,0,0,0,0,0,0,1
58790,0,0,0,0,0,0,0,0,1
58791,0,0,0,0,0,0,0,0,1
58792,0,0,0,0,0,0,0,0,1
58793,0,0,0,0,0,0,0,0,1
58794,0,0,0,0,0,0,0,0,1
58795,0,0,0,0,0,0,0,0,1
58796,0,0,0,0,0,0,0,0,1
58797,0,0,0,0,0,0,0,0,1
58798,0,0,0,0,0,0,0,0,1
58799,0,0,0,0,0,0,0,0,1
58800,0,0,0,0,0,0,0,0,1
58801,0,0,0,0,0,0,0,0,1
58802,0,0,0,0,0,0,0,0,1
58803,0,0,0,0,0,0,0,0,1
58804,0,0,0,0,0,0,0,0,1
58805,0,0,0,0,0,0,0,0,1
58806,0,0,0,0,0,0,0,0,1
58807,0,0,0,0,0,0,0,0,1
58808,0,0,0,0,0,0,0,0,1
58809,0,0,0,0,0,0,0,0,1
58810,0,0,0,0,0,0,0,0,1
58811,0,0,0,0,0,0,0,0,1
58812,0,0,0,0,0,0,0,0,1
58813,0,0,0,0,0,0,0,0,1
58814,0,0,0,0,0,0,0,0,1
58815,0,0,0,0,0,0,0,0,1
58816,0,0,0,0,0,0,0,0,1
58817,0,0,0,0,0,0,0,0,1
58818,0,0,0,0,0,0,0,0,1
58819,0,0,0,0,0,0,0,0,1
58820,0,0,0,0,0,0,0,0,1
58821,0,0,0,0,0,0,0,0,1
58822,0,0,0,0,0,0,0,0,1
58823,0,0,0,0,0,0,0,0,1
58824,0,0,0,0,0,0,0,0,1
58825,0,0,0,0,0,0,0,0,1
58826,0,0,0,0,0,0,0,0,1
58827,0,0,0,0,0,0,0,0,1
58828,0,0,0,0,0,0,0,0,1
58829,0,0,0,0,0,0,0,0,1
58830,0,0,0,0,0,0,0,0,1
58831,0,0,0,0,0,0,0,0,1
58832,0,0,0,0,0,0,0,0,1
58833,0,0,0,0,0,0,0,0,1
58834,0,0,0,0,0,0,0,0,1
58835,0,0,0,0,0,0,0,0,1
58836,0,0,0,0,0,0,0,0,1
58837,0,0,0,0,0,0,0,0,1
58838,0,0,0,0,0,0,0,0,1
58839,0,0,0,0,0,0,0,0,1
58840,0,0,0,0,0,0,0,0,1
58841,0,0,0,0,0,0,0,0,1
58842,0,0,0,0,0,0,0,0,1
58843,0,0,0,0,0,0,0,0,1
58844,0,0,0,0,0,0,0,0,1
58845,0,0,0,0,0,0,0,0,1
58846,0,0,0,0,0,0,0,0,1
58847,0,0,0,0,0,0,0,0,1
58848,0,0,0,0,0,0,0,0,1
58849,0,0,0,0,0,0,0,0,1
58850,0,0,0,0,0,0,0,0,1
58851,0,0,0,0,0,0,0,0,1
58852,0,0,0,0,0,0,0,0,1
58853,0,0,0,0,0,0,0,0,1
58854,0,0,0,0,0,0,0,0,1
58855,0,0,0,0,0,0,0,0,1
58856,0,0,0,0,0,0,0,0,1
58857,0,0,0,0,0,0,0,0,1
58858,0,0,0,0,0,0,0,0,1
58859,0,0,0,0,0,0,0,0,1
58860,0,0,0,0,0,0,0,0,1
58861,0,0,0,0,0,0,0,0,1
58862,0,0,0,0,0,0,0,0,1
58863,0,0,0,0,0,0,0,0,1
58864,0,0,0,0,0,0,0,0,1
58865,0,0,0,0,0,0,0,0,1
58866,0,0,0,0,0,0,0,0,1
58867,0,0,0,0,0,0,0,0,1
58868,0,0,0,0,0,0,0,0,1
58869,0,0,0,0,0,0,0,0,1
58870,0,0,0,0,0,0,0,0,1
58871,0,0,0,0,0,0,0,0,1
58872,0,0,0,0,0,0,0,0,1
58873,0,0,0,0,0,0,0,0,1
58874,0,0,0,0,0,0,0,0,1
58875,0,0,0,0,0,0,0,0,1
58876,0,0,0,0,0,0,0,0,1
58877,0,0,0,0,0,0,0,0,1
58878,0,0,0,0,0,0,0,0,1
58879,0,0,0,0,0,0,0,0,1
58880,0,0,0,0,0,0,0,0,1
58881,0,0,0,0,0,0,0,0,1
58882,0,0,0,0,0,0,0,0,1
58883,0,0,0,0,0,0,0,0,1
58884,0,0,0,0,0,0,0,0,1
58885,0,0,0,0,0,0,0,0,1
58886,0,0,0,0,0,0,0,0,1
58887,0,0,0,0,0,0,0,0,1
58888,0,0,0,0,0,0,0,0,1
58889,0,0,0,0,0,0,0,0,1
58890,0,0,0,0,0,0,0,0,1
58891,0,0,0,0,0,0,0,0,1
58892,0,0,0,0,0,0,0,0,1
58893,0,0,0,0,0,0,0,0,1
58894,0,0,0,0,0,0,0,0,1
58895,0,0,0,0,0,0,0,0,1
58896,0,0,0,0,0,0,0,0,1
58897,0,0,0,0,0,0,0,0,1
58898,0,0,0,0,0,0,0,0,1
58899,0,0,0,0,0,0,0,0,1
58900,0,0,0,0,0,0,0,0,1
58901,0,0,0,0,0,0,0,0,1
58902,0,0,0,0,0,0,0,0,1
58903,0,0,0,0,0,0,0,0,1
58904,0,0,0,0,0,0,0,0,1
58905,0,0,0,0,0,0,0,0,1
58906,0,0,0,0,0,0,0,0,1
58907,0,0,0,0,0,0,0,0,1
58908,0,0,0,0,0,0,0,0,1
58909,0,0,0,0,0,0,0,0,1
58910,0,0,0,0,0,0,0,0,1
58911,0,0,0,0,0,0,0,0,1
58912,0,0,0,0,0,0,0,0,1
58913,0,0,0,0,0,0,0,0,1
58914,0,0,0,0,0,0,0,0,1
58915,0,0,0,0,0,0,0,0,1
58916,0,0,0,0,0,0,0,0,1
58917,0,0,0,0,0,0,0,0,1
58918,0,0,0,0,0,0,0,0,1
58919,0,0,0,0,0,0,0,0,1
58920,0,0,0,0,0,0,0,0,1
58921,0,0,0,0,0,0,0,0,1
58922,0,0,0,0,0,0,0,0,1
58923,0,0,0,0,0,0,0,0,1
58924,0,0,0,0,0,0,0,0,1
58925,0,0,0,0,0,0,0,0,1
58926,0,0,0,0,0,0,0,0,1
58927,0,0,0,0,0,0,0,0,1
58928,0,0,0,0,0,0,0,0,1
58929,0,0,0,0,0,0,0,0,1
58930,0,0,0,0,0,0,0,0,1
58931,0,0,0,0,0,0,0,0,1
58932,0,0,0,0,0,0,0,0,1
58933,0,0,0,0,0,0,0,0,1
58934,0,0,0,0,0,0,0,0,1
58935,0,0,0,0,0,0,0,0,1
58936,0,0,0,0,0,0,0,0,1
58937,0,0,0,0,0,0,0,0,1
58938,0,0,0,0,0,0,0,0,1
58939,0,0,0,0,0,0,0,0,1
58940,0,0,0,0,0,0,0,0,1
58941,0,0,0,0,0,0,0,0,1
58942,0,0,0,0,0,0,0,0,1
58943,0,0,0,0,0,0,0,0,1
58944,0,0,0,0,0,0,0,0,1
58945,0,0,0,0,0,0,0,0,1
58946,0,0,0,0,0,0,0,0,1
58947,0,0,0,0,0,0,0,0,1
58948,0,0,0,0,0,0,0,0,1
58949,0,0,0,0,0,0,0,0,1
58950,0,0,0,0,0,0,0,0,1
58951,0,0,0,0,0,0,0,0,1
58952,0,0,0,0,0,0,0,0,1
58953,0,0,0,0,0,0,0,0,1
58954,0,0,0,0,0,0,0,0,1
58955,0,0,0,0,0,0,0,0,1
58956,0,0,0,0,0,0,0,0,1
58957,0,0,0,0,0,0,0,0,1
58958,0,0,0,0,0,0,0,0,1
58959,0,0,0,0,0,0,0,0,1
58960,0,0,0,0,0,0,0,0,1
58961,0,0,0,0,0,0,0,0,1
58962,0,0,0,0,0,0,0,0,1
58963,0,0,0,0,0,0,0,0,1
58964,0,0,0,0,0,0,0,0,1
58965,0,0,0,0,0,0,0,0,1
58966,0,0,0,0,0,0,0,0,1
58967,0,0,0,0,0,0,0,0,1
58968,0,0,0,0,0,0,0,0,1
58969,0,0,0,0,0,0,0,0,1
58970,0,0,0,0,0,0,0,0,1
58971,0,0,0,0,0,0,0,0,1
58972,0,0,0,0,0,0,0,0,1
58973,0,0,0,0,0,0,0,0,1
58974,0,0,0,0,0,0,0,0,1
58975,0,0,0,0,0,0,0,0,1
58976,0,0,0,0,0,0,0,0,1
58977,0,0,0,0,0,0,0,0,1
58978,0,0,0,0,0,0,0,0,1
58979,0,0,0,0,0,0,0,0,1
58980,0,0,0,0,0,0,0,0,1
58981,0,0,0,0,0,0,0,0,1
58982,0,0,0,0,0,0,0,0,1
58983,0,0,0,0,0,0,0,0,1
58984,0,0,0,0,0,0,0,0,1
58985,0,0,0,0,0,0,0,0,1
58986,0,0,0,0,0,0,0,0,1
58987,0,0,0,0,0,0,0,0,1
58988,0,0,0,0,0,0,0,0,1
58989,0,0,0,0,0,0,0,0,1
58990,0,0,0,0,0,0,0,0,1
58991,0,0,0,0,0,0,0,0,1
58992,0,0,0,0,0,0,0,0,1
58993,0,0,0,0,0,0,0,0,1
58994,0,0,0,0,0,0,0,0,1
58995,0,0,0,0,0,0,0,0,1
58996,0,0,0,0,0,0,0,0,1
58997,0,0,0,0,0,0,0,0,1
58998,0,0,0,0,0,0,0,0,1
58999,0,0,0,0,0,0,0,0,1
59000,0,0,0,0,0,0,0,0,1
59001,0,0,0,0,0,0,0,0,1
59002,0,0,0,0,0,0,0,0,1
59003,0,0,0,0,0,0,0,0,1
59004,0,0,0,0,0,0,0,0,1
59005,0,0,0,0,0,0,0,0,1
59006,0,0,0,0,0,0,0,0,1
59007,0,0,0,0,0,0,0,0,1
59008,0,0,0,0,0,0,0,0,1
59009,0,0,0,0,0,0,0,0,1
59010,0,0,0,0,0,0,0,0,1
59011,0,0,0,0,0,0,0,0,1
59012,0,0,0,0,0,0,0,0,1
59013,0,0,0,0,0,0,0,0,1
59014,0,0,0,0,0,0,0,0,1
59015,0,0,0,0,0,0,0,0,1
59016,0,0,0,0,0,0,0,0,1
59017,0,0,0,0,0,0,0,0,1
59018,0,0,0,0,0,0,0,0,1
59019,0,0,0,0,0,0,0,0,1
59020,0,0,0,0,0,0,0,0,1
59021,0,0,0,0,0,0,0,0,1
59022,0,0,0,0,0,0,0,0,1
59023,0,0,0,0,0,0,0,0,1
59024,0,0,0,0,0,0,0,0,1
59025,0,0,0,0,0,0,0,0,1
59026,0,0,0,0,0,0,0,0,1
59027,0,0,0,0,0,0,0,0,1
59028,0,0,0,0,0,0,0,0,1
59029,0,0,0,0,0,0,0,0,1
59030,0,0,0,0,0,0,0,0,1
59031,0,0,0,0,0,0,0,0,1
59032,0,0,0,0,0,0,0,0,1
59033,0,0,0,0,0,0,0,0,1
59034,0,0,0,0,0,0,0,0,1
59035,0,0,0,0,0,0,0,0,1
59036,0,0,0,0,0,0,0,0,1
59037,0,0,0,0,0,0,0,0,1
59038,0,0,0,0,0,0,0,0,1
59039,0,0,0,0,0,0,0,0,1
59040,0,0,0,0,0,0,0,0,1
59041,0,0,0,0,0,0,0,0,1
59042,0,0,0,0,0,0,0,0,1
59043,0,0,0,0,0,0,0,0,1
59044,0,0,0,0,0,0,0,0,1
59045,0,0,0,0,0,0,0,0,1
59046,0,0,0,0,0,0,0,0,1
59047,0,0,0,0,0,0,0,0,1
59048,0,0,0,0,0,0,0,0,1
59049,0,0,0,0,0,0,0,0,1
59050,0,0,0,0,0,0,0,0,1
59051,0,0,0,0,0,0,0,0,1
59052,0,0,0,0,0,0,0,0,1
59053,0,0,0,0,0,0,0,0,1
59054,0,0,0,0,0,0,0,0,1
59055,0,0,0,0,0,0,0,0,1
59056,0,0,0,0,0,0,0,0,1
59057,0,0,0,0,0,0,0,0,1
59058,0,0,0,0,0,0,0,0,1
59059,0,0,0,0,0,0,0,0,1
59060,0,0,0,0,0,0,0,0,1
59061,0,0,0,0,0,0,0,0,1
59062,0,0,0,0,0,0,0,0,1
59063,0,0,0,0,0,0,0,0,1
59064,0,0,0,0,0,0,0,0,1
59065,0,0,0,0,0,0,0,0,1
59066,0,0,0,0,0,0,0,0,1
59067,0,0,0,0,0,0,0,0,1
59068,0,0,0,0,0,0,0,0,1
59069,0,0,0,0,0,0,0,0,1
59070,0,0,0,0,0,0,0,0,1
59071,0,0,0,0,0,0,0,0,1
59072,0,0,0,0,0,0,0,0,1
59073,0,0,0,0,0,0,0,0,1
59074,0,0,0,0,0,0,0,0,1
59075,0,0,0,0,0,0,0,0,1
59076,0,0,0,0,0,0,0,0,1
59077,0,0,0,0,0,0,0,0,1
59078,0,0,0,0,0,0,0,0,1
59079,0,0,0,0,0,0,0,0,1
59080,0,0,0,0,0,0,0,0,1
59081,0,0,0,0,0,0,0,0,1
59082,0,0,0,0,0,0,0,0,1
59083,0,0,0,0,0,0,0,0,1
59084,0,0,0,0,0,0,0,0,1
59085,0,0,0,0,0,0,0,0,1
59086,0,0,0,0,0,0,0,0,1
59087,0,0,0,0,0,0,0,0,1
59088,0,0,0,0,0,0,0,0,1
59089,0,0,0,0,0,0,0,0,1
59090,0,0,0,0,0,0,0,0,1
59091,0,0,0,0,0,0,0,0,1
59092,0,0,0,0,0,0,0,0,1
59093,0,0,0,0,0,0,0,0,1
59094,0,0,0,0,0,0,0,0,1
59095,0,0,0,0,0,0,0,0,1
59096,0,0,0,0,0,0,0,0,1
59097,0,0,0,0,0,0,0,0,1
59098,0,0,0,0,0,0,0,0,1
59099,0,0,0,0,0,0,0,0,1
59100,0,0,0,0,0,0,0,0,1
59101,0,0,0,0,0,0,0,0,1
59102,0,0,0,0,0,0,0,0,1
59103,0,0,0,0,0,0,0,0,1
59104,0,0,0,0,0,0,0,0,1
59105,0,0,0,0,0,0,0,0,1
59106,0,0,0,0,0,0,0,0,1
59107,0,0,0,0,0,0,0,0,1
59108,0,0,0,0,0,0,0,0,1
59109,0,0,0,0,0,0,0,0,1
59110,0,0,0,0,0,0,0,0,1
59111,0,0,0,0,0,0,0,0,1
59112,0,0,0,0,0,0,0,0,1
59113,0,0,0,0,0,0,0,0,1
59114,0,0,0,0,0,0,0,0,1
59115,0,0,0,0,0,0,0,0,1
59116,0,0,0,0,0,0,0,0,1
59117,0,0,0,0,0,0,0,0,1
59118,0,0,0,0,0,0,0,0,1
59119,0,0,0,0,0,0,0,0,1
59120,0,0,0,0,0,0,0,0,1
59121,0,0,0,0,0,0,0,0,1
59122,0,0,0,0,0,0,0,0,1
59123,0,0,0,0,0,0,0,0,1
59124,0,0,0,0,0,0,0,0,1
59125,0,0,0,0,0,0,0,0,1
59126,0,0,0,0,0,0,0,0,1
59127,0,0,0,0,0,0,0,0,1
59128,0,0,0,0,0,0,0,0,1
59129,0,0,0,0,0,0,0,0,1
59130,0,0,0,0,0,0,0,0,1
59131,0,0,0,0,0,0,0,0,1
59132,0,0,0,0,0,0,0,0,1
59133,0,0,0,0,0,0,0,0,1
59134,0,0,0,0,0,0,0,0,1
59135,0,0,0,0,0,0,0,0,1
59136,0,0,0,0,0,0,0,0,1
59137,0,0,0,0,0,0,0,0,1
59138,0,0,0,0,0,0,0,0,1
59139,0,0,0,0,0,0,0,0,1
59140,0,0,0,0,0,0,0,0,1
59141,0,0,0,0,0,0,0,0,1
59142,0,0,0,0,0,0,0,0,1
59143,0,0,0,0,0,0,0,0,1
59144,0,0,0,0,0,0,0,0,1
59145,0,0,0,0,0,0,0,0,1
59146,0,0,0,0,0,0,0,0,1
59147,0,0,0,0,0,0,0,0,1
59148,0,0,0,0,0,0,0,0,1
59149,0,0,0,0,0,0,0,0,1
59150,0,0,0,0,0,0,0,0,1
59151,0,0,0,0,0,0,0,0,1
59152,0,0,0,0,0,0,0,0,1
59153,0,0,0,0,0,0,0,0,1
59154,0,0,0,0,0,0,0,0,1
59155,0,0,0,0,0,0,0,0,1
59156,0,0,0,0,0,0,0,0,1
59157,0,0,0,0,0,0,0,0,1
59158,0,0,0,0,0,0,0,0,1
59159,0,0,0,0,0,0,0,0,1
59160,0,0,0,0,0,0,0,0,1
59161,0,0,0,0,0,0,0,0,1
59162,0,0,0,0,0,0,0,0,1
59163,0,0,0,0,0,0,0,0,1
59164,0,0,0,0,0,0,0,0,1
59165,0,0,0,0,0,0,0,0,1
59166,0,0,0,0,0,0,0,0,1
59167,0,0,0,0,0,0,0,0,1
59168,0,0,0,0,0,0,0,0,1
59169,0,0,0,0,0,0,0,0,1
59170,0,0,0,0,0,0,0,0,1
59171,0,0,0,0,0,0,0,0,1
59172,0,0,0,0,0,0,0,0,1
59173,0,0,0,0,0,0,0,0,1
59174,0,0,0,0,0,0,0,0,1
59175,0,0,0,0,0,0,0,0,1
59176,0,0,0,0,0,0,0,0,1
59177,0,0,0,0,0,0,0,0,1
59178,0,0,0,0,0,0,0,0,1
59179,0,0,0,0,0,0,0,0,1
59180,0,0,0,0,0,0,0,0,1
59181,0,0,0,0,0,0,0,0,1
59182,0,0,0,0,0,0,0,0,1
59183,0,0,0,0,0,0,0,0,1
59184,0,0,0,0,0,0,0,0,1
59185,0,0,0,0,0,0,0,0,1
59186,0,0,0,0,0,0,0,0,1
59187,0,0,0,0,0,0,0,0,1
59188,0,0,0,0,0,0,0,0,1
59189,0,0,0,0,0,0,0,0,1
59190,0,0,0,0,0,0,0,0,1
59191,0,0,0,0,0,0,0,0,1
59192,0,0,0,0,0,0,0,0,1
59193,0,0,0,0,0,0,0,0,1
59194,0,0,0,0,0,0,0,0,1
59195,0,0,0,0,0,0,0,0,1
59196,0,0,0,0,0,0,0,0,1
59197,0,0,0,0,0,0,0,0,1
59198,0,0,0,0,0,0,0,0,1
59199,0,0,0,0,0,0,0,0,1
59200,0,0,0,0,0,0,0,0,1
59201,0,0,0,0,0,0,0,0,1
59202,0,0,0,0,0,0,0,0,1
59203,0,0,0,0,0,0,0,0,1
59204,0,0,0,0,0,0,0,0,1
59205,0,0,0,0,0,0,0,0,1
59206,0,0,0,0,0,0,0,0,1
59207,0,0,0,0,0,0,0,0,1
59208,0,0,0,0,0,0,0,0,1
59209,0,0,0,0,0,0,0,0,1
59210,0,0,0,0,0,0,0,0,1
59211,0,0,0,0,0,0,0,0,1
59212,0,0,0,0,0,0,0,0,1
59213,0,0,0,0,0,0,0,0,1
59214,0,0,0,0,0,0,0,0,1
59215,0,0,0,0,0,0,0,0,1
59216,0,0,0,0,0,0,0,0,1
59217,0,0,0,0,0,0,0,0,1
59218,0,0,0,0,0,0,0,0,1
59219,0,0,0,0,0,0,0,0,1
59220,0,0,0,0,0,0,0,0,1
59221,0,0,0,0,0,0,0,0,1
59222,0,0,0,0,0,0,0,0,1
59223,0,0,0,0,0,0,0,0,1
59224,0,0,0,0,0,0,0,0,1
59225,0,0,0,0,0,0,0,0,1
59226,0,0,0,0,0,0,0,0,1
59227,0,0,0,0,0,0,0,0,1
59228,0,0,0,0,0,0,0,0,1
59229,0,0,0,0,0,0,0,0,1
59230,0,0,0,0,0,0,0,0,1
59231,0,0,0,0,0,0,0,0,1
59232,0,0,0,0,0,0,0,0,1
59233,0,0,0,0,0,0,0,0,1
59234,0,0,0,0,0,0,0,0,1
59235,0,0,0,0,0,0,0,0,1
59236,0,0,0,0,0,0,0,0,1
59237,0,0,0,0,0,0,0,0,1
59238,0,0,0,0,0,0,0,0,1
59239,0,0,0,0,0,0,0,0,1
59240,0,0,0,0,0,0,0,0,1
59241,0,0,0,0,0,0,0,0,1
59242,0,0,0,0,0,0,0,0,1
59243,0,0,0,0,0,0,0,0,1
59244,0,0,0,0,0,0,0,0,1
59245,0,0,0,0,0,0,0,0,1
59246,0,0,0,0,0,0,0,0,1
59247,0,0,0,0,0,0,0,0,1
59248,0,0,0,0,0,0,0,0,1
59249,0,0,0,0,0,0,0,0,1
59250,0,0,0,0,0,0,0,0,1
59251,0,0,0,0,0,0,0,0,1
59252,0,0,0,0,0,0,0,0,1
59253,0,0,0,0,0,0,0,0,1
59254,0,0,0,0,0,0,0,0,1
59255,0,0,0,0,0,0,0,0,1
59256,0,0,0,0,0,0,0,0,1
59257,0,0,0,0,0,0,0,0,1
59258,0,0,0,0,0,0,0,0,1
59259,0,0,0,0,0,0,0,0,1
59260,0,0,0,0,0,0,0,0,1
59261,0,0,0,0,0,0,0,0,1
59262,0,0,0,0,0,0,0,0,1
59263,0,0,0,0,0,0,0,0,1
59264,0,0,0,0,0,0,0,0,1
59265,0,0,0,0,0,0,0,0,1
59266,0,0,0,0,0,0,0,0,1
59267,0,0,0,0,0,0,0,0,1
59268,0,0,0,0,0,0,0,0,1
59269,0,0,0,0,0,0,0,0,1
59270,0,0,0,0,0,0,0,0,1
59271,0,0,0,0,0,0,0,0,1
59272,0,0,0,0,0,0,0,0,1
59273,0,0,0,0,0,0,0,0,1
59274,0,0,0,0,0,0,0,0,1
59275,0,0,0,0,0,0,0,0,1
59276,0,0,0,0,0,0,0,0,1
59277,0,0,0,0,0,0,0,0,1
59278,0,0,0,0,0,0,0,0,1
59279,0,0,0,0,0,0,0,0,1
59280,0,0,0,0,0,0,0,0,1
59281,0,0,0,0,0,0,0,0,1
59282,0,0,0,0,0,0,0,0,1
59283,0,0,0,0,0,0,0,0,1
59284,0,0,0,0,0,0,0,0,1
59285,0,0,0,0,0,0,0,0,1
59286,0,0,0,0,0,0,0,0,1
59287,0,0,0,0,0,0,0,0,1
59288,0,0,0,0,0,0,0,0,1
59289,0,0,0,0,0,0,0,0,1
59290,0,0,0,0,0,0,0,0,1
59291,0,0,0,0,0,0,0,0,1
59292,0,0,0,0,0,0,0,0,1
59293,0,0,0,0,0,0,0,0,1
59294,0,0,0,0,0,0,0,0,1
59295,0,0,0,0,0,0,0,0,1
59296,0,0,0,0,0,0,0,0,1
59297,0,0,0,0,0,0,0,0,1
59298,0,0,0,0,0,0,0,0,1
59299,0,0,0,0,0,0,0,0,1
59300,0,0,0,0,0,0,0,0,1
59301,0,0,0,0,0,0,0,0,1
59302,0,0,0,0,0,0,0,0,1
59303,0,0,0,0,0,0,0,0,1
59304,0,0,0,0,0,0,0,0,1
59305,0,0,0,0,0,0,0,0,1
59306,0,0,0,0,0,0,0,0,1
59307,0,0,0,0,0,0,0,0,1
59308,0,0,0,0,0,0,0,0,1
59309,0,0,0,0,0,0,0,0,1
59310,0,0,0,0,0,0,0,0,1
59311,0,0,0,0,0,0,0,0,1
59312,0,0,0,0,0,0,0,0,1
59313,0,0,0,0,0,0,0,0,1
59314,0,0,0,0,0,0,0,0,1
59315,0,0,0,0,0,0,0,0,1
59316,0,0,0,0,0,0,0,0,1
59317,0,0,0,0,0,0,0,0,1
59318,0,0,0,0,0,0,0,0,1
59319,0,0,0,0,0,0,0,0,1
59320,0,0,0,0,0,0,0,0,1
59321,0,0,0,0,0,0,0,0,1
59322,0,0,0,0,0,0,0,0,1
59323,0,0,0,0,0,0,0,0,1
59324,0,0,0,0,0,0,0,0,1
59325,0,0,0,0,0,0,0,0,1
59326,0,0,0,0,0,0,0,0,1
59327,0,0,0,0,0,0,0,0,1
59328,0,0,0,0,0,0,0,0,1
59329,0,0,0,0,0,0,0,0,1
59330,0,0,0,0,0,0,0,0,1
59331,0,0,0,0,0,0,0,0,1
59332,0,0,0,0,0,0,0,0,1
59333,0,0,0,0,0,0,0,0,1
59334,0,0,0,0,0,0,0,0,1
59335,0,0,0,0,0,0,0,0,1
59336,0,0,0,0,0,0,0,0,1
59337,0,0,0,0,0,0,0,0,1
59338,0,0,0,0,0,0,0,0,1
59339,0,0,0,0,0,0,0,0,1
59340,0,0,0,0,0,0,0,0,1
59341,0,0,0,0,0,0,0,0,1
59342,0,0,0,0,0,0,0,0,1
59343,0,0,0,0,0,0,0,0,1
59344,0,0,0,0,0,0,0,0,1
59345,0,0,0,0,0,0,0,0,1
59346,0,0,0,0,0,0,0,0,1
59347,0,0,0,0,0,0,0,0,1
59348,0,0,0,0,0,0,0,0,1
59349,0,0,0,0,0,0,0,0,1
59350,0,0,0,0,0,0,0,0,1
59351,0,0,0,0,0,0,0,0,1
59352,0,0,0,0,0,0,0,0,1
59353,0,0,0,0,0,0,0,0,1
59354,0,0,0,0,0,0,0,0,1
59355,0,0,0,0,0,0,0,0,1
59356,0,0,0,0,0,0,0,0,1
59357,0,0,0,0,0,0,0,0,1
59358,0,0,0,0,0,0,0,0,1
59359,0,0,0,0,0,0,0,0,1
59360,0,0,0,0,0,0,0,0,1
59361,0,0,0,0,0,0,0,0,1
59362,0,0,0,0,0,0,0,0,1
59363,0,0,0,0,0,0,0,0,1
59364,0,0,0,0,0,0,0,0,1
59365,0,0,0,0,0,0,0,0,1
59366,0,0,0,0,0,0,0,0,1
59367,0,0,0,0,0,0,0,0,1
59368,0,0,0,0,0,0,0,0,1
59369,0,0,0,0,0,0,0,0,1
59370,0,0,0,0,0,0,0,0,1
59371,0,0,0,0,0,0,0,0,1
59372,0,0,0,0,0,0,0,0,1
59373,0,0,0,0,0,0,0,0,1
59374,0,0,0,0,0,0,0,0,1
59375,0,0,0,0,0,0,0,0,1
59376,0,0,0,0,0,0,0,0,1
59377,0,0,0,0,0,0,0,0,1
59378,0,0,0,0,0,0,0,0,1
59379,0,0,0,0,0,0,0,0,1
59380,0,0,0,0,0,0,0,0,1
59381,0,0,0,0,0,0,0,0,1
59382,0,0,0,0,0,0,0,0,1
59383,0,0,0,0,0,0,0,0,1
59384,0,0,0,0,0,0,0,0,1
59385,0,0,0,0,0,0,0,0,1
59386,0,0,0,0,0,0,0,0,1
59387,0,0,0,0,0,0,0,0,1
59388,0,0,0,0,0,0,0,0,1
59389,0,0,0,0,0,0,0,0,1
59390,0,0,0,0,0,0,0,0,1
59391,0,0,0,0,0,0,0,0,1
59392,0,0,0,0,0,0,0,0,1
59393,0,0,0,0,0,0,0,0,1
59394,0,0,0,0,0,0,0,0,1
59395,0,0,0,0,0,0,0,0,1
59396,0,0,0,0,0,0,0,0,1
59397,0,0,0,0,0,0,0,0,1
59398,0,0,0,0,0,0,0,0,1
59399,0,0,0,0,0,0,0,0,1
59400,0,0,0,0,0,0,0,0,1
59401,0,0,0,0,0,0,0,0,1
59402,0,0,0,0,0,0,0,0,1
59403,0,0,0,0,0,0,0,0,1
59404,0,0,0,0,0,0,0,0,1
59405,0,0,0,0,0,0,0,0,1
59406,0,0,0,0,0,0,0,0,1
59407,0,0,0,0,0,0,0,0,1
59408,0,0,0,0,0,0,0,0,1
59409,0,0,0,0,0,0,0,0,1
59410,0,0,0,0,0,0,0,0,1
59411,0,0,0,0,0,0,0,0,1
59412,0,0,0,0,0,0,0,0,1
59413,0,0,0,0,0,0,0,0,1
59414,0,0,0,0,0,0,0,0,1
59415,0,0,0,0,0,0,0,0,1
59416,0,0,0,0,0,0,0,0,1
59417,0,0,0,0,0,0,0,0,1
59418,0,0,0,0,0,0,0,0,1
59419,0,0,0,0,0,0,0,0,1
59420,0,0,0,0,0,0,0,0,1
59421,0,0,0,0,0,0,0,0,1
59422,0,0,0,0,0,0,0,0,1
59423,0,0,0,0,0,0,0,0,1
59424,0,0,0,0,0,0,0,0,1
59425,0,0,0,0,0,0,0,0,1
59426,0,0,0,0,0,0,0,0,1
59427,0,0,0,0,0,0,0,0,1
59428,0,0,0,0,0,0,0,0,1
59429,0,0,0,0,0,0,0,0,1
59430,0,0,0,0,0,0,0,0,1
59431,0,0,0,0,0,0,0,0,1
59432,0,0,0,0,0,0,0,0,1
59433,0,0,0,0,0,0,0,0,1
59434,0,0,0,0,0,0,0,0,1
59435,0,0,0,0,0,0,0,0,1
59436,0,0,0,0,0,0,0,0,1
59437,0,0,0,0,0,0,0,0,1
59438,0,0,0,0,0,0,0,0,1
59439,0,0,0,0,0,0,0,0,1
59440,0,0,0,0,0,0,0,0,1
59441,0,0,0,0,0,0,0,0,1
59442,0,0,0,0,0,0,0,0,1
59443,0,0,0,0,0,0,0,0,1
59444,0,0,0,0,0,0,0,0,1
59445,0,0,0,0,0,0,0,0,1
59446,0,0,0,0,0,0,0,0,1
59447,0,0,0,0,0,0,0,0,1
59448,0,0,0,0,0,0,0,0,1
59449,0,0,0,0,0,0,0,0,1
59450,0,0,0,0,0,0,0,0,1
59451,0,0,0,0,0,0,0,0,1
59452,0,0,0,0,0,0,0,0,1
59453,0,0,0,0,0,0,0,0,1
59454,0,0,0,0,0,0,0,0,1
59455,0,0,0,0,0,0,0,0,1
59456,0,0,0,0,0,0,0,0,1
59457,0,0,0,0,0,0,0,0,1
59458,0,0,0,0,0,0,0,0,1
59459,0,0,0,0,0,0,0,0,1
59460,0,0,0,0,0,0,0,0,1
59461,0,0,0,0,0,0,0,0,1
59462,0,0,0,0,0,0,0,0,1
59463,0,0,0,0,0,0,0,0,1
59464,0,0,0,0,0,0,0,0,1
59465,0,0,0,0,0,0,0,0,1
59466,0,0,0,0,0,0,0,0,1
59467,0,0,0,0,0,0,0,0,1
59468,0,0,0,0,0,0,0,0,1
59469,0,0,0,0,0,0,0,0,1
59470,0,0,0,0,0,0,0,0,1
59471,0,0,0,0,0,0,0,0,1
59472,0,0,0,0,0,0,0,0,1
59473,0,0,0,0,0,0,0,0,1
59474,0,0,0,0,0,0,0,0,1
59475,0,0,0,0,0,0,0,0,1
59476,0,0,0,0,0,0,0,0,1
59477,0,0,0,0,0,0,0,0,1
59478,0,0,0,0,0,0,0,0,1
59479,0,0,0,0,0,0,0,0,1
59480,0,0,0,0,0,0,0,0,1
59481,0,0,0,0,0,0,0,0,1
59482,0,0,0,0,0,0,0,0,1
59483,0,0,0,0,0,0,0,0,1
59484,0,0,0,0,0,0,0,0,1
59485,0,0,0,0,0,0,0,0,1
59486,0,0,0,0,0,0,0,0,1
59487,0,0,0,0,0,0,0,0,1
59488,0,0,0,0,0,0,0,0,1
59489,0,0,0,0,0,0,0,0,1
59490,0,0,0,0,0,0,0,0,1
59491,0,0,0,0,0,0,0,0,1
59492,0,0,0,0,0,0,0,0,1
59493,0,0,0,0,0,0,0,0,1
59494,0,0,0,0,0,0,0,0,1
59495,0,0,0,0,0,0,0,0,1
59496,0,0,0,0,0,0,0,0,1
59497,0,0,0,0,0,0,0,0,1
59498,0,0,0,0,0,0,0,0,1
59499,0,0,0,0,0,0,0,0,1
59500,0,0,0,0,0,0,0,0,1
59501,0,0,0,0,0,0,0,0,1
59502,0,0,0,0,0,0,0,0,1
59503,0,0,0,0,0,0,0,0,1
59504,0,0,0,0,0,0,0,0,1
59505,0,0,0,0,0,0,0,0,1
59506,0,0,0,0,0,0,0,0,1
59507,0,0,0,0,0,0,0,0,1
59508,0,0,0,0,0,0,0,0,1
59509,0,0,0,0,0,0,0,0,1
59510,0,0,0,0,0,0,0,0,1
59511,0,0,0,0,0,0,0,0,1
59512,0,0,0,0,0,0,0,0,1
59513,0,0,0,0,0,0,0,0,1
59514,0,0,0,0,0,0,0,0,1
59515,0,0,0,0,0,0,0,0,1
59516,0,0,0,0,0,0,0,0,1
59517,0,0,0,0,0,0,0,0,1
59518,0,0,0,0,0,0,0,0,1
59519,0,0,0,0,0,0,0,0,1
59520,0,0,0,0,0,0,0,0,1
59521,0,0,0,0,0,0,0,0,1
59522,0,0,0,0,0,0,0,0,1
59523,0,0,0,0,0,0,0,0,1
59524,0,0,0,0,0,0,0,0,1
59525,0,0,0,0,0,0,0,0,1
59526,0,0,0,0,0,0,0,0,1
59527,0,0,0,0,0,0,0,0,1
59528,0,0,0,0,0,0,0,0,1
59529,0,0,0,0,0,0,0,0,1
59530,0,0,0,0,0,0,0,0,1
59531,0,0,0,0,0,0,0,0,1
59532,0,0,0,0,0,0,0,0,1
59533,0,0,0,0,0,0,0,0,1
59534,0,0,0,0,0,0,0,0,1
59535,0,0,0,0,0,0,0,0,1
59536,0,0,0,0,0,0,0,0,1
59537,0,0,0,0,0,0,0,0,1
59538,0,0,0,0,0,0,0,0,1
59539,0,0,0,0,0,0,0,0,1
59540,0,0,0,0,0,0,0,0,1
59541,0,0,0,0,0,0,0,0,1
59542,0,0,0,0,0,0,0,0,1
59543,0,0,0,0,0,0,0,0,1
59544,0,0,0,0,0,0,0,0,1
59545,0,0,0,0,0,0,0,0,1
59546,0,0,0,0,0,0,0,0,1
59547,0,0,0,0,0,0,0,0,1
59548,0,0,0,0,0,0,0,0,1
59549,0,0,0,0,0,0,0,0,1
59550,0,0,0,0,0,0,0,0,1
59551,0,0,0,0,0,0,0,0,1
59552,0,0,0,0,0,0,0,0,1
59553,0,0,0,0,0,0,0,0,1
59554,0,0,0,0,0,0,0,0,1
59555,0,0,0,0,0,0,0,0,1
59556,0,0,0,0,0,0,0,0,1
59557,0,0,0,0,0,0,0,0,1
59558,0,0,0,0,0,0,0,0,1
59559,0,0,0,0,0,0,0,0,1
59560,0,0,0,0,0,0,0,0,1
59561,0,0,0,0,0,0,0,0,1
59562,0,0,0,0,0,0,0,0,1
59563,0,0,0,0,0,0,0,0,1
59564,0,0,0,0,0,0,0,0,1
59565,0,0,0,0,0,0,0,0,1
59566,0,0,0,0,0,0,0,0,1
59567,0,0,0,0,0,0,0,0,1
59568,0,0,0,0,0,0,0,0,1
59569,0,0,0,0,0,0,0,0,1
59570,0,0,0,0,0,0,0,0,1
59571,0,0,0,0,0,0,0,0,1
59572,0,0,0,0,0,0,0,0,1
59573,0,0,0,0,0,0,0,0,1
59574,0,0,0,0,0,0,0,0,1
59575,0,0,0,0,0,0,0,0,1
59576,0,0,0,0,0,0,0,0,1
59577,0,0,0,0,0,0,0,0,1
59578,0,0,0,0,0,0,0,0,1
59579,0,0,0,0,0,0,0,0,1
59580,0,0,0,0,0,0,0,0,1
59581,0,0,0,0,0,0,0,0,1
59582,0,0,0,0,0,0,0,0,1
59583,0,0,0,0,0,0,0,0,1
59584,0,0,0,0,0,0,0,0,1
59585,0,0,0,0,0,0,0,0,1
59586,0,0,0,0,0,0,0,0,1
59587,0,0,0,0,0,0,0,0,1
59588,0,0,0,0,0,0,0,0,1
59589,0,0,0,0,0,0,0,0,1
59590,0,0,0,0,0,0,0,0,1
59591,0,0,0,0,0,0,0,0,1
59592,0,0,0,0,0,0,0,0,1
59593,0,0,0,0,0,0,0,0,1
59594,0,0,0,0,0,0,0,0,1
59595,0,0,0,0,0,0,0,0,1
59596,0,0,0,0,0,0,0,0,1
59597,0,0,0,0,0,0,0,0,1
59598,0,0,0,0,0,0,0,0,1
59599,0,0,0,0,0,0,0,0,1
59600,0,0,0,0,0,0,0,0,1
59601,0,0,0,0,0,0,0,0,1
59602,0,0,0,0,0,0,0,0,1
59603,0,0,0,0,0,0,0,0,1
59604,0,0,0,0,0,0,0,0,1
59605,0,0,0,0,0,0,0,0,1
59606,0,0,0,0,0,0,0,0,1
59607,0,0,0,0,0,0,0,0,1
59608,0,0,0,0,0,0,0,0,1
59609,0,0,0,0,0,0,0,0,1
59610,0,0,0,0,0,0,0,0,1
59611,0,0,0,0,0,0,0,0,1
59612,0,0,0,0,0,0,0,0,1
59613,0,0,0,0,0,0,0,0,1
59614,0,0,0,0,0,0,0,0,1
59615,0,0,0,0,0,0,0,0,1
59616,0,0,0,0,0,0,0,0,1
59617,0,0,0,0,0,0,0,0,1
59618,0,0,0,0,0,0,0,0,1
59619,0,0,0,0,0,0,0,0,1
59620,0,0,0,0,0,0,0,0,1
59621,0,0,0,0,0,0,0,0,1
59622,0,0,0,0,0,0,0,0,1
59623,0,0,0,0,0,0,0,0,1
59624,0,0,0,0,0,0,0,0,1
59625,0,0,0,0,0,0,0,0,1
59626,0,0,0,0,0,0,0,0,1
59627,0,0,0,0,0,0,0,0,1
59628,0,0,0,0,0,0,0,0,1
59629,0,0,0,0,0,0,0,0,1
59630,0,0,0,0,0,0,0,0,1
59631,0,0,0,0,0,0,0,0,1
59632,0,0,0,0,0,0,0,0,1
59633,0,0,0,0,0,0,0,0,1
59634,0,0,0,0,0,0,0,0,1
59635,0,0,0,0,0,0,0,0,1
59636,0,0,0,0,0,0,0,0,1
59637,0,0,0,0,0,0,0,0,1
59638,0,0,0,0,0,0,0,0,1
59639,0,0,0,0,0,0,0,0,1
59640,0,0,0,0,0,0,0,0,1
59641,0,0,0,0,0,0,0,0,1
59642,0,0,0,0,0,0,0,0,1
59643,0,0,0,0,0,0,0,0,1
59644,0,0,0,0,0,0,0,0,1
59645,0,0,0,0,0,0,0,0,1
59646,0,0,0,0,0,0,0,0,1
59647,0,0,0,0,0,0,0,0,1
59648,0,0,0,0,0,0,0,0,1
59649,0,0,0,0,0,0,0,0,1
59650,0,0,0,0,0,0,0,0,1
59651,0,0,0,0,0,0,0,0,1
59652,0,0,0,0,0,0,0,0,1
59653,0,0,0,0,0,0,0,0,1
59654,0,0,0,0,0,0,0,0,1
59655,0,0,0,0,0,0,0,0,1
59656,0,0,0,0,0,0,0,0,1
59657,0,0,0,0,0,0,0,0,1
59658,0,0,0,0,0,0,0,0,1
59659,0,0,0,0,0,0,0,0,1
59660,0,0,0,0,0,0,0,0,1
59661,0,0,0,0,0,0,0,0,1
59662,0,0,0,0,0,0,0,0,1
59663,0,0,0,0,0,0,0,0,1
59664,0,0,0,0,0,0,0,0,1
59665,0,0,0,0,0,0,0,0,1
59666,0,0,0,0,0,0,0,0,1
59667,0,0,0,0,0,0,0,0,1
59668,0,0,0,0,0,0,0,0,1
59669,0,0,0,0,0,0,0,0,1
59670,0,0,0,0,0,0,0,0,1
59671,0,0,0,0,0,0,0,0,1
59672,0,0,0,0,0,0,0,0,1
59673,0,0,0,0,0,0,0,0,1
59674,0,0,0,0,0,0,0,0,1
59675,0,0,0,0,0,0,0,0,1
59676,0,0,0,0,0,0,0,0,1
59677,0,0,0,0,0,0,0,0,1
59678,0,0,0,0,0,0,0,0,1
59679,0,0,0,0,0,0,0,0,1
59680,0,0,0,0,0,0,0,0,1
59681,0,0,0,0,0,0,0,0,1
59682,0,0,0,0,0,0,0,0,1
59683,0,0,0,0,0,0,0,0,1
59684,0,0,0,0,0,0,0,0,1
59685,0,0,0,0,0,0,0,0,1
59686,0,0,0,0,0,0,0,0,1
59687,0,0,0,0,0,0,0,0,1
59688,0,0,0,0,0,0,0,0,1
59689,0,0,0,0,0,0,0,0,1
59690,0,0,0,0,0,0,0,0,1
59691,0,0,0,0,0,0,0,0,1
59692,0,0,0,0,0,0,0,0,1
59693,0,0,0,0,0,0,0,0,1
59694,0,0,0,0,0,0,0,0,1
59695,0,0,0,0,0,0,0,0,1
59696,0,0,0,0,0,0,0,0,1
59697,0,0,0,0,0,0,0,0,1
59698,0,0,0,0,0,0,0,0,1
59699,0,0,0,0,0,0,0,0,1
59700,0,0,0,0,0,0,0,0,1
59701,0,0,0,0,0,0,0,0,1
59702,0,0,0,0,0,0,0,0,1
59703,0,0,0,0,0,0,0,0,1
59704,0,0,0,0,0,0,0,0,1
59705,0,0,0,0,0,0,0,0,1
59706,0,0,0,0,0,0,0,0,1
59707,0,0,0,0,0,0,0,0,1
59708,0,0,0,0,0,0,0,0,1
59709,0,0,0,0,0,0,0,0,1
59710,0,0,0,0,0,0,0,0,1
59711,0,0,0,0,0,0,0,0,1
59712,0,0,0,0,0,0,0,0,1
59713,0,0,0,0,0,0,0,0,1
59714,0,0,0,0,0,0,0,0,1
59715,0,0,0,0,0,0,0,0,1
59716,0,0,0,0,0,0,0,0,1
59717,0,0,0,0,0,0,0,0,1
59718,0,0,0,0,0,0,0,0,1
59719,0,0,0,0,0,0,0,0,1
59720,0,0,0,0,0,0,0,0,1
59721,0,0,0,0,0,0,0,0,1
59722,0,0,0,0,0,0,0,0,1
59723,0,0,0,0,0,0,0,0,1
59724,0,0,0,0,0,0,0,0,1
59725,0,0,0,0,0,0,0,0,1
59726,0,0,0,0,0,0,0,0,1
59727,0,0,0,0,0,0,0,0,1
59728,0,0,0,0,0,0,0,0,1
59729,0,0,0,0,0,0,0,0,1
59730,0,0,0,0,0,0,0,0,1
59731,0,0,0,0,0,0,0,0,1
59732,0,0,0,0,0,0,0,0,1
59733,0,0,0,0,0,0,0,0,1
59734,0,0,0,0,0,0,0,0,1
59735,0,0,0,0,0,0,0,0,1
59736,0,0,0,0,0,0,0,0,1
59737,0,0,0,0,0,0,0,0,1
59738,0,0,0,0,0,0,0,0,1
59739,0,0,0,0,0,0,0,0,1
59740,0,0,0,0,0,0,0,0,1
59741,0,0,0,0,0,0,0,0,1
59742,0,0,0,0,0,0,0,0,1
59743,0,0,0,0,0,0,0,0,1
59744,0,0,0,0,0,0,0,0,1
59745,0,0,0,0,0,0,0,0,1
59746,0,0,0,0,0,0,0,0,1
59747,0,0,0,0,0,0,0,0,1
59748,0,0,0,0,0,0,0,0,1
59749,0,0,0,0,0,0,0,0,1
59750,0,0,0,0,0,0,0,0,1
59751,0,0,0,0,0,0,0,0,1
59752,0,0,0,0,0,0,0,0,1
59753,0,0,0,0,0,0,0,0,1
59754,0,0,0,0,0,0,0,0,1
59755,0,0,0,0,0,0,0,0,1
59756,0,0,0,0,0,0,0,0,1
59757,0,0,0,0,0,0,0,0,1
59758,0,0,0,0,0,0,0,0,1
59759,0,0,0,0,0,0,0,0,1
59760,0,0,0,0,0,0,0,0,1
59761,0,0,0,0,0,0,0,0,1
59762,0,0,0,0,0,0,0,0,1
59763,0,0,0,0,0,0,0,0,1
59764,0,0,0,0,0,0,0,0,1
59765,0,0,0,0,0,0,0,0,1
59766,0,0,0,0,0,0,0,0,1
59767,0,0,0,0,0,0,0,0,1
59768,0,0,0,0,0,0,0,0,1
59769,0,0,0,0,0,0,0,0,1
59770,0,0,0,0,0,0,0,0,1
59771,0,0,0,0,0,0,0,0,1
59772,0,0,0,0,0,0,0,0,1
59773,0,0,0,0,0,0,0,0,1
59774,0,0,0,0,0,0,0,0,1
59775,0,0,0,0,0,0,0,0,1
59776,0,0,0,0,0,0,0,0,1
59777,0,0,0,0,0,0,0,0,1
59778,0,0,0,0,0,0,0,0,1
59779,0,0,0,0,0,0,0,0,1
59780,0,0,0,0,0,0,0,0,1
59781,0,0,0,0,0,0,0,0,1
59782,0,0,0,0,0,0,0,0,1
59783,0,0,0,0,0,0,0,0,1
59784,0,0,0,0,0,0,0,0,1
59785,0,0,0,0,0,0,0,0,1
59786,0,0,0,0,0,0,0,0,1
59787,0,0,0,0,0,0,0,0,1
59788,0,0,0,0,0,0,0,0,1
59789,0,0,0,0,0,0,0,0,1
59790,0,0,0,0,0,0,0,0,1
59791,0,0,0,0,0,0,0,0,1
59792,0,0,0,0,0,0,0,0,1
59793,0,0,0,0,0,0,0,0,1
59794,0,0,0,0,0,0,0,0,1
59795,0,0,0,0,0,0,0,0,1
59796,0,0,0,0,0,0,0,0,1
59797,0,0,0,0,0,0,0,0,1
59798,0,0,0,0,0,0,0,0,1
59799,0,0,0,0,0,0,0,0,1
59800,0,0,0,0,0,0,0,0,1
59801,0,0,0,0,0,0,0,0,1
59802,0,0,0,0,0,0,0,0,1
59803,0,0,0,0,0,0,0,0,1
59804,0,0,0,0,0,0,0,0,1
59805,0,0,0,0,0,0,0,0,1
59806,0,0,0,0,0,0,0,0,1
59807,0,0,0,0,0,0,0,0,1
59808,0,0,0,0,0,0,0,0,1
59809,0,0,0,0,0,0,0,0,1
59810,0,0,0,0,0,0,0,0,1
59811,0,0,0,0,0,0,0,0,1
59812,0,0,0,0,0,0,0,0,1
59813,0,0,0,0,0,0,0,0,1
59814,0,0,0,0,0,0,0,0,1
59815,0,0,0,0,0,0,0,0,1
59816,0,0,0,0,0,0,0,0,1
59817,0,0,0,0,0,0,0,0,1
59818,0,0,0,0,0,0,0,0,1
59819,0,0,0,0,0,0,0,0,1
59820,0,0,0,0,0,0,0,0,1
59821,0,0,0,0,0,0,0,0,1
59822,0,0,0,0,0,0,0,0,1
59823,0,0,0,0,0,0,0,0,1
59824,0,0,0,0,0,0,0,0,1
59825,0,0,0,0,0,0,0,0,1
59826,0,0,0,0,0,0,0,0,1
59827,0,0,0,0,0,0,0,0,1
59828,0,0,0,0,0,0,0,0,1
59829,0,0,0,0,0,0,0,0,1
59830,0,0,0,0,0,0,0,0,1
59831,0,0,0,0,0,0,0,0,1
59832,0,0,0,0,0,0,0,0,1
59833,0,0,0,0,0,0,0,0,1
59834,0,0,0,0,0,0,0,0,1
59835,0,0,0,0,0,0,0,0,1
59836,0,0,0,0,0,0,0,0,1
59837,0,0,0,0,0,0,0,0,1
59838,0,0,0,0,0,0,0,0,1
59839,0,0,0,0,0,0,0,0,1
59840,0,0,0,0,0,0,0,0,1
59841,0,0,0,0,0,0,0,0,1
59842,0,0,0,0,0,0,0,0,1
59843,0,0,0,0,0,0,0,0,1
59844,0,0,0,0,0,0,0,0,1
59845,0,0,0,0,0,0,0,0,1
59846,0,0,0,0,0,0,0,0,1
59847,0,0,0,0,0,0,0,0,1
59848,0,0,0,0,0,0,0,0,1
59849,0,0,0,0,0,0,0,0,1
59850,0,0,0,0,0,0,0,0,1
59851,0,0,0,0,0,0,0,0,1
59852,0,0,0,0,0,0,0,0,1
59853,0,0,0,0,0,0,0,0,1
59854,0,0,0,0,0,0,0,0,1
59855,0,0,0,0,0,0,0,0,1
59856,0,0,0,0,0,0,0,0,1
59857,0,0,0,0,0,0,0,0,1
59858,0,0,0,0,0,0,0,0,1
59859,0,0,0,0,0,0,0,0,1
59860,0,0,0,0,0,0,0,0,1
59861,0,0,0,0,0,0,0,0,1
59862,0,0,0,0,0,0,0,0,1
59863,0,0,0,0,0,0,0,0,1
59864,0,0,0,0,0,0,0,0,1
59865,0,0,0,0,0,0,0,0,1
59866,0,0,0,0,0,0,0,0,1
59867,0,0,0,0,0,0,0,0,1
59868,0,0,0,0,0,0,0,0,1
59869,0,0,0,0,0,0,0,0,1
59870,0,0,0,0,0,0,0,0,1
59871,0,0,0,0,0,0,0,0,1
59872,0,0,0,0,0,0,0,0,1
59873,0,0,0,0,0,0,0,0,1
59874,0,0,0,0,0,0,0,0,1
59875,0,0,0,0,0,0,0,0,1
59876,0,0,0,0,0,0,0,0,1
59877,0,0,0,0,0,0,0,0,1
59878,0,0,0,0,0,0,0,0,1
59879,0,0,0,0,0,0,0,0,1
59880,0,0,0,0,0,0,0,0,1
59881,0,0,0,0,0,0,0,0,1
59882,0,0,0,0,0,0,0,0,1
59883,0,0,0,0,0,0,0,0,1
59884,0,0,0,0,0,0,0,0,1
59885,0,0,0,0,0,0,0,0,1
59886,0,0,0,0,0,0,0,0,1
59887,0,0,0,0,0,0,0,0,1
59888,0,0,0,0,0,0,0,0,1
59889,0,0,0,0,0,0,0,0,1
59890,0,0,0,0,0,0,0,0,1
59891,0,0,0,0,0,0,0,0,1
59892,0,0,0,0,0,0,0,0,1
59893,0,0,0,0,0,0,0,0,1
59894,0,0,0,0,0,0,0,0,1
59895,0,0,0,0,0,0,0,0,1
59896,0,0,0,0,0,0,0,0,1
59897,0,0,0,0,0,0,0,0,1
59898,0,0,0,0,0,0,0,0,1
59899,0,0,0,0,0,0,0,0,1
59900,0,0,0,0,0,0,0,0,1
59901,0,0,0,0,0,0,0,0,1
59902,0,0,0,0,0,0,0,0,1
59903,0,0,0,0,0,0,0,0,1
59904,0,0,0,0,0,0,0,0,1
59905,0,0,0,0,0,0,0,0,1
59906,0,0,0,0,0,0,0,0,1
59907,0,0,0,0,0,0,0,0,1
59908,0,0,0,0,0,0,0,0,1
59909,0,0,0,0,0,0,0,0,1
59910,0,0,0,0,0,0,0,0,1
59911,0,0,0,0,0,0,0,0,1
59912,0,0,0,0,0,0,0,0,1
59913,0,0,0,0,0,0,0,0,1
59914,0,0,0,0,0,0,0,0,1
59915,0,0,0,0,0,0,0,0,1
59916,0,0,0,0,0,0,0,0,1
59917,0,0,0,0,0,0,0,0,1
59918,0,0,0,0,0,0,0,0,1
59919,0,0,0,0,0,0,0,0,1
59920,0,0,0,0,0,0,0,0,1
59921,0,0,0,0,0,0,0,0,1
59922,0,0,0,0,0,0,0,0,1
59923,0,0,0,0,0,0,0,0,1
59924,0,0,0,0,0,0,0,0,1
59925,0,0,0,0,0,0,0,0,1
59926,0,0,0,0,0,0,0,0,1
59927,0,0,0,0,0,0,0,0,1
59928,0,0,0,0,0,0,0,0,1
59929,0,0,0,0,0,0,0,0,1
59930,0,0,0,0,0,0,0,0,1
59931,0,0,0,0,0,0,0,0,1
59932,0,0,0,0,0,0,0,0,1
59933,0,0,0,0,0,0,0,0,1
59934,0,0,0,0,0,0,0,0,1
59935,0,0,0,0,0,0,0,0,1
59936,0,0,0,0,0,0,0,0,1
59937,0,0,0,0,0,0,0,0,1
59938,0,0,0,0,0,0,0,0,1
59939,0,0,0,0,0,0,0,0,1
59940,0,0,0,0,0,0,0,0,1
59941,0,0,0,0,0,0,0,0,1
59942,0,0,0,0,0,0,0,0,1
59943,0,0,0,0,0,0,0,0,1
59944,0,0,0,0,0,0,0,0,1
59945,0,0,0,0,0,0,0,0,1
59946,0,0,0,0,0,0,0,0,1
59947,0,0,0,0,0,0,0,0,1
59948,0,0,0,0,0,0,0,0,1
59949,0,0,0,0,0,0,0,0,1
59950,0,0,0,0,0,0,0,0,1
59951,0,0,0,0,0,0,0,0,1
59952,0,0,0,0,0,0,0,0,1
59953,0,0,0,0,0,0,0,0,1
59954,0,0,0,0,0,0,0,0,1
59955,0,0,0,0,0,0,0,0,1
59956,0,0,0,0,0,0,0,0,1
59957,0,0,0,0,0,0,0,0,1
59958,0,0,0,0,0,0,0,0,1
59959,0,0,0,0,0,0,0,0,1
59960,0,0,0,0,0,0,0,0,1
59961,0,0,0,0,0,0,0,0,1
59962,0,0,0,0,0,0,0,0,1
59963,0,0,0,0,0,0,0,0,1
59964,0,0,0,0,0,0,0,0,1
59965,0,0,0,0,0,0,0,0,1
59966,0,0,0,0,0,0,0,0,1
59967,0,0,0,0,0,0,0,0,1
59968,0,0,0,0,0,0,0,0,1
59969,0,0,0,0,0,0,0,0,1
59970,0,0,0,0,0,0,0,0,1
59971,0,0,0,0,0,0,0,0,1
59972,0,0,0,0,0,0,0,0,1
59973,0,0,0,0,0,0,0,0,1
59974,0,0,0,0,0,0,0,0,1
59975,0,0,0,0,0,0,0,0,1
59976,0,0,0,0,0,0,0,0,1
59977,0,0,0,0,0,0,0,0,1
59978,0,0,0,0,0,0,0,0,1
59979,0,0,0,0,0,0,0,0,1
59980,0,0,0,0,0,0,0,0,1
59981,0,0,0,0,0,0,0,0,1
59982,0,0,0,0,0,0,0,0,1
59983,0,0,0,0,0,0,0,0,1
59984,0,0,0,0,0,0,0,0,1
59985,0,0,0,0,0,0,0,0,1
59986,0,0,0,0,0,0,0,0,1
59987,0,0,0,0,0,0,0,0,1
59988,0,0,0,0,0,0,0,0,1
59989,0,0,0,0,0,0,0,0,1
59990,0,0,0,0,0,0,0,0,1
59991,0,0,0,0,0,0,0,0,1
59992,0,0,0,0,0,0,0,0,1
59993,0,0,0,0,0,0,0,0,1
59994,0,0,0,0,0,0,0,0,1
59995,0,0,0,0,0,0,0,0,1
59996,0,0,0,0,0,0,0,0,1
59997,0,0,0,0,0,0,0,0,1
59998,0,0,0,0,0,0,0,0,1
59999,0,0,0,0,0,0,0,0,1
60000,0,0,0,0,0,0,0,0,1
60001,0,0,0,0,0,0,0,0,1
60002,0,0,0,0,0,0,0,0,1
60003,0,0,0,0,0,0,0,0,1
60004,0,0,0,0,0,0,0,0,1
60005,0,0,0,0,0,0,0,0,1
60006,0,0,0,0,0,0,0,0,1
60007,0,0,0,0,0,0,0,0,1
60008,0,0,0,0,0,0,0,0,1
60009,0,0,0,0,0,0,0,0,1
60010,0,0,0,0,0,0,0,0,1
60011,0,0,0,0,0,0,0,0,1
60012,0,0,0,0,0,0,0,0,1
60013,0,0,0,0,0,0,0,0,1
60014,0,0,0,0,0,0,0,0,1
60015,0,0,0,0,0,0,0,0,1
60016,0,0,0,0,0,0,0,0,1
60017,0,0,0,0,0,0,0,0,1
60018,0,0,0,0,0,0,0,0,1
60019,0,0,0,0,0,0,0,0,1
60020,0,0,0,0,0,0,0,0,1
60021,0,0,0,0,0,0,0,0,1
60022,0,0,0,0,0,0,0,0,1
60023,0,0,0,0,0,0,0,0,1
60024,0,0,0,0,0,0,0,0,1
60025,0,0,0,0,0,0,0,0,1
60026,0,0,0,0,0,0,0,0,1
60027,0,0,0,0,0,0,0,0,1
60028,0,0,0,0,0,0,0,0,1
60029,0,0,0,0,0,0,0,0,1
60030,0,0,0,0,0,0,0,0,1
60031,0,0,0,0,0,0,0,0,1
60032,0,0,0,0,0,0,0,0,1
60033,0,0,0,0,0,0,0,0,1
60034,0,0,0,0,0,0,0,0,1
60035,0,0,0,0,0,0,0,0,1
60036,0,0,0,0,0,0,0,0,1
60037,0,0,0,0,0,0,0,0,1
60038,0,0,0,0,0,0,0,0,1
60039,0,0,0,0,0,0,0,0,1
60040,0,0,0,0,0,0,0,0,1
60041,0,0,0,0,0,0,0,0,1
60042,0,0,0,0,0,0,0,0,1
60043,0,0,0,0,0,0,0,0,1
60044,0,0,0,0,0,0,0,0,1
60045,0,0,0,0,0,0,0,0,1
60046,0,0,0,0,0,0,0,0,1
60047,0,0,0,0,0,0,0,0,1
60048,0,0,0,0,0,0,0,0,1
60049,0,0,0,0,0,0,0,0,1
60050,0,0,0,0,0,0,0,0,1
60051,0,0,0,0,0,0,0,0,1
60052,0,0,0,0,0,0,0,0,1
60053,0,0,0,0,0,0,0,0,1
60054,0,0,0,0,0,0,0,0,1
60055,0,0,0,0,0,0,0,0,1
60056,0,0,0,0,0,0,0,0,1
60057,0,0,0,0,0,0,0,0,1
60058,0,0,0,0,0,0,0,0,1
60059,0,0,0,0,0,0,0,0,1
60060,0,0,0,0,0,0,0,0,1
60061,0,0,0,0,0,0,0,0,1
60062,0,0,0,0,0,0,0,0,1
60063,0,0,0,0,0,0,0,0,1
60064,0,0,0,0,0,0,0,0,1
60065,0,0,0,0,0,0,0,0,1
60066,0,0,0,0,0,0,0,0,1
60067,0,0,0,0,0,0,0,0,1
60068,0,0,0,0,0,0,0,0,1
60069,0,0,0,0,0,0,0,0,1
60070,0,0,0,0,0,0,0,0,1
60071,0,0,0,0,0,0,0,0,1
60072,0,0,0,0,0,0,0,0,1
60073,0,0,0,0,0,0,0,0,1
60074,0,0,0,0,0,0,0,0,1
60075,0,0,0,0,0,0,0,0,1
60076,0,0,0,0,0,0,0,0,1
60077,0,0,0,0,0,0,0,0,1
60078,0,0,0,0,0,0,0,0,1
60079,0,0,0,0,0,0,0,0,1
60080,0,0,0,0,0,0,0,0,1
60081,0,0,0,0,0,0,0,0,1
60082,0,0,0,0,0,0,0,0,1
60083,0,0,0,0,0,0,0,0,1
60084,0,0,0,0,0,0,0,0,1
60085,0,0,0,0,0,0,0,0,1
60086,0,0,0,0,0,0,0,0,1
60087,0,0,0,0,0,0,0,0,1
60088,0,0,0,0,0,0,0,0,1
60089,0,0,0,0,0,0,0,0,1
60090,0,0,0,0,0,0,0,0,1
60091,0,0,0,0,0,0,0,0,1
60092,0,0,0,0,0,0,0,0,1
60093,0,0,0,0,0,0,0,0,1
60094,0,0,0,0,0,0,0,0,1
60095,0,0,0,0,0,0,0,0,1
60096,0,0,0,0,0,0,0,0,1
60097,0,0,0,0,0,0,0,0,1
60098,0,0,0,0,0,0,0,0,1
60099,0,0,0,0,0,0,0,0,1
60100,0,0,0,0,0,0,0,0,1
60101,0,0,0,0,0,0,0,0,1
60102,0,0,0,0,0,0,0,0,1
60103,0,0,0,0,0,0,0,0,1
60104,0,0,0,0,0,0,0,0,1
60105,0,0,0,0,0,0,0,0,1
60106,0,0,0,0,0,0,0,0,1
60107,0,0,0,0,0,0,0,0,1
60108,0,0,0,0,0,0,0,0,1
60109,0,0,0,0,0,0,0,0,1
60110,0,0,0,0,0,0,0,0,1
60111,0,0,0,0,0,0,0,0,1
60112,0,0,0,0,0,0,0,0,1
60113,0,0,0,0,0,0,0,0,1
60114,0,0,0,0,0,0,0,0,1
60115,0,0,0,0,0,0,0,0,1
60116,0,0,0,0,0,0,0,0,1
60117,0,0,0,0,0,0,0,0,1
60118,0,0,0,0,0,0,0,0,1
60119,0,0,0,0,0,0,0,0,1
60120,0,0,0,0,0,0,0,0,1
60121,0,0,0,0,0,0,0,0,1
60122,0,0,0,0,0,0,0,0,1
60123,0,0,0,0,0,0,0,0,1
60124,0,0,0,0,0,0,0,0,1
60125,0,0,0,0,0,0,0,0,1
60126,0,0,0,0,0,0,0,0,1
60127,0,0,0,0,0,0,0,0,1
60128,0,0,0,0,0,0,0,0,1
60129,0,0,0,0,0,0,0,0,1
60130,0,0,0,0,0,0,0,0,1
60131,0,0,0,0,0,0,0,0,1
60132,0,0,0,0,0,0,0,0,1
60133,0,0,0,0,0,0,0,0,1
60134,0,0,0,0,0,0,0,0,1
60135,0,0,0,0,0,0,0,0,1
60136,0,0,0,0,0,0,0,0,1
60137,0,0,0,0,0,0,0,0,1
60138,0,0,0,0,0,0,0,0,1
60139,0,0,0,0,0,0,0,0,1
60140,0,0,0,0,0,0,0,0,1
60141,0,0,0,0,0,0,0,0,1
60142,0,0,0,0,0,0,0,0,1
60143,0,0,0,0,0,0,0,0,1
60144,0,0,0,0,0,0,0,0,1
60145,0,0,0,0,0,0,0,0,1
60146,0,0,0,0,0,0,0,0,1
60147,0,0,0,0,0,0,0,0,1
60148,0,0,0,0,0,0,0,0,1
60149,0,0,0,0,0,0,0,0,1
60150,0,0,0,0,0,0,0,0,1
60151,0,0,0,0,0,0,0,0,1
60152,0,0,0,0,0,0,0,0,1
60153,0,0,0,0,0,0,0,0,1
60154,0,0,0,0,0,0,0,0,1
60155,0,0,0,0,0,0,0,0,1
60156,0,0,0,0,0,0,0,0,1
60157,0,0,0,0,0,0,0,0,1
60158,0,0,0,0,0,0,0,0,1
60159,0,0,0,0,0,0,0,0,1
60160,0,0,0,0,0,0,0,0,1
60161,0,0,0,0,0,0,0,0,1
60162,0,0,0,0,0,0,0,0,1
60163,0,0,0,0,0,0,0,0,1
60164,0,0,0,0,0,0,0,0,1
60165,0,0,0,0,0,0,0,0,1
60166,0,0,0,0,0,0,0,0,1
60167,0,0,0,0,0,0,0,0,1
60168,0,0,0,0,0,0,0,0,1
60169,0,0,0,0,0,0,0,0,1
60170,0,0,0,0,0,0,0,0,1
60171,0,0,0,0,0,0,0,0,1
60172,0,0,0,0,0,0,0,0,1
60173,0,0,0,0,0,0,0,0,1
60174,0,0,0,0,0,0,0,0,1
60175,0,0,0,0,0,0,0,0,1
60176,0,0,0,0,0,0,0,0,1
60177,0,0,0,0,0,0,0,0,1
60178,0,0,0,0,0,0,0,0,1
60179,0,0,0,0,0,0,0,0,1
60180,0,0,0,0,0,0,0,0,1
60181,0,0,0,0,0,0,0,0,1
60182,0,0,0,0,0,0,0,0,1
60183,0,0,0,0,0,0,0,0,1
60184,0,0,0,0,0,0,0,0,1
60185,0,0,0,0,0,0,0,0,1
60186,0,0,0,0,0,0,0,0,1
60187,0,0,0,0,0,0,0,0,1
60188,0,0,0,0,0,0,0,0,1
60189,0,0,0,0,0,0,0,0,1
60190,0,0,0,0,0,0,0,0,1
60191,0,0,0,0,0,0,0,0,1
60192,0,0,0,0,0,0,0,0,1
60193,0,0,0,0,0,0,0,0,1
60194,0,0,0,0,0,0,0,0,1
60195,0,0,0,0,0,0,0,0,1
60196,0,0,0,0,0,0,0,0,1
60197,0,0,0,0,0,0,0,0,1
60198,0,0,0,0,0,0,0,0,1
60199,0,0,0,0,0,0,0,0,1
60200,0,0,0,0,0,0,0,0,1
60201,0,0,0,0,0,0,0,0,1
60202,0,0,0,0,0,0,0,0,1
60203,0,0,0,0,0,0,0,0,1
60204,0,0,0,0,0,0,0,0,1
60205,0,0,0,0,0,0,0,0,1
60206,0,0,0,0,0,0,0,0,1
60207,0,0,0,0,0,0,0,0,1
60208,0,0,0,0,0,0,0,0,1
60209,0,0,0,0,0,0,0,0,1
60210,0,0,0,0,0,0,0,0,1
60211,0,0,0,0,0,0,0,0,1
60212,0,0,0,0,0,0,0,0,1
60213,0,0,0,0,0,0,0,0,1
60214,0,0,0,0,0,0,0,0,1
60215,0,0,0,0,0,0,0,0,1
60216,0,0,0,0,0,0,0,0,1
60217,0,0,0,0,0,0,0,0,1
60218,0,0,0,0,0,0,0,0,1
60219,0,0,0,0,0,0,0,0,1
60220,0,0,0,0,0,0,0,0,1
60221,0,0,0,0,0,0,0,0,1
60222,0,0,0,0,0,0,0,0,1
60223,0,0,0,0,0,0,0,0,1
60224,0,0,0,0,0,0,0,0,1
60225,0,0,0,0,0,0,0,0,1
60226,0,0,0,0,0,0,0,0,1
60227,0,0,0,0,0,0,0,0,1
60228,0,0,0,0,0,0,0,0,1
60229,0,0,0,0,0,0,0,0,1
60230,0,0,0,0,0,0,0,0,1
60231,0,0,0,0,0,0,0,0,1
60232,0,0,0,0,0,0,0,0,1
60233,0,0,0,0,0,0,0,0,1
60234,0,0,0,0,0,0,0,0,1
60235,0,0,0,0,0,0,0,0,1
60236,0,0,0,0,0,0,0,0,1
60237,0,0,0,0,0,0,0,0,1
60238,0,0,0,0,0,0,0,0,1
60239,0,0,0,0,0,0,0,0,1
60240,0,0,0,0,0,0,0,0,1
60241,0,0,0,0,0,0,0,0,1
60242,0,0,0,0,0,0,0,0,1
60243,0,0,0,0,0,0,0,0,1
60244,0,0,0,0,0,0,0,0,1
60245,0,0,0,0,0,0,0,0,1
60246,0,0,0,0,0,0,0,0,1
60247,0,0,0,0,0,0,0,0,1
60248,0,0,0,0,0,0,0,0,1
60249,0,0,0,0,0,0,0,0,1
60250,0,0,0,0,0,0,0,0,1
60251,0,0,0,0,0,0,0,0,1
60252,0,0,0,0,0,0,0,0,1
60253,0,0,0,0,0,0,0,0,1
60254,0,0,0,0,0,0,0,0,1
60255,0,0,0,0,0,0,0,0,1
60256,0,0,0,0,0,0,0,0,1
60257,0,0,0,0,0,0,0,0,1
60258,0,0,0,0,0,0,0,0,1
60259,0,0,0,0,0,0,0,0,1
60260,0,0,0,0,0,0,0,0,1
60261,0,0,0,0,0,0,0,0,1
60262,0,0,0,0,0,0,0,0,1
60263,0,0,0,0,0,0,0,0,1
60264,0,0,0,0,0,0,0,0,1
60265,0,0,0,0,0,0,0,0,1
60266,0,0,0,0,0,0,0,0,1
60267,0,0,0,0,0,0,0,0,1
60268,0,0,0,0,0,0,0,0,1
60269,0,0,0,0,0,0,0,0,1
60270,0,0,0,0,0,0,0,0,1
60271,0,0,0,0,0,0,0,0,1
60272,0,0,0,0,0,0,0,0,1
60273,0,0,0,0,0,0,0,0,1
60274,0,0,0,0,0,0,0,0,1
60275,0,0,0,0,0,0,0,0,1
60276,0,0,0,0,0,0,0,0,1
60277,0,0,0,0,0,0,0,0,1
60278,0,0,0,0,0,0,0,0,1
60279,0,0,0,0,0,0,0,0,1
60280,0,0,0,0,0,0,0,0,1
60281,0,0,0,0,0,0,0,0,1
60282,0,0,0,0,0,0,0,0,1
60283,0,0,0,0,0,0,0,0,1
60284,0,0,0,0,0,0,0,0,1
60285,0,0,0,0,0,0,0,0,1
60286,0,0,0,0,0,0,0,0,1
60287,0,0,0,0,0,0,0,0,1
60288,0,0,0,0,0,0,0,0,1
60289,0,0,0,0,0,0,0,0,1
60290,0,0,0,0,0,0,0,0,1
60291,0,0,0,0,0,0,0,0,1
60292,0,0,0,0,0,0,0,0,1
60293,0,0,0,0,0,0,0,0,1
60294,0,0,0,0,0,0,0,0,1
60295,0,0,0,0,0,0,0,0,1
60296,0,0,0,0,0,0,0,0,1
60297,0,0,0,0,0,0,0,0,1
60298,0,0,0,0,0,0,0,0,1
60299,0,0,0,0,0,0,0,0,1
60300,0,0,0,0,0,0,0,0,1
60301,0,0,0,0,0,0,0,0,1
60302,0,0,0,0,0,0,0,0,1
60303,0,0,0,0,0,0,0,0,1
60304,0,0,0,0,0,0,0,0,1
60305,0,0,0,0,0,0,0,0,1
60306,0,0,0,0,0,0,0,0,1
60307,0,0,0,0,0,0,0,0,1
60308,0,0,0,0,0,0,0,0,1
60309,0,0,0,0,0,0,0,0,1
60310,0,0,0,0,0,0,0,0,1
60311,0,0,0,0,0,0,0,0,1
60312,0,0,0,0,0,0,0,0,1
60313,0,0,0,0,0,0,0,0,1
60314,0,0,0,0,0,0,0,0,1
60315,0,0,0,0,0,0,0,0,1
60316,0,0,0,0,0,0,0,0,1
60317,0,0,0,0,0,0,0,0,1
60318,0,0,0,0,0,0,0,0,1
60319,0,0,0,0,0,0,0,0,1
60320,0,0,0,0,0,0,0,0,1
60321,0,0,0,0,0,0,0,0,1
60322,0,0,0,0,0,0,0,0,1
60323,0,0,0,0,0,0,0,0,1
60324,0,0,0,0,0,0,0,0,1
60325,0,0,0,0,0,0,0,0,1
60326,0,0,0,0,0,0,0,0,1
60327,0,0,0,0,0,0,0,0,1
60328,0,0,0,0,0,0,0,0,1
60329,0,0,0,0,0,0,0,0,1
60330,0,0,0,0,0,0,0,0,1
60331,0,0,0,0,0,0,0,0,1
60332,0,0,0,0,0,0,0,0,1
60333,0,0,0,0,0,0,0,0,1
60334,0,0,0,0,0,0,0,0,1
60335,0,0,0,0,0,0,0,0,1
60336,0,0,0,0,0,0,0,0,1
60337,0,0,0,0,0,0,0,0,1
60338,0,0,0,0,0,0,0,0,1
60339,0,0,0,0,0,0,0,0,1
60340,0,0,0,0,0,0,0,0,1
60341,0,0,0,0,0,0,0,0,1
60342,0,0,0,0,0,0,0,0,1
60343,0,0,0,0,0,0,0,0,1
60344,0,0,0,0,0,0,0,0,1
60345,0,0,0,0,0,0,0,0,1
60346,0,0,0,0,0,0,0,0,1
60347,0,0,0,0,0,0,0,0,1
60348,0,0,0,0,0,0,0,0,1
60349,0,0,0,0,0,0,0,0,1
60350,0,0,0,0,0,0,0,0,1
60351,0,0,0,0,0,0,0,0,1
60352,0,0,0,0,0,0,0,0,1
60353,0,0,0,0,0,0,0,0,1
60354,0,0,0,0,0,0,0,0,1
60355,0,0,0,0,0,0,0,0,1
60356,0,0,0,0,0,0,0,0,1
60357,0,0,0,0,0,0,0,0,1
60358,0,0,0,0,0,0,0,0,1
60359,0,0,0,0,0,0,0,0,1
60360,0,0,0,0,0,0,0,0,1
60361,0,0,0,0,0,0,0,0,1
60362,0,0,0,0,0,0,0,0,1
60363,0,0,0,0,0,0,0,0,1
60364,0,0,0,0,0,0,0,0,1
60365,0,0,0,0,0,0,0,0,1
60366,0,0,0,0,0,0,0,0,1
60367,0,0,0,0,0,0,0,0,1
60368,0,0,0,0,0,0,0,0,1
60369,0,0,0,0,0,0,0,0,1
60370,0,0,0,0,0,0,0,0,1
60371,0,0,0,0,0,0,0,0,1
60372,0,0,0,0,0,0,0,0,1
60373,0,0,0,0,0,0,0,0,1
60374,0,0,0,0,0,0,0,0,1
60375,0,0,0,0,0,0,0,0,1
60376,0,0,0,0,0,0,0,0,1
60377,0,0,0,0,0,0,0,0,1
60378,0,0,0,0,0,0,0,0,1
60379,0,0,0,0,0,0,0,0,1
60380,0,0,0,0,0,0,0,0,1
60381,0,0,0,0,0,0,0,0,1
60382,0,0,0,0,0,0,0,0,1
60383,0,0,0,0,0,0,0,0,1
60384,0,0,0,0,0,0,0,0,1
60385,0,0,0,0,0,0,0,0,1
60386,0,0,0,0,0,0,0,0,1
60387,0,0,0,0,0,0,0,0,1
60388,0,0,0,0,0,0,0,0,1
60389,0,0,0,0,0,0,0,0,1
60390,0,0,0,0,0,0,0,0,1
60391,0,0,0,0,0,0,0,0,1
60392,0,0,0,0,0,0,0,0,1
60393,0,0,0,0,0,0,0,0,1
60394,0,0,0,0,0,0,0,0,1
60395,0,0,0,0,0,0,0,0,1
60396,0,0,0,0,0,0,0,0,1
60397,0,0,0,0,0,0,0,0,1
60398,0,0,0,0,0,0,0,0,1
60399,0,0,0,0,0,0,0,0,1
60400,0,0,0,0,0,0,0,0,1
60401,0,0,0,0,0,0,0,0,1
60402,0,0,0,0,0,0,0,0,1
60403,0,0,0,0,0,0,0,0,1
60404,0,0,0,0,0,0,0,0,1
60405,0,0,0,0,0,0,0,0,1
60406,0,0,0,0,0,0,0,0,1
60407,0,0,0,0,0,0,0,0,1
60408,0,0,0,0,0,0,0,0,1
60409,0,0,0,0,0,0,0,0,1
60410,0,0,0,0,0,0,0,0,1
60411,0,0,0,0,0,0,0,0,1
60412,0,0,0,0,0,0,0,0,1
60413,0,0,0,0,0,0,0,0,1
60414,0,0,0,0,0,0,0,0,1
60415,0,0,0,0,0,0,0,0,1
60416,0,0,0,0,0,0,0,0,1
60417,0,0,0,0,0,0,0,0,1
60418,0,0,0,0,0,0,0,0,1
60419,0,0,0,0,0,0,0,0,1
60420,0,0,0,0,0,0,0,0,1
60421,0,0,0,0,0,0,0,0,1
60422,0,0,0,0,0,0,0,0,1
60423,0,0,0,0,0,0,0,0,1
60424,0,0,0,0,0,0,0,0,1
60425,0,0,0,0,0,0,0,0,1
60426,0,0,0,0,0,0,0,0,1
60427,0,0,0,0,0,0,0,0,1
60428,0,0,0,0,0,0,0,0,1
60429,0,0,0,0,0,0,0,0,1
60430,0,0,0,0,0,0,0,0,1
60431,0,0,0,0,0,0,0,0,1
60432,0,0,0,0,0,0,0,0,1
60433,0,0,0,0,0,0,0,0,1
60434,0,0,0,0,0,0,0,0,1
60435,0,0,0,0,0,0,0,0,1
60436,0,0,0,0,0,0,0,0,1
60437,0,0,0,0,0,0,0,0,1
60438,0,0,0,0,0,0,0,0,1
60439,0,0,0,0,0,0,0,0,1
60440,0,0,0,0,0,0,0,0,1
60441,0,0,0,0,0,0,0,0,1
60442,0,0,0,0,0,0,0,0,1
60443,0,0,0,0,0,0,0,0,1
60444,0,0,0,0,0,0,0,0,1
60445,0,0,0,0,0,0,0,0,1
60446,0,0,0,0,0,0,0,0,1
60447,0,0,0,0,0,0,0,0,1
60448,0,0,0,0,0,0,0,0,1
60449,0,0,0,0,0,0,0,0,1
60450,0,0,0,0,0,0,0,0,1
60451,0,0,0,0,0,0,0,0,1
60452,0,0,0,0,0,0,0,0,1
60453,0,0,0,0,0,0,0,0,1
60454,0,0,0,0,0,0,0,0,1
60455,0,0,0,0,0,0,0,0,1
60456,0,0,0,0,0,0,0,0,1
60457,0,0,0,0,0,0,0,0,1
60458,0,0,0,0,0,0,0,0,1
60459,0,0,0,0,0,0,0,0,1
60460,0,0,0,0,0,0,0,0,1
60461,0,0,0,0,0,0,0,0,1
60462,0,0,0,0,0,0,0,0,1
60463,0,0,0,0,0,0,0,0,1
60464,0,0,0,0,0,0,0,0,1
60465,0,0,0,0,0,0,0,0,1
60466,0,0,0,0,0,0,0,0,1
60467,0,0,0,0,0,0,0,0,1
60468,0,0,0,0,0,0,0,0,1
60469,0,0,0,0,0,0,0,0,1
60470,0,0,0,0,0,0,0,0,1
60471,0,0,0,0,0,0,0,0,1
60472,0,0,0,0,0,0,0,0,1
60473,0,0,0,0,0,0,0,0,1
60474,0,0,0,0,0,0,0,0,1
60475,0,0,0,0,0,0,0,0,1
60476,0,0,0,0,0,0,0,0,1
60477,0,0,0,0,0,0,0,0,1
60478,0,0,0,0,0,0,0,0,1
60479,0,0,0,0,0,0,0,0,1
60480,0,0,0,0,0,0,0,0,1
60481,0,0,0,0,0,0,0,0,1
60482,0,0,0,0,0,0,0,0,1
60483,0,0,0,0,0,0,0,0,1
60484,0,0,0,0,0,0,0,0,1
60485,0,0,0,0,0,0,0,0,1
60486,0,0,0,0,0,0,0,0,1
60487,0,0,0,0,0,0,0,0,1
60488,0,0,0,0,0,0,0,0,1
60489,0,0,0,0,0,0,0,0,1
60490,0,0,0,0,0,0,0,0,1
60491,0,0,0,0,0,0,0,0,1
60492,0,0,0,0,0,0,0,0,1
60493,0,0,0,0,0,0,0,0,1
60494,0,0,0,0,0,0,0,0,1
60495,0,0,0,0,0,0,0,0,1
60496,0,0,0,0,0,0,0,0,1
60497,0,0,0,0,0,0,0,0,1
60498,0,0,0,0,0,0,0,0,1
60499,0,0,0,0,0,0,0,0,1
60500,0,0,0,0,0,0,0,0,1
60501,0,0,0,0,0,0,0,0,1
60502,0,0,0,0,0,0,0,0,1
60503,0,0,0,0,0,0,0,0,1
60504,0,0,0,0,0,0,0,0,1
60505,0,0,0,0,0,0,0,0,1
60506,0,0,0,0,0,0,0,0,1
60507,0,0,0,0,0,0,0,0,1
60508,0,0,0,0,0,0,0,0,1
60509,0,0,0,0,0,0,0,0,1
60510,0,0,0,0,0,0,0,0,1
60511,0,0,0,0,0,0,0,0,1
60512,0,0,0,0,0,0,0,0,1
60513,0,0,0,0,0,0,0,0,1
60514,0,0,0,0,0,0,0,0,1
60515,0,0,0,0,0,0,0,0,1
60516,0,0,0,0,0,0,0,0,1
60517,0,0,0,0,0,0,0,0,1
60518,0,0,0,0,0,0,0,0,1
60519,0,0,0,0,0,0,0,0,1
60520,0,0,0,0,0,0,0,0,1
60521,0,0,0,0,0,0,0,0,1
60522,0,0,0,0,0,0,0,0,1
60523,0,0,0,0,0,0,0,0,1
60524,0,0,0,0,0,0,0,0,1
60525,0,0,0,0,0,0,0,0,1
60526,0,0,0,0,0,0,0,0,1
60527,0,0,0,0,0,0,0,0,1
60528,0,0,0,0,0,0,0,0,1
60529,0,0,0,0,0,0,0,0,1
60530,0,0,0,0,0,0,0,0,1
60531,0,0,0,0,0,0,0,0,1
60532,0,0,0,0,0,0,0,0,1
60533,0,0,0,0,0,0,0,0,1
60534,0,0,0,0,0,0,0,0,1
60535,0,0,0,0,0,0,0,0,1
60536,0,0,0,0,0,0,0,0,1
60537,0,0,0,0,0,0,0,0,1
60538,0,0,0,0,0,0,0,0,1
60539,0,0,0,0,0,0,0,0,1
60540,0,0,0,0,0,0,0,0,1
60541,0,0,0,0,0,0,0,0,1
60542,0,0,0,0,0,0,0,0,1
60543,0,0,0,0,0,0,0,0,1
60544,0,0,0,0,0,0,0,0,1
60545,0,0,0,0,0,0,0,0,1
60546,0,0,0,0,0,0,0,0,1
60547,0,0,0,0,0,0,0,0,1
60548,0,0,0,0,0,0,0,0,1
60549,0,0,0,0,0,0,0,0,1
60550,0,0,0,0,0,0,0,0,1
60551,0,0,0,0,0,0,0,0,1
60552,0,0,0,0,0,0,0,0,1
60553,0,0,0,0,0,0,0,0,1
60554,0,0,0,0,0,0,0,0,1
60555,0,0,0,0,0,0,0,0,1
60556,0,0,0,0,0,0,0,0,1
60557,0,0,0,0,0,0,0,0,1
60558,0,0,0,0,0,0,0,0,1
60559,0,0,0,0,0,0,0,0,1
60560,0,0,0,0,0,0,0,0,1
60561,0,0,0,0,0,0,0,0,1
60562,0,0,0,0,0,0,0,0,1
60563,0,0,0,0,0,0,0,0,1
60564,0,0,0,0,0,0,0,0,1
60565,0,0,0,0,0,0,0,0,1
60566,0,0,0,0,0,0,0,0,1
60567,0,0,0,0,0,0,0,0,1
60568,0,0,0,0,0,0,0,0,1
60569,0,0,0,0,0,0,0,0,1
60570,0,0,0,0,0,0,0,0,1
60571,0,0,0,0,0,0,0,0,1
60572,0,0,0,0,0,0,0,0,1
60573,0,0,0,0,0,0,0,0,1
60574,0,0,0,0,0,0,0,0,1
60575,0,0,0,0,0,0,0,0,1
60576,0,0,0,0,0,0,0,0,1
60577,0,0,0,0,0,0,0,0,1
60578,0,0,0,0,0,0,0,0,1
60579,0,0,0,0,0,0,0,0,1
60580,0,0,0,0,0,0,0,0,1
60581,0,0,0,0,0,0,0,0,1
60582,0,0,0,0,0,0,0,0,1
60583,0,0,0,0,0,0,0,0,1
60584,0,0,0,0,0,0,0,0,1
60585,0,0,0,0,0,0,0,0,1
60586,0,0,0,0,0,0,0,0,1
60587,0,0,0,0,0,0,0,0,1
60588,0,0,0,0,0,0,0,0,1
60589,0,0,0,0,0,0,0,0,1
60590,0,0,0,0,0,0,0,0,1
60591,0,0,0,0,0,0,0,0,1
60592,0,0,0,0,0,0,0,0,1
60593,0,0,0,0,0,0,0,0,1
60594,0,0,0,0,0,0,0,0,1
60595,0,0,0,0,0,0,0,0,1
60596,0,0,0,0,0,0,0,0,1
60597,0,0,0,0,0,0,0,0,1
60598,0,0,0,0,0,0,0,0,1
60599,0,0,0,0,0,0,0,0,1
60600,0,0,0,0,0,0,0,0,1
60601,0,0,0,0,0,0,0,0,1
60602,0,0,0,0,0,0,0,0,1
60603,0,0,0,0,0,0,0,0,1
60604,0,0,0,0,0,0,0,0,1
60605,0,0,0,0,0,0,0,0,1
60606,0,0,0,0,0,0,0,0,1
60607,0,0,0,0,0,0,0,0,1
60608,0,0,0,0,0,0,0,0,1
60609,0,0,0,0,0,0,0,0,1
60610,0,0,0,0,0,0,0,0,1
60611,0,0,0,0,0,0,0,0,1
60612,0,0,0,0,0,0,0,0,1
60613,0,0,0,0,0,0,0,0,1
60614,0,0,0,0,0,0,0,0,1
60615,0,0,0,0,0,0,0,0,1
60616,0,0,0,0,0,0,0,0,1
60617,0,0,0,0,0,0,0,0,1
60618,0,0,0,0,0,0,0,0,1
60619,0,0,0,0,0,0,0,0,1
60620,0,0,0,0,0,0,0,0,1
60621,0,0,0,0,0,0,0,0,1
60622,0,0,0,0,0,0,0,0,1
60623,0,0,0,0,0,0,0,0,1
60624,0,0,0,0,0,0,0,0,1
60625,0,0,0,0,0,0,0,0,1
60626,0,0,0,0,0,0,0,0,1
60627,0,0,0,0,0,0,0,0,1
60628,0,0,0,0,0,0,0,0,1
60629,0,0,0,0,0,0,0,0,1
60630,0,0,0,0,0,0,0,0,1
60631,0,0,0,0,0,0,0,0,1
60632,0,0,0,0,0,0,0,0,1
60633,0,0,0,0,0,0,0,0,1
60634,0,0,0,0,0,0,0,0,1
60635,0,0,0,0,0,0,0,0,1
60636,0,0,0,0,0,0,0,0,1
60637,0,0,0,0,0,0,0,0,1
60638,0,0,0,0,0,0,0,0,1
60639,0,0,0,0,0,0,0,0,1
60640,0,0,0,0,0,0,0,0,1
60641,0,0,0,0,0,0,0,0,1
60642,0,0,0,0,0,0,0,0,1
60643,0,0,0,0,0,0,0,0,1
60644,0,0,0,0,0,0,0,0,1
60645,0,0,0,0,0,0,0,0,1
60646,0,0,0,0,0,0,0,0,1
60647,0,0,0,0,0,0,0,0,1
60648,0,0,0,0,0,0,0,0,1
60649,0,0,0,0,0,0,0,0,1
60650,0,0,0,0,0,0,0,0,1
60651,0,0,0,0,0,0,0,0,1
60652,0,0,0,0,0,0,0,0,1
60653,0,0,0,0,0,0,0,0,1
60654,0,0,0,0,0,0,0,0,1
60655,0,0,0,0,0,0,0,0,1
60656,0,0,0,0,0,0,0,0,1
60657,0,0,0,0,0,0,0,0,1
60658,0,0,0,0,0,0,0,0,1
60659,0,0,0,0,0,0,0,0,1
60660,0,0,0,0,0,0,0,0,1
60661,0,0,0,0,0,0,0,0,1
60662,0,0,0,0,0,0,0,0,1
60663,0,0,0,0,0,0,0,0,1
60664,0,0,0,0,0,0,0,0,1
60665,0,0,0,0,0,0,0,0,1
60666,0,0,0,0,0,0,0,0,1
60667,0,0,0,0,0,0,0,0,1
60668,0,0,0,0,0,0,0,0,1
60669,0,0,0,0,0,0,0,0,1
60670,0,0,0,0,0,0,0,0,1
60671,0,0,0,0,0,0,0,0,1
60672,0,0,0,0,0,0,0,0,1
60673,0,0,0,0,0,0,0,0,1
60674,0,0,0,0,0,0,0,0,1
60675,0,0,0,0,0,0,0,0,1
60676,0,0,0,0,0,0,0,0,1
60677,0,0,0,0,0,0,0,0,1
60678,0,0,0,0,0,0,0,0,1
60679,0,0,0,0,0,0,0,0,1
60680,0,0,0,0,0,0,0,0,1
60681,0,0,0,0,0,0,0,0,1
60682,0,0,0,0,0,0,0,0,1
60683,0,0,0,0,0,0,0,0,1
60684,0,0,0,0,0,0,0,0,1
60685,0,0,0,0,0,0,0,0,1
60686,0,0,0,0,0,0,0,0,1
60687,0,0,0,0,0,0,0,0,1
60688,0,0,0,0,0,0,0,0,1
60689,0,0,0,0,0,0,0,0,1
60690,0,0,0,0,0,0,0,0,1
60691,0,0,0,0,0,0,0,0,1
60692,0,0,0,0,0,0,0,0,1
60693,0,0,0,0,0,0,0,0,1
60694,0,0,0,0,0,0,0,0,1
60695,0,0,0,0,0,0,0,0,1
60696,0,0,0,0,0,0,0,0,1
60697,0,0,0,0,0,0,0,0,1
60698,0,0,0,0,0,0,0,0,1
60699,0,0,0,0,0,0,0,0,1
60700,0,0,0,0,0,0,0,0,1
60701,0,0,0,0,0,0,0,0,1
60702,0,0,0,0,0,0,0,0,1
60703,0,0,0,0,0,0,0,0,1
60704,0,0,0,0,0,0,0,0,1
60705,0,0,0,0,0,0,0,0,1
60706,0,0,0,0,0,0,0,0,1
60707,0,0,0,0,0,0,0,0,1
60708,0,0,0,0,0,0,0,0,1
60709,0,0,0,0,0,0,0,0,1
60710,0,0,0,0,0,0,0,0,1
60711,0,0,0,0,0,0,0,0,1
60712,0,0,0,0,0,0,0,0,1
60713,0,0,0,0,0,0,0,0,1
60714,0,0,0,0,0,0,0,0,1
60715,0,0,0,0,0,0,0,0,1
60716,0,0,0,0,0,0,0,0,1
60717,0,0,0,0,0,0,0,0,1
60718,0,0,0,0,0,0,0,0,1
60719,0,0,0,0,0,0,0,0,1
60720,0,0,0,0,0,0,0,0,1
60721,0,0,0,0,0,0,0,0,1
60722,0,0,0,0,0,0,0,0,1
60723,0,0,0,0,0,0,0,0,1
60724,0,0,0,0,0,0,0,0,1
60725,0,0,0,0,0,0,0,0,1
60726,0,0,0,0,0,0,0,0,1
60727,0,0,0,0,0,0,0,0,1
60728,0,0,0,0,0,0,0,0,1
60729,0,0,0,0,0,0,0,0,1
60730,0,0,0,0,0,0,0,0,1
60731,0,0,0,0,0,0,0,0,1
60732,0,0,0,0,0,0,0,0,1
60733,0,0,0,0,0,0,0,0,1
60734,0,0,0,0,0,0,0,0,1
60735,0,0,0,0,0,0,0,0,1
60736,0,0,0,0,0,0,0,0,1
60737,0,0,0,0,0,0,0,0,1
60738,0,0,0,0,0,0,0,0,1
60739,0,0,0,0,0,0,0,0,1
60740,0,0,0,0,0,0,0,0,1
60741,0,0,0,0,0,0,0,0,1
60742,0,0,0,0,0,0,0,0,1
60743,0,0,0,0,0,0,0,0,1
60744,0,0,0,0,0,0,0,0,1
60745,0,0,0,0,0,0,0,0,1
60746,0,0,0,0,0,0,0,0,1
60747,0,0,0,0,0,0,0,0,1
60748,0,0,0,0,0,0,0,0,1
60749,0,0,0,0,0,0,0,0,1
60750,0,0,0,0,0,0,0,0,1
60751,0,0,0,0,0,0,0,0,1
60752,0,0,0,0,0,0,0,0,1
60753,0,0,0,0,0,0,0,0,1
60754,0,0,0,0,0,0,0,0,1
60755,0,0,0,0,0,0,0,0,1
60756,0,0,0,0,0,0,0,0,1
60757,0,0,0,0,0,0,0,0,1
60758,0,0,0,0,0,0,0,0,1
60759,0,0,0,0,0,0,0,0,1
60760,0,0,0,0,0,0,0,0,1
60761,0,0,0,0,0,0,0,0,1
60762,0,0,0,0,0,0,0,0,1
60763,0,0,0,0,0,0,0,0,1
60764,0,0,0,0,0,0,0,0,1
60765,0,0,0,0,0,0,0,0,1
60766,0,0,0,0,0,0,0,0,1
60767,0,0,0,0,0,0,0,0,1
60768,0,0,0,0,0,0,0,0,1
60769,0,0,0,0,0,0,0,0,1
60770,0,0,0,0,0,0,0,0,1
60771,0,0,0,0,0,0,0,0,1
60772,0,0,0,0,0,0,0,0,1
60773,0,0,0,0,0,0,0,0,1
60774,0,0,0,0,0,0,0,0,1
60775,0,0,0,0,0,0,0,0,1
60776,0,0,0,0,0,0,0,0,1
60777,0,0,0,0,0,0,0,0,1
60778,0,0,0,0,0,0,0,0,1
60779,0,0,0,0,0,0,0,0,1
60780,0,0,0,0,0,0,0,0,1
60781,0,0,0,0,0,0,0,0,1
60782,0,0,0,0,0,0,0,0,1
60783,0,0,0,0,0,0,0,0,1
60784,0,0,0,0,0,0,0,0,1
60785,0,0,0,0,0,0,0,0,1
60786,0,0,0,0,0,0,0,0,1
60787,0,0,0,0,0,0,0,0,1
60788,0,0,0,0,0,0,0,0,1
60789,0,0,0,0,0,0,0,0,1
60790,0,0,0,0,0,0,0,0,1
60791,0,0,0,0,0,0,0,0,1
60792,0,0,0,0,0,0,0,0,1
60793,0,0,0,0,0,0,0,0,1
60794,0,0,0,0,0,0,0,0,1
60795,0,0,0,0,0,0,0,0,1
60796,0,0,0,0,0,0,0,0,1
60797,0,0,0,0,0,0,0,0,1
60798,0,0,0,0,0,0,0,0,1
60799,0,0,0,0,0,0,0,0,1
60800,0,0,0,0,0,0,0,0,1
60801,0,0,0,0,0,0,0,0,1
60802,0,0,0,0,0,0,0,0,1
60803,0,0,0,0,0,0,0,0,1
60804,0,0,0,0,0,0,0,0,1
60805,0,0,0,0,0,0,0,0,1
60806,0,0,0,0,0,0,0,0,1
60807,0,0,0,0,0,0,0,0,1
60808,0,0,0,0,0,0,0,0,1
60809,0,0,0,0,0,0,0,0,1
60810,0,0,0,0,0,0,0,0,1
60811,0,0,0,0,0,0,0,0,1
60812,0,0,0,0,0,0,0,0,1
60813,0,0,0,0,0,0,0,0,1
60814,0,0,0,0,0,0,0,0,1
60815,0,0,0,0,0,0,0,0,1
60816,0,0,0,0,0,0,0,0,1
60817,0,0,0,0,0,0,0,0,1
60818,0,0,0,0,0,0,0,0,1
60819,0,0,0,0,0,0,0,0,1
60820,0,0,0,0,0,0,0,0,1
60821,0,0,0,0,0,0,0,0,1
60822,0,0,0,0,0,0,0,0,1
60823,0,0,0,0,0,0,0,0,1
60824,0,0,0,0,0,0,0,0,1
60825,0,0,0,0,0,0,0,0,1
60826,0,0,0,0,0,0,0,0,1
60827,0,0,0,0,0,0,0,0,1
60828,0,0,0,0,0,0,0,0,1
60829,0,0,0,0,0,0,0,0,1
60830,0,0,0,0,0,0,0,0,1
60831,0,0,0,0,0,0,0,0,1
60832,0,0,0,0,0,0,0,0,1
60833,0,0,0,0,0,0,0,0,1
60834,0,0,0,0,0,0,0,0,1
60835,0,0,0,0,0,0,0,0,1
60836,0,0,0,0,0,0,0,0,1
60837,0,0,0,0,0,0,0,0,1
60838,0,0,0,0,0,0,0,0,1
60839,0,0,0,0,0,0,0,0,1
60840,0,0,0,0,0,0,0,0,1
60841,0,0,0,0,0,0,0,0,1
60842,0,0,0,0,0,0,0,0,1
60843,0,0,0,0,0,0,0,0,1
60844,0,0,0,0,0,0,0,0,1
60845,0,0,0,0,0,0,0,0,1
60846,0,0,0,0,0,0,0,0,1
60847,0,0,0,0,0,0,0,0,1
60848,0,0,0,0,0,0,0,0,1
60849,0,0,0,0,0,0,0,0,1
60850,0,0,0,0,0,0,0,0,1
60851,0,0,0,0,0,0,0,0,1
60852,0,0,0,0,0,0,0,0,1
60853,0,0,0,0,0,0,0,0,1
60854,0,0,0,0,0,0,0,0,1
60855,0,0,0,0,0,0,0,0,1
60856,0,0,0,0,0,0,0,0,1
60857,0,0,0,0,0,0,0,0,1
60858,0,0,0,0,0,0,0,0,1
60859,0,0,0,0,0,0,0,0,1
60860,0,0,0,0,0,0,0,0,1
60861,0,0,0,0,0,0,0,0,1
60862,0,0,0,0,0,0,0,0,1
60863,0,0,0,0,0,0,0,0,1
60864,0,0,0,0,0,0,0,0,1
60865,0,0,0,0,0,0,0,0,1
60866,0,0,0,0,0,0,0,0,1
60867,0,0,0,0,0,0,0,0,1
60868,0,0,0,0,0,0,0,0,1
60869,0,0,0,0,0,0,0,0,1
60870,0,0,0,0,0,0,0,0,1
60871,0,0,0,0,0,0,0,0,1
60872,0,0,0,0,0,0,0,0,1
60873,0,0,0,0,0,0,0,0,1
60874,0,0,0,0,0,0,0,0,1
60875,0,0,0,0,0,0,0,0,1
60876,0,0,0,0,0,0,0,0,1
60877,0,0,0,0,0,0,0,0,1
60878,0,0,0,0,0,0,0,0,1
60879,0,0,0,0,0,0,0,0,1
60880,0,0,0,0,0,0,0,0,1
60881,0,0,0,0,0,0,0,0,1
60882,0,0,0,0,0,0,0,0,1
60883,0,0,0,0,0,0,0,0,1
60884,0,0,0,0,0,0,0,0,1
60885,0,0,0,0,0,0,0,0,1
60886,0,0,0,0,0,0,0,0,1
60887,0,0,0,0,0,0,0,0,1
60888,0,0,0,0,0,0,0,0,1
60889,0,0,0,0,0,0,0,0,1
60890,0,0,0,0,0,0,0,0,1
60891,0,0,0,0,0,0,0,0,1
60892,0,0,0,0,0,0,0,0,1
60893,0,0,0,0,0,0,0,0,1
60894,0,0,0,0,0,0,0,0,1
60895,0,0,0,0,0,0,0,0,1
60896,0,0,0,0,0,0,0,0,1
60897,0,0,0,0,0,0,0,0,1
60898,0,0,0,0,0,0,0,0,1
60899,0,0,0,0,0,0,0,0,1
60900,0,0,0,0,0,0,0,0,1
60901,0,0,0,0,0,0,0,0,1
60902,0,0,0,0,0,0,0,0,1
60903,0,0,0,0,0,0,0,0,1
60904,0,0,0,0,0,0,0,0,1
60905,0,0,0,0,0,0,0,0,1
60906,0,0,0,0,0,0,0,0,1
60907,0,0,0,0,0,0,0,0,1
60908,0,0,0,0,0,0,0,0,1
60909,0,0,0,0,0,0,0,0,1
60910,0,0,0,0,0,0,0,0,1
60911,0,0,0,0,0,0,0,0,1
60912,0,0,0,0,0,0,0,0,1
60913,0,0,0,0,0,0,0,0,1
60914,0,0,0,0,0,0,0,0,1
60915,0,0,0,0,0,0,0,0,1
60916,0,0,0,0,0,0,0,0,1
60917,0,0,0,0,0,0,0,0,1
60918,0,0,0,0,0,0,0,0,1
60919,0,0,0,0,0,0,0,0,1
60920,0,0,0,0,0,0,0,0,1
60921,0,0,0,0,0,0,0,0,1
60922,0,0,0,0,0,0,0,0,1
60923,0,0,0,0,0,0,0,0,1
60924,0,0,0,0,0,0,0,0,1
60925,0,0,0,0,0,0,0,0,1
60926,0,0,0,0,0,0,0,0,1
60927,0,0,0,0,0,0,0,0,1
60928,0,0,0,0,0,0,0,0,1
60929,0,0,0,0,0,0,0,0,1
60930,0,0,0,0,0,0,0,0,1
60931,0,0,0,0,0,0,0,0,1
60932,0,0,0,0,0,0,0,0,1
60933,0,0,0,0,0,0,0,0,1
60934,0,0,0,0,0,0,0,0,1
60935,0,0,0,0,0,0,0,0,1
60936,0,0,0,0,0,0,0,0,1
60937,0,0,0,0,0,0,0,0,1
60938,0,0,0,0,0,0,0,0,1
60939,0,0,0,0,0,0,0,0,1
60940,0,0,0,0,0,0,0,0,1
60941,0,0,0,0,0,0,0,0,1
60942,0,0,0,0,0,0,0,0,1
60943,0,0,0,0,0,0,0,0,1
60944,0,0,0,0,0,0,0,0,1
60945,0,0,0,0,0,0,0,0,1
60946,0,0,0,0,0,0,0,0,1
60947,0,0,0,0,0,0,0,0,1
60948,0,0,0,0,0,0,0,0,1
60949,0,0,0,0,0,0,0,0,1
60950,0,0,0,0,0,0,0,0,1
60951,0,0,0,0,0,0,0,0,1
60952,0,0,0,0,0,0,0,0,1
60953,0,0,0,0,0,0,0,0,1
60954,0,0,0,0,0,0,0,0,1
60955,0,0,0,0,0,0,0,0,1
60956,0,0,0,0,0,0,0,0,1
60957,0,0,0,0,0,0,0,0,1
60958,0,0,0,0,0,0,0,0,1
60959,0,0,0,0,0,0,0,0,1
60960,0,0,0,0,0,0,0,0,1
60961,0,0,0,0,0,0,0,0,1
60962,0,0,0,0,0,0,0,0,1
60963,0,0,0,0,0,0,0,0,1
60964,0,0,0,0,0,0,0,0,1
60965,0,0,0,0,0,0,0,0,1
60966,0,0,0,0,0,0,0,0,1
60967,0,0,0,0,0,0,0,0,1
60968,0,0,0,0,0,0,0,0,1
60969,0,0,0,0,0,0,0,0,1
60970,0,0,0,0,0,0,0,0,1
60971,0,0,0,0,0,0,0,0,1
60972,0,0,0,0,0,0,0,0,1
60973,0,0,0,0,0,0,0,0,1
60974,0,0,0,0,0,0,0,0,1
60975,0,0,0,0,0,0,0,0,1
60976,0,0,0,0,0,0,0,0,1
60977,0,0,0,0,0,0,0,0,1
60978,0,0,0,0,0,0,0,0,1
60979,0,0,0,0,0,0,0,0,1
60980,0,0,0,0,0,0,0,0,1
60981,0,0,0,0,0,0,0,0,1
60982,0,0,0,0,0,0,0,0,1
60983,0,0,0,0,0,0,0,0,1
60984,0,0,0,0,0,0,0,0,1
60985,0,0,0,0,0,0,0,0,1
60986,0,0,0,0,0,0,0,0,1
60987,0,0,0,0,0,0,0,0,1
60988,0,0,0,0,0,0,0,0,1
60989,0,0,0,0,0,0,0,0,1
60990,0,0,0,0,0,0,0,0,1
60991,0,0,0,0,0,0,0,0,1
60992,0,0,0,0,0,0,0,0,1
60993,0,0,0,0,0,0,0,0,1
60994,0,0,0,0,0,0,0,0,1
60995,0,0,0,0,0,0,0,0,1
60996,0,0,0,0,0,0,0,0,1
60997,0,0,0,0,0,0,0,0,1
60998,0,0,0,0,0,0,0,0,1
60999,0,0,0,0,0,0,0,0,1
61000,0,0,0,0,0,0,0,0,1
61001,0,0,0,0,0,0,0,0,1
61002,0,0,0,0,0,0,0,0,1
61003,0,0,0,0,0,0,0,0,1
61004,0,0,0,0,0,0,0,0,1
61005,0,0,0,0,0,0,0,0,1
61006,0,0,0,0,0,0,0,0,1
61007,0,0,0,0,0,0,0,0,1
61008,0,0,0,0,0,0,0,0,1
61009,0,0,0,0,0,0,0,0,1
61010,0,0,0,0,0,0,0,0,1
61011,0,0,0,0,0,0,0,0,1
61012,0,0,0,0,0,0,0,0,1
61013,0,0,0,0,0,0,0,0,1
61014,0,0,0,0,0,0,0,0,1
61015,0,0,0,0,0,0,0,0,1
61016,0,0,0,0,0,0,0,0,1
61017,0,0,0,0,0,0,0,0,1
61018,0,0,0,0,0,0,0,0,1
61019,0,0,0,0,0,0,0,0,1
61020,0,0,0,0,0,0,0,0,1
61021,0,0,0,0,0,0,0,0,1
61022,0,0,0,0,0,0,0,0,1
61023,0,0,0,0,0,0,0,0,1
61024,0,0,0,0,0,0,0,0,1
61025,0,0,0,0,0,0,0,0,1
61026,0,0,0,0,0,0,0,0,1
61027,0,0,0,0,0,0,0,0,1
61028,0,0,0,0,0,0,0,0,1
61029,0,0,0,0,0,0,0,0,1
61030,0,0,0,0,0,0,0,0,1
61031,0,0,0,0,0,0,0,0,1
61032,0,0,0,0,0,0,0,0,1
61033,0,0,0,0,0,0,0,0,1
61034,0,0,0,0,0,0,0,0,1
61035,0,0,0,0,0,0,0,0,1
61036,0,0,0,0,0,0,0,0,1
61037,0,0,0,0,0,0,0,0,1
61038,0,0,0,0,0,0,0,0,1
61039,0,0,0,0,0,0,0,0,1
61040,0,0,0,0,0,0,0,0,1
61041,0,0,0,0,0,0,0,0,1
61042,0,0,0,0,0,0,0,0,1
61043,0,0,0,0,0,0,0,0,1
61044,0,0,0,0,0,0,0,0,1
61045,0,0,0,0,0,0,0,0,1
61046,0,0,0,0,0,0,0,0,1
61047,0,0,0,0,0,0,0,0,1
61048,0,0,0,0,0,0,0,0,1
61049,0,0,0,0,0,0,0,0,1
61050,0,0,0,0,0,0,0,0,1
61051,0,0,0,0,0,0,0,0,1
61052,0,0,0,0,0,0,0,0,1
61053,0,0,0,0,0,0,0,0,1
61054,0,0,0,0,0,0,0,0,1
61055,0,0,0,0,0,0,0,0,1
61056,0,0,0,0,0,0,0,0,1
61057,0,0,0,0,0,0,0,0,1
61058,0,0,0,0,0,0,0,0,1
61059,0,0,0,0,0,0,0,0,1
61060,0,0,0,0,0,0,0,0,1
61061,0,0,0,0,0,0,0,0,1
61062,0,0,0,0,0,0,0,0,1
61063,0,0,0,0,0,0,0,0,1
61064,0,0,0,0,0,0,0,0,1
61065,0,0,0,0,0,0,0,0,1
61066,0,0,0,0,0,0,0,0,1
61067,0,0,0,0,0,0,0,0,1
61068,0,0,0,0,0,0,0,0,1
61069,0,0,0,0,0,0,0,0,1
61070,0,0,0,0,0,0,0,0,1
61071,0,0,0,0,0,0,0,0,1
61072,0,0,0,0,0,0,0,0,1
61073,0,0,0,0,0,0,0,0,1
61074,0,0,0,0,0,0,0,0,1
61075,0,0,0,0,0,0,0,0,1
61076,0,0,0,0,0,0,0,0,1
61077,0,0,0,0,0,0,0,0,1
61078,0,0,0,0,0,0,0,0,1
61079,0,0,0,0,0,0,0,0,1
61080,0,0,0,0,0,0,0,0,1
61081,0,0,0,0,0,0,0,0,1
61082,0,0,0,0,0,0,0,0,1
61083,0,0,0,0,0,0,0,0,1
61084,0,0,0,0,0,0,0,0,1
61085,0,0,0,0,0,0,0,0,1
61086,0,0,0,0,0,0,0,0,1
61087,0,0,0,0,0,0,0,0,1
61088,0,0,0,0,0,0,0,0,1
61089,0,0,0,0,0,0,0,0,1
61090,0,0,0,0,0,0,0,0,1
61091,0,0,0,0,0,0,0,0,1
61092,0,0,0,0,0,0,0,0,1
61093,0,0,0,0,0,0,0,0,1
61094,0,0,0,0,0,0,0,0,1
61095,0,0,0,0,0,0,0,0,1
61096,0,0,0,0,0,0,0,0,1
61097,0,0,0,0,0,0,0,0,1
61098,0,0,0,0,0,0,0,0,1
61099,0,0,0,0,0,0,0,0,1
61100,0,0,0,0,0,0,0,0,1
61101,0,0,0,0,0,0,0,0,1
61102,0,0,0,0,0,0,0,0,1
61103,0,0,0,0,0,0,0,0,1
61104,0,0,0,0,0,0,0,0,1
61105,0,0,0,0,0,0,0,0,1
61106,0,0,0,0,0,0,0,0,1
61107,0,0,0,0,0,0,0,0,1
61108,0,0,0,0,0,0,0,0,1
61109,0,0,0,0,0,0,0,0,1
61110,0,0,0,0,0,0,0,0,1
61111,0,0,0,0,0,0,0,0,1
61112,0,0,0,0,0,0,0,0,1
61113,0,0,0,0,0,0,0,0,1
61114,0,0,0,0,0,0,0,0,1
61115,0,0,0,0,0,0,0,0,1
61116,0,0,0,0,0,0,0,0,1
61117,0,0,0,0,0,0,0,0,1
61118,0,0,0,0,0,0,0,0,1
61119,0,0,0,0,0,0,0,0,1
61120,0,0,0,0,0,0,0,0,1
61121,0,0,0,0,0,0,0,0,1
61122,0,0,0,0,0,0,0,0,1
61123,0,0,0,0,0,0,0,0,1
61124,0,0,0,0,0,0,0,0,1
61125,0,0,0,0,0,0,0,0,1
61126,0,0,0,0,0,0,0,0,1
61127,0,0,0,0,0,0,0,0,1
61128,0,0,0,0,0,0,0,0,1
61129,0,0,0,0,0,0,0,0,1
61130,0,0,0,0,0,0,0,0,1
61131,0,0,0,0,0,0,0,0,1
61132,0,0,0,0,0,0,0,0,1
61133,0,0,0,0,0,0,0,0,1
61134,0,0,0,0,0,0,0,0,1
61135,0,0,0,0,0,0,0,0,1
61136,0,0,0,0,0,0,0,0,1
61137,0,0,0,0,0,0,0,0,1
61138,0,0,0,0,0,0,0,0,1
61139,0,0,0,0,0,0,0,0,1
61140,0,0,0,0,0,0,0,0,1
61141,0,0,0,0,0,0,0,0,1
61142,0,0,0,0,0,0,0,0,1
61143,0,0,0,0,0,0,0,0,1
61144,0,0,0,0,0,0,0,0,1
61145,0,0,0,0,0,0,0,0,1
61146,0,0,0,0,0,0,0,0,1
61147,0,0,0,0,0,0,0,0,1
61148,0,0,0,0,0,0,0,0,1
61149,0,0,0,0,0,0,0,0,1
61150,0,0,0,0,0,0,0,0,1
61151,0,0,0,0,0,0,0,0,1
61152,0,0,0,0,0,0,0,0,1
61153,0,0,0,0,0,0,0,0,1
61154,0,0,0,0,0,0,0,0,1
61155,0,0,0,0,0,0,0,0,1
61156,0,0,0,0,0,0,0,0,1
61157,0,0,0,0,0,0,0,0,1
61158,0,0,0,0,0,0,0,0,1
61159,0,0,0,0,0,0,0,0,1
61160,0,0,0,0,0,0,0,0,1
61161,0,0,0,0,0,0,0,0,1
61162,0,0,0,0,0,0,0,0,1
61163,0,0,0,0,0,0,0,0,1
61164,0,0,0,0,0,0,0,0,1
61165,0,0,0,0,0,0,0,0,1
61166,0,0,0,0,0,0,0,0,1
61167,0,0,0,0,0,0,0,0,1
61168,0,0,0,0,0,0,0,0,1
61169,0,0,0,0,0,0,0,0,1
61170,0,0,0,0,0,0,0,0,1
61171,0,0,0,0,0,0,0,0,1
61172,0,0,0,0,0,0,0,0,1
61173,0,0,0,0,0,0,0,0,1
61174,0,0,0,0,0,0,0,0,1
61175,0,0,0,0,0,0,0,0,1
61176,0,0,0,0,0,0,0,0,1
61177,0,0,0,0,0,0,0,0,1
61178,0,0,0,0,0,0,0,0,1
61179,0,0,0,0,0,0,0,0,1
61180,0,0,0,0,0,0,0,0,1
61181,0,0,0,0,0,0,0,0,1
61182,0,0,0,0,0,0,0,0,1
61183,0,0,0,0,0,0,0,0,1
61184,0,0,0,0,0,0,0,0,1
61185,0,0,0,0,0,0,0,0,1
61186,0,0,0,0,0,0,0,0,1
61187,0,0,0,0,0,0,0,0,1
61188,0,0,0,0,0,0,0,0,1
61189,0,0,0,0,0,0,0,0,1
61190,0,0,0,0,0,0,0,0,1
61191,0,0,0,0,0,0,0,0,1
61192,0,0,0,0,0,0,0,0,1
61193,0,0,0,0,0,0,0,0,1
61194,0,0,0,0,0,0,0,0,1
61195,0,0,0,0,0,0,0,0,1
61196,0,0,0,0,0,0,0,0,1
61197,0,0,0,0,0,0,0,0,1
61198,0,0,0,0,0,0,0,0,1
61199,0,0,0,0,0,0,0,0,1
61200,0,0,0,0,0,0,0,0,1
61201,0,0,0,0,0,0,0,0,1
61202,0,0,0,0,0,0,0,0,1
61203,0,0,0,0,0,0,0,0,1
61204,0,0,0,0,0,0,0,0,1
61205,0,0,0,0,0,0,0,0,1
61206,0,0,0,0,0,0,0,0,1
61207,0,0,0,0,0,0,0,0,1
61208,0,0,0,0,0,0,0,0,1
61209,0,0,0,0,0,0,0,0,1
61210,0,0,0,0,0,0,0,0,1
61211,0,0,0,0,0,0,0,0,1
61212,0,0,0,0,0,0,0,0,1
61213,0,0,0,0,0,0,0,0,1
61214,0,0,0,0,0,0,0,0,1
61215,0,0,0,0,0,0,0,0,1
61216,0,0,0,0,0,0,0,0,1
61217,0,0,0,0,0,0,0,0,1
61218,0,0,0,0,0,0,0,0,1
61219,0,0,0,0,0,0,0,0,1
61220,0,0,0,0,0,0,0,0,1
61221,0,0,0,0,0,0,0,0,1
61222,0,0,0,0,0,0,0,0,1
61223,0,0,0,0,0,0,0,0,1
61224,0,0,0,0,0,0,0,0,1
61225,0,0,0,0,0,0,0,0,1
61226,0,0,0,0,0,0,0,0,1
61227,0,0,0,0,0,0,0,0,1
61228,0,0,0,0,0,0,0,0,1
61229,0,0,0,0,0,0,0,0,1
61230,0,0,0,0,0,0,0,0,1
61231,0,0,0,0,0,0,0,0,1
61232,0,0,0,0,0,0,0,0,1
61233,0,0,0,0,0,0,0,0,1
61234,0,0,0,0,0,0,0,0,1
61235,0,0,0,0,0,0,0,0,1
61236,0,0,0,0,0,0,0,0,1
61237,0,0,0,0,0,0,0,0,1
61238,0,0,0,0,0,0,0,0,1
61239,0,0,0,0,0,0,0,0,1
61240,0,0,0,0,0,0,0,0,1
61241,0,0,0,0,0,0,0,0,1
61242,0,0,0,0,0,0,0,0,1
61243,0,0,0,0,0,0,0,0,1
61244,0,0,0,0,0,0,0,0,1
61245,0,0,0,0,0,0,0,0,1
61246,0,0,0,0,0,0,0,0,1
61247,0,0,0,0,0,0,0,0,1
61248,0,0,0,0,0,0,0,0,1
61249,0,0,0,0,0,0,0,0,1
61250,0,0,0,0,0,0,0,0,1
61251,0,0,0,0,0,0,0,0,1
61252,0,0,0,0,0,0,0,0,1
61253,0,0,0,0,0,0,0,0,1
61254,0,0,0,0,0,0,0,0,1
61255,0,0,0,0,0,0,0,0,1
61256,0,0,0,0,0,0,0,0,1
61257,0,0,0,0,0,0,0,0,1
61258,0,0,0,0,0,0,0,0,1
61259,0,0,0,0,0,0,0,0,1
61260,0,0,0,0,0,0,0,0,1
61261,0,0,0,0,0,0,0,0,1
61262,0,0,0,0,0,0,0,0,1
61263,0,0,0,0,0,0,0,0,1
61264,0,0,0,0,0,0,0,0,1
61265,0,0,0,0,0,0,0,0,1
61266,0,0,0,0,0,0,0,0,1
61267,0,0,0,0,0,0,0,0,1
61268,0,0,0,0,0,0,0,0,1
61269,0,0,0,0,0,0,0,0,1
61270,0,0,0,0,0,0,0,0,1
61271,0,0,0,0,0,0,0,0,1
61272,0,0,0,0,0,0,0,0,1
61273,0,0,0,0,0,0,0,0,1
61274,0,0,0,0,0,0,0,0,1
61275,0,0,0,0,0,0,0,0,1
61276,0,0,0,0,0,0,0,0,1
61277,0,0,0,0,0,0,0,0,1
61278,0,0,0,0,0,0,0,0,1
61279,0,0,0,0,0,0,0,0,1
61280,0,0,0,0,0,0,0,0,1
61281,0,0,0,0,0,0,0,0,1
61282,0,0,0,0,0,0,0,0,1
61283,0,0,0,0,0,0,0,0,1
61284,0,0,0,0,0,0,0,0,1
61285,0,0,0,0,0,0,0,0,1
61286,0,0,0,0,0,0,0,0,1
61287,0,0,0,0,0,0,0,0,1
61288,0,0,0,0,0,0,0,0,1
61289,0,0,0,0,0,0,0,0,1
61290,0,0,0,0,0,0,0,0,1
61291,0,0,0,0,0,0,0,0,1
61292,0,0,0,0,0,0,0,0,1
61293,0,0,0,0,0,0,0,0,1
61294,0,0,0,0,0,0,0,0,1
61295,0,0,0,0,0,0,0,0,1
61296,0,0,0,0,0,0,0,0,1
61297,0,0,0,0,0,0,0,0,1
61298,0,0,0,0,0,0,0,0,1
61299,0,0,0,0,0,0,0,0,1
61300,0,0,0,0,0,0,0,0,1
61301,0,0,0,0,0,0,0,0,1
61302,0,0,0,0,0,0,0,0,1
61303,0,0,0,0,0,0,0,0,1
61304,0,0,0,0,0,0,0,0,1
61305,0,0,0,0,0,0,0,0,1
61306,0,0,0,0,0,0,0,0,1
61307,0,0,0,0,0,0,0,0,1
61308,0,0,0,0,0,0,0,0,1
61309,0,0,0,0,0,0,0,0,1
61310,0,0,0,0,0,0,0,0,1
61311,0,0,0,0,0,0,0,0,1
61312,0,0,0,0,0,0,0,0,1
61313,0,0,0,0,0,0,0,0,1
61314,0,0,0,0,0,0,0,0,1
61315,0,0,0,0,0,0,0,0,1
61316,0,0,0,0,0,0,0,0,1
61317,0,0,0,0,0,0,0,0,1
61318,0,0,0,0,0,0,0,0,1
61319,0,0,0,0,0,0,0,0,1
61320,0,0,0,0,0,0,0,0,1
61321,0,0,0,0,0,0,0,0,1
61322,0,0,0,0,0,0,0,0,1
61323,0,0,0,0,0,0,0,0,1
61324,0,0,0,0,0,0,0,0,1
61325,0,0,0,0,0,0,0,0,1
61326,0,0,0,0,0,0,0,0,1
61327,0,0,0,0,0,0,0,0,1
61328,0,0,0,0,0,0,0,0,1
61329,0,0,0,0,0,0,0,0,1
61330,0,0,0,0,0,0,0,0,1
61331,0,0,0,0,0,0,0,0,1
61332,0,0,0,0,0,0,0,0,1
61333,0,0,0,0,0,0,0,0,1
61334,0,0,0,0,0,0,0,0,1
61335,0,0,0,0,0,0,0,0,1
61336,0,0,0,0,0,0,0,0,1
61337,0,0,0,0,0,0,0,0,1
61338,0,0,0,0,0,0,0,0,1
61339,0,0,0,0,0,0,0,0,1
61340,0,0,0,0,0,0,0,0,1
61341,0,0,0,0,0,0,0,0,1
61342,0,0,0,0,0,0,0,0,1
61343,0,0,0,0,0,0,0,0,1
61344,0,0,0,0,0,0,0,0,1
61345,0,0,0,0,0,0,0,0,1
61346,0,0,0,0,0,0,0,0,1
61347,0,0,0,0,0,0,0,0,1
61348,0,0,0,0,0,0,0,0,1
61349,0,0,0,0,0,0,0,0,1
61350,0,0,0,0,0,0,0,0,1
61351,0,0,0,0,0,0,0,0,1
61352,0,0,0,0,0,0,0,0,1
61353,0,0,0,0,0,0,0,0,1
61354,0,0,0,0,0,0,0,0,1
61355,0,0,0,0,0,0,0,0,1
61356,0,0,0,0,0,0,0,0,1
61357,0,0,0,0,0,0,0,0,1
61358,0,0,0,0,0,0,0,0,1
61359,0,0,0,0,0,0,0,0,1
61360,0,0,0,0,0,0,0,0,1
61361,0,0,0,0,0,0,0,0,1
61362,0,0,0,0,0,0,0,0,1
61363,0,0,0,0,0,0,0,0,1
61364,0,0,0,0,0,0,0,0,1
61365,0,0,0,0,0,0,0,0,1
61366,0,0,0,0,0,0,0,0,1
61367,0,0,0,0,0,0,0,0,1
61368,0,0,0,0,0,0,0,0,1
61369,0,0,0,0,0,0,0,0,1
61370,0,0,0,0,0,0,0,0,1
61371,0,0,0,0,0,0,0,0,1
61372,0,0,0,0,0,0,0,0,1
61373,0,0,0,0,0,0,0,0,1
61374,0,0,0,0,0,0,0,0,1
61375,0,0,0,0,0,0,0,0,1
61376,0,0,0,0,0,0,0,0,1
61377,0,0,0,0,0,0,0,0,1
61378,0,0,0,0,0,0,0,0,1
61379,0,0,0,0,0,0,0,0,1
61380,0,0,0,0,0,0,0,0,1
61381,0,0,0,0,0,0,0,0,1
61382,0,0,0,0,0,0,0,0,1
61383,0,0,0,0,0,0,0,0,1
61384,0,0,0,0,0,0,0,0,1
61385,0,0,0,0,0,0,0,0,1
61386,0,0,0,0,0,0,0,0,1
61387,0,0,0,0,0,0,0,0,1
61388,0,0,0,0,0,0,0,0,1
61389,0,0,0,0,0,0,0,0,1
61390,0,0,0,0,0,0,0,0,1
61391,0,0,0,0,0,0,0,0,1
61392,0,0,0,0,0,0,0,0,1
61393,0,0,0,0,0,0,0,0,1
61394,0,0,0,0,0,0,0,0,1
61395,0,0,0,0,0,0,0,0,1
61396,0,0,0,0,0,0,0,0,1
61397,0,0,0,0,0,0,0,0,1
61398,0,0,0,0,0,0,0,0,1
61399,0,0,0,0,0,0,0,0,1
61400,0,0,0,0,0,0,0,0,1
61401,0,0,0,0,0,0,0,0,1
61402,0,0,0,0,0,0,0,0,1
61403,0,0,0,0,0,0,0,0,1
61404,0,0,0,0,0,0,0,0,1
61405,0,0,0,0,0,0,0,0,1
61406,0,0,0,0,0,0,0,0,1
61407,0,0,0,0,0,0,0,0,1
61408,0,0,0,0,0,0,0,0,1
61409,0,0,0,0,0,0,0,0,1
61410,0,0,0,0,0,0,0,0,1
61411,0,0,0,0,0,0,0,0,1
61412,0,0,0,0,0,0,0,0,1
61413,0,0,0,0,0,0,0,0,1
61414,0,0,0,0,0,0,0,0,1
61415,0,0,0,0,0,0,0,0,1
61416,0,0,0,0,0,0,0,0,1
61417,0,0,0,0,0,0,0,0,1
61418,0,0,0,0,0,0,0,0,1
61419,0,0,0,0,0,0,0,0,1
61420,0,0,0,0,0,0,0,0,1
61421,0,0,0,0,0,0,0,0,1
61422,0,0,0,0,0,0,0,0,1
61423,0,0,0,0,0,0,0,0,1
61424,0,0,0,0,0,0,0,0,1
61425,0,0,0,0,0,0,0,0,1
61426,0,0,0,0,0,0,0,0,1
61427,0,0,0,0,0,0,0,0,1
61428,0,0,0,0,0,0,0,0,1
61429,0,0,0,0,0,0,0,0,1
61430,0,0,0,0,0,0,0,0,1
61431,0,0,0,0,0,0,0,0,1
61432,0,0,0,0,0,0,0,0,1
61433,0,0,0,0,0,0,0,0,1
61434,0,0,0,0,0,0,0,0,1
61435,0,0,0,0,0,0,0,0,1
61436,0,0,0,0,0,0,0,0,1
61437,0,0,0,0,0,0,0,0,1
61438,0,0,0,0,0,0,0,0,1
61439,0,0,0,0,0,0,0,0,1
61440,0,0,0,0,0,0,0,0,1
61441,0,0,0,0,0,0,0,0,1
61442,0,0,0,0,0,0,0,0,1
61443,0,0,0,0,0,0,0,0,1
61444,0,0,0,0,0,0,0,0,1
61445,0,0,0,0,0,0,0,0,1
61446,0,0,0,0,0,0,0,0,1
61447,0,0,0,0,0,0,0,0,1
61448,0,0,0,0,0,0,0,0,1
61449,0,0,0,0,0,0,0,0,1
61450,0,0,0,0,0,0,0,0,1
61451,0,0,0,0,0,0,0,0,1
61452,0,0,0,0,0,0,0,0,1
61453,0,0,0,0,0,0,0,0,1
61454,0,0,0,0,0,0,0,0,1
61455,0,0,0,0,0,0,0,0,1
61456,0,0,0,0,0,0,0,0,1
61457,0,0,0,0,0,0,0,0,1
61458,0,0,0,0,0,0,0,0,1
61459,0,0,0,0,0,0,0,0,1
61460,0,0,0,0,0,0,0,0,1
61461,0,0,0,0,0,0,0,0,1
61462,0,0,0,0,0,0,0,0,1
61463,0,0,0,0,0,0,0,0,1
61464,0,0,0,0,0,0,0,0,1
61465,0,0,0,0,0,0,0,0,1
61466,0,0,0,0,0,0,0,0,1
61467,0,0,0,0,0,0,0,0,1
61468,0,0,0,0,0,0,0,0,1
61469,0,0,0,0,0,0,0,0,1
61470,0,0,0,0,0,0,0,0,1
61471,0,0,0,0,0,0,0,0,1
61472,0,0,0,0,0,0,0,0,1
61473,0,0,0,0,0,0,0,0,1
61474,0,0,0,0,0,0,0,0,1
61475,0,0,0,0,0,0,0,0,1
61476,0,0,0,0,0,0,0,0,1
61477,0,0,0,0,0,0,0,0,1
61478,0,0,0,0,0,0,0,0,1
61479,0,0,0,0,0,0,0,0,1
61480,0,0,0,0,0,0,0,0,1
61481,0,0,0,0,0,0,0,0,1
61482,0,0,0,0,0,0,0,0,1
61483,0,0,0,0,0,0,0,0,1
61484,0,0,0,0,0,0,0,0,1
61485,0,0,0,0,0,0,0,0,1
61486,0,0,0,0,0,0,0,0,1
61487,0,0,0,0,0,0,0,0,1
61488,0,0,0,0,0,0,0,0,1
61489,0,0,0,0,0,0,0,0,1
61490,0,0,0,0,0,0,0,0,1
61491,0,0,0,0,0,0,0,0,1
61492,0,0,0,0,0,0,0,0,1
61493,0,0,0,0,0,0,0,0,1
61494,0,0,0,0,0,0,0,0,1
61495,0,0,0,0,0,0,0,0,1
61496,0,0,0,0,0,0,0,0,1
61497,0,0,0,0,0,0,0,0,1
61498,0,0,0,0,0,0,0,0,1
61499,0,0,0,0,0,0,0,0,1
61500,0,0,0,0,0,0,0,0,1
61501,0,0,0,0,0,0,0,0,1
61502,0,0,0,0,0,0,0,0,1
61503,0,0,0,0,0,0,0,0,1
61504,0,0,0,0,0,0,0,0,1
61505,0,0,0,0,0,0,0,0,1
61506,0,0,0,0,0,0,0,0,1
61507,0,0,0,0,0,0,0,0,1
61508,0,0,0,0,0,0,0,0,1
61509,0,0,0,0,0,0,0,0,1
61510,0,0,0,0,0,0,0,0,1
61511,0,0,0,0,0,0,0,0,1
61512,0,0,0,0,0,0,0,0,1
61513,0,0,0,0,0,0,0,0,1
61514,0,0,0,0,0,0,0,0,1
61515,0,0,0,0,0,0,0,0,1
61516,0,0,0,0,0,0,0,0,1
61517,0,0,0,0,0,0,0,0,1
61518,0,0,0,0,0,0,0,0,1
61519,0,0,0,0,0,0,0,0,1
61520,0,0,0,0,0,0,0,0,1
61521,0,0,0,0,0,0,0,0,1
61522,0,0,0,0,0,0,0,0,1
61523,0,0,0,0,0,0,0,0,1
61524,0,0,0,0,0,0,0,0,1
61525,0,0,0,0,0,0,0,0,1
61526,0,0,0,0,0,0,0,0,1
61527,0,0,0,0,0,0,0,0,1
61528,0,0,0,0,0,0,0,0,1
61529,0,0,0,0,0,0,0,0,1
61530,0,0,0,0,0,0,0,0,1
61531,0,0,0,0,0,0,0,0,1
61532,0,0,0,0,0,0,0,0,1
61533,0,0,0,0,0,0,0,0,1
61534,0,0,0,0,0,0,0,0,1
61535,0,0,0,0,0,0,0,0,1
61536,0,0,0,0,0,0,0,0,1
61537,0,0,0,0,0,0,0,0,1
61538,0,0,0,0,0,0,0,0,1
61539,0,0,0,0,0,0,0,0,1
61540,0,0,0,0,0,0,0,0,1
61541,0,0,0,0,0,0,0,0,1
61542,0,0,0,0,0,0,0,0,1
61543,0,0,0,0,0,0,0,0,1
61544,0,0,0,0,0,0,0,0,1
61545,0,0,0,0,0,0,0,0,1
61546,0,0,0,0,0,0,0,0,1
61547,0,0,0,0,0,0,0,0,1
61548,0,0,0,0,0,0,0,0,1
61549,0,0,0,0,0,0,0,0,1
61550,0,0,0,0,0,0,0,0,1
61551,0,0,0,0,0,0,0,0,1
61552,0,0,0,0,0,0,0,0,1
61553,0,0,0,0,0,0,0,0,1
61554,0,0,0,0,0,0,0,0,1
61555,0,0,0,0,0,0,0,0,1
61556,0,0,0,0,0,0,0,0,1
61557,0,0,0,0,0,0,0,0,1
61558,0,0,0,0,0,0,0,0,1
61559,0,0,0,0,0,0,0,0,1
61560,0,0,0,0,0,0,0,0,1
61561,0,0,0,0,0,0,0,0,1
61562,0,0,0,0,0,0,0,0,1
61563,0,0,0,0,0,0,0,0,1
61564,0,0,0,0,0,0,0,0,1
61565,0,0,0,0,0,0,0,0,1
61566,0,0,0,0,0,0,0,0,1
61567,0,0,0,0,0,0,0,0,1
61568,0,0,0,0,0,0,0,0,1
61569,0,0,0,0,0,0,0,0,1
61570,0,0,0,0,0,0,0,0,1
61571,0,0,0,0,0,0,0,0,1
61572,0,0,0,0,0,0,0,0,1
61573,0,0,0,0,0,0,0,0,1
61574,0,0,0,0,0,0,0,0,1
61575,0,0,0,0,0,0,0,0,1
61576,0,0,0,0,0,0,0,0,1
61577,0,0,0,0,0,0,0,0,1
61578,0,0,0,0,0,0,0,0,1
61579,0,0,0,0,0,0,0,0,1
61580,0,0,0,0,0,0,0,0,1
61581,0,0,0,0,0,0,0,0,1
61582,0,0,0,0,0,0,0,0,1
61583,0,0,0,0,0,0,0,0,1
61584,0,0,0,0,0,0,0,0,1
61585,0,0,0,0,0,0,0,0,1
61586,0,0,0,0,0,0,0,0,1
61587,0,0,0,0,0,0,0,0,1
61588,0,0,0,0,0,0,0,0,1
61589,0,0,0,0,0,0,0,0,1
61590,0,0,0,0,0,0,0,0,1
61591,0,0,0,0,0,0,0,0,1
61592,0,0,0,0,0,0,0,0,1
61593,0,0,0,0,0,0,0,0,1
61594,0,0,0,0,0,0,0,0,1
61595,0,0,0,0,0,0,0,0,1
61596,0,0,0,0,0,0,0,0,1
61597,0,0,0,0,0,0,0,0,1
61598,0,0,0,0,0,0,0,0,1
61599,0,0,0,0,0,0,0,0,1
61600,0,0,0,0,0,0,0,0,1
61601,0,0,0,0,0,0,0,0,1
61602,0,0,0,0,0,0,0,0,1
61603,0,0,0,0,0,0,0,0,1
61604,0,0,0,0,0,0,0,0,1
61605,0,0,0,0,0,0,0,0,1
61606,0,0,0,0,0,0,0,0,1
61607,0,0,0,0,0,0,0,0,1
61608,0,0,0,0,0,0,0,0,1
61609,0,0,0,0,0,0,0,0,1
61610,0,0,0,0,0,0,0,0,1
61611,0,0,0,0,0,0,0,0,1
61612,0,0,0,0,0,0,0,0,1
61613,0,0,0,0,0,0,0,0,1
61614,0,0,0,0,0,0,0,0,1
61615,0,0,0,0,0,0,0,0,1
61616,0,0,0,0,0,0,0,0,1
61617,0,0,0,0,0,0,0,0,1
61618,0,0,0,0,0,0,0,0,1
61619,0,0,0,0,0,0,0,0,1
61620,0,0,0,0,0,0,0,0,1
61621,0,0,0,0,0,0,0,0,1
61622,0,0,0,0,0,0,0,0,1
61623,0,0,0,0,0,0,0,0,1
61624,0,0,0,0,0,0,0,0,1
61625,0,0,0,0,0,0,0,0,1
61626,0,0,0,0,0,0,0,0,1
61627,0,0,0,0,0,0,0,0,1
61628,0,0,0,0,0,0,0,0,1
61629,0,0,0,0,0,0,0,0,1
61630,0,0,0,0,0,0,0,0,1
61631,0,0,0,0,0,0,0,0,1
61632,0,0,0,0,0,0,0,0,1
61633,0,0,0,0,0,0,0,0,1
61634,0,0,0,0,0,0,0,0,1
61635,0,0,0,0,0,0,0,0,1
61636,0,0,0,0,0,0,0,0,1
61637,0,0,0,0,0,0,0,0,1
61638,0,0,0,0,0,0,0,0,1
61639,0,0,0,0,0,0,0,0,1
61640,0,0,0,0,0,0,0,0,1
61641,0,0,0,0,0,0,0,0,1
61642,0,0,0,0,0,0,0,0,1
61643,0,0,0,0,0,0,0,0,1
61644,0,0,0,0,0,0,0,0,1
61645,0,0,0,0,0,0,0,0,1
61646,0,0,0,0,0,0,0,0,1
61647,0,0,0,0,0,0,0,0,1
61648,0,0,0,0,0,0,0,0,1
61649,0,0,0,0,0,0,0,0,1
61650,0,0,0,0,0,0,0,0,1
61651,0,0,0,0,0,0,0,0,1
61652,0,0,0,0,0,0,0,0,1
61653,0,0,0,0,0,0,0,0,1
61654,0,0,0,0,0,0,0,0,1
61655,0,0,0,0,0,0,0,0,1
61656,0,0,0,0,0,0,0,0,1
61657,0,0,0,0,0,0,0,0,1
61658,0,0,0,0,0,0,0,0,1
61659,0,0,0,0,0,0,0,0,1
61660,0,0,0,0,0,0,0,0,1
61661,0,0,0,0,0,0,0,0,1
61662,0,0,0,0,0,0,0,0,1
61663,0,0,0,0,0,0,0,0,1
61664,0,0,0,0,0,0,0,0,1
61665,0,0,0,0,0,0,0,0,1
61666,0,0,0,0,0,0,0,0,1
61667,0,0,0,0,0,0,0,0,1
61668,0,0,0,0,0,0,0,0,1
61669,0,0,0,0,0,0,0,0,1
61670,0,0,0,0,0,0,0,0,1
61671,0,0,0,0,0,0,0,0,1
61672,0,0,0,0,0,0,0,0,1
61673,0,0,0,0,0,0,0,0,1
61674,0,0,0,0,0,0,0,0,1
61675,0,0,0,0,0,0,0,0,1
61676,0,0,0,0,0,0,0,0,1
61677,0,0,0,0,0,0,0,0,1
61678,0,0,0,0,0,0,0,0,1
61679,0,0,0,0,0,0,0,0,1
61680,0,0,0,0,0,0,0,0,1
61681,0,0,0,0,0,0,0,0,1
61682,0,0,0,0,0,0,0,0,1
61683,0,0,0,0,0,0,0,0,1
61684,0,0,0,0,0,0,0,0,1
61685,0,0,0,0,0,0,0,0,1
61686,0,0,0,0,0,0,0,0,1
61687,0,0,0,0,0,0,0,0,1
61688,0,0,0,0,0,0,0,0,1
61689,0,0,0,0,0,0,0,0,1
61690,0,0,0,0,0,0,0,0,1
61691,0,0,0,0,0,0,0,0,1
61692,0,0,0,0,0,0,0,0,1
61693,0,0,0,0,0,0,0,0,1
61694,0,0,0,0,0,0,0,0,1
61695,0,0,0,0,0,0,0,0,1
61696,0,0,0,0,0,0,0,0,1
61697,0,0,0,0,0,0,0,0,1
61698,0,0,0,0,0,0,0,0,1
61699,0,0,0,0,0,0,0,0,1
61700,0,0,0,0,0,0,0,0,1
61701,0,0,0,0,0,0,0,0,1
61702,0,0,0,0,0,0,0,0,1
61703,0,0,0,0,0,0,0,0,1
61704,0,0,0,0,0,0,0,0,1
61705,0,0,0,0,0,0,0,0,1
61706,0,0,0,0,0,0,0,0,1
61707,0,0,0,0,0,0,0,0,1
61708,0,0,0,0,0,0,0,0,1
61709,0,0,0,0,0,0,0,0,1
61710,0,0,0,0,0,0,0,0,1
61711,0,0,0,0,0,0,0,0,1
61712,0,0,0,0,0,0,0,0,1
61713,0,0,0,0,0,0,0,0,1
61714,0,0,0,0,0,0,0,0,1
61715,0,0,0,0,0,0,0,0,1
61716,0,0,0,0,0,0,0,0,1
61717,0,0,0,0,0,0,0,0,1
61718,0,0,0,0,0,0,0,0,1
61719,0,0,0,0,0,0,0,0,1
61720,0,0,0,0,0,0,0,0,1
61721,0,0,0,0,0,0,0,0,1
61722,0,0,0,0,0,0,0,0,1
61723,0,0,0,0,0,0,0,0,1
61724,0,0,0,0,0,0,0,0,1
61725,0,0,0,0,0,0,0,0,1
61726,0,0,0,0,0,0,0,0,1
61727,0,0,0,0,0,0,0,0,1
61728,0,0,0,0,0,0,0,0,1
61729,0,0,0,0,0,0,0,0,1
61730,0,0,0,0,0,0,0,0,1
61731,0,0,0,0,0,0,0,0,1
61732,0,0,0,0,0,0,0,0,1
61733,0,0,0,0,0,0,0,0,1
61734,0,0,0,0,0,0,0,0,1
61735,0,0,0,0,0,0,0,0,1
61736,0,0,0,0,0,0,0,0,1
61737,0,0,0,0,0,0,0,0,1
61738,0,0,0,0,0,0,0,0,1
61739,0,0,0,0,0,0,0,0,1
61740,0,0,0,0,0,0,0,0,1
61741,0,0,0,0,0,0,0,0,1
61742,0,0,0,0,0,0,0,0,1
61743,0,0,0,0,0,0,0,0,1
61744,0,0,0,0,0,0,0,0,1
61745,0,0,0,0,0,0,0,0,1
61746,0,0,0,0,0,0,0,0,1
61747,0,0,0,0,0,0,0,0,1
61748,0,0,0,0,0,0,0,0,1
61749,0,0,0,0,0,0,0,0,1
61750,0,0,0,0,0,0,0,0,1
61751,0,0,0,0,0,0,0,0,1
61752,0,0,0,0,0,0,0,0,1
61753,0,0,0,0,0,0,0,0,1
61754,0,0,0,0,0,0,0,0,1
61755,0,0,0,0,0,0,0,0,1
61756,0,0,0,0,0,0,0,0,1
61757,0,0,0,0,0,0,0,0,1
61758,0,0,0,0,0,0,0,0,1
61759,0,0,0,0,0,0,0,0,1
61760,0,0,0,0,0,0,0,0,1
61761,0,0,0,0,0,0,0,0,1
61762,0,0,0,0,0,0,0,0,1
61763,0,0,0,0,0,0,0,0,1
61764,0,0,0,0,0,0,0,0,1
61765,0,0,0,0,0,0,0,0,1
61766,0,0,0,0,0,0,0,0,1
61767,0,0,0,0,0,0,0,0,1
61768,0,0,0,0,0,0,0,0,1
61769,0,0,0,0,0,0,0,0,1
61770,0,0,0,0,0,0,0,0,1
61771,0,0,0,0,0,0,0,0,1
61772,0,0,0,0,0,0,0,0,1
61773,0,0,0,0,0,0,0,0,1
61774,0,0,0,0,0,0,0,0,1
61775,0,0,0,0,0,0,0,0,1
61776,0,0,0,0,0,0,0,0,1
61777,0,0,0,0,0,0,0,0,1
61778,0,0,0,0,0,0,0,0,1
61779,0,0,0,0,0,0,0,0,1
61780,0,0,0,0,0,0,0,0,1
61781,0,0,0,0,0,0,0,0,1
61782,0,0,0,0,0,0,0,0,1
61783,0,0,0,0,0,0,0,0,1
61784,0,0,0,0,0,0,0,0,1
61785,0,0,0,0,0,0,0,0,1
61786,0,0,0,0,0,0,0,0,1
61787,0,0,0,0,0,0,0,0,1
61788,0,0,0,0,0,0,0,0,1
61789,0,0,0,0,0,0,0,0,1
61790,0,0,0,0,0,0,0,0,1
61791,0,0,0,0,0,0,0,0,1
61792,0,0,0,0,0,0,0,0,1
61793,0,0,0,0,0,0,0,0,1
61794,0,0,0,0,0,0,0,0,1
61795,0,0,0,0,0,0,0,0,1
61796,0,0,0,0,0,0,0,0,1
61797,0,0,0,0,0,0,0,0,1
61798,0,0,0,0,0,0,0,0,1
61799,0,0,0,0,0,0,0,0,1
61800,0,0,0,0,0,0,0,0,1
61801,0,0,0,0,0,0,0,0,1
61802,0,0,0,0,0,0,0,0,1
61803,0,0,0,0,0,0,0,0,1
61804,0,0,0,0,0,0,0,0,1
61805,0,0,0,0,0,0,0,0,1
61806,0,0,0,0,0,0,0,0,1
61807,0,0,0,0,0,0,0,0,1
61808,0,0,0,0,0,0,0,0,1
61809,0,0,0,0,0,0,0,0,1
61810,0,0,0,0,0,0,0,0,1
61811,0,0,0,0,0,0,0,0,1
61812,0,0,0,0,0,0,0,0,1
61813,0,0,0,0,0,0,0,0,1
61814,0,0,0,0,0,0,0,0,1
61815,0,0,0,0,0,0,0,0,1
61816,0,0,0,0,0,0,0,0,1
61817,0,0,0,0,0,0,0,0,1
61818,0,0,0,0,0,0,0,0,1
61819,0,0,0,0,0,0,0,0,1
61820,0,0,0,0,0,0,0,0,1
61821,0,0,0,0,0,0,0,0,1
61822,0,0,0,0,0,0,0,0,1
61823,0,0,0,0,0,0,0,0,1
61824,0,0,0,0,0,0,0,0,1
61825,0,0,0,0,0,0,0,0,1
61826,0,0,0,0,0,0,0,0,1
61827,0,0,0,0,0,0,0,0,1
61828,0,0,0,0,0,0,0,0,1
61829,0,0,0,0,0,0,0,0,1
61830,0,0,0,0,0,0,0,0,1
61831,0,0,0,0,0,0,0,0,1
61832,0,0,0,0,0,0,0,0,1
61833,0,0,0,0,0,0,0,0,1
61834,0,0,0,0,0,0,0,0,1
61835,0,0,0,0,0,0,0,0,1
61836,0,0,0,0,0,0,0,0,1
61837,0,0,0,0,0,0,0,0,1
61838,0,0,0,0,0,0,0,0,1
61839,0,0,0,0,0,0,0,0,1
61840,0,0,0,0,0,0,0,0,1
61841,0,0,0,0,0,0,0,0,1
61842,0,0,0,0,0,0,0,0,1
61843,0,0,0,0,0,0,0,0,1
61844,0,0,0,0,0,0,0,0,1
61845,0,0,0,0,0,0,0,0,1
61846,0,0,0,0,0,0,0,0,1
61847,0,0,0,0,0,0,0,0,1
61848,0,0,0,0,0,0,0,0,1
61849,0,0,0,0,0,0,0,0,1
61850,0,0,0,0,0,0,0,0,1
61851,0,0,0,0,0,0,0,0,1
61852,0,0,0,0,0,0,0,0,1
61853,0,0,0,0,0,0,0,0,1
61854,0,0,0,0,0,0,0,0,1
61855,0,0,0,0,0,0,0,0,1
61856,0,0,0,0,0,0,0,0,1
61857,0,0,0,0,0,0,0,0,1
61858,0,0,0,0,0,0,0,0,1
61859,0,0,0,0,0,0,0,0,1
61860,0,0,0,0,0,0,0,0,1
61861,0,0,0,0,0,0,0,0,1
61862,0,0,0,0,0,0,0,0,1
61863,0,0,0,0,0,0,0,0,1
61864,0,0,0,0,0,0,0,0,1
61865,0,0,0,0,0,0,0,0,1
61866,0,0,0,0,0,0,0,0,1
61867,0,0,0,0,0,0,0,0,1
61868,0,0,0,0,0,0,0,0,1
61869,0,0,0,0,0,0,0,0,1
61870,0,0,0,0,0,0,0,0,1
61871,0,0,0,0,0,0,0,0,1
61872,0,0,0,0,0,0,0,0,1
61873,0,0,0,0,0,0,0,0,1
61874,0,0,0,0,0,0,0,0,1
61875,0,0,0,0,0,0,0,0,1
61876,0,0,0,0,0,0,0,0,1
61877,0,0,0,0,0,0,0,0,1
61878,0,0,0,0,0,0,0,0,1
61879,0,0,0,0,0,0,0,0,1
61880,0,0,0,0,0,0,0,0,1
61881,0,0,0,0,0,0,0,0,1
61882,0,0,0,0,0,0,0,0,1
61883,0,0,0,0,0,0,0,0,1
61884,0,0,0,0,0,0,0,0,1
61885,0,0,0,0,0,0,0,0,1
61886,0,0,0,0,0,0,0,0,1
61887,0,0,0,0,0,0,0,0,1
61888,0,0,0,0,0,0,0,0,1
61889,0,0,0,0,0,0,0,0,1
61890,0,0,0,0,0,0,0,0,1
61891,0,0,0,0,0,0,0,0,1
61892,0,0,0,0,0,0,0,0,1
61893,0,0,0,0,0,0,0,0,1
61894,0,0,0,0,0,0,0,0,1
61895,0,0,0,0,0,0,0,0,1
61896,0,0,0,0,0,0,0,0,1
61897,0,0,0,0,0,0,0,0,1
61898,0,0,0,0,0,0,0,0,1
61899,0,0,0,0,0,0,0,0,1
61900,0,0,0,0,0,0,0,0,1
61901,0,0,0,0,0,0,0,0,1
61902,0,0,0,0,0,0,0,0,1
61903,0,0,0,0,0,0,0,0,1
61904,0,0,0,0,0,0,0,0,1
61905,0,0,0,0,0,0,0,0,1
61906,0,0,0,0,0,0,0,0,1
61907,0,0,0,0,0,0,0,0,1
61908,0,0,0,0,0,0,0,0,1
61909,0,0,0,0,0,0,0,0,1
61910,0,0,0,0,0,0,0,0,1
61911,0,0,0,0,0,0,0,0,1
61912,0,0,0,0,0,0,0,0,1
61913,0,0,0,0,0,0,0,0,1
61914,0,0,0,0,0,0,0,0,1
61915,0,0,0,0,0,0,0,0,1
61916,0,0,0,0,0,0,0,0,1
61917,0,0,0,0,0,0,0,0,1
61918,0,0,0,0,0,0,0,0,1
61919,0,0,0,0,0,0,0,0,1
61920,0,0,0,0,0,0,0,0,1
61921,0,0,0,0,0,0,0,0,1
61922,0,0,0,0,0,0,0,0,1
61923,0,0,0,0,0,0,0,0,1
61924,0,0,0,0,0,0,0,0,1
61925,0,0,0,0,0,0,0,0,1
61926,0,0,0,0,0,0,0,0,1
61927,0,0,0,0,0,0,0,0,1
61928,0,0,0,0,0,0,0,0,1
61929,0,0,0,0,0,0,0,0,1
61930,0,0,0,0,0,0,0,0,1
61931,0,0,0,0,0,0,0,0,1
61932,0,0,0,0,0,0,0,0,1
61933,0,0,0,0,0,0,0,0,1
61934,0,0,0,0,0,0,0,0,1
61935,0,0,0,0,0,0,0,0,1
61936,0,0,0,0,0,0,0,0,1
61937,0,0,0,0,0,0,0,0,1
61938,0,0,0,0,0,0,0,0,1
61939,0,0,0,0,0,0,0,0,1
61940,0,0,0,0,0,0,0,0,1
61941,0,0,0,0,0,0,0,0,1
61942,0,0,0,0,0,0,0,0,1
61943,0,0,0,0,0,0,0,0,1
61944,0,0,0,0,0,0,0,0,1
61945,0,0,0,0,0,0,0,0,1
61946,0,0,0,0,0,0,0,0,1
61947,0,0,0,0,0,0,0,0,1
61948,0,0,0,0,0,0,0,0,1
61949,0,0,0,0,0,0,0,0,1
61950,0,0,0,0,0,0,0,0,1
61951,0,0,0,0,0,0,0,0,1
61952,0,0,0,0,0,0,0,0,1
61953,0,0,0,0,0,0,0,0,1
61954,0,0,0,0,0,0,0,0,1
61955,0,0,0,0,0,0,0,0,1
61956,0,0,0,0,0,0,0,0,1
61957,0,0,0,0,0,0,0,0,1
61958,0,0,0,0,0,0,0,0,1
61959,0,0,0,0,0,0,0,0,1
61960,0,0,0,0,0,0,0,0,1
61961,0,0,0,0,0,0,0,0,1
61962,0,0,0,0,0,0,0,0,1
61963,0,0,0,0,0,0,0,0,1
61964,0,0,0,0,0,0,0,0,1
61965,0,0,0,0,0,0,0,0,1
61966,0,0,0,0,0,0,0,0,1
61967,0,0,0,0,0,0,0,0,1
61968,0,0,0,0,0,0,0,0,1
61969,0,0,0,0,0,0,0,0,1
61970,0,0,0,0,0,0,0,0,1
61971,0,0,0,0,0,0,0,0,1
61972,0,0,0,0,0,0,0,0,1
61973,0,0,0,0,0,0,0,0,1
61974,0,0,0,0,0,0,0,0,1
61975,0,0,0,0,0,0,0,0,1
61976,0,0,0,0,0,0,0,0,1
61977,0,0,0,0,0,0,0,0,1
61978,0,0,0,0,0,0,0,0,1
61979,0,0,0,0,0,0,0,0,1
61980,0,0,0,0,0,0,0,0,1
61981,0,0,0,0,0,0,0,0,1
61982,0,0,0,0,0,0,0,0,1
61983,0,0,0,0,0,0,0,0,1
61984,0,0,0,0,0,0,0,0,1
61985,0,0,0,0,0,0,0,0,1
61986,0,0,0,0,0,0,0,0,1
61987,0,0,0,0,0,0,0,0,1
61988,0,0,0,0,0,0,0,0,1
61989,0,0,0,0,0,0,0,0,1
61990,0,0,0,0,0,0,0,0,1
61991,0,0,0,0,0,0,0,0,1
61992,0,0,0,0,0,0,0,0,1
61993,0,0,0,0,0,0,0,0,1
61994,0,0,0,0,0,0,0,0,1
61995,0,0,0,0,0,0,0,0,1
61996,0,0,0,0,0,0,0,0,1
61997,0,0,0,0,0,0,0,0,1
61998,0,0,0,0,0,0,0,0,1
61999,0,0,0,0,0,0,0,0,1
62000,0,0,0,0,0,0,0,0,1
62001,0,0,0,0,0,0,0,0,1
62002,0,0,0,0,0,0,0,0,1
62003,0,0,0,0,0,0,0,0,1
62004,0,0,0,0,0,0,0,0,1
62005,0,0,0,0,0,0,0,0,1
62006,0,0,0,0,0,0,0,0,1
62007,0,0,0,0,0,0,0,0,1
62008,0,0,0,0,0,0,0,0,1
62009,0,0,0,0,0,0,0,0,1
62010,0,0,0,0,0,0,0,0,1
62011,0,0,0,0,0,0,0,0,1
62012,0,0,0,0,0,0,0,0,1
62013,0,0,0,0,0,0,0,0,1
62014,0,0,0,0,0,0,0,0,1
62015,0,0,0,0,0,0,0,0,1
62016,0,0,0,0,0,0,0,0,1
62017,0,0,0,0,0,0,0,0,1
62018,0,0,0,0,0,0,0,0,1
62019,0,0,0,0,0,0,0,0,1
62020,0,0,0,0,0,0,0,0,1
62021,0,0,0,0,0,0,0,0,1
62022,0,0,0,0,0,0,0,0,1
62023,0,0,0,0,0,0,0,0,1
62024,0,0,0,0,0,0,0,0,1
62025,0,0,0,0,0,0,0,0,1
62026,0,0,0,0,0,0,0,0,1
62027,0,0,0,0,0,0,0,0,1
62028,0,0,0,0,0,0,0,0,1
62029,0,0,0,0,0,0,0,0,1
62030,0,0,0,0,0,0,0,0,1
62031,0,0,0,0,0,0,0,0,1
62032,0,0,0,0,0,0,0,0,1
62033,0,0,0,0,0,0,0,0,1
62034,0,0,0,0,0,0,0,0,1
62035,0,0,0,0,0,0,0,0,1
62036,0,0,0,0,0,0,0,0,1
62037,0,0,0,0,0,0,0,0,1
62038,0,0,0,0,0,0,0,0,1
62039,0,0,0,0,0,0,0,0,1
62040,0,0,0,0,0,0,0,0,1
62041,0,0,0,0,0,0,0,0,1
62042,0,0,0,0,0,0,0,0,1
62043,0,0,0,0,0,0,0,0,1
62044,0,0,0,0,0,0,0,0,1
62045,0,0,0,0,0,0,0,0,1
62046,0,0,0,0,0,0,0,0,1
62047,0,0,0,0,0,0,0,0,1
62048,0,0,0,0,0,0,0,0,1
62049,0,0,0,0,0,0,0,0,1
62050,0,0,0,0,0,0,0,0,1
62051,0,0,0,0,0,0,0,0,1
62052,0,0,0,0,0,0,0,0,1
62053,0,0,0,0,0,0,0,0,1
62054,0,0,0,0,0,0,0,0,1
62055,0,0,0,0,0,0,0,0,1
62056,0,0,0,0,0,0,0,0,1
62057,0,0,0,0,0,0,0,0,1
62058,0,0,0,0,0,0,0,0,1
62059,0,0,0,0,0,0,0,0,1
62060,0,0,0,0,0,0,0,0,1
62061,0,0,0,0,0,0,0,0,1
62062,0,0,0,0,0,0,0,0,1
62063,0,0,0,0,0,0,0,0,1
62064,0,0,0,0,0,0,0,0,1
62065,0,0,0,0,0,0,0,0,1
62066,0,0,0,0,0,0,0,0,1
62067,0,0,0,0,0,0,0,0,1
62068,0,0,0,0,0,0,0,0,1
62069,0,0,0,0,0,0,0,0,1
62070,0,0,0,0,0,0,0,0,1
62071,0,0,0,0,0,0,0,0,1
62072,0,0,0,0,0,0,0,0,1
62073,0,0,0,0,0,0,0,0,1
62074,0,0,0,0,0,0,0,0,1
62075,0,0,0,0,0,0,0,0,1
62076,0,0,0,0,0,0,0,0,1
62077,0,0,0,0,0,0,0,0,1
62078,0,0,0,0,0,0,0,0,1
62079,0,0,0,0,0,0,0,0,1
62080,0,0,0,0,0,0,0,0,1
62081,0,0,0,0,0,0,0,0,1
62082,0,0,0,0,0,0,0,0,1
62083,0,0,0,0,0,0,0,0,1
62084,0,0,0,0,0,0,0,0,1
62085,0,0,0,0,0,0,0,0,1
62086,0,0,0,0,0,0,0,0,1
62087,0,0,0,0,0,0,0,0,1
62088,0,0,0,0,0,0,0,0,1
62089,0,0,0,0,0,0,0,0,1
62090,0,0,0,0,0,0,0,0,1
62091,0,0,0,0,0,0,0,0,1
62092,0,0,0,0,0,0,0,0,1
62093,0,0,0,0,0,0,0,0,1
62094,0,0,0,0,0,0,0,0,1
62095,0,0,0,0,0,0,0,0,1
62096,0,0,0,0,0,0,0,0,1
62097,0,0,0,0,0,0,0,0,1
62098,0,0,0,0,0,0,0,0,1
62099,0,0,0,0,0,0,0,0,1
62100,0,0,0,0,0,0,0,0,1
62101,0,0,0,0,0,0,0,0,1
62102,0,0,0,0,0,0,0,0,1
62103,0,0,0,0,0,0,0,0,1
62104,0,0,0,0,0,0,0,0,1
62105,0,0,0,0,0,0,0,0,1
62106,0,0,0,0,0,0,0,0,1
62107,0,0,0,0,0,0,0,0,1
62108,0,0,0,0,0,0,0,0,1
62109,0,0,0,0,0,0,0,0,1
62110,0,0,0,0,0,0,0,0,1
62111,0,0,0,0,0,0,0,0,1
62112,0,0,0,0,0,0,0,0,1
62113,0,0,0,0,0,0,0,0,1
62114,0,0,0,0,0,0,0,0,1
62115,0,0,0,0,0,0,0,0,1
62116,0,0,0,0,0,0,0,0,1
62117,0,0,0,0,0,0,0,0,1
62118,0,0,0,0,0,0,0,0,1
62119,0,0,0,0,0,0,0,0,1
62120,0,0,0,0,0,0,0,0,1
62121,0,0,0,0,0,0,0,0,1
62122,0,0,0,0,0,0,0,0,1
62123,0,0,0,0,0,0,0,0,1
62124,0,0,0,0,0,0,0,0,1
62125,0,0,0,0,0,0,0,0,1
62126,0,0,0,0,0,0,0,0,1
62127,0,0,0,0,0,0,0,0,1
62128,0,0,0,0,0,0,0,0,1
62129,0,0,0,0,0,0,0,0,1
62130,0,0,0,0,0,0,0,0,1
62131,0,0,0,0,0,0,0,0,1
62132,0,0,0,0,0,0,0,0,1
62133,0,0,0,0,0,0,0,0,1
62134,0,0,0,0,0,0,0,0,1
62135,0,0,0,0,0,0,0,0,1
62136,0,0,0,0,0,0,0,0,1
62137,0,0,0,0,0,0,0,0,1
62138,0,0,0,0,0,0,0,0,1
62139,0,0,0,0,0,0,0,0,1
62140,0,0,0,0,0,0,0,0,1
62141,0,0,0,0,0,0,0,0,1
62142,0,0,0,0,0,0,0,0,1
62143,0,0,0,0,0,0,0,0,1
62144,0,0,0,0,0,0,0,0,1
62145,0,0,0,0,0,0,0,0,1
62146,0,0,0,0,0,0,0,0,1
62147,0,0,0,0,0,0,0,0,1
62148,0,0,0,0,0,0,0,0,1
62149,0,0,0,0,0,0,0,0,1
62150,0,0,0,0,0,0,0,0,1
62151,0,0,0,0,0,0,0,0,1
62152,0,0,0,0,0,0,0,0,1
62153,0,0,0,0,0,0,0,0,1
62154,0,0,0,0,0,0,0,0,1
62155,0,0,0,0,0,0,0,0,1
62156,0,0,0,0,0,0,0,0,1
62157,0,0,0,0,0,0,0,0,1
62158,0,0,0,0,0,0,0,0,1
62159,0,0,0,0,0,0,0,0,1
62160,0,0,0,0,0,0,0,0,1
62161,0,0,0,0,0,0,0,0,1
62162,0,0,0,0,0,0,0,0,1
62163,0,0,0,0,0,0,0,0,1
62164,0,0,0,0,0,0,0,0,1
62165,0,0,0,0,0,0,0,0,1
62166,0,0,0,0,0,0,0,0,1
62167,0,0,0,0,0,0,0,0,1
62168,0,0,0,0,0,0,0,0,1
62169,0,0,0,0,0,0,0,0,1
62170,0,0,0,0,0,0,0,0,1
62171,0,0,0,0,0,0,0,0,1
62172,0,0,0,0,0,0,0,0,1
62173,0,0,0,0,0,0,0,0,1
62174,0,0,0,0,0,0,0,0,1
62175,0,0,0,0,0,0,0,0,1
62176,0,0,0,0,0,0,0,0,1
62177,0,0,0,0,0,0,0,0,1
62178,0,0,0,0,0,0,0,0,1
62179,0,0,0,0,0,0,0,0,1
62180,0,0,0,0,0,0,0,0,1
62181,0,0,0,0,0,0,0,0,1
62182,0,0,0,0,0,0,0,0,1
62183,0,0,0,0,0,0,0,0,1
62184,0,0,0,0,0,0,0,0,1
62185,0,0,0,0,0,0,0,0,1
62186,0,0,0,0,0,0,0,0,1
62187,0,0,0,0,0,0,0,0,1
62188,0,0,0,0,0,0,0,0,1
62189,0,0,0,0,0,0,0,0,1
62190,0,0,0,0,0,0,0,0,1
62191,0,0,0,0,0,0,0,0,1
62192,0,0,0,0,0,0,0,0,1
62193,0,0,0,0,0,0,0,0,1
62194,0,0,0,0,0,0,0,0,1
62195,0,0,0,0,0,0,0,0,1
62196,0,0,0,0,0,0,0,0,1
62197,0,0,0,0,0,0,0,0,1
62198,0,0,0,0,0,0,0,0,1
62199,0,0,0,0,0,0,0,0,1
62200,0,0,0,0,0,0,0,0,1
62201,0,0,0,0,0,0,0,0,1
62202,0,0,0,0,0,0,0,0,1
62203,0,0,0,0,0,0,0,0,1
62204,0,0,0,0,0,0,0,0,1
62205,0,0,0,0,0,0,0,0,1
62206,0,0,0,0,0,0,0,0,1
62207,0,0,0,0,0,0,0,0,1
62208,0,0,0,0,0,0,0,0,1
62209,0,0,0,0,0,0,0,0,1
62210,0,0,0,0,0,0,0,0,1
62211,0,0,0,0,0,0,0,0,1
62212,0,0,0,0,0,0,0,0,1
62213,0,0,0,0,0,0,0,0,1
62214,0,0,0,0,0,0,0,0,1
62215,0,0,0,0,0,0,0,0,1
62216,0,0,0,0,0,0,0,0,1
62217,0,0,0,0,0,0,0,0,1
62218,0,0,0,0,0,0,0,0,1
62219,0,0,0,0,0,0,0,0,1
62220,0,0,0,0,0,0,0,0,1
62221,0,0,0,0,0,0,0,0,1
62222,0,0,0,0,0,0,0,0,1
62223,0,0,0,0,0,0,0,0,1
62224,0,0,0,0,0,0,0,0,1
62225,0,0,0,0,0,0,0,0,1
62226,0,0,0,0,0,0,0,0,1
62227,0,0,0,0,0,0,0,0,1
62228,0,0,0,0,0,0,0,0,1
62229,0,0,0,0,0,0,0,0,1
62230,0,0,0,0,0,0,0,0,1
62231,0,0,0,0,0,0,0,0,1
62232,0,0,0,0,0,0,0,0,1
62233,0,0,0,0,0,0,0,0,1
62234,0,0,0,0,0,0,0,0,1
62235,0,0,0,0,0,0,0,0,1
62236,0,0,0,0,0,0,0,0,1
62237,0,0,0,0,0,0,0,0,1
62238,0,0,0,0,0,0,0,0,1
62239,0,0,0,0,0,0,0,0,1
62240,0,0,0,0,0,0,0,0,1
62241,0,0,0,0,0,0,0,0,1
62242,0,0,0,0,0,0,0,0,1
62243,0,0,0,0,0,0,0,0,1
62244,0,0,0,0,0,0,0,0,1
62245,0,0,0,0,0,0,0,0,1
62246,0,0,0,0,0,0,0,0,1
62247,0,0,0,0,0,0,0,0,1
62248,0,0,0,0,0,0,0,0,1
62249,0,0,0,0,0,0,0,0,1
62250,0,0,0,0,0,0,0,0,1
62251,0,0,0,0,0,0,0,0,1
62252,0,0,0,0,0,0,0,0,1
62253,0,0,0,0,0,0,0,0,1
62254,0,0,0,0,0,0,0,0,1
62255,0,0,0,0,0,0,0,0,1
62256,0,0,0,0,0,0,0,0,1
62257,0,0,0,0,0,0,0,0,1
62258,0,0,0,0,0,0,0,0,1
62259,0,0,0,0,0,0,0,0,1
62260,0,0,0,0,0,0,0,0,1
62261,0,0,0,0,0,0,0,0,1
62262,0,0,0,0,0,0,0,0,1
62263,0,0,0,0,0,0,0,0,1
62264,0,0,0,0,0,0,0,0,1
62265,0,0,0,0,0,0,0,0,1
62266,0,0,0,0,0,0,0,0,1
62267,0,0,0,0,0,0,0,0,1
62268,0,0,0,0,0,0,0,0,1
62269,0,0,0,0,0,0,0,0,1
62270,0,0,0,0,0,0,0,0,1
62271,0,0,0,0,0,0,0,0,1
62272,0,0,0,0,0,0,0,0,1
62273,0,0,0,0,0,0,0,0,1
62274,0,0,0,0,0,0,0,0,1
62275,0,0,0,0,0,0,0,0,1
62276,0,0,0,0,0,0,0,0,1
62277,0,0,0,0,0,0,0,0,1
62278,0,0,0,0,0,0,0,0,1
62279,0,0,0,0,0,0,0,0,1
62280,0,0,0,0,0,0,0,0,1
62281,0,0,0,0,0,0,0,0,1
62282,0,0,0,0,0,0,0,0,1
62283,0,0,0,0,0,0,0,0,1
62284,0,0,0,0,0,0,0,0,1
62285,0,0,0,0,0,0,0,0,1
62286,0,0,0,0,0,0,0,0,1
62287,0,0,0,0,0,0,0,0,1
62288,0,0,0,0,0,0,0,0,1
62289,0,0,0,0,0,0,0,0,1
62290,0,0,0,0,0,0,0,0,1
62291,0,0,0,0,0,0,0,0,1
62292,0,0,0,0,0,0,0,0,1
62293,0,0,0,0,0,0,0,0,1
62294,0,0,0,0,0,0,0,0,1
62295,0,0,0,0,0,0,0,0,1
62296,0,0,0,0,0,0,0,0,1
62297,0,0,0,0,0,0,0,0,1
62298,0,0,0,0,0,0,0,0,1
62299,0,0,0,0,0,0,0,0,1
62300,0,0,0,0,0,0,0,0,1
62301,0,0,0,0,0,0,0,0,1
62302,0,0,0,0,0,0,0,0,1
62303,0,0,0,0,0,0,0,0,1
62304,0,0,0,0,0,0,0,0,1
62305,0,0,0,0,0,0,0,0,1
62306,0,0,0,0,0,0,0,0,1
62307,0,0,0,0,0,0,0,0,1
62308,0,0,0,0,0,0,0,0,1
62309,0,0,0,0,0,0,0,0,1
62310,0,0,0,0,0,0,0,0,1
62311,0,0,0,0,0,0,0,0,1
62312,0,0,0,0,0,0,0,0,1
62313,0,0,0,0,0,0,0,0,1
62314,0,0,0,0,0,0,0,0,1
62315,0,0,0,0,0,0,0,0,1
62316,0,0,0,0,0,0,0,0,1
62317,0,0,0,0,0,0,0,0,1
62318,0,0,0,0,0,0,0,0,1
62319,0,0,0,0,0,0,0,0,1
62320,0,0,0,0,0,0,0,0,1
62321,0,0,0,0,0,0,0,0,1
62322,0,0,0,0,0,0,0,0,1
62323,0,0,0,0,0,0,0,0,1
62324,0,0,0,0,0,0,0,0,1
62325,0,0,0,0,0,0,0,0,1
62326,0,0,0,0,0,0,0,0,1
62327,0,0,0,0,0,0,0,0,1
62328,0,0,0,0,0,0,0,0,1
62329,0,0,0,0,0,0,0,0,1
62330,0,0,0,0,0,0,0,0,1
62331,0,0,0,0,0,0,0,0,1
62332,0,0,0,0,0,0,0,0,1
62333,0,0,0,0,0,0,0,0,1
62334,0,0,0,0,0,0,0,0,1
62335,0,0,0,0,0,0,0,0,1
62336,0,0,0,0,0,0,0,0,1
62337,0,0,0,0,0,0,0,0,1
62338,0,0,0,0,0,0,0,0,1
62339,0,0,0,0,0,0,0,0,1
62340,0,0,0,0,0,0,0,0,1
62341,0,0,0,0,0,0,0,0,1
62342,0,0,0,0,0,0,0,0,1
62343,0,0,0,0,0,0,0,0,1
62344,0,0,0,0,0,0,0,0,1
62345,0,0,0,0,0,0,0,0,1
62346,0,0,0,0,0,0,0,0,1
62347,0,0,0,0,0,0,0,0,1
62348,0,0,0,0,0,0,0,0,1
62349,0,0,0,0,0,0,0,0,1
62350,0,0,0,0,0,0,0,0,1
62351,0,0,0,0,0,0,0,0,1
62352,0,0,0,0,0,0,0,0,1
62353,0,0,0,0,0,0,0,0,1
62354,0,0,0,0,0,0,0,0,1
62355,0,0,0,0,0,0,0,0,1
62356,0,0,0,0,0,0,0,0,1
62357,0,0,0,0,0,0,0,0,1
62358,0,0,0,0,0,0,0,0,1
62359,0,0,0,0,0,0,0,0,1
62360,0,0,0,0,0,0,0,0,1
62361,0,0,0,0,0,0,0,0,1
62362,0,0,0,0,0,0,0,0,1
62363,0,0,0,0,0,0,0,0,1
62364,0,0,0,0,0,0,0,0,1
62365,0,0,0,0,0,0,0,0,1
62366,0,0,0,0,0,0,0,0,1
62367,0,0,0,0,0,0,0,0,1
62368,0,0,0,0,0,0,0,0,1
62369,0,0,0,0,0,0,0,0,1
62370,0,0,0,0,0,0,0,0,1
62371,0,0,0,0,0,0,0,0,1
62372,0,0,0,0,0,0,0,0,1
62373,0,0,0,0,0,0,0,0,1
62374,0,0,0,0,0,0,0,0,1
62375,0,0,0,0,0,0,0,0,1
62376,0,0,0,0,0,0,0,0,1
62377,0,0,0,0,0,0,0,0,1
62378,0,0,0,0,0,0,0,0,1
62379,0,0,0,0,0,0,0,0,1
62380,0,0,0,0,0,0,0,0,1
62381,0,0,0,0,0,0,0,0,1
62382,0,0,0,0,0,0,0,0,1
62383,0,0,0,0,0,0,0,0,1
62384,0,0,0,0,0,0,0,0,1
62385,0,0,0,0,0,0,0,0,1
62386,0,0,0,0,0,0,0,0,1
62387,0,0,0,0,0,0,0,0,1
62388,0,0,0,0,0,0,0,0,1
62389,0,0,0,0,0,0,0,0,1
62390,0,0,0,0,0,0,0,0,1
62391,0,0,0,0,0,0,0,0,1
62392,0,0,0,0,0,0,0,0,1
62393,0,0,0,0,0,0,0,0,1
62394,0,0,0,0,0,0,0,0,1
62395,0,0,0,0,0,0,0,0,1
62396,0,0,0,0,0,0,0,0,1
62397,0,0,0,0,0,0,0,0,1
62398,0,0,0,0,0,0,0,0,1
62399,0,0,0,0,0,0,0,0,1
62400,0,0,0,0,0,0,0,0,1
62401,0,0,0,0,0,0,0,0,1
62402,0,0,0,0,0,0,0,0,1
62403,0,0,0,0,0,0,0,0,1
62404,0,0,0,0,0,0,0,0,1
62405,0,0,0,0,0,0,0,0,1
62406,0,0,0,0,0,0,0,0,1
62407,0,0,0,0,0,0,0,0,1
62408,0,0,0,0,0,0,0,0,1
62409,0,0,0,0,0,0,0,0,1
62410,0,0,0,0,0,0,0,0,1
62411,0,0,0,0,0,0,0,0,1
62412,0,0,0,0,0,0,0,0,1
62413,0,0,0,0,0,0,0,0,1
62414,0,0,0,0,0,0,0,0,1
62415,0,0,0,0,0,0,0,0,1
62416,0,0,0,0,0,0,0,0,1
62417,0,0,0,0,0,0,0,0,1
62418,0,0,0,0,0,0,0,0,1
62419,0,0,0,0,0,0,0,0,1
62420,0,0,0,0,0,0,0,0,1
62421,0,0,0,0,0,0,0,0,1
62422,0,0,0,0,0,0,0,0,1
62423,0,0,0,0,0,0,0,0,1
62424,0,0,0,0,0,0,0,0,1
62425,0,0,0,0,0,0,0,0,1
62426,0,0,0,0,0,0,0,0,1
62427,0,0,0,0,0,0,0,0,1
62428,0,0,0,0,0,0,0,0,1
62429,0,0,0,0,0,0,0,0,1
62430,0,0,0,0,0,0,0,0,1
62431,0,0,0,0,0,0,0,0,1
62432,0,0,0,0,0,0,0,0,1
62433,0,0,0,0,0,0,0,0,1
62434,0,0,0,0,0,0,0,0,1
62435,0,0,0,0,0,0,0,0,1
62436,0,0,0,0,0,0,0,0,1
62437,0,0,0,0,0,0,0,0,1
62438,0,0,0,0,0,0,0,0,1
62439,0,0,0,0,0,0,0,0,1
62440,0,0,0,0,0,0,0,0,1
62441,0,0,0,0,0,0,0,0,1
62442,0,0,0,0,0,0,0,0,1
62443,0,0,0,0,0,0,0,0,1
62444,0,0,0,0,0,0,0,0,1
62445,0,0,0,0,0,0,0,0,1
62446,0,0,0,0,0,0,0,0,1
62447,0,0,0,0,0,0,0,0,1
62448,0,0,0,0,0,0,0,0,1
62449,0,0,0,0,0,0,0,0,1
62450,0,0,0,0,0,0,0,0,1
62451,0,0,0,0,0,0,0,0,1
62452,0,0,0,0,0,0,0,0,1
62453,0,0,0,0,0,0,0,0,1
62454,0,0,0,0,0,0,0,0,1
62455,0,0,0,0,0,0,0,0,1
62456,0,0,0,0,0,0,0,0,1
62457,0,0,0,0,0,0,0,0,1
62458,0,0,0,0,0,0,0,0,1
62459,0,0,0,0,0,0,0,0,1
62460,0,0,0,0,0,0,0,0,1
62461,0,0,0,0,0,0,0,0,1
62462,0,0,0,0,0,0,0,0,1
62463,0,0,0,0,0,0,0,0,1
62464,0,0,0,0,0,0,0,0,1
62465,0,0,0,0,0,0,0,0,1
62466,0,0,0,0,0,0,0,0,1
62467,0,0,0,0,0,0,0,0,1
62468,0,0,0,0,0,0,0,0,1
62469,0,0,0,0,0,0,0,0,1
62470,0,0,0,0,0,0,0,0,1
62471,0,0,0,0,0,0,0,0,1
62472,0,0,0,0,0,0,0,0,1
62473,0,0,0,0,0,0,0,0,1
62474,0,0,0,0,0,0,0,0,1
62475,0,0,0,0,0,0,0,0,1
62476,0,0,0,0,0,0,0,0,1
62477,0,0,0,0,0,0,0,0,1
62478,0,0,0,0,0,0,0,0,1
62479,0,0,0,0,0,0,0,0,1
62480,0,0,0,0,0,0,0,0,1
62481,0,0,0,0,0,0,0,0,1
62482,0,0,0,0,0,0,0,0,1
62483,0,0,0,0,0,0,0,0,1
62484,0,0,0,0,0,0,0,0,1
62485,0,0,0,0,0,0,0,0,1
62486,0,0,0,0,0,0,0,0,1
62487,0,0,0,0,0,0,0,0,1
62488,0,0,0,0,0,0,0,0,1
62489,0,0,0,0,0,0,0,0,1
62490,0,0,0,0,0,0,0,0,1
62491,0,0,0,0,0,0,0,0,1
62492,0,0,0,0,0,0,0,0,1
62493,0,0,0,0,0,0,0,0,1
62494,0,0,0,0,0,0,0,0,1
62495,0,0,0,0,0,0,0,0,1
62496,0,0,0,0,0,0,0,0,1
62497,0,0,0,0,0,0,0,0,1
62498,0,0,0,0,0,0,0,0,1
62499,0,0,0,0,0,0,0,0,1
62500,0,0,0,0,0,0,0,0,1
62501,0,0,0,0,0,0,0,0,1
62502,0,0,0,0,0,0,0,0,1
62503,0,0,0,0,0,0,0,0,1
62504,0,0,0,0,0,0,0,0,1
62505,0,0,0,0,0,0,0,0,1
62506,0,0,0,0,0,0,0,0,1
62507,0,0,0,0,0,0,0,0,1
62508,0,0,0,0,0,0,0,0,1
62509,0,0,0,0,0,0,0,0,1
62510,0,0,0,0,0,0,0,0,1
62511,0,0,0,0,0,0,0,0,1
62512,0,0,0,0,0,0,0,0,1
62513,0,0,0,0,0,0,0,0,1
62514,0,0,0,0,0,0,0,0,1
62515,0,0,0,0,0,0,0,0,1
62516,0,0,0,0,0,0,0,0,1
62517,0,0,0,0,0,0,0,0,1
62518,0,0,0,0,0,0,0,0,1
62519,0,0,0,0,0,0,0,0,1
62520,0,0,0,0,0,0,0,0,1
62521,0,0,0,0,0,0,0,0,1
62522,0,0,0,0,0,0,0,0,1
62523,0,0,0,0,0,0,0,0,1
62524,0,0,0,0,0,0,0,0,1
62525,0,0,0,0,0,0,0,0,1
62526,0,0,0,0,0,0,0,0,1
62527,0,0,0,0,0,0,0,0,1
62528,0,0,0,0,0,0,0,0,1
62529,0,0,0,0,0,0,0,0,1
62530,0,0,0,0,0,0,0,0,1
62531,0,0,0,0,0,0,0,0,1
62532,0,0,0,0,0,0,0,0,1
62533,0,0,0,0,0,0,0,0,1
62534,0,0,0,0,0,0,0,0,1
62535,0,0,0,0,0,0,0,0,1
62536,0,0,0,0,0,0,0,0,1
62537,0,0,0,0,0,0,0,0,1
62538,0,0,0,0,0,0,0,0,1
62539,0,0,0,0,0,0,0,0,1
62540,0,0,0,0,0,0,0,0,1
62541,0,0,0,0,0,0,0,0,1
62542,0,0,0,0,0,0,0,0,1
62543,0,0,0,0,0,0,0,0,1
62544,0,0,0,0,0,0,0,0,1
62545,0,0,0,0,0,0,0,0,1
62546,0,0,0,0,0,0,0,0,1
62547,0,0,0,0,0,0,0,0,1
62548,0,0,0,0,0,0,0,0,1
62549,0,0,0,0,0,0,0,0,1
62550,0,0,0,0,0,0,0,0,1
62551,0,0,0,0,0,0,0,0,1
62552,0,0,0,0,0,0,0,0,1
62553,0,0,0,0,0,0,0,0,1
62554,0,0,0,0,0,0,0,0,1
62555,0,0,0,0,0,0,0,0,1
62556,0,0,0,0,0,0,0,0,1
62557,0,0,0,0,0,0,0,0,1
62558,0,0,0,0,0,0,0,0,1
62559,0,0,0,0,0,0,0,0,1
62560,0,0,0,0,0,0,0,0,1
62561,0,0,0,0,0,0,0,0,1
62562,0,0,0,0,0,0,0,0,1
62563,0,0,0,0,0,0,0,0,1
62564,0,0,0,0,0,0,0,0,1
62565,0,0,0,0,0,0,0,0,1
62566,0,0,0,0,0,0,0,0,1
62567,0,0,0,0,0,0,0,0,1
62568,0,0,0,0,0,0,0,0,1
62569,0,0,0,0,0,0,0,0,1
62570,0,0,0,0,0,0,0,0,1
62571,0,0,0,0,0,0,0,0,1
62572,0,0,0,0,0,0,0,0,1
62573,0,0,0,0,0,0,0,0,1
62574,0,0,0,0,0,0,0,0,1
62575,0,0,0,0,0,0,0,0,1
62576,0,0,0,0,0,0,0,0,1
62577,0,0,0,0,0,0,0,0,1
62578,0,0,0,0,0,0,0,0,1
62579,0,0,0,0,0,0,0,0,1
62580,0,0,0,0,0,0,0,0,1
62581,0,0,0,0,0,0,0,0,1
62582,0,0,0,0,0,0,0,0,1
62583,0,0,0,0,0,0,0,0,1
62584,0,0,0,0,0,0,0,0,1
62585,0,0,0,0,0,0,0,0,1
62586,0,0,0,0,0,0,0,0,1
62587,0,0,0,0,0,0,0,0,1
62588,0,0,0,0,0,0,0,0,1
62589,0,0,0,0,0,0,0,0,1
62590,0,0,0,0,0,0,0,0,1
62591,0,0,0,0,0,0,0,0,1
62592,0,0,0,0,0,0,0,0,1
62593,0,0,0,0,0,0,0,0,1
62594,0,0,0,0,0,0,0,0,1
62595,0,0,0,0,0,0,0,0,1
62596,0,0,0,0,0,0,0,0,1
62597,0,0,0,0,0,0,0,0,1
62598,0,0,0,0,0,0,0,0,1
62599,0,0,0,0,0,0,0,0,1
62600,0,0,0,0,0,0,0,0,1
62601,0,0,0,0,0,0,0,0,1
62602,0,0,0,0,0,0,0,0,1
62603,0,0,0,0,0,0,0,0,1
62604,0,0,0,0,0,0,0,0,1
62605,0,0,0,0,0,0,0,0,1
62606,0,0,0,0,0,0,0,0,1
62607,0,0,0,0,0,0,0,0,1
62608,0,0,0,0,0,0,0,0,1
62609,0,0,0,0,0,0,0,0,1
62610,0,0,0,0,0,0,0,0,1
62611,0,0,0,0,0,0,0,0,1
62612,0,0,0,0,0,0,0,0,1
62613,0,0,0,0,0,0,0,0,1
62614,0,0,0,0,0,0,0,0,1
62615,0,0,0,0,0,0,0,0,1
62616,0,0,0,0,0,0,0,0,1
62617,0,0,0,0,0,0,0,0,1
62618,0,0,0,0,0,0,0,0,1
62619,0,0,0,0,0,0,0,0,1
62620,0,0,0,0,0,0,0,0,1
62621,0,0,0,0,0,0,0,0,1
62622,0,0,0,0,0,0,0,0,1
62623,0,0,0,0,0,0,0,0,1
62624,0,0,0,0,0,0,0,0,1
62625,0,0,0,0,0,0,0,0,1
62626,0,0,0,0,0,0,0,0,1
62627,0,0,0,0,0,0,0,0,1
62628,0,0,0,0,0,0,0,0,1
62629,0,0,0,0,0,0,0,0,1
62630,0,0,0,0,0,0,0,0,1
62631,0,0,0,0,0,0,0,0,1
62632,0,0,0,0,0,0,0,0,1
62633,0,0,0,0,0,0,0,0,1
62634,0,0,0,0,0,0,0,0,1
62635,0,0,0,0,0,0,0,0,1
62636,0,0,0,0,0,0,0,0,1
62637,0,0,0,0,0,0,0,0,1
62638,0,0,0,0,0,0,0,0,1
62639,0,0,0,0,0,0,0,0,1
62640,0,0,0,0,0,0,0,0,1
62641,0,0,0,0,0,0,0,0,1
62642,0,0,0,0,0,0,0,0,1
62643,0,0,0,0,0,0,0,0,1
62644,0,0,0,0,0,0,0,0,1
62645,0,0,0,0,0,0,0,0,1
62646,0,0,0,0,0,0,0,0,1
62647,0,0,0,0,0,0,0,0,1
62648,0,0,0,0,0,0,0,0,1
62649,0,0,0,0,0,0,0,0,1
62650,0,0,0,0,0,0,0,0,1
62651,0,0,0,0,0,0,0,0,1
62652,0,0,0,0,0,0,0,0,1
62653,0,0,0,0,0,0,0,0,1
62654,0,0,0,0,0,0,0,0,1
62655,0,0,0,0,0,0,0,0,1
62656,0,0,0,0,0,0,0,0,1
62657,0,0,0,0,0,0,0,0,1
62658,0,0,0,0,0,0,0,0,1
62659,0,0,0,0,0,0,0,0,1
62660,0,0,0,0,0,0,0,0,1
62661,0,0,0,0,0,0,0,0,1
62662,0,0,0,0,0,0,0,0,1
62663,0,0,0,0,0,0,0,0,1
62664,0,0,0,0,0,0,0,0,1
62665,0,0,0,0,0,0,0,0,1
62666,0,0,0,0,0,0,0,0,1
62667,0,0,0,0,0,0,0,0,1
62668,0,0,0,0,0,0,0,0,1
62669,0,0,0,0,0,0,0,0,1
62670,0,0,0,0,0,0,0,0,1
62671,0,0,0,0,0,0,0,0,1
62672,0,0,0,0,0,0,0,0,1
62673,0,0,0,0,0,0,0,0,1
62674,0,0,0,0,0,0,0,0,1
62675,0,0,0,0,0,0,0,0,1
62676,0,0,0,0,0,0,0,0,1
62677,0,0,0,0,0,0,0,0,1
62678,0,0,0,0,0,0,0,0,1
62679,0,0,0,0,0,0,0,0,1
62680,0,0,0,0,0,0,0,0,1
62681,0,0,0,0,0,0,0,0,1
62682,0,0,0,0,0,0,0,0,1
62683,0,0,0,0,0,0,0,0,1
62684,0,0,0,0,0,0,0,0,1
62685,0,0,0,0,0,0,0,0,1
62686,0,0,0,0,0,0,0,0,1
62687,0,0,0,0,0,0,0,0,1
62688,0,0,0,0,0,0,0,0,1
62689,0,0,0,0,0,0,0,0,1
62690,0,0,0,0,0,0,0,0,1
62691,0,0,0,0,0,0,0,0,1
62692,0,0,0,0,0,0,0,0,1
62693,0,0,0,0,0,0,0,0,1
62694,0,0,0,0,0,0,0,0,1
62695,0,0,0,0,0,0,0,0,1
62696,0,0,0,0,0,0,0,0,1
62697,0,0,0,0,0,0,0,0,1
62698,0,0,0,0,0,0,0,0,1
62699,0,0,0,0,0,0,0,0,1
62700,0,0,0,0,0,0,0,0,1
62701,0,0,0,0,0,0,0,0,1
62702,0,0,0,0,0,0,0,0,1
62703,0,0,0,0,0,0,0,0,1
62704,0,0,0,0,0,0,0,0,1
62705,0,0,0,0,0,0,0,0,1
62706,0,0,0,0,0,0,0,0,1
62707,0,0,0,0,0,0,0,0,1
62708,0,0,0,0,0,0,0,0,1
62709,0,0,0,0,0,0,0,0,1
62710,0,0,0,0,0,0,0,0,1
62711,0,0,0,0,0,0,0,0,1
62712,0,0,0,0,0,0,0,0,1
62713,0,0,0,0,0,0,0,0,1
62714,0,0,0,0,0,0,0,0,1
62715,0,0,0,0,0,0,0,0,1
62716,0,0,0,0,0,0,0,0,1
62717,0,0,0,0,0,0,0,0,1
62718,0,0,0,0,0,0,0,0,1
62719,0,0,0,0,0,0,0,0,1
62720,0,0,0,0,0,0,0,0,1
62721,0,0,0,0,0,0,0,0,1
62722,0,0,0,0,0,0,0,0,1
62723,0,0,0,0,0,0,0,0,1
62724,0,0,0,0,0,0,0,0,1
62725,0,0,0,0,0,0,0,0,1
62726,0,0,0,0,0,0,0,0,1
62727,0,0,0,0,0,0,0,0,1
62728,0,0,0,0,0,0,0,0,1
62729,0,0,0,0,0,0,0,0,1
62730,0,0,0,0,0,0,0,0,1
62731,0,0,0,0,0,0,0,0,1
62732,0,0,0,0,0,0,0,0,1
62733,0,0,0,0,0,0,0,0,1
62734,0,0,0,0,0,0,0,0,1
62735,0,0,0,0,0,0,0,0,1
62736,0,0,0,0,0,0,0,0,1
62737,0,0,0,0,0,0,0,0,1
62738,0,0,0,0,0,0,0,0,1
62739,0,0,0,0,0,0,0,0,1
62740,0,0,0,0,0,0,0,0,1
62741,0,0,0,0,0,0,0,0,1
62742,0,0,0,0,0,0,0,0,1
62743,0,0,0,0,0,0,0,0,1
62744,0,0,0,0,0,0,0,0,1
62745,0,0,0,0,0,0,0,0,1
62746,0,0,0,0,0,0,0,0,1
62747,0,0,0,0,0,0,0,0,1
62748,0,0,0,0,0,0,0,0,1
62749,0,0,0,0,0,0,0,0,1
62750,0,0,0,0,0,0,0,0,1
62751,0,0,0,0,0,0,0,0,1
62752,0,0,0,0,0,0,0,0,1
62753,0,0,0,0,0,0,0,0,1
62754,0,0,0,0,0,0,0,0,1
62755,0,0,0,0,0,0,0,0,1
62756,0,0,0,0,0,0,0,0,1
62757,0,0,0,0,0,0,0,0,1
62758,0,0,0,0,0,0,0,0,1
62759,0,0,0,0,0,0,0,0,1
62760,0,0,0,0,0,0,0,0,1
62761,0,0,0,0,0,0,0,0,1
62762,0,0,0,0,0,0,0,0,1
62763,0,0,0,0,0,0,0,0,1
62764,0,0,0,0,0,0,0,0,1
62765,0,0,0,0,0,0,0,0,1
62766,0,0,0,0,0,0,0,0,1
62767,0,0,0,0,0,0,0,0,1
62768,0,0,0,0,0,0,0,0,1
62769,0,0,0,0,0,0,0,0,1
62770,0,0,0,0,0,0,0,0,1
62771,0,0,0,0,0,0,0,0,1
62772,0,0,0,0,0,0,0,0,1
62773,0,0,0,0,0,0,0,0,1
62774,0,0,0,0,0,0,0,0,1
62775,0,0,0,0,0,0,0,0,1
62776,0,0,0,0,0,0,0,0,1
62777,0,0,0,0,0,0,0,0,1
62778,0,0,0,0,0,0,0,0,1
62779,0,0,0,0,0,0,0,0,1
62780,0,0,0,0,0,0,0,0,1
62781,0,0,0,0,0,0,0,0,1
62782,0,0,0,0,0,0,0,0,1
62783,0,0,0,0,0,0,0,0,1
62784,0,0,0,0,0,0,0,0,1
62785,0,0,0,0,0,0,0,0,1
62786,0,0,0,0,0,0,0,0,1
62787,0,0,0,0,0,0,0,0,1
62788,0,0,0,0,0,0,0,0,1
62789,0,0,0,0,0,0,0,0,1
62790,0,0,0,0,0,0,0,0,1
62791,0,0,0,0,0,0,0,0,1
62792,0,0,0,0,0,0,0,0,1
62793,0,0,0,0,0,0,0,0,1
62794,0,0,0,0,0,0,0,0,1
62795,0,0,0,0,0,0,0,0,1
62796,0,0,0,0,0,0,0,0,1
62797,0,0,0,0,0,0,0,0,1
62798,0,0,0,0,0,0,0,0,1
62799,0,0,0,0,0,0,0,0,1
62800,0,0,0,0,0,0,0,0,1
62801,0,0,0,0,0,0,0,0,1
62802,0,0,0,0,0,0,0,0,1
62803,0,0,0,0,0,0,0,0,1
62804,0,0,0,0,0,0,0,0,1
62805,0,0,0,0,0,0,0,0,1
62806,0,0,0,0,0,0,0,0,1
62807,0,0,0,0,0,0,0,0,1
62808,0,0,0,0,0,0,0,0,1
62809,0,0,0,0,0,0,0,0,1
62810,0,0,0,0,0,0,0,0,1
62811,0,0,0,0,0,0,0,0,1
62812,0,0,0,0,0,0,0,0,1
62813,0,0,0,0,0,0,0,0,1
62814,0,0,0,0,0,0,0,0,1
62815,0,0,0,0,0,0,0,0,1
62816,0,0,0,0,0,0,0,0,1
62817,0,0,0,0,0,0,0,0,1
62818,0,0,0,0,0,0,0,0,1
62819,0,0,0,0,0,0,0,0,1
62820,0,0,0,0,0,0,0,0,1
62821,0,0,0,0,0,0,0,0,1
62822,0,0,0,0,0,0,0,0,1
62823,0,0,0,0,0,0,0,0,1
62824,0,0,0,0,0,0,0,0,1
62825,0,0,0,0,0,0,0,0,1
62826,0,0,0,0,0,0,0,0,1
62827,0,0,0,0,0,0,0,0,1
62828,0,0,0,0,0,0,0,0,1
62829,0,0,0,0,0,0,0,0,1
62830,0,0,0,0,0,0,0,0,1
62831,0,0,0,0,0,0,0,0,1
62832,0,0,0,0,0,0,0,0,1
62833,0,0,0,0,0,0,0,0,1
62834,0,0,0,0,0,0,0,0,1
62835,0,0,0,0,0,0,0,0,1
62836,0,0,0,0,0,0,0,0,1
62837,0,0,0,0,0,0,0,0,1
62838,0,0,0,0,0,0,0,0,1
62839,0,0,0,0,0,0,0,0,1
62840,0,0,0,0,0,0,0,0,1
62841,0,0,0,0,0,0,0,0,1
62842,0,0,0,0,0,0,0,0,1
62843,0,0,0,0,0,0,0,0,1
62844,0,0,0,0,0,0,0,0,1
62845,0,0,0,0,0,0,0,0,1
62846,0,0,0,0,0,0,0,0,1
62847,0,0,0,0,0,0,0,0,1
62848,0,0,0,0,0,0,0,0,1
62849,0,0,0,0,0,0,0,0,1
62850,0,0,0,0,0,0,0,0,1
62851,0,0,0,0,0,0,0,0,1
62852,0,0,0,0,0,0,0,0,1
62853,0,0,0,0,0,0,0,0,1
62854,0,0,0,0,0,0,0,0,1
62855,0,0,0,0,0,0,0,0,1
62856,0,0,0,0,0,0,0,0,1
62857,0,0,0,0,0,0,0,0,1
62858,0,0,0,0,0,0,0,0,1
62859,0,0,0,0,0,0,0,0,1
62860,0,0,0,0,0,0,0,0,1
62861,0,0,0,0,0,0,0,0,1
62862,0,0,0,0,0,0,0,0,1
62863,0,0,0,0,0,0,0,0,1
62864,0,0,0,0,0,0,0,0,1
62865,0,0,0,0,0,0,0,0,1
62866,0,0,0,0,0,0,0,0,1
62867,0,0,0,0,0,0,0,0,1
62868,0,0,0,0,0,0,0,0,1
62869,0,0,0,0,0,0,0,0,1
62870,0,0,0,0,0,0,0,0,1
62871,0,0,0,0,0,0,0,0,1
62872,0,0,0,0,0,0,0,0,1
62873,0,0,0,0,0,0,0,0,1
62874,0,0,0,0,0,0,0,0,1
62875,0,0,0,0,0,0,0,0,1
62876,0,0,0,0,0,0,0,0,1
62877,0,0,0,0,0,0,0,0,1
62878,0,0,0,0,0,0,0,0,1
62879,0,0,0,0,0,0,0,0,1
62880,0,0,0,0,0,0,0,0,1
62881,0,0,0,0,0,0,0,0,1
62882,0,0,0,0,0,0,0,0,1
62883,0,0,0,0,0,0,0,0,1
62884,0,0,0,0,0,0,0,0,1
62885,0,0,0,0,0,0,0,0,1
62886,0,0,0,0,0,0,0,0,1
62887,0,0,0,0,0,0,0,0,1
62888,0,0,0,0,0,0,0,0,1
62889,0,0,0,0,0,0,0,0,1
62890,0,0,0,0,0,0,0,0,1
62891,0,0,0,0,0,0,0,0,1
62892,0,0,0,0,0,0,0,0,1
62893,0,0,0,0,0,0,0,0,1
62894,0,0,0,0,0,0,0,0,1
62895,0,0,0,0,0,0,0,0,1
62896,0,0,0,0,0,0,0,0,1
62897,0,0,0,0,0,0,0,0,1
62898,0,0,0,0,0,0,0,0,1
62899,0,0,0,0,0,0,0,0,1
62900,0,0,0,0,0,0,0,0,1
62901,0,0,0,0,0,0,0,0,1
62902,0,0,0,0,0,0,0,0,1
62903,0,0,0,0,0,0,0,0,1
62904,0,0,0,0,0,0,0,0,1
62905,0,0,0,0,0,0,0,0,1
62906,0,0,0,0,0,0,0,0,1
62907,0,0,0,0,0,0,0,0,1
62908,0,0,0,0,0,0,0,0,1
62909,0,0,0,0,0,0,0,0,1
62910,0,0,0,0,0,0,0,0,1
62911,0,0,0,0,0,0,0,0,1
62912,0,0,0,0,0,0,0,0,1
62913,0,0,0,0,0,0,0,0,1
62914,0,0,0,0,0,0,0,0,1
62915,0,0,0,0,0,0,0,0,1
62916,0,0,0,0,0,0,0,0,1
62917,0,0,0,0,0,0,0,0,1
62918,0,0,0,0,0,0,0,0,1
62919,0,0,0,0,0,0,0,0,1
62920,0,0,0,0,0,0,0,0,1
62921,0,0,0,0,0,0,0,0,1
62922,0,0,0,0,0,0,0,0,1
62923,0,0,0,0,0,0,0,0,1
62924,0,0,0,0,0,0,0,0,1
62925,0,0,0,0,0,0,0,0,1
62926,0,0,0,0,0,0,0,0,1
62927,0,0,0,0,0,0,0,0,1
62928,0,0,0,0,0,0,0,0,1
62929,0,0,0,0,0,0,0,0,1
62930,0,0,0,0,0,0,0,0,1
62931,0,0,0,0,0,0,0,0,1
62932,0,0,0,0,0,0,0,0,1
62933,0,0,0,0,0,0,0,0,1
62934,0,0,0,0,0,0,0,0,1
62935,0,0,0,0,0,0,0,0,1
62936,0,0,0,0,0,0,0,0,1
62937,0,0,0,0,0,0,0,0,1
62938,0,0,0,0,0,0,0,0,1
62939,0,0,0,0,0,0,0,0,1
62940,0,0,0,0,0,0,0,0,1
62941,0,0,0,0,0,0,0,0,1
62942,0,0,0,0,0,0,0,0,1
62943,0,0,0,0,0,0,0,0,1
62944,0,0,0,0,0,0,0,0,1
62945,0,0,0,0,0,0,0,0,1
62946,0,0,0,0,0,0,0,0,1
62947,0,0,0,0,0,0,0,0,1
62948,0,0,0,0,0,0,0,0,1
62949,0,0,0,0,0,0,0,0,1
62950,0,0,0,0,0,0,0,0,1
62951,0,0,0,0,0,0,0,0,1
62952,0,0,0,0,0,0,0,0,1
62953,0,0,0,0,0,0,0,0,1
62954,0,0,0,0,0,0,0,0,1
62955,0,0,0,0,0,0,0,0,1
62956,0,0,0,0,0,0,0,0,1
62957,0,0,0,0,0,0,0,0,1
62958,0,0,0,0,0,0,0,0,1
62959,0,0,0,0,0,0,0,0,1
62960,0,0,0,0,0,0,0,0,1
62961,0,0,0,0,0,0,0,0,1
62962,0,0,0,0,0,0,0,0,1
62963,0,0,0,0,0,0,0,0,1
62964,0,0,0,0,0,0,0,0,1
62965,0,0,0,0,0,0,0,0,1
62966,0,0,0,0,0,0,0,0,1
62967,0,0,0,0,0,0,0,0,1
62968,0,0,0,0,0,0,0,0,1
62969,0,0,0,0,0,0,0,0,1
62970,0,0,0,0,0,0,0,0,1
62971,0,0,0,0,0,0,0,0,1
62972,0,0,0,0,0,0,0,0,1
62973,0,0,0,0,0,0,0,0,1
62974,0,0,0,0,0,0,0,0,1
62975,0,0,0,0,0,0,0,0,1
62976,0,0,0,0,0,0,0,0,1
62977,0,0,0,0,0,0,0,0,1
62978,0,0,0,0,0,0,0,0,1
62979,0,0,0,0,0,0,0,0,1
62980,0,0,0,0,0,0,0,0,1
62981,0,0,0,0,0,0,0,0,1
62982,0,0,0,0,0,0,0,0,1
62983,0,0,0,0,0,0,0,0,1
62984,0,0,0,0,0,0,0,0,1
62985,0,0,0,0,0,0,0,0,1
62986,0,0,0,0,0,0,0,0,1
62987,0,0,0,0,0,0,0,0,1
62988,0,0,0,0,0,0,0,0,1
62989,0,0,0,0,0,0,0,0,1
62990,0,0,0,0,0,0,0,0,1
62991,0,0,0,0,0,0,0,0,1
62992,0,0,0,0,0,0,0,0,1
62993,0,0,0,0,0,0,0,0,1
62994,0,0,0,0,0,0,0,0,1
62995,0,0,0,0,0,0,0,0,1
62996,0,0,0,0,0,0,0,0,1
62997,0,0,0,0,0,0,0,0,1
62998,0,0,0,0,0,0,0,0,1
62999,0,0,0,0,0,0,0,0,1
63000,0,0,0,0,0,0,0,0,1
63001,0,0,0,0,0,0,0,0,1
63002,0,0,0,0,0,0,0,0,1
63003,0,0,0,0,0,0,0,0,1
63004,0,0,0,0,0,0,0,0,1
63005,0,0,0,0,0,0,0,0,1
63006,0,0,0,0,0,0,0,0,1
63007,0,0,0,0,0,0,0,0,1
63008,0,0,0,0,0,0,0,0,1
63009,0,0,0,0,0,0,0,0,1
63010,0,0,0,0,0,0,0,0,1
63011,0,0,0,0,0,0,0,0,1
63012,0,0,0,0,0,0,0,0,1
63013,0,0,0,0,0,0,0,0,1
63014,0,0,0,0,0,0,0,0,1
63015,0,0,0,0,0,0,0,0,1
63016,0,0,0,0,0,0,0,0,1
63017,0,0,0,0,0,0,0,0,1
63018,0,0,0,0,0,0,0,0,1
63019,0,0,0,0,0,0,0,0,1
63020,0,0,0,0,0,0,0,0,1
63021,0,0,0,0,0,0,0,0,1
63022,0,0,0,0,0,0,0,0,1
63023,0,0,0,0,0,0,0,0,1
63024,0,0,0,0,0,0,0,0,1
63025,0,0,0,0,0,0,0,0,1
63026,0,0,0,0,0,0,0,0,1
63027,0,0,0,0,0,0,0,0,1
63028,0,0,0,0,0,0,0,0,1
63029,0,0,0,0,0,0,0,0,1
63030,0,0,0,0,0,0,0,0,1
63031,0,0,0,0,0,0,0,0,1
63032,0,0,0,0,0,0,0,0,1
63033,0,0,0,0,0,0,0,0,1
63034,0,0,0,0,0,0,0,0,1
63035,0,0,0,0,0,0,0,0,1
63036,0,0,0,0,0,0,0,0,1
63037,0,0,0,0,0,0,0,0,1
63038,0,0,0,0,0,0,0,0,1
63039,0,0,0,0,0,0,0,0,1
63040,0,0,0,0,0,0,0,0,1
63041,0,0,0,0,0,0,0,0,1
63042,0,0,0,0,0,0,0,0,1
63043,0,0,0,0,0,0,0,0,1
63044,0,0,0,0,0,0,0,0,1
63045,0,0,0,0,0,0,0,0,1
63046,0,0,0,0,0,0,0,0,1
63047,0,0,0,0,0,0,0,0,1
63048,0,0,0,0,0,0,0,0,1
63049,0,0,0,0,0,0,0,0,1
63050,0,0,0,0,0,0,0,0,1
63051,0,0,0,0,0,0,0,0,1
63052,0,0,0,0,0,0,0,0,1
63053,0,0,0,0,0,0,0,0,1
63054,0,0,0,0,0,0,0,0,1
63055,0,0,0,0,0,0,0,0,1
63056,0,0,0,0,0,0,0,0,1
63057,0,0,0,0,0,0,0,0,1
63058,0,0,0,0,0,0,0,0,1
63059,0,0,0,0,0,0,0,0,1
63060,0,0,0,0,0,0,0,0,1
63061,0,0,0,0,0,0,0,0,1
63062,0,0,0,0,0,0,0,0,1
63063,0,0,0,0,0,0,0,0,1
63064,0,0,0,0,0,0,0,0,1
63065,0,0,0,0,0,0,0,0,1
63066,0,0,0,0,0,0,0,0,1
63067,0,0,0,0,0,0,0,0,1
63068,0,0,0,0,0,0,0,0,1
63069,0,0,0,0,0,0,0,0,1
63070,0,0,0,0,0,0,0,0,1
63071,0,0,0,0,0,0,0,0,1
63072,0,0,0,0,0,0,0,0,1
63073,0,0,0,0,0,0,0,0,1
63074,0,0,0,0,0,0,0,0,1
63075,0,0,0,0,0,0,0,0,1
63076,0,0,0,0,0,0,0,0,1
63077,0,0,0,0,0,0,0,0,1
63078,0,0,0,0,0,0,0,0,1
63079,0,0,0,0,0,0,0,0,1
63080,0,0,0,0,0,0,0,0,1
63081,0,0,0,0,0,0,0,0,1
63082,0,0,0,0,0,0,0,0,1
63083,0,0,0,0,0,0,0,0,1
63084,0,0,0,0,0,0,0,0,1
63085,0,0,0,0,0,0,0,0,1
63086,0,0,0,0,0,0,0,0,1
63087,0,0,0,0,0,0,0,0,1
63088,0,0,0,0,0,0,0,0,1
63089,0,0,0,0,0,0,0,0,1
63090,0,0,0,0,0,0,0,0,1
63091,0,0,0,0,0,0,0,0,1
63092,0,0,0,0,0,0,0,0,1
63093,0,0,0,0,0,0,0,0,1
63094,0,0,0,0,0,0,0,0,1
63095,0,0,0,0,0,0,0,0,1
63096,0,0,0,0,0,0,0,0,1
63097,0,0,0,0,0,0,0,0,1
63098,0,0,0,0,0,0,0,0,1
63099,0,0,0,0,0,0,0,0,1
63100,0,0,0,0,0,0,0,0,1
63101,0,0,0,0,0,0,0,0,1
63102,0,0,0,0,0,0,0,0,1
63103,0,0,0,0,0,0,0,0,1
63104,0,0,0,0,0,0,0,0,1
63105,0,0,0,0,0,0,0,0,1
63106,0,0,0,0,0,0,0,0,1
63107,0,0,0,0,0,0,0,0,1
63108,0,0,0,0,0,0,0,0,1
63109,0,0,0,0,0,0,0,0,1
63110,0,0,0,0,0,0,0,0,1
63111,0,0,0,0,0,0,0,0,1
63112,0,0,0,0,0,0,0,0,1
63113,0,0,0,0,0,0,0,0,1
63114,0,0,0,0,0,0,0,0,1
63115,0,0,0,0,0,0,0,0,1
63116,0,0,0,0,0,0,0,0,1
63117,0,0,0,0,0,0,0,0,1
63118,0,0,0,0,0,0,0,0,1
63119,0,0,0,0,0,0,0,0,1
63120,0,0,0,0,0,0,0,0,1
63121,0,0,0,0,0,0,0,0,1
63122,0,0,0,0,0,0,0,0,1
63123,0,0,0,0,0,0,0,0,1
63124,0,0,0,0,0,0,0,0,1
63125,0,0,0,0,0,0,0,0,1
63126,0,0,0,0,0,0,0,0,1
63127,0,0,0,0,0,0,0,0,1
63128,0,0,0,0,0,0,0,0,1
63129,0,0,0,0,0,0,0,0,1
63130,0,0,0,0,0,0,0,0,1
63131,0,0,0,0,0,0,0,0,1
63132,0,0,0,0,0,0,0,0,1
63133,0,0,0,0,0,0,0,0,1
63134,0,0,0,0,0,0,0,0,1
63135,0,0,0,0,0,0,0,0,1
63136,0,0,0,0,0,0,0,0,1
63137,0,0,0,0,0,0,0,0,1
63138,0,0,0,0,0,0,0,0,1
63139,0,0,0,0,0,0,0,0,1
63140,0,0,0,0,0,0,0,0,1
63141,0,0,0,0,0,0,0,0,1
63142,0,0,0,0,0,0,0,0,1
63143,0,0,0,0,0,0,0,0,1
63144,0,0,0,0,0,0,0,0,1
63145,0,0,0,0,0,0,0,0,1
63146,0,0,0,0,0,0,0,0,1
63147,0,0,0,0,0,0,0,0,1
63148,0,0,0,0,0,0,0,0,1
63149,0,0,0,0,0,0,0,0,1
63150,0,0,0,0,0,0,0,0,1
63151,0,0,0,0,0,0,0,0,1
63152,0,0,0,0,0,0,0,0,1
63153,0,0,0,0,0,0,0,0,1
63154,0,0,0,0,0,0,0,0,1
63155,0,0,0,0,0,0,0,0,1
63156,0,0,0,0,0,0,0,0,1
63157,0,0,0,0,0,0,0,0,1
63158,0,0,0,0,0,0,0,0,1
63159,0,0,0,0,0,0,0,0,1
63160,0,0,0,0,0,0,0,0,1
63161,0,0,0,0,0,0,0,0,1
63162,0,0,0,0,0,0,0,0,1
63163,0,0,0,0,0,0,0,0,1
63164,0,0,0,0,0,0,0,0,1
63165,0,0,0,0,0,0,0,0,1
63166,0,0,0,0,0,0,0,0,1
63167,0,0,0,0,0,0,0,0,1
63168,0,0,0,0,0,0,0,0,1
63169,0,0,0,0,0,0,0,0,1
63170,0,0,0,0,0,0,0,0,1
63171,0,0,0,0,0,0,0,0,1
63172,0,0,0,0,0,0,0,0,1
63173,0,0,0,0,0,0,0,0,1
63174,0,0,0,0,0,0,0,0,1
63175,0,0,0,0,0,0,0,0,1
63176,0,0,0,0,0,0,0,0,1
63177,0,0,0,0,0,0,0,0,1
63178,0,0,0,0,0,0,0,0,1
63179,0,0,0,0,0,0,0,0,1
63180,0,0,0,0,0,0,0,0,1
63181,0,0,0,0,0,0,0,0,1
63182,0,0,0,0,0,0,0,0,1
63183,0,0,0,0,0,0,0,0,1
63184,0,0,0,0,0,0,0,0,1
63185,0,0,0,0,0,0,0,0,1
63186,0,0,0,0,0,0,0,0,1
63187,0,0,0,0,0,0,0,0,1
63188,0,0,0,0,0,0,0,0,1
63189,0,0,0,0,0,0,0,0,1
63190,0,0,0,0,0,0,0,0,1
63191,0,0,0,0,0,0,0,0,1
63192,0,0,0,0,0,0,0,0,1
63193,0,0,0,0,0,0,0,0,1
63194,0,0,0,0,0,0,0,0,1
63195,0,0,0,0,0,0,0,0,1
63196,0,0,0,0,0,0,0,0,1
63197,0,0,0,0,0,0,0,0,1
63198,0,0,0,0,0,0,0,0,1
63199,0,0,0,0,0,0,0,0,1
63200,0,0,0,0,0,0,0,0,1
63201,0,0,0,0,0,0,0,0,1
63202,0,0,0,0,0,0,0,0,1
63203,0,0,0,0,0,0,0,0,1
63204,0,0,0,0,0,0,0,0,1
63205,0,0,0,0,0,0,0,0,1
63206,0,0,0,0,0,0,0,0,1
63207,0,0,0,0,0,0,0,0,1
63208,0,0,0,0,0,0,0,0,1
63209,0,0,0,0,0,0,0,0,1
63210,0,0,0,0,0,0,0,0,1
63211,0,0,0,0,0,0,0,0,1
63212,0,0,0,0,0,0,0,0,1
63213,0,0,0,0,0,0,0,0,1
63214,0,0,0,0,0,0,0,0,1
63215,0,0,0,0,0,0,0,0,1
63216,0,0,0,0,0,0,0,0,1
63217,0,0,0,0,0,0,0,0,1
63218,0,0,0,0,0,0,0,0,1
63219,0,0,0,0,0,0,0,0,1
63220,0,0,0,0,0,0,0,0,1
63221,0,0,0,0,0,0,0,0,1
63222,0,0,0,0,0,0,0,0,1
63223,0,0,0,0,0,0,0,0,1
63224,0,0,0,0,0,0,0,0,1
63225,0,0,0,0,0,0,0,0,1
63226,0,0,0,0,0,0,0,0,1
63227,0,0,0,0,0,0,0,0,1
63228,0,0,0,0,0,0,0,0,1
63229,0,0,0,0,0,0,0,0,1
63230,0,0,0,0,0,0,0,0,1
63231,0,0,0,0,0,0,0,0,1
63232,0,0,0,0,0,0,0,0,1
63233,0,0,0,0,0,0,0,0,1
63234,0,0,0,0,0,0,0,0,1
63235,0,0,0,0,0,0,0,0,1
63236,0,0,0,0,0,0,0,0,1
63237,0,0,0,0,0,0,0,0,1
63238,0,0,0,0,0,0,0,0,1
63239,0,0,0,0,0,0,0,0,1
63240,0,0,0,0,0,0,0,0,1
63241,0,0,0,0,0,0,0,0,1
63242,0,0,0,0,0,0,0,0,1
63243,0,0,0,0,0,0,0,0,1
63244,0,0,0,0,0,0,0,0,1
63245,0,0,0,0,0,0,0,0,1
63246,0,0,0,0,0,0,0,0,1
63247,0,0,0,0,0,0,0,0,1
63248,0,0,0,0,0,0,0,0,1
63249,0,0,0,0,0,0,0,0,1
63250,0,0,0,0,0,0,0,0,1
63251,0,0,0,0,0,0,0,0,1
63252,0,0,0,0,0,0,0,0,1
63253,0,0,0,0,0,0,0,0,1
63254,0,0,0,0,0,0,0,0,1
63255,0,0,0,0,0,0,0,0,1
63256,0,0,0,0,0,0,0,0,1
63257,0,0,0,0,0,0,0,0,1
63258,0,0,0,0,0,0,0,0,1
63259,0,0,0,0,0,0,0,0,1
63260,0,0,0,0,0,0,0,0,1
63261,0,0,0,0,0,0,0,0,1
63262,0,0,0,0,0,0,0,0,1
63263,0,0,0,0,0,0,0,0,1
63264,0,0,0,0,0,0,0,0,1
63265,0,0,0,0,0,0,0,0,1
63266,0,0,0,0,0,0,0,0,1
63267,0,0,0,0,0,0,0,0,1
63268,0,0,0,0,0,0,0,0,1
63269,0,0,0,0,0,0,0,0,1
63270,0,0,0,0,0,0,0,0,1
63271,0,0,0,0,0,0,0,0,1
63272,0,0,0,0,0,0,0,0,1
63273,0,0,0,0,0,0,0,0,1
63274,0,0,0,0,0,0,0,0,1
63275,0,0,0,0,0,0,0,0,1
63276,0,0,0,0,0,0,0,0,1
63277,0,0,0,0,0,0,0,0,1
63278,0,0,0,0,0,0,0,0,1
63279,0,0,0,0,0,0,0,0,1
63280,0,0,0,0,0,0,0,0,1
63281,0,0,0,0,0,0,0,0,1
63282,0,0,0,0,0,0,0,0,1
63283,0,0,0,0,0,0,0,0,1
63284,0,0,0,0,0,0,0,0,1
63285,0,0,0,0,0,0,0,0,1
63286,0,0,0,0,0,0,0,0,1
63287,0,0,0,0,0,0,0,0,1
63288,0,0,0,0,0,0,0,0,1
63289,0,0,0,0,0,0,0,0,1
63290,0,0,0,0,0,0,0,0,1
63291,0,0,0,0,0,0,0,0,1
63292,0,0,0,0,0,0,0,0,1
63293,0,0,0,0,0,0,0,0,1
63294,0,0,0,0,0,0,0,0,1
63295,0,0,0,0,0,0,0,0,1
63296,0,0,0,0,0,0,0,0,1
63297,0,0,0,0,0,0,0,0,1
63298,0,0,0,0,0,0,0,0,1
63299,0,0,0,0,0,0,0,0,1
63300,0,0,0,0,0,0,0,0,1
63301,0,0,0,0,0,0,0,0,1
63302,0,0,0,0,0,0,0,0,1
63303,0,0,0,0,0,0,0,0,1
63304,0,0,0,0,0,0,0,0,1
63305,0,0,0,0,0,0,0,0,1
63306,0,0,0,0,0,0,0,0,1
63307,0,0,0,0,0,0,0,0,1
63308,0,0,0,0,0,0,0,0,1
63309,0,0,0,0,0,0,0,0,1
63310,0,0,0,0,0,0,0,0,1
63311,0,0,0,0,0,0,0,0,1
63312,0,0,0,0,0,0,0,0,1
63313,0,0,0,0,0,0,0,0,1
63314,0,0,0,0,0,0,0,0,1
63315,0,0,0,0,0,0,0,0,1
63316,0,0,0,0,0,0,0,0,1
63317,0,0,0,0,0,0,0,0,1
63318,0,0,0,0,0,0,0,0,1
63319,0,0,0,0,0,0,0,0,1
63320,0,0,0,0,0,0,0,0,1
63321,0,0,0,0,0,0,0,0,1
63322,0,0,0,0,0,0,0,0,1
63323,0,0,0,0,0,0,0,0,1
63324,0,0,0,0,0,0,0,0,1
63325,0,0,0,0,0,0,0,0,1
63326,0,0,0,0,0,0,0,0,1
63327,0,0,0,0,0,0,0,0,1
63328,0,0,0,0,0,0,0,0,1
63329,0,0,0,0,0,0,0,0,1
63330,0,0,0,0,0,0,0,0,1
63331,0,0,0,0,0,0,0,0,1
63332,0,0,0,0,0,0,0,0,1
63333,0,0,0,0,0,0,0,0,1
63334,0,0,0,0,0,0,0,0,1
63335,0,0,0,0,0,0,0,0,1
63336,0,0,0,0,0,0,0,0,1
63337,0,0,0,0,0,0,0,0,1
63338,0,0,0,0,0,0,0,0,1
63339,0,0,0,0,0,0,0,0,1
63340,0,0,0,0,0,0,0,0,1
63341,0,0,0,0,0,0,0,0,1
63342,0,0,0,0,0,0,0,0,1
63343,0,0,0,0,0,0,0,0,1
63344,0,0,0,0,0,0,0,0,1
63345,0,0,0,0,0,0,0,0,1
63346,0,0,0,0,0,0,0,0,1
63347,0,0,0,0,0,0,0,0,1
63348,0,0,0,0,0,0,0,0,1
63349,0,0,0,0,0,0,0,0,1
63350,0,0,0,0,0,0,0,0,1
63351,0,0,0,0,0,0,0,0,1
63352,0,0,0,0,0,0,0,0,1
63353,0,0,0,0,0,0,0,0,1
63354,0,0,0,0,0,0,0,0,1
63355,0,0,0,0,0,0,0,0,1
63356,0,0,0,0,0,0,0,0,1
63357,0,0,0,0,0,0,0,0,1
63358,0,0,0,0,0,0,0,0,1
63359,0,0,0,0,0,0,0,0,1
63360,0,0,0,0,0,0,0,0,1
63361,0,0,0,0,0,0,0,0,1
63362,0,0,0,0,0,0,0,0,1
63363,0,0,0,0,0,0,0,0,1
63364,0,0,0,0,0,0,0,0,1
63365,0,0,0,0,0,0,0,0,1
63366,0,0,0,0,0,0,0,0,1
63367,0,0,0,0,0,0,0,0,1
63368,0,0,0,0,0,0,0,0,1
63369,0,0,0,0,0,0,0,0,1
63370,0,0,0,0,0,0,0,0,1
63371,0,0,0,0,0,0,0,0,1
63372,0,0,0,0,0,0,0,0,1
63373,0,0,0,0,0,0,0,0,1
63374,0,0,0,0,0,0,0,0,1
63375,0,0,0,0,0,0,0,0,1
63376,0,0,0,0,0,0,0,0,1
63377,0,0,0,0,0,0,0,0,1
63378,0,0,0,0,0,0,0,0,1
63379,0,0,0,0,0,0,0,0,1
63380,0,0,0,0,0,0,0,0,1
63381,0,0,0,0,0,0,0,0,1
63382,0,0,0,0,0,0,0,0,1
63383,0,0,0,0,0,0,0,0,1
63384,0,0,0,0,0,0,0,0,1
63385,0,0,0,0,0,0,0,0,1
63386,0,0,0,0,0,0,0,0,1
63387,0,0,0,0,0,0,0,0,1
63388,0,0,0,0,0,0,0,0,1
63389,0,0,0,0,0,0,0,0,1
63390,0,0,0,0,0,0,0,0,1
63391,0,0,0,0,0,0,0,0,1
63392,0,0,0,0,0,0,0,0,1
63393,0,0,0,0,0,0,0,0,1
63394,0,0,0,0,0,0,0,0,1
63395,0,0,0,0,0,0,0,0,1
63396,0,0,0,0,0,0,0,0,1
63397,0,0,0,0,0,0,0,0,1
63398,0,0,0,0,0,0,0,0,1
63399,0,0,0,0,0,0,0,0,1
63400,0,0,0,0,0,0,0,0,1
63401,0,0,0,0,0,0,0,0,1
63402,0,0,0,0,0,0,0,0,1
63403,0,0,0,0,0,0,0,0,1
63404,0,0,0,0,0,0,0,0,1
63405,0,0,0,0,0,0,0,0,1
63406,0,0,0,0,0,0,0,0,1
63407,0,0,0,0,0,0,0,0,1
63408,0,0,0,0,0,0,0,0,1
63409,0,0,0,0,0,0,0,0,1
63410,0,0,0,0,0,0,0,0,1
63411,0,0,0,0,0,0,0,0,1
63412,0,0,0,0,0,0,0,0,1
63413,0,0,0,0,0,0,0,0,1
63414,0,0,0,0,0,0,0,0,1
63415,0,0,0,0,0,0,0,0,1
63416,0,0,0,0,0,0,0,0,1
63417,0,0,0,0,0,0,0,0,1
63418,0,0,0,0,0,0,0,0,1
63419,0,0,0,0,0,0,0,0,1
63420,0,0,0,0,0,0,0,0,1
63421,0,0,0,0,0,0,0,0,1
63422,0,0,0,0,0,0,0,0,1
63423,0,0,0,0,0,0,0,0,1
63424,0,0,0,0,0,0,0,0,1
63425,0,0,0,0,0,0,0,0,1
63426,0,0,0,0,0,0,0,0,1
63427,0,0,0,0,0,0,0,0,1
63428,0,0,0,0,0,0,0,0,1
63429,0,0,0,0,0,0,0,0,1
63430,0,0,0,0,0,0,0,0,1
63431,0,0,0,0,0,0,0,0,1
63432,0,0,0,0,0,0,0,0,1
63433,0,0,0,0,0,0,0,0,1
63434,0,0,0,0,0,0,0,0,1
63435,0,0,0,0,0,0,0,0,1
63436,0,0,0,0,0,0,0,0,1
63437,0,0,0,0,0,0,0,0,1
63438,0,0,0,0,0,0,0,0,1
63439,0,0,0,0,0,0,0,0,1
63440,0,0,0,0,0,0,0,0,1
63441,0,0,0,0,0,0,0,0,1
63442,0,0,0,0,0,0,0,0,1
63443,0,0,0,0,0,0,0,0,1
63444,0,0,0,0,0,0,0,0,1
63445,0,0,0,0,0,0,0,0,1
63446,0,0,0,0,0,0,0,0,1
63447,0,0,0,0,0,0,0,0,1
63448,0,0,0,0,0,0,0,0,1
63449,0,0,0,0,0,0,0,0,1
63450,0,0,0,0,0,0,0,0,1
63451,0,0,0,0,0,0,0,0,1
63452,0,0,0,0,0,0,0,0,1
63453,0,0,0,0,0,0,0,0,1
63454,0,0,0,0,0,0,0,0,1
63455,0,0,0,0,0,0,0,0,1
63456,0,0,0,0,0,0,0,0,1
63457,0,0,0,0,0,0,0,0,1
63458,0,0,0,0,0,0,0,0,1
63459,0,0,0,0,0,0,0,0,1
63460,0,0,0,0,0,0,0,0,1
63461,0,0,0,0,0,0,0,0,1
63462,0,0,0,0,0,0,0,0,1
63463,0,0,0,0,0,0,0,0,1
63464,0,0,0,0,0,0,0,0,1
63465,0,0,0,0,0,0,0,0,1
63466,0,0,0,0,0,0,0,0,1
63467,0,0,0,0,0,0,0,0,1
63468,0,0,0,0,0,0,0,0,1
63469,0,0,0,0,0,0,0,0,1
63470,0,0,0,0,0,0,0,0,1
63471,0,0,0,0,0,0,0,0,1
63472,0,0,0,0,0,0,0,0,1
63473,0,0,0,0,0,0,0,0,1
63474,0,0,0,0,0,0,0,0,1
63475,0,0,0,0,0,0,0,0,1
63476,0,0,0,0,0,0,0,0,1
63477,0,0,0,0,0,0,0,0,1
63478,0,0,0,0,0,0,0,0,1
63479,0,0,0,0,0,0,0,0,1
63480,0,0,0,0,0,0,0,0,1
63481,0,0,0,0,0,0,0,0,1
63482,0,0,0,0,0,0,0,0,1
63483,0,0,0,0,0,0,0,0,1
63484,0,0,0,0,0,0,0,0,1
63485,0,0,0,0,0,0,0,0,1
63486,0,0,0,0,0,0,0,0,1
63487,0,0,0,0,0,0,0,0,1
63488,0,0,0,0,0,0,0,0,1
63489,0,0,0,0,0,0,0,0,1
63490,0,0,0,0,0,0,0,0,1
63491,0,0,0,0,0,0,0,0,1
63492,0,0,0,0,0,0,0,0,1
63493,0,0,0,0,0,0,0,0,1
63494,0,0,0,0,0,0,0,0,1
63495,0,0,0,0,0,0,0,0,1
63496,0,0,0,0,0,0,0,0,1
63497,0,0,0,0,0,0,0,0,1
63498,0,0,0,0,0,0,0,0,1
63499,0,0,0,0,0,0,0,0,1
63500,0,0,0,0,0,0,0,0,1
63501,0,0,0,0,0,0,0,0,1
63502,0,0,0,0,0,0,0,0,1
63503,0,0,0,0,0,0,0,0,1
63504,0,0,0,0,0,0,0,0,1
63505,0,0,0,0,0,0,0,0,1
63506,0,0,0,0,0,0,0,0,1
63507,0,0,0,0,0,0,0,0,1
63508,0,0,0,0,0,0,0,0,1
63509,0,0,0,0,0,0,0,0,1
63510,0,0,0,0,0,0,0,0,1
63511,0,0,0,0,0,0,0,0,1
63512,0,0,0,0,0,0,0,0,1
63513,0,0,0,0,0,0,0,0,1
63514,0,0,0,0,0,0,0,0,1
63515,0,0,0,0,0,0,0,0,1
63516,0,0,0,0,0,0,0,0,1
63517,0,0,0,0,0,0,0,0,1
63518,0,0,0,0,0,0,0,0,1
63519,0,0,0,0,0,0,0,0,1
63520,0,0,0,0,0,0,0,0,1
63521,0,0,0,0,0,0,0,0,1
63522,0,0,0,0,0,0,0,0,1
63523,0,0,0,0,0,0,0,0,1
63524,0,0,0,0,0,0,0,0,1
63525,0,0,0,0,0,0,0,0,1
63526,0,0,0,0,0,0,0,0,1
63527,0,0,0,0,0,0,0,0,1
63528,0,0,0,0,0,0,0,0,1
63529,0,0,0,0,0,0,0,0,1
63530,0,0,0,0,0,0,0,0,1
63531,0,0,0,0,0,0,0,0,1
63532,0,0,0,0,0,0,0,0,1
63533,0,0,0,0,0,0,0,0,1
63534,0,0,0,0,0,0,0,0,1
63535,0,0,0,0,0,0,0,0,1
63536,0,0,0,0,0,0,0,0,1
63537,0,0,0,0,0,0,0,0,1
63538,0,0,0,0,0,0,0,0,1
63539,0,0,0,0,0,0,0,0,1
63540,0,0,0,0,0,0,0,0,1
63541,0,0,0,0,0,0,0,0,1
63542,0,0,0,0,0,0,0,0,1
63543,0,0,0,0,0,0,0,0,1
63544,0,0,0,0,0,0,0,0,1
63545,0,0,0,0,0,0,0,0,1
63546,0,0,0,0,0,0,0,0,1
63547,0,0,0,0,0,0,0,0,1
63548,0,0,0,0,0,0,0,0,1
63549,0,0,0,0,0,0,0,0,1
63550,0,0,0,0,0,0,0,0,1
63551,0,0,0,0,0,0,0,0,1
63552,0,0,0,0,0,0,0,0,1
63553,0,0,0,0,0,0,0,0,1
63554,0,0,0,0,0,0,0,0,1
63555,0,0,0,0,0,0,0,0,1
63556,0,0,0,0,0,0,0,0,1
63557,0,0,0,0,0,0,0,0,1
63558,0,0,0,0,0,0,0,0,1
63559,0,0,0,0,0,0,0,0,1
63560,0,0,0,0,0,0,0,0,1
63561,0,0,0,0,0,0,0,0,1
63562,0,0,0,0,0,0,0,0,1
63563,0,0,0,0,0,0,0,0,1
63564,0,0,0,0,0,0,0,0,1
63565,0,0,0,0,0,0,0,0,1
63566,0,0,0,0,0,0,0,0,1
63567,0,0,0,0,0,0,0,0,1
63568,0,0,0,0,0,0,0,0,1
63569,0,0,0,0,0,0,0,0,1
63570,0,0,0,0,0,0,0,0,1
63571,0,0,0,0,0,0,0,0,1
63572,0,0,0,0,0,0,0,0,1
63573,0,0,0,0,0,0,0,0,1
63574,0,0,0,0,0,0,0,0,1
63575,0,0,0,0,0,0,0,0,1
63576,0,0,0,0,0,0,0,0,1
63577,0,0,0,0,0,0,0,0,1
63578,0,0,0,0,0,0,0,0,1
63579,0,0,0,0,0,0,0,0,1
63580,0,0,0,0,0,0,0,0,1
63581,0,0,0,0,0,0,0,0,1
63582,0,0,0,0,0,0,0,0,1
63583,0,0,0,0,0,0,0,0,1
63584,0,0,0,0,0,0,0,0,1
63585,0,0,0,0,0,0,0,0,1
63586,0,0,0,0,0,0,0,0,1
63587,0,0,0,0,0,0,0,0,1
63588,0,0,0,0,0,0,0,0,1
63589,0,0,0,0,0,0,0,0,1
63590,0,0,0,0,0,0,0,0,1
63591,0,0,0,0,0,0,0,0,1
63592,0,0,0,0,0,0,0,0,1
63593,0,0,0,0,0,0,0,0,1
63594,0,0,0,0,0,0,0,0,1
63595,0,0,0,0,0,0,0,0,1
63596,0,0,0,0,0,0,0,0,1
63597,0,0,0,0,0,0,0,0,1
63598,0,0,0,0,0,0,0,0,1
63599,0,0,0,0,0,0,0,0,1
63600,0,0,0,0,0,0,0,0,1
63601,0,0,0,0,0,0,0,0,1
63602,0,0,0,0,0,0,0,0,1
63603,0,0,0,0,0,0,0,0,1
63604,0,0,0,0,0,0,0,0,1
63605,0,0,0,0,0,0,0,0,1
63606,0,0,0,0,0,0,0,0,1
63607,0,0,0,0,0,0,0,0,1
63608,0,0,0,0,0,0,0,0,1
63609,0,0,0,0,0,0,0,0,1
63610,0,0,0,0,0,0,0,0,1
63611,0,0,0,0,0,0,0,0,1
63612,0,0,0,0,0,0,0,0,1
63613,0,0,0,0,0,0,0,0,1
63614,0,0,0,0,0,0,0,0,1
63615,0,0,0,0,0,0,0,0,1
63616,0,0,0,0,0,0,0,0,1
63617,0,0,0,0,0,0,0,0,1
63618,0,0,0,0,0,0,0,0,1
63619,0,0,0,0,0,0,0,0,1
63620,0,0,0,0,0,0,0,0,1
63621,0,0,0,0,0,0,0,0,1
63622,0,0,0,0,0,0,0,0,1
63623,0,0,0,0,0,0,0,0,1
63624,0,0,0,0,0,0,0,0,1
63625,0,0,0,0,0,0,0,0,1
63626,0,0,0,0,0,0,0,0,1
63627,0,0,0,0,0,0,0,0,1
63628,0,0,0,0,0,0,0,0,1
63629,0,0,0,0,0,0,0,0,1
63630,0,0,0,0,0,0,0,0,1
63631,0,0,0,0,0,0,0,0,1
63632,0,0,0,0,0,0,0,0,1
63633,0,0,0,0,0,0,0,0,1
63634,0,0,0,0,0,0,0,0,1
63635,0,0,0,0,0,0,0,0,1
63636,0,0,0,0,0,0,0,0,1
63637,0,0,0,0,0,0,0,0,1
63638,0,0,0,0,0,0,0,0,1
63639,0,0,0,0,0,0,0,0,1
63640,0,0,0,0,0,0,0,0,1
63641,0,0,0,0,0,0,0,0,1
63642,0,0,0,0,0,0,0,0,1
63643,0,0,0,0,0,0,0,0,1
63644,0,0,0,0,0,0,0,0,1
63645,0,0,0,0,0,0,0,0,1
63646,0,0,0,0,0,0,0,0,1
63647,0,0,0,0,0,0,0,0,1
63648,0,0,0,0,0,0,0,0,1
63649,0,0,0,0,0,0,0,0,1
63650,0,0,0,0,0,0,0,0,1
63651,0,0,0,0,0,0,0,0,1
63652,0,0,0,0,0,0,0,0,1
63653,0,0,0,0,0,0,0,0,1
63654,0,0,0,0,0,0,0,0,1
63655,0,0,0,0,0,0,0,0,1
63656,0,0,0,0,0,0,0,0,1
63657,0,0,0,0,0,0,0,0,1
63658,0,0,0,0,0,0,0,0,1
63659,0,0,0,0,0,0,0,0,1
63660,0,0,0,0,0,0,0,0,1
63661,0,0,0,0,0,0,0,0,1
63662,0,0,0,0,0,0,0,0,1
63663,0,0,0,0,0,0,0,0,1
63664,0,0,0,0,0,0,0,0,1
63665,0,0,0,0,0,0,0,0,1
63666,0,0,0,0,0,0,0,0,1
63667,0,0,0,0,0,0,0,0,1
63668,0,0,0,0,0,0,0,0,1
63669,0,0,0,0,0,0,0,0,1
63670,0,0,0,0,0,0,0,0,1
63671,0,0,0,0,0,0,0,0,1
63672,0,0,0,0,0,0,0,0,1
63673,0,0,0,0,0,0,0,0,1
63674,0,0,0,0,0,0,0,0,1
63675,0,0,0,0,0,0,0,0,1
63676,0,0,0,0,0,0,0,0,1
63677,0,0,0,0,0,0,0,0,1
63678,0,0,0,0,0,0,0,0,1
63679,0,0,0,0,0,0,0,0,1
63680,0,0,0,0,0,0,0,0,1
63681,0,0,0,0,0,0,0,0,1
63682,0,0,0,0,0,0,0,0,1
63683,0,0,0,0,0,0,0,0,1
63684,0,0,0,0,0,0,0,0,1
63685,0,0,0,0,0,0,0,0,1
63686,0,0,0,0,0,0,0,0,1
63687,0,0,0,0,0,0,0,0,1
63688,0,0,0,0,0,0,0,0,1
63689,0,0,0,0,0,0,0,0,1
63690,0,0,0,0,0,0,0,0,1
63691,0,0,0,0,0,0,0,0,1
63692,0,0,0,0,0,0,0,0,1
63693,0,0,0,0,0,0,0,0,1
63694,0,0,0,0,0,0,0,0,1
63695,0,0,0,0,0,0,0,0,1
63696,0,0,0,0,0,0,0,0,1
63697,0,0,0,0,0,0,0,0,1
63698,0,0,0,0,0,0,0,0,1
63699,0,0,0,0,0,0,0,0,1
63700,0,0,0,0,0,0,0,0,1
63701,0,0,0,0,0,0,0,0,1
63702,0,0,0,0,0,0,0,0,1
63703,0,0,0,0,0,0,0,0,1
63704,0,0,0,0,0,0,0,0,1
63705,0,0,0,0,0,0,0,0,1
63706,0,0,0,0,0,0,0,0,1
63707,0,0,0,0,0,0,0,0,1
63708,0,0,0,0,0,0,0,0,1
63709,0,0,0,0,0,0,0,0,1
63710,0,0,0,0,0,0,0,0,1
63711,0,0,0,0,0,0,0,0,1
63712,0,0,0,0,0,0,0,0,1
63713,0,0,0,0,0,0,0,0,1
63714,0,0,0,0,0,0,0,0,1
63715,0,0,0,0,0,0,0,0,1
63716,0,0,0,0,0,0,0,0,1
63717,0,0,0,0,0,0,0,0,1
63718,0,0,0,0,0,0,0,0,1
63719,0,0,0,0,0,0,0,0,1
63720,0,0,0,0,0,0,0,0,1
63721,0,0,0,0,0,0,0,0,1
63722,0,0,0,0,0,0,0,0,1
63723,0,0,0,0,0,0,0,0,1
63724,0,0,0,0,0,0,0,0,1
63725,0,0,0,0,0,0,0,0,1
63726,0,0,0,0,0,0,0,0,1
63727,0,0,0,0,0,0,0,0,1
63728,0,0,0,0,0,0,0,0,1
63729,0,0,0,0,0,0,0,0,1
63730,0,0,0,0,0,0,0,0,1
63731,0,0,0,0,0,0,0,0,1
63732,0,0,0,0,0,0,0,0,1
63733,0,0,0,0,0,0,0,0,1
63734,0,0,0,0,0,0,0,0,1
63735,0,0,0,0,0,0,0,0,1
63736,0,0,0,0,0,0,0,0,1
63737,0,0,0,0,0,0,0,0,1
63738,0,0,0,0,0,0,0,0,1
63739,0,0,0,0,0,0,0,0,1
63740,0,0,0,0,0,0,0,0,1
63741,0,0,0,0,0,0,0,0,1
63742,0,0,0,0,0,0,0,0,1
63743,0,0,0,0,0,0,0,0,1
63744,0,0,0,0,0,0,0,0,1
63745,0,0,0,0,0,0,0,0,1
63746,0,0,0,0,0,0,0,0,1
63747,0,0,0,0,0,0,0,0,1
63748,0,0,0,0,0,0,0,0,1
63749,0,0,0,0,0,0,0,0,1
63750,0,0,0,0,0,0,0,0,1
63751,0,0,0,0,0,0,0,0,1
63752,0,0,0,0,0,0,0,0,1
63753,0,0,0,0,0,0,0,0,1
63754,0,0,0,0,0,0,0,0,1
63755,0,0,0,0,0,0,0,0,1
63756,0,0,0,0,0,0,0,0,1
63757,0,0,0,0,0,0,0,0,1
63758,0,0,0,0,0,0,0,0,1
63759,0,0,0,0,0,0,0,0,1
63760,0,0,0,0,0,0,0,0,1
63761,0,0,0,0,0,0,0,0,1
63762,0,0,0,0,0,0,0,0,1
63763,0,0,0,0,0,0,0,0,1
63764,0,0,0,0,0,0,0,0,1
63765,0,0,0,0,0,0,0,0,1
63766,0,0,0,0,0,0,0,0,1
63767,0,0,0,0,0,0,0,0,1
63768,0,0,0,0,0,0,0,0,1
63769,0,0,0,0,0,0,0,0,1
63770,0,0,0,0,0,0,0,0,1
63771,0,0,0,0,0,0,0,0,1
63772,0,0,0,0,0,0,0,0,1
63773,0,0,0,0,0,0,0,0,1
63774,0,0,0,0,0,0,0,0,1
63775,0,0,0,0,0,0,0,0,1
63776,0,0,0,0,0,0,0,0,1
63777,0,0,0,0,0,0,0,0,1
63778,0,0,0,0,0,0,0,0,1
63779,0,0,0,0,0,0,0,0,1
63780,0,0,0,0,0,0,0,0,1
63781,0,0,0,0,0,0,0,0,1
63782,0,0,0,0,0,0,0,0,1
63783,0,0,0,0,0,0,0,0,1
63784,0,0,0,0,0,0,0,0,1
63785,0,0,0,0,0,0,0,0,1
63786,0,0,0,0,0,0,0,0,1
63787,0,0,0,0,0,0,0,0,1
63788,0,0,0,0,0,0,0,0,1
63789,0,0,0,0,0,0,0,0,1
63790,0,0,0,0,0,0,0,0,1
63791,0,0,0,0,0,0,0,0,1
63792,0,0,0,0,0,0,0,0,1
63793,0,0,0,0,0,0,0,0,1
63794,0,0,0,0,0,0,0,0,1
63795,0,0,0,0,0,0,0,0,1
63796,0,0,0,0,0,0,0,0,1
63797,0,0,0,0,0,0,0,0,1
63798,0,0,0,0,0,0,0,0,1
63799,0,0,0,0,0,0,0,0,1
63800,0,0,0,0,0,0,0,0,1
63801,0,0,0,0,0,0,0,0,1
63802,0,0,0,0,0,0,0,0,1
63803,0,0,0,0,0,0,0,0,1
63804,0,0,0,0,0,0,0,0,1
63805,0,0,0,0,0,0,0,0,1
63806,0,0,0,0,0,0,0,0,1
63807,0,0,0,0,0,0,0,0,1
63808,0,0,0,0,0,0,0,0,1
63809,0,0,0,0,0,0,0,0,1
63810,0,0,0,0,0,0,0,0,1
63811,0,0,0,0,0,0,0,0,1
63812,0,0,0,0,0,0,0,0,1
63813,0,0,0,0,0,0,0,0,1
63814,0,0,0,0,0,0,0,0,1
63815,0,0,0,0,0,0,0,0,1
63816,0,0,0,0,0,0,0,0,1
63817,0,0,0,0,0,0,0,0,1
63818,0,0,0,0,0,0,0,0,1
63819,0,0,0,0,0,0,0,0,1
63820,0,0,0,0,0,0,0,0,1
63821,0,0,0,0,0,0,0,0,1
63822,0,0,0,0,0,0,0,0,1
63823,0,0,0,0,0,0,0,0,1
63824,0,0,0,0,0,0,0,0,1
63825,0,0,0,0,0,0,0,0,1
63826,0,0,0,0,0,0,0,0,1
63827,0,0,0,0,0,0,0,0,1
63828,0,0,0,0,0,0,0,0,1
63829,0,0,0,0,0,0,0,0,1
63830,0,0,0,0,0,0,0,0,1
63831,0,0,0,0,0,0,0,0,1
63832,0,0,0,0,0,0,0,0,1
63833,0,0,0,0,0,0,0,0,1
63834,0,0,0,0,0,0,0,0,1
63835,0,0,0,0,0,0,0,0,1
63836,0,0,0,0,0,0,0,0,1
63837,0,0,0,0,0,0,0,0,1
63838,0,0,0,0,0,0,0,0,1
63839,0,0,0,0,0,0,0,0,1
63840,0,0,0,0,0,0,0,0,1
63841,0,0,0,0,0,0,0,0,1
63842,0,0,0,0,0,0,0,0,1
63843,0,0,0,0,0,0,0,0,1
63844,0,0,0,0,0,0,0,0,1
63845,0,0,0,0,0,0,0,0,1
63846,0,0,0,0,0,0,0,0,1
63847,0,0,0,0,0,0,0,0,1
63848,0,0,0,0,0,0,0,0,1
63849,0,0,0,0,0,0,0,0,1
63850,0,0,0,0,0,0,0,0,1
63851,0,0,0,0,0,0,0,0,1
63852,0,0,0,0,0,0,0,0,1
63853,0,0,0,0,0,0,0,0,1
63854,0,0,0,0,0,0,0,0,1
63855,0,0,0,0,0,0,0,0,1
63856,0,0,0,0,0,0,0,0,1
63857,0,0,0,0,0,0,0,0,1
63858,0,0,0,0,0,0,0,0,1
63859,0,0,0,0,0,0,0,0,1
63860,0,0,0,0,0,0,0,0,1
63861,0,0,0,0,0,0,0,0,1
63862,0,0,0,0,0,0,0,0,1
63863,0,0,0,0,0,0,0,0,1
63864,0,0,0,0,0,0,0,0,1
63865,0,0,0,0,0,0,0,0,1
63866,0,0,0,0,0,0,0,0,1
63867,0,0,0,0,0,0,0,0,1
63868,0,0,0,0,0,0,0,0,1
63869,0,0,0,0,0,0,0,0,1
63870,0,0,0,0,0,0,0,0,1
63871,0,0,0,0,0,0,0,0,1
63872,0,0,0,0,0,0,0,0,1
63873,0,0,0,0,0,0,0,0,1
63874,0,0,0,0,0,0,0,0,1
63875,0,0,0,0,0,0,0,0,1
63876,0,0,0,0,0,0,0,0,1
63877,0,0,0,0,0,0,0,0,1
63878,0,0,0,0,0,0,0,0,1
63879,0,0,0,0,0,0,0,0,1
63880,0,0,0,0,0,0,0,0,1
63881,0,0,0,0,0,0,0,0,1
63882,0,0,0,0,0,0,0,0,1
63883,0,0,0,0,0,0,0,0,1
63884,0,0,0,0,0,0,0,0,1
63885,0,0,0,0,0,0,0,0,1
63886,0,0,0,0,0,0,0,0,1
63887,0,0,0,0,0,0,0,0,1
63888,0,0,0,0,0,0,0,0,1
63889,0,0,0,0,0,0,0,0,1
63890,0,0,0,0,0,0,0,0,1
63891,0,0,0,0,0,0,0,0,1
63892,0,0,0,0,0,0,0,0,1
63893,0,0,0,0,0,0,0,0,1
63894,0,0,0,0,0,0,0,0,1
63895,0,0,0,0,0,0,0,0,1
63896,0,0,0,0,0,0,0,0,1
63897,0,0,0,0,0,0,0,0,1
63898,0,0,0,0,0,0,0,0,1
63899,0,0,0,0,0,0,0,0,1
63900,0,0,0,0,0,0,0,0,1
63901,0,0,0,0,0,0,0,0,1
63902,0,0,0,0,0,0,0,0,1
63903,0,0,0,0,0,0,0,0,1
63904,0,0,0,0,0,0,0,0,1
63905,0,0,0,0,0,0,0,0,1
63906,0,0,0,0,0,0,0,0,1
63907,0,0,0,0,0,0,0,0,1
63908,0,0,0,0,0,0,0,0,1
63909,0,0,0,0,0,0,0,0,1
63910,0,0,0,0,0,0,0,0,1
63911,0,0,0,0,0,0,0,0,1
63912,0,0,0,0,0,0,0,0,1
63913,0,0,0,0,0,0,0,0,1
63914,0,0,0,0,0,0,0,0,1
63915,0,0,0,0,0,0,0,0,1
63916,0,0,0,0,0,0,0,0,1
63917,0,0,0,0,0,0,0,0,1
63918,0,0,0,0,0,0,0,0,1
63919,0,0,0,0,0,0,0,0,1
63920,0,0,0,0,0,0,0,0,1
63921,0,0,0,0,0,0,0,0,1
63922,0,0,0,0,0,0,0,0,1
63923,0,0,0,0,0,0,0,0,1
63924,0,0,0,0,0,0,0,0,1
63925,0,0,0,0,0,0,0,0,1
63926,0,0,0,0,0,0,0,0,1
63927,0,0,0,0,0,0,0,0,1
63928,0,0,0,0,0,0,0,0,1
63929,0,0,0,0,0,0,0,0,1
63930,0,0,0,0,0,0,0,0,1
63931,0,0,0,0,0,0,0,0,1
63932,0,0,0,0,0,0,0,0,1
63933,0,0,0,0,0,0,0,0,1
63934,0,0,0,0,0,0,0,0,1
63935,0,0,0,0,0,0,0,0,1
63936,0,0,0,0,0,0,0,0,1
63937,0,0,0,0,0,0,0,0,1
63938,0,0,0,0,0,0,0,0,1
63939,0,0,0,0,0,0,0,0,1
63940,0,0,0,0,0,0,0,0,1
63941,0,0,0,0,0,0,0,0,1
63942,0,0,0,0,0,0,0,0,1
63943,0,0,0,0,0,0,0,0,1
63944,0,0,0,0,0,0,0,0,1
63945,0,0,0,0,0,0,0,0,1
63946,0,0,0,0,0,0,0,0,1
63947,0,0,0,0,0,0,0,0,1
63948,0,0,0,0,0,0,0,0,1
63949,0,0,0,0,0,0,0,0,1
63950,0,0,0,0,0,0,0,0,1
63951,0,0,0,0,0,0,0,0,1
63952,0,0,0,0,0,0,0,0,1
63953,0,0,0,0,0,0,0,0,1
63954,0,0,0,0,0,0,0,0,1
63955,0,0,0,0,0,0,0,0,1
63956,0,0,0,0,0,0,0,0,1
63957,0,0,0,0,0,0,0,0,1
63958,0,0,0,0,0,0,0,0,1
63959,0,0,0,0,0,0,0,0,1
63960,0,0,0,0,0,0,0,0,1
63961,0,0,0,0,0,0,0,0,1
63962,0,0,0,0,0,0,0,0,1
63963,0,0,0,0,0,0,0,0,1
63964,0,0,0,0,0,0,0,0,1
63965,0,0,0,0,0,0,0,0,1
63966,0,0,0,0,0,0,0,0,1
63967,0,0,0,0,0,0,0,0,1
63968,0,0,0,0,0,0,0,0,1
63969,0,0,0,0,0,0,0,0,1
63970,0,0,0,0,0,0,0,0,1
63971,0,0,0,0,0,0,0,0,1
63972,0,0,0,0,0,0,0,0,1
63973,0,0,0,0,0,0,0,0,1
63974,0,0,0,0,0,0,0,0,1
63975,0,0,0,0,0,0,0,0,1
63976,0,0,0,0,0,0,0,0,1
63977,0,0,0,0,0,0,0,0,1
63978,0,0,0,0,0,0,0,0,1
63979,0,0,0,0,0,0,0,0,1
63980,0,0,0,0,0,0,0,0,1
63981,0,0,0,0,0,0,0,0,1
63982,0,0,0,0,0,0,0,0,1
63983,0,0,0,0,0,0,0,0,1
63984,0,0,0,0,0,0,0,0,1
63985,0,0,0,0,0,0,0,0,1
63986,0,0,0,0,0,0,0,0,1
63987,0,0,0,0,0,0,0,0,1
63988,0,0,0,0,0,0,0,0,1
63989,0,0,0,0,0,0,0,0,1
63990,0,0,0,0,0,0,0,0,1
63991,0,0,0,0,0,0,0,0,1
63992,0,0,0,0,0,0,0,0,1
63993,0,0,0,0,0,0,0,0,1
63994,0,0,0,0,0,0,0,0,1
63995,0,0,0,0,0,0,0,0,1
63996,0,0,0,0,0,0,0,0,1
63997,0,0,0,0,0,0,0,0,1
63998,0,0,0,0,0,0,0,0,1
63999,0,0,0,0,0,0,0,0,1
64000,0,0,0,0,0,0,0,0,1
64001,0,0,0,0,0,0,0,0,1
64002,0,0,0,0,0,0,0,0,1
64003,0,0,0,0,0,0,0,0,1
64004,0,0,0,0,0,0,0,0,1
64005,0,0,0,0,0,0,0,0,1
64006,0,0,0,0,0,0,0,0,1
64007,0,0,0,0,0,0,0,0,1
64008,0,0,0,0,0,0,0,0,1
64009,0,0,0,0,0,0,0,0,1
64010,0,0,0,0,0,0,0,0,1
64011,0,0,0,0,0,0,0,0,1
64012,0,0,0,0,0,0,0,0,1
64013,0,0,0,0,0,0,0,0,1
64014,0,0,0,0,0,0,0,0,1
64015,0,0,0,0,0,0,0,0,1
64016,0,0,0,0,0,0,0,0,1
64017,0,0,0,0,0,0,0,0,1
64018,0,0,0,0,0,0,0,0,1
64019,0,0,0,0,0,0,0,0,1
64020,0,0,0,0,0,0,0,0,1
64021,0,0,0,0,0,0,0,0,1
64022,0,0,0,0,0,0,0,0,1
64023,0,0,0,0,0,0,0,0,1
64024,0,0,0,0,0,0,0,0,1
64025,0,0,0,0,0,0,0,0,1
64026,0,0,0,0,0,0,0,0,1
64027,0,0,0,0,0,0,0,0,1
64028,0,0,0,0,0,0,0,0,1
64029,0,0,0,0,0,0,0,0,1
64030,0,0,0,0,0,0,0,0,1
64031,0,0,0,0,0,0,0,0,1
64032,0,0,0,0,0,0,0,0,1
64033,0,0,0,0,0,0,0,0,1
64034,0,0,0,0,0,0,0,0,1
64035,0,0,0,0,0,0,0,0,1
64036,0,0,0,0,0,0,0,0,1
64037,0,0,0,0,0,0,0,0,1
64038,0,0,0,0,0,0,0,0,1
64039,0,0,0,0,0,0,0,0,1
64040,0,0,0,0,0,0,0,0,1
64041,0,0,0,0,0,0,0,0,1
64042,0,0,0,0,0,0,0,0,1
64043,0,0,0,0,0,0,0,0,1
64044,0,0,0,0,0,0,0,0,1
64045,0,0,0,0,0,0,0,0,1
64046,0,0,0,0,0,0,0,0,1
64047,0,0,0,0,0,0,0,0,1
64048,0,0,0,0,0,0,0,0,1
64049,0,0,0,0,0,0,0,0,1
64050,0,0,0,0,0,0,0,0,1
64051,0,0,0,0,0,0,0,0,1
64052,0,0,0,0,0,0,0,0,1
64053,0,0,0,0,0,0,0,0,1
64054,0,0,0,0,0,0,0,0,1
64055,0,0,0,0,0,0,0,0,1
64056,0,0,0,0,0,0,0,0,1
64057,0,0,0,0,0,0,0,0,1
64058,0,0,0,0,0,0,0,0,1
64059,0,0,0,0,0,0,0,0,1
64060,0,0,0,0,0,0,0,0,1
64061,0,0,0,0,0,0,0,0,1
64062,0,0,0,0,0,0,0,0,1
64063,0,0,0,0,0,0,0,0,1
64064,0,0,0,0,0,0,0,0,1
64065,0,0,0,0,0,0,0,0,1
64066,0,0,0,0,0,0,0,0,1
64067,0,0,0,0,0,0,0,0,1
64068,0,0,0,0,0,0,0,0,1
64069,0,0,0,0,0,0,0,0,1
64070,0,0,0,0,0,0,0,0,1
64071,0,0,0,0,0,0,0,0,1
64072,0,0,0,0,0,0,0,0,1
64073,0,0,0,0,0,0,0,0,1
64074,0,0,0,0,0,0,0,0,1
64075,0,0,0,0,0,0,0,0,1
64076,0,0,0,0,0,0,0,0,1
64077,0,0,0,0,0,0,0,0,1
64078,0,0,0,0,0,0,0,0,1
64079,0,0,0,0,0,0,0,0,1
64080,0,0,0,0,0,0,0,0,1
64081,0,0,0,0,0,0,0,0,1
64082,0,0,0,0,0,0,0,0,1
64083,0,0,0,0,0,0,0,0,1
64084,0,0,0,0,0,0,0,0,1
64085,0,0,0,0,0,0,0,0,1
64086,0,0,0,0,0,0,0,0,1
64087,0,0,0,0,0,0,0,0,1
64088,0,0,0,0,0,0,0,0,1
64089,0,0,0,0,0,0,0,0,1
64090,0,0,0,0,0,0,0,0,1
64091,0,0,0,0,0,0,0,0,1
64092,0,0,0,0,0,0,0,0,1
64093,0,0,0,0,0,0,0,0,1
64094,0,0,0,0,0,0,0,0,1
64095,0,0,0,0,0,0,0,0,1
64096,0,0,0,0,0,0,0,0,1
64097,0,0,0,0,0,0,0,0,1
64098,0,0,0,0,0,0,0,0,1
64099,0,0,0,0,0,0,0,0,1
64100,0,0,0,0,0,0,0,0,1
64101,0,0,0,0,0,0,0,0,1
64102,0,0,0,0,0,0,0,0,1
64103,0,0,0,0,0,0,0,0,1
64104,0,0,0,0,0,0,0,0,1
64105,0,0,0,0,0,0,0,0,1
64106,0,0,0,0,0,0,0,0,1
64107,0,0,0,0,0,0,0,0,1
64108,0,0,0,0,0,0,0,0,1
64109,0,0,0,0,0,0,0,0,1
64110,0,0,0,0,0,0,0,0,1
64111,0,0,0,0,0,0,0,0,1
64112,0,0,0,0,0,0,0,0,1
64113,0,0,0,0,0,0,0,0,1
64114,0,0,0,0,0,0,0,0,1
64115,0,0,0,0,0,0,0,0,1
64116,0,0,0,0,0,0,0,0,1
64117,0,0,0,0,0,0,0,0,1
64118,0,0,0,0,0,0,0,0,1
64119,0,0,0,0,0,0,0,0,1
64120,0,0,0,0,0,0,0,0,1
64121,0,0,0,0,0,0,0,0,1
64122,0,0,0,0,0,0,0,0,1
64123,0,0,0,0,0,0,0,0,1
64124,0,0,0,0,0,0,0,0,1
64125,0,0,0,0,0,0,0,0,1
64126,0,0,0,0,0,0,0,0,1
64127,0,0,0,0,0,0,0,0,1
64128,0,0,0,0,0,0,0,0,1
64129,0,0,0,0,0,0,0,0,1
64130,0,0,0,0,0,0,0,0,1
64131,0,0,0,0,0,0,0,0,1
64132,0,0,0,0,0,0,0,0,1
64133,0,0,0,0,0,0,0,0,1
64134,0,0,0,0,0,0,0,0,1
64135,0,0,0,0,0,0,0,0,1
64136,0,0,0,0,0,0,0,0,1
64137,0,0,0,0,0,0,0,0,1
64138,0,0,0,0,0,0,0,0,1
64139,0,0,0,0,0,0,0,0,1
64140,0,0,0,0,0,0,0,0,1
64141,0,0,0,0,0,0,0,0,1
64142,0,0,0,0,0,0,0,0,1
64143,0,0,0,0,0,0,0,0,1
64144,0,0,0,0,0,0,0,0,1
64145,0,0,0,0,0,0,0,0,1
64146,0,0,0,0,0,0,0,0,1
64147,0,0,0,0,0,0,0,0,1
64148,0,0,0,0,0,0,0,0,1
64149,0,0,0,0,0,0,0,0,1
64150,0,0,0,0,0,0,0,0,1
64151,0,0,0,0,0,0,0,0,1
64152,0,0,0,0,0,0,0,0,1
64153,0,0,0,0,0,0,0,0,1
64154,0,0,0,0,0,0,0,0,1
64155,0,0,0,0,0,0,0,0,1
64156,0,0,0,0,0,0,0,0,1
64157,0,0,0,0,0,0,0,0,1
64158,0,0,0,0,0,0,0,0,1
64159,0,0,0,0,0,0,0,0,1
64160,0,0,0,0,0,0,0,0,1
64161,0,0,0,0,0,0,0,0,1
64162,0,0,0,0,0,0,0,0,1
64163,0,0,0,0,0,0,0,0,1
64164,0,0,0,0,0,0,0,0,1
64165,0,0,0,0,0,0,0,0,1
64166,0,0,0,0,0,0,0,0,1
64167,0,0,0,0,0,0,0,0,1
64168,0,0,0,0,0,0,0,0,1
64169,0,0,0,0,0,0,0,0,1
64170,0,0,0,0,0,0,0,0,1
64171,0,0,0,0,0,0,0,0,1
64172,0,0,0,0,0,0,0,0,1
64173,0,0,0,0,0,0,0,0,1
64174,0,0,0,0,0,0,0,0,1
64175,0,0,0,0,0,0,0,0,1
64176,0,0,0,0,0,0,0,0,1
64177,0,0,0,0,0,0,0,0,1
64178,0,0,0,0,0,0,0,0,1
64179,0,0,0,0,0,0,0,0,1
64180,0,0,0,0,0,0,0,0,1
64181,0,0,0,0,0,0,0,0,1
64182,0,0,0,0,0,0,0,0,1
64183,0,0,0,0,0,0,0,0,1
64184,0,0,0,0,0,0,0,0,1
64185,0,0,0,0,0,0,0,0,1
64186,0,0,0,0,0,0,0,0,1
64187,0,0,0,0,0,0,0,0,1
64188,0,0,0,0,0,0,0,0,1
64189,0,0,0,0,0,0,0,0,1
64190,0,0,0,0,0,0,0,0,1
64191,0,0,0,0,0,0,0,0,1
64192,0,0,0,0,0,0,0,0,1
64193,0,0,0,0,0,0,0,0,1
64194,0,0,0,0,0,0,0,0,1
64195,0,0,0,0,0,0,0,0,1
64196,0,0,0,0,0,0,0,0,1
64197,0,0,0,0,0,0,0,0,1
64198,0,0,0,0,0,0,0,0,1
64199,0,0,0,0,0,0,0,0,1
64200,0,0,0,0,0,0,0,0,1
64201,0,0,0,0,0,0,0,0,1
64202,0,0,0,0,0,0,0,0,1
64203,0,0,0,0,0,0,0,0,1
64204,0,0,0,0,0,0,0,0,1
64205,0,0,0,0,0,0,0,0,1
64206,0,0,0,0,0,0,0,0,1
64207,0,0,0,0,0,0,0,0,1
64208,0,0,0,0,0,0,0,0,1
64209,0,0,0,0,0,0,0,0,1
64210,0,0,0,0,0,0,0,0,1
64211,0,0,0,0,0,0,0,0,1
64212,0,0,0,0,0,0,0,0,1
64213,0,0,0,0,0,0,0,0,1
64214,0,0,0,0,0,0,0,0,1
64215,0,0,0,0,0,0,0,0,1
64216,0,0,0,0,0,0,0,0,1
64217,0,0,0,0,0,0,0,0,1
64218,0,0,0,0,0,0,0,0,1
64219,0,0,0,0,0,0,0,0,1
64220,0,0,0,0,0,0,0,0,1
64221,0,0,0,0,0,0,0,0,1
64222,0,0,0,0,0,0,0,0,1
64223,0,0,0,0,0,0,0,0,1
64224,0,0,0,0,0,0,0,0,1
64225,0,0,0,0,0,0,0,0,1
64226,0,0,0,0,0,0,0,0,1
64227,0,0,0,0,0,0,0,0,1
64228,0,0,0,0,0,0,0,0,1
64229,0,0,0,0,0,0,0,0,1
64230,0,0,0,0,0,0,0,0,1
64231,0,0,0,0,0,0,0,0,1
64232,0,0,0,0,0,0,0,0,1
64233,0,0,0,0,0,0,0,0,1
64234,0,0,0,0,0,0,0,0,1
64235,0,0,0,0,0,0,0,0,1
64236,0,0,0,0,0,0,0,0,1
64237,0,0,0,0,0,0,0,0,1
64238,0,0,0,0,0,0,0,0,1
64239,0,0,0,0,0,0,0,0,1
64240,0,0,0,0,0,0,0,0,1
64241,0,0,0,0,0,0,0,0,1
64242,0,0,0,0,0,0,0,0,1
64243,0,0,0,0,0,0,0,0,1
64244,0,0,0,0,0,0,0,0,1
64245,0,0,0,0,0,0,0,0,1
64246,0,0,0,0,0,0,0,0,1
64247,0,0,0,0,0,0,0,0,1
64248,0,0,0,0,0,0,0,0,1
64249,0,0,0,0,0,0,0,0,1
64250,0,0,0,0,0,0,0,0,1
64251,0,0,0,0,0,0,0,0,1
64252,0,0,0,0,0,0,0,0,1
64253,0,0,0,0,0,0,0,0,1
64254,0,0,0,0,0,0,0,0,1
64255,0,0,0,0,0,0,0,0,1
64256,0,0,0,0,0,0,0,0,1
64257,0,0,0,0,0,0,0,0,1
64258,0,0,0,0,0,0,0,0,1
64259,0,0,0,0,0,0,0,0,1
64260,0,0,0,0,0,0,0,0,1
64261,0,0,0,0,0,0,0,0,1
64262,0,0,0,0,0,0,0,0,1
64263,0,0,0,0,0,0,0,0,1
64264,0,0,0,0,0,0,0,0,1
64265,0,0,0,0,0,0,0,0,1
64266,0,0,0,0,0,0,0,0,1
64267,0,0,0,0,0,0,0,0,1
64268,0,0,0,0,0,0,0,0,1
64269,0,0,0,0,0,0,0,0,1
64270,0,0,0,0,0,0,0,0,1
64271,0,0,0,0,0,0,0,0,1
64272,0,0,0,0,0,0,0,0,1
64273,0,0,0,0,0,0,0,0,1
64274,0,0,0,0,0,0,0,0,1
64275,0,0,0,0,0,0,0,0,1
64276,0,0,0,0,0,0,0,0,1
64277,0,0,0,0,0,0,0,0,1
64278,0,0,0,0,0,0,0,0,1
64279,0,0,0,0,0,0,0,0,1
64280,0,0,0,0,0,0,0,0,1
64281,0,0,0,0,0,0,0,0,1
64282,0,0,0,0,0,0,0,0,1
64283,0,0,0,0,0,0,0,0,1
64284,0,0,0,0,0,0,0,0,1
64285,0,0,0,0,0,0,0,0,1
64286,0,0,0,0,0,0,0,0,1
64287,0,0,0,0,0,0,0,0,1
64288,0,0,0,0,0,0,0,0,1
64289,0,0,0,0,0,0,0,0,1
64290,0,0,0,0,0,0,0,0,1
64291,0,0,0,0,0,0,0,0,1
64292,0,0,0,0,0,0,0,0,1
64293,0,0,0,0,0,0,0,0,1
64294,0,0,0,0,0,0,0,0,1
64295,0,0,0,0,0,0,0,0,1
64296,0,0,0,0,0,0,0,0,1
64297,0,0,0,0,0,0,0,0,1
64298,0,0,0,0,0,0,0,0,1
64299,0,0,0,0,0,0,0,0,1
64300,0,0,0,0,0,0,0,0,1
64301,0,0,0,0,0,0,0,0,1
64302,0,0,0,0,0,0,0,0,1
64303,0,0,0,0,0,0,0,0,1
64304,0,0,0,0,0,0,0,0,1
64305,0,0,0,0,0,0,0,0,1
64306,0,0,0,0,0,0,0,0,1
64307,0,0,0,0,0,0,0,0,1
64308,0,0,0,0,0,0,0,0,1
64309,0,0,0,0,0,0,0,0,1
64310,0,0,0,0,0,0,0,0,1
64311,0,0,0,0,0,0,0,0,1
64312,0,0,0,0,0,0,0,0,1
64313,0,0,0,0,0,0,0,0,1
64314,0,0,0,0,0,0,0,0,1
64315,0,0,0,0,0,0,0,0,1
64316,0,0,0,0,0,0,0,0,1
64317,0,0,0,0,0,0,0,0,1
64318,0,0,0,0,0,0,0,0,1
64319,0,0,0,0,0,0,0,0,1
64320,0,0,0,0,0,0,0,0,1
64321,0,0,0,0,0,0,0,0,1
64322,0,0,0,0,0,0,0,0,1
64323,0,0,0,0,0,0,0,0,1
64324,0,0,0,0,0,0,0,0,1
64325,0,0,0,0,0,0,0,0,1
64326,0,0,0,0,0,0,0,0,1
64327,0,0,0,0,0,0,0,0,1
64328,0,0,0,0,0,0,0,0,1
64329,0,0,0,0,0,0,0,0,1
64330,0,0,0,0,0,0,0,0,1
64331,0,0,0,0,0,0,0,0,1
64332,0,0,0,0,0,0,0,0,1
64333,0,0,0,0,0,0,0,0,1
64334,0,0,0,0,0,0,0,0,1
64335,0,0,0,0,0,0,0,0,1
64336,0,0,0,0,0,0,0,0,1
64337,0,0,0,0,0,0,0,0,1
64338,0,0,0,0,0,0,0,0,1
64339,0,0,0,0,0,0,0,0,1
64340,0,0,0,0,0,0,0,0,1
64341,0,0,0,0,0,0,0,0,1
64342,0,0,0,0,0,0,0,0,1
64343,0,0,0,0,0,0,0,0,1
64344,0,0,0,0,0,0,0,0,1
64345,0,0,0,0,0,0,0,0,1
64346,0,0,0,0,0,0,0,0,1
64347,0,0,0,0,0,0,0,0,1
64348,0,0,0,0,0,0,0,0,1
64349,0,0,0,0,0,0,0,0,1
64350,0,0,0,0,0,0,0,0,1
64351,0,0,0,0,0,0,0,0,1
64352,0,0,0,0,0,0,0,0,1
64353,0,0,0,0,0,0,0,0,1
64354,0,0,0,0,0,0,0,0,1
64355,0,0,0,0,0,0,0,0,1
64356,0,0,0,0,0,0,0,0,1
64357,0,0,0,0,0,0,0,0,1
64358,0,0,0,0,0,0,0,0,1
64359,0,0,0,0,0,0,0,0,1
64360,0,0,0,0,0,0,0,0,1
64361,0,0,0,0,0,0,0,0,1
64362,0,0,0,0,0,0,0,0,1
64363,0,0,0,0,0,0,0,0,1
64364,0,0,0,0,0,0,0,0,1
64365,0,0,0,0,0,0,0,0,1
64366,0,0,0,0,0,0,0,0,1
64367,0,0,0,0,0,0,0,0,1
64368,0,0,0,0,0,0,0,0,1
64369,0,0,0,0,0,0,0,0,1
64370,0,0,0,0,0,0,0,0,1
64371,0,0,0,0,0,0,0,0,1
64372,0,0,0,0,0,0,0,0,1
64373,0,0,0,0,0,0,0,0,1
64374,0,0,0,0,0,0,0,0,1
64375,0,0,0,0,0,0,0,0,1
64376,0,0,0,0,0,0,0,0,1
64377,0,0,0,0,0,0,0,0,1
64378,0,0,0,0,0,0,0,0,1
64379,0,0,0,0,0,0,0,0,1
64380,0,0,0,0,0,0,0,0,1
64381,0,0,0,0,0,0,0,0,1
64382,0,0,0,0,0,0,0,0,1
64383,0,0,0,0,0,0,0,0,1
64384,0,0,0,0,0,0,0,0,1
64385,0,0,0,0,0,0,0,0,1
64386,0,0,0,0,0,0,0,0,1
64387,0,0,0,0,0,0,0,0,1
64388,0,0,0,0,0,0,0,0,1
64389,0,0,0,0,0,0,0,0,1
64390,0,0,0,0,0,0,0,0,1
64391,0,0,0,0,0,0,0,0,1
64392,0,0,0,0,0,0,0,0,1
64393,0,0,0,0,0,0,0,0,1
64394,0,0,0,0,0,0,0,0,1
64395,0,0,0,0,0,0,0,0,1
64396,0,0,0,0,0,0,0,0,1
64397,0,0,0,0,0,0,0,0,1
64398,0,0,0,0,0,0,0,0,1
64399,0,0,0,0,0,0,0,0,1
64400,0,0,0,0,0,0,0,0,1
64401,0,0,0,0,0,0,0,0,1
64402,0,0,0,0,0,0,0,0,1
64403,0,0,0,0,0,0,0,0,1
64404,0,0,0,0,0,0,0,0,1
64405,0,0,0,0,0,0,0,0,1
64406,0,0,0,0,0,0,0,0,1
64407,0,0,0,0,0,0,0,0,1
64408,0,0,0,0,0,0,0,0,1
64409,0,0,0,0,0,0,0,0,1
64410,0,0,0,0,0,0,0,0,1
64411,0,0,0,0,0,0,0,0,1
64412,0,0,0,0,0,0,0,0,1
64413,0,0,0,0,0,0,0,0,1
64414,0,0,0,0,0,0,0,0,1
64415,0,0,0,0,0,0,0,0,1
64416,0,0,0,0,0,0,0,0,1
64417,0,0,0,0,0,0,0,0,1
64418,0,0,0,0,0,0,0,0,1
64419,0,0,0,0,0,0,0,0,1
64420,0,0,0,0,0,0,0,0,1
64421,0,0,0,0,0,0,0,0,1
64422,0,0,0,0,0,0,0,0,1
64423,0,0,0,0,0,0,0,0,1
64424,0,0,0,0,0,0,0,0,1
64425,0,0,0,0,0,0,0,0,1
64426,0,0,0,0,0,0,0,0,1
64427,0,0,0,0,0,0,0,0,1
64428,0,0,0,0,0,0,0,0,1
64429,0,0,0,0,0,0,0,0,1
64430,0,0,0,0,0,0,0,0,1
64431,0,0,0,0,0,0,0,0,1
64432,0,0,0,0,0,0,0,0,1
64433,0,0,0,0,0,0,0,0,1
64434,0,0,0,0,0,0,0,0,1
64435,0,0,0,0,0,0,0,0,1
64436,0,0,0,0,0,0,0,0,1
64437,0,0,0,0,0,0,0,0,1
64438,0,0,0,0,0,0,0,0,1
64439,0,0,0,0,0,0,0,0,1
64440,0,0,0,0,0,0,0,0,1
64441,0,0,0,0,0,0,0,0,1
64442,0,0,0,0,0,0,0,0,1
64443,0,0,0,0,0,0,0,0,1
64444,0,0,0,0,0,0,0,0,1
64445,0,0,0,0,0,0,0,0,1
64446,0,0,0,0,0,0,0,0,1
64447,0,0,0,0,0,0,0,0,1
64448,0,0,0,0,0,0,0,0,1
64449,0,0,0,0,0,0,0,0,1
64450,0,0,0,0,0,0,0,0,1
64451,0,0,0,0,0,0,0,0,1
64452,0,0,0,0,0,0,0,0,1
64453,0,0,0,0,0,0,0,0,1
64454,0,0,0,0,0,0,0,0,1
64455,0,0,0,0,0,0,0,0,1
64456,0,0,0,0,0,0,0,0,1
64457,0,0,0,0,0,0,0,0,1
64458,0,0,0,0,0,0,0,0,1
64459,0,0,0,0,0,0,0,0,1
64460,0,0,0,0,0,0,0,0,1
64461,0,0,0,0,0,0,0,0,1
64462,0,0,0,0,0,0,0,0,1
64463,0,0,0,0,0,0,0,0,1
64464,0,0,0,0,0,0,0,0,1
64465,0,0,0,0,0,0,0,0,1
64466,0,0,0,0,0,0,0,0,1
64467,0,0,0,0,0,0,0,0,1
64468,0,0,0,0,0,0,0,0,1
64469,0,0,0,0,0,0,0,0,1
64470,0,0,0,0,0,0,0,0,1
64471,0,0,0,0,0,0,0,0,1
64472,0,0,0,0,0,0,0,0,1
64473,0,0,0,0,0,0,0,0,1
64474,0,0,0,0,0,0,0,0,1
64475,0,0,0,0,0,0,0,0,1
64476,0,0,0,0,0,0,0,0,1
64477,0,0,0,0,0,0,0,0,1
64478,0,0,0,0,0,0,0,0,1
64479,0,0,0,0,0,0,0,0,1
64480,0,0,0,0,0,0,0,0,1
64481,0,0,0,0,0,0,0,0,1
64482,0,0,0,0,0,0,0,0,1
64483,0,0,0,0,0,0,0,0,1
64484,0,0,0,0,0,0,0,0,1
64485,0,0,0,0,0,0,0,0,1
64486,0,0,0,0,0,0,0,0,1
64487,0,0,0,0,0,0,0,0,1
64488,0,0,0,0,0,0,0,0,1
64489,0,0,0,0,0,0,0,0,1
64490,0,0,0,0,0,0,0,0,1
64491,0,0,0,0,0,0,0,0,1
64492,0,0,0,0,0,0,0,0,1
64493,0,0,0,0,0,0,0,0,1
64494,0,0,0,0,0,0,0,0,1
64495,0,0,0,0,0,0,0,0,1
64496,0,0,0,0,0,0,0,0,1
64497,0,0,0,0,0,0,0,0,1
64498,0,0,0,0,0,0,0,0,1
64499,0,0,0,0,0,0,0,0,1
64500,0,0,0,0,0,0,0,0,1
64501,0,0,0,0,0,0,0,0,1
64502,0,0,0,0,0,0,0,0,1
64503,0,0,0,0,0,0,0,0,1
64504,0,0,0,0,0,0,0,0,1
64505,0,0,0,0,0,0,0,0,1
64506,0,0,0,0,0,0,0,0,1
64507,0,0,0,0,0,0,0,0,1
64508,0,0,0,0,0,0,0,0,1
64509,0,0,0,0,0,0,0,0,1
64510,0,0,0,0,0,0,0,0,1
64511,0,0,0,0,0,0,0,0,1
64512,0,0,0,0,0,0,0,0,1
64513,0,0,0,0,0,0,0,0,1
64514,0,0,0,0,0,0,0,0,1
64515,0,0,0,0,0,0,0,0,1
64516,0,0,0,0,0,0,0,0,1
64517,0,0,0,0,0,0,0,0,1
64518,0,0,0,0,0,0,0,0,1
64519,0,0,0,0,0,0,0,0,1
64520,0,0,0,0,0,0,0,0,1
64521,0,0,0,0,0,0,0,0,1
64522,0,0,0,0,0,0,0,0,1
64523,0,0,0,0,0,0,0,0,1
64524,0,0,0,0,0,0,0,0,1
64525,0,0,0,0,0,0,0,0,1
64526,0,0,0,0,0,0,0,0,1
64527,0,0,0,0,0,0,0,0,1
64528,0,0,0,0,0,0,0,0,1
64529,0,0,0,0,0,0,0,0,1
64530,0,0,0,0,0,0,0,0,1
64531,0,0,0,0,0,0,0,0,1
64532,0,0,0,0,0,0,0,0,1
64533,0,0,0,0,0,0,0,0,1
64534,0,0,0,0,0,0,0,0,1
64535,0,0,0,0,0,0,0,0,1
64536,0,0,0,0,0,0,0,0,1
64537,0,0,0,0,0,0,0,0,1
64538,0,0,0,0,0,0,0,0,1
64539,0,0,0,0,0,0,0,0,1
64540,0,0,0,0,0,0,0,0,1
64541,0,0,0,0,0,0,0,0,1
64542,0,0,0,0,0,0,0,0,1
64543,0,0,0,0,0,0,0,0,1
64544,0,0,0,0,0,0,0,0,1
64545,0,0,0,0,0,0,0,0,1
64546,0,0,0,0,0,0,0,0,1
64547,0,0,0,0,0,0,0,0,1
64548,0,0,0,0,0,0,0,0,1
64549,0,0,0,0,0,0,0,0,1
64550,0,0,0,0,0,0,0,0,1
64551,0,0,0,0,0,0,0,0,1
64552,0,0,0,0,0,0,0,0,1
64553,0,0,0,0,0,0,0,0,1
64554,0,0,0,0,0,0,0,0,1
64555,0,0,0,0,0,0,0,0,1
64556,0,0,0,0,0,0,0,0,1
64557,0,0,0,0,0,0,0,0,1
64558,0,0,0,0,0,0,0,0,1
64559,0,0,0,0,0,0,0,0,1
64560,0,0,0,0,0,0,0,0,1
64561,0,0,0,0,0,0,0,0,1
64562,0,0,0,0,0,0,0,0,1
64563,0,0,0,0,0,0,0,0,1
64564,0,0,0,0,0,0,0,0,1
64565,0,0,0,0,0,0,0,0,1
64566,0,0,0,0,0,0,0,0,1
64567,0,0,0,0,0,0,0,0,1
64568,0,0,0,0,0,0,0,0,1
64569,0,0,0,0,0,0,0,0,1
64570,0,0,0,0,0,0,0,0,1
64571,0,0,0,0,0,0,0,0,1
64572,0,0,0,0,0,0,0,0,1
64573,0,0,0,0,0,0,0,0,1
64574,0,0,0,0,0,0,0,0,1
64575,0,0,0,0,0,0,0,0,1
64576,0,0,0,0,0,0,0,0,1
64577,0,0,0,0,0,0,0,0,1
64578,0,0,0,0,0,0,0,0,1
64579,0,0,0,0,0,0,0,0,1
64580,0,0,0,0,0,0,0,0,1
64581,0,0,0,0,0,0,0,0,1
64582,0,0,0,0,0,0,0,0,1
64583,0,0,0,0,0,0,0,0,1
64584,0,0,0,0,0,0,0,0,1
64585,0,0,0,0,0,0,0,0,1
64586,0,0,0,0,0,0,0,0,1
64587,0,0,0,0,0,0,0,0,1
64588,0,0,0,0,0,0,0,0,1
64589,0,0,0,0,0,0,0,0,1
64590,0,0,0,0,0,0,0,0,1
64591,0,0,0,0,0,0,0,0,1
64592,0,0,0,0,0,0,0,0,1
64593,0,0,0,0,0,0,0,0,1
64594,0,0,0,0,0,0,0,0,1
64595,0,0,0,0,0,0,0,0,1
64596,0,0,0,0,0,0,0,0,1
64597,0,0,0,0,0,0,0,0,1
64598,0,0,0,0,0,0,0,0,1
64599,0,0,0,0,0,0,0,0,1
64600,0,0,0,0,0,0,0,0,1
64601,0,0,0,0,0,0,0,0,1
64602,0,0,0,0,0,0,0,0,1
64603,0,0,0,0,0,0,0,0,1
64604,0,0,0,0,0,0,0,0,1
64605,0,0,0,0,0,0,0,0,1
64606,0,0,0,0,0,0,0,0,1
64607,0,0,0,0,0,0,0,0,1
64608,0,0,0,0,0,0,0,0,1
64609,0,0,0,0,0,0,0,0,1
64610,0,0,0,0,0,0,0,0,1
64611,0,0,0,0,0,0,0,0,1
64612,0,0,0,0,0,0,0,0,1
64613,0,0,0,0,0,0,0,0,1
64614,0,0,0,0,0,0,0,0,1
64615,0,0,0,0,0,0,0,0,1
64616,0,0,0,0,0,0,0,0,1
64617,0,0,0,0,0,0,0,0,1
64618,0,0,0,0,0,0,0,0,1
64619,0,0,0,0,0,0,0,0,1
64620,0,0,0,0,0,0,0,0,1
64621,0,0,0,0,0,0,0,0,1
64622,0,0,0,0,0,0,0,0,1
64623,0,0,0,0,0,0,0,0,1
64624,0,0,0,0,0,0,0,0,1
64625,0,0,0,0,0,0,0,0,1
64626,0,0,0,0,0,0,0,0,1
64627,0,0,0,0,0,0,0,0,1
64628,0,0,0,0,0,0,0,0,1
64629,0,0,0,0,0,0,0,0,1
64630,0,0,0,0,0,0,0,0,1
64631,0,0,0,0,0,0,0,0,1
64632,0,0,0,0,0,0,0,0,1
64633,0,0,0,0,0,0,0,0,1
64634,0,0,0,0,0,0,0,0,1
64635,0,0,0,0,0,0,0,0,1
64636,0,0,0,0,0,0,0,0,1
64637,0,0,0,0,0,0,0,0,1
64638,0,0,0,0,0,0,0,0,1
64639,0,0,0,0,0,0,0,0,1
64640,0,0,0,0,0,0,0,0,1
64641,0,0,0,0,0,0,0,0,1
64642,0,0,0,0,0,0,0,0,1
64643,0,0,0,0,0,0,0,0,1
64644,0,0,0,0,0,0,0,0,1
64645,0,0,0,0,0,0,0,0,1
64646,0,0,0,0,0,0,0,0,1
64647,0,0,0,0,0,0,0,0,1
64648,0,0,0,0,0,0,0,0,1
64649,0,0,0,0,0,0,0,0,1
64650,0,0,0,0,0,0,0,0,1
64651,0,0,0,0,0,0,0,0,1
64652,0,0,0,0,0,0,0,0,1
64653,0,0,0,0,0,0,0,0,1
64654,0,0,0,0,0,0,0,0,1
64655,0,0,0,0,0,0,0,0,1
64656,0,0,0,0,0,0,0,0,1
64657,0,0,0,0,0,0,0,0,1
64658,0,0,0,0,0,0,0,0,1
64659,0,0,0,0,0,0,0,0,1
64660,0,0,0,0,0,0,0,0,1
64661,0,0,0,0,0,0,0,0,1
64662,0,0,0,0,0,0,0,0,1
64663,0,0,0,0,0,0,0,0,1
64664,0,0,0,0,0,0,0,0,1
64665,0,0,0,0,0,0,0,0,1
64666,0,0,0,0,0,0,0,0,1
64667,0,0,0,0,0,0,0,0,1
64668,0,0,0,0,0,0,0,0,1
64669,0,0,0,0,0,0,0,0,1
64670,0,0,0,0,0,0,0,0,1
64671,0,0,0,0,0,0,0,0,1
64672,0,0,0,0,0,0,0,0,1
64673,0,0,0,0,0,0,0,0,1
64674,0,0,0,0,0,0,0,0,1
64675,0,0,0,0,0,0,0,0,1
64676,0,0,0,0,0,0,0,0,1
64677,0,0,0,0,0,0,0,0,1
64678,0,0,0,0,0,0,0,0,1
64679,0,0,0,0,0,0,0,0,1
64680,0,0,0,0,0,0,0,0,1
64681,0,0,0,0,0,0,0,0,1
64682,0,0,0,0,0,0,0,0,1
64683,0,0,0,0,0,0,0,0,1
64684,0,0,0,0,0,0,0,0,1
64685,0,0,0,0,0,0,0,0,1
64686,0,0,0,0,0,0,0,0,1
64687,0,0,0,0,0,0,0,0,1
64688,0,0,0,0,0,0,0,0,1
64689,0,0,0,0,0,0,0,0,1
64690,0,0,0,0,0,0,0,0,1
64691,0,0,0,0,0,0,0,0,1
64692,0,0,0,0,0,0,0,0,1
64693,0,0,0,0,0,0,0,0,1
64694,0,0,0,0,0,0,0,0,1
64695,0,0,0,0,0,0,0,0,1
64696,0,0,0,0,0,0,0,0,1
64697,0,0,0,0,0,0,0,0,1
64698,0,0,0,0,0,0,0,0,1
64699,0,0,0,0,0,0,0,0,1
64700,0,0,0,0,0,0,0,0,1
64701,0,0,0,0,0,0,0,0,1
64702,0,0,0,0,0,0,0,0,1
64703,0,0,0,0,0,0,0,0,1
64704,0,0,0,0,0,0,0,0,1
64705,0,0,0,0,0,0,0,0,1
64706,0,0,0,0,0,0,0,0,1
64707,0,0,0,0,0,0,0,0,1
64708,0,0,0,0,0,0,0,0,1
64709,0,0,0,0,0,0,0,0,1
64710,0,0,0,0,0,0,0,0,1
64711,0,0,0,0,0,0,0,0,1
64712,0,0,0,0,0,0,0,0,1
64713,0,0,0,0,0,0,0,0,1
64714,0,0,0,0,0,0,0,0,1
64715,0,0,0,0,0,0,0,0,1
64716,0,0,0,0,0,0,0,0,1
64717,0,0,0,0,0,0,0,0,1
64718,0,0,0,0,0,0,0,0,1
64719,0,0,0,0,0,0,0,0,1
64720,0,0,0,0,0,0,0,0,1
64721,0,0,0,0,0,0,0,0,1
64722,0,0,0,0,0,0,0,0,1
64723,0,0,0,0,0,0,0,0,1
64724,0,0,0,0,0,0,0,0,1
64725,0,0,0,0,0,0,0,0,1
64726,0,0,0,0,0,0,0,0,1
64727,0,0,0,0,0,0,0,0,1
64728,0,0,0,0,0,0,0,0,1
64729,0,0,0,0,0,0,0,0,1
64730,0,0,0,0,0,0,0,0,1
64731,0,0,0,0,0,0,0,0,1
64732,0,0,0,0,0,0,0,0,1
64733,0,0,0,0,0,0,0,0,1
64734,0,0,0,0,0,0,0,0,1
64735,0,0,0,0,0,0,0,0,1
64736,0,0,0,0,0,0,0,0,1
64737,0,0,0,0,0,0,0,0,1
64738,0,0,0,0,0,0,0,0,1
64739,0,0,0,0,0,0,0,0,1
64740,0,0,0,0,0,0,0,0,1
64741,0,0,0,0,0,0,0,0,1
64742,0,0,0,0,0,0,0,0,1
64743,0,0,0,0,0,0,0,0,1
64744,0,0,0,0,0,0,0,0,1
64745,0,0,0,0,0,0,0,0,1
64746,0,0,0,0,0,0,0,0,1
64747,0,0,0,0,0,0,0,0,1
64748,0,0,0,0,0,0,0,0,1
64749,0,0,0,0,0,0,0,0,1
64750,0,0,0,0,0,0,0,0,1
64751,0,0,0,0,0,0,0,0,1
64752,0,0,0,0,0,0,0,0,1
64753,0,0,0,0,0,0,0,0,1
64754,0,0,0,0,0,0,0,0,1
64755,0,0,0,0,0,0,0,0,1
64756,0,0,0,0,0,0,0,0,1
64757,0,0,0,0,0,0,0,0,1
64758,0,0,0,0,0,0,0,0,1
64759,0,0,0,0,0,0,0,0,1
64760,0,0,0,0,0,0,0,0,1
64761,0,0,0,0,0,0,0,0,1
64762,0,0,0,0,0,0,0,0,1
64763,0,0,0,0,0,0,0,0,1
64764,0,0,0,0,0,0,0,0,1
64765,0,0,0,0,0,0,0,0,1
64766,0,0,0,0,0,0,0,0,1
64767,0,0,0,0,0,0,0,0,1
64768,0,0,0,0,0,0,0,0,1
64769,0,0,0,0,0,0,0,0,1
64770,0,0,0,0,0,0,0,0,1
64771,0,0,0,0,0,0,0,0,1
64772,0,0,0,0,0,0,0,0,1
64773,0,0,0,0,0,0,0,0,1
64774,0,0,0,0,0,0,0,0,1
64775,0,0,0,0,0,0,0,0,1
64776,0,0,0,0,0,0,0,0,1
64777,0,0,0,0,0,0,0,0,1
64778,0,0,0,0,0,0,0,0,1
64779,0,0,0,0,0,0,0,0,1
64780,0,0,0,0,0,0,0,0,1
64781,0,0,0,0,0,0,0,0,1
64782,0,0,0,0,0,0,0,0,1
64783,0,0,0,0,0,0,0,0,1
64784,0,0,0,0,0,0,0,0,1
64785,0,0,0,0,0,0,0,0,1
64786,0,0,0,0,0,0,0,0,1
64787,0,0,0,0,0,0,0,0,1
64788,0,0,0,0,0,0,0,0,1
64789,0,0,0,0,0,0,0,0,1
64790,0,0,0,0,0,0,0,0,1
64791,0,0,0,0,0,0,0,0,1
64792,0,0,0,0,0,0,0,0,1
64793,0,0,0,0,0,0,0,0,1
64794,0,0,0,0,0,0,0,0,1
64795,0,0,0,0,0,0,0,0,1
64796,0,0,0,0,0,0,0,0,1
64797,0,0,0,0,0,0,0,0,1
64798,0,0,0,0,0,0,0,0,1
64799,0,0,0,0,0,0,0,0,1
64800,0,0,0,0,0,0,0,0,1
64801,0,0,0,0,0,0,0,0,1
64802,0,0,0,0,0,0,0,0,1
64803,0,0,0,0,0,0,0,0,1
64804,0,0,0,0,0,0,0,0,1
64805,0,0,0,0,0,0,0,0,1
64806,0,0,0,0,0,0,0,0,1
64807,0,0,0,0,0,0,0,0,1
64808,0,0,0,0,0,0,0,0,1
64809,0,0,0,0,0,0,0,0,1
64810,0,0,0,0,0,0,0,0,1
64811,0,0,0,0,0,0,0,0,1
64812,0,0,0,0,0,0,0,0,1
64813,0,0,0,0,0,0,0,0,1
64814,0,0,0,0,0,0,0,0,1
64815,0,0,0,0,0,0,0,0,1
64816,0,0,0,0,0,0,0,0,1
64817,0,0,0,0,0,0,0,0,1
64818,0,0,0,0,0,0,0,0,1
64819,0,0,0,0,0,0,0,0,1
64820,0,0,0,0,0,0,0,0,1
64821,0,0,0,0,0,0,0,0,1
64822,0,0,0,0,0,0,0,0,1
64823,0,0,0,0,0,0,0,0,1
64824,0,0,0,0,0,0,0,0,1
64825,0,0,0,0,0,0,0,0,1
64826,0,0,0,0,0,0,0,0,1
64827,0,0,0,0,0,0,0,0,1
64828,0,0,0,0,0,0,0,0,1
64829,0,0,0,0,0,0,0,0,1
64830,0,0,0,0,0,0,0,0,1
64831,0,0,0,0,0,0,0,0,1
64832,0,0,0,0,0,0,0,0,1
64833,0,0,0,0,0,0,0,0,1
64834,0,0,0,0,0,0,0,0,1
64835,0,0,0,0,0,0,0,0,1
64836,0,0,0,0,0,0,0,0,1
64837,0,0,0,0,0,0,0,0,1
64838,0,0,0,0,0,0,0,0,1
64839,0,0,0,0,0,0,0,0,1
64840,0,0,0,0,0,0,0,0,1
64841,0,0,0,0,0,0,0,0,1
64842,0,0,0,0,0,0,0,0,1
64843,0,0,0,0,0,0,0,0,1
64844,0,0,0,0,0,0,0,0,1
64845,0,0,0,0,0,0,0,0,1
64846,0,0,0,0,0,0,0,0,1
64847,0,0,0,0,0,0,0,0,1
64848,0,0,0,0,0,0,0,0,1
64849,0,0,0,0,0,0,0,0,1
64850,0,0,0,0,0,0,0,0,1
64851,0,0,0,0,0,0,0,0,1
64852,0,0,0,0,0,0,0,0,1
64853,0,0,0,0,0,0,0,0,1
64854,0,0,0,0,0,0,0,0,1
64855,0,0,0,0,0,0,0,0,1
64856,0,0,0,0,0,0,0,0,1
64857,0,0,0,0,0,0,0,0,1
64858,0,0,0,0,0,0,0,0,1
64859,0,0,0,0,0,0,0,0,1
64860,0,0,0,0,0,0,0,0,1
64861,0,0,0,0,0,0,0,0,1
64862,0,0,0,0,0,0,0,0,1
64863,0,0,0,0,0,0,0,0,1
64864,0,0,0,0,0,0,0,0,1
64865,0,0,0,0,0,0,0,0,1
64866,0,0,0,0,0,0,0,0,1
64867,0,0,0,0,0,0,0,0,1
64868,0,0,0,0,0,0,0,0,1
64869,0,0,0,0,0,0,0,0,1
64870,0,0,0,0,0,0,0,0,1
64871,0,0,0,0,0,0,0,0,1
64872,0,0,0,0,0,0,0,0,1
64873,0,0,0,0,0,0,0,0,1
64874,0,0,0,0,0,0,0,0,1
64875,0,0,0,0,0,0,0,0,1
64876,0,0,0,0,0,0,0,0,1
64877,0,0,0,0,0,0,0,0,1
64878,0,0,0,0,0,0,0,0,1
64879,0,0,0,0,0,0,0,0,1
64880,0,0,0,0,0,0,0,0,1
64881,0,0,0,0,0,0,0,0,1
64882,0,0,0,0,0,0,0,0,1
64883,0,0,0,0,0,0,0,0,1
64884,0,0,0,0,0,0,0,0,1
64885,0,0,0,0,0,0,0,0,1
64886,0,0,0,0,0,0,0,0,1
64887,0,0,0,0,0,0,0,0,1
64888,0,0,0,0,0,0,0,0,1
64889,0,0,0,0,0,0,0,0,1
64890,0,0,0,0,0,0,0,0,1
64891,0,0,0,0,0,0,0,0,1
64892,0,0,0,0,0,0,0,0,1
64893,0,0,0,0,0,0,0,0,1
64894,0,0,0,0,0,0,0,0,1
64895,0,0,0,0,0,0,0,0,1
64896,0,0,0,0,0,0,0,0,1
64897,0,0,0,0,0,0,0,0,1
64898,0,0,0,0,0,0,0,0,1
64899,0,0,0,0,0,0,0,0,1
64900,0,0,0,0,0,0,0,0,1
64901,0,0,0,0,0,0,0,0,1
64902,0,0,0,0,0,0,0,0,1
64903,0,0,0,0,0,0,0,0,1
64904,0,0,0,0,0,0,0,0,1
64905,0,0,0,0,0,0,0,0,1
64906,0,0,0,0,0,0,0,0,1
64907,0,0,0,0,0,0,0,0,1
64908,0,0,0,0,0,0,0,0,1
64909,0,0,0,0,0,0,0,0,1
64910,0,0,0,0,0,0,0,0,1
64911,0,0,0,0,0,0,0,0,1
64912,0,0,0,0,0,0,0,0,1
64913,0,0,0,0,0,0,0,0,1
64914,0,0,0,0,0,0,0,0,1
64915,0,0,0,0,0,0,0,0,1
64916,0,0,0,0,0,0,0,0,1
64917,0,0,0,0,0,0,0,0,1
64918,0,0,0,0,0,0,0,0,1
64919,0,0,0,0,0,0,0,0,1
64920,0,0,0,0,0,0,0,0,1
64921,0,0,0,0,0,0,0,0,1
64922,0,0,0,0,0,0,0,0,1
64923,0,0,0,0,0,0,0,0,1
64924,0,0,0,0,0,0,0,0,1
64925,0,0,0,0,0,0,0,0,1
64926,0,0,0,0,0,0,0,0,1
64927,0,0,0,0,0,0,0,0,1
64928,0,0,0,0,0,0,0,0,1
64929,0,0,0,0,0,0,0,0,1
64930,0,0,0,0,0,0,0,0,1
64931,0,0,0,0,0,0,0,0,1
64932,0,0,0,0,0,0,0,0,1
64933,0,0,0,0,0,0,0,0,1
64934,0,0,0,0,0,0,0,0,1
64935,0,0,0,0,0,0,0,0,1
64936,0,0,0,0,0,0,0,0,1
64937,0,0,0,0,0,0,0,0,1
64938,0,0,0,0,0,0,0,0,1
64939,0,0,0,0,0,0,0,0,1
64940,0,0,0,0,0,0,0,0,1
64941,0,0,0,0,0,0,0,0,1
64942,0,0,0,0,0,0,0,0,1
64943,0,0,0,0,0,0,0,0,1
64944,0,0,0,0,0,0,0,0,1
64945,0,0,0,0,0,0,0,0,1
64946,0,0,0,0,0,0,0,0,1
64947,0,0,0,0,0,0,0,0,1
64948,0,0,0,0,0,0,0,0,1
64949,0,0,0,0,0,0,0,0,1
64950,0,0,0,0,0,0,0,0,1
64951,0,0,0,0,0,0,0,0,1
64952,0,0,0,0,0,0,0,0,1
64953,0,0,0,0,0,0,0,0,1
64954,0,0,0,0,0,0,0,0,1
64955,0,0,0,0,0,0,0,0,1
64956,0,0,0,0,0,0,0,0,1
64957,0,0,0,0,0,0,0,0,1
64958,0,0,0,0,0,0,0,0,1
64959,0,0,0,0,0,0,0,0,1
64960,0,0,0,0,0,0,0,0,1
64961,0,0,0,0,0,0,0,0,1
64962,0,0,0,0,0,0,0,0,1
64963,0,0,0,0,0,0,0,0,1
64964,0,0,0,0,0,0,0,0,1
64965,0,0,0,0,0,0,0,0,1
64966,0,0,0,0,0,0,0,0,1
64967,0,0,0,0,0,0,0,0,1
64968,0,0,0,0,0,0,0,0,1
64969,0,0,0,0,0,0,0,0,1
64970,0,0,0,0,0,0,0,0,1
64971,0,0,0,0,0,0,0,0,1
64972,0,0,0,0,0,0,0,0,1
64973,0,0,0,0,0,0,0,0,1
64974,0,0,0,0,0,0,0,0,1
64975,0,0,0,0,0,0,0,0,1
64976,0,0,0,0,0,0,0,0,1
64977,0,0,0,0,0,0,0,0,1
64978,0,0,0,0,0,0,0,0,1
64979,0,0,0,0,0,0,0,0,1
64980,0,0,0,0,0,0,0,0,1
64981,0,0,0,0,0,0,0,0,1
64982,0,0,0,0,0,0,0,0,1
64983,0,0,0,0,0,0,0,0,1
64984,0,0,0,0,0,0,0,0,1
64985,0,0,0,0,0,0,0,0,1
64986,0,0,0,0,0,0,0,0,1
64987,0,0,0,0,0,0,0,0,1
64988,0,0,0,0,0,0,0,0,1
64989,0,0,0,0,0,0,0,0,1
64990,0,0,0,0,0,0,0,0,1
64991,0,0,0,0,0,0,0,0,1
64992,0,0,0,0,0,0,0,0,1
64993,0,0,0,0,0,0,0,0,1
64994,0,0,0,0,0,0,0,0,1
64995,0,0,0,0,0,0,0,0,1
64996,0,0,0,0,0,0,0,0,1
64997,0,0,0,0,0,0,0,0,1
64998,0,0,0,0,0,0,0,0,1
64999,0,0,0,0,0,0,0,0,1
65000,0,0,0,0,0,0,0,0,1
65001,0,0,0,0,0,0,0,0,1
65002,0,0,0,0,0,0,0,0,1
65003,0,0,0,0,0,0,0,0,1
65004,0,0,0,0,0,0,0,0,1
65005,0,0,0,0,0,0,0,0,1
65006,0,0,0,0,0,0,0,0,1
65007,0,0,0,0,0,0,0,0,1
65008,0,0,0,0,0,0,0,0,1
65009,0,0,0,0,0,0,0,0,1
65010,0,0,0,0,0,0,0,0,1
65011,0,0,0,0,0,0,0,0,1
65012,0,0,0,0,0,0,0,0,1
65013,0,0,0,0,0,0,0,0,1
65014,0,0,0,0,0,0,0,0,1
65015,0,0,0,0,0,0,0,0,1
65016,0,0,0,0,0,0,0,0,1
65017,0,0,0,0,0,0,0,0,1
65018,0,0,0,0,0,0,0,0,1
65019,0,0,0,0,0,0,0,0,1
65020,0,0,0,0,0,0,0,0,1
65021,0,0,0,0,0,0,0,0,1
65022,0,0,0,0,0,0,0,0,1
65023,0,0,0,0,0,0,0,0,1
65024,0,0,0,0,0,0,0,0,1
65025,0,0,0,0,0,0,0,0,1
65026,0,0,0,0,0,0,0,0,1
65027,0,0,0,0,0,0,0,0,1
65028,0,0,0,0,0,0,0,0,1
65029,0,0,0,0,0,0,0,0,1
65030,0,0,0,0,0,0,0,0,1
65031,0,0,0,0,0,0,0,0,1
65032,0,0,0,0,0,0,0,0,1
65033,0,0,0,0,0,0,0,0,1
65034,0,0,0,0,0,0,0,0,1
65035,0,0,0,0,0,0,0,0,1
65036,0,0,0,0,0,0,0,0,1
65037,0,0,0,0,0,0,0,0,1
65038,0,0,0,0,0,0,0,0,1
65039,0,0,0,0,0,0,0,0,1
65040,0,0,0,0,0,0,0,0,1
65041,0,0,0,0,0,0,0,0,1
65042,0,0,0,0,0,0,0,0,1
65043,0,0,0,0,0,0,0,0,1
65044,0,0,0,0,0,0,0,0,1
65045,0,0,0,0,0,0,0,0,1
65046,0,0,0,0,0,0,0,0,1
65047,0,0,0,0,0,0,0,0,1
65048,0,0,0,0,0,0,0,0,1
65049,0,0,0,0,0,0,0,0,1
65050,0,0,0,0,0,0,0,0,1
65051,0,0,0,0,0,0,0,0,1
65052,0,0,0,0,0,0,0,0,1
65053,0,0,0,0,0,0,0,0,1
65054,0,0,0,0,0,0,0,0,1
65055,0,0,0,0,0,0,0,0,1
65056,0,0,0,0,0,0,0,0,1
65057,0,0,0,0,0,0,0,0,1
65058,0,0,0,0,0,0,0,0,1
65059,0,0,0,0,0,0,0,0,1
65060,0,0,0,0,0,0,0,0,1
65061,0,0,0,0,0,0,0,0,1
65062,0,0,0,0,0,0,0,0,1
65063,0,0,0,0,0,0,0,0,1
65064,0,0,0,0,0,0,0,0,1
65065,0,0,0,0,0,0,0,0,1
65066,0,0,0,0,0,0,0,0,1
65067,0,0,0,0,0,0,0,0,1
65068,0,0,0,0,0,0,0,0,1
65069,0,0,0,0,0,0,0,0,1
65070,0,0,0,0,0,0,0,0,1
65071,0,0,0,0,0,0,0,0,1
65072,0,0,0,0,0,0,0,0,1
65073,0,0,0,0,0,0,0,0,1
65074,0,0,0,0,0,0,0,0,1
65075,0,0,0,0,0,0,0,0,1
65076,0,0,0,0,0,0,0,0,1
65077,0,0,0,0,0,0,0,0,1
65078,0,0,0,0,0,0,0,0,1
65079,0,0,0,0,0,0,0,0,1
65080,0,0,0,0,0,0,0,0,1
65081,0,0,0,0,0,0,0,0,1
65082,0,0,0,0,0,0,0,0,1
65083,0,0,0,0,0,0,0,0,1
65084,0,0,0,0,0,0,0,0,1
65085,0,0,0,0,0,0,0,0,1
65086,0,0,0,0,0,0,0,0,1
65087,0,0,0,0,0,0,0,0,1
65088,0,0,0,0,0,0,0,0,1
65089,0,0,0,0,0,0,0,0,1
65090,0,0,0,0,0,0,0,0,1
65091,0,0,0,0,0,0,0,0,1
65092,0,0,0,0,0,0,0,0,1
65093,0,0,0,0,0,0,0,0,1
65094,0,0,0,0,0,0,0,0,1
65095,0,0,0,0,0,0,0,0,1
65096,0,0,0,0,0,0,0,0,1
65097,0,0,0,0,0,0,0,0,1
65098,0,0,0,0,0,0,0,0,1
65099,0,0,0,0,0,0,0,0,1
65100,0,0,0,0,0,0,0,0,1
65101,0,0,0,0,0,0,0,0,1
65102,0,0,0,0,0,0,0,0,1
65103,0,0,0,0,0,0,0,0,1
65104,0,0,0,0,0,0,0,0,1
65105,0,0,0,0,0,0,0,0,1
65106,0,0,0,0,0,0,0,0,1
65107,0,0,0,0,0,0,0,0,1
65108,0,0,0,0,0,0,0,0,1
65109,0,0,0,0,0,0,0,0,1
65110,0,0,0,0,0,0,0,0,1
65111,0,0,0,0,0,0,0,0,1
65112,0,0,0,0,0,0,0,0,1
65113,0,0,0,0,0,0,0,0,1
65114,0,0,0,0,0,0,0,0,1
65115,0,0,0,0,0,0,0,0,1
65116,0,0,0,0,0,0,0,0,1
65117,0,0,0,0,0,0,0,0,1
65118,0,0,0,0,0,0,0,0,1
65119,0,0,0,0,0,0,0,0,1
65120,0,0,0,0,0,0,0,0,1
65121,0,0,0,0,0,0,0,0,1
65122,0,0,0,0,0,0,0,0,1
65123,0,0,0,0,0,0,0,0,1
65124,0,0,0,0,0,0,0,0,1
65125,0,0,0,0,0,0,0,0,1
65126,0,0,0,0,0,0,0,0,1
65127,0,0,0,0,0,0,0,0,1
65128,0,0,0,0,0,0,0,0,1
65129,0,0,0,0,0,0,0,0,1
65130,0,0,0,0,0,0,0,0,1
65131,0,0,0,0,0,0,0,0,1
65132,0,0,0,0,0,0,0,0,1
65133,0,0,0,0,0,0,0,0,1
65134,0,0,0,0,0,0,0,0,1
65135,0,0,0,0,0,0,0,0,1
65136,0,0,0,0,0,0,0,0,1
65137,0,0,0,0,0,0,0,0,1
65138,0,0,0,0,0,0,0,0,1
65139,0,0,0,0,0,0,0,0,1
65140,0,0,0,0,0,0,0,0,1
65141,0,0,0,0,0,0,0,0,1
65142,0,0,0,0,0,0,0,0,1
65143,0,0,0,0,0,0,0,0,1
65144,0,0,0,0,0,0,0,0,1
65145,0,0,0,0,0,0,0,0,1
65146,0,0,0,0,0,0,0,0,1
65147,0,0,0,0,0,0,0,0,1
65148,0,0,0,0,0,0,0,0,1
65149,0,0,0,0,0,0,0,0,1
65150,0,0,0,0,0,0,0,0,1
65151,0,0,0,0,0,0,0,0,1
65152,0,0,0,0,0,0,0,0,1
65153,0,0,0,0,0,0,0,0,1
65154,0,0,0,0,0,0,0,0,1
65155,0,0,0,0,0,0,0,0,1
65156,0,0,0,0,0,0,0,0,1
65157,0,0,0,0,0,0,0,0,1
65158,0,0,0,0,0,0,0,0,1
65159,0,0,0,0,0,0,0,0,1
65160,0,0,0,0,0,0,0,0,1
65161,0,0,0,0,0,0,0,0,1
65162,0,0,0,0,0,0,0,0,1
65163,0,0,0,0,0,0,0,0,1
65164,0,0,0,0,0,0,0,0,1
65165,0,0,0,0,0,0,0,0,1
65166,0,0,0,0,0,0,0,0,1
65167,0,0,0,0,0,0,0,0,1
65168,0,0,0,0,0,0,0,0,1
65169,0,0,0,0,0,0,0,0,1
65170,0,0,0,0,0,0,0,0,1
65171,0,0,0,0,0,0,0,0,1
65172,0,0,0,0,0,0,0,0,1
65173,0,0,0,0,0,0,0,0,1
65174,0,0,0,0,0,0,0,0,1
65175,0,0,0,0,0,0,0,0,1
65176,0,0,0,0,0,0,0,0,1
65177,0,0,0,0,0,0,0,0,1
65178,0,0,0,0,0,0,0,0,1
65179,0,0,0,0,0,0,0,0,1
65180,0,0,0,0,0,0,0,0,1
65181,0,0,0,0,0,0,0,0,1
65182,0,0,0,0,0,0,0,0,1
65183,0,0,0,0,0,0,0,0,1
65184,0,0,0,0,0,0,0,0,1
65185,0,0,0,0,0,0,0,0,1
65186,0,0,0,0,0,0,0,0,1
65187,0,0,0,0,0,0,0,0,1
65188,0,0,0,0,0,0,0,0,1
65189,0,0,0,0,0,0,0,0,1
65190,0,0,0,0,0,0,0,0,1
65191,0,0,0,0,0,0,0,0,1
65192,0,0,0,0,0,0,0,0,1
65193,0,0,0,0,0,0,0,0,1
65194,0,0,0,0,0,0,0,0,1
65195,0,0,0,0,0,0,0,0,1
65196,0,0,0,0,0,0,0,0,1
65197,0,0,0,0,0,0,0,0,1
65198,0,0,0,0,0,0,0,0,1
65199,0,0,0,0,0,0,0,0,1
65200,0,0,0,0,0,0,0,0,1
65201,0,0,0,0,0,0,0,0,1
65202,0,0,0,0,0,0,0,0,1
65203,0,0,0,0,0,0,0,0,1
65204,0,0,0,0,0,0,0,0,1
65205,0,0,0,0,0,0,0,0,1
65206,0,0,0,0,0,0,0,0,1
65207,0,0,0,0,0,0,0,0,1
65208,0,0,0,0,0,0,0,0,1
65209,0,0,0,0,0,0,0,0,1
65210,0,0,0,0,0,0,0,0,1
65211,0,0,0,0,0,0,0,0,1
65212,0,0,0,0,0,0,0,0,1
65213,0,0,0,0,0,0,0,0,1
65214,0,0,0,0,0,0,0,0,1
65215,0,0,0,0,0,0,0,0,1
65216,0,0,0,0,0,0,0,0,1
65217,0,0,0,0,0,0,0,0,1
65218,0,0,0,0,0,0,0,0,1
65219,0,0,0,0,0,0,0,0,1
65220,0,0,0,0,0,0,0,0,1
65221,0,0,0,0,0,0,0,0,1
65222,0,0,0,0,0,0,0,0,1
65223,0,0,0,0,0,0,0,0,1
65224,0,0,0,0,0,0,0,0,1
65225,0,0,0,0,0,0,0,0,1
65226,0,0,0,0,0,0,0,0,1
65227,0,0,0,0,0,0,0,0,1
65228,0,0,0,0,0,0,0,0,1
65229,0,0,0,0,0,0,0,0,1
65230,0,0,0,0,0,0,0,0,1
65231,0,0,0,0,0,0,0,0,1
65232,0,0,0,0,0,0,0,0,1
65233,0,0,0,0,0,0,0,0,1
65234,0,0,0,0,0,0,0,0,1
65235,0,0,0,0,0,0,0,0,1
65236,0,0,0,0,0,0,0,0,1
65237,0,0,0,0,0,0,0,0,1
65238,0,0,0,0,0,0,0,0,1
65239,0,0,0,0,0,0,0,0,1
65240,0,0,0,0,0,0,0,0,1
65241,0,0,0,0,0,0,0,0,1
65242,0,0,0,0,0,0,0,0,1
65243,0,0,0,0,0,0,0,0,1
65244,0,0,0,0,0,0,0,0,1
65245,0,0,0,0,0,0,0,0,1
65246,0,0,0,0,0,0,0,0,1
65247,0,0,0,0,0,0,0,0,1
65248,0,0,0,0,0,0,0,0,1
65249,0,0,0,0,0,0,0,0,1
65250,0,0,0,0,0,0,0,0,1
65251,0,0,0,0,0,0,0,0,1
65252,0,0,0,0,0,0,0,0,1
65253,0,0,0,0,0,0,0,0,1
65254,0,0,0,0,0,0,0,0,1
65255,0,0,0,0,0,0,0,0,1
65256,0,0,0,0,0,0,0,0,1
65257,0,0,0,0,0,0,0,0,1
65258,0,0,0,0,0,0,0,0,1
65259,0,0,0,0,0,0,0,0,1
65260,0,0,0,0,0,0,0,0,1
65261,0,0,0,0,0,0,0,0,1
65262,0,0,0,0,0,0,0,0,1
65263,0,0,0,0,0,0,0,0,1
65264,0,0,0,0,0,0,0,0,1
65265,0,0,0,0,0,0,0,0,1
65266,0,0,0,0,0,0,0,0,1
65267,0,0,0,0,0,0,0,0,1
65268,0,0,0,0,0,0,0,0,1
65269,0,0,0,0,0,0,0,0,1
65270,0,0,0,0,0,0,0,0,1
65271,0,0,0,0,0,0,0,0,1
65272,0,0,0,0,0,0,0,0,1
65273,0,0,0,0,0,0,0,0,1
65274,0,0,0,0,0,0,0,0,1
65275,0,0,0,0,0,0,0,0,1
65276,0,0,0,0,0,0,0,0,1
65277,0,0,0,0,0,0,0,0,1
65278,0,0,0,0,0,0,0,0,1
65279,0,0,0,0,0,0,0,0,1
65280,0,0,0,0,0,0,0,0,1
65281,0,0,0,0,0,0,0,0,1
65282,0,0,0,0,0,0,0,0,1
65283,0,0,0,0,0,0,0,0,1
65284,0,0,0,0,0,0,0,0,1
65285,0,0,0,0,0,0,0,0,1
65286,0,0,0,0,0,0,0,0,1
65287,0,0,0,0,0,0,0,0,1
65288,0,0,0,0,0,0,0,0,1
65289,0,0,0,0,0,0,0,0,1
65290,0,0,0,0,0,0,0,0,1
65291,0,0,0,0,0,0,0,0,1
65292,0,0,0,0,0,0,0,0,1
65293,0,0,0,0,0,0,0,0,1
65294,0,0,0,0,0,0,0,0,1
65295,0,0,0,0,0,0,0,0,1
65296,0,0,0,0,0,0,0,0,1
65297,0,0,0,0,0,0,0,0,1
65298,0,0,0,0,0,0,0,0,1
65299,0,0,0,0,0,0,0,0,1
65300,0,0,0,0,0,0,0,0,1
65301,0,0,0,0,0,0,0,0,1
65302,0,0,0,0,0,0,0,0,1
65303,0,0,0,0,0,0,0,0,1
65304,0,0,0,0,0,0,0,0,1
65305,0,0,0,0,0,0,0,0,1
65306,0,0,0,0,0,0,0,0,1
65307,0,0,0,0,0,0,0,0,1
65308,0,0,0,0,0,0,0,0,1
65309,0,0,0,0,0,0,0,0,1
65310,0,0,0,0,0,0,0,0,1
65311,0,0,0,0,0,0,0,0,1
65312,0,0,0,0,0,0,0,0,1
65313,0,0,0,0,0,0,0,0,1
65314,0,0,0,0,0,0,0,0,1
65315,0,0,0,0,0,0,0,0,1
65316,0,0,0,0,0,0,0,0,1
65317,0,0,0,0,0,0,0,0,1
65318,0,0,0,0,0,0,0,0,1
65319,0,0,0,0,0,0,0,0,1
65320,0,0,0,0,0,0,0,0,1
65321,0,0,0,0,0,0,0,0,1
65322,0,0,0,0,0,0,0,0,1
65323,0,0,0,0,0,0,0,0,1
65324,0,0,0,0,0,0,0,0,1
65325,0,0,0,0,0,0,0,0,1
65326,0,0,0,0,0,0,0,0,1
65327,0,0,0,0,0,0,0,0,1
65328,0,0,0,0,0,0,0,0,1
65329,0,0,0,0,0,0,0,0,1
65330,0,0,0,0,0,0,0,0,1
65331,0,0,0,0,0,0,0,0,1
65332,0,0,0,0,0,0,0,0,1
65333,0,0,0,0,0,0,0,0,1
65334,0,0,0,0,0,0,0,0,1
65335,0,0,0,0,0,0,0,0,1
65336,0,0,0,0,0,0,0,0,1
65337,0,0,0,0,0,0,0,0,1
65338,0,0,0,0,0,0,0,0,1
65339,0,0,0,0,0,0,0,0,1
65340,0,0,0,0,0,0,0,0,1
65341,0,0,0,0,0,0,0,0,1
65342,0,0,0,0,0,0,0,0,1
65343,0,0,0,0,0,0,0,0,1
65344,0,0,0,0,0,0,0,0,1
65345,0,0,0,0,0,0,0,0,1
65346,0,0,0,0,0,0,0,0,1
65347,0,0,0,0,0,0,0,0,1
65348,0,0,0,0,0,0,0,0,1
65349,0,0,0,0,0,0,0,0,1
65350,0,0,0,0,0,0,0,0,1
65351,0,0,0,0,0,0,0,0,1
65352,0,0,0,0,0,0,0,0,1
65353,0,0,0,0,0,0,0,0,1
65354,0,0,0,0,0,0,0,0,1
65355,0,0,0,0,0,0,0,0,1
65356,0,0,0,0,0,0,0,0,1
65357,0,0,0,0,0,0,0,0,1
65358,0,0,0,0,0,0,0,0,1
65359,0,0,0,0,0,0,0,0,1
65360,0,0,0,0,0,0,0,0,1
65361,0,0,0,0,0,0,0,0,1
65362,0,0,0,0,0,0,0,0,1
65363,0,0,0,0,0,0,0,0,1
65364,0,0,0,0,0,0,0,0,1
65365,0,0,0,0,0,0,0,0,1
65366,0,0,0,0,0,0,0,0,1
65367,0,0,0,0,0,0,0,0,1
65368,0,0,0,0,0,0,0,0,1
65369,0,0,0,0,0,0,0,0,1
65370,0,0,0,0,0,0,0,0,1
65371,0,0,0,0,0,0,0,0,1
65372,0,0,0,0,0,0,0,0,1
65373,0,0,0,0,0,0,0,0,1
65374,0,0,0,0,0,0,0,0,1
65375,0,0,0,0,0,0,0,0,1
65376,0,0,0,0,0,0,0,0,1
65377,0,0,0,0,0,0,0,0,1
65378,0,0,0,0,0,0,0,0,1
65379,0,0,0,0,0,0,0,0,1
65380,0,0,0,0,0,0,0,0,1
65381,0,0,0,0,0,0,0,0,1
65382,0,0,0,0,0,0,0,0,1
65383,0,0,0,0,0,0,0,0,1
65384,0,0,0,0,0,0,0,0,1
65385,0,0,0,0,0,0,0,0,1
65386,0,0,0,0,0,0,0,0,1
65387,0,0,0,0,0,0,0,0,1
65388,0,0,0,0,0,0,0,0,1
65389,0,0,0,0,0,0,0,0,1
65390,0,0,0,0,0,0,0,0,1
65391,0,0,0,0,0,0,0,0,1
65392,0,0,0,0,0,0,0,0,1
65393,0,0,0,0,0,0,0,0,1
65394,0,0,0,0,0,0,0,0,1
65395,0,0,0,0,0,0,0,0,1
65396,0,0,0,0,0,0,0,0,1
65397,0,0,0,0,0,0,0,0,1
65398,0,0,0,0,0,0,0,0,1
65399,0,0,0,0,0,0,0,0,1
65400,0,0,0,0,0,0,0,0,1
65401,0,0,0,0,0,0,0,0,1
65402,0,0,0,0,0,0,0,0,1
65403,0,0,0,0,0,0,0,0,1
65404,0,0,0,0,0,0,0,0,1
65405,0,0,0,0,0,0,0,0,1
65406,0,0,0,0,0,0,0,0,1
65407,0,0,0,0,0,0,0,0,1
65408,0,0,0,0,0,0,0,0,1
65409,0,0,0,0,0,0,0,0,1
65410,0,0,0,0,0,0,0,0,1
65411,0,0,0,0,0,0,0,0,1
65412,0,0,0,0,0,0,0,0,1
65413,0,0,0,0,0,0,0,0,1
65414,0,0,0,0,0,0,0,0,1
65415,0,0,0,0,0,0,0,0,1
65416,0,0,0,0,0,0,0,0,1
65417,0,0,0,0,0,0,0,0,1
65418,0,0,0,0,0,0,0,0,1
65419,0,0,0,0,0,0,0,0,1
65420,0,0,0,0,0,0,0,0,1
65421,0,0,0,0,0,0,0,0,1
65422,0,0,0,0,0,0,0,0,1
65423,0,0,0,0,0,0,0,0,1
65424,0,0,0,0,0,0,0,0,1
65425,0,0,0,0,0,0,0,0,1
65426,0,0,0,0,0,0,0,0,1
65427,0,0,0,0,0,0,0,0,1
65428,0,0,0,0,0,0,0,0,1
65429,0,0,0,0,0,0,0,0,1
65430,0,0,0,0,0,0,0,0,1
65431,0,0,0,0,0,0,0,0,1
65432,0,0,0,0,0,0,0,0,1
65433,0,0,0,0,0,0,0,0,1
65434,0,0,0,0,0,0,0,0,1
65435,0,0,0,0,0,0,0,0,1
65436,0,0,0,0,0,0,0,0,1
65437,0,0,0,0,0,0,0,0,1
65438,0,0,0,0,0,0,0,0,1
65439,0,0,0,0,0,0,0,0,1
65440,0,0,0,0,0,0,0,0,1
65441,0,0,0,0,0,0,0,0,1
65442,0,0,0,0,0,0,0,0,1
65443,0,0,0,0,0,0,0,0,1
65444,0,0,0,0,0,0,0,0,1
65445,0,0,0,0,0,0,0,0,1
65446,0,0,0,0,0,0,0,0,1
65447,0,0,0,0,0,0,0,0,1
65448,0,0,0,0,0,0,0,0,1
65449,0,0,0,0,0,0,0,0,1
65450,0,0,0,0,0,0,0,0,1
65451,0,0,0,0,0,0,0,0,1
65452,0,0,0,0,0,0,0,0,1
65453,0,0,0,0,0,0,0,0,1
65454,0,0,0,0,0,0,0,0,1
65455,0,0,0,0,0,0,0,0,1
65456,0,0,0,0,0,0,0,0,1
65457,0,0,0,0,0,0,0,0,1
65458,0,0,0,0,0,0,0,0,1
65459,0,0,0,0,0,0,0,0,1
65460,0,0,0,0,0,0,0,0,1
65461,0,0,0,0,0,0,0,0,1
65462,0,0,0,0,0,0,0,0,1
65463,0,0,0,0,0,0,0,0,1
65464,0,0,0,0,0,0,0,0,1
65465,0,0,0,0,0,0,0,0,1
65466,0,0,0,0,0,0,0,0,1
65467,0,0,0,0,0,0,0,0,1
65468,0,0,0,0,0,0,0,0,1
65469,0,0,0,0,0,0,0,0,1
65470,0,0,0,0,0,0,0,0,1
65471,0,0,0,0,0,0,0,0,1
65472,0,0,0,0,0,0,0,0,1
65473,0,0,0,0,0,0,0,0,1
65474,0,0,0,0,0,0,0,0,1
65475,0,0,0,0,0,0,0,0,1
65476,0,0,0,0,0,0,0,0,1
65477,0,0,0,0,0,0,0,0,1
65478,0,0,0,0,0,0,0,0,1
65479,0,0,0,0,0,0,0,0,1
65480,0,0,0,0,0,0,0,0,1
65481,0,0,0,0,0,0,0,0,1
65482,0,0,0,0,0,0,0,0,1
65483,0,0,0,0,0,0,0,0,1
65484,0,0,0,0,0,0,0,0,1
65485,0,0,0,0,0,0,0,0,1
65486,0,0,0,0,0,0,0,0,1
65487,0,0,0,0,0,0,0,0,1
65488,0,0,0,0,0,0,0,0,1
65489,0,0,0,0,0,0,0,0,1
65490,0,0,0,0,0,0,0,0,1
65491,0,0,0,0,0,0,0,0,1
65492,0,0,0,0,0,0,0,0,1
65493,0,0,0,0,0,0,0,0,1
65494,0,0,0,0,0,0,0,0,1
65495,0,0,0,0,0,0,0,0,1
65496,0,0,0,0,0,0,0,0,1
65497,0,0,0,0,0,0,0,0,1
65498,0,0,0,0,0,0,0,0,1
65499,0,0,0,0,0,0,0,0,1
65500,0,0,0,0,0,0,0,0,1
65501,0,0,0,0,0,0,0,0,1
65502,0,0,0,0,0,0,0,0,1
65503,0,0,0,0,0,0,0,0,1
65504,0,0,0,0,0,0,0,0,1
65505,0,0,0,0,0,0,0,0,1
65506,0,0,0,0,0,0,0,0,1
65507,0,0,0,0,0,0,0,0,1
65508,0,0,0,0,0,0,0,0,1
65509,0,0,0,0,0,0,0,0,1
65510,0,0,0,0,0,0,0,0,1
65511,0,0,0,0,0,0,0,0,1
65512,0,0,0,0,0,0,0,0,1
65513,0,0,0,0,0,0,0,0,1
65514,0,0,0,0,0,0,0,0,1
65515,0,0,0,0,0,0,0,0,1
65516,0,0,0,0,0,0,0,0,1
65517,0,0,0,0,0,0,0,0,1
65518,0,0,0,0,0,0,0,0,1
65519,0,0,0,0,0,0,0,0,1
65520,0,0,0,0,0,0,0,0,1
65521,0,0,0,0,0,0,0,0,1
65522,0,0,0,0,0,0,0,0,1
65523,0,0,0,0,0,0,0,0,1
65524,0,0,0,0,0,0,0,0,1
65525,0,0,0,0,0,0,0,0,1
65526,0,0,0,0,0,0,0,0,1
65527,0,0,0,0,0,0,0,0,1
65528,0,0,0,0,0,0,0,0,1
65529,0,0,0,0,0,0,0,0,1
65530,0,0,0,0,0,0,0,0,1
65531,0,0,0,0,0,0,0,0,1
65532,0,0,0,0,0,0,0,0,1
65533,0,0,0,0,0,0,0,0,1
65534,0,0,0,0,0,0,0,0,1
65535,0,0,0,0,0,0,0,0,1
65536,0,0,0,0,0,0,0,0,1
65537,0,0,0,0,0,0,0,0,1
65538,0,0,0,0,0,0,0,0,1
65539,0,0,0,0,0,0,0,0,1
65540,0,0,0,0,0,0,0,0,1
65541,0,0,0,0,0,0,0,0,1
65542,0,0,0,0,0,0,0,0,1
65543,0,0,0,0,0,0,0,0,1
65544,0,0,0,0,0,0,0,0,1
65545,0,0,0,0,0,0,0,0,1
65546,0,0,0,0,0,0,0,0,1
65547,0,0,0,0,0,0,0,0,1
65548,0,0,0,0,0,0,0,0,1
65549,0,0,0,0,0,0,0,0,1
65550,0,0,0,0,0,0,0,0,1
65551,0,0,0,0,0,0,0,0,1
65552,0,0,0,0,0,0,0,0,1
65553,0,0,0,0,0,0,0,0,1
65554,0,0,0,0,0,0,0,0,1
65555,0,0,0,0,0,0,0,0,1
65556,0,0,0,0,0,0,0,0,1
65557,0,0,0,0,0,0,0,0,1
65558,0,0,0,0,0,0,0,0,1
65559,0,0,0,0,0,0,0,0,1
65560,0,0,0,0,0,0,0,0,1
65561,0,0,0,0,0,0,0,0,1
65562,0,0,0,0,0,0,0,0,1
65563,0,0,0,0,0,0,0,0,1
65564,0,0,0,0,0,0,0,0,1
65565,0,0,0,0,0,0,0,0,1
65566,0,0,0,0,0,0,0,0,1
65567,0,0,0,0,0,0,0,0,1
65568,0,0,0,0,0,0,0,0,1
65569,0,0,0,0,0,0,0,0,1
65570,0,0,0,0,0,0,0,0,1
65571,0,0,0,0,0,0,0,0,1
65572,0,0,0,0,0,0,0,0,1
65573,0,0,0,0,0,0,0,0,1
65574,0,0,0,0,0,0,0,0,1
65575,0,0,0,0,0,0,0,0,1
65576,0,0,0,0,0,0,0,0,1
65577,0,0,0,0,0,0,0,0,1
65578,0,0,0,0,0,0,0,0,1
65579,0,0,0,0,0,0,0,0,1
65580,0,0,0,0,0,0,0,0,1
65581,0,0,0,0,0,0,0,0,1
65582,0,0,0,0,0,0,0,0,1
65583,0,0,0,0,0,0,0,0,1
65584,0,0,0,0,0,0,0,0,1
65585,0,0,0,0,0,0,0,0,1
65586,0,0,0,0,0,0,0,0,1
65587,0,0,0,0,0,0,0,0,1
65588,0,0,0,0,0,0,0,0,1
65589,0,0,0,0,0,0,0,0,1
65590,0,0,0,0,0,0,0,0,1
65591,0,0,0,0,0,0,0,0,1
65592,0,0,0,0,0,0,0,0,1
65593,0,0,0,0,0,0,0,0,1
65594,0,0,0,0,0,0,0,0,1
65595,0,0,0,0,0,0,0,0,1
65596,0,0,0,0,0,0,0,0,1
65597,0,0,0,0,0,0,0,0,1
65598,0,0,0,0,0,0,0,0,1
65599,0,0,0,0,0,0,0,0,1
65600,0,0,0,0,0,0,0,0,1
65601,0,0,0,0,0,0,0,0,1
65602,0,0,0,0,0,0,0,0,1
65603,0,0,0,0,0,0,0,0,1
65604,0,0,0,0,0,0,0,0,1
65605,0,0,0,0,0,0,0,0,1
65606,0,0,0,0,0,0,0,0,1
65607,0,0,0,0,0,0,0,0,1
65608,0,0,0,0,0,0,0,0,1
65609,0,0,0,0,0,0,0,0,1
65610,0,0,0,0,0,0,0,0,1
65611,0,0,0,0,0,0,0,0,1
65612,0,0,0,0,0,0,0,0,1
65613,0,0,0,0,0,0,0,0,1
65614,0,0,0,0,0,0,0,0,1
65615,0,0,0,0,0,0,0,0,1
65616,0,0,0,0,0,0,0,0,1
65617,0,0,0,0,0,0,0,0,1
65618,0,0,0,0,0,0,0,0,1
65619,0,0,0,0,0,0,0,0,1
65620,0,0,0,0,0,0,0,0,1
65621,0,0,0,0,0,0,0,0,1
65622,0,0,0,0,0,0,0,0,1
65623,0,0,0,0,0,0,0,0,1
65624,0,0,0,0,0,0,0,0,1
65625,0,0,0,0,0,0,0,0,1
65626,0,0,0,0,0,0,0,0,1
65627,0,0,0,0,0,0,0,0,1
65628,0,0,0,0,0,0,0,0,1
65629,0,0,0,0,0,0,0,0,1
65630,0,0,0,0,0,0,0,0,1
65631,0,0,0,0,0,0,0,0,1
65632,0,0,0,0,0,0,0,0,1
65633,0,0,0,0,0,0,0,0,1
65634,0,0,0,0,0,0,0,0,1
65635,0,0,0,0,0,0,0,0,1
65636,0,0,0,0,0,0,0,0,1
65637,0,0,0,0,0,0,0,0,1
65638,0,0,0,0,0,0,0,0,1
65639,0,0,0,0,0,0,0,0,1
65640,0,0,0,0,0,0,0,0,1
65641,0,0,0,0,0,0,0,0,1
65642,0,0,0,0,0,0,0,0,1
65643,0,0,0,0,0,0,0,0,1
65644,0,0,0,0,0,0,0,0,1
65645,0,0,0,0,0,0,0,0,1
65646,0,0,0,0,0,0,0,0,1
65647,0,0,0,0,0,0,0,0,1
65648,0,0,0,0,0,0,0,0,1
65649,0,0,0,0,0,0,0,0,1
65650,0,0,0,0,0,0,0,0,1
65651,0,0,0,0,0,0,0,0,1
65652,0,0,0,0,0,0,0,0,1
65653,0,0,0,0,0,0,0,0,1
65654,0,0,0,0,0,0,0,0,1
65655,0,0,0,0,0,0,0,0,1
65656,0,0,0,0,0,0,0,0,1
65657,0,0,0,0,0,0,0,0,1
65658,0,0,0,0,0,0,0,0,1
65659,0,0,0,0,0,0,0,0,1
65660,0,0,0,0,0,0,0,0,1
65661,0,0,0,0,0,0,0,0,1
65662,0,0,0,0,0,0,0,0,1
65663,0,0,0,0,0,0,0,0,1
65664,0,0,0,0,0,0,0,0,1
65665,0,0,0,0,0,0,0,0,1
65666,0,0,0,0,0,0,0,0,1
65667,0,0,0,0,0,0,0,0,1
65668,0,0,0,0,0,0,0,0,1
65669,0,0,0,0,0,0,0,0,1
65670,0,0,0,0,0,0,0,0,1
65671,0,0,0,0,0,0,0,0,1
65672,0,0,0,0,0,0,0,0,1
65673,0,0,0,0,0,0,0,0,1
65674,0,0,0,0,0,0,0,0,1
65675,0,0,0,0,0,0,0,0,1
65676,0,0,0,0,0,0,0,0,1
65677,0,0,0,0,0,0,0,0,1
65678,0,0,0,0,0,0,0,0,1
65679,0,0,0,0,0,0,0,0,1
65680,0,0,0,0,0,0,0,0,1
65681,0,0,0,0,0,0,0,0,1
65682,0,0,0,0,0,0,0,0,1
65683,0,0,0,0,0,0,0,0,1
65684,0,0,0,0,0,0,0,0,1
65685,0,0,0,0,0,0,0,0,1
65686,0,0,0,0,0,0,0,0,1
65687,0,0,0,0,0,0,0,0,1
65688,0,0,0,0,0,0,0,0,1
65689,0,0,0,0,0,0,0,0,1
65690,0,0,0,0,0,0,0,0,1
65691,0,0,0,0,0,0,0,0,1
65692,0,0,0,0,0,0,0,0,1
65693,0,0,0,0,0,0,0,0,1
65694,0,0,0,0,0,0,0,0,1
65695,0,0,0,0,0,0,0,0,1
65696,0,0,0,0,0,0,0,0,1
65697,0,0,0,0,0,0,0,0,1
65698,0,0,0,0,0,0,0,0,1
65699,0,0,0,0,0,0,0,0,1
65700,0,0,0,0,0,0,0,0,1
65701,0,0,0,0,0,0,0,0,1
65702,0,0,0,0,0,0,0,0,1
65703,0,0,0,0,0,0,0,0,1
65704,0,0,0,0,0,0,0,0,1
65705,0,0,0,0,0,0,0,0,1
65706,0,0,0,0,0,0,0,0,1
65707,0,0,0,0,0,0,0,0,1
65708,0,0,0,0,0,0,0,0,1
65709,0,0,0,0,0,0,0,0,1
65710,0,0,0,0,0,0,0,0,1
65711,0,0,0,0,0,0,0,0,1
65712,0,0,0,0,0,0,0,0,1
65713,0,0,0,0,0,0,0,0,1
65714,0,0,0,0,0,0,0,0,1
65715,0,0,0,0,0,0,0,0,1
65716,0,0,0,0,0,0,0,0,1
65717,0,0,0,0,0,0,0,0,1
65718,0,0,0,0,0,0,0,0,1
65719,0,0,0,0,0,0,0,0,1
65720,0,0,0,0,0,0,0,0,1
65721,0,0,0,0,0,0,0,0,1
65722,0,0,0,0,0,0,0,0,1
65723,0,0,0,0,0,0,0,0,1
65724,0,0,0,0,0,0,0,0,1
65725,0,0,0,0,0,0,0,0,1
65726,0,0,0,0,0,0,0,0,1
65727,0,0,0,0,0,0,0,0,1
65728,0,0,0,0,0,0,0,0,1
65729,0,0,0,0,0,0,0,0,1
65730,0,0,0,0,0,0,0,0,1
65731,0,0,0,0,0,0,0,0,1
65732,0,0,0,0,0,0,0,0,1
65733,0,0,0,0,0,0,0,0,1
65734,0,0,0,0,0,0,0,0,1
65735,0,0,0,0,0,0,0,0,1
65736,0,0,0,0,0,0,0,0,1
65737,0,0,0,0,0,0,0,0,1
65738,0,0,0,0,0,0,0,0,1
65739,0,0,0,0,0,0,0,0,1
65740,0,0,0,0,0,0,0,0,1
65741,0,0,0,0,0,0,0,0,1
65742,0,0,0,0,0,0,0,0,1
65743,0,0,0,0,0,0,0,0,1
65744,0,0,0,0,0,0,0,0,1
65745,0,0,0,0,0,0,0,0,1
65746,0,0,0,0,0,0,0,0,1
65747,0,0,0,0,0,0,0,0,1
65748,0,0,0,0,0,0,0,0,1
65749,0,0,0,0,0,0,0,0,1
65750,0,0,0,0,0,0,0,0,1
65751,0,0,0,0,0,0,0,0,1
65752,0,0,0,0,0,0,0,0,1
65753,0,0,0,0,0,0,0,0,1
65754,0,0,0,0,0,0,0,0,1
65755,0,0,0,0,0,0,0,0,1
65756,0,0,0,0,0,0,0,0,1
65757,0,0,0,0,0,0,0,0,1
65758,0,0,0,0,0,0,0,0,1
65759,0,0,0,0,0,0,0,0,1
65760,0,0,0,0,0,0,0,0,1
65761,0,0,0,0,0,0,0,0,1
65762,0,0,0,0,0,0,0,0,1
65763,0,0,0,0,0,0,0,0,1
65764,0,0,0,0,0,0,0,0,1
65765,0,0,0,0,0,0,0,0,1
65766,0,0,0,0,0,0,0,0,1
65767,0,0,0,0,0,0,0,0,1
65768,0,0,0,0,0,0,0,0,1
65769,0,0,0,0,0,0,0,0,1
65770,0,0,0,0,0,0,0,0,1
65771,0,0,0,0,0,0,0,0,1
65772,0,0,0,0,0,0,0,0,1
65773,0,0,0,0,0,0,0,0,1
65774,0,0,0,0,0,0,0,0,1
65775,0,0,0,0,0,0,0,0,1
65776,0,0,0,0,0,0,0,0,1
65777,0,0,0,0,0,0,0,0,1
65778,0,0,0,0,0,0,0,0,1
65779,0,0,0,0,0,0,0,0,1
65780,0,0,0,0,0,0,0,0,1
65781,0,0,0,0,0,0,0,0,1
65782,0,0,0,0,0,0,0,0,1
65783,0,0,0,0,0,0,0,0,1
65784,0,0,0,0,0,0,0,0,1
65785,0,0,0,0,0,0,0,0,1
65786,0,0,0,0,0,0,0,0,1
65787,0,0,0,0,0,0,0,0,1
65788,0,0,0,0,0,0,0,0,1
65789,0,0,0,0,0,0,0,0,1
65790,0,0,0,0,0,0,0,0,1
65791,0,0,0,0,0,0,0,0,1
65792,0,0,0,0,0,0,0,0,1
65793,0,0,0,0,0,0,0,0,1
65794,0,0,0,0,0,0,0,0,1
65795,0,0,0,0,0,0,0,0,1
65796,0,0,0,0,0,0,0,0,1
65797,0,0,0,0,0,0,0,0,1
65798,0,0,0,0,0,0,0,0,1
65799,0,0,0,0,0,0,0,0,1
65800,0,0,0,0,0,0,0,0,1
65801,0,0,0,0,0,0,0,0,1
65802,0,0,0,0,0,0,0,0,1
65803,0,0,0,0,0,0,0,0,1
65804,0,0,0,0,0,0,0,0,1
65805,0,0,0,0,0,0,0,0,1
65806,0,0,0,0,0,0,0,0,1
65807,0,0,0,0,0,0,0,0,1
65808,0,0,0,0,0,0,0,0,1
65809,0,0,0,0,0,0,0,0,1
65810,0,0,0,0,0,0,0,0,1
65811,0,0,0,0,0,0,0,0,1
65812,0,0,0,0,0,0,0,0,1
65813,0,0,0,0,0,0,0,0,1
65814,0,0,0,0,0,0,0,0,1
65815,0,0,0,0,0,0,0,0,1
65816,0,0,0,0,0,0,0,0,1
65817,0,0,0,0,0,0,0,0,1
65818,0,0,0,0,0,0,0,0,1
65819,0,0,0,0,0,0,0,0,1
65820,0,0,0,0,0,0,0,0,1
65821,0,0,0,0,0,0,0,0,1
65822,0,0,0,0,0,0,0,0,1
65823,0,0,0,0,0,0,0,0,1
65824,0,0,0,0,0,0,0,0,1
65825,0,0,0,0,0,0,0,0,1
65826,0,0,0,0,0,0,0,0,1
65827,0,0,0,0,0,0,0,0,1
65828,0,0,0,0,0,0,0,0,1
65829,0,0,0,0,0,0,0,0,1
65830,0,0,0,0,0,0,0,0,1
65831,0,0,0,0,0,0,0,0,1
65832,0,0,0,0,0,0,0,0,1
65833,0,0,0,0,0,0,0,0,1
65834,0,0,0,0,0,0,0,0,1
65835,0,0,0,0,0,0,0,0,1
65836,0,0,0,0,0,0,0,0,1
65837,0,0,0,0,0,0,0,0,1
65838,0,0,0,0,0,0,0,0,1
65839,0,0,0,0,0,0,0,0,1
65840,0,0,0,0,0,0,0,0,1
65841,0,0,0,0,0,0,0,0,1
65842,0,0,0,0,0,0,0,0,1
65843,0,0,0,0,0,0,0,0,1
65844,0,0,0,0,0,0,0,0,1
65845,0,0,0,0,0,0,0,0,1
65846,0,0,0,0,0,0,0,0,1
65847,0,0,0,0,0,0,0,0,1
65848,0,0,0,0,0,0,0,0,1
65849,0,0,0,0,0,0,0,0,1
65850,0,0,0,0,0,0,0,0,1
65851,0,0,0,0,0,0,0,0,1
65852,0,0,0,0,0,0,0,0,1
65853,0,0,0,0,0,0,0,0,1
65854,0,0,0,0,0,0,0,0,1
65855,0,0,0,0,0,0,0,0,1
65856,0,0,0,0,0,0,0,0,1
65857,0,0,0,0,0,0,0,0,1
65858,0,0,0,0,0,0,0,0,1
65859,0,0,0,0,0,0,0,0,1
65860,0,0,0,0,0,0,0,0,1
65861,0,0,0,0,0,0,0,0,1
65862,0,0,0,0,0,0,0,0,1
65863,0,0,0,0,0,0,0,0,1
65864,0,0,0,0,0,0,0,0,1
65865,0,0,0,0,0,0,0,0,1
65866,0,0,0,0,0,0,0,0,1
65867,0,0,0,0,0,0,0,0,1
65868,0,0,0,0,0,0,0,0,1
65869,0,0,0,0,0,0,0,0,1
65870,0,0,0,0,0,0,0,0,1
65871,0,0,0,0,0,0,0,0,1
65872,0,0,0,0,0,0,0,0,1
65873,0,0,0,0,0,0,0,0,1
65874,0,0,0,0,0,0,0,0,1
65875,0,0,0,0,0,0,0,0,1
65876,0,0,0,0,0,0,0,0,1
65877,0,0,0,0,0,0,0,0,1
65878,0,0,0,0,0,0,0,0,1
65879,0,0,0,0,0,0,0,0,1
65880,0,0,0,0,0,0,0,0,1
65881,0,0,0,0,0,0,0,0,1
65882,0,0,0,0,0,0,0,0,1
65883,0,0,0,0,0,0,0,0,1
65884,0,0,0,0,0,0,0,0,1
65885,0,0,0,0,0,0,0,0,1
65886,0,0,0,0,0,0,0,0,1
65887,0,0,0,0,0,0,0,0,1
65888,0,0,0,0,0,0,0,0,1
65889,0,0,0,0,0,0,0,0,1
65890,0,0,0,0,0,0,0,0,1
65891,0,0,0,0,0,0,0,0,1
65892,0,0,0,0,0,0,0,0,1
65893,0,0,0,0,0,0,0,0,1
65894,0,0,0,0,0,0,0,0,1
65895,0,0,0,0,0,0,0,0,1
65896,0,0,0,0,0,0,0,0,1
65897,0,0,0,0,0,0,0,0,1
65898,0,0,0,0,0,0,0,0,1
65899,0,0,0,0,0,0,0,0,1
65900,0,0,0,0,0,0,0,0,1
65901,0,0,0,0,0,0,0,0,1
65902,0,0,0,0,0,0,0,0,1
65903,0,0,0,0,0,0,0,0,1
65904,0,0,0,0,0,0,0,0,1
65905,0,0,0,0,0,0,0,0,1
65906,0,0,0,0,0,0,0,0,1
65907,0,0,0,0,0,0,0,0,1
65908,0,0,0,0,0,0,0,0,1
65909,0,0,0,0,0,0,0,0,1
65910,0,0,0,0,0,0,0,0,1
65911,0,0,0,0,0,0,0,0,1
65912,0,0,0,0,0,0,0,0,1
65913,0,0,0,0,0,0,0,0,1
65914,0,0,0,0,0,0,0,0,1
65915,0,0,0,0,0,0,0,0,1
65916,0,0,0,0,0,0,0,0,1
65917,0,0,0,0,0,0,0,0,1
65918,0,0,0,0,0,0,0,0,1
65919,0,0,0,0,0,0,0,0,1
65920,0,0,0,0,0,0,0,0,1
65921,0,0,0,0,0,0,0,0,1
65922,0,0,0,0,0,0,0,0,1
65923,0,0,0,0,0,0,0,0,1
65924,0,0,0,0,0,0,0,0,1
65925,0,0,0,0,0,0,0,0,1
65926,0,0,0,0,0,0,0,0,1
65927,0,0,0,0,0,0,0,0,1
65928,0,0,0,0,0,0,0,0,1
65929,0,0,0,0,0,0,0,0,1
65930,0,0,0,0,0,0,0,0,1
65931,0,0,0,0,0,0,0,0,1
65932,0,0,0,0,0,0,0,0,1
65933,0,0,0,0,0,0,0,0,1
65934,0,0,0,0,0,0,0,0,1
65935,0,0,0,0,0,0,0,0,1
65936,0,0,0,0,0,0,0,0,1
65937,0,0,0,0,0,0,0,0,1
65938,0,0,0,0,0,0,0,0,1
65939,0,0,0,0,0,0,0,0,1
65940,0,0,0,0,0,0,0,0,1
65941,0,0,0,0,0,0,0,0,1
65942,0,0,0,0,0,0,0,0,1
65943,0,0,0,0,0,0,0,0,1
65944,0,0,0,0,0,0,0,0,1
65945,0,0,0,0,0,0,0,0,1
65946,0,0,0,0,0,0,0,0,1
65947,0,0,0,0,0,0,0,0,1
65948,0,0,0,0,0,0,0,0,1
65949,0,0,0,0,0,0,0,0,1
65950,0,0,0,0,0,0,0,0,1
65951,0,0,0,0,0,0,0,0,1
65952,0,0,0,0,0,0,0,0,1
65953,0,0,0,0,0,0,0,0,1
65954,0,0,0,0,0,0,0,0,1
65955,0,0,0,0,0,0,0,0,1
65956,0,0,0,0,0,0,0,0,1
65957,0,0,0,0,0,0,0,0,1
65958,0,0,0,0,0,0,0,0,1
65959,0,0,0,0,0,0,0,0,1
65960,0,0,0,0,0,0,0,0,1
65961,0,0,0,0,0,0,0,0,1
65962,0,0,0,0,0,0,0,0,1
65963,0,0,0,0,0,0,0,0,1
65964,0,0,0,0,0,0,0,0,1
65965,0,0,0,0,0,0,0,0,1
65966,0,0,0,0,0,0,0,0,1
65967,0,0,0,0,0,0,0,0,1
65968,0,0,0,0,0,0,0,0,1
65969,0,0,0,0,0,0,0,0,1
65970,0,0,0,0,0,0,0,0,1
65971,0,0,0,0,0,0,0,0,1
65972,0,0,0,0,0,0,0,0,1
65973,0,0,0,0,0,0,0,0,1
65974,0,0,0,0,0,0,0,0,1
65975,0,0,0,0,0,0,0,0,1
65976,0,0,0,0,0,0,0,0,1
65977,0,0,0,0,0,0,0,0,1
65978,0,0,0,0,0,0,0,0,1
65979,0,0,0,0,0,0,0,0,1
65980,0,0,0,0,0,0,0,0,1
65981,0,0,0,0,0,0,0,0,1
65982,0,0,0,0,0,0,0,0,1
65983,0,0,0,0,0,0,0,0,1
65984,0,0,0,0,0,0,0,0,1
65985,0,0,0,0,0,0,0,0,1
65986,0,0,0,0,0,0,0,0,1
65987,0,0,0,0,0,0,0,0,1
65988,0,0,0,0,0,0,0,0,1
65989,0,0,0,0,0,0,0,0,1
65990,0,0,0,0,0,0,0,0,1
65991,0,0,0,0,0,0,0,0,1
65992,0,0,0,0,0,0,0,0,1
65993,0,0,0,0,0,0,0,0,1
65994,0,0,0,0,0,0,0,0,1
65995,0,0,0,0,0,0,0,0,1
65996,0,0,0,0,0,0,0,0,1
65997,0,0,0,0,0,0,0,0,1
65998,0,0,0,0,0,0,0,0,1
65999,0,0,0,0,0,0,0,0,1
66000,0,0,0,0,0,0,0,0,1
66001,0,0,0,0,0,0,0,0,1
66002,0,0,0,0,0,0,0,0,1
66003,0,0,0,0,0,0,0,0,1
66004,0,0,0,0,0,0,0,0,1
66005,0,0,0,0,0,0,0,0,1
66006,0,0,0,0,0,0,0,0,1
66007,0,0,0,0,0,0,0,0,1
66008,0,0,0,0,0,0,0,0,1
66009,0,0,0,0,0,0,0,0,1
66010,0,0,0,0,0,0,0,0,1
66011,0,0,0,0,0,0,0,0,1
66012,0,0,0,0,0,0,0,0,1
66013,0,0,0,0,0,0,0,0,1
66014,0,0,0,0,0,0,0,0,1
66015,0,0,0,0,0,0,0,0,1
66016,0,0,0,0,0,0,0,0,1
66017,0,0,0,0,0,0,0,0,1
66018,0,0,0,0,0,0,0,0,1
66019,0,0,0,0,0,0,0,0,1
66020,0,0,0,0,0,0,0,0,1
66021,0,0,0,0,0,0,0,0,1
66022,0,0,0,0,0,0,0,0,1
66023,0,0,0,0,0,0,0,0,1
66024,0,0,0,0,0,0,0,0,1
66025,0,0,0,0,0,0,0,0,1
66026,0,0,0,0,0,0,0,0,1
66027,0,0,0,0,0,0,0,0,1
66028,0,0,0,0,0,0,0,0,1
66029,0,0,0,0,0,0,0,0,1
66030,0,0,0,0,0,0,0,0,1
66031,0,0,0,0,0,0,0,0,1
66032,0,0,0,0,0,0,0,0,1
66033,0,0,0,0,0,0,0,0,1
66034,0,0,0,0,0,0,0,0,1
66035,0,0,0,0,0,0,0,0,1
66036,0,0,0,0,0,0,0,0,1
66037,0,0,0,0,0,0,0,0,1
66038,0,0,0,0,0,0,0,0,1
66039,0,0,0,0,0,0,0,0,1
66040,0,0,0,0,0,0,0,0,1
66041,0,0,0,0,0,0,0,0,1
66042,0,0,0,0,0,0,0,0,1
66043,0,0,0,0,0,0,0,0,1
66044,0,0,0,0,0,0,0,0,1
66045,0,0,0,0,0,0,0,0,1
66046,0,0,0,0,0,0,0,0,1
66047,0,0,0,0,0,0,0,0,1
66048,0,0,0,0,0,0,0,0,1
66049,0,0,0,0,0,0,0,0,1
66050,0,0,0,0,0,0,0,0,1
66051,0,0,0,0,0,0,0,0,1
66052,0,0,0,0,0,0,0,0,1
66053,0,0,0,0,0,0,0,0,1
66054,0,0,0,0,0,0,0,0,1
66055,0,0,0,0,0,0,0,0,1
66056,0,0,0,0,0,0,0,0,1
66057,0,0,0,0,0,0,0,0,1
66058,0,0,0,0,0,0,0,0,1
66059,0,0,0,0,0,0,0,0,1
66060,0,0,0,0,0,0,0,0,1
66061,0,0,0,0,0,0,0,0,1
66062,0,0,0,0,0,0,0,0,1
66063,0,0,0,0,0,0,0,0,1
66064,0,0,0,0,0,0,0,0,1
66065,0,0,0,0,0,0,0,0,1
66066,0,0,0,0,0,0,0,0,1
66067,0,0,0,0,0,0,0,0,1
66068,0,0,0,0,0,0,0,0,1
66069,0,0,0,0,0,0,0,0,1
66070,0,0,0,0,0,0,0,0,1
66071,0,0,0,0,0,0,0,0,1
66072,0,0,0,0,0,0,0,0,1
66073,0,0,0,0,0,0,0,0,1
66074,0,0,0,0,0,0,0,0,1
66075,0,0,0,0,0,0,0,0,1
66076,0,0,0,0,0,0,0,0,1
66077,0,0,0,0,0,0,0,0,1
66078,0,0,0,0,0,0,0,0,1
66079,0,0,0,0,0,0,0,0,1
66080,0,0,0,0,0,0,0,0,1
66081,0,0,0,0,0,0,0,0,1
66082,0,0,0,0,0,0,0,0,1
66083,0,0,0,0,0,0,0,0,1
66084,0,0,0,0,0,0,0,0,1
66085,0,0,0,0,0,0,0,0,1
66086,0,0,0,0,0,0,0,0,1
66087,0,0,0,0,0,0,0,0,1
66088,0,0,0,0,0,0,0,0,1
66089,0,0,0,0,0,0,0,0,1
66090,0,0,0,0,0,0,0,0,1
66091,0,0,0,0,0,0,0,0,1
66092,0,0,0,0,0,0,0,0,1
66093,0,0,0,0,0,0,0,0,1
66094,0,0,0,0,0,0,0,0,1
66095,0,0,0,0,0,0,0,0,1
66096,0,0,0,0,0,0,0,0,1
66097,0,0,0,0,0,0,0,0,1
66098,0,0,0,0,0,0,0,0,1
66099,0,0,0,0,0,0,0,0,1
66100,0,0,0,0,0,0,0,0,1
66101,0,0,0,0,0,0,0,0,1
66102,0,0,0,0,0,0,0,0,1
66103,0,0,0,0,0,0,0,0,1
66104,0,0,0,0,0,0,0,0,1
66105,0,0,0,0,0,0,0,0,1
66106,0,0,0,0,0,0,0,0,1
66107,0,0,0,0,0,0,0,0,1
66108,0,0,0,0,0,0,0,0,1
66109,0,0,0,0,0,0,0,0,1
66110,0,0,0,0,0,0,0,0,1
66111,0,0,0,0,0,0,0,0,1
66112,0,0,0,0,0,0,0,0,1
66113,0,0,0,0,0,0,0,0,1
66114,0,0,0,0,0,0,0,0,1
66115,0,0,0,0,0,0,0,0,1
66116,0,0,0,0,0,0,0,0,1
66117,0,0,0,0,0,0,0,0,1
66118,0,0,0,0,0,0,0,0,1
66119,0,0,0,0,0,0,0,0,1
66120,0,0,0,0,0,0,0,0,1
66121,0,0,0,0,0,0,0,0,1
66122,0,0,0,0,0,0,0,0,1
66123,0,0,0,0,0,0,0,0,1
66124,0,0,0,0,0,0,0,0,1
66125,0,0,0,0,0,0,0,0,1
66126,0,0,0,0,0,0,0,0,1
66127,0,0,0,0,0,0,0,0,1
66128,0,0,0,0,0,0,0,0,1
66129,0,0,0,0,0,0,0,0,1
66130,0,0,0,0,0,0,0,0,1
66131,0,0,0,0,0,0,0,0,1
66132,0,0,0,0,0,0,0,0,1
66133,0,0,0,0,0,0,0,0,1
66134,0,0,0,0,0,0,0,0,1
66135,0,0,0,0,0,0,0,0,1
66136,0,0,0,0,0,0,0,0,1
66137,0,0,0,0,0,0,0,0,1
66138,0,0,0,0,0,0,0,0,1
66139,0,0,0,0,0,0,0,0,1
66140,0,0,0,0,0,0,0,0,1
66141,0,0,0,0,0,0,0,0,1
66142,0,0,0,0,0,0,0,0,1
66143,0,0,0,0,0,0,0,0,1
66144,0,0,0,0,0,0,0,0,1
66145,0,0,0,0,0,0,0,0,1
66146,0,0,0,0,0,0,0,0,1
66147,0,0,0,0,0,0,0,0,1
66148,0,0,0,0,0,0,0,0,1
66149,0,0,0,0,0,0,0,0,1
66150,0,0,0,0,0,0,0,0,1
66151,0,0,0,0,0,0,0,0,1
66152,0,0,0,0,0,0,0,0,1
66153,0,0,0,0,0,0,0,0,1
66154,0,0,0,0,0,0,0,0,1
66155,0,0,0,0,0,0,0,0,1
66156,0,0,0,0,0,0,0,0,1
66157,0,0,0,0,0,0,0,0,1
66158,0,0,0,0,0,0,0,0,1
66159,0,0,0,0,0,0,0,0,1
66160,0,0,0,0,0,0,0,0,1
66161,0,0,0,0,0,0,0,0,1
66162,0,0,0,0,0,0,0,0,1
66163,0,0,0,0,0,0,0,0,1
66164,0,0,0,0,0,0,0,0,1
66165,0,0,0,0,0,0,0,0,1
66166,0,0,0,0,0,0,0,0,1
66167,0,0,0,0,0,0,0,0,1
66168,0,0,0,0,0,0,0,0,1
66169,0,0,0,0,0,0,0,0,1
66170,0,0,0,0,0,0,0,0,1
66171,0,0,0,0,0,0,0,0,1
66172,0,0,0,0,0,0,0,0,1
66173,0,0,0,0,0,0,0,0,1
66174,0,0,0,0,0,0,0,0,1
66175,0,0,0,0,0,0,0,0,1
66176,0,0,0,0,0,0,0,0,1
66177,0,0,0,0,0,0,0,0,1
66178,0,0,0,0,0,0,0,0,1
66179,0,0,0,0,0,0,0,0,1
66180,0,0,0,0,0,0,0,0,1
66181,0,0,0,0,0,0,0,0,1
66182,0,0,0,0,0,0,0,0,1
66183,0,0,0,0,0,0,0,0,1
66184,0,0,0,0,0,0,0,0,1
66185,0,0,0,0,0,0,0,0,1
66186,0,0,0,0,0,0,0,0,1
66187,0,0,0,0,0,0,0,0,1
66188,0,0,0,0,0,0,0,0,1
66189,0,0,0,0,0,0,0,0,1
66190,0,0,0,0,0,0,0,0,1
66191,0,0,0,0,0,0,0,0,1
66192,0,0,0,0,0,0,0,0,1
66193,0,0,0,0,0,0,0,0,1
66194,0,0,0,0,0,0,0,0,1
66195,0,0,0,0,0,0,0,0,1
66196,0,0,0,0,0,0,0,0,1
66197,0,0,0,0,0,0,0,0,1
66198,0,0,0,0,0,0,0,0,1
66199,0,0,0,0,0,0,0,0,1
66200,0,0,0,0,0,0,0,0,1
66201,0,0,0,0,0,0,0,0,1
66202,0,0,0,0,0,0,0,0,1
66203,0,0,0,0,0,0,0,0,1
66204,0,0,0,0,0,0,0,0,1
66205,0,0,0,0,0,0,0,0,1
66206,0,0,0,0,0,0,0,0,1
66207,0,0,0,0,0,0,0,0,1
66208,0,0,0,0,0,0,0,0,1
66209,0,0,0,0,0,0,0,0,1
66210,0,0,0,0,0,0,0,0,1
66211,0,0,0,0,0,0,0,0,1
66212,0,0,0,0,0,0,0,0,1
66213,0,0,0,0,0,0,0,0,1
66214,0,0,0,0,0,0,0,0,1
66215,0,0,0,0,0,0,0,0,1
66216,0,0,0,0,0,0,0,0,1
66217,0,0,0,0,0,0,0,0,1
66218,0,0,0,0,0,0,0,0,1
66219,0,0,0,0,0,0,0,0,1
66220,0,0,0,0,0,0,0,0,1
66221,0,0,0,0,0,0,0,0,1
66222,0,0,0,0,0,0,0,0,1
66223,0,0,0,0,0,0,0,0,1
66224,0,0,0,0,0,0,0,0,1
66225,0,0,0,0,0,0,0,0,1
66226,0,0,0,0,0,0,0,0,1
66227,0,0,0,0,0,0,0,0,1
66228,0,0,0,0,0,0,0,0,1
66229,0,0,0,0,0,0,0,0,1
66230,0,0,0,0,0,0,0,0,1
66231,0,0,0,0,0,0,0,0,1
66232,0,0,0,0,0,0,0,0,1
66233,0,0,0,0,0,0,0,0,1
66234,0,0,0,0,0,0,0,0,1
66235,0,0,0,0,0,0,0,0,1
66236,0,0,0,0,0,0,0,0,1
66237,0,0,0,0,0,0,0,0,1
66238,0,0,0,0,0,0,0,0,1
66239,0,0,0,0,0,0,0,0,1
66240,0,0,0,0,0,0,0,0,1
66241,0,0,0,0,0,0,0,0,1
66242,0,0,0,0,0,0,0,0,1
66243,0,0,0,0,0,0,0,0,1
66244,0,0,0,0,0,0,0,0,1
66245,0,0,0,0,0,0,0,0,1
66246,0,0,0,0,0,0,0,0,1
66247,0,0,0,0,0,0,0,0,1
66248,0,0,0,0,0,0,0,0,1
66249,0,0,0,0,0,0,0,0,1
66250,0,0,0,0,0,0,0,0,1
66251,0,0,0,0,0,0,0,0,1
66252,0,0,0,0,0,0,0,0,1
66253,0,0,0,0,0,0,0,0,1
66254,0,0,0,0,0,0,0,0,1
66255,0,0,0,0,0,0,0,0,1
66256,0,0,0,0,0,0,0,0,1
66257,0,0,0,0,0,0,0,0,1
66258,0,0,0,0,0,0,0,0,1
66259,0,0,0,0,0,0,0,0,1
66260,0,0,0,0,0,0,0,0,1
66261,0,0,0,0,0,0,0,0,1
66262,0,0,0,0,0,0,0,0,1
66263,0,0,0,0,0,0,0,0,1
66264,0,0,0,0,0,0,0,0,1
66265,0,0,0,0,0,0,0,0,1
66266,0,0,0,0,0,0,0,0,1
66267,0,0,0,0,0,0,0,0,1
66268,0,0,0,0,0,0,0,0,1
66269,0,0,0,0,0,0,0,0,1
66270,0,0,0,0,0,0,0,0,1
66271,0,0,0,0,0,0,0,0,1
66272,0,0,0,0,0,0,0,0,1
66273,0,0,0,0,0,0,0,0,1
66274,0,0,0,0,0,0,0,0,1
66275,0,0,0,0,0,0,0,0,1
66276,0,0,0,0,0,0,0,0,1
66277,0,0,0,0,0,0,0,0,1
66278,0,0,0,0,0,0,0,0,1
66279,0,0,0,0,0,0,0,0,1
66280,0,0,0,0,0,0,0,0,1
66281,0,0,0,0,0,0,0,0,1
66282,0,0,0,0,0,0,0,0,1
66283,0,0,0,0,0,0,0,0,1
66284,0,0,0,0,0,0,0,0,1
66285,0,0,0,0,0,0,0,0,1
66286,0,0,0,0,0,0,0,0,1
66287,0,0,0,0,0,0,0,0,1
66288,0,0,0,0,0,0,0,0,1
66289,0,0,0,0,0,0,0,0,1
66290,0,0,0,0,0,0,0,0,1
66291,0,0,0,0,0,0,0,0,1
66292,0,0,0,0,0,0,0,0,1
66293,0,0,0,0,0,0,0,0,1
66294,0,0,0,0,0,0,0,0,1
66295,0,0,0,0,0,0,0,0,1
66296,0,0,0,0,0,0,0,0,1
66297,0,0,0,0,0,0,0,0,1
66298,0,0,0,0,0,0,0,0,1
66299,0,0,0,0,0,0,0,0,1
66300,0,0,0,0,0,0,0,0,1
66301,0,0,0,0,0,0,0,0,1
66302,0,0,0,0,0,0,0,0,1
66303,0,0,0,0,0,0,0,0,1
66304,0,0,0,0,0,0,0,0,1
66305,0,0,0,0,0,0,0,0,1
66306,0,0,0,0,0,0,0,0,1
66307,0,0,0,0,0,0,0,0,1
66308,0,0,0,0,0,0,0,0,1
66309,0,0,0,0,0,0,0,0,1
66310,0,0,0,0,0,0,0,0,1
66311,0,0,0,0,0,0,0,0,1
66312,0,0,0,0,0,0,0,0,1
66313,0,0,0,0,0,0,0,0,1
66314,0,0,0,0,0,0,0,0,1
66315,0,0,0,0,0,0,0,0,1
66316,0,0,0,0,0,0,0,0,1
66317,0,0,0,0,0,0,0,0,1
66318,0,0,0,0,0,0,0,0,1
66319,0,0,0,0,0,0,0,0,1
66320,0,0,0,0,0,0,0,0,1
66321,0,0,0,0,0,0,0,0,1
66322,0,0,0,0,0,0,0,0,1
66323,0,0,0,0,0,0,0,0,1
66324,0,0,0,0,0,0,0,0,1
66325,0,0,0,0,0,0,0,0,1
66326,0,0,0,0,0,0,0,0,1
66327,0,0,0,0,0,0,0,0,1
66328,0,0,0,0,0,0,0,0,1
66329,0,0,0,0,0,0,0,0,1
66330,0,0,0,0,0,0,0,0,1
66331,0,0,0,0,0,0,0,0,1
66332,0,0,0,0,0,0,0,0,1
66333,0,0,0,0,0,0,0,0,1
66334,0,0,0,0,0,0,0,0,1
66335,0,0,0,0,0,0,0,0,1
66336,0,0,0,0,0,0,0,0,1
66337,0,0,0,0,0,0,0,0,1
66338,0,0,0,0,0,0,0,0,1
66339,0,0,0,0,0,0,0,0,1
66340,0,0,0,0,0,0,0,0,1
66341,0,0,0,0,0,0,0,0,1
66342,0,0,0,0,0,0,0,0,1
66343,0,0,0,0,0,0,0,0,1
66344,0,0,0,0,0,0,0,0,1
66345,0,0,0,0,0,0,0,0,1
66346,0,0,0,0,0,0,0,0,1
66347,0,0,0,0,0,0,0,0,1
66348,0,0,0,0,0,0,0,0,1
66349,0,0,0,0,0,0,0,0,1
66350,0,0,0,0,0,0,0,0,1
66351,0,0,0,0,0,0,0,0,1
66352,0,0,0,0,0,0,0,0,1
66353,0,0,0,0,0,0,0,0,1
66354,0,0,0,0,0,0,0,0,1
66355,0,0,0,0,0,0,0,0,1
66356,0,0,0,0,0,0,0,0,1
66357,0,0,0,0,0,0,0,0,1
66358,0,0,0,0,0,0,0,0,1
66359,0,0,0,0,0,0,0,0,1
66360,0,0,0,0,0,0,0,0,1
66361,0,0,0,0,0,0,0,0,1
66362,0,0,0,0,0,0,0,0,1
66363,0,0,0,0,0,0,0,0,1
66364,0,0,0,0,0,0,0,0,1
66365,0,0,0,0,0,0,0,0,1
66366,0,0,0,0,0,0,0,0,1
66367,0,0,0,0,0,0,0,0,1
66368,0,0,0,0,0,0,0,0,1
66369,0,0,0,0,0,0,0,0,1
66370,0,0,0,0,0,0,0,0,1
66371,0,0,0,0,0,0,0,0,1
66372,0,0,0,0,0,0,0,0,1
66373,0,0,0,0,0,0,0,0,1
66374,0,0,0,0,0,0,0,0,1
66375,0,0,0,0,0,0,0,0,1
66376,0,0,0,0,0,0,0,0,1
66377,0,0,0,0,0,0,0,0,1
66378,0,0,0,0,0,0,0,0,1
66379,0,0,0,0,0,0,0,0,1
66380,0,0,0,0,0,0,0,0,1
66381,0,0,0,0,0,0,0,0,1
66382,0,0,0,0,0,0,0,0,1
66383,0,0,0,0,0,0,0,0,1
66384,0,0,0,0,0,0,0,0,1
66385,0,0,0,0,0,0,0,0,1
66386,0,0,0,0,0,0,0,0,1
66387,0,0,0,0,0,0,0,0,1
66388,0,0,0,0,0,0,0,0,1
66389,0,0,0,0,0,0,0,0,1
66390,0,0,0,0,0,0,0,0,1
66391,0,0,0,0,0,0,0,0,1
66392,0,0,0,0,0,0,0,0,1
66393,0,0,0,0,0,0,0,0,1
66394,0,0,0,0,0,0,0,0,1
66395,0,0,0,0,0,0,0,0,1
66396,0,0,0,0,0,0,0,0,1
66397,0,0,0,0,0,0,0,0,1
66398,0,0,0,0,0,0,0,0,1
66399,0,0,0,0,0,0,0,0,1
66400,0,0,0,0,0,0,0,0,1
66401,0,0,0,0,0,0,0,0,1
66402,0,0,0,0,0,0,0,0,1
66403,0,0,0,0,0,0,0,0,1
66404,0,0,0,0,0,0,0,0,1
66405,0,0,0,0,0,0,0,0,1
66406,0,0,0,0,0,0,0,0,1
66407,0,0,0,0,0,0,0,0,1
66408,0,0,0,0,0,0,0,0,1
66409,0,0,0,0,0,0,0,0,1
66410,0,0,0,0,0,0,0,0,1
66411,0,0,0,0,0,0,0,0,1
66412,0,0,0,0,0,0,0,0,1
66413,0,0,0,0,0,0,0,0,1
66414,0,0,0,0,0,0,0,0,1
66415,0,0,0,0,0,0,0,0,1
66416,0,0,0,0,0,0,0,0,1
66417,0,0,0,0,0,0,0,0,1
66418,0,0,0,0,0,0,0,0,1
66419,0,0,0,0,0,0,0,0,1
66420,0,0,0,0,0,0,0,0,1
66421,0,0,0,0,0,0,0,0,1
66422,0,0,0,0,0,0,0,0,1
66423,0,0,0,0,0,0,0,0,1
66424,0,0,0,0,0,0,0,0,1
66425,0,0,0,0,0,0,0,0,1
66426,0,0,0,0,0,0,0,0,1
66427,0,0,0,0,0,0,0,0,1
66428,0,0,0,0,0,0,0,0,1
66429,0,0,0,0,0,0,0,0,1
66430,0,0,0,0,0,0,0,0,1
66431,0,0,0,0,0,0,0,0,1
66432,0,0,0,0,0,0,0,0,1
66433,0,0,0,0,0,0,0,0,1
66434,0,0,0,0,0,0,0,0,1
66435,0,0,0,0,0,0,0,0,1
66436,0,0,0,0,0,0,0,0,1
66437,0,0,0,0,0,0,0,0,1
66438,0,0,0,0,0,0,0,0,1
66439,0,0,0,0,0,0,0,0,1
66440,0,0,0,0,0,0,0,0,1
66441,0,0,0,0,0,0,0,0,1
66442,0,0,0,0,0,0,0,0,1
66443,0,0,0,0,0,0,0,0,1
66444,0,0,0,0,0,0,0,0,1
66445,0,0,0,0,0,0,0,0,1
66446,0,0,0,0,0,0,0,0,1
66447,0,0,0,0,0,0,0,0,1
66448,0,0,0,0,0,0,0,0,1
66449,0,0,0,0,0,0,0,0,1
66450,0,0,0,0,0,0,0,0,1
66451,0,0,0,0,0,0,0,0,1
66452,0,0,0,0,0,0,0,0,1
66453,0,0,0,0,0,0,0,0,1
66454,0,0,0,0,0,0,0,0,1
66455,0,0,0,0,0,0,0,0,1
66456,0,0,0,0,0,0,0,0,1
66457,0,0,0,0,0,0,0,0,1
66458,0,0,0,0,0,0,0,0,1
66459,0,0,0,0,0,0,0,0,1
66460,0,0,0,0,0,0,0,0,1
66461,0,0,0,0,0,0,0,0,1
66462,0,0,0,0,0,0,0,0,1
66463,0,0,0,0,0,0,0,0,1
66464,0,0,0,0,0,0,0,0,1
66465,0,0,0,0,0,0,0,0,1
66466,0,0,0,0,0,0,0,0,1
66467,0,0,0,0,0,0,0,0,1
66468,0,0,0,0,0,0,0,0,1
66469,0,0,0,0,0,0,0,0,1
66470,0,0,0,0,0,0,0,0,1
66471,0,0,0,0,0,0,0,0,1
66472,0,0,0,0,0,0,0,0,1
66473,0,0,0,0,0,0,0,0,1
66474,0,0,0,0,0,0,0,0,1
66475,0,0,0,0,0,0,0,0,1
66476,0,0,0,0,0,0,0,0,1
66477,0,0,0,0,0,0,0,0,1
66478,0,0,0,0,0,0,0,0,1
66479,0,0,0,0,0,0,0,0,1
66480,0,0,0,0,0,0,0,0,1
66481,0,0,0,0,0,0,0,0,1
66482,0,0,0,0,0,0,0,0,1
66483,0,0,0,0,0,0,0,0,1
66484,0,0,0,0,0,0,0,0,1
66485,0,0,0,0,0,0,0,0,1
66486,0,0,0,0,0,0,0,0,1
66487,0,0,0,0,0,0,0,0,1
66488,0,0,0,0,0,0,0,0,1
66489,0,0,0,0,0,0,0,0,1
66490,0,0,0,0,0,0,0,0,1
66491,0,0,0,0,0,0,0,0,1
66492,0,0,0,0,0,0,0,0,1
66493,0,0,0,0,0,0,0,0,1
66494,0,0,0,0,0,0,0,0,1
66495,0,0,0,0,0,0,0,0,1
66496,0,0,0,0,0,0,0,0,1
66497,0,0,0,0,0,0,0,0,1
66498,0,0,0,0,0,0,0,0,1
66499,0,0,0,0,0,0,0,0,1
66500,0,0,0,0,0,0,0,0,1
66501,0,0,0,0,0,0,0,0,1
66502,0,0,0,0,0,0,0,0,1
66503,0,0,0,0,0,0,0,0,1
66504,0,0,0,0,0,0,0,0,1
66505,0,0,0,0,0,0,0,0,1
66506,0,0,0,0,0,0,0,0,1
66507,0,0,0,0,0,0,0,0,1
66508,0,0,0,0,0,0,0,0,1
66509,0,0,0,0,0,0,0,0,1
66510,0,0,0,0,0,0,0,0,1
66511,0,0,0,0,0,0,0,0,1
66512,0,0,0,0,0,0,0,0,1
66513,0,0,0,0,0,0,0,0,1
66514,0,0,0,0,0,0,0,0,1
66515,0,0,0,0,0,0,0,0,1
66516,0,0,0,0,0,0,0,0,1
66517,0,0,0,0,0,0,0,0,1
66518,0,0,0,0,0,0,0,0,1
66519,0,0,0,0,0,0,0,0,1
66520,0,0,0,0,0,0,0,0,1
66521,0,0,0,0,0,0,0,0,1
66522,0,0,0,0,0,0,0,0,1
66523,0,0,0,0,0,0,0,0,1
66524,0,0,0,0,0,0,0,0,1
66525,0,0,0,0,0,0,0,0,1
66526,0,0,0,0,0,0,0,0,1
66527,0,0,0,0,0,0,0,0,1
66528,0,0,0,0,0,0,0,0,1
66529,0,0,0,0,0,0,0,0,1
66530,0,0,0,0,0,0,0,0,1
66531,0,0,0,0,0,0,0,0,1
66532,0,0,0,0,0,0,0,0,1
66533,0,0,0,0,0,0,0,0,1
66534,0,0,0,0,0,0,0,0,1
66535,0,0,0,0,0,0,0,0,1
66536,0,0,0,0,0,0,0,0,1
66537,0,0,0,0,0,0,0,0,1
66538,0,0,0,0,0,0,0,0,1
66539,0,0,0,0,0,0,0,0,1
66540,0,0,0,0,0,0,0,0,1
66541,0,0,0,0,0,0,0,0,1
66542,0,0,0,0,0,0,0,0,1
66543,0,0,0,0,0,0,0,0,1
66544,0,0,0,0,0,0,0,0,1
66545,0,0,0,0,0,0,0,0,1
66546,0,0,0,0,0,0,0,0,1
66547,0,0,0,0,0,0,0,0,1
66548,0,0,0,0,0,0,0,0,1
66549,0,0,0,0,0,0,0,0,1
66550,0,0,0,0,0,0,0,0,1
66551,0,0,0,0,0,0,0,0,1
66552,0,0,0,0,0,0,0,0,1
66553,0,0,0,0,0,0,0,0,1
66554,0,0,0,0,0,0,0,0,1
66555,0,0,0,0,0,0,0,0,1
66556,0,0,0,0,0,0,0,0,1
66557,0,0,0,0,0,0,0,0,1
66558,0,0,0,0,0,0,0,0,1
66559,0,0,0,0,0,0,0,0,1
66560,0,0,0,0,0,0,0,0,1
66561,0,0,0,0,0,0,0,0,1
66562,0,0,0,0,0,0,0,0,1
66563,0,0,0,0,0,0,0,0,1
66564,0,0,0,0,0,0,0,0,1
66565,0,0,0,0,0,0,0,0,1
66566,0,0,0,0,0,0,0,0,1
66567,0,0,0,0,0,0,0,0,1
66568,0,0,0,0,0,0,0,0,1
66569,0,0,0,0,0,0,0,0,1
66570,0,0,0,0,0,0,0,0,1
66571,0,0,0,0,0,0,0,0,1
66572,0,0,0,0,0,0,0,0,1
66573,0,0,0,0,0,0,0,0,1
66574,0,0,0,0,0,0,0,0,1
66575,0,0,0,0,0,0,0,0,1
66576,0,0,0,0,0,0,0,0,1
66577,0,0,0,0,0,0,0,0,1
66578,0,0,0,0,0,0,0,0,1
66579,0,0,0,0,0,0,0,0,1
66580,0,0,0,0,0,0,0,0,1
66581,0,0,0,0,0,0,0,0,1
66582,0,0,0,0,0,0,0,0,1
66583,0,0,0,0,0,0,0,0,1
66584,0,0,0,0,0,0,0,0,1
66585,0,0,0,0,0,0,0,0,1
66586,0,0,0,0,0,0,0,0,1
66587,0,0,0,0,0,0,0,0,1
66588,0,0,0,0,0,0,0,0,1
66589,0,0,0,0,0,0,0,0,1
66590,0,0,0,0,0,0,0,0,1
66591,0,0,0,0,0,0,0,0,1
66592,0,0,0,0,0,0,0,0,1
66593,0,0,0,0,0,0,0,0,1
66594,0,0,0,0,0,0,0,0,1
66595,0,0,0,0,0,0,0,0,1
66596,0,0,0,0,0,0,0,0,1
66597,0,0,0,0,0,0,0,0,1
66598,0,0,0,0,0,0,0,0,1
66599,0,0,0,0,0,0,0,0,1
66600,0,0,0,0,0,0,0,0,1
66601,0,0,0,0,0,0,0,0,1
66602,0,0,0,0,0,0,0,0,1
66603,0,0,0,0,0,0,0,0,1
66604,0,0,0,0,0,0,0,0,1
66605,0,0,0,0,0,0,0,0,1
66606,0,0,0,0,0,0,0,0,1
66607,0,0,0,0,0,0,0,0,1
66608,0,0,0,0,0,0,0,0,1
66609,0,0,0,0,0,0,0,0,1
66610,0,0,0,0,0,0,0,0,1
66611,0,0,0,0,0,0,0,0,1
66612,0,0,0,0,0,0,0,0,1
66613,0,0,0,0,0,0,0,0,1
66614,0,0,0,0,0,0,0,0,1
66615,0,0,0,0,0,0,0,0,1
66616,0,0,0,0,0,0,0,0,1
66617,0,0,0,0,0,0,0,0,1
66618,0,0,0,0,0,0,0,0,1
66619,0,0,0,0,0,0,0,0,1
66620,0,0,0,0,0,0,0,0,1
66621,0,0,0,0,0,0,0,0,1
66622,0,0,0,0,0,0,0,0,1
66623,0,0,0,0,0,0,0,0,1
66624,0,0,0,0,0,0,0,0,1
66625,0,0,0,0,0,0,0,0,1
66626,0,0,0,0,0,0,0,0,1
66627,0,0,0,0,0,0,0,0,1
66628,0,0,0,0,0,0,0,0,1
66629,0,0,0,0,0,0,0,0,1
66630,0,0,0,0,0,0,0,0,1
66631,0,0,0,0,0,0,0,0,1
66632,0,0,0,0,0,0,0,0,1
66633,0,0,0,0,0,0,0,0,1
66634,0,0,0,0,0,0,0,0,1
66635,0,0,0,0,0,0,0,0,1
66636,0,0,0,0,0,0,0,0,1
66637,0,0,0,0,0,0,0,0,1
66638,0,0,0,0,0,0,0,0,1
66639,0,0,0,0,0,0,0,0,1
66640,0,0,0,0,0,0,0,0,1
66641,0,0,0,0,0,0,0,0,1
66642,0,0,0,0,0,0,0,0,1
66643,0,0,0,0,0,0,0,0,1
66644,0,0,0,0,0,0,0,0,1
66645,0,0,0,0,0,0,0,0,1
66646,0,0,0,0,0,0,0,0,1
66647,0,0,0,0,0,0,0,0,1
66648,0,0,0,0,0,0,0,0,1
66649,0,0,0,0,0,0,0,0,1
66650,0,0,0,0,0,0,0,0,1
66651,0,0,0,0,0,0,0,0,1
66652,0,0,0,0,0,0,0,0,1
66653,0,0,0,0,0,0,0,0,1
66654,0,0,0,0,0,0,0,0,1
66655,0,0,0,0,0,0,0,0,1
66656,0,0,0,0,0,0,0,0,1
66657,0,0,0,0,0,0,0,0,1
66658,0,0,0,0,0,0,0,0,1
66659,0,0,0,0,0,0,0,0,1
66660,0,0,0,0,0,0,0,0,1
66661,0,0,0,0,0,0,0,0,1
66662,0,0,0,0,0,0,0,0,1
66663,0,0,0,0,0,0,0,0,1
66664,0,0,0,0,0,0,0,0,1
66665,0,0,0,0,0,0,0,0,1
66666,0,0,0,0,0,0,0,0,1
66667,0,0,0,0,0,0,0,0,1
66668,0,0,0,0,0,0,0,0,1
66669,0,0,0,0,0,0,0,0,1
66670,0,0,0,0,0,0,0,0,1
66671,0,0,0,0,0,0,0,0,1
66672,0,0,0,0,0,0,0,0,1
66673,0,0,0,0,0,0,0,0,1
66674,0,0,0,0,0,0,0,0,1
66675,0,0,0,0,0,0,0,0,1
66676,0,0,0,0,0,0,0,0,1
66677,0,0,0,0,0,0,0,0,1
66678,0,0,0,0,0,0,0,0,1
66679,0,0,0,0,0,0,0,0,1
66680,0,0,0,0,0,0,0,0,1
66681,0,0,0,0,0,0,0,0,1
66682,0,0,0,0,0,0,0,0,1
66683,0,0,0,0,0,0,0,0,1
66684,0,0,0,0,0,0,0,0,1
66685,0,0,0,0,0,0,0,0,1
66686,0,0,0,0,0,0,0,0,1
66687,0,0,0,0,0,0,0,0,1
66688,0,0,0,0,0,0,0,0,1
66689,0,0,0,0,0,0,0,0,1
66690,0,0,0,0,0,0,0,0,1
66691,0,0,0,0,0,0,0,0,1
66692,0,0,0,0,0,0,0,0,1
66693,0,0,0,0,0,0,0,0,1
66694,0,0,0,0,0,0,0,0,1
66695,0,0,0,0,0,0,0,0,1
66696,0,0,0,0,0,0,0,0,1
66697,0,0,0,0,0,0,0,0,1
66698,0,0,0,0,0,0,0,0,1
66699,0,0,0,0,0,0,0,0,1
66700,0,0,0,0,0,0,0,0,1
66701,0,0,0,0,0,0,0,0,1
66702,0,0,0,0,0,0,0,0,1
66703,0,0,0,0,0,0,0,0,1
66704,0,0,0,0,0,0,0,0,1
66705,0,0,0,0,0,0,0,0,1
66706,0,0,0,0,0,0,0,0,1
66707,0,0,0,0,0,0,0,0,1
66708,0,0,0,0,0,0,0,0,1
66709,0,0,0,0,0,0,0,0,1
66710,0,0,0,0,0,0,0,0,1
66711,0,0,0,0,0,0,0,0,1
66712,0,0,0,0,0,0,0,0,1
66713,0,0,0,0,0,0,0,0,1
66714,0,0,0,0,0,0,0,0,1
66715,0,0,0,0,0,0,0,0,1
66716,0,0,0,0,0,0,0,0,1
66717,0,0,0,0,0,0,0,0,1
66718,0,0,0,0,0,0,0,0,1
66719,0,0,0,0,0,0,0,0,1
66720,0,0,0,0,0,0,0,0,1
66721,0,0,0,0,0,0,0,0,1
66722,0,0,0,0,0,0,0,0,1
66723,0,0,0,0,0,0,0,0,1
66724,0,0,0,0,0,0,0,0,1
66725,0,0,0,0,0,0,0,0,1
66726,0,0,0,0,0,0,0,0,1
66727,0,0,0,0,0,0,0,0,1
66728,0,0,0,0,0,0,0,0,1
66729,0,0,0,0,0,0,0,0,1
66730,0,0,0,0,0,0,0,0,1
66731,0,0,0,0,0,0,0,0,1
66732,0,0,0,0,0,0,0,0,1
66733,0,0,0,0,0,0,0,0,1
66734,0,0,0,0,0,0,0,0,1
66735,0,0,0,0,0,0,0,0,1
66736,0,0,0,0,0,0,0,0,1
66737,0,0,0,0,0,0,0,0,1
66738,0,0,0,0,0,0,0,0,1
66739,0,0,0,0,0,0,0,0,1
66740,0,0,0,0,0,0,0,0,1
66741,0,0,0,0,0,0,0,0,1
66742,0,0,0,0,0,0,0,0,1
66743,0,0,0,0,0,0,0,0,1
66744,0,0,0,0,0,0,0,0,1
66745,0,0,0,0,0,0,0,0,1
66746,0,0,0,0,0,0,0,0,1
66747,0,0,0,0,0,0,0,0,1
66748,0,0,0,0,0,0,0,0,1
66749,0,0,0,0,0,0,0,0,1
66750,0,0,0,0,0,0,0,0,1
66751,0,0,0,0,0,0,0,0,1
66752,0,0,0,0,0,0,0,0,1
66753,0,0,0,0,0,0,0,0,1
66754,0,0,0,0,0,0,0,0,1
66755,0,0,0,0,0,0,0,0,1
66756,0,0,0,0,0,0,0,0,1
66757,0,0,0,0,0,0,0,0,1
66758,0,0,0,0,0,0,0,0,1
66759,0,0,0,0,0,0,0,0,1
66760,0,0,0,0,0,0,0,0,1
66761,0,0,0,0,0,0,0,0,1
66762,0,0,0,0,0,0,0,0,1
66763,0,0,0,0,0,0,0,0,1
66764,0,0,0,0,0,0,0,0,1
66765,0,0,0,0,0,0,0,0,1
66766,0,0,0,0,0,0,0,0,1
66767,0,0,0,0,0,0,0,0,1
66768,0,0,0,0,0,0,0,0,1
66769,0,0,0,0,0,0,0,0,1
66770,0,0,0,0,0,0,0,0,1
66771,0,0,0,0,0,0,0,0,1
66772,0,0,0,0,0,0,0,0,1
66773,0,0,0,0,0,0,0,0,1
66774,0,0,0,0,0,0,0,0,1
66775,0,0,0,0,0,0,0,0,1
66776,0,0,0,0,0,0,0,0,1
66777,0,0,0,0,0,0,0,0,1
66778,0,0,0,0,0,0,0,0,1
66779,0,0,0,0,0,0,0,0,1
66780,0,0,0,0,0,0,0,0,1
66781,0,0,0,0,0,0,0,0,1
66782,0,0,0,0,0,0,0,0,1
66783,0,0,0,0,0,0,0,0,1
66784,0,0,0,0,0,0,0,0,1
66785,0,0,0,0,0,0,0,0,1
66786,0,0,0,0,0,0,0,0,1
66787,0,0,0,0,0,0,0,0,1
66788,0,0,0,0,0,0,0,0,1
66789,0,0,0,0,0,0,0,0,1
66790,0,0,0,0,0,0,0,0,1
66791,0,0,0,0,0,0,0,0,1
66792,0,0,0,0,0,0,0,0,1
66793,0,0,0,0,0,0,0,0,1
66794,0,0,0,0,0,0,0,0,1
66795,0,0,0,0,0,0,0,0,1
66796,0,0,0,0,0,0,0,0,1
66797,0,0,0,0,0,0,0,0,1
66798,0,0,0,0,0,0,0,0,1
66799,0,0,0,0,0,0,0,0,1
66800,0,0,0,0,0,0,0,0,1
66801,0,0,0,0,0,0,0,0,1
66802,0,0,0,0,0,0,0,0,1
66803,0,0,0,0,0,0,0,0,1
66804,0,0,0,0,0,0,0,0,1
66805,0,0,0,0,0,0,0,0,1
66806,0,0,0,0,0,0,0,0,1
66807,0,0,0,0,0,0,0,0,1
66808,0,0,0,0,0,0,0,0,1
66809,0,0,0,0,0,0,0,0,1
66810,0,0,0,0,0,0,0,0,1
66811,0,0,0,0,0,0,0,0,1
66812,0,0,0,0,0,0,0,0,1
66813,0,0,0,0,0,0,0,0,1
66814,0,0,0,0,0,0,0,0,1
66815,0,0,0,0,0,0,0,0,1
66816,0,0,0,0,0,0,0,0,1
66817,0,0,0,0,0,0,0,0,1
66818,0,0,0,0,0,0,0,0,1
66819,0,0,0,0,0,0,0,0,1
66820,0,0,0,0,0,0,0,0,1
66821,0,0,0,0,0,0,0,0,1
66822,0,0,0,0,0,0,0,0,1
66823,0,0,0,0,0,0,0,0,1
66824,0,0,0,0,0,0,0,0,1
66825,0,0,0,0,0,0,0,0,1
66826,0,0,0,0,0,0,0,0,1
66827,0,0,0,0,0,0,0,0,1
66828,0,0,0,0,0,0,0,0,1
66829,0,0,0,0,0,0,0,0,1
66830,0,0,0,0,0,0,0,0,1
66831,0,0,0,0,0,0,0,0,1
66832,0,0,0,0,0,0,0,0,1
66833,0,0,0,0,0,0,0,0,1
66834,0,0,0,0,0,0,0,0,1
66835,0,0,0,0,0,0,0,0,1
66836,0,0,0,0,0,0,0,0,1
66837,0,0,0,0,0,0,0,0,1
66838,0,0,0,0,0,0,0,0,1
66839,0,0,0,0,0,0,0,0,1
66840,0,0,0,0,0,0,0,0,1
66841,0,0,0,0,0,0,0,0,1
66842,0,0,0,0,0,0,0,0,1
66843,0,0,0,0,0,0,0,0,1
66844,0,0,0,0,0,0,0,0,1
66845,0,0,0,0,0,0,0,0,1
66846,0,0,0,0,0,0,0,0,1
66847,0,0,0,0,0,0,0,0,1
66848,0,0,0,0,0,0,0,0,1
66849,0,0,0,0,0,0,0,0,1
66850,0,0,0,0,0,0,0,0,1
66851,0,0,0,0,0,0,0,0,1
66852,0,0,0,0,0,0,0,0,1
66853,0,0,0,0,0,0,0,0,1
66854,0,0,0,0,0,0,0,0,1
66855,0,0,0,0,0,0,0,0,1
66856,0,0,0,0,0,0,0,0,1
66857,0,0,0,0,0,0,0,0,1
66858,0,0,0,0,0,0,0,0,1
66859,0,0,0,0,0,0,0,0,1
66860,0,0,0,0,0,0,0,0,1
66861,0,0,0,0,0,0,0,0,1
66862,0,0,0,0,0,0,0,0,1
66863,0,0,0,0,0,0,0,0,1
66864,0,0,0,0,0,0,0,0,1
66865,0,0,0,0,0,0,0,0,1
66866,0,0,0,0,0,0,0,0,1
66867,0,0,0,0,0,0,0,0,1
66868,0,0,0,0,0,0,0,0,1
66869,0,0,0,0,0,0,0,0,1
66870,0,0,0,0,0,0,0,0,1
66871,0,0,0,0,0,0,0,0,1
66872,0,0,0,0,0,0,0,0,1
66873,0,0,0,0,0,0,0,0,1
66874,0,0,0,0,0,0,0,0,1
66875,0,0,0,0,0,0,0,0,1
66876,0,0,0,0,0,0,0,0,1
66877,0,0,0,0,0,0,0,0,1
66878,0,0,0,0,0,0,0,0,1
66879,0,0,0,0,0,0,0,0,1
66880,0,0,0,0,0,0,0,0,1
66881,0,0,0,0,0,0,0,0,1
66882,0,0,0,0,0,0,0,0,1
66883,0,0,0,0,0,0,0,0,1
66884,0,0,0,0,0,0,0,0,1
66885,0,0,0,0,0,0,0,0,1
66886,0,0,0,0,0,0,0,0,1
66887,0,0,0,0,0,0,0,0,1
66888,0,0,0,0,0,0,0,0,1
66889,0,0,0,0,0,0,0,0,1
66890,0,0,0,0,0,0,0,0,1
66891,0,0,0,0,0,0,0,0,1
66892,0,0,0,0,0,0,0,0,1
66893,0,0,0,0,0,0,0,0,1
66894,0,0,0,0,0,0,0,0,1
66895,0,0,0,0,0,0,0,0,1
66896,0,0,0,0,0,0,0,0,1
66897,0,0,0,0,0,0,0,0,1
66898,0,0,0,0,0,0,0,0,1
66899,0,0,0,0,0,0,0,0,1
66900,0,0,0,0,0,0,0,0,1
66901,0,0,0,0,0,0,0,0,1
66902,0,0,0,0,0,0,0,0,1
66903,0,0,0,0,0,0,0,0,1
66904,0,0,0,0,0,0,0,0,1
66905,0,0,0,0,0,0,0,0,1
66906,0,0,0,0,0,0,0,0,1
66907,0,0,0,0,0,0,0,0,1
66908,0,0,0,0,0,0,0,0,1
66909,0,0,0,0,0,0,0,0,1
66910,0,0,0,0,0,0,0,0,1
66911,0,0,0,0,0,0,0,0,1
66912,0,0,0,0,0,0,0,0,1
66913,0,0,0,0,0,0,0,0,1
66914,0,0,0,0,0,0,0,0,1
66915,0,0,0,0,0,0,0,0,1
66916,0,0,0,0,0,0,0,0,1
66917,0,0,0,0,0,0,0,0,1
66918,0,0,0,0,0,0,0,0,1
66919,0,0,0,0,0,0,0,0,1
66920,0,0,0,0,0,0,0,0,1
66921,0,0,0,0,0,0,0,0,1
66922,0,0,0,0,0,0,0,0,1
66923,0,0,0,0,0,0,0,0,1
66924,0,0,0,0,0,0,0,0,1
66925,0,0,0,0,0,0,0,0,1
66926,0,0,0,0,0,0,0,0,1
66927,0,0,0,0,0,0,0,0,1
66928,0,0,0,0,0,0,0,0,1
66929,0,0,0,0,0,0,0,0,1
66930,0,0,0,0,0,0,0,0,1
66931,0,0,0,0,0,0,0,0,1
66932,0,0,0,0,0,0,0,0,1
66933,0,0,0,0,0,0,0,0,1
66934,0,0,0,0,0,0,0,0,1
66935,0,0,0,0,0,0,0,0,1
66936,0,0,0,0,0,0,0,0,1
66937,0,0,0,0,0,0,0,0,1
66938,0,0,0,0,0,0,0,0,1
66939,0,0,0,0,0,0,0,0,1
66940,0,0,0,0,0,0,0,0,1
66941,0,0,0,0,0,0,0,0,1
66942,0,0,0,0,0,0,0,0,1
66943,0,0,0,0,0,0,0,0,1
66944,0,0,0,0,0,0,0,0,1
66945,0,0,0,0,0,0,0,0,1
66946,0,0,0,0,0,0,0,0,1
66947,0,0,0,0,0,0,0,0,1
66948,0,0,0,0,0,0,0,0,1
66949,0,0,0,0,0,0,0,0,1
66950,0,0,0,0,0,0,0,0,1
66951,0,0,0,0,0,0,0,0,1
66952,0,0,0,0,0,0,0,0,1
66953,0,0,0,0,0,0,0,0,1
66954,0,0,0,0,0,0,0,0,1
66955,0,0,0,0,0,0,0,0,1
66956,0,0,0,0,0,0,0,0,1
66957,0,0,0,0,0,0,0,0,1
66958,0,0,0,0,0,0,0,0,1
66959,0,0,0,0,0,0,0,0,1
66960,0,0,0,0,0,0,0,0,1
66961,0,0,0,0,0,0,0,0,1
66962,0,0,0,0,0,0,0,0,1
66963,0,0,0,0,0,0,0,0,1
66964,0,0,0,0,0,0,0,0,1
66965,0,0,0,0,0,0,0,0,1
66966,0,0,0,0,0,0,0,0,1
66967,0,0,0,0,0,0,0,0,1
66968,0,0,0,0,0,0,0,0,1
66969,0,0,0,0,0,0,0,0,1
66970,0,0,0,0,0,0,0,0,1
66971,0,0,0,0,0,0,0,0,1
66972,0,0,0,0,0,0,0,0,1
66973,0,0,0,0,0,0,0,0,1
66974,0,0,0,0,0,0,0,0,1
66975,0,0,0,0,0,0,0,0,1
66976,0,0,0,0,0,0,0,0,1
66977,0,0,0,0,0,0,0,0,1
66978,0,0,0,0,0,0,0,0,1
66979,0,0,0,0,0,0,0,0,1
66980,0,0,0,0,0,0,0,0,1
66981,0,0,0,0,0,0,0,0,1
66982,0,0,0,0,0,0,0,0,1
66983,0,0,0,0,0,0,0,0,1
66984,0,0,0,0,0,0,0,0,1
66985,0,0,0,0,0,0,0,0,1
66986,0,0,0,0,0,0,0,0,1
66987,0,0,0,0,0,0,0,0,1
66988,0,0,0,0,0,0,0,0,1
66989,0,0,0,0,0,0,0,0,1
66990,0,0,0,0,0,0,0,0,1
66991,0,0,0,0,0,0,0,0,1
66992,0,0,0,0,0,0,0,0,1
66993,0,0,0,0,0,0,0,0,1
66994,0,0,0,0,0,0,0,0,1
66995,0,0,0,0,0,0,0,0,1
66996,0,0,0,0,0,0,0,0,1
66997,0,0,0,0,0,0,0,0,1
66998,0,0,0,0,0,0,0,0,1
66999,0,0,0,0,0,0,0,0,1
67000,0,0,0,0,0,0,0,0,1
67001,0,0,0,0,0,0,0,0,1
67002,0,0,0,0,0,0,0,0,1
67003,0,0,0,0,0,0,0,0,1
67004,0,0,0,0,0,0,0,0,1
67005,0,0,0,0,0,0,0,0,1
67006,0,0,0,0,0,0,0,0,1
67007,0,0,0,0,0,0,0,0,1
67008,0,0,0,0,0,0,0,0,1
67009,0,0,0,0,0,0,0,0,1
67010,0,0,0,0,0,0,0,0,1
67011,0,0,0,0,0,0,0,0,1
67012,0,0,0,0,0,0,0,0,1
67013,0,0,0,0,0,0,0,0,1
67014,0,0,0,0,0,0,0,0,1
67015,0,0,0,0,0,0,0,0,1
67016,0,0,0,0,0,0,0,0,1
67017,0,0,0,0,0,0,0,0,1
67018,0,0,0,0,0,0,0,0,1
67019,0,0,0,0,0,0,0,0,1
67020,0,0,0,0,0,0,0,0,1
67021,0,0,0,0,0,0,0,0,1
67022,0,0,0,0,0,0,0,0,1
67023,0,0,0,0,0,0,0,0,1
67024,0,0,0,0,0,0,0,0,1
67025,0,0,0,0,0,0,0,0,1
67026,0,0,0,0,0,0,0,0,1
67027,0,0,0,0,0,0,0,0,1
67028,0,0,0,0,0,0,0,0,1
67029,0,0,0,0,0,0,0,0,1
67030,0,0,0,0,0,0,0,0,1
67031,0,0,0,0,0,0,0,0,1
67032,0,0,0,0,0,0,0,0,1
67033,0,0,0,0,0,0,0,0,1
67034,0,0,0,0,0,0,0,0,1
67035,0,0,0,0,0,0,0,0,1
67036,0,0,0,0,0,0,0,0,1
67037,0,0,0,0,0,0,0,0,1
67038,0,0,0,0,0,0,0,0,1
67039,0,0,0,0,0,0,0,0,1
67040,0,0,0,0,0,0,0,0,1
67041,0,0,0,0,0,0,0,0,1
67042,0,0,0,0,0,0,0,0,1
67043,0,0,0,0,0,0,0,0,1
67044,0,0,0,0,0,0,0,0,1
67045,0,0,0,0,0,0,0,0,1
67046,0,0,0,0,0,0,0,0,1
67047,0,0,0,0,0,0,0,0,1
67048,0,0,0,0,0,0,0,0,1
67049,0,0,0,0,0,0,0,0,1
67050,0,0,0,0,0,0,0,0,1
67051,0,0,0,0,0,0,0,0,1
67052,0,0,0,0,0,0,0,0,1
67053,0,0,0,0,0,0,0,0,1
67054,0,0,0,0,0,0,0,0,1
67055,0,0,0,0,0,0,0,0,1
67056,0,0,0,0,0,0,0,0,1
67057,0,0,0,0,0,0,0,0,1
67058,0,0,0,0,0,0,0,0,1
67059,0,0,0,0,0,0,0,0,1
67060,0,0,0,0,0,0,0,0,1
67061,0,0,0,0,0,0,0,0,1
67062,0,0,0,0,0,0,0,0,1
67063,0,0,0,0,0,0,0,0,1
67064,0,0,0,0,0,0,0,0,1
67065,0,0,0,0,0,0,0,0,1
67066,0,0,0,0,0,0,0,0,1
67067,0,0,0,0,0,0,0,0,1
67068,0,0,0,0,0,0,0,0,1
67069,0,0,0,0,0,0,0,0,1
67070,0,0,0,0,0,0,0,0,1
67071,0,0,0,0,0,0,0,0,1
67072,0,0,0,0,0,0,0,0,1
67073,0,0,0,0,0,0,0,0,1
67074,0,0,0,0,0,0,0,0,1
67075,0,0,0,0,0,0,0,0,1
67076,0,0,0,0,0,0,0,0,1
67077,0,0,0,0,0,0,0,0,1
67078,0,0,0,0,0,0,0,0,1
67079,0,0,0,0,0,0,0,0,1
67080,0,0,0,0,0,0,0,0,1
67081,0,0,0,0,0,0,0,0,1
67082,0,0,0,0,0,0,0,0,1
67083,0,0,0,0,0,0,0,0,1
67084,0,0,0,0,0,0,0,0,1
67085,0,0,0,0,0,0,0,0,1
67086,0,0,0,0,0,0,0,0,1
67087,0,0,0,0,0,0,0,0,1
67088,0,0,0,0,0,0,0,0,1
67089,0,0,0,0,0,0,0,0,1
67090,0,0,0,0,0,0,0,0,1
67091,0,0,0,0,0,0,0,0,1
67092,0,0,0,0,0,0,0,0,1
67093,0,0,0,0,0,0,0,0,1
67094,0,0,0,0,0,0,0,0,1
67095,0,0,0,0,0,0,0,0,1
67096,0,0,0,0,0,0,0,0,1
67097,0,0,0,0,0,0,0,0,1
67098,0,0,0,0,0,0,0,0,1
67099,0,0,0,0,0,0,0,0,1
67100,0,0,0,0,0,0,0,0,1
67101,0,0,0,0,0,0,0,0,1
67102,0,0,0,0,0,0,0,0,1
67103,0,0,0,0,0,0,0,0,1
67104,0,0,0,0,0,0,0,0,1
67105,0,0,0,0,0,0,0,0,1
67106,0,0,0,0,0,0,0,0,1
67107,0,0,0,0,0,0,0,0,1
67108,0,0,0,0,0,0,0,0,1
67109,0,0,0,0,0,0,0,0,1
67110,0,0,0,0,0,0,0,0,1
67111,0,0,0,0,0,0,0,0,1
67112,0,0,0,0,0,0,0,0,1
67113,0,0,0,0,0,0,0,0,1
67114,0,0,0,0,0,0,0,0,1
67115,0,0,0,0,0,0,0,0,1
67116,0,0,0,0,0,0,0,0,1
67117,0,0,0,0,0,0,0,0,1
67118,0,0,0,0,0,0,0,0,1
67119,0,0,0,0,0,0,0,0,1
67120,0,0,0,0,0,0,0,0,1
67121,0,0,0,0,0,0,0,0,1
67122,0,0,0,0,0,0,0,0,1
67123,0,0,0,0,0,0,0,0,1
67124,0,0,0,0,0,0,0,0,1
67125,0,0,0,0,0,0,0,0,1
67126,0,0,0,0,0,0,0,0,1
67127,0,0,0,0,0,0,0,0,1
67128,0,0,0,0,0,0,0,0,1
67129,0,0,0,0,0,0,0,0,1
67130,0,0,0,0,0,0,0,0,1
67131,0,0,0,0,0,0,0,0,1
67132,0,0,0,0,0,0,0,0,1
67133,0,0,0,0,0,0,0,0,1
67134,0,0,0,0,0,0,0,0,1
67135,0,0,0,0,0,0,0,0,1
67136,0,0,0,0,0,0,0,0,1
67137,0,0,0,0,0,0,0,0,1
67138,0,0,0,0,0,0,0,0,1
67139,0,0,0,0,0,0,0,0,1
67140,0,0,0,0,0,0,0,0,1
67141,0,0,0,0,0,0,0,0,1
67142,0,0,0,0,0,0,0,0,1
67143,0,0,0,0,0,0,0,0,1
67144,0,0,0,0,0,0,0,0,1
67145,0,0,0,0,0,0,0,0,1
67146,0,0,0,0,0,0,0,0,1
67147,0,0,0,0,0,0,0,0,1
67148,0,0,0,0,0,0,0,0,1
67149,0,0,0,0,0,0,0,0,1
67150,0,0,0,0,0,0,0,0,1
67151,0,0,0,0,0,0,0,0,1
67152,0,0,0,0,0,0,0,0,1
67153,0,0,0,0,0,0,0,0,1
67154,0,0,0,0,0,0,0,0,1
67155,0,0,0,0,0,0,0,0,1
67156,0,0,0,0,0,0,0,0,1
67157,0,0,0,0,0,0,0,0,1
67158,0,0,0,0,0,0,0,0,1
67159,0,0,0,0,0,0,0,0,1
67160,0,0,0,0,0,0,0,0,1
67161,0,0,0,0,0,0,0,0,1
67162,0,0,0,0,0,0,0,0,1
67163,0,0,0,0,0,0,0,0,1
67164,0,0,0,0,0,0,0,0,1
67165,0,0,0,0,0,0,0,0,1
67166,0,0,0,0,0,0,0,0,1
67167,0,0,0,0,0,0,0,0,1
67168,0,0,0,0,0,0,0,0,1
67169,0,0,0,0,0,0,0,0,1
67170,0,0,0,0,0,0,0,0,1
67171,0,0,0,0,0,0,0,0,1
67172,0,0,0,0,0,0,0,0,1
67173,0,0,0,0,0,0,0,0,1
67174,0,0,0,0,0,0,0,0,1
67175,0,0,0,0,0,0,0,0,1
67176,0,0,0,0,0,0,0,0,1
67177,0,0,0,0,0,0,0,0,1
67178,0,0,0,0,0,0,0,0,1
67179,0,0,0,0,0,0,0,0,1
67180,0,0,0,0,0,0,0,0,1
67181,0,0,0,0,0,0,0,0,1
67182,0,0,0,0,0,0,0,0,1
67183,0,0,0,0,0,0,0,0,1
67184,0,0,0,0,0,0,0,0,1
67185,0,0,0,0,0,0,0,0,1
67186,0,0,0,0,0,0,0,0,1
67187,0,0,0,0,0,0,0,0,1
67188,0,0,0,0,0,0,0,0,1
67189,0,0,0,0,0,0,0,0,1
67190,0,0,0,0,0,0,0,0,1
67191,0,0,0,0,0,0,0,0,1
67192,0,0,0,0,0,0,0,0,1
67193,0,0,0,0,0,0,0,0,1
67194,0,0,0,0,0,0,0,0,1
67195,0,0,0,0,0,0,0,0,1
67196,0,0,0,0,0,0,0,0,1
67197,0,0,0,0,0,0,0,0,1
67198,0,0,0,0,0,0,0,0,1
67199,0,0,0,0,0,0,0,0,1
67200,0,0,0,0,0,0,0,0,1
67201,0,0,0,0,0,0,0,0,1
67202,0,0,0,0,0,0,0,0,1
67203,0,0,0,0,0,0,0,0,1
67204,0,0,0,0,0,0,0,0,1
67205,0,0,0,0,0,0,0,0,1
67206,0,0,0,0,0,0,0,0,1
67207,0,0,0,0,0,0,0,0,1
67208,0,0,0,0,0,0,0,0,1
67209,0,0,0,0,0,0,0,0,1
67210,0,0,0,0,0,0,0,0,1
67211,0,0,0,0,0,0,0,0,1
67212,0,0,0,0,0,0,0,0,1
67213,0,0,0,0,0,0,0,0,1
67214,0,0,0,0,0,0,0,0,1
67215,0,0,0,0,0,0,0,0,1
67216,0,0,0,0,0,0,0,0,1
67217,0,0,0,0,0,0,0,0,1
67218,0,0,0,0,0,0,0,0,1
67219,0,0,0,0,0,0,0,0,1
67220,0,0,0,0,0,0,0,0,1
67221,0,0,0,0,0,0,0,0,1
67222,0,0,0,0,0,0,0,0,1
67223,0,0,0,0,0,0,0,0,1
67224,0,0,0,0,0,0,0,0,1
67225,0,0,0,0,0,0,0,0,1
67226,0,0,0,0,0,0,0,0,1
67227,0,0,0,0,0,0,0,0,1
67228,0,0,0,0,0,0,0,0,1
67229,0,0,0,0,0,0,0,0,1
67230,0,0,0,0,0,0,0,0,1
67231,0,0,0,0,0,0,0,0,1
67232,0,0,0,0,0,0,0,0,1
67233,0,0,0,0,0,0,0,0,1
67234,0,0,0,0,0,0,0,0,1
67235,0,0,0,0,0,0,0,0,1
67236,0,0,0,0,0,0,0,0,1
67237,0,0,0,0,0,0,0,0,1
67238,0,0,0,0,0,0,0,0,1
67239,0,0,0,0,0,0,0,0,1
67240,0,0,0,0,0,0,0,0,1
67241,0,0,0,0,0,0,0,0,1
67242,0,0,0,0,0,0,0,0,1
67243,0,0,0,0,0,0,0,0,1
67244,0,0,0,0,0,0,0,0,1
67245,0,0,0,0,0,0,0,0,1
67246,0,0,0,0,0,0,0,0,1
67247,0,0,0,0,0,0,0,0,1
67248,0,0,0,0,0,0,0,0,1
67249,0,0,0,0,0,0,0,0,1
67250,0,0,0,0,0,0,0,0,1
67251,0,0,0,0,0,0,0,0,1
67252,0,0,0,0,0,0,0,0,1
67253,0,0,0,0,0,0,0,0,1
67254,0,0,0,0,0,0,0,0,1
67255,0,0,0,0,0,0,0,0,1
67256,0,0,0,0,0,0,0,0,1
67257,0,0,0,0,0,0,0,0,1
67258,0,0,0,0,0,0,0,0,1
67259,0,0,0,0,0,0,0,0,1
67260,0,0,0,0,0,0,0,0,1
67261,0,0,0,0,0,0,0,0,1
67262,0,0,0,0,0,0,0,0,1
67263,0,0,0,0,0,0,0,0,1
67264,0,0,0,0,0,0,0,0,1
67265,0,0,0,0,0,0,0,0,1
67266,0,0,0,0,0,0,0,0,1
67267,0,0,0,0,0,0,0,0,1
67268,0,0,0,0,0,0,0,0,1
67269,0,0,0,0,0,0,0,0,1
67270,0,0,0,0,0,0,0,0,1
67271,0,0,0,0,0,0,0,0,1
67272,0,0,0,0,0,0,0,0,1
67273,0,0,0,0,0,0,0,0,1
67274,0,0,0,0,0,0,0,0,1
67275,0,0,0,0,0,0,0,0,1
67276,0,0,0,0,0,0,0,0,1
67277,0,0,0,0,0,0,0,0,1
67278,0,0,0,0,0,0,0,0,1
67279,0,0,0,0,0,0,0,0,1
67280,0,0,0,0,0,0,0,0,1
67281,0,0,0,0,0,0,0,0,1
67282,0,0,0,0,0,0,0,0,1
67283,0,0,0,0,0,0,0,0,1
67284,0,0,0,0,0,0,0,0,1
67285,0,0,0,0,0,0,0,0,1
67286,0,0,0,0,0,0,0,0,1
67287,0,0,0,0,0,0,0,0,1
67288,0,0,0,0,0,0,0,0,1
67289,0,0,0,0,0,0,0,0,1
67290,0,0,0,0,0,0,0,0,1
67291,0,0,0,0,0,0,0,0,1
67292,0,0,0,0,0,0,0,0,1
67293,0,0,0,0,0,0,0,0,1
67294,0,0,0,0,0,0,0,0,1
67295,0,0,0,0,0,0,0,0,1
67296,0,0,0,0,0,0,0,0,1
67297,0,0,0,0,0,0,0,0,1
67298,0,0,0,0,0,0,0,0,1
67299,0,0,0,0,0,0,0,0,1
67300,0,0,0,0,0,0,0,0,1
67301,0,0,0,0,0,0,0,0,1
67302,0,0,0,0,0,0,0,0,1
67303,0,0,0,0,0,0,0,0,1
67304,0,0,0,0,0,0,0,0,1
67305,0,0,0,0,0,0,0,0,1
67306,0,0,0,0,0,0,0,0,1
67307,0,0,0,0,0,0,0,0,1
67308,0,0,0,0,0,0,0,0,1
67309,0,0,0,0,0,0,0,0,1
67310,0,0,0,0,0,0,0,0,1
67311,0,0,0,0,0,0,0,0,1
67312,0,0,0,0,0,0,0,0,1
67313,0,0,0,0,0,0,0,0,1
67314,0,0,0,0,0,0,0,0,1
67315,0,0,0,0,0,0,0,0,1
67316,0,0,0,0,0,0,0,0,1
67317,0,0,0,0,0,0,0,0,1
67318,0,0,0,0,0,0,0,0,1
67319,0,0,0,0,0,0,0,0,1
67320,0,0,0,0,0,0,0,0,1
67321,0,0,0,0,0,0,0,0,1
67322,0,0,0,0,0,0,0,0,1
67323,0,0,0,0,0,0,0,0,1
67324,0,0,0,0,0,0,0,0,1
67325,0,0,0,0,0,0,0,0,1
67326,0,0,0,0,0,0,0,0,1
67327,0,0,0,0,0,0,0,0,1
67328,0,0,0,0,0,0,0,0,1
67329,0,0,0,0,0,0,0,0,1
67330,0,0,0,0,0,0,0,0,1
67331,0,0,0,0,0,0,0,0,1
67332,0,0,0,0,0,0,0,0,1
67333,0,0,0,0,0,0,0,0,1
67334,0,0,0,0,0,0,0,0,1
67335,0,0,0,0,0,0,0,0,1
67336,0,0,0,0,0,0,0,0,1
67337,0,0,0,0,0,0,0,0,1
67338,0,0,0,0,0,0,0,0,1
67339,0,0,0,0,0,0,0,0,1
67340,0,0,0,0,0,0,0,0,1
67341,0,0,0,0,0,0,0,0,1
67342,0,0,0,0,0,0,0,0,1
67343,0,0,0,0,0,0,0,0,1
67344,0,0,0,0,0,0,0,0,1
67345,0,0,0,0,0,0,0,0,1
67346,0,0,0,0,0,0,0,0,1
67347,0,0,0,0,0,0,0,0,1
67348,0,0,0,0,0,0,0,0,1
67349,0,0,0,0,0,0,0,0,1
67350,0,0,0,0,0,0,0,0,1
67351,0,0,0,0,0,0,0,0,1
67352,0,0,0,0,0,0,0,0,1
67353,0,0,0,0,0,0,0,0,1
67354,0,0,0,0,0,0,0,0,1
67355,0,0,0,0,0,0,0,0,1
67356,0,0,0,0,0,0,0,0,1
67357,0,0,0,0,0,0,0,0,1
67358,0,0,0,0,0,0,0,0,1
67359,0,0,0,0,0,0,0,0,1
67360,0,0,0,0,0,0,0,0,1
67361,0,0,0,0,0,0,0,0,1
67362,0,0,0,0,0,0,0,0,1
67363,0,0,0,0,0,0,0,0,1
67364,0,0,0,0,0,0,0,0,1
67365,0,0,0,0,0,0,0,0,1
67366,0,0,0,0,0,0,0,0,1
67367,0,0,0,0,0,0,0,0,1
67368,0,0,0,0,0,0,0,0,1
67369,0,0,0,0,0,0,0,0,1
67370,0,0,0,0,0,0,0,0,1
67371,0,0,0,0,0,0,0,0,1
67372,0,0,0,0,0,0,0,0,1
67373,0,0,0,0,0,0,0,0,1
67374,0,0,0,0,0,0,0,0,1
67375,0,0,0,0,0,0,0,0,1
67376,0,0,0,0,0,0,0,0,1
67377,0,0,0,0,0,0,0,0,1
67378,0,0,0,0,0,0,0,0,1
67379,0,0,0,0,0,0,0,0,1
67380,0,0,0,0,0,0,0,0,1
67381,0,0,0,0,0,0,0,0,1
67382,0,0,0,0,0,0,0,0,1
67383,0,0,0,0,0,0,0,0,1
67384,0,0,0,0,0,0,0,0,1
67385,0,0,0,0,0,0,0,0,1
67386,0,0,0,0,0,0,0,0,1
67387,0,0,0,0,0,0,0,0,1
67388,0,0,0,0,0,0,0,0,1
67389,0,0,0,0,0,0,0,0,1
67390,0,0,0,0,0,0,0,0,1
67391,0,0,0,0,0,0,0,0,1
67392,0,0,0,0,0,0,0,0,1
67393,0,0,0,0,0,0,0,0,1
67394,0,0,0,0,0,0,0,0,1
67395,0,0,0,0,0,0,0,0,1
67396,0,0,0,0,0,0,0,0,1
67397,0,0,0,0,0,0,0,0,1
67398,0,0,0,0,0,0,0,0,1
67399,0,0,0,0,0,0,0,0,1
67400,0,0,0,0,0,0,0,0,1
67401,0,0,0,0,0,0,0,0,1
67402,0,0,0,0,0,0,0,0,1
67403,0,0,0,0,0,0,0,0,1
67404,0,0,0,0,0,0,0,0,1
67405,0,0,0,0,0,0,0,0,1
67406,0,0,0,0,0,0,0,0,1
67407,0,0,0,0,0,0,0,0,1
67408,0,0,0,0,0,0,0,0,1
67409,0,0,0,0,0,0,0,0,1
67410,0,0,0,0,0,0,0,0,1
67411,0,0,0,0,0,0,0,0,1
67412,0,0,0,0,0,0,0,0,1
67413,0,0,0,0,0,0,0,0,1
67414,0,0,0,0,0,0,0,0,1
67415,0,0,0,0,0,0,0,0,1
67416,0,0,0,0,0,0,0,0,1
67417,0,0,0,0,0,0,0,0,1
67418,0,0,0,0,0,0,0,0,1
67419,0,0,0,0,0,0,0,0,1
67420,0,0,0,0,0,0,0,0,1
67421,0,0,0,0,0,0,0,0,1
67422,0,0,0,0,0,0,0,0,1
67423,0,0,0,0,0,0,0,0,1
67424,0,0,0,0,0,0,0,0,1
67425,0,0,0,0,0,0,0,0,1
67426,0,0,0,0,0,0,0,0,1
67427,0,0,0,0,0,0,0,0,1
67428,0,0,0,0,0,0,0,0,1
67429,0,0,0,0,0,0,0,0,1
67430,0,0,0,0,0,0,0,0,1
67431,0,0,0,0,0,0,0,0,1
67432,0,0,0,0,0,0,0,0,1
67433,0,0,0,0,0,0,0,0,1
67434,0,0,0,0,0,0,0,0,1
67435,0,0,0,0,0,0,0,0,1
67436,0,0,0,0,0,0,0,0,1
67437,0,0,0,0,0,0,0,0,1
67438,0,0,0,0,0,0,0,0,1
67439,0,0,0,0,0,0,0,0,1
67440,0,0,0,0,0,0,0,0,1
67441,0,0,0,0,0,0,0,0,1
67442,0,0,0,0,0,0,0,0,1
67443,0,0,0,0,0,0,0,0,1
67444,0,0,0,0,0,0,0,0,1
67445,0,0,0,0,0,0,0,0,1
67446,0,0,0,0,0,0,0,0,1
67447,0,0,0,0,0,0,0,0,1
67448,0,0,0,0,0,0,0,0,1
67449,0,0,0,0,0,0,0,0,1
67450,0,0,0,0,0,0,0,0,1
67451,0,0,0,0,0,0,0,0,1
67452,0,0,0,0,0,0,0,0,1
67453,0,0,0,0,0,0,0,0,1
67454,0,0,0,0,0,0,0,0,1
67455,0,0,0,0,0,0,0,0,1
67456,0,0,0,0,0,0,0,0,1
67457,0,0,0,0,0,0,0,0,1
67458,0,0,0,0,0,0,0,0,1
67459,0,0,0,0,0,0,0,0,1
67460,0,0,0,0,0,0,0,0,1
67461,0,0,0,0,0,0,0,0,1
67462,0,0,0,0,0,0,0,0,1
67463,0,0,0,0,0,0,0,0,1
67464,0,0,0,0,0,0,0,0,1
67465,0,0,0,0,0,0,0,0,1
67466,0,0,0,0,0,0,0,0,1
67467,0,0,0,0,0,0,0,0,1
67468,0,0,0,0,0,0,0,0,1
67469,0,0,0,0,0,0,0,0,1
67470,0,0,0,0,0,0,0,0,1
67471,0,0,0,0,0,0,0,0,1
67472,0,0,0,0,0,0,0,0,1
67473,0,0,0,0,0,0,0,0,1
67474,0,0,0,0,0,0,0,0,1
67475,0,0,0,0,0,0,0,0,1
67476,0,0,0,0,0,0,0,0,1
67477,0,0,0,0,0,0,0,0,1
67478,0,0,0,0,0,0,0,0,1
67479,0,0,0,0,0,0,0,0,1
67480,0,0,0,0,0,0,0,0,1
67481,0,0,0,0,0,0,0,0,1
67482,0,0,0,0,0,0,0,0,1
67483,0,0,0,0,0,0,0,0,1
67484,0,0,0,0,0,0,0,0,1
67485,0,0,0,0,0,0,0,0,1
67486,0,0,0,0,0,0,0,0,1
67487,0,0,0,0,0,0,0,0,1
67488,0,0,0,0,0,0,0,0,1
67489,0,0,0,0,0,0,0,0,1
67490,0,0,0,0,0,0,0,0,1
67491,0,0,0,0,0,0,0,0,1
67492,0,0,0,0,0,0,0,0,1
67493,0,0,0,0,0,0,0,0,1
67494,0,0,0,0,0,0,0,0,1
67495,0,0,0,0,0,0,0,0,1
67496,0,0,0,0,0,0,0,0,1
67497,0,0,0,0,0,0,0,0,1
67498,0,0,0,0,0,0,0,0,1
67499,0,0,0,0,0,0,0,0,1
67500,0,0,0,0,0,0,0,0,1
67501,0,0,0,0,0,0,0,0,1
67502,0,0,0,0,0,0,0,0,1
67503,0,0,0,0,0,0,0,0,1
67504,0,0,0,0,0,0,0,0,1
67505,0,0,0,0,0,0,0,0,1
67506,0,0,0,0,0,0,0,0,1
67507,0,0,0,0,0,0,0,0,1
67508,0,0,0,0,0,0,0,0,1
67509,0,0,0,0,0,0,0,0,1
67510,0,0,0,0,0,0,0,0,1
67511,0,0,0,0,0,0,0,0,1
67512,0,0,0,0,0,0,0,0,1
67513,0,0,0,0,0,0,0,0,1
67514,0,0,0,0,0,0,0,0,1
67515,0,0,0,0,0,0,0,0,1
67516,0,0,0,0,0,0,0,0,1
67517,0,0,0,0,0,0,0,0,1
67518,0,0,0,0,0,0,0,0,1
67519,0,0,0,0,0,0,0,0,1
67520,0,0,0,0,0,0,0,0,1
67521,0,0,0,0,0,0,0,0,1
67522,0,0,0,0,0,0,0,0,1
67523,0,0,0,0,0,0,0,0,1
67524,0,0,0,0,0,0,0,0,1
67525,0,0,0,0,0,0,0,0,1
67526,0,0,0,0,0,0,0,0,1
67527,0,0,0,0,0,0,0,0,1
67528,0,0,0,0,0,0,0,0,1
67529,0,0,0,0,0,0,0,0,1
67530,0,0,0,0,0,0,0,0,1
67531,0,0,0,0,0,0,0,0,1
67532,0,0,0,0,0,0,0,0,1
67533,0,0,0,0,0,0,0,0,1
67534,0,0,0,0,0,0,0,0,1
67535,0,0,0,0,0,0,0,0,1
67536,0,0,0,0,0,0,0,0,1
67537,0,0,0,0,0,0,0,0,1
67538,0,0,0,0,0,0,0,0,1
67539,0,0,0,0,0,0,0,0,1
67540,0,0,0,0,0,0,0,0,1
67541,0,0,0,0,0,0,0,0,1
67542,0,0,0,0,0,0,0,0,1
67543,0,0,0,0,0,0,0,0,1
67544,0,0,0,0,0,0,0,0,1
67545,0,0,0,0,0,0,0,0,1
67546,0,0,0,0,0,0,0,0,1
67547,0,0,0,0,0,0,0,0,1
67548,0,0,0,0,0,0,0,0,1
67549,0,0,0,0,0,0,0,0,1
67550,0,0,0,0,0,0,0,0,1
67551,0,0,0,0,0,0,0,0,1
67552,0,0,0,0,0,0,0,0,1
67553,0,0,0,0,0,0,0,0,1
67554,0,0,0,0,0,0,0,0,1
67555,0,0,0,0,0,0,0,0,1
67556,0,0,0,0,0,0,0,0,1
67557,0,0,0,0,0,0,0,0,1
67558,0,0,0,0,0,0,0,0,1
67559,0,0,0,0,0,0,0,0,1
67560,0,0,0,0,0,0,0,0,1
67561,0,0,0,0,0,0,0,0,1
67562,0,0,0,0,0,0,0,0,1
67563,0,0,0,0,0,0,0,0,1
67564,0,0,0,0,0,0,0,0,1
67565,0,0,0,0,0,0,0,0,1
67566,0,0,0,0,0,0,0,0,1
67567,0,0,0,0,0,0,0,0,1
67568,0,0,0,0,0,0,0,0,1
67569,0,0,0,0,0,0,0,0,1
67570,0,0,0,0,0,0,0,0,1
67571,0,0,0,0,0,0,0,0,1
67572,0,0,0,0,0,0,0,0,1
67573,0,0,0,0,0,0,0,0,1
67574,0,0,0,0,0,0,0,0,1
67575,0,0,0,0,0,0,0,0,1
67576,0,0,0,0,0,0,0,0,1
67577,0,0,0,0,0,0,0,0,1
67578,0,0,0,0,0,0,0,0,1
67579,0,0,0,0,0,0,0,0,1
67580,0,0,0,0,0,0,0,0,1
67581,0,0,0,0,0,0,0,0,1
67582,0,0,0,0,0,0,0,0,1
67583,0,0,0,0,0,0,0,0,1
67584,0,0,0,0,0,0,0,0,1
67585,0,0,0,0,0,0,0,0,1
67586,0,0,0,0,0,0,0,0,1
67587,0,0,0,0,0,0,0,0,1
67588,0,0,0,0,0,0,0,0,1
67589,0,0,0,0,0,0,0,0,1
67590,0,0,0,0,0,0,0,0,1
67591,0,0,0,0,0,0,0,0,1
67592,0,0,0,0,0,0,0,0,1
67593,0,0,0,0,0,0,0,0,1
67594,0,0,0,0,0,0,0,0,1
67595,0,0,0,0,0,0,0,0,1
67596,0,0,0,0,0,0,0,0,1
67597,0,0,0,0,0,0,0,0,1
67598,0,0,0,0,0,0,0,0,1
67599,0,0,0,0,0,0,0,0,1
67600,0,0,0,0,0,0,0,0,1
67601,0,0,0,0,0,0,0,0,1
67602,0,0,0,0,0,0,0,0,1
67603,0,0,0,0,0,0,0,0,1
67604,0,0,0,0,0,0,0,0,1
67605,0,0,0,0,0,0,0,0,1
67606,0,0,0,0,0,0,0,0,1
67607,0,0,0,0,0,0,0,0,1
67608,0,0,0,0,0,0,0,0,1
67609,0,0,0,0,0,0,0,0,1
67610,0,0,0,0,0,0,0,0,1
67611,0,0,0,0,0,0,0,0,1
67612,0,0,0,0,0,0,0,0,1
67613,0,0,0,0,0,0,0,0,1
67614,0,0,0,0,0,0,0,0,1
67615,0,0,0,0,0,0,0,0,1
67616,0,0,0,0,0,0,0,0,1
67617,0,0,0,0,0,0,0,0,1
67618,0,0,0,0,0,0,0,0,1
67619,0,0,0,0,0,0,0,0,1
67620,0,0,0,0,0,0,0,0,1
67621,0,0,0,0,0,0,0,0,1
67622,0,0,0,0,0,0,0,0,1
67623,0,0,0,0,0,0,0,0,1
67624,0,0,0,0,0,0,0,0,1
67625,0,0,0,0,0,0,0,0,1
67626,0,0,0,0,0,0,0,0,1
67627,0,0,0,0,0,0,0,0,1
67628,0,0,0,0,0,0,0,0,1
67629,0,0,0,0,0,0,0,0,1
67630,0,0,0,0,0,0,0,0,1
67631,0,0,0,0,0,0,0,0,1
67632,0,0,0,0,0,0,0,0,1
67633,0,0,0,0,0,0,0,0,1
67634,0,0,0,0,0,0,0,0,1
67635,0,0,0,0,0,0,0,0,1
67636,0,0,0,0,0,0,0,0,1
67637,0,0,0,0,0,0,0,0,1
67638,0,0,0,0,0,0,0,0,1
67639,0,0,0,0,0,0,0,0,1
67640,0,0,0,0,0,0,0,0,1
67641,0,0,0,0,0,0,0,0,1
67642,0,0,0,0,0,0,0,0,1
67643,0,0,0,0,0,0,0,0,1
67644,0,0,0,0,0,0,0,0,1
67645,0,0,0,0,0,0,0,0,1
67646,0,0,0,0,0,0,0,0,1
67647,0,0,0,0,0,0,0,0,1
67648,0,0,0,0,0,0,0,0,1
67649,0,0,0,0,0,0,0,0,1
67650,0,0,0,0,0,0,0,0,1
67651,0,0,0,0,0,0,0,0,1
67652,0,0,0,0,0,0,0,0,1
67653,0,0,0,0,0,0,0,0,1
67654,0,0,0,0,0,0,0,0,1
67655,0,0,0,0,0,0,0,0,1
67656,0,0,0,0,0,0,0,0,1
67657,0,0,0,0,0,0,0,0,1
67658,0,0,0,0,0,0,0,0,1
67659,0,0,0,0,0,0,0,0,1
67660,0,0,0,0,0,0,0,0,1
67661,0,0,0,0,0,0,0,0,1
67662,0,0,0,0,0,0,0,0,1
67663,0,0,0,0,0,0,0,0,1
67664,0,0,0,0,0,0,0,0,1
67665,0,0,0,0,0,0,0,0,1
67666,0,0,0,0,0,0,0,0,1
67667,0,0,0,0,0,0,0,0,1
67668,0,0,0,0,0,0,0,0,1
67669,0,0,0,0,0,0,0,0,1
67670,0,0,0,0,0,0,0,0,1
67671,0,0,0,0,0,0,0,0,1
67672,0,0,0,0,0,0,0,0,1
67673,0,0,0,0,0,0,0,0,1
67674,0,0,0,0,0,0,0,0,1
67675,0,0,0,0,0,0,0,0,1
67676,0,0,0,0,0,0,0,0,1
67677,0,0,0,0,0,0,0,0,1
67678,0,0,0,0,0,0,0,0,1
67679,0,0,0,0,0,0,0,0,1
67680,0,0,0,0,0,0,0,0,1
67681,0,0,0,0,0,0,0,0,1
67682,0,0,0,0,0,0,0,0,1
67683,0,0,0,0,0,0,0,0,1
67684,0,0,0,0,0,0,0,0,1
67685,0,0,0,0,0,0,0,0,1
67686,0,0,0,0,0,0,0,0,1
67687,0,0,0,0,0,0,0,0,1
67688,0,0,0,0,0,0,0,0,1
67689,0,0,0,0,0,0,0,0,1
67690,0,0,0,0,0,0,0,0,1
67691,0,0,0,0,0,0,0,0,1
67692,0,0,0,0,0,0,0,0,1
67693,0,0,0,0,0,0,0,0,1
67694,0,0,0,0,0,0,0,0,1
67695,0,0,0,0,0,0,0,0,1
67696,0,0,0,0,0,0,0,0,1
67697,0,0,0,0,0,0,0,0,1
67698,0,0,0,0,0,0,0,0,1
67699,0,0,0,0,0,0,0,0,1
67700,0,0,0,0,0,0,0,0,1
67701,0,0,0,0,0,0,0,0,1
67702,0,0,0,0,0,0,0,0,1
67703,0,0,0,0,0,0,0,0,1
67704,0,0,0,0,0,0,0,0,1
67705,0,0,0,0,0,0,0,0,1
67706,0,0,0,0,0,0,0,0,1
67707,0,0,0,0,0,0,0,0,1
67708,0,0,0,0,0,0,0,0,1
67709,0,0,0,0,0,0,0,0,1
67710,0,0,0,0,0,0,0,0,1
67711,0,0,0,0,0,0,0,0,1
67712,0,0,0,0,0,0,0,0,1
67713,0,0,0,0,0,0,0,0,1
67714,0,0,0,0,0,0,0,0,1
67715,0,0,0,0,0,0,0,0,1
67716,0,0,0,0,0,0,0,0,1
67717,0,0,0,0,0,0,0,0,1
67718,0,0,0,0,0,0,0,0,1
67719,0,0,0,0,0,0,0,0,1
67720,0,0,0,0,0,0,0,0,1
67721,0,0,0,0,0,0,0,0,1
67722,0,0,0,0,0,0,0,0,1
67723,0,0,0,0,0,0,0,0,1
67724,0,0,0,0,0,0,0,0,1
67725,0,0,0,0,0,0,0,0,1
67726,0,0,0,0,0,0,0,0,1
67727,0,0,0,0,0,0,0,0,1
67728,0,0,0,0,0,0,0,0,1
67729,0,0,0,0,0,0,0,0,1
67730,0,0,0,0,0,0,0,0,1
67731,0,0,0,0,0,0,0,0,1
67732,0,0,0,0,0,0,0,0,1
67733,0,0,0,0,0,0,0,0,1
67734,0,0,0,0,0,0,0,0,1
67735,0,0,0,0,0,0,0,0,1
67736,0,0,0,0,0,0,0,0,1
67737,0,0,0,0,0,0,0,0,1
67738,0,0,0,0,0,0,0,0,1
67739,0,0,0,0,0,0,0,0,1
67740,0,0,0,0,0,0,0,0,1
67741,0,0,0,0,0,0,0,0,1
67742,0,0,0,0,0,0,0,0,1
67743,0,0,0,0,0,0,0,0,1
67744,0,0,0,0,0,0,0,0,1
67745,0,0,0,0,0,0,0,0,1
67746,0,0,0,0,0,0,0,0,1
67747,0,0,0,0,0,0,0,0,1
67748,0,0,0,0,0,0,0,0,1
67749,0,0,0,0,0,0,0,0,1
67750,0,0,0,0,0,0,0,0,1
67751,0,0,0,0,0,0,0,0,1
67752,0,0,0,0,0,0,0,0,1
67753,0,0,0,0,0,0,0,0,1
67754,0,0,0,0,0,0,0,0,1
67755,0,0,0,0,0,0,0,0,1
67756,0,0,0,0,0,0,0,0,1
67757,0,0,0,0,0,0,0,0,1
67758,0,0,0,0,0,0,0,0,1
67759,0,0,0,0,0,0,0,0,1
67760,0,0,0,0,0,0,0,0,1
67761,0,0,0,0,0,0,0,0,1
67762,0,0,0,0,0,0,0,0,1
67763,0,0,0,0,0,0,0,0,1
67764,0,0,0,0,0,0,0,0,1
67765,0,0,0,0,0,0,0,0,1
67766,0,0,0,0,0,0,0,0,1
67767,0,0,0,0,0,0,0,0,1
67768,0,0,0,0,0,0,0,0,1
67769,0,0,0,0,0,0,0,0,1
67770,0,0,0,0,0,0,0,0,1
67771,0,0,0,0,0,0,0,0,1
67772,0,0,0,0,0,0,0,0,1
67773,0,0,0,0,0,0,0,0,1
67774,0,0,0,0,0,0,0,0,1
67775,0,0,0,0,0,0,0,0,1
67776,0,0,0,0,0,0,0,0,1
67777,0,0,0,0,0,0,0,0,1
67778,0,0,0,0,0,0,0,0,1
67779,0,0,0,0,0,0,0,0,1
67780,0,0,0,0,0,0,0,0,1
67781,0,0,0,0,0,0,0,0,1
67782,0,0,0,0,0,0,0,0,1
67783,0,0,0,0,0,0,0,0,1
67784,0,0,0,0,0,0,0,0,1
67785,0,0,0,0,0,0,0,0,1
67786,0,0,0,0,0,0,0,0,1
67787,0,0,0,0,0,0,0,0,1
67788,0,0,0,0,0,0,0,0,1
67789,0,0,0,0,0,0,0,0,1
67790,0,0,0,0,0,0,0,0,1
67791,0,0,0,0,0,0,0,0,1
67792,0,0,0,0,0,0,0,0,1
67793,0,0,0,0,0,0,0,0,1
67794,0,0,0,0,0,0,0,0,1
67795,0,0,0,0,0,0,0,0,1
67796,0,0,0,0,0,0,0,0,1
67797,0,0,0,0,0,0,0,0,1
67798,0,0,0,0,0,0,0,0,1
67799,0,0,0,0,0,0,0,0,1
67800,0,0,0,0,0,0,0,0,1
67801,0,0,0,0,0,0,0,0,1
67802,0,0,0,0,0,0,0,0,1
67803,0,0,0,0,0,0,0,0,1
67804,0,0,0,0,0,0,0,0,1
67805,0,0,0,0,0,0,0,0,1
67806,0,0,0,0,0,0,0,0,1
67807,0,0,0,0,0,0,0,0,1
67808,0,0,0,0,0,0,0,0,1
67809,0,0,0,0,0,0,0,0,1
67810,0,0,0,0,0,0,0,0,1
67811,0,0,0,0,0,0,0,0,1
67812,0,0,0,0,0,0,0,0,1
67813,0,0,0,0,0,0,0,0,1
67814,0,0,0,0,0,0,0,0,1
67815,0,0,0,0,0,0,0,0,1
67816,0,0,0,0,0,0,0,0,1
67817,0,0,0,0,0,0,0,0,1
67818,0,0,0,0,0,0,0,0,1
67819,0,0,0,0,0,0,0,0,1
67820,0,0,0,0,0,0,0,0,1
67821,0,0,0,0,0,0,0,0,1
67822,0,0,0,0,0,0,0,0,1
67823,0,0,0,0,0,0,0,0,1
67824,0,0,0,0,0,0,0,0,1
67825,0,0,0,0,0,0,0,0,1
67826,0,0,0,0,0,0,0,0,1
67827,0,0,0,0,0,0,0,0,1
67828,0,0,0,0,0,0,0,0,1
67829,0,0,0,0,0,0,0,0,1
67830,0,0,0,0,0,0,0,0,1
67831,0,0,0,0,0,0,0,0,1
67832,0,0,0,0,0,0,0,0,1
67833,0,0,0,0,0,0,0,0,1
67834,0,0,0,0,0,0,0,0,1
67835,0,0,0,0,0,0,0,0,1
67836,0,0,0,0,0,0,0,0,1
67837,0,0,0,0,0,0,0,0,1
67838,0,0,0,0,0,0,0,0,1
67839,0,0,0,0,0,0,0,0,1
67840,0,0,0,0,0,0,0,0,1
67841,0,0,0,0,0,0,0,0,1
67842,0,0,0,0,0,0,0,0,1
67843,0,0,0,0,0,0,0,0,1
67844,0,0,0,0,0,0,0,0,1
67845,0,0,0,0,0,0,0,0,1
67846,0,0,0,0,0,0,0,0,1
67847,0,0,0,0,0,0,0,0,1
67848,0,0,0,0,0,0,0,0,1
67849,0,0,0,0,0,0,0,0,1
67850,0,0,0,0,0,0,0,0,1
67851,0,0,0,0,0,0,0,0,1
67852,0,0,0,0,0,0,0,0,1
67853,0,0,0,0,0,0,0,0,1
67854,0,0,0,0,0,0,0,0,1
67855,0,0,0,0,0,0,0,0,1
67856,0,0,0,0,0,0,0,0,1
67857,0,0,0,0,0,0,0,0,1
67858,0,0,0,0,0,0,0,0,1
67859,0,0,0,0,0,0,0,0,1
67860,0,0,0,0,0,0,0,0,1
67861,0,0,0,0,0,0,0,0,1
67862,0,0,0,0,0,0,0,0,1
67863,0,0,0,0,0,0,0,0,1
67864,0,0,0,0,0,0,0,0,1
67865,0,0,0,0,0,0,0,0,1
67866,0,0,0,0,0,0,0,0,1
67867,0,0,0,0,0,0,0,0,1
67868,0,0,0,0,0,0,0,0,1
67869,0,0,0,0,0,0,0,0,1
67870,0,0,0,0,0,0,0,0,1
67871,0,0,0,0,0,0,0,0,1
67872,0,0,0,0,0,0,0,0,1
67873,0,0,0,0,0,0,0,0,1
67874,0,0,0,0,0,0,0,0,1
67875,0,0,0,0,0,0,0,0,1
67876,0,0,0,0,0,0,0,0,1
67877,0,0,0,0,0,0,0,0,1
67878,0,0,0,0,0,0,0,0,1
67879,0,0,0,0,0,0,0,0,1
67880,0,0,0,0,0,0,0,0,1
67881,0,0,0,0,0,0,0,0,1
67882,0,0,0,0,0,0,0,0,1
67883,0,0,0,0,0,0,0,0,1
67884,0,0,0,0,0,0,0,0,1
67885,0,0,0,0,0,0,0,0,1
67886,0,0,0,0,0,0,0,0,1
67887,0,0,0,0,0,0,0,0,1
67888,0,0,0,0,0,0,0,0,1
67889,0,0,0,0,0,0,0,0,1
67890,0,0,0,0,0,0,0,0,1
67891,0,0,0,0,0,0,0,0,1
67892,0,0,0,0,0,0,0,0,1
67893,0,0,0,0,0,0,0,0,1
67894,0,0,0,0,0,0,0,0,1
67895,0,0,0,0,0,0,0,0,1
67896,0,0,0,0,0,0,0,0,1
67897,0,0,0,0,0,0,0,0,1
67898,0,0,0,0,0,0,0,0,1
67899,0,0,0,0,0,0,0,0,1
67900,0,0,0,0,0,0,0,0,1
67901,0,0,0,0,0,0,0,0,1
67902,0,0,0,0,0,0,0,0,1
67903,0,0,0,0,0,0,0,0,1
67904,0,0,0,0,0,0,0,0,1
67905,0,0,0,0,0,0,0,0,1
67906,0,0,0,0,0,0,0,0,1
67907,0,0,0,0,0,0,0,0,1
67908,0,0,0,0,0,0,0,0,1
67909,0,0,0,0,0,0,0,0,1
67910,0,0,0,0,0,0,0,0,1
67911,0,0,0,0,0,0,0,0,1
67912,0,0,0,0,0,0,0,0,1
67913,0,0,0,0,0,0,0,0,1
67914,0,0,0,0,0,0,0,0,1
67915,0,0,0,0,0,0,0,0,1
67916,0,0,0,0,0,0,0,0,1
67917,0,0,0,0,0,0,0,0,1
67918,0,0,0,0,0,0,0,0,1
67919,0,0,0,0,0,0,0,0,1
67920,0,0,0,0,0,0,0,0,1
67921,0,0,0,0,0,0,0,0,1
67922,0,0,0,0,0,0,0,0,1
67923,0,0,0,0,0,0,0,0,1
67924,0,0,0,0,0,0,0,0,1
67925,0,0,0,0,0,0,0,0,1
67926,0,0,0,0,0,0,0,0,1
67927,0,0,0,0,0,0,0,0,1
67928,0,0,0,0,0,0,0,0,1
67929,0,0,0,0,0,0,0,0,1
67930,0,0,0,0,0,0,0,0,1
67931,0,0,0,0,0,0,0,0,1
67932,0,0,0,0,0,0,0,0,1
67933,0,0,0,0,0,0,0,0,1
67934,0,0,0,0,0,0,0,0,1
67935,0,0,0,0,0,0,0,0,1
67936,0,0,0,0,0,0,0,0,1
67937,0,0,0,0,0,0,0,0,1
67938,0,0,0,0,0,0,0,0,1
67939,0,0,0,0,0,0,0,0,1
67940,0,0,0,0,0,0,0,0,1
67941,0,0,0,0,0,0,0,0,1
67942,0,0,0,0,0,0,0,0,1
67943,0,0,0,0,0,0,0,0,1
67944,0,0,0,0,0,0,0,0,1
67945,0,0,0,0,0,0,0,0,1
67946,0,0,0,0,0,0,0,0,1
67947,0,0,0,0,0,0,0,0,1
67948,0,0,0,0,0,0,0,0,1
67949,0,0,0,0,0,0,0,0,1
67950,0,0,0,0,0,0,0,0,1
67951,0,0,0,0,0,0,0,0,1
67952,0,0,0,0,0,0,0,0,1
67953,0,0,0,0,0,0,0,0,1
67954,0,0,0,0,0,0,0,0,1
67955,0,0,0,0,0,0,0,0,1
67956,0,0,0,0,0,0,0,0,1
67957,0,0,0,0,0,0,0,0,1
67958,0,0,0,0,0,0,0,0,1
67959,0,0,0,0,0,0,0,0,1
67960,0,0,0,0,0,0,0,0,1
67961,0,0,0,0,0,0,0,0,1
67962,0,0,0,0,0,0,0,0,1
67963,0,0,0,0,0,0,0,0,1
67964,0,0,0,0,0,0,0,0,1
67965,0,0,0,0,0,0,0,0,1
67966,0,0,0,0,0,0,0,0,1
67967,0,0,0,0,0,0,0,0,1
67968,0,0,0,0,0,0,0,0,1
67969,0,0,0,0,0,0,0,0,1
67970,0,0,0,0,0,0,0,0,1
67971,0,0,0,0,0,0,0,0,1
67972,0,0,0,0,0,0,0,0,1
67973,0,0,0,0,0,0,0,0,1
67974,0,0,0,0,0,0,0,0,1
67975,0,0,0,0,0,0,0,0,1
67976,0,0,0,0,0,0,0,0,1
67977,0,0,0,0,0,0,0,0,1
67978,0,0,0,0,0,0,0,0,1
67979,0,0,0,0,0,0,0,0,1
67980,0,0,0,0,0,0,0,0,1
67981,0,0,0,0,0,0,0,0,1
67982,0,0,0,0,0,0,0,0,1
67983,0,0,0,0,0,0,0,0,1
67984,0,0,0,0,0,0,0,0,1
67985,0,0,0,0,0,0,0,0,1
67986,0,0,0,0,0,0,0,0,1
67987,0,0,0,0,0,0,0,0,1
67988,0,0,0,0,0,0,0,0,1
67989,0,0,0,0,0,0,0,0,1
67990,0,0,0,0,0,0,0,0,1
67991,0,0,0,0,0,0,0,0,1
67992,0,0,0,0,0,0,0,0,1
67993,0,0,0,0,0,0,0,0,1
67994,0,0,0,0,0,0,0,0,1
67995,0,0,0,0,0,0,0,0,1
67996,0,0,0,0,0,0,0,0,1
67997,0,0,0,0,0,0,0,0,1
67998,0,0,0,0,0,0,0,0,1
67999,0,0,0,0,0,0,0,0,1
68000,0,0,0,0,0,0,0,0,1
68001,0,0,0,0,0,0,0,0,1
68002,0,0,0,0,0,0,0,0,1
68003,0,0,0,0,0,0,0,0,1
68004,0,0,0,0,0,0,0,0,1
68005,0,0,0,0,0,0,0,0,1
68006,0,0,0,0,0,0,0,0,1
68007,0,0,0,0,0,0,0,0,1
68008,0,0,0,0,0,0,0,0,1
68009,0,0,0,0,0,0,0,0,1
68010,0,0,0,0,0,0,0,0,1
68011,0,0,0,0,0,0,0,0,1
68012,0,0,0,0,0,0,0,0,1
68013,0,0,0,0,0,0,0,0,1
68014,0,0,0,0,0,0,0,0,1
68015,0,0,0,0,0,0,0,0,1
68016,0,0,0,0,0,0,0,0,1
68017,0,0,0,0,0,0,0,0,1
68018,0,0,0,0,0,0,0,0,1
68019,0,0,0,0,0,0,0,0,1
68020,0,0,0,0,0,0,0,0,1
68021,0,0,0,0,0,0,0,0,1
68022,0,0,0,0,0,0,0,0,1
68023,0,0,0,0,0,0,0,0,1
68024,0,0,0,0,0,0,0,0,1
68025,0,0,0,0,0,0,0,0,1
68026,0,0,0,0,0,0,0,0,1
68027,0,0,0,0,0,0,0,0,1
68028,0,0,0,0,0,0,0,0,1
68029,0,0,0,0,0,0,0,0,1
68030,0,0,0,0,0,0,0,0,1
68031,0,0,0,0,0,0,0,0,1
68032,0,0,0,0,0,0,0,0,1
68033,0,0,0,0,0,0,0,0,1
68034,0,0,0,0,0,0,0,0,1
68035,0,0,0,0,0,0,0,0,1
68036,0,0,0,0,0,0,0,0,1
68037,0,0,0,0,0,0,0,0,1
68038,0,0,0,0,0,0,0,0,1
68039,0,0,0,0,0,0,0,0,1
68040,0,0,0,0,0,0,0,0,1
68041,0,0,0,0,0,0,0,0,1
68042,0,0,0,0,0,0,0,0,1
68043,0,0,0,0,0,0,0,0,1
68044,0,0,0,0,0,0,0,0,1
68045,0,0,0,0,0,0,0,0,1
68046,0,0,0,0,0,0,0,0,1
68047,0,0,0,0,0,0,0,0,1
68048,0,0,0,0,0,0,0,0,1
68049,0,0,0,0,0,0,0,0,1
68050,0,0,0,0,0,0,0,0,1
68051,0,0,0,0,0,0,0,0,1
68052,0,0,0,0,0,0,0,0,1
68053,0,0,0,0,0,0,0,0,1
68054,0,0,0,0,0,0,0,0,1
68055,0,0,0,0,0,0,0,0,1
68056,0,0,0,0,0,0,0,0,1
68057,0,0,0,0,0,0,0,0,1
68058,0,0,0,0,0,0,0,0,1
68059,0,0,0,0,0,0,0,0,1
68060,0,0,0,0,0,0,0,0,1
68061,0,0,0,0,0,0,0,0,1
68062,0,0,0,0,0,0,0,0,1
68063,0,0,0,0,0,0,0,0,1
68064,0,0,0,0,0,0,0,0,1
68065,0,0,0,0,0,0,0,0,1
68066,0,0,0,0,0,0,0,0,1
68067,0,0,0,0,0,0,0,0,1
68068,0,0,0,0,0,0,0,0,1
68069,0,0,0,0,0,0,0,0,1
68070,0,0,0,0,0,0,0,0,1
68071,0,0,0,0,0,0,0,0,1
68072,0,0,0,0,0,0,0,0,1
68073,0,0,0,0,0,0,0,0,1
68074,0,0,0,0,0,0,0,0,1
68075,0,0,0,0,0,0,0,0,1
68076,0,0,0,0,0,0,0,0,1
68077,0,0,0,0,0,0,0,0,1
68078,0,0,0,0,0,0,0,0,1
68079,0,0,0,0,0,0,0,0,1
68080,0,0,0,0,0,0,0,0,1
68081,0,0,0,0,0,0,0,0,1
68082,0,0,0,0,0,0,0,0,1
68083,0,0,0,0,0,0,0,0,1
68084,0,0,0,0,0,0,0,0,1
68085,0,0,0,0,0,0,0,0,1
68086,0,0,0,0,0,0,0,0,1
68087,0,0,0,0,0,0,0,0,1
68088,0,0,0,0,0,0,0,0,1
68089,0,0,0,0,0,0,0,0,1
68090,0,0,0,0,0,0,0,0,1
68091,0,0,0,0,0,0,0,0,1
68092,0,0,0,0,0,0,0,0,1
68093,0,0,0,0,0,0,0,0,1
68094,0,0,0,0,0,0,0,0,1
68095,0,0,0,0,0,0,0,0,1
68096,0,0,0,0,0,0,0,0,1
68097,0,0,0,0,0,0,0,0,1
68098,0,0,0,0,0,0,0,0,1
68099,0,0,0,0,0,0,0,0,1
68100,0,0,0,0,0,0,0,0,1
68101,0,0,0,0,0,0,0,0,1
68102,0,0,0,0,0,0,0,0,1
68103,0,0,0,0,0,0,0,0,1
68104,0,0,0,0,0,0,0,0,1
68105,0,0,0,0,0,0,0,0,1
68106,0,0,0,0,0,0,0,0,1
68107,0,0,0,0,0,0,0,0,1
68108,0,0,0,0,0,0,0,0,1
68109,0,0,0,0,0,0,0,0,1
68110,0,0,0,0,0,0,0,0,1
68111,0,0,0,0,0,0,0,0,1
68112,0,0,0,0,0,0,0,0,1
68113,0,0,0,0,0,0,0,0,1
68114,0,0,0,0,0,0,0,0,1
68115,0,0,0,0,0,0,0,0,1
68116,0,0,0,0,0,0,0,0,1
68117,0,0,0,0,0,0,0,0,1
68118,0,0,0,0,0,0,0,0,1
68119,0,0,0,0,0,0,0,0,1
68120,0,0,0,0,0,0,0,0,1
68121,0,0,0,0,0,0,0,0,1
68122,0,0,0,0,0,0,0,0,1
68123,0,0,0,0,0,0,0,0,1
68124,0,0,0,0,0,0,0,0,1
68125,0,0,0,0,0,0,0,0,1
68126,0,0,0,0,0,0,0,0,1
68127,0,0,0,0,0,0,0,0,1
68128,0,0,0,0,0,0,0,0,1
68129,0,0,0,0,0,0,0,0,1
68130,0,0,0,0,0,0,0,0,1
68131,0,0,0,0,0,0,0,0,1
68132,0,0,0,0,0,0,0,0,1
68133,0,0,0,0,0,0,0,0,1
68134,0,0,0,0,0,0,0,0,1
68135,0,0,0,0,0,0,0,0,1
68136,0,0,0,0,0,0,0,0,1
68137,0,0,0,0,0,0,0,0,1
68138,0,0,0,0,0,0,0,0,1
68139,0,0,0,0,0,0,0,0,1
68140,0,0,0,0,0,0,0,0,1
68141,0,0,0,0,0,0,0,0,1
68142,0,0,0,0,0,0,0,0,1
68143,0,0,0,0,0,0,0,0,1
68144,0,0,0,0,0,0,0,0,1
68145,0,0,0,0,0,0,0,0,1
68146,0,0,0,0,0,0,0,0,1
68147,0,0,0,0,0,0,0,0,1
68148,0,0,0,0,0,0,0,0,1
68149,0,0,0,0,0,0,0,0,1
68150,0,0,0,0,0,0,0,0,1
68151,0,0,0,0,0,0,0,0,1
68152,0,0,0,0,0,0,0,0,1
68153,0,0,0,0,0,0,0,0,1
68154,0,0,0,0,0,0,0,0,1
68155,0,0,0,0,0,0,0,0,1
68156,0,0,0,0,0,0,0,0,1
68157,0,0,0,0,0,0,0,0,1
68158,0,0,0,0,0,0,0,0,1
68159,0,0,0,0,0,0,0,0,1
68160,0,0,0,0,0,0,0,0,1
68161,0,0,0,0,0,0,0,0,1
68162,0,0,0,0,0,0,0,0,1
68163,0,0,0,0,0,0,0,0,1
68164,0,0,0,0,0,0,0,0,1
68165,0,0,0,0,0,0,0,0,1
68166,0,0,0,0,0,0,0,0,1
68167,0,0,0,0,0,0,0,0,1
68168,0,0,0,0,0,0,0,0,1
68169,0,0,0,0,0,0,0,0,1
68170,0,0,0,0,0,0,0,0,1
68171,0,0,0,0,0,0,0,0,1
68172,0,0,0,0,0,0,0,0,1
68173,0,0,0,0,0,0,0,0,1
68174,0,0,0,0,0,0,0,0,1
68175,0,0,0,0,0,0,0,0,1
68176,0,0,0,0,0,0,0,0,1
68177,0,0,0,0,0,0,0,0,1
68178,0,0,0,0,0,0,0,0,1
68179,0,0,0,0,0,0,0,0,1
68180,0,0,0,0,0,0,0,0,1
68181,0,0,0,0,0,0,0,0,1
68182,0,0,0,0,0,0,0,0,1
68183,0,0,0,0,0,0,0,0,1
68184,0,0,0,0,0,0,0,0,1
68185,0,0,0,0,0,0,0,0,1
68186,0,0,0,0,0,0,0,0,1
68187,0,0,0,0,0,0,0,0,1
68188,0,0,0,0,0,0,0,0,1
68189,0,0,0,0,0,0,0,0,1
68190,0,0,0,0,0,0,0,0,1
68191,0,0,0,0,0,0,0,0,1
68192,0,0,0,0,0,0,0,0,1
68193,0,0,0,0,0,0,0,0,1
68194,0,0,0,0,0,0,0,0,1
68195,0,0,0,0,0,0,0,0,1
68196,0,0,0,0,0,0,0,0,1
68197,0,0,0,0,0,0,0,0,1
68198,0,0,0,0,0,0,0,0,1
68199,0,0,0,0,0,0,0,0,1
68200,0,0,0,0,0,0,0,0,1
68201,0,0,0,0,0,0,0,0,1
68202,0,0,0,0,0,0,0,0,1
68203,0,0,0,0,0,0,0,0,1
68204,0,0,0,0,0,0,0,0,1
68205,0,0,0,0,0,0,0,0,1
68206,0,0,0,0,0,0,0,0,1
68207,0,0,0,0,0,0,0,0,1
68208,0,0,0,0,0,0,0,0,1
68209,0,0,0,0,0,0,0,0,1
68210,0,0,0,0,0,0,0,0,1
68211,0,0,0,0,0,0,0,0,1
68212,0,0,0,0,0,0,0,0,1
68213,0,0,0,0,0,0,0,0,1
68214,0,0,0,0,0,0,0,0,1
68215,0,0,0,0,0,0,0,0,1
68216,0,0,0,0,0,0,0,0,1
68217,0,0,0,0,0,0,0,0,1
68218,0,0,0,0,0,0,0,0,1
68219,0,0,0,0,0,0,0,0,1
68220,0,0,0,0,0,0,0,0,1
68221,0,0,0,0,0,0,0,0,1
68222,0,0,0,0,0,0,0,0,1
68223,0,0,0,0,0,0,0,0,1
68224,0,0,0,0,0,0,0,0,1
68225,0,0,0,0,0,0,0,0,1
68226,0,0,0,0,0,0,0,0,1
68227,0,0,0,0,0,0,0,0,1
68228,0,0,0,0,0,0,0,0,1
68229,0,0,0,0,0,0,0,0,1
68230,0,0,0,0,0,0,0,0,1
68231,0,0,0,0,0,0,0,0,1
68232,0,0,0,0,0,0,0,0,1
68233,0,0,0,0,0,0,0,0,1
68234,0,0,0,0,0,0,0,0,1
68235,0,0,0,0,0,0,0,0,1
68236,0,0,0,0,0,0,0,0,1
68237,0,0,0,0,0,0,0,0,1
68238,0,0,0,0,0,0,0,0,1
68239,0,0,0,0,0,0,0,0,1
68240,0,0,0,0,0,0,0,0,1
68241,0,0,0,0,0,0,0,0,1
68242,0,0,0,0,0,0,0,0,1
68243,0,0,0,0,0,0,0,0,1
68244,0,0,0,0,0,0,0,0,1
68245,0,0,0,0,0,0,0,0,1
68246,0,0,0,0,0,0,0,0,1
68247,0,0,0,0,0,0,0,0,1
68248,0,0,0,0,0,0,0,0,1
68249,0,0,0,0,0,0,0,0,1
68250,0,0,0,0,0,0,0,0,1
68251,0,0,0,0,0,0,0,0,1
68252,0,0,0,0,0,0,0,0,1
68253,0,0,0,0,0,0,0,0,1
68254,0,0,0,0,0,0,0,0,1
68255,0,0,0,0,0,0,0,0,1
68256,0,0,0,0,0,0,0,0,1
68257,0,0,0,0,0,0,0,0,1
68258,0,0,0,0,0,0,0,0,1
68259,0,0,0,0,0,0,0,0,1
68260,0,0,0,0,0,0,0,0,1
68261,0,0,0,0,0,0,0,0,1
68262,0,0,0,0,0,0,0,0,1
68263,0,0,0,0,0,0,0,0,1
68264,0,0,0,0,0,0,0,0,1
68265,0,0,0,0,0,0,0,0,1
68266,0,0,0,0,0,0,0,0,1
68267,0,0,0,0,0,0,0,0,1
68268,0,0,0,0,0,0,0,0,1
68269,0,0,0,0,0,0,0,0,1
68270,0,0,0,0,0,0,0,0,1
68271,0,0,0,0,0,0,0,0,1
68272,0,0,0,0,0,0,0,0,1
68273,0,0,0,0,0,0,0,0,1
68274,0,0,0,0,0,0,0,0,1
68275,0,0,0,0,0,0,0,0,1
68276,0,0,0,0,0,0,0,0,1
68277,0,0,0,0,0,0,0,0,1
68278,0,0,0,0,0,0,0,0,1
68279,0,0,0,0,0,0,0,0,1
68280,0,0,0,0,0,0,0,0,1
68281,0,0,0,0,0,0,0,0,1
68282,0,0,0,0,0,0,0,0,1
68283,0,0,0,0,0,0,0,0,1
68284,0,0,0,0,0,0,0,0,1
68285,0,0,0,0,0,0,0,0,1
68286,0,0,0,0,0,0,0,0,1
68287,0,0,0,0,0,0,0,0,1
68288,0,0,0,0,0,0,0,0,1
68289,0,0,0,0,0,0,0,0,1
68290,0,0,0,0,0,0,0,0,1
68291,0,0,0,0,0,0,0,0,1
68292,0,0,0,0,0,0,0,0,1
68293,0,0,0,0,0,0,0,0,1
68294,0,0,0,0,0,0,0,0,1
68295,0,0,0,0,0,0,0,0,1
68296,0,0,0,0,0,0,0,0,1
68297,0,0,0,0,0,0,0,0,1
68298,0,0,0,0,0,0,0,0,1
68299,0,0,0,0,0,0,0,0,1
68300,0,0,0,0,0,0,0,0,1
68301,0,0,0,0,0,0,0,0,1
68302,0,0,0,0,0,0,0,0,1
68303,0,0,0,0,0,0,0,0,1
68304,0,0,0,0,0,0,0,0,1
68305,0,0,0,0,0,0,0,0,1
68306,0,0,0,0,0,0,0,0,1
68307,0,0,0,0,0,0,0,0,1
68308,0,0,0,0,0,0,0,0,1
68309,0,0,0,0,0,0,0,0,1
68310,0,0,0,0,0,0,0,0,1
68311,0,0,0,0,0,0,0,0,1
68312,0,0,0,0,0,0,0,0,1
68313,0,0,0,0,0,0,0,0,1
68314,0,0,0,0,0,0,0,0,1
68315,0,0,0,0,0,0,0,0,1
68316,0,0,0,0,0,0,0,0,1
68317,0,0,0,0,0,0,0,0,1
68318,0,0,0,0,0,0,0,0,1
68319,0,0,0,0,0,0,0,0,1
68320,0,0,0,0,0,0,0,0,1
68321,0,0,0,0,0,0,0,0,1
68322,0,0,0,0,0,0,0,0,1
68323,0,0,0,0,0,0,0,0,1
68324,0,0,0,0,0,0,0,0,1
68325,0,0,0,0,0,0,0,0,1
68326,0,0,0,0,0,0,0,0,1
68327,0,0,0,0,0,0,0,0,1
68328,0,0,0,0,0,0,0,0,1
68329,0,0,0,0,0,0,0,0,1
68330,0,0,0,0,0,0,0,0,1
68331,0,0,0,0,0,0,0,0,1
68332,0,0,0,0,0,0,0,0,1
68333,0,0,0,0,0,0,0,0,1
68334,0,0,0,0,0,0,0,0,1
68335,0,0,0,0,0,0,0,0,1
68336,0,0,0,0,0,0,0,0,1
68337,0,0,0,0,0,0,0,0,1
68338,0,0,0,0,0,0,0,0,1
68339,0,0,0,0,0,0,0,0,1
68340,0,0,0,0,0,0,0,0,1
68341,0,0,0,0,0,0,0,0,1
68342,0,0,0,0,0,0,0,0,1
68343,0,0,0,0,0,0,0,0,1
68344,0,0,0,0,0,0,0,0,1
68345,0,0,0,0,0,0,0,0,1
68346,0,0,0,0,0,0,0,0,1
68347,0,0,0,0,0,0,0,0,1
68348,0,0,0,0,0,0,0,0,1
68349,0,0,0,0,0,0,0,0,1
68350,0,0,0,0,0,0,0,0,1
68351,0,0,0,0,0,0,0,0,1
68352,0,0,0,0,0,0,0,0,1
68353,0,0,0,0,0,0,0,0,1
68354,0,0,0,0,0,0,0,0,1
68355,0,0,0,0,0,0,0,0,1
68356,0,0,0,0,0,0,0,0,1
68357,0,0,0,0,0,0,0,0,1
68358,0,0,0,0,0,0,0,0,1
68359,0,0,0,0,0,0,0,0,1
68360,0,0,0,0,0,0,0,0,1
68361,0,0,0,0,0,0,0,0,1
68362,0,0,0,0,0,0,0,0,1
68363,0,0,0,0,0,0,0,0,1
68364,0,0,0,0,0,0,0,0,1
68365,0,0,0,0,0,0,0,0,1
68366,0,0,0,0,0,0,0,0,1
68367,0,0,0,0,0,0,0,0,1
68368,0,0,0,0,0,0,0,0,1
68369,0,0,0,0,0,0,0,0,1
68370,0,0,0,0,0,0,0,0,1
68371,0,0,0,0,0,0,0,0,1
68372,0,0,0,0,0,0,0,0,1
68373,0,0,0,0,0,0,0,0,1
68374,0,0,0,0,0,0,0,0,1
68375,0,0,0,0,0,0,0,0,1
68376,0,0,0,0,0,0,0,0,1
68377,0,0,0,0,0,0,0,0,1
68378,0,0,0,0,0,0,0,0,1
68379,0,0,0,0,0,0,0,0,1
68380,0,0,0,0,0,0,0,0,1
68381,0,0,0,0,0,0,0,0,1
68382,0,0,0,0,0,0,0,0,1
68383,0,0,0,0,0,0,0,0,1
68384,0,0,0,0,0,0,0,0,1
68385,0,0,0,0,0,0,0,0,1
68386,0,0,0,0,0,0,0,0,1
68387,0,0,0,0,0,0,0,0,1
68388,0,0,0,0,0,0,0,0,1
68389,0,0,0,0,0,0,0,0,1
68390,0,0,0,0,0,0,0,0,1
68391,0,0,0,0,0,0,0,0,1
68392,0,0,0,0,0,0,0,0,1
68393,0,0,0,0,0,0,0,0,1
68394,0,0,0,0,0,0,0,0,1
68395,0,0,0,0,0,0,0,0,1
68396,0,0,0,0,0,0,0,0,1
68397,0,0,0,0,0,0,0,0,1
68398,0,0,0,0,0,0,0,0,1
68399,0,0,0,0,0,0,0,0,1
68400,0,0,0,0,0,0,0,0,1
68401,0,0,0,0,0,0,0,0,1
68402,0,0,0,0,0,0,0,0,1
68403,0,0,0,0,0,0,0,0,1
68404,0,0,0,0,0,0,0,0,1
68405,0,0,0,0,0,0,0,0,1
68406,0,0,0,0,0,0,0,0,1
68407,0,0,0,0,0,0,0,0,1
68408,0,0,0,0,0,0,0,0,1
68409,0,0,0,0,0,0,0,0,1
68410,0,0,0,0,0,0,0,0,1
68411,0,0,0,0,0,0,0,0,1
68412,0,0,0,0,0,0,0,0,1
68413,0,0,0,0,0,0,0,0,1
68414,0,0,0,0,0,0,0,0,1
68415,0,0,0,0,0,0,0,0,1
68416,0,0,0,0,0,0,0,0,1
68417,0,0,0,0,0,0,0,0,1
68418,0,0,0,0,0,0,0,0,1
68419,0,0,0,0,0,0,0,0,1
68420,0,0,0,0,0,0,0,0,1
68421,0,0,0,0,0,0,0,0,1
68422,0,0,0,0,0,0,0,0,1
68423,0,0,0,0,0,0,0,0,1
68424,0,0,0,0,0,0,0,0,1
68425,0,0,0,0,0,0,0,0,1
68426,0,0,0,0,0,0,0,0,1
68427,0,0,0,0,0,0,0,0,1
68428,0,0,0,0,0,0,0,0,1
68429,0,0,0,0,0,0,0,0,1
68430,0,0,0,0,0,0,0,0,1
68431,0,0,0,0,0,0,0,0,1
68432,0,0,0,0,0,0,0,0,1
68433,0,0,0,0,0,0,0,0,1
68434,0,0,0,0,0,0,0,0,1
68435,0,0,0,0,0,0,0,0,1
68436,0,0,0,0,0,0,0,0,1
68437,0,0,0,0,0,0,0,0,1
68438,0,0,0,0,0,0,0,0,1
68439,0,0,0,0,0,0,0,0,1
68440,0,0,0,0,0,0,0,0,1
68441,0,0,0,0,0,0,0,0,1
68442,0,0,0,0,0,0,0,0,1
68443,0,0,0,0,0,0,0,0,1
68444,0,0,0,0,0,0,0,0,1
68445,0,0,0,0,0,0,0,0,1
68446,0,0,0,0,0,0,0,0,1
68447,0,0,0,0,0,0,0,0,1
68448,0,0,0,0,0,0,0,0,1
68449,0,0,0,0,0,0,0,0,1
68450,0,0,0,0,0,0,0,0,1
68451,0,0,0,0,0,0,0,0,1
68452,0,0,0,0,0,0,0,0,1
68453,0,0,0,0,0,0,0,0,1
68454,0,0,0,0,0,0,0,0,1
68455,0,0,0,0,0,0,0,0,1
68456,0,0,0,0,0,0,0,0,1
68457,0,0,0,0,0,0,0,0,1
68458,0,0,0,0,0,0,0,0,1
68459,0,0,0,0,0,0,0,0,1
68460,0,0,0,0,0,0,0,0,1
68461,0,0,0,0,0,0,0,0,1
68462,0,0,0,0,0,0,0,0,1
68463,0,0,0,0,0,0,0,0,1
68464,0,0,0,0,0,0,0,0,1
68465,0,0,0,0,0,0,0,0,1
68466,0,0,0,0,0,0,0,0,1
68467,0,0,0,0,0,0,0,0,1
68468,0,0,0,0,0,0,0,0,1
68469,0,0,0,0,0,0,0,0,1
68470,0,0,0,0,0,0,0,0,1
68471,0,0,0,0,0,0,0,0,1
68472,0,0,0,0,0,0,0,0,1
68473,0,0,0,0,0,0,0,0,1
68474,0,0,0,0,0,0,0,0,1
68475,0,0,0,0,0,0,0,0,1
68476,0,0,0,0,0,0,0,0,1
68477,0,0,0,0,0,0,0,0,1
68478,0,0,0,0,0,0,0,0,1
68479,0,0,0,0,0,0,0,0,1
68480,0,0,0,0,0,0,0,0,1
68481,0,0,0,0,0,0,0,0,1
68482,0,0,0,0,0,0,0,0,1
68483,0,0,0,0,0,0,0,0,1
68484,0,0,0,0,0,0,0,0,1
68485,0,0,0,0,0,0,0,0,1
68486,0,0,0,0,0,0,0,0,1
68487,0,0,0,0,0,0,0,0,1
68488,0,0,0,0,0,0,0,0,1
68489,0,0,0,0,0,0,0,0,1
68490,0,0,0,0,0,0,0,0,1
68491,0,0,0,0,0,0,0,0,1
68492,0,0,0,0,0,0,0,0,1
68493,0,0,0,0,0,0,0,0,1
68494,0,0,0,0,0,0,0,0,1
68495,0,0,0,0,0,0,0,0,1
68496,0,0,0,0,0,0,0,0,1
68497,0,0,0,0,0,0,0,0,1
68498,0,0,0,0,0,0,0,0,1
68499,0,0,0,0,0,0,0,0,1
68500,0,0,0,0,0,0,0,0,1
68501,0,0,0,0,0,0,0,0,1
68502,0,0,0,0,0,0,0,0,1
68503,0,0,0,0,0,0,0,0,1
68504,0,0,0,0,0,0,0,0,1
68505,0,0,0,0,0,0,0,0,1
68506,0,0,0,0,0,0,0,0,1
68507,0,0,0,0,0,0,0,0,1
68508,0,0,0,0,0,0,0,0,1
68509,0,0,0,0,0,0,0,0,1
68510,0,0,0,0,0,0,0,0,1
68511,0,0,0,0,0,0,0,0,1
68512,0,0,0,0,0,0,0,0,1
68513,0,0,0,0,0,0,0,0,1
68514,0,0,0,0,0,0,0,0,1
68515,0,0,0,0,0,0,0,0,1
68516,0,0,0,0,0,0,0,0,1
68517,0,0,0,0,0,0,0,0,1
68518,0,0,0,0,0,0,0,0,1
68519,0,0,0,0,0,0,0,0,1
68520,0,0,0,0,0,0,0,0,1
68521,0,0,0,0,0,0,0,0,1
68522,0,0,0,0,0,0,0,0,1
68523,0,0,0,0,0,0,0,0,1
68524,0,0,0,0,0,0,0,0,1
68525,0,0,0,0,0,0,0,0,1
68526,0,0,0,0,0,0,0,0,1
68527,0,0,0,0,0,0,0,0,1
68528,0,0,0,0,0,0,0,0,1
68529,0,0,0,0,0,0,0,0,1
68530,0,0,0,0,0,0,0,0,1
68531,0,0,0,0,0,0,0,0,1
68532,0,0,0,0,0,0,0,0,1
68533,0,0,0,0,0,0,0,0,1
68534,0,0,0,0,0,0,0,0,1
68535,0,0,0,0,0,0,0,0,1
68536,0,0,0,0,0,0,0,0,1
68537,0,0,0,0,0,0,0,0,1
68538,0,0,0,0,0,0,0,0,1
68539,0,0,0,0,0,0,0,0,1
68540,0,0,0,0,0,0,0,0,1
68541,0,0,0,0,0,0,0,0,1
68542,0,0,0,0,0,0,0,0,1
68543,0,0,0,0,0,0,0,0,1
68544,0,0,0,0,0,0,0,0,1
68545,0,0,0,0,0,0,0,0,1
68546,0,0,0,0,0,0,0,0,1
68547,0,0,0,0,0,0,0,0,1
68548,0,0,0,0,0,0,0,0,1
68549,0,0,0,0,0,0,0,0,1
68550,0,0,0,0,0,0,0,0,1
68551,0,0,0,0,0,0,0,0,1
68552,0,0,0,0,0,0,0,0,1
68553,0,0,0,0,0,0,0,0,1
68554,0,0,0,0,0,0,0,0,1
68555,0,0,0,0,0,0,0,0,1
68556,0,0,0,0,0,0,0,0,1
68557,0,0,0,0,0,0,0,0,1
68558,0,0,0,0,0,0,0,0,1
68559,0,0,0,0,0,0,0,0,1
68560,0,0,0,0,0,0,0,0,1
68561,0,0,0,0,0,0,0,0,1
68562,0,0,0,0,0,0,0,0,1
68563,0,0,0,0,0,0,0,0,1
68564,0,0,0,0,0,0,0,0,1
68565,0,0,0,0,0,0,0,0,1
68566,0,0,0,0,0,0,0,0,1
68567,0,0,0,0,0,0,0,0,1
68568,0,0,0,0,0,0,0,0,1
68569,0,0,0,0,0,0,0,0,1
68570,0,0,0,0,0,0,0,0,1
68571,0,0,0,0,0,0,0,0,1
68572,0,0,0,0,0,0,0,0,1
68573,0,0,0,0,0,0,0,0,1
68574,0,0,0,0,0,0,0,0,1
68575,0,0,0,0,0,0,0,0,1
68576,0,0,0,0,0,0,0,0,1
68577,0,0,0,0,0,0,0,0,1
68578,0,0,0,0,0,0,0,0,1
68579,0,0,0,0,0,0,0,0,1
68580,0,0,0,0,0,0,0,0,1
68581,0,0,0,0,0,0,0,0,1
68582,0,0,0,0,0,0,0,0,1
68583,0,0,0,0,0,0,0,0,1
68584,0,0,0,0,0,0,0,0,1
68585,0,0,0,0,0,0,0,0,1
68586,0,0,0,0,0,0,0,0,1
68587,0,0,0,0,0,0,0,0,1
68588,0,0,0,0,0,0,0,0,1
68589,0,0,0,0,0,0,0,0,1
68590,0,0,0,0,0,0,0,0,1
68591,0,0,0,0,0,0,0,0,1
68592,0,0,0,0,0,0,0,0,1
68593,0,0,0,0,0,0,0,0,1
68594,0,0,0,0,0,0,0,0,1
68595,0,0,0,0,0,0,0,0,1
68596,0,0,0,0,0,0,0,0,1
68597,0,0,0,0,0,0,0,0,1
68598,0,0,0,0,0,0,0,0,1
68599,0,0,0,0,0,0,0,0,1
68600,0,0,0,0,0,0,0,0,1
68601,0,0,0,0,0,0,0,0,1
68602,0,0,0,0,0,0,0,0,1
68603,0,0,0,0,0,0,0,0,1
68604,0,0,0,0,0,0,0,0,1
68605,0,0,0,0,0,0,0,0,1
68606,0,0,0,0,0,0,0,0,1
68607,0,0,0,0,0,0,0,0,1
68608,0,0,0,0,0,0,0,0,1
68609,0,0,0,0,0,0,0,0,1
68610,0,0,0,0,0,0,0,0,1
68611,0,0,0,0,0,0,0,0,1
68612,0,0,0,0,0,0,0,0,1
68613,0,0,0,0,0,0,0,0,1
68614,0,0,0,0,0,0,0,0,1
68615,0,0,0,0,0,0,0,0,1
68616,0,0,0,0,0,0,0,0,1
68617,0,0,0,0,0,0,0,0,1
68618,0,0,0,0,0,0,0,0,1
68619,0,0,0,0,0,0,0,0,1
68620,0,0,0,0,0,0,0,0,1
68621,0,0,0,0,0,0,0,0,1
68622,0,0,0,0,0,0,0,0,1
68623,0,0,0,0,0,0,0,0,1
68624,0,0,0,0,0,0,0,0,1
68625,0,0,0,0,0,0,0,0,1
68626,0,0,0,0,0,0,0,0,1
68627,0,0,0,0,0,0,0,0,1
68628,0,0,0,0,0,0,0,0,1
68629,0,0,0,0,0,0,0,0,1
68630,0,0,0,0,0,0,0,0,1
68631,0,0,0,0,0,0,0,0,1
68632,0,0,0,0,0,0,0,0,1
68633,0,0,0,0,0,0,0,0,1
68634,0,0,0,0,0,0,0,0,1
68635,0,0,0,0,0,0,0,0,1
68636,0,0,0,0,0,0,0,0,1
68637,0,0,0,0,0,0,0,0,1
68638,0,0,0,0,0,0,0,0,1
68639,0,0,0,0,0,0,0,0,1
68640,0,0,0,0,0,0,0,0,1
68641,0,0,0,0,0,0,0,0,1
68642,0,0,0,0,0,0,0,0,1
68643,0,0,0,0,0,0,0,0,1
68644,0,0,0,0,0,0,0,0,1
68645,0,0,0,0,0,0,0,0,1
68646,0,0,0,0,0,0,0,0,1
68647,0,0,0,0,0,0,0,0,1
68648,0,0,0,0,0,0,0,0,1
68649,0,0,0,0,0,0,0,0,1
68650,0,0,0,0,0,0,0,0,1
68651,0,0,0,0,0,0,0,0,1
68652,0,0,0,0,0,0,0,0,1
68653,0,0,0,0,0,0,0,0,1
68654,0,0,0,0,0,0,0,0,1
68655,0,0,0,0,0,0,0,0,1
68656,0,0,0,0,0,0,0,0,1
68657,0,0,0,0,0,0,0,0,1
68658,0,0,0,0,0,0,0,0,1
68659,0,0,0,0,0,0,0,0,1
68660,0,0,0,0,0,0,0,0,1
68661,0,0,0,0,0,0,0,0,1
68662,0,0,0,0,0,0,0,0,1
68663,0,0,0,0,0,0,0,0,1
68664,0,0,0,0,0,0,0,0,1
68665,0,0,0,0,0,0,0,0,1
68666,0,0,0,0,0,0,0,0,1
68667,0,0,0,0,0,0,0,0,1
68668,0,0,0,0,0,0,0,0,1
68669,0,0,0,0,0,0,0,0,1
68670,0,0,0,0,0,0,0,0,1
68671,0,0,0,0,0,0,0,0,1
68672,0,0,0,0,0,0,0,0,1
68673,0,0,0,0,0,0,0,0,1
68674,0,0,0,0,0,0,0,0,1
68675,0,0,0,0,0,0,0,0,1
68676,0,0,0,0,0,0,0,0,1
68677,0,0,0,0,0,0,0,0,1
68678,0,0,0,0,0,0,0,0,1
68679,0,0,0,0,0,0,0,0,1
68680,0,0,0,0,0,0,0,0,1
68681,0,0,0,0,0,0,0,0,1
68682,0,0,0,0,0,0,0,0,1
68683,0,0,0,0,0,0,0,0,1
68684,0,0,0,0,0,0,0,0,1
68685,0,0,0,0,0,0,0,0,1
68686,0,0,0,0,0,0,0,0,1
68687,0,0,0,0,0,0,0,0,1
68688,0,0,0,0,0,0,0,0,1
68689,0,0,0,0,0,0,0,0,1
68690,0,0,0,0,0,0,0,0,1
68691,0,0,0,0,0,0,0,0,1
68692,0,0,0,0,0,0,0,0,1
68693,0,0,0,0,0,0,0,0,1
68694,0,0,0,0,0,0,0,0,1
68695,0,0,0,0,0,0,0,0,1
68696,0,0,0,0,0,0,0,0,1
68697,0,0,0,0,0,0,0,0,1
68698,0,0,0,0,0,0,0,0,1
68699,0,0,0,0,0,0,0,0,1
68700,0,0,0,0,0,0,0,0,1
68701,0,0,0,0,0,0,0,0,1
68702,0,0,0,0,0,0,0,0,1
68703,0,0,0,0,0,0,0,0,1
68704,0,0,0,0,0,0,0,0,1
68705,0,0,0,0,0,0,0,0,1
68706,0,0,0,0,0,0,0,0,1
68707,0,0,0,0,0,0,0,0,1
68708,0,0,0,0,0,0,0,0,1
68709,0,0,0,0,0,0,0,0,1
68710,0,0,0,0,0,0,0,0,1
68711,0,0,0,0,0,0,0,0,1
68712,0,0,0,0,0,0,0,0,1
68713,0,0,0,0,0,0,0,0,1
68714,0,0,0,0,0,0,0,0,1
68715,0,0,0,0,0,0,0,0,1
68716,0,0,0,0,0,0,0,0,1
68717,0,0,0,0,0,0,0,0,1
68718,0,0,0,0,0,0,0,0,1
68719,0,0,0,0,0,0,0,0,1
68720,0,0,0,0,0,0,0,0,1
68721,0,0,0,0,0,0,0,0,1
68722,0,0,0,0,0,0,0,0,1
68723,0,0,0,0,0,0,0,0,1
68724,0,0,0,0,0,0,0,0,1
68725,0,0,0,0,0,0,0,0,1
68726,0,0,0,0,0,0,0,0,1
68727,0,0,0,0,0,0,0,0,1
68728,0,0,0,0,0,0,0,0,1
68729,0,0,0,0,0,0,0,0,1
68730,0,0,0,0,0,0,0,0,1
68731,0,0,0,0,0,0,0,0,1
68732,0,0,0,0,0,0,0,0,1
68733,0,0,0,0,0,0,0,0,1
68734,0,0,0,0,0,0,0,0,1
68735,0,0,0,0,0,0,0,0,1
68736,0,0,0,0,0,0,0,0,1
68737,0,0,0,0,0,0,0,0,1
68738,0,0,0,0,0,0,0,0,1
68739,0,0,0,0,0,0,0,0,1
68740,0,0,0,0,0,0,0,0,1
68741,0,0,0,0,0,0,0,0,1
68742,0,0,0,0,0,0,0,0,1
68743,0,0,0,0,0,0,0,0,1
68744,0,0,0,0,0,0,0,0,1
68745,0,0,0,0,0,0,0,0,1
68746,0,0,0,0,0,0,0,0,1
68747,0,0,0,0,0,0,0,0,1
68748,0,0,0,0,0,0,0,0,1
68749,0,0,0,0,0,0,0,0,1
68750,0,0,0,0,0,0,0,0,1
68751,0,0,0,0,0,0,0,0,1
68752,0,0,0,0,0,0,0,0,1
68753,0,0,0,0,0,0,0,0,1
68754,0,0,0,0,0,0,0,0,1
68755,0,0,0,0,0,0,0,0,1
68756,0,0,0,0,0,0,0,0,1
68757,0,0,0,0,0,0,0,0,1
68758,0,0,0,0,0,0,0,0,1
68759,0,0,0,0,0,0,0,0,1
68760,0,0,0,0,0,0,0,0,1
68761,0,0,0,0,0,0,0,0,1
68762,0,0,0,0,0,0,0,0,1
68763,0,0,0,0,0,0,0,0,1
68764,0,0,0,0,0,0,0,0,1
68765,0,0,0,0,0,0,0,0,1
68766,0,0,0,0,0,0,0,0,1
68767,0,0,0,0,0,0,0,0,1
68768,0,0,0,0,0,0,0,0,1
68769,0,0,0,0,0,0,0,0,1
68770,0,0,0,0,0,0,0,0,1
68771,0,0,0,0,0,0,0,0,1
68772,0,0,0,0,0,0,0,0,1
68773,0,0,0,0,0,0,0,0,1
68774,0,0,0,0,0,0,0,0,1
68775,0,0,0,0,0,0,0,0,1
68776,0,0,0,0,0,0,0,0,1
68777,0,0,0,0,0,0,0,0,1
68778,0,0,0,0,0,0,0,0,1
68779,0,0,0,0,0,0,0,0,1
68780,0,0,0,0,0,0,0,0,1
68781,0,0,0,0,0,0,0,0,1
68782,0,0,0,0,0,0,0,0,1
68783,0,0,0,0,0,0,0,0,1
68784,0,0,0,0,0,0,0,0,1
68785,0,0,0,0,0,0,0,0,1
68786,0,0,0,0,0,0,0,0,1
68787,0,0,0,0,0,0,0,0,1
68788,0,0,0,0,0,0,0,0,1
68789,0,0,0,0,0,0,0,0,1
68790,0,0,0,0,0,0,0,0,1
68791,0,0,0,0,0,0,0,0,1
68792,0,0,0,0,0,0,0,0,1
68793,0,0,0,0,0,0,0,0,1
68794,0,0,0,0,0,0,0,0,1
68795,0,0,0,0,0,0,0,0,1
68796,0,0,0,0,0,0,0,0,1
68797,0,0,0,0,0,0,0,0,1
68798,0,0,0,0,0,0,0,0,1
68799,0,0,0,0,0,0,0,0,1
68800,0,0,0,0,0,0,0,0,1
68801,0,0,0,0,0,0,0,0,1
68802,0,0,0,0,0,0,0,0,1
68803,0,0,0,0,0,0,0,0,1
68804,0,0,0,0,0,0,0,0,1
68805,0,0,0,0,0,0,0,0,1
68806,0,0,0,0,0,0,0,0,1
68807,0,0,0,0,0,0,0,0,1
68808,0,0,0,0,0,0,0,0,1
68809,0,0,0,0,0,0,0,0,1
68810,0,0,0,0,0,0,0,0,1
68811,0,0,0,0,0,0,0,0,1
68812,0,0,0,0,0,0,0,0,1
68813,0,0,0,0,0,0,0,0,1
68814,0,0,0,0,0,0,0,0,1
68815,0,0,0,0,0,0,0,0,1
68816,0,0,0,0,0,0,0,0,1
68817,0,0,0,0,0,0,0,0,1
68818,0,0,0,0,0,0,0,0,1
68819,0,0,0,0,0,0,0,0,1
68820,0,0,0,0,0,0,0,0,1
68821,0,0,0,0,0,0,0,0,1
68822,0,0,0,0,0,0,0,0,1
68823,0,0,0,0,0,0,0,0,1
68824,0,0,0,0,0,0,0,0,1
68825,0,0,0,0,0,0,0,0,1
68826,0,0,0,0,0,0,0,0,1
68827,0,0,0,0,0,0,0,0,1
68828,0,0,0,0,0,0,0,0,1
68829,0,0,0,0,0,0,0,0,1
68830,0,0,0,0,0,0,0,0,1
68831,0,0,0,0,0,0,0,0,1
68832,0,0,0,0,0,0,0,0,1
68833,0,0,0,0,0,0,0,0,1
68834,0,0,0,0,0,0,0,0,1
68835,0,0,0,0,0,0,0,0,1
68836,0,0,0,0,0,0,0,0,1
68837,0,0,0,0,0,0,0,0,1
68838,0,0,0,0,0,0,0,0,1
68839,0,0,0,0,0,0,0,0,1
68840,0,0,0,0,0,0,0,0,1
68841,0,0,0,0,0,0,0,0,1
68842,0,0,0,0,0,0,0,0,1
68843,0,0,0,0,0,0,0,0,1
68844,0,0,0,0,0,0,0,0,1
68845,0,0,0,0,0,0,0,0,1
68846,0,0,0,0,0,0,0,0,1
68847,0,0,0,0,0,0,0,0,1
68848,0,0,0,0,0,0,0,0,1
68849,0,0,0,0,0,0,0,0,1
68850,0,0,0,0,0,0,0,0,1
68851,0,0,0,0,0,0,0,0,1
68852,0,0,0,0,0,0,0,0,1
68853,0,0,0,0,0,0,0,0,1
68854,0,0,0,0,0,0,0,0,1
68855,0,0,0,0,0,0,0,0,1
68856,0,0,0,0,0,0,0,0,1
68857,0,0,0,0,0,0,0,0,1
68858,0,0,0,0,0,0,0,0,1
68859,0,0,0,0,0,0,0,0,1
68860,0,0,0,0,0,0,0,0,1
68861,0,0,0,0,0,0,0,0,1
68862,0,0,0,0,0,0,0,0,1
68863,0,0,0,0,0,0,0,0,1
68864,0,0,0,0,0,0,0,0,1
68865,0,0,0,0,0,0,0,0,1
68866,0,0,0,0,0,0,0,0,1
68867,0,0,0,0,0,0,0,0,1
68868,0,0,0,0,0,0,0,0,1
68869,0,0,0,0,0,0,0,0,1
68870,0,0,0,0,0,0,0,0,1
68871,0,0,0,0,0,0,0,0,1
68872,0,0,0,0,0,0,0,0,1
68873,0,0,0,0,0,0,0,0,1
68874,0,0,0,0,0,0,0,0,1
68875,0,0,0,0,0,0,0,0,1
68876,0,0,0,0,0,0,0,0,1
68877,0,0,0,0,0,0,0,0,1
68878,0,0,0,0,0,0,0,0,1
68879,0,0,0,0,0,0,0,0,1
68880,0,0,0,0,0,0,0,0,1
68881,0,0,0,0,0,0,0,0,1
68882,0,0,0,0,0,0,0,0,1
68883,0,0,0,0,0,0,0,0,1
68884,0,0,0,0,0,0,0,0,1
68885,0,0,0,0,0,0,0,0,1
68886,0,0,0,0,0,0,0,0,1
68887,0,0,0,0,0,0,0,0,1
68888,0,0,0,0,0,0,0,0,1
68889,0,0,0,0,0,0,0,0,1
68890,0,0,0,0,0,0,0,0,1
68891,0,0,0,0,0,0,0,0,1
68892,0,0,0,0,0,0,0,0,1
68893,0,0,0,0,0,0,0,0,1
68894,0,0,0,0,0,0,0,0,1
68895,0,0,0,0,0,0,0,0,1
68896,0,0,0,0,0,0,0,0,1
68897,0,0,0,0,0,0,0,0,1
68898,0,0,0,0,0,0,0,0,1
68899,0,0,0,0,0,0,0,0,1
68900,0,0,0,0,0,0,0,0,1
68901,0,0,0,0,0,0,0,0,1
68902,0,0,0,0,0,0,0,0,1
68903,0,0,0,0,0,0,0,0,1
68904,0,0,0,0,0,0,0,0,1
68905,0,0,0,0,0,0,0,0,1
68906,0,0,0,0,0,0,0,0,1
68907,0,0,0,0,0,0,0,0,1
68908,0,0,0,0,0,0,0,0,1
68909,0,0,0,0,0,0,0,0,1
68910,0,0,0,0,0,0,0,0,1
68911,0,0,0,0,0,0,0,0,1
68912,0,0,0,0,0,0,0,0,1
68913,0,0,0,0,0,0,0,0,1
68914,0,0,0,0,0,0,0,0,1
68915,0,0,0,0,0,0,0,0,1
68916,0,0,0,0,0,0,0,0,1
68917,0,0,0,0,0,0,0,0,1
68918,0,0,0,0,0,0,0,0,1
68919,0,0,0,0,0,0,0,0,1
68920,0,0,0,0,0,0,0,0,1
68921,0,0,0,0,0,0,0,0,1
68922,0,0,0,0,0,0,0,0,1
68923,0,0,0,0,0,0,0,0,1
68924,0,0,0,0,0,0,0,0,1
68925,0,0,0,0,0,0,0,0,1
68926,0,0,0,0,0,0,0,0,1
68927,0,0,0,0,0,0,0,0,1
68928,0,0,0,0,0,0,0,0,1
68929,0,0,0,0,0,0,0,0,1
68930,0,0,0,0,0,0,0,0,1
68931,0,0,0,0,0,0,0,0,1
68932,0,0,0,0,0,0,0,0,1
68933,0,0,0,0,0,0,0,0,1
68934,0,0,0,0,0,0,0,0,1
68935,0,0,0,0,0,0,0,0,1
68936,0,0,0,0,0,0,0,0,1
68937,0,0,0,0,0,0,0,0,1
68938,0,0,0,0,0,0,0,0,1
68939,0,0,0,0,0,0,0,0,1
68940,0,0,0,0,0,0,0,0,1
68941,0,0,0,0,0,0,0,0,1
68942,0,0,0,0,0,0,0,0,1
68943,0,0,0,0,0,0,0,0,1
68944,0,0,0,0,0,0,0,0,1
68945,0,0,0,0,0,0,0,0,1
68946,0,0,0,0,0,0,0,0,1
68947,0,0,0,0,0,0,0,0,1
68948,0,0,0,0,0,0,0,0,1
68949,0,0,0,0,0,0,0,0,1
68950,0,0,0,0,0,0,0,0,1
68951,0,0,0,0,0,0,0,0,1
68952,0,0,0,0,0,0,0,0,1
68953,0,0,0,0,0,0,0,0,1
68954,0,0,0,0,0,0,0,0,1
68955,0,0,0,0,0,0,0,0,1
68956,0,0,0,0,0,0,0,0,1
68957,0,0,0,0,0,0,0,0,1
68958,0,0,0,0,0,0,0,0,1
68959,0,0,0,0,0,0,0,0,1
68960,0,0,0,0,0,0,0,0,1
68961,0,0,0,0,0,0,0,0,1
68962,0,0,0,0,0,0,0,0,1
68963,0,0,0,0,0,0,0,0,1
68964,0,0,0,0,0,0,0,0,1
68965,0,0,0,0,0,0,0,0,1
68966,0,0,0,0,0,0,0,0,1
68967,0,0,0,0,0,0,0,0,1
68968,0,0,0,0,0,0,0,0,1
68969,0,0,0,0,0,0,0,0,1
68970,0,0,0,0,0,0,0,0,1
68971,0,0,0,0,0,0,0,0,1
68972,0,0,0,0,0,0,0,0,1
68973,0,0,0,0,0,0,0,0,1
68974,0,0,0,0,0,0,0,0,1
68975,0,0,0,0,0,0,0,0,1
68976,0,0,0,0,0,0,0,0,1
68977,0,0,0,0,0,0,0,0,1
68978,0,0,0,0,0,0,0,0,1
68979,0,0,0,0,0,0,0,0,1
68980,0,0,0,0,0,0,0,0,1
68981,0,0,0,0,0,0,0,0,1
68982,0,0,0,0,0,0,0,0,1
68983,0,0,0,0,0,0,0,0,1
68984,0,0,0,0,0,0,0,0,1
68985,0,0,0,0,0,0,0,0,1
68986,0,0,0,0,0,0,0,0,1
68987,0,0,0,0,0,0,0,0,1
68988,0,0,0,0,0,0,0,0,1
68989,0,0,0,0,0,0,0,0,1
68990,0,0,0,0,0,0,0,0,1
68991,0,0,0,0,0,0,0,0,1
68992,0,0,0,0,0,0,0,0,1
68993,0,0,0,0,0,0,0,0,1
68994,0,0,0,0,0,0,0,0,1
68995,0,0,0,0,0,0,0,0,1
68996,0,0,0,0,0,0,0,0,1
68997,0,0,0,0,0,0,0,0,1
68998,0,0,0,0,0,0,0,0,1
68999,0,0,0,0,0,0,0,0,1
69000,0,0,0,0,0,0,0,0,1
69001,0,0,0,0,0,0,0,0,1
69002,0,0,0,0,0,0,0,0,1
69003,0,0,0,0,0,0,0,0,1
69004,0,0,0,0,0,0,0,0,1
69005,0,0,0,0,0,0,0,0,1
69006,0,0,0,0,0,0,0,0,1
69007,0,0,0,0,0,0,0,0,1
69008,0,0,0,0,0,0,0,0,1
69009,0,0,0,0,0,0,0,0,1
69010,0,0,0,0,0,0,0,0,1
69011,0,0,0,0,0,0,0,0,1
69012,0,0,0,0,0,0,0,0,1
69013,0,0,0,0,0,0,0,0,1
69014,0,0,0,0,0,0,0,0,1
69015,0,0,0,0,0,0,0,0,1
69016,0,0,0,0,0,0,0,0,1
69017,0,0,0,0,0,0,0,0,1
69018,0,0,0,0,0,0,0,0,1
69019,0,0,0,0,0,0,0,0,1
69020,0,0,0,0,0,0,0,0,1
69021,0,0,0,0,0,0,0,0,1
69022,0,0,0,0,0,0,0,0,1
69023,0,0,0,0,0,0,0,0,1
69024,0,0,0,0,0,0,0,0,1
69025,0,0,0,0,0,0,0,0,1
69026,0,0,0,0,0,0,0,0,1
69027,0,0,0,0,0,0,0,0,1
69028,0,0,0,0,0,0,0,0,1
69029,0,0,0,0,0,0,0,0,1
69030,0,0,0,0,0,0,0,0,1
69031,0,0,0,0,0,0,0,0,1
69032,0,0,0,0,0,0,0,0,1
69033,0,0,0,0,0,0,0,0,1
69034,0,0,0,0,0,0,0,0,1
69035,0,0,0,0,0,0,0,0,1
69036,0,0,0,0,0,0,0,0,1
69037,0,0,0,0,0,0,0,0,1
69038,0,0,0,0,0,0,0,0,1
69039,0,0,0,0,0,0,0,0,1
69040,0,0,0,0,0,0,0,0,1
69041,0,0,0,0,0,0,0,0,1
69042,0,0,0,0,0,0,0,0,1
69043,0,0,0,0,0,0,0,0,1
69044,0,0,0,0,0,0,0,0,1
69045,0,0,0,0,0,0,0,0,1
69046,0,0,0,0,0,0,0,0,1
69047,0,0,0,0,0,0,0,0,1
69048,0,0,0,0,0,0,0,0,1
69049,0,0,0,0,0,0,0,0,1
69050,0,0,0,0,0,0,0,0,1
69051,0,0,0,0,0,0,0,0,1
69052,0,0,0,0,0,0,0,0,1
69053,0,0,0,0,0,0,0,0,1
69054,0,0,0,0,0,0,0,0,1
69055,0,0,0,0,0,0,0,0,1
69056,0,0,0,0,0,0,0,0,1
69057,0,0,0,0,0,0,0,0,1
69058,0,0,0,0,0,0,0,0,1
69059,0,0,0,0,0,0,0,0,1
69060,0,0,0,0,0,0,0,0,1
69061,0,0,0,0,0,0,0,0,1
69062,0,0,0,0,0,0,0,0,1
69063,0,0,0,0,0,0,0,0,1
69064,0,0,0,0,0,0,0,0,1
69065,0,0,0,0,0,0,0,0,1
69066,0,0,0,0,0,0,0,0,1
69067,0,0,0,0,0,0,0,0,1
69068,0,0,0,0,0,0,0,0,1
69069,0,0,0,0,0,0,0,0,1
69070,0,0,0,0,0,0,0,0,1
69071,0,0,0,0,0,0,0,0,1
69072,0,0,0,0,0,0,0,0,1
69073,0,0,0,0,0,0,0,0,1
69074,0,0,0,0,0,0,0,0,1
69075,0,0,0,0,0,0,0,0,1
69076,0,0,0,0,0,0,0,0,1
69077,0,0,0,0,0,0,0,0,1
69078,0,0,0,0,0,0,0,0,1
69079,0,0,0,0,0,0,0,0,1
69080,0,0,0,0,0,0,0,0,1
69081,0,0,0,0,0,0,0,0,1
69082,0,0,0,0,0,0,0,0,1
69083,0,0,0,0,0,0,0,0,1
69084,0,0,0,0,0,0,0,0,1
69085,0,0,0,0,0,0,0,0,1
69086,0,0,0,0,0,0,0,0,1
69087,0,0,0,0,0,0,0,0,1
69088,0,0,0,0,0,0,0,0,1
69089,0,0,0,0,0,0,0,0,1
69090,0,0,0,0,0,0,0,0,1
69091,0,0,0,0,0,0,0,0,1
69092,0,0,0,0,0,0,0,0,1
69093,0,0,0,0,0,0,0,0,1
69094,0,0,0,0,0,0,0,0,1
69095,0,0,0,0,0,0,0,0,1
69096,0,0,0,0,0,0,0,0,1
69097,0,0,0,0,0,0,0,0,1
69098,0,0,0,0,0,0,0,0,1
69099,0,0,0,0,0,0,0,0,1
69100,0,0,0,0,0,0,0,0,1
69101,0,0,0,0,0,0,0,0,1
69102,0,0,0,0,0,0,0,0,1
69103,0,0,0,0,0,0,0,0,1
69104,0,0,0,0,0,0,0,0,1
69105,0,0,0,0,0,0,0,0,1
69106,0,0,0,0,0,0,0,0,1
69107,0,0,0,0,0,0,0,0,1
69108,0,0,0,0,0,0,0,0,1
69109,0,0,0,0,0,0,0,0,1
69110,0,0,0,0,0,0,0,0,1
69111,0,0,0,0,0,0,0,0,1
69112,0,0,0,0,0,0,0,0,1
69113,0,0,0,0,0,0,0,0,1
69114,0,0,0,0,0,0,0,0,1
69115,0,0,0,0,0,0,0,0,1
69116,0,0,0,0,0,0,0,0,1
69117,0,0,0,0,0,0,0,0,1
69118,0,0,0,0,0,0,0,0,1
69119,0,0,0,0,0,0,0,0,1
69120,0,0,0,0,0,0,0,0,1
69121,0,0,0,0,0,0,0,0,1
69122,0,0,0,0,0,0,0,0,1
69123,0,0,0,0,0,0,0,0,1
69124,0,0,0,0,0,0,0,0,1
69125,0,0,0,0,0,0,0,0,1
69126,0,0,0,0,0,0,0,0,1
69127,0,0,0,0,0,0,0,0,1
69128,0,0,0,0,0,0,0,0,1
69129,0,0,0,0,0,0,0,0,1
69130,0,0,0,0,0,0,0,0,1
69131,0,0,0,0,0,0,0,0,1
69132,0,0,0,0,0,0,0,0,1
69133,0,0,0,0,0,0,0,0,1
69134,0,0,0,0,0,0,0,0,1
69135,0,0,0,0,0,0,0,0,1
69136,0,0,0,0,0,0,0,0,1
69137,0,0,0,0,0,0,0,0,1
69138,0,0,0,0,0,0,0,0,1
69139,0,0,0,0,0,0,0,0,1
69140,0,0,0,0,0,0,0,0,1
69141,0,0,0,0,0,0,0,0,1
69142,0,0,0,0,0,0,0,0,1
69143,0,0,0,0,0,0,0,0,1
69144,0,0,0,0,0,0,0,0,1
69145,0,0,0,0,0,0,0,0,1
69146,0,0,0,0,0,0,0,0,1
69147,0,0,0,0,0,0,0,0,1
69148,0,0,0,0,0,0,0,0,1
69149,0,0,0,0,0,0,0,0,1
69150,0,0,0,0,0,0,0,0,1
69151,0,0,0,0,0,0,0,0,1
69152,0,0,0,0,0,0,0,0,1
69153,0,0,0,0,0,0,0,0,1
69154,0,0,0,0,0,0,0,0,1
69155,0,0,0,0,0,0,0,0,1
69156,0,0,0,0,0,0,0,0,1
69157,0,0,0,0,0,0,0,0,1
69158,0,0,0,0,0,0,0,0,1
69159,0,0,0,0,0,0,0,0,1
69160,0,0,0,0,0,0,0,0,1
69161,0,0,0,0,0,0,0,0,1
69162,0,0,0,0,0,0,0,0,1
69163,0,0,0,0,0,0,0,0,1
69164,0,0,0,0,0,0,0,0,1
69165,0,0,0,0,0,0,0,0,1
69166,0,0,0,0,0,0,0,0,1
69167,0,0,0,0,0,0,0,0,1
69168,0,0,0,0,0,0,0,0,1
69169,0,0,0,0,0,0,0,0,1
69170,0,0,0,0,0,0,0,0,1
69171,0,0,0,0,0,0,0,0,1
69172,0,0,0,0,0,0,0,0,1
69173,0,0,0,0,0,0,0,0,1
69174,0,0,0,0,0,0,0,0,1
69175,0,0,0,0,0,0,0,0,1
69176,0,0,0,0,0,0,0,0,1
69177,0,0,0,0,0,0,0,0,1
69178,0,0,0,0,0,0,0,0,1
69179,0,0,0,0,0,0,0,0,1
69180,0,0,0,0,0,0,0,0,1
69181,0,0,0,0,0,0,0,0,1
69182,0,0,0,0,0,0,0,0,1
69183,0,0,0,0,0,0,0,0,1
69184,0,0,0,0,0,0,0,0,1
69185,0,0,0,0,0,0,0,0,1
69186,0,0,0,0,0,0,0,0,1
69187,0,0,0,0,0,0,0,0,1
69188,0,0,0,0,0,0,0,0,1
69189,0,0,0,0,0,0,0,0,1
69190,0,0,0,0,0,0,0,0,1
69191,0,0,0,0,0,0,0,0,1
69192,0,0,0,0,0,0,0,0,1
69193,0,0,0,0,0,0,0,0,1
69194,0,0,0,0,0,0,0,0,1
69195,0,0,0,0,0,0,0,0,1
69196,0,0,0,0,0,0,0,0,1
69197,0,0,0,0,0,0,0,0,1
69198,0,0,0,0,0,0,0,0,1
69199,0,0,0,0,0,0,0,0,1
69200,0,0,0,0,0,0,0,0,1
69201,0,0,0,0,0,0,0,0,1
69202,0,0,0,0,0,0,0,0,1
69203,0,0,0,0,0,0,0,0,1
69204,0,0,0,0,0,0,0,0,1
69205,0,0,0,0,0,0,0,0,1
69206,0,0,0,0,0,0,0,0,1
69207,0,0,0,0,0,0,0,0,1
69208,0,0,0,0,0,0,0,0,1
69209,0,0,0,0,0,0,0,0,1
69210,0,0,0,0,0,0,0,0,1
69211,0,0,0,0,0,0,0,0,1
69212,0,0,0,0,0,0,0,0,1
69213,0,0,0,0,0,0,0,0,1
69214,0,0,0,0,0,0,0,0,1
69215,0,0,0,0,0,0,0,0,1
69216,0,0,0,0,0,0,0,0,1
69217,0,0,0,0,0,0,0,0,1
69218,0,0,0,0,0,0,0,0,1
69219,0,0,0,0,0,0,0,0,1
69220,0,0,0,0,0,0,0,0,1
69221,0,0,0,0,0,0,0,0,1
69222,0,0,0,0,0,0,0,0,1
69223,0,0,0,0,0,0,0,0,1
69224,0,0,0,0,0,0,0,0,1
69225,0,0,0,0,0,0,0,0,1
69226,0,0,0,0,0,0,0,0,1
69227,0,0,0,0,0,0,0,0,1
69228,0,0,0,0,0,0,0,0,1
69229,0,0,0,0,0,0,0,0,1
69230,0,0,0,0,0,0,0,0,1
69231,0,0,0,0,0,0,0,0,1
69232,0,0,0,0,0,0,0,0,1
69233,0,0,0,0,0,0,0,0,1
69234,0,0,0,0,0,0,0,0,1
69235,0,0,0,0,0,0,0,0,1
69236,0,0,0,0,0,0,0,0,1
69237,0,0,0,0,0,0,0,0,1
69238,0,0,0,0,0,0,0,0,1
69239,0,0,0,0,0,0,0,0,1
69240,0,0,0,0,0,0,0,0,1
69241,0,0,0,0,0,0,0,0,1
69242,0,0,0,0,0,0,0,0,1
69243,0,0,0,0,0,0,0,0,1
69244,0,0,0,0,0,0,0,0,1
69245,0,0,0,0,0,0,0,0,1
69246,0,0,0,0,0,0,0,0,1
69247,0,0,0,0,0,0,0,0,1
69248,0,0,0,0,0,0,0,0,1
69249,0,0,0,0,0,0,0,0,1
69250,0,0,0,0,0,0,0,0,1
69251,0,0,0,0,0,0,0,0,1
69252,0,0,0,0,0,0,0,0,1
69253,0,0,0,0,0,0,0,0,1
69254,0,0,0,0,0,0,0,0,1
69255,0,0,0,0,0,0,0,0,1
69256,0,0,0,0,0,0,0,0,1
69257,0,0,0,0,0,0,0,0,1
69258,0,0,0,0,0,0,0,0,1
69259,0,0,0,0,0,0,0,0,1
69260,0,0,0,0,0,0,0,0,1
69261,0,0,0,0,0,0,0,0,1
69262,0,0,0,0,0,0,0,0,1
69263,0,0,0,0,0,0,0,0,1
69264,0,0,0,0,0,0,0,0,1
69265,0,0,0,0,0,0,0,0,1
69266,0,0,0,0,0,0,0,0,1
69267,0,0,0,0,0,0,0,0,1
69268,0,0,0,0,0,0,0,0,1
69269,0,0,0,0,0,0,0,0,1
69270,0,0,0,0,0,0,0,0,1
69271,0,0,0,0,0,0,0,0,1
69272,0,0,0,0,0,0,0,0,1
69273,0,0,0,0,0,0,0,0,1
69274,0,0,0,0,0,0,0,0,1
69275,0,0,0,0,0,0,0,0,1
69276,0,0,0,0,0,0,0,0,1
69277,0,0,0,0,0,0,0,0,1
69278,0,0,0,0,0,0,0,0,1
69279,0,0,0,0,0,0,0,0,1
69280,0,0,0,0,0,0,0,0,1
69281,0,0,0,0,0,0,0,0,1
69282,0,0,0,0,0,0,0,0,1
69283,0,0,0,0,0,0,0,0,1
69284,0,0,0,0,0,0,0,0,1
69285,0,0,0,0,0,0,0,0,1
69286,0,0,0,0,0,0,0,0,1
69287,0,0,0,0,0,0,0,0,1
69288,0,0,0,0,0,0,0,0,1
69289,0,0,0,0,0,0,0,0,1
69290,0,0,0,0,0,0,0,0,1
69291,0,0,0,0,0,0,0,0,1
69292,0,0,0,0,0,0,0,0,1
69293,0,0,0,0,0,0,0,0,1
69294,0,0,0,0,0,0,0,0,1
69295,0,0,0,0,0,0,0,0,1
69296,0,0,0,0,0,0,0,0,1
69297,0,0,0,0,0,0,0,0,1
69298,0,0,0,0,0,0,0,0,1
69299,0,0,0,0,0,0,0,0,1
69300,0,0,0,0,0,0,0,0,1
69301,0,0,0,0,0,0,0,0,1
69302,0,0,0,0,0,0,0,0,1
69303,0,0,0,0,0,0,0,0,1
69304,0,0,0,0,0,0,0,0,1
69305,0,0,0,0,0,0,0,0,1
69306,0,0,0,0,0,0,0,0,1
69307,0,0,0,0,0,0,0,0,1
69308,0,0,0,0,0,0,0,0,1
69309,0,0,0,0,0,0,0,0,1
69310,0,0,0,0,0,0,0,0,1
69311,0,0,0,0,0,0,0,0,1
69312,0,0,0,0,0,0,0,0,1
69313,0,0,0,0,0,0,0,0,1
69314,0,0,0,0,0,0,0,0,1
69315,0,0,0,0,0,0,0,0,1
69316,0,0,0,0,0,0,0,0,1
69317,0,0,0,0,0,0,0,0,1
69318,0,0,0,0,0,0,0,0,1
69319,0,0,0,0,0,0,0,0,1
69320,0,0,0,0,0,0,0,0,1
69321,0,0,0,0,0,0,0,0,1
69322,0,0,0,0,0,0,0,0,1
69323,0,0,0,0,0,0,0,0,1
69324,0,0,0,0,0,0,0,0,1
69325,0,0,0,0,0,0,0,0,1
69326,0,0,0,0,0,0,0,0,1
69327,0,0,0,0,0,0,0,0,1
69328,0,0,0,0,0,0,0,0,1
69329,0,0,0,0,0,0,0,0,1
69330,0,0,0,0,0,0,0,0,1
69331,0,0,0,0,0,0,0,0,1
69332,0,0,0,0,0,0,0,0,1
69333,0,0,0,0,0,0,0,0,1
69334,0,0,0,0,0,0,0,0,1
69335,0,0,0,0,0,0,0,0,1
69336,0,0,0,0,0,0,0,0,1
69337,0,0,0,0,0,0,0,0,1
69338,0,0,0,0,0,0,0,0,1
69339,0,0,0,0,0,0,0,0,1
69340,0,0,0,0,0,0,0,0,1
69341,0,0,0,0,0,0,0,0,1
69342,0,0,0,0,0,0,0,0,1
69343,0,0,0,0,0,0,0,0,1
69344,0,0,0,0,0,0,0,0,1
69345,0,0,0,0,0,0,0,0,1
69346,0,0,0,0,0,0,0,0,1
69347,0,0,0,0,0,0,0,0,1
69348,0,0,0,0,0,0,0,0,1
69349,0,0,0,0,0,0,0,0,1
69350,0,0,0,0,0,0,0,0,1
69351,0,0,0,0,0,0,0,0,1
69352,0,0,0,0,0,0,0,0,1
69353,0,0,0,0,0,0,0,0,1
69354,0,0,0,0,0,0,0,0,1
69355,0,0,0,0,0,0,0,0,1
69356,0,0,0,0,0,0,0,0,1
69357,0,0,0,0,0,0,0,0,1
69358,0,0,0,0,0,0,0,0,1
69359,0,0,0,0,0,0,0,0,1
69360,0,0,0,0,0,0,0,0,1
69361,0,0,0,0,0,0,0,0,1
69362,0,0,0,0,0,0,0,0,1
69363,0,0,0,0,0,0,0,0,1
69364,0,0,0,0,0,0,0,0,1
69365,0,0,0,0,0,0,0,0,1
69366,0,0,0,0,0,0,0,0,1
69367,0,0,0,0,0,0,0,0,1
69368,0,0,0,0,0,0,0,0,1
69369,0,0,0,0,0,0,0,0,1
69370,0,0,0,0,0,0,0,0,1
69371,0,0,0,0,0,0,0,0,1
69372,0,0,0,0,0,0,0,0,1
69373,0,0,0,0,0,0,0,0,1
69374,0,0,0,0,0,0,0,0,1
69375,0,0,0,0,0,0,0,0,1
69376,0,0,0,0,0,0,0,0,1
69377,0,0,0,0,0,0,0,0,1
69378,0,0,0,0,0,0,0,0,1
69379,0,0,0,0,0,0,0,0,1
69380,0,0,0,0,0,0,0,0,1
69381,0,0,0,0,0,0,0,0,1
69382,0,0,0,0,0,0,0,0,1
69383,0,0,0,0,0,0,0,0,1
69384,0,0,0,0,0,0,0,0,1
69385,0,0,0,0,0,0,0,0,1
69386,0,0,0,0,0,0,0,0,1
69387,0,0,0,0,0,0,0,0,1
69388,0,0,0,0,0,0,0,0,1
69389,0,0,0,0,0,0,0,0,1
69390,0,0,0,0,0,0,0,0,1
69391,0,0,0,0,0,0,0,0,1
69392,0,0,0,0,0,0,0,0,1
69393,0,0,0,0,0,0,0,0,1
69394,0,0,0,0,0,0,0,0,1
69395,0,0,0,0,0,0,0,0,1
69396,0,0,0,0,0,0,0,0,1
69397,0,0,0,0,0,0,0,0,1
69398,0,0,0,0,0,0,0,0,1
69399,0,0,0,0,0,0,0,0,1
69400,0,0,0,0,0,0,0,0,1
69401,0,0,0,0,0,0,0,0,1
69402,0,0,0,0,0,0,0,0,1
69403,0,0,0,0,0,0,0,0,1
69404,0,0,0,0,0,0,0,0,1
69405,0,0,0,0,0,0,0,0,1
69406,0,0,0,0,0,0,0,0,1
69407,0,0,0,0,0,0,0,0,1
69408,0,0,0,0,0,0,0,0,1
69409,0,0,0,0,0,0,0,0,1
69410,0,0,0,0,0,0,0,0,1
69411,0,0,0,0,0,0,0,0,1
69412,0,0,0,0,0,0,0,0,1
69413,0,0,0,0,0,0,0,0,1
69414,0,0,0,0,0,0,0,0,1
69415,0,0,0,0,0,0,0,0,1
69416,0,0,0,0,0,0,0,0,1
69417,0,0,0,0,0,0,0,0,1
69418,0,0,0,0,0,0,0,0,1
69419,0,0,0,0,0,0,0,0,1
69420,0,0,0,0,0,0,0,0,1
69421,0,0,0,0,0,0,0,0,1
69422,0,0,0,0,0,0,0,0,1
69423,0,0,0,0,0,0,0,0,1
69424,0,0,0,0,0,0,0,0,1
69425,0,0,0,0,0,0,0,0,1
69426,0,0,0,0,0,0,0,0,1
69427,0,0,0,0,0,0,0,0,1
69428,0,0,0,0,0,0,0,0,1
69429,0,0,0,0,0,0,0,0,1
69430,0,0,0,0,0,0,0,0,1
69431,0,0,0,0,0,0,0,0,1
69432,0,0,0,0,0,0,0,0,1
69433,0,0,0,0,0,0,0,0,1
69434,0,0,0,0,0,0,0,0,1
69435,0,0,0,0,0,0,0,0,1
69436,0,0,0,0,0,0,0,0,1
69437,0,0,0,0,0,0,0,0,1
69438,0,0,0,0,0,0,0,0,1
69439,0,0,0,0,0,0,0,0,1
69440,0,0,0,0,0,0,0,0,1
69441,0,0,0,0,0,0,0,0,1
69442,0,0,0,0,0,0,0,0,1
69443,0,0,0,0,0,0,0,0,1
69444,0,0,0,0,0,0,0,0,1
69445,0,0,0,0,0,0,0,0,1
69446,0,0,0,0,0,0,0,0,1
69447,0,0,0,0,0,0,0,0,1
69448,0,0,0,0,0,0,0,0,1
69449,0,0,0,0,0,0,0,0,1
69450,0,0,0,0,0,0,0,0,1
69451,0,0,0,0,0,0,0,0,1
69452,0,0,0,0,0,0,0,0,1
69453,0,0,0,0,0,0,0,0,1
69454,0,0,0,0,0,0,0,0,1
69455,0,0,0,0,0,0,0,0,1
69456,0,0,0,0,0,0,0,0,1
69457,0,0,0,0,0,0,0,0,1
69458,0,0,0,0,0,0,0,0,1
69459,0,0,0,0,0,0,0,0,1
69460,0,0,0,0,0,0,0,0,1
69461,0,0,0,0,0,0,0,0,1
69462,0,0,0,0,0,0,0,0,1
69463,0,0,0,0,0,0,0,0,1
69464,0,0,0,0,0,0,0,0,1
69465,0,0,0,0,0,0,0,0,1
69466,0,0,0,0,0,0,0,0,1
69467,0,0,0,0,0,0,0,0,1
69468,0,0,0,0,0,0,0,0,1
69469,0,0,0,0,0,0,0,0,1
69470,0,0,0,0,0,0,0,0,1
69471,0,0,0,0,0,0,0,0,1
69472,0,0,0,0,0,0,0,0,1
69473,0,0,0,0,0,0,0,0,1
69474,0,0,0,0,0,0,0,0,1
69475,0,0,0,0,0,0,0,0,1
69476,0,0,0,0,0,0,0,0,1
69477,0,0,0,0,0,0,0,0,1
69478,0,0,0,0,0,0,0,0,1
69479,0,0,0,0,0,0,0,0,1
69480,0,0,0,0,0,0,0,0,1
69481,0,0,0,0,0,0,0,0,1
69482,0,0,0,0,0,0,0,0,1
69483,0,0,0,0,0,0,0,0,1
69484,0,0,0,0,0,0,0,0,1
69485,0,0,0,0,0,0,0,0,1
69486,0,0,0,0,0,0,0,0,1
69487,0,0,0,0,0,0,0,0,1
69488,0,0,0,0,0,0,0,0,1
69489,0,0,0,0,0,0,0,0,1
69490,0,0,0,0,0,0,0,0,1
69491,0,0,0,0,0,0,0,0,1
69492,0,0,0,0,0,0,0,0,1
69493,0,0,0,0,0,0,0,0,1
69494,0,0,0,0,0,0,0,0,1
69495,0,0,0,0,0,0,0,0,1
69496,0,0,0,0,0,0,0,0,1
69497,0,0,0,0,0,0,0,0,1
69498,0,0,0,0,0,0,0,0,1
69499,0,0,0,0,0,0,0,0,1
69500,0,0,0,0,0,0,0,0,1
69501,0,0,0,0,0,0,0,0,1
69502,0,0,0,0,0,0,0,0,1
69503,0,0,0,0,0,0,0,0,1
69504,0,0,0,0,0,0,0,0,1
69505,0,0,0,0,0,0,0,0,1
69506,0,0,0,0,0,0,0,0,1
69507,0,0,0,0,0,0,0,0,1
69508,0,0,0,0,0,0,0,0,1
69509,0,0,0,0,0,0,0,0,1
69510,0,0,0,0,0,0,0,0,1
69511,0,0,0,0,0,0,0,0,1
69512,0,0,0,0,0,0,0,0,1
69513,0,0,0,0,0,0,0,0,1
69514,0,0,0,0,0,0,0,0,1
69515,0,0,0,0,0,0,0,0,1
69516,0,0,0,0,0,0,0,0,1
69517,0,0,0,0,0,0,0,0,1
69518,0,0,0,0,0,0,0,0,1
69519,0,0,0,0,0,0,0,0,1
69520,0,0,0,0,0,0,0,0,1
69521,0,0,0,0,0,0,0,0,1
69522,0,0,0,0,0,0,0,0,1
69523,0,0,0,0,0,0,0,0,1
69524,0,0,0,0,0,0,0,0,1
69525,0,0,0,0,0,0,0,0,1
69526,0,0,0,0,0,0,0,0,1
69527,0,0,0,0,0,0,0,0,1
69528,0,0,0,0,0,0,0,0,1
69529,0,0,0,0,0,0,0,0,1
69530,0,0,0,0,0,0,0,0,1
69531,0,0,0,0,0,0,0,0,1
69532,0,0,0,0,0,0,0,0,1
69533,0,0,0,0,0,0,0,0,1
69534,0,0,0,0,0,0,0,0,1
69535,0,0,0,0,0,0,0,0,1
69536,0,0,0,0,0,0,0,0,1
69537,0,0,0,0,0,0,0,0,1
69538,0,0,0,0,0,0,0,0,1
69539,0,0,0,0,0,0,0,0,1
69540,0,0,0,0,0,0,0,0,1
69541,0,0,0,0,0,0,0,0,1
69542,0,0,0,0,0,0,0,0,1
69543,0,0,0,0,0,0,0,0,1
69544,0,0,0,0,0,0,0,0,1
69545,0,0,0,0,0,0,0,0,1
69546,0,0,0,0,0,0,0,0,1
69547,0,0,0,0,0,0,0,0,1
69548,0,0,0,0,0,0,0,0,1
69549,0,0,0,0,0,0,0,0,1
69550,0,0,0,0,0,0,0,0,1
69551,0,0,0,0,0,0,0,0,1
69552,0,0,0,0,0,0,0,0,1
69553,0,0,0,0,0,0,0,0,1
69554,0,0,0,0,0,0,0,0,1
69555,0,0,0,0,0,0,0,0,1
69556,0,0,0,0,0,0,0,0,1
69557,0,0,0,0,0,0,0,0,1
69558,0,0,0,0,0,0,0,0,1
69559,0,0,0,0,0,0,0,0,1
69560,0,0,0,0,0,0,0,0,1
69561,0,0,0,0,0,0,0,0,1
69562,0,0,0,0,0,0,0,0,1
69563,0,0,0,0,0,0,0,0,1
69564,0,0,0,0,0,0,0,0,1
69565,0,0,0,0,0,0,0,0,1
69566,0,0,0,0,0,0,0,0,1
69567,0,0,0,0,0,0,0,0,1
69568,0,0,0,0,0,0,0,0,1
69569,0,0,0,0,0,0,0,0,1
69570,0,0,0,0,0,0,0,0,1
69571,0,0,0,0,0,0,0,0,1
69572,0,0,0,0,0,0,0,0,1
69573,0,0,0,0,0,0,0,0,1
69574,0,0,0,0,0,0,0,0,1
69575,0,0,0,0,0,0,0,0,1
69576,0,0,0,0,0,0,0,0,1
69577,0,0,0,0,0,0,0,0,1
69578,0,0,0,0,0,0,0,0,1
69579,0,0,0,0,0,0,0,0,1
69580,0,0,0,0,0,0,0,0,1
69581,0,0,0,0,0,0,0,0,1
69582,0,0,0,0,0,0,0,0,1
69583,0,0,0,0,0,0,0,0,1
69584,0,0,0,0,0,0,0,0,1
69585,0,0,0,0,0,0,0,0,1
69586,0,0,0,0,0,0,0,0,1
69587,0,0,0,0,0,0,0,0,1
69588,0,0,0,0,0,0,0,0,1
69589,0,0,0,0,0,0,0,0,1
69590,0,0,0,0,0,0,0,0,1
69591,0,0,0,0,0,0,0,0,1
69592,0,0,0,0,0,0,0,0,1
69593,0,0,0,0,0,0,0,0,1
69594,0,0,0,0,0,0,0,0,1
69595,0,0,0,0,0,0,0,0,1
69596,0,0,0,0,0,0,0,0,1
69597,0,0,0,0,0,0,0,0,1
69598,0,0,0,0,0,0,0,0,1
69599,0,0,0,0,0,0,0,0,1
69600,0,0,0,0,0,0,0,0,1
69601,0,0,0,0,0,0,0,0,1
69602,0,0,0,0,0,0,0,0,1
69603,0,0,0,0,0,0,0,0,1
69604,0,0,0,0,0,0,0,0,1
69605,0,0,0,0,0,0,0,0,1
69606,0,0,0,0,0,0,0,0,1
69607,0,0,0,0,0,0,0,0,1
69608,0,0,0,0,0,0,0,0,1
69609,0,0,0,0,0,0,0,0,1
69610,0,0,0,0,0,0,0,0,1
69611,0,0,0,0,0,0,0,0,1
69612,0,0,0,0,0,0,0,0,1
69613,0,0,0,0,0,0,0,0,1
69614,0,0,0,0,0,0,0,0,1
69615,0,0,0,0,0,0,0,0,1
69616,0,0,0,0,0,0,0,0,1
69617,0,0,0,0,0,0,0,0,1
69618,0,0,0,0,0,0,0,0,1
69619,0,0,0,0,0,0,0,0,1
69620,0,0,0,0,0,0,0,0,1
69621,0,0,0,0,0,0,0,0,1
69622,0,0,0,0,0,0,0,0,1
69623,0,0,0,0,0,0,0,0,1
69624,0,0,0,0,0,0,0,0,1
69625,0,0,0,0,0,0,0,0,1
69626,0,0,0,0,0,0,0,0,1
69627,0,0,0,0,0,0,0,0,1
69628,0,0,0,0,0,0,0,0,1
69629,0,0,0,0,0,0,0,0,1
69630,0,0,0,0,0,0,0,0,1
69631,0,0,0,0,0,0,0,0,1
69632,0,0,0,0,0,0,0,0,1
69633,0,0,0,0,0,0,0,0,1
69634,0,0,0,0,0,0,0,0,1
69635,0,0,0,0,0,0,0,0,1
69636,0,0,0,0,0,0,0,0,1
69637,0,0,0,0,0,0,0,0,1
69638,0,0,0,0,0,0,0,0,1
69639,0,0,0,0,0,0,0,0,1
69640,0,0,0,0,0,0,0,0,1
69641,0,0,0,0,0,0,0,0,1
69642,0,0,0,0,0,0,0,0,1
69643,0,0,0,0,0,0,0,0,1
69644,0,0,0,0,0,0,0,0,1
69645,0,0,0,0,0,0,0,0,1
69646,0,0,0,0,0,0,0,0,1
69647,0,0,0,0,0,0,0,0,1
69648,0,0,0,0,0,0,0,0,1
69649,0,0,0,0,0,0,0,0,1
69650,0,0,0,0,0,0,0,0,1
69651,0,0,0,0,0,0,0,0,1
69652,0,0,0,0,0,0,0,0,1
69653,0,0,0,0,0,0,0,0,1
69654,0,0,0,0,0,0,0,0,1
69655,0,0,0,0,0,0,0,0,1
69656,0,0,0,0,0,0,0,0,1
69657,0,0,0,0,0,0,0,0,1
69658,0,0,0,0,0,0,0,0,1
69659,0,0,0,0,0,0,0,0,1
69660,0,0,0,0,0,0,0,0,1
69661,0,0,0,0,0,0,0,0,1
69662,0,0,0,0,0,0,0,0,1
69663,0,0,0,0,0,0,0,0,1
69664,0,0,0,0,0,0,0,0,1
69665,0,0,0,0,0,0,0,0,1
69666,0,0,0,0,0,0,0,0,1
69667,0,0,0,0,0,0,0,0,1
69668,0,0,0,0,0,0,0,0,1
69669,0,0,0,0,0,0,0,0,1
69670,0,0,0,0,0,0,0,0,1
69671,0,0,0,0,0,0,0,0,1
69672,0,0,0,0,0,0,0,0,1
69673,0,0,0,0,0,0,0,0,1
69674,0,0,0,0,0,0,0,0,1
69675,0,0,0,0,0,0,0,0,1
69676,0,0,0,0,0,0,0,0,1
69677,0,0,0,0,0,0,0,0,1
69678,0,0,0,0,0,0,0,0,1
69679,0,0,0,0,0,0,0,0,1
69680,0,0,0,0,0,0,0,0,1
69681,0,0,0,0,0,0,0,0,1
69682,0,0,0,0,0,0,0,0,1
69683,0,0,0,0,0,0,0,0,1
69684,0,0,0,0,0,0,0,0,1
69685,0,0,0,0,0,0,0,0,1
69686,0,0,0,0,0,0,0,0,1
69687,0,0,0,0,0,0,0,0,1
69688,0,0,0,0,0,0,0,0,1
69689,0,0,0,0,0,0,0,0,1
69690,0,0,0,0,0,0,0,0,1
69691,0,0,0,0,0,0,0,0,1
69692,0,0,0,0,0,0,0,0,1
69693,0,0,0,0,0,0,0,0,1
69694,0,0,0,0,0,0,0,0,1
69695,0,0,0,0,0,0,0,0,1
69696,0,0,0,0,0,0,0,0,1
69697,0,0,0,0,0,0,0,0,1
69698,0,0,0,0,0,0,0,0,1
69699,0,0,0,0,0,0,0,0,1
69700,0,0,0,0,0,0,0,0,1
69701,0,0,0,0,0,0,0,0,1
69702,0,0,0,0,0,0,0,0,1
69703,0,0,0,0,0,0,0,0,1
69704,0,0,0,0,0,0,0,0,1
69705,0,0,0,0,0,0,0,0,1
69706,0,0,0,0,0,0,0,0,1
69707,0,0,0,0,0,0,0,0,1
69708,0,0,0,0,0,0,0,0,1
69709,0,0,0,0,0,0,0,0,1
69710,0,0,0,0,0,0,0,0,1
69711,0,0,0,0,0,0,0,0,1
69712,0,0,0,0,0,0,0,0,1
69713,0,0,0,0,0,0,0,0,1
69714,0,0,0,0,0,0,0,0,1
69715,0,0,0,0,0,0,0,0,1
69716,0,0,0,0,0,0,0,0,1
69717,0,0,0,0,0,0,0,0,1
69718,0,0,0,0,0,0,0,0,1
69719,0,0,0,0,0,0,0,0,1
69720,0,0,0,0,0,0,0,0,1
69721,0,0,0,0,0,0,0,0,1
69722,0,0,0,0,0,0,0,0,1
69723,0,0,0,0,0,0,0,0,1
69724,0,0,0,0,0,0,0,0,1
69725,0,0,0,0,0,0,0,0,1
69726,0,0,0,0,0,0,0,0,1
69727,0,0,0,0,0,0,0,0,1
69728,0,0,0,0,0,0,0,0,1
69729,0,0,0,0,0,0,0,0,1
69730,0,0,0,0,0,0,0,0,1
69731,0,0,0,0,0,0,0,0,1
69732,0,0,0,0,0,0,0,0,1
69733,0,0,0,0,0,0,0,0,1
69734,0,0,0,0,0,0,0,0,1
69735,0,0,0,0,0,0,0,0,1
69736,0,0,0,0,0,0,0,0,1
69737,0,0,0,0,0,0,0,0,1
69738,0,0,0,0,0,0,0,0,1
69739,0,0,0,0,0,0,0,0,1
69740,0,0,0,0,0,0,0,0,1
69741,0,0,0,0,0,0,0,0,1
69742,0,0,0,0,0,0,0,0,1
69743,0,0,0,0,0,0,0,0,1
69744,0,0,0,0,0,0,0,0,1
69745,0,0,0,0,0,0,0,0,1
69746,0,0,0,0,0,0,0,0,1
69747,0,0,0,0,0,0,0,0,1
69748,0,0,0,0,0,0,0,0,1
69749,0,0,0,0,0,0,0,0,1
69750,0,0,0,0,0,0,0,0,1
69751,0,0,0,0,0,0,0,0,1
69752,0,0,0,0,0,0,0,0,1
69753,0,0,0,0,0,0,0,0,1
69754,0,0,0,0,0,0,0,0,1
69755,0,0,0,0,0,0,0,0,1
69756,0,0,0,0,0,0,0,0,1
69757,0,0,0,0,0,0,0,0,1
69758,0,0,0,0,0,0,0,0,1
69759,0,0,0,0,0,0,0,0,1
69760,0,0,0,0,0,0,0,0,1
69761,0,0,0,0,0,0,0,0,1
69762,0,0,0,0,0,0,0,0,1
69763,0,0,0,0,0,0,0,0,1
69764,0,0,0,0,0,0,0,0,1
69765,0,0,0,0,0,0,0,0,1
69766,0,0,0,0,0,0,0,0,1
69767,0,0,0,0,0,0,0,0,1
69768,0,0,0,0,0,0,0,0,1
69769,0,0,0,0,0,0,0,0,1
69770,0,0,0,0,0,0,0,0,1
69771,0,0,0,0,0,0,0,0,1
69772,0,0,0,0,0,0,0,0,1
69773,0,0,0,0,0,0,0,0,1
69774,0,0,0,0,0,0,0,0,1
69775,0,0,0,0,0,0,0,0,1
69776,0,0,0,0,0,0,0,0,1
69777,0,0,0,0,0,0,0,0,1
69778,0,0,0,0,0,0,0,0,1
69779,0,0,0,0,0,0,0,0,1
69780,0,0,0,0,0,0,0,0,1
69781,0,0,0,0,0,0,0,0,1
69782,0,0,0,0,0,0,0,0,1
69783,0,0,0,0,0,0,0,0,1
69784,0,0,0,0,0,0,0,0,1
69785,0,0,0,0,0,0,0,0,1
69786,0,0,0,0,0,0,0,0,1
69787,0,0,0,0,0,0,0,0,1
69788,0,0,0,0,0,0,0,0,1
69789,0,0,0,0,0,0,0,0,1
69790,0,0,0,0,0,0,0,0,1
69791,0,0,0,0,0,0,0,0,1
69792,0,0,0,0,0,0,0,0,1
69793,0,0,0,0,0,0,0,0,1
69794,0,0,0,0,0,0,0,0,1
69795,0,0,0,0,0,0,0,0,1
69796,0,0,0,0,0,0,0,0,1
69797,0,0,0,0,0,0,0,0,1
69798,0,0,0,0,0,0,0,0,1
69799,0,0,0,0,0,0,0,0,1
69800,0,0,0,0,0,0,0,0,1
69801,0,0,0,0,0,0,0,0,1
69802,0,0,0,0,0,0,0,0,1
69803,0,0,0,0,0,0,0,0,1
69804,0,0,0,0,0,0,0,0,1
69805,0,0,0,0,0,0,0,0,1
69806,0,0,0,0,0,0,0,0,1
69807,0,0,0,0,0,0,0,0,1
69808,0,0,0,0,0,0,0,0,1
69809,0,0,0,0,0,0,0,0,1
69810,0,0,0,0,0,0,0,0,1
69811,0,0,0,0,0,0,0,0,1
69812,0,0,0,0,0,0,0,0,1
69813,0,0,0,0,0,0,0,0,1
69814,0,0,0,0,0,0,0,0,1
69815,0,0,0,0,0,0,0,0,1
69816,0,0,0,0,0,0,0,0,1
69817,0,0,0,0,0,0,0,0,1
69818,0,0,0,0,0,0,0,0,1
69819,0,0,0,0,0,0,0,0,1
69820,0,0,0,0,0,0,0,0,1
69821,0,0,0,0,0,0,0,0,1
69822,0,0,0,0,0,0,0,0,1
69823,0,0,0,0,0,0,0,0,1
69824,0,0,0,0,0,0,0,0,1
69825,0,0,0,0,0,0,0,0,1
69826,0,0,0,0,0,0,0,0,1
69827,0,0,0,0,0,0,0,0,1
69828,0,0,0,0,0,0,0,0,1
69829,0,0,0,0,0,0,0,0,1
69830,0,0,0,0,0,0,0,0,1
69831,0,0,0,0,0,0,0,0,1
69832,0,0,0,0,0,0,0,0,1
69833,0,0,0,0,0,0,0,0,1
69834,0,0,0,0,0,0,0,0,1
69835,0,0,0,0,0,0,0,0,1
69836,0,0,0,0,0,0,0,0,1
69837,0,0,0,0,0,0,0,0,1
69838,0,0,0,0,0,0,0,0,1
69839,0,0,0,0,0,0,0,0,1
69840,0,0,0,0,0,0,0,0,1
69841,0,0,0,0,0,0,0,0,1
69842,0,0,0,0,0,0,0,0,1
69843,0,0,0,0,0,0,0,0,1
69844,0,0,0,0,0,0,0,0,1
69845,0,0,0,0,0,0,0,0,1
69846,0,0,0,0,0,0,0,0,1
69847,0,0,0,0,0,0,0,0,1
69848,0,0,0,0,0,0,0,0,1
69849,0,0,0,0,0,0,0,0,1
69850,0,0,0,0,0,0,0,0,1
69851,0,0,0,0,0,0,0,0,1
69852,0,0,0,0,0,0,0,0,1
69853,0,0,0,0,0,0,0,0,1
69854,0,0,0,0,0,0,0,0,1
69855,0,0,0,0,0,0,0,0,1
69856,0,0,0,0,0,0,0,0,1
69857,0,0,0,0,0,0,0,0,1
69858,0,0,0,0,0,0,0,0,1
69859,0,0,0,0,0,0,0,0,1
69860,0,0,0,0,0,0,0,0,1
69861,0,0,0,0,0,0,0,0,1
69862,0,0,0,0,0,0,0,0,1
69863,0,0,0,0,0,0,0,0,1
69864,0,0,0,0,0,0,0,0,1
69865,0,0,0,0,0,0,0,0,1
69866,0,0,0,0,0,0,0,0,1
69867,0,0,0,0,0,0,0,0,1
69868,0,0,0,0,0,0,0,0,1
69869,0,0,0,0,0,0,0,0,1
69870,0,0,0,0,0,0,0,0,1
69871,0,0,0,0,0,0,0,0,1
69872,0,0,0,0,0,0,0,0,1
69873,0,0,0,0,0,0,0,0,1
69874,0,0,0,0,0,0,0,0,1
69875,0,0,0,0,0,0,0,0,1
69876,0,0,0,0,0,0,0,0,1
69877,0,0,0,0,0,0,0,0,1
69878,0,0,0,0,0,0,0,0,1
69879,0,0,0,0,0,0,0,0,1
69880,0,0,0,0,0,0,0,0,1
69881,0,0,0,0,0,0,0,0,1
69882,0,0,0,0,0,0,0,0,1
69883,0,0,0,0,0,0,0,0,1
69884,0,0,0,0,0,0,0,0,1
69885,0,0,0,0,0,0,0,0,1
69886,0,0,0,0,0,0,0,0,1
69887,0,0,0,0,0,0,0,0,1
69888,0,0,0,0,0,0,0,0,1
69889,0,0,0,0,0,0,0,0,1
69890,0,0,0,0,0,0,0,0,1
69891,0,0,0,0,0,0,0,0,1
69892,0,0,0,0,0,0,0,0,1
69893,0,0,0,0,0,0,0,0,1
69894,0,0,0,0,0,0,0,0,1
69895,0,0,0,0,0,0,0,0,1
69896,0,0,0,0,0,0,0,0,1
69897,0,0,0,0,0,0,0,0,1
69898,0,0,0,0,0,0,0,0,1
69899,0,0,0,0,0,0,0,0,1
69900,0,0,0,0,0,0,0,0,1
69901,0,0,0,0,0,0,0,0,1
69902,0,0,0,0,0,0,0,0,1
69903,0,0,0,0,0,0,0,0,1
69904,0,0,0,0,0,0,0,0,1
69905,0,0,0,0,0,0,0,0,1
69906,0,0,0,0,0,0,0,0,1
69907,0,0,0,0,0,0,0,0,1
69908,0,0,0,0,0,0,0,0,1
69909,0,0,0,0,0,0,0,0,1
69910,0,0,0,0,0,0,0,0,1
69911,0,0,0,0,0,0,0,0,1
69912,0,0,0,0,0,0,0,0,1
69913,0,0,0,0,0,0,0,0,1
69914,0,0,0,0,0,0,0,0,1
69915,0,0,0,0,0,0,0,0,1
69916,0,0,0,0,0,0,0,0,1
69917,0,0,0,0,0,0,0,0,1
69918,0,0,0,0,0,0,0,0,1
69919,0,0,0,0,0,0,0,0,1
69920,0,0,0,0,0,0,0,0,1
69921,0,0,0,0,0,0,0,0,1
69922,0,0,0,0,0,0,0,0,1
69923,0,0,0,0,0,0,0,0,1
69924,0,0,0,0,0,0,0,0,1
69925,0,0,0,0,0,0,0,0,1
69926,0,0,0,0,0,0,0,0,1
69927,0,0,0,0,0,0,0,0,1
69928,0,0,0,0,0,0,0,0,1
69929,0,0,0,0,0,0,0,0,1
69930,0,0,0,0,0,0,0,0,1
69931,0,0,0,0,0,0,0,0,1
69932,0,0,0,0,0,0,0,0,1
69933,0,0,0,0,0,0,0,0,1
69934,0,0,0,0,0,0,0,0,1
69935,0,0,0,0,0,0,0,0,1
69936,0,0,0,0,0,0,0,0,1
69937,0,0,0,0,0,0,0,0,1
69938,0,0,0,0,0,0,0,0,1
69939,0,0,0,0,0,0,0,0,1
69940,0,0,0,0,0,0,0,0,1
69941,0,0,0,0,0,0,0,0,1
69942,0,0,0,0,0,0,0,0,1
69943,0,0,0,0,0,0,0,0,1
69944,0,0,0,0,0,0,0,0,1
69945,0,0,0,0,0,0,0,0,1
69946,0,0,0,0,0,0,0,0,1
69947,0,0,0,0,0,0,0,0,1
69948,0,0,0,0,0,0,0,0,1
69949,0,0,0,0,0,0,0,0,1
69950,0,0,0,0,0,0,0,0,1
69951,0,0,0,0,0,0,0,0,1
69952,0,0,0,0,0,0,0,0,1
69953,0,0,0,0,0,0,0,0,1
69954,0,0,0,0,0,0,0,0,1
69955,0,0,0,0,0,0,0,0,1
69956,0,0,0,0,0,0,0,0,1
69957,0,0,0,0,0,0,0,0,1
69958,0,0,0,0,0,0,0,0,1
69959,0,0,0,0,0,0,0,0,1
69960,0,0,0,0,0,0,0,0,1
69961,0,0,0,0,0,0,0,0,1
69962,0,0,0,0,0,0,0,0,1
69963,0,0,0,0,0,0,0,0,1
69964,0,0,0,0,0,0,0,0,1
69965,0,0,0,0,0,0,0,0,1
69966,0,0,0,0,0,0,0,0,1
69967,0,0,0,0,0,0,0,0,1
69968,0,0,0,0,0,0,0,0,1
69969,0,0,0,0,0,0,0,0,1
69970,0,0,0,0,0,0,0,0,1
69971,0,0,0,0,0,0,0,0,1
69972,0,0,0,0,0,0,0,0,1
69973,0,0,0,0,0,0,0,0,1
69974,0,0,0,0,0,0,0,0,1
69975,0,0,0,0,0,0,0,0,1
69976,0,0,0,0,0,0,0,0,1
69977,0,0,0,0,0,0,0,0,1
69978,0,0,0,0,0,0,0,0,1
69979,0,0,0,0,0,0,0,0,1
69980,0,0,0,0,0,0,0,0,1
69981,0,0,0,0,0,0,0,0,1
69982,0,0,0,0,0,0,0,0,1
69983,0,0,0,0,0,0,0,0,1
69984,0,0,0,0,0,0,0,0,1
69985,0,0,0,0,0,0,0,0,1
69986,0,0,0,0,0,0,0,0,1
69987,0,0,0,0,0,0,0,0,1
69988,0,0,0,0,0,0,0,0,1
69989,0,0,0,0,0,0,0,0,1
69990,0,0,0,0,0,0,0,0,1
69991,0,0,0,0,0,0,0,0,1
69992,0,0,0,0,0,0,0,0,1
69993,0,0,0,0,0,0,0,0,1
69994,0,0,0,0,0,0,0,0,1
69995,0,0,0,0,0,0,0,0,1
69996,0,0,0,0,0,0,0,0,1
69997,0,0,0,0,0,0,0,0,1
69998,0,0,0,0,0,0,0,0,1
69999,0,0,0,0,0,0,0,0,1
70000,0,0,0,0,0,0,0,0,1
70001,0,0,0,0,0,0,0,0,1
70002,0,0,0,0,0,0,0,0,1
70003,0,0,0,0,0,0,0,0,1
70004,0,0,0,0,0,0,0,0,1
70005,0,0,0,0,0,0,0,0,1
70006,0,0,0,0,0,0,0,0,1
70007,0,0,0,0,0,0,0,0,1
70008,0,0,0,0,0,0,0,0,1
70009,0,0,0,0,0,0,0,0,1
70010,0,0,0,0,0,0,0,0,1
70011,0,0,0,0,0,0,0,0,1
70012,0,0,0,0,0,0,0,0,1
70013,0,0,0,0,0,0,0,0,1
70014,0,0,0,0,0,0,0,0,1
70015,0,0,0,0,0,0,0,0,1
70016,0,0,0,0,0,0,0,0,1
70017,0,0,0,0,0,0,0,0,1
70018,0,0,0,0,0,0,0,0,1
70019,0,0,0,0,0,0,0,0,1
70020,0,0,0,0,0,0,0,0,1
70021,0,0,0,0,0,0,0,0,1
70022,0,0,0,0,0,0,0,0,1
70023,0,0,0,0,0,0,0,0,1
70024,0,0,0,0,0,0,0,0,1
70025,0,0,0,0,0,0,0,0,1
70026,0,0,0,0,0,0,0,0,1
70027,0,0,0,0,0,0,0,0,1
70028,0,0,0,0,0,0,0,0,1
70029,0,0,0,0,0,0,0,0,1
70030,0,0,0,0,0,0,0,0,1
70031,0,0,0,0,0,0,0,0,1
70032,0,0,0,0,0,0,0,0,1
70033,0,0,0,0,0,0,0,0,1
70034,0,0,0,0,0,0,0,0,1
70035,0,0,0,0,0,0,0,0,1
70036,0,0,0,0,0,0,0,0,1
70037,0,0,0,0,0,0,0,0,1
70038,0,0,0,0,0,0,0,0,1
70039,0,0,0,0,0,0,0,0,1
70040,0,0,0,0,0,0,0,0,1
70041,0,0,0,0,0,0,0,0,1
70042,0,0,0,0,0,0,0,0,1
70043,0,0,0,0,0,0,0,0,1
70044,0,0,0,0,0,0,0,0,1
70045,0,0,0,0,0,0,0,0,1
70046,0,0,0,0,0,0,0,0,1
70047,0,0,0,0,0,0,0,0,1
70048,0,0,0,0,0,0,0,0,1
70049,0,0,0,0,0,0,0,0,1
70050,0,0,0,0,0,0,0,0,1
70051,0,0,0,0,0,0,0,0,1
70052,0,0,0,0,0,0,0,0,1
70053,0,0,0,0,0,0,0,0,1
70054,0,0,0,0,0,0,0,0,1
70055,0,0,0,0,0,0,0,0,1
70056,0,0,0,0,0,0,0,0,1
70057,0,0,0,0,0,0,0,0,1
70058,0,0,0,0,0,0,0,0,1
70059,0,0,0,0,0,0,0,0,1
70060,0,0,0,0,0,0,0,0,1
70061,0,0,0,0,0,0,0,0,1
70062,0,0,0,0,0,0,0,0,1
70063,0,0,0,0,0,0,0,0,1
70064,0,0,0,0,0,0,0,0,1
70065,0,0,0,0,0,0,0,0,1
70066,0,0,0,0,0,0,0,0,1
70067,0,0,0,0,0,0,0,0,1
70068,0,0,0,0,0,0,0,0,1
70069,0,0,0,0,0,0,0,0,1
70070,0,0,0,0,0,0,0,0,1
70071,0,0,0,0,0,0,0,0,1
70072,0,0,0,0,0,0,0,0,1
70073,0,0,0,0,0,0,0,0,1
70074,0,0,0,0,0,0,0,0,1
70075,0,0,0,0,0,0,0,0,1
70076,0,0,0,0,0,0,0,0,1
70077,0,0,0,0,0,0,0,0,1
70078,0,0,0,0,0,0,0,0,1
70079,0,0,0,0,0,0,0,0,1
70080,0,0,0,0,0,0,0,0,1
70081,0,0,0,0,0,0,0,0,1
70082,0,0,0,0,0,0,0,0,1
70083,0,0,0,0,0,0,0,0,1
70084,0,0,0,0,0,0,0,0,1
70085,0,0,0,0,0,0,0,0,1
70086,0,0,0,0,0,0,0,0,1
70087,0,0,0,0,0,0,0,0,1
70088,0,0,0,0,0,0,0,0,1
70089,0,0,0,0,0,0,0,0,1
70090,0,0,0,0,0,0,0,0,1
70091,0,0,0,0,0,0,0,0,1
70092,0,0,0,0,0,0,0,0,1
70093,0,0,0,0,0,0,0,0,1
70094,0,0,0,0,0,0,0,0,1
70095,0,0,0,0,0,0,0,0,1
70096,0,0,0,0,0,0,0,0,1
70097,0,0,0,0,0,0,0,0,1
70098,0,0,0,0,0,0,0,0,1
70099,0,0,0,0,0,0,0,0,1
70100,0,0,0,0,0,0,0,0,1
70101,0,0,0,0,0,0,0,0,1
70102,0,0,0,0,0,0,0,0,1
70103,0,0,0,0,0,0,0,0,1
70104,0,0,0,0,0,0,0,0,1
70105,0,0,0,0,0,0,0,0,1
70106,0,0,0,0,0,0,0,0,1
70107,0,0,0,0,0,0,0,0,1
70108,0,0,0,0,0,0,0,0,1
70109,0,0,0,0,0,0,0,0,1
70110,0,0,0,0,0,0,0,0,1
70111,0,0,0,0,0,0,0,0,1
70112,0,0,0,0,0,0,0,0,1
70113,0,0,0,0,0,0,0,0,1
70114,0,0,0,0,0,0,0,0,1
70115,0,0,0,0,0,0,0,0,1
70116,0,0,0,0,0,0,0,0,1
70117,0,0,0,0,0,0,0,0,1
70118,0,0,0,0,0,0,0,0,1
70119,0,0,0,0,0,0,0,0,1
70120,0,0,0,0,0,0,0,0,1
70121,0,0,0,0,0,0,0,0,1
70122,0,0,0,0,0,0,0,0,1
70123,0,0,0,0,0,0,0,0,1
70124,0,0,0,0,0,0,0,0,1
70125,0,0,0,0,0,0,0,0,1
70126,0,0,0,0,0,0,0,0,1
70127,0,0,0,0,0,0,0,0,1
70128,0,0,0,0,0,0,0,0,1
70129,0,0,0,0,0,0,0,0,1
70130,0,0,0,0,0,0,0,0,1
70131,0,0,0,0,0,0,0,0,1
70132,0,0,0,0,0,0,0,0,1
70133,0,0,0,0,0,0,0,0,1
70134,0,0,0,0,0,0,0,0,1
70135,0,0,0,0,0,0,0,0,1
70136,0,0,0,0,0,0,0,0,1
70137,0,0,0,0,0,0,0,0,1
70138,0,0,0,0,0,0,0,0,1
70139,0,0,0,0,0,0,0,0,1
70140,0,0,0,0,0,0,0,0,1
70141,0,0,0,0,0,0,0,0,1
70142,0,0,0,0,0,0,0,0,1
70143,0,0,0,0,0,0,0,0,1
70144,0,0,0,0,0,0,0,0,1
70145,0,0,0,0,0,0,0,0,1
70146,0,0,0,0,0,0,0,0,1
70147,0,0,0,0,0,0,0,0,1
70148,0,0,0,0,0,0,0,0,1
70149,0,0,0,0,0,0,0,0,1
70150,0,0,0,0,0,0,0,0,1
70151,0,0,0,0,0,0,0,0,1
70152,0,0,0,0,0,0,0,0,1
70153,0,0,0,0,0,0,0,0,1
70154,0,0,0,0,0,0,0,0,1
70155,0,0,0,0,0,0,0,0,1
70156,0,0,0,0,0,0,0,0,1
70157,0,0,0,0,0,0,0,0,1
70158,0,0,0,0,0,0,0,0,1
70159,0,0,0,0,0,0,0,0,1
70160,0,0,0,0,0,0,0,0,1
70161,0,0,0,0,0,0,0,0,1
70162,0,0,0,0,0,0,0,0,1
70163,0,0,0,0,0,0,0,0,1
70164,0,0,0,0,0,0,0,0,1
70165,0,0,0,0,0,0,0,0,1
70166,0,0,0,0,0,0,0,0,1
70167,0,0,0,0,0,0,0,0,1
70168,0,0,0,0,0,0,0,0,1
70169,0,0,0,0,0,0,0,0,1
70170,0,0,0,0,0,0,0,0,1
70171,0,0,0,0,0,0,0,0,1
70172,0,0,0,0,0,0,0,0,1
70173,0,0,0,0,0,0,0,0,1
70174,0,0,0,0,0,0,0,0,1
70175,0,0,0,0,0,0,0,0,1
70176,0,0,0,0,0,0,0,0,1
70177,0,0,0,0,0,0,0,0,1
70178,0,0,0,0,0,0,0,0,1
70179,0,0,0,0,0,0,0,0,1
70180,0,0,0,0,0,0,0,0,1
70181,0,0,0,0,0,0,0,0,1
70182,0,0,0,0,0,0,0,0,1
70183,0,0,0,0,0,0,0,0,1
70184,0,0,0,0,0,0,0,0,1
70185,0,0,0,0,0,0,0,0,1
70186,0,0,0,0,0,0,0,0,1
70187,0,0,0,0,0,0,0,0,1
70188,0,0,0,0,0,0,0,0,1
70189,0,0,0,0,0,0,0,0,1
70190,0,0,0,0,0,0,0,0,1
70191,0,0,0,0,0,0,0,0,1
70192,0,0,0,0,0,0,0,0,1
70193,0,0,0,0,0,0,0,0,1
70194,0,0,0,0,0,0,0,0,1
70195,0,0,0,0,0,0,0,0,1
70196,0,0,0,0,0,0,0,0,1
70197,0,0,0,0,0,0,0,0,1
70198,0,0,0,0,0,0,0,0,1
70199,0,0,0,0,0,0,0,0,1
70200,0,0,0,0,0,0,0,0,1
70201,0,0,0,0,0,0,0,0,1
70202,0,0,0,0,0,0,0,0,1
70203,0,0,0,0,0,0,0,0,1
70204,0,0,0,0,0,0,0,0,1
70205,0,0,0,0,0,0,0,0,1
70206,0,0,0,0,0,0,0,0,1
70207,0,0,0,0,0,0,0,0,1
70208,0,0,0,0,0,0,0,0,1
70209,0,0,0,0,0,0,0,0,1
70210,0,0,0,0,0,0,0,0,1
70211,0,0,0,0,0,0,0,0,1
70212,0,0,0,0,0,0,0,0,1
70213,0,0,0,0,0,0,0,0,1
70214,0,0,0,0,0,0,0,0,1
70215,0,0,0,0,0,0,0,0,1
70216,0,0,0,0,0,0,0,0,1
70217,0,0,0,0,0,0,0,0,1
70218,0,0,0,0,0,0,0,0,1
70219,0,0,0,0,0,0,0,0,1
70220,0,0,0,0,0,0,0,0,1
70221,0,0,0,0,0,0,0,0,1
70222,0,0,0,0,0,0,0,0,1
70223,0,0,0,0,0,0,0,0,1
70224,0,0,0,0,0,0,0,0,1
70225,0,0,0,0,0,0,0,0,1
70226,0,0,0,0,0,0,0,0,1
70227,0,0,0,0,0,0,0,0,1
70228,0,0,0,0,0,0,0,0,1
70229,0,0,0,0,0,0,0,0,1
70230,0,0,0,0,0,0,0,0,1
70231,0,0,0,0,0,0,0,0,1
70232,0,0,0,0,0,0,0,0,1
70233,0,0,0,0,0,0,0,0,1
70234,0,0,0,0,0,0,0,0,1
70235,0,0,0,0,0,0,0,0,1
70236,0,0,0,0,0,0,0,0,1
70237,0,0,0,0,0,0,0,0,1
70238,0,0,0,0,0,0,0,0,1
70239,0,0,0,0,0,0,0,0,1
70240,0,0,0,0,0,0,0,0,1
70241,0,0,0,0,0,0,0,0,1
70242,0,0,0,0,0,0,0,0,1
70243,0,0,0,0,0,0,0,0,1
70244,0,0,0,0,0,0,0,0,1
70245,0,0,0,0,0,0,0,0,1
70246,0,0,0,0,0,0,0,0,1
70247,0,0,0,0,0,0,0,0,1
70248,0,0,0,0,0,0,0,0,1
70249,0,0,0,0,0,0,0,0,1
70250,0,0,0,0,0,0,0,0,1
70251,0,0,0,0,0,0,0,0,1
70252,0,0,0,0,0,0,0,0,1
70253,0,0,0,0,0,0,0,0,1
70254,0,0,0,0,0,0,0,0,1
70255,0,0,0,0,0,0,0,0,1
70256,0,0,0,0,0,0,0,0,1
70257,0,0,0,0,0,0,0,0,1
70258,0,0,0,0,0,0,0,0,1
70259,0,0,0,0,0,0,0,0,1
70260,0,0,0,0,0,0,0,0,1
70261,0,0,0,0,0,0,0,0,1
70262,0,0,0,0,0,0,0,0,1
70263,0,0,0,0,0,0,0,0,1
70264,0,0,0,0,0,0,0,0,1
70265,0,0,0,0,0,0,0,0,1
70266,0,0,0,0,0,0,0,0,1
70267,0,0,0,0,0,0,0,0,1
70268,0,0,0,0,0,0,0,0,1
70269,0,0,0,0,0,0,0,0,1
70270,0,0,0,0,0,0,0,0,1
70271,0,0,0,0,0,0,0,0,1
70272,0,0,0,0,0,0,0,0,1
70273,0,0,0,0,0,0,0,0,1
70274,0,0,0,0,0,0,0,0,1
70275,0,0,0,0,0,0,0,0,1
70276,0,0,0,0,0,0,0,0,1
70277,0,0,0,0,0,0,0,0,1
70278,0,0,0,0,0,0,0,0,1
70279,0,0,0,0,0,0,0,0,1
70280,0,0,0,0,0,0,0,0,1
70281,0,0,0,0,0,0,0,0,1
70282,0,0,0,0,0,0,0,0,1
70283,0,0,0,0,0,0,0,0,1
70284,0,0,0,0,0,0,0,0,1
70285,0,0,0,0,0,0,0,0,1
70286,0,0,0,0,0,0,0,0,1
70287,0,0,0,0,0,0,0,0,1
70288,0,0,0,0,0,0,0,0,1
70289,0,0,0,0,0,0,0,0,1
70290,0,0,0,0,0,0,0,0,1
70291,0,0,0,0,0,0,0,0,1
70292,0,0,0,0,0,0,0,0,1
70293,0,0,0,0,0,0,0,0,1
70294,0,0,0,0,0,0,0,0,1
70295,0,0,0,0,0,0,0,0,1
70296,0,0,0,0,0,0,0,0,1
70297,0,0,0,0,0,0,0,0,1
70298,0,0,0,0,0,0,0,0,1
70299,0,0,0,0,0,0,0,0,1
70300,0,0,0,0,0,0,0,0,1
70301,0,0,0,0,0,0,0,0,1
70302,0,0,0,0,0,0,0,0,1
70303,0,0,0,0,0,0,0,0,1
70304,0,0,0,0,0,0,0,0,1
70305,0,0,0,0,0,0,0,0,1
70306,0,0,0,0,0,0,0,0,1
70307,0,0,0,0,0,0,0,0,1
70308,0,0,0,0,0,0,0,0,1
70309,0,0,0,0,0,0,0,0,1
70310,0,0,0,0,0,0,0,0,1
70311,0,0,0,0,0,0,0,0,1
70312,0,0,0,0,0,0,0,0,1
70313,0,0,0,0,0,0,0,0,1
70314,0,0,0,0,0,0,0,0,1
70315,0,0,0,0,0,0,0,0,1
70316,0,0,0,0,0,0,0,0,1
70317,0,0,0,0,0,0,0,0,1
70318,0,0,0,0,0,0,0,0,1
70319,0,0,0,0,0,0,0,0,1
70320,0,0,0,0,0,0,0,0,1
70321,0,0,0,0,0,0,0,0,1
70322,0,0,0,0,0,0,0,0,1
70323,0,0,0,0,0,0,0,0,1
70324,0,0,0,0,0,0,0,0,1
70325,0,0,0,0,0,0,0,0,1
70326,0,0,0,0,0,0,0,0,1
70327,0,0,0,0,0,0,0,0,1
70328,0,0,0,0,0,0,0,0,1
70329,0,0,0,0,0,0,0,0,1
70330,0,0,0,0,0,0,0,0,1
70331,0,0,0,0,0,0,0,0,1
70332,0,0,0,0,0,0,0,0,1
70333,0,0,0,0,0,0,0,0,1
70334,0,0,0,0,0,0,0,0,1
70335,0,0,0,0,0,0,0,0,1
70336,0,0,0,0,0,0,0,0,1
70337,0,0,0,0,0,0,0,0,1
70338,0,0,0,0,0,0,0,0,1
70339,0,0,0,0,0,0,0,0,1
70340,0,0,0,0,0,0,0,0,1
70341,0,0,0,0,0,0,0,0,1
70342,0,0,0,0,0,0,0,0,1
70343,0,0,0,0,0,0,0,0,1
70344,0,0,0,0,0,0,0,0,1
70345,0,0,0,0,0,0,0,0,1
70346,0,0,0,0,0,0,0,0,1
70347,0,0,0,0,0,0,0,0,1
70348,0,0,0,0,0,0,0,0,1
70349,0,0,0,0,0,0,0,0,1
70350,0,0,0,0,0,0,0,0,1
70351,0,0,0,0,0,0,0,0,1
70352,0,0,0,0,0,0,0,0,1
70353,0,0,0,0,0,0,0,0,1
70354,0,0,0,0,0,0,0,0,1
70355,0,0,0,0,0,0,0,0,1
70356,0,0,0,0,0,0,0,0,1
70357,0,0,0,0,0,0,0,0,1
70358,0,0,0,0,0,0,0,0,1
70359,0,0,0,0,0,0,0,0,1
70360,0,0,0,0,0,0,0,0,1
70361,0,0,0,0,0,0,0,0,1
70362,0,0,0,0,0,0,0,0,1
70363,0,0,0,0,0,0,0,0,1
70364,0,0,0,0,0,0,0,0,1
70365,0,0,0,0,0,0,0,0,1
70366,0,0,0,0,0,0,0,0,1
70367,0,0,0,0,0,0,0,0,1
70368,0,0,0,0,0,0,0,0,1
70369,0,0,0,0,0,0,0,0,1
70370,0,0,0,0,0,0,0,0,1
70371,0,0,0,0,0,0,0,0,1
70372,0,0,0,0,0,0,0,0,1
70373,0,0,0,0,0,0,0,0,1
70374,0,0,0,0,0,0,0,0,1
70375,0,0,0,0,0,0,0,0,1
70376,0,0,0,0,0,0,0,0,1
70377,0,0,0,0,0,0,0,0,1
70378,0,0,0,0,0,0,0,0,1
70379,0,0,0,0,0,0,0,0,1
70380,0,0,0,0,0,0,0,0,1
70381,0,0,0,0,0,0,0,0,1
70382,0,0,0,0,0,0,0,0,1
70383,0,0,0,0,0,0,0,0,1
70384,0,0,0,0,0,0,0,0,1
70385,0,0,0,0,0,0,0,0,1
70386,0,0,0,0,0,0,0,0,1
70387,0,0,0,0,0,0,0,0,1
70388,0,0,0,0,0,0,0,0,1
70389,0,0,0,0,0,0,0,0,1
70390,0,0,0,0,0,0,0,0,1
70391,0,0,0,0,0,0,0,0,1
70392,0,0,0,0,0,0,0,0,1
70393,0,0,0,0,0,0,0,0,1
70394,0,0,0,0,0,0,0,0,1
70395,0,0,0,0,0,0,0,0,1
70396,0,0,0,0,0,0,0,0,1
70397,0,0,0,0,0,0,0,0,1
70398,0,0,0,0,0,0,0,0,1
70399,0,0,0,0,0,0,0,0,1
70400,0,0,0,0,0,0,0,0,1
70401,0,0,0,0,0,0,0,0,1
70402,0,0,0,0,0,0,0,0,1
70403,0,0,0,0,0,0,0,0,1
70404,0,0,0,0,0,0,0,0,1
70405,0,0,0,0,0,0,0,0,1
70406,0,0,0,0,0,0,0,0,1
70407,0,0,0,0,0,0,0,0,1
70408,0,0,0,0,0,0,0,0,1
70409,0,0,0,0,0,0,0,0,1
70410,0,0,0,0,0,0,0,0,1
70411,0,0,0,0,0,0,0,0,1
70412,0,0,0,0,0,0,0,0,1
70413,0,0,0,0,0,0,0,0,1
70414,0,0,0,0,0,0,0,0,1
70415,0,0,0,0,0,0,0,0,1
70416,0,0,0,0,0,0,0,0,1
70417,0,0,0,0,0,0,0,0,1
70418,0,0,0,0,0,0,0,0,1
70419,0,0,0,0,0,0,0,0,1
70420,0,0,0,0,0,0,0,0,1
70421,0,0,0,0,0,0,0,0,1
70422,0,0,0,0,0,0,0,0,1
70423,0,0,0,0,0,0,0,0,1
70424,0,0,0,0,0,0,0,0,1
70425,0,0,0,0,0,0,0,0,1
70426,0,0,0,0,0,0,0,0,1
70427,0,0,0,0,0,0,0,0,1
70428,0,0,0,0,0,0,0,0,1
70429,0,0,0,0,0,0,0,0,1
70430,0,0,0,0,0,0,0,0,1
70431,0,0,0,0,0,0,0,0,1
70432,0,0,0,0,0,0,0,0,1
70433,0,0,0,0,0,0,0,0,1
70434,0,0,0,0,0,0,0,0,1
70435,0,0,0,0,0,0,0,0,1
70436,0,0,0,0,0,0,0,0,1
70437,0,0,0,0,0,0,0,0,1
70438,0,0,0,0,0,0,0,0,1
70439,0,0,0,0,0,0,0,0,1
70440,0,0,0,0,0,0,0,0,1
70441,0,0,0,0,0,0,0,0,1
70442,0,0,0,0,0,0,0,0,1
70443,0,0,0,0,0,0,0,0,1
70444,0,0,0,0,0,0,0,0,1
70445,0,0,0,0,0,0,0,0,1
70446,0,0,0,0,0,0,0,0,1
70447,0,0,0,0,0,0,0,0,1
70448,0,0,0,0,0,0,0,0,1
70449,0,0,0,0,0,0,0,0,1
70450,0,0,0,0,0,0,0,0,1
70451,0,0,0,0,0,0,0,0,1
70452,0,0,0,0,0,0,0,0,1
70453,0,0,0,0,0,0,0,0,1
70454,0,0,0,0,0,0,0,0,1
70455,0,0,0,0,0,0,0,0,1
70456,0,0,0,0,0,0,0,0,1
70457,0,0,0,0,0,0,0,0,1
70458,0,0,0,0,0,0,0,0,1
70459,0,0,0,0,0,0,0,0,1
70460,0,0,0,0,0,0,0,0,1
70461,0,0,0,0,0,0,0,0,1
70462,0,0,0,0,0,0,0,0,1
70463,0,0,0,0,0,0,0,0,1
70464,0,0,0,0,0,0,0,0,1
70465,0,0,0,0,0,0,0,0,1
70466,0,0,0,0,0,0,0,0,1
70467,0,0,0,0,0,0,0,0,1
70468,0,0,0,0,0,0,0,0,1
70469,0,0,0,0,0,0,0,0,1
70470,0,0,0,0,0,0,0,0,1
70471,0,0,0,0,0,0,0,0,1
70472,0,0,0,0,0,0,0,0,1
70473,0,0,0,0,0,0,0,0,1
70474,0,0,0,0,0,0,0,0,1
70475,0,0,0,0,0,0,0,0,1
70476,0,0,0,0,0,0,0,0,1
70477,0,0,0,0,0,0,0,0,1
70478,0,0,0,0,0,0,0,0,1
70479,0,0,0,0,0,0,0,0,1
70480,0,0,0,0,0,0,0,0,1
70481,0,0,0,0,0,0,0,0,1
70482,0,0,0,0,0,0,0,0,1
70483,0,0,0,0,0,0,0,0,1
70484,0,0,0,0,0,0,0,0,1
70485,0,0,0,0,0,0,0,0,1
70486,0,0,0,0,0,0,0,0,1
70487,0,0,0,0,0,0,0,0,1
70488,0,0,0,0,0,0,0,0,1
70489,0,0,0,0,0,0,0,0,1
70490,0,0,0,0,0,0,0,0,1
70491,0,0,0,0,0,0,0,0,1
70492,0,0,0,0,0,0,0,0,1
70493,0,0,0,0,0,0,0,0,1
70494,0,0,0,0,0,0,0,0,1
70495,0,0,0,0,0,0,0,0,1
70496,0,0,0,0,0,0,0,0,1
70497,0,0,0,0,0,0,0,0,1
70498,0,0,0,0,0,0,0,0,1
70499,0,0,0,0,0,0,0,0,1
70500,0,0,0,0,0,0,0,0,1
70501,0,0,0,0,0,0,0,0,1
70502,0,0,0,0,0,0,0,0,1
70503,0,0,0,0,0,0,0,0,1
70504,0,0,0,0,0,0,0,0,1
70505,0,0,0,0,0,0,0,0,1
70506,0,0,0,0,0,0,0,0,1
70507,0,0,0,0,0,0,0,0,1
70508,0,0,0,0,0,0,0,0,1
70509,0,0,0,0,0,0,0,0,1
70510,0,0,0,0,0,0,0,0,1
70511,0,0,0,0,0,0,0,0,1
70512,0,0,0,0,0,0,0,0,1
70513,0,0,0,0,0,0,0,0,1
70514,0,0,0,0,0,0,0,0,1
70515,0,0,0,0,0,0,0,0,1
70516,0,0,0,0,0,0,0,0,1
70517,0,0,0,0,0,0,0,0,1
70518,0,0,0,0,0,0,0,0,1
70519,0,0,0,0,0,0,0,0,1
70520,0,0,0,0,0,0,0,0,1
70521,0,0,0,0,0,0,0,0,1
70522,0,0,0,0,0,0,0,0,1
70523,0,0,0,0,0,0,0,0,1
70524,0,0,0,0,0,0,0,0,1
70525,0,0,0,0,0,0,0,0,1
70526,0,0,0,0,0,0,0,0,1
70527,0,0,0,0,0,0,0,0,1
70528,0,0,0,0,0,0,0,0,1
70529,0,0,0,0,0,0,0,0,1
70530,0,0,0,0,0,0,0,0,1
70531,0,0,0,0,0,0,0,0,1
70532,0,0,0,0,0,0,0,0,1
70533,0,0,0,0,0,0,0,0,1
70534,0,0,0,0,0,0,0,0,1
70535,0,0,0,0,0,0,0,0,1
70536,0,0,0,0,0,0,0,0,1
70537,0,0,0,0,0,0,0,0,1
70538,0,0,0,0,0,0,0,0,1
70539,0,0,0,0,0,0,0,0,1
70540,0,0,0,0,0,0,0,0,1
70541,0,0,0,0,0,0,0,0,1
70542,0,0,0,0,0,0,0,0,1
70543,0,0,0,0,0,0,0,0,1
70544,0,0,0,0,0,0,0,0,1
70545,0,0,0,0,0,0,0,0,1
70546,0,0,0,0,0,0,0,0,1
70547,0,0,0,0,0,0,0,0,1
70548,0,0,0,0,0,0,0,0,1
70549,0,0,0,0,0,0,0,0,1
70550,0,0,0,0,0,0,0,0,1
70551,0,0,0,0,0,0,0,0,1
70552,0,0,0,0,0,0,0,0,1
70553,0,0,0,0,0,0,0,0,1
70554,0,0,0,0,0,0,0,0,1
70555,0,0,0,0,0,0,0,0,1
70556,0,0,0,0,0,0,0,0,1
70557,0,0,0,0,0,0,0,0,1
70558,0,0,0,0,0,0,0,0,1
70559,0,0,0,0,0,0,0,0,1
70560,0,0,0,0,0,0,0,0,1
70561,0,0,0,0,0,0,0,0,1
70562,0,0,0,0,0,0,0,0,1
70563,0,0,0,0,0,0,0,0,1
70564,0,0,0,0,0,0,0,0,1
70565,0,0,0,0,0,0,0,0,1
70566,0,0,0,0,0,0,0,0,1
70567,0,0,0,0,0,0,0,0,1
70568,0,0,0,0,0,0,0,0,1
70569,0,0,0,0,0,0,0,0,1
70570,0,0,0,0,0,0,0,0,1
70571,0,0,0,0,0,0,0,0,1
70572,0,0,0,0,0,0,0,0,1
70573,0,0,0,0,0,0,0,0,1
70574,0,0,0,0,0,0,0,0,1
70575,0,0,0,0,0,0,0,0,1
70576,0,0,0,0,0,0,0,0,1
70577,0,0,0,0,0,0,0,0,1
70578,0,0,0,0,0,0,0,0,1
70579,0,0,0,0,0,0,0,0,1
70580,0,0,0,0,0,0,0,0,1
70581,0,0,0,0,0,0,0,0,1
70582,0,0,0,0,0,0,0,0,1
70583,0,0,0,0,0,0,0,0,1
70584,0,0,0,0,0,0,0,0,1
70585,0,0,0,0,0,0,0,0,1
70586,0,0,0,0,0,0,0,0,1
70587,0,0,0,0,0,0,0,0,1
70588,0,0,0,0,0,0,0,0,1
70589,0,0,0,0,0,0,0,0,1
70590,0,0,0,0,0,0,0,0,1
70591,0,0,0,0,0,0,0,0,1
70592,0,0,0,0,0,0,0,0,1
70593,0,0,0,0,0,0,0,0,1
70594,0,0,0,0,0,0,0,0,1
70595,0,0,0,0,0,0,0,0,1
70596,0,0,0,0,0,0,0,0,1
70597,0,0,0,0,0,0,0,0,1
70598,0,0,0,0,0,0,0,0,1
70599,0,0,0,0,0,0,0,0,1
70600,0,0,0,0,0,0,0,0,1
70601,0,0,0,0,0,0,0,0,1
70602,0,0,0,0,0,0,0,0,1
70603,0,0,0,0,0,0,0,0,1
70604,0,0,0,0,0,0,0,0,1
70605,0,0,0,0,0,0,0,0,1
70606,0,0,0,0,0,0,0,0,1
70607,0,0,0,0,0,0,0,0,1
70608,0,0,0,0,0,0,0,0,1
70609,0,0,0,0,0,0,0,0,1
70610,0,0,0,0,0,0,0,0,1
70611,0,0,0,0,0,0,0,0,1
70612,0,0,0,0,0,0,0,0,1
70613,0,0,0,0,0,0,0,0,1
70614,0,0,0,0,0,0,0,0,1
70615,0,0,0,0,0,0,0,0,1
70616,0,0,0,0,0,0,0,0,1
70617,0,0,0,0,0,0,0,0,1
70618,0,0,0,0,0,0,0,0,1
70619,0,0,0,0,0,0,0,0,1
70620,0,0,0,0,0,0,0,0,1
70621,0,0,0,0,0,0,0,0,1
70622,0,0,0,0,0,0,0,0,1
70623,0,0,0,0,0,0,0,0,1
70624,0,0,0,0,0,0,0,0,1
70625,0,0,0,0,0,0,0,0,1
70626,0,0,0,0,0,0,0,0,1
70627,0,0,0,0,0,0,0,0,1
70628,0,0,0,0,0,0,0,0,1
70629,0,0,0,0,0,0,0,0,1
70630,0,0,0,0,0,0,0,0,1
70631,0,0,0,0,0,0,0,0,1
70632,0,0,0,0,0,0,0,0,1
70633,0,0,0,0,0,0,0,0,1
70634,0,0,0,0,0,0,0,0,1
70635,0,0,0,0,0,0,0,0,1
70636,0,0,0,0,0,0,0,0,1
70637,0,0,0,0,0,0,0,0,1
70638,0,0,0,0,0,0,0,0,1
70639,0,0,0,0,0,0,0,0,1
70640,0,0,0,0,0,0,0,0,1
70641,0,0,0,0,0,0,0,0,1
70642,0,0,0,0,0,0,0,0,1
70643,0,0,0,0,0,0,0,0,1
70644,0,0,0,0,0,0,0,0,1
70645,0,0,0,0,0,0,0,0,1
70646,0,0,0,0,0,0,0,0,1
70647,0,0,0,0,0,0,0,0,1
70648,0,0,0,0,0,0,0,0,1
70649,0,0,0,0,0,0,0,0,1
70650,0,0,0,0,0,0,0,0,1
70651,0,0,0,0,0,0,0,0,1
70652,0,0,0,0,0,0,0,0,1
70653,0,0,0,0,0,0,0,0,1
70654,0,0,0,0,0,0,0,0,1
70655,0,0,0,0,0,0,0,0,1
70656,0,0,0,0,0,0,0,0,1
70657,0,0,0,0,0,0,0,0,1
70658,0,0,0,0,0,0,0,0,1
70659,0,0,0,0,0,0,0,0,1
70660,0,0,0,0,0,0,0,0,1
70661,0,0,0,0,0,0,0,0,1
70662,0,0,0,0,0,0,0,0,1
70663,0,0,0,0,0,0,0,0,1
70664,0,0,0,0,0,0,0,0,1
70665,0,0,0,0,0,0,0,0,1
70666,0,0,0,0,0,0,0,0,1
70667,0,0,0,0,0,0,0,0,1
70668,0,0,0,0,0,0,0,0,1
70669,0,0,0,0,0,0,0,0,1
70670,0,0,0,0,0,0,0,0,1
70671,0,0,0,0,0,0,0,0,1
70672,0,0,0,0,0,0,0,0,1
70673,0,0,0,0,0,0,0,0,1
70674,0,0,0,0,0,0,0,0,1
70675,0,0,0,0,0,0,0,0,1
70676,0,0,0,0,0,0,0,0,1
70677,0,0,0,0,0,0,0,0,1
70678,0,0,0,0,0,0,0,0,1
70679,0,0,0,0,0,0,0,0,1
70680,0,0,0,0,0,0,0,0,1
70681,0,0,0,0,0,0,0,0,1
70682,0,0,0,0,0,0,0,0,1
70683,0,0,0,0,0,0,0,0,1
70684,0,0,0,0,0,0,0,0,1
70685,0,0,0,0,0,0,0,0,1
70686,0,0,0,0,0,0,0,0,1
70687,0,0,0,0,0,0,0,0,1
70688,0,0,0,0,0,0,0,0,1
70689,0,0,0,0,0,0,0,0,1
70690,0,0,0,0,0,0,0,0,1
70691,0,0,0,0,0,0,0,0,1
70692,0,0,0,0,0,0,0,0,1
70693,0,0,0,0,0,0,0,0,1
70694,0,0,0,0,0,0,0,0,1
70695,0,0,0,0,0,0,0,0,1
70696,0,0,0,0,0,0,0,0,1
70697,0,0,0,0,0,0,0,0,1
70698,0,0,0,0,0,0,0,0,1
70699,0,0,0,0,0,0,0,0,1
70700,0,0,0,0,0,0,0,0,1
70701,0,0,0,0,0,0,0,0,1
70702,0,0,0,0,0,0,0,0,1
70703,0,0,0,0,0,0,0,0,1
70704,0,0,0,0,0,0,0,0,1
70705,0,0,0,0,0,0,0,0,1
70706,0,0,0,0,0,0,0,0,1
70707,0,0,0,0,0,0,0,0,1
70708,0,0,0,0,0,0,0,0,1
70709,0,0,0,0,0,0,0,0,1
70710,0,0,0,0,0,0,0,0,1
70711,0,0,0,0,0,0,0,0,1
70712,0,0,0,0,0,0,0,0,1
70713,0,0,0,0,0,0,0,0,1
70714,0,0,0,0,0,0,0,0,1
70715,0,0,0,0,0,0,0,0,1
70716,0,0,0,0,0,0,0,0,1
70717,0,0,0,0,0,0,0,0,1
70718,0,0,0,0,0,0,0,0,1
70719,0,0,0,0,0,0,0,0,1
70720,0,0,0,0,0,0,0,0,1
70721,0,0,0,0,0,0,0,0,1
70722,0,0,0,0,0,0,0,0,1
70723,0,0,0,0,0,0,0,0,1
70724,0,0,0,0,0,0,0,0,1
70725,0,0,0,0,0,0,0,0,1
70726,0,0,0,0,0,0,0,0,1
70727,0,0,0,0,0,0,0,0,1
70728,0,0,0,0,0,0,0,0,1
70729,0,0,0,0,0,0,0,0,1
70730,0,0,0,0,0,0,0,0,1
70731,0,0,0,0,0,0,0,0,1
70732,0,0,0,0,0,0,0,0,1
70733,0,0,0,0,0,0,0,0,1
70734,0,0,0,0,0,0,0,0,1
70735,0,0,0,0,0,0,0,0,1
70736,0,0,0,0,0,0,0,0,1
70737,0,0,0,0,0,0,0,0,1
70738,0,0,0,0,0,0,0,0,1
70739,0,0,0,0,0,0,0,0,1
70740,0,0,0,0,0,0,0,0,1
70741,0,0,0,0,0,0,0,0,1
70742,0,0,0,0,0,0,0,0,1
70743,0,0,0,0,0,0,0,0,1
70744,0,0,0,0,0,0,0,0,1
70745,0,0,0,0,0,0,0,0,1
70746,0,0,0,0,0,0,0,0,1
70747,0,0,0,0,0,0,0,0,1
70748,0,0,0,0,0,0,0,0,1
70749,0,0,0,0,0,0,0,0,1
70750,0,0,0,0,0,0,0,0,1
70751,0,0,0,0,0,0,0,0,1
70752,0,0,0,0,0,0,0,0,1
70753,0,0,0,0,0,0,0,0,1
70754,0,0,0,0,0,0,0,0,1
70755,0,0,0,0,0,0,0,0,1
70756,0,0,0,0,0,0,0,0,1
70757,0,0,0,0,0,0,0,0,1
70758,0,0,0,0,0,0,0,0,1
70759,0,0,0,0,0,0,0,0,1
70760,0,0,0,0,0,0,0,0,1
70761,0,0,0,0,0,0,0,0,1
70762,0,0,0,0,0,0,0,0,1
70763,0,0,0,0,0,0,0,0,1
70764,0,0,0,0,0,0,0,0,1
70765,0,0,0,0,0,0,0,0,1
70766,0,0,0,0,0,0,0,0,1
70767,0,0,0,0,0,0,0,0,1
70768,0,0,0,0,0,0,0,0,1
70769,0,0,0,0,0,0,0,0,1
70770,0,0,0,0,0,0,0,0,1
70771,0,0,0,0,0,0,0,0,1
70772,0,0,0,0,0,0,0,0,1
70773,0,0,0,0,0,0,0,0,1
70774,0,0,0,0,0,0,0,0,1
70775,0,0,0,0,0,0,0,0,1
70776,0,0,0,0,0,0,0,0,1
70777,0,0,0,0,0,0,0,0,1
70778,0,0,0,0,0,0,0,0,1
70779,0,0,0,0,0,0,0,0,1
70780,0,0,0,0,0,0,0,0,1
70781,0,0,0,0,0,0,0,0,1
70782,0,0,0,0,0,0,0,0,1
70783,0,0,0,0,0,0,0,0,1
70784,0,0,0,0,0,0,0,0,1
70785,0,0,0,0,0,0,0,0,1
70786,0,0,0,0,0,0,0,0,1
70787,0,0,0,0,0,0,0,0,1
70788,0,0,0,0,0,0,0,0,1
70789,0,0,0,0,0,0,0,0,1
70790,0,0,0,0,0,0,0,0,1
70791,0,0,0,0,0,0,0,0,1
70792,0,0,0,0,0,0,0,0,1
70793,0,0,0,0,0,0,0,0,1
70794,0,0,0,0,0,0,0,0,1
70795,0,0,0,0,0,0,0,0,1
70796,0,0,0,0,0,0,0,0,1
70797,0,0,0,0,0,0,0,0,1
70798,0,0,0,0,0,0,0,0,1
70799,0,0,0,0,0,0,0,0,1
70800,0,0,0,0,0,0,0,0,1
70801,0,0,0,0,0,0,0,0,1
70802,0,0,0,0,0,0,0,0,1
70803,0,0,0,0,0,0,0,0,1
70804,0,0,0,0,0,0,0,0,1
70805,0,0,0,0,0,0,0,0,1
70806,0,0,0,0,0,0,0,0,1
70807,0,0,0,0,0,0,0,0,1
70808,0,0,0,0,0,0,0,0,1
70809,0,0,0,0,0,0,0,0,1
70810,0,0,0,0,0,0,0,0,1
70811,0,0,0,0,0,0,0,0,1
70812,0,0,0,0,0,0,0,0,1
70813,0,0,0,0,0,0,0,0,1
70814,0,0,0,0,0,0,0,0,1
70815,0,0,0,0,0,0,0,0,1
70816,0,0,0,0,0,0,0,0,1
70817,0,0,0,0,0,0,0,0,1
70818,0,0,0,0,0,0,0,0,1
70819,0,0,0,0,0,0,0,0,1
70820,0,0,0,0,0,0,0,0,1
70821,0,0,0,0,0,0,0,0,1
70822,0,0,0,0,0,0,0,0,1
70823,0,0,0,0,0,0,0,0,1
70824,0,0,0,0,0,0,0,0,1
70825,0,0,0,0,0,0,0,0,1
70826,0,0,0,0,0,0,0,0,1
70827,0,0,0,0,0,0,0,0,1
70828,0,0,0,0,0,0,0,0,1
70829,0,0,0,0,0,0,0,0,1
70830,0,0,0,0,0,0,0,0,1
70831,0,0,0,0,0,0,0,0,1
70832,0,0,0,0,0,0,0,0,1
70833,0,0,0,0,0,0,0,0,1
70834,0,0,0,0,0,0,0,0,1
70835,0,0,0,0,0,0,0,0,1
70836,0,0,0,0,0,0,0,0,1
70837,0,0,0,0,0,0,0,0,1
70838,0,0,0,0,0,0,0,0,1
70839,0,0,0,0,0,0,0,0,1
70840,0,0,0,0,0,0,0,0,1
70841,0,0,0,0,0,0,0,0,1
70842,0,0,0,0,0,0,0,0,1
70843,0,0,0,0,0,0,0,0,1
70844,0,0,0,0,0,0,0,0,1
70845,0,0,0,0,0,0,0,0,1
70846,0,0,0,0,0,0,0,0,1
70847,0,0,0,0,0,0,0,0,1
70848,0,0,0,0,0,0,0,0,1
70849,0,0,0,0,0,0,0,0,1
70850,0,0,0,0,0,0,0,0,1
70851,0,0,0,0,0,0,0,0,1
70852,0,0,0,0,0,0,0,0,1
70853,0,0,0,0,0,0,0,0,1
70854,0,0,0,0,0,0,0,0,1
70855,0,0,0,0,0,0,0,0,1
70856,0,0,0,0,0,0,0,0,1
70857,0,0,0,0,0,0,0,0,1
70858,0,0,0,0,0,0,0,0,1
70859,0,0,0,0,0,0,0,0,1
70860,0,0,0,0,0,0,0,0,1
70861,0,0,0,0,0,0,0,0,1
70862,0,0,0,0,0,0,0,0,1
70863,0,0,0,0,0,0,0,0,1
70864,0,0,0,0,0,0,0,0,1
70865,0,0,0,0,0,0,0,0,1
70866,0,0,0,0,0,0,0,0,1
70867,0,0,0,0,0,0,0,0,1
70868,0,0,0,0,0,0,0,0,1
70869,0,0,0,0,0,0,0,0,1
70870,0,0,0,0,0,0,0,0,1
70871,0,0,0,0,0,0,0,0,1
70872,0,0,0,0,0,0,0,0,1
70873,0,0,0,0,0,0,0,0,1
70874,0,0,0,0,0,0,0,0,1
70875,0,0,0,0,0,0,0,0,1
70876,0,0,0,0,0,0,0,0,1
70877,0,0,0,0,0,0,0,0,1
70878,0,0,0,0,0,0,0,0,1
70879,0,0,0,0,0,0,0,0,1
70880,0,0,0,0,0,0,0,0,1
70881,0,0,0,0,0,0,0,0,1
70882,0,0,0,0,0,0,0,0,1
70883,0,0,0,0,0,0,0,0,1
70884,0,0,0,0,0,0,0,0,1
70885,0,0,0,0,0,0,0,0,1
70886,0,0,0,0,0,0,0,0,1
70887,0,0,0,0,0,0,0,0,1
70888,0,0,0,0,0,0,0,0,1
70889,0,0,0,0,0,0,0,0,1
70890,0,0,0,0,0,0,0,0,1
70891,0,0,0,0,0,0,0,0,1
70892,0,0,0,0,0,0,0,0,1
70893,0,0,0,0,0,0,0,0,1
70894,0,0,0,0,0,0,0,0,1
70895,0,0,0,0,0,0,0,0,1
70896,0,0,0,0,0,0,0,0,1
70897,0,0,0,0,0,0,0,0,1
70898,0,0,0,0,0,0,0,0,1
70899,0,0,0,0,0,0,0,0,1
70900,0,0,0,0,0,0,0,0,1
70901,0,0,0,0,0,0,0,0,1
70902,0,0,0,0,0,0,0,0,1
70903,0,0,0,0,0,0,0,0,1
70904,0,0,0,0,0,0,0,0,1
70905,0,0,0,0,0,0,0,0,1
70906,0,0,0,0,0,0,0,0,1
70907,0,0,0,0,0,0,0,0,1
70908,0,0,0,0,0,0,0,0,1
70909,0,0,0,0,0,0,0,0,1
70910,0,0,0,0,0,0,0,0,1
70911,0,0,0,0,0,0,0,0,1
70912,0,0,0,0,0,0,0,0,1
70913,0,0,0,0,0,0,0,0,1
70914,0,0,0,0,0,0,0,0,1
70915,0,0,0,0,0,0,0,0,1
70916,0,0,0,0,0,0,0,0,1
70917,0,0,0,0,0,0,0,0,1
70918,0,0,0,0,0,0,0,0,1
70919,0,0,0,0,0,0,0,0,1
70920,0,0,0,0,0,0,0,0,1
70921,0,0,0,0,0,0,0,0,1
70922,0,0,0,0,0,0,0,0,1
70923,0,0,0,0,0,0,0,0,1
70924,0,0,0,0,0,0,0,0,1
70925,0,0,0,0,0,0,0,0,1
70926,0,0,0,0,0,0,0,0,1
70927,0,0,0,0,0,0,0,0,1
70928,0,0,0,0,0,0,0,0,1
70929,0,0,0,0,0,0,0,0,1
70930,0,0,0,0,0,0,0,0,1
70931,0,0,0,0,0,0,0,0,1
70932,0,0,0,0,0,0,0,0,1
70933,0,0,0,0,0,0,0,0,1
70934,0,0,0,0,0,0,0,0,1
70935,0,0,0,0,0,0,0,0,1
70936,0,0,0,0,0,0,0,0,1
70937,0,0,0,0,0,0,0,0,1
70938,0,0,0,0,0,0,0,0,1
70939,0,0,0,0,0,0,0,0,1
70940,0,0,0,0,0,0,0,0,1
70941,0,0,0,0,0,0,0,0,1
70942,0,0,0,0,0,0,0,0,1
70943,0,0,0,0,0,0,0,0,1
70944,0,0,0,0,0,0,0,0,1
70945,0,0,0,0,0,0,0,0,1
70946,0,0,0,0,0,0,0,0,1
70947,0,0,0,0,0,0,0,0,1
70948,0,0,0,0,0,0,0,0,1
70949,0,0,0,0,0,0,0,0,1
70950,0,0,0,0,0,0,0,0,1
70951,0,0,0,0,0,0,0,0,1
70952,0,0,0,0,0,0,0,0,1
70953,0,0,0,0,0,0,0,0,1
70954,0,0,0,0,0,0,0,0,1
70955,0,0,0,0,0,0,0,0,1
70956,0,0,0,0,0,0,0,0,1
70957,0,0,0,0,0,0,0,0,1
70958,0,0,0,0,0,0,0,0,1
70959,0,0,0,0,0,0,0,0,1
70960,0,0,0,0,0,0,0,0,1
70961,0,0,0,0,0,0,0,0,1
70962,0,0,0,0,0,0,0,0,1
70963,0,0,0,0,0,0,0,0,1
70964,0,0,0,0,0,0,0,0,1
70965,0,0,0,0,0,0,0,0,1
70966,0,0,0,0,0,0,0,0,1
70967,0,0,0,0,0,0,0,0,1
70968,0,0,0,0,0,0,0,0,1
70969,0,0,0,0,0,0,0,0,1
70970,0,0,0,0,0,0,0,0,1
70971,0,0,0,0,0,0,0,0,1
70972,0,0,0,0,0,0,0,0,1
70973,0,0,0,0,0,0,0,0,1
70974,0,0,0,0,0,0,0,0,1
70975,0,0,0,0,0,0,0,0,1
70976,0,0,0,0,0,0,0,0,1
70977,0,0,0,0,0,0,0,0,1
70978,0,0,0,0,0,0,0,0,1
70979,0,0,0,0,0,0,0,0,1
70980,0,0,0,0,0,0,0,0,1
70981,0,0,0,0,0,0,0,0,1
70982,0,0,0,0,0,0,0,0,1
70983,0,0,0,0,0,0,0,0,1
70984,0,0,0,0,0,0,0,0,1
70985,0,0,0,0,0,0,0,0,1
70986,0,0,0,0,0,0,0,0,1
70987,0,0,0,0,0,0,0,0,1
70988,0,0,0,0,0,0,0,0,1
70989,0,0,0,0,0,0,0,0,1
70990,0,0,0,0,0,0,0,0,1
70991,0,0,0,0,0,0,0,0,1
70992,0,0,0,0,0,0,0,0,1
70993,0,0,0,0,0,0,0,0,1
70994,0,0,0,0,0,0,0,0,1
70995,0,0,0,0,0,0,0,0,1
70996,0,0,0,0,0,0,0,0,1
70997,0,0,0,0,0,0,0,0,1
70998,0,0,0,0,0,0,0,0,1
70999,0,0,0,0,0,0,0,0,1
71000,0,0,0,0,0,0,0,0,1
71001,0,0,0,0,0,0,0,0,1
71002,0,0,0,0,0,0,0,0,1
71003,0,0,0,0,0,0,0,0,1
71004,0,0,0,0,0,0,0,0,1
71005,0,0,0,0,0,0,0,0,1
71006,0,0,0,0,0,0,0,0,1
71007,0,0,0,0,0,0,0,0,1
71008,0,0,0,0,0,0,0,0,1
71009,0,0,0,0,0,0,0,0,1
71010,0,0,0,0,0,0,0,0,1
71011,0,0,0,0,0,0,0,0,1
71012,0,0,0,0,0,0,0,0,1
71013,0,0,0,0,0,0,0,0,1
71014,0,0,0,0,0,0,0,0,1
71015,0,0,0,0,0,0,0,0,1
71016,0,0,0,0,0,0,0,0,1
71017,0,0,0,0,0,0,0,0,1
71018,0,0,0,0,0,0,0,0,1
71019,0,0,0,0,0,0,0,0,1
71020,0,0,0,0,0,0,0,0,1
71021,0,0,0,0,0,0,0,0,1
71022,0,0,0,0,0,0,0,0,1
71023,0,0,0,0,0,0,0,0,1
71024,0,0,0,0,0,0,0,0,1
71025,0,0,0,0,0,0,0,0,1
71026,0,0,0,0,0,0,0,0,1
71027,0,0,0,0,0,0,0,0,1
71028,0,0,0,0,0,0,0,0,1
71029,0,0,0,0,0,0,0,0,1
71030,0,0,0,0,0,0,0,0,1
71031,0,0,0,0,0,0,0,0,1
71032,0,0,0,0,0,0,0,0,1
71033,0,0,0,0,0,0,0,0,1
71034,0,0,0,0,0,0,0,0,1
71035,0,0,0,0,0,0,0,0,1
71036,0,0,0,0,0,0,0,0,1
71037,0,0,0,0,0,0,0,0,1
71038,0,0,0,0,0,0,0,0,1
71039,0,0,0,0,0,0,0,0,1
71040,0,0,0,0,0,0,0,0,1
71041,0,0,0,0,0,0,0,0,1
71042,0,0,0,0,0,0,0,0,1
71043,0,0,0,0,0,0,0,0,1
71044,0,0,0,0,0,0,0,0,1
71045,0,0,0,0,0,0,0,0,1
71046,0,0,0,0,0,0,0,0,1
71047,0,0,0,0,0,0,0,0,1
71048,0,0,0,0,0,0,0,0,1
71049,0,0,0,0,0,0,0,0,1
71050,0,0,0,0,0,0,0,0,1
71051,0,0,0,0,0,0,0,0,1
71052,0,0,0,0,0,0,0,0,1
71053,0,0,0,0,0,0,0,0,1
71054,0,0,0,0,0,0,0,0,1
71055,0,0,0,0,0,0,0,0,1
71056,0,0,0,0,0,0,0,0,1
71057,0,0,0,0,0,0,0,0,1
71058,0,0,0,0,0,0,0,0,1
71059,0,0,0,0,0,0,0,0,1
71060,0,0,0,0,0,0,0,0,1
71061,0,0,0,0,0,0,0,0,1
71062,0,0,0,0,0,0,0,0,1
71063,0,0,0,0,0,0,0,0,1
71064,0,0,0,0,0,0,0,0,1
71065,0,0,0,0,0,0,0,0,1
71066,0,0,0,0,0,0,0,0,1
71067,0,0,0,0,0,0,0,0,1
71068,0,0,0,0,0,0,0,0,1
71069,0,0,0,0,0,0,0,0,1
71070,0,0,0,0,0,0,0,0,1
71071,0,0,0,0,0,0,0,0,1
71072,0,0,0,0,0,0,0,0,1
71073,0,0,0,0,0,0,0,0,1
71074,0,0,0,0,0,0,0,0,1
71075,0,0,0,0,0,0,0,0,1
71076,0,0,0,0,0,0,0,0,1
71077,0,0,0,0,0,0,0,0,1
71078,0,0,0,0,0,0,0,0,1
71079,0,0,0,0,0,0,0,0,1
71080,0,0,0,0,0,0,0,0,1
71081,0,0,0,0,0,0,0,0,1
71082,0,0,0,0,0,0,0,0,1
71083,0,0,0,0,0,0,0,0,1
71084,0,0,0,0,0,0,0,0,1
71085,0,0,0,0,0,0,0,0,1
71086,0,0,0,0,0,0,0,0,1
71087,0,0,0,0,0,0,0,0,1
71088,0,0,0,0,0,0,0,0,1
71089,0,0,0,0,0,0,0,0,1
71090,0,0,0,0,0,0,0,0,1
71091,0,0,0,0,0,0,0,0,1
71092,0,0,0,0,0,0,0,0,1
71093,0,0,0,0,0,0,0,0,1
71094,0,0,0,0,0,0,0,0,1
71095,0,0,0,0,0,0,0,0,1
71096,0,0,0,0,0,0,0,0,1
71097,0,0,0,0,0,0,0,0,1
71098,0,0,0,0,0,0,0,0,1
71099,0,0,0,0,0,0,0,0,1
71100,0,0,0,0,0,0,0,0,1
71101,0,0,0,0,0,0,0,0,1
71102,0,0,0,0,0,0,0,0,1
71103,0,0,0,0,0,0,0,0,1
71104,0,0,0,0,0,0,0,0,1
71105,0,0,0,0,0,0,0,0,1
71106,0,0,0,0,0,0,0,0,1
71107,0,0,0,0,0,0,0,0,1
71108,0,0,0,0,0,0,0,0,1
71109,0,0,0,0,0,0,0,0,1
71110,0,0,0,0,0,0,0,0,1
71111,0,0,0,0,0,0,0,0,1
71112,0,0,0,0,0,0,0,0,1
71113,0,0,0,0,0,0,0,0,1
71114,0,0,0,0,0,0,0,0,1
71115,0,0,0,0,0,0,0,0,1
71116,0,0,0,0,0,0,0,0,1
71117,0,0,0,0,0,0,0,0,1
71118,0,0,0,0,0,0,0,0,1
71119,0,0,0,0,0,0,0,0,1
71120,0,0,0,0,0,0,0,0,1
71121,0,0,0,0,0,0,0,0,1
71122,0,0,0,0,0,0,0,0,1
71123,0,0,0,0,0,0,0,0,1
71124,0,0,0,0,0,0,0,0,1
71125,0,0,0,0,0,0,0,0,1
71126,0,0,0,0,0,0,0,0,1
71127,0,0,0,0,0,0,0,0,1
71128,0,0,0,0,0,0,0,0,1
71129,0,0,0,0,0,0,0,0,1
71130,0,0,0,0,0,0,0,0,1
71131,0,0,0,0,0,0,0,0,1
71132,0,0,0,0,0,0,0,0,1
71133,0,0,0,0,0,0,0,0,1
71134,0,0,0,0,0,0,0,0,1
71135,0,0,0,0,0,0,0,0,1
71136,0,0,0,0,0,0,0,0,1
71137,0,0,0,0,0,0,0,0,1
71138,0,0,0,0,0,0,0,0,1
71139,0,0,0,0,0,0,0,0,1
71140,0,0,0,0,0,0,0,0,1
71141,0,0,0,0,0,0,0,0,1
71142,0,0,0,0,0,0,0,0,1
71143,0,0,0,0,0,0,0,0,1
71144,0,0,0,0,0,0,0,0,1
71145,0,0,0,0,0,0,0,0,1
71146,0,0,0,0,0,0,0,0,1
71147,0,0,0,0,0,0,0,0,1
71148,0,0,0,0,0,0,0,0,1
71149,0,0,0,0,0,0,0,0,1
71150,0,0,0,0,0,0,0,0,1
71151,0,0,0,0,0,0,0,0,1
71152,0,0,0,0,0,0,0,0,1
71153,0,0,0,0,0,0,0,0,1
71154,0,0,0,0,0,0,0,0,1
71155,0,0,0,0,0,0,0,0,1
71156,0,0,0,0,0,0,0,0,1
71157,0,0,0,0,0,0,0,0,1
71158,0,0,0,0,0,0,0,0,1
71159,0,0,0,0,0,0,0,0,1
71160,0,0,0,0,0,0,0,0,1
71161,0,0,0,0,0,0,0,0,1
71162,0,0,0,0,0,0,0,0,1
71163,0,0,0,0,0,0,0,0,1
71164,0,0,0,0,0,0,0,0,1
71165,0,0,0,0,0,0,0,0,1
71166,0,0,0,0,0,0,0,0,1
71167,0,0,0,0,0,0,0,0,1
71168,0,0,0,0,0,0,0,0,1
71169,0,0,0,0,0,0,0,0,1
71170,0,0,0,0,0,0,0,0,1
71171,0,0,0,0,0,0,0,0,1
71172,0,0,0,0,0,0,0,0,1
71173,0,0,0,0,0,0,0,0,1
71174,0,0,0,0,0,0,0,0,1
71175,0,0,0,0,0,0,0,0,1
71176,0,0,0,0,0,0,0,0,1
71177,0,0,0,0,0,0,0,0,1
71178,0,0,0,0,0,0,0,0,1
71179,0,0,0,0,0,0,0,0,1
71180,0,0,0,0,0,0,0,0,1
71181,0,0,0,0,0,0,0,0,1
71182,0,0,0,0,0,0,0,0,1
71183,0,0,0,0,0,0,0,0,1
71184,0,0,0,0,0,0,0,0,1
71185,0,0,0,0,0,0,0,0,1
71186,0,0,0,0,0,0,0,0,1
71187,0,0,0,0,0,0,0,0,1
71188,0,0,0,0,0,0,0,0,1
71189,0,0,0,0,0,0,0,0,1
71190,0,0,0,0,0,0,0,0,1
71191,0,0,0,0,0,0,0,0,1
71192,0,0,0,0,0,0,0,0,1
71193,0,0,0,0,0,0,0,0,1
71194,0,0,0,0,0,0,0,0,1
71195,0,0,0,0,0,0,0,0,1
71196,0,0,0,0,0,0,0,0,1
71197,0,0,0,0,0,0,0,0,1
71198,0,0,0,0,0,0,0,0,1
71199,0,0,0,0,0,0,0,0,1
71200,0,0,0,0,0,0,0,0,1
71201,0,0,0,0,0,0,0,0,1
71202,0,0,0,0,0,0,0,0,1
71203,0,0,0,0,0,0,0,0,1
71204,0,0,0,0,0,0,0,0,1
71205,0,0,0,0,0,0,0,0,1
71206,0,0,0,0,0,0,0,0,1
71207,0,0,0,0,0,0,0,0,1
71208,0,0,0,0,0,0,0,0,1
71209,0,0,0,0,0,0,0,0,1
71210,0,0,0,0,0,0,0,0,1
71211,0,0,0,0,0,0,0,0,1
71212,0,0,0,0,0,0,0,0,1
71213,0,0,0,0,0,0,0,0,1
71214,0,0,0,0,0,0,0,0,1
71215,0,0,0,0,0,0,0,0,1
71216,0,0,0,0,0,0,0,0,1
71217,0,0,0,0,0,0,0,0,1
71218,0,0,0,0,0,0,0,0,1
71219,0,0,0,0,0,0,0,0,1
71220,0,0,0,0,0,0,0,0,1
71221,0,0,0,0,0,0,0,0,1
71222,0,0,0,0,0,0,0,0,1
71223,0,0,0,0,0,0,0,0,1
71224,0,0,0,0,0,0,0,0,1
71225,0,0,0,0,0,0,0,0,1
71226,0,0,0,0,0,0,0,0,1
71227,0,0,0,0,0,0,0,0,1
71228,0,0,0,0,0,0,0,0,1
71229,0,0,0,0,0,0,0,0,1
71230,0,0,0,0,0,0,0,0,1
71231,0,0,0,0,0,0,0,0,1
71232,0,0,0,0,0,0,0,0,1
71233,0,0,0,0,0,0,0,0,1
71234,0,0,0,0,0,0,0,0,1
71235,0,0,0,0,0,0,0,0,1
71236,0,0,0,0,0,0,0,0,1
71237,0,0,0,0,0,0,0,0,1
71238,0,0,0,0,0,0,0,0,1
71239,0,0,0,0,0,0,0,0,1
71240,0,0,0,0,0,0,0,0,1
71241,0,0,0,0,0,0,0,0,1
71242,0,0,0,0,0,0,0,0,1
71243,0,0,0,0,0,0,0,0,1
71244,0,0,0,0,0,0,0,0,1
71245,0,0,0,0,0,0,0,0,1
71246,0,0,0,0,0,0,0,0,1
71247,0,0,0,0,0,0,0,0,1
71248,0,0,0,0,0,0,0,0,1
71249,0,0,0,0,0,0,0,0,1
71250,0,0,0,0,0,0,0,0,1
71251,0,0,0,0,0,0,0,0,1
71252,0,0,0,0,0,0,0,0,1
71253,0,0,0,0,0,0,0,0,1
71254,0,0,0,0,0,0,0,0,1
71255,0,0,0,0,0,0,0,0,1
71256,0,0,0,0,0,0,0,0,1
71257,0,0,0,0,0,0,0,0,1
71258,0,0,0,0,0,0,0,0,1
71259,0,0,0,0,0,0,0,0,1
71260,0,0,0,0,0,0,0,0,1
71261,0,0,0,0,0,0,0,0,1
71262,0,0,0,0,0,0,0,0,1
71263,0,0,0,0,0,0,0,0,1
71264,0,0,0,0,0,0,0,0,1
71265,0,0,0,0,0,0,0,0,1
71266,0,0,0,0,0,0,0,0,1
71267,0,0,0,0,0,0,0,0,1
71268,0,0,0,0,0,0,0,0,1
71269,0,0,0,0,0,0,0,0,1
71270,0,0,0,0,0,0,0,0,1
71271,0,0,0,0,0,0,0,0,1
71272,0,0,0,0,0,0,0,0,1
71273,0,0,0,0,0,0,0,0,1
71274,0,0,0,0,0,0,0,0,1
71275,0,0,0,0,0,0,0,0,1
71276,0,0,0,0,0,0,0,0,1
71277,0,0,0,0,0,0,0,0,1
71278,0,0,0,0,0,0,0,0,1
71279,0,0,0,0,0,0,0,0,1
71280,0,0,0,0,0,0,0,0,1
71281,0,0,0,0,0,0,0,0,1
71282,0,0,0,0,0,0,0,0,1
71283,0,0,0,0,0,0,0,0,1
71284,0,0,0,0,0,0,0,0,1
71285,0,0,0,0,0,0,0,0,1
71286,0,0,0,0,0,0,0,0,1
71287,0,0,0,0,0,0,0,0,1
71288,0,0,0,0,0,0,0,0,1
71289,0,0,0,0,0,0,0,0,1
71290,0,0,0,0,0,0,0,0,1
71291,0,0,0,0,0,0,0,0,1
71292,0,0,0,0,0,0,0,0,1
71293,0,0,0,0,0,0,0,0,1
71294,0,0,0,0,0,0,0,0,1
71295,0,0,0,0,0,0,0,0,1
71296,0,0,0,0,0,0,0,0,1
71297,0,0,0,0,0,0,0,0,1
71298,0,0,0,0,0,0,0,0,1
71299,0,0,0,0,0,0,0,0,1
71300,0,0,0,0,0,0,0,0,1
71301,0,0,0,0,0,0,0,0,1
71302,0,0,0,0,0,0,0,0,1
71303,0,0,0,0,0,0,0,0,1
71304,0,0,0,0,0,0,0,0,1
71305,0,0,0,0,0,0,0,0,1
71306,0,0,0,0,0,0,0,0,1
71307,0,0,0,0,0,0,0,0,1
71308,0,0,0,0,0,0,0,0,1
71309,0,0,0,0,0,0,0,0,1
71310,0,0,0,0,0,0,0,0,1
71311,0,0,0,0,0,0,0,0,1
71312,0,0,0,0,0,0,0,0,1
71313,0,0,0,0,0,0,0,0,1
71314,0,0,0,0,0,0,0,0,1
71315,0,0,0,0,0,0,0,0,1
71316,0,0,0,0,0,0,0,0,1
71317,0,0,0,0,0,0,0,0,1
71318,0,0,0,0,0,0,0,0,1
71319,0,0,0,0,0,0,0,0,1
71320,0,0,0,0,0,0,0,0,1
71321,0,0,0,0,0,0,0,0,1
71322,0,0,0,0,0,0,0,0,1
71323,0,0,0,0,0,0,0,0,1
71324,0,0,0,0,0,0,0,0,1
71325,0,0,0,0,0,0,0,0,1
71326,0,0,0,0,0,0,0,0,1
71327,0,0,0,0,0,0,0,0,1
71328,0,0,0,0,0,0,0,0,1
71329,0,0,0,0,0,0,0,0,1
71330,0,0,0,0,0,0,0,0,1
71331,0,0,0,0,0,0,0,0,1
71332,0,0,0,0,0,0,0,0,1
71333,0,0,0,0,0,0,0,0,1
71334,0,0,0,0,0,0,0,0,1
71335,0,0,0,0,0,0,0,0,1
71336,0,0,0,0,0,0,0,0,1
71337,0,0,0,0,0,0,0,0,1
71338,0,0,0,0,0,0,0,0,1
71339,0,0,0,0,0,0,0,0,1
71340,0,0,0,0,0,0,0,0,1
71341,0,0,0,0,0,0,0,0,1
71342,0,0,0,0,0,0,0,0,1
71343,0,0,0,0,0,0,0,0,1
71344,0,0,0,0,0,0,0,0,1
71345,0,0,0,0,0,0,0,0,1
71346,0,0,0,0,0,0,0,0,1
71347,0,0,0,0,0,0,0,0,1
71348,0,0,0,0,0,0,0,0,1
71349,0,0,0,0,0,0,0,0,1
71350,0,0,0,0,0,0,0,0,1
71351,0,0,0,0,0,0,0,0,1
71352,0,0,0,0,0,0,0,0,1
71353,0,0,0,0,0,0,0,0,1
71354,0,0,0,0,0,0,0,0,1
71355,0,0,0,0,0,0,0,0,1
71356,0,0,0,0,0,0,0,0,1
71357,0,0,0,0,0,0,0,0,1
71358,0,0,0,0,0,0,0,0,1
71359,0,0,0,0,0,0,0,0,1
71360,0,0,0,0,0,0,0,0,1
71361,0,0,0,0,0,0,0,0,1
71362,0,0,0,0,0,0,0,0,1
71363,0,0,0,0,0,0,0,0,1
71364,0,0,0,0,0,0,0,0,1
71365,0,0,0,0,0,0,0,0,1
71366,0,0,0,0,0,0,0,0,1
71367,0,0,0,0,0,0,0,0,1
71368,0,0,0,0,0,0,0,0,1
71369,0,0,0,0,0,0,0,0,1
71370,0,0,0,0,0,0,0,0,1
71371,0,0,0,0,0,0,0,0,1
71372,0,0,0,0,0,0,0,0,1
71373,0,0,0,0,0,0,0,0,1
71374,0,0,0,0,0,0,0,0,1
71375,0,0,0,0,0,0,0,0,1
71376,0,0,0,0,0,0,0,0,1
71377,0,0,0,0,0,0,0,0,1
71378,0,0,0,0,0,0,0,0,1
71379,0,0,0,0,0,0,0,0,1
71380,0,0,0,0,0,0,0,0,1
71381,0,0,0,0,0,0,0,0,1
71382,0,0,0,0,0,0,0,0,1
71383,0,0,0,0,0,0,0,0,1
71384,0,0,0,0,0,0,0,0,1
71385,0,0,0,0,0,0,0,0,1
71386,0,0,0,0,0,0,0,0,1
71387,0,0,0,0,0,0,0,0,1
71388,0,0,0,0,0,0,0,0,1
71389,0,0,0,0,0,0,0,0,1
71390,0,0,0,0,0,0,0,0,1
71391,0,0,0,0,0,0,0,0,1
71392,0,0,0,0,0,0,0,0,1
71393,0,0,0,0,0,0,0,0,1
71394,0,0,0,0,0,0,0,0,1
71395,0,0,0,0,0,0,0,0,1
71396,0,0,0,0,0,0,0,0,1
71397,0,0,0,0,0,0,0,0,1
71398,0,0,0,0,0,0,0,0,1
71399,0,0,0,0,0,0,0,0,1
71400,0,0,0,0,0,0,0,0,1
71401,0,0,0,0,0,0,0,0,1
71402,0,0,0,0,0,0,0,0,1
71403,0,0,0,0,0,0,0,0,1
71404,0,0,0,0,0,0,0,0,1
71405,0,0,0,0,0,0,0,0,1
71406,0,0,0,0,0,0,0,0,1
71407,0,0,0,0,0,0,0,0,1
71408,0,0,0,0,0,0,0,0,1
71409,0,0,0,0,0,0,0,0,1
71410,0,0,0,0,0,0,0,0,1
71411,0,0,0,0,0,0,0,0,1
71412,0,0,0,0,0,0,0,0,1
71413,0,0,0,0,0,0,0,0,1
71414,0,0,0,0,0,0,0,0,1
71415,0,0,0,0,0,0,0,0,1
71416,0,0,0,0,0,0,0,0,1
71417,0,0,0,0,0,0,0,0,1
71418,0,0,0,0,0,0,0,0,1
71419,0,0,0,0,0,0,0,0,1
71420,0,0,0,0,0,0,0,0,1
71421,0,0,0,0,0,0,0,0,1
71422,0,0,0,0,0,0,0,0,1
71423,0,0,0,0,0,0,0,0,1
71424,0,0,0,0,0,0,0,0,1
71425,0,0,0,0,0,0,0,0,1
71426,0,0,0,0,0,0,0,0,1
71427,0,0,0,0,0,0,0,0,1
71428,0,0,0,0,0,0,0,0,1
71429,0,0,0,0,0,0,0,0,1
71430,0,0,0,0,0,0,0,0,1
71431,0,0,0,0,0,0,0,0,1
71432,0,0,0,0,0,0,0,0,1
71433,0,0,0,0,0,0,0,0,1
71434,0,0,0,0,0,0,0,0,1
71435,0,0,0,0,0,0,0,0,1
71436,0,0,0,0,0,0,0,0,1
71437,0,0,0,0,0,0,0,0,1
71438,0,0,0,0,0,0,0,0,1
71439,0,0,0,0,0,0,0,0,1
71440,0,0,0,0,0,0,0,0,1
71441,0,0,0,0,0,0,0,0,1
71442,0,0,0,0,0,0,0,0,1
71443,0,0,0,0,0,0,0,0,1
71444,0,0,0,0,0,0,0,0,1
71445,0,0,0,0,0,0,0,0,1
71446,0,0,0,0,0,0,0,0,1
71447,0,0,0,0,0,0,0,0,1
71448,0,0,0,0,0,0,0,0,1
71449,0,0,0,0,0,0,0,0,1
71450,0,0,0,0,0,0,0,0,1
71451,0,0,0,0,0,0,0,0,1
71452,0,0,0,0,0,0,0,0,1
71453,0,0,0,0,0,0,0,0,1
71454,0,0,0,0,0,0,0,0,1
71455,0,0,0,0,0,0,0,0,1
71456,0,0,0,0,0,0,0,0,1
71457,0,0,0,0,0,0,0,0,1
71458,0,0,0,0,0,0,0,0,1
71459,0,0,0,0,0,0,0,0,1
71460,0,0,0,0,0,0,0,0,1
71461,0,0,0,0,0,0,0,0,1
71462,0,0,0,0,0,0,0,0,1
71463,0,0,0,0,0,0,0,0,1
71464,0,0,0,0,0,0,0,0,1
71465,0,0,0,0,0,0,0,0,1
71466,0,0,0,0,0,0,0,0,1
71467,0,0,0,0,0,0,0,0,1
71468,0,0,0,0,0,0,0,0,1
71469,0,0,0,0,0,0,0,0,1
71470,0,0,0,0,0,0,0,0,1
71471,0,0,0,0,0,0,0,0,1
71472,0,0,0,0,0,0,0,0,1
71473,0,0,0,0,0,0,0,0,1
71474,0,0,0,0,0,0,0,0,1
71475,0,0,0,0,0,0,0,0,1
71476,0,0,0,0,0,0,0,0,1
71477,0,0,0,0,0,0,0,0,1
71478,0,0,0,0,0,0,0,0,1
71479,0,0,0,0,0,0,0,0,1
71480,0,0,0,0,0,0,0,0,1
71481,0,0,0,0,0,0,0,0,1
71482,0,0,0,0,0,0,0,0,1
71483,0,0,0,0,0,0,0,0,1
71484,0,0,0,0,0,0,0,0,1
71485,0,0,0,0,0,0,0,0,1
71486,0,0,0,0,0,0,0,0,1
71487,0,0,0,0,0,0,0,0,1
71488,0,0,0,0,0,0,0,0,1
71489,0,0,0,0,0,0,0,0,1
71490,0,0,0,0,0,0,0,0,1
71491,0,0,0,0,0,0,0,0,1
71492,0,0,0,0,0,0,0,0,1
71493,0,0,0,0,0,0,0,0,1
71494,0,0,0,0,0,0,0,0,1
71495,0,0,0,0,0,0,0,0,1
71496,0,0,0,0,0,0,0,0,1
71497,0,0,0,0,0,0,0,0,1
71498,0,0,0,0,0,0,0,0,1
71499,0,0,0,0,0,0,0,0,1
71500,0,0,0,0,0,0,0,0,1
71501,0,0,0,0,0,0,0,0,1
71502,0,0,0,0,0,0,0,0,1
71503,0,0,0,0,0,0,0,0,1
71504,0,0,0,0,0,0,0,0,1
71505,0,0,0,0,0,0,0,0,1
71506,0,0,0,0,0,0,0,0,1
71507,0,0,0,0,0,0,0,0,1
71508,0,0,0,0,0,0,0,0,1
71509,0,0,0,0,0,0,0,0,1
71510,0,0,0,0,0,0,0,0,1
71511,0,0,0,0,0,0,0,0,1
71512,0,0,0,0,0,0,0,0,1
71513,0,0,0,0,0,0,0,0,1
71514,0,0,0,0,0,0,0,0,1
71515,0,0,0,0,0,0,0,0,1
71516,0,0,0,0,0,0,0,0,1
71517,0,0,0,0,0,0,0,0,1
71518,0,0,0,0,0,0,0,0,1
71519,0,0,0,0,0,0,0,0,1
71520,0,0,0,0,0,0,0,0,1
71521,0,0,0,0,0,0,0,0,1
71522,0,0,0,0,0,0,0,0,1
71523,0,0,0,0,0,0,0,0,1
71524,0,0,0,0,0,0,0,0,1
71525,0,0,0,0,0,0,0,0,1
71526,0,0,0,0,0,0,0,0,1
71527,0,0,0,0,0,0,0,0,1
71528,0,0,0,0,0,0,0,0,1
71529,0,0,0,0,0,0,0,0,1
71530,0,0,0,0,0,0,0,0,1
71531,0,0,0,0,0,0,0,0,1
71532,0,0,0,0,0,0,0,0,1
71533,0,0,0,0,0,0,0,0,1
71534,0,0,0,0,0,0,0,0,1
71535,0,0,0,0,0,0,0,0,1
71536,0,0,0,0,0,0,0,0,1
71537,0,0,0,0,0,0,0,0,1
71538,0,0,0,0,0,0,0,0,1
71539,0,0,0,0,0,0,0,0,1
71540,0,0,0,0,0,0,0,0,1
71541,0,0,0,0,0,0,0,0,1
71542,0,0,0,0,0,0,0,0,1
71543,0,0,0,0,0,0,0,0,1
71544,0,0,0,0,0,0,0,0,1
71545,0,0,0,0,0,0,0,0,1
71546,0,0,0,0,0,0,0,0,1
71547,0,0,0,0,0,0,0,0,1
71548,0,0,0,0,0,0,0,0,1
71549,0,0,0,0,0,0,0,0,1
71550,0,0,0,0,0,0,0,0,1
71551,0,0,0,0,0,0,0,0,1
71552,0,0,0,0,0,0,0,0,1
71553,0,0,0,0,0,0,0,0,1
71554,0,0,0,0,0,0,0,0,1
71555,0,0,0,0,0,0,0,0,1
71556,0,0,0,0,0,0,0,0,1
71557,0,0,0,0,0,0,0,0,1
71558,0,0,0,0,0,0,0,0,1
71559,0,0,0,0,0,0,0,0,1
71560,0,0,0,0,0,0,0,0,1
71561,0,0,0,0,0,0,0,0,1
71562,0,0,0,0,0,0,0,0,1
71563,0,0,0,0,0,0,0,0,1
71564,0,0,0,0,0,0,0,0,1
71565,0,0,0,0,0,0,0,0,1
71566,0,0,0,0,0,0,0,0,1
71567,0,0,0,0,0,0,0,0,1
71568,0,0,0,0,0,0,0,0,1
71569,0,0,0,0,0,0,0,0,1
71570,0,0,0,0,0,0,0,0,1
71571,0,0,0,0,0,0,0,0,1
71572,0,0,0,0,0,0,0,0,1
71573,0,0,0,0,0,0,0,0,1
71574,0,0,0,0,0,0,0,0,1
71575,0,0,0,0,0,0,0,0,1
71576,0,0,0,0,0,0,0,0,1
71577,0,0,0,0,0,0,0,0,1
71578,0,0,0,0,0,0,0,0,1
71579,0,0,0,0,0,0,0,0,1
71580,0,0,0,0,0,0,0,0,1
71581,0,0,0,0,0,0,0,0,1
71582,0,0,0,0,0,0,0,0,1
71583,0,0,0,0,0,0,0,0,1
71584,0,0,0,0,0,0,0,0,1
71585,0,0,0,0,0,0,0,0,1
71586,0,0,0,0,0,0,0,0,1
71587,0,0,0,0,0,0,0,0,1
71588,0,0,0,0,0,0,0,0,1
71589,0,0,0,0,0,0,0,0,1
71590,0,0,0,0,0,0,0,0,1
71591,0,0,0,0,0,0,0,0,1
71592,0,0,0,0,0,0,0,0,1
71593,0,0,0,0,0,0,0,0,1
71594,0,0,0,0,0,0,0,0,1
71595,0,0,0,0,0,0,0,0,1
71596,0,0,0,0,0,0,0,0,1
71597,0,0,0,0,0,0,0,0,1
71598,0,0,0,0,0,0,0,0,1
71599,0,0,0,0,0,0,0,0,1
71600,0,0,0,0,0,0,0,0,1
71601,0,0,0,0,0,0,0,0,1
71602,0,0,0,0,0,0,0,0,1
71603,0,0,0,0,0,0,0,0,1
71604,0,0,0,0,0,0,0,0,1
71605,0,0,0,0,0,0,0,0,1
71606,0,0,0,0,0,0,0,0,1
71607,0,0,0,0,0,0,0,0,1
71608,0,0,0,0,0,0,0,0,1
71609,0,0,0,0,0,0,0,0,1
71610,0,0,0,0,0,0,0,0,1
71611,0,0,0,0,0,0,0,0,1
71612,0,0,0,0,0,0,0,0,1
71613,0,0,0,0,0,0,0,0,1
71614,0,0,0,0,0,0,0,0,1
71615,0,0,0,0,0,0,0,0,1
71616,0,0,0,0,0,0,0,0,1
71617,0,0,0,0,0,0,0,0,1
71618,0,0,0,0,0,0,0,0,1
71619,0,0,0,0,0,0,0,0,1
71620,0,0,0,0,0,0,0,0,1
71621,0,0,0,0,0,0,0,0,1
71622,0,0,0,0,0,0,0,0,1
71623,0,0,0,0,0,0,0,0,1
71624,0,0,0,0,0,0,0,0,1
71625,0,0,0,0,0,0,0,0,1
71626,0,0,0,0,0,0,0,0,1
71627,0,0,0,0,0,0,0,0,1
71628,0,0,0,0,0,0,0,0,1
71629,0,0,0,0,0,0,0,0,1
71630,0,0,0,0,0,0,0,0,1
71631,0,0,0,0,0,0,0,0,1
71632,0,0,0,0,0,0,0,0,1
71633,0,0,0,0,0,0,0,0,1
71634,0,0,0,0,0,0,0,0,1
71635,0,0,0,0,0,0,0,0,1
71636,0,0,0,0,0,0,0,0,1
71637,0,0,0,0,0,0,0,0,1
71638,0,0,0,0,0,0,0,0,1
71639,0,0,0,0,0,0,0,0,1
71640,0,0,0,0,0,0,0,0,1
71641,0,0,0,0,0,0,0,0,1
71642,0,0,0,0,0,0,0,0,1
71643,0,0,0,0,0,0,0,0,1
71644,0,0,0,0,0,0,0,0,1
71645,0,0,0,0,0,0,0,0,1
71646,0,0,0,0,0,0,0,0,1
71647,0,0,0,0,0,0,0,0,1
71648,0,0,0,0,0,0,0,0,1
71649,0,0,0,0,0,0,0,0,1
71650,0,0,0,0,0,0,0,0,1
71651,0,0,0,0,0,0,0,0,1
71652,0,0,0,0,0,0,0,0,1
71653,0,0,0,0,0,0,0,0,1
71654,0,0,0,0,0,0,0,0,1
71655,0,0,0,0,0,0,0,0,1
71656,0,0,0,0,0,0,0,0,1
71657,0,0,0,0,0,0,0,0,1
71658,0,0,0,0,0,0,0,0,1
71659,0,0,0,0,0,0,0,0,1
71660,0,0,0,0,0,0,0,0,1
71661,0,0,0,0,0,0,0,0,1
71662,0,0,0,0,0,0,0,0,1
71663,0,0,0,0,0,0,0,0,1
71664,0,0,0,0,0,0,0,0,1
71665,0,0,0,0,0,0,0,0,1
71666,0,0,0,0,0,0,0,0,1
71667,0,0,0,0,0,0,0,0,1
71668,0,0,0,0,0,0,0,0,1
71669,0,0,0,0,0,0,0,0,1
71670,0,0,0,0,0,0,0,0,1
71671,0,0,0,0,0,0,0,0,1
71672,0,0,0,0,0,0,0,0,1
71673,0,0,0,0,0,0,0,0,1
71674,0,0,0,0,0,0,0,0,1
71675,0,0,0,0,0,0,0,0,1
71676,0,0,0,0,0,0,0,0,1
71677,0,0,0,0,0,0,0,0,1
71678,0,0,0,0,0,0,0,0,1
71679,0,0,0,0,0,0,0,0,1
71680,0,0,0,0,0,0,0,0,1
71681,0,0,0,0,0,0,0,0,1
71682,0,0,0,0,0,0,0,0,1
71683,0,0,0,0,0,0,0,0,1
71684,0,0,0,0,0,0,0,0,1
71685,0,0,0,0,0,0,0,0,1
71686,0,0,0,0,0,0,0,0,1
71687,0,0,0,0,0,0,0,0,1
71688,0,0,0,0,0,0,0,0,1
71689,0,0,0,0,0,0,0,0,1
71690,0,0,0,0,0,0,0,0,1
71691,0,0,0,0,0,0,0,0,1
71692,0,0,0,0,0,0,0,0,1
71693,0,0,0,0,0,0,0,0,1
71694,0,0,0,0,0,0,0,0,1
71695,0,0,0,0,0,0,0,0,1
71696,0,0,0,0,0,0,0,0,1
71697,0,0,0,0,0,0,0,0,1
71698,0,0,0,0,0,0,0,0,1
71699,0,0,0,0,0,0,0,0,1
71700,0,0,0,0,0,0,0,0,1
71701,0,0,0,0,0,0,0,0,1
71702,0,0,0,0,0,0,0,0,1
71703,0,0,0,0,0,0,0,0,1
71704,0,0,0,0,0,0,0,0,1
71705,0,0,0,0,0,0,0,0,1
71706,0,0,0,0,0,0,0,0,1
71707,0,0,0,0,0,0,0,0,1
71708,0,0,0,0,0,0,0,0,1
71709,0,0,0,0,0,0,0,0,1
71710,0,0,0,0,0,0,0,0,1
71711,0,0,0,0,0,0,0,0,1
71712,0,0,0,0,0,0,0,0,1
71713,0,0,0,0,0,0,0,0,1
71714,0,0,0,0,0,0,0,0,1
71715,0,0,0,0,0,0,0,0,1
71716,0,0,0,0,0,0,0,0,1
71717,0,0,0,0,0,0,0,0,1
71718,0,0,0,0,0,0,0,0,1
71719,0,0,0,0,0,0,0,0,1
71720,0,0,0,0,0,0,0,0,1
71721,0,0,0,0,0,0,0,0,1
71722,0,0,0,0,0,0,0,0,1
71723,0,0,0,0,0,0,0,0,1
71724,0,0,0,0,0,0,0,0,1
71725,0,0,0,0,0,0,0,0,1
71726,0,0,0,0,0,0,0,0,1
71727,0,0,0,0,0,0,0,0,1
71728,0,0,0,0,0,0,0,0,1
71729,0,0,0,0,0,0,0,0,1
71730,0,0,0,0,0,0,0,0,1
71731,0,0,0,0,0,0,0,0,1
71732,0,0,0,0,0,0,0,0,1
71733,0,0,0,0,0,0,0,0,1
71734,0,0,0,0,0,0,0,0,1
71735,0,0,0,0,0,0,0,0,1
71736,0,0,0,0,0,0,0,0,1
71737,0,0,0,0,0,0,0,0,1
71738,0,0,0,0,0,0,0,0,1
71739,0,0,0,0,0,0,0,0,1
71740,0,0,0,0,0,0,0,0,1
71741,0,0,0,0,0,0,0,0,1
71742,0,0,0,0,0,0,0,0,1
71743,0,0,0,0,0,0,0,0,1
71744,0,0,0,0,0,0,0,0,1
71745,0,0,0,0,0,0,0,0,1
71746,0,0,0,0,0,0,0,0,1
71747,0,0,0,0,0,0,0,0,1
71748,0,0,0,0,0,0,0,0,1
71749,0,0,0,0,0,0,0,0,1
71750,0,0,0,0,0,0,0,0,1
71751,0,0,0,0,0,0,0,0,1
71752,0,0,0,0,0,0,0,0,1
71753,0,0,0,0,0,0,0,0,1
71754,0,0,0,0,0,0,0,0,1
71755,0,0,0,0,0,0,0,0,1
71756,0,0,0,0,0,0,0,0,1
71757,0,0,0,0,0,0,0,0,1
71758,0,0,0,0,0,0,0,0,1
71759,0,0,0,0,0,0,0,0,1
71760,0,0,0,0,0,0,0,0,1
71761,0,0,0,0,0,0,0,0,1
71762,0,0,0,0,0,0,0,0,1
71763,0,0,0,0,0,0,0,0,1
71764,0,0,0,0,0,0,0,0,1
71765,0,0,0,0,0,0,0,0,1
71766,0,0,0,0,0,0,0,0,1
71767,0,0,0,0,0,0,0,0,1
71768,0,0,0,0,0,0,0,0,1
71769,0,0,0,0,0,0,0,0,1
71770,0,0,0,0,0,0,0,0,1
71771,0,0,0,0,0,0,0,0,1
71772,0,0,0,0,0,0,0,0,1
71773,0,0,0,0,0,0,0,0,1
71774,0,0,0,0,0,0,0,0,1
71775,0,0,0,0,0,0,0,0,1
71776,0,0,0,0,0,0,0,0,1
71777,0,0,0,0,0,0,0,0,1
71778,0,0,0,0,0,0,0,0,1
71779,0,0,0,0,0,0,0,0,1
71780,0,0,0,0,0,0,0,0,1
71781,0,0,0,0,0,0,0,0,1
71782,0,0,0,0,0,0,0,0,1
71783,0,0,0,0,0,0,0,0,1
71784,0,0,0,0,0,0,0,0,1
71785,0,0,0,0,0,0,0,0,1
71786,0,0,0,0,0,0,0,0,1
71787,0,0,0,0,0,0,0,0,1
71788,0,0,0,0,0,0,0,0,1
71789,0,0,0,0,0,0,0,0,1
71790,0,0,0,0,0,0,0,0,1
71791,0,0,0,0,0,0,0,0,1
71792,0,0,0,0,0,0,0,0,1
71793,0,0,0,0,0,0,0,0,1
71794,0,0,0,0,0,0,0,0,1
71795,0,0,0,0,0,0,0,0,1
71796,0,0,0,0,0,0,0,0,1
71797,0,0,0,0,0,0,0,0,1
71798,0,0,0,0,0,0,0,0,1
71799,0,0,0,0,0,0,0,0,1
71800,0,0,0,0,0,0,0,0,1
71801,0,0,0,0,0,0,0,0,1
71802,0,0,0,0,0,0,0,0,1
71803,0,0,0,0,0,0,0,0,1
71804,0,0,0,0,0,0,0,0,1
71805,0,0,0,0,0,0,0,0,1
71806,0,0,0,0,0,0,0,0,1
71807,0,0,0,0,0,0,0,0,1
71808,0,0,0,0,0,0,0,0,1
71809,0,0,0,0,0,0,0,0,1
71810,0,0,0,0,0,0,0,0,1
71811,0,0,0,0,0,0,0,0,1
71812,0,0,0,0,0,0,0,0,1
71813,0,0,0,0,0,0,0,0,1
71814,0,0,0,0,0,0,0,0,1
71815,0,0,0,0,0,0,0,0,1
71816,0,0,0,0,0,0,0,0,1
71817,0,0,0,0,0,0,0,0,1
71818,0,0,0,0,0,0,0,0,1
71819,0,0,0,0,0,0,0,0,1
71820,0,0,0,0,0,0,0,0,1
71821,0,0,0,0,0,0,0,0,1
71822,0,0,0,0,0,0,0,0,1
71823,0,0,0,0,0,0,0,0,1
71824,0,0,0,0,0,0,0,0,1
71825,0,0,0,0,0,0,0,0,1
71826,0,0,0,0,0,0,0,0,1
71827,0,0,0,0,0,0,0,0,1
71828,0,0,0,0,0,0,0,0,1
71829,0,0,0,0,0,0,0,0,1
71830,0,0,0,0,0,0,0,0,1
71831,0,0,0,0,0,0,0,0,1
71832,0,0,0,0,0,0,0,0,1
71833,0,0,0,0,0,0,0,0,1
71834,0,0,0,0,0,0,0,0,1
71835,0,0,0,0,0,0,0,0,1
71836,0,0,0,0,0,0,0,0,1
71837,0,0,0,0,0,0,0,0,1
71838,0,0,0,0,0,0,0,0,1
71839,0,0,0,0,0,0,0,0,1
71840,0,0,0,0,0,0,0,0,1
71841,0,0,0,0,0,0,0,0,1
71842,0,0,0,0,0,0,0,0,1
71843,0,0,0,0,0,0,0,0,1
71844,0,0,0,0,0,0,0,0,1
71845,0,0,0,0,0,0,0,0,1
71846,0,0,0,0,0,0,0,0,1
71847,0,0,0,0,0,0,0,0,1
71848,0,0,0,0,0,0,0,0,1
71849,0,0,0,0,0,0,0,0,1
71850,0,0,0,0,0,0,0,0,1
71851,0,0,0,0,0,0,0,0,1
71852,0,0,0,0,0,0,0,0,1
71853,0,0,0,0,0,0,0,0,1
71854,0,0,0,0,0,0,0,0,1
71855,0,0,0,0,0,0,0,0,1
71856,0,0,0,0,0,0,0,0,1
71857,0,0,0,0,0,0,0,0,1
71858,0,0,0,0,0,0,0,0,1
71859,0,0,0,0,0,0,0,0,1
71860,0,0,0,0,0,0,0,0,1
71861,0,0,0,0,0,0,0,0,1
71862,0,0,0,0,0,0,0,0,1
71863,0,0,0,0,0,0,0,0,1
71864,0,0,0,0,0,0,0,0,1
71865,0,0,0,0,0,0,0,0,1
71866,0,0,0,0,0,0,0,0,1
71867,0,0,0,0,0,0,0,0,1
71868,0,0,0,0,0,0,0,0,1
71869,0,0,0,0,0,0,0,0,1
71870,0,0,0,0,0,0,0,0,1
71871,0,0,0,0,0,0,0,0,1
71872,0,0,0,0,0,0,0,0,1
71873,0,0,0,0,0,0,0,0,1
71874,0,0,0,0,0,0,0,0,1
71875,0,0,0,0,0,0,0,0,1
71876,0,0,0,0,0,0,0,0,1
71877,0,0,0,0,0,0,0,0,1
71878,0,0,0,0,0,0,0,0,1
71879,0,0,0,0,0,0,0,0,1
71880,0,0,0,0,0,0,0,0,1
71881,0,0,0,0,0,0,0,0,1
71882,0,0,0,0,0,0,0,0,1
71883,0,0,0,0,0,0,0,0,1
71884,0,0,0,0,0,0,0,0,1
71885,0,0,0,0,0,0,0,0,1
71886,0,0,0,0,0,0,0,0,1
71887,0,0,0,0,0,0,0,0,1
71888,0,0,0,0,0,0,0,0,1
71889,0,0,0,0,0,0,0,0,1
71890,0,0,0,0,0,0,0,0,1
71891,0,0,0,0,0,0,0,0,1
71892,0,0,0,0,0,0,0,0,1
71893,0,0,0,0,0,0,0,0,1
71894,0,0,0,0,0,0,0,0,1
71895,0,0,0,0,0,0,0,0,1
71896,0,0,0,0,0,0,0,0,1
71897,0,0,0,0,0,0,0,0,1
71898,0,0,0,0,0,0,0,0,1
71899,0,0,0,0,0,0,0,0,1
71900,0,0,0,0,0,0,0,0,1
71901,0,0,0,0,0,0,0,0,1
71902,0,0,0,0,0,0,0,0,1
71903,0,0,0,0,0,0,0,0,1
71904,0,0,0,0,0,0,0,0,1
71905,0,0,0,0,0,0,0,0,1
71906,0,0,0,0,0,0,0,0,1
71907,0,0,0,0,0,0,0,0,1
71908,0,0,0,0,0,0,0,0,1
71909,0,0,0,0,0,0,0,0,1
71910,0,0,0,0,0,0,0,0,1
71911,0,0,0,0,0,0,0,0,1
71912,0,0,0,0,0,0,0,0,1
71913,0,0,0,0,0,0,0,0,1
71914,0,0,0,0,0,0,0,0,1
71915,0,0,0,0,0,0,0,0,1
71916,0,0,0,0,0,0,0,0,1
71917,0,0,0,0,0,0,0,0,1
71918,0,0,0,0,0,0,0,0,1
71919,0,0,0,0,0,0,0,0,1
71920,0,0,0,0,0,0,0,0,1
71921,0,0,0,0,0,0,0,0,1
71922,0,0,0,0,0,0,0,0,1
71923,0,0,0,0,0,0,0,0,1
71924,0,0,0,0,0,0,0,0,1
71925,0,0,0,0,0,0,0,0,1
71926,0,0,0,0,0,0,0,0,1
71927,0,0,0,0,0,0,0,0,1
71928,0,0,0,0,0,0,0,0,1
71929,0,0,0,0,0,0,0,0,1
71930,0,0,0,0,0,0,0,0,1
71931,0,0,0,0,0,0,0,0,1
71932,0,0,0,0,0,0,0,0,1
71933,0,0,0,0,0,0,0,0,1
71934,0,0,0,0,0,0,0,0,1
71935,0,0,0,0,0,0,0,0,1
71936,0,0,0,0,0,0,0,0,1
71937,0,0,0,0,0,0,0,0,1
71938,0,0,0,0,0,0,0,0,1
71939,0,0,0,0,0,0,0,0,1
71940,0,0,0,0,0,0,0,0,1
71941,0,0,0,0,0,0,0,0,1
71942,0,0,0,0,0,0,0,0,1
71943,0,0,0,0,0,0,0,0,1
71944,0,0,0,0,0,0,0,0,1
71945,0,0,0,0,0,0,0,0,1
71946,0,0,0,0,0,0,0,0,1
71947,0,0,0,0,0,0,0,0,1
71948,0,0,0,0,0,0,0,0,1
71949,0,0,0,0,0,0,0,0,1
71950,0,0,0,0,0,0,0,0,1
71951,0,0,0,0,0,0,0,0,1
71952,0,0,0,0,0,0,0,0,1
71953,0,0,0,0,0,0,0,0,1
71954,0,0,0,0,0,0,0,0,1
71955,0,0,0,0,0,0,0,0,1
71956,0,0,0,0,0,0,0,0,1
71957,0,0,0,0,0,0,0,0,1
71958,0,0,0,0,0,0,0,0,1
71959,0,0,0,0,0,0,0,0,1
71960,0,0,0,0,0,0,0,0,1
71961,0,0,0,0,0,0,0,0,1
71962,0,0,0,0,0,0,0,0,1
71963,0,0,0,0,0,0,0,0,1
71964,0,0,0,0,0,0,0,0,1
71965,0,0,0,0,0,0,0,0,1
71966,0,0,0,0,0,0,0,0,1
71967,0,0,0,0,0,0,0,0,1
71968,0,0,0,0,0,0,0,0,1
71969,0,0,0,0,0,0,0,0,1
71970,0,0,0,0,0,0,0,0,1
71971,0,0,0,0,0,0,0,0,1
71972,0,0,0,0,0,0,0,0,1
71973,0,0,0,0,0,0,0,0,1
71974,0,0,0,0,0,0,0,0,1
71975,0,0,0,0,0,0,0,0,1
71976,0,0,0,0,0,0,0,0,1
71977,0,0,0,0,0,0,0,0,1
71978,0,0,0,0,0,0,0,0,1
71979,0,0,0,0,0,0,0,0,1
71980,0,0,0,0,0,0,0,0,1
71981,0,0,0,0,0,0,0,0,1
71982,0,0,0,0,0,0,0,0,1
71983,0,0,0,0,0,0,0,0,1
71984,0,0,0,0,0,0,0,0,1
71985,0,0,0,0,0,0,0,0,1
71986,0,0,0,0,0,0,0,0,1
71987,0,0,0,0,0,0,0,0,1
71988,0,0,0,0,0,0,0,0,1
71989,0,0,0,0,0,0,0,0,1
71990,0,0,0,0,0,0,0,0,1
71991,0,0,0,0,0,0,0,0,1
71992,0,0,0,0,0,0,0,0,1
71993,0,0,0,0,0,0,0,0,1
71994,0,0,0,0,0,0,0,0,1
71995,0,0,0,0,0,0,0,0,1
71996,0,0,0,0,0,0,0,0,1
71997,0,0,0,0,0,0,0,0,1
71998,0,0,0,0,0,0,0,0,1
71999,0,0,0,0,0,0,0,0,1
72000,0,0,0,0,0,0,0,0,1
72001,0,0,0,0,0,0,0,0,1
72002,0,0,0,0,0,0,0,0,1
72003,0,0,0,0,0,0,0,0,1
72004,0,0,0,0,0,0,0,0,1
72005,0,0,0,0,0,0,0,0,1
72006,0,0,0,0,0,0,0,0,1
72007,0,0,0,0,0,0,0,0,1
72008,0,0,0,0,0,0,0,0,1
72009,0,0,0,0,0,0,0,0,1
72010,0,0,0,0,0,0,0,0,1
72011,0,0,0,0,0,0,0,0,1
72012,0,0,0,0,0,0,0,0,1
72013,0,0,0,0,0,0,0,0,1
72014,0,0,0,0,0,0,0,0,1
72015,0,0,0,0,0,0,0,0,1
72016,0,0,0,0,0,0,0,0,1
72017,0,0,0,0,0,0,0,0,1
72018,0,0,0,0,0,0,0,0,1
72019,0,0,0,0,0,0,0,0,1
72020,0,0,0,0,0,0,0,0,1
72021,0,0,0,0,0,0,0,0,1
72022,0,0,0,0,0,0,0,0,1
72023,0,0,0,0,0,0,0,0,1
72024,0,0,0,0,0,0,0,0,1
72025,0,0,0,0,0,0,0,0,1
72026,0,0,0,0,0,0,0,0,1
72027,0,0,0,0,0,0,0,0,1
72028,0,0,0,0,0,0,0,0,1
72029,0,0,0,0,0,0,0,0,1
72030,0,0,0,0,0,0,0,0,1
72031,0,0,0,0,0,0,0,0,1
72032,0,0,0,0,0,0,0,0,1
72033,0,0,0,0,0,0,0,0,1
72034,0,0,0,0,0,0,0,0,1
72035,0,0,0,0,0,0,0,0,1
72036,0,0,0,0,0,0,0,0,1
72037,0,0,0,0,0,0,0,0,1
72038,0,0,0,0,0,0,0,0,1
72039,0,0,0,0,0,0,0,0,1
72040,0,0,0,0,0,0,0,0,1
72041,0,0,0,0,0,0,0,0,1
72042,0,0,0,0,0,0,0,0,1
72043,0,0,0,0,0,0,0,0,1
72044,0,0,0,0,0,0,0,0,1
72045,0,0,0,0,0,0,0,0,1
72046,0,0,0,0,0,0,0,0,1
72047,0,0,0,0,0,0,0,0,1
72048,0,0,0,0,0,0,0,0,1
72049,0,0,0,0,0,0,0,0,1
72050,0,0,0,0,0,0,0,0,1
72051,0,0,0,0,0,0,0,0,1
72052,0,0,0,0,0,0,0,0,1
72053,0,0,0,0,0,0,0,0,1
72054,0,0,0,0,0,0,0,0,1
72055,0,0,0,0,0,0,0,0,1
72056,0,0,0,0,0,0,0,0,1
72057,0,0,0,0,0,0,0,0,1
72058,0,0,0,0,0,0,0,0,1
72059,0,0,0,0,0,0,0,0,1
72060,0,0,0,0,0,0,0,0,1
72061,0,0,0,0,0,0,0,0,1
72062,0,0,0,0,0,0,0,0,1
72063,0,0,0,0,0,0,0,0,1
72064,0,0,0,0,0,0,0,0,1
72065,0,0,0,0,0,0,0,0,1
72066,0,0,0,0,0,0,0,0,1
72067,0,0,0,0,0,0,0,0,1
72068,0,0,0,0,0,0,0,0,1
72069,0,0,0,0,0,0,0,0,1
72070,0,0,0,0,0,0,0,0,1
72071,0,0,0,0,0,0,0,0,1
72072,0,0,0,0,0,0,0,0,1
72073,0,0,0,0,0,0,0,0,1
72074,0,0,0,0,0,0,0,0,1
72075,0,0,0,0,0,0,0,0,1
72076,0,0,0,0,0,0,0,0,1
72077,0,0,0,0,0,0,0,0,1
72078,0,0,0,0,0,0,0,0,1
72079,0,0,0,0,0,0,0,0,1
72080,0,0,0,0,0,0,0,0,1
72081,0,0,0,0,0,0,0,0,1
72082,0,0,0,0,0,0,0,0,1
72083,0,0,0,0,0,0,0,0,1
72084,0,0,0,0,0,0,0,0,1
72085,0,0,0,0,0,0,0,0,1
72086,0,0,0,0,0,0,0,0,1
72087,0,0,0,0,0,0,0,0,1
72088,0,0,0,0,0,0,0,0,1
72089,0,0,0,0,0,0,0,0,1
72090,0,0,0,0,0,0,0,0,1
72091,0,0,0,0,0,0,0,0,1
72092,0,0,0,0,0,0,0,0,1
72093,0,0,0,0,0,0,0,0,1
72094,0,0,0,0,0,0,0,0,1
72095,0,0,0,0,0,0,0,0,1
72096,0,0,0,0,0,0,0,0,1
72097,0,0,0,0,0,0,0,0,1
72098,0,0,0,0,0,0,0,0,1
72099,0,0,0,0,0,0,0,0,1
72100,0,0,0,0,0,0,0,0,1
72101,0,0,0,0,0,0,0,0,1
72102,0,0,0,0,0,0,0,0,1
72103,0,0,0,0,0,0,0,0,1
72104,0,0,0,0,0,0,0,0,1
72105,0,0,0,0,0,0,0,0,1
72106,0,0,0,0,0,0,0,0,1
72107,0,0,0,0,0,0,0,0,1
72108,0,0,0,0,0,0,0,0,1
72109,0,0,0,0,0,0,0,0,1
72110,0,0,0,0,0,0,0,0,1
72111,0,0,0,0,0,0,0,0,1
72112,0,0,0,0,0,0,0,0,1
72113,0,0,0,0,0,0,0,0,1
72114,0,0,0,0,0,0,0,0,1
72115,0,0,0,0,0,0,0,0,1
72116,0,0,0,0,0,0,0,0,1
72117,0,0,0,0,0,0,0,0,1
72118,0,0,0,0,0,0,0,0,1
72119,0,0,0,0,0,0,0,0,1
72120,0,0,0,0,0,0,0,0,1
72121,0,0,0,0,0,0,0,0,1
72122,0,0,0,0,0,0,0,0,1
72123,0,0,0,0,0,0,0,0,1
72124,0,0,0,0,0,0,0,0,1
72125,0,0,0,0,0,0,0,0,1
72126,0,0,0,0,0,0,0,0,1
72127,0,0,0,0,0,0,0,0,1
72128,0,0,0,0,0,0,0,0,1
72129,0,0,0,0,0,0,0,0,1
72130,0,0,0,0,0,0,0,0,1
72131,0,0,0,0,0,0,0,0,1
72132,0,0,0,0,0,0,0,0,1
72133,0,0,0,0,0,0,0,0,1
72134,0,0,0,0,0,0,0,0,1
72135,0,0,0,0,0,0,0,0,1
72136,0,0,0,0,0,0,0,0,1
72137,0,0,0,0,0,0,0,0,1
72138,0,0,0,0,0,0,0,0,1
72139,0,0,0,0,0,0,0,0,1
72140,0,0,0,0,0,0,0,0,1
72141,0,0,0,0,0,0,0,0,1
72142,0,0,0,0,0,0,0,0,1
72143,0,0,0,0,0,0,0,0,1
72144,0,0,0,0,0,0,0,0,1
72145,0,0,0,0,0,0,0,0,1
72146,0,0,0,0,0,0,0,0,1
72147,0,0,0,0,0,0,0,0,1
72148,0,0,0,0,0,0,0,0,1
72149,0,0,0,0,0,0,0,0,1
72150,0,0,0,0,0,0,0,0,1
72151,0,0,0,0,0,0,0,0,1
72152,0,0,0,0,0,0,0,0,1
72153,0,0,0,0,0,0,0,0,1
72154,0,0,0,0,0,0,0,0,1
72155,0,0,0,0,0,0,0,0,1
72156,0,0,0,0,0,0,0,0,1
72157,0,0,0,0,0,0,0,0,1
72158,0,0,0,0,0,0,0,0,1
72159,0,0,0,0,0,0,0,0,1
72160,0,0,0,0,0,0,0,0,1
72161,0,0,0,0,0,0,0,0,1
72162,0,0,0,0,0,0,0,0,1
72163,0,0,0,0,0,0,0,0,1
72164,0,0,0,0,0,0,0,0,1
72165,0,0,0,0,0,0,0,0,1
72166,0,0,0,0,0,0,0,0,1
72167,0,0,0,0,0,0,0,0,1
72168,0,0,0,0,0,0,0,0,1
72169,0,0,0,0,0,0,0,0,1
72170,0,0,0,0,0,0,0,0,1
72171,0,0,0,0,0,0,0,0,1
72172,0,0,0,0,0,0,0,0,1
72173,0,0,0,0,0,0,0,0,1
72174,0,0,0,0,0,0,0,0,1
72175,0,0,0,0,0,0,0,0,1
72176,0,0,0,0,0,0,0,0,1
72177,0,0,0,0,0,0,0,0,1
72178,0,0,0,0,0,0,0,0,1
72179,0,0,0,0,0,0,0,0,1
72180,0,0,0,0,0,0,0,0,1
72181,0,0,0,0,0,0,0,0,1
72182,0,0,0,0,0,0,0,0,1
72183,0,0,0,0,0,0,0,0,1
72184,0,0,0,0,0,0,0,0,1
72185,0,0,0,0,0,0,0,0,1
72186,0,0,0,0,0,0,0,0,1
72187,0,0,0,0,0,0,0,0,1
72188,0,0,0,0,0,0,0,0,1
72189,0,0,0,0,0,0,0,0,1
72190,0,0,0,0,0,0,0,0,1
72191,0,0,0,0,0,0,0,0,1
72192,0,0,0,0,0,0,0,0,1
72193,0,0,0,0,0,0,0,0,1
72194,0,0,0,0,0,0,0,0,1
72195,0,0,0,0,0,0,0,0,1
72196,0,0,0,0,0,0,0,0,1
72197,0,0,0,0,0,0,0,0,1
72198,0,0,0,0,0,0,0,0,1
72199,0,0,0,0,0,0,0,0,1
72200,0,0,0,0,0,0,0,0,1
72201,0,0,0,0,0,0,0,0,1
72202,0,0,0,0,0,0,0,0,1
72203,0,0,0,0,0,0,0,0,1
72204,0,0,0,0,0,0,0,0,1
72205,0,0,0,0,0,0,0,0,1
72206,0,0,0,0,0,0,0,0,1
72207,0,0,0,0,0,0,0,0,1
72208,0,0,0,0,0,0,0,0,1
72209,0,0,0,0,0,0,0,0,1
72210,0,0,0,0,0,0,0,0,1
72211,0,0,0,0,0,0,0,0,1
72212,0,0,0,0,0,0,0,0,1
72213,0,0,0,0,0,0,0,0,1
72214,0,0,0,0,0,0,0,0,1
72215,0,0,0,0,0,0,0,0,1
72216,0,0,0,0,0,0,0,0,1
72217,0,0,0,0,0,0,0,0,1
72218,0,0,0,0,0,0,0,0,1
72219,0,0,0,0,0,0,0,0,1
72220,0,0,0,0,0,0,0,0,1
72221,0,0,0,0,0,0,0,0,1
72222,0,0,0,0,0,0,0,0,1
72223,0,0,0,0,0,0,0,0,1
72224,0,0,0,0,0,0,0,0,1
72225,0,0,0,0,0,0,0,0,1
72226,0,0,0,0,0,0,0,0,1
72227,0,0,0,0,0,0,0,0,1
72228,0,0,0,0,0,0,0,0,1
72229,0,0,0,0,0,0,0,0,1
72230,0,0,0,0,0,0,0,0,1
72231,0,0,0,0,0,0,0,0,1
72232,0,0,0,0,0,0,0,0,1
72233,0,0,0,0,0,0,0,0,1
72234,0,0,0,0,0,0,0,0,1
72235,0,0,0,0,0,0,0,0,1
72236,0,0,0,0,0,0,0,0,1
72237,0,0,0,0,0,0,0,0,1
72238,0,0,0,0,0,0,0,0,1
72239,0,0,0,0,0,0,0,0,1
72240,0,0,0,0,0,0,0,0,1
72241,0,0,0,0,0,0,0,0,1
72242,0,0,0,0,0,0,0,0,1
72243,0,0,0,0,0,0,0,0,1
72244,0,0,0,0,0,0,0,0,1
72245,0,0,0,0,0,0,0,0,1
72246,0,0,0,0,0,0,0,0,1
72247,0,0,0,0,0,0,0,0,1
72248,0,0,0,0,0,0,0,0,1
72249,0,0,0,0,0,0,0,0,1
72250,0,0,0,0,0,0,0,0,1
72251,0,0,0,0,0,0,0,0,1
72252,0,0,0,0,0,0,0,0,1
72253,0,0,0,0,0,0,0,0,1
72254,0,0,0,0,0,0,0,0,1
72255,0,0,0,0,0,0,0,0,1
72256,0,0,0,0,0,0,0,0,1
72257,0,0,0,0,0,0,0,0,1
72258,0,0,0,0,0,0,0,0,1
72259,0,0,0,0,0,0,0,0,1
72260,0,0,0,0,0,0,0,0,1
72261,0,0,0,0,0,0,0,0,1
72262,0,0,0,0,0,0,0,0,1
72263,0,0,0,0,0,0,0,0,1
72264,0,0,0,0,0,0,0,0,1
72265,0,0,0,0,0,0,0,0,1
72266,0,0,0,0,0,0,0,0,1
72267,0,0,0,0,0,0,0,0,1
72268,0,0,0,0,0,0,0,0,1
72269,0,0,0,0,0,0,0,0,1
72270,0,0,0,0,0,0,0,0,1
72271,0,0,0,0,0,0,0,0,1
72272,0,0,0,0,0,0,0,0,1
72273,0,0,0,0,0,0,0,0,1
72274,0,0,0,0,0,0,0,0,1
72275,0,0,0,0,0,0,0,0,1
72276,0,0,0,0,0,0,0,0,1
72277,0,0,0,0,0,0,0,0,1
72278,0,0,0,0,0,0,0,0,1
72279,0,0,0,0,0,0,0,0,1
72280,0,0,0,0,0,0,0,0,1
72281,0,0,0,0,0,0,0,0,1
72282,0,0,0,0,0,0,0,0,1
72283,0,0,0,0,0,0,0,0,1
72284,0,0,0,0,0,0,0,0,1
72285,0,0,0,0,0,0,0,0,1
72286,0,0,0,0,0,0,0,0,1
72287,0,0,0,0,0,0,0,0,1
72288,0,0,0,0,0,0,0,0,1
72289,0,0,0,0,0,0,0,0,1
72290,0,0,0,0,0,0,0,0,1
72291,0,0,0,0,0,0,0,0,1
72292,0,0,0,0,0,0,0,0,1
72293,0,0,0,0,0,0,0,0,1
72294,0,0,0,0,0,0,0,0,1
72295,0,0,0,0,0,0,0,0,1
72296,0,0,0,0,0,0,0,0,1
72297,0,0,0,0,0,0,0,0,1
72298,0,0,0,0,0,0,0,0,1
72299,0,0,0,0,0,0,0,0,1
72300,0,0,0,0,0,0,0,0,1
72301,0,0,0,0,0,0,0,0,1
72302,0,0,0,0,0,0,0,0,1
72303,0,0,0,0,0,0,0,0,1
72304,0,0,0,0,0,0,0,0,1
72305,0,0,0,0,0,0,0,0,1
72306,0,0,0,0,0,0,0,0,1
72307,0,0,0,0,0,0,0,0,1
72308,0,0,0,0,0,0,0,0,1
72309,0,0,0,0,0,0,0,0,1
72310,0,0,0,0,0,0,0,0,1
72311,0,0,0,0,0,0,0,0,1
72312,0,0,0,0,0,0,0,0,1
72313,0,0,0,0,0,0,0,0,1
72314,0,0,0,0,0,0,0,0,1
72315,0,0,0,0,0,0,0,0,1
72316,0,0,0,0,0,0,0,0,1
72317,0,0,0,0,0,0,0,0,1
72318,0,0,0,0,0,0,0,0,1
72319,0,0,0,0,0,0,0,0,1
72320,0,0,0,0,0,0,0,0,1
72321,0,0,0,0,0,0,0,0,1
72322,0,0,0,0,0,0,0,0,1
72323,0,0,0,0,0,0,0,0,1
72324,0,0,0,0,0,0,0,0,1
72325,0,0,0,0,0,0,0,0,1
72326,0,0,0,0,0,0,0,0,1
72327,0,0,0,0,0,0,0,0,1
72328,0,0,0,0,0,0,0,0,1
72329,0,0,0,0,0,0,0,0,1
72330,0,0,0,0,0,0,0,0,1
72331,0,0,0,0,0,0,0,0,1
72332,0,0,0,0,0,0,0,0,1
72333,0,0,0,0,0,0,0,0,1
72334,0,0,0,0,0,0,0,0,1
72335,0,0,0,0,0,0,0,0,1
72336,0,0,0,0,0,0,0,0,1
72337,0,0,0,0,0,0,0,0,1
72338,0,0,0,0,0,0,0,0,1
72339,0,0,0,0,0,0,0,0,1
72340,0,0,0,0,0,0,0,0,1
72341,0,0,0,0,0,0,0,0,1
72342,0,0,0,0,0,0,0,0,1
72343,0,0,0,0,0,0,0,0,1
72344,0,0,0,0,0,0,0,0,1
72345,0,0,0,0,0,0,0,0,1
72346,0,0,0,0,0,0,0,0,1
72347,0,0,0,0,0,0,0,0,1
72348,0,0,0,0,0,0,0,0,1
72349,0,0,0,0,0,0,0,0,1
72350,0,0,0,0,0,0,0,0,1
72351,0,0,0,0,0,0,0,0,1
72352,0,0,0,0,0,0,0,0,1
72353,0,0,0,0,0,0,0,0,1
72354,0,0,0,0,0,0,0,0,1
72355,0,0,0,0,0,0,0,0,1
72356,0,0,0,0,0,0,0,0,1
72357,0,0,0,0,0,0,0,0,1
72358,0,0,0,0,0,0,0,0,1
72359,0,0,0,0,0,0,0,0,1
72360,0,0,0,0,0,0,0,0,1
72361,0,0,0,0,0,0,0,0,1
72362,0,0,0,0,0,0,0,0,1
72363,0,0,0,0,0,0,0,0,1
72364,0,0,0,0,0,0,0,0,1
72365,0,0,0,0,0,0,0,0,1
72366,0,0,0,0,0,0,0,0,1
72367,0,0,0,0,0,0,0,0,1
72368,0,0,0,0,0,0,0,0,1
72369,0,0,0,0,0,0,0,0,1
72370,0,0,0,0,0,0,0,0,1
72371,0,0,0,0,0,0,0,0,1
72372,0,0,0,0,0,0,0,0,1
72373,0,0,0,0,0,0,0,0,1
72374,0,0,0,0,0,0,0,0,1
72375,0,0,0,0,0,0,0,0,1
72376,0,0,0,0,0,0,0,0,1
72377,0,0,0,0,0,0,0,0,1
72378,0,0,0,0,0,0,0,0,1
72379,0,0,0,0,0,0,0,0,1
72380,0,0,0,0,0,0,0,0,1
72381,0,0,0,0,0,0,0,0,1
72382,0,0,0,0,0,0,0,0,1
72383,0,0,0,0,0,0,0,0,1
72384,0,0,0,0,0,0,0,0,1
72385,0,0,0,0,0,0,0,0,1
72386,0,0,0,0,0,0,0,0,1
72387,0,0,0,0,0,0,0,0,1
72388,0,0,0,0,0,0,0,0,1
72389,0,0,0,0,0,0,0,0,1
72390,0,0,0,0,0,0,0,0,1
72391,0,0,0,0,0,0,0,0,1
72392,0,0,0,0,0,0,0,0,1
72393,0,0,0,0,0,0,0,0,1
72394,0,0,0,0,0,0,0,0,1
72395,0,0,0,0,0,0,0,0,1
72396,0,0,0,0,0,0,0,0,1
72397,0,0,0,0,0,0,0,0,1
72398,0,0,0,0,0,0,0,0,1
72399,0,0,0,0,0,0,0,0,1
72400,0,0,0,0,0,0,0,0,1
72401,0,0,0,0,0,0,0,0,1
72402,0,0,0,0,0,0,0,0,1
72403,0,0,0,0,0,0,0,0,1
72404,0,0,0,0,0,0,0,0,1
72405,0,0,0,0,0,0,0,0,1
72406,0,0,0,0,0,0,0,0,1
72407,0,0,0,0,0,0,0,0,1
72408,0,0,0,0,0,0,0,0,1
72409,0,0,0,0,0,0,0,0,1
72410,0,0,0,0,0,0,0,0,1
72411,0,0,0,0,0,0,0,0,1
72412,0,0,0,0,0,0,0,0,1
72413,0,0,0,0,0,0,0,0,1
72414,0,0,0,0,0,0,0,0,1
72415,0,0,0,0,0,0,0,0,1
72416,0,0,0,0,0,0,0,0,1
72417,0,0,0,0,0,0,0,0,1
72418,0,0,0,0,0,0,0,0,1
72419,0,0,0,0,0,0,0,0,1
72420,0,0,0,0,0,0,0,0,1
72421,0,0,0,0,0,0,0,0,1
72422,0,0,0,0,0,0,0,0,1
72423,0,0,0,0,0,0,0,0,1
72424,0,0,0,0,0,0,0,0,1
72425,0,0,0,0,0,0,0,0,1
72426,0,0,0,0,0,0,0,0,1
72427,0,0,0,0,0,0,0,0,1
72428,0,0,0,0,0,0,0,0,1
72429,0,0,0,0,0,0,0,0,1
72430,0,0,0,0,0,0,0,0,1
72431,0,0,0,0,0,0,0,0,1
72432,0,0,0,0,0,0,0,0,1
72433,0,0,0,0,0,0,0,0,1
72434,0,0,0,0,0,0,0,0,1
72435,0,0,0,0,0,0,0,0,1
72436,0,0,0,0,0,0,0,0,1
72437,0,0,0,0,0,0,0,0,1
72438,0,0,0,0,0,0,0,0,1
72439,0,0,0,0,0,0,0,0,1
72440,0,0,0,0,0,0,0,0,1
72441,0,0,0,0,0,0,0,0,1
72442,0,0,0,0,0,0,0,0,1
72443,0,0,0,0,0,0,0,0,1
72444,0,0,0,0,0,0,0,0,1
72445,0,0,0,0,0,0,0,0,1
72446,0,0,0,0,0,0,0,0,1
72447,0,0,0,0,0,0,0,0,1
72448,0,0,0,0,0,0,0,0,1
72449,0,0,0,0,0,0,0,0,1
72450,0,0,0,0,0,0,0,0,1
72451,0,0,0,0,0,0,0,0,1
72452,0,0,0,0,0,0,0,0,1
72453,0,0,0,0,0,0,0,0,1
72454,0,0,0,0,0,0,0,0,1
72455,0,0,0,0,0,0,0,0,1
72456,0,0,0,0,0,0,0,0,1
72457,0,0,0,0,0,0,0,0,1
72458,0,0,0,0,0,0,0,0,1
72459,0,0,0,0,0,0,0,0,1
72460,0,0,0,0,0,0,0,0,1
72461,0,0,0,0,0,0,0,0,1
72462,0,0,0,0,0,0,0,0,1
72463,0,0,0,0,0,0,0,0,1
72464,0,0,0,0,0,0,0,0,1
72465,0,0,0,0,0,0,0,0,1
72466,0,0,0,0,0,0,0,0,1
72467,0,0,0,0,0,0,0,0,1
72468,0,0,0,0,0,0,0,0,1
72469,0,0,0,0,0,0,0,0,1
72470,0,0,0,0,0,0,0,0,1
72471,0,0,0,0,0,0,0,0,1
72472,0,0,0,0,0,0,0,0,1
72473,0,0,0,0,0,0,0,0,1
72474,0,0,0,0,0,0,0,0,1
72475,0,0,0,0,0,0,0,0,1
72476,0,0,0,0,0,0,0,0,1
72477,0,0,0,0,0,0,0,0,1
72478,0,0,0,0,0,0,0,0,1
72479,0,0,0,0,0,0,0,0,1
72480,0,0,0,0,0,0,0,0,1
72481,0,0,0,0,0,0,0,0,1
72482,0,0,0,0,0,0,0,0,1
72483,0,0,0,0,0,0,0,0,1
72484,0,0,0,0,0,0,0,0,1
72485,0,0,0,0,0,0,0,0,1
72486,0,0,0,0,0,0,0,0,1
72487,0,0,0,0,0,0,0,0,1
72488,0,0,0,0,0,0,0,0,1
72489,0,0,0,0,0,0,0,0,1
72490,0,0,0,0,0,0,0,0,1
72491,0,0,0,0,0,0,0,0,1
72492,0,0,0,0,0,0,0,0,1
72493,0,0,0,0,0,0,0,0,1
72494,0,0,0,0,0,0,0,0,1
72495,0,0,0,0,0,0,0,0,1
72496,0,0,0,0,0,0,0,0,1
72497,0,0,0,0,0,0,0,0,1
72498,0,0,0,0,0,0,0,0,1
72499,0,0,0,0,0,0,0,0,1
72500,0,0,0,0,0,0,0,0,1
72501,0,0,0,0,0,0,0,0,1
72502,0,0,0,0,0,0,0,0,1
72503,0,0,0,0,0,0,0,0,1
72504,0,0,0,0,0,0,0,0,1
72505,0,0,0,0,0,0,0,0,1
72506,0,0,0,0,0,0,0,0,1
72507,0,0,0,0,0,0,0,0,1
72508,0,0,0,0,0,0,0,0,1
72509,0,0,0,0,0,0,0,0,1
72510,0,0,0,0,0,0,0,0,1
72511,0,0,0,0,0,0,0,0,1
72512,0,0,0,0,0,0,0,0,1
72513,0,0,0,0,0,0,0,0,1
72514,0,0,0,0,0,0,0,0,1
72515,0,0,0,0,0,0,0,0,1
72516,0,0,0,0,0,0,0,0,1
72517,0,0,0,0,0,0,0,0,1
72518,0,0,0,0,0,0,0,0,1
72519,0,0,0,0,0,0,0,0,1
72520,0,0,0,0,0,0,0,0,1
72521,0,0,0,0,0,0,0,0,1
72522,0,0,0,0,0,0,0,0,1
72523,0,0,0,0,0,0,0,0,1
72524,0,0,0,0,0,0,0,0,1
72525,0,0,0,0,0,0,0,0,1
72526,0,0,0,0,0,0,0,0,1
72527,0,0,0,0,0,0,0,0,1
72528,0,0,0,0,0,0,0,0,1
72529,0,0,0,0,0,0,0,0,1
72530,0,0,0,0,0,0,0,0,1
72531,0,0,0,0,0,0,0,0,1
72532,0,0,0,0,0,0,0,0,1
72533,0,0,0,0,0,0,0,0,1
72534,0,0,0,0,0,0,0,0,1
72535,0,0,0,0,0,0,0,0,1
72536,0,0,0,0,0,0,0,0,1
72537,0,0,0,0,0,0,0,0,1
72538,0,0,0,0,0,0,0,0,1
72539,0,0,0,0,0,0,0,0,1
72540,0,0,0,0,0,0,0,0,1
72541,0,0,0,0,0,0,0,0,1
72542,0,0,0,0,0,0,0,0,1
72543,0,0,0,0,0,0,0,0,1
72544,0,0,0,0,0,0,0,0,1
72545,0,0,0,0,0,0,0,0,1
72546,0,0,0,0,0,0,0,0,1
72547,0,0,0,0,0,0,0,0,1
72548,0,0,0,0,0,0,0,0,1
72549,0,0,0,0,0,0,0,0,1
72550,0,0,0,0,0,0,0,0,1
72551,0,0,0,0,0,0,0,0,1
72552,0,0,0,0,0,0,0,0,1
72553,0,0,0,0,0,0,0,0,1
72554,0,0,0,0,0,0,0,0,1
72555,0,0,0,0,0,0,0,0,1
72556,0,0,0,0,0,0,0,0,1
72557,0,0,0,0,0,0,0,0,1
72558,0,0,0,0,0,0,0,0,1
72559,0,0,0,0,0,0,0,0,1
72560,0,0,0,0,0,0,0,0,1
72561,0,0,0,0,0,0,0,0,1
72562,0,0,0,0,0,0,0,0,1
72563,0,0,0,0,0,0,0,0,1
72564,0,0,0,0,0,0,0,0,1
72565,0,0,0,0,0,0,0,0,1
72566,0,0,0,0,0,0,0,0,1
72567,0,0,0,0,0,0,0,0,1
72568,0,0,0,0,0,0,0,0,1
72569,0,0,0,0,0,0,0,0,1
72570,0,0,0,0,0,0,0,0,1
72571,0,0,0,0,0,0,0,0,1
72572,0,0,0,0,0,0,0,0,1
72573,0,0,0,0,0,0,0,0,1
72574,0,0,0,0,0,0,0,0,1
72575,0,0,0,0,0,0,0,0,1
72576,0,0,0,0,0,0,0,0,1
72577,0,0,0,0,0,0,0,0,1
72578,0,0,0,0,0,0,0,0,1
72579,0,0,0,0,0,0,0,0,1
72580,0,0,0,0,0,0,0,0,1
72581,0,0,0,0,0,0,0,0,1
72582,0,0,0,0,0,0,0,0,1
72583,0,0,0,0,0,0,0,0,1
72584,0,0,0,0,0,0,0,0,1
72585,0,0,0,0,0,0,0,0,1
72586,0,0,0,0,0,0,0,0,1
72587,0,0,0,0,0,0,0,0,1
72588,0,0,0,0,0,0,0,0,1
72589,0,0,0,0,0,0,0,0,1
72590,0,0,0,0,0,0,0,0,1
72591,0,0,0,0,0,0,0,0,1
72592,0,0,0,0,0,0,0,0,1
72593,0,0,0,0,0,0,0,0,1
72594,0,0,0,0,0,0,0,0,1
72595,0,0,0,0,0,0,0,0,1
72596,0,0,0,0,0,0,0,0,1
72597,0,0,0,0,0,0,0,0,1
72598,0,0,0,0,0,0,0,0,1
72599,0,0,0,0,0,0,0,0,1
72600,0,0,0,0,0,0,0,0,1
72601,0,0,0,0,0,0,0,0,1
72602,0,0,0,0,0,0,0,0,1
72603,0,0,0,0,0,0,0,0,1
72604,0,0,0,0,0,0,0,0,1
72605,0,0,0,0,0,0,0,0,1
72606,0,0,0,0,0,0,0,0,1
72607,0,0,0,0,0,0,0,0,1
72608,0,0,0,0,0,0,0,0,1
72609,0,0,0,0,0,0,0,0,1
72610,0,0,0,0,0,0,0,0,1
72611,0,0,0,0,0,0,0,0,1
72612,0,0,0,0,0,0,0,0,1
72613,0,0,0,0,0,0,0,0,1
72614,0,0,0,0,0,0,0,0,1
72615,0,0,0,0,0,0,0,0,1
72616,0,0,0,0,0,0,0,0,1
72617,0,0,0,0,0,0,0,0,1
72618,0,0,0,0,0,0,0,0,1
72619,0,0,0,0,0,0,0,0,1
72620,0,0,0,0,0,0,0,0,1
72621,0,0,0,0,0,0,0,0,1
72622,0,0,0,0,0,0,0,0,1
72623,0,0,0,0,0,0,0,0,1
72624,0,0,0,0,0,0,0,0,1
72625,0,0,0,0,0,0,0,0,1
72626,0,0,0,0,0,0,0,0,1
72627,0,0,0,0,0,0,0,0,1
72628,0,0,0,0,0,0,0,0,1
72629,0,0,0,0,0,0,0,0,1
72630,0,0,0,0,0,0,0,0,1
72631,0,0,0,0,0,0,0,0,1
72632,0,0,0,0,0,0,0,0,1
72633,0,0,0,0,0,0,0,0,1
72634,0,0,0,0,0,0,0,0,1
72635,0,0,0,0,0,0,0,0,1
72636,0,0,0,0,0,0,0,0,1
72637,0,0,0,0,0,0,0,0,1
72638,0,0,0,0,0,0,0,0,1
72639,0,0,0,0,0,0,0,0,1
72640,0,0,0,0,0,0,0,0,1
72641,0,0,0,0,0,0,0,0,1
72642,0,0,0,0,0,0,0,0,1
72643,0,0,0,0,0,0,0,0,1
72644,0,0,0,0,0,0,0,0,1
72645,0,0,0,0,0,0,0,0,1
72646,0,0,0,0,0,0,0,0,1
72647,0,0,0,0,0,0,0,0,1
72648,0,0,0,0,0,0,0,0,1
72649,0,0,0,0,0,0,0,0,1
72650,0,0,0,0,0,0,0,0,1
72651,0,0,0,0,0,0,0,0,1
72652,0,0,0,0,0,0,0,0,1
72653,0,0,0,0,0,0,0,0,1
72654,0,0,0,0,0,0,0,0,1
72655,0,0,0,0,0,0,0,0,1
72656,0,0,0,0,0,0,0,0,1
72657,0,0,0,0,0,0,0,0,1
72658,0,0,0,0,0,0,0,0,1
72659,0,0,0,0,0,0,0,0,1
72660,0,0,0,0,0,0,0,0,1
72661,0,0,0,0,0,0,0,0,1
72662,0,0,0,0,0,0,0,0,1
72663,0,0,0,0,0,0,0,0,1
72664,0,0,0,0,0,0,0,0,1
72665,0,0,0,0,0,0,0,0,1
72666,0,0,0,0,0,0,0,0,1
72667,0,0,0,0,0,0,0,0,1
72668,0,0,0,0,0,0,0,0,1
72669,0,0,0,0,0,0,0,0,1
72670,0,0,0,0,0,0,0,0,1
72671,0,0,0,0,0,0,0,0,1
72672,0,0,0,0,0,0,0,0,1
72673,0,0,0,0,0,0,0,0,1
72674,0,0,0,0,0,0,0,0,1
72675,0,0,0,0,0,0,0,0,1
72676,0,0,0,0,0,0,0,0,1
72677,0,0,0,0,0,0,0,0,1
72678,0,0,0,0,0,0,0,0,1
72679,0,0,0,0,0,0,0,0,1
72680,0,0,0,0,0,0,0,0,1
72681,0,0,0,0,0,0,0,0,1
72682,0,0,0,0,0,0,0,0,1
72683,0,0,0,0,0,0,0,0,1
72684,0,0,0,0,0,0,0,0,1
72685,0,0,0,0,0,0,0,0,1
72686,0,0,0,0,0,0,0,0,1
72687,0,0,0,0,0,0,0,0,1
72688,0,0,0,0,0,0,0,0,1
72689,0,0,0,0,0,0,0,0,1
72690,0,0,0,0,0,0,0,0,1
72691,0,0,0,0,0,0,0,0,1
72692,0,0,0,0,0,0,0,0,1
72693,0,0,0,0,0,0,0,0,1
72694,0,0,0,0,0,0,0,0,1
72695,0,0,0,0,0,0,0,0,1
72696,0,0,0,0,0,0,0,0,1
72697,0,0,0,0,0,0,0,0,1
72698,0,0,0,0,0,0,0,0,1
72699,0,0,0,0,0,0,0,0,1
72700,0,0,0,0,0,0,0,0,1
72701,0,0,0,0,0,0,0,0,1
72702,0,0,0,0,0,0,0,0,1
72703,0,0,0,0,0,0,0,0,1
72704,0,0,0,0,0,0,0,0,1
72705,0,0,0,0,0,0,0,0,1
72706,0,0,0,0,0,0,0,0,1
72707,0,0,0,0,0,0,0,0,1
72708,0,0,0,0,0,0,0,0,1
72709,0,0,0,0,0,0,0,0,1
72710,0,0,0,0,0,0,0,0,1
72711,0,0,0,0,0,0,0,0,1
72712,0,0,0,0,0,0,0,0,1
72713,0,0,0,0,0,0,0,0,1
72714,0,0,0,0,0,0,0,0,1
72715,0,0,0,0,0,0,0,0,1
72716,0,0,0,0,0,0,0,0,1
72717,0,0,0,0,0,0,0,0,1
72718,0,0,0,0,0,0,0,0,1
72719,0,0,0,0,0,0,0,0,1
72720,0,0,0,0,0,0,0,0,1
72721,0,0,0,0,0,0,0,0,1
72722,0,0,0,0,0,0,0,0,1
72723,0,0,0,0,0,0,0,0,1
72724,0,0,0,0,0,0,0,0,1
72725,0,0,0,0,0,0,0,0,1
72726,0,0,0,0,0,0,0,0,1
72727,0,0,0,0,0,0,0,0,1
72728,0,0,0,0,0,0,0,0,1
72729,0,0,0,0,0,0,0,0,1
72730,0,0,0,0,0,0,0,0,1
72731,0,0,0,0,0,0,0,0,1
72732,0,0,0,0,0,0,0,0,1
72733,0,0,0,0,0,0,0,0,1
72734,0,0,0,0,0,0,0,0,1
72735,0,0,0,0,0,0,0,0,1
72736,0,0,0,0,0,0,0,0,1
72737,0,0,0,0,0,0,0,0,1
72738,0,0,0,0,0,0,0,0,1
72739,0,0,0,0,0,0,0,0,1
72740,0,0,0,0,0,0,0,0,1
72741,0,0,0,0,0,0,0,0,1
72742,0,0,0,0,0,0,0,0,1
72743,0,0,0,0,0,0,0,0,1
72744,0,0,0,0,0,0,0,0,1
72745,0,0,0,0,0,0,0,0,1
72746,0,0,0,0,0,0,0,0,1
72747,0,0,0,0,0,0,0,0,1
72748,0,0,0,0,0,0,0,0,1
72749,0,0,0,0,0,0,0,0,1
72750,0,0,0,0,0,0,0,0,1
72751,0,0,0,0,0,0,0,0,1
72752,0,0,0,0,0,0,0,0,1
72753,0,0,0,0,0,0,0,0,1
72754,0,0,0,0,0,0,0,0,1
72755,0,0,0,0,0,0,0,0,1
72756,0,0,0,0,0,0,0,0,1
72757,0,0,0,0,0,0,0,0,1
72758,0,0,0,0,0,0,0,0,1
72759,0,0,0,0,0,0,0,0,1
72760,0,0,0,0,0,0,0,0,1
72761,0,0,0,0,0,0,0,0,1
72762,0,0,0,0,0,0,0,0,1
72763,0,0,0,0,0,0,0,0,1
72764,0,0,0,0,0,0,0,0,1
72765,0,0,0,0,0,0,0,0,1
72766,0,0,0,0,0,0,0,0,1
72767,0,0,0,0,0,0,0,0,1
72768,0,0,0,0,0,0,0,0,1
72769,0,0,0,0,0,0,0,0,1
72770,0,0,0,0,0,0,0,0,1
72771,0,0,0,0,0,0,0,0,1
72772,0,0,0,0,0,0,0,0,1
72773,0,0,0,0,0,0,0,0,1
72774,0,0,0,0,0,0,0,0,1
72775,0,0,0,0,0,0,0,0,1
72776,0,0,0,0,0,0,0,0,1
72777,0,0,0,0,0,0,0,0,1
72778,0,0,0,0,0,0,0,0,1
72779,0,0,0,0,0,0,0,0,1
72780,0,0,0,0,0,0,0,0,1
72781,0,0,0,0,0,0,0,0,1
72782,0,0,0,0,0,0,0,0,1
72783,0,0,0,0,0,0,0,0,1
72784,0,0,0,0,0,0,0,0,1
72785,0,0,0,0,0,0,0,0,1
72786,0,0,0,0,0,0,0,0,1
72787,0,0,0,0,0,0,0,0,1
72788,0,0,0,0,0,0,0,0,1
72789,0,0,0,0,0,0,0,0,1
72790,0,0,0,0,0,0,0,0,1
72791,0,0,0,0,0,0,0,0,1
72792,0,0,0,0,0,0,0,0,1
72793,0,0,0,0,0,0,0,0,1
72794,0,0,0,0,0,0,0,0,1
72795,0,0,0,0,0,0,0,0,1
72796,0,0,0,0,0,0,0,0,1
72797,0,0,0,0,0,0,0,0,1
72798,0,0,0,0,0,0,0,0,1
72799,0,0,0,0,0,0,0,0,1
72800,0,0,0,0,0,0,0,0,1
72801,0,0,0,0,0,0,0,0,1
72802,0,0,0,0,0,0,0,0,1
72803,0,0,0,0,0,0,0,0,1
72804,0,0,0,0,0,0,0,0,1
72805,0,0,0,0,0,0,0,0,1
72806,0,0,0,0,0,0,0,0,1
72807,0,0,0,0,0,0,0,0,1
72808,0,0,0,0,0,0,0,0,1
72809,0,0,0,0,0,0,0,0,1
72810,0,0,0,0,0,0,0,0,1
72811,0,0,0,0,0,0,0,0,1
72812,0,0,0,0,0,0,0,0,1
72813,0,0,0,0,0,0,0,0,1
72814,0,0,0,0,0,0,0,0,1
72815,0,0,0,0,0,0,0,0,1
72816,0,0,0,0,0,0,0,0,1
72817,0,0,0,0,0,0,0,0,1
72818,0,0,0,0,0,0,0,0,1
72819,0,0,0,0,0,0,0,0,1
72820,0,0,0,0,0,0,0,0,1
72821,0,0,0,0,0,0,0,0,1
72822,0,0,0,0,0,0,0,0,1
72823,0,0,0,0,0,0,0,0,1
72824,0,0,0,0,0,0,0,0,1
72825,0,0,0,0,0,0,0,0,1
72826,0,0,0,0,0,0,0,0,1
72827,0,0,0,0,0,0,0,0,1
72828,0,0,0,0,0,0,0,0,1
72829,0,0,0,0,0,0,0,0,1
72830,0,0,0,0,0,0,0,0,1
72831,0,0,0,0,0,0,0,0,1
72832,0,0,0,0,0,0,0,0,1
72833,0,0,0,0,0,0,0,0,1
72834,0,0,0,0,0,0,0,0,1
72835,0,0,0,0,0,0,0,0,1
72836,0,0,0,0,0,0,0,0,1
72837,0,0,0,0,0,0,0,0,1
72838,0,0,0,0,0,0,0,0,1
72839,0,0,0,0,0,0,0,0,1
72840,0,0,0,0,0,0,0,0,1
72841,0,0,0,0,0,0,0,0,1
72842,0,0,0,0,0,0,0,0,1
72843,0,0,0,0,0,0,0,0,1
72844,0,0,0,0,0,0,0,0,1
72845,0,0,0,0,0,0,0,0,1
72846,0,0,0,0,0,0,0,0,1
72847,0,0,0,0,0,0,0,0,1
72848,0,0,0,0,0,0,0,0,1
72849,0,0,0,0,0,0,0,0,1
72850,0,0,0,0,0,0,0,0,1
72851,0,0,0,0,0,0,0,0,1
72852,0,0,0,0,0,0,0,0,1
72853,0,0,0,0,0,0,0,0,1
72854,0,0,0,0,0,0,0,0,1
72855,0,0,0,0,0,0,0,0,1
72856,0,0,0,0,0,0,0,0,1
72857,0,0,0,0,0,0,0,0,1
72858,0,0,0,0,0,0,0,0,1
72859,0,0,0,0,0,0,0,0,1
72860,0,0,0,0,0,0,0,0,1
72861,0,0,0,0,0,0,0,0,1
72862,0,0,0,0,0,0,0,0,1
72863,0,0,0,0,0,0,0,0,1
72864,0,0,0,0,0,0,0,0,1
72865,0,0,0,0,0,0,0,0,1
72866,0,0,0,0,0,0,0,0,1
72867,0,0,0,0,0,0,0,0,1
72868,0,0,0,0,0,0,0,0,1
72869,0,0,0,0,0,0,0,0,1
72870,0,0,0,0,0,0,0,0,1
72871,0,0,0,0,0,0,0,0,1
72872,0,0,0,0,0,0,0,0,1
72873,0,0,0,0,0,0,0,0,1
72874,0,0,0,0,0,0,0,0,1
72875,0,0,0,0,0,0,0,0,1
72876,0,0,0,0,0,0,0,0,1
72877,0,0,0,0,0,0,0,0,1
72878,0,0,0,0,0,0,0,0,1
72879,0,0,0,0,0,0,0,0,1
72880,0,0,0,0,0,0,0,0,1
72881,0,0,0,0,0,0,0,0,1
72882,0,0,0,0,0,0,0,0,1
72883,0,0,0,0,0,0,0,0,1
72884,0,0,0,0,0,0,0,0,1
72885,0,0,0,0,0,0,0,0,1
72886,0,0,0,0,0,0,0,0,1
72887,0,0,0,0,0,0,0,0,1
72888,0,0,0,0,0,0,0,0,1
72889,0,0,0,0,0,0,0,0,1
72890,0,0,0,0,0,0,0,0,1
72891,0,0,0,0,0,0,0,0,1
72892,0,0,0,0,0,0,0,0,1
72893,0,0,0,0,0,0,0,0,1
72894,0,0,0,0,0,0,0,0,1
72895,0,0,0,0,0,0,0,0,1
72896,0,0,0,0,0,0,0,0,1
72897,0,0,0,0,0,0,0,0,1
72898,0,0,0,0,0,0,0,0,1
72899,0,0,0,0,0,0,0,0,1
72900,0,0,0,0,0,0,0,0,1
72901,0,0,0,0,0,0,0,0,1
72902,0,0,0,0,0,0,0,0,1
72903,0,0,0,0,0,0,0,0,1
72904,0,0,0,0,0,0,0,0,1
72905,0,0,0,0,0,0,0,0,1
72906,0,0,0,0,0,0,0,0,1
72907,0,0,0,0,0,0,0,0,1
72908,0,0,0,0,0,0,0,0,1
72909,0,0,0,0,0,0,0,0,1
72910,0,0,0,0,0,0,0,0,1
72911,0,0,0,0,0,0,0,0,1
72912,0,0,0,0,0,0,0,0,1
72913,0,0,0,0,0,0,0,0,1
72914,0,0,0,0,0,0,0,0,1
72915,0,0,0,0,0,0,0,0,1
72916,0,0,0,0,0,0,0,0,1
72917,0,0,0,0,0,0,0,0,1
72918,0,0,0,0,0,0,0,0,1
72919,0,0,0,0,0,0,0,0,1
72920,0,0,0,0,0,0,0,0,1
72921,0,0,0,0,0,0,0,0,1
72922,0,0,0,0,0,0,0,0,1
72923,0,0,0,0,0,0,0,0,1
72924,0,0,0,0,0,0,0,0,1
72925,0,0,0,0,0,0,0,0,1
72926,0,0,0,0,0,0,0,0,1
72927,0,0,0,0,0,0,0,0,1
72928,0,0,0,0,0,0,0,0,1
72929,0,0,0,0,0,0,0,0,1
72930,0,0,0,0,0,0,0,0,1
72931,0,0,0,0,0,0,0,0,1
72932,0,0,0,0,0,0,0,0,1
72933,0,0,0,0,0,0,0,0,1
72934,0,0,0,0,0,0,0,0,1
72935,0,0,0,0,0,0,0,0,1
72936,0,0,0,0,0,0,0,0,1
72937,0,0,0,0,0,0,0,0,1
72938,0,0,0,0,0,0,0,0,1
72939,0,0,0,0,0,0,0,0,1
72940,0,0,0,0,0,0,0,0,1
72941,0,0,0,0,0,0,0,0,1
72942,0,0,0,0,0,0,0,0,1
72943,0,0,0,0,0,0,0,0,1
72944,0,0,0,0,0,0,0,0,1
72945,0,0,0,0,0,0,0,0,1
72946,0,0,0,0,0,0,0,0,1
72947,0,0,0,0,0,0,0,0,1
72948,0,0,0,0,0,0,0,0,1
72949,0,0,0,0,0,0,0,0,1
72950,0,0,0,0,0,0,0,0,1
72951,0,0,0,0,0,0,0,0,1
72952,0,0,0,0,0,0,0,0,1
72953,0,0,0,0,0,0,0,0,1
72954,0,0,0,0,0,0,0,0,1
72955,0,0,0,0,0,0,0,0,1
72956,0,0,0,0,0,0,0,0,1
72957,0,0,0,0,0,0,0,0,1
72958,0,0,0,0,0,0,0,0,1
72959,0,0,0,0,0,0,0,0,1
72960,0,0,0,0,0,0,0,0,1
72961,0,0,0,0,0,0,0,0,1
72962,0,0,0,0,0,0,0,0,1
72963,0,0,0,0,0,0,0,0,1
72964,0,0,0,0,0,0,0,0,1
72965,0,0,0,0,0,0,0,0,1
72966,0,0,0,0,0,0,0,0,1
72967,0,0,0,0,0,0,0,0,1
72968,0,0,0,0,0,0,0,0,1
72969,0,0,0,0,0,0,0,0,1
72970,0,0,0,0,0,0,0,0,1
72971,0,0,0,0,0,0,0,0,1
72972,0,0,0,0,0,0,0,0,1
72973,0,0,0,0,0,0,0,0,1
72974,0,0,0,0,0,0,0,0,1
72975,0,0,0,0,0,0,0,0,1
72976,0,0,0,0,0,0,0,0,1
72977,0,0,0,0,0,0,0,0,1
72978,0,0,0,0,0,0,0,0,1
72979,0,0,0,0,0,0,0,0,1
72980,0,0,0,0,0,0,0,0,1
72981,0,0,0,0,0,0,0,0,1
72982,0,0,0,0,0,0,0,0,1
72983,0,0,0,0,0,0,0,0,1
72984,0,0,0,0,0,0,0,0,1
72985,0,0,0,0,0,0,0,0,1
72986,0,0,0,0,0,0,0,0,1
72987,0,0,0,0,0,0,0,0,1
72988,0,0,0,0,0,0,0,0,1
72989,0,0,0,0,0,0,0,0,1
72990,0,0,0,0,0,0,0,0,1
72991,0,0,0,0,0,0,0,0,1
72992,0,0,0,0,0,0,0,0,1
72993,0,0,0,0,0,0,0,0,1
72994,0,0,0,0,0,0,0,0,1
72995,0,0,0,0,0,0,0,0,1
72996,0,0,0,0,0,0,0,0,1
72997,0,0,0,0,0,0,0,0,1
72998,0,0,0,0,0,0,0,0,1
72999,0,0,0,0,0,0,0,0,1
73000,0,0,0,0,0,0,0,0,1
73001,0,0,0,0,0,0,0,0,1
73002,0,0,0,0,0,0,0,0,1
73003,0,0,0,0,0,0,0,0,1
73004,0,0,0,0,0,0,0,0,1
73005,0,0,0,0,0,0,0,0,1
73006,0,0,0,0,0,0,0,0,1
73007,0,0,0,0,0,0,0,0,1
73008,0,0,0,0,0,0,0,0,1
73009,0,0,0,0,0,0,0,0,1
73010,0,0,0,0,0,0,0,0,1
73011,0,0,0,0,0,0,0,0,1
73012,0,0,0,0,0,0,0,0,1
73013,0,0,0,0,0,0,0,0,1
73014,0,0,0,0,0,0,0,0,1
73015,0,0,0,0,0,0,0,0,1
73016,0,0,0,0,0,0,0,0,1
73017,0,0,0,0,0,0,0,0,1
73018,0,0,0,0,0,0,0,0,1
73019,0,0,0,0,0,0,0,0,1
73020,0,0,0,0,0,0,0,0,1
73021,0,0,0,0,0,0,0,0,1
73022,0,0,0,0,0,0,0,0,1
73023,0,0,0,0,0,0,0,0,1
73024,0,0,0,0,0,0,0,0,1
73025,0,0,0,0,0,0,0,0,1
73026,0,0,0,0,0,0,0,0,1
73027,0,0,0,0,0,0,0,0,1
73028,0,0,0,0,0,0,0,0,1
73029,0,0,0,0,0,0,0,0,1
73030,0,0,0,0,0,0,0,0,1
73031,0,0,0,0,0,0,0,0,1
73032,0,0,0,0,0,0,0,0,1
73033,0,0,0,0,0,0,0,0,1
73034,0,0,0,0,0,0,0,0,1
73035,0,0,0,0,0,0,0,0,1
73036,0,0,0,0,0,0,0,0,1
73037,0,0,0,0,0,0,0,0,1
73038,0,0,0,0,0,0,0,0,1
73039,0,0,0,0,0,0,0,0,1
73040,0,0,0,0,0,0,0,0,1
73041,0,0,0,0,0,0,0,0,1
73042,0,0,0,0,0,0,0,0,1
73043,0,0,0,0,0,0,0,0,1
73044,0,0,0,0,0,0,0,0,1
73045,0,0,0,0,0,0,0,0,1
73046,0,0,0,0,0,0,0,0,1
73047,0,0,0,0,0,0,0,0,1
73048,0,0,0,0,0,0,0,0,1
73049,0,0,0,0,0,0,0,0,1
73050,0,0,0,0,0,0,0,0,1
73051,0,0,0,0,0,0,0,0,1
73052,0,0,0,0,0,0,0,0,1
73053,0,0,0,0,0,0,0,0,1
73054,0,0,0,0,0,0,0,0,1
73055,0,0,0,0,0,0,0,0,1
73056,0,0,0,0,0,0,0,0,1
73057,0,0,0,0,0,0,0,0,1
73058,0,0,0,0,0,0,0,0,1
73059,0,0,0,0,0,0,0,0,1
73060,0,0,0,0,0,0,0,0,1
73061,0,0,0,0,0,0,0,0,1
73062,0,0,0,0,0,0,0,0,1
73063,0,0,0,0,0,0,0,0,1
73064,0,0,0,0,0,0,0,0,1
73065,0,0,0,0,0,0,0,0,1
73066,0,0,0,0,0,0,0,0,1
73067,0,0,0,0,0,0,0,0,1
73068,0,0,0,0,0,0,0,0,1
73069,0,0,0,0,0,0,0,0,1
73070,0,0,0,0,0,0,0,0,1
73071,0,0,0,0,0,0,0,0,1
73072,0,0,0,0,0,0,0,0,1
73073,0,0,0,0,0,0,0,0,1
73074,0,0,0,0,0,0,0,0,1
73075,0,0,0,0,0,0,0,0,1
73076,0,0,0,0,0,0,0,0,1
73077,0,0,0,0,0,0,0,0,1
73078,0,0,0,0,0,0,0,0,1
73079,0,0,0,0,0,0,0,0,1
73080,0,0,0,0,0,0,0,0,1
73081,0,0,0,0,0,0,0,0,1
73082,0,0,0,0,0,0,0,0,1
73083,0,0,0,0,0,0,0,0,1
73084,0,0,0,0,0,0,0,0,1
73085,0,0,0,0,0,0,0,0,1
73086,0,0,0,0,0,0,0,0,1
73087,0,0,0,0,0,0,0,0,1
73088,0,0,0,0,0,0,0,0,1
73089,0,0,0,0,0,0,0,0,1
73090,0,0,0,0,0,0,0,0,1
73091,0,0,0,0,0,0,0,0,1
73092,0,0,0,0,0,0,0,0,1
73093,0,0,0,0,0,0,0,0,1
73094,0,0,0,0,0,0,0,0,1
73095,0,0,0,0,0,0,0,0,1
73096,0,0,0,0,0,0,0,0,1
73097,0,0,0,0,0,0,0,0,1
73098,0,0,0,0,0,0,0,0,1
73099,0,0,0,0,0,0,0,0,1
73100,0,0,0,0,0,0,0,0,1
73101,0,0,0,0,0,0,0,0,1
73102,0,0,0,0,0,0,0,0,1
73103,0,0,0,0,0,0,0,0,1
73104,0,0,0,0,0,0,0,0,1
73105,0,0,0,0,0,0,0,0,1
73106,0,0,0,0,0,0,0,0,1
73107,0,0,0,0,0,0,0,0,1
73108,0,0,0,0,0,0,0,0,1
73109,0,0,0,0,0,0,0,0,1
73110,0,0,0,0,0,0,0,0,1
73111,0,0,0,0,0,0,0,0,1
73112,0,0,0,0,0,0,0,0,1
73113,0,0,0,0,0,0,0,0,1
73114,0,0,0,0,0,0,0,0,1
73115,0,0,0,0,0,0,0,0,1
73116,0,0,0,0,0,0,0,0,1
73117,0,0,0,0,0,0,0,0,1
73118,0,0,0,0,0,0,0,0,1
73119,0,0,0,0,0,0,0,0,1
73120,0,0,0,0,0,0,0,0,1
73121,0,0,0,0,0,0,0,0,1
73122,0,0,0,0,0,0,0,0,1
73123,0,0,0,0,0,0,0,0,1
73124,0,0,0,0,0,0,0,0,1
73125,0,0,0,0,0,0,0,0,1
73126,0,0,0,0,0,0,0,0,1
73127,0,0,0,0,0,0,0,0,1
73128,0,0,0,0,0,0,0,0,1
73129,0,0,0,0,0,0,0,0,1
73130,0,0,0,0,0,0,0,0,1
73131,0,0,0,0,0,0,0,0,1
73132,0,0,0,0,0,0,0,0,1
73133,0,0,0,0,0,0,0,0,1
73134,0,0,0,0,0,0,0,0,1
73135,0,0,0,0,0,0,0,0,1
73136,0,0,0,0,0,0,0,0,1
73137,0,0,0,0,0,0,0,0,1
73138,0,0,0,0,0,0,0,0,1
73139,0,0,0,0,0,0,0,0,1
73140,0,0,0,0,0,0,0,0,1
73141,0,0,0,0,0,0,0,0,1
73142,0,0,0,0,0,0,0,0,1
73143,0,0,0,0,0,0,0,0,1
73144,0,0,0,0,0,0,0,0,1
73145,0,0,0,0,0,0,0,0,1
73146,0,0,0,0,0,0,0,0,1
73147,0,0,0,0,0,0,0,0,1
73148,0,0,0,0,0,0,0,0,1
73149,0,0,0,0,0,0,0,0,1
73150,0,0,0,0,0,0,0,0,1
73151,0,0,0,0,0,0,0,0,1
73152,0,0,0,0,0,0,0,0,1
73153,0,0,0,0,0,0,0,0,1
73154,0,0,0,0,0,0,0,0,1
73155,0,0,0,0,0,0,0,0,1
73156,0,0,0,0,0,0,0,0,1
73157,0,0,0,0,0,0,0,0,1
73158,0,0,0,0,0,0,0,0,1
73159,0,0,0,0,0,0,0,0,1
73160,0,0,0,0,0,0,0,0,1
73161,0,0,0,0,0,0,0,0,1
73162,0,0,0,0,0,0,0,0,1
73163,0,0,0,0,0,0,0,0,1
73164,0,0,0,0,0,0,0,0,1
73165,0,0,0,0,0,0,0,0,1
73166,0,0,0,0,0,0,0,0,1
73167,0,0,0,0,0,0,0,0,1
73168,0,0,0,0,0,0,0,0,1
73169,0,0,0,0,0,0,0,0,1
73170,0,0,0,0,0,0,0,0,1
73171,0,0,0,0,0,0,0,0,1
73172,0,0,0,0,0,0,0,0,1
73173,0,0,0,0,0,0,0,0,1
73174,0,0,0,0,0,0,0,0,1
73175,0,0,0,0,0,0,0,0,1
73176,0,0,0,0,0,0,0,0,1
73177,0,0,0,0,0,0,0,0,1
73178,0,0,0,0,0,0,0,0,1
73179,0,0,0,0,0,0,0,0,1
73180,0,0,0,0,0,0,0,0,1
73181,0,0,0,0,0,0,0,0,1
73182,0,0,0,0,0,0,0,0,1
73183,0,0,0,0,0,0,0,0,1
73184,0,0,0,0,0,0,0,0,1
73185,0,0,0,0,0,0,0,0,1
73186,0,0,0,0,0,0,0,0,1
73187,0,0,0,0,0,0,0,0,1
73188,0,0,0,0,0,0,0,0,1
73189,0,0,0,0,0,0,0,0,1
73190,0,0,0,0,0,0,0,0,1
73191,0,0,0,0,0,0,0,0,1
73192,0,0,0,0,0,0,0,0,1
73193,0,0,0,0,0,0,0,0,1
73194,0,0,0,0,0,0,0,0,1
73195,0,0,0,0,0,0,0,0,1
73196,0,0,0,0,0,0,0,0,1
73197,0,0,0,0,0,0,0,0,1
73198,0,0,0,0,0,0,0,0,1
73199,0,0,0,0,0,0,0,0,1
73200,0,0,0,0,0,0,0,0,1
73201,0,0,0,0,0,0,0,0,1
73202,0,0,0,0,0,0,0,0,1
73203,0,0,0,0,0,0,0,0,1
73204,0,0,0,0,0,0,0,0,1
73205,0,0,0,0,0,0,0,0,1
73206,0,0,0,0,0,0,0,0,1
73207,0,0,0,0,0,0,0,0,1
73208,0,0,0,0,0,0,0,0,1
73209,0,0,0,0,0,0,0,0,1
73210,0,0,0,0,0,0,0,0,1
73211,0,0,0,0,0,0,0,0,1
73212,0,0,0,0,0,0,0,0,1
73213,0,0,0,0,0,0,0,0,1
73214,0,0,0,0,0,0,0,0,1
73215,0,0,0,0,0,0,0,0,1
73216,0,0,0,0,0,0,0,0,1
73217,0,0,0,0,0,0,0,0,1
73218,0,0,0,0,0,0,0,0,1
73219,0,0,0,0,0,0,0,0,1
73220,0,0,0,0,0,0,0,0,1
73221,0,0,0,0,0,0,0,0,1
73222,0,0,0,0,0,0,0,0,1
73223,0,0,0,0,0,0,0,0,1
73224,0,0,0,0,0,0,0,0,1
73225,0,0,0,0,0,0,0,0,1
73226,0,0,0,0,0,0,0,0,1
73227,0,0,0,0,0,0,0,0,1
73228,0,0,0,0,0,0,0,0,1
73229,0,0,0,0,0,0,0,0,1
73230,0,0,0,0,0,0,0,0,1
73231,0,0,0,0,0,0,0,0,1
73232,0,0,0,0,0,0,0,0,1
73233,0,0,0,0,0,0,0,0,1
73234,0,0,0,0,0,0,0,0,1
73235,0,0,0,0,0,0,0,0,1
73236,0,0,0,0,0,0,0,0,1
73237,0,0,0,0,0,0,0,0,1
73238,0,0,0,0,0,0,0,0,1
73239,0,0,0,0,0,0,0,0,1
73240,0,0,0,0,0,0,0,0,1
73241,0,0,0,0,0,0,0,0,1
73242,0,0,0,0,0,0,0,0,1
73243,0,0,0,0,0,0,0,0,1
73244,0,0,0,0,0,0,0,0,1
73245,0,0,0,0,0,0,0,0,1
73246,0,0,0,0,0,0,0,0,1
73247,0,0,0,0,0,0,0,0,1
73248,0,0,0,0,0,0,0,0,1
73249,0,0,0,0,0,0,0,0,1
73250,0,0,0,0,0,0,0,0,1
73251,0,0,0,0,0,0,0,0,1
73252,0,0,0,0,0,0,0,0,1
73253,0,0,0,0,0,0,0,0,1
73254,0,0,0,0,0,0,0,0,1
73255,0,0,0,0,0,0,0,0,1
73256,0,0,0,0,0,0,0,0,1
73257,0,0,0,0,0,0,0,0,1
73258,0,0,0,0,0,0,0,0,1
73259,0,0,0,0,0,0,0,0,1
73260,0,0,0,0,0,0,0,0,1
73261,0,0,0,0,0,0,0,0,1
73262,0,0,0,0,0,0,0,0,1
73263,0,0,0,0,0,0,0,0,1
73264,0,0,0,0,0,0,0,0,1
73265,0,0,0,0,0,0,0,0,1
73266,0,0,0,0,0,0,0,0,1
73267,0,0,0,0,0,0,0,0,1
73268,0,0,0,0,0,0,0,0,1
73269,0,0,0,0,0,0,0,0,1
73270,0,0,0,0,0,0,0,0,1
73271,0,0,0,0,0,0,0,0,1
73272,0,0,0,0,0,0,0,0,1
73273,0,0,0,0,0,0,0,0,1
73274,0,0,0,0,0,0,0,0,1
73275,0,0,0,0,0,0,0,0,1
73276,0,0,0,0,0,0,0,0,1
73277,0,0,0,0,0,0,0,0,1
73278,0,0,0,0,0,0,0,0,1
73279,0,0,0,0,0,0,0,0,1
73280,0,0,0,0,0,0,0,0,1
73281,0,0,0,0,0,0,0,0,1
73282,0,0,0,0,0,0,0,0,1
73283,0,0,0,0,0,0,0,0,1
73284,0,0,0,0,0,0,0,0,1
73285,0,0,0,0,0,0,0,0,1
73286,0,0,0,0,0,0,0,0,1
73287,0,0,0,0,0,0,0,0,1
73288,0,0,0,0,0,0,0,0,1
73289,0,0,0,0,0,0,0,0,1
73290,0,0,0,0,0,0,0,0,1
73291,0,0,0,0,0,0,0,0,1
73292,0,0,0,0,0,0,0,0,1
73293,0,0,0,0,0,0,0,0,1
73294,0,0,0,0,0,0,0,0,1
73295,0,0,0,0,0,0,0,0,1
73296,0,0,0,0,0,0,0,0,1
73297,0,0,0,0,0,0,0,0,1
73298,0,0,0,0,0,0,0,0,1
73299,0,0,0,0,0,0,0,0,1
73300,0,0,0,0,0,0,0,0,1
73301,0,0,0,0,0,0,0,0,1
73302,0,0,0,0,0,0,0,0,1
73303,0,0,0,0,0,0,0,0,1
73304,0,0,0,0,0,0,0,0,1
73305,0,0,0,0,0,0,0,0,1
73306,0,0,0,0,0,0,0,0,1
73307,0,0,0,0,0,0,0,0,1
73308,0,0,0,0,0,0,0,0,1
73309,0,0,0,0,0,0,0,0,1
73310,0,0,0,0,0,0,0,0,1
73311,0,0,0,0,0,0,0,0,1
73312,0,0,0,0,0,0,0,0,1
73313,0,0,0,0,0,0,0,0,1
73314,0,0,0,0,0,0,0,0,1
73315,0,0,0,0,0,0,0,0,1
73316,0,0,0,0,0,0,0,0,1
73317,0,0,0,0,0,0,0,0,1
73318,0,0,0,0,0,0,0,0,1
73319,0,0,0,0,0,0,0,0,1
73320,0,0,0,0,0,0,0,0,1
73321,0,0,0,0,0,0,0,0,1
73322,0,0,0,0,0,0,0,0,1
73323,0,0,0,0,0,0,0,0,1
73324,0,0,0,0,0,0,0,0,1
73325,0,0,0,0,0,0,0,0,1
73326,0,0,0,0,0,0,0,0,1
73327,0,0,0,0,0,0,0,0,1
73328,0,0,0,0,0,0,0,0,1
73329,0,0,0,0,0,0,0,0,1
73330,0,0,0,0,0,0,0,0,1
73331,0,0,0,0,0,0,0,0,1
73332,0,0,0,0,0,0,0,0,1
73333,0,0,0,0,0,0,0,0,1
73334,0,0,0,0,0,0,0,0,1
73335,0,0,0,0,0,0,0,0,1
73336,0,0,0,0,0,0,0,0,1
73337,0,0,0,0,0,0,0,0,1
73338,0,0,0,0,0,0,0,0,1
73339,0,0,0,0,0,0,0,0,1
73340,0,0,0,0,0,0,0,0,1
73341,0,0,0,0,0,0,0,0,1
73342,0,0,0,0,0,0,0,0,1
73343,0,0,0,0,0,0,0,0,1
73344,0,0,0,0,0,0,0,0,1
73345,0,0,0,0,0,0,0,0,1
73346,0,0,0,0,0,0,0,0,1
73347,0,0,0,0,0,0,0,0,1
73348,0,0,0,0,0,0,0,0,1
73349,0,0,0,0,0,0,0,0,1
73350,0,0,0,0,0,0,0,0,1
73351,0,0,0,0,0,0,0,0,1
73352,0,0,0,0,0,0,0,0,1
73353,0,0,0,0,0,0,0,0,1
73354,0,0,0,0,0,0,0,0,1
73355,0,0,0,0,0,0,0,0,1
73356,0,0,0,0,0,0,0,0,1
73357,0,0,0,0,0,0,0,0,1
73358,0,0,0,0,0,0,0,0,1
73359,0,0,0,0,0,0,0,0,1
73360,0,0,0,0,0,0,0,0,1
73361,0,0,0,0,0,0,0,0,1
73362,0,0,0,0,0,0,0,0,1
73363,0,0,0,0,0,0,0,0,1
73364,0,0,0,0,0,0,0,0,1
73365,0,0,0,0,0,0,0,0,1
73366,0,0,0,0,0,0,0,0,1
73367,0,0,0,0,0,0,0,0,1
73368,0,0,0,0,0,0,0,0,1
73369,0,0,0,0,0,0,0,0,1
73370,0,0,0,0,0,0,0,0,1
73371,0,0,0,0,0,0,0,0,1
73372,0,0,0,0,0,0,0,0,1
73373,0,0,0,0,0,0,0,0,1
73374,0,0,0,0,0,0,0,0,1
73375,0,0,0,0,0,0,0,0,1
73376,0,0,0,0,0,0,0,0,1
73377,0,0,0,0,0,0,0,0,1
73378,0,0,0,0,0,0,0,0,1
73379,0,0,0,0,0,0,0,0,1
73380,0,0,0,0,0,0,0,0,1
73381,0,0,0,0,0,0,0,0,1
73382,0,0,0,0,0,0,0,0,1
73383,0,0,0,0,0,0,0,0,1
73384,0,0,0,0,0,0,0,0,1
73385,0,0,0,0,0,0,0,0,1
73386,0,0,0,0,0,0,0,0,1
73387,0,0,0,0,0,0,0,0,1
73388,0,0,0,0,0,0,0,0,1
73389,0,0,0,0,0,0,0,0,1
73390,0,0,0,0,0,0,0,0,1
73391,0,0,0,0,0,0,0,0,1
73392,0,0,0,0,0,0,0,0,1
73393,0,0,0,0,0,0,0,0,1
73394,0,0,0,0,0,0,0,0,1
73395,0,0,0,0,0,0,0,0,1
73396,0,0,0,0,0,0,0,0,1
73397,0,0,0,0,0,0,0,0,1
73398,0,0,0,0,0,0,0,0,1
73399,0,0,0,0,0,0,0,0,1
73400,0,0,0,0,0,0,0,0,1
73401,0,0,0,0,0,0,0,0,1
73402,0,0,0,0,0,0,0,0,1
73403,0,0,0,0,0,0,0,0,1
73404,0,0,0,0,0,0,0,0,1
73405,0,0,0,0,0,0,0,0,1
73406,0,0,0,0,0,0,0,0,1
73407,0,0,0,0,0,0,0,0,1
73408,0,0,0,0,0,0,0,0,1
73409,0,0,0,0,0,0,0,0,1
73410,0,0,0,0,0,0,0,0,1
73411,0,0,0,0,0,0,0,0,1
73412,0,0,0,0,0,0,0,0,1
73413,0,0,0,0,0,0,0,0,1
73414,0,0,0,0,0,0,0,0,1
73415,0,0,0,0,0,0,0,0,1
73416,0,0,0,0,0,0,0,0,1
73417,0,0,0,0,0,0,0,0,1
73418,0,0,0,0,0,0,0,0,1
73419,0,0,0,0,0,0,0,0,1
73420,0,0,0,0,0,0,0,0,1
73421,0,0,0,0,0,0,0,0,1
73422,0,0,0,0,0,0,0,0,1
73423,0,0,0,0,0,0,0,0,1
73424,0,0,0,0,0,0,0,0,1
73425,0,0,0,0,0,0,0,0,1
73426,0,0,0,0,0,0,0,0,1
73427,0,0,0,0,0,0,0,0,1
73428,0,0,0,0,0,0,0,0,1
73429,0,0,0,0,0,0,0,0,1
73430,0,0,0,0,0,0,0,0,1
73431,0,0,0,0,0,0,0,0,1
73432,0,0,0,0,0,0,0,0,1
73433,0,0,0,0,0,0,0,0,1
73434,0,0,0,0,0,0,0,0,1
73435,0,0,0,0,0,0,0,0,1
73436,0,0,0,0,0,0,0,0,1
73437,0,0,0,0,0,0,0,0,1
73438,0,0,0,0,0,0,0,0,1
73439,0,0,0,0,0,0,0,0,1
73440,0,0,0,0,0,0,0,0,1
73441,0,0,0,0,0,0,0,0,1
73442,0,0,0,0,0,0,0,0,1
73443,0,0,0,0,0,0,0,0,1
73444,0,0,0,0,0,0,0,0,1
73445,0,0,0,0,0,0,0,0,1
73446,0,0,0,0,0,0,0,0,1
73447,0,0,0,0,0,0,0,0,1
73448,0,0,0,0,0,0,0,0,1
73449,0,0,0,0,0,0,0,0,1
73450,0,0,0,0,0,0,0,0,1
73451,0,0,0,0,0,0,0,0,1
73452,0,0,0,0,0,0,0,0,1
73453,0,0,0,0,0,0,0,0,1
73454,0,0,0,0,0,0,0,0,1
73455,0,0,0,0,0,0,0,0,1
73456,0,0,0,0,0,0,0,0,1
73457,0,0,0,0,0,0,0,0,1
73458,0,0,0,0,0,0,0,0,1
73459,0,0,0,0,0,0,0,0,1
73460,0,0,0,0,0,0,0,0,1
73461,0,0,0,0,0,0,0,0,1
73462,0,0,0,0,0,0,0,0,1
73463,0,0,0,0,0,0,0,0,1
73464,0,0,0,0,0,0,0,0,1
73465,0,0,0,0,0,0,0,0,1
73466,0,0,0,0,0,0,0,0,1
73467,0,0,0,0,0,0,0,0,1
73468,0,0,0,0,0,0,0,0,1
73469,0,0,0,0,0,0,0,0,1
73470,0,0,0,0,0,0,0,0,1
73471,0,0,0,0,0,0,0,0,1
73472,0,0,0,0,0,0,0,0,1
73473,0,0,0,0,0,0,0,0,1
73474,0,0,0,0,0,0,0,0,1
73475,0,0,0,0,0,0,0,0,1
73476,0,0,0,0,0,0,0,0,1
73477,0,0,0,0,0,0,0,0,1
73478,0,0,0,0,0,0,0,0,1
73479,0,0,0,0,0,0,0,0,1
73480,0,0,0,0,0,0,0,0,1
73481,0,0,0,0,0,0,0,0,1
73482,0,0,0,0,0,0,0,0,1
73483,0,0,0,0,0,0,0,0,1
73484,0,0,0,0,0,0,0,0,1
73485,0,0,0,0,0,0,0,0,1
73486,0,0,0,0,0,0,0,0,1
73487,0,0,0,0,0,0,0,0,1
73488,0,0,0,0,0,0,0,0,1
73489,0,0,0,0,0,0,0,0,1
73490,0,0,0,0,0,0,0,0,1
73491,0,0,0,0,0,0,0,0,1
73492,0,0,0,0,0,0,0,0,1
73493,0,0,0,0,0,0,0,0,1
73494,0,0,0,0,0,0,0,0,1
73495,0,0,0,0,0,0,0,0,1
73496,0,0,0,0,0,0,0,0,1
73497,0,0,0,0,0,0,0,0,1
73498,0,0,0,0,0,0,0,0,1
73499,0,0,0,0,0,0,0,0,1
73500,0,0,0,0,0,0,0,0,1
73501,0,0,0,0,0,0,0,0,1
73502,0,0,0,0,0,0,0,0,1
73503,0,0,0,0,0,0,0,0,1
73504,0,0,0,0,0,0,0,0,1
73505,0,0,0,0,0,0,0,0,1
73506,0,0,0,0,0,0,0,0,1
73507,0,0,0,0,0,0,0,0,1
73508,0,0,0,0,0,0,0,0,1
73509,0,0,0,0,0,0,0,0,1
73510,0,0,0,0,0,0,0,0,1
73511,0,0,0,0,0,0,0,0,1
73512,0,0,0,0,0,0,0,0,1
73513,0,0,0,0,0,0,0,0,1
73514,0,0,0,0,0,0,0,0,1
73515,0,0,0,0,0,0,0,0,1
73516,0,0,0,0,0,0,0,0,1
73517,0,0,0,0,0,0,0,0,1
73518,0,0,0,0,0,0,0,0,1
73519,0,0,0,0,0,0,0,0,1
73520,0,0,0,0,0,0,0,0,1
73521,0,0,0,0,0,0,0,0,1
73522,0,0,0,0,0,0,0,0,1
73523,0,0,0,0,0,0,0,0,1
73524,0,0,0,0,0,0,0,0,1
73525,0,0,0,0,0,0,0,0,1
73526,0,0,0,0,0,0,0,0,1
73527,0,0,0,0,0,0,0,0,1
73528,0,0,0,0,0,0,0,0,1
73529,0,0,0,0,0,0,0,0,1
73530,0,0,0,0,0,0,0,0,1
73531,0,0,0,0,0,0,0,0,1
73532,0,0,0,0,0,0,0,0,1
73533,0,0,0,0,0,0,0,0,1
73534,0,0,0,0,0,0,0,0,1
73535,0,0,0,0,0,0,0,0,1
73536,0,0,0,0,0,0,0,0,1
73537,0,0,0,0,0,0,0,0,1
73538,0,0,0,0,0,0,0,0,1
73539,0,0,0,0,0,0,0,0,1
73540,0,0,0,0,0,0,0,0,1
73541,0,0,0,0,0,0,0,0,1
73542,0,0,0,0,0,0,0,0,1
73543,0,0,0,0,0,0,0,0,1
73544,0,0,0,0,0,0,0,0,1
73545,0,0,0,0,0,0,0,0,1
73546,0,0,0,0,0,0,0,0,1
73547,0,0,0,0,0,0,0,0,1
73548,0,0,0,0,0,0,0,0,1
73549,0,0,0,0,0,0,0,0,1
73550,0,0,0,0,0,0,0,0,1
73551,0,0,0,0,0,0,0,0,1
73552,0,0,0,0,0,0,0,0,1
73553,0,0,0,0,0,0,0,0,1
73554,0,0,0,0,0,0,0,0,1
73555,0,0,0,0,0,0,0,0,1
73556,0,0,0,0,0,0,0,0,1
73557,0,0,0,0,0,0,0,0,1
73558,0,0,0,0,0,0,0,0,1
73559,0,0,0,0,0,0,0,0,1
73560,0,0,0,0,0,0,0,0,1
73561,0,0,0,0,0,0,0,0,1
73562,0,0,0,0,0,0,0,0,1
73563,0,0,0,0,0,0,0,0,1
73564,0,0,0,0,0,0,0,0,1
73565,0,0,0,0,0,0,0,0,1
73566,0,0,0,0,0,0,0,0,1
73567,0,0,0,0,0,0,0,0,1
73568,0,0,0,0,0,0,0,0,1
73569,0,0,0,0,0,0,0,0,1
73570,0,0,0,0,0,0,0,0,1
73571,0,0,0,0,0,0,0,0,1
73572,0,0,0,0,0,0,0,0,1
73573,0,0,0,0,0,0,0,0,1
73574,0,0,0,0,0,0,0,0,1
73575,0,0,0,0,0,0,0,0,1
73576,0,0,0,0,0,0,0,0,1
73577,0,0,0,0,0,0,0,0,1
73578,0,0,0,0,0,0,0,0,1
73579,0,0,0,0,0,0,0,0,1
73580,0,0,0,0,0,0,0,0,1
73581,0,0,0,0,0,0,0,0,1
73582,0,0,0,0,0,0,0,0,1
73583,0,0,0,0,0,0,0,0,1
73584,0,0,0,0,0,0,0,0,1
73585,0,0,0,0,0,0,0,0,1
73586,0,0,0,0,0,0,0,0,1
73587,0,0,0,0,0,0,0,0,1
73588,0,0,0,0,0,0,0,0,1
73589,0,0,0,0,0,0,0,0,1
73590,0,0,0,0,0,0,0,0,1
73591,0,0,0,0,0,0,0,0,1
73592,0,0,0,0,0,0,0,0,1
73593,0,0,0,0,0,0,0,0,1
73594,0,0,0,0,0,0,0,0,1
73595,0,0,0,0,0,0,0,0,1
73596,0,0,0,0,0,0,0,0,1
73597,0,0,0,0,0,0,0,0,1
73598,0,0,0,0,0,0,0,0,1
73599,0,0,0,0,0,0,0,0,1
73600,0,0,0,0,0,0,0,0,1
73601,0,0,0,0,0,0,0,0,1
73602,0,0,0,0,0,0,0,0,1
73603,0,0,0,0,0,0,0,0,1
73604,0,0,0,0,0,0,0,0,1
73605,0,0,0,0,0,0,0,0,1
73606,0,0,0,0,0,0,0,0,1
73607,0,0,0,0,0,0,0,0,1
73608,0,0,0,0,0,0,0,0,1
73609,0,0,0,0,0,0,0,0,1
73610,0,0,0,0,0,0,0,0,1
73611,0,0,0,0,0,0,0,0,1
73612,0,0,0,0,0,0,0,0,1
73613,0,0,0,0,0,0,0,0,1
73614,0,0,0,0,0,0,0,0,1
73615,0,0,0,0,0,0,0,0,1
73616,0,0,0,0,0,0,0,0,1
73617,0,0,0,0,0,0,0,0,1
73618,0,0,0,0,0,0,0,0,1
73619,0,0,0,0,0,0,0,0,1
73620,0,0,0,0,0,0,0,0,1
73621,0,0,0,0,0,0,0,0,1
73622,0,0,0,0,0,0,0,0,1
73623,0,0,0,0,0,0,0,0,1
73624,0,0,0,0,0,0,0,0,1
73625,0,0,0,0,0,0,0,0,1
73626,0,0,0,0,0,0,0,0,1
73627,0,0,0,0,0,0,0,0,1
73628,0,0,0,0,0,0,0,0,1
73629,0,0,0,0,0,0,0,0,1
73630,0,0,0,0,0,0,0,0,1
73631,0,0,0,0,0,0,0,0,1
73632,0,0,0,0,0,0,0,0,1
73633,0,0,0,0,0,0,0,0,1
73634,0,0,0,0,0,0,0,0,1
73635,0,0,0,0,0,0,0,0,1
73636,0,0,0,0,0,0,0,0,1
73637,0,0,0,0,0,0,0,0,1
73638,0,0,0,0,0,0,0,0,1
73639,0,0,0,0,0,0,0,0,1
73640,0,0,0,0,0,0,0,0,1
73641,0,0,0,0,0,0,0,0,1
73642,0,0,0,0,0,0,0,0,1
73643,0,0,0,0,0,0,0,0,1
73644,0,0,0,0,0,0,0,0,1
73645,0,0,0,0,0,0,0,0,1
73646,0,0,0,0,0,0,0,0,1
73647,0,0,0,0,0,0,0,0,1
73648,0,0,0,0,0,0,0,0,1
73649,0,0,0,0,0,0,0,0,1
73650,0,0,0,0,0,0,0,0,1
73651,0,0,0,0,0,0,0,0,1
73652,0,0,0,0,0,0,0,0,1
73653,0,0,0,0,0,0,0,0,1
73654,0,0,0,0,0,0,0,0,1
73655,0,0,0,0,0,0,0,0,1
73656,0,0,0,0,0,0,0,0,1
73657,0,0,0,0,0,0,0,0,1
73658,0,0,0,0,0,0,0,0,1
73659,0,0,0,0,0,0,0,0,1
73660,0,0,0,0,0,0,0,0,1
73661,0,0,0,0,0,0,0,0,1
73662,0,0,0,0,0,0,0,0,1
73663,0,0,0,0,0,0,0,0,1
73664,0,0,0,0,0,0,0,0,1
73665,0,0,0,0,0,0,0,0,1
73666,0,0,0,0,0,0,0,0,1
73667,0,0,0,0,0,0,0,0,1
73668,0,0,0,0,0,0,0,0,1
73669,0,0,0,0,0,0,0,0,1
73670,0,0,0,0,0,0,0,0,1
73671,0,0,0,0,0,0,0,0,1
73672,0,0,0,0,0,0,0,0,1
73673,0,0,0,0,0,0,0,0,1
73674,0,0,0,0,0,0,0,0,1
73675,0,0,0,0,0,0,0,0,1
73676,0,0,0,0,0,0,0,0,1
73677,0,0,0,0,0,0,0,0,1
73678,0,0,0,0,0,0,0,0,1
73679,0,0,0,0,0,0,0,0,1
73680,0,0,0,0,0,0,0,0,1
73681,0,0,0,0,0,0,0,0,1
73682,0,0,0,0,0,0,0,0,1
73683,0,0,0,0,0,0,0,0,1
73684,0,0,0,0,0,0,0,0,1
73685,0,0,0,0,0,0,0,0,1
73686,0,0,0,0,0,0,0,0,1
73687,0,0,0,0,0,0,0,0,1
73688,0,0,0,0,0,0,0,0,1
73689,0,0,0,0,0,0,0,0,1
73690,0,0,0,0,0,0,0,0,1
73691,0,0,0,0,0,0,0,0,1
73692,0,0,0,0,0,0,0,0,1
73693,0,0,0,0,0,0,0,0,1
73694,0,0,0,0,0,0,0,0,1
73695,0,0,0,0,0,0,0,0,1
73696,0,0,0,0,0,0,0,0,1
73697,0,0,0,0,0,0,0,0,1
73698,0,0,0,0,0,0,0,0,1
73699,0,0,0,0,0,0,0,0,1
73700,0,0,0,0,0,0,0,0,1
73701,0,0,0,0,0,0,0,0,1
73702,0,0,0,0,0,0,0,0,1
73703,0,0,0,0,0,0,0,0,1
73704,0,0,0,0,0,0,0,0,1
73705,0,0,0,0,0,0,0,0,1
73706,0,0,0,0,0,0,0,0,1
73707,0,0,0,0,0,0,0,0,1
73708,0,0,0,0,0,0,0,0,1
73709,0,0,0,0,0,0,0,0,1
73710,0,0,0,0,0,0,0,0,1
73711,0,0,0,0,0,0,0,0,1
73712,0,0,0,0,0,0,0,0,1
73713,0,0,0,0,0,0,0,0,1
73714,0,0,0,0,0,0,0,0,1
73715,0,0,0,0,0,0,0,0,1
73716,0,0,0,0,0,0,0,0,1
73717,0,0,0,0,0,0,0,0,1
73718,0,0,0,0,0,0,0,0,1
73719,0,0,0,0,0,0,0,0,1
73720,0,0,0,0,0,0,0,0,1
73721,0,0,0,0,0,0,0,0,1
73722,0,0,0,0,0,0,0,0,1
73723,0,0,0,0,0,0,0,0,1
73724,0,0,0,0,0,0,0,0,1
73725,0,0,0,0,0,0,0,0,1
73726,0,0,0,0,0,0,0,0,1
73727,0,0,0,0,0,0,0,0,1
73728,0,0,0,0,0,0,0,0,1
73729,0,0,0,0,0,0,0,0,1
73730,0,0,0,0,0,0,0,0,1
73731,0,0,0,0,0,0,0,0,1
73732,0,0,0,0,0,0,0,0,1
73733,0,0,0,0,0,0,0,0,1
73734,0,0,0,0,0,0,0,0,1
73735,0,0,0,0,0,0,0,0,1
73736,0,0,0,0,0,0,0,0,1
73737,0,0,0,0,0,0,0,0,1
73738,0,0,0,0,0,0,0,0,1
73739,0,0,0,0,0,0,0,0,1
73740,0,0,0,0,0,0,0,0,1
73741,0,0,0,0,0,0,0,0,1
73742,0,0,0,0,0,0,0,0,1
73743,0,0,0,0,0,0,0,0,1
73744,0,0,0,0,0,0,0,0,1
73745,0,0,0,0,0,0,0,0,1
73746,0,0,0,0,0,0,0,0,1
73747,0,0,0,0,0,0,0,0,1
73748,0,0,0,0,0,0,0,0,1
73749,0,0,0,0,0,0,0,0,1
73750,0,0,0,0,0,0,0,0,1
73751,0,0,0,0,0,0,0,0,1
73752,0,0,0,0,0,0,0,0,1
73753,0,0,0,0,0,0,0,0,1
73754,0,0,0,0,0,0,0,0,1
73755,0,0,0,0,0,0,0,0,1
73756,0,0,0,0,0,0,0,0,1
73757,0,0,0,0,0,0,0,0,1
73758,0,0,0,0,0,0,0,0,1
73759,0,0,0,0,0,0,0,0,1
73760,0,0,0,0,0,0,0,0,1
73761,0,0,0,0,0,0,0,0,1
73762,0,0,0,0,0,0,0,0,1
73763,0,0,0,0,0,0,0,0,1
73764,0,0,0,0,0,0,0,0,1
73765,0,0,0,0,0,0,0,0,1
73766,0,0,0,0,0,0,0,0,1
73767,0,0,0,0,0,0,0,0,1
73768,0,0,0,0,0,0,0,0,1
73769,0,0,0,0,0,0,0,0,1
73770,0,0,0,0,0,0,0,0,1
73771,0,0,0,0,0,0,0,0,1
73772,0,0,0,0,0,0,0,0,1
73773,0,0,0,0,0,0,0,0,1
73774,0,0,0,0,0,0,0,0,1
73775,0,0,0,0,0,0,0,0,1
73776,0,0,0,0,0,0,0,0,1
73777,0,0,0,0,0,0,0,0,1
73778,0,0,0,0,0,0,0,0,1
73779,0,0,0,0,0,0,0,0,1
73780,0,0,0,0,0,0,0,0,1
73781,0,0,0,0,0,0,0,0,1
73782,0,0,0,0,0,0,0,0,1
73783,0,0,0,0,0,0,0,0,1
73784,0,0,0,0,0,0,0,0,1
73785,0,0,0,0,0,0,0,0,1
73786,0,0,0,0,0,0,0,0,1
73787,0,0,0,0,0,0,0,0,1
73788,0,0,0,0,0,0,0,0,1
73789,0,0,0,0,0,0,0,0,1
73790,0,0,0,0,0,0,0,0,1
73791,0,0,0,0,0,0,0,0,1
73792,0,0,0,0,0,0,0,0,1
73793,0,0,0,0,0,0,0,0,1
73794,0,0,0,0,0,0,0,0,1
73795,0,0,0,0,0,0,0,0,1
73796,0,0,0,0,0,0,0,0,1
73797,0,0,0,0,0,0,0,0,1
73798,0,0,0,0,0,0,0,0,1
73799,0,0,0,0,0,0,0,0,1
73800,0,0,0,0,0,0,0,0,1
73801,0,0,0,0,0,0,0,0,1
73802,0,0,0,0,0,0,0,0,1
73803,0,0,0,0,0,0,0,0,1
73804,0,0,0,0,0,0,0,0,1
73805,0,0,0,0,0,0,0,0,1
73806,0,0,0,0,0,0,0,0,1
73807,0,0,0,0,0,0,0,0,1
73808,0,0,0,0,0,0,0,0,1
73809,0,0,0,0,0,0,0,0,1
73810,0,0,0,0,0,0,0,0,1
73811,0,0,0,0,0,0,0,0,1
73812,0,0,0,0,0,0,0,0,1
73813,0,0,0,0,0,0,0,0,1
73814,0,0,0,0,0,0,0,0,1
73815,0,0,0,0,0,0,0,0,1
73816,0,0,0,0,0,0,0,0,1
73817,0,0,0,0,0,0,0,0,1
73818,0,0,0,0,0,0,0,0,1
73819,0,0,0,0,0,0,0,0,1
73820,0,0,0,0,0,0,0,0,1
73821,0,0,0,0,0,0,0,0,1
73822,0,0,0,0,0,0,0,0,1
73823,0,0,0,0,0,0,0,0,1
73824,0,0,0,0,0,0,0,0,1
73825,0,0,0,0,0,0,0,0,1
73826,0,0,0,0,0,0,0,0,1
73827,0,0,0,0,0,0,0,0,1
73828,0,0,0,0,0,0,0,0,1
73829,0,0,0,0,0,0,0,0,1
73830,0,0,0,0,0,0,0,0,1
73831,0,0,0,0,0,0,0,0,1
73832,0,0,0,0,0,0,0,0,1
73833,0,0,0,0,0,0,0,0,1
73834,0,0,0,0,0,0,0,0,1
73835,0,0,0,0,0,0,0,0,1
73836,0,0,0,0,0,0,0,0,1
73837,0,0,0,0,0,0,0,0,1
73838,0,0,0,0,0,0,0,0,1
73839,0,0,0,0,0,0,0,0,1
73840,0,0,0,0,0,0,0,0,1
73841,0,0,0,0,0,0,0,0,1
73842,0,0,0,0,0,0,0,0,1
73843,0,0,0,0,0,0,0,0,1
73844,0,0,0,0,0,0,0,0,1
73845,0,0,0,0,0,0,0,0,1
73846,0,0,0,0,0,0,0,0,1
73847,0,0,0,0,0,0,0,0,1
73848,0,0,0,0,0,0,0,0,1
73849,0,0,0,0,0,0,0,0,1
73850,0,0,0,0,0,0,0,0,1
73851,0,0,0,0,0,0,0,0,1
73852,0,0,0,0,0,0,0,0,1
73853,0,0,0,0,0,0,0,0,1
73854,0,0,0,0,0,0,0,0,1
73855,0,0,0,0,0,0,0,0,1
73856,0,0,0,0,0,0,0,0,1
73857,0,0,0,0,0,0,0,0,1
73858,0,0,0,0,0,0,0,0,1
73859,0,0,0,0,0,0,0,0,1
73860,0,0,0,0,0,0,0,0,1
73861,0,0,0,0,0,0,0,0,1
73862,0,0,0,0,0,0,0,0,1
73863,0,0,0,0,0,0,0,0,1
73864,0,0,0,0,0,0,0,0,1
73865,0,0,0,0,0,0,0,0,1
73866,0,0,0,0,0,0,0,0,1
73867,0,0,0,0,0,0,0,0,1
73868,0,0,0,0,0,0,0,0,1
73869,0,0,0,0,0,0,0,0,1
73870,0,0,0,0,0,0,0,0,1
73871,0,0,0,0,0,0,0,0,1
73872,0,0,0,0,0,0,0,0,1
73873,0,0,0,0,0,0,0,0,1
73874,0,0,0,0,0,0,0,0,1
73875,0,0,0,0,0,0,0,0,1
73876,0,0,0,0,0,0,0,0,1
73877,0,0,0,0,0,0,0,0,1
73878,0,0,0,0,0,0,0,0,1
73879,0,0,0,0,0,0,0,0,1
73880,0,0,0,0,0,0,0,0,1
73881,0,0,0,0,0,0,0,0,1
73882,0,0,0,0,0,0,0,0,1
73883,0,0,0,0,0,0,0,0,1
73884,0,0,0,0,0,0,0,0,1
73885,0,0,0,0,0,0,0,0,1
73886,0,0,0,0,0,0,0,0,1
73887,0,0,0,0,0,0,0,0,1
73888,0,0,0,0,0,0,0,0,1
73889,0,0,0,0,0,0,0,0,1
73890,0,0,0,0,0,0,0,0,1
73891,0,0,0,0,0,0,0,0,1
73892,0,0,0,0,0,0,0,0,1
73893,0,0,0,0,0,0,0,0,1
73894,0,0,0,0,0,0,0,0,1
73895,0,0,0,0,0,0,0,0,1
73896,0,0,0,0,0,0,0,0,1
73897,0,0,0,0,0,0,0,0,1
73898,0,0,0,0,0,0,0,0,1
73899,0,0,0,0,0,0,0,0,1
73900,0,0,0,0,0,0,0,0,1
73901,0,0,0,0,0,0,0,0,1
73902,0,0,0,0,0,0,0,0,1
73903,0,0,0,0,0,0,0,0,1
73904,0,0,0,0,0,0,0,0,1
73905,0,0,0,0,0,0,0,0,1
73906,0,0,0,0,0,0,0,0,1
73907,0,0,0,0,0,0,0,0,1
73908,0,0,0,0,0,0,0,0,1
73909,0,0,0,0,0,0,0,0,1
73910,0,0,0,0,0,0,0,0,1
73911,0,0,0,0,0,0,0,0,1
73912,0,0,0,0,0,0,0,0,1
73913,0,0,0,0,0,0,0,0,1
73914,0,0,0,0,0,0,0,0,1
73915,0,0,0,0,0,0,0,0,1
73916,0,0,0,0,0,0,0,0,1
73917,0,0,0,0,0,0,0,0,1
73918,0,0,0,0,0,0,0,0,1
73919,0,0,0,0,0,0,0,0,1
73920,0,0,0,0,0,0,0,0,1
73921,0,0,0,0,0,0,0,0,1
73922,0,0,0,0,0,0,0,0,1
73923,0,0,0,0,0,0,0,0,1
73924,0,0,0,0,0,0,0,0,1
73925,0,0,0,0,0,0,0,0,1
73926,0,0,0,0,0,0,0,0,1
73927,0,0,0,0,0,0,0,0,1
73928,0,0,0,0,0,0,0,0,1
73929,0,0,0,0,0,0,0,0,1
73930,0,0,0,0,0,0,0,0,1
73931,0,0,0,0,0,0,0,0,1
73932,0,0,0,0,0,0,0,0,1
73933,0,0,0,0,0,0,0,0,1
73934,0,0,0,0,0,0,0,0,1
73935,0,0,0,0,0,0,0,0,1
73936,0,0,0,0,0,0,0,0,1
73937,0,0,0,0,0,0,0,0,1
73938,0,0,0,0,0,0,0,0,1
73939,0,0,0,0,0,0,0,0,1
73940,0,0,0,0,0,0,0,0,1
73941,0,0,0,0,0,0,0,0,1
73942,0,0,0,0,0,0,0,0,1
73943,0,0,0,0,0,0,0,0,1
73944,0,0,0,0,0,0,0,0,1
73945,0,0,0,0,0,0,0,0,1
73946,0,0,0,0,0,0,0,0,1
73947,0,0,0,0,0,0,0,0,1
73948,0,0,0,0,0,0,0,0,1
73949,0,0,0,0,0,0,0,0,1
73950,0,0,0,0,0,0,0,0,1
73951,0,0,0,0,0,0,0,0,1
73952,0,0,0,0,0,0,0,0,1
73953,0,0,0,0,0,0,0,0,1
73954,0,0,0,0,0,0,0,0,1
73955,0,0,0,0,0,0,0,0,1
73956,0,0,0,0,0,0,0,0,1
73957,0,0,0,0,0,0,0,0,1
73958,0,0,0,0,0,0,0,0,1
73959,0,0,0,0,0,0,0,0,1
73960,0,0,0,0,0,0,0,0,1
73961,0,0,0,0,0,0,0,0,1
73962,0,0,0,0,0,0,0,0,1
73963,0,0,0,0,0,0,0,0,1
73964,0,0,0,0,0,0,0,0,1
73965,0,0,0,0,0,0,0,0,1
73966,0,0,0,0,0,0,0,0,1
73967,0,0,0,0,0,0,0,0,1
73968,0,0,0,0,0,0,0,0,1
73969,0,0,0,0,0,0,0,0,1
73970,0,0,0,0,0,0,0,0,1
73971,0,0,0,0,0,0,0,0,1
73972,0,0,0,0,0,0,0,0,1
73973,0,0,0,0,0,0,0,0,1
73974,0,0,0,0,0,0,0,0,1
73975,0,0,0,0,0,0,0,0,1
73976,0,0,0,0,0,0,0,0,1
73977,0,0,0,0,0,0,0,0,1
73978,0,0,0,0,0,0,0,0,1
73979,0,0,0,0,0,0,0,0,1
73980,0,0,0,0,0,0,0,0,1
73981,0,0,0,0,0,0,0,0,1
73982,0,0,0,0,0,0,0,0,1
73983,0,0,0,0,0,0,0,0,1
73984,0,0,0,0,0,0,0,0,1
73985,0,0,0,0,0,0,0,0,1
73986,0,0,0,0,0,0,0,0,1
73987,0,0,0,0,0,0,0,0,1
73988,0,0,0,0,0,0,0,0,1
73989,0,0,0,0,0,0,0,0,1
73990,0,0,0,0,0,0,0,0,1
73991,0,0,0,0,0,0,0,0,1
73992,0,0,0,0,0,0,0,0,1
73993,0,0,0,0,0,0,0,0,1
73994,0,0,0,0,0,0,0,0,1
73995,0,0,0,0,0,0,0,0,1
73996,0,0,0,0,0,0,0,0,1
73997,0,0,0,0,0,0,0,0,1
73998,0,0,0,0,0,0,0,0,1
73999,0,0,0,0,0,0,0,0,1
74000,0,0,0,0,0,0,0,0,1
74001,0,0,0,0,0,0,0,0,1
74002,0,0,0,0,0,0,0,0,1
74003,0,0,0,0,0,0,0,0,1
74004,0,0,0,0,0,0,0,0,1
74005,0,0,0,0,0,0,0,0,1
74006,0,0,0,0,0,0,0,0,1
74007,0,0,0,0,0,0,0,0,1
74008,0,0,0,0,0,0,0,0,1
74009,0,0,0,0,0,0,0,0,1
74010,0,0,0,0,0,0,0,0,1
74011,0,0,0,0,0,0,0,0,1
74012,0,0,0,0,0,0,0,0,1
74013,0,0,0,0,0,0,0,0,1
74014,0,0,0,0,0,0,0,0,1
74015,0,0,0,0,0,0,0,0,1
74016,0,0,0,0,0,0,0,0,1
74017,0,0,0,0,0,0,0,0,1
74018,0,0,0,0,0,0,0,0,1
74019,0,0,0,0,0,0,0,0,1
74020,0,0,0,0,0,0,0,0,1
74021,0,0,0,0,0,0,0,0,1
74022,0,0,0,0,0,0,0,0,1
74023,0,0,0,0,0,0,0,0,1
74024,0,0,0,0,0,0,0,0,1
74025,0,0,0,0,0,0,0,0,1
74026,0,0,0,0,0,0,0,0,1
74027,0,0,0,0,0,0,0,0,1
74028,0,0,0,0,0,0,0,0,1
74029,0,0,0,0,0,0,0,0,1
74030,0,0,0,0,0,0,0,0,1
74031,0,0,0,0,0,0,0,0,1
74032,0,0,0,0,0,0,0,0,1
74033,0,0,0,0,0,0,0,0,1
74034,0,0,0,0,0,0,0,0,1
74035,0,0,0,0,0,0,0,0,1
74036,0,0,0,0,0,0,0,0,1
74037,0,0,0,0,0,0,0,0,1
74038,0,0,0,0,0,0,0,0,1
74039,0,0,0,0,0,0,0,0,1
74040,0,0,0,0,0,0,0,0,1
74041,0,0,0,0,0,0,0,0,1
74042,0,0,0,0,0,0,0,0,1
74043,0,0,0,0,0,0,0,0,1
74044,0,0,0,0,0,0,0,0,1
74045,0,0,0,0,0,0,0,0,1
74046,0,0,0,0,0,0,0,0,1
74047,0,0,0,0,0,0,0,0,1
74048,0,0,0,0,0,0,0,0,1
74049,0,0,0,0,0,0,0,0,1
74050,0,0,0,0,0,0,0,0,1
74051,0,0,0,0,0,0,0,0,1
74052,0,0,0,0,0,0,0,0,1
74053,0,0,0,0,0,0,0,0,1
74054,0,0,0,0,0,0,0,0,1
74055,0,0,0,0,0,0,0,0,1
74056,0,0,0,0,0,0,0,0,1
74057,0,0,0,0,0,0,0,0,1
74058,0,0,0,0,0,0,0,0,1
74059,0,0,0,0,0,0,0,0,1
74060,0,0,0,0,0,0,0,0,1
74061,0,0,0,0,0,0,0,0,1
74062,0,0,0,0,0,0,0,0,1
74063,0,0,0,0,0,0,0,0,1
74064,0,0,0,0,0,0,0,0,1
74065,0,0,0,0,0,0,0,0,1
74066,0,0,0,0,0,0,0,0,1
74067,0,0,0,0,0,0,0,0,1
74068,0,0,0,0,0,0,0,0,1
74069,0,0,0,0,0,0,0,0,1
74070,0,0,0,0,0,0,0,0,1
74071,0,0,0,0,0,0,0,0,1
74072,0,0,0,0,0,0,0,0,1
74073,0,0,0,0,0,0,0,0,1
74074,0,0,0,0,0,0,0,0,1
74075,0,0,0,0,0,0,0,0,1
74076,0,0,0,0,0,0,0,0,1
74077,0,0,0,0,0,0,0,0,1
74078,0,0,0,0,0,0,0,0,1
74079,0,0,0,0,0,0,0,0,1
74080,0,0,0,0,0,0,0,0,1
74081,0,0,0,0,0,0,0,0,1
74082,0,0,0,0,0,0,0,0,1
74083,0,0,0,0,0,0,0,0,1
74084,0,0,0,0,0,0,0,0,1
74085,0,0,0,0,0,0,0,0,1
74086,0,0,0,0,0,0,0,0,1
74087,0,0,0,0,0,0,0,0,1
74088,0,0,0,0,0,0,0,0,1
74089,0,0,0,0,0,0,0,0,1
74090,0,0,0,0,0,0,0,0,1
74091,0,0,0,0,0,0,0,0,1
74092,0,0,0,0,0,0,0,0,1
74093,0,0,0,0,0,0,0,0,1
74094,0,0,0,0,0,0,0,0,1
74095,0,0,0,0,0,0,0,0,1
74096,0,0,0,0,0,0,0,0,1
74097,0,0,0,0,0,0,0,0,1
74098,0,0,0,0,0,0,0,0,1
74099,0,0,0,0,0,0,0,0,1
74100,0,0,0,0,0,0,0,0,1
74101,0,0,0,0,0,0,0,0,1
74102,0,0,0,0,0,0,0,0,1
74103,0,0,0,0,0,0,0,0,1
74104,0,0,0,0,0,0,0,0,1
74105,0,0,0,0,0,0,0,0,1
74106,0,0,0,0,0,0,0,0,1
74107,0,0,0,0,0,0,0,0,1
74108,0,0,0,0,0,0,0,0,1
74109,0,0,0,0,0,0,0,0,1
74110,0,0,0,0,0,0,0,0,1
74111,0,0,0,0,0,0,0,0,1
74112,0,0,0,0,0,0,0,0,1
74113,0,0,0,0,0,0,0,0,1
74114,0,0,0,0,0,0,0,0,1
74115,0,0,0,0,0,0,0,0,1
74116,0,0,0,0,0,0,0,0,1
74117,0,0,0,0,0,0,0,0,1
74118,0,0,0,0,0,0,0,0,1
74119,0,0,0,0,0,0,0,0,1
74120,0,0,0,0,0,0,0,0,1
74121,0,0,0,0,0,0,0,0,1
74122,0,0,0,0,0,0,0,0,1
74123,0,0,0,0,0,0,0,0,1
74124,0,0,0,0,0,0,0,0,1
74125,0,0,0,0,0,0,0,0,1
74126,0,0,0,0,0,0,0,0,1
74127,0,0,0,0,0,0,0,0,1
74128,0,0,0,0,0,0,0,0,1
74129,0,0,0,0,0,0,0,0,1
74130,0,0,0,0,0,0,0,0,1
74131,0,0,0,0,0,0,0,0,1
74132,0,0,0,0,0,0,0,0,1
74133,0,0,0,0,0,0,0,0,1
74134,0,0,0,0,0,0,0,0,1
74135,0,0,0,0,0,0,0,0,1
74136,0,0,0,0,0,0,0,0,1
74137,0,0,0,0,0,0,0,0,1
74138,0,0,0,0,0,0,0,0,1
74139,0,0,0,0,0,0,0,0,1
74140,0,0,0,0,0,0,0,0,1
74141,0,0,0,0,0,0,0,0,1
74142,0,0,0,0,0,0,0,0,1
74143,0,0,0,0,0,0,0,0,1
74144,0,0,0,0,0,0,0,0,1
74145,0,0,0,0,0,0,0,0,1
74146,0,0,0,0,0,0,0,0,1
74147,0,0,0,0,0,0,0,0,1
74148,0,0,0,0,0,0,0,0,1
74149,0,0,0,0,0,0,0,0,1
74150,0,0,0,0,0,0,0,0,1
74151,0,0,0,0,0,0,0,0,1
74152,0,0,0,0,0,0,0,0,1
74153,0,0,0,0,0,0,0,0,1
74154,0,0,0,0,0,0,0,0,1
74155,0,0,0,0,0,0,0,0,1
74156,0,0,0,0,0,0,0,0,1
74157,0,0,0,0,0,0,0,0,1
74158,0,0,0,0,0,0,0,0,1
74159,0,0,0,0,0,0,0,0,1
74160,0,0,0,0,0,0,0,0,1
74161,0,0,0,0,0,0,0,0,1
74162,0,0,0,0,0,0,0,0,1
74163,0,0,0,0,0,0,0,0,1
74164,0,0,0,0,0,0,0,0,1
74165,0,0,0,0,0,0,0,0,1
74166,0,0,0,0,0,0,0,0,1
74167,0,0,0,0,0,0,0,0,1
74168,0,0,0,0,0,0,0,0,1
74169,0,0,0,0,0,0,0,0,1
74170,0,0,0,0,0,0,0,0,1
74171,0,0,0,0,0,0,0,0,1
74172,0,0,0,0,0,0,0,0,1
74173,0,0,0,0,0,0,0,0,1
74174,0,0,0,0,0,0,0,0,1
74175,0,0,0,0,0,0,0,0,1
74176,0,0,0,0,0,0,0,0,1
74177,0,0,0,0,0,0,0,0,1
74178,0,0,0,0,0,0,0,0,1
74179,0,0,0,0,0,0,0,0,1
74180,0,0,0,0,0,0,0,0,1
74181,0,0,0,0,0,0,0,0,1
74182,0,0,0,0,0,0,0,0,1
74183,0,0,0,0,0,0,0,0,1
74184,0,0,0,0,0,0,0,0,1
74185,0,0,0,0,0,0,0,0,1
74186,0,0,0,0,0,0,0,0,1
74187,0,0,0,0,0,0,0,0,1
74188,0,0,0,0,0,0,0,0,1
74189,0,0,0,0,0,0,0,0,1
74190,0,0,0,0,0,0,0,0,1
74191,0,0,0,0,0,0,0,0,1
74192,0,0,0,0,0,0,0,0,1
74193,0,0,0,0,0,0,0,0,1
74194,0,0,0,0,0,0,0,0,1
74195,0,0,0,0,0,0,0,0,1
74196,0,0,0,0,0,0,0,0,1
74197,0,0,0,0,0,0,0,0,1
74198,0,0,0,0,0,0,0,0,1
74199,0,0,0,0,0,0,0,0,1
74200,0,0,0,0,0,0,0,0,1
74201,0,0,0,0,0,0,0,0,1
74202,0,0,0,0,0,0,0,0,1
74203,0,0,0,0,0,0,0,0,1
74204,0,0,0,0,0,0,0,0,1
74205,0,0,0,0,0,0,0,0,1
74206,0,0,0,0,0,0,0,0,1
74207,0,0,0,0,0,0,0,0,1
74208,0,0,0,0,0,0,0,0,1
74209,0,0,0,0,0,0,0,0,1
74210,0,0,0,0,0,0,0,0,1
74211,0,0,0,0,0,0,0,0,1
74212,0,0,0,0,0,0,0,0,1
74213,0,0,0,0,0,0,0,0,1
74214,0,0,0,0,0,0,0,0,1
74215,0,0,0,0,0,0,0,0,1
74216,0,0,0,0,0,0,0,0,1
74217,0,0,0,0,0,0,0,0,1
74218,0,0,0,0,0,0,0,0,1
74219,0,0,0,0,0,0,0,0,1
74220,0,0,0,0,0,0,0,0,1
74221,0,0,0,0,0,0,0,0,1
74222,0,0,0,0,0,0,0,0,1
74223,0,0,0,0,0,0,0,0,1
74224,0,0,0,0,0,0,0,0,1
74225,0,0,0,0,0,0,0,0,1
74226,0,0,0,0,0,0,0,0,1
74227,0,0,0,0,0,0,0,0,1
74228,0,0,0,0,0,0,0,0,1
74229,0,0,0,0,0,0,0,0,1
74230,0,0,0,0,0,0,0,0,1
74231,0,0,0,0,0,0,0,0,1
74232,0,0,0,0,0,0,0,0,1
74233,0,0,0,0,0,0,0,0,1
74234,0,0,0,0,0,0,0,0,1
74235,0,0,0,0,0,0,0,0,1
74236,0,0,0,0,0,0,0,0,1
74237,0,0,0,0,0,0,0,0,1
74238,0,0,0,0,0,0,0,0,1
74239,0,0,0,0,0,0,0,0,1
74240,0,0,0,0,0,0,0,0,1
74241,0,0,0,0,0,0,0,0,1
74242,0,0,0,0,0,0,0,0,1
74243,0,0,0,0,0,0,0,0,1
74244,0,0,0,0,0,0,0,0,1
74245,0,0,0,0,0,0,0,0,1
74246,0,0,0,0,0,0,0,0,1
74247,0,0,0,0,0,0,0,0,1
74248,0,0,0,0,0,0,0,0,1
74249,0,0,0,0,0,0,0,0,1
74250,0,0,0,0,0,0,0,0,1
74251,0,0,0,0,0,0,0,0,1
74252,0,0,0,0,0,0,0,0,1
74253,0,0,0,0,0,0,0,0,1
74254,0,0,0,0,0,0,0,0,1
74255,0,0,0,0,0,0,0,0,1
74256,0,0,0,0,0,0,0,0,1
74257,0,0,0,0,0,0,0,0,1
74258,0,0,0,0,0,0,0,0,1
74259,0,0,0,0,0,0,0,0,1
74260,0,0,0,0,0,0,0,0,1
74261,0,0,0,0,0,0,0,0,1
74262,0,0,0,0,0,0,0,0,1
74263,0,0,0,0,0,0,0,0,1
74264,0,0,0,0,0,0,0,0,1
74265,0,0,0,0,0,0,0,0,1
74266,0,0,0,0,0,0,0,0,1
74267,0,0,0,0,0,0,0,0,1
74268,0,0,0,0,0,0,0,0,1
74269,0,0,0,0,0,0,0,0,1
74270,0,0,0,0,0,0,0,0,1
74271,0,0,0,0,0,0,0,0,1
74272,0,0,0,0,0,0,0,0,1
74273,0,0,0,0,0,0,0,0,1
74274,0,0,0,0,0,0,0,0,1
74275,0,0,0,0,0,0,0,0,1
74276,0,0,0,0,0,0,0,0,1
74277,0,0,0,0,0,0,0,0,1
74278,0,0,0,0,0,0,0,0,1
74279,0,0,0,0,0,0,0,0,1
74280,0,0,0,0,0,0,0,0,1
74281,0,0,0,0,0,0,0,0,1
74282,0,0,0,0,0,0,0,0,1
74283,0,0,0,0,0,0,0,0,1
74284,0,0,0,0,0,0,0,0,1
74285,0,0,0,0,0,0,0,0,1
74286,0,0,0,0,0,0,0,0,1
74287,0,0,0,0,0,0,0,0,1
74288,0,0,0,0,0,0,0,0,1
74289,0,0,0,0,0,0,0,0,1
74290,0,0,0,0,0,0,0,0,1
74291,0,0,0,0,0,0,0,0,1
74292,0,0,0,0,0,0,0,0,1
74293,0,0,0,0,0,0,0,0,1
74294,0,0,0,0,0,0,0,0,1
74295,0,0,0,0,0,0,0,0,1
74296,0,0,0,0,0,0,0,0,1
74297,0,0,0,0,0,0,0,0,1
74298,0,0,0,0,0,0,0,0,1
74299,0,0,0,0,0,0,0,0,1
74300,0,0,0,0,0,0,0,0,1
74301,0,0,0,0,0,0,0,0,1
74302,0,0,0,0,0,0,0,0,1
74303,0,0,0,0,0,0,0,0,1
74304,0,0,0,0,0,0,0,0,1
74305,0,0,0,0,0,0,0,0,1
74306,0,0,0,0,0,0,0,0,1
74307,0,0,0,0,0,0,0,0,1
74308,0,0,0,0,0,0,0,0,1
74309,0,0,0,0,0,0,0,0,1
74310,0,0,0,0,0,0,0,0,1
74311,0,0,0,0,0,0,0,0,1
74312,0,0,0,0,0,0,0,0,1
74313,0,0,0,0,0,0,0,0,1
74314,0,0,0,0,0,0,0,0,1
74315,0,0,0,0,0,0,0,0,1
74316,0,0,0,0,0,0,0,0,1
74317,0,0,0,0,0,0,0,0,1
74318,0,0,0,0,0,0,0,0,1
74319,0,0,0,0,0,0,0,0,1
74320,0,0,0,0,0,0,0,0,1
74321,0,0,0,0,0,0,0,0,1
74322,0,0,0,0,0,0,0,0,1
74323,0,0,0,0,0,0,0,0,1
74324,0,0,0,0,0,0,0,0,1
74325,0,0,0,0,0,0,0,0,1
74326,0,0,0,0,0,0,0,0,1
74327,0,0,0,0,0,0,0,0,1
74328,0,0,0,0,0,0,0,0,1
74329,0,0,0,0,0,0,0,0,1
74330,0,0,0,0,0,0,0,0,1
74331,0,0,0,0,0,0,0,0,1
74332,0,0,0,0,0,0,0,0,1
74333,0,0,0,0,0,0,0,0,1
74334,0,0,0,0,0,0,0,0,1
74335,0,0,0,0,0,0,0,0,1
74336,0,0,0,0,0,0,0,0,1
74337,0,0,0,0,0,0,0,0,1
74338,0,0,0,0,0,0,0,0,1
74339,0,0,0,0,0,0,0,0,1
74340,0,0,0,0,0,0,0,0,1
74341,0,0,0,0,0,0,0,0,1
74342,0,0,0,0,0,0,0,0,1
74343,0,0,0,0,0,0,0,0,1
74344,0,0,0,0,0,0,0,0,1
74345,0,0,0,0,0,0,0,0,1
74346,0,0,0,0,0,0,0,0,1
74347,0,0,0,0,0,0,0,0,1
74348,0,0,0,0,0,0,0,0,1
74349,0,0,0,0,0,0,0,0,1
74350,0,0,0,0,0,0,0,0,1
74351,0,0,0,0,0,0,0,0,1
74352,0,0,0,0,0,0,0,0,1
74353,0,0,0,0,0,0,0,0,1
74354,0,0,0,0,0,0,0,0,1
74355,0,0,0,0,0,0,0,0,1
74356,0,0,0,0,0,0,0,0,1
74357,0,0,0,0,0,0,0,0,1
74358,0,0,0,0,0,0,0,0,1
74359,0,0,0,0,0,0,0,0,1
74360,0,0,0,0,0,0,0,0,1
74361,0,0,0,0,0,0,0,0,1
74362,0,0,0,0,0,0,0,0,1
74363,0,0,0,0,0,0,0,0,1
74364,0,0,0,0,0,0,0,0,1
74365,0,0,0,0,0,0,0,0,1
74366,0,0,0,0,0,0,0,0,1
74367,0,0,0,0,0,0,0,0,1
74368,0,0,0,0,0,0,0,0,1
74369,0,0,0,0,0,0,0,0,1
74370,0,0,0,0,0,0,0,0,1
74371,0,0,0,0,0,0,0,0,1
74372,0,0,0,0,0,0,0,0,1
74373,0,0,0,0,0,0,0,0,1
74374,0,0,0,0,0,0,0,0,1
74375,0,0,0,0,0,0,0,0,1
74376,0,0,0,0,0,0,0,0,1
74377,0,0,0,0,0,0,0,0,1
74378,0,0,0,0,0,0,0,0,1
74379,0,0,0,0,0,0,0,0,1
74380,0,0,0,0,0,0,0,0,1
74381,0,0,0,0,0,0,0,0,1
74382,0,0,0,0,0,0,0,0,1
74383,0,0,0,0,0,0,0,0,1
74384,0,0,0,0,0,0,0,0,1
74385,0,0,0,0,0,0,0,0,1
74386,0,0,0,0,0,0,0,0,1
74387,0,0,0,0,0,0,0,0,1
74388,0,0,0,0,0,0,0,0,1
74389,0,0,0,0,0,0,0,0,1
74390,0,0,0,0,0,0,0,0,1
74391,0,0,0,0,0,0,0,0,1
74392,0,0,0,0,0,0,0,0,1
74393,0,0,0,0,0,0,0,0,1
74394,0,0,0,0,0,0,0,0,1
74395,0,0,0,0,0,0,0,0,1
74396,0,0,0,0,0,0,0,0,1
74397,0,0,0,0,0,0,0,0,1
74398,0,0,0,0,0,0,0,0,1
74399,0,0,0,0,0,0,0,0,1
74400,0,0,0,0,0,0,0,0,1
74401,0,0,0,0,0,0,0,0,1
74402,0,0,0,0,0,0,0,0,1
74403,0,0,0,0,0,0,0,0,1
74404,0,0,0,0,0,0,0,0,1
74405,0,0,0,0,0,0,0,0,1
74406,0,0,0,0,0,0,0,0,1
74407,0,0,0,0,0,0,0,0,1
74408,0,0,0,0,0,0,0,0,1
74409,0,0,0,0,0,0,0,0,1
74410,0,0,0,0,0,0,0,0,1
74411,0,0,0,0,0,0,0,0,1
74412,0,0,0,0,0,0,0,0,1
74413,0,0,0,0,0,0,0,0,1
74414,0,0,0,0,0,0,0,0,1
74415,0,0,0,0,0,0,0,0,1
74416,0,0,0,0,0,0,0,0,1
74417,0,0,0,0,0,0,0,0,1
74418,0,0,0,0,0,0,0,0,1
74419,0,0,0,0,0,0,0,0,1
74420,0,0,0,0,0,0,0,0,1
74421,0,0,0,0,0,0,0,0,1
74422,0,0,0,0,0,0,0,0,1
74423,0,0,0,0,0,0,0,0,1
74424,0,0,0,0,0,0,0,0,1
74425,0,0,0,0,0,0,0,0,1
74426,0,0,0,0,0,0,0,0,1
74427,0,0,0,0,0,0,0,0,1
74428,0,0,0,0,0,0,0,0,1
74429,0,0,0,0,0,0,0,0,1
74430,0,0,0,0,0,0,0,0,1
74431,0,0,0,0,0,0,0,0,1
74432,0,0,0,0,0,0,0,0,1
74433,0,0,0,0,0,0,0,0,1
74434,0,0,0,0,0,0,0,0,1
74435,0,0,0,0,0,0,0,0,1
74436,0,0,0,0,0,0,0,0,1
74437,0,0,0,0,0,0,0,0,1
74438,0,0,0,0,0,0,0,0,1
74439,0,0,0,0,0,0,0,0,1
74440,0,0,0,0,0,0,0,0,1
74441,0,0,0,0,0,0,0,0,1
74442,0,0,0,0,0,0,0,0,1
74443,0,0,0,0,0,0,0,0,1
74444,0,0,0,0,0,0,0,0,1
74445,0,0,0,0,0,0,0,0,1
74446,0,0,0,0,0,0,0,0,1
74447,0,0,0,0,0,0,0,0,1
74448,0,0,0,0,0,0,0,0,1
74449,0,0,0,0,0,0,0,0,1
74450,0,0,0,0,0,0,0,0,1
74451,0,0,0,0,0,0,0,0,1
74452,0,0,0,0,0,0,0,0,1
74453,0,0,0,0,0,0,0,0,1
74454,0,0,0,0,0,0,0,0,1
74455,0,0,0,0,0,0,0,0,1
74456,0,0,0,0,0,0,0,0,1
74457,0,0,0,0,0,0,0,0,1
74458,0,0,0,0,0,0,0,0,1
74459,0,0,0,0,0,0,0,0,1
74460,0,0,0,0,0,0,0,0,1
74461,0,0,0,0,0,0,0,0,1
74462,0,0,0,0,0,0,0,0,1
74463,0,0,0,0,0,0,0,0,1
74464,0,0,0,0,0,0,0,0,1
74465,0,0,0,0,0,0,0,0,1
74466,0,0,0,0,0,0,0,0,1
74467,0,0,0,0,0,0,0,0,1
74468,0,0,0,0,0,0,0,0,1
74469,0,0,0,0,0,0,0,0,1
74470,0,0,0,0,0,0,0,0,1
74471,0,0,0,0,0,0,0,0,1
74472,0,0,0,0,0,0,0,0,1
74473,0,0,0,0,0,0,0,0,1
74474,0,0,0,0,0,0,0,0,1
74475,0,0,0,0,0,0,0,0,1
74476,0,0,0,0,0,0,0,0,1
74477,0,0,0,0,0,0,0,0,1
74478,0,0,0,0,0,0,0,0,1
74479,0,0,0,0,0,0,0,0,1
74480,0,0,0,0,0,0,0,0,1
74481,0,0,0,0,0,0,0,0,1
74482,0,0,0,0,0,0,0,0,1
74483,0,0,0,0,0,0,0,0,1
74484,0,0,0,0,0,0,0,0,1
74485,0,0,0,0,0,0,0,0,1
74486,0,0,0,0,0,0,0,0,1
74487,0,0,0,0,0,0,0,0,1
74488,0,0,0,0,0,0,0,0,1
74489,0,0,0,0,0,0,0,0,1
74490,0,0,0,0,0,0,0,0,1
74491,0,0,0,0,0,0,0,0,1
74492,0,0,0,0,0,0,0,0,1
74493,0,0,0,0,0,0,0,0,1
74494,0,0,0,0,0,0,0,0,1
74495,0,0,0,0,0,0,0,0,1
74496,0,0,0,0,0,0,0,0,1
74497,0,0,0,0,0,0,0,0,1
74498,0,0,0,0,0,0,0,0,1
74499,0,0,0,0,0,0,0,0,1
74500,0,0,0,0,0,0,0,0,1
74501,0,0,0,0,0,0,0,0,1
74502,0,0,0,0,0,0,0,0,1
74503,0,0,0,0,0,0,0,0,1
74504,0,0,0,0,0,0,0,0,1
74505,0,0,0,0,0,0,0,0,1
74506,0,0,0,0,0,0,0,0,1
74507,0,0,0,0,0,0,0,0,1
74508,0,0,0,0,0,0,0,0,1
74509,0,0,0,0,0,0,0,0,1
74510,0,0,0,0,0,0,0,0,1
74511,0,0,0,0,0,0,0,0,1
74512,0,0,0,0,0,0,0,0,1
74513,0,0,0,0,0,0,0,0,1
74514,0,0,0,0,0,0,0,0,1
74515,0,0,0,0,0,0,0,0,1
74516,0,0,0,0,0,0,0,0,1
74517,0,0,0,0,0,0,0,0,1
74518,0,0,0,0,0,0,0,0,1
74519,0,0,0,0,0,0,0,0,1
74520,0,0,0,0,0,0,0,0,1
74521,0,0,0,0,0,0,0,0,1
74522,0,0,0,0,0,0,0,0,1
74523,0,0,0,0,0,0,0,0,1
74524,0,0,0,0,0,0,0,0,1
74525,0,0,0,0,0,0,0,0,1
74526,0,0,0,0,0,0,0,0,1
74527,0,0,0,0,0,0,0,0,1
74528,0,0,0,0,0,0,0,0,1
74529,0,0,0,0,0,0,0,0,1
74530,0,0,0,0,0,0,0,0,1
74531,0,0,0,0,0,0,0,0,1
74532,0,0,0,0,0,0,0,0,1
74533,0,0,0,0,0,0,0,0,1
74534,0,0,0,0,0,0,0,0,1
74535,0,0,0,0,0,0,0,0,1
74536,0,0,0,0,0,0,0,0,1
74537,0,0,0,0,0,0,0,0,1
74538,0,0,0,0,0,0,0,0,1
74539,0,0,0,0,0,0,0,0,1
74540,0,0,0,0,0,0,0,0,1
74541,0,0,0,0,0,0,0,0,1
74542,0,0,0,0,0,0,0,0,1
74543,0,0,0,0,0,0,0,0,1
74544,0,0,0,0,0,0,0,0,1
74545,0,0,0,0,0,0,0,0,1
74546,0,0,0,0,0,0,0,0,1
74547,0,0,0,0,0,0,0,0,1
74548,0,0,0,0,0,0,0,0,1
74549,0,0,0,0,0,0,0,0,1
74550,0,0,0,0,0,0,0,0,1
74551,0,0,0,0,0,0,0,0,1
74552,0,0,0,0,0,0,0,0,1
74553,0,0,0,0,0,0,0,0,1
74554,0,0,0,0,0,0,0,0,1
74555,0,0,0,0,0,0,0,0,1
74556,0,0,0,0,0,0,0,0,1
74557,0,0,0,0,0,0,0,0,1
74558,0,0,0,0,0,0,0,0,1
74559,0,0,0,0,0,0,0,0,1
74560,0,0,0,0,0,0,0,0,1
74561,0,0,0,0,0,0,0,0,1
74562,0,0,0,0,0,0,0,0,1
74563,0,0,0,0,0,0,0,0,1
74564,0,0,0,0,0,0,0,0,1
74565,0,0,0,0,0,0,0,0,1
74566,0,0,0,0,0,0,0,0,1
74567,0,0,0,0,0,0,0,0,1
74568,0,0,0,0,0,0,0,0,1
74569,0,0,0,0,0,0,0,0,1
74570,0,0,0,0,0,0,0,0,1
74571,0,0,0,0,0,0,0,0,1
74572,0,0,0,0,0,0,0,0,1
74573,0,0,0,0,0,0,0,0,1
74574,0,0,0,0,0,0,0,0,1
74575,0,0,0,0,0,0,0,0,1
74576,0,0,0,0,0,0,0,0,1
74577,0,0,0,0,0,0,0,0,1
74578,0,0,0,0,0,0,0,0,1
74579,0,0,0,0,0,0,0,0,1
74580,0,0,0,0,0,0,0,0,1
74581,0,0,0,0,0,0,0,0,1
74582,0,0,0,0,0,0,0,0,1
74583,0,0,0,0,0,0,0,0,1
74584,0,0,0,0,0,0,0,0,1
74585,0,0,0,0,0,0,0,0,1
74586,0,0,0,0,0,0,0,0,1
74587,0,0,0,0,0,0,0,0,1
74588,0,0,0,0,0,0,0,0,1
74589,0,0,0,0,0,0,0,0,1
74590,0,0,0,0,0,0,0,0,1
74591,0,0,0,0,0,0,0,0,1
74592,0,0,0,0,0,0,0,0,1
74593,0,0,0,0,0,0,0,0,1
74594,0,0,0,0,0,0,0,0,1
74595,0,0,0,0,0,0,0,0,1
74596,0,0,0,0,0,0,0,0,1
74597,0,0,0,0,0,0,0,0,1
74598,0,0,0,0,0,0,0,0,1
74599,0,0,0,0,0,0,0,0,1
74600,0,0,0,0,0,0,0,0,1
74601,0,0,0,0,0,0,0,0,1
74602,0,0,0,0,0,0,0,0,1
74603,0,0,0,0,0,0,0,0,1
74604,0,0,0,0,0,0,0,0,1
74605,0,0,0,0,0,0,0,0,1
74606,0,0,0,0,0,0,0,0,1
74607,0,0,0,0,0,0,0,0,1
74608,0,0,0,0,0,0,0,0,1
74609,0,0,0,0,0,0,0,0,1
74610,0,0,0,0,0,0,0,0,1
74611,0,0,0,0,0,0,0,0,1
74612,0,0,0,0,0,0,0,0,1
74613,0,0,0,0,0,0,0,0,1
74614,0,0,0,0,0,0,0,0,1
74615,0,0,0,0,0,0,0,0,1
74616,0,0,0,0,0,0,0,0,1
74617,0,0,0,0,0,0,0,0,1
74618,0,0,0,0,0,0,0,0,1
74619,0,0,0,0,0,0,0,0,1
74620,0,0,0,0,0,0,0,0,1
74621,0,0,0,0,0,0,0,0,1
74622,0,0,0,0,0,0,0,0,1
74623,0,0,0,0,0,0,0,0,1
74624,0,0,0,0,0,0,0,0,1
74625,0,0,0,0,0,0,0,0,1
74626,0,0,0,0,0,0,0,0,1
74627,0,0,0,0,0,0,0,0,1
74628,0,0,0,0,0,0,0,0,1
74629,0,0,0,0,0,0,0,0,1
74630,0,0,0,0,0,0,0,0,1
74631,0,0,0,0,0,0,0,0,1
74632,0,0,0,0,0,0,0,0,1
74633,0,0,0,0,0,0,0,0,1
74634,0,0,0,0,0,0,0,0,1
74635,0,0,0,0,0,0,0,0,1
74636,0,0,0,0,0,0,0,0,1
74637,0,0,0,0,0,0,0,0,1
74638,0,0,0,0,0,0,0,0,1
74639,0,0,0,0,0,0,0,0,1
74640,0,0,0,0,0,0,0,0,1
74641,0,0,0,0,0,0,0,0,1
74642,0,0,0,0,0,0,0,0,1
74643,0,0,0,0,0,0,0,0,1
74644,0,0,0,0,0,0,0,0,1
74645,0,0,0,0,0,0,0,0,1
74646,0,0,0,0,0,0,0,0,1
74647,0,0,0,0,0,0,0,0,1
74648,0,0,0,0,0,0,0,0,1
74649,0,0,0,0,0,0,0,0,1
74650,0,0,0,0,0,0,0,0,1
74651,0,0,0,0,0,0,0,0,1
74652,0,0,0,0,0,0,0,0,1
74653,0,0,0,0,0,0,0,0,1
74654,0,0,0,0,0,0,0,0,1
74655,0,0,0,0,0,0,0,0,1
74656,0,0,0,0,0,0,0,0,1
74657,0,0,0,0,0,0,0,0,1
74658,0,0,0,0,0,0,0,0,1
74659,0,0,0,0,0,0,0,0,1
74660,0,0,0,0,0,0,0,0,1
74661,0,0,0,0,0,0,0,0,1
74662,0,0,0,0,0,0,0,0,1
74663,0,0,0,0,0,0,0,0,1
74664,0,0,0,0,0,0,0,0,1
74665,0,0,0,0,0,0,0,0,1
74666,0,0,0,0,0,0,0,0,1
74667,0,0,0,0,0,0,0,0,1
74668,0,0,0,0,0,0,0,0,1
74669,0,0,0,0,0,0,0,0,1
74670,0,0,0,0,0,0,0,0,1
74671,0,0,0,0,0,0,0,0,1
74672,0,0,0,0,0,0,0,0,1
74673,0,0,0,0,0,0,0,0,1
74674,0,0,0,0,0,0,0,0,1
74675,0,0,0,0,0,0,0,0,1
74676,0,0,0,0,0,0,0,0,1
74677,0,0,0,0,0,0,0,0,1
74678,0,0,0,0,0,0,0,0,1
74679,0,0,0,0,0,0,0,0,1
74680,0,0,0,0,0,0,0,0,1
74681,0,0,0,0,0,0,0,0,1
74682,0,0,0,0,0,0,0,0,1
74683,0,0,0,0,0,0,0,0,1
74684,0,0,0,0,0,0,0,0,1
74685,0,0,0,0,0,0,0,0,1
74686,0,0,0,0,0,0,0,0,1
74687,0,0,0,0,0,0,0,0,1
74688,0,0,0,0,0,0,0,0,1
74689,0,0,0,0,0,0,0,0,1
74690,0,0,0,0,0,0,0,0,1
74691,0,0,0,0,0,0,0,0,1
74692,0,0,0,0,0,0,0,0,1
74693,0,0,0,0,0,0,0,0,1
74694,0,0,0,0,0,0,0,0,1
74695,0,0,0,0,0,0,0,0,1
74696,0,0,0,0,0,0,0,0,1
74697,0,0,0,0,0,0,0,0,1
74698,0,0,0,0,0,0,0,0,1
74699,0,0,0,0,0,0,0,0,1
74700,0,0,0,0,0,0,0,0,1
74701,0,0,0,0,0,0,0,0,1
74702,0,0,0,0,0,0,0,0,1
74703,0,0,0,0,0,0,0,0,1
74704,0,0,0,0,0,0,0,0,1
74705,0,0,0,0,0,0,0,0,1
74706,0,0,0,0,0,0,0,0,1
74707,0,0,0,0,0,0,0,0,1
74708,0,0,0,0,0,0,0,0,1
74709,0,0,0,0,0,0,0,0,1
74710,0,0,0,0,0,0,0,0,1
74711,0,0,0,0,0,0,0,0,1
74712,0,0,0,0,0,0,0,0,1
74713,0,0,0,0,0,0,0,0,1
74714,0,0,0,0,0,0,0,0,1
74715,0,0,0,0,0,0,0,0,1
74716,0,0,0,0,0,0,0,0,1
74717,0,0,0,0,0,0,0,0,1
74718,0,0,0,0,0,0,0,0,1
74719,0,0,0,0,0,0,0,0,1
74720,0,0,0,0,0,0,0,0,1
74721,0,0,0,0,0,0,0,0,1
74722,0,0,0,0,0,0,0,0,1
74723,0,0,0,0,0,0,0,0,1
74724,0,0,0,0,0,0,0,0,1
74725,0,0,0,0,0,0,0,0,1
74726,0,0,0,0,0,0,0,0,1
74727,0,0,0,0,0,0,0,0,1
74728,0,0,0,0,0,0,0,0,1
74729,0,0,0,0,0,0,0,0,1
74730,0,0,0,0,0,0,0,0,1
74731,0,0,0,0,0,0,0,0,1
74732,0,0,0,0,0,0,0,0,1
74733,0,0,0,0,0,0,0,0,1
74734,0,0,0,0,0,0,0,0,1
74735,0,0,0,0,0,0,0,0,1
74736,0,0,0,0,0,0,0,0,1
74737,0,0,0,0,0,0,0,0,1
74738,0,0,0,0,0,0,0,0,1
74739,0,0,0,0,0,0,0,0,1
74740,0,0,0,0,0,0,0,0,1
74741,0,0,0,0,0,0,0,0,1
74742,0,0,0,0,0,0,0,0,1
74743,0,0,0,0,0,0,0,0,1
74744,0,0,0,0,0,0,0,0,1
74745,0,0,0,0,0,0,0,0,1
74746,0,0,0,0,0,0,0,0,1
74747,0,0,0,0,0,0,0,0,1
74748,0,0,0,0,0,0,0,0,1
74749,0,0,0,0,0,0,0,0,1
74750,0,0,0,0,0,0,0,0,1
74751,0,0,0,0,0,0,0,0,1
74752,0,0,0,0,0,0,0,0,1
74753,0,0,0,0,0,0,0,0,1
74754,0,0,0,0,0,0,0,0,1
74755,0,0,0,0,0,0,0,0,1
74756,0,0,0,0,0,0,0,0,1
74757,0,0,0,0,0,0,0,0,1
74758,0,0,0,0,0,0,0,0,1
74759,0,0,0,0,0,0,0,0,1
74760,0,0,0,0,0,0,0,0,1
74761,0,0,0,0,0,0,0,0,1
74762,0,0,0,0,0,0,0,0,1
74763,0,0,0,0,0,0,0,0,1
74764,0,0,0,0,0,0,0,0,1
74765,0,0,0,0,0,0,0,0,1
74766,0,0,0,0,0,0,0,0,1
74767,0,0,0,0,0,0,0,0,1
74768,0,0,0,0,0,0,0,0,1
74769,0,0,0,0,0,0,0,0,1
74770,0,0,0,0,0,0,0,0,1
74771,0,0,0,0,0,0,0,0,1
74772,0,0,0,0,0,0,0,0,1
74773,0,0,0,0,0,0,0,0,1
74774,0,0,0,0,0,0,0,0,1
74775,0,0,0,0,0,0,0,0,1
74776,0,0,0,0,0,0,0,0,1
74777,0,0,0,0,0,0,0,0,1
74778,0,0,0,0,0,0,0,0,1
74779,0,0,0,0,0,0,0,0,1
74780,0,0,0,0,0,0,0,0,1
74781,0,0,0,0,0,0,0,0,1
74782,0,0,0,0,0,0,0,0,1
74783,0,0,0,0,0,0,0,0,1
74784,0,0,0,0,0,0,0,0,1
74785,0,0,0,0,0,0,0,0,1
74786,0,0,0,0,0,0,0,0,1
74787,0,0,0,0,0,0,0,0,1
74788,0,0,0,0,0,0,0,0,1
74789,0,0,0,0,0,0,0,0,1
74790,0,0,0,0,0,0,0,0,1
74791,0,0,0,0,0,0,0,0,1
74792,0,0,0,0,0,0,0,0,1
74793,0,0,0,0,0,0,0,0,1
74794,0,0,0,0,0,0,0,0,1
74795,0,0,0,0,0,0,0,0,1
74796,0,0,0,0,0,0,0,0,1
74797,0,0,0,0,0,0,0,0,1
74798,0,0,0,0,0,0,0,0,1
74799,0,0,0,0,0,0,0,0,1
74800,0,0,0,0,0,0,0,0,1
74801,0,0,0,0,0,0,0,0,1
74802,0,0,0,0,0,0,0,0,1
74803,0,0,0,0,0,0,0,0,1
74804,0,0,0,0,0,0,0,0,1
74805,0,0,0,0,0,0,0,0,1
74806,0,0,0,0,0,0,0,0,1
74807,0,0,0,0,0,0,0,0,1
74808,0,0,0,0,0,0,0,0,1
74809,0,0,0,0,0,0,0,0,1
74810,0,0,0,0,0,0,0,0,1
74811,0,0,0,0,0,0,0,0,1
74812,0,0,0,0,0,0,0,0,1
74813,0,0,0,0,0,0,0,0,1
74814,0,0,0,0,0,0,0,0,1
74815,0,0,0,0,0,0,0,0,1
74816,0,0,0,0,0,0,0,0,1
74817,0,0,0,0,0,0,0,0,1
74818,0,0,0,0,0,0,0,0,1
74819,0,0,0,0,0,0,0,0,1
74820,0,0,0,0,0,0,0,0,1
74821,0,0,0,0,0,0,0,0,1
74822,0,0,0,0,0,0,0,0,1
74823,0,0,0,0,0,0,0,0,1
74824,0,0,0,0,0,0,0,0,1
74825,0,0,0,0,0,0,0,0,1
74826,0,0,0,0,0,0,0,0,1
74827,0,0,0,0,0,0,0,0,1
74828,0,0,0,0,0,0,0,0,1
74829,0,0,0,0,0,0,0,0,1
74830,0,0,0,0,0,0,0,0,1
74831,0,0,0,0,0,0,0,0,1
74832,0,0,0,0,0,0,0,0,1
74833,0,0,0,0,0,0,0,0,1
74834,0,0,0,0,0,0,0,0,1
74835,0,0,0,0,0,0,0,0,1
74836,0,0,0,0,0,0,0,0,1
74837,0,0,0,0,0,0,0,0,1
74838,0,0,0,0,0,0,0,0,1
74839,0,0,0,0,0,0,0,0,1
74840,0,0,0,0,0,0,0,0,1
74841,0,0,0,0,0,0,0,0,1
74842,0,0,0,0,0,0,0,0,1
74843,0,0,0,0,0,0,0,0,1
74844,0,0,0,0,0,0,0,0,1
74845,0,0,0,0,0,0,0,0,1
74846,0,0,0,0,0,0,0,0,1
74847,0,0,0,0,0,0,0,0,1
74848,0,0,0,0,0,0,0,0,1
74849,0,0,0,0,0,0,0,0,1
74850,0,0,0,0,0,0,0,0,1
74851,0,0,0,0,0,0,0,0,1
74852,0,0,0,0,0,0,0,0,1
74853,0,0,0,0,0,0,0,0,1
74854,0,0,0,0,0,0,0,0,1
74855,0,0,0,0,0,0,0,0,1
74856,0,0,0,0,0,0,0,0,1
74857,0,0,0,0,0,0,0,0,1
74858,0,0,0,0,0,0,0,0,1
74859,0,0,0,0,0,0,0,0,1
74860,0,0,0,0,0,0,0,0,1
74861,0,0,0,0,0,0,0,0,1
74862,0,0,0,0,0,0,0,0,1
74863,0,0,0,0,0,0,0,0,1
74864,0,0,0,0,0,0,0,0,1
74865,0,0,0,0,0,0,0,0,1
74866,0,0,0,0,0,0,0,0,1
74867,0,0,0,0,0,0,0,0,1
74868,0,0,0,0,0,0,0,0,1
74869,0,0,0,0,0,0,0,0,1
74870,0,0,0,0,0,0,0,0,1
74871,0,0,0,0,0,0,0,0,1
74872,0,0,0,0,0,0,0,0,1
74873,0,0,0,0,0,0,0,0,1
74874,0,0,0,0,0,0,0,0,1
74875,0,0,0,0,0,0,0,0,1
74876,0,0,0,0,0,0,0,0,1
74877,0,0,0,0,0,0,0,0,1
74878,0,0,0,0,0,0,0,0,1
74879,0,0,0,0,0,0,0,0,1
74880,0,0,0,0,0,0,0,0,1
74881,0,0,0,0,0,0,0,0,1
74882,0,0,0,0,0,0,0,0,1
74883,0,0,0,0,0,0,0,0,1
74884,0,0,0,0,0,0,0,0,1
74885,0,0,0,0,0,0,0,0,1
74886,0,0,0,0,0,0,0,0,1
74887,0,0,0,0,0,0,0,0,1
74888,0,0,0,0,0,0,0,0,1
74889,0,0,0,0,0,0,0,0,1
74890,0,0,0,0,0,0,0,0,1
74891,0,0,0,0,0,0,0,0,1
74892,0,0,0,0,0,0,0,0,1
74893,0,0,0,0,0,0,0,0,1
74894,0,0,0,0,0,0,0,0,1
74895,0,0,0,0,0,0,0,0,1
74896,0,0,0,0,0,0,0,0,1
74897,0,0,0,0,0,0,0,0,1
74898,0,0,0,0,0,0,0,0,1
74899,0,0,0,0,0,0,0,0,1
74900,0,0,0,0,0,0,0,0,1
74901,0,0,0,0,0,0,0,0,1
74902,0,0,0,0,0,0,0,0,1
74903,0,0,0,0,0,0,0,0,1
74904,0,0,0,0,0,0,0,0,1
74905,0,0,0,0,0,0,0,0,1
74906,0,0,0,0,0,0,0,0,1
74907,0,0,0,0,0,0,0,0,1
74908,0,0,0,0,0,0,0,0,1
74909,0,0,0,0,0,0,0,0,1
74910,0,0,0,0,0,0,0,0,1
74911,0,0,0,0,0,0,0,0,1
74912,0,0,0,0,0,0,0,0,1
74913,0,0,0,0,0,0,0,0,1
74914,0,0,0,0,0,0,0,0,1
74915,0,0,0,0,0,0,0,0,1
74916,0,0,0,0,0,0,0,0,1
74917,0,0,0,0,0,0,0,0,1
74918,0,0,0,0,0,0,0,0,1
74919,0,0,0,0,0,0,0,0,1
74920,0,0,0,0,0,0,0,0,1
74921,0,0,0,0,0,0,0,0,1
74922,0,0,0,0,0,0,0,0,1
74923,0,0,0,0,0,0,0,0,1
74924,0,0,0,0,0,0,0,0,1
74925,0,0,0,0,0,0,0,0,1
74926,0,0,0,0,0,0,0,0,1
74927,0,0,0,0,0,0,0,0,1
74928,0,0,0,0,0,0,0,0,1
74929,0,0,0,0,0,0,0,0,1
74930,0,0,0,0,0,0,0,0,1
74931,0,0,0,0,0,0,0,0,1
74932,0,0,0,0,0,0,0,0,1
74933,0,0,0,0,0,0,0,0,1
74934,0,0,0,0,0,0,0,0,1
74935,0,0,0,0,0,0,0,0,1
74936,0,0,0,0,0,0,0,0,1
74937,0,0,0,0,0,0,0,0,1
74938,0,0,0,0,0,0,0,0,1
74939,0,0,0,0,0,0,0,0,1
74940,0,0,0,0,0,0,0,0,1
74941,0,0,0,0,0,0,0,0,1
74942,0,0,0,0,0,0,0,0,1
74943,0,0,0,0,0,0,0,0,1
74944,0,0,0,0,0,0,0,0,1
74945,0,0,0,0,0,0,0,0,1
74946,0,0,0,0,0,0,0,0,1
74947,0,0,0,0,0,0,0,0,1
74948,0,0,0,0,0,0,0,0,1
74949,0,0,0,0,0,0,0,0,1
74950,0,0,0,0,0,0,0,0,1
74951,0,0,0,0,0,0,0,0,1
74952,0,0,0,0,0,0,0,0,1
74953,0,0,0,0,0,0,0,0,1
74954,0,0,0,0,0,0,0,0,1
74955,0,0,0,0,0,0,0,0,1
74956,0,0,0,0,0,0,0,0,1
74957,0,0,0,0,0,0,0,0,1
74958,0,0,0,0,0,0,0,0,1
74959,0,0,0,0,0,0,0,0,1
74960,0,0,0,0,0,0,0,0,1
74961,0,0,0,0,0,0,0,0,1
74962,0,0,0,0,0,0,0,0,1
74963,0,0,0,0,0,0,0,0,1
74964,0,0,0,0,0,0,0,0,1
74965,0,0,0,0,0,0,0,0,1
74966,0,0,0,0,0,0,0,0,1
74967,0,0,0,0,0,0,0,0,1
74968,0,0,0,0,0,0,0,0,1
74969,0,0,0,0,0,0,0,0,1
74970,0,0,0,0,0,0,0,0,1
74971,0,0,0,0,0,0,0,0,1
74972,0,0,0,0,0,0,0,0,1
74973,0,0,0,0,0,0,0,0,1
74974,0,0,0,0,0,0,0,0,1
74975,0,0,0,0,0,0,0,0,1
74976,0,0,0,0,0,0,0,0,1
74977,0,0,0,0,0,0,0,0,1
74978,0,0,0,0,0,0,0,0,1
74979,0,0,0,0,0,0,0,0,1
74980,0,0,0,0,0,0,0,0,1
74981,0,0,0,0,0,0,0,0,1
74982,0,0,0,0,0,0,0,0,1
74983,0,0,0,0,0,0,0,0,1
74984,0,0,0,0,0,0,0,0,1
74985,0,0,0,0,0,0,0,0,1
74986,0,0,0,0,0,0,0,0,1
74987,0,0,0,0,0,0,0,0,1
74988,0,0,0,0,0,0,0,0,1
74989,0,0,0,0,0,0,0,0,1
74990,0,0,0,0,0,0,0,0,1
74991,0,0,0,0,0,0,0,0,1
74992,0,0,0,0,0,0,0,0,1
74993,0,0,0,0,0,0,0,0,1
74994,0,0,0,0,0,0,0,0,1
74995,0,0,0,0,0,0,0,0,1
74996,0,0,0,0,0,0,0,0,1
74997,0,0,0,0,0,0,0,0,1
74998,0,0,0,0,0,0,0,0,1
74999,0,0,0,0,0,0,0,0,1
75000,0,0,0,0,0,0,0,0,1
75001,0,0,0,0,0,0,0,0,1
75002,0,0,0,0,0,0,0,0,1
75003,0,0,0,0,0,0,0,0,1
75004,0,0,0,0,0,0,0,0,1
75005,0,0,0,0,0,0,0,0,1
75006,0,0,0,0,0,0,0,0,1
75007,0,0,0,0,0,0,0,0,1
75008,0,0,0,0,0,0,0,0,1
75009,0,0,0,0,0,0,0,0,1
75010,0,0,0,0,0,0,0,0,1
75011,0,0,0,0,0,0,0,0,1
75012,0,0,0,0,0,0,0,0,1
75013,0,0,0,0,0,0,0,0,1
75014,0,0,0,0,0,0,0,0,1
75015,0,0,0,0,0,0,0,0,1
75016,0,0,0,0,0,0,0,0,1
75017,0,0,0,0,0,0,0,0,1
75018,0,0,0,0,0,0,0,0,1
75019,0,0,0,0,0,0,0,0,1
75020,0,0,0,0,0,0,0,0,1
75021,0,0,0,0,0,0,0,0,1
75022,0,0,0,0,0,0,0,0,1
75023,0,0,0,0,0,0,0,0,1
75024,0,0,0,0,0,0,0,0,1
75025,0,0,0,0,0,0,0,0,1
75026,0,0,0,0,0,0,0,0,1
75027,0,0,0,0,0,0,0,0,1
75028,0,0,0,0,0,0,0,0,1
75029,0,0,0,0,0,0,0,0,1
75030,0,0,0,0,0,0,0,0,1
75031,0,0,0,0,0,0,0,0,1
75032,0,0,0,0,0,0,0,0,1
75033,0,0,0,0,0,0,0,0,1
75034,0,0,0,0,0,0,0,0,1
75035,0,0,0,0,0,0,0,0,1
75036,0,0,0,0,0,0,0,0,1
75037,0,0,0,0,0,0,0,0,1
75038,0,0,0,0,0,0,0,0,1
75039,0,0,0,0,0,0,0,0,1
75040,0,0,0,0,0,0,0,0,1
75041,0,0,0,0,0,0,0,0,1
75042,0,0,0,0,0,0,0,0,1
75043,0,0,0,0,0,0,0,0,1
75044,0,0,0,0,0,0,0,0,1
75045,0,0,0,0,0,0,0,0,1
75046,0,0,0,0,0,0,0,0,1
75047,0,0,0,0,0,0,0,0,1
75048,0,0,0,0,0,0,0,0,1
75049,0,0,0,0,0,0,0,0,1
75050,0,0,0,0,0,0,0,0,1
75051,0,0,0,0,0,0,0,0,1
75052,0,0,0,0,0,0,0,0,1
75053,0,0,0,0,0,0,0,0,1
75054,0,0,0,0,0,0,0,0,1
75055,0,0,0,0,0,0,0,0,1
75056,0,0,0,0,0,0,0,0,1
75057,0,0,0,0,0,0,0,0,1
75058,0,0,0,0,0,0,0,0,1
75059,0,0,0,0,0,0,0,0,1
75060,0,0,0,0,0,0,0,0,1
75061,0,0,0,0,0,0,0,0,1
75062,0,0,0,0,0,0,0,0,1
75063,0,0,0,0,0,0,0,0,1
75064,0,0,0,0,0,0,0,0,1
75065,0,0,0,0,0,0,0,0,1
75066,0,0,0,0,0,0,0,0,1
75067,0,0,0,0,0,0,0,0,1
75068,0,0,0,0,0,0,0,0,1
75069,0,0,0,0,0,0,0,0,1
75070,0,0,0,0,0,0,0,0,1
75071,0,0,0,0,0,0,0,0,1
75072,0,0,0,0,0,0,0,0,1
75073,0,0,0,0,0,0,0,0,1
75074,0,0,0,0,0,0,0,0,1
75075,0,0,0,0,0,0,0,0,1
75076,0,0,0,0,0,0,0,0,1
75077,0,0,0,0,0,0,0,0,1
75078,0,0,0,0,0,0,0,0,1
75079,0,0,0,0,0,0,0,0,1
75080,0,0,0,0,0,0,0,0,1
75081,0,0,0,0,0,0,0,0,1
75082,0,0,0,0,0,0,0,0,1
75083,0,0,0,0,0,0,0,0,1
75084,0,0,0,0,0,0,0,0,1
75085,0,0,0,0,0,0,0,0,1
75086,0,0,0,0,0,0,0,0,1
75087,0,0,0,0,0,0,0,0,1
75088,0,0,0,0,0,0,0,0,1
75089,0,0,0,0,0,0,0,0,1
75090,0,0,0,0,0,0,0,0,1
75091,0,0,0,0,0,0,0,0,1
75092,0,0,0,0,0,0,0,0,1
75093,0,0,0,0,0,0,0,0,1
75094,0,0,0,0,0,0,0,0,1
75095,0,0,0,0,0,0,0,0,1
75096,0,0,0,0,0,0,0,0,1
75097,0,0,0,0,0,0,0,0,1
75098,0,0,0,0,0,0,0,0,1
75099,0,0,0,0,0,0,0,0,1
75100,0,0,0,0,0,0,0,0,1
75101,0,0,0,0,0,0,0,0,1
75102,0,0,0,0,0,0,0,0,1
75103,0,0,0,0,0,0,0,0,1
75104,0,0,0,0,0,0,0,0,1
75105,0,0,0,0,0,0,0,0,1
75106,0,0,0,0,0,0,0,0,1
75107,0,0,0,0,0,0,0,0,1
75108,0,0,0,0,0,0,0,0,1
75109,0,0,0,0,0,0,0,0,1
75110,0,0,0,0,0,0,0,0,1
75111,0,0,0,0,0,0,0,0,1
75112,0,0,0,0,0,0,0,0,1
75113,0,0,0,0,0,0,0,0,1
75114,0,0,0,0,0,0,0,0,1
75115,0,0,0,0,0,0,0,0,1
75116,0,0,0,0,0,0,0,0,1
75117,0,0,0,0,0,0,0,0,1
75118,0,0,0,0,0,0,0,0,1
75119,0,0,0,0,0,0,0,0,1
75120,0,0,0,0,0,0,0,0,1
75121,0,0,0,0,0,0,0,0,1
75122,0,0,0,0,0,0,0,0,1
75123,0,0,0,0,0,0,0,0,1
75124,0,0,0,0,0,0,0,0,1
75125,0,0,0,0,0,0,0,0,1
75126,0,0,0,0,0,0,0,0,1
75127,0,0,0,0,0,0,0,0,1
75128,0,0,0,0,0,0,0,0,1
75129,0,0,0,0,0,0,0,0,1
75130,0,0,0,0,0,0,0,0,1
75131,0,0,0,0,0,0,0,0,1
75132,0,0,0,0,0,0,0,0,1
75133,0,0,0,0,0,0,0,0,1
75134,0,0,0,0,0,0,0,0,1
75135,0,0,0,0,0,0,0,0,1
75136,0,0,0,0,0,0,0,0,1
75137,0,0,0,0,0,0,0,0,1
75138,0,0,0,0,0,0,0,0,1
75139,0,0,0,0,0,0,0,0,1
75140,0,0,0,0,0,0,0,0,1
75141,0,0,0,0,0,0,0,0,1
75142,0,0,0,0,0,0,0,0,1
75143,0,0,0,0,0,0,0,0,1
75144,0,0,0,0,0,0,0,0,1
75145,0,0,0,0,0,0,0,0,1
75146,0,0,0,0,0,0,0,0,1
75147,0,0,0,0,0,0,0,0,1
75148,0,0,0,0,0,0,0,0,1
75149,0,0,0,0,0,0,0,0,1
75150,0,0,0,0,0,0,0,0,1
75151,0,0,0,0,0,0,0,0,1
75152,0,0,0,0,0,0,0,0,1
75153,0,0,0,0,0,0,0,0,1
75154,0,0,0,0,0,0,0,0,1
75155,0,0,0,0,0,0,0,0,1
75156,0,0,0,0,0,0,0,0,1
75157,0,0,0,0,0,0,0,0,1
75158,0,0,0,0,0,0,0,0,1
75159,0,0,0,0,0,0,0,0,1
75160,0,0,0,0,0,0,0,0,1
75161,0,0,0,0,0,0,0,0,1
75162,0,0,0,0,0,0,0,0,1
75163,0,0,0,0,0,0,0,0,1
75164,0,0,0,0,0,0,0,0,1
75165,0,0,0,0,0,0,0,0,1
75166,0,0,0,0,0,0,0,0,1
75167,0,0,0,0,0,0,0,0,1
75168,0,0,0,0,0,0,0,0,1
75169,0,0,0,0,0,0,0,0,1
75170,0,0,0,0,0,0,0,0,1
75171,0,0,0,0,0,0,0,0,1
75172,0,0,0,0,0,0,0,0,1
75173,0,0,0,0,0,0,0,0,1
75174,0,0,0,0,0,0,0,0,1
75175,0,0,0,0,0,0,0,0,1
75176,0,0,0,0,0,0,0,0,1
75177,0,0,0,0,0,0,0,0,1
75178,0,0,0,0,0,0,0,0,1
75179,0,0,0,0,0,0,0,0,1
75180,0,0,0,0,0,0,0,0,1
75181,0,0,0,0,0,0,0,0,1
75182,0,0,0,0,0,0,0,0,1
75183,0,0,0,0,0,0,0,0,1
75184,0,0,0,0,0,0,0,0,1
75185,0,0,0,0,0,0,0,0,1
75186,0,0,0,0,0,0,0,0,1
75187,0,0,0,0,0,0,0,0,1
75188,0,0,0,0,0,0,0,0,1
75189,0,0,0,0,0,0,0,0,1
75190,0,0,0,0,0,0,0,0,1
75191,0,0,0,0,0,0,0,0,1
75192,0,0,0,0,0,0,0,0,1
75193,0,0,0,0,0,0,0,0,1
75194,0,0,0,0,0,0,0,0,1
75195,0,0,0,0,0,0,0,0,1
75196,0,0,0,0,0,0,0,0,1
75197,0,0,0,0,0,0,0,0,1
75198,0,0,0,0,0,0,0,0,1
75199,0,0,0,0,0,0,0,0,1
75200,0,0,0,0,0,0,0,0,1
75201,0,0,0,0,0,0,0,0,1
75202,0,0,0,0,0,0,0,0,1
75203,0,0,0,0,0,0,0,0,1
75204,0,0,0,0,0,0,0,0,1
75205,0,0,0,0,0,0,0,0,1
75206,0,0,0,0,0,0,0,0,1
75207,0,0,0,0,0,0,0,0,1
75208,0,0,0,0,0,0,0,0,1
75209,0,0,0,0,0,0,0,0,1
75210,0,0,0,0,0,0,0,0,1
75211,0,0,0,0,0,0,0,0,1
75212,0,0,0,0,0,0,0,0,1
75213,0,0,0,0,0,0,0,0,1
75214,0,0,0,0,0,0,0,0,1
75215,0,0,0,0,0,0,0,0,1
75216,0,0,0,0,0,0,0,0,1
75217,0,0,0,0,0,0,0,0,1
75218,0,0,0,0,0,0,0,0,1
75219,0,0,0,0,0,0,0,0,1
75220,0,0,0,0,0,0,0,0,1
75221,0,0,0,0,0,0,0,0,1
75222,0,0,0,0,0,0,0,0,1
75223,0,0,0,0,0,0,0,0,1
75224,0,0,0,0,0,0,0,0,1
75225,0,0,0,0,0,0,0,0,1
75226,0,0,0,0,0,0,0,0,1
75227,0,0,0,0,0,0,0,0,1
75228,0,0,0,0,0,0,0,0,1
75229,0,0,0,0,0,0,0,0,1
75230,0,0,0,0,0,0,0,0,1
75231,0,0,0,0,0,0,0,0,1
75232,0,0,0,0,0,0,0,0,1
75233,0,0,0,0,0,0,0,0,1
75234,0,0,0,0,0,0,0,0,1
75235,0,0,0,0,0,0,0,0,1
75236,0,0,0,0,0,0,0,0,1
75237,0,0,0,0,0,0,0,0,1
75238,0,0,0,0,0,0,0,0,1
75239,0,0,0,0,0,0,0,0,1
75240,0,0,0,0,0,0,0,0,1
75241,0,0,0,0,0,0,0,0,1
75242,0,0,0,0,0,0,0,0,1
75243,0,0,0,0,0,0,0,0,1
75244,0,0,0,0,0,0,0,0,1
75245,0,0,0,0,0,0,0,0,1
75246,0,0,0,0,0,0,0,0,1
75247,0,0,0,0,0,0,0,0,1
75248,0,0,0,0,0,0,0,0,1
75249,0,0,0,0,0,0,0,0,1
75250,0,0,0,0,0,0,0,0,1
75251,0,0,0,0,0,0,0,0,1
75252,0,0,0,0,0,0,0,0,1
75253,0,0,0,0,0,0,0,0,1
75254,0,0,0,0,0,0,0,0,1
75255,0,0,0,0,0,0,0,0,1
75256,0,0,0,0,0,0,0,0,1
75257,0,0,0,0,0,0,0,0,1
75258,0,0,0,0,0,0,0,0,1
75259,0,0,0,0,0,0,0,0,1
75260,0,0,0,0,0,0,0,0,1
75261,0,0,0,0,0,0,0,0,1
75262,0,0,0,0,0,0,0,0,1
75263,0,0,0,0,0,0,0,0,1
75264,0,0,0,0,0,0,0,0,1
75265,0,0,0,0,0,0,0,0,1
75266,0,0,0,0,0,0,0,0,1
75267,0,0,0,0,0,0,0,0,1
75268,0,0,0,0,0,0,0,0,1
75269,0,0,0,0,0,0,0,0,1
75270,0,0,0,0,0,0,0,0,1
75271,0,0,0,0,0,0,0,0,1
75272,0,0,0,0,0,0,0,0,1
75273,0,0,0,0,0,0,0,0,1
75274,0,0,0,0,0,0,0,0,1
75275,0,0,0,0,0,0,0,0,1
75276,0,0,0,0,0,0,0,0,1
75277,0,0,0,0,0,0,0,0,1
75278,0,0,0,0,0,0,0,0,1
75279,0,0,0,0,0,0,0,0,1
75280,0,0,0,0,0,0,0,0,1
75281,0,0,0,0,0,0,0,0,1
75282,0,0,0,0,0,0,0,0,1
75283,0,0,0,0,0,0,0,0,1
75284,0,0,0,0,0,0,0,0,1
75285,0,0,0,0,0,0,0,0,1
75286,0,0,0,0,0,0,0,0,1
75287,0,0,0,0,0,0,0,0,1
75288,0,0,0,0,0,0,0,0,1
75289,0,0,0,0,0,0,0,0,1
75290,0,0,0,0,0,0,0,0,1
75291,0,0,0,0,0,0,0,0,1
75292,0,0,0,0,0,0,0,0,1
75293,0,0,0,0,0,0,0,0,1
75294,0,0,0,0,0,0,0,0,1
75295,0,0,0,0,0,0,0,0,1
75296,0,0,0,0,0,0,0,0,1
75297,0,0,0,0,0,0,0,0,1
75298,0,0,0,0,0,0,0,0,1
75299,0,0,0,0,0,0,0,0,1
75300,0,0,0,0,0,0,0,0,1
75301,0,0,0,0,0,0,0,0,1
75302,0,0,0,0,0,0,0,0,1
75303,0,0,0,0,0,0,0,0,1
75304,0,0,0,0,0,0,0,0,1
75305,0,0,0,0,0,0,0,0,1
75306,0,0,0,0,0,0,0,0,1
75307,0,0,0,0,0,0,0,0,1
75308,0,0,0,0,0,0,0,0,1
75309,0,0,0,0,0,0,0,0,1
75310,0,0,0,0,0,0,0,0,1
75311,0,0,0,0,0,0,0,0,1
75312,0,0,0,0,0,0,0,0,1
75313,0,0,0,0,0,0,0,0,1
75314,0,0,0,0,0,0,0,0,1
75315,0,0,0,0,0,0,0,0,1
75316,0,0,0,0,0,0,0,0,1
75317,0,0,0,0,0,0,0,0,1
75318,0,0,0,0,0,0,0,0,1
75319,0,0,0,0,0,0,0,0,1
75320,0,0,0,0,0,0,0,0,1
75321,0,0,0,0,0,0,0,0,1
75322,0,0,0,0,0,0,0,0,1
75323,0,0,0,0,0,0,0,0,1
75324,0,0,0,0,0,0,0,0,1
75325,0,0,0,0,0,0,0,0,1
75326,0,0,0,0,0,0,0,0,1
75327,0,0,0,0,0,0,0,0,1
75328,0,0,0,0,0,0,0,0,1
75329,0,0,0,0,0,0,0,0,1
75330,0,0,0,0,0,0,0,0,1
75331,0,0,0,0,0,0,0,0,1
75332,0,0,0,0,0,0,0,0,1
75333,0,0,0,0,0,0,0,0,1
75334,0,0,0,0,0,0,0,0,1
75335,0,0,0,0,0,0,0,0,1
75336,0,0,0,0,0,0,0,0,1
75337,0,0,0,0,0,0,0,0,1
75338,0,0,0,0,0,0,0,0,1
75339,0,0,0,0,0,0,0,0,1
75340,0,0,0,0,0,0,0,0,1
75341,0,0,0,0,0,0,0,0,1
75342,0,0,0,0,0,0,0,0,1
75343,0,0,0,0,0,0,0,0,1
75344,0,0,0,0,0,0,0,0,1
75345,0,0,0,0,0,0,0,0,1
75346,0,0,0,0,0,0,0,0,1
75347,0,0,0,0,0,0,0,0,1
75348,0,0,0,0,0,0,0,0,1
75349,0,0,0,0,0,0,0,0,1
75350,0,0,0,0,0,0,0,0,1
75351,0,0,0,0,0,0,0,0,1
75352,0,0,0,0,0,0,0,0,1
75353,0,0,0,0,0,0,0,0,1
75354,0,0,0,0,0,0,0,0,1
75355,0,0,0,0,0,0,0,0,1
75356,0,0,0,0,0,0,0,0,1
75357,0,0,0,0,0,0,0,0,1
75358,0,0,0,0,0,0,0,0,1
75359,0,0,0,0,0,0,0,0,1
75360,0,0,0,0,0,0,0,0,1
75361,0,0,0,0,0,0,0,0,1
75362,0,0,0,0,0,0,0,0,1
75363,0,0,0,0,0,0,0,0,1
75364,0,0,0,0,0,0,0,0,1
75365,0,0,0,0,0,0,0,0,1
75366,0,0,0,0,0,0,0,0,1
75367,0,0,0,0,0,0,0,0,1
75368,0,0,0,0,0,0,0,0,1
75369,0,0,0,0,0,0,0,0,1
75370,0,0,0,0,0,0,0,0,1
75371,0,0,0,0,0,0,0,0,1
75372,0,0,0,0,0,0,0,0,1
75373,0,0,0,0,0,0,0,0,1
75374,0,0,0,0,0,0,0,0,1
75375,0,0,0,0,0,0,0,0,1
75376,0,0,0,0,0,0,0,0,1
75377,0,0,0,0,0,0,0,0,1
75378,0,0,0,0,0,0,0,0,1
75379,0,0,0,0,0,0,0,0,1
75380,0,0,0,0,0,0,0,0,1
75381,0,0,0,0,0,0,0,0,1
75382,0,0,0,0,0,0,0,0,1
75383,0,0,0,0,0,0,0,0,1
75384,0,0,0,0,0,0,0,0,1
75385,0,0,0,0,0,0,0,0,1
75386,0,0,0,0,0,0,0,0,1
75387,0,0,0,0,0,0,0,0,1
75388,0,0,0,0,0,0,0,0,1
75389,0,0,0,0,0,0,0,0,1
75390,0,0,0,0,0,0,0,0,1
75391,0,0,0,0,0,0,0,0,1
75392,0,0,0,0,0,0,0,0,1
75393,0,0,0,0,0,0,0,0,1
75394,0,0,0,0,0,0,0,0,1
75395,0,0,0,0,0,0,0,0,1
75396,0,0,0,0,0,0,0,0,1
75397,0,0,0,0,0,0,0,0,1
75398,0,0,0,0,0,0,0,0,1
75399,0,0,0,0,0,0,0,0,1
75400,0,0,0,0,0,0,0,0,1
75401,0,0,0,0,0,0,0,0,1
75402,0,0,0,0,0,0,0,0,1
75403,0,0,0,0,0,0,0,0,1
75404,0,0,0,0,0,0,0,0,1
75405,0,0,0,0,0,0,0,0,1
75406,0,0,0,0,0,0,0,0,1
75407,0,0,0,0,0,0,0,0,1
75408,0,0,0,0,0,0,0,0,1
75409,0,0,0,0,0,0,0,0,1
75410,0,0,0,0,0,0,0,0,1
75411,0,0,0,0,0,0,0,0,1
75412,0,0,0,0,0,0,0,0,1
75413,0,0,0,0,0,0,0,0,1
75414,0,0,0,0,0,0,0,0,1
75415,0,0,0,0,0,0,0,0,1
75416,0,0,0,0,0,0,0,0,1
75417,0,0,0,0,0,0,0,0,1
75418,0,0,0,0,0,0,0,0,1
75419,0,0,0,0,0,0,0,0,1
75420,0,0,0,0,0,0,0,0,1
75421,0,0,0,0,0,0,0,0,1
75422,0,0,0,0,0,0,0,0,1
75423,0,0,0,0,0,0,0,0,1
75424,0,0,0,0,0,0,0,0,1
75425,0,0,0,0,0,0,0,0,1
75426,0,0,0,0,0,0,0,0,1
75427,0,0,0,0,0,0,0,0,1
75428,0,0,0,0,0,0,0,0,1
75429,0,0,0,0,0,0,0,0,1
75430,0,0,0,0,0,0,0,0,1
75431,0,0,0,0,0,0,0,0,1
75432,0,0,0,0,0,0,0,0,1
75433,0,0,0,0,0,0,0,0,1
75434,0,0,0,0,0,0,0,0,1
75435,0,0,0,0,0,0,0,0,1
75436,0,0,0,0,0,0,0,0,1
75437,0,0,0,0,0,0,0,0,1
75438,0,0,0,0,0,0,0,0,1
75439,0,0,0,0,0,0,0,0,1
75440,0,0,0,0,0,0,0,0,1
75441,0,0,0,0,0,0,0,0,1
75442,0,0,0,0,0,0,0,0,1
75443,0,0,0,0,0,0,0,0,1
75444,0,0,0,0,0,0,0,0,1
75445,0,0,0,0,0,0,0,0,1
75446,0,0,0,0,0,0,0,0,1
75447,0,0,0,0,0,0,0,0,1
75448,0,0,0,0,0,0,0,0,1
75449,0,0,0,0,0,0,0,0,1
75450,0,0,0,0,0,0,0,0,1
75451,0,0,0,0,0,0,0,0,1
75452,0,0,0,0,0,0,0,0,1
75453,0,0,0,0,0,0,0,0,1
75454,0,0,0,0,0,0,0,0,1
75455,0,0,0,0,0,0,0,0,1
75456,0,0,0,0,0,0,0,0,1
75457,0,0,0,0,0,0,0,0,1
75458,0,0,0,0,0,0,0,0,1
75459,0,0,0,0,0,0,0,0,1
75460,0,0,0,0,0,0,0,0,1
75461,0,0,0,0,0,0,0,0,1
75462,0,0,0,0,0,0,0,0,1
75463,0,0,0,0,0,0,0,0,1
75464,0,0,0,0,0,0,0,0,1
75465,0,0,0,0,0,0,0,0,1
75466,0,0,0,0,0,0,0,0,1
75467,0,0,0,0,0,0,0,0,1
75468,0,0,0,0,0,0,0,0,1
75469,0,0,0,0,0,0,0,0,1
75470,0,0,0,0,0,0,0,0,1
75471,0,0,0,0,0,0,0,0,1
75472,0,0,0,0,0,0,0,0,1
75473,0,0,0,0,0,0,0,0,1
75474,0,0,0,0,0,0,0,0,1
75475,0,0,0,0,0,0,0,0,1
75476,0,0,0,0,0,0,0,0,1
75477,0,0,0,0,0,0,0,0,1
75478,0,0,0,0,0,0,0,0,1
75479,0,0,0,0,0,0,0,0,1
75480,0,0,0,0,0,0,0,0,1
75481,0,0,0,0,0,0,0,0,1
75482,0,0,0,0,0,0,0,0,1
75483,0,0,0,0,0,0,0,0,1
75484,0,0,0,0,0,0,0,0,1
75485,0,0,0,0,0,0,0,0,1
75486,0,0,0,0,0,0,0,0,1
75487,0,0,0,0,0,0,0,0,1
75488,0,0,0,0,0,0,0,0,1
75489,0,0,0,0,0,0,0,0,1
75490,0,0,0,0,0,0,0,0,1
75491,0,0,0,0,0,0,0,0,1
75492,0,0,0,0,0,0,0,0,1
75493,0,0,0,0,0,0,0,0,1
75494,0,0,0,0,0,0,0,0,1
75495,0,0,0,0,0,0,0,0,1
75496,0,0,0,0,0,0,0,0,1
75497,0,0,0,0,0,0,0,0,1
75498,0,0,0,0,0,0,0,0,1
75499,0,0,0,0,0,0,0,0,1
75500,0,0,0,0,0,0,0,0,1
75501,0,0,0,0,0,0,0,0,1
75502,0,0,0,0,0,0,0,0,1
75503,0,0,0,0,0,0,0,0,1
75504,0,0,0,0,0,0,0,0,1
75505,0,0,0,0,0,0,0,0,1
75506,0,0,0,0,0,0,0,0,1
75507,0,0,0,0,0,0,0,0,1
75508,0,0,0,0,0,0,0,0,1
75509,0,0,0,0,0,0,0,0,1
75510,0,0,0,0,0,0,0,0,1
75511,0,0,0,0,0,0,0,0,1
75512,0,0,0,0,0,0,0,0,1
75513,0,0,0,0,0,0,0,0,1
75514,0,0,0,0,0,0,0,0,1
75515,0,0,0,0,0,0,0,0,1
75516,0,0,0,0,0,0,0,0,1
75517,0,0,0,0,0,0,0,0,1
75518,0,0,0,0,0,0,0,0,1
75519,0,0,0,0,0,0,0,0,1
75520,0,0,0,0,0,0,0,0,1
75521,0,0,0,0,0,0,0,0,1
75522,0,0,0,0,0,0,0,0,1
75523,0,0,0,0,0,0,0,0,1
75524,0,0,0,0,0,0,0,0,1
75525,0,0,0,0,0,0,0,0,1
75526,0,0,0,0,0,0,0,0,1
75527,0,0,0,0,0,0,0,0,1
75528,0,0,0,0,0,0,0,0,1
75529,0,0,0,0,0,0,0,0,1
75530,0,0,0,0,0,0,0,0,1
75531,0,0,0,0,0,0,0,0,1
75532,0,0,0,0,0,0,0,0,1
75533,0,0,0,0,0,0,0,0,1
75534,0,0,0,0,0,0,0,0,1
75535,0,0,0,0,0,0,0,0,1
75536,0,0,0,0,0,0,0,0,1
75537,0,0,0,0,0,0,0,0,1
75538,0,0,0,0,0,0,0,0,1
75539,0,0,0,0,0,0,0,0,1
75540,0,0,0,0,0,0,0,0,1
75541,0,0,0,0,0,0,0,0,1
75542,0,0,0,0,0,0,0,0,1
75543,0,0,0,0,0,0,0,0,1
75544,0,0,0,0,0,0,0,0,1
75545,0,0,0,0,0,0,0,0,1
75546,0,0,0,0,0,0,0,0,1
75547,0,0,0,0,0,0,0,0,1
75548,0,0,0,0,0,0,0,0,1
75549,0,0,0,0,0,0,0,0,1
75550,0,0,0,0,0,0,0,0,1
75551,0,0,0,0,0,0,0,0,1
75552,0,0,0,0,0,0,0,0,1
75553,0,0,0,0,0,0,0,0,1
75554,0,0,0,0,0,0,0,0,1
75555,0,0,0,0,0,0,0,0,1
75556,0,0,0,0,0,0,0,0,1
75557,0,0,0,0,0,0,0,0,1
75558,0,0,0,0,0,0,0,0,1
75559,0,0,0,0,0,0,0,0,1
75560,0,0,0,0,0,0,0,0,1
75561,0,0,0,0,0,0,0,0,1
75562,0,0,0,0,0,0,0,0,1
75563,0,0,0,0,0,0,0,0,1
75564,0,0,0,0,0,0,0,0,1
75565,0,0,0,0,0,0,0,0,1
75566,0,0,0,0,0,0,0,0,1
75567,0,0,0,0,0,0,0,0,1
75568,0,0,0,0,0,0,0,0,1
75569,0,0,0,0,0,0,0,0,1
75570,0,0,0,0,0,0,0,0,1
75571,0,0,0,0,0,0,0,0,1
75572,0,0,0,0,0,0,0,0,1
75573,0,0,0,0,0,0,0,0,1
75574,0,0,0,0,0,0,0,0,1
75575,0,0,0,0,0,0,0,0,1
75576,0,0,0,0,0,0,0,0,1
75577,0,0,0,0,0,0,0,0,1
75578,0,0,0,0,0,0,0,0,1
75579,0,0,0,0,0,0,0,0,1
75580,0,0,0,0,0,0,0,0,1
75581,0,0,0,0,0,0,0,0,1
75582,0,0,0,0,0,0,0,0,1
75583,0,0,0,0,0,0,0,0,1
75584,0,0,0,0,0,0,0,0,1
75585,0,0,0,0,0,0,0,0,1
75586,0,0,0,0,0,0,0,0,1
75587,0,0,0,0,0,0,0,0,1
75588,0,0,0,0,0,0,0,0,1
75589,0,0,0,0,0,0,0,0,1
75590,0,0,0,0,0,0,0,0,1
75591,0,0,0,0,0,0,0,0,1
75592,0,0,0,0,0,0,0,0,1
75593,0,0,0,0,0,0,0,0,1
75594,0,0,0,0,0,0,0,0,1
75595,0,0,0,0,0,0,0,0,1
75596,0,0,0,0,0,0,0,0,1
75597,0,0,0,0,0,0,0,0,1
75598,0,0,0,0,0,0,0,0,1
75599,0,0,0,0,0,0,0,0,1
75600,0,0,0,0,0,0,0,0,1
75601,0,0,0,0,0,0,0,0,1
75602,0,0,0,0,0,0,0,0,1
75603,0,0,0,0,0,0,0,0,1
75604,0,0,0,0,0,0,0,0,1
75605,0,0,0,0,0,0,0,0,1
75606,0,0,0,0,0,0,0,0,1
75607,0,0,0,0,0,0,0,0,1
75608,0,0,0,0,0,0,0,0,1
75609,0,0,0,0,0,0,0,0,1
75610,0,0,0,0,0,0,0,0,1
75611,0,0,0,0,0,0,0,0,1
75612,0,0,0,0,0,0,0,0,1
75613,0,0,0,0,0,0,0,0,1
75614,0,0,0,0,0,0,0,0,1
75615,0,0,0,0,0,0,0,0,1
75616,0,0,0,0,0,0,0,0,1
75617,0,0,0,0,0,0,0,0,1
75618,0,0,0,0,0,0,0,0,1
75619,0,0,0,0,0,0,0,0,1
75620,0,0,0,0,0,0,0,0,1
75621,0,0,0,0,0,0,0,0,1
75622,0,0,0,0,0,0,0,0,1
75623,0,0,0,0,0,0,0,0,1
75624,0,0,0,0,0,0,0,0,1
75625,0,0,0,0,0,0,0,0,1
75626,0,0,0,0,0,0,0,0,1
75627,0,0,0,0,0,0,0,0,1
75628,0,0,0,0,0,0,0,0,1
75629,0,0,0,0,0,0,0,0,1
75630,0,0,0,0,0,0,0,0,1
75631,0,0,0,0,0,0,0,0,1
75632,0,0,0,0,0,0,0,0,1
75633,0,0,0,0,0,0,0,0,1
75634,0,0,0,0,0,0,0,0,1
75635,0,0,0,0,0,0,0,0,1
75636,0,0,0,0,0,0,0,0,1
75637,0,0,0,0,0,0,0,0,1
75638,0,0,0,0,0,0,0,0,1
75639,0,0,0,0,0,0,0,0,1
75640,0,0,0,0,0,0,0,0,1
75641,0,0,0,0,0,0,0,0,1
75642,0,0,0,0,0,0,0,0,1
75643,0,0,0,0,0,0,0,0,1
75644,0,0,0,0,0,0,0,0,1
75645,0,0,0,0,0,0,0,0,1
75646,0,0,0,0,0,0,0,0,1
75647,0,0,0,0,0,0,0,0,1
75648,0,0,0,0,0,0,0,0,1
75649,0,0,0,0,0,0,0,0,1
75650,0,0,0,0,0,0,0,0,1
75651,0,0,0,0,0,0,0,0,1
75652,0,0,0,0,0,0,0,0,1
75653,0,0,0,0,0,0,0,0,1
75654,0,0,0,0,0,0,0,0,1
75655,0,0,0,0,0,0,0,0,1
75656,0,0,0,0,0,0,0,0,1
75657,0,0,0,0,0,0,0,0,1
75658,0,0,0,0,0,0,0,0,1
75659,0,0,0,0,0,0,0,0,1
75660,0,0,0,0,0,0,0,0,1
75661,0,0,0,0,0,0,0,0,1
75662,0,0,0,0,0,0,0,0,1
75663,0,0,0,0,0,0,0,0,1
75664,0,0,0,0,0,0,0,0,1
75665,0,0,0,0,0,0,0,0,1
75666,0,0,0,0,0,0,0,0,1
75667,0,0,0,0,0,0,0,0,1
75668,0,0,0,0,0,0,0,0,1
75669,0,0,0,0,0,0,0,0,1
75670,0,0,0,0,0,0,0,0,1
75671,0,0,0,0,0,0,0,0,1
75672,0,0,0,0,0,0,0,0,1
75673,0,0,0,0,0,0,0,0,1
75674,0,0,0,0,0,0,0,0,1
75675,0,0,0,0,0,0,0,0,1
75676,0,0,0,0,0,0,0,0,1
75677,0,0,0,0,0,0,0,0,1
75678,0,0,0,0,0,0,0,0,1
75679,0,0,0,0,0,0,0,0,1
75680,0,0,0,0,0,0,0,0,1
75681,0,0,0,0,0,0,0,0,1
75682,0,0,0,0,0,0,0,0,1
75683,0,0,0,0,0,0,0,0,1
75684,0,0,0,0,0,0,0,0,1
75685,0,0,0,0,0,0,0,0,1
75686,0,0,0,0,0,0,0,0,1
75687,0,0,0,0,0,0,0,0,1
75688,0,0,0,0,0,0,0,0,1
75689,0,0,0,0,0,0,0,0,1
75690,0,0,0,0,0,0,0,0,1
75691,0,0,0,0,0,0,0,0,1
75692,0,0,0,0,0,0,0,0,1
75693,0,0,0,0,0,0,0,0,1
75694,0,0,0,0,0,0,0,0,1
75695,0,0,0,0,0,0,0,0,1
75696,0,0,0,0,0,0,0,0,1
75697,0,0,0,0,0,0,0,0,1
75698,0,0,0,0,0,0,0,0,1
75699,0,0,0,0,0,0,0,0,1
75700,0,0,0,0,0,0,0,0,1
75701,0,0,0,0,0,0,0,0,1
75702,0,0,0,0,0,0,0,0,1
75703,0,0,0,0,0,0,0,0,1
75704,0,0,0,0,0,0,0,0,1
75705,0,0,0,0,0,0,0,0,1
75706,0,0,0,0,0,0,0,0,1
75707,0,0,0,0,0,0,0,0,1
75708,0,0,0,0,0,0,0,0,1
75709,0,0,0,0,0,0,0,0,1
75710,0,0,0,0,0,0,0,0,1
75711,0,0,0,0,0,0,0,0,1
75712,0,0,0,0,0,0,0,0,1
75713,0,0,0,0,0,0,0,0,1
75714,0,0,0,0,0,0,0,0,1
75715,0,0,0,0,0,0,0,0,1
75716,0,0,0,0,0,0,0,0,1
75717,0,0,0,0,0,0,0,0,1
75718,0,0,0,0,0,0,0,0,1
75719,0,0,0,0,0,0,0,0,1
75720,0,0,0,0,0,0,0,0,1
75721,0,0,0,0,0,0,0,0,1
75722,0,0,0,0,0,0,0,0,1
75723,0,0,0,0,0,0,0,0,1
75724,0,0,0,0,0,0,0,0,1
75725,0,0,0,0,0,0,0,0,1
75726,0,0,0,0,0,0,0,0,1
75727,0,0,0,0,0,0,0,0,1
75728,0,0,0,0,0,0,0,0,1
75729,0,0,0,0,0,0,0,0,1
75730,0,0,0,0,0,0,0,0,1
75731,0,0,0,0,0,0,0,0,1
75732,0,0,0,0,0,0,0,0,1
75733,0,0,0,0,0,0,0,0,1
75734,0,0,0,0,0,0,0,0,1
75735,0,0,0,0,0,0,0,0,1
75736,0,0,0,0,0,0,0,0,1
75737,0,0,0,0,0,0,0,0,1
75738,0,0,0,0,0,0,0,0,1
75739,0,0,0,0,0,0,0,0,1
75740,0,0,0,0,0,0,0,0,1
75741,0,0,0,0,0,0,0,0,1
75742,0,0,0,0,0,0,0,0,1
75743,0,0,0,0,0,0,0,0,1
75744,0,0,0,0,0,0,0,0,1
75745,0,0,0,0,0,0,0,0,1
75746,0,0,0,0,0,0,0,0,1
75747,0,0,0,0,0,0,0,0,1
75748,0,0,0,0,0,0,0,0,1
75749,0,0,0,0,0,0,0,0,1
75750,0,0,0,0,0,0,0,0,1
75751,0,0,0,0,0,0,0,0,1
75752,0,0,0,0,0,0,0,0,1
75753,0,0,0,0,0,0,0,0,1
75754,0,0,0,0,0,0,0,0,1
75755,0,0,0,0,0,0,0,0,1
75756,0,0,0,0,0,0,0,0,1
75757,0,0,0,0,0,0,0,0,1
75758,0,0,0,0,0,0,0,0,1
75759,0,0,0,0,0,0,0,0,1
75760,0,0,0,0,0,0,0,0,1
75761,0,0,0,0,0,0,0,0,1
75762,0,0,0,0,0,0,0,0,1
75763,0,0,0,0,0,0,0,0,1
75764,0,0,0,0,0,0,0,0,1
75765,0,0,0,0,0,0,0,0,1
75766,0,0,0,0,0,0,0,0,1
75767,0,0,0,0,0,0,0,0,1
75768,0,0,0,0,0,0,0,0,1
75769,0,0,0,0,0,0,0,0,1
75770,0,0,0,0,0,0,0,0,1
75771,0,0,0,0,0,0,0,0,1
75772,0,0,0,0,0,0,0,0,1
75773,0,0,0,0,0,0,0,0,1
75774,0,0,0,0,0,0,0,0,1
75775,0,0,0,0,0,0,0,0,1
75776,0,0,0,0,0,0,0,0,1
75777,0,0,0,0,0,0,0,0,1
75778,0,0,0,0,0,0,0,0,1
75779,0,0,0,0,0,0,0,0,1
75780,0,0,0,0,0,0,0,0,1
75781,0,0,0,0,0,0,0,0,1
75782,0,0,0,0,0,0,0,0,1
75783,0,0,0,0,0,0,0,0,1
75784,0,0,0,0,0,0,0,0,1
75785,0,0,0,0,0,0,0,0,1
75786,0,0,0,0,0,0,0,0,1
75787,0,0,0,0,0,0,0,0,1
75788,0,0,0,0,0,0,0,0,1
75789,0,0,0,0,0,0,0,0,1
75790,0,0,0,0,0,0,0,0,1
75791,0,0,0,0,0,0,0,0,1
75792,0,0,0,0,0,0,0,0,1
75793,0,0,0,0,0,0,0,0,1
75794,0,0,0,0,0,0,0,0,1
75795,0,0,0,0,0,0,0,0,1
75796,0,0,0,0,0,0,0,0,1
75797,0,0,0,0,0,0,0,0,1
75798,0,0,0,0,0,0,0,0,1
75799,0,0,0,0,0,0,0,0,1
75800,0,0,0,0,0,0,0,0,1
75801,0,0,0,0,0,0,0,0,1
75802,0,0,0,0,0,0,0,0,1
75803,0,0,0,0,0,0,0,0,1
75804,0,0,0,0,0,0,0,0,1
75805,0,0,0,0,0,0,0,0,1
75806,0,0,0,0,0,0,0,0,1
75807,0,0,0,0,0,0,0,0,1
75808,0,0,0,0,0,0,0,0,1
75809,0,0,0,0,0,0,0,0,1
75810,0,0,0,0,0,0,0,0,1
75811,0,0,0,0,0,0,0,0,1
75812,0,0,0,0,0,0,0,0,1
75813,0,0,0,0,0,0,0,0,1
75814,0,0,0,0,0,0,0,0,1
75815,0,0,0,0,0,0,0,0,1
75816,0,0,0,0,0,0,0,0,1
75817,0,0,0,0,0,0,0,0,1
75818,0,0,0,0,0,0,0,0,1
75819,0,0,0,0,0,0,0,0,1
75820,0,0,0,0,0,0,0,0,1
75821,0,0,0,0,0,0,0,0,1
75822,0,0,0,0,0,0,0,0,1
75823,0,0,0,0,0,0,0,0,1
75824,0,0,0,0,0,0,0,0,1
75825,0,0,0,0,0,0,0,0,1
75826,0,0,0,0,0,0,0,0,1
75827,0,0,0,0,0,0,0,0,1
75828,0,0,0,0,0,0,0,0,1
75829,0,0,0,0,0,0,0,0,1
75830,0,0,0,0,0,0,0,0,1
75831,0,0,0,0,0,0,0,0,1
75832,0,0,0,0,0,0,0,0,1
75833,0,0,0,0,0,0,0,0,1
75834,0,0,0,0,0,0,0,0,1
75835,0,0,0,0,0,0,0,0,1
75836,0,0,0,0,0,0,0,0,1
75837,0,0,0,0,0,0,0,0,1
75838,0,0,0,0,0,0,0,0,1
75839,0,0,0,0,0,0,0,0,1
75840,0,0,0,0,0,0,0,0,1
75841,0,0,0,0,0,0,0,0,1
75842,0,0,0,0,0,0,0,0,1
75843,0,0,0,0,0,0,0,0,1
75844,0,0,0,0,0,0,0,0,1
75845,0,0,0,0,0,0,0,0,1
75846,0,0,0,0,0,0,0,0,1
75847,0,0,0,0,0,0,0,0,1
75848,0,0,0,0,0,0,0,0,1
75849,0,0,0,0,0,0,0,0,1
75850,0,0,0,0,0,0,0,0,1
75851,0,0,0,0,0,0,0,0,1
75852,0,0,0,0,0,0,0,0,1
75853,0,0,0,0,0,0,0,0,1
75854,0,0,0,0,0,0,0,0,1
75855,0,0,0,0,0,0,0,0,1
75856,0,0,0,0,0,0,0,0,1
75857,0,0,0,0,0,0,0,0,1
75858,0,0,0,0,0,0,0,0,1
75859,0,0,0,0,0,0,0,0,1
75860,0,0,0,0,0,0,0,0,1
75861,0,0,0,0,0,0,0,0,1
75862,0,0,0,0,0,0,0,0,1
75863,0,0,0,0,0,0,0,0,1
75864,0,0,0,0,0,0,0,0,1
75865,0,0,0,0,0,0,0,0,1
75866,0,0,0,0,0,0,0,0,1
75867,0,0,0,0,0,0,0,0,1
75868,0,0,0,0,0,0,0,0,1
75869,0,0,0,0,0,0,0,0,1
75870,0,0,0,0,0,0,0,0,1
75871,0,0,0,0,0,0,0,0,1
75872,0,0,0,0,0,0,0,0,1
75873,0,0,0,0,0,0,0,0,1
75874,0,0,0,0,0,0,0,0,1
75875,0,0,0,0,0,0,0,0,1
75876,0,0,0,0,0,0,0,0,1
75877,0,0,0,0,0,0,0,0,1
75878,0,0,0,0,0,0,0,0,1
75879,0,0,0,0,0,0,0,0,1
75880,0,0,0,0,0,0,0,0,1
75881,0,0,0,0,0,0,0,0,1
75882,0,0,0,0,0,0,0,0,1
75883,0,0,0,0,0,0,0,0,1
75884,0,0,0,0,0,0,0,0,1
75885,0,0,0,0,0,0,0,0,1
75886,0,0,0,0,0,0,0,0,1
75887,0,0,0,0,0,0,0,0,1
75888,0,0,0,0,0,0,0,0,1
75889,0,0,0,0,0,0,0,0,1
75890,0,0,0,0,0,0,0,0,1
75891,0,0,0,0,0,0,0,0,1
75892,0,0,0,0,0,0,0,0,1
75893,0,0,0,0,0,0,0,0,1
75894,0,0,0,0,0,0,0,0,1
75895,0,0,0,0,0,0,0,0,1
75896,0,0,0,0,0,0,0,0,1
75897,0,0,0,0,0,0,0,0,1
75898,0,0,0,0,0,0,0,0,1
75899,0,0,0,0,0,0,0,0,1
75900,0,0,0,0,0,0,0,0,1
75901,0,0,0,0,0,0,0,0,1
75902,0,0,0,0,0,0,0,0,1
75903,0,0,0,0,0,0,0,0,1
75904,0,0,0,0,0,0,0,0,1
75905,0,0,0,0,0,0,0,0,1
75906,0,0,0,0,0,0,0,0,1
75907,0,0,0,0,0,0,0,0,1
75908,0,0,0,0,0,0,0,0,1
75909,0,0,0,0,0,0,0,0,1
75910,0,0,0,0,0,0,0,0,1
75911,0,0,0,0,0,0,0,0,1
75912,0,0,0,0,0,0,0,0,1
75913,0,0,0,0,0,0,0,0,1
75914,0,0,0,0,0,0,0,0,1
75915,0,0,0,0,0,0,0,0,1
75916,0,0,0,0,0,0,0,0,1
75917,0,0,0,0,0,0,0,0,1
75918,0,0,0,0,0,0,0,0,1
75919,0,0,0,0,0,0,0,0,1
75920,0,0,0,0,0,0,0,0,1
75921,0,0,0,0,0,0,0,0,1
75922,0,0,0,0,0,0,0,0,1
75923,0,0,0,0,0,0,0,0,1
75924,0,0,0,0,0,0,0,0,1
75925,0,0,0,0,0,0,0,0,1
75926,0,0,0,0,0,0,0,0,1
75927,0,0,0,0,0,0,0,0,1
75928,0,0,0,0,0,0,0,0,1
75929,0,0,0,0,0,0,0,0,1
75930,0,0,0,0,0,0,0,0,1
75931,0,0,0,0,0,0,0,0,1
75932,0,0,0,0,0,0,0,0,1
75933,0,0,0,0,0,0,0,0,1
75934,0,0,0,0,0,0,0,0,1
75935,0,0,0,0,0,0,0,0,1
75936,0,0,0,0,0,0,0,0,1
75937,0,0,0,0,0,0,0,0,1
75938,0,0,0,0,0,0,0,0,1
75939,0,0,0,0,0,0,0,0,1
75940,0,0,0,0,0,0,0,0,1
75941,0,0,0,0,0,0,0,0,1
75942,0,0,0,0,0,0,0,0,1
75943,0,0,0,0,0,0,0,0,1
75944,0,0,0,0,0,0,0,0,1
75945,0,0,0,0,0,0,0,0,1
75946,0,0,0,0,0,0,0,0,1
75947,0,0,0,0,0,0,0,0,1
75948,0,0,0,0,0,0,0,0,1
75949,0,0,0,0,0,0,0,0,1
75950,0,0,0,0,0,0,0,0,1
75951,0,0,0,0,0,0,0,0,1
75952,0,0,0,0,0,0,0,0,1
75953,0,0,0,0,0,0,0,0,1
75954,0,0,0,0,0,0,0,0,1
75955,0,0,0,0,0,0,0,0,1
75956,0,0,0,0,0,0,0,0,1
75957,0,0,0,0,0,0,0,0,1
75958,0,0,0,0,0,0,0,0,1
75959,0,0,0,0,0,0,0,0,1
75960,0,0,0,0,0,0,0,0,1
75961,0,0,0,0,0,0,0,0,1
75962,0,0,0,0,0,0,0,0,1
75963,0,0,0,0,0,0,0,0,1
75964,0,0,0,0,0,0,0,0,1
75965,0,0,0,0,0,0,0,0,1
75966,0,0,0,0,0,0,0,0,1
75967,0,0,0,0,0,0,0,0,1
75968,0,0,0,0,0,0,0,0,1
75969,0,0,0,0,0,0,0,0,1
75970,0,0,0,0,0,0,0,0,1
75971,0,0,0,0,0,0,0,0,1
75972,0,0,0,0,0,0,0,0,1
75973,0,0,0,0,0,0,0,0,1
75974,0,0,0,0,0,0,0,0,1
75975,0,0,0,0,0,0,0,0,1
75976,0,0,0,0,0,0,0,0,1
75977,0,0,0,0,0,0,0,0,1
75978,0,0,0,0,0,0,0,0,1
75979,0,0,0,0,0,0,0,0,1
75980,0,0,0,0,0,0,0,0,1
75981,0,0,0,0,0,0,0,0,1
75982,0,0,0,0,0,0,0,0,1
75983,0,0,0,0,0,0,0,0,1
75984,0,0,0,0,0,0,0,0,1
75985,0,0,0,0,0,0,0,0,1
75986,0,0,0,0,0,0,0,0,1
75987,0,0,0,0,0,0,0,0,1
75988,0,0,0,0,0,0,0,0,1
75989,0,0,0,0,0,0,0,0,1
75990,0,0,0,0,0,0,0,0,1
75991,0,0,0,0,0,0,0,0,1
75992,0,0,0,0,0,0,0,0,1
75993,0,0,0,0,0,0,0,0,1
75994,0,0,0,0,0,0,0,0,1
75995,0,0,0,0,0,0,0,0,1
75996,0,0,0,0,0,0,0,0,1
75997,0,0,0,0,0,0,0,0,1
75998,0,0,0,0,0,0,0,0,1
75999,0,0,0,0,0,0,0,0,1
76000,0,0,0,0,0,0,0,0,1
76001,0,0,0,0,0,0,0,0,1
76002,0,0,0,0,0,0,0,0,1
76003,0,0,0,0,0,0,0,0,1
76004,0,0,0,0,0,0,0,0,1
76005,0,0,0,0,0,0,0,0,1
76006,0,0,0,0,0,0,0,0,1
76007,0,0,0,0,0,0,0,0,1
76008,0,0,0,0,0,0,0,0,1
76009,0,0,0,0,0,0,0,0,1
76010,0,0,0,0,0,0,0,0,1
76011,0,0,0,0,0,0,0,0,1
76012,0,0,0,0,0,0,0,0,1
76013,0,0,0,0,0,0,0,0,1
76014,0,0,0,0,0,0,0,0,1
76015,0,0,0,0,0,0,0,0,1
76016,0,0,0,0,0,0,0,0,1
76017,0,0,0,0,0,0,0,0,1
76018,0,0,0,0,0,0,0,0,1
76019,0,0,0,0,0,0,0,0,1
76020,0,0,0,0,0,0,0,0,1
76021,0,0,0,0,0,0,0,0,1
76022,0,0,0,0,0,0,0,0,1
76023,0,0,0,0,0,0,0,0,1
76024,0,0,0,0,0,0,0,0,1
76025,0,0,0,0,0,0,0,0,1
76026,0,0,0,0,0,0,0,0,1
76027,0,0,0,0,0,0,0,0,1
76028,0,0,0,0,0,0,0,0,1
76029,0,0,0,0,0,0,0,0,1
76030,0,0,0,0,0,0,0,0,1
76031,0,0,0,0,0,0,0,0,1
76032,0,0,0,0,0,0,0,0,1
76033,0,0,0,0,0,0,0,0,1
76034,0,0,0,0,0,0,0,0,1
76035,0,0,0,0,0,0,0,0,1
76036,0,0,0,0,0,0,0,0,1
76037,0,0,0,0,0,0,0,0,1
76038,0,0,0,0,0,0,0,0,1
76039,0,0,0,0,0,0,0,0,1
76040,0,0,0,0,0,0,0,0,1
76041,0,0,0,0,0,0,0,0,1
76042,0,0,0,0,0,0,0,0,1
76043,0,0,0,0,0,0,0,0,1
76044,0,0,0,0,0,0,0,0,1
76045,0,0,0,0,0,0,0,0,1
76046,0,0,0,0,0,0,0,0,1
76047,0,0,0,0,0,0,0,0,1
76048,0,0,0,0,0,0,0,0,1
76049,0,0,0,0,0,0,0,0,1
76050,0,0,0,0,0,0,0,0,1
76051,0,0,0,0,0,0,0,0,1
76052,0,0,0,0,0,0,0,0,1
76053,0,0,0,0,0,0,0,0,1
76054,0,0,0,0,0,0,0,0,1
76055,0,0,0,0,0,0,0,0,1
76056,0,0,0,0,0,0,0,0,1
76057,0,0,0,0,0,0,0,0,1
76058,0,0,0,0,0,0,0,0,1
76059,0,0,0,0,0,0,0,0,1
76060,0,0,0,0,0,0,0,0,1
76061,0,0,0,0,0,0,0,0,1
76062,0,0,0,0,0,0,0,0,1
76063,0,0,0,0,0,0,0,0,1
76064,0,0,0,0,0,0,0,0,1
76065,0,0,0,0,0,0,0,0,1
76066,0,0,0,0,0,0,0,0,1
76067,0,0,0,0,0,0,0,0,1
76068,0,0,0,0,0,0,0,0,1
76069,0,0,0,0,0,0,0,0,1
76070,0,0,0,0,0,0,0,0,1
76071,0,0,0,0,0,0,0,0,1
76072,0,0,0,0,0,0,0,0,1
76073,0,0,0,0,0,0,0,0,1
76074,0,0,0,0,0,0,0,0,1
76075,0,0,0,0,0,0,0,0,1
76076,0,0,0,0,0,0,0,0,1
76077,0,0,0,0,0,0,0,0,1
76078,0,0,0,0,0,0,0,0,1
76079,0,0,0,0,0,0,0,0,1
76080,0,0,0,0,0,0,0,0,1
76081,0,0,0,0,0,0,0,0,1
76082,0,0,0,0,0,0,0,0,1
76083,0,0,0,0,0,0,0,0,1
76084,0,0,0,0,0,0,0,0,1
76085,0,0,0,0,0,0,0,0,1
76086,0,0,0,0,0,0,0,0,1
76087,0,0,0,0,0,0,0,0,1
76088,0,0,0,0,0,0,0,0,1
76089,0,0,0,0,0,0,0,0,1
76090,0,0,0,0,0,0,0,0,1
76091,0,0,0,0,0,0,0,0,1
76092,0,0,0,0,0,0,0,0,1
76093,0,0,0,0,0,0,0,0,1
76094,0,0,0,0,0,0,0,0,1
76095,0,0,0,0,0,0,0,0,1
76096,0,0,0,0,0,0,0,0,1
76097,0,0,0,0,0,0,0,0,1
76098,0,0,0,0,0,0,0,0,1
76099,0,0,0,0,0,0,0,0,1
76100,0,0,0,0,0,0,0,0,1
76101,0,0,0,0,0,0,0,0,1
76102,0,0,0,0,0,0,0,0,1
76103,0,0,0,0,0,0,0,0,1
76104,0,0,0,0,0,0,0,0,1
76105,0,0,0,0,0,0,0,0,1
76106,0,0,0,0,0,0,0,0,1
76107,0,0,0,0,0,0,0,0,1
76108,0,0,0,0,0,0,0,0,1
76109,0,0,0,0,0,0,0,0,1
76110,0,0,0,0,0,0,0,0,1
76111,0,0,0,0,0,0,0,0,1
76112,0,0,0,0,0,0,0,0,1
76113,0,0,0,0,0,0,0,0,1
76114,0,0,0,0,0,0,0,0,1
76115,0,0,0,0,0,0,0,0,1
76116,0,0,0,0,0,0,0,0,1
76117,0,0,0,0,0,0,0,0,1
76118,0,0,0,0,0,0,0,0,1
76119,0,0,0,0,0,0,0,0,1
76120,0,0,0,0,0,0,0,0,1
76121,0,0,0,0,0,0,0,0,1
76122,0,0,0,0,0,0,0,0,1
76123,0,0,0,0,0,0,0,0,1
76124,0,0,0,0,0,0,0,0,1
76125,0,0,0,0,0,0,0,0,1
76126,0,0,0,0,0,0,0,0,1
76127,0,0,0,0,0,0,0,0,1
76128,0,0,0,0,0,0,0,0,1
76129,0,0,0,0,0,0,0,0,1
76130,0,0,0,0,0,0,0,0,1
76131,0,0,0,0,0,0,0,0,1
76132,0,0,0,0,0,0,0,0,1
76133,0,0,0,0,0,0,0,0,1
76134,0,0,0,0,0,0,0,0,1
76135,0,0,0,0,0,0,0,0,1
76136,0,0,0,0,0,0,0,0,1
76137,0,0,0,0,0,0,0,0,1
76138,0,0,0,0,0,0,0,0,1
76139,0,0,0,0,0,0,0,0,1
76140,0,0,0,0,0,0,0,0,1
76141,0,0,0,0,0,0,0,0,1
76142,0,0,0,0,0,0,0,0,1
76143,0,0,0,0,0,0,0,0,1
76144,0,0,0,0,0,0,0,0,1
76145,0,0,0,0,0,0,0,0,1
76146,0,0,0,0,0,0,0,0,1
76147,0,0,0,0,0,0,0,0,1
76148,0,0,0,0,0,0,0,0,1
76149,0,0,0,0,0,0,0,0,1
76150,0,0,0,0,0,0,0,0,1
76151,0,0,0,0,0,0,0,0,1
76152,0,0,0,0,0,0,0,0,1
76153,0,0,0,0,0,0,0,0,1
76154,0,0,0,0,0,0,0,0,1
76155,0,0,0,0,0,0,0,0,1
76156,0,0,0,0,0,0,0,0,1
76157,0,0,0,0,0,0,0,0,1
76158,0,0,0,0,0,0,0,0,1
76159,0,0,0,0,0,0,0,0,1
76160,0,0,0,0,0,0,0,0,1
76161,0,0,0,0,0,0,0,0,1
76162,0,0,0,0,0,0,0,0,1
76163,0,0,0,0,0,0,0,0,1
76164,0,0,0,0,0,0,0,0,1
76165,0,0,0,0,0,0,0,0,1
76166,0,0,0,0,0,0,0,0,1
76167,0,0,0,0,0,0,0,0,1
76168,0,0,0,0,0,0,0,0,1
76169,0,0,0,0,0,0,0,0,1
76170,0,0,0,0,0,0,0,0,1
76171,0,0,0,0,0,0,0,0,1
76172,0,0,0,0,0,0,0,0,1
76173,0,0,0,0,0,0,0,0,1
76174,0,0,0,0,0,0,0,0,1
76175,0,0,0,0,0,0,0,0,1
76176,0,0,0,0,0,0,0,0,1
76177,0,0,0,0,0,0,0,0,1
76178,0,0,0,0,0,0,0,0,1
76179,0,0,0,0,0,0,0,0,1
76180,0,0,0,0,0,0,0,0,1
76181,0,0,0,0,0,0,0,0,1
76182,0,0,0,0,0,0,0,0,1
76183,0,0,0,0,0,0,0,0,1
76184,0,0,0,0,0,0,0,0,1
76185,0,0,0,0,0,0,0,0,1
76186,0,0,0,0,0,0,0,0,1
76187,0,0,0,0,0,0,0,0,1
76188,0,0,0,0,0,0,0,0,1
76189,0,0,0,0,0,0,0,0,1
76190,0,0,0,0,0,0,0,0,1
76191,0,0,0,0,0,0,0,0,1
76192,0,0,0,0,0,0,0,0,1
76193,0,0,0,0,0,0,0,0,1
76194,0,0,0,0,0,0,0,0,1
76195,0,0,0,0,0,0,0,0,1
76196,0,0,0,0,0,0,0,0,1
76197,0,0,0,0,0,0,0,0,1
76198,0,0,0,0,0,0,0,0,1
76199,0,0,0,0,0,0,0,0,1
76200,0,0,0,0,0,0,0,0,1
76201,0,0,0,0,0,0,0,0,1
76202,0,0,0,0,0,0,0,0,1
76203,0,0,0,0,0,0,0,0,1
76204,0,0,0,0,0,0,0,0,1
76205,0,0,0,0,0,0,0,0,1
76206,0,0,0,0,0,0,0,0,1
76207,0,0,0,0,0,0,0,0,1
76208,0,0,0,0,0,0,0,0,1
76209,0,0,0,0,0,0,0,0,1
76210,0,0,0,0,0,0,0,0,1
76211,0,0,0,0,0,0,0,0,1
76212,0,0,0,0,0,0,0,0,1
76213,0,0,0,0,0,0,0,0,1
76214,0,0,0,0,0,0,0,0,1
76215,0,0,0,0,0,0,0,0,1
76216,0,0,0,0,0,0,0,0,1
76217,0,0,0,0,0,0,0,0,1
76218,0,0,0,0,0,0,0,0,1
76219,0,0,0,0,0,0,0,0,1
76220,0,0,0,0,0,0,0,0,1
76221,0,0,0,0,0,0,0,0,1
76222,0,0,0,0,0,0,0,0,1
76223,0,0,0,0,0,0,0,0,1
76224,0,0,0,0,0,0,0,0,1
76225,0,0,0,0,0,0,0,0,1
76226,0,0,0,0,0,0,0,0,1
76227,0,0,0,0,0,0,0,0,1
76228,0,0,0,0,0,0,0,0,1
76229,0,0,0,0,0,0,0,0,1
76230,0,0,0,0,0,0,0,0,1
76231,0,0,0,0,0,0,0,0,1
76232,0,0,0,0,0,0,0,0,1
76233,0,0,0,0,0,0,0,0,1
76234,0,0,0,0,0,0,0,0,1
76235,0,0,0,0,0,0,0,0,1
76236,0,0,0,0,0,0,0,0,1
76237,0,0,0,0,0,0,0,0,1
76238,0,0,0,0,0,0,0,0,1
76239,0,0,0,0,0,0,0,0,1
76240,0,0,0,0,0,0,0,0,1
76241,0,0,0,0,0,0,0,0,1
76242,0,0,0,0,0,0,0,0,1
76243,0,0,0,0,0,0,0,0,1
76244,0,0,0,0,0,0,0,0,1
76245,0,0,0,0,0,0,0,0,1
76246,0,0,0,0,0,0,0,0,1
76247,0,0,0,0,0,0,0,0,1
76248,0,0,0,0,0,0,0,0,1
76249,0,0,0,0,0,0,0,0,1
76250,0,0,0,0,0,0,0,0,1
76251,0,0,0,0,0,0,0,0,1
76252,0,0,0,0,0,0,0,0,1
76253,0,0,0,0,0,0,0,0,1
76254,0,0,0,0,0,0,0,0,1
76255,0,0,0,0,0,0,0,0,1
76256,0,0,0,0,0,0,0,0,1
76257,0,0,0,0,0,0,0,0,1
76258,0,0,0,0,0,0,0,0,1
76259,0,0,0,0,0,0,0,0,1
76260,0,0,0,0,0,0,0,0,1
76261,0,0,0,0,0,0,0,0,1
76262,0,0,0,0,0,0,0,0,1
76263,0,0,0,0,0,0,0,0,1
76264,0,0,0,0,0,0,0,0,1
76265,0,0,0,0,0,0,0,0,1
76266,0,0,0,0,0,0,0,0,1
76267,0,0,0,0,0,0,0,0,1
76268,0,0,0,0,0,0,0,0,1
76269,0,0,0,0,0,0,0,0,1
76270,0,0,0,0,0,0,0,0,1
76271,0,0,0,0,0,0,0,0,1
76272,0,0,0,0,0,0,0,0,1
76273,0,0,0,0,0,0,0,0,1
76274,0,0,0,0,0,0,0,0,1
76275,0,0,0,0,0,0,0,0,1
76276,0,0,0,0,0,0,0,0,1
76277,0,0,0,0,0,0,0,0,1
76278,0,0,0,0,0,0,0,0,1
76279,0,0,0,0,0,0,0,0,1
76280,0,0,0,0,0,0,0,0,1
76281,0,0,0,0,0,0,0,0,1
76282,0,0,0,0,0,0,0,0,1
76283,0,0,0,0,0,0,0,0,1
76284,0,0,0,0,0,0,0,0,1
76285,0,0,0,0,0,0,0,0,1
76286,0,0,0,0,0,0,0,0,1
76287,0,0,0,0,0,0,0,0,1
76288,0,0,0,0,0,0,0,0,1
76289,0,0,0,0,0,0,0,0,1
76290,0,0,0,0,0,0,0,0,1
76291,0,0,0,0,0,0,0,0,1
76292,0,0,0,0,0,0,0,0,1
76293,0,0,0,0,0,0,0,0,1
76294,0,0,0,0,0,0,0,0,1
76295,0,0,0,0,0,0,0,0,1
76296,0,0,0,0,0,0,0,0,1
76297,0,0,0,0,0,0,0,0,1
76298,0,0,0,0,0,0,0,0,1
76299,0,0,0,0,0,0,0,0,1
76300,0,0,0,0,0,0,0,0,1
76301,0,0,0,0,0,0,0,0,1
76302,0,0,0,0,0,0,0,0,1
76303,0,0,0,0,0,0,0,0,1
76304,0,0,0,0,0,0,0,0,1
76305,0,0,0,0,0,0,0,0,1
76306,0,0,0,0,0,0,0,0,1
76307,0,0,0,0,0,0,0,0,1
76308,0,0,0,0,0,0,0,0,1
76309,0,0,0,0,0,0,0,0,1
76310,0,0,0,0,0,0,0,0,1
76311,0,0,0,0,0,0,0,0,1
76312,0,0,0,0,0,0,0,0,1
76313,0,0,0,0,0,0,0,0,1
76314,0,0,0,0,0,0,0,0,1
76315,0,0,0,0,0,0,0,0,1
76316,0,0,0,0,0,0,0,0,1
76317,0,0,0,0,0,0,0,0,1
76318,0,0,0,0,0,0,0,0,1
76319,0,0,0,0,0,0,0,0,1
76320,0,0,0,0,0,0,0,0,1
76321,0,0,0,0,0,0,0,0,1
76322,0,0,0,0,0,0,0,0,1
76323,0,0,0,0,0,0,0,0,1
76324,0,0,0,0,0,0,0,0,1
76325,0,0,0,0,0,0,0,0,1
76326,0,0,0,0,0,0,0,0,1
76327,0,0,0,0,0,0,0,0,1
76328,0,0,0,0,0,0,0,0,1
76329,0,0,0,0,0,0,0,0,1
76330,0,0,0,0,0,0,0,0,1
76331,0,0,0,0,0,0,0,0,1
76332,0,0,0,0,0,0,0,0,1
76333,0,0,0,0,0,0,0,0,1
76334,0,0,0,0,0,0,0,0,1
76335,0,0,0,0,0,0,0,0,1
76336,0,0,0,0,0,0,0,0,1
76337,0,0,0,0,0,0,0,0,1
76338,0,0,0,0,0,0,0,0,1
76339,0,0,0,0,0,0,0,0,1
76340,0,0,0,0,0,0,0,0,1
76341,0,0,0,0,0,0,0,0,1
76342,0,0,0,0,0,0,0,0,1
76343,0,0,0,0,0,0,0,0,1
76344,0,0,0,0,0,0,0,0,1
76345,0,0,0,0,0,0,0,0,1
76346,0,0,0,0,0,0,0,0,1
76347,0,0,0,0,0,0,0,0,1
76348,0,0,0,0,0,0,0,0,1
76349,0,0,0,0,0,0,0,0,1
76350,0,0,0,0,0,0,0,0,1
76351,0,0,0,0,0,0,0,0,1
76352,0,0,0,0,0,0,0,0,1
76353,0,0,0,0,0,0,0,0,1
76354,0,0,0,0,0,0,0,0,1
76355,0,0,0,0,0,0,0,0,1
76356,0,0,0,0,0,0,0,0,1
76357,0,0,0,0,0,0,0,0,1
76358,0,0,0,0,0,0,0,0,1
76359,0,0,0,0,0,0,0,0,1
76360,0,0,0,0,0,0,0,0,1
76361,0,0,0,0,0,0,0,0,1
76362,0,0,0,0,0,0,0,0,1
76363,0,0,0,0,0,0,0,0,1
76364,0,0,0,0,0,0,0,0,1
76365,0,0,0,0,0,0,0,0,1
76366,0,0,0,0,0,0,0,0,1
76367,0,0,0,0,0,0,0,0,1
76368,0,0,0,0,0,0,0,0,1
76369,0,0,0,0,0,0,0,0,1
76370,0,0,0,0,0,0,0,0,1
76371,0,0,0,0,0,0,0,0,1
76372,0,0,0,0,0,0,0,0,1
76373,0,0,0,0,0,0,0,0,1
76374,0,0,0,0,0,0,0,0,1
76375,0,0,0,0,0,0,0,0,1
76376,0,0,0,0,0,0,0,0,1
76377,0,0,0,0,0,0,0,0,1
76378,0,0,0,0,0,0,0,0,1
76379,0,0,0,0,0,0,0,0,1
76380,0,0,0,0,0,0,0,0,1
76381,0,0,0,0,0,0,0,0,1
76382,0,0,0,0,0,0,0,0,1
76383,0,0,0,0,0,0,0,0,1
76384,0,0,0,0,0,0,0,0,1
76385,0,0,0,0,0,0,0,0,1
76386,0,0,0,0,0,0,0,0,1
76387,0,0,0,0,0,0,0,0,1
76388,0,0,0,0,0,0,0,0,1
76389,0,0,0,0,0,0,0,0,1
76390,0,0,0,0,0,0,0,0,1
76391,0,0,0,0,0,0,0,0,1
76392,0,0,0,0,0,0,0,0,1
76393,0,0,0,0,0,0,0,0,1
76394,0,0,0,0,0,0,0,0,1
76395,0,0,0,0,0,0,0,0,1
76396,0,0,0,0,0,0,0,0,1
76397,0,0,0,0,0,0,0,0,1
76398,0,0,0,0,0,0,0,0,1
76399,0,0,0,0,0,0,0,0,1
76400,0,0,0,0,0,0,0,0,1
76401,0,0,0,0,0,0,0,0,1
76402,0,0,0,0,0,0,0,0,1
76403,0,0,0,0,0,0,0,0,1
76404,0,0,0,0,0,0,0,0,1
76405,0,0,0,0,0,0,0,0,1
76406,0,0,0,0,0,0,0,0,1
76407,0,0,0,0,0,0,0,0,1
76408,0,0,0,0,0,0,0,0,1
76409,0,0,0,0,0,0,0,0,1
76410,0,0,0,0,0,0,0,0,1
76411,0,0,0,0,0,0,0,0,1
76412,0,0,0,0,0,0,0,0,1
76413,0,0,0,0,0,0,0,0,1
76414,0,0,0,0,0,0,0,0,1
76415,0,0,0,0,0,0,0,0,1
76416,0,0,0,0,0,0,0,0,1
76417,0,0,0,0,0,0,0,0,1
76418,0,0,0,0,0,0,0,0,1
76419,0,0,0,0,0,0,0,0,1
76420,0,0,0,0,0,0,0,0,1
76421,0,0,0,0,0,0,0,0,1
76422,0,0,0,0,0,0,0,0,1
76423,0,0,0,0,0,0,0,0,1
76424,0,0,0,0,0,0,0,0,1
76425,0,0,0,0,0,0,0,0,1
76426,0,0,0,0,0,0,0,0,1
76427,0,0,0,0,0,0,0,0,1
76428,0,0,0,0,0,0,0,0,1
76429,0,0,0,0,0,0,0,0,1
76430,0,0,0,0,0,0,0,0,1
76431,0,0,0,0,0,0,0,0,1
76432,0,0,0,0,0,0,0,0,1
76433,0,0,0,0,0,0,0,0,1
76434,0,0,0,0,0,0,0,0,1
76435,0,0,0,0,0,0,0,0,1
76436,0,0,0,0,0,0,0,0,1
76437,0,0,0,0,0,0,0,0,1
76438,0,0,0,0,0,0,0,0,1
76439,0,0,0,0,0,0,0,0,1
76440,0,0,0,0,0,0,0,0,1
76441,0,0,0,0,0,0,0,0,1
76442,0,0,0,0,0,0,0,0,1
76443,0,0,0,0,0,0,0,0,1
76444,0,0,0,0,0,0,0,0,1
76445,0,0,0,0,0,0,0,0,1
76446,0,0,0,0,0,0,0,0,1
76447,0,0,0,0,0,0,0,0,1
76448,0,0,0,0,0,0,0,0,1
76449,0,0,0,0,0,0,0,0,1
76450,0,0,0,0,0,0,0,0,1
76451,0,0,0,0,0,0,0,0,1
76452,0,0,0,0,0,0,0,0,1
76453,0,0,0,0,0,0,0,0,1
76454,0,0,0,0,0,0,0,0,1
76455,0,0,0,0,0,0,0,0,1
76456,0,0,0,0,0,0,0,0,1
76457,0,0,0,0,0,0,0,0,1
76458,0,0,0,0,0,0,0,0,1
76459,0,0,0,0,0,0,0,0,1
76460,0,0,0,0,0,0,0,0,1
76461,0,0,0,0,0,0,0,0,1
76462,0,0,0,0,0,0,0,0,1
76463,0,0,0,0,0,0,0,0,1
76464,0,0,0,0,0,0,0,0,1
76465,0,0,0,0,0,0,0,0,1
76466,0,0,0,0,0,0,0,0,1
76467,0,0,0,0,0,0,0,0,1
76468,0,0,0,0,0,0,0,0,1
76469,0,0,0,0,0,0,0,0,1
76470,0,0,0,0,0,0,0,0,1
76471,0,0,0,0,0,0,0,0,1
76472,0,0,0,0,0,0,0,0,1
76473,0,0,0,0,0,0,0,0,1
76474,0,0,0,0,0,0,0,0,1
76475,0,0,0,0,0,0,0,0,1
76476,0,0,0,0,0,0,0,0,1
76477,0,0,0,0,0,0,0,0,1
76478,0,0,0,0,0,0,0,0,1
76479,0,0,0,0,0,0,0,0,1
76480,0,0,0,0,0,0,0,0,1
76481,0,0,0,0,0,0,0,0,1
76482,0,0,0,0,0,0,0,0,1
76483,0,0,0,0,0,0,0,0,1
76484,0,0,0,0,0,0,0,0,1
76485,0,0,0,0,0,0,0,0,1
76486,0,0,0,0,0,0,0,0,1
76487,0,0,0,0,0,0,0,0,1
76488,0,0,0,0,0,0,0,0,1
76489,0,0,0,0,0,0,0,0,1
76490,0,0,0,0,0,0,0,0,1
76491,0,0,0,0,0,0,0,0,1
76492,0,0,0,0,0,0,0,0,1
76493,0,0,0,0,0,0,0,0,1
76494,0,0,0,0,0,0,0,0,1
76495,0,0,0,0,0,0,0,0,1
76496,0,0,0,0,0,0,0,0,1
76497,0,0,0,0,0,0,0,0,1
76498,0,0,0,0,0,0,0,0,1
76499,0,0,0,0,0,0,0,0,1
76500,0,0,0,0,0,0,0,0,1
76501,0,0,0,0,0,0,0,0,1
76502,0,0,0,0,0,0,0,0,1
76503,0,0,0,0,0,0,0,0,1
76504,0,0,0,0,0,0,0,0,1
76505,0,0,0,0,0,0,0,0,1
76506,0,0,0,0,0,0,0,0,1
76507,0,0,0,0,0,0,0,0,1
76508,0,0,0,0,0,0,0,0,1
76509,0,0,0,0,0,0,0,0,1
76510,0,0,0,0,0,0,0,0,1
76511,0,0,0,0,0,0,0,0,1
76512,0,0,0,0,0,0,0,0,1
76513,0,0,0,0,0,0,0,0,1
76514,0,0,0,0,0,0,0,0,1
76515,0,0,0,0,0,0,0,0,1
76516,0,0,0,0,0,0,0,0,1
76517,0,0,0,0,0,0,0,0,1
76518,0,0,0,0,0,0,0,0,1
76519,0,0,0,0,0,0,0,0,1
76520,0,0,0,0,0,0,0,0,1
76521,0,0,0,0,0,0,0,0,1
76522,0,0,0,0,0,0,0,0,1
76523,0,0,0,0,0,0,0,0,1
76524,0,0,0,0,0,0,0,0,1
76525,0,0,0,0,0,0,0,0,1
76526,0,0,0,0,0,0,0,0,1
76527,0,0,0,0,0,0,0,0,1
76528,0,0,0,0,0,0,0,0,1
76529,0,0,0,0,0,0,0,0,1
76530,0,0,0,0,0,0,0,0,1
76531,0,0,0,0,0,0,0,0,1
76532,0,0,0,0,0,0,0,0,1
76533,0,0,0,0,0,0,0,0,1
76534,0,0,0,0,0,0,0,0,1
76535,0,0,0,0,0,0,0,0,1
76536,0,0,0,0,0,0,0,0,1
76537,0,0,0,0,0,0,0,0,1
76538,0,0,0,0,0,0,0,0,1
76539,0,0,0,0,0,0,0,0,1
76540,0,0,0,0,0,0,0,0,1
76541,0,0,0,0,0,0,0,0,1
76542,0,0,0,0,0,0,0,0,1
76543,0,0,0,0,0,0,0,0,1
76544,0,0,0,0,0,0,0,0,1
76545,0,0,0,0,0,0,0,0,1
76546,0,0,0,0,0,0,0,0,1
76547,0,0,0,0,0,0,0,0,1
76548,0,0,0,0,0,0,0,0,1
76549,0,0,0,0,0,0,0,0,1
76550,0,0,0,0,0,0,0,0,1
76551,0,0,0,0,0,0,0,0,1
76552,0,0,0,0,0,0,0,0,1
76553,0,0,0,0,0,0,0,0,1
76554,0,0,0,0,0,0,0,0,1
76555,0,0,0,0,0,0,0,0,1
76556,0,0,0,0,0,0,0,0,1
76557,0,0,0,0,0,0,0,0,1
76558,0,0,0,0,0,0,0,0,1
76559,0,0,0,0,0,0,0,0,1
76560,0,0,0,0,0,0,0,0,1
76561,0,0,0,0,0,0,0,0,1
76562,0,0,0,0,0,0,0,0,1
76563,0,0,0,0,0,0,0,0,1
76564,0,0,0,0,0,0,0,0,1
76565,0,0,0,0,0,0,0,0,1
76566,0,0,0,0,0,0,0,0,1
76567,0,0,0,0,0,0,0,0,1
76568,0,0,0,0,0,0,0,0,1
76569,0,0,0,0,0,0,0,0,1
76570,0,0,0,0,0,0,0,0,1
76571,0,0,0,0,0,0,0,0,1
76572,0,0,0,0,0,0,0,0,1
76573,0,0,0,0,0,0,0,0,1
76574,0,0,0,0,0,0,0,0,1
76575,0,0,0,0,0,0,0,0,1
76576,0,0,0,0,0,0,0,0,1
76577,0,0,0,0,0,0,0,0,1
76578,0,0,0,0,0,0,0,0,1
76579,0,0,0,0,0,0,0,0,1
76580,0,0,0,0,0,0,0,0,1
76581,0,0,0,0,0,0,0,0,1
76582,0,0,0,0,0,0,0,0,1
76583,0,0,0,0,0,0,0,0,1
76584,0,0,0,0,0,0,0,0,1
76585,0,0,0,0,0,0,0,0,1
76586,0,0,0,0,0,0,0,0,1
76587,0,0,0,0,0,0,0,0,1
76588,0,0,0,0,0,0,0,0,1
76589,0,0,0,0,0,0,0,0,1
76590,0,0,0,0,0,0,0,0,1
76591,0,0,0,0,0,0,0,0,1
76592,0,0,0,0,0,0,0,0,1
76593,0,0,0,0,0,0,0,0,1
76594,0,0,0,0,0,0,0,0,1
76595,0,0,0,0,0,0,0,0,1
76596,0,0,0,0,0,0,0,0,1
76597,0,0,0,0,0,0,0,0,1
76598,0,0,0,0,0,0,0,0,1
76599,0,0,0,0,0,0,0,0,1
76600,0,0,0,0,0,0,0,0,1
76601,0,0,0,0,0,0,0,0,1
76602,0,0,0,0,0,0,0,0,1
76603,0,0,0,0,0,0,0,0,1
76604,0,0,0,0,0,0,0,0,1
76605,0,0,0,0,0,0,0,0,1
76606,0,0,0,0,0,0,0,0,1
76607,0,0,0,0,0,0,0,0,1
76608,0,0,0,0,0,0,0,0,1
76609,0,0,0,0,0,0,0,0,1
76610,0,0,0,0,0,0,0,0,1
76611,0,0,0,0,0,0,0,0,1
76612,0,0,0,0,0,0,0,0,1
76613,0,0,0,0,0,0,0,0,1
76614,0,0,0,0,0,0,0,0,1
76615,0,0,0,0,0,0,0,0,1
76616,0,0,0,0,0,0,0,0,1
76617,0,0,0,0,0,0,0,0,1
76618,0,0,0,0,0,0,0,0,1
76619,0,0,0,0,0,0,0,0,1
76620,0,0,0,0,0,0,0,0,1
76621,0,0,0,0,0,0,0,0,1
76622,0,0,0,0,0,0,0,0,1
76623,0,0,0,0,0,0,0,0,1
76624,0,0,0,0,0,0,0,0,1
76625,0,0,0,0,0,0,0,0,1
76626,0,0,0,0,0,0,0,0,1
76627,0,0,0,0,0,0,0,0,1
76628,0,0,0,0,0,0,0,0,1
76629,0,0,0,0,0,0,0,0,1
76630,0,0,0,0,0,0,0,0,1
76631,0,0,0,0,0,0,0,0,1
76632,0,0,0,0,0,0,0,0,1
76633,0,0,0,0,0,0,0,0,1
76634,0,0,0,0,0,0,0,0,1
76635,0,0,0,0,0,0,0,0,1
76636,0,0,0,0,0,0,0,0,1
76637,0,0,0,0,0,0,0,0,1
76638,0,0,0,0,0,0,0,0,1
76639,0,0,0,0,0,0,0,0,1
76640,0,0,0,0,0,0,0,0,1
76641,0,0,0,0,0,0,0,0,1
76642,0,0,0,0,0,0,0,0,1
76643,0,0,0,0,0,0,0,0,1
76644,0,0,0,0,0,0,0,0,1
76645,0,0,0,0,0,0,0,0,1
76646,0,0,0,0,0,0,0,0,1
76647,0,0,0,0,0,0,0,0,1
76648,0,0,0,0,0,0,0,0,1
76649,0,0,0,0,0,0,0,0,1
76650,0,0,0,0,0,0,0,0,1
76651,0,0,0,0,0,0,0,0,1
76652,0,0,0,0,0,0,0,0,1
76653,0,0,0,0,0,0,0,0,1
76654,0,0,0,0,0,0,0,0,1
76655,0,0,0,0,0,0,0,0,1
76656,0,0,0,0,0,0,0,0,1
76657,0,0,0,0,0,0,0,0,1
76658,0,0,0,0,0,0,0,0,1
76659,0,0,0,0,0,0,0,0,1
76660,0,0,0,0,0,0,0,0,1
76661,0,0,0,0,0,0,0,0,1
76662,0,0,0,0,0,0,0,0,1
76663,0,0,0,0,0,0,0,0,1
76664,0,0,0,0,0,0,0,0,1
76665,0,0,0,0,0,0,0,0,1
76666,0,0,0,0,0,0,0,0,1
76667,0,0,0,0,0,0,0,0,1
76668,0,0,0,0,0,0,0,0,1
76669,0,0,0,0,0,0,0,0,1
76670,0,0,0,0,0,0,0,0,1
76671,0,0,0,0,0,0,0,0,1
76672,0,0,0,0,0,0,0,0,1
76673,0,0,0,0,0,0,0,0,1
76674,0,0,0,0,0,0,0,0,1
76675,0,0,0,0,0,0,0,0,1
76676,0,0,0,0,0,0,0,0,1
76677,0,0,0,0,0,0,0,0,1
76678,0,0,0,0,0,0,0,0,1
76679,0,0,0,0,0,0,0,0,1
76680,0,0,0,0,0,0,0,0,1
76681,0,0,0,0,0,0,0,0,1
76682,0,0,0,0,0,0,0,0,1
76683,0,0,0,0,0,0,0,0,1
76684,0,0,0,0,0,0,0,0,1
76685,0,0,0,0,0,0,0,0,1
76686,0,0,0,0,0,0,0,0,1
76687,0,0,0,0,0,0,0,0,1
76688,0,0,0,0,0,0,0,0,1
76689,0,0,0,0,0,0,0,0,1
76690,0,0,0,0,0,0,0,0,1
76691,0,0,0,0,0,0,0,0,1
76692,0,0,0,0,0,0,0,0,1
76693,0,0,0,0,0,0,0,0,1
76694,0,0,0,0,0,0,0,0,1
76695,0,0,0,0,0,0,0,0,1
76696,0,0,0,0,0,0,0,0,1
76697,0,0,0,0,0,0,0,0,1
76698,0,0,0,0,0,0,0,0,1
76699,0,0,0,0,0,0,0,0,1
76700,0,0,0,0,0,0,0,0,1
76701,0,0,0,0,0,0,0,0,1
76702,0,0,0,0,0,0,0,0,1
76703,0,0,0,0,0,0,0,0,1
76704,0,0,0,0,0,0,0,0,1
76705,0,0,0,0,0,0,0,0,1
76706,0,0,0,0,0,0,0,0,1
76707,0,0,0,0,0,0,0,0,1
76708,0,0,0,0,0,0,0,0,1
76709,0,0,0,0,0,0,0,0,1
76710,0,0,0,0,0,0,0,0,1
76711,0,0,0,0,0,0,0,0,1
76712,0,0,0,0,0,0,0,0,1
76713,0,0,0,0,0,0,0,0,1
76714,0,0,0,0,0,0,0,0,1
76715,0,0,0,0,0,0,0,0,1
76716,0,0,0,0,0,0,0,0,1
76717,0,0,0,0,0,0,0,0,1
76718,0,0,0,0,0,0,0,0,1
76719,0,0,0,0,0,0,0,0,1
76720,0,0,0,0,0,0,0,0,1
76721,0,0,0,0,0,0,0,0,1
76722,0,0,0,0,0,0,0,0,1
76723,0,0,0,0,0,0,0,0,1
76724,0,0,0,0,0,0,0,0,1
76725,0,0,0,0,0,0,0,0,1
76726,0,0,0,0,0,0,0,0,1
76727,0,0,0,0,0,0,0,0,1
76728,0,0,0,0,0,0,0,0,1
76729,0,0,0,0,0,0,0,0,1
76730,0,0,0,0,0,0,0,0,1
76731,0,0,0,0,0,0,0,0,1
76732,0,0,0,0,0,0,0,0,1
76733,0,0,0,0,0,0,0,0,1
76734,0,0,0,0,0,0,0,0,1
76735,0,0,0,0,0,0,0,0,1
76736,0,0,0,0,0,0,0,0,1
76737,0,0,0,0,0,0,0,0,1
76738,0,0,0,0,0,0,0,0,1
76739,0,0,0,0,0,0,0,0,1
76740,0,0,0,0,0,0,0,0,1
76741,0,0,0,0,0,0,0,0,1
76742,0,0,0,0,0,0,0,0,1
76743,0,0,0,0,0,0,0,0,1
76744,0,0,0,0,0,0,0,0,1
76745,0,0,0,0,0,0,0,0,1
76746,0,0,0,0,0,0,0,0,1
76747,0,0,0,0,0,0,0,0,1
76748,0,0,0,0,0,0,0,0,1
76749,0,0,0,0,0,0,0,0,1
76750,0,0,0,0,0,0,0,0,1
76751,0,0,0,0,0,0,0,0,1
76752,0,0,0,0,0,0,0,0,1
76753,0,0,0,0,0,0,0,0,1
76754,0,0,0,0,0,0,0,0,1
76755,0,0,0,0,0,0,0,0,1
76756,0,0,0,0,0,0,0,0,1
76757,0,0,0,0,0,0,0,0,1
76758,0,0,0,0,0,0,0,0,1
76759,0,0,0,0,0,0,0,0,1
76760,0,0,0,0,0,0,0,0,1
76761,0,0,0,0,0,0,0,0,1
76762,0,0,0,0,0,0,0,0,1
76763,0,0,0,0,0,0,0,0,1
76764,0,0,0,0,0,0,0,0,1
76765,0,0,0,0,0,0,0,0,1
76766,0,0,0,0,0,0,0,0,1
76767,0,0,0,0,0,0,0,0,1
76768,0,0,0,0,0,0,0,0,1
76769,0,0,0,0,0,0,0,0,1
76770,0,0,0,0,0,0,0,0,1
76771,0,0,0,0,0,0,0,0,1
76772,0,0,0,0,0,0,0,0,1
76773,0,0,0,0,0,0,0,0,1
76774,0,0,0,0,0,0,0,0,1
76775,0,0,0,0,0,0,0,0,1
76776,0,0,0,0,0,0,0,0,1
76777,0,0,0,0,0,0,0,0,1
76778,0,0,0,0,0,0,0,0,1
76779,0,0,0,0,0,0,0,0,1
76780,0,0,0,0,0,0,0,0,1
76781,0,0,0,0,0,0,0,0,1
76782,0,0,0,0,0,0,0,0,1
76783,0,0,0,0,0,0,0,0,1
76784,0,0,0,0,0,0,0,0,1
76785,0,0,0,0,0,0,0,0,1
76786,0,0,0,0,0,0,0,0,1
76787,0,0,0,0,0,0,0,0,1
76788,0,0,0,0,0,0,0,0,1
76789,0,0,0,0,0,0,0,0,1
76790,0,0,0,0,0,0,0,0,1
76791,0,0,0,0,0,0,0,0,1
76792,0,0,0,0,0,0,0,0,1
76793,0,0,0,0,0,0,0,0,1
76794,0,0,0,0,0,0,0,0,1
76795,0,0,0,0,0,0,0,0,1
76796,0,0,0,0,0,0,0,0,1
76797,0,0,0,0,0,0,0,0,1
76798,0,0,0,0,0,0,0,0,1
76799,0,0,0,0,0,0,0,0,1
76800,0,0,0,0,0,0,0,0,1
76801,0,0,0,0,0,0,0,0,1
76802,0,0,0,0,0,0,0,0,1
76803,0,0,0,0,0,0,0,0,1
76804,0,0,0,0,0,0,0,0,1
76805,0,0,0,0,0,0,0,0,1
76806,0,0,0,0,0,0,0,0,1
76807,0,0,0,0,0,0,0,0,1
76808,0,0,0,0,0,0,0,0,1
76809,0,0,0,0,0,0,0,0,1
76810,0,0,0,0,0,0,0,0,1
76811,0,0,0,0,0,0,0,0,1
76812,0,0,0,0,0,0,0,0,1
76813,0,0,0,0,0,0,0,0,1
76814,0,0,0,0,0,0,0,0,1
76815,0,0,0,0,0,0,0,0,1
76816,0,0,0,0,0,0,0,0,1
76817,0,0,0,0,0,0,0,0,1
76818,0,0,0,0,0,0,0,0,1
76819,0,0,0,0,0,0,0,0,1
76820,0,0,0,0,0,0,0,0,1
76821,0,0,0,0,0,0,0,0,1
76822,0,0,0,0,0,0,0,0,1
76823,0,0,0,0,0,0,0,0,1
76824,0,0,0,0,0,0,0,0,1
76825,0,0,0,0,0,0,0,0,1
76826,0,0,0,0,0,0,0,0,1
76827,0,0,0,0,0,0,0,0,1
76828,0,0,0,0,0,0,0,0,1
76829,0,0,0,0,0,0,0,0,1
76830,0,0,0,0,0,0,0,0,1
76831,0,0,0,0,0,0,0,0,1
76832,0,0,0,0,0,0,0,0,1
76833,0,0,0,0,0,0,0,0,1
76834,0,0,0,0,0,0,0,0,1
76835,0,0,0,0,0,0,0,0,1
76836,0,0,0,0,0,0,0,0,1
76837,0,0,0,0,0,0,0,0,1
76838,0,0,0,0,0,0,0,0,1
76839,0,0,0,0,0,0,0,0,1
76840,0,0,0,0,0,0,0,0,1
76841,0,0,0,0,0,0,0,0,1
76842,0,0,0,0,0,0,0,0,1
76843,0,0,0,0,0,0,0,0,1
76844,0,0,0,0,0,0,0,0,1
76845,0,0,0,0,0,0,0,0,1
76846,0,0,0,0,0,0,0,0,1
76847,0,0,0,0,0,0,0,0,1
76848,0,0,0,0,0,0,0,0,1
76849,0,0,0,0,0,0,0,0,1
76850,0,0,0,0,0,0,0,0,1
76851,0,0,0,0,0,0,0,0,1
76852,0,0,0,0,0,0,0,0,1
76853,0,0,0,0,0,0,0,0,1
76854,0,0,0,0,0,0,0,0,1
76855,0,0,0,0,0,0,0,0,1
76856,0,0,0,0,0,0,0,0,1
76857,0,0,0,0,0,0,0,0,1
76858,0,0,0,0,0,0,0,0,1
76859,0,0,0,0,0,0,0,0,1
76860,0,0,0,0,0,0,0,0,1
76861,0,0,0,0,0,0,0,0,1
76862,0,0,0,0,0,0,0,0,1
76863,0,0,0,0,0,0,0,0,1
76864,0,0,0,0,0,0,0,0,1
76865,0,0,0,0,0,0,0,0,1
76866,0,0,0,0,0,0,0,0,1
76867,0,0,0,0,0,0,0,0,1
76868,0,0,0,0,0,0,0,0,1
76869,0,0,0,0,0,0,0,0,1
76870,0,0,0,0,0,0,0,0,1
76871,0,0,0,0,0,0,0,0,1
76872,0,0,0,0,0,0,0,0,1
76873,0,0,0,0,0,0,0,0,1
76874,0,0,0,0,0,0,0,0,1
76875,0,0,0,0,0,0,0,0,1
76876,0,0,0,0,0,0,0,0,1
76877,0,0,0,0,0,0,0,0,1
76878,0,0,0,0,0,0,0,0,1
76879,0,0,0,0,0,0,0,0,1
76880,0,0,0,0,0,0,0,0,1
76881,0,0,0,0,0,0,0,0,1
76882,0,0,0,0,0,0,0,0,1
76883,0,0,0,0,0,0,0,0,1
76884,0,0,0,0,0,0,0,0,1
76885,0,0,0,0,0,0,0,0,1
76886,0,0,0,0,0,0,0,0,1
76887,0,0,0,0,0,0,0,0,1
76888,0,0,0,0,0,0,0,0,1
76889,0,0,0,0,0,0,0,0,1
76890,0,0,0,0,0,0,0,0,1
76891,0,0,0,0,0,0,0,0,1
76892,0,0,0,0,0,0,0,0,1
76893,0,0,0,0,0,0,0,0,1
76894,0,0,0,0,0,0,0,0,1
76895,0,0,0,0,0,0,0,0,1
76896,0,0,0,0,0,0,0,0,1
76897,0,0,0,0,0,0,0,0,1
76898,0,0,0,0,0,0,0,0,1
76899,0,0,0,0,0,0,0,0,1
76900,0,0,0,0,0,0,0,0,1
76901,0,0,0,0,0,0,0,0,1
76902,0,0,0,0,0,0,0,0,1
76903,0,0,0,0,0,0,0,0,1
76904,0,0,0,0,0,0,0,0,1
76905,0,0,0,0,0,0,0,0,1
76906,0,0,0,0,0,0,0,0,1
76907,0,0,0,0,0,0,0,0,1
76908,0,0,0,0,0,0,0,0,1
76909,0,0,0,0,0,0,0,0,1
76910,0,0,0,0,0,0,0,0,1
76911,0,0,0,0,0,0,0,0,1
76912,0,0,0,0,0,0,0,0,1
76913,0,0,0,0,0,0,0,0,1
76914,0,0,0,0,0,0,0,0,1
76915,0,0,0,0,0,0,0,0,1
76916,0,0,0,0,0,0,0,0,1
76917,0,0,0,0,0,0,0,0,1
76918,0,0,0,0,0,0,0,0,1
76919,0,0,0,0,0,0,0,0,1
76920,0,0,0,0,0,0,0,0,1
76921,0,0,0,0,0,0,0,0,1
76922,0,0,0,0,0,0,0,0,1
76923,0,0,0,0,0,0,0,0,1
76924,0,0,0,0,0,0,0,0,1
76925,0,0,0,0,0,0,0,0,1
76926,0,0,0,0,0,0,0,0,1
76927,0,0,0,0,0,0,0,0,1
76928,0,0,0,0,0,0,0,0,1
76929,0,0,0,0,0,0,0,0,1
76930,0,0,0,0,0,0,0,0,1
76931,0,0,0,0,0,0,0,0,1
76932,0,0,0,0,0,0,0,0,1
76933,0,0,0,0,0,0,0,0,1
76934,0,0,0,0,0,0,0,0,1
76935,0,0,0,0,0,0,0,0,1
76936,0,0,0,0,0,0,0,0,1
76937,0,0,0,0,0,0,0,0,1
76938,0,0,0,0,0,0,0,0,1
76939,0,0,0,0,0,0,0,0,1
76940,0,0,0,0,0,0,0,0,1
76941,0,0,0,0,0,0,0,0,1
76942,0,0,0,0,0,0,0,0,1
76943,0,0,0,0,0,0,0,0,1
76944,0,0,0,0,0,0,0,0,1
76945,0,0,0,0,0,0,0,0,1
76946,0,0,0,0,0,0,0,0,1
76947,0,0,0,0,0,0,0,0,1
76948,0,0,0,0,0,0,0,0,1
76949,0,0,0,0,0,0,0,0,1
76950,0,0,0,0,0,0,0,0,1
76951,0,0,0,0,0,0,0,0,1
76952,0,0,0,0,0,0,0,0,1
76953,0,0,0,0,0,0,0,0,1
76954,0,0,0,0,0,0,0,0,1
76955,0,0,0,0,0,0,0,0,1
76956,0,0,0,0,0,0,0,0,1
76957,0,0,0,0,0,0,0,0,1
76958,0,0,0,0,0,0,0,0,1
76959,0,0,0,0,0,0,0,0,1
76960,0,0,0,0,0,0,0,0,1
76961,0,0,0,0,0,0,0,0,1
76962,0,0,0,0,0,0,0,0,1
76963,0,0,0,0,0,0,0,0,1
76964,0,0,0,0,0,0,0,0,1
76965,0,0,0,0,0,0,0,0,1
76966,0,0,0,0,0,0,0,0,1
76967,0,0,0,0,0,0,0,0,1
76968,0,0,0,0,0,0,0,0,1
76969,0,0,0,0,0,0,0,0,1
76970,0,0,0,0,0,0,0,0,1
76971,0,0,0,0,0,0,0,0,1
76972,0,0,0,0,0,0,0,0,1
76973,0,0,0,0,0,0,0,0,1
76974,0,0,0,0,0,0,0,0,1
76975,0,0,0,0,0,0,0,0,1
76976,0,0,0,0,0,0,0,0,1
76977,0,0,0,0,0,0,0,0,1
76978,0,0,0,0,0,0,0,0,1
76979,0,0,0,0,0,0,0,0,1
76980,0,0,0,0,0,0,0,0,1
76981,0,0,0,0,0,0,0,0,1
76982,0,0,0,0,0,0,0,0,1
76983,0,0,0,0,0,0,0,0,1
76984,0,0,0,0,0,0,0,0,1
76985,0,0,0,0,0,0,0,0,1
76986,0,0,0,0,0,0,0,0,1
76987,0,0,0,0,0,0,0,0,1
76988,0,0,0,0,0,0,0,0,1
76989,0,0,0,0,0,0,0,0,1
76990,0,0,0,0,0,0,0,0,1
76991,0,0,0,0,0,0,0,0,1
76992,0,0,0,0,0,0,0,0,1
76993,0,0,0,0,0,0,0,0,1
76994,0,0,0,0,0,0,0,0,1
76995,0,0,0,0,0,0,0,0,1
76996,0,0,0,0,0,0,0,0,1
76997,0,0,0,0,0,0,0,0,1
76998,0,0,0,0,0,0,0,0,1
76999,0,0,0,0,0,0,0,0,1
77000,0,0,0,0,0,0,0,0,1
77001,0,0,0,0,0,0,0,0,1
77002,0,0,0,0,0,0,0,0,1
77003,0,0,0,0,0,0,0,0,1
77004,0,0,0,0,0,0,0,0,1
77005,0,0,0,0,0,0,0,0,1
77006,0,0,0,0,0,0,0,0,1
77007,0,0,0,0,0,0,0,0,1
77008,0,0,0,0,0,0,0,0,1
77009,0,0,0,0,0,0,0,0,1
77010,0,0,0,0,0,0,0,0,1
77011,0,0,0,0,0,0,0,0,1
77012,0,0,0,0,0,0,0,0,1
77013,0,0,0,0,0,0,0,0,1
77014,0,0,0,0,0,0,0,0,1
77015,0,0,0,0,0,0,0,0,1
77016,0,0,0,0,0,0,0,0,1
77017,0,0,0,0,0,0,0,0,1
77018,0,0,0,0,0,0,0,0,1
77019,0,0,0,0,0,0,0,0,1
77020,0,0,0,0,0,0,0,0,1
77021,0,0,0,0,0,0,0,0,1
77022,0,0,0,0,0,0,0,0,1
77023,0,0,0,0,0,0,0,0,1
77024,0,0,0,0,0,0,0,0,1
77025,0,0,0,0,0,0,0,0,1
77026,0,0,0,0,0,0,0,0,1
77027,0,0,0,0,0,0,0,0,1
77028,0,0,0,0,0,0,0,0,1
77029,0,0,0,0,0,0,0,0,1
77030,0,0,0,0,0,0,0,0,1
77031,0,0,0,0,0,0,0,0,1
77032,0,0,0,0,0,0,0,0,1
77033,0,0,0,0,0,0,0,0,1
77034,0,0,0,0,0,0,0,0,1
77035,0,0,0,0,0,0,0,0,1
77036,0,0,0,0,0,0,0,0,1
77037,0,0,0,0,0,0,0,0,1
77038,0,0,0,0,0,0,0,0,1
77039,0,0,0,0,0,0,0,0,1
77040,0,0,0,0,0,0,0,0,1
77041,0,0,0,0,0,0,0,0,1
77042,0,0,0,0,0,0,0,0,1
77043,0,0,0,0,0,0,0,0,1
77044,0,0,0,0,0,0,0,0,1
77045,0,0,0,0,0,0,0,0,1
77046,0,0,0,0,0,0,0,0,1
77047,0,0,0,0,0,0,0,0,1
77048,0,0,0,0,0,0,0,0,1
77049,0,0,0,0,0,0,0,0,1
77050,0,0,0,0,0,0,0,0,1
77051,0,0,0,0,0,0,0,0,1
77052,0,0,0,0,0,0,0,0,1
77053,0,0,0,0,0,0,0,0,1
77054,0,0,0,0,0,0,0,0,1
77055,0,0,0,0,0,0,0,0,1
77056,0,0,0,0,0,0,0,0,1
77057,0,0,0,0,0,0,0,0,1
77058,0,0,0,0,0,0,0,0,1
77059,0,0,0,0,0,0,0,0,1
77060,0,0,0,0,0,0,0,0,1
77061,0,0,0,0,0,0,0,0,1
77062,0,0,0,0,0,0,0,0,1
77063,0,0,0,0,0,0,0,0,1
77064,0,0,0,0,0,0,0,0,1
77065,0,0,0,0,0,0,0,0,1
77066,0,0,0,0,0,0,0,0,1
77067,0,0,0,0,0,0,0,0,1
77068,0,0,0,0,0,0,0,0,1
77069,0,0,0,0,0,0,0,0,1
77070,0,0,0,0,0,0,0,0,1
77071,0,0,0,0,0,0,0,0,1
77072,0,0,0,0,0,0,0,0,1
77073,0,0,0,0,0,0,0,0,1
77074,0,0,0,0,0,0,0,0,1
77075,0,0,0,0,0,0,0,0,1
77076,0,0,0,0,0,0,0,0,1
77077,0,0,0,0,0,0,0,0,1
77078,0,0,0,0,0,0,0,0,1
77079,0,0,0,0,0,0,0,0,1
77080,0,0,0,0,0,0,0,0,1
77081,0,0,0,0,0,0,0,0,1
77082,0,0,0,0,0,0,0,0,1
77083,0,0,0,0,0,0,0,0,1
77084,0,0,0,0,0,0,0,0,1
77085,0,0,0,0,0,0,0,0,1
77086,0,0,0,0,0,0,0,0,1
77087,0,0,0,0,0,0,0,0,1
77088,0,0,0,0,0,0,0,0,1
77089,0,0,0,0,0,0,0,0,1
77090,0,0,0,0,0,0,0,0,1
77091,0,0,0,0,0,0,0,0,1
77092,0,0,0,0,0,0,0,0,1
77093,0,0,0,0,0,0,0,0,1
77094,0,0,0,0,0,0,0,0,1
77095,0,0,0,0,0,0,0,0,1
77096,0,0,0,0,0,0,0,0,1
77097,0,0,0,0,0,0,0,0,1
77098,0,0,0,0,0,0,0,0,1
77099,0,0,0,0,0,0,0,0,1
77100,0,0,0,0,0,0,0,0,1
77101,0,0,0,0,0,0,0,0,1
77102,0,0,0,0,0,0,0,0,1
77103,0,0,0,0,0,0,0,0,1
77104,0,0,0,0,0,0,0,0,1
77105,0,0,0,0,0,0,0,0,1
77106,0,0,0,0,0,0,0,0,1
77107,0,0,0,0,0,0,0,0,1
77108,0,0,0,0,0,0,0,0,1
77109,0,0,0,0,0,0,0,0,1
77110,0,0,0,0,0,0,0,0,1
77111,0,0,0,0,0,0,0,0,1
77112,0,0,0,0,0,0,0,0,1
77113,0,0,0,0,0,0,0,0,1
77114,0,0,0,0,0,0,0,0,1
77115,0,0,0,0,0,0,0,0,1
77116,0,0,0,0,0,0,0,0,1
77117,0,0,0,0,0,0,0,0,1
77118,0,0,0,0,0,0,0,0,1
77119,0,0,0,0,0,0,0,0,1
77120,0,0,0,0,0,0,0,0,1
77121,0,0,0,0,0,0,0,0,1
77122,0,0,0,0,0,0,0,0,1
77123,0,0,0,0,0,0,0,0,1
77124,0,0,0,0,0,0,0,0,1
77125,0,0,0,0,0,0,0,0,1
77126,0,0,0,0,0,0,0,0,1
77127,0,0,0,0,0,0,0,0,1
77128,0,0,0,0,0,0,0,0,1
77129,0,0,0,0,0,0,0,0,1
77130,0,0,0,0,0,0,0,0,1
77131,0,0,0,0,0,0,0,0,1
77132,0,0,0,0,0,0,0,0,1
77133,0,0,0,0,0,0,0,0,1
77134,0,0,0,0,0,0,0,0,1
77135,0,0,0,0,0,0,0,0,1
77136,0,0,0,0,0,0,0,0,1
77137,0,0,0,0,0,0,0,0,1
77138,0,0,0,0,0,0,0,0,1
77139,0,0,0,0,0,0,0,0,1
77140,0,0,0,0,0,0,0,0,1
77141,0,0,0,0,0,0,0,0,1
77142,0,0,0,0,0,0,0,0,1
77143,0,0,0,0,0,0,0,0,1
77144,0,0,0,0,0,0,0,0,1
77145,0,0,0,0,0,0,0,0,1
77146,0,0,0,0,0,0,0,0,1
77147,0,0,0,0,0,0,0,0,1
77148,0,0,0,0,0,0,0,0,1
77149,0,0,0,0,0,0,0,0,1
77150,0,0,0,0,0,0,0,0,1
77151,0,0,0,0,0,0,0,0,1
77152,0,0,0,0,0,0,0,0,1
77153,0,0,0,0,0,0,0,0,1
77154,0,0,0,0,0,0,0,0,1
77155,0,0,0,0,0,0,0,0,1
77156,0,0,0,0,0,0,0,0,1
77157,0,0,0,0,0,0,0,0,1
77158,0,0,0,0,0,0,0,0,1
77159,0,0,0,0,0,0,0,0,1
77160,0,0,0,0,0,0,0,0,1
77161,0,0,0,0,0,0,0,0,1
77162,0,0,0,0,0,0,0,0,1
77163,0,0,0,0,0,0,0,0,1
77164,0,0,0,0,0,0,0,0,1
77165,0,0,0,0,0,0,0,0,1
77166,0,0,0,0,0,0,0,0,1
77167,0,0,0,0,0,0,0,0,1
77168,0,0,0,0,0,0,0,0,1
77169,0,0,0,0,0,0,0,0,1
77170,0,0,0,0,0,0,0,0,1
77171,0,0,0,0,0,0,0,0,1
77172,0,0,0,0,0,0,0,0,1
77173,0,0,0,0,0,0,0,0,1
77174,0,0,0,0,0,0,0,0,1
77175,0,0,0,0,0,0,0,0,1
77176,0,0,0,0,0,0,0,0,1
77177,0,0,0,0,0,0,0,0,1
77178,0,0,0,0,0,0,0,0,1
77179,0,0,0,0,0,0,0,0,1
77180,0,0,0,0,0,0,0,0,1
77181,0,0,0,0,0,0,0,0,1
77182,0,0,0,0,0,0,0,0,1
77183,0,0,0,0,0,0,0,0,1
77184,0,0,0,0,0,0,0,0,1
77185,0,0,0,0,0,0,0,0,1
77186,0,0,0,0,0,0,0,0,1
77187,0,0,0,0,0,0,0,0,1
77188,0,0,0,0,0,0,0,0,1
77189,0,0,0,0,0,0,0,0,1
77190,0,0,0,0,0,0,0,0,1
77191,0,0,0,0,0,0,0,0,1
77192,0,0,0,0,0,0,0,0,1
77193,0,0,0,0,0,0,0,0,1
77194,0,0,0,0,0,0,0,0,1
77195,0,0,0,0,0,0,0,0,1
77196,0,0,0,0,0,0,0,0,1
77197,0,0,0,0,0,0,0,0,1
77198,0,0,0,0,0,0,0,0,1
77199,0,0,0,0,0,0,0,0,1
77200,0,0,0,0,0,0,0,0,1
77201,0,0,0,0,0,0,0,0,1
77202,0,0,0,0,0,0,0,0,1
77203,0,0,0,0,0,0,0,0,1
77204,0,0,0,0,0,0,0,0,1
77205,0,0,0,0,0,0,0,0,1
77206,0,0,0,0,0,0,0,0,1
77207,0,0,0,0,0,0,0,0,1
77208,0,0,0,0,0,0,0,0,1
77209,0,0,0,0,0,0,0,0,1
77210,0,0,0,0,0,0,0,0,1
77211,0,0,0,0,0,0,0,0,1
77212,0,0,0,0,0,0,0,0,1
77213,0,0,0,0,0,0,0,0,1
77214,0,0,0,0,0,0,0,0,1
77215,0,0,0,0,0,0,0,0,1
77216,0,0,0,0,0,0,0,0,1
77217,0,0,0,0,0,0,0,0,1
77218,0,0,0,0,0,0,0,0,1
77219,0,0,0,0,0,0,0,0,1
77220,0,0,0,0,0,0,0,0,1
77221,0,0,0,0,0,0,0,0,1
77222,0,0,0,0,0,0,0,0,1
77223,0,0,0,0,0,0,0,0,1
77224,0,0,0,0,0,0,0,0,1
77225,0,0,0,0,0,0,0,0,1
77226,0,0,0,0,0,0,0,0,1
77227,0,0,0,0,0,0,0,0,1
77228,0,0,0,0,0,0,0,0,1
77229,0,0,0,0,0,0,0,0,1
77230,0,0,0,0,0,0,0,0,1
77231,0,0,0,0,0,0,0,0,1
77232,0,0,0,0,0,0,0,0,1
77233,0,0,0,0,0,0,0,0,1
77234,0,0,0,0,0,0,0,0,1
77235,0,0,0,0,0,0,0,0,1
77236,0,0,0,0,0,0,0,0,1
77237,0,0,0,0,0,0,0,0,1
77238,0,0,0,0,0,0,0,0,1
77239,0,0,0,0,0,0,0,0,1
77240,0,0,0,0,0,0,0,0,1
77241,0,0,0,0,0,0,0,0,1
77242,0,0,0,0,0,0,0,0,1
77243,0,0,0,0,0,0,0,0,1
77244,0,0,0,0,0,0,0,0,1
77245,0,0,0,0,0,0,0,0,1
77246,0,0,0,0,0,0,0,0,1
77247,0,0,0,0,0,0,0,0,1
77248,0,0,0,0,0,0,0,0,1
77249,0,0,0,0,0,0,0,0,1
77250,0,0,0,0,0,0,0,0,1
77251,0,0,0,0,0,0,0,0,1
77252,0,0,0,0,0,0,0,0,1
77253,0,0,0,0,0,0,0,0,1
77254,0,0,0,0,0,0,0,0,1
77255,0,0,0,0,0,0,0,0,1
77256,0,0,0,0,0,0,0,0,1
77257,0,0,0,0,0,0,0,0,1
77258,0,0,0,0,0,0,0,0,1
77259,0,0,0,0,0,0,0,0,1
77260,0,0,0,0,0,0,0,0,1
77261,0,0,0,0,0,0,0,0,1
77262,0,0,0,0,0,0,0,0,1
77263,0,0,0,0,0,0,0,0,1
77264,0,0,0,0,0,0,0,0,1
77265,0,0,0,0,0,0,0,0,1
77266,0,0,0,0,0,0,0,0,1
77267,0,0,0,0,0,0,0,0,1
77268,0,0,0,0,0,0,0,0,1
77269,0,0,0,0,0,0,0,0,1
77270,0,0,0,0,0,0,0,0,1
77271,0,0,0,0,0,0,0,0,1
77272,0,0,0,0,0,0,0,0,1
77273,0,0,0,0,0,0,0,0,1
77274,0,0,0,0,0,0,0,0,1
77275,0,0,0,0,0,0,0,0,1
77276,0,0,0,0,0,0,0,0,1
77277,0,0,0,0,0,0,0,0,1
77278,0,0,0,0,0,0,0,0,1
77279,0,0,0,0,0,0,0,0,1
77280,0,0,0,0,0,0,0,0,1
77281,0,0,0,0,0,0,0,0,1
77282,0,0,0,0,0,0,0,0,1
77283,0,0,0,0,0,0,0,0,1
77284,0,0,0,0,0,0,0,0,1
77285,0,0,0,0,0,0,0,0,1
77286,0,0,0,0,0,0,0,0,1
77287,0,0,0,0,0,0,0,0,1
77288,0,0,0,0,0,0,0,0,1
77289,0,0,0,0,0,0,0,0,1
77290,0,0,0,0,0,0,0,0,1
77291,0,0,0,0,0,0,0,0,1
77292,0,0,0,0,0,0,0,0,1
77293,0,0,0,0,0,0,0,0,1
77294,0,0,0,0,0,0,0,0,1
77295,0,0,0,0,0,0,0,0,1
77296,0,0,0,0,0,0,0,0,1
77297,0,0,0,0,0,0,0,0,1
77298,0,0,0,0,0,0,0,0,1
77299,0,0,0,0,0,0,0,0,1
77300,0,0,0,0,0,0,0,0,1
77301,0,0,0,0,0,0,0,0,1
77302,0,0,0,0,0,0,0,0,1
77303,0,0,0,0,0,0,0,0,1
77304,0,0,0,0,0,0,0,0,1
77305,0,0,0,0,0,0,0,0,1
77306,0,0,0,0,0,0,0,0,1
77307,0,0,0,0,0,0,0,0,1
77308,0,0,0,0,0,0,0,0,1
77309,0,0,0,0,0,0,0,0,1
77310,0,0,0,0,0,0,0,0,1
77311,0,0,0,0,0,0,0,0,1
77312,0,0,0,0,0,0,0,0,1
77313,0,0,0,0,0,0,0,0,1
77314,0,0,0,0,0,0,0,0,1
77315,0,0,0,0,0,0,0,0,1
77316,0,0,0,0,0,0,0,0,1
77317,0,0,0,0,0,0,0,0,1
77318,0,0,0,0,0,0,0,0,1
77319,0,0,0,0,0,0,0,0,1
77320,0,0,0,0,0,0,0,0,1
77321,0,0,0,0,0,0,0,0,1
77322,0,0,0,0,0,0,0,0,1
77323,0,0,0,0,0,0,0,0,1
77324,0,0,0,0,0,0,0,0,1
77325,0,0,0,0,0,0,0,0,1
77326,0,0,0,0,0,0,0,0,1
77327,0,0,0,0,0,0,0,0,1
77328,0,0,0,0,0,0,0,0,1
77329,0,0,0,0,0,0,0,0,1
77330,0,0,0,0,0,0,0,0,1
77331,0,0,0,0,0,0,0,0,1
77332,0,0,0,0,0,0,0,0,1
77333,0,0,0,0,0,0,0,0,1
77334,0,0,0,0,0,0,0,0,1
77335,0,0,0,0,0,0,0,0,1
77336,0,0,0,0,0,0,0,0,1
77337,0,0,0,0,0,0,0,0,1
77338,0,0,0,0,0,0,0,0,1
77339,0,0,0,0,0,0,0,0,1
77340,0,0,0,0,0,0,0,0,1
77341,0,0,0,0,0,0,0,0,1
77342,0,0,0,0,0,0,0,0,1
77343,0,0,0,0,0,0,0,0,1
77344,0,0,0,0,0,0,0,0,1
77345,0,0,0,0,0,0,0,0,1
77346,0,0,0,0,0,0,0,0,1
77347,0,0,0,0,0,0,0,0,1
77348,0,0,0,0,0,0,0,0,1
77349,0,0,0,0,0,0,0,0,1
77350,0,0,0,0,0,0,0,0,1
77351,0,0,0,0,0,0,0,0,1
77352,0,0,0,0,0,0,0,0,1
77353,0,0,0,0,0,0,0,0,1
77354,0,0,0,0,0,0,0,0,1
77355,0,0,0,0,0,0,0,0,1
77356,0,0,0,0,0,0,0,0,1
77357,0,0,0,0,0,0,0,0,1
77358,0,0,0,0,0,0,0,0,1
77359,0,0,0,0,0,0,0,0,1
77360,0,0,0,0,0,0,0,0,1
77361,0,0,0,0,0,0,0,0,1
77362,0,0,0,0,0,0,0,0,1
77363,0,0,0,0,0,0,0,0,1
77364,0,0,0,0,0,0,0,0,1
77365,0,0,0,0,0,0,0,0,1
77366,0,0,0,0,0,0,0,0,1
77367,0,0,0,0,0,0,0,0,1
77368,0,0,0,0,0,0,0,0,1
77369,0,0,0,0,0,0,0,0,1
77370,0,0,0,0,0,0,0,0,1
77371,0,0,0,0,0,0,0,0,1
77372,0,0,0,0,0,0,0,0,1
77373,0,0,0,0,0,0,0,0,1
77374,0,0,0,0,0,0,0,0,1
77375,0,0,0,0,0,0,0,0,1
77376,0,0,0,0,0,0,0,0,1
77377,0,0,0,0,0,0,0,0,1
77378,0,0,0,0,0,0,0,0,1
77379,0,0,0,0,0,0,0,0,1
77380,0,0,0,0,0,0,0,0,1
77381,0,0,0,0,0,0,0,0,1
77382,0,0,0,0,0,0,0,0,1
77383,0,0,0,0,0,0,0,0,1
77384,0,0,0,0,0,0,0,0,1
77385,0,0,0,0,0,0,0,0,1
77386,0,0,0,0,0,0,0,0,1
77387,0,0,0,0,0,0,0,0,1
77388,0,0,0,0,0,0,0,0,1
77389,0,0,0,0,0,0,0,0,1
77390,0,0,0,0,0,0,0,0,1
77391,0,0,0,0,0,0,0,0,1
77392,0,0,0,0,0,0,0,0,1
77393,0,0,0,0,0,0,0,0,1
77394,0,0,0,0,0,0,0,0,1
77395,0,0,0,0,0,0,0,0,1
77396,0,0,0,0,0,0,0,0,1
77397,0,0,0,0,0,0,0,0,1
77398,0,0,0,0,0,0,0,0,1
77399,0,0,0,0,0,0,0,0,1
77400,0,0,0,0,0,0,0,0,1
77401,0,0,0,0,0,0,0,0,1
77402,0,0,0,0,0,0,0,0,1
77403,0,0,0,0,0,0,0,0,1
77404,0,0,0,0,0,0,0,0,1
77405,0,0,0,0,0,0,0,0,1
77406,0,0,0,0,0,0,0,0,1
77407,0,0,0,0,0,0,0,0,1
77408,0,0,0,0,0,0,0,0,1
77409,0,0,0,0,0,0,0,0,1
77410,0,0,0,0,0,0,0,0,1
77411,0,0,0,0,0,0,0,0,1
77412,0,0,0,0,0,0,0,0,1
77413,0,0,0,0,0,0,0,0,1
77414,0,0,0,0,0,0,0,0,1
77415,0,0,0,0,0,0,0,0,1
77416,0,0,0,0,0,0,0,0,1
77417,0,0,0,0,0,0,0,0,1
77418,0,0,0,0,0,0,0,0,1
77419,0,0,0,0,0,0,0,0,1
77420,0,0,0,0,0,0,0,0,1
77421,0,0,0,0,0,0,0,0,1
77422,0,0,0,0,0,0,0,0,1
77423,0,0,0,0,0,0,0,0,1
77424,0,0,0,0,0,0,0,0,1
77425,0,0,0,0,0,0,0,0,1
77426,0,0,0,0,0,0,0,0,1
77427,0,0,0,0,0,0,0,0,1
77428,0,0,0,0,0,0,0,0,1
77429,0,0,0,0,0,0,0,0,1
77430,0,0,0,0,0,0,0,0,1
77431,0,0,0,0,0,0,0,0,1
77432,0,0,0,0,0,0,0,0,1
77433,0,0,0,0,0,0,0,0,1
77434,0,0,0,0,0,0,0,0,1
77435,0,0,0,0,0,0,0,0,1
77436,0,0,0,0,0,0,0,0,1
77437,0,0,0,0,0,0,0,0,1
77438,0,0,0,0,0,0,0,0,1
77439,0,0,0,0,0,0,0,0,1
77440,0,0,0,0,0,0,0,0,1
77441,0,0,0,0,0,0,0,0,1
77442,0,0,0,0,0,0,0,0,1
77443,0,0,0,0,0,0,0,0,1
77444,0,0,0,0,0,0,0,0,1
77445,0,0,0,0,0,0,0,0,1
77446,0,0,0,0,0,0,0,0,1
77447,0,0,0,0,0,0,0,0,1
77448,0,0,0,0,0,0,0,0,1
77449,0,0,0,0,0,0,0,0,1
77450,0,0,0,0,0,0,0,0,1
77451,0,0,0,0,0,0,0,0,1
77452,0,0,0,0,0,0,0,0,1
77453,0,0,0,0,0,0,0,0,1
77454,0,0,0,0,0,0,0,0,1
77455,0,0,0,0,0,0,0,0,1
77456,0,0,0,0,0,0,0,0,1
77457,0,0,0,0,0,0,0,0,1
77458,0,0,0,0,0,0,0,0,1
77459,0,0,0,0,0,0,0,0,1
77460,0,0,0,0,0,0,0,0,1
77461,0,0,0,0,0,0,0,0,1
77462,0,0,0,0,0,0,0,0,1
77463,0,0,0,0,0,0,0,0,1
77464,0,0,0,0,0,0,0,0,1
77465,0,0,0,0,0,0,0,0,1
77466,0,0,0,0,0,0,0,0,1
77467,0,0,0,0,0,0,0,0,1
77468,0,0,0,0,0,0,0,0,1
77469,0,0,0,0,0,0,0,0,1
77470,0,0,0,0,0,0,0,0,1
77471,0,0,0,0,0,0,0,0,1
77472,0,0,0,0,0,0,0,0,1
77473,0,0,0,0,0,0,0,0,1
77474,0,0,0,0,0,0,0,0,1
77475,0,0,0,0,0,0,0,0,1
77476,0,0,0,0,0,0,0,0,1
77477,0,0,0,0,0,0,0,0,1
77478,0,0,0,0,0,0,0,0,1
77479,0,0,0,0,0,0,0,0,1
77480,0,0,0,0,0,0,0,0,1
77481,0,0,0,0,0,0,0,0,1
77482,0,0,0,0,0,0,0,0,1
77483,0,0,0,0,0,0,0,0,1
77484,0,0,0,0,0,0,0,0,1
77485,0,0,0,0,0,0,0,0,1
77486,0,0,0,0,0,0,0,0,1
77487,0,0,0,0,0,0,0,0,1
77488,0,0,0,0,0,0,0,0,1
77489,0,0,0,0,0,0,0,0,1
77490,0,0,0,0,0,0,0,0,1
77491,0,0,0,0,0,0,0,0,1
77492,0,0,0,0,0,0,0,0,1
77493,0,0,0,0,0,0,0,0,1
77494,0,0,0,0,0,0,0,0,1
77495,0,0,0,0,0,0,0,0,1
77496,0,0,0,0,0,0,0,0,1
77497,0,0,0,0,0,0,0,0,1
77498,0,0,0,0,0,0,0,0,1
77499,0,0,0,0,0,0,0,0,1
77500,0,0,0,0,0,0,0,0,1
77501,0,0,0,0,0,0,0,0,1
77502,0,0,0,0,0,0,0,0,1
77503,0,0,0,0,0,0,0,0,1
77504,0,0,0,0,0,0,0,0,1
77505,0,0,0,0,0,0,0,0,1
77506,0,0,0,0,0,0,0,0,1
77507,0,0,0,0,0,0,0,0,1
77508,0,0,0,0,0,0,0,0,1
77509,0,0,0,0,0,0,0,0,1
77510,0,0,0,0,0,0,0,0,1
77511,0,0,0,0,0,0,0,0,1
77512,0,0,0,0,0,0,0,0,1
77513,0,0,0,0,0,0,0,0,1
77514,0,0,0,0,0,0,0,0,1
77515,0,0,0,0,0,0,0,0,1
77516,0,0,0,0,0,0,0,0,1
77517,0,0,0,0,0,0,0,0,1
77518,0,0,0,0,0,0,0,0,1
77519,0,0,0,0,0,0,0,0,1
77520,0,0,0,0,0,0,0,0,1
77521,0,0,0,0,0,0,0,0,1
77522,0,0,0,0,0,0,0,0,1
77523,0,0,0,0,0,0,0,0,1
77524,0,0,0,0,0,0,0,0,1
77525,0,0,0,0,0,0,0,0,1
77526,0,0,0,0,0,0,0,0,1
77527,0,0,0,0,0,0,0,0,1
77528,0,0,0,0,0,0,0,0,1
77529,0,0,0,0,0,0,0,0,1
77530,0,0,0,0,0,0,0,0,1
77531,0,0,0,0,0,0,0,0,1
77532,0,0,0,0,0,0,0,0,1
77533,0,0,0,0,0,0,0,0,1
77534,0,0,0,0,0,0,0,0,1
77535,0,0,0,0,0,0,0,0,1
77536,0,0,0,0,0,0,0,0,1
77537,0,0,0,0,0,0,0,0,1
77538,0,0,0,0,0,0,0,0,1
77539,0,0,0,0,0,0,0,0,1
77540,0,0,0,0,0,0,0,0,1
77541,0,0,0,0,0,0,0,0,1
77542,0,0,0,0,0,0,0,0,1
77543,0,0,0,0,0,0,0,0,1
77544,0,0,0,0,0,0,0,0,1
77545,0,0,0,0,0,0,0,0,1
77546,0,0,0,0,0,0,0,0,1
77547,0,0,0,0,0,0,0,0,1
77548,0,0,0,0,0,0,0,0,1
77549,0,0,0,0,0,0,0,0,1
77550,0,0,0,0,0,0,0,0,1
77551,0,0,0,0,0,0,0,0,1
77552,0,0,0,0,0,0,0,0,1
77553,0,0,0,0,0,0,0,0,1
77554,0,0,0,0,0,0,0,0,1
77555,0,0,0,0,0,0,0,0,1
77556,0,0,0,0,0,0,0,0,1
77557,0,0,0,0,0,0,0,0,1
77558,0,0,0,0,0,0,0,0,1
77559,0,0,0,0,0,0,0,0,1
77560,0,0,0,0,0,0,0,0,1
77561,0,0,0,0,0,0,0,0,1
77562,0,0,0,0,0,0,0,0,1
77563,0,0,0,0,0,0,0,0,1
77564,0,0,0,0,0,0,0,0,1
77565,0,0,0,0,0,0,0,0,1
77566,0,0,0,0,0,0,0,0,1
77567,0,0,0,0,0,0,0,0,1
77568,0,0,0,0,0,0,0,0,1
77569,0,0,0,0,0,0,0,0,1
77570,0,0,0,0,0,0,0,0,1
77571,0,0,0,0,0,0,0,0,1
77572,0,0,0,0,0,0,0,0,1
77573,0,0,0,0,0,0,0,0,1
77574,0,0,0,0,0,0,0,0,1
77575,0,0,0,0,0,0,0,0,1
77576,0,0,0,0,0,0,0,0,1
77577,0,0,0,0,0,0,0,0,1
77578,0,0,0,0,0,0,0,0,1
77579,0,0,0,0,0,0,0,0,1
77580,0,0,0,0,0,0,0,0,1
77581,0,0,0,0,0,0,0,0,1
77582,0,0,0,0,0,0,0,0,1
77583,0,0,0,0,0,0,0,0,1
77584,0,0,0,0,0,0,0,0,1
77585,0,0,0,0,0,0,0,0,1
77586,0,0,0,0,0,0,0,0,1
77587,0,0,0,0,0,0,0,0,1
77588,0,0,0,0,0,0,0,0,1
77589,0,0,0,0,0,0,0,0,1
77590,0,0,0,0,0,0,0,0,1
77591,0,0,0,0,0,0,0,0,1
77592,0,0,0,0,0,0,0,0,1
77593,0,0,0,0,0,0,0,0,1
77594,0,0,0,0,0,0,0,0,1
77595,0,0,0,0,0,0,0,0,1
77596,0,0,0,0,0,0,0,0,1
77597,0,0,0,0,0,0,0,0,1
77598,0,0,0,0,0,0,0,0,1
77599,0,0,0,0,0,0,0,0,1
77600,0,0,0,0,0,0,0,0,1
77601,0,0,0,0,0,0,0,0,1
77602,0,0,0,0,0,0,0,0,1
77603,0,0,0,0,0,0,0,0,1
77604,0,0,0,0,0,0,0,0,1
77605,0,0,0,0,0,0,0,0,1
77606,0,0,0,0,0,0,0,0,1
77607,0,0,0,0,0,0,0,0,1
77608,0,0,0,0,0,0,0,0,1
77609,0,0,0,0,0,0,0,0,1
77610,0,0,0,0,0,0,0,0,1
77611,0,0,0,0,0,0,0,0,1
77612,0,0,0,0,0,0,0,0,1
77613,0,0,0,0,0,0,0,0,1
77614,0,0,0,0,0,0,0,0,1
77615,0,0,0,0,0,0,0,0,1
77616,0,0,0,0,0,0,0,0,1
77617,0,0,0,0,0,0,0,0,1
77618,0,0,0,0,0,0,0,0,1
77619,0,0,0,0,0,0,0,0,1
77620,0,0,0,0,0,0,0,0,1
77621,0,0,0,0,0,0,0,0,1
77622,0,0,0,0,0,0,0,0,1
77623,0,0,0,0,0,0,0,0,1
77624,0,0,0,0,0,0,0,0,1
77625,0,0,0,0,0,0,0,0,1
77626,0,0,0,0,0,0,0,0,1
77627,0,0,0,0,0,0,0,0,1
77628,0,0,0,0,0,0,0,0,1
77629,0,0,0,0,0,0,0,0,1
77630,0,0,0,0,0,0,0,0,1
77631,0,0,0,0,0,0,0,0,1
77632,0,0,0,0,0,0,0,0,1
77633,0,0,0,0,0,0,0,0,1
77634,0,0,0,0,0,0,0,0,1
77635,0,0,0,0,0,0,0,0,1
77636,0,0,0,0,0,0,0,0,1
77637,0,0,0,0,0,0,0,0,1
77638,0,0,0,0,0,0,0,0,1
77639,0,0,0,0,0,0,0,0,1
77640,0,0,0,0,0,0,0,0,1
77641,0,0,0,0,0,0,0,0,1
77642,0,0,0,0,0,0,0,0,1
77643,0,0,0,0,0,0,0,0,1
77644,0,0,0,0,0,0,0,0,1
77645,0,0,0,0,0,0,0,0,1
77646,0,0,0,0,0,0,0,0,1
77647,0,0,0,0,0,0,0,0,1
77648,0,0,0,0,0,0,0,0,1
77649,0,0,0,0,0,0,0,0,1
77650,0,0,0,0,0,0,0,0,1
77651,0,0,0,0,0,0,0,0,1
77652,0,0,0,0,0,0,0,0,1
77653,0,0,0,0,0,0,0,0,1
77654,0,0,0,0,0,0,0,0,1
77655,0,0,0,0,0,0,0,0,1
77656,0,0,0,0,0,0,0,0,1
77657,0,0,0,0,0,0,0,0,1
77658,0,0,0,0,0,0,0,0,1
77659,0,0,0,0,0,0,0,0,1
77660,0,0,0,0,0,0,0,0,1
77661,0,0,0,0,0,0,0,0,1
77662,0,0,0,0,0,0,0,0,1
77663,0,0,0,0,0,0,0,0,1
77664,0,0,0,0,0,0,0,0,1
77665,0,0,0,0,0,0,0,0,1
77666,0,0,0,0,0,0,0,0,1
77667,0,0,0,0,0,0,0,0,1
77668,0,0,0,0,0,0,0,0,1
77669,0,0,0,0,0,0,0,0,1
77670,0,0,0,0,0,0,0,0,1
77671,0,0,0,0,0,0,0,0,1
77672,0,0,0,0,0,0,0,0,1
77673,0,0,0,0,0,0,0,0,1
77674,0,0,0,0,0,0,0,0,1
77675,0,0,0,0,0,0,0,0,1
77676,0,0,0,0,0,0,0,0,1
77677,0,0,0,0,0,0,0,0,1
77678,0,0,0,0,0,0,0,0,1
77679,0,0,0,0,0,0,0,0,1
77680,0,0,0,0,0,0,0,0,1
77681,0,0,0,0,0,0,0,0,1
77682,0,0,0,0,0,0,0,0,1
77683,0,0,0,0,0,0,0,0,1
77684,0,0,0,0,0,0,0,0,1
77685,0,0,0,0,0,0,0,0,1
77686,0,0,0,0,0,0,0,0,1
77687,0,0,0,0,0,0,0,0,1
77688,0,0,0,0,0,0,0,0,1
77689,0,0,0,0,0,0,0,0,1
77690,0,0,0,0,0,0,0,0,1
77691,0,0,0,0,0,0,0,0,1
77692,0,0,0,0,0,0,0,0,1
77693,0,0,0,0,0,0,0,0,1
77694,0,0,0,0,0,0,0,0,1
77695,0,0,0,0,0,0,0,0,1
77696,0,0,0,0,0,0,0,0,1
77697,0,0,0,0,0,0,0,0,1
77698,0,0,0,0,0,0,0,0,1
77699,0,0,0,0,0,0,0,0,1
77700,0,0,0,0,0,0,0,0,1
77701,0,0,0,0,0,0,0,0,1
77702,0,0,0,0,0,0,0,0,1
77703,0,0,0,0,0,0,0,0,1
77704,0,0,0,0,0,0,0,0,1
77705,0,0,0,0,0,0,0,0,1
77706,0,0,0,0,0,0,0,0,1
77707,0,0,0,0,0,0,0,0,1
77708,0,0,0,0,0,0,0,0,1
77709,0,0,0,0,0,0,0,0,1
77710,0,0,0,0,0,0,0,0,1
77711,0,0,0,0,0,0,0,0,1
77712,0,0,0,0,0,0,0,0,1
77713,0,0,0,0,0,0,0,0,1
77714,0,0,0,0,0,0,0,0,1
77715,0,0,0,0,0,0,0,0,1
77716,0,0,0,0,0,0,0,0,1
77717,0,0,0,0,0,0,0,0,1
77718,0,0,0,0,0,0,0,0,1
77719,0,0,0,0,0,0,0,0,1
77720,0,0,0,0,0,0,0,0,1
77721,0,0,0,0,0,0,0,0,1
77722,0,0,0,0,0,0,0,0,1
77723,0,0,0,0,0,0,0,0,1
77724,0,0,0,0,0,0,0,0,1
77725,0,0,0,0,0,0,0,0,1
77726,0,0,0,0,0,0,0,0,1
77727,0,0,0,0,0,0,0,0,1
77728,0,0,0,0,0,0,0,0,1
77729,0,0,0,0,0,0,0,0,1
77730,0,0,0,0,0,0,0,0,1
77731,0,0,0,0,0,0,0,0,1
77732,0,0,0,0,0,0,0,0,1
77733,0,0,0,0,0,0,0,0,1
77734,0,0,0,0,0,0,0,0,1
77735,0,0,0,0,0,0,0,0,1
77736,0,0,0,0,0,0,0,0,1
77737,0,0,0,0,0,0,0,0,1
77738,0,0,0,0,0,0,0,0,1
77739,0,0,0,0,0,0,0,0,1
77740,0,0,0,0,0,0,0,0,1
77741,0,0,0,0,0,0,0,0,1
77742,0,0,0,0,0,0,0,0,1
77743,0,0,0,0,0,0,0,0,1
77744,0,0,0,0,0,0,0,0,1
77745,0,0,0,0,0,0,0,0,1
77746,0,0,0,0,0,0,0,0,1
77747,0,0,0,0,0,0,0,0,1
77748,0,0,0,0,0,0,0,0,1
77749,0,0,0,0,0,0,0,0,1
77750,0,0,0,0,0,0,0,0,1
77751,0,0,0,0,0,0,0,0,1
77752,0,0,0,0,0,0,0,0,1
77753,0,0,0,0,0,0,0,0,1
77754,0,0,0,0,0,0,0,0,1
77755,0,0,0,0,0,0,0,0,1
77756,0,0,0,0,0,0,0,0,1
77757,0,0,0,0,0,0,0,0,1
77758,0,0,0,0,0,0,0,0,1
77759,0,0,0,0,0,0,0,0,1
77760,0,0,0,0,0,0,0,0,1
77761,0,0,0,0,0,0,0,0,1
77762,0,0,0,0,0,0,0,0,1
77763,0,0,0,0,0,0,0,0,1
77764,0,0,0,0,0,0,0,0,1
77765,0,0,0,0,0,0,0,0,1
77766,0,0,0,0,0,0,0,0,1
77767,0,0,0,0,0,0,0,0,1
77768,0,0,0,0,0,0,0,0,1
77769,0,0,0,0,0,0,0,0,1
77770,0,0,0,0,0,0,0,0,1
77771,0,0,0,0,0,0,0,0,1
77772,0,0,0,0,0,0,0,0,1
77773,0,0,0,0,0,0,0,0,1
77774,0,0,0,0,0,0,0,0,1
77775,0,0,0,0,0,0,0,0,1
77776,0,0,0,0,0,0,0,0,1
77777,0,0,0,0,0,0,0,0,1
77778,0,0,0,0,0,0,0,0,1
77779,0,0,0,0,0,0,0,0,1
77780,0,0,0,0,0,0,0,0,1
77781,0,0,0,0,0,0,0,0,1
77782,0,0,0,0,0,0,0,0,1
77783,0,0,0,0,0,0,0,0,1
77784,0,0,0,0,0,0,0,0,1
77785,0,0,0,0,0,0,0,0,1
77786,0,0,0,0,0,0,0,0,1
77787,0,0,0,0,0,0,0,0,1
77788,0,0,0,0,0,0,0,0,1
77789,0,0,0,0,0,0,0,0,1
77790,0,0,0,0,0,0,0,0,1
77791,0,0,0,0,0,0,0,0,1
77792,0,0,0,0,0,0,0,0,1
77793,0,0,0,0,0,0,0,0,1
77794,0,0,0,0,0,0,0,0,1
77795,0,0,0,0,0,0,0,0,1
77796,0,0,0,0,0,0,0,0,1
77797,0,0,0,0,0,0,0,0,1
77798,0,0,0,0,0,0,0,0,1
77799,0,0,0,0,0,0,0,0,1
77800,0,0,0,0,0,0,0,0,1
77801,0,0,0,0,0,0,0,0,1
77802,0,0,0,0,0,0,0,0,1
77803,0,0,0,0,0,0,0,0,1
77804,0,0,0,0,0,0,0,0,1
77805,0,0,0,0,0,0,0,0,1
77806,0,0,0,0,0,0,0,0,1
77807,0,0,0,0,0,0,0,0,1
77808,0,0,0,0,0,0,0,0,1
77809,0,0,0,0,0,0,0,0,1
77810,0,0,0,0,0,0,0,0,1
77811,0,0,0,0,0,0,0,0,1
77812,0,0,0,0,0,0,0,0,1
77813,0,0,0,0,0,0,0,0,1
77814,0,0,0,0,0,0,0,0,1
77815,0,0,0,0,0,0,0,0,1
77816,0,0,0,0,0,0,0,0,1
77817,0,0,0,0,0,0,0,0,1
77818,0,0,0,0,0,0,0,0,1
77819,0,0,0,0,0,0,0,0,1
77820,0,0,0,0,0,0,0,0,1
77821,0,0,0,0,0,0,0,0,1
77822,0,0,0,0,0,0,0,0,1
77823,0,0,0,0,0,0,0,0,1
77824,0,0,0,0,0,0,0,0,1
77825,0,0,0,0,0,0,0,0,1
77826,0,0,0,0,0,0,0,0,1
77827,0,0,0,0,0,0,0,0,1
77828,0,0,0,0,0,0,0,0,1
77829,0,0,0,0,0,0,0,0,1
77830,0,0,0,0,0,0,0,0,1
77831,0,0,0,0,0,0,0,0,1
77832,0,0,0,0,0,0,0,0,1
77833,0,0,0,0,0,0,0,0,1
77834,0,0,0,0,0,0,0,0,1
77835,0,0,0,0,0,0,0,0,1
77836,0,0,0,0,0,0,0,0,1
77837,0,0,0,0,0,0,0,0,1
77838,0,0,0,0,0,0,0,0,1
77839,0,0,0,0,0,0,0,0,1
77840,0,0,0,0,0,0,0,0,1
77841,0,0,0,0,0,0,0,0,1
77842,0,0,0,0,0,0,0,0,1
77843,0,0,0,0,0,0,0,0,1
77844,0,0,0,0,0,0,0,0,1
77845,0,0,0,0,0,0,0,0,1
77846,0,0,0,0,0,0,0,0,1
77847,0,0,0,0,0,0,0,0,1
77848,0,0,0,0,0,0,0,0,1
77849,0,0,0,0,0,0,0,0,1
77850,0,0,0,0,0,0,0,0,1
77851,0,0,0,0,0,0,0,0,1
77852,0,0,0,0,0,0,0,0,1
77853,0,0,0,0,0,0,0,0,1
77854,0,0,0,0,0,0,0,0,1
77855,0,0,0,0,0,0,0,0,1
77856,0,0,0,0,0,0,0,0,1
77857,0,0,0,0,0,0,0,0,1
77858,0,0,0,0,0,0,0,0,1
77859,0,0,0,0,0,0,0,0,1
77860,0,0,0,0,0,0,0,0,1
77861,0,0,0,0,0,0,0,0,1
77862,0,0,0,0,0,0,0,0,1
77863,0,0,0,0,0,0,0,0,1
77864,0,0,0,0,0,0,0,0,1
77865,0,0,0,0,0,0,0,0,1
77866,0,0,0,0,0,0,0,0,1
77867,0,0,0,0,0,0,0,0,1
77868,0,0,0,0,0,0,0,0,1
77869,0,0,0,0,0,0,0,0,1
77870,0,0,0,0,0,0,0,0,1
77871,0,0,0,0,0,0,0,0,1
77872,0,0,0,0,0,0,0,0,1
77873,0,0,0,0,0,0,0,0,1
77874,0,0,0,0,0,0,0,0,1
77875,0,0,0,0,0,0,0,0,1
77876,0,0,0,0,0,0,0,0,1
77877,0,0,0,0,0,0,0,0,1
77878,0,0,0,0,0,0,0,0,1
77879,0,0,0,0,0,0,0,0,1
77880,0,0,0,0,0,0,0,0,1
77881,0,0,0,0,0,0,0,0,1
77882,0,0,0,0,0,0,0,0,1
77883,0,0,0,0,0,0,0,0,1
77884,0,0,0,0,0,0,0,0,1
77885,0,0,0,0,0,0,0,0,1
77886,0,0,0,0,0,0,0,0,1
77887,0,0,0,0,0,0,0,0,1
77888,0,0,0,0,0,0,0,0,1
77889,0,0,0,0,0,0,0,0,1
77890,0,0,0,0,0,0,0,0,1
77891,0,0,0,0,0,0,0,0,1
77892,0,0,0,0,0,0,0,0,1
77893,0,0,0,0,0,0,0,0,1
77894,0,0,0,0,0,0,0,0,1
77895,0,0,0,0,0,0,0,0,1
77896,0,0,0,0,0,0,0,0,1
77897,0,0,0,0,0,0,0,0,1
77898,0,0,0,0,0,0,0,0,1
77899,0,0,0,0,0,0,0,0,1
77900,0,0,0,0,0,0,0,0,1
77901,0,0,0,0,0,0,0,0,1
77902,0,0,0,0,0,0,0,0,1
77903,0,0,0,0,0,0,0,0,1
77904,0,0,0,0,0,0,0,0,1
77905,0,0,0,0,0,0,0,0,1
77906,0,0,0,0,0,0,0,0,1
77907,0,0,0,0,0,0,0,0,1
77908,0,0,0,0,0,0,0,0,1
77909,0,0,0,0,0,0,0,0,1
77910,0,0,0,0,0,0,0,0,1
77911,0,0,0,0,0,0,0,0,1
77912,0,0,0,0,0,0,0,0,1
77913,0,0,0,0,0,0,0,0,1
77914,0,0,0,0,0,0,0,0,1
77915,0,0,0,0,0,0,0,0,1
77916,0,0,0,0,0,0,0,0,1
77917,0,0,0,0,0,0,0,0,1
77918,0,0,0,0,0,0,0,0,1
77919,0,0,0,0,0,0,0,0,1
77920,0,0,0,0,0,0,0,0,1
77921,0,0,0,0,0,0,0,0,1
77922,0,0,0,0,0,0,0,0,1
77923,0,0,0,0,0,0,0,0,1
77924,0,0,0,0,0,0,0,0,1
77925,0,0,0,0,0,0,0,0,1
77926,0,0,0,0,0,0,0,0,1
77927,0,0,0,0,0,0,0,0,1
77928,0,0,0,0,0,0,0,0,1
77929,0,0,0,0,0,0,0,0,1
77930,0,0,0,0,0,0,0,0,1
77931,0,0,0,0,0,0,0,0,1
77932,0,0,0,0,0,0,0,0,1
77933,0,0,0,0,0,0,0,0,1
77934,0,0,0,0,0,0,0,0,1
77935,0,0,0,0,0,0,0,0,1
77936,0,0,0,0,0,0,0,0,1
77937,0,0,0,0,0,0,0,0,1
77938,0,0,0,0,0,0,0,0,1
77939,0,0,0,0,0,0,0,0,1
77940,0,0,0,0,0,0,0,0,1
77941,0,0,0,0,0,0,0,0,1
77942,0,0,0,0,0,0,0,0,1
77943,0,0,0,0,0,0,0,0,1
77944,0,0,0,0,0,0,0,0,1
77945,0,0,0,0,0,0,0,0,1
77946,0,0,0,0,0,0,0,0,1
77947,0,0,0,0,0,0,0,0,1
77948,0,0,0,0,0,0,0,0,1
77949,0,0,0,0,0,0,0,0,1
77950,0,0,0,0,0,0,0,0,1
77951,0,0,0,0,0,0,0,0,1
77952,0,0,0,0,0,0,0,0,1
77953,0,0,0,0,0,0,0,0,1
77954,0,0,0,0,0,0,0,0,1
77955,0,0,0,0,0,0,0,0,1
77956,0,0,0,0,0,0,0,0,1
77957,0,0,0,0,0,0,0,0,1
77958,0,0,0,0,0,0,0,0,1
77959,0,0,0,0,0,0,0,0,1
77960,0,0,0,0,0,0,0,0,1
77961,0,0,0,0,0,0,0,0,1
77962,0,0,0,0,0,0,0,0,1
77963,0,0,0,0,0,0,0,0,1
77964,0,0,0,0,0,0,0,0,1
77965,0,0,0,0,0,0,0,0,1
77966,0,0,0,0,0,0,0,0,1
77967,0,0,0,0,0,0,0,0,1
77968,0,0,0,0,0,0,0,0,1
77969,0,0,0,0,0,0,0,0,1
77970,0,0,0,0,0,0,0,0,1
77971,0,0,0,0,0,0,0,0,1
77972,0,0,0,0,0,0,0,0,1
77973,0,0,0,0,0,0,0,0,1
77974,0,0,0,0,0,0,0,0,1
77975,0,0,0,0,0,0,0,0,1
77976,0,0,0,0,0,0,0,0,1
77977,0,0,0,0,0,0,0,0,1
77978,0,0,0,0,0,0,0,0,1
77979,0,0,0,0,0,0,0,0,1
77980,0,0,0,0,0,0,0,0,1
77981,0,0,0,0,0,0,0,0,1
77982,0,0,0,0,0,0,0,0,1
77983,0,0,0,0,0,0,0,0,1
77984,0,0,0,0,0,0,0,0,1
77985,0,0,0,0,0,0,0,0,1
77986,0,0,0,0,0,0,0,0,1
77987,0,0,0,0,0,0,0,0,1
77988,0,0,0,0,0,0,0,0,1
77989,0,0,0,0,0,0,0,0,1
77990,0,0,0,0,0,0,0,0,1
77991,0,0,0,0,0,0,0,0,1
77992,0,0,0,0,0,0,0,0,1
77993,0,0,0,0,0,0,0,0,1
77994,0,0,0,0,0,0,0,0,1
77995,0,0,0,0,0,0,0,0,1
77996,0,0,0,0,0,0,0,0,1
77997,0,0,0,0,0,0,0,0,1
77998,0,0,0,0,0,0,0,0,1
77999,0,0,0,0,0,0,0,0,1
78000,0,0,0,0,0,0,0,0,1
78001,0,0,0,0,0,0,0,0,1
78002,0,0,0,0,0,0,0,0,1
78003,0,0,0,0,0,0,0,0,1
78004,0,0,0,0,0,0,0,0,1
78005,0,0,0,0,0,0,0,0,1
78006,0,0,0,0,0,0,0,0,1
78007,0,0,0,0,0,0,0,0,1
78008,0,0,0,0,0,0,0,0,1
78009,0,0,0,0,0,0,0,0,1
78010,0,0,0,0,0,0,0,0,1
78011,0,0,0,0,0,0,0,0,1
78012,0,0,0,0,0,0,0,0,1
78013,0,0,0,0,0,0,0,0,1
78014,0,0,0,0,0,0,0,0,1
78015,0,0,0,0,0,0,0,0,1
78016,0,0,0,0,0,0,0,0,1
78017,0,0,0,0,0,0,0,0,1
78018,0,0,0,0,0,0,0,0,1
78019,0,0,0,0,0,0,0,0,1
78020,0,0,0,0,0,0,0,0,1
78021,0,0,0,0,0,0,0,0,1
78022,0,0,0,0,0,0,0,0,1
78023,0,0,0,0,0,0,0,0,1
78024,0,0,0,0,0,0,0,0,1
78025,0,0,0,0,0,0,0,0,1
78026,0,0,0,0,0,0,0,0,1
78027,0,0,0,0,0,0,0,0,1
78028,0,0,0,0,0,0,0,0,1
78029,0,0,0,0,0,0,0,0,1
78030,0,0,0,0,0,0,0,0,1
78031,0,0,0,0,0,0,0,0,1
78032,0,0,0,0,0,0,0,0,1
78033,0,0,0,0,0,0,0,0,1
78034,0,0,0,0,0,0,0,0,1
78035,0,0,0,0,0,0,0,0,1
78036,0,0,0,0,0,0,0,0,1
78037,0,0,0,0,0,0,0,0,1
78038,0,0,0,0,0,0,0,0,1
78039,0,0,0,0,0,0,0,0,1
78040,0,0,0,0,0,0,0,0,1
78041,0,0,0,0,0,0,0,0,1
78042,0,0,0,0,0,0,0,0,1
78043,0,0,0,0,0,0,0,0,1
78044,0,0,0,0,0,0,0,0,1
78045,0,0,0,0,0,0,0,0,1
78046,0,0,0,0,0,0,0,0,1
78047,0,0,0,0,0,0,0,0,1
78048,0,0,0,0,0,0,0,0,1
78049,0,0,0,0,0,0,0,0,1
78050,0,0,0,0,0,0,0,0,1
78051,0,0,0,0,0,0,0,0,1
78052,0,0,0,0,0,0,0,0,1
78053,0,0,0,0,0,0,0,0,1
78054,0,0,0,0,0,0,0,0,1
78055,0,0,0,0,0,0,0,0,1
78056,0,0,0,0,0,0,0,0,1
78057,0,0,0,0,0,0,0,0,1
78058,0,0,0,0,0,0,0,0,1
78059,0,0,0,0,0,0,0,0,1
78060,0,0,0,0,0,0,0,0,1
78061,0,0,0,0,0,0,0,0,1
78062,0,0,0,0,0,0,0,0,1
78063,0,0,0,0,0,0,0,0,1
78064,0,0,0,0,0,0,0,0,1
78065,0,0,0,0,0,0,0,0,1
78066,0,0,0,0,0,0,0,0,1
78067,0,0,0,0,0,0,0,0,1
78068,0,0,0,0,0,0,0,0,1
78069,0,0,0,0,0,0,0,0,1
78070,0,0,0,0,0,0,0,0,1
78071,0,0,0,0,0,0,0,0,1
78072,0,0,0,0,0,0,0,0,1
78073,0,0,0,0,0,0,0,0,1
78074,0,0,0,0,0,0,0,0,1
78075,0,0,0,0,0,0,0,0,1
78076,0,0,0,0,0,0,0,0,1
78077,0,0,0,0,0,0,0,0,1
78078,0,0,0,0,0,0,0,0,1
78079,0,0,0,0,0,0,0,0,1
78080,0,0,0,0,0,0,0,0,1
78081,0,0,0,0,0,0,0,0,1
78082,0,0,0,0,0,0,0,0,1
78083,0,0,0,0,0,0,0,0,1
78084,0,0,0,0,0,0,0,0,1
78085,0,0,0,0,0,0,0,0,1
78086,0,0,0,0,0,0,0,0,1
78087,0,0,0,0,0,0,0,0,1
78088,0,0,0,0,0,0,0,0,1
78089,0,0,0,0,0,0,0,0,1
78090,0,0,0,0,0,0,0,0,1
78091,0,0,0,0,0,0,0,0,1
78092,0,0,0,0,0,0,0,0,1
78093,0,0,0,0,0,0,0,0,1
78094,0,0,0,0,0,0,0,0,1
78095,0,0,0,0,0,0,0,0,1
78096,0,0,0,0,0,0,0,0,1
78097,0,0,0,0,0,0,0,0,1
78098,0,0,0,0,0,0,0,0,1
78099,0,0,0,0,0,0,0,0,1
78100,0,0,0,0,0,0,0,0,1
78101,0,0,0,0,0,0,0,0,1
78102,0,0,0,0,0,0,0,0,1
78103,0,0,0,0,0,0,0,0,1
78104,0,0,0,0,0,0,0,0,1
78105,0,0,0,0,0,0,0,0,1
78106,0,0,0,0,0,0,0,0,1
78107,0,0,0,0,0,0,0,0,1
78108,0,0,0,0,0,0,0,0,1
78109,0,0,0,0,0,0,0,0,1
78110,0,0,0,0,0,0,0,0,1
78111,0,0,0,0,0,0,0,0,1
78112,0,0,0,0,0,0,0,0,1
78113,0,0,0,0,0,0,0,0,1
78114,0,0,0,0,0,0,0,0,1
78115,0,0,0,0,0,0,0,0,1
78116,0,0,0,0,0,0,0,0,1
78117,0,0,0,0,0,0,0,0,1
78118,0,0,0,0,0,0,0,0,1
78119,0,0,0,0,0,0,0,0,1
78120,0,0,0,0,0,0,0,0,1
78121,0,0,0,0,0,0,0,0,1
78122,0,0,0,0,0,0,0,0,1
78123,0,0,0,0,0,0,0,0,1
78124,0,0,0,0,0,0,0,0,1
78125,0,0,0,0,0,0,0,0,1
78126,0,0,0,0,0,0,0,0,1
78127,0,0,0,0,0,0,0,0,1
78128,0,0,0,0,0,0,0,0,1
78129,0,0,0,0,0,0,0,0,1
78130,0,0,0,0,0,0,0,0,1
78131,0,0,0,0,0,0,0,0,1
78132,0,0,0,0,0,0,0,0,1
78133,0,0,0,0,0,0,0,0,1
78134,0,0,0,0,0,0,0,0,1
78135,0,0,0,0,0,0,0,0,1
78136,0,0,0,0,0,0,0,0,1
78137,0,0,0,0,0,0,0,0,1
78138,0,0,0,0,0,0,0,0,1
78139,0,0,0,0,0,0,0,0,1
78140,0,0,0,0,0,0,0,0,1
78141,0,0,0,0,0,0,0,0,1
78142,0,0,0,0,0,0,0,0,1
78143,0,0,0,0,0,0,0,0,1
78144,0,0,0,0,0,0,0,0,1
78145,0,0,0,0,0,0,0,0,1
78146,0,0,0,0,0,0,0,0,1
78147,0,0,0,0,0,0,0,0,1
78148,0,0,0,0,0,0,0,0,1
78149,0,0,0,0,0,0,0,0,1
78150,0,0,0,0,0,0,0,0,1
78151,0,0,0,0,0,0,0,0,1
78152,0,0,0,0,0,0,0,0,1
78153,0,0,0,0,0,0,0,0,1
78154,0,0,0,0,0,0,0,0,1
78155,0,0,0,0,0,0,0,0,1
78156,0,0,0,0,0,0,0,0,1
78157,0,0,0,0,0,0,0,0,1
78158,0,0,0,0,0,0,0,0,1
78159,0,0,0,0,0,0,0,0,1
78160,0,0,0,0,0,0,0,0,1
78161,0,0,0,0,0,0,0,0,1
78162,0,0,0,0,0,0,0,0,1
78163,0,0,0,0,0,0,0,0,1
78164,0,0,0,0,0,0,0,0,1
78165,0,0,0,0,0,0,0,0,1
78166,0,0,0,0,0,0,0,0,1
78167,0,0,0,0,0,0,0,0,1
78168,0,0,0,0,0,0,0,0,1
78169,0,0,0,0,0,0,0,0,1
78170,0,0,0,0,0,0,0,0,1
78171,0,0,0,0,0,0,0,0,1
78172,0,0,0,0,0,0,0,0,1
78173,0,0,0,0,0,0,0,0,1
78174,0,0,0,0,0,0,0,0,1
78175,0,0,0,0,0,0,0,0,1
78176,0,0,0,0,0,0,0,0,1
78177,0,0,0,0,0,0,0,0,1
78178,0,0,0,0,0,0,0,0,1
78179,0,0,0,0,0,0,0,0,1
78180,0,0,0,0,0,0,0,0,1
78181,0,0,0,0,0,0,0,0,1
78182,0,0,0,0,0,0,0,0,1
78183,0,0,0,0,0,0,0,0,1
78184,0,0,0,0,0,0,0,0,1
78185,0,0,0,0,0,0,0,0,1
78186,0,0,0,0,0,0,0,0,1
78187,0,0,0,0,0,0,0,0,1
78188,0,0,0,0,0,0,0,0,1
78189,0,0,0,0,0,0,0,0,1
78190,0,0,0,0,0,0,0,0,1
78191,0,0,0,0,0,0,0,0,1
78192,0,0,0,0,0,0,0,0,1
78193,0,0,0,0,0,0,0,0,1
78194,0,0,0,0,0,0,0,0,1
78195,0,0,0,0,0,0,0,0,1
78196,0,0,0,0,0,0,0,0,1
78197,0,0,0,0,0,0,0,0,1
78198,0,0,0,0,0,0,0,0,1
78199,0,0,0,0,0,0,0,0,1
78200,0,0,0,0,0,0,0,0,1
78201,0,0,0,0,0,0,0,0,1
78202,0,0,0,0,0,0,0,0,1
78203,0,0,0,0,0,0,0,0,1
78204,0,0,0,0,0,0,0,0,1
78205,0,0,0,0,0,0,0,0,1
78206,0,0,0,0,0,0,0,0,1
78207,0,0,0,0,0,0,0,0,1
78208,0,0,0,0,0,0,0,0,1
78209,0,0,0,0,0,0,0,0,1
78210,0,0,0,0,0,0,0,0,1
78211,0,0,0,0,0,0,0,0,1
78212,0,0,0,0,0,0,0,0,1
78213,0,0,0,0,0,0,0,0,1
78214,0,0,0,0,0,0,0,0,1
78215,0,0,0,0,0,0,0,0,1
78216,0,0,0,0,0,0,0,0,1
78217,0,0,0,0,0,0,0,0,1
78218,0,0,0,0,0,0,0,0,1
78219,0,0,0,0,0,0,0,0,1
78220,0,0,0,0,0,0,0,0,1
78221,0,0,0,0,0,0,0,0,1
78222,0,0,0,0,0,0,0,0,1
78223,0,0,0,0,0,0,0,0,1
78224,0,0,0,0,0,0,0,0,1
78225,0,0,0,0,0,0,0,0,1
78226,0,0,0,0,0,0,0,0,1
78227,0,0,0,0,0,0,0,0,1
78228,0,0,0,0,0,0,0,0,1
78229,0,0,0,0,0,0,0,0,1
78230,0,0,0,0,0,0,0,0,1
78231,0,0,0,0,0,0,0,0,1
78232,0,0,0,0,0,0,0,0,1
78233,0,0,0,0,0,0,0,0,1
78234,0,0,0,0,0,0,0,0,1
78235,0,0,0,0,0,0,0,0,1
78236,0,0,0,0,0,0,0,0,1
78237,0,0,0,0,0,0,0,0,1
78238,0,0,0,0,0,0,0,0,1
78239,0,0,0,0,0,0,0,0,1
78240,0,0,0,0,0,0,0,0,1
78241,0,0,0,0,0,0,0,0,1
78242,0,0,0,0,0,0,0,0,1
78243,0,0,0,0,0,0,0,0,1
78244,0,0,0,0,0,0,0,0,1
78245,0,0,0,0,0,0,0,0,1
78246,0,0,0,0,0,0,0,0,1
78247,0,0,0,0,0,0,0,0,1
78248,0,0,0,0,0,0,0,0,1
78249,0,0,0,0,0,0,0,0,1
78250,0,0,0,0,0,0,0,0,1
78251,0,0,0,0,0,0,0,0,1
78252,0,0,0,0,0,0,0,0,1
78253,0,0,0,0,0,0,0,0,1
78254,0,0,0,0,0,0,0,0,1
78255,0,0,0,0,0,0,0,0,1
78256,0,0,0,0,0,0,0,0,1
78257,0,0,0,0,0,0,0,0,1
78258,0,0,0,0,0,0,0,0,1
78259,0,0,0,0,0,0,0,0,1
78260,0,0,0,0,0,0,0,0,1
78261,0,0,0,0,0,0,0,0,1
78262,0,0,0,0,0,0,0,0,1
78263,0,0,0,0,0,0,0,0,1
78264,0,0,0,0,0,0,0,0,1
78265,0,0,0,0,0,0,0,0,1
78266,0,0,0,0,0,0,0,0,1
78267,0,0,0,0,0,0,0,0,1
78268,0,0,0,0,0,0,0,0,1
78269,0,0,0,0,0,0,0,0,1
78270,0,0,0,0,0,0,0,0,1
78271,0,0,0,0,0,0,0,0,1
78272,0,0,0,0,0,0,0,0,1
78273,0,0,0,0,0,0,0,0,1
78274,0,0,0,0,0,0,0,0,1
78275,0,0,0,0,0,0,0,0,1
78276,0,0,0,0,0,0,0,0,1
78277,0,0,0,0,0,0,0,0,1
78278,0,0,0,0,0,0,0,0,1
78279,0,0,0,0,0,0,0,0,1
78280,0,0,0,0,0,0,0,0,1
78281,0,0,0,0,0,0,0,0,1
78282,0,0,0,0,0,0,0,0,1
78283,0,0,0,0,0,0,0,0,1
78284,0,0,0,0,0,0,0,0,1
78285,0,0,0,0,0,0,0,0,1
78286,0,0,0,0,0,0,0,0,1
78287,0,0,0,0,0,0,0,0,1
78288,0,0,0,0,0,0,0,0,1
78289,0,0,0,0,0,0,0,0,1
78290,0,0,0,0,0,0,0,0,1
78291,0,0,0,0,0,0,0,0,1
78292,0,0,0,0,0,0,0,0,1
78293,0,0,0,0,0,0,0,0,1
78294,0,0,0,0,0,0,0,0,1
78295,0,0,0,0,0,0,0,0,1
78296,0,0,0,0,0,0,0,0,1
78297,0,0,0,0,0,0,0,0,1
78298,0,0,0,0,0,0,0,0,1
78299,0,0,0,0,0,0,0,0,1
78300,0,0,0,0,0,0,0,0,1
78301,0,0,0,0,0,0,0,0,1
78302,0,0,0,0,0,0,0,0,1
78303,0,0,0,0,0,0,0,0,1
78304,0,0,0,0,0,0,0,0,1
78305,0,0,0,0,0,0,0,0,1
78306,0,0,0,0,0,0,0,0,1
78307,0,0,0,0,0,0,0,0,1
78308,0,0,0,0,0,0,0,0,1
78309,0,0,0,0,0,0,0,0,1
78310,0,0,0,0,0,0,0,0,1
78311,0,0,0,0,0,0,0,0,1
78312,0,0,0,0,0,0,0,0,1
78313,0,0,0,0,0,0,0,0,1
78314,0,0,0,0,0,0,0,0,1
78315,0,0,0,0,0,0,0,0,1
78316,0,0,0,0,0,0,0,0,1
78317,0,0,0,0,0,0,0,0,1
78318,0,0,0,0,0,0,0,0,1
78319,0,0,0,0,0,0,0,0,1
78320,0,0,0,0,0,0,0,0,1
78321,0,0,0,0,0,0,0,0,1
78322,0,0,0,0,0,0,0,0,1
78323,0,0,0,0,0,0,0,0,1
78324,0,0,0,0,0,0,0,0,1
78325,0,0,0,0,0,0,0,0,1
78326,0,0,0,0,0,0,0,0,1
78327,0,0,0,0,0,0,0,0,1
78328,0,0,0,0,0,0,0,0,1
78329,0,0,0,0,0,0,0,0,1
78330,0,0,0,0,0,0,0,0,1
78331,0,0,0,0,0,0,0,0,1
78332,0,0,0,0,0,0,0,0,1
78333,0,0,0,0,0,0,0,0,1
78334,0,0,0,0,0,0,0,0,1
78335,0,0,0,0,0,0,0,0,1
78336,0,0,0,0,0,0,0,0,1
78337,0,0,0,0,0,0,0,0,1
78338,0,0,0,0,0,0,0,0,1
78339,0,0,0,0,0,0,0,0,1
78340,0,0,0,0,0,0,0,0,1
78341,0,0,0,0,0,0,0,0,1
78342,0,0,0,0,0,0,0,0,1
78343,0,0,0,0,0,0,0,0,1
78344,0,0,0,0,0,0,0,0,1
78345,0,0,0,0,0,0,0,0,1
78346,0,0,0,0,0,0,0,0,1
78347,0,0,0,0,0,0,0,0,1
78348,0,0,0,0,0,0,0,0,1
78349,0,0,0,0,0,0,0,0,1
78350,0,0,0,0,0,0,0,0,1
78351,0,0,0,0,0,0,0,0,1
78352,0,0,0,0,0,0,0,0,1
78353,0,0,0,0,0,0,0,0,1
78354,0,0,0,0,0,0,0,0,1
78355,0,0,0,0,0,0,0,0,1
78356,0,0,0,0,0,0,0,0,1
78357,0,0,0,0,0,0,0,0,1
78358,0,0,0,0,0,0,0,0,1
78359,0,0,0,0,0,0,0,0,1
78360,0,0,0,0,0,0,0,0,1
78361,0,0,0,0,0,0,0,0,1
78362,0,0,0,0,0,0,0,0,1
78363,0,0,0,0,0,0,0,0,1
78364,0,0,0,0,0,0,0,0,1
78365,0,0,0,0,0,0,0,0,1
78366,0,0,0,0,0,0,0,0,1
78367,0,0,0,0,0,0,0,0,1
78368,0,0,0,0,0,0,0,0,1
78369,0,0,0,0,0,0,0,0,1
78370,0,0,0,0,0,0,0,0,1
78371,0,0,0,0,0,0,0,0,1
78372,0,0,0,0,0,0,0,0,1
78373,0,0,0,0,0,0,0,0,1
78374,0,0,0,0,0,0,0,0,1
78375,0,0,0,0,0,0,0,0,1
78376,0,0,0,0,0,0,0,0,1
78377,0,0,0,0,0,0,0,0,1
78378,0,0,0,0,0,0,0,0,1
78379,0,0,0,0,0,0,0,0,1
78380,0,0,0,0,0,0,0,0,1
78381,0,0,0,0,0,0,0,0,1
78382,0,0,0,0,0,0,0,0,1
78383,0,0,0,0,0,0,0,0,1
78384,0,0,0,0,0,0,0,0,1
78385,0,0,0,0,0,0,0,0,1
78386,0,0,0,0,0,0,0,0,1
78387,0,0,0,0,0,0,0,0,1
78388,0,0,0,0,0,0,0,0,1
78389,0,0,0,0,0,0,0,0,1
78390,0,0,0,0,0,0,0,0,1
78391,0,0,0,0,0,0,0,0,1
78392,0,0,0,0,0,0,0,0,1
78393,0,0,0,0,0,0,0,0,1
78394,0,0,0,0,0,0,0,0,1
78395,0,0,0,0,0,0,0,0,1
78396,0,0,0,0,0,0,0,0,1
78397,0,0,0,0,0,0,0,0,1
78398,0,0,0,0,0,0,0,0,1
78399,0,0,0,0,0,0,0,0,1
78400,0,0,0,0,0,0,0,0,1
78401,0,0,0,0,0,0,0,0,1
78402,0,0,0,0,0,0,0,0,1
78403,0,0,0,0,0,0,0,0,1
78404,0,0,0,0,0,0,0,0,1
78405,0,0,0,0,0,0,0,0,1
78406,0,0,0,0,0,0,0,0,1
78407,0,0,0,0,0,0,0,0,1
78408,0,0,0,0,0,0,0,0,1
78409,0,0,0,0,0,0,0,0,1
78410,0,0,0,0,0,0,0,0,1
78411,0,0,0,0,0,0,0,0,1
78412,0,0,0,0,0,0,0,0,1
78413,0,0,0,0,0,0,0,0,1
78414,0,0,0,0,0,0,0,0,1
78415,0,0,0,0,0,0,0,0,1
78416,0,0,0,0,0,0,0,0,1
78417,0,0,0,0,0,0,0,0,1
78418,0,0,0,0,0,0,0,0,1
78419,0,0,0,0,0,0,0,0,1
78420,0,0,0,0,0,0,0,0,1
78421,0,0,0,0,0,0,0,0,1
78422,0,0,0,0,0,0,0,0,1
78423,0,0,0,0,0,0,0,0,1
78424,0,0,0,0,0,0,0,0,1
78425,0,0,0,0,0,0,0,0,1
78426,0,0,0,0,0,0,0,0,1
78427,0,0,0,0,0,0,0,0,1
78428,0,0,0,0,0,0,0,0,1
78429,0,0,0,0,0,0,0,0,1
78430,0,0,0,0,0,0,0,0,1
78431,0,0,0,0,0,0,0,0,1
78432,0,0,0,0,0,0,0,0,1
78433,0,0,0,0,0,0,0,0,1
78434,0,0,0,0,0,0,0,0,1
78435,0,0,0,0,0,0,0,0,1
78436,0,0,0,0,0,0,0,0,1
78437,0,0,0,0,0,0,0,0,1
78438,0,0,0,0,0,0,0,0,1
78439,0,0,0,0,0,0,0,0,1
78440,0,0,0,0,0,0,0,0,1
78441,0,0,0,0,0,0,0,0,1
78442,0,0,0,0,0,0,0,0,1
78443,0,0,0,0,0,0,0,0,1
78444,0,0,0,0,0,0,0,0,1
78445,0,0,0,0,0,0,0,0,1
78446,0,0,0,0,0,0,0,0,1
78447,0,0,0,0,0,0,0,0,1
78448,0,0,0,0,0,0,0,0,1
78449,0,0,0,0,0,0,0,0,1
78450,0,0,0,0,0,0,0,0,1
78451,0,0,0,0,0,0,0,0,1
78452,0,0,0,0,0,0,0,0,1
78453,0,0,0,0,0,0,0,0,1
78454,0,0,0,0,0,0,0,0,1
78455,0,0,0,0,0,0,0,0,1
78456,0,0,0,0,0,0,0,0,1
78457,0,0,0,0,0,0,0,0,1
78458,0,0,0,0,0,0,0,0,1
78459,0,0,0,0,0,0,0,0,1
78460,0,0,0,0,0,0,0,0,1
78461,0,0,0,0,0,0,0,0,1
78462,0,0,0,0,0,0,0,0,1
78463,0,0,0,0,0,0,0,0,1
78464,0,0,0,0,0,0,0,0,1
78465,0,0,0,0,0,0,0,0,1
78466,0,0,0,0,0,0,0,0,1
78467,0,0,0,0,0,0,0,0,1
78468,0,0,0,0,0,0,0,0,1
78469,0,0,0,0,0,0,0,0,1
78470,0,0,0,0,0,0,0,0,1
78471,0,0,0,0,0,0,0,0,1
78472,0,0,0,0,0,0,0,0,1
78473,0,0,0,0,0,0,0,0,1
78474,0,0,0,0,0,0,0,0,1
78475,0,0,0,0,0,0,0,0,1
78476,0,0,0,0,0,0,0,0,1
78477,0,0,0,0,0,0,0,0,1
78478,0,0,0,0,0,0,0,0,1
78479,0,0,0,0,0,0,0,0,1
78480,0,0,0,0,0,0,0,0,1
78481,0,0,0,0,0,0,0,0,1
78482,0,0,0,0,0,0,0,0,1
78483,0,0,0,0,0,0,0,0,1
78484,0,0,0,0,0,0,0,0,1
78485,0,0,0,0,0,0,0,0,1
78486,0,0,0,0,0,0,0,0,1
78487,0,0,0,0,0,0,0,0,1
78488,0,0,0,0,0,0,0,0,1
78489,0,0,0,0,0,0,0,0,1
78490,0,0,0,0,0,0,0,0,1
78491,0,0,0,0,0,0,0,0,1
78492,0,0,0,0,0,0,0,0,1
78493,0,0,0,0,0,0,0,0,1
78494,0,0,0,0,0,0,0,0,1
78495,0,0,0,0,0,0,0,0,1
78496,0,0,0,0,0,0,0,0,1
78497,0,0,0,0,0,0,0,0,1
78498,0,0,0,0,0,0,0,0,1
78499,0,0,0,0,0,0,0,0,1
78500,0,0,0,0,0,0,0,0,1
78501,0,0,0,0,0,0,0,0,1
78502,0,0,0,0,0,0,0,0,1
78503,0,0,0,0,0,0,0,0,1
78504,0,0,0,0,0,0,0,0,1
78505,0,0,0,0,0,0,0,0,1
78506,0,0,0,0,0,0,0,0,1
78507,0,0,0,0,0,0,0,0,1
78508,0,0,0,0,0,0,0,0,1
78509,0,0,0,0,0,0,0,0,1
78510,0,0,0,0,0,0,0,0,1
78511,0,0,0,0,0,0,0,0,1
78512,0,0,0,0,0,0,0,0,1
78513,0,0,0,0,0,0,0,0,1
78514,0,0,0,0,0,0,0,0,1
78515,0,0,0,0,0,0,0,0,1
78516,0,0,0,0,0,0,0,0,1
78517,0,0,0,0,0,0,0,0,1
78518,0,0,0,0,0,0,0,0,1
78519,0,0,0,0,0,0,0,0,1
78520,0,0,0,0,0,0,0,0,1
78521,0,0,0,0,0,0,0,0,1
78522,0,0,0,0,0,0,0,0,1
78523,0,0,0,0,0,0,0,0,1
78524,0,0,0,0,0,0,0,0,1
78525,0,0,0,0,0,0,0,0,1
78526,0,0,0,0,0,0,0,0,1
78527,0,0,0,0,0,0,0,0,1
78528,0,0,0,0,0,0,0,0,1
78529,0,0,0,0,0,0,0,0,1
78530,0,0,0,0,0,0,0,0,1
78531,0,0,0,0,0,0,0,0,1
78532,0,0,0,0,0,0,0,0,1
78533,0,0,0,0,0,0,0,0,1
78534,0,0,0,0,0,0,0,0,1
78535,0,0,0,0,0,0,0,0,1
78536,0,0,0,0,0,0,0,0,1
78537,0,0,0,0,0,0,0,0,1
78538,0,0,0,0,0,0,0,0,1
78539,0,0,0,0,0,0,0,0,1
78540,0,0,0,0,0,0,0,0,1
78541,0,0,0,0,0,0,0,0,1
78542,0,0,0,0,0,0,0,0,1
78543,0,0,0,0,0,0,0,0,1
78544,0,0,0,0,0,0,0,0,1
78545,0,0,0,0,0,0,0,0,1
78546,0,0,0,0,0,0,0,0,1
78547,0,0,0,0,0,0,0,0,1
78548,0,0,0,0,0,0,0,0,1
78549,0,0,0,0,0,0,0,0,1
78550,0,0,0,0,0,0,0,0,1
78551,0,0,0,0,0,0,0,0,1
78552,0,0,0,0,0,0,0,0,1
78553,0,0,0,0,0,0,0,0,1
78554,0,0,0,0,0,0,0,0,1
78555,0,0,0,0,0,0,0,0,1
78556,0,0,0,0,0,0,0,0,1
78557,0,0,0,0,0,0,0,0,1
78558,0,0,0,0,0,0,0,0,1
78559,0,0,0,0,0,0,0,0,1
78560,0,0,0,0,0,0,0,0,1
78561,0,0,0,0,0,0,0,0,1
78562,0,0,0,0,0,0,0,0,1
78563,0,0,0,0,0,0,0,0,1
78564,0,0,0,0,0,0,0,0,1
78565,0,0,0,0,0,0,0,0,1
78566,0,0,0,0,0,0,0,0,1
78567,0,0,0,0,0,0,0,0,1
78568,0,0,0,0,0,0,0,0,1
78569,0,0,0,0,0,0,0,0,1
78570,0,0,0,0,0,0,0,0,1
78571,0,0,0,0,0,0,0,0,1
78572,0,0,0,0,0,0,0,0,1
78573,0,0,0,0,0,0,0,0,1
78574,0,0,0,0,0,0,0,0,1
78575,0,0,0,0,0,0,0,0,1
78576,0,0,0,0,0,0,0,0,1
78577,0,0,0,0,0,0,0,0,1
78578,0,0,0,0,0,0,0,0,1
78579,0,0,0,0,0,0,0,0,1
78580,0,0,0,0,0,0,0,0,1
78581,0,0,0,0,0,0,0,0,1
78582,0,0,0,0,0,0,0,0,1
78583,0,0,0,0,0,0,0,0,1
78584,0,0,0,0,0,0,0,0,1
78585,0,0,0,0,0,0,0,0,1
78586,0,0,0,0,0,0,0,0,1
78587,0,0,0,0,0,0,0,0,1
78588,0,0,0,0,0,0,0,0,1
78589,0,0,0,0,0,0,0,0,1
78590,0,0,0,0,0,0,0,0,1
78591,0,0,0,0,0,0,0,0,1
78592,0,0,0,0,0,0,0,0,1
78593,0,0,0,0,0,0,0,0,1
78594,0,0,0,0,0,0,0,0,1
78595,0,0,0,0,0,0,0,0,1
78596,0,0,0,0,0,0,0,0,1
78597,0,0,0,0,0,0,0,0,1
78598,0,0,0,0,0,0,0,0,1
78599,0,0,0,0,0,0,0,0,1
78600,0,0,0,0,0,0,0,0,1
78601,0,0,0,0,0,0,0,0,1
78602,0,0,0,0,0,0,0,0,1
78603,0,0,0,0,0,0,0,0,1
78604,0,0,0,0,0,0,0,0,1
78605,0,0,0,0,0,0,0,0,1
78606,0,0,0,0,0,0,0,0,1
78607,0,0,0,0,0,0,0,0,1
78608,0,0,0,0,0,0,0,0,1
78609,0,0,0,0,0,0,0,0,1
78610,0,0,0,0,0,0,0,0,1
78611,0,0,0,0,0,0,0,0,1
78612,0,0,0,0,0,0,0,0,1
78613,0,0,0,0,0,0,0,0,1
78614,0,0,0,0,0,0,0,0,1
78615,0,0,0,0,0,0,0,0,1
78616,0,0,0,0,0,0,0,0,1
78617,0,0,0,0,0,0,0,0,1
78618,0,0,0,0,0,0,0,0,1
78619,0,0,0,0,0,0,0,0,1
78620,0,0,0,0,0,0,0,0,1
78621,0,0,0,0,0,0,0,0,1
78622,0,0,0,0,0,0,0,0,1
78623,0,0,0,0,0,0,0,0,1
78624,0,0,0,0,0,0,0,0,1
78625,0,0,0,0,0,0,0,0,1
78626,0,0,0,0,0,0,0,0,1
78627,0,0,0,0,0,0,0,0,1
78628,0,0,0,0,0,0,0,0,1
78629,0,0,0,0,0,0,0,0,1
78630,0,0,0,0,0,0,0,0,1
78631,0,0,0,0,0,0,0,0,1
78632,0,0,0,0,0,0,0,0,1
78633,0,0,0,0,0,0,0,0,1
78634,0,0,0,0,0,0,0,0,1
78635,0,0,0,0,0,0,0,0,1
78636,0,0,0,0,0,0,0,0,1
78637,0,0,0,0,0,0,0,0,1
78638,0,0,0,0,0,0,0,0,1
78639,0,0,0,0,0,0,0,0,1
78640,0,0,0,0,0,0,0,0,1
78641,0,0,0,0,0,0,0,0,1
78642,0,0,0,0,0,0,0,0,1
78643,0,0,0,0,0,0,0,0,1
78644,0,0,0,0,0,0,0,0,1
78645,0,0,0,0,0,0,0,0,1
78646,0,0,0,0,0,0,0,0,1
78647,0,0,0,0,0,0,0,0,1
78648,0,0,0,0,0,0,0,0,1
78649,0,0,0,0,0,0,0,0,1
78650,0,0,0,0,0,0,0,0,1
78651,0,0,0,0,0,0,0,0,1
78652,0,0,0,0,0,0,0,0,1
78653,0,0,0,0,0,0,0,0,1
78654,0,0,0,0,0,0,0,0,1
78655,0,0,0,0,0,0,0,0,1
78656,0,0,0,0,0,0,0,0,1
78657,0,0,0,0,0,0,0,0,1
78658,0,0,0,0,0,0,0,0,1
78659,0,0,0,0,0,0,0,0,1
78660,0,0,0,0,0,0,0,0,1
78661,0,0,0,0,0,0,0,0,1
78662,0,0,0,0,0,0,0,0,1
78663,0,0,0,0,0,0,0,0,1
78664,0,0,0,0,0,0,0,0,1
78665,0,0,0,0,0,0,0,0,1
78666,0,0,0,0,0,0,0,0,1
78667,0,0,0,0,0,0,0,0,1
78668,0,0,0,0,0,0,0,0,1
78669,0,0,0,0,0,0,0,0,1
78670,0,0,0,0,0,0,0,0,1
78671,0,0,0,0,0,0,0,0,1
78672,0,0,0,0,0,0,0,0,1
78673,0,0,0,0,0,0,0,0,1
78674,0,0,0,0,0,0,0,0,1
78675,0,0,0,0,0,0,0,0,1
78676,0,0,0,0,0,0,0,0,1
78677,0,0,0,0,0,0,0,0,1
78678,0,0,0,0,0,0,0,0,1
78679,0,0,0,0,0,0,0,0,1
78680,0,0,0,0,0,0,0,0,1
78681,0,0,0,0,0,0,0,0,1
78682,0,0,0,0,0,0,0,0,1
78683,0,0,0,0,0,0,0,0,1
78684,0,0,0,0,0,0,0,0,1
78685,0,0,0,0,0,0,0,0,1
78686,0,0,0,0,0,0,0,0,1
78687,0,0,0,0,0,0,0,0,1
78688,0,0,0,0,0,0,0,0,1
78689,0,0,0,0,0,0,0,0,1
78690,0,0,0,0,0,0,0,0,1
78691,0,0,0,0,0,0,0,0,1
78692,0,0,0,0,0,0,0,0,1
78693,0,0,0,0,0,0,0,0,1
78694,0,0,0,0,0,0,0,0,1
78695,0,0,0,0,0,0,0,0,1
78696,0,0,0,0,0,0,0,0,1
78697,0,0,0,0,0,0,0,0,1
78698,0,0,0,0,0,0,0,0,1
78699,0,0,0,0,0,0,0,0,1
78700,0,0,0,0,0,0,0,0,1
78701,0,0,0,0,0,0,0,0,1
78702,0,0,0,0,0,0,0,0,1
78703,0,0,0,0,0,0,0,0,1
78704,0,0,0,0,0,0,0,0,1
78705,0,0,0,0,0,0,0,0,1
78706,0,0,0,0,0,0,0,0,1
78707,0,0,0,0,0,0,0,0,1
78708,0,0,0,0,0,0,0,0,1
78709,0,0,0,0,0,0,0,0,1
78710,0,0,0,0,0,0,0,0,1
78711,0,0,0,0,0,0,0,0,1
78712,0,0,0,0,0,0,0,0,1
78713,0,0,0,0,0,0,0,0,1
78714,0,0,0,0,0,0,0,0,1
78715,0,0,0,0,0,0,0,0,1
78716,0,0,0,0,0,0,0,0,1
78717,0,0,0,0,0,0,0,0,1
78718,0,0,0,0,0,0,0,0,1
78719,0,0,0,0,0,0,0,0,1
78720,0,0,0,0,0,0,0,0,1
78721,0,0,0,0,0,0,0,0,1
78722,0,0,0,0,0,0,0,0,1
78723,0,0,0,0,0,0,0,0,1
78724,0,0,0,0,0,0,0,0,1
78725,0,0,0,0,0,0,0,0,1
78726,0,0,0,0,0,0,0,0,1
78727,0,0,0,0,0,0,0,0,1
78728,0,0,0,0,0,0,0,0,1
78729,0,0,0,0,0,0,0,0,1
78730,0,0,0,0,0,0,0,0,1
78731,0,0,0,0,0,0,0,0,1
78732,0,0,0,0,0,0,0,0,1
78733,0,0,0,0,0,0,0,0,1
78734,0,0,0,0,0,0,0,0,1
78735,0,0,0,0,0,0,0,0,1
78736,0,0,0,0,0,0,0,0,1
78737,0,0,0,0,0,0,0,0,1
78738,0,0,0,0,0,0,0,0,1
78739,0,0,0,0,0,0,0,0,1
78740,0,0,0,0,0,0,0,0,1
78741,0,0,0,0,0,0,0,0,1
78742,0,0,0,0,0,0,0,0,1
78743,0,0,0,0,0,0,0,0,1
78744,0,0,0,0,0,0,0,0,1
78745,0,0,0,0,0,0,0,0,1
78746,0,0,0,0,0,0,0,0,1
78747,0,0,0,0,0,0,0,0,1
78748,0,0,0,0,0,0,0,0,1
78749,0,0,0,0,0,0,0,0,1
78750,0,0,0,0,0,0,0,0,1
78751,0,0,0,0,0,0,0,0,1
78752,0,0,0,0,0,0,0,0,1
78753,0,0,0,0,0,0,0,0,1
78754,0,0,0,0,0,0,0,0,1
78755,0,0,0,0,0,0,0,0,1
78756,0,0,0,0,0,0,0,0,1
78757,0,0,0,0,0,0,0,0,1
78758,0,0,0,0,0,0,0,0,1
78759,0,0,0,0,0,0,0,0,1
78760,0,0,0,0,0,0,0,0,1
78761,0,0,0,0,0,0,0,0,1
78762,0,0,0,0,0,0,0,0,1
78763,0,0,0,0,0,0,0,0,1
78764,0,0,0,0,0,0,0,0,1
78765,0,0,0,0,0,0,0,0,1
78766,0,0,0,0,0,0,0,0,1
78767,0,0,0,0,0,0,0,0,1
78768,0,0,0,0,0,0,0,0,1
78769,0,0,0,0,0,0,0,0,1
78770,0,0,0,0,0,0,0,0,1
78771,0,0,0,0,0,0,0,0,1
78772,0,0,0,0,0,0,0,0,1
78773,0,0,0,0,0,0,0,0,1
78774,0,0,0,0,0,0,0,0,1
78775,0,0,0,0,0,0,0,0,1
78776,0,0,0,0,0,0,0,0,1
78777,0,0,0,0,0,0,0,0,1
78778,0,0,0,0,0,0,0,0,1
78779,0,0,0,0,0,0,0,0,1
78780,0,0,0,0,0,0,0,0,1
78781,0,0,0,0,0,0,0,0,1
78782,0,0,0,0,0,0,0,0,1
78783,0,0,0,0,0,0,0,0,1
78784,0,0,0,0,0,0,0,0,1
78785,0,0,0,0,0,0,0,0,1
78786,0,0,0,0,0,0,0,0,1
78787,0,0,0,0,0,0,0,0,1
78788,0,0,0,0,0,0,0,0,1
78789,0,0,0,0,0,0,0,0,1
78790,0,0,0,0,0,0,0,0,1
78791,0,0,0,0,0,0,0,0,1
78792,0,0,0,0,0,0,0,0,1
78793,0,0,0,0,0,0,0,0,1
78794,0,0,0,0,0,0,0,0,1
78795,0,0,0,0,0,0,0,0,1
78796,0,0,0,0,0,0,0,0,1
78797,0,0,0,0,0,0,0,0,1
78798,0,0,0,0,0,0,0,0,1
78799,0,0,0,0,0,0,0,0,1
78800,0,0,0,0,0,0,0,0,1
78801,0,0,0,0,0,0,0,0,1
78802,0,0,0,0,0,0,0,0,1
78803,0,0,0,0,0,0,0,0,1
78804,0,0,0,0,0,0,0,0,1
78805,0,0,0,0,0,0,0,0,1
78806,0,0,0,0,0,0,0,0,1
78807,0,0,0,0,0,0,0,0,1
78808,0,0,0,0,0,0,0,0,1
78809,0,0,0,0,0,0,0,0,1
78810,0,0,0,0,0,0,0,0,1
78811,0,0,0,0,0,0,0,0,1
78812,0,0,0,0,0,0,0,0,1
78813,0,0,0,0,0,0,0,0,1
78814,0,0,0,0,0,0,0,0,1
78815,0,0,0,0,0,0,0,0,1
78816,0,0,0,0,0,0,0,0,1
78817,0,0,0,0,0,0,0,0,1
78818,0,0,0,0,0,0,0,0,1
78819,0,0,0,0,0,0,0,0,1
78820,0,0,0,0,0,0,0,0,1
78821,0,0,0,0,0,0,0,0,1
78822,0,0,0,0,0,0,0,0,1
78823,0,0,0,0,0,0,0,0,1
78824,0,0,0,0,0,0,0,0,1
78825,0,0,0,0,0,0,0,0,1
78826,0,0,0,0,0,0,0,0,1
78827,0,0,0,0,0,0,0,0,1
78828,0,0,0,0,0,0,0,0,1
78829,0,0,0,0,0,0,0,0,1
78830,0,0,0,0,0,0,0,0,1
78831,0,0,0,0,0,0,0,0,1
78832,0,0,0,0,0,0,0,0,1
78833,0,0,0,0,0,0,0,0,1
78834,0,0,0,0,0,0,0,0,1
78835,0,0,0,0,0,0,0,0,1
78836,0,0,0,0,0,0,0,0,1
78837,0,0,0,0,0,0,0,0,1
78838,0,0,0,0,0,0,0,0,1
78839,0,0,0,0,0,0,0,0,1
78840,0,0,0,0,0,0,0,0,1
78841,0,0,0,0,0,0,0,0,1
78842,0,0,0,0,0,0,0,0,1
78843,0,0,0,0,0,0,0,0,1
78844,0,0,0,0,0,0,0,0,1
78845,0,0,0,0,0,0,0,0,1
78846,0,0,0,0,0,0,0,0,1
78847,0,0,0,0,0,0,0,0,1
78848,0,0,0,0,0,0,0,0,1
78849,0,0,0,0,0,0,0,0,1
78850,0,0,0,0,0,0,0,0,1
78851,0,0,0,0,0,0,0,0,1
78852,0,0,0,0,0,0,0,0,1
78853,0,0,0,0,0,0,0,0,1
78854,0,0,0,0,0,0,0,0,1
78855,0,0,0,0,0,0,0,0,1
78856,0,0,0,0,0,0,0,0,1
78857,0,0,0,0,0,0,0,0,1
78858,0,0,0,0,0,0,0,0,1
78859,0,0,0,0,0,0,0,0,1
78860,0,0,0,0,0,0,0,0,1
78861,0,0,0,0,0,0,0,0,1
78862,0,0,0,0,0,0,0,0,1
78863,0,0,0,0,0,0,0,0,1
78864,0,0,0,0,0,0,0,0,1
78865,0,0,0,0,0,0,0,0,1
78866,0,0,0,0,0,0,0,0,1
78867,0,0,0,0,0,0,0,0,1
78868,0,0,0,0,0,0,0,0,1
78869,0,0,0,0,0,0,0,0,1
78870,0,0,0,0,0,0,0,0,1
78871,0,0,0,0,0,0,0,0,1
78872,0,0,0,0,0,0,0,0,1
78873,0,0,0,0,0,0,0,0,1
78874,0,0,0,0,0,0,0,0,1
78875,0,0,0,0,0,0,0,0,1
78876,0,0,0,0,0,0,0,0,1
78877,0,0,0,0,0,0,0,0,1
78878,0,0,0,0,0,0,0,0,1
78879,0,0,0,0,0,0,0,0,1
78880,0,0,0,0,0,0,0,0,1
78881,0,0,0,0,0,0,0,0,1
78882,0,0,0,0,0,0,0,0,1
78883,0,0,0,0,0,0,0,0,1
78884,0,0,0,0,0,0,0,0,1
78885,0,0,0,0,0,0,0,0,1
78886,0,0,0,0,0,0,0,0,1
78887,0,0,0,0,0,0,0,0,1
78888,0,0,0,0,0,0,0,0,1
78889,0,0,0,0,0,0,0,0,1
78890,0,0,0,0,0,0,0,0,1
78891,0,0,0,0,0,0,0,0,1
78892,0,0,0,0,0,0,0,0,1
78893,0,0,0,0,0,0,0,0,1
78894,0,0,0,0,0,0,0,0,1
78895,0,0,0,0,0,0,0,0,1
78896,0,0,0,0,0,0,0,0,1
78897,0,0,0,0,0,0,0,0,1
78898,0,0,0,0,0,0,0,0,1
78899,0,0,0,0,0,0,0,0,1
78900,0,0,0,0,0,0,0,0,1
78901,0,0,0,0,0,0,0,0,1
78902,0,0,0,0,0,0,0,0,1
78903,0,0,0,0,0,0,0,0,1
78904,0,0,0,0,0,0,0,0,1
78905,0,0,0,0,0,0,0,0,1
78906,0,0,0,0,0,0,0,0,1
78907,0,0,0,0,0,0,0,0,1
78908,0,0,0,0,0,0,0,0,1
78909,0,0,0,0,0,0,0,0,1
78910,0,0,0,0,0,0,0,0,1
78911,0,0,0,0,0,0,0,0,1
78912,0,0,0,0,0,0,0,0,1
78913,0,0,0,0,0,0,0,0,1
78914,0,0,0,0,0,0,0,0,1
78915,0,0,0,0,0,0,0,0,1
78916,0,0,0,0,0,0,0,0,1
78917,0,0,0,0,0,0,0,0,1
78918,0,0,0,0,0,0,0,0,1
78919,0,0,0,0,0,0,0,0,1
78920,0,0,0,0,0,0,0,0,1
78921,0,0,0,0,0,0,0,0,1
78922,0,0,0,0,0,0,0,0,1
78923,0,0,0,0,0,0,0,0,1
78924,0,0,0,0,0,0,0,0,1
78925,0,0,0,0,0,0,0,0,1
78926,0,0,0,0,0,0,0,0,1
78927,0,0,0,0,0,0,0,0,1
78928,0,0,0,0,0,0,0,0,1
78929,0,0,0,0,0,0,0,0,1
78930,0,0,0,0,0,0,0,0,1
78931,0,0,0,0,0,0,0,0,1
78932,0,0,0,0,0,0,0,0,1
78933,0,0,0,0,0,0,0,0,1
78934,0,0,0,0,0,0,0,0,1
78935,0,0,0,0,0,0,0,0,1
78936,0,0,0,0,0,0,0,0,1
78937,0,0,0,0,0,0,0,0,1
78938,0,0,0,0,0,0,0,0,1
78939,0,0,0,0,0,0,0,0,1
78940,0,0,0,0,0,0,0,0,1
78941,0,0,0,0,0,0,0,0,1
78942,0,0,0,0,0,0,0,0,1
78943,0,0,0,0,0,0,0,0,1
78944,0,0,0,0,0,0,0,0,1
78945,0,0,0,0,0,0,0,0,1
78946,0,0,0,0,0,0,0,0,1
78947,0,0,0,0,0,0,0,0,1
78948,0,0,0,0,0,0,0,0,1
78949,0,0,0,0,0,0,0,0,1
78950,0,0,0,0,0,0,0,0,1
78951,0,0,0,0,0,0,0,0,1
78952,0,0,0,0,0,0,0,0,1
78953,0,0,0,0,0,0,0,0,1
78954,0,0,0,0,0,0,0,0,1
78955,0,0,0,0,0,0,0,0,1
78956,0,0,0,0,0,0,0,0,1
78957,0,0,0,0,0,0,0,0,1
78958,0,0,0,0,0,0,0,0,1
78959,0,0,0,0,0,0,0,0,1
78960,0,0,0,0,0,0,0,0,1
78961,0,0,0,0,0,0,0,0,1
78962,0,0,0,0,0,0,0,0,1
78963,0,0,0,0,0,0,0,0,1
78964,0,0,0,0,0,0,0,0,1
78965,0,0,0,0,0,0,0,0,1
78966,0,0,0,0,0,0,0,0,1
78967,0,0,0,0,0,0,0,0,1
78968,0,0,0,0,0,0,0,0,1
78969,0,0,0,0,0,0,0,0,1
78970,0,0,0,0,0,0,0,0,1
78971,0,0,0,0,0,0,0,0,1
78972,0,0,0,0,0,0,0,0,1
78973,0,0,0,0,0,0,0,0,1
78974,0,0,0,0,0,0,0,0,1
78975,0,0,0,0,0,0,0,0,1
78976,0,0,0,0,0,0,0,0,1
78977,0,0,0,0,0,0,0,0,1
78978,0,0,0,0,0,0,0,0,1
78979,0,0,0,0,0,0,0,0,1
78980,0,0,0,0,0,0,0,0,1
78981,0,0,0,0,0,0,0,0,1
78982,0,0,0,0,0,0,0,0,1
78983,0,0,0,0,0,0,0,0,1
78984,0,0,0,0,0,0,0,0,1
78985,0,0,0,0,0,0,0,0,1
78986,0,0,0,0,0,0,0,0,1
78987,0,0,0,0,0,0,0,0,1
78988,0,0,0,0,0,0,0,0,1
78989,0,0,0,0,0,0,0,0,1
78990,0,0,0,0,0,0,0,0,1
78991,0,0,0,0,0,0,0,0,1
78992,0,0,0,0,0,0,0,0,1
78993,0,0,0,0,0,0,0,0,1
78994,0,0,0,0,0,0,0,0,1
78995,0,0,0,0,0,0,0,0,1
78996,0,0,0,0,0,0,0,0,1
78997,0,0,0,0,0,0,0,0,1
78998,0,0,0,0,0,0,0,0,1
78999,0,0,0,0,0,0,0,0,1
79000,0,0,0,0,0,0,0,0,1
79001,0,0,0,0,0,0,0,0,1
79002,0,0,0,0,0,0,0,0,1
79003,0,0,0,0,0,0,0,0,1
79004,0,0,0,0,0,0,0,0,1
79005,0,0,0,0,0,0,0,0,1
79006,0,0,0,0,0,0,0,0,1
79007,0,0,0,0,0,0,0,0,1
79008,0,0,0,0,0,0,0,0,1
79009,0,0,0,0,0,0,0,0,1
79010,0,0,0,0,0,0,0,0,1
79011,0,0,0,0,0,0,0,0,1
79012,0,0,0,0,0,0,0,0,1
79013,0,0,0,0,0,0,0,0,1
79014,0,0,0,0,0,0,0,0,1
79015,0,0,0,0,0,0,0,0,1
79016,0,0,0,0,0,0,0,0,1
79017,0,0,0,0,0,0,0,0,1
79018,0,0,0,0,0,0,0,0,1
79019,0,0,0,0,0,0,0,0,1
79020,0,0,0,0,0,0,0,0,1
79021,0,0,0,0,0,0,0,0,1
79022,0,0,0,0,0,0,0,0,1
79023,0,0,0,0,0,0,0,0,1
79024,0,0,0,0,0,0,0,0,1
79025,0,0,0,0,0,0,0,0,1
79026,0,0,0,0,0,0,0,0,1
79027,0,0,0,0,0,0,0,0,1
79028,0,0,0,0,0,0,0,0,1
79029,0,0,0,0,0,0,0,0,1
79030,0,0,0,0,0,0,0,0,1
79031,0,0,0,0,0,0,0,0,1
79032,0,0,0,0,0,0,0,0,1
79033,0,0,0,0,0,0,0,0,1
79034,0,0,0,0,0,0,0,0,1
79035,0,0,0,0,0,0,0,0,1
79036,0,0,0,0,0,0,0,0,1
79037,0,0,0,0,0,0,0,0,1
79038,0,0,0,0,0,0,0,0,1
79039,0,0,0,0,0,0,0,0,1
79040,0,0,0,0,0,0,0,0,1
79041,0,0,0,0,0,0,0,0,1
79042,0,0,0,0,0,0,0,0,1
79043,0,0,0,0,0,0,0,0,1
79044,0,0,0,0,0,0,0,0,1
79045,0,0,0,0,0,0,0,0,1
79046,0,0,0,0,0,0,0,0,1
79047,0,0,0,0,0,0,0,0,1
79048,0,0,0,0,0,0,0,0,1
79049,0,0,0,0,0,0,0,0,1
79050,0,0,0,0,0,0,0,0,1
79051,0,0,0,0,0,0,0,0,1
79052,0,0,0,0,0,0,0,0,1
79053,0,0,0,0,0,0,0,0,1
79054,0,0,0,0,0,0,0,0,1
79055,0,0,0,0,0,0,0,0,1
79056,0,0,0,0,0,0,0,0,1
79057,0,0,0,0,0,0,0,0,1
79058,0,0,0,0,0,0,0,0,1
79059,0,0,0,0,0,0,0,0,1
79060,0,0,0,0,0,0,0,0,1
79061,0,0,0,0,0,0,0,0,1
79062,0,0,0,0,0,0,0,0,1
79063,0,0,0,0,0,0,0,0,1
79064,0,0,0,0,0,0,0,0,1
79065,0,0,0,0,0,0,0,0,1
79066,0,0,0,0,0,0,0,0,1
79067,0,0,0,0,0,0,0,0,1
79068,0,0,0,0,0,0,0,0,1
79069,0,0,0,0,0,0,0,0,1
79070,0,0,0,0,0,0,0,0,1
79071,0,0,0,0,0,0,0,0,1
79072,0,0,0,0,0,0,0,0,1
79073,0,0,0,0,0,0,0,0,1
79074,0,0,0,0,0,0,0,0,1
79075,0,0,0,0,0,0,0,0,1
79076,0,0,0,0,0,0,0,0,1
79077,0,0,0,0,0,0,0,0,1
79078,0,0,0,0,0,0,0,0,1
79079,0,0,0,0,0,0,0,0,1
79080,0,0,0,0,0,0,0,0,1
79081,0,0,0,0,0,0,0,0,1
79082,0,0,0,0,0,0,0,0,1
79083,0,0,0,0,0,0,0,0,1
79084,0,0,0,0,0,0,0,0,1
79085,0,0,0,0,0,0,0,0,1
79086,0,0,0,0,0,0,0,0,1
79087,0,0,0,0,0,0,0,0,1
79088,0,0,0,0,0,0,0,0,1
79089,0,0,0,0,0,0,0,0,1
79090,0,0,0,0,0,0,0,0,1
79091,0,0,0,0,0,0,0,0,1
79092,0,0,0,0,0,0,0,0,1
79093,0,0,0,0,0,0,0,0,1
79094,0,0,0,0,0,0,0,0,1
79095,0,0,0,0,0,0,0,0,1
79096,0,0,0,0,0,0,0,0,1
79097,0,0,0,0,0,0,0,0,1
79098,0,0,0,0,0,0,0,0,1
79099,0,0,0,0,0,0,0,0,1
79100,0,0,0,0,0,0,0,0,1
79101,0,0,0,0,0,0,0,0,1
79102,0,0,0,0,0,0,0,0,1
79103,0,0,0,0,0,0,0,0,1
79104,0,0,0,0,0,0,0,0,1
79105,0,0,0,0,0,0,0,0,1
79106,0,0,0,0,0,0,0,0,1
79107,0,0,0,0,0,0,0,0,1
79108,0,0,0,0,0,0,0,0,1
79109,0,0,0,0,0,0,0,0,1
79110,0,0,0,0,0,0,0,0,1
79111,0,0,0,0,0,0,0,0,1
79112,0,0,0,0,0,0,0,0,1
79113,0,0,0,0,0,0,0,0,1
79114,0,0,0,0,0,0,0,0,1
79115,0,0,0,0,0,0,0,0,1
79116,0,0,0,0,0,0,0,0,1
79117,0,0,0,0,0,0,0,0,1
79118,0,0,0,0,0,0,0,0,1
79119,0,0,0,0,0,0,0,0,1
79120,0,0,0,0,0,0,0,0,1
79121,0,0,0,0,0,0,0,0,1
79122,0,0,0,0,0,0,0,0,1
79123,0,0,0,0,0,0,0,0,1
79124,0,0,0,0,0,0,0,0,1
79125,0,0,0,0,0,0,0,0,1
79126,0,0,0,0,0,0,0,0,1
79127,0,0,0,0,0,0,0,0,1
79128,0,0,0,0,0,0,0,0,1
79129,0,0,0,0,0,0,0,0,1
79130,0,0,0,0,0,0,0,0,1
79131,0,0,0,0,0,0,0,0,1
79132,0,0,0,0,0,0,0,0,1
79133,0,0,0,0,0,0,0,0,1
79134,0,0,0,0,0,0,0,0,1
79135,0,0,0,0,0,0,0,0,1
79136,0,0,0,0,0,0,0,0,1
79137,0,0,0,0,0,0,0,0,1
79138,0,0,0,0,0,0,0,0,1
79139,0,0,0,0,0,0,0,0,1
79140,0,0,0,0,0,0,0,0,1
79141,0,0,0,0,0,0,0,0,1
79142,0,0,0,0,0,0,0,0,1
79143,0,0,0,0,0,0,0,0,1
79144,0,0,0,0,0,0,0,0,1
79145,0,0,0,0,0,0,0,0,1
79146,0,0,0,0,0,0,0,0,1
79147,0,0,0,0,0,0,0,0,1
79148,0,0,0,0,0,0,0,0,1
79149,0,0,0,0,0,0,0,0,1
79150,0,0,0,0,0,0,0,0,1
79151,0,0,0,0,0,0,0,0,1
79152,0,0,0,0,0,0,0,0,1
79153,0,0,0,0,0,0,0,0,1
79154,0,0,0,0,0,0,0,0,1
79155,0,0,0,0,0,0,0,0,1
79156,0,0,0,0,0,0,0,0,1
79157,0,0,0,0,0,0,0,0,1
79158,0,0,0,0,0,0,0,0,1
79159,0,0,0,0,0,0,0,0,1
79160,0,0,0,0,0,0,0,0,1
79161,0,0,0,0,0,0,0,0,1
79162,0,0,0,0,0,0,0,0,1
79163,0,0,0,0,0,0,0,0,1
79164,0,0,0,0,0,0,0,0,1
79165,0,0,0,0,0,0,0,0,1
79166,0,0,0,0,0,0,0,0,1
79167,0,0,0,0,0,0,0,0,1
79168,0,0,0,0,0,0,0,0,1
79169,0,0,0,0,0,0,0,0,1
79170,0,0,0,0,0,0,0,0,1
79171,0,0,0,0,0,0,0,0,1
79172,0,0,0,0,0,0,0,0,1
79173,0,0,0,0,0,0,0,0,1
79174,0,0,0,0,0,0,0,0,1
79175,0,0,0,0,0,0,0,0,1
79176,0,0,0,0,0,0,0,0,1
79177,0,0,0,0,0,0,0,0,1
79178,0,0,0,0,0,0,0,0,1
79179,0,0,0,0,0,0,0,0,1
79180,0,0,0,0,0,0,0,0,1
79181,0,0,0,0,0,0,0,0,1
79182,0,0,0,0,0,0,0,0,1
79183,0,0,0,0,0,0,0,0,1
79184,0,0,0,0,0,0,0,0,1
79185,0,0,0,0,0,0,0,0,1
79186,0,0,0,0,0,0,0,0,1
79187,0,0,0,0,0,0,0,0,1
79188,0,0,0,0,0,0,0,0,1
79189,0,0,0,0,0,0,0,0,1
79190,0,0,0,0,0,0,0,0,1
79191,0,0,0,0,0,0,0,0,1
79192,0,0,0,0,0,0,0,0,1
79193,0,0,0,0,0,0,0,0,1
79194,0,0,0,0,0,0,0,0,1
79195,0,0,0,0,0,0,0,0,1
79196,0,0,0,0,0,0,0,0,1
79197,0,0,0,0,0,0,0,0,1
79198,0,0,0,0,0,0,0,0,1
79199,0,0,0,0,0,0,0,0,1
79200,0,0,0,0,0,0,0,0,1
79201,0,0,0,0,0,0,0,0,1
79202,0,0,0,0,0,0,0,0,1
79203,0,0,0,0,0,0,0,0,1
79204,0,0,0,0,0,0,0,0,1
79205,0,0,0,0,0,0,0,0,1
79206,0,0,0,0,0,0,0,0,1
79207,0,0,0,0,0,0,0,0,1
79208,0,0,0,0,0,0,0,0,1
79209,0,0,0,0,0,0,0,0,1
79210,0,0,0,0,0,0,0,0,1
79211,0,0,0,0,0,0,0,0,1
79212,0,0,0,0,0,0,0,0,1
79213,0,0,0,0,0,0,0,0,1
79214,0,0,0,0,0,0,0,0,1
79215,0,0,0,0,0,0,0,0,1
79216,0,0,0,0,0,0,0,0,1
79217,0,0,0,0,0,0,0,0,1
79218,0,0,0,0,0,0,0,0,1
79219,0,0,0,0,0,0,0,0,1
79220,0,0,0,0,0,0,0,0,1
79221,0,0,0,0,0,0,0,0,1
79222,0,0,0,0,0,0,0,0,1
79223,0,0,0,0,0,0,0,0,1
79224,0,0,0,0,0,0,0,0,1
79225,0,0,0,0,0,0,0,0,1
79226,0,0,0,0,0,0,0,0,1
79227,0,0,0,0,0,0,0,0,1
79228,0,0,0,0,0,0,0,0,1
79229,0,0,0,0,0,0,0,0,1
79230,0,0,0,0,0,0,0,0,1
79231,0,0,0,0,0,0,0,0,1
79232,0,0,0,0,0,0,0,0,1
79233,0,0,0,0,0,0,0,0,1
79234,0,0,0,0,0,0,0,0,1
79235,0,0,0,0,0,0,0,0,1
79236,0,0,0,0,0,0,0,0,1
79237,0,0,0,0,0,0,0,0,1
79238,0,0,0,0,0,0,0,0,1
79239,0,0,0,0,0,0,0,0,1
79240,0,0,0,0,0,0,0,0,1
79241,0,0,0,0,0,0,0,0,1
79242,0,0,0,0,0,0,0,0,1
79243,0,0,0,0,0,0,0,0,1
79244,0,0,0,0,0,0,0,0,1
79245,0,0,0,0,0,0,0,0,1
79246,0,0,0,0,0,0,0,0,1
79247,0,0,0,0,0,0,0,0,1
79248,0,0,0,0,0,0,0,0,1
79249,0,0,0,0,0,0,0,0,1
79250,0,0,0,0,0,0,0,0,1
79251,0,0,0,0,0,0,0,0,1
79252,0,0,0,0,0,0,0,0,1
79253,0,0,0,0,0,0,0,0,1
79254,0,0,0,0,0,0,0,0,1
79255,0,0,0,0,0,0,0,0,1
79256,0,0,0,0,0,0,0,0,1
79257,0,0,0,0,0,0,0,0,1
79258,0,0,0,0,0,0,0,0,1
79259,0,0,0,0,0,0,0,0,1
79260,0,0,0,0,0,0,0,0,1
79261,0,0,0,0,0,0,0,0,1
79262,0,0,0,0,0,0,0,0,1
79263,0,0,0,0,0,0,0,0,1
79264,0,0,0,0,0,0,0,0,1
79265,0,0,0,0,0,0,0,0,1
79266,0,0,0,0,0,0,0,0,1
79267,0,0,0,0,0,0,0,0,1
79268,0,0,0,0,0,0,0,0,1
79269,0,0,0,0,0,0,0,0,1
79270,0,0,0,0,0,0,0,0,1
79271,0,0,0,0,0,0,0,0,1
79272,0,0,0,0,0,0,0,0,1
79273,0,0,0,0,0,0,0,0,1
79274,0,0,0,0,0,0,0,0,1
79275,0,0,0,0,0,0,0,0,1
79276,0,0,0,0,0,0,0,0,1
79277,0,0,0,0,0,0,0,0,1
79278,0,0,0,0,0,0,0,0,1
79279,0,0,0,0,0,0,0,0,1
79280,0,0,0,0,0,0,0,0,1
79281,0,0,0,0,0,0,0,0,1
79282,0,0,0,0,0,0,0,0,1
79283,0,0,0,0,0,0,0,0,1
79284,0,0,0,0,0,0,0,0,1
79285,0,0,0,0,0,0,0,0,1
79286,0,0,0,0,0,0,0,0,1
79287,0,0,0,0,0,0,0,0,1
79288,0,0,0,0,0,0,0,0,1
79289,0,0,0,0,0,0,0,0,1
79290,0,0,0,0,0,0,0,0,1
79291,0,0,0,0,0,0,0,0,1
79292,0,0,0,0,0,0,0,0,1
79293,0,0,0,0,0,0,0,0,1
79294,0,0,0,0,0,0,0,0,1
79295,0,0,0,0,0,0,0,0,1
79296,0,0,0,0,0,0,0,0,1
79297,0,0,0,0,0,0,0,0,1
79298,0,0,0,0,0,0,0,0,1
79299,0,0,0,0,0,0,0,0,1
79300,0,0,0,0,0,0,0,0,1
79301,0,0,0,0,0,0,0,0,1
79302,0,0,0,0,0,0,0,0,1
79303,0,0,0,0,0,0,0,0,1
79304,0,0,0,0,0,0,0,0,1
79305,0,0,0,0,0,0,0,0,1
79306,0,0,0,0,0,0,0,0,1
79307,0,0,0,0,0,0,0,0,1
79308,0,0,0,0,0,0,0,0,1
79309,0,0,0,0,0,0,0,0,1
79310,0,0,0,0,0,0,0,0,1
79311,0,0,0,0,0,0,0,0,1
79312,0,0,0,0,0,0,0,0,1
79313,0,0,0,0,0,0,0,0,1
79314,0,0,0,0,0,0,0,0,1
79315,0,0,0,0,0,0,0,0,1
79316,0,0,0,0,0,0,0,0,1
79317,0,0,0,0,0,0,0,0,1
79318,0,0,0,0,0,0,0,0,1
79319,0,0,0,0,0,0,0,0,1
79320,0,0,0,0,0,0,0,0,1
79321,0,0,0,0,0,0,0,0,1
79322,0,0,0,0,0,0,0,0,1
79323,0,0,0,0,0,0,0,0,1
79324,0,0,0,0,0,0,0,0,1
79325,0,0,0,0,0,0,0,0,1
79326,0,0,0,0,0,0,0,0,1
79327,0,0,0,0,0,0,0,0,1
79328,0,0,0,0,0,0,0,0,1
79329,0,0,0,0,0,0,0,0,1
79330,0,0,0,0,0,0,0,0,1
79331,0,0,0,0,0,0,0,0,1
79332,0,0,0,0,0,0,0,0,1
79333,0,0,0,0,0,0,0,0,1
79334,0,0,0,0,0,0,0,0,1
79335,0,0,0,0,0,0,0,0,1
79336,0,0,0,0,0,0,0,0,1
79337,0,0,0,0,0,0,0,0,1
79338,0,0,0,0,0,0,0,0,1
79339,0,0,0,0,0,0,0,0,1
79340,0,0,0,0,0,0,0,0,1
79341,0,0,0,0,0,0,0,0,1
79342,0,0,0,0,0,0,0,0,1
79343,0,0,0,0,0,0,0,0,1
79344,0,0,0,0,0,0,0,0,1
79345,0,0,0,0,0,0,0,0,1
79346,0,0,0,0,0,0,0,0,1
79347,0,0,0,0,0,0,0,0,1
79348,0,0,0,0,0,0,0,0,1
79349,0,0,0,0,0,0,0,0,1
79350,0,0,0,0,0,0,0,0,1
79351,0,0,0,0,0,0,0,0,1
79352,0,0,0,0,0,0,0,0,1
79353,0,0,0,0,0,0,0,0,1
79354,0,0,0,0,0,0,0,0,1
79355,0,0,0,0,0,0,0,0,1
79356,0,0,0,0,0,0,0,0,1
79357,0,0,0,0,0,0,0,0,1
79358,0,0,0,0,0,0,0,0,1
79359,0,0,0,0,0,0,0,0,1
79360,0,0,0,0,0,0,0,0,1
79361,0,0,0,0,0,0,0,0,1
79362,0,0,0,0,0,0,0,0,1
79363,0,0,0,0,0,0,0,0,1
79364,0,0,0,0,0,0,0,0,1
79365,0,0,0,0,0,0,0,0,1
79366,0,0,0,0,0,0,0,0,1
79367,0,0,0,0,0,0,0,0,1
79368,0,0,0,0,0,0,0,0,1
79369,0,0,0,0,0,0,0,0,1
79370,0,0,0,0,0,0,0,0,1
79371,0,0,0,0,0,0,0,0,1
79372,0,0,0,0,0,0,0,0,1
79373,0,0,0,0,0,0,0,0,1
79374,0,0,0,0,0,0,0,0,1
79375,0,0,0,0,0,0,0,0,1
79376,0,0,0,0,0,0,0,0,1
79377,0,0,0,0,0,0,0,0,1
79378,0,0,0,0,0,0,0,0,1
79379,0,0,0,0,0,0,0,0,1
79380,0,0,0,0,0,0,0,0,1
79381,0,0,0,0,0,0,0,0,1
79382,0,0,0,0,0,0,0,0,1
79383,0,0,0,0,0,0,0,0,1
79384,0,0,0,0,0,0,0,0,1
79385,0,0,0,0,0,0,0,0,1
79386,0,0,0,0,0,0,0,0,1
79387,0,0,0,0,0,0,0,0,1
79388,0,0,0,0,0,0,0,0,1
79389,0,0,0,0,0,0,0,0,1
79390,0,0,0,0,0,0,0,0,1
79391,0,0,0,0,0,0,0,0,1
79392,0,0,0,0,0,0,0,0,1
79393,0,0,0,0,0,0,0,0,1
79394,0,0,0,0,0,0,0,0,1
79395,0,0,0,0,0,0,0,0,1
79396,0,0,0,0,0,0,0,0,1
79397,0,0,0,0,0,0,0,0,1
79398,0,0,0,0,0,0,0,0,1
79399,0,0,0,0,0,0,0,0,1
79400,0,0,0,0,0,0,0,0,1
79401,0,0,0,0,0,0,0,0,1
79402,0,0,0,0,0,0,0,0,1
79403,0,0,0,0,0,0,0,0,1
79404,0,0,0,0,0,0,0,0,1
79405,0,0,0,0,0,0,0,0,1
79406,0,0,0,0,0,0,0,0,1
79407,0,0,0,0,0,0,0,0,1
79408,0,0,0,0,0,0,0,0,1
79409,0,0,0,0,0,0,0,0,1
79410,0,0,0,0,0,0,0,0,1
79411,0,0,0,0,0,0,0,0,1
79412,0,0,0,0,0,0,0,0,1
79413,0,0,0,0,0,0,0,0,1
79414,0,0,0,0,0,0,0,0,1
79415,0,0,0,0,0,0,0,0,1
79416,0,0,0,0,0,0,0,0,1
79417,0,0,0,0,0,0,0,0,1
79418,0,0,0,0,0,0,0,0,1
79419,0,0,0,0,0,0,0,0,1
79420,0,0,0,0,0,0,0,0,1
79421,0,0,0,0,0,0,0,0,1
79422,0,0,0,0,0,0,0,0,1
79423,0,0,0,0,0,0,0,0,1
79424,0,0,0,0,0,0,0,0,1
79425,0,0,0,0,0,0,0,0,1
79426,0,0,0,0,0,0,0,0,1
79427,0,0,0,0,0,0,0,0,1
79428,0,0,0,0,0,0,0,0,1
79429,0,0,0,0,0,0,0,0,1
79430,0,0,0,0,0,0,0,0,1
79431,0,0,0,0,0,0,0,0,1
79432,0,0,0,0,0,0,0,0,1
79433,0,0,0,0,0,0,0,0,1
79434,0,0,0,0,0,0,0,0,1
79435,0,0,0,0,0,0,0,0,1
79436,0,0,0,0,0,0,0,0,1
79437,0,0,0,0,0,0,0,0,1
79438,0,0,0,0,0,0,0,0,1
79439,0,0,0,0,0,0,0,0,1
79440,0,0,0,0,0,0,0,0,1
79441,0,0,0,0,0,0,0,0,1
79442,0,0,0,0,0,0,0,0,1
79443,0,0,0,0,0,0,0,0,1
79444,0,0,0,0,0,0,0,0,1
79445,0,0,0,0,0,0,0,0,1
79446,0,0,0,0,0,0,0,0,1
79447,0,0,0,0,0,0,0,0,1
79448,0,0,0,0,0,0,0,0,1
79449,0,0,0,0,0,0,0,0,1
79450,0,0,0,0,0,0,0,0,1
79451,0,0,0,0,0,0,0,0,1
79452,0,0,0,0,0,0,0,0,1
79453,0,0,0,0,0,0,0,0,1
79454,0,0,0,0,0,0,0,0,1
79455,0,0,0,0,0,0,0,0,1
79456,0,0,0,0,0,0,0,0,1
79457,0,0,0,0,0,0,0,0,1
79458,0,0,0,0,0,0,0,0,1
79459,0,0,0,0,0,0,0,0,1
79460,0,0,0,0,0,0,0,0,1
79461,0,0,0,0,0,0,0,0,1
79462,0,0,0,0,0,0,0,0,1
79463,0,0,0,0,0,0,0,0,1
79464,0,0,0,0,0,0,0,0,1
79465,0,0,0,0,0,0,0,0,1
79466,0,0,0,0,0,0,0,0,1
79467,0,0,0,0,0,0,0,0,1
79468,0,0,0,0,0,0,0,0,1
79469,0,0,0,0,0,0,0,0,1
79470,0,0,0,0,0,0,0,0,1
79471,0,0,0,0,0,0,0,0,1
79472,0,0,0,0,0,0,0,0,1
79473,0,0,0,0,0,0,0,0,1
79474,0,0,0,0,0,0,0,0,1
79475,0,0,0,0,0,0,0,0,1
79476,0,0,0,0,0,0,0,0,1
79477,0,0,0,0,0,0,0,0,1
79478,0,0,0,0,0,0,0,0,1
79479,0,0,0,0,0,0,0,0,1
79480,0,0,0,0,0,0,0,0,1
79481,0,0,0,0,0,0,0,0,1
79482,0,0,0,0,0,0,0,0,1
79483,0,0,0,0,0,0,0,0,1
79484,0,0,0,0,0,0,0,0,1
79485,0,0,0,0,0,0,0,0,1
79486,0,0,0,0,0,0,0,0,1
79487,0,0,0,0,0,0,0,0,1
79488,0,0,0,0,0,0,0,0,1
79489,0,0,0,0,0,0,0,0,1
79490,0,0,0,0,0,0,0,0,1
79491,0,0,0,0,0,0,0,0,1
79492,0,0,0,0,0,0,0,0,1
79493,0,0,0,0,0,0,0,0,1
79494,0,0,0,0,0,0,0,0,1
79495,0,0,0,0,0,0,0,0,1
79496,0,0,0,0,0,0,0,0,1
79497,0,0,0,0,0,0,0,0,1
79498,0,0,0,0,0,0,0,0,1
79499,0,0,0,0,0,0,0,0,1
79500,0,0,0,0,0,0,0,0,1
79501,0,0,0,0,0,0,0,0,1
79502,0,0,0,0,0,0,0,0,1
79503,0,0,0,0,0,0,0,0,1
79504,0,0,0,0,0,0,0,0,1
79505,0,0,0,0,0,0,0,0,1
79506,0,0,0,0,0,0,0,0,1
79507,0,0,0,0,0,0,0,0,1
79508,0,0,0,0,0,0,0,0,1
79509,0,0,0,0,0,0,0,0,1
79510,0,0,0,0,0,0,0,0,1
79511,0,0,0,0,0,0,0,0,1
79512,0,0,0,0,0,0,0,0,1
79513,0,0,0,0,0,0,0,0,1
79514,0,0,0,0,0,0,0,0,1
79515,0,0,0,0,0,0,0,0,1
79516,0,0,0,0,0,0,0,0,1
79517,0,0,0,0,0,0,0,0,1
79518,0,0,0,0,0,0,0,0,1
79519,0,0,0,0,0,0,0,0,1
79520,0,0,0,0,0,0,0,0,1
79521,0,0,0,0,0,0,0,0,1
79522,0,0,0,0,0,0,0,0,1
79523,0,0,0,0,0,0,0,0,1
79524,0,0,0,0,0,0,0,0,1
79525,0,0,0,0,0,0,0,0,1
79526,0,0,0,0,0,0,0,0,1
79527,0,0,0,0,0,0,0,0,1
79528,0,0,0,0,0,0,0,0,1
79529,0,0,0,0,0,0,0,0,1
79530,0,0,0,0,0,0,0,0,1
79531,0,0,0,0,0,0,0,0,1
79532,0,0,0,0,0,0,0,0,1
79533,0,0,0,0,0,0,0,0,1
79534,0,0,0,0,0,0,0,0,1
79535,0,0,0,0,0,0,0,0,1
79536,0,0,0,0,0,0,0,0,1
79537,0,0,0,0,0,0,0,0,1
79538,0,0,0,0,0,0,0,0,1
79539,0,0,0,0,0,0,0,0,1
79540,0,0,0,0,0,0,0,0,1
79541,0,0,0,0,0,0,0,0,1
79542,0,0,0,0,0,0,0,0,1
79543,0,0,0,0,0,0,0,0,1
79544,0,0,0,0,0,0,0,0,1
79545,0,0,0,0,0,0,0,0,1
79546,0,0,0,0,0,0,0,0,1
79547,0,0,0,0,0,0,0,0,1
79548,0,0,0,0,0,0,0,0,1
79549,0,0,0,0,0,0,0,0,1
79550,0,0,0,0,0,0,0,0,1
79551,0,0,0,0,0,0,0,0,1
79552,0,0,0,0,0,0,0,0,1
79553,0,0,0,0,0,0,0,0,1
79554,0,0,0,0,0,0,0,0,1
79555,0,0,0,0,0,0,0,0,1
79556,0,0,0,0,0,0,0,0,1
79557,0,0,0,0,0,0,0,0,1
79558,0,0,0,0,0,0,0,0,1
79559,0,0,0,0,0,0,0,0,1
79560,0,0,0,0,0,0,0,0,1
79561,0,0,0,0,0,0,0,0,1
79562,0,0,0,0,0,0,0,0,1
79563,0,0,0,0,0,0,0,0,1
79564,0,0,0,0,0,0,0,0,1
79565,0,0,0,0,0,0,0,0,1
79566,0,0,0,0,0,0,0,0,1
79567,0,0,0,0,0,0,0,0,1
79568,0,0,0,0,0,0,0,0,1
79569,0,0,0,0,0,0,0,0,1
79570,0,0,0,0,0,0,0,0,1
79571,0,0,0,0,0,0,0,0,1
79572,0,0,0,0,0,0,0,0,1
79573,0,0,0,0,0,0,0,0,1
79574,0,0,0,0,0,0,0,0,1
79575,0,0,0,0,0,0,0,0,1
79576,0,0,0,0,0,0,0,0,1
79577,0,0,0,0,0,0,0,0,1
79578,0,0,0,0,0,0,0,0,1
79579,0,0,0,0,0,0,0,0,1
79580,0,0,0,0,0,0,0,0,1
79581,0,0,0,0,0,0,0,0,1
79582,0,0,0,0,0,0,0,0,1
79583,0,0,0,0,0,0,0,0,1
79584,0,0,0,0,0,0,0,0,1
79585,0,0,0,0,0,0,0,0,1
79586,0,0,0,0,0,0,0,0,1
79587,0,0,0,0,0,0,0,0,1
79588,0,0,0,0,0,0,0,0,1
79589,0,0,0,0,0,0,0,0,1
79590,0,0,0,0,0,0,0,0,1
79591,0,0,0,0,0,0,0,0,1
79592,0,0,0,0,0,0,0,0,1
79593,0,0,0,0,0,0,0,0,1
79594,0,0,0,0,0,0,0,0,1
79595,0,0,0,0,0,0,0,0,1
79596,0,0,0,0,0,0,0,0,1
79597,0,0,0,0,0,0,0,0,1
79598,0,0,0,0,0,0,0,0,1
79599,0,0,0,0,0,0,0,0,1
79600,0,0,0,0,0,0,0,0,1
79601,0,0,0,0,0,0,0,0,1
79602,0,0,0,0,0,0,0,0,1
79603,0,0,0,0,0,0,0,0,1
79604,0,0,0,0,0,0,0,0,1
79605,0,0,0,0,0,0,0,0,1
79606,0,0,0,0,0,0,0,0,1
79607,0,0,0,0,0,0,0,0,1
79608,0,0,0,0,0,0,0,0,1
79609,0,0,0,0,0,0,0,0,1
79610,0,0,0,0,0,0,0,0,1
79611,0,0,0,0,0,0,0,0,1
79612,0,0,0,0,0,0,0,0,1
79613,0,0,0,0,0,0,0,0,1
79614,0,0,0,0,0,0,0,0,1
79615,0,0,0,0,0,0,0,0,1
79616,0,0,0,0,0,0,0,0,1
79617,0,0,0,0,0,0,0,0,1
79618,0,0,0,0,0,0,0,0,1
79619,0,0,0,0,0,0,0,0,1
79620,0,0,0,0,0,0,0,0,1
79621,0,0,0,0,0,0,0,0,1
79622,0,0,0,0,0,0,0,0,1
79623,0,0,0,0,0,0,0,0,1
79624,0,0,0,0,0,0,0,0,1
79625,0,0,0,0,0,0,0,0,1
79626,0,0,0,0,0,0,0,0,1
79627,0,0,0,0,0,0,0,0,1
79628,0,0,0,0,0,0,0,0,1
79629,0,0,0,0,0,0,0,0,1
79630,0,0,0,0,0,0,0,0,1
79631,0,0,0,0,0,0,0,0,1
79632,0,0,0,0,0,0,0,0,1
79633,0,0,0,0,0,0,0,0,1
79634,0,0,0,0,0,0,0,0,1
79635,0,0,0,0,0,0,0,0,1
79636,0,0,0,0,0,0,0,0,1
79637,0,0,0,0,0,0,0,0,1
79638,0,0,0,0,0,0,0,0,1
79639,0,0,0,0,0,0,0,0,1
79640,0,0,0,0,0,0,0,0,1
79641,0,0,0,0,0,0,0,0,1
79642,0,0,0,0,0,0,0,0,1
79643,0,0,0,0,0,0,0,0,1
79644,0,0,0,0,0,0,0,0,1
79645,0,0,0,0,0,0,0,0,1
79646,0,0,0,0,0,0,0,0,1
79647,0,0,0,0,0,0,0,0,1
79648,0,0,0,0,0,0,0,0,1
79649,0,0,0,0,0,0,0,0,1
79650,0,0,0,0,0,0,0,0,1
79651,0,0,0,0,0,0,0,0,1
79652,0,0,0,0,0,0,0,0,1
79653,0,0,0,0,0,0,0,0,1
79654,0,0,0,0,0,0,0,0,1
79655,0,0,0,0,0,0,0,0,1
79656,0,0,0,0,0,0,0,0,1
79657,0,0,0,0,0,0,0,0,1
79658,0,0,0,0,0,0,0,0,1
79659,0,0,0,0,0,0,0,0,1
79660,0,0,0,0,0,0,0,0,1
79661,0,0,0,0,0,0,0,0,1
79662,0,0,0,0,0,0,0,0,1
79663,0,0,0,0,0,0,0,0,1
79664,0,0,0,0,0,0,0,0,1
79665,0,0,0,0,0,0,0,0,1
79666,0,0,0,0,0,0,0,0,1
79667,0,0,0,0,0,0,0,0,1
79668,0,0,0,0,0,0,0,0,1
79669,0,0,0,0,0,0,0,0,1
79670,0,0,0,0,0,0,0,0,1
79671,0,0,0,0,0,0,0,0,1
79672,0,0,0,0,0,0,0,0,1
79673,0,0,0,0,0,0,0,0,1
79674,0,0,0,0,0,0,0,0,1
79675,0,0,0,0,0,0,0,0,1
79676,0,0,0,0,0,0,0,0,1
79677,0,0,0,0,0,0,0,0,1
79678,0,0,0,0,0,0,0,0,1
79679,0,0,0,0,0,0,0,0,1
79680,0,0,0,0,0,0,0,0,1
79681,0,0,0,0,0,0,0,0,1
79682,0,0,0,0,0,0,0,0,1
79683,0,0,0,0,0,0,0,0,1
79684,0,0,0,0,0,0,0,0,1
79685,0,0,0,0,0,0,0,0,1
79686,0,0,0,0,0,0,0,0,1
79687,0,0,0,0,0,0,0,0,1
79688,0,0,0,0,0,0,0,0,1
79689,0,0,0,0,0,0,0,0,1
79690,0,0,0,0,0,0,0,0,1
79691,0,0,0,0,0,0,0,0,1
79692,0,0,0,0,0,0,0,0,1
79693,0,0,0,0,0,0,0,0,1
79694,0,0,0,0,0,0,0,0,1
79695,0,0,0,0,0,0,0,0,1
79696,0,0,0,0,0,0,0,0,1
79697,0,0,0,0,0,0,0,0,1
79698,0,0,0,0,0,0,0,0,1
79699,0,0,0,0,0,0,0,0,1
79700,0,0,0,0,0,0,0,0,1
79701,0,0,0,0,0,0,0,0,1
79702,0,0,0,0,0,0,0,0,1
79703,0,0,0,0,0,0,0,0,1
79704,0,0,0,0,0,0,0,0,1
79705,0,0,0,0,0,0,0,0,1
79706,0,0,0,0,0,0,0,0,1
79707,0,0,0,0,0,0,0,0,1
79708,0,0,0,0,0,0,0,0,1
79709,0,0,0,0,0,0,0,0,1
79710,0,0,0,0,0,0,0,0,1
79711,0,0,0,0,0,0,0,0,1
79712,0,0,0,0,0,0,0,0,1
79713,0,0,0,0,0,0,0,0,1
79714,0,0,0,0,0,0,0,0,1
79715,0,0,0,0,0,0,0,0,1
79716,0,0,0,0,0,0,0,0,1
79717,0,0,0,0,0,0,0,0,1
79718,0,0,0,0,0,0,0,0,1
79719,0,0,0,0,0,0,0,0,1
79720,0,0,0,0,0,0,0,0,1
79721,0,0,0,0,0,0,0,0,1
79722,0,0,0,0,0,0,0,0,1
79723,0,0,0,0,0,0,0,0,1
79724,0,0,0,0,0,0,0,0,1
79725,0,0,0,0,0,0,0,0,1
79726,0,0,0,0,0,0,0,0,1
79727,0,0,0,0,0,0,0,0,1
79728,0,0,0,0,0,0,0,0,1
79729,0,0,0,0,0,0,0,0,1
79730,0,0,0,0,0,0,0,0,1
79731,0,0,0,0,0,0,0,0,1
79732,0,0,0,0,0,0,0,0,1
79733,0,0,0,0,0,0,0,0,1
79734,0,0,0,0,0,0,0,0,1
79735,0,0,0,0,0,0,0,0,1
79736,0,0,0,0,0,0,0,0,1
79737,0,0,0,0,0,0,0,0,1
79738,0,0,0,0,0,0,0,0,1
79739,0,0,0,0,0,0,0,0,1
79740,0,0,0,0,0,0,0,0,1
79741,0,0,0,0,0,0,0,0,1
79742,0,0,0,0,0,0,0,0,1
79743,0,0,0,0,0,0,0,0,1
79744,0,0,0,0,0,0,0,0,1
79745,0,0,0,0,0,0,0,0,1
79746,0,0,0,0,0,0,0,0,1
79747,0,0,0,0,0,0,0,0,1
79748,0,0,0,0,0,0,0,0,1
79749,0,0,0,0,0,0,0,0,1
79750,0,0,0,0,0,0,0,0,1
79751,0,0,0,0,0,0,0,0,1
79752,0,0,0,0,0,0,0,0,1
79753,0,0,0,0,0,0,0,0,1
79754,0,0,0,0,0,0,0,0,1
79755,0,0,0,0,0,0,0,0,1
79756,0,0,0,0,0,0,0,0,1
79757,0,0,0,0,0,0,0,0,1
79758,0,0,0,0,0,0,0,0,1
79759,0,0,0,0,0,0,0,0,1
79760,0,0,0,0,0,0,0,0,1
79761,0,0,0,0,0,0,0,0,1
79762,0,0,0,0,0,0,0,0,1
79763,0,0,0,0,0,0,0,0,1
79764,0,0,0,0,0,0,0,0,1
79765,0,0,0,0,0,0,0,0,1
79766,0,0,0,0,0,0,0,0,1
79767,0,0,0,0,0,0,0,0,1
79768,0,0,0,0,0,0,0,0,1
79769,0,0,0,0,0,0,0,0,1
79770,0,0,0,0,0,0,0,0,1
79771,0,0,0,0,0,0,0,0,1
79772,0,0,0,0,0,0,0,0,1
79773,0,0,0,0,0,0,0,0,1
79774,0,0,0,0,0,0,0,0,1
79775,0,0,0,0,0,0,0,0,1
79776,0,0,0,0,0,0,0,0,1
79777,0,0,0,0,0,0,0,0,1
79778,0,0,0,0,0,0,0,0,1
79779,0,0,0,0,0,0,0,0,1
79780,0,0,0,0,0,0,0,0,1
79781,0,0,0,0,0,0,0,0,1
79782,0,0,0,0,0,0,0,0,1
79783,0,0,0,0,0,0,0,0,1
79784,0,0,0,0,0,0,0,0,1
79785,0,0,0,0,0,0,0,0,1
79786,0,0,0,0,0,0,0,0,1
79787,0,0,0,0,0,0,0,0,1
79788,0,0,0,0,0,0,0,0,1
79789,0,0,0,0,0,0,0,0,1
79790,0,0,0,0,0,0,0,0,1
79791,0,0,0,0,0,0,0,0,1
79792,0,0,0,0,0,0,0,0,1
79793,0,0,0,0,0,0,0,0,1
79794,0,0,0,0,0,0,0,0,1
79795,0,0,0,0,0,0,0,0,1
79796,0,0,0,0,0,0,0,0,1
79797,0,0,0,0,0,0,0,0,1
79798,0,0,0,0,0,0,0,0,1
79799,0,0,0,0,0,0,0,0,1
79800,0,0,0,0,0,0,0,0,1
79801,0,0,0,0,0,0,0,0,1
79802,0,0,0,0,0,0,0,0,1
79803,0,0,0,0,0,0,0,0,1
79804,0,0,0,0,0,0,0,0,1
79805,0,0,0,0,0,0,0,0,1
79806,0,0,0,0,0,0,0,0,1
79807,0,0,0,0,0,0,0,0,1
79808,0,0,0,0,0,0,0,0,1
79809,0,0,0,0,0,0,0,0,1
79810,0,0,0,0,0,0,0,0,1
79811,0,0,0,0,0,0,0,0,1
79812,0,0,0,0,0,0,0,0,1
79813,0,0,0,0,0,0,0,0,1
79814,0,0,0,0,0,0,0,0,1
79815,0,0,0,0,0,0,0,0,1
79816,0,0,0,0,0,0,0,0,1
79817,0,0,0,0,0,0,0,0,1
79818,0,0,0,0,0,0,0,0,1
79819,0,0,0,0,0,0,0,0,1
79820,0,0,0,0,0,0,0,0,1
79821,0,0,0,0,0,0,0,0,1
79822,0,0,0,0,0,0,0,0,1
79823,0,0,0,0,0,0,0,0,1
79824,0,0,0,0,0,0,0,0,1
79825,0,0,0,0,0,0,0,0,1
79826,0,0,0,0,0,0,0,0,1
79827,0,0,0,0,0,0,0,0,1
79828,0,0,0,0,0,0,0,0,1
79829,0,0,0,0,0,0,0,0,1
79830,0,0,0,0,0,0,0,0,1
79831,0,0,0,0,0,0,0,0,1
79832,0,0,0,0,0,0,0,0,1
79833,0,0,0,0,0,0,0,0,1
79834,0,0,0,0,0,0,0,0,1
79835,0,0,0,0,0,0,0,0,1
79836,0,0,0,0,0,0,0,0,1
79837,0,0,0,0,0,0,0,0,1
79838,0,0,0,0,0,0,0,0,1
79839,0,0,0,0,0,0,0,0,1
79840,0,0,0,0,0,0,0,0,1
79841,0,0,0,0,0,0,0,0,1
79842,0,0,0,0,0,0,0,0,1
79843,0,0,0,0,0,0,0,0,1
79844,0,0,0,0,0,0,0,0,1
79845,0,0,0,0,0,0,0,0,1
79846,0,0,0,0,0,0,0,0,1
79847,0,0,0,0,0,0,0,0,1
79848,0,0,0,0,0,0,0,0,1
79849,0,0,0,0,0,0,0,0,1
79850,0,0,0,0,0,0,0,0,1
79851,0,0,0,0,0,0,0,0,1
79852,0,0,0,0,0,0,0,0,1
79853,0,0,0,0,0,0,0,0,1
79854,0,0,0,0,0,0,0,0,1
79855,0,0,0,0,0,0,0,0,1
79856,0,0,0,0,0,0,0,0,1
79857,0,0,0,0,0,0,0,0,1
79858,0,0,0,0,0,0,0,0,1
79859,0,0,0,0,0,0,0,0,1
79860,0,0,0,0,0,0,0,0,1
79861,0,0,0,0,0,0,0,0,1
79862,0,0,0,0,0,0,0,0,1
79863,0,0,0,0,0,0,0,0,1
79864,0,0,0,0,0,0,0,0,1
79865,0,0,0,0,0,0,0,0,1
79866,0,0,0,0,0,0,0,0,1
79867,0,0,0,0,0,0,0,0,1
79868,0,0,0,0,0,0,0,0,1
79869,0,0,0,0,0,0,0,0,1
79870,0,0,0,0,0,0,0,0,1
79871,0,0,0,0,0,0,0,0,1
79872,0,0,0,0,0,0,0,0,1
79873,0,0,0,0,0,0,0,0,1
79874,0,0,0,0,0,0,0,0,1
79875,0,0,0,0,0,0,0,0,1
79876,0,0,0,0,0,0,0,0,1
79877,0,0,0,0,0,0,0,0,1
79878,0,0,0,0,0,0,0,0,1
79879,0,0,0,0,0,0,0,0,1
79880,0,0,0,0,0,0,0,0,1
79881,0,0,0,0,0,0,0,0,1
79882,0,0,0,0,0,0,0,0,1
79883,0,0,0,0,0,0,0,0,1
79884,0,0,0,0,0,0,0,0,1
79885,0,0,0,0,0,0,0,0,1
79886,0,0,0,0,0,0,0,0,1
79887,0,0,0,0,0,0,0,0,1
79888,0,0,0,0,0,0,0,0,1
79889,0,0,0,0,0,0,0,0,1
79890,0,0,0,0,0,0,0,0,1
79891,0,0,0,0,0,0,0,0,1
79892,0,0,0,0,0,0,0,0,1
79893,0,0,0,0,0,0,0,0,1
79894,0,0,0,0,0,0,0,0,1
79895,0,0,0,0,0,0,0,0,1
79896,0,0,0,0,0,0,0,0,1
79897,0,0,0,0,0,0,0,0,1
79898,0,0,0,0,0,0,0,0,1
79899,0,0,0,0,0,0,0,0,1
79900,0,0,0,0,0,0,0,0,1
79901,0,0,0,0,0,0,0,0,1
79902,0,0,0,0,0,0,0,0,1
79903,0,0,0,0,0,0,0,0,1
79904,0,0,0,0,0,0,0,0,1
79905,0,0,0,0,0,0,0,0,1
79906,0,0,0,0,0,0,0,0,1
79907,0,0,0,0,0,0,0,0,1
79908,0,0,0,0,0,0,0,0,1
79909,0,0,0,0,0,0,0,0,1
79910,0,0,0,0,0,0,0,0,1
79911,0,0,0,0,0,0,0,0,1
79912,0,0,0,0,0,0,0,0,1
79913,0,0,0,0,0,0,0,0,1
79914,0,0,0,0,0,0,0,0,1
79915,0,0,0,0,0,0,0,0,1
79916,0,0,0,0,0,0,0,0,1
79917,0,0,0,0,0,0,0,0,1
79918,0,0,0,0,0,0,0,0,1
79919,0,0,0,0,0,0,0,0,1
79920,0,0,0,0,0,0,0,0,1
79921,0,0,0,0,0,0,0,0,1
79922,0,0,0,0,0,0,0,0,1
79923,0,0,0,0,0,0,0,0,1
79924,0,0,0,0,0,0,0,0,1
79925,0,0,0,0,0,0,0,0,1
79926,0,0,0,0,0,0,0,0,1
79927,0,0,0,0,0,0,0,0,1
79928,0,0,0,0,0,0,0,0,1
79929,0,0,0,0,0,0,0,0,1
79930,0,0,0,0,0,0,0,0,1
79931,0,0,0,0,0,0,0,0,1
79932,0,0,0,0,0,0,0,0,1
79933,0,0,0,0,0,0,0,0,1
79934,0,0,0,0,0,0,0,0,1
79935,0,0,0,0,0,0,0,0,1
79936,0,0,0,0,0,0,0,0,1
79937,0,0,0,0,0,0,0,0,1
79938,0,0,0,0,0,0,0,0,1
79939,0,0,0,0,0,0,0,0,1
79940,0,0,0,0,0,0,0,0,1
79941,0,0,0,0,0,0,0,0,1
79942,0,0,0,0,0,0,0,0,1
79943,0,0,0,0,0,0,0,0,1
79944,0,0,0,0,0,0,0,0,1
79945,0,0,0,0,0,0,0,0,1
79946,0,0,0,0,0,0,0,0,1
79947,0,0,0,0,0,0,0,0,1
79948,0,0,0,0,0,0,0,0,1
79949,0,0,0,0,0,0,0,0,1
79950,0,0,0,0,0,0,0,0,1
79951,0,0,0,0,0,0,0,0,1
79952,0,0,0,0,0,0,0,0,1
79953,0,0,0,0,0,0,0,0,1
79954,0,0,0,0,0,0,0,0,1
79955,0,0,0,0,0,0,0,0,1
79956,0,0,0,0,0,0,0,0,1
79957,0,0,0,0,0,0,0,0,1
79958,0,0,0,0,0,0,0,0,1
79959,0,0,0,0,0,0,0,0,1
79960,0,0,0,0,0,0,0,0,1
79961,0,0,0,0,0,0,0,0,1
79962,0,0,0,0,0,0,0,0,1
79963,0,0,0,0,0,0,0,0,1
79964,0,0,0,0,0,0,0,0,1
79965,0,0,0,0,0,0,0,0,1
79966,0,0,0,0,0,0,0,0,1
79967,0,0,0,0,0,0,0,0,1
79968,0,0,0,0,0,0,0,0,1
79969,0,0,0,0,0,0,0,0,1
79970,0,0,0,0,0,0,0,0,1
79971,0,0,0,0,0,0,0,0,1
79972,0,0,0,0,0,0,0,0,1
79973,0,0,0,0,0,0,0,0,1
79974,0,0,0,0,0,0,0,0,1
79975,0,0,0,0,0,0,0,0,1
79976,0,0,0,0,0,0,0,0,1
79977,0,0,0,0,0,0,0,0,1
79978,0,0,0,0,0,0,0,0,1
79979,0,0,0,0,0,0,0,0,1
79980,0,0,0,0,0,0,0,0,1
79981,0,0,0,0,0,0,0,0,1
79982,0,0,0,0,0,0,0,0,1
79983,0,0,0,0,0,0,0,0,1
79984,0,0,0,0,0,0,0,0,1
79985,0,0,0,0,0,0,0,0,1
79986,0,0,0,0,0,0,0,0,1
79987,0,0,0,0,0,0,0,0,1
79988,0,0,0,0,0,0,0,0,1
79989,0,0,0,0,0,0,0,0,1
79990,0,0,0,0,0,0,0,0,1
79991,0,0,0,0,0,0,0,0,1
79992,0,0,0,0,0,0,0,0,1
79993,0,0,0,0,0,0,0,0,1
79994,0,0,0,0,0,0,0,0,1
79995,0,0,0,0,0,0,0,0,1
79996,0,0,0,0,0,0,0,0,1
79997,0,0,0,0,0,0,0,0,1
79998,0,0,0,0,0,0,0,0,1
79999,0,0,0,0,0,0,0,0,1
80000,0,0,0,0,0,0,0,0,1
80001,0,0,0,0,0,0,0,0,1
80002,0,0,0,0,0,0,0,0,1
80003,0,0,0,0,0,0,0,0,1
80004,0,0,0,0,0,0,0,0,1
80005,0,0,0,0,0,0,0,0,1
80006,0,0,0,0,0,0,0,0,1
80007,0,0,0,0,0,0,0,0,1
80008,0,0,0,0,0,0,0,0,1
80009,0,0,0,0,0,0,0,0,1
80010,0,0,0,0,0,0,0,0,1
80011,0,0,0,0,0,0,0,0,1
80012,0,0,0,0,0,0,0,0,1
80013,0,0,0,0,0,0,0,0,1
80014,0,0,0,0,0,0,0,0,1
80015,0,0,0,0,0,0,0,0,1
80016,0,0,0,0,0,0,0,0,1
80017,0,0,0,0,0,0,0,0,1
80018,0,0,0,0,0,0,0,0,1
80019,0,0,0,0,0,0,0,0,1
80020,0,0,0,0,0,0,0,0,1
80021,0,0,0,0,0,0,0,0,1
80022,0,0,0,0,0,0,0,0,1
80023,0,0,0,0,0,0,0,0,1
80024,0,0,0,0,0,0,0,0,1
80025,0,0,0,0,0,0,0,0,1
80026,0,0,0,0,0,0,0,0,1
80027,0,0,0,0,0,0,0,0,1
80028,0,0,0,0,0,0,0,0,1
80029,0,0,0,0,0,0,0,0,1
80030,0,0,0,0,0,0,0,0,1
80031,0,0,0,0,0,0,0,0,1
80032,0,0,0,0,0,0,0,0,1
80033,0,0,0,0,0,0,0,0,1
80034,0,0,0,0,0,0,0,0,1
80035,0,0,0,0,0,0,0,0,1
80036,0,0,0,0,0,0,0,0,1
80037,0,0,0,0,0,0,0,0,1
80038,0,0,0,0,0,0,0,0,1
80039,0,0,0,0,0,0,0,0,1
80040,0,0,0,0,0,0,0,0,1
80041,0,0,0,0,0,0,0,0,1
80042,0,0,0,0,0,0,0,0,1
80043,0,0,0,0,0,0,0,0,1
80044,0,0,0,0,0,0,0,0,1
80045,0,0,0,0,0,0,0,0,1
80046,0,0,0,0,0,0,0,0,1
80047,0,0,0,0,0,0,0,0,1
80048,0,0,0,0,0,0,0,0,1
80049,0,0,0,0,0,0,0,0,1
80050,0,0,0,0,0,0,0,0,1
80051,0,0,0,0,0,0,0,0,1
80052,0,0,0,0,0,0,0,0,1
80053,0,0,0,0,0,0,0,0,1
80054,0,0,0,0,0,0,0,0,1
80055,0,0,0,0,0,0,0,0,1
80056,0,0,0,0,0,0,0,0,1
80057,0,0,0,0,0,0,0,0,1
80058,0,0,0,0,0,0,0,0,1
80059,0,0,0,0,0,0,0,0,1
80060,0,0,0,0,0,0,0,0,1
80061,0,0,0,0,0,0,0,0,1
80062,0,0,0,0,0,0,0,0,1
80063,0,0,0,0,0,0,0,0,1
80064,0,0,0,0,0,0,0,0,1
80065,0,0,0,0,0,0,0,0,1
80066,0,0,0,0,0,0,0,0,1
80067,0,0,0,0,0,0,0,0,1
80068,0,0,0,0,0,0,0,0,1
80069,0,0,0,0,0,0,0,0,1
80070,0,0,0,0,0,0,0,0,1
80071,0,0,0,0,0,0,0,0,1
80072,0,0,0,0,0,0,0,0,1
80073,0,0,0,0,0,0,0,0,1
80074,0,0,0,0,0,0,0,0,1
80075,0,0,0,0,0,0,0,0,1
80076,0,0,0,0,0,0,0,0,1
80077,0,0,0,0,0,0,0,0,1
80078,0,0,0,0,0,0,0,0,1
80079,0,0,0,0,0,0,0,0,1
80080,0,0,0,0,0,0,0,0,1
80081,0,0,0,0,0,0,0,0,1
80082,0,0,0,0,0,0,0,0,1
80083,0,0,0,0,0,0,0,0,1
80084,0,0,0,0,0,0,0,0,1
80085,0,0,0,0,0,0,0,0,1
80086,0,0,0,0,0,0,0,0,1
80087,0,0,0,0,0,0,0,0,1
80088,0,0,0,0,0,0,0,0,1
80089,0,0,0,0,0,0,0,0,1
80090,0,0,0,0,0,0,0,0,1
80091,0,0,0,0,0,0,0,0,1
80092,0,0,0,0,0,0,0,0,1
80093,0,0,0,0,0,0,0,0,1
80094,0,0,0,0,0,0,0,0,1
80095,0,0,0,0,0,0,0,0,1
80096,0,0,0,0,0,0,0,0,1
80097,0,0,0,0,0,0,0,0,1
80098,0,0,0,0,0,0,0,0,1
80099,0,0,0,0,0,0,0,0,1
80100,0,0,0,0,0,0,0,0,1
80101,0,0,0,0,0,0,0,0,1
80102,0,0,0,0,0,0,0,0,1
80103,0,0,0,0,0,0,0,0,1
80104,0,0,0,0,0,0,0,0,1
80105,0,0,0,0,0,0,0,0,1
80106,0,0,0,0,0,0,0,0,1
80107,0,0,0,0,0,0,0,0,1
80108,0,0,0,0,0,0,0,0,1
80109,0,0,0,0,0,0,0,0,1
80110,0,0,0,0,0,0,0,0,1
80111,0,0,0,0,0,0,0,0,1
80112,0,0,0,0,0,0,0,0,1
80113,0,0,0,0,0,0,0,0,1
80114,0,0,0,0,0,0,0,0,1
80115,0,0,0,0,0,0,0,0,1
80116,0,0,0,0,0,0,0,0,1
80117,0,0,0,0,0,0,0,0,1
80118,0,0,0,0,0,0,0,0,1
80119,0,0,0,0,0,0,0,0,1
80120,0,0,0,0,0,0,0,0,1
80121,0,0,0,0,0,0,0,0,1
80122,0,0,0,0,0,0,0,0,1
80123,0,0,0,0,0,0,0,0,1
80124,0,0,0,0,0,0,0,0,1
80125,0,0,0,0,0,0,0,0,1
80126,0,0,0,0,0,0,0,0,1
80127,0,0,0,0,0,0,0,0,1
80128,0,0,0,0,0,0,0,0,1
80129,0,0,0,0,0,0,0,0,1
80130,0,0,0,0,0,0,0,0,1
80131,0,0,0,0,0,0,0,0,1
80132,0,0,0,0,0,0,0,0,1
80133,0,0,0,0,0,0,0,0,1
80134,0,0,0,0,0,0,0,0,1
80135,0,0,0,0,0,0,0,0,1
80136,0,0,0,0,0,0,0,0,1
80137,0,0,0,0,0,0,0,0,1
80138,0,0,0,0,0,0,0,0,1
80139,0,0,0,0,0,0,0,0,1
80140,0,0,0,0,0,0,0,0,1
80141,0,0,0,0,0,0,0,0,1
80142,0,0,0,0,0,0,0,0,1
80143,0,0,0,0,0,0,0,0,1
80144,0,0,0,0,0,0,0,0,1
80145,0,0,0,0,0,0,0,0,1
80146,0,0,0,0,0,0,0,0,1
80147,0,0,0,0,0,0,0,0,1
80148,0,0,0,0,0,0,0,0,1
80149,0,0,0,0,0,0,0,0,1
80150,0,0,0,0,0,0,0,0,1
80151,0,0,0,0,0,0,0,0,1
80152,0,0,0,0,0,0,0,0,1
80153,0,0,0,0,0,0,0,0,1
80154,0,0,0,0,0,0,0,0,1
80155,0,0,0,0,0,0,0,0,1
80156,0,0,0,0,0,0,0,0,1
80157,0,0,0,0,0,0,0,0,1
80158,0,0,0,0,0,0,0,0,1
80159,0,0,0,0,0,0,0,0,1
80160,0,0,0,0,0,0,0,0,1
80161,0,0,0,0,0,0,0,0,1
80162,0,0,0,0,0,0,0,0,1
80163,0,0,0,0,0,0,0,0,1
80164,0,0,0,0,0,0,0,0,1
80165,0,0,0,0,0,0,0,0,1
80166,0,0,0,0,0,0,0,0,1
80167,0,0,0,0,0,0,0,0,1
80168,0,0,0,0,0,0,0,0,1
80169,0,0,0,0,0,0,0,0,1
80170,0,0,0,0,0,0,0,0,1
80171,0,0,0,0,0,0,0,0,1
80172,0,0,0,0,0,0,0,0,1
80173,0,0,0,0,0,0,0,0,1
80174,0,0,0,0,0,0,0,0,1
80175,0,0,0,0,0,0,0,0,1
80176,0,0,0,0,0,0,0,0,1
80177,0,0,0,0,0,0,0,0,1
80178,0,0,0,0,0,0,0,0,1
80179,0,0,0,0,0,0,0,0,1
80180,0,0,0,0,0,0,0,0,1
80181,0,0,0,0,0,0,0,0,1
80182,0,0,0,0,0,0,0,0,1
80183,0,0,0,0,0,0,0,0,1
80184,0,0,0,0,0,0,0,0,1
80185,0,0,0,0,0,0,0,0,1
80186,0,0,0,0,0,0,0,0,1
80187,0,0,0,0,0,0,0,0,1
80188,0,0,0,0,0,0,0,0,1
80189,0,0,0,0,0,0,0,0,1
80190,0,0,0,0,0,0,0,0,1
80191,0,0,0,0,0,0,0,0,1
80192,0,0,0,0,0,0,0,0,1
80193,0,0,0,0,0,0,0,0,1
80194,0,0,0,0,0,0,0,0,1
80195,0,0,0,0,0,0,0,0,1
80196,0,0,0,0,0,0,0,0,1
80197,0,0,0,0,0,0,0,0,1
80198,0,0,0,0,0,0,0,0,1
80199,0,0,0,0,0,0,0,0,1
80200,0,0,0,0,0,0,0,0,1
80201,0,0,0,0,0,0,0,0,1
80202,0,0,0,0,0,0,0,0,1
80203,0,0,0,0,0,0,0,0,1
80204,0,0,0,0,0,0,0,0,1
80205,0,0,0,0,0,0,0,0,1
80206,0,0,0,0,0,0,0,0,1
80207,0,0,0,0,0,0,0,0,1
80208,0,0,0,0,0,0,0,0,1
80209,0,0,0,0,0,0,0,0,1
80210,0,0,0,0,0,0,0,0,1
80211,0,0,0,0,0,0,0,0,1
80212,0,0,0,0,0,0,0,0,1
80213,0,0,0,0,0,0,0,0,1
80214,0,0,0,0,0,0,0,0,1
80215,0,0,0,0,0,0,0,0,1
80216,0,0,0,0,0,0,0,0,1
80217,0,0,0,0,0,0,0,0,1
80218,0,0,0,0,0,0,0,0,1
80219,0,0,0,0,0,0,0,0,1
80220,0,0,0,0,0,0,0,0,1
80221,0,0,0,0,0,0,0,0,1
80222,0,0,0,0,0,0,0,0,1
80223,0,0,0,0,0,0,0,0,1
80224,0,0,0,0,0,0,0,0,1
80225,0,0,0,0,0,0,0,0,1
80226,0,0,0,0,0,0,0,0,1
80227,0,0,0,0,0,0,0,0,1
80228,0,0,0,0,0,0,0,0,1
80229,0,0,0,0,0,0,0,0,1
80230,0,0,0,0,0,0,0,0,1
80231,0,0,0,0,0,0,0,0,1
80232,0,0,0,0,0,0,0,0,1
80233,0,0,0,0,0,0,0,0,1
80234,0,0,0,0,0,0,0,0,1
80235,0,0,0,0,0,0,0,0,1
80236,0,0,0,0,0,0,0,0,1
80237,0,0,0,0,0,0,0,0,1
80238,0,0,0,0,0,0,0,0,1
80239,0,0,0,0,0,0,0,0,1
80240,0,0,0,0,0,0,0,0,1
80241,0,0,0,0,0,0,0,0,1
80242,0,0,0,0,0,0,0,0,1
80243,0,0,0,0,0,0,0,0,1
80244,0,0,0,0,0,0,0,0,1
80245,0,0,0,0,0,0,0,0,1
80246,0,0,0,0,0,0,0,0,1
80247,0,0,0,0,0,0,0,0,1
80248,0,0,0,0,0,0,0,0,1
80249,0,0,0,0,0,0,0,0,1
80250,0,0,0,0,0,0,0,0,1
80251,0,0,0,0,0,0,0,0,1
80252,0,0,0,0,0,0,0,0,1
80253,0,0,0,0,0,0,0,0,1
80254,0,0,0,0,0,0,0,0,1
80255,0,0,0,0,0,0,0,0,1
80256,0,0,0,0,0,0,0,0,1
80257,0,0,0,0,0,0,0,0,1
80258,0,0,0,0,0,0,0,0,1
80259,0,0,0,0,0,0,0,0,1
80260,0,0,0,0,0,0,0,0,1
80261,0,0,0,0,0,0,0,0,1
80262,0,0,0,0,0,0,0,0,1
80263,0,0,0,0,0,0,0,0,1
80264,0,0,0,0,0,0,0,0,1
80265,0,0,0,0,0,0,0,0,1
80266,0,0,0,0,0,0,0,0,1
80267,0,0,0,0,0,0,0,0,1
80268,0,0,0,0,0,0,0,0,1
80269,0,0,0,0,0,0,0,0,1
80270,0,0,0,0,0,0,0,0,1
80271,0,0,0,0,0,0,0,0,1
80272,0,0,0,0,0,0,0,0,1
80273,0,0,0,0,0,0,0,0,1
80274,0,0,0,0,0,0,0,0,1
80275,0,0,0,0,0,0,0,0,1
80276,0,0,0,0,0,0,0,0,1
80277,0,0,0,0,0,0,0,0,1
80278,0,0,0,0,0,0,0,0,1
80279,0,0,0,0,0,0,0,0,1
80280,0,0,0,0,0,0,0,0,1
80281,0,0,0,0,0,0,0,0,1
80282,0,0,0,0,0,0,0,0,1
80283,0,0,0,0,0,0,0,0,1
80284,0,0,0,0,0,0,0,0,1
80285,0,0,0,0,0,0,0,0,1
80286,0,0,0,0,0,0,0,0,1
80287,0,0,0,0,0,0,0,0,1
80288,0,0,0,0,0,0,0,0,1
80289,0,0,0,0,0,0,0,0,1
80290,0,0,0,0,0,0,0,0,1
80291,0,0,0,0,0,0,0,0,1
80292,0,0,0,0,0,0,0,0,1
80293,0,0,0,0,0,0,0,0,1
80294,0,0,0,0,0,0,0,0,1
80295,0,0,0,0,0,0,0,0,1
80296,0,0,0,0,0,0,0,0,1
80297,0,0,0,0,0,0,0,0,1
80298,0,0,0,0,0,0,0,0,1
80299,0,0,0,0,0,0,0,0,1
80300,0,0,0,0,0,0,0,0,1
80301,0,0,0,0,0,0,0,0,1
80302,0,0,0,0,0,0,0,0,1
80303,0,0,0,0,0,0,0,0,1
80304,0,0,0,0,0,0,0,0,1
80305,0,0,0,0,0,0,0,0,1
80306,0,0,0,0,0,0,0,0,1
80307,0,0,0,0,0,0,0,0,1
80308,0,0,0,0,0,0,0,0,1
80309,0,0,0,0,0,0,0,0,1
80310,0,0,0,0,0,0,0,0,1
80311,0,0,0,0,0,0,0,0,1
80312,0,0,0,0,0,0,0,0,1
80313,0,0,0,0,0,0,0,0,1
80314,0,0,0,0,0,0,0,0,1
80315,0,0,0,0,0,0,0,0,1
80316,0,0,0,0,0,0,0,0,1
80317,0,0,0,0,0,0,0,0,1
80318,0,0,0,0,0,0,0,0,1
80319,0,0,0,0,0,0,0,0,1
80320,0,0,0,0,0,0,0,0,1
80321,0,0,0,0,0,0,0,0,1
80322,0,0,0,0,0,0,0,0,1
80323,0,0,0,0,0,0,0,0,1
80324,0,0,0,0,0,0,0,0,1
80325,0,0,0,0,0,0,0,0,1
80326,0,0,0,0,0,0,0,0,1
80327,0,0,0,0,0,0,0,0,1
80328,0,0,0,0,0,0,0,0,1
80329,0,0,0,0,0,0,0,0,1
80330,0,0,0,0,0,0,0,0,1
80331,0,0,0,0,0,0,0,0,1
80332,0,0,0,0,0,0,0,0,1
80333,0,0,0,0,0,0,0,0,1
80334,0,0,0,0,0,0,0,0,1
80335,0,0,0,0,0,0,0,0,1
80336,0,0,0,0,0,0,0,0,1
80337,0,0,0,0,0,0,0,0,1
80338,0,0,0,0,0,0,0,0,1
80339,0,0,0,0,0,0,0,0,1
80340,0,0,0,0,0,0,0,0,1
80341,0,0,0,0,0,0,0,0,1
80342,0,0,0,0,0,0,0,0,1
80343,0,0,0,0,0,0,0,0,1
80344,0,0,0,0,0,0,0,0,1
80345,0,0,0,0,0,0,0,0,1
80346,0,0,0,0,0,0,0,0,1
80347,0,0,0,0,0,0,0,0,1
80348,0,0,0,0,0,0,0,0,1
80349,0,0,0,0,0,0,0,0,1
80350,0,0,0,0,0,0,0,0,1
80351,0,0,0,0,0,0,0,0,1
80352,0,0,0,0,0,0,0,0,1
80353,0,0,0,0,0,0,0,0,1
80354,0,0,0,0,0,0,0,0,1
80355,0,0,0,0,0,0,0,0,1
80356,0,0,0,0,0,0,0,0,1
80357,0,0,0,0,0,0,0,0,1
80358,0,0,0,0,0,0,0,0,1
80359,0,0,0,0,0,0,0,0,1
80360,0,0,0,0,0,0,0,0,1
80361,0,0,0,0,0,0,0,0,1
80362,0,0,0,0,0,0,0,0,1
80363,0,0,0,0,0,0,0,0,1
80364,0,0,0,0,0,0,0,0,1
80365,0,0,0,0,0,0,0,0,1
80366,0,0,0,0,0,0,0,0,1
80367,0,0,0,0,0,0,0,0,1
80368,0,0,0,0,0,0,0,0,1
80369,0,0,0,0,0,0,0,0,1
80370,0,0,0,0,0,0,0,0,1
80371,0,0,0,0,0,0,0,0,1
80372,0,0,0,0,0,0,0,0,1
80373,0,0,0,0,0,0,0,0,1
80374,0,0,0,0,0,0,0,0,1
80375,0,0,0,0,0,0,0,0,1
80376,0,0,0,0,0,0,0,0,1
80377,0,0,0,0,0,0,0,0,1
80378,0,0,0,0,0,0,0,0,1
80379,0,0,0,0,0,0,0,0,1
80380,0,0,0,0,0,0,0,0,1
80381,0,0,0,0,0,0,0,0,1
80382,0,0,0,0,0,0,0,0,1
80383,0,0,0,0,0,0,0,0,1
80384,0,0,0,0,0,0,0,0,1
80385,0,0,0,0,0,0,0,0,1
80386,0,0,0,0,0,0,0,0,1
80387,0,0,0,0,0,0,0,0,1
80388,0,0,0,0,0,0,0,0,1
80389,0,0,0,0,0,0,0,0,1
80390,0,0,0,0,0,0,0,0,1
80391,0,0,0,0,0,0,0,0,1
80392,0,0,0,0,0,0,0,0,1
80393,0,0,0,0,0,0,0,0,1
80394,0,0,0,0,0,0,0,0,1
80395,0,0,0,0,0,0,0,0,1
80396,0,0,0,0,0,0,0,0,1
80397,0,0,0,0,0,0,0,0,1
80398,0,0,0,0,0,0,0,0,1
80399,0,0,0,0,0,0,0,0,1
80400,0,0,0,0,0,0,0,0,1
80401,0,0,0,0,0,0,0,0,1
80402,0,0,0,0,0,0,0,0,1
80403,0,0,0,0,0,0,0,0,1
80404,0,0,0,0,0,0,0,0,1
80405,0,0,0,0,0,0,0,0,1
80406,0,0,0,0,0,0,0,0,1
80407,0,0,0,0,0,0,0,0,1
80408,0,0,0,0,0,0,0,0,1
80409,0,0,0,0,0,0,0,0,1
80410,0,0,0,0,0,0,0,0,1
80411,0,0,0,0,0,0,0,0,1
80412,0,0,0,0,0,0,0,0,1
80413,0,0,0,0,0,0,0,0,1
80414,0,0,0,0,0,0,0,0,1
80415,0,0,0,0,0,0,0,0,1
80416,0,0,0,0,0,0,0,0,1
80417,0,0,0,0,0,0,0,0,1
80418,0,0,0,0,0,0,0,0,1
80419,0,0,0,0,0,0,0,0,1
80420,0,0,0,0,0,0,0,0,1
80421,0,0,0,0,0,0,0,0,1
80422,0,0,0,0,0,0,0,0,1
80423,0,0,0,0,0,0,0,0,1
80424,0,0,0,0,0,0,0,0,1
80425,0,0,0,0,0,0,0,0,1
80426,0,0,0,0,0,0,0,0,1
80427,0,0,0,0,0,0,0,0,1
80428,0,0,0,0,0,0,0,0,1
80429,0,0,0,0,0,0,0,0,1
80430,0,0,0,0,0,0,0,0,1
80431,0,0,0,0,0,0,0,0,1
80432,0,0,0,0,0,0,0,0,1
80433,0,0,0,0,0,0,0,0,1
80434,0,0,0,0,0,0,0,0,1
80435,0,0,0,0,0,0,0,0,1
80436,0,0,0,0,0,0,0,0,1
80437,0,0,0,0,0,0,0,0,1
80438,0,0,0,0,0,0,0,0,1
80439,0,0,0,0,0,0,0,0,1
80440,0,0,0,0,0,0,0,0,1
80441,0,0,0,0,0,0,0,0,1
80442,0,0,0,0,0,0,0,0,1
80443,0,0,0,0,0,0,0,0,1
80444,0,0,0,0,0,0,0,0,1
80445,0,0,0,0,0,0,0,0,1
80446,0,0,0,0,0,0,0,0,1
80447,0,0,0,0,0,0,0,0,1
80448,0,0,0,0,0,0,0,0,1
80449,0,0,0,0,0,0,0,0,1
80450,0,0,0,0,0,0,0,0,1
80451,0,0,0,0,0,0,0,0,1
80452,0,0,0,0,0,0,0,0,1
80453,0,0,0,0,0,0,0,0,1
80454,0,0,0,0,0,0,0,0,1
80455,0,0,0,0,0,0,0,0,1
80456,0,0,0,0,0,0,0,0,1
80457,0,0,0,0,0,0,0,0,1
80458,0,0,0,0,0,0,0,0,1
80459,0,0,0,0,0,0,0,0,1
80460,0,0,0,0,0,0,0,0,1
80461,0,0,0,0,0,0,0,0,1
80462,0,0,0,0,0,0,0,0,1
80463,0,0,0,0,0,0,0,0,1
80464,0,0,0,0,0,0,0,0,1
80465,0,0,0,0,0,0,0,0,1
80466,0,0,0,0,0,0,0,0,1
80467,0,0,0,0,0,0,0,0,1
80468,0,0,0,0,0,0,0,0,1
80469,0,0,0,0,0,0,0,0,1
80470,0,0,0,0,0,0,0,0,1
80471,0,0,0,0,0,0,0,0,1
80472,0,0,0,0,0,0,0,0,1
80473,0,0,0,0,0,0,0,0,1
80474,0,0,0,0,0,0,0,0,1
80475,0,0,0,0,0,0,0,0,1
80476,0,0,0,0,0,0,0,0,1
80477,0,0,0,0,0,0,0,0,1
80478,0,0,0,0,0,0,0,0,1
80479,0,0,0,0,0,0,0,0,1
80480,0,0,0,0,0,0,0,0,1
80481,0,0,0,0,0,0,0,0,1
80482,0,0,0,0,0,0,0,0,1
80483,0,0,0,0,0,0,0,0,1
80484,0,0,0,0,0,0,0,0,1
80485,0,0,0,0,0,0,0,0,1
80486,0,0,0,0,0,0,0,0,1
80487,0,0,0,0,0,0,0,0,1
80488,0,0,0,0,0,0,0,0,1
80489,0,0,0,0,0,0,0,0,1
80490,0,0,0,0,0,0,0,0,1
80491,0,0,0,0,0,0,0,0,1
80492,0,0,0,0,0,0,0,0,1
80493,0,0,0,0,0,0,0,0,1
80494,0,0,0,0,0,0,0,0,1
80495,0,0,0,0,0,0,0,0,1
80496,0,0,0,0,0,0,0,0,1
80497,0,0,0,0,0,0,0,0,1
80498,0,0,0,0,0,0,0,0,1
80499,0,0,0,0,0,0,0,0,1
80500,0,0,0,0,0,0,0,0,1
80501,0,0,0,0,0,0,0,0,1
80502,0,0,0,0,0,0,0,0,1
80503,0,0,0,0,0,0,0,0,1
80504,0,0,0,0,0,0,0,0,1
80505,0,0,0,0,0,0,0,0,1
80506,0,0,0,0,0,0,0,0,1
80507,0,0,0,0,0,0,0,0,1
80508,0,0,0,0,0,0,0,0,1
80509,0,0,0,0,0,0,0,0,1
80510,0,0,0,0,0,0,0,0,1
80511,0,0,0,0,0,0,0,0,1
80512,0,0,0,0,0,0,0,0,1
80513,0,0,0,0,0,0,0,0,1
80514,0,0,0,0,0,0,0,0,1
80515,0,0,0,0,0,0,0,0,1
80516,0,0,0,0,0,0,0,0,1
80517,0,0,0,0,0,0,0,0,1
80518,0,0,0,0,0,0,0,0,1
80519,0,0,0,0,0,0,0,0,1
80520,0,0,0,0,0,0,0,0,1
80521,0,0,0,0,0,0,0,0,1
80522,0,0,0,0,0,0,0,0,1
80523,0,0,0,0,0,0,0,0,1
80524,0,0,0,0,0,0,0,0,1
80525,0,0,0,0,0,0,0,0,1
80526,0,0,0,0,0,0,0,0,1
80527,0,0,0,0,0,0,0,0,1
80528,0,0,0,0,0,0,0,0,1
80529,0,0,0,0,0,0,0,0,1
80530,0,0,0,0,0,0,0,0,1
80531,0,0,0,0,0,0,0,0,1
80532,0,0,0,0,0,0,0,0,1
80533,0,0,0,0,0,0,0,0,1
80534,0,0,0,0,0,0,0,0,1
80535,0,0,0,0,0,0,0,0,1
80536,0,0,0,0,0,0,0,0,1
80537,0,0,0,0,0,0,0,0,1
80538,0,0,0,0,0,0,0,0,1
80539,0,0,0,0,0,0,0,0,1
80540,0,0,0,0,0,0,0,0,1
80541,0,0,0,0,0,0,0,0,1
80542,0,0,0,0,0,0,0,0,1
80543,0,0,0,0,0,0,0,0,1
80544,0,0,0,0,0,0,0,0,1
80545,0,0,0,0,0,0,0,0,1
80546,0,0,0,0,0,0,0,0,1
80547,0,0,0,0,0,0,0,0,1
80548,0,0,0,0,0,0,0,0,1
80549,0,0,0,0,0,0,0,0,1
80550,0,0,0,0,0,0,0,0,1
80551,0,0,0,0,0,0,0,0,1
80552,0,0,0,0,0,0,0,0,1
80553,0,0,0,0,0,0,0,0,1
80554,0,0,0,0,0,0,0,0,1
80555,0,0,0,0,0,0,0,0,1
80556,0,0,0,0,0,0,0,0,1
80557,0,0,0,0,0,0,0,0,1
80558,0,0,0,0,0,0,0,0,1
80559,0,0,0,0,0,0,0,0,1
80560,0,0,0,0,0,0,0,0,1
80561,0,0,0,0,0,0,0,0,1
80562,0,0,0,0,0,0,0,0,1
80563,0,0,0,0,0,0,0,0,1
80564,0,0,0,0,0,0,0,0,1
80565,0,0,0,0,0,0,0,0,1
80566,0,0,0,0,0,0,0,0,1
80567,0,0,0,0,0,0,0,0,1
80568,0,0,0,0,0,0,0,0,1
80569,0,0,0,0,0,0,0,0,1
80570,0,0,0,0,0,0,0,0,1
80571,0,0,0,0,0,0,0,0,1
80572,0,0,0,0,0,0,0,0,1
80573,0,0,0,0,0,0,0,0,1
80574,0,0,0,0,0,0,0,0,1
80575,0,0,0,0,0,0,0,0,1
80576,0,0,0,0,0,0,0,0,1
80577,0,0,0,0,0,0,0,0,1
80578,0,0,0,0,0,0,0,0,1
80579,0,0,0,0,0,0,0,0,1
80580,0,0,0,0,0,0,0,0,1
80581,0,0,0,0,0,0,0,0,1
80582,0,0,0,0,0,0,0,0,1
80583,0,0,0,0,0,0,0,0,1
80584,0,0,0,0,0,0,0,0,1
80585,0,0,0,0,0,0,0,0,1
80586,0,0,0,0,0,0,0,0,1
80587,0,0,0,0,0,0,0,0,1
80588,0,0,0,0,0,0,0,0,1
80589,0,0,0,0,0,0,0,0,1
80590,0,0,0,0,0,0,0,0,1
80591,0,0,0,0,0,0,0,0,1
80592,0,0,0,0,0,0,0,0,1
80593,0,0,0,0,0,0,0,0,1
80594,0,0,0,0,0,0,0,0,1
80595,0,0,0,0,0,0,0,0,1
80596,0,0,0,0,0,0,0,0,1
80597,0,0,0,0,0,0,0,0,1
80598,0,0,0,0,0,0,0,0,1
80599,0,0,0,0,0,0,0,0,1
80600,0,0,0,0,0,0,0,0,1
80601,0,0,0,0,0,0,0,0,1
80602,0,0,0,0,0,0,0,0,1
80603,0,0,0,0,0,0,0,0,1
80604,0,0,0,0,0,0,0,0,1
80605,0,0,0,0,0,0,0,0,1
80606,0,0,0,0,0,0,0,0,1
80607,0,0,0,0,0,0,0,0,1
80608,0,0,0,0,0,0,0,0,1
80609,0,0,0,0,0,0,0,0,1
80610,0,0,0,0,0,0,0,0,1
80611,0,0,0,0,0,0,0,0,1
80612,0,0,0,0,0,0,0,0,1
80613,0,0,0,0,0,0,0,0,1
80614,0,0,0,0,0,0,0,0,1
80615,0,0,0,0,0,0,0,0,1
80616,0,0,0,0,0,0,0,0,1
80617,0,0,0,0,0,0,0,0,1
80618,0,0,0,0,0,0,0,0,1
80619,0,0,0,0,0,0,0,0,1
80620,0,0,0,0,0,0,0,0,1
80621,0,0,0,0,0,0,0,0,1
80622,0,0,0,0,0,0,0,0,1
80623,0,0,0,0,0,0,0,0,1
80624,0,0,0,0,0,0,0,0,1
80625,0,0,0,0,0,0,0,0,1
80626,0,0,0,0,0,0,0,0,1
80627,0,0,0,0,0,0,0,0,1
80628,0,0,0,0,0,0,0,0,1
80629,0,0,0,0,0,0,0,0,1
80630,0,0,0,0,0,0,0,0,1
80631,0,0,0,0,0,0,0,0,1
80632,0,0,0,0,0,0,0,0,1
80633,0,0,0,0,0,0,0,0,1
80634,0,0,0,0,0,0,0,0,1
80635,0,0,0,0,0,0,0,0,1
80636,0,0,0,0,0,0,0,0,1
80637,0,0,0,0,0,0,0,0,1
80638,0,0,0,0,0,0,0,0,1
80639,0,0,0,0,0,0,0,0,1
80640,0,0,0,0,0,0,0,0,1
80641,0,0,0,0,0,0,0,0,1
80642,0,0,0,0,0,0,0,0,1
80643,0,0,0,0,0,0,0,0,1
80644,0,0,0,0,0,0,0,0,1
80645,0,0,0,0,0,0,0,0,1
80646,0,0,0,0,0,0,0,0,1
80647,0,0,0,0,0,0,0,0,1
80648,0,0,0,0,0,0,0,0,1
80649,0,0,0,0,0,0,0,0,1
80650,0,0,0,0,0,0,0,0,1
80651,0,0,0,0,0,0,0,0,1
80652,0,0,0,0,0,0,0,0,1
80653,0,0,0,0,0,0,0,0,1
80654,0,0,0,0,0,0,0,0,1
80655,0,0,0,0,0,0,0,0,1
80656,0,0,0,0,0,0,0,0,1
80657,0,0,0,0,0,0,0,0,1
80658,0,0,0,0,0,0,0,0,1
80659,0,0,0,0,0,0,0,0,1
80660,0,0,0,0,0,0,0,0,1
80661,0,0,0,0,0,0,0,0,1
80662,0,0,0,0,0,0,0,0,1
80663,0,0,0,0,0,0,0,0,1
80664,0,0,0,0,0,0,0,0,1
80665,0,0,0,0,0,0,0,0,1
80666,0,0,0,0,0,0,0,0,1
80667,0,0,0,0,0,0,0,0,1
80668,0,0,0,0,0,0,0,0,1
80669,0,0,0,0,0,0,0,0,1
80670,0,0,0,0,0,0,0,0,1
80671,0,0,0,0,0,0,0,0,1
80672,0,0,0,0,0,0,0,0,1
80673,0,0,0,0,0,0,0,0,1
80674,0,0,0,0,0,0,0,0,1
80675,0,0,0,0,0,0,0,0,1
80676,0,0,0,0,0,0,0,0,1
80677,0,0,0,0,0,0,0,0,1
80678,0,0,0,0,0,0,0,0,1
80679,0,0,0,0,0,0,0,0,1
80680,0,0,0,0,0,0,0,0,1
80681,0,0,0,0,0,0,0,0,1
80682,0,0,0,0,0,0,0,0,1
80683,0,0,0,0,0,0,0,0,1
80684,0,0,0,0,0,0,0,0,1
80685,0,0,0,0,0,0,0,0,1
80686,0,0,0,0,0,0,0,0,1
80687,0,0,0,0,0,0,0,0,1
80688,0,0,0,0,0,0,0,0,1
80689,0,0,0,0,0,0,0,0,1
80690,0,0,0,0,0,0,0,0,1
80691,0,0,0,0,0,0,0,0,1
80692,0,0,0,0,0,0,0,0,1
80693,0,0,0,0,0,0,0,0,1
80694,0,0,0,0,0,0,0,0,1
80695,0,0,0,0,0,0,0,0,1
80696,0,0,0,0,0,0,0,0,1
80697,0,0,0,0,0,0,0,0,1
80698,0,0,0,0,0,0,0,0,1
80699,0,0,0,0,0,0,0,0,1
80700,0,0,0,0,0,0,0,0,1
80701,0,0,0,0,0,0,0,0,1
80702,0,0,0,0,0,0,0,0,1
80703,0,0,0,0,0,0,0,0,1
80704,0,0,0,0,0,0,0,0,1
80705,0,0,0,0,0,0,0,0,1
80706,0,0,0,0,0,0,0,0,1
80707,0,0,0,0,0,0,0,0,1
80708,0,0,0,0,0,0,0,0,1
80709,0,0,0,0,0,0,0,0,1
80710,0,0,0,0,0,0,0,0,1
80711,0,0,0,0,0,0,0,0,1
80712,0,0,0,0,0,0,0,0,1
80713,0,0,0,0,0,0,0,0,1
80714,0,0,0,0,0,0,0,0,1
80715,0,0,0,0,0,0,0,0,1
80716,0,0,0,0,0,0,0,0,1
80717,0,0,0,0,0,0,0,0,1
80718,0,0,0,0,0,0,0,0,1
80719,0,0,0,0,0,0,0,0,1
80720,0,0,0,0,0,0,0,0,1
80721,0,0,0,0,0,0,0,0,1
80722,0,0,0,0,0,0,0,0,1
80723,0,0,0,0,0,0,0,0,1
80724,0,0,0,0,0,0,0,0,1
80725,0,0,0,0,0,0,0,0,1
80726,0,0,0,0,0,0,0,0,1
80727,0,0,0,0,0,0,0,0,1
80728,0,0,0,0,0,0,0,0,1
80729,0,0,0,0,0,0,0,0,1
80730,0,0,0,0,0,0,0,0,1
80731,0,0,0,0,0,0,0,0,1
80732,0,0,0,0,0,0,0,0,1
80733,0,0,0,0,0,0,0,0,1
80734,0,0,0,0,0,0,0,0,1
80735,0,0,0,0,0,0,0,0,1
80736,0,0,0,0,0,0,0,0,1
80737,0,0,0,0,0,0,0,0,1
80738,0,0,0,0,0,0,0,0,1
80739,0,0,0,0,0,0,0,0,1
80740,0,0,0,0,0,0,0,0,1
80741,0,0,0,0,0,0,0,0,1
80742,0,0,0,0,0,0,0,0,1
80743,0,0,0,0,0,0,0,0,1
80744,0,0,0,0,0,0,0,0,1
80745,0,0,0,0,0,0,0,0,1
80746,0,0,0,0,0,0,0,0,1
80747,0,0,0,0,0,0,0,0,1
80748,0,0,0,0,0,0,0,0,1
80749,0,0,0,0,0,0,0,0,1
80750,0,0,0,0,0,0,0,0,1
80751,0,0,0,0,0,0,0,0,1
80752,0,0,0,0,0,0,0,0,1
80753,0,0,0,0,0,0,0,0,1
80754,0,0,0,0,0,0,0,0,1
80755,0,0,0,0,0,0,0,0,1
80756,0,0,0,0,0,0,0,0,1
80757,0,0,0,0,0,0,0,0,1
80758,0,0,0,0,0,0,0,0,1
80759,0,0,0,0,0,0,0,0,1
80760,0,0,0,0,0,0,0,0,1
80761,0,0,0,0,0,0,0,0,1
80762,0,0,0,0,0,0,0,0,1
80763,0,0,0,0,0,0,0,0,1
80764,0,0,0,0,0,0,0,0,1
80765,0,0,0,0,0,0,0,0,1
80766,0,0,0,0,0,0,0,0,1
80767,0,0,0,0,0,0,0,0,1
80768,0,0,0,0,0,0,0,0,1
80769,0,0,0,0,0,0,0,0,1
80770,0,0,0,0,0,0,0,0,1
80771,0,0,0,0,0,0,0,0,1
80772,0,0,0,0,0,0,0,0,1
80773,0,0,0,0,0,0,0,0,1
80774,0,0,0,0,0,0,0,0,1
80775,0,0,0,0,0,0,0,0,1
80776,0,0,0,0,0,0,0,0,1
80777,0,0,0,0,0,0,0,0,1
80778,0,0,0,0,0,0,0,0,1
80779,0,0,0,0,0,0,0,0,1
80780,0,0,0,0,0,0,0,0,1
80781,0,0,0,0,0,0,0,0,1
80782,0,0,0,0,0,0,0,0,1
80783,0,0,0,0,0,0,0,0,1
80784,0,0,0,0,0,0,0,0,1
80785,0,0,0,0,0,0,0,0,1
80786,0,0,0,0,0,0,0,0,1
80787,0,0,0,0,0,0,0,0,1
80788,0,0,0,0,0,0,0,0,1
80789,0,0,0,0,0,0,0,0,1
80790,0,0,0,0,0,0,0,0,1
80791,0,0,0,0,0,0,0,0,1
80792,0,0,0,0,0,0,0,0,1
80793,0,0,0,0,0,0,0,0,1
80794,0,0,0,0,0,0,0,0,1
80795,0,0,0,0,0,0,0,0,1
80796,0,0,0,0,0,0,0,0,1
80797,0,0,0,0,0,0,0,0,1
80798,0,0,0,0,0,0,0,0,1
80799,0,0,0,0,0,0,0,0,1
80800,0,0,0,0,0,0,0,0,1
80801,0,0,0,0,0,0,0,0,1
80802,0,0,0,0,0,0,0,0,1
80803,0,0,0,0,0,0,0,0,1
80804,0,0,0,0,0,0,0,0,1
80805,0,0,0,0,0,0,0,0,1
80806,0,0,0,0,0,0,0,0,1
80807,0,0,0,0,0,0,0,0,1
80808,0,0,0,0,0,0,0,0,1
80809,0,0,0,0,0,0,0,0,1
80810,0,0,0,0,0,0,0,0,1
80811,0,0,0,0,0,0,0,0,1
80812,0,0,0,0,0,0,0,0,1
80813,0,0,0,0,0,0,0,0,1
80814,0,0,0,0,0,0,0,0,1
80815,0,0,0,0,0,0,0,0,1
80816,0,0,0,0,0,0,0,0,1
80817,0,0,0,0,0,0,0,0,1
80818,0,0,0,0,0,0,0,0,1
80819,0,0,0,0,0,0,0,0,1
80820,0,0,0,0,0,0,0,0,1
80821,0,0,0,0,0,0,0,0,1
80822,0,0,0,0,0,0,0,0,1
80823,0,0,0,0,0,0,0,0,1
80824,0,0,0,0,0,0,0,0,1
80825,0,0,0,0,0,0,0,0,1
80826,0,0,0,0,0,0,0,0,1
80827,0,0,0,0,0,0,0,0,1
80828,0,0,0,0,0,0,0,0,1
80829,0,0,0,0,0,0,0,0,1
80830,0,0,0,0,0,0,0,0,1
80831,0,0,0,0,0,0,0,0,1
80832,0,0,0,0,0,0,0,0,1
80833,0,0,0,0,0,0,0,0,1
80834,0,0,0,0,0,0,0,0,1
80835,0,0,0,0,0,0,0,0,1
80836,0,0,0,0,0,0,0,0,1
80837,0,0,0,0,0,0,0,0,1
80838,0,0,0,0,0,0,0,0,1
80839,0,0,0,0,0,0,0,0,1
80840,0,0,0,0,0,0,0,0,1
80841,0,0,0,0,0,0,0,0,1
80842,0,0,0,0,0,0,0,0,1
80843,0,0,0,0,0,0,0,0,1
80844,0,0,0,0,0,0,0,0,1
80845,0,0,0,0,0,0,0,0,1
80846,0,0,0,0,0,0,0,0,1
80847,0,0,0,0,0,0,0,0,1
80848,0,0,0,0,0,0,0,0,1
80849,0,0,0,0,0,0,0,0,1
80850,0,0,0,0,0,0,0,0,1
80851,0,0,0,0,0,0,0,0,1
80852,0,0,0,0,0,0,0,0,1
80853,0,0,0,0,0,0,0,0,1
80854,0,0,0,0,0,0,0,0,1
80855,0,0,0,0,0,0,0,0,1
80856,0,0,0,0,0,0,0,0,1
80857,0,0,0,0,0,0,0,0,1
80858,0,0,0,0,0,0,0,0,1
80859,0,0,0,0,0,0,0,0,1
80860,0,0,0,0,0,0,0,0,1
80861,0,0,0,0,0,0,0,0,1
80862,0,0,0,0,0,0,0,0,1
80863,0,0,0,0,0,0,0,0,1
80864,0,0,0,0,0,0,0,0,1
80865,0,0,0,0,0,0,0,0,1
80866,0,0,0,0,0,0,0,0,1
80867,0,0,0,0,0,0,0,0,1
80868,0,0,0,0,0,0,0,0,1
80869,0,0,0,0,0,0,0,0,1
80870,0,0,0,0,0,0,0,0,1
80871,0,0,0,0,0,0,0,0,1
80872,0,0,0,0,0,0,0,0,1
80873,0,0,0,0,0,0,0,0,1
80874,0,0,0,0,0,0,0,0,1
80875,0,0,0,0,0,0,0,0,1
80876,0,0,0,0,0,0,0,0,1
80877,0,0,0,0,0,0,0,0,1
80878,0,0,0,0,0,0,0,0,1
80879,0,0,0,0,0,0,0,0,1
80880,0,0,0,0,0,0,0,0,1
80881,0,0,0,0,0,0,0,0,1
80882,0,0,0,0,0,0,0,0,1
80883,0,0,0,0,0,0,0,0,1
80884,0,0,0,0,0,0,0,0,1
80885,0,0,0,0,0,0,0,0,1
80886,0,0,0,0,0,0,0,0,1
80887,0,0,0,0,0,0,0,0,1
80888,0,0,0,0,0,0,0,0,1
80889,0,0,0,0,0,0,0,0,1
80890,0,0,0,0,0,0,0,0,1
80891,0,0,0,0,0,0,0,0,1
80892,0,0,0,0,0,0,0,0,1
80893,0,0,0,0,0,0,0,0,1
80894,0,0,0,0,0,0,0,0,1
80895,0,0,0,0,0,0,0,0,1
80896,0,0,0,0,0,0,0,0,1
80897,0,0,0,0,0,0,0,0,1
80898,0,0,0,0,0,0,0,0,1
80899,0,0,0,0,0,0,0,0,1
80900,0,0,0,0,0,0,0,0,1
80901,0,0,0,0,0,0,0,0,1
80902,0,0,0,0,0,0,0,0,1
80903,0,0,0,0,0,0,0,0,1
80904,0,0,0,0,0,0,0,0,1
80905,0,0,0,0,0,0,0,0,1
80906,0,0,0,0,0,0,0,0,1
80907,0,0,0,0,0,0,0,0,1
80908,0,0,0,0,0,0,0,0,1
80909,0,0,0,0,0,0,0,0,1
80910,0,0,0,0,0,0,0,0,1
80911,0,0,0,0,0,0,0,0,1
80912,0,0,0,0,0,0,0,0,1
80913,0,0,0,0,0,0,0,0,1
80914,0,0,0,0,0,0,0,0,1
80915,0,0,0,0,0,0,0,0,1
80916,0,0,0,0,0,0,0,0,1
80917,0,0,0,0,0,0,0,0,1
80918,0,0,0,0,0,0,0,0,1
80919,0,0,0,0,0,0,0,0,1
80920,0,0,0,0,0,0,0,0,1
80921,0,0,0,0,0,0,0,0,1
80922,0,0,0,0,0,0,0,0,1
80923,0,0,0,0,0,0,0,0,1
80924,0,0,0,0,0,0,0,0,1
80925,0,0,0,0,0,0,0,0,1
80926,0,0,0,0,0,0,0,0,1
80927,0,0,0,0,0,0,0,0,1
80928,0,0,0,0,0,0,0,0,1
80929,0,0,0,0,0,0,0,0,1
80930,0,0,0,0,0,0,0,0,1
80931,0,0,0,0,0,0,0,0,1
80932,0,0,0,0,0,0,0,0,1
80933,0,0,0,0,0,0,0,0,1
80934,0,0,0,0,0,0,0,0,1
80935,0,0,0,0,0,0,0,0,1
80936,0,0,0,0,0,0,0,0,1
80937,0,0,0,0,0,0,0,0,1
80938,0,0,0,0,0,0,0,0,1
80939,0,0,0,0,0,0,0,0,1
80940,0,0,0,0,0,0,0,0,1
80941,0,0,0,0,0,0,0,0,1
80942,0,0,0,0,0,0,0,0,1
80943,0,0,0,0,0,0,0,0,1
80944,0,0,0,0,0,0,0,0,1
80945,0,0,0,0,0,0,0,0,1
80946,0,0,0,0,0,0,0,0,1
80947,0,0,0,0,0,0,0,0,1
80948,0,0,0,0,0,0,0,0,1
80949,0,0,0,0,0,0,0,0,1
80950,0,0,0,0,0,0,0,0,1
80951,0,0,0,0,0,0,0,0,1
80952,0,0,0,0,0,0,0,0,1
80953,0,0,0,0,0,0,0,0,1
80954,0,0,0,0,0,0,0,0,1
80955,0,0,0,0,0,0,0,0,1
80956,0,0,0,0,0,0,0,0,1
80957,0,0,0,0,0,0,0,0,1
80958,0,0,0,0,0,0,0,0,1
80959,0,0,0,0,0,0,0,0,1
80960,0,0,0,0,0,0,0,0,1
80961,0,0,0,0,0,0,0,0,1
80962,0,0,0,0,0,0,0,0,1
80963,0,0,0,0,0,0,0,0,1
80964,0,0,0,0,0,0,0,0,1
80965,0,0,0,0,0,0,0,0,1
80966,0,0,0,0,0,0,0,0,1
80967,0,0,0,0,0,0,0,0,1
80968,0,0,0,0,0,0,0,0,1
80969,0,0,0,0,0,0,0,0,1
80970,0,0,0,0,0,0,0,0,1
80971,0,0,0,0,0,0,0,0,1
80972,0,0,0,0,0,0,0,0,1
80973,0,0,0,0,0,0,0,0,1
80974,0,0,0,0,0,0,0,0,1
80975,0,0,0,0,0,0,0,0,1
80976,0,0,0,0,0,0,0,0,1
80977,0,0,0,0,0,0,0,0,1
80978,0,0,0,0,0,0,0,0,1
80979,0,0,0,0,0,0,0,0,1
80980,0,0,0,0,0,0,0,0,1
80981,0,0,0,0,0,0,0,0,1
80982,0,0,0,0,0,0,0,0,1
80983,0,0,0,0,0,0,0,0,1
80984,0,0,0,0,0,0,0,0,1
80985,0,0,0,0,0,0,0,0,1
80986,0,0,0,0,0,0,0,0,1
80987,0,0,0,0,0,0,0,0,1
80988,0,0,0,0,0,0,0,0,1
80989,0,0,0,0,0,0,0,0,1
80990,0,0,0,0,0,0,0,0,1
80991,0,0,0,0,0,0,0,0,1
80992,0,0,0,0,0,0,0,0,1
80993,0,0,0,0,0,0,0,0,1
80994,0,0,0,0,0,0,0,0,1
80995,0,0,0,0,0,0,0,0,1
80996,0,0,0,0,0,0,0,0,1
80997,0,0,0,0,0,0,0,0,1
80998,0,0,0,0,0,0,0,0,1
80999,0,0,0,0,0,0,0,0,1
81000,0,0,0,0,0,0,0,0,1
81001,0,0,0,0,0,0,0,0,1
81002,0,0,0,0,0,0,0,0,1
81003,0,0,0,0,0,0,0,0,1
81004,0,0,0,0,0,0,0,0,1
81005,0,0,0,0,0,0,0,0,1
81006,0,0,0,0,0,0,0,0,1
81007,0,0,0,0,0,0,0,0,1
81008,0,0,0,0,0,0,0,0,1
81009,0,0,0,0,0,0,0,0,1
81010,0,0,0,0,0,0,0,0,1
81011,0,0,0,0,0,0,0,0,1
81012,0,0,0,0,0,0,0,0,1
81013,0,0,0,0,0,0,0,0,1
81014,0,0,0,0,0,0,0,0,1
81015,0,0,0,0,0,0,0,0,1
81016,0,0,0,0,0,0,0,0,1
81017,0,0,0,0,0,0,0,0,1
81018,0,0,0,0,0,0,0,0,1
81019,0,0,0,0,0,0,0,0,1
81020,0,0,0,0,0,0,0,0,1
81021,0,0,0,0,0,0,0,0,1
81022,0,0,0,0,0,0,0,0,1
81023,0,0,0,0,0,0,0,0,1
81024,0,0,0,0,0,0,0,0,1
81025,0,0,0,0,0,0,0,0,1
81026,0,0,0,0,0,0,0,0,1
81027,0,0,0,0,0,0,0,0,1
81028,0,0,0,0,0,0,0,0,1
81029,0,0,0,0,0,0,0,0,1
81030,0,0,0,0,0,0,0,0,1
81031,0,0,0,0,0,0,0,0,1
81032,0,0,0,0,0,0,0,0,1
81033,0,0,0,0,0,0,0,0,1
81034,0,0,0,0,0,0,0,0,1
81035,0,0,0,0,0,0,0,0,1
81036,0,0,0,0,0,0,0,0,1
81037,0,0,0,0,0,0,0,0,1
81038,0,0,0,0,0,0,0,0,1
81039,0,0,0,0,0,0,0,0,1
81040,0,0,0,0,0,0,0,0,1
81041,0,0,0,0,0,0,0,0,1
81042,0,0,0,0,0,0,0,0,1
81043,0,0,0,0,0,0,0,0,1
81044,0,0,0,0,0,0,0,0,1
81045,0,0,0,0,0,0,0,0,1
81046,0,0,0,0,0,0,0,0,1
81047,0,0,0,0,0,0,0,0,1
81048,0,0,0,0,0,0,0,0,1
81049,0,0,0,0,0,0,0,0,1
81050,0,0,0,0,0,0,0,0,1
81051,0,0,0,0,0,0,0,0,1
81052,0,0,0,0,0,0,0,0,1
81053,0,0,0,0,0,0,0,0,1
81054,0,0,0,0,0,0,0,0,1
81055,0,0,0,0,0,0,0,0,1
81056,0,0,0,0,0,0,0,0,1
81057,0,0,0,0,0,0,0,0,1
81058,0,0,0,0,0,0,0,0,1
81059,0,0,0,0,0,0,0,0,1
81060,0,0,0,0,0,0,0,0,1
81061,0,0,0,0,0,0,0,0,1
81062,0,0,0,0,0,0,0,0,1
81063,0,0,0,0,0,0,0,0,1
81064,0,0,0,0,0,0,0,0,1
81065,0,0,0,0,0,0,0,0,1
81066,0,0,0,0,0,0,0,0,1
81067,0,0,0,0,0,0,0,0,1
81068,0,0,0,0,0,0,0,0,1
81069,0,0,0,0,0,0,0,0,1
81070,0,0,0,0,0,0,0,0,1
81071,0,0,0,0,0,0,0,0,1
81072,0,0,0,0,0,0,0,0,1
81073,0,0,0,0,0,0,0,0,1
81074,0,0,0,0,0,0,0,0,1
81075,0,0,0,0,0,0,0,0,1
81076,0,0,0,0,0,0,0,0,1
81077,0,0,0,0,0,0,0,0,1
81078,0,0,0,0,0,0,0,0,1
81079,0,0,0,0,0,0,0,0,1
81080,0,0,0,0,0,0,0,0,1
81081,0,0,0,0,0,0,0,0,1
81082,0,0,0,0,0,0,0,0,1
81083,0,0,0,0,0,0,0,0,1
81084,0,0,0,0,0,0,0,0,1
81085,0,0,0,0,0,0,0,0,1
81086,0,0,0,0,0,0,0,0,1
81087,0,0,0,0,0,0,0,0,1
81088,0,0,0,0,0,0,0,0,1
81089,0,0,0,0,0,0,0,0,1
81090,0,0,0,0,0,0,0,0,1
81091,0,0,0,0,0,0,0,0,1
81092,0,0,0,0,0,0,0,0,1
81093,0,0,0,0,0,0,0,0,1
81094,0,0,0,0,0,0,0,0,1
81095,0,0,0,0,0,0,0,0,1
81096,0,0,0,0,0,0,0,0,1
81097,0,0,0,0,0,0,0,0,1
81098,0,0,0,0,0,0,0,0,1
81099,0,0,0,0,0,0,0,0,1
81100,0,0,0,0,0,0,0,0,1
81101,0,0,0,0,0,0,0,0,1
81102,0,0,0,0,0,0,0,0,1
81103,0,0,0,0,0,0,0,0,1
81104,0,0,0,0,0,0,0,0,1
81105,0,0,0,0,0,0,0,0,1
81106,0,0,0,0,0,0,0,0,1
81107,0,0,0,0,0,0,0,0,1
81108,0,0,0,0,0,0,0,0,1
81109,0,0,0,0,0,0,0,0,1
81110,0,0,0,0,0,0,0,0,1
81111,0,0,0,0,0,0,0,0,1
81112,0,0,0,0,0,0,0,0,1
81113,0,0,0,0,0,0,0,0,1
81114,0,0,0,0,0,0,0,0,1
81115,0,0,0,0,0,0,0,0,1
81116,0,0,0,0,0,0,0,0,1
81117,0,0,0,0,0,0,0,0,1
81118,0,0,0,0,0,0,0,0,1
81119,0,0,0,0,0,0,0,0,1
81120,0,0,0,0,0,0,0,0,1
81121,0,0,0,0,0,0,0,0,1
81122,0,0,0,0,0,0,0,0,1
81123,0,0,0,0,0,0,0,0,1
81124,0,0,0,0,0,0,0,0,1
81125,0,0,0,0,0,0,0,0,1
81126,0,0,0,0,0,0,0,0,1
81127,0,0,0,0,0,0,0,0,1
81128,0,0,0,0,0,0,0,0,1
81129,0,0,0,0,0,0,0,0,1
81130,0,0,0,0,0,0,0,0,1
81131,0,0,0,0,0,0,0,0,1
81132,0,0,0,0,0,0,0,0,1
81133,0,0,0,0,0,0,0,0,1
81134,0,0,0,0,0,0,0,0,1
81135,0,0,0,0,0,0,0,0,1
81136,0,0,0,0,0,0,0,0,1
81137,0,0,0,0,0,0,0,0,1
81138,0,0,0,0,0,0,0,0,1
81139,0,0,0,0,0,0,0,0,1
81140,0,0,0,0,0,0,0,0,1
81141,0,0,0,0,0,0,0,0,1
81142,0,0,0,0,0,0,0,0,1
81143,0,0,0,0,0,0,0,0,1
81144,0,0,0,0,0,0,0,0,1
81145,0,0,0,0,0,0,0,0,1
81146,0,0,0,0,0,0,0,0,1
81147,0,0,0,0,0,0,0,0,1
81148,0,0,0,0,0,0,0,0,1
81149,0,0,0,0,0,0,0,0,1
81150,0,0,0,0,0,0,0,0,1
81151,0,0,0,0,0,0,0,0,1
81152,0,0,0,0,0,0,0,0,1
81153,0,0,0,0,0,0,0,0,1
81154,0,0,0,0,0,0,0,0,1
81155,0,0,0,0,0,0,0,0,1
81156,0,0,0,0,0,0,0,0,1
81157,0,0,0,0,0,0,0,0,1
81158,0,0,0,0,0,0,0,0,1
81159,0,0,0,0,0,0,0,0,1
81160,0,0,0,0,0,0,0,0,1
81161,0,0,0,0,0,0,0,0,1
81162,0,0,0,0,0,0,0,0,1
81163,0,0,0,0,0,0,0,0,1
81164,0,0,0,0,0,0,0,0,1
81165,0,0,0,0,0,0,0,0,1
81166,0,0,0,0,0,0,0,0,1
81167,0,0,0,0,0,0,0,0,1
81168,0,0,0,0,0,0,0,0,1
81169,0,0,0,0,0,0,0,0,1
81170,0,0,0,0,0,0,0,0,1
81171,0,0,0,0,0,0,0,0,1
81172,0,0,0,0,0,0,0,0,1
81173,0,0,0,0,0,0,0,0,1
81174,0,0,0,0,0,0,0,0,1
81175,0,0,0,0,0,0,0,0,1
81176,0,0,0,0,0,0,0,0,1
81177,0,0,0,0,0,0,0,0,1
81178,0,0,0,0,0,0,0,0,1
81179,0,0,0,0,0,0,0,0,1
81180,0,0,0,0,0,0,0,0,1
81181,0,0,0,0,0,0,0,0,1
81182,0,0,0,0,0,0,0,0,1
81183,0,0,0,0,0,0,0,0,1
81184,0,0,0,0,0,0,0,0,1
81185,0,0,0,0,0,0,0,0,1
81186,0,0,0,0,0,0,0,0,1
81187,0,0,0,0,0,0,0,0,1
81188,0,0,0,0,0,0,0,0,1
81189,0,0,0,0,0,0,0,0,1
81190,0,0,0,0,0,0,0,0,1
81191,0,0,0,0,0,0,0,0,1
81192,0,0,0,0,0,0,0,0,1
81193,0,0,0,0,0,0,0,0,1
81194,0,0,0,0,0,0,0,0,1
81195,0,0,0,0,0,0,0,0,1
81196,0,0,0,0,0,0,0,0,1
81197,0,0,0,0,0,0,0,0,1
81198,0,0,0,0,0,0,0,0,1
81199,0,0,0,0,0,0,0,0,1
81200,0,0,0,0,0,0,0,0,1
81201,0,0,0,0,0,0,0,0,1
81202,0,0,0,0,0,0,0,0,1
81203,0,0,0,0,0,0,0,0,1
81204,0,0,0,0,0,0,0,0,1
81205,0,0,0,0,0,0,0,0,1
81206,0,0,0,0,0,0,0,0,1
81207,0,0,0,0,0,0,0,0,1
81208,0,0,0,0,0,0,0,0,1
81209,0,0,0,0,0,0,0,0,1
81210,0,0,0,0,0,0,0,0,1
81211,0,0,0,0,0,0,0,0,1
81212,0,0,0,0,0,0,0,0,1
81213,0,0,0,0,0,0,0,0,1
81214,0,0,0,0,0,0,0,0,1
81215,0,0,0,0,0,0,0,0,1
81216,0,0,0,0,0,0,0,0,1
81217,0,0,0,0,0,0,0,0,1
81218,0,0,0,0,0,0,0,0,1
81219,0,0,0,0,0,0,0,0,1
81220,0,0,0,0,0,0,0,0,1
81221,0,0,0,0,0,0,0,0,1
81222,0,0,0,0,0,0,0,0,1
81223,0,0,0,0,0,0,0,0,1
81224,0,0,0,0,0,0,0,0,1
81225,0,0,0,0,0,0,0,0,1
81226,0,0,0,0,0,0,0,0,1
81227,0,0,0,0,0,0,0,0,1
81228,0,0,0,0,0,0,0,0,1
81229,0,0,0,0,0,0,0,0,1
81230,0,0,0,0,0,0,0,0,1
81231,0,0,0,0,0,0,0,0,1
81232,0,0,0,0,0,0,0,0,1
81233,0,0,0,0,0,0,0,0,1
81234,0,0,0,0,0,0,0,0,1
81235,0,0,0,0,0,0,0,0,1
81236,0,0,0,0,0,0,0,0,1
81237,0,0,0,0,0,0,0,0,1
81238,0,0,0,0,0,0,0,0,1
81239,0,0,0,0,0,0,0,0,1
81240,0,0,0,0,0,0,0,0,1
81241,0,0,0,0,0,0,0,0,1
81242,0,0,0,0,0,0,0,0,1
81243,0,0,0,0,0,0,0,0,1
81244,0,0,0,0,0,0,0,0,1
81245,0,0,0,0,0,0,0,0,1
81246,0,0,0,0,0,0,0,0,1
81247,0,0,0,0,0,0,0,0,1
81248,0,0,0,0,0,0,0,0,1
81249,0,0,0,0,0,0,0,0,1
81250,0,0,0,0,0,0,0,0,1
81251,0,0,0,0,0,0,0,0,1
81252,0,0,0,0,0,0,0,0,1
81253,0,0,0,0,0,0,0,0,1
81254,0,0,0,0,0,0,0,0,1
81255,0,0,0,0,0,0,0,0,1
81256,0,0,0,0,0,0,0,0,1
81257,0,0,0,0,0,0,0,0,1
81258,0,0,0,0,0,0,0,0,1
81259,0,0,0,0,0,0,0,0,1
81260,0,0,0,0,0,0,0,0,1
81261,0,0,0,0,0,0,0,0,1
81262,0,0,0,0,0,0,0,0,1
81263,0,0,0,0,0,0,0,0,1
81264,0,0,0,0,0,0,0,0,1
81265,0,0,0,0,0,0,0,0,1
81266,0,0,0,0,0,0,0,0,1
81267,0,0,0,0,0,0,0,0,1
81268,0,0,0,0,0,0,0,0,1
81269,0,0,0,0,0,0,0,0,1
81270,0,0,0,0,0,0,0,0,1
81271,0,0,0,0,0,0,0,0,1
81272,0,0,0,0,0,0,0,0,1
81273,0,0,0,0,0,0,0,0,1
81274,0,0,0,0,0,0,0,0,1
81275,0,0,0,0,0,0,0,0,1
81276,0,0,0,0,0,0,0,0,1
81277,0,0,0,0,0,0,0,0,1
81278,0,0,0,0,0,0,0,0,1
81279,0,0,0,0,0,0,0,0,1
81280,0,0,0,0,0,0,0,0,1
81281,0,0,0,0,0,0,0,0,1
81282,0,0,0,0,0,0,0,0,1
81283,0,0,0,0,0,0,0,0,1
81284,0,0,0,0,0,0,0,0,1
81285,0,0,0,0,0,0,0,0,1
81286,0,0,0,0,0,0,0,0,1
81287,0,0,0,0,0,0,0,0,1
81288,0,0,0,0,0,0,0,0,1
81289,0,0,0,0,0,0,0,0,1
81290,0,0,0,0,0,0,0,0,1
81291,0,0,0,0,0,0,0,0,1
81292,0,0,0,0,0,0,0,0,1
81293,0,0,0,0,0,0,0,0,1
81294,0,0,0,0,0,0,0,0,1
81295,0,0,0,0,0,0,0,0,1
81296,0,0,0,0,0,0,0,0,1
81297,0,0,0,0,0,0,0,0,1
81298,0,0,0,0,0,0,0,0,1
81299,0,0,0,0,0,0,0,0,1
81300,0,0,0,0,0,0,0,0,1
81301,0,0,0,0,0,0,0,0,1
81302,0,0,0,0,0,0,0,0,1
81303,0,0,0,0,0,0,0,0,1
81304,0,0,0,0,0,0,0,0,1
81305,0,0,0,0,0,0,0,0,1
81306,0,0,0,0,0,0,0,0,1
81307,0,0,0,0,0,0,0,0,1
81308,0,0,0,0,0,0,0,0,1
81309,0,0,0,0,0,0,0,0,1
81310,0,0,0,0,0,0,0,0,1
81311,0,0,0,0,0,0,0,0,1
81312,0,0,0,0,0,0,0,0,1
81313,0,0,0,0,0,0,0,0,1
81314,0,0,0,0,0,0,0,0,1
81315,0,0,0,0,0,0,0,0,1
81316,0,0,0,0,0,0,0,0,1
81317,0,0,0,0,0,0,0,0,1
81318,0,0,0,0,0,0,0,0,1
81319,0,0,0,0,0,0,0,0,1
81320,0,0,0,0,0,0,0,0,1
81321,0,0,0,0,0,0,0,0,1
81322,0,0,0,0,0,0,0,0,1
81323,0,0,0,0,0,0,0,0,1
81324,0,0,0,0,0,0,0,0,1
81325,0,0,0,0,0,0,0,0,1
81326,0,0,0,0,0,0,0,0,1
81327,0,0,0,0,0,0,0,0,1
81328,0,0,0,0,0,0,0,0,1
81329,0,0,0,0,0,0,0,0,1
81330,0,0,0,0,0,0,0,0,1
81331,0,0,0,0,0,0,0,0,1
81332,0,0,0,0,0,0,0,0,1
81333,0,0,0,0,0,0,0,0,1
81334,0,0,0,0,0,0,0,0,1
81335,0,0,0,0,0,0,0,0,1
81336,0,0,0,0,0,0,0,0,1
81337,0,0,0,0,0,0,0,0,1
81338,0,0,0,0,0,0,0,0,1
81339,0,0,0,0,0,0,0,0,1
81340,0,0,0,0,0,0,0,0,1
81341,0,0,0,0,0,0,0,0,1
81342,0,0,0,0,0,0,0,0,1
81343,0,0,0,0,0,0,0,0,1
81344,0,0,0,0,0,0,0,0,1
81345,0,0,0,0,0,0,0,0,1
81346,0,0,0,0,0,0,0,0,1
81347,0,0,0,0,0,0,0,0,1
81348,0,0,0,0,0,0,0,0,1
81349,0,0,0,0,0,0,0,0,1
81350,0,0,0,0,0,0,0,0,1
81351,0,0,0,0,0,0,0,0,1
81352,0,0,0,0,0,0,0,0,1
81353,0,0,0,0,0,0,0,0,1
81354,0,0,0,0,0,0,0,0,1
81355,0,0,0,0,0,0,0,0,1
81356,0,0,0,0,0,0,0,0,1
81357,0,0,0,0,0,0,0,0,1
81358,0,0,0,0,0,0,0,0,1
81359,0,0,0,0,0,0,0,0,1
81360,0,0,0,0,0,0,0,0,1
81361,0,0,0,0,0,0,0,0,1
81362,0,0,0,0,0,0,0,0,1
81363,0,0,0,0,0,0,0,0,1
81364,0,0,0,0,0,0,0,0,1
81365,0,0,0,0,0,0,0,0,1
81366,0,0,0,0,0,0,0,0,1
81367,0,0,0,0,0,0,0,0,1
81368,0,0,0,0,0,0,0,0,1
81369,0,0,0,0,0,0,0,0,1
81370,0,0,0,0,0,0,0,0,1
81371,0,0,0,0,0,0,0,0,1
81372,0,0,0,0,0,0,0,0,1
81373,0,0,0,0,0,0,0,0,1
81374,0,0,0,0,0,0,0,0,1
81375,0,0,0,0,0,0,0,0,1
81376,0,0,0,0,0,0,0,0,1
81377,0,0,0,0,0,0,0,0,1
81378,0,0,0,0,0,0,0,0,1
81379,0,0,0,0,0,0,0,0,1
81380,0,0,0,0,0,0,0,0,1
81381,0,0,0,0,0,0,0,0,1
81382,0,0,0,0,0,0,0,0,1
81383,0,0,0,0,0,0,0,0,1
81384,0,0,0,0,0,0,0,0,1
81385,0,0,0,0,0,0,0,0,1
81386,0,0,0,0,0,0,0,0,1
81387,0,0,0,0,0,0,0,0,1
81388,0,0,0,0,0,0,0,0,1
81389,0,0,0,0,0,0,0,0,1
81390,0,0,0,0,0,0,0,0,1
81391,0,0,0,0,0,0,0,0,1
81392,0,0,0,0,0,0,0,0,1
81393,0,0,0,0,0,0,0,0,1
81394,0,0,0,0,0,0,0,0,1
81395,0,0,0,0,0,0,0,0,1
81396,0,0,0,0,0,0,0,0,1
81397,0,0,0,0,0,0,0,0,1
81398,0,0,0,0,0,0,0,0,1
81399,0,0,0,0,0,0,0,0,1
81400,0,0,0,0,0,0,0,0,1
81401,0,0,0,0,0,0,0,0,1
81402,0,0,0,0,0,0,0,0,1
81403,0,0,0,0,0,0,0,0,1
81404,0,0,0,0,0,0,0,0,1
81405,0,0,0,0,0,0,0,0,1
81406,0,0,0,0,0,0,0,0,1
81407,0,0,0,0,0,0,0,0,1
81408,0,0,0,0,0,0,0,0,1
81409,0,0,0,0,0,0,0,0,1
81410,0,0,0,0,0,0,0,0,1
81411,0,0,0,0,0,0,0,0,1
81412,0,0,0,0,0,0,0,0,1
81413,0,0,0,0,0,0,0,0,1
81414,0,0,0,0,0,0,0,0,1
81415,0,0,0,0,0,0,0,0,1
81416,0,0,0,0,0,0,0,0,1
81417,0,0,0,0,0,0,0,0,1
81418,0,0,0,0,0,0,0,0,1
81419,0,0,0,0,0,0,0,0,1
81420,0,0,0,0,0,0,0,0,1
81421,0,0,0,0,0,0,0,0,1
81422,0,0,0,0,0,0,0,0,1
81423,0,0,0,0,0,0,0,0,1
81424,0,0,0,0,0,0,0,0,1
81425,0,0,0,0,0,0,0,0,1
81426,0,0,0,0,0,0,0,0,1
81427,0,0,0,0,0,0,0,0,1
81428,0,0,0,0,0,0,0,0,1
81429,0,0,0,0,0,0,0,0,1
81430,0,0,0,0,0,0,0,0,1
81431,0,0,0,0,0,0,0,0,1
81432,0,0,0,0,0,0,0,0,1
81433,0,0,0,0,0,0,0,0,1
81434,0,0,0,0,0,0,0,0,1
81435,0,0,0,0,0,0,0,0,1
81436,0,0,0,0,0,0,0,0,1
81437,0,0,0,0,0,0,0,0,1
81438,0,0,0,0,0,0,0,0,1
81439,0,0,0,0,0,0,0,0,1
81440,0,0,0,0,0,0,0,0,1
81441,0,0,0,0,0,0,0,0,1
81442,0,0,0,0,0,0,0,0,1
81443,0,0,0,0,0,0,0,0,1
81444,0,0,0,0,0,0,0,0,1
81445,0,0,0,0,0,0,0,0,1
81446,0,0,0,0,0,0,0,0,1
81447,0,0,0,0,0,0,0,0,1
81448,0,0,0,0,0,0,0,0,1
81449,0,0,0,0,0,0,0,0,1
81450,0,0,0,0,0,0,0,0,1
81451,0,0,0,0,0,0,0,0,1
81452,0,0,0,0,0,0,0,0,1
81453,0,0,0,0,0,0,0,0,1
81454,0,0,0,0,0,0,0,0,1
81455,0,0,0,0,0,0,0,0,1
81456,0,0,0,0,0,0,0,0,1
81457,0,0,0,0,0,0,0,0,1
81458,0,0,0,0,0,0,0,0,1
81459,0,0,0,0,0,0,0,0,1
81460,0,0,0,0,0,0,0,0,1
81461,0,0,0,0,0,0,0,0,1
81462,0,0,0,0,0,0,0,0,1
81463,0,0,0,0,0,0,0,0,1
81464,0,0,0,0,0,0,0,0,1
81465,0,0,0,0,0,0,0,0,1
81466,0,0,0,0,0,0,0,0,1
81467,0,0,0,0,0,0,0,0,1
81468,0,0,0,0,0,0,0,0,1
81469,0,0,0,0,0,0,0,0,1
81470,0,0,0,0,0,0,0,0,1
81471,0,0,0,0,0,0,0,0,1
81472,0,0,0,0,0,0,0,0,1
81473,0,0,0,0,0,0,0,0,1
81474,0,0,0,0,0,0,0,0,1
81475,0,0,0,0,0,0,0,0,1
81476,0,0,0,0,0,0,0,0,1
81477,0,0,0,0,0,0,0,0,1
81478,0,0,0,0,0,0,0,0,1
81479,0,0,0,0,0,0,0,0,1
81480,0,0,0,0,0,0,0,0,1
81481,0,0,0,0,0,0,0,0,1
81482,0,0,0,0,0,0,0,0,1
81483,0,0,0,0,0,0,0,0,1
81484,0,0,0,0,0,0,0,0,1
81485,0,0,0,0,0,0,0,0,1
81486,0,0,0,0,0,0,0,0,1
81487,0,0,0,0,0,0,0,0,1
81488,0,0,0,0,0,0,0,0,1
81489,0,0,0,0,0,0,0,0,1
81490,0,0,0,0,0,0,0,0,1
81491,0,0,0,0,0,0,0,0,1
81492,0,0,0,0,0,0,0,0,1
81493,0,0,0,0,0,0,0,0,1
81494,0,0,0,0,0,0,0,0,1
81495,0,0,0,0,0,0,0,0,1
81496,0,0,0,0,0,0,0,0,1
81497,0,0,0,0,0,0,0,0,1
81498,0,0,0,0,0,0,0,0,1
81499,0,0,0,0,0,0,0,0,1
81500,0,0,0,0,0,0,0,0,1
81501,0,0,0,0,0,0,0,0,1
81502,0,0,0,0,0,0,0,0,1
81503,0,0,0,0,0,0,0,0,1
81504,0,0,0,0,0,0,0,0,1
81505,0,0,0,0,0,0,0,0,1
81506,0,0,0,0,0,0,0,0,1
81507,0,0,0,0,0,0,0,0,1
81508,0,0,0,0,0,0,0,0,1
81509,0,0,0,0,0,0,0,0,1
81510,0,0,0,0,0,0,0,0,1
81511,0,0,0,0,0,0,0,0,1
81512,0,0,0,0,0,0,0,0,1
81513,0,0,0,0,0,0,0,0,1
81514,0,0,0,0,0,0,0,0,1
81515,0,0,0,0,0,0,0,0,1
81516,0,0,0,0,0,0,0,0,1
81517,0,0,0,0,0,0,0,0,1
81518,0,0,0,0,0,0,0,0,1
81519,0,0,0,0,0,0,0,0,1
81520,0,0,0,0,0,0,0,0,1
81521,0,0,0,0,0,0,0,0,1
81522,0,0,0,0,0,0,0,0,1
81523,0,0,0,0,0,0,0,0,1
81524,0,0,0,0,0,0,0,0,1
81525,0,0,0,0,0,0,0,0,1
81526,0,0,0,0,0,0,0,0,1
81527,0,0,0,0,0,0,0,0,1
81528,0,0,0,0,0,0,0,0,1
81529,0,0,0,0,0,0,0,0,1
81530,0,0,0,0,0,0,0,0,1
81531,0,0,0,0,0,0,0,0,1
81532,0,0,0,0,0,0,0,0,1
81533,0,0,0,0,0,0,0,0,1
81534,0,0,0,0,0,0,0,0,1
81535,0,0,0,0,0,0,0,0,1
81536,0,0,0,0,0,0,0,0,1
81537,0,0,0,0,0,0,0,0,1
81538,0,0,0,0,0,0,0,0,1
81539,0,0,0,0,0,0,0,0,1
81540,0,0,0,0,0,0,0,0,1
81541,0,0,0,0,0,0,0,0,1
81542,0,0,0,0,0,0,0,0,1
81543,0,0,0,0,0,0,0,0,1
81544,0,0,0,0,0,0,0,0,1
81545,0,0,0,0,0,0,0,0,1
81546,0,0,0,0,0,0,0,0,1
81547,0,0,0,0,0,0,0,0,1
81548,0,0,0,0,0,0,0,0,1
81549,0,0,0,0,0,0,0,0,1
81550,0,0,0,0,0,0,0,0,1
81551,0,0,0,0,0,0,0,0,1
81552,0,0,0,0,0,0,0,0,1
81553,0,0,0,0,0,0,0,0,1
81554,0,0,0,0,0,0,0,0,1
81555,0,0,0,0,0,0,0,0,1
81556,0,0,0,0,0,0,0,0,1
81557,0,0,0,0,0,0,0,0,1
81558,0,0,0,0,0,0,0,0,1
81559,0,0,0,0,0,0,0,0,1
81560,0,0,0,0,0,0,0,0,1
81561,0,0,0,0,0,0,0,0,1
81562,0,0,0,0,0,0,0,0,1
81563,0,0,0,0,0,0,0,0,1
81564,0,0,0,0,0,0,0,0,1
81565,0,0,0,0,0,0,0,0,1
81566,0,0,0,0,0,0,0,0,1
81567,0,0,0,0,0,0,0,0,1
81568,0,0,0,0,0,0,0,0,1
81569,0,0,0,0,0,0,0,0,1
81570,0,0,0,0,0,0,0,0,1
81571,0,0,0,0,0,0,0,0,1
81572,0,0,0,0,0,0,0,0,1
81573,0,0,0,0,0,0,0,0,1
81574,0,0,0,0,0,0,0,0,1
81575,0,0,0,0,0,0,0,0,1
81576,0,0,0,0,0,0,0,0,1
81577,0,0,0,0,0,0,0,0,1
81578,0,0,0,0,0,0,0,0,1
81579,0,0,0,0,0,0,0,0,1
81580,0,0,0,0,0,0,0,0,1
81581,0,0,0,0,0,0,0,0,1
81582,0,0,0,0,0,0,0,0,1
81583,0,0,0,0,0,0,0,0,1
81584,0,0,0,0,0,0,0,0,1
81585,0,0,0,0,0,0,0,0,1
81586,0,0,0,0,0,0,0,0,1
81587,0,0,0,0,0,0,0,0,1
81588,0,0,0,0,0,0,0,0,1
81589,0,0,0,0,0,0,0,0,1
81590,0,0,0,0,0,0,0,0,1
81591,0,0,0,0,0,0,0,0,1
81592,0,0,0,0,0,0,0,0,1
81593,0,0,0,0,0,0,0,0,1
81594,0,0,0,0,0,0,0,0,1
81595,0,0,0,0,0,0,0,0,1
81596,0,0,0,0,0,0,0,0,1
81597,0,0,0,0,0,0,0,0,1
81598,0,0,0,0,0,0,0,0,1
81599,0,0,0,0,0,0,0,0,1
81600,0,0,0,0,0,0,0,0,1
81601,0,0,0,0,0,0,0,0,1
81602,0,0,0,0,0,0,0,0,1
81603,0,0,0,0,0,0,0,0,1
81604,0,0,0,0,0,0,0,0,1
81605,0,0,0,0,0,0,0,0,1
81606,0,0,0,0,0,0,0,0,1
81607,0,0,0,0,0,0,0,0,1
81608,0,0,0,0,0,0,0,0,1
81609,0,0,0,0,0,0,0,0,1
81610,0,0,0,0,0,0,0,0,1
81611,0,0,0,0,0,0,0,0,1
81612,0,0,0,0,0,0,0,0,1
81613,0,0,0,0,0,0,0,0,1
81614,0,0,0,0,0,0,0,0,1
81615,0,0,0,0,0,0,0,0,1
81616,0,0,0,0,0,0,0,0,1
81617,0,0,0,0,0,0,0,0,1
81618,0,0,0,0,0,0,0,0,1
81619,0,0,0,0,0,0,0,0,1
81620,0,0,0,0,0,0,0,0,1
81621,0,0,0,0,0,0,0,0,1
81622,0,0,0,0,0,0,0,0,1
81623,0,0,0,0,0,0,0,0,1
81624,0,0,0,0,0,0,0,0,1
81625,0,0,0,0,0,0,0,0,1
81626,0,0,0,0,0,0,0,0,1
81627,0,0,0,0,0,0,0,0,1
81628,0,0,0,0,0,0,0,0,1
81629,0,0,0,0,0,0,0,0,1
81630,0,0,0,0,0,0,0,0,1
81631,0,0,0,0,0,0,0,0,1
81632,0,0,0,0,0,0,0,0,1
81633,0,0,0,0,0,0,0,0,1
81634,0,0,0,0,0,0,0,0,1
81635,0,0,0,0,0,0,0,0,1
81636,0,0,0,0,0,0,0,0,1
81637,0,0,0,0,0,0,0,0,1
81638,0,0,0,0,0,0,0,0,1
81639,0,0,0,0,0,0,0,0,1
81640,0,0,0,0,0,0,0,0,1
81641,0,0,0,0,0,0,0,0,1
81642,0,0,0,0,0,0,0,0,1
81643,0,0,0,0,0,0,0,0,1
81644,0,0,0,0,0,0,0,0,1
81645,0,0,0,0,0,0,0,0,1
81646,0,0,0,0,0,0,0,0,1
81647,0,0,0,0,0,0,0,0,1
81648,0,0,0,0,0,0,0,0,1
81649,0,0,0,0,0,0,0,0,1
81650,0,0,0,0,0,0,0,0,1
81651,0,0,0,0,0,0,0,0,1
81652,0,0,0,0,0,0,0,0,1
81653,0,0,0,0,0,0,0,0,1
81654,0,0,0,0,0,0,0,0,1
81655,0,0,0,0,0,0,0,0,1
81656,0,0,0,0,0,0,0,0,1
81657,0,0,0,0,0,0,0,0,1
81658,0,0,0,0,0,0,0,0,1
81659,0,0,0,0,0,0,0,0,1
81660,0,0,0,0,0,0,0,0,1
81661,0,0,0,0,0,0,0,0,1
81662,0,0,0,0,0,0,0,0,1
81663,0,0,0,0,0,0,0,0,1
81664,0,0,0,0,0,0,0,0,1
81665,0,0,0,0,0,0,0,0,1
81666,0,0,0,0,0,0,0,0,1
81667,0,0,0,0,0,0,0,0,1
81668,0,0,0,0,0,0,0,0,1
81669,0,0,0,0,0,0,0,0,1
81670,0,0,0,0,0,0,0,0,1
81671,0,0,0,0,0,0,0,0,1
81672,0,0,0,0,0,0,0,0,1
81673,0,0,0,0,0,0,0,0,1
81674,0,0,0,0,0,0,0,0,1
81675,0,0,0,0,0,0,0,0,1
81676,0,0,0,0,0,0,0,0,1
81677,0,0,0,0,0,0,0,0,1
81678,0,0,0,0,0,0,0,0,1
81679,0,0,0,0,0,0,0,0,1
81680,0,0,0,0,0,0,0,0,1
81681,0,0,0,0,0,0,0,0,1
81682,0,0,0,0,0,0,0,0,1
81683,0,0,0,0,0,0,0,0,1
81684,0,0,0,0,0,0,0,0,1
81685,0,0,0,0,0,0,0,0,1
81686,0,0,0,0,0,0,0,0,1
81687,0,0,0,0,0,0,0,0,1
81688,0,0,0,0,0,0,0,0,1
81689,0,0,0,0,0,0,0,0,1
81690,0,0,0,0,0,0,0,0,1
81691,0,0,0,0,0,0,0,0,1
81692,0,0,0,0,0,0,0,0,1
81693,0,0,0,0,0,0,0,0,1
81694,0,0,0,0,0,0,0,0,1
81695,0,0,0,0,0,0,0,0,1
81696,0,0,0,0,0,0,0,0,1
81697,0,0,0,0,0,0,0,0,1
81698,0,0,0,0,0,0,0,0,1
81699,0,0,0,0,0,0,0,0,1
81700,0,0,0,0,0,0,0,0,1
81701,0,0,0,0,0,0,0,0,1
81702,0,0,0,0,0,0,0,0,1
81703,0,0,0,0,0,0,0,0,1
81704,0,0,0,0,0,0,0,0,1
81705,0,0,0,0,0,0,0,0,1
81706,0,0,0,0,0,0,0,0,1
81707,0,0,0,0,0,0,0,0,1
81708,0,0,0,0,0,0,0,0,1
81709,0,0,0,0,0,0,0,0,1
81710,0,0,0,0,0,0,0,0,1
81711,0,0,0,0,0,0,0,0,1
81712,0,0,0,0,0,0,0,0,1
81713,0,0,0,0,0,0,0,0,1
81714,0,0,0,0,0,0,0,0,1
81715,0,0,0,0,0,0,0,0,1
81716,0,0,0,0,0,0,0,0,1
81717,0,0,0,0,0,0,0,0,1
81718,0,0,0,0,0,0,0,0,1
81719,0,0,0,0,0,0,0,0,1
81720,0,0,0,0,0,0,0,0,1
81721,0,0,0,0,0,0,0,0,1
81722,0,0,0,0,0,0,0,0,1
81723,0,0,0,0,0,0,0,0,1
81724,0,0,0,0,0,0,0,0,1
81725,0,0,0,0,0,0,0,0,1
81726,0,0,0,0,0,0,0,0,1
81727,0,0,0,0,0,0,0,0,1
81728,0,0,0,0,0,0,0,0,1
81729,0,0,0,0,0,0,0,0,1
81730,0,0,0,0,0,0,0,0,1
81731,0,0,0,0,0,0,0,0,1
81732,0,0,0,0,0,0,0,0,1
81733,0,0,0,0,0,0,0,0,1
81734,0,0,0,0,0,0,0,0,1
81735,0,0,0,0,0,0,0,0,1
81736,0,0,0,0,0,0,0,0,1
81737,0,0,0,0,0,0,0,0,1
81738,0,0,0,0,0,0,0,0,1
81739,0,0,0,0,0,0,0,0,1
81740,0,0,0,0,0,0,0,0,1
81741,0,0,0,0,0,0,0,0,1
81742,0,0,0,0,0,0,0,0,1
81743,0,0,0,0,0,0,0,0,1
81744,0,0,0,0,0,0,0,0,1
81745,0,0,0,0,0,0,0,0,1
81746,0,0,0,0,0,0,0,0,1
81747,0,0,0,0,0,0,0,0,1
81748,0,0,0,0,0,0,0,0,1
81749,0,0,0,0,0,0,0,0,1
81750,0,0,0,0,0,0,0,0,1
81751,0,0,0,0,0,0,0,0,1
81752,0,0,0,0,0,0,0,0,1
81753,0,0,0,0,0,0,0,0,1
81754,0,0,0,0,0,0,0,0,1
81755,0,0,0,0,0,0,0,0,1
81756,0,0,0,0,0,0,0,0,1
81757,0,0,0,0,0,0,0,0,1
81758,0,0,0,0,0,0,0,0,1
81759,0,0,0,0,0,0,0,0,1
81760,0,0,0,0,0,0,0,0,1
81761,0,0,0,0,0,0,0,0,1
81762,0,0,0,0,0,0,0,0,1
81763,0,0,0,0,0,0,0,0,1
81764,0,0,0,0,0,0,0,0,1
81765,0,0,0,0,0,0,0,0,1
81766,0,0,0,0,0,0,0,0,1
81767,0,0,0,0,0,0,0,0,1
81768,0,0,0,0,0,0,0,0,1
81769,0,0,0,0,0,0,0,0,1
81770,0,0,0,0,0,0,0,0,1
81771,0,0,0,0,0,0,0,0,1
81772,0,0,0,0,0,0,0,0,1
81773,0,0,0,0,0,0,0,0,1
81774,0,0,0,0,0,0,0,0,1
81775,0,0,0,0,0,0,0,0,1
81776,0,0,0,0,0,0,0,0,1
81777,0,0,0,0,0,0,0,0,1
81778,0,0,0,0,0,0,0,0,1
81779,0,0,0,0,0,0,0,0,1
81780,0,0,0,0,0,0,0,0,1
81781,0,0,0,0,0,0,0,0,1
81782,0,0,0,0,0,0,0,0,1
81783,0,0,0,0,0,0,0,0,1
81784,0,0,0,0,0,0,0,0,1
81785,0,0,0,0,0,0,0,0,1
81786,0,0,0,0,0,0,0,0,1
81787,0,0,0,0,0,0,0,0,1
81788,0,0,0,0,0,0,0,0,1
81789,0,0,0,0,0,0,0,0,1
81790,0,0,0,0,0,0,0,0,1
81791,0,0,0,0,0,0,0,0,1
81792,0,0,0,0,0,0,0,0,1
81793,0,0,0,0,0,0,0,0,1
81794,0,0,0,0,0,0,0,0,1
81795,0,0,0,0,0,0,0,0,1
81796,0,0,0,0,0,0,0,0,1
81797,0,0,0,0,0,0,0,0,1
81798,0,0,0,0,0,0,0,0,1
81799,0,0,0,0,0,0,0,0,1
81800,0,0,0,0,0,0,0,0,1
81801,0,0,0,0,0,0,0,0,1
81802,0,0,0,0,0,0,0,0,1
81803,0,0,0,0,0,0,0,0,1
81804,0,0,0,0,0,0,0,0,1
81805,0,0,0,0,0,0,0,0,1
81806,0,0,0,0,0,0,0,0,1
81807,0,0,0,0,0,0,0,0,1
81808,0,0,0,0,0,0,0,0,1
81809,0,0,0,0,0,0,0,0,1
81810,0,0,0,0,0,0,0,0,1
81811,0,0,0,0,0,0,0,0,1
81812,0,0,0,0,0,0,0,0,1
81813,0,0,0,0,0,0,0,0,1
81814,0,0,0,0,0,0,0,0,1
81815,0,0,0,0,0,0,0,0,1
81816,0,0,0,0,0,0,0,0,1
81817,0,0,0,0,0,0,0,0,1
81818,0,0,0,0,0,0,0,0,1
81819,0,0,0,0,0,0,0,0,1
81820,0,0,0,0,0,0,0,0,1
81821,0,0,0,0,0,0,0,0,1
81822,0,0,0,0,0,0,0,0,1
81823,0,0,0,0,0,0,0,0,1
81824,0,0,0,0,0,0,0,0,1
81825,0,0,0,0,0,0,0,0,1
81826,0,0,0,0,0,0,0,0,1
81827,0,0,0,0,0,0,0,0,1
81828,0,0,0,0,0,0,0,0,1
81829,0,0,0,0,0,0,0,0,1
81830,0,0,0,0,0,0,0,0,1
81831,0,0,0,0,0,0,0,0,1
81832,0,0,0,0,0,0,0,0,1
81833,0,0,0,0,0,0,0,0,1
81834,0,0,0,0,0,0,0,0,1
81835,0,0,0,0,0,0,0,0,1
81836,0,0,0,0,0,0,0,0,1
81837,0,0,0,0,0,0,0,0,1
81838,0,0,0,0,0,0,0,0,1
81839,0,0,0,0,0,0,0,0,1
81840,0,0,0,0,0,0,0,0,1
81841,0,0,0,0,0,0,0,0,1
81842,0,0,0,0,0,0,0,0,1
81843,0,0,0,0,0,0,0,0,1
81844,0,0,0,0,0,0,0,0,1
81845,0,0,0,0,0,0,0,0,1
81846,0,0,0,0,0,0,0,0,1
81847,0,0,0,0,0,0,0,0,1
81848,0,0,0,0,0,0,0,0,1
81849,0,0,0,0,0,0,0,0,1
81850,0,0,0,0,0,0,0,0,1
81851,0,0,0,0,0,0,0,0,1
81852,0,0,0,0,0,0,0,0,1
81853,0,0,0,0,0,0,0,0,1
81854,0,0,0,0,0,0,0,0,1
81855,0,0,0,0,0,0,0,0,1
81856,0,0,0,0,0,0,0,0,1
81857,0,0,0,0,0,0,0,0,1
81858,0,0,0,0,0,0,0,0,1
81859,0,0,0,0,0,0,0,0,1
81860,0,0,0,0,0,0,0,0,1
81861,0,0,0,0,0,0,0,0,1
81862,0,0,0,0,0,0,0,0,1
81863,0,0,0,0,0,0,0,0,1
81864,0,0,0,0,0,0,0,0,1
81865,0,0,0,0,0,0,0,0,1
81866,0,0,0,0,0,0,0,0,1
81867,0,0,0,0,0,0,0,0,1
81868,0,0,0,0,0,0,0,0,1
81869,0,0,0,0,0,0,0,0,1
81870,0,0,0,0,0,0,0,0,1
81871,0,0,0,0,0,0,0,0,1
81872,0,0,0,0,0,0,0,0,1
81873,0,0,0,0,0,0,0,0,1
81874,0,0,0,0,0,0,0,0,1
81875,0,0,0,0,0,0,0,0,1
81876,0,0,0,0,0,0,0,0,1
81877,0,0,0,0,0,0,0,0,1
81878,0,0,0,0,0,0,0,0,1
81879,0,0,0,0,0,0,0,0,1
81880,0,0,0,0,0,0,0,0,1
81881,0,0,0,0,0,0,0,0,1
81882,0,0,0,0,0,0,0,0,1
81883,0,0,0,0,0,0,0,0,1
81884,0,0,0,0,0,0,0,0,1
81885,0,0,0,0,0,0,0,0,1
81886,0,0,0,0,0,0,0,0,1
81887,0,0,0,0,0,0,0,0,1
81888,0,0,0,0,0,0,0,0,1
81889,0,0,0,0,0,0,0,0,1
81890,0,0,0,0,0,0,0,0,1
81891,0,0,0,0,0,0,0,0,1
81892,0,0,0,0,0,0,0,0,1
81893,0,0,0,0,0,0,0,0,1
81894,0,0,0,0,0,0,0,0,1
81895,0,0,0,0,0,0,0,0,1
81896,0,0,0,0,0,0,0,0,1
81897,0,0,0,0,0,0,0,0,1
81898,0,0,0,0,0,0,0,0,1
81899,0,0,0,0,0,0,0,0,1
81900,0,0,0,0,0,0,0,0,1
81901,0,0,0,0,0,0,0,0,1
81902,0,0,0,0,0,0,0,0,1
81903,0,0,0,0,0,0,0,0,1
81904,0,0,0,0,0,0,0,0,1
81905,0,0,0,0,0,0,0,0,1
81906,0,0,0,0,0,0,0,0,1
81907,0,0,0,0,0,0,0,0,1
81908,0,0,0,0,0,0,0,0,1
81909,0,0,0,0,0,0,0,0,1
81910,0,0,0,0,0,0,0,0,1
81911,0,0,0,0,0,0,0,0,1
81912,0,0,0,0,0,0,0,0,1
81913,0,0,0,0,0,0,0,0,1
81914,0,0,0,0,0,0,0,0,1
81915,0,0,0,0,0,0,0,0,1
81916,0,0,0,0,0,0,0,0,1
81917,0,0,0,0,0,0,0,0,1
81918,0,0,0,0,0,0,0,0,1
81919,0,0,0,0,0,0,0,0,1
81920,0,0,0,0,0,0,0,0,1
81921,0,0,0,0,0,0,0,0,1
81922,0,0,0,0,0,0,0,0,1
81923,0,0,0,0,0,0,0,0,1
81924,0,0,0,0,0,0,0,0,1
81925,0,0,0,0,0,0,0,0,1
81926,0,0,0,0,0,0,0,0,1
81927,0,0,0,0,0,0,0,0,1
81928,0,0,0,0,0,0,0,0,1
81929,0,0,0,0,0,0,0,0,1
81930,0,0,0,0,0,0,0,0,1
81931,0,0,0,0,0,0,0,0,1
81932,0,0,0,0,0,0,0,0,1
81933,0,0,0,0,0,0,0,0,1
81934,0,0,0,0,0,0,0,0,1
81935,0,0,0,0,0,0,0,0,1
81936,0,0,0,0,0,0,0,0,1
81937,0,0,0,0,0,0,0,0,1
81938,0,0,0,0,0,0,0,0,1
81939,0,0,0,0,0,0,0,0,1
81940,0,0,0,0,0,0,0,0,1
81941,0,0,0,0,0,0,0,0,1
81942,0,0,0,0,0,0,0,0,1
81943,0,0,0,0,0,0,0,0,1
81944,0,0,0,0,0,0,0,0,1
81945,0,0,0,0,0,0,0,0,1
81946,0,0,0,0,0,0,0,0,1
81947,0,0,0,0,0,0,0,0,1
81948,0,0,0,0,0,0,0,0,1
81949,0,0,0,0,0,0,0,0,1
81950,0,0,0,0,0,0,0,0,1
81951,0,0,0,0,0,0,0,0,1
81952,0,0,0,0,0,0,0,0,1
81953,0,0,0,0,0,0,0,0,1
81954,0,0,0,0,0,0,0,0,1
81955,0,0,0,0,0,0,0,0,1
81956,0,0,0,0,0,0,0,0,1
81957,0,0,0,0,0,0,0,0,1
81958,0,0,0,0,0,0,0,0,1
81959,0,0,0,0,0,0,0,0,1
81960,0,0,0,0,0,0,0,0,1
81961,0,0,0,0,0,0,0,0,1
81962,0,0,0,0,0,0,0,0,1
81963,0,0,0,0,0,0,0,0,1
81964,0,0,0,0,0,0,0,0,1
81965,0,0,0,0,0,0,0,0,1
81966,0,0,0,0,0,0,0,0,1
81967,0,0,0,0,0,0,0,0,1
81968,0,0,0,0,0,0,0,0,1
81969,0,0,0,0,0,0,0,0,1
81970,0,0,0,0,0,0,0,0,1
81971,0,0,0,0,0,0,0,0,1
81972,0,0,0,0,0,0,0,0,1
81973,0,0,0,0,0,0,0,0,1
81974,0,0,0,0,0,0,0,0,1
81975,0,0,0,0,0,0,0,0,1
81976,0,0,0,0,0,0,0,0,1
81977,0,0,0,0,0,0,0,0,1
81978,0,0,0,0,0,0,0,0,1
81979,0,0,0,0,0,0,0,0,1
81980,0,0,0,0,0,0,0,0,1
81981,0,0,0,0,0,0,0,0,1
81982,0,0,0,0,0,0,0,0,1
81983,0,0,0,0,0,0,0,0,1
81984,0,0,0,0,0,0,0,0,1
81985,0,0,0,0,0,0,0,0,1
81986,0,0,0,0,0,0,0,0,1
81987,0,0,0,0,0,0,0,0,1
81988,0,0,0,0,0,0,0,0,1
81989,0,0,0,0,0,0,0,0,1
81990,0,0,0,0,0,0,0,0,1
81991,0,0,0,0,0,0,0,0,1
81992,0,0,0,0,0,0,0,0,1
81993,0,0,0,0,0,0,0,0,1
81994,0,0,0,0,0,0,0,0,1
81995,0,0,0,0,0,0,0,0,1
81996,0,0,0,0,0,0,0,0,1
81997,0,0,0,0,0,0,0,0,1
81998,0,0,0,0,0,0,0,0,1
81999,0,0,0,0,0,0,0,0,1
82000,0,0,0,0,0,0,0,0,1
82001,0,0,0,0,0,0,0,0,1
82002,0,0,0,0,0,0,0,0,1
82003,0,0,0,0,0,0,0,0,1
82004,0,0,0,0,0,0,0,0,1
82005,0,0,0,0,0,0,0,0,1
82006,0,0,0,0,0,0,0,0,1
82007,0,0,0,0,0,0,0,0,1
82008,0,0,0,0,0,0,0,0,1
82009,0,0,0,0,0,0,0,0,1
82010,0,0,0,0,0,0,0,0,1
82011,0,0,0,0,0,0,0,0,1
82012,0,0,0,0,0,0,0,0,1
82013,0,0,0,0,0,0,0,0,1
82014,0,0,0,0,0,0,0,0,1
82015,0,0,0,0,0,0,0,0,1
82016,0,0,0,0,0,0,0,0,1
82017,0,0,0,0,0,0,0,0,1
82018,0,0,0,0,0,0,0,0,1
82019,0,0,0,0,0,0,0,0,1
82020,0,0,0,0,0,0,0,0,1
82021,0,0,0,0,0,0,0,0,1
82022,0,0,0,0,0,0,0,0,1
82023,0,0,0,0,0,0,0,0,1
82024,0,0,0,0,0,0,0,0,1
82025,0,0,0,0,0,0,0,0,1
82026,0,0,0,0,0,0,0,0,1
82027,0,0,0,0,0,0,0,0,1
82028,0,0,0,0,0,0,0,0,1
82029,0,0,0,0,0,0,0,0,1
82030,0,0,0,0,0,0,0,0,1
82031,0,0,0,0,0,0,0,0,1
82032,0,0,0,0,0,0,0,0,1
82033,0,0,0,0,0,0,0,0,1
82034,0,0,0,0,0,0,0,0,1
82035,0,0,0,0,0,0,0,0,1
82036,0,0,0,0,0,0,0,0,1
82037,0,0,0,0,0,0,0,0,1
82038,0,0,0,0,0,0,0,0,1
82039,0,0,0,0,0,0,0,0,1
82040,0,0,0,0,0,0,0,0,1
82041,0,0,0,0,0,0,0,0,1
82042,0,0,0,0,0,0,0,0,1
82043,0,0,0,0,0,0,0,0,1
82044,0,0,0,0,0,0,0,0,1
82045,0,0,0,0,0,0,0,0,1
82046,0,0,0,0,0,0,0,0,1
82047,0,0,0,0,0,0,0,0,1
82048,0,0,0,0,0,0,0,0,1
82049,0,0,0,0,0,0,0,0,1
82050,0,0,0,0,0,0,0,0,1
82051,0,0,0,0,0,0,0,0,1
82052,0,0,0,0,0,0,0,0,1
82053,0,0,0,0,0,0,0,0,1
82054,0,0,0,0,0,0,0,0,1
82055,0,0,0,0,0,0,0,0,1
82056,0,0,0,0,0,0,0,0,1
82057,0,0,0,0,0,0,0,0,1
82058,0,0,0,0,0,0,0,0,1
82059,0,0,0,0,0,0,0,0,1
82060,0,0,0,0,0,0,0,0,1
82061,0,0,0,0,0,0,0,0,1
82062,0,0,0,0,0,0,0,0,1
82063,0,0,0,0,0,0,0,0,1
82064,0,0,0,0,0,0,0,0,1
82065,0,0,0,0,0,0,0,0,1
82066,0,0,0,0,0,0,0,0,1
82067,0,0,0,0,0,0,0,0,1
82068,0,0,0,0,0,0,0,0,1
82069,0,0,0,0,0,0,0,0,1
82070,0,0,0,0,0,0,0,0,1
82071,0,0,0,0,0,0,0,0,1
82072,0,0,0,0,0,0,0,0,1
82073,0,0,0,0,0,0,0,0,1
82074,0,0,0,0,0,0,0,0,1
82075,0,0,0,0,0,0,0,0,1
82076,0,0,0,0,0,0,0,0,1
82077,0,0,0,0,0,0,0,0,1
82078,0,0,0,0,0,0,0,0,1
82079,0,0,0,0,0,0,0,0,1
82080,0,0,0,0,0,0,0,0,1
82081,0,0,0,0,0,0,0,0,1
82082,0,0,0,0,0,0,0,0,1
82083,0,0,0,0,0,0,0,0,1
82084,0,0,0,0,0,0,0,0,1
82085,0,0,0,0,0,0,0,0,1
82086,0,0,0,0,0,0,0,0,1
82087,0,0,0,0,0,0,0,0,1
82088,0,0,0,0,0,0,0,0,1
82089,0,0,0,0,0,0,0,0,1
82090,0,0,0,0,0,0,0,0,1
82091,0,0,0,0,0,0,0,0,1
82092,0,0,0,0,0,0,0,0,1
82093,0,0,0,0,0,0,0,0,1
82094,0,0,0,0,0,0,0,0,1
82095,0,0,0,0,0,0,0,0,1
82096,0,0,0,0,0,0,0,0,1
82097,0,0,0,0,0,0,0,0,1
82098,0,0,0,0,0,0,0,0,1
82099,0,0,0,0,0,0,0,0,1
82100,0,0,0,0,0,0,0,0,1
82101,0,0,0,0,0,0,0,0,1
82102,0,0,0,0,0,0,0,0,1
82103,0,0,0,0,0,0,0,0,1
82104,0,0,0,0,0,0,0,0,1
82105,0,0,0,0,0,0,0,0,1
82106,0,0,0,0,0,0,0,0,1
82107,0,0,0,0,0,0,0,0,1
82108,0,0,0,0,0,0,0,0,1
82109,0,0,0,0,0,0,0,0,1
82110,0,0,0,0,0,0,0,0,1
82111,0,0,0,0,0,0,0,0,1
82112,0,0,0,0,0,0,0,0,1
82113,0,0,0,0,0,0,0,0,1
82114,0,0,0,0,0,0,0,0,1
82115,0,0,0,0,0,0,0,0,1
82116,0,0,0,0,0,0,0,0,1
82117,0,0,0,0,0,0,0,0,1
82118,0,0,0,0,0,0,0,0,1
82119,0,0,0,0,0,0,0,0,1
82120,0,0,0,0,0,0,0,0,1
82121,0,0,0,0,0,0,0,0,1
82122,0,0,0,0,0,0,0,0,1
82123,0,0,0,0,0,0,0,0,1
82124,0,0,0,0,0,0,0,0,1
82125,0,0,0,0,0,0,0,0,1
82126,0,0,0,0,0,0,0,0,1
82127,0,0,0,0,0,0,0,0,1
82128,0,0,0,0,0,0,0,0,1
82129,0,0,0,0,0,0,0,0,1
82130,0,0,0,0,0,0,0,0,1
82131,0,0,0,0,0,0,0,0,1
82132,0,0,0,0,0,0,0,0,1
82133,0,0,0,0,0,0,0,0,1
82134,0,0,0,0,0,0,0,0,1
82135,0,0,0,0,0,0,0,0,1
82136,0,0,0,0,0,0,0,0,1
82137,0,0,0,0,0,0,0,0,1
82138,0,0,0,0,0,0,0,0,1
82139,0,0,0,0,0,0,0,0,1
82140,0,0,0,0,0,0,0,0,1
82141,0,0,0,0,0,0,0,0,1
82142,0,0,0,0,0,0,0,0,1
82143,0,0,0,0,0,0,0,0,1
82144,0,0,0,0,0,0,0,0,1
82145,0,0,0,0,0,0,0,0,1
82146,0,0,0,0,0,0,0,0,1
82147,0,0,0,0,0,0,0,0,1
82148,0,0,0,0,0,0,0,0,1
82149,0,0,0,0,0,0,0,0,1
82150,0,0,0,0,0,0,0,0,1
82151,0,0,0,0,0,0,0,0,1
82152,0,0,0,0,0,0,0,0,1
82153,0,0,0,0,0,0,0,0,1
82154,0,0,0,0,0,0,0,0,1
82155,0,0,0,0,0,0,0,0,1
82156,0,0,0,0,0,0,0,0,1
82157,0,0,0,0,0,0,0,0,1
82158,0,0,0,0,0,0,0,0,1
82159,0,0,0,0,0,0,0,0,1
82160,0,0,0,0,0,0,0,0,1
82161,0,0,0,0,0,0,0,0,1
82162,0,0,0,0,0,0,0,0,1
82163,0,0,0,0,0,0,0,0,1
82164,0,0,0,0,0,0,0,0,1
82165,0,0,0,0,0,0,0,0,1
82166,0,0,0,0,0,0,0,0,1
82167,0,0,0,0,0,0,0,0,1
82168,0,0,0,0,0,0,0,0,1
82169,0,0,0,0,0,0,0,0,1
82170,0,0,0,0,0,0,0,0,1
82171,0,0,0,0,0,0,0,0,1
82172,0,0,0,0,0,0,0,0,1
82173,0,0,0,0,0,0,0,0,1
82174,0,0,0,0,0,0,0,0,1
82175,0,0,0,0,0,0,0,0,1
82176,0,0,0,0,0,0,0,0,1
82177,0,0,0,0,0,0,0,0,1
82178,0,0,0,0,0,0,0,0,1
82179,0,0,0,0,0,0,0,0,1
82180,0,0,0,0,0,0,0,0,1
82181,0,0,0,0,0,0,0,0,1
82182,0,0,0,0,0,0,0,0,1
82183,0,0,0,0,0,0,0,0,1
82184,0,0,0,0,0,0,0,0,1
82185,0,0,0,0,0,0,0,0,1
82186,0,0,0,0,0,0,0,0,1
82187,0,0,0,0,0,0,0,0,1
82188,0,0,0,0,0,0,0,0,1
82189,0,0,0,0,0,0,0,0,1
82190,0,0,0,0,0,0,0,0,1
82191,0,0,0,0,0,0,0,0,1
82192,0,0,0,0,0,0,0,0,1
82193,0,0,0,0,0,0,0,0,1
82194,0,0,0,0,0,0,0,0,1
82195,0,0,0,0,0,0,0,0,1
82196,0,0,0,0,0,0,0,0,1
82197,0,0,0,0,0,0,0,0,1
82198,0,0,0,0,0,0,0,0,1
82199,0,0,0,0,0,0,0,0,1
82200,0,0,0,0,0,0,0,0,1
82201,0,0,0,0,0,0,0,0,1
82202,0,0,0,0,0,0,0,0,1
82203,0,0,0,0,0,0,0,0,1
82204,0,0,0,0,0,0,0,0,1
82205,0,0,0,0,0,0,0,0,1
82206,0,0,0,0,0,0,0,0,1
82207,0,0,0,0,0,0,0,0,1
82208,0,0,0,0,0,0,0,0,1
82209,0,0,0,0,0,0,0,0,1
82210,0,0,0,0,0,0,0,0,1
82211,0,0,0,0,0,0,0,0,1
82212,0,0,0,0,0,0,0,0,1
82213,0,0,0,0,0,0,0,0,1
82214,0,0,0,0,0,0,0,0,1
82215,0,0,0,0,0,0,0,0,1
82216,0,0,0,0,0,0,0,0,1
82217,0,0,0,0,0,0,0,0,1
82218,0,0,0,0,0,0,0,0,1
82219,0,0,0,0,0,0,0,0,1
82220,0,0,0,0,0,0,0,0,1
82221,0,0,0,0,0,0,0,0,1
82222,0,0,0,0,0,0,0,0,1
82223,0,0,0,0,0,0,0,0,1
82224,0,0,0,0,0,0,0,0,1
82225,0,0,0,0,0,0,0,0,1
82226,0,0,0,0,0,0,0,0,1
82227,0,0,0,0,0,0,0,0,1
82228,0,0,0,0,0,0,0,0,1
82229,0,0,0,0,0,0,0,0,1
82230,0,0,0,0,0,0,0,0,1
82231,0,0,0,0,0,0,0,0,1
82232,0,0,0,0,0,0,0,0,1
82233,0,0,0,0,0,0,0,0,1
82234,0,0,0,0,0,0,0,0,1
82235,0,0,0,0,0,0,0,0,1
82236,0,0,0,0,0,0,0,0,1
82237,0,0,0,0,0,0,0,0,1
82238,0,0,0,0,0,0,0,0,1
82239,0,0,0,0,0,0,0,0,1
82240,0,0,0,0,0,0,0,0,1
82241,0,0,0,0,0,0,0,0,1
82242,0,0,0,0,0,0,0,0,1
82243,0,0,0,0,0,0,0,0,1
82244,0,0,0,0,0,0,0,0,1
82245,0,0,0,0,0,0,0,0,1
82246,0,0,0,0,0,0,0,0,1
82247,0,0,0,0,0,0,0,0,1
82248,0,0,0,0,0,0,0,0,1
82249,0,0,0,0,0,0,0,0,1
82250,0,0,0,0,0,0,0,0,1
82251,0,0,0,0,0,0,0,0,1
82252,0,0,0,0,0,0,0,0,1
82253,0,0,0,0,0,0,0,0,1
82254,0,0,0,0,0,0,0,0,1
82255,0,0,0,0,0,0,0,0,1
82256,0,0,0,0,0,0,0,0,1
82257,0,0,0,0,0,0,0,0,1
82258,0,0,0,0,0,0,0,0,1
82259,0,0,0,0,0,0,0,0,1
82260,0,0,0,0,0,0,0,0,1
82261,0,0,0,0,0,0,0,0,1
82262,0,0,0,0,0,0,0,0,1
82263,0,0,0,0,0,0,0,0,1
82264,0,0,0,0,0,0,0,0,1
82265,0,0,0,0,0,0,0,0,1
82266,0,0,0,0,0,0,0,0,1
82267,0,0,0,0,0,0,0,0,1
82268,0,0,0,0,0,0,0,0,1
82269,0,0,0,0,0,0,0,0,1
82270,0,0,0,0,0,0,0,0,1
82271,0,0,0,0,0,0,0,0,1
82272,0,0,0,0,0,0,0,0,1
82273,0,0,0,0,0,0,0,0,1
82274,0,0,0,0,0,0,0,0,1
82275,0,0,0,0,0,0,0,0,1
82276,0,0,0,0,0,0,0,0,1
82277,0,0,0,0,0,0,0,0,1
82278,0,0,0,0,0,0,0,0,1
82279,0,0,0,0,0,0,0,0,1
82280,0,0,0,0,0,0,0,0,1
82281,0,0,0,0,0,0,0,0,1
82282,0,0,0,0,0,0,0,0,1
82283,0,0,0,0,0,0,0,0,1
82284,0,0,0,0,0,0,0,0,1
82285,0,0,0,0,0,0,0,0,1
82286,0,0,0,0,0,0,0,0,1
82287,0,0,0,0,0,0,0,0,1
82288,0,0,0,0,0,0,0,0,1
82289,0,0,0,0,0,0,0,0,1
82290,0,0,0,0,0,0,0,0,1
82291,0,0,0,0,0,0,0,0,1
82292,0,0,0,0,0,0,0,0,1
82293,0,0,0,0,0,0,0,0,1
82294,0,0,0,0,0,0,0,0,1
82295,0,0,0,0,0,0,0,0,1
82296,0,0,0,0,0,0,0,0,1
82297,0,0,0,0,0,0,0,0,1
82298,0,0,0,0,0,0,0,0,1
82299,0,0,0,0,0,0,0,0,1
82300,0,0,0,0,0,0,0,0,1
82301,0,0,0,0,0,0,0,0,1
82302,0,0,0,0,0,0,0,0,1
82303,0,0,0,0,0,0,0,0,1
82304,0,0,0,0,0,0,0,0,1
82305,0,0,0,0,0,0,0,0,1
82306,0,0,0,0,0,0,0,0,1
82307,0,0,0,0,0,0,0,0,1
82308,0,0,0,0,0,0,0,0,1
82309,0,0,0,0,0,0,0,0,1
82310,0,0,0,0,0,0,0,0,1
82311,0,0,0,0,0,0,0,0,1
82312,0,0,0,0,0,0,0,0,1
82313,0,0,0,0,0,0,0,0,1
82314,0,0,0,0,0,0,0,0,1
82315,0,0,0,0,0,0,0,0,1
82316,0,0,0,0,0,0,0,0,1
82317,0,0,0,0,0,0,0,0,1
82318,0,0,0,0,0,0,0,0,1
82319,0,0,0,0,0,0,0,0,1
82320,0,0,0,0,0,0,0,0,1
82321,0,0,0,0,0,0,0,0,1
82322,0,0,0,0,0,0,0,0,1
82323,0,0,0,0,0,0,0,0,1
82324,0,0,0,0,0,0,0,0,1
82325,0,0,0,0,0,0,0,0,1
82326,0,0,0,0,0,0,0,0,1
82327,0,0,0,0,0,0,0,0,1
82328,0,0,0,0,0,0,0,0,1
82329,0,0,0,0,0,0,0,0,1
82330,0,0,0,0,0,0,0,0,1
82331,0,0,0,0,0,0,0,0,1
82332,0,0,0,0,0,0,0,0,1
82333,0,0,0,0,0,0,0,0,1
82334,0,0,0,0,0,0,0,0,1
82335,0,0,0,0,0,0,0,0,1
82336,0,0,0,0,0,0,0,0,1
82337,0,0,0,0,0,0,0,0,1
82338,0,0,0,0,0,0,0,0,1
82339,0,0,0,0,0,0,0,0,1
82340,0,0,0,0,0,0,0,0,1
82341,0,0,0,0,0,0,0,0,1
82342,0,0,0,0,0,0,0,0,1
82343,0,0,0,0,0,0,0,0,1
82344,0,0,0,0,0,0,0,0,1
82345,0,0,0,0,0,0,0,0,1
82346,0,0,0,0,0,0,0,0,1
82347,0,0,0,0,0,0,0,0,1
82348,0,0,0,0,0,0,0,0,1
82349,0,0,0,0,0,0,0,0,1
82350,0,0,0,0,0,0,0,0,1
82351,0,0,0,0,0,0,0,0,1
82352,0,0,0,0,0,0,0,0,1
82353,0,0,0,0,0,0,0,0,1
82354,0,0,0,0,0,0,0,0,1
82355,0,0,0,0,0,0,0,0,1
82356,0,0,0,0,0,0,0,0,1
82357,0,0,0,0,0,0,0,0,1
82358,0,0,0,0,0,0,0,0,1
82359,0,0,0,0,0,0,0,0,1
82360,0,0,0,0,0,0,0,0,1
82361,0,0,0,0,0,0,0,0,1
82362,0,0,0,0,0,0,0,0,1
82363,0,0,0,0,0,0,0,0,1
82364,0,0,0,0,0,0,0,0,1
82365,0,0,0,0,0,0,0,0,1
82366,0,0,0,0,0,0,0,0,1
82367,0,0,0,0,0,0,0,0,1
82368,0,0,0,0,0,0,0,0,1
82369,0,0,0,0,0,0,0,0,1
82370,0,0,0,0,0,0,0,0,1
82371,0,0,0,0,0,0,0,0,1
82372,0,0,0,0,0,0,0,0,1
82373,0,0,0,0,0,0,0,0,1
82374,0,0,0,0,0,0,0,0,1
82375,0,0,0,0,0,0,0,0,1
82376,0,0,0,0,0,0,0,0,1
82377,0,0,0,0,0,0,0,0,1
82378,0,0,0,0,0,0,0,0,1
82379,0,0,0,0,0,0,0,0,1
82380,0,0,0,0,0,0,0,0,1
82381,0,0,0,0,0,0,0,0,1
82382,0,0,0,0,0,0,0,0,1
82383,0,0,0,0,0,0,0,0,1
82384,0,0,0,0,0,0,0,0,1
82385,0,0,0,0,0,0,0,0,1
82386,0,0,0,0,0,0,0,0,1
82387,0,0,0,0,0,0,0,0,1
82388,0,0,0,0,0,0,0,0,1
82389,0,0,0,0,0,0,0,0,1
82390,0,0,0,0,0,0,0,0,1
82391,0,0,0,0,0,0,0,0,1
82392,0,0,0,0,0,0,0,0,1
82393,0,0,0,0,0,0,0,0,1
82394,0,0,0,0,0,0,0,0,1
82395,0,0,0,0,0,0,0,0,1
82396,0,0,0,0,0,0,0,0,1
82397,0,0,0,0,0,0,0,0,1
82398,0,0,0,0,0,0,0,0,1
82399,0,0,0,0,0,0,0,0,1
82400,0,0,0,0,0,0,0,0,1
82401,0,0,0,0,0,0,0,0,1
82402,0,0,0,0,0,0,0,0,1
82403,0,0,0,0,0,0,0,0,1
82404,0,0,0,0,0,0,0,0,1
82405,0,0,0,0,0,0,0,0,1
82406,0,0,0,0,0,0,0,0,1
82407,0,0,0,0,0,0,0,0,1
82408,0,0,0,0,0,0,0,0,1
82409,0,0,0,0,0,0,0,0,1
82410,0,0,0,0,0,0,0,0,1
82411,0,0,0,0,0,0,0,0,1
82412,0,0,0,0,0,0,0,0,1
82413,0,0,0,0,0,0,0,0,1
82414,0,0,0,0,0,0,0,0,1
82415,0,0,0,0,0,0,0,0,1
82416,0,0,0,0,0,0,0,0,1
82417,0,0,0,0,0,0,0,0,1
82418,0,0,0,0,0,0,0,0,1
82419,0,0,0,0,0,0,0,0,1
82420,0,0,0,0,0,0,0,0,1
82421,0,0,0,0,0,0,0,0,1
82422,0,0,0,0,0,0,0,0,1
82423,0,0,0,0,0,0,0,0,1
82424,0,0,0,0,0,0,0,0,1
82425,0,0,0,0,0,0,0,0,1
82426,0,0,0,0,0,0,0,0,1
82427,0,0,0,0,0,0,0,0,1
82428,0,0,0,0,0,0,0,0,1
82429,0,0,0,0,0,0,0,0,1
82430,0,0,0,0,0,0,0,0,1
82431,0,0,0,0,0,0,0,0,1
82432,0,0,0,0,0,0,0,0,1
82433,0,0,0,0,0,0,0,0,1
82434,0,0,0,0,0,0,0,0,1
82435,0,0,0,0,0,0,0,0,1
82436,0,0,0,0,0,0,0,0,1
82437,0,0,0,0,0,0,0,0,1
82438,0,0,0,0,0,0,0,0,1
82439,0,0,0,0,0,0,0,0,1
82440,0,0,0,0,0,0,0,0,1
82441,0,0,0,0,0,0,0,0,1
82442,0,0,0,0,0,0,0,0,1
82443,0,0,0,0,0,0,0,0,1
82444,0,0,0,0,0,0,0,0,1
82445,0,0,0,0,0,0,0,0,1
82446,0,0,0,0,0,0,0,0,1
82447,0,0,0,0,0,0,0,0,1
82448,0,0,0,0,0,0,0,0,1
82449,0,0,0,0,0,0,0,0,1
82450,0,0,0,0,0,0,0,0,1
82451,0,0,0,0,0,0,0,0,1
82452,0,0,0,0,0,0,0,0,1
82453,0,0,0,0,0,0,0,0,1
82454,0,0,0,0,0,0,0,0,1
82455,0,0,0,0,0,0,0,0,1
82456,0,0,0,0,0,0,0,0,1
82457,0,0,0,0,0,0,0,0,1
82458,0,0,0,0,0,0,0,0,1
82459,0,0,0,0,0,0,0,0,1
82460,0,0,0,0,0,0,0,0,1
82461,0,0,0,0,0,0,0,0,1
82462,0,0,0,0,0,0,0,0,1
82463,0,0,0,0,0,0,0,0,1
82464,0,0,0,0,0,0,0,0,1
82465,0,0,0,0,0,0,0,0,1
82466,0,0,0,0,0,0,0,0,1
82467,0,0,0,0,0,0,0,0,1
82468,0,0,0,0,0,0,0,0,1
82469,0,0,0,0,0,0,0,0,1
82470,0,0,0,0,0,0,0,0,1
82471,0,0,0,0,0,0,0,0,1
82472,0,0,0,0,0,0,0,0,1
82473,0,0,0,0,0,0,0,0,1
82474,0,0,0,0,0,0,0,0,1
82475,0,0,0,0,0,0,0,0,1
82476,0,0,0,0,0,0,0,0,1
82477,0,0,0,0,0,0,0,0,1
82478,0,0,0,0,0,0,0,0,1
82479,0,0,0,0,0,0,0,0,1
82480,0,0,0,0,0,0,0,0,1
82481,0,0,0,0,0,0,0,0,1
82482,0,0,0,0,0,0,0,0,1
82483,0,0,0,0,0,0,0,0,1
82484,0,0,0,0,0,0,0,0,1
82485,0,0,0,0,0,0,0,0,1
82486,0,0,0,0,0,0,0,0,1
82487,0,0,0,0,0,0,0,0,1
82488,0,0,0,0,0,0,0,0,1
82489,0,0,0,0,0,0,0,0,1
82490,0,0,0,0,0,0,0,0,1
82491,0,0,0,0,0,0,0,0,1
82492,0,0,0,0,0,0,0,0,1
82493,0,0,0,0,0,0,0,0,1
82494,0,0,0,0,0,0,0,0,1
82495,0,0,0,0,0,0,0,0,1
82496,0,0,0,0,0,0,0,0,1
82497,0,0,0,0,0,0,0,0,1
82498,0,0,0,0,0,0,0,0,1
82499,0,0,0,0,0,0,0,0,1
82500,0,0,0,0,0,0,0,0,1
82501,0,0,0,0,0,0,0,0,1
82502,0,0,0,0,0,0,0,0,1
82503,0,0,0,0,0,0,0,0,1
82504,0,0,0,0,0,0,0,0,1
82505,0,0,0,0,0,0,0,0,1
82506,0,0,0,0,0,0,0,0,1
82507,0,0,0,0,0,0,0,0,1
82508,0,0,0,0,0,0,0,0,1
82509,0,0,0,0,0,0,0,0,1
82510,0,0,0,0,0,0,0,0,1
82511,0,0,0,0,0,0,0,0,1
82512,0,0,0,0,0,0,0,0,1
82513,0,0,0,0,0,0,0,0,1
82514,0,0,0,0,0,0,0,0,1
82515,0,0,0,0,0,0,0,0,1
82516,0,0,0,0,0,0,0,0,1
82517,0,0,0,0,0,0,0,0,1
82518,0,0,0,0,0,0,0,0,1
82519,0,0,0,0,0,0,0,0,1
82520,0,0,0,0,0,0,0,0,1
82521,0,0,0,0,0,0,0,0,1
82522,0,0,0,0,0,0,0,0,1
82523,0,0,0,0,0,0,0,0,1
82524,0,0,0,0,0,0,0,0,1
82525,0,0,0,0,0,0,0,0,1
82526,0,0,0,0,0,0,0,0,1
82527,0,0,0,0,0,0,0,0,1
82528,0,0,0,0,0,0,0,0,1
82529,0,0,0,0,0,0,0,0,1
82530,0,0,0,0,0,0,0,0,1
82531,0,0,0,0,0,0,0,0,1
82532,0,0,0,0,0,0,0,0,1
82533,0,0,0,0,0,0,0,0,1
82534,0,0,0,0,0,0,0,0,1
82535,0,0,0,0,0,0,0,0,1
82536,0,0,0,0,0,0,0,0,1
82537,0,0,0,0,0,0,0,0,1
82538,0,0,0,0,0,0,0,0,1
82539,0,0,0,0,0,0,0,0,1
82540,0,0,0,0,0,0,0,0,1
82541,0,0,0,0,0,0,0,0,1
82542,0,0,0,0,0,0,0,0,1
82543,0,0,0,0,0,0,0,0,1
82544,0,0,0,0,0,0,0,0,1
82545,0,0,0,0,0,0,0,0,1
82546,0,0,0,0,0,0,0,0,1
82547,0,0,0,0,0,0,0,0,1
82548,0,0,0,0,0,0,0,0,1
82549,0,0,0,0,0,0,0,0,1
82550,0,0,0,0,0,0,0,0,1
82551,0,0,0,0,0,0,0,0,1
82552,0,0,0,0,0,0,0,0,1
82553,0,0,0,0,0,0,0,0,1
82554,0,0,0,0,0,0,0,0,1
82555,0,0,0,0,0,0,0,0,1
82556,0,0,0,0,0,0,0,0,1
82557,0,0,0,0,0,0,0,0,1
82558,0,0,0,0,0,0,0,0,1
82559,0,0,0,0,0,0,0,0,1
82560,0,0,0,0,0,0,0,0,1
82561,0,0,0,0,0,0,0,0,1
82562,0,0,0,0,0,0,0,0,1
82563,0,0,0,0,0,0,0,0,1
82564,0,0,0,0,0,0,0,0,1
82565,0,0,0,0,0,0,0,0,1
82566,0,0,0,0,0,0,0,0,1
82567,0,0,0,0,0,0,0,0,1
82568,0,0,0,0,0,0,0,0,1
82569,0,0,0,0,0,0,0,0,1
82570,0,0,0,0,0,0,0,0,1
82571,0,0,0,0,0,0,0,0,1
82572,0,0,0,0,0,0,0,0,1
82573,0,0,0,0,0,0,0,0,1
82574,0,0,0,0,0,0,0,0,1
82575,0,0,0,0,0,0,0,0,1
82576,0,0,0,0,0,0,0,0,1
82577,0,0,0,0,0,0,0,0,1
82578,0,0,0,0,0,0,0,0,1
82579,0,0,0,0,0,0,0,0,1
82580,0,0,0,0,0,0,0,0,1
82581,0,0,0,0,0,0,0,0,1
82582,0,0,0,0,0,0,0,0,1
82583,0,0,0,0,0,0,0,0,1
82584,0,0,0,0,0,0,0,0,1
82585,0,0,0,0,0,0,0,0,1
82586,0,0,0,0,0,0,0,0,1
82587,0,0,0,0,0,0,0,0,1
82588,0,0,0,0,0,0,0,0,1
82589,0,0,0,0,0,0,0,0,1
82590,0,0,0,0,0,0,0,0,1
82591,0,0,0,0,0,0,0,0,1
82592,0,0,0,0,0,0,0,0,1
82593,0,0,0,0,0,0,0,0,1
82594,0,0,0,0,0,0,0,0,1
82595,0,0,0,0,0,0,0,0,1
82596,0,0,0,0,0,0,0,0,1
82597,0,0,0,0,0,0,0,0,1
82598,0,0,0,0,0,0,0,0,1
82599,0,0,0,0,0,0,0,0,1
82600,0,0,0,0,0,0,0,0,1
82601,0,0,0,0,0,0,0,0,1
82602,0,0,0,0,0,0,0,0,1
82603,0,0,0,0,0,0,0,0,1
82604,0,0,0,0,0,0,0,0,1
82605,0,0,0,0,0,0,0,0,1
82606,0,0,0,0,0,0,0,0,1
82607,0,0,0,0,0,0,0,0,1
82608,0,0,0,0,0,0,0,0,1
82609,0,0,0,0,0,0,0,0,1
82610,0,0,0,0,0,0,0,0,1
82611,0,0,0,0,0,0,0,0,1
82612,0,0,0,0,0,0,0,0,1
82613,0,0,0,0,0,0,0,0,1
82614,0,0,0,0,0,0,0,0,1
82615,0,0,0,0,0,0,0,0,1
82616,0,0,0,0,0,0,0,0,1
82617,0,0,0,0,0,0,0,0,1
82618,0,0,0,0,0,0,0,0,1
82619,0,0,0,0,0,0,0,0,1
82620,0,0,0,0,0,0,0,0,1
82621,0,0,0,0,0,0,0,0,1
82622,0,0,0,0,0,0,0,0,1
82623,0,0,0,0,0,0,0,0,1
82624,0,0,0,0,0,0,0,0,1
82625,0,0,0,0,0,0,0,0,1
82626,0,0,0,0,0,0,0,0,1
82627,0,0,0,0,0,0,0,0,1
82628,0,0,0,0,0,0,0,0,1
82629,0,0,0,0,0,0,0,0,1
82630,0,0,0,0,0,0,0,0,1
82631,0,0,0,0,0,0,0,0,1
82632,0,0,0,0,0,0,0,0,1
82633,0,0,0,0,0,0,0,0,1
82634,0,0,0,0,0,0,0,0,1
82635,0,0,0,0,0,0,0,0,1
82636,0,0,0,0,0,0,0,0,1
82637,0,0,0,0,0,0,0,0,1
82638,0,0,0,0,0,0,0,0,1
82639,0,0,0,0,0,0,0,0,1
82640,0,0,0,0,0,0,0,0,1
82641,0,0,0,0,0,0,0,0,1
82642,0,0,0,0,0,0,0,0,1
82643,0,0,0,0,0,0,0,0,1
82644,0,0,0,0,0,0,0,0,1
82645,0,0,0,0,0,0,0,0,1
82646,0,0,0,0,0,0,0,0,1
82647,0,0,0,0,0,0,0,0,1
82648,0,0,0,0,0,0,0,0,1
82649,0,0,0,0,0,0,0,0,1
82650,0,0,0,0,0,0,0,0,1
82651,0,0,0,0,0,0,0,0,1
82652,0,0,0,0,0,0,0,0,1
82653,0,0,0,0,0,0,0,0,1
82654,0,0,0,0,0,0,0,0,1
82655,0,0,0,0,0,0,0,0,1
82656,0,0,0,0,0,0,0,0,1
82657,0,0,0,0,0,0,0,0,1
82658,0,0,0,0,0,0,0,0,1
82659,0,0,0,0,0,0,0,0,1
82660,0,0,0,0,0,0,0,0,1
82661,0,0,0,0,0,0,0,0,1
82662,0,0,0,0,0,0,0,0,1
82663,0,0,0,0,0,0,0,0,1
82664,0,0,0,0,0,0,0,0,1
82665,0,0,0,0,0,0,0,0,1
82666,0,0,0,0,0,0,0,0,1
82667,0,0,0,0,0,0,0,0,1
82668,0,0,0,0,0,0,0,0,1
82669,0,0,0,0,0,0,0,0,1
82670,0,0,0,0,0,0,0,0,1
82671,0,0,0,0,0,0,0,0,1
82672,0,0,0,0,0,0,0,0,1
82673,0,0,0,0,0,0,0,0,1
82674,0,0,0,0,0,0,0,0,1
82675,0,0,0,0,0,0,0,0,1
82676,0,0,0,0,0,0,0,0,1
82677,0,0,0,0,0,0,0,0,1
82678,0,0,0,0,0,0,0,0,1
82679,0,0,0,0,0,0,0,0,1
82680,0,0,0,0,0,0,0,0,1
82681,0,0,0,0,0,0,0,0,1
82682,0,0,0,0,0,0,0,0,1
82683,0,0,0,0,0,0,0,0,1
82684,0,0,0,0,0,0,0,0,1
82685,0,0,0,0,0,0,0,0,1
82686,0,0,0,0,0,0,0,0,1
82687,0,0,0,0,0,0,0,0,1
82688,0,0,0,0,0,0,0,0,1
82689,0,0,0,0,0,0,0,0,1
82690,0,0,0,0,0,0,0,0,1
82691,0,0,0,0,0,0,0,0,1
82692,0,0,0,0,0,0,0,0,1
82693,0,0,0,0,0,0,0,0,1
82694,0,0,0,0,0,0,0,0,1
82695,0,0,0,0,0,0,0,0,1
82696,0,0,0,0,0,0,0,0,1
82697,0,0,0,0,0,0,0,0,1
82698,0,0,0,0,0,0,0,0,1
82699,0,0,0,0,0,0,0,0,1
82700,0,0,0,0,0,0,0,0,1
82701,0,0,0,0,0,0,0,0,1
82702,0,0,0,0,0,0,0,0,1
82703,0,0,0,0,0,0,0,0,1
82704,0,0,0,0,0,0,0,0,1
82705,0,0,0,0,0,0,0,0,1
82706,0,0,0,0,0,0,0,0,1
82707,0,0,0,0,0,0,0,0,1
82708,0,0,0,0,0,0,0,0,1
82709,0,0,0,0,0,0,0,0,1
82710,0,0,0,0,0,0,0,0,1
82711,0,0,0,0,0,0,0,0,1
82712,0,0,0,0,0,0,0,0,1
82713,0,0,0,0,0,0,0,0,1
82714,0,0,0,0,0,0,0,0,1
82715,0,0,0,0,0,0,0,0,1
82716,0,0,0,0,0,0,0,0,1
82717,0,0,0,0,0,0,0,0,1
82718,0,0,0,0,0,0,0,0,1
82719,0,0,0,0,0,0,0,0,1
82720,0,0,0,0,0,0,0,0,1
82721,0,0,0,0,0,0,0,0,1
82722,0,0,0,0,0,0,0,0,1
82723,0,0,0,0,0,0,0,0,1
82724,0,0,0,0,0,0,0,0,1
82725,0,0,0,0,0,0,0,0,1
82726,0,0,0,0,0,0,0,0,1
82727,0,0,0,0,0,0,0,0,1
82728,0,0,0,0,0,0,0,0,1
82729,0,0,0,0,0,0,0,0,1
82730,0,0,0,0,0,0,0,0,1
82731,0,0,0,0,0,0,0,0,1
82732,0,0,0,0,0,0,0,0,1
82733,0,0,0,0,0,0,0,0,1
82734,0,0,0,0,0,0,0,0,1
82735,0,0,0,0,0,0,0,0,1
82736,0,0,0,0,0,0,0,0,1
82737,0,0,0,0,0,0,0,0,1
82738,0,0,0,0,0,0,0,0,1
82739,0,0,0,0,0,0,0,0,1
82740,0,0,0,0,0,0,0,0,1
82741,0,0,0,0,0,0,0,0,1
82742,0,0,0,0,0,0,0,0,1
82743,0,0,0,0,0,0,0,0,1
82744,0,0,0,0,0,0,0,0,1
82745,0,0,0,0,0,0,0,0,1
82746,0,0,0,0,0,0,0,0,1
82747,0,0,0,0,0,0,0,0,1
82748,0,0,0,0,0,0,0,0,1
82749,0,0,0,0,0,0,0,0,1
82750,0,0,0,0,0,0,0,0,1
82751,0,0,0,0,0,0,0,0,1
82752,0,0,0,0,0,0,0,0,1
82753,0,0,0,0,0,0,0,0,1
82754,0,0,0,0,0,0,0,0,1
82755,0,0,0,0,0,0,0,0,1
82756,0,0,0,0,0,0,0,0,1
82757,0,0,0,0,0,0,0,0,1
82758,0,0,0,0,0,0,0,0,1
82759,0,0,0,0,0,0,0,0,1
82760,0,0,0,0,0,0,0,0,1
82761,0,0,0,0,0,0,0,0,1
82762,0,0,0,0,0,0,0,0,1
82763,0,0,0,0,0,0,0,0,1
82764,0,0,0,0,0,0,0,0,1
82765,0,0,0,0,0,0,0,0,1
82766,0,0,0,0,0,0,0,0,1
82767,0,0,0,0,0,0,0,0,1
82768,0,0,0,0,0,0,0,0,1
82769,0,0,0,0,0,0,0,0,1
82770,0,0,0,0,0,0,0,0,1
82771,0,0,0,0,0,0,0,0,1
82772,0,0,0,0,0,0,0,0,1
82773,0,0,0,0,0,0,0,0,1
82774,0,0,0,0,0,0,0,0,1
82775,0,0,0,0,0,0,0,0,1
82776,0,0,0,0,0,0,0,0,1
82777,0,0,0,0,0,0,0,0,1
82778,0,0,0,0,0,0,0,0,1
82779,0,0,0,0,0,0,0,0,1
82780,0,0,0,0,0,0,0,0,1
82781,0,0,0,0,0,0,0,0,1
82782,0,0,0,0,0,0,0,0,1
82783,0,0,0,0,0,0,0,0,1
82784,0,0,0,0,0,0,0,0,1
82785,0,0,0,0,0,0,0,0,1
82786,0,0,0,0,0,0,0,0,1
82787,0,0,0,0,0,0,0,0,1
82788,0,0,0,0,0,0,0,0,1
82789,0,0,0,0,0,0,0,0,1
82790,0,0,0,0,0,0,0,0,1
82791,0,0,0,0,0,0,0,0,1
82792,0,0,0,0,0,0,0,0,1
82793,0,0,0,0,0,0,0,0,1
82794,0,0,0,0,0,0,0,0,1
82795,0,0,0,0,0,0,0,0,1
82796,0,0,0,0,0,0,0,0,1
82797,0,0,0,0,0,0,0,0,1
82798,0,0,0,0,0,0,0,0,1
82799,0,0,0,0,0,0,0,0,1
82800,0,0,0,0,0,0,0,0,1
82801,0,0,0,0,0,0,0,0,1
82802,0,0,0,0,0,0,0,0,1
82803,0,0,0,0,0,0,0,0,1
82804,0,0,0,0,0,0,0,0,1
82805,0,0,0,0,0,0,0,0,1
82806,0,0,0,0,0,0,0,0,1
82807,0,0,0,0,0,0,0,0,1
82808,0,0,0,0,0,0,0,0,1
82809,0,0,0,0,0,0,0,0,1
82810,0,0,0,0,0,0,0,0,1
82811,0,0,0,0,0,0,0,0,1
82812,0,0,0,0,0,0,0,0,1
82813,0,0,0,0,0,0,0,0,1
82814,0,0,0,0,0,0,0,0,1
82815,0,0,0,0,0,0,0,0,1
82816,0,0,0,0,0,0,0,0,1
82817,0,0,0,0,0,0,0,0,1
82818,0,0,0,0,0,0,0,0,1
82819,0,0,0,0,0,0,0,0,1
82820,0,0,0,0,0,0,0,0,1
82821,0,0,0,0,0,0,0,0,1
82822,0,0,0,0,0,0,0,0,1
82823,0,0,0,0,0,0,0,0,1
82824,0,0,0,0,0,0,0,0,1
82825,0,0,0,0,0,0,0,0,1
82826,0,0,0,0,0,0,0,0,1
82827,0,0,0,0,0,0,0,0,1
82828,0,0,0,0,0,0,0,0,1
82829,0,0,0,0,0,0,0,0,1
82830,0,0,0,0,0,0,0,0,1
82831,0,0,0,0,0,0,0,0,1
82832,0,0,0,0,0,0,0,0,1
82833,0,0,0,0,0,0,0,0,1
82834,0,0,0,0,0,0,0,0,1
82835,0,0,0,0,0,0,0,0,1
82836,0,0,0,0,0,0,0,0,1
82837,0,0,0,0,0,0,0,0,1
82838,0,0,0,0,0,0,0,0,1
82839,0,0,0,0,0,0,0,0,1
82840,0,0,0,0,0,0,0,0,1
82841,0,0,0,0,0,0,0,0,1
82842,0,0,0,0,0,0,0,0,1
82843,0,0,0,0,0,0,0,0,1
82844,0,0,0,0,0,0,0,0,1
82845,0,0,0,0,0,0,0,0,1
82846,0,0,0,0,0,0,0,0,1
82847,0,0,0,0,0,0,0,0,1
82848,0,0,0,0,0,0,0,0,1
82849,0,0,0,0,0,0,0,0,1
82850,0,0,0,0,0,0,0,0,1
82851,0,0,0,0,0,0,0,0,1
82852,0,0,0,0,0,0,0,0,1
82853,0,0,0,0,0,0,0,0,1
82854,0,0,0,0,0,0,0,0,1
82855,0,0,0,0,0,0,0,0,1
82856,0,0,0,0,0,0,0,0,1
82857,0,0,0,0,0,0,0,0,1
82858,0,0,0,0,0,0,0,0,1
82859,0,0,0,0,0,0,0,0,1
82860,0,0,0,0,0,0,0,0,1
82861,0,0,0,0,0,0,0,0,1
82862,0,0,0,0,0,0,0,0,1
82863,0,0,0,0,0,0,0,0,1
82864,0,0,0,0,0,0,0,0,1
82865,0,0,0,0,0,0,0,0,1
82866,0,0,0,0,0,0,0,0,1
82867,0,0,0,0,0,0,0,0,1
82868,0,0,0,0,0,0,0,0,1
82869,0,0,0,0,0,0,0,0,1
82870,0,0,0,0,0,0,0,0,1
82871,0,0,0,0,0,0,0,0,1
82872,0,0,0,0,0,0,0,0,1
82873,0,0,0,0,0,0,0,0,1
82874,0,0,0,0,0,0,0,0,1
82875,0,0,0,0,0,0,0,0,1
82876,0,0,0,0,0,0,0,0,1
82877,0,0,0,0,0,0,0,0,1
82878,0,0,0,0,0,0,0,0,1
82879,0,0,0,0,0,0,0,0,1
82880,0,0,0,0,0,0,0,0,1
82881,0,0,0,0,0,0,0,0,1
82882,0,0,0,0,0,0,0,0,1
82883,0,0,0,0,0,0,0,0,1
82884,0,0,0,0,0,0,0,0,1
82885,0,0,0,0,0,0,0,0,1
82886,0,0,0,0,0,0,0,0,1
82887,0,0,0,0,0,0,0,0,1
82888,0,0,0,0,0,0,0,0,1
82889,0,0,0,0,0,0,0,0,1
82890,0,0,0,0,0,0,0,0,1
82891,0,0,0,0,0,0,0,0,1
82892,0,0,0,0,0,0,0,0,1
82893,0,0,0,0,0,0,0,0,1
82894,0,0,0,0,0,0,0,0,1
82895,0,0,0,0,0,0,0,0,1
82896,0,0,0,0,0,0,0,0,1
82897,0,0,0,0,0,0,0,0,1
82898,0,0,0,0,0,0,0,0,1
82899,0,0,0,0,0,0,0,0,1
82900,0,0,0,0,0,0,0,0,1
82901,0,0,0,0,0,0,0,0,1
82902,0,0,0,0,0,0,0,0,1
82903,0,0,0,0,0,0,0,0,1
82904,0,0,0,0,0,0,0,0,1
82905,0,0,0,0,0,0,0,0,1
82906,0,0,0,0,0,0,0,0,1
82907,0,0,0,0,0,0,0,0,1
82908,0,0,0,0,0,0,0,0,1
82909,0,0,0,0,0,0,0,0,1
82910,0,0,0,0,0,0,0,0,1
82911,0,0,0,0,0,0,0,0,1
82912,0,0,0,0,0,0,0,0,1
82913,0,0,0,0,0,0,0,0,1
82914,0,0,0,0,0,0,0,0,1
82915,0,0,0,0,0,0,0,0,1
82916,0,0,0,0,0,0,0,0,1
82917,0,0,0,0,0,0,0,0,1
82918,0,0,0,0,0,0,0,0,1
82919,0,0,0,0,0,0,0,0,1
82920,0,0,0,0,0,0,0,0,1
82921,0,0,0,0,0,0,0,0,1
82922,0,0,0,0,0,0,0,0,1
82923,0,0,0,0,0,0,0,0,1
82924,0,0,0,0,0,0,0,0,1
82925,0,0,0,0,0,0,0,0,1
82926,0,0,0,0,0,0,0,0,1
82927,0,0,0,0,0,0,0,0,1
82928,0,0,0,0,0,0,0,0,1
82929,0,0,0,0,0,0,0,0,1
82930,0,0,0,0,0,0,0,0,1
82931,0,0,0,0,0,0,0,0,1
82932,0,0,0,0,0,0,0,0,1
82933,0,0,0,0,0,0,0,0,1
82934,0,0,0,0,0,0,0,0,1
82935,0,0,0,0,0,0,0,0,1
82936,0,0,0,0,0,0,0,0,1
82937,0,0,0,0,0,0,0,0,1
82938,0,0,0,0,0,0,0,0,1
82939,0,0,0,0,0,0,0,0,1
82940,0,0,0,0,0,0,0,0,1
82941,0,0,0,0,0,0,0,0,1
82942,0,0,0,0,0,0,0,0,1
82943,0,0,0,0,0,0,0,0,1
82944,0,0,0,0,0,0,0,0,1
82945,0,0,0,0,0,0,0,0,1
82946,0,0,0,0,0,0,0,0,1
82947,0,0,0,0,0,0,0,0,1
82948,0,0,0,0,0,0,0,0,1
82949,0,0,0,0,0,0,0,0,1
82950,0,0,0,0,0,0,0,0,1
82951,0,0,0,0,0,0,0,0,1
82952,0,0,0,0,0,0,0,0,1
82953,0,0,0,0,0,0,0,0,1
82954,0,0,0,0,0,0,0,0,1
82955,0,0,0,0,0,0,0,0,1
82956,0,0,0,0,0,0,0,0,1
82957,0,0,0,0,0,0,0,0,1
82958,0,0,0,0,0,0,0,0,1
82959,0,0,0,0,0,0,0,0,1
82960,0,0,0,0,0,0,0,0,1
82961,0,0,0,0,0,0,0,0,1
82962,0,0,0,0,0,0,0,0,1
82963,0,0,0,0,0,0,0,0,1
82964,0,0,0,0,0,0,0,0,1
82965,0,0,0,0,0,0,0,0,1
82966,0,0,0,0,0,0,0,0,1
82967,0,0,0,0,0,0,0,0,1
82968,0,0,0,0,0,0,0,0,1
82969,0,0,0,0,0,0,0,0,1
82970,0,0,0,0,0,0,0,0,1
82971,0,0,0,0,0,0,0,0,1
82972,0,0,0,0,0,0,0,0,1
82973,0,0,0,0,0,0,0,0,1
82974,0,0,0,0,0,0,0,0,1
82975,0,0,0,0,0,0,0,0,1
82976,0,0,0,0,0,0,0,0,1
82977,0,0,0,0,0,0,0,0,1
82978,0,0,0,0,0,0,0,0,1
82979,0,0,0,0,0,0,0,0,1
82980,0,0,0,0,0,0,0,0,1
82981,0,0,0,0,0,0,0,0,1
82982,0,0,0,0,0,0,0,0,1
82983,0,0,0,0,0,0,0,0,1
82984,0,0,0,0,0,0,0,0,1
82985,0,0,0,0,0,0,0,0,1
82986,0,0,0,0,0,0,0,0,1
82987,0,0,0,0,0,0,0,0,1
82988,0,0,0,0,0,0,0,0,1
82989,0,0,0,0,0,0,0,0,1
82990,0,0,0,0,0,0,0,0,1
82991,0,0,0,0,0,0,0,0,1
82992,0,0,0,0,0,0,0,0,1
82993,0,0,0,0,0,0,0,0,1
82994,0,0,0,0,0,0,0,0,1
82995,0,0,0,0,0,0,0,0,1
82996,0,0,0,0,0,0,0,0,1
82997,0,0,0,0,0,0,0,0,1
82998,0,0,0,0,0,0,0,0,1
82999,0,0,0,0,0,0,0,0,1
83000,0,0,0,0,0,0,0,0,1
83001,0,0,0,0,0,0,0,0,1
83002,0,0,0,0,0,0,0,0,1
83003,0,0,0,0,0,0,0,0,1
83004,0,0,0,0,0,0,0,0,1
83005,0,0,0,0,0,0,0,0,1
83006,0,0,0,0,0,0,0,0,1
83007,0,0,0,0,0,0,0,0,1
83008,0,0,0,0,0,0,0,0,1
83009,0,0,0,0,0,0,0,0,1
83010,0,0,0,0,0,0,0,0,1
83011,0,0,0,0,0,0,0,0,1
83012,0,0,0,0,0,0,0,0,1
83013,0,0,0,0,0,0,0,0,1
83014,0,0,0,0,0,0,0,0,1
83015,0,0,0,0,0,0,0,0,1
83016,0,0,0,0,0,0,0,0,1
83017,0,0,0,0,0,0,0,0,1
83018,0,0,0,0,0,0,0,0,1
83019,0,0,0,0,0,0,0,0,1
83020,0,0,0,0,0,0,0,0,1
83021,0,0,0,0,0,0,0,0,1
83022,0,0,0,0,0,0,0,0,1
83023,0,0,0,0,0,0,0,0,1
83024,0,0,0,0,0,0,0,0,1
83025,0,0,0,0,0,0,0,0,1
83026,0,0,0,0,0,0,0,0,1
83027,0,0,0,0,0,0,0,0,1
83028,0,0,0,0,0,0,0,0,1
83029,0,0,0,0,0,0,0,0,1
83030,0,0,0,0,0,0,0,0,1
83031,0,0,0,0,0,0,0,0,1
83032,0,0,0,0,0,0,0,0,1
83033,0,0,0,0,0,0,0,0,1
83034,0,0,0,0,0,0,0,0,1
83035,0,0,0,0,0,0,0,0,1
83036,0,0,0,0,0,0,0,0,1
83037,0,0,0,0,0,0,0,0,1
83038,0,0,0,0,0,0,0,0,1
83039,0,0,0,0,0,0,0,0,1
83040,0,0,0,0,0,0,0,0,1
83041,0,0,0,0,0,0,0,0,1
83042,0,0,0,0,0,0,0,0,1
83043,0,0,0,0,0,0,0,0,1
83044,0,0,0,0,0,0,0,0,1
83045,0,0,0,0,0,0,0,0,1
83046,0,0,0,0,0,0,0,0,1
83047,0,0,0,0,0,0,0,0,1
83048,0,0,0,0,0,0,0,0,1
83049,0,0,0,0,0,0,0,0,1
83050,0,0,0,0,0,0,0,0,1
83051,0,0,0,0,0,0,0,0,1
83052,0,0,0,0,0,0,0,0,1
83053,0,0,0,0,0,0,0,0,1
83054,0,0,0,0,0,0,0,0,1
83055,0,0,0,0,0,0,0,0,1
83056,0,0,0,0,0,0,0,0,1
83057,0,0,0,0,0,0,0,0,1
83058,0,0,0,0,0,0,0,0,1
83059,0,0,0,0,0,0,0,0,1
83060,0,0,0,0,0,0,0,0,1
83061,0,0,0,0,0,0,0,0,1
83062,0,0,0,0,0,0,0,0,1
83063,0,0,0,0,0,0,0,0,1
83064,0,0,0,0,0,0,0,0,1
83065,0,0,0,0,0,0,0,0,1
83066,0,0,0,0,0,0,0,0,1
83067,0,0,0,0,0,0,0,0,1
83068,0,0,0,0,0,0,0,0,1
83069,0,0,0,0,0,0,0,0,1
83070,0,0,0,0,0,0,0,0,1
83071,0,0,0,0,0,0,0,0,1
83072,0,0,0,0,0,0,0,0,1
83073,0,0,0,0,0,0,0,0,1
83074,0,0,0,0,0,0,0,0,1
83075,0,0,0,0,0,0,0,0,1
83076,0,0,0,0,0,0,0,0,1
83077,0,0,0,0,0,0,0,0,1
83078,0,0,0,0,0,0,0,0,1
83079,0,0,0,0,0,0,0,0,1
83080,0,0,0,0,0,0,0,0,1
83081,0,0,0,0,0,0,0,0,1
83082,0,0,0,0,0,0,0,0,1
83083,0,0,0,0,0,0,0,0,1
83084,0,0,0,0,0,0,0,0,1
83085,0,0,0,0,0,0,0,0,1
83086,0,0,0,0,0,0,0,0,1
83087,0,0,0,0,0,0,0,0,1
83088,0,0,0,0,0,0,0,0,1
83089,0,0,0,0,0,0,0,0,1
83090,0,0,0,0,0,0,0,0,1
83091,0,0,0,0,0,0,0,0,1
83092,0,0,0,0,0,0,0,0,1
83093,0,0,0,0,0,0,0,0,1
83094,0,0,0,0,0,0,0,0,1
83095,0,0,0,0,0,0,0,0,1
83096,0,0,0,0,0,0,0,0,1
83097,0,0,0,0,0,0,0,0,1
83098,0,0,0,0,0,0,0,0,1
83099,0,0,0,0,0,0,0,0,1
83100,0,0,0,0,0,0,0,0,1
83101,0,0,0,0,0,0,0,0,1
83102,0,0,0,0,0,0,0,0,1
83103,0,0,0,0,0,0,0,0,1
83104,0,0,0,0,0,0,0,0,1
83105,0,0,0,0,0,0,0,0,1
83106,0,0,0,0,0,0,0,0,1
83107,0,0,0,0,0,0,0,0,1
83108,0,0,0,0,0,0,0,0,1
83109,0,0,0,0,0,0,0,0,1
83110,0,0,0,0,0,0,0,0,1
83111,0,0,0,0,0,0,0,0,1
83112,0,0,0,0,0,0,0,0,1
83113,0,0,0,0,0,0,0,0,1
83114,0,0,0,0,0,0,0,0,1
83115,0,0,0,0,0,0,0,0,1
83116,0,0,0,0,0,0,0,0,1
83117,0,0,0,0,0,0,0,0,1
83118,0,0,0,0,0,0,0,0,1
83119,0,0,0,0,0,0,0,0,1
83120,0,0,0,0,0,0,0,0,1
83121,0,0,0,0,0,0,0,0,1
83122,0,0,0,0,0,0,0,0,1
83123,0,0,0,0,0,0,0,0,1
83124,0,0,0,0,0,0,0,0,1
83125,0,0,0,0,0,0,0,0,1
83126,0,0,0,0,0,0,0,0,1
83127,0,0,0,0,0,0,0,0,1
83128,0,0,0,0,0,0,0,0,1
83129,0,0,0,0,0,0,0,0,1
83130,0,0,0,0,0,0,0,0,1
83131,0,0,0,0,0,0,0,0,1
83132,0,0,0,0,0,0,0,0,1
83133,0,0,0,0,0,0,0,0,1
83134,0,0,0,0,0,0,0,0,1
83135,0,0,0,0,0,0,0,0,1
83136,0,0,0,0,0,0,0,0,1
83137,0,0,0,0,0,0,0,0,1
83138,0,0,0,0,0,0,0,0,1
83139,0,0,0,0,0,0,0,0,1
83140,0,0,0,0,0,0,0,0,1
83141,0,0,0,0,0,0,0,0,1
83142,0,0,0,0,0,0,0,0,1
83143,0,0,0,0,0,0,0,0,1
83144,0,0,0,0,0,0,0,0,1
83145,0,0,0,0,0,0,0,0,1
83146,0,0,0,0,0,0,0,0,1
83147,0,0,0,0,0,0,0,0,1
83148,0,0,0,0,0,0,0,0,1
83149,0,0,0,0,0,0,0,0,1
83150,0,0,0,0,0,0,0,0,1
83151,0,0,0,0,0,0,0,0,1
83152,0,0,0,0,0,0,0,0,1
83153,0,0,0,0,0,0,0,0,1
83154,0,0,0,0,0,0,0,0,1
83155,0,0,0,0,0,0,0,0,1
83156,0,0,0,0,0,0,0,0,1
83157,0,0,0,0,0,0,0,0,1
83158,0,0,0,0,0,0,0,0,1
83159,0,0,0,0,0,0,0,0,1
83160,0,0,0,0,0,0,0,0,1
83161,0,0,0,0,0,0,0,0,1
83162,0,0,0,0,0,0,0,0,1
83163,0,0,0,0,0,0,0,0,1
83164,0,0,0,0,0,0,0,0,1
83165,0,0,0,0,0,0,0,0,1
83166,0,0,0,0,0,0,0,0,1
83167,0,0,0,0,0,0,0,0,1
83168,0,0,0,0,0,0,0,0,1
83169,0,0,0,0,0,0,0,0,1
83170,0,0,0,0,0,0,0,0,1
83171,0,0,0,0,0,0,0,0,1
83172,0,0,0,0,0,0,0,0,1
83173,0,0,0,0,0,0,0,0,1
83174,0,0,0,0,0,0,0,0,1
83175,0,0,0,0,0,0,0,0,1
83176,0,0,0,0,0,0,0,0,1
83177,0,0,0,0,0,0,0,0,1
83178,0,0,0,0,0,0,0,0,1
83179,0,0,0,0,0,0,0,0,1
83180,0,0,0,0,0,0,0,0,1
83181,0,0,0,0,0,0,0,0,1
83182,0,0,0,0,0,0,0,0,1
83183,0,0,0,0,0,0,0,0,1
83184,0,0,0,0,0,0,0,0,1
83185,0,0,0,0,0,0,0,0,1
83186,0,0,0,0,0,0,0,0,1
83187,0,0,0,0,0,0,0,0,1
83188,0,0,0,0,0,0,0,0,1
83189,0,0,0,0,0,0,0,0,1
83190,0,0,0,0,0,0,0,0,1
83191,0,0,0,0,0,0,0,0,1
83192,0,0,0,0,0,0,0,0,1
83193,0,0,0,0,0,0,0,0,1
83194,0,0,0,0,0,0,0,0,1
83195,0,0,0,0,0,0,0,0,1
83196,0,0,0,0,0,0,0,0,1
83197,0,0,0,0,0,0,0,0,1
83198,0,0,0,0,0,0,0,0,1
83199,0,0,0,0,0,0,0,0,1
83200,0,0,0,0,0,0,0,0,1
83201,0,0,0,0,0,0,0,0,1
83202,0,0,0,0,0,0,0,0,1
83203,0,0,0,0,0,0,0,0,1
83204,0,0,0,0,0,0,0,0,1
83205,0,0,0,0,0,0,0,0,1
83206,0,0,0,0,0,0,0,0,1
83207,0,0,0,0,0,0,0,0,1
83208,0,0,0,0,0,0,0,0,1
83209,0,0,0,0,0,0,0,0,1
83210,0,0,0,0,0,0,0,0,1
83211,0,0,0,0,0,0,0,0,1
83212,0,0,0,0,0,0,0,0,1
83213,0,0,0,0,0,0,0,0,1
83214,0,0,0,0,0,0,0,0,1
83215,0,0,0,0,0,0,0,0,1
83216,0,0,0,0,0,0,0,0,1
83217,0,0,0,0,0,0,0,0,1
83218,0,0,0,0,0,0,0,0,1
83219,0,0,0,0,0,0,0,0,1
83220,0,0,0,0,0,0,0,0,1
83221,0,0,0,0,0,0,0,0,1
83222,0,0,0,0,0,0,0,0,1
83223,0,0,0,0,0,0,0,0,1
83224,0,0,0,0,0,0,0,0,1
83225,0,0,0,0,0,0,0,0,1
83226,0,0,0,0,0,0,0,0,1
83227,0,0,0,0,0,0,0,0,1
83228,0,0,0,0,0,0,0,0,1
83229,0,0,0,0,0,0,0,0,1
83230,0,0,0,0,0,0,0,0,1
83231,0,0,0,0,0,0,0,0,1
83232,0,0,0,0,0,0,0,0,1
83233,0,0,0,0,0,0,0,0,1
83234,0,0,0,0,0,0,0,0,1
83235,0,0,0,0,0,0,0,0,1
83236,0,0,0,0,0,0,0,0,1
83237,0,0,0,0,0,0,0,0,1
83238,0,0,0,0,0,0,0,0,1
83239,0,0,0,0,0,0,0,0,1
83240,0,0,0,0,0,0,0,0,1
83241,0,0,0,0,0,0,0,0,1
83242,0,0,0,0,0,0,0,0,1
83243,0,0,0,0,0,0,0,0,1
83244,0,0,0,0,0,0,0,0,1
83245,0,0,0,0,0,0,0,0,1
83246,0,0,0,0,0,0,0,0,1
83247,0,0,0,0,0,0,0,0,1
83248,0,0,0,0,0,0,0,0,1
83249,0,0,0,0,0,0,0,0,1
83250,0,0,0,0,0,0,0,0,1
83251,0,0,0,0,0,0,0,0,1
83252,0,0,0,0,0,0,0,0,1
83253,0,0,0,0,0,0,0,0,1
83254,0,0,0,0,0,0,0,0,1
83255,0,0,0,0,0,0,0,0,1
83256,0,0,0,0,0,0,0,0,1
83257,0,0,0,0,0,0,0,0,1
83258,0,0,0,0,0,0,0,0,1
83259,0,0,0,0,0,0,0,0,1
83260,0,0,0,0,0,0,0,0,1
83261,0,0,0,0,0,0,0,0,1
83262,0,0,0,0,0,0,0,0,1
83263,0,0,0,0,0,0,0,0,1
83264,0,0,0,0,0,0,0,0,1
83265,0,0,0,0,0,0,0,0,1
83266,0,0,0,0,0,0,0,0,1
83267,0,0,0,0,0,0,0,0,1
83268,0,0,0,0,0,0,0,0,1
83269,0,0,0,0,0,0,0,0,1
83270,0,0,0,0,0,0,0,0,1
83271,0,0,0,0,0,0,0,0,1
83272,0,0,0,0,0,0,0,0,1
83273,0,0,0,0,0,0,0,0,1
83274,0,0,0,0,0,0,0,0,1
83275,0,0,0,0,0,0,0,0,1
83276,0,0,0,0,0,0,0,0,1
83277,0,0,0,0,0,0,0,0,1
83278,0,0,0,0,0,0,0,0,1
83279,0,0,0,0,0,0,0,0,1
83280,0,0,0,0,0,0,0,0,1
83281,0,0,0,0,0,0,0,0,1
83282,0,0,0,0,0,0,0,0,1
83283,0,0,0,0,0,0,0,0,1
83284,0,0,0,0,0,0,0,0,1
83285,0,0,0,0,0,0,0,0,1
83286,0,0,0,0,0,0,0,0,1
83287,0,0,0,0,0,0,0,0,1
83288,0,0,0,0,0,0,0,0,1
83289,0,0,0,0,0,0,0,0,1
83290,0,0,0,0,0,0,0,0,1
83291,0,0,0,0,0,0,0,0,1
83292,0,0,0,0,0,0,0,0,1
83293,0,0,0,0,0,0,0,0,1
83294,0,0,0,0,0,0,0,0,1
83295,0,0,0,0,0,0,0,0,1
83296,0,0,0,0,0,0,0,0,1
83297,0,0,0,0,0,0,0,0,1
83298,0,0,0,0,0,0,0,0,1
83299,0,0,0,0,0,0,0,0,1
83300,0,0,0,0,0,0,0,0,1
83301,0,0,0,0,0,0,0,0,1
83302,0,0,0,0,0,0,0,0,1
83303,0,0,0,0,0,0,0,0,1
83304,0,0,0,0,0,0,0,0,1
83305,0,0,0,0,0,0,0,0,1
83306,0,0,0,0,0,0,0,0,1
83307,0,0,0,0,0,0,0,0,1
83308,0,0,0,0,0,0,0,0,1
83309,0,0,0,0,0,0,0,0,1
83310,0,0,0,0,0,0,0,0,1
83311,0,0,0,0,0,0,0,0,1
83312,0,0,0,0,0,0,0,0,1
83313,0,0,0,0,0,0,0,0,1
83314,0,0,0,0,0,0,0,0,1
83315,0,0,0,0,0,0,0,0,1
83316,0,0,0,0,0,0,0,0,1
83317,0,0,0,0,0,0,0,0,1
83318,0,0,0,0,0,0,0,0,1
83319,0,0,0,0,0,0,0,0,1
83320,0,0,0,0,0,0,0,0,1
83321,0,0,0,0,0,0,0,0,1
83322,0,0,0,0,0,0,0,0,1
83323,0,0,0,0,0,0,0,0,1
83324,0,0,0,0,0,0,0,0,1
83325,0,0,0,0,0,0,0,0,1
83326,0,0,0,0,0,0,0,0,1
83327,0,0,0,0,0,0,0,0,1
83328,0,0,0,0,0,0,0,0,1
83329,0,0,0,0,0,0,0,0,1
83330,0,0,0,0,0,0,0,0,1
83331,0,0,0,0,0,0,0,0,1
83332,0,0,0,0,0,0,0,0,1
83333,0,0,0,0,0,0,0,0,1
83334,0,0,0,0,0,0,0,0,1
83335,0,0,0,0,0,0,0,0,1
83336,0,0,0,0,0,0,0,0,1
83337,0,0,0,0,0,0,0,0,1
83338,0,0,0,0,0,0,0,0,1
83339,0,0,0,0,0,0,0,0,1
83340,0,0,0,0,0,0,0,0,1
83341,0,0,0,0,0,0,0,0,1
83342,0,0,0,0,0,0,0,0,1
83343,0,0,0,0,0,0,0,0,1
83344,0,0,0,0,0,0,0,0,1
83345,0,0,0,0,0,0,0,0,1
83346,0,0,0,0,0,0,0,0,1
83347,0,0,0,0,0,0,0,0,1
83348,0,0,0,0,0,0,0,0,1
83349,0,0,0,0,0,0,0,0,1
83350,0,0,0,0,0,0,0,0,1
83351,0,0,0,0,0,0,0,0,1
83352,0,0,0,0,0,0,0,0,1
83353,0,0,0,0,0,0,0,0,1
83354,0,0,0,0,0,0,0,0,1
83355,0,0,0,0,0,0,0,0,1
83356,0,0,0,0,0,0,0,0,1
83357,0,0,0,0,0,0,0,0,1
83358,0,0,0,0,0,0,0,0,1
83359,0,0,0,0,0,0,0,0,1
83360,0,0,0,0,0,0,0,0,1
83361,0,0,0,0,0,0,0,0,1
83362,0,0,0,0,0,0,0,0,1
83363,0,0,0,0,0,0,0,0,1
83364,0,0,0,0,0,0,0,0,1
83365,0,0,0,0,0,0,0,0,1
83366,0,0,0,0,0,0,0,0,1
83367,0,0,0,0,0,0,0,0,1
83368,0,0,0,0,0,0,0,0,1
83369,0,0,0,0,0,0,0,0,1
83370,0,0,0,0,0,0,0,0,1
83371,0,0,0,0,0,0,0,0,1
83372,0,0,0,0,0,0,0,0,1
83373,0,0,0,0,0,0,0,0,1
83374,0,0,0,0,0,0,0,0,1
83375,0,0,0,0,0,0,0,0,1
83376,0,0,0,0,0,0,0,0,1
83377,0,0,0,0,0,0,0,0,1
83378,0,0,0,0,0,0,0,0,1
83379,0,0,0,0,0,0,0,0,1
83380,0,0,0,0,0,0,0,0,1
83381,0,0,0,0,0,0,0,0,1
83382,0,0,0,0,0,0,0,0,1
83383,0,0,0,0,0,0,0,0,1
83384,0,0,0,0,0,0,0,0,1
83385,0,0,0,0,0,0,0,0,1
83386,0,0,0,0,0,0,0,0,1
83387,0,0,0,0,0,0,0,0,1
83388,0,0,0,0,0,0,0,0,1
83389,0,0,0,0,0,0,0,0,1
83390,0,0,0,0,0,0,0,0,1
83391,0,0,0,0,0,0,0,0,1
83392,0,0,0,0,0,0,0,0,1
83393,0,0,0,0,0,0,0,0,1
83394,0,0,0,0,0,0,0,0,1
83395,0,0,0,0,0,0,0,0,1
83396,0,0,0,0,0,0,0,0,1
83397,0,0,0,0,0,0,0,0,1
83398,0,0,0,0,0,0,0,0,1
83399,0,0,0,0,0,0,0,0,1
83400,0,0,0,0,0,0,0,0,1
83401,0,0,0,0,0,0,0,0,1
83402,0,0,0,0,0,0,0,0,1
83403,0,0,0,0,0,0,0,0,1
83404,0,0,0,0,0,0,0,0,1
83405,0,0,0,0,0,0,0,0,1
83406,0,0,0,0,0,0,0,0,1
83407,0,0,0,0,0,0,0,0,1
83408,0,0,0,0,0,0,0,0,1
83409,0,0,0,0,0,0,0,0,1
83410,0,0,0,0,0,0,0,0,1
83411,0,0,0,0,0,0,0,0,1
83412,0,0,0,0,0,0,0,0,1
83413,0,0,0,0,0,0,0,0,1
83414,0,0,0,0,0,0,0,0,1
83415,0,0,0,0,0,0,0,0,1
83416,0,0,0,0,0,0,0,0,1
83417,0,0,0,0,0,0,0,0,1
83418,0,0,0,0,0,0,0,0,1
83419,0,0,0,0,0,0,0,0,1
83420,0,0,0,0,0,0,0,0,1
83421,0,0,0,0,0,0,0,0,1
83422,0,0,0,0,0,0,0,0,1
83423,0,0,0,0,0,0,0,0,1
83424,0,0,0,0,0,0,0,0,1
83425,0,0,0,0,0,0,0,0,1
83426,0,0,0,0,0,0,0,0,1
83427,0,0,0,0,0,0,0,0,1
83428,0,0,0,0,0,0,0,0,1
83429,0,0,0,0,0,0,0,0,1
83430,0,0,0,0,0,0,0,0,1
83431,0,0,0,0,0,0,0,0,1
83432,0,0,0,0,0,0,0,0,1
83433,0,0,0,0,0,0,0,0,1
83434,0,0,0,0,0,0,0,0,1
83435,0,0,0,0,0,0,0,0,1
83436,0,0,0,0,0,0,0,0,1
83437,0,0,0,0,0,0,0,0,1
83438,0,0,0,0,0,0,0,0,1
83439,0,0,0,0,0,0,0,0,1
83440,0,0,0,0,0,0,0,0,1
83441,0,0,0,0,0,0,0,0,1
83442,0,0,0,0,0,0,0,0,1
83443,0,0,0,0,0,0,0,0,1
83444,0,0,0,0,0,0,0,0,1
83445,0,0,0,0,0,0,0,0,1
83446,0,0,0,0,0,0,0,0,1
83447,0,0,0,0,0,0,0,0,1
83448,0,0,0,0,0,0,0,0,1
83449,0,0,0,0,0,0,0,0,1
83450,0,0,0,0,0,0,0,0,1
83451,0,0,0,0,0,0,0,0,1
83452,0,0,0,0,0,0,0,0,1
83453,0,0,0,0,0,0,0,0,1
83454,0,0,0,0,0,0,0,0,1
83455,0,0,0,0,0,0,0,0,1
83456,0,0,0,0,0,0,0,0,1
83457,0,0,0,0,0,0,0,0,1
83458,0,0,0,0,0,0,0,0,1
83459,0,0,0,0,0,0,0,0,1
83460,0,0,0,0,0,0,0,0,1
83461,0,0,0,0,0,0,0,0,1
83462,0,0,0,0,0,0,0,0,1
83463,0,0,0,0,0,0,0,0,1
83464,0,0,0,0,0,0,0,0,1
83465,0,0,0,0,0,0,0,0,1
83466,0,0,0,0,0,0,0,0,1
83467,0,0,0,0,0,0,0,0,1
83468,0,0,0,0,0,0,0,0,1
83469,0,0,0,0,0,0,0,0,1
83470,0,0,0,0,0,0,0,0,1
83471,0,0,0,0,0,0,0,0,1
83472,0,0,0,0,0,0,0,0,1
83473,0,0,0,0,0,0,0,0,1
83474,0,0,0,0,0,0,0,0,1
83475,0,0,0,0,0,0,0,0,1
83476,0,0,0,0,0,0,0,0,1
83477,0,0,0,0,0,0,0,0,1
83478,0,0,0,0,0,0,0,0,1
83479,0,0,0,0,0,0,0,0,1
83480,0,0,0,0,0,0,0,0,1
83481,0,0,0,0,0,0,0,0,1
83482,0,0,0,0,0,0,0,0,1
83483,0,0,0,0,0,0,0,0,1
83484,0,0,0,0,0,0,0,0,1
83485,0,0,0,0,0,0,0,0,1
83486,0,0,0,0,0,0,0,0,1
83487,0,0,0,0,0,0,0,0,1
83488,0,0,0,0,0,0,0,0,1
83489,0,0,0,0,0,0,0,0,1
83490,0,0,0,0,0,0,0,0,1
83491,0,0,0,0,0,0,0,0,1
83492,0,0,0,0,0,0,0,0,1
83493,0,0,0,0,0,0,0,0,1
83494,0,0,0,0,0,0,0,0,1
83495,0,0,0,0,0,0,0,0,1
83496,0,0,0,0,0,0,0,0,1
83497,0,0,0,0,0,0,0,0,1
83498,0,0,0,0,0,0,0,0,1
83499,0,0,0,0,0,0,0,0,1
83500,0,0,0,0,0,0,0,0,1
83501,0,0,0,0,0,0,0,0,1
83502,0,0,0,0,0,0,0,0,1
83503,0,0,0,0,0,0,0,0,1
83504,0,0,0,0,0,0,0,0,1
83505,0,0,0,0,0,0,0,0,1
83506,0,0,0,0,0,0,0,0,1
83507,0,0,0,0,0,0,0,0,1
83508,0,0,0,0,0,0,0,0,1
83509,0,0,0,0,0,0,0,0,1
83510,0,0,0,0,0,0,0,0,1
83511,0,0,0,0,0,0,0,0,1
83512,0,0,0,0,0,0,0,0,1
83513,0,0,0,0,0,0,0,0,1
83514,0,0,0,0,0,0,0,0,1
83515,0,0,0,0,0,0,0,0,1
83516,0,0,0,0,0,0,0,0,1
83517,0,0,0,0,0,0,0,0,1
83518,0,0,0,0,0,0,0,0,1
83519,0,0,0,0,0,0,0,0,1
83520,0,0,0,0,0,0,0,0,1
83521,0,0,0,0,0,0,0,0,1
83522,0,0,0,0,0,0,0,0,1
83523,0,0,0,0,0,0,0,0,1
83524,0,0,0,0,0,0,0,0,1
83525,0,0,0,0,0,0,0,0,1
83526,0,0,0,0,0,0,0,0,1
83527,0,0,0,0,0,0,0,0,1
83528,0,0,0,0,0,0,0,0,1
83529,0,0,0,0,0,0,0,0,1
83530,0,0,0,0,0,0,0,0,1
83531,0,0,0,0,0,0,0,0,1
83532,0,0,0,0,0,0,0,0,1
83533,0,0,0,0,0,0,0,0,1
83534,0,0,0,0,0,0,0,0,1
83535,0,0,0,0,0,0,0,0,1
83536,0,0,0,0,0,0,0,0,1
83537,0,0,0,0,0,0,0,0,1
83538,0,0,0,0,0,0,0,0,1
83539,0,0,0,0,0,0,0,0,1
83540,0,0,0,0,0,0,0,0,1
83541,0,0,0,0,0,0,0,0,1
83542,0,0,0,0,0,0,0,0,1
83543,0,0,0,0,0,0,0,0,1
83544,0,0,0,0,0,0,0,0,1
83545,0,0,0,0,0,0,0,0,1
83546,0,0,0,0,0,0,0,0,1
83547,0,0,0,0,0,0,0,0,1
83548,0,0,0,0,0,0,0,0,1
83549,0,0,0,0,0,0,0,0,1
83550,0,0,0,0,0,0,0,0,1
83551,0,0,0,0,0,0,0,0,1
83552,0,0,0,0,0,0,0,0,1
83553,0,0,0,0,0,0,0,0,1
83554,0,0,0,0,0,0,0,0,1
83555,0,0,0,0,0,0,0,0,1
83556,0,0,0,0,0,0,0,0,1
83557,0,0,0,0,0,0,0,0,1
83558,0,0,0,0,0,0,0,0,1
83559,0,0,0,0,0,0,0,0,1
83560,0,0,0,0,0,0,0,0,1
83561,0,0,0,0,0,0,0,0,1
83562,0,0,0,0,0,0,0,0,1
83563,0,0,0,0,0,0,0,0,1
83564,0,0,0,0,0,0,0,0,1
83565,0,0,0,0,0,0,0,0,1
83566,0,0,0,0,0,0,0,0,1
83567,0,0,0,0,0,0,0,0,1
83568,0,0,0,0,0,0,0,0,1
83569,0,0,0,0,0,0,0,0,1
83570,0,0,0,0,0,0,0,0,1
83571,0,0,0,0,0,0,0,0,1
83572,0,0,0,0,0,0,0,0,1
83573,0,0,0,0,0,0,0,0,1
83574,0,0,0,0,0,0,0,0,1
83575,0,0,0,0,0,0,0,0,1
83576,0,0,0,0,0,0,0,0,1
83577,0,0,0,0,0,0,0,0,1
83578,0,0,0,0,0,0,0,0,1
83579,0,0,0,0,0,0,0,0,1
83580,0,0,0,0,0,0,0,0,1
83581,0,0,0,0,0,0,0,0,1
83582,0,0,0,0,0,0,0,0,1
83583,0,0,0,0,0,0,0,0,1
83584,0,0,0,0,0,0,0,0,1
83585,0,0,0,0,0,0,0,0,1
83586,0,0,0,0,0,0,0,0,1
83587,0,0,0,0,0,0,0,0,1
83588,0,0,0,0,0,0,0,0,1
83589,0,0,0,0,0,0,0,0,1
83590,0,0,0,0,0,0,0,0,1
83591,0,0,0,0,0,0,0,0,1
83592,0,0,0,0,0,0,0,0,1
83593,0,0,0,0,0,0,0,0,1
83594,0,0,0,0,0,0,0,0,1
83595,0,0,0,0,0,0,0,0,1
83596,0,0,0,0,0,0,0,0,1
83597,0,0,0,0,0,0,0,0,1
83598,0,0,0,0,0,0,0,0,1
83599,0,0,0,0,0,0,0,0,1
83600,0,0,0,0,0,0,0,0,1
83601,0,0,0,0,0,0,0,0,1
83602,0,0,0,0,0,0,0,0,1
83603,0,0,0,0,0,0,0,0,1
83604,0,0,0,0,0,0,0,0,1
83605,0,0,0,0,0,0,0,0,1
83606,0,0,0,0,0,0,0,0,1
83607,0,0,0,0,0,0,0,0,1
83608,0,0,0,0,0,0,0,0,1
83609,0,0,0,0,0,0,0,0,1
83610,0,0,0,0,0,0,0,0,1
83611,0,0,0,0,0,0,0,0,1
83612,0,0,0,0,0,0,0,0,1
83613,0,0,0,0,0,0,0,0,1
83614,0,0,0,0,0,0,0,0,1
83615,0,0,0,0,0,0,0,0,1
83616,0,0,0,0,0,0,0,0,1
83617,0,0,0,0,0,0,0,0,1
83618,0,0,0,0,0,0,0,0,1
83619,0,0,0,0,0,0,0,0,1
83620,0,0,0,0,0,0,0,0,1
83621,0,0,0,0,0,0,0,0,1
83622,0,0,0,0,0,0,0,0,1
83623,0,0,0,0,0,0,0,0,1
83624,0,0,0,0,0,0,0,0,1
83625,0,0,0,0,0,0,0,0,1
83626,0,0,0,0,0,0,0,0,1
83627,0,0,0,0,0,0,0,0,1
83628,0,0,0,0,0,0,0,0,1
83629,0,0,0,0,0,0,0,0,1
83630,0,0,0,0,0,0,0,0,1
83631,0,0,0,0,0,0,0,0,1
83632,0,0,0,0,0,0,0,0,1
83633,0,0,0,0,0,0,0,0,1
83634,0,0,0,0,0,0,0,0,1
83635,0,0,0,0,0,0,0,0,1
83636,0,0,0,0,0,0,0,0,1
83637,0,0,0,0,0,0,0,0,1
83638,0,0,0,0,0,0,0,0,1
83639,0,0,0,0,0,0,0,0,1
83640,0,0,0,0,0,0,0,0,1
83641,0,0,0,0,0,0,0,0,1
83642,0,0,0,0,0,0,0,0,1
83643,0,0,0,0,0,0,0,0,1
83644,0,0,0,0,0,0,0,0,1
83645,0,0,0,0,0,0,0,0,1
83646,0,0,0,0,0,0,0,0,1
83647,0,0,0,0,0,0,0,0,1
83648,0,0,0,0,0,0,0,0,1
83649,0,0,0,0,0,0,0,0,1
83650,0,0,0,0,0,0,0,0,1
83651,0,0,0,0,0,0,0,0,1
83652,0,0,0,0,0,0,0,0,1
83653,0,0,0,0,0,0,0,0,1
83654,0,0,0,0,0,0,0,0,1
83655,0,0,0,0,0,0,0,0,1
83656,0,0,0,0,0,0,0,0,1
83657,0,0,0,0,0,0,0,0,1
83658,0,0,0,0,0,0,0,0,1
83659,0,0,0,0,0,0,0,0,1
83660,0,0,0,0,0,0,0,0,1
83661,0,0,0,0,0,0,0,0,1
83662,0,0,0,0,0,0,0,0,1
83663,0,0,0,0,0,0,0,0,1
83664,0,0,0,0,0,0,0,0,1
83665,0,0,0,0,0,0,0,0,1
83666,0,0,0,0,0,0,0,0,1
83667,0,0,0,0,0,0,0,0,1
83668,0,0,0,0,0,0,0,0,1
83669,0,0,0,0,0,0,0,0,1
83670,0,0,0,0,0,0,0,0,1
83671,0,0,0,0,0,0,0,0,1
83672,0,0,0,0,0,0,0,0,1
83673,0,0,0,0,0,0,0,0,1
83674,0,0,0,0,0,0,0,0,1
83675,0,0,0,0,0,0,0,0,1
83676,0,0,0,0,0,0,0,0,1
83677,0,0,0,0,0,0,0,0,1
83678,0,0,0,0,0,0,0,0,1
83679,0,0,0,0,0,0,0,0,1
83680,0,0,0,0,0,0,0,0,1
83681,0,0,0,0,0,0,0,0,1
83682,0,0,0,0,0,0,0,0,1
83683,0,0,0,0,0,0,0,0,1
83684,0,0,0,0,0,0,0,0,1
83685,0,0,0,0,0,0,0,0,1
83686,0,0,0,0,0,0,0,0,1
83687,0,0,0,0,0,0,0,0,1
83688,0,0,0,0,0,0,0,0,1
83689,0,0,0,0,0,0,0,0,1
83690,0,0,0,0,0,0,0,0,1
83691,0,0,0,0,0,0,0,0,1
83692,0,0,0,0,0,0,0,0,1
83693,0,0,0,0,0,0,0,0,1
83694,0,0,0,0,0,0,0,0,1
83695,0,0,0,0,0,0,0,0,1
83696,0,0,0,0,0,0,0,0,1
83697,0,0,0,0,0,0,0,0,1
83698,0,0,0,0,0,0,0,0,1
83699,0,0,0,0,0,0,0,0,1
83700,0,0,0,0,0,0,0,0,1
83701,0,0,0,0,0,0,0,0,1
83702,0,0,0,0,0,0,0,0,1
83703,0,0,0,0,0,0,0,0,1
83704,0,0,0,0,0,0,0,0,1
83705,0,0,0,0,0,0,0,0,1
83706,0,0,0,0,0,0,0,0,1
83707,0,0,0,0,0,0,0,0,1
83708,0,0,0,0,0,0,0,0,1
83709,0,0,0,0,0,0,0,0,1
83710,0,0,0,0,0,0,0,0,1
83711,0,0,0,0,0,0,0,0,1
83712,0,0,0,0,0,0,0,0,1
83713,0,0,0,0,0,0,0,0,1
83714,0,0,0,0,0,0,0,0,1
83715,0,0,0,0,0,0,0,0,1
83716,0,0,0,0,0,0,0,0,1
83717,0,0,0,0,0,0,0,0,1
83718,0,0,0,0,0,0,0,0,1
83719,0,0,0,0,0,0,0,0,1
83720,0,0,0,0,0,0,0,0,1
83721,0,0,0,0,0,0,0,0,1
83722,0,0,0,0,0,0,0,0,1
83723,0,0,0,0,0,0,0,0,1
83724,0,0,0,0,0,0,0,0,1
83725,0,0,0,0,0,0,0,0,1
83726,0,0,0,0,0,0,0,0,1
83727,0,0,0,0,0,0,0,0,1
83728,0,0,0,0,0,0,0,0,1
83729,0,0,0,0,0,0,0,0,1
83730,0,0,0,0,0,0,0,0,1
83731,0,0,0,0,0,0,0,0,1
83732,0,0,0,0,0,0,0,0,1
83733,0,0,0,0,0,0,0,0,1
83734,0,0,0,0,0,0,0,0,1
83735,0,0,0,0,0,0,0,0,1
83736,0,0,0,0,0,0,0,0,1
83737,0,0,0,0,0,0,0,0,1
83738,0,0,0,0,0,0,0,0,1
83739,0,0,0,0,0,0,0,0,1
83740,0,0,0,0,0,0,0,0,1
83741,0,0,0,0,0,0,0,0,1
83742,0,0,0,0,0,0,0,0,1
83743,0,0,0,0,0,0,0,0,1
83744,0,0,0,0,0,0,0,0,1
83745,0,0,0,0,0,0,0,0,1
83746,0,0,0,0,0,0,0,0,1
83747,0,0,0,0,0,0,0,0,1
83748,0,0,0,0,0,0,0,0,1
83749,0,0,0,0,0,0,0,0,1
83750,0,0,0,0,0,0,0,0,1
83751,0,0,0,0,0,0,0,0,1
83752,0,0,0,0,0,0,0,0,1
83753,0,0,0,0,0,0,0,0,1
83754,0,0,0,0,0,0,0,0,1
83755,0,0,0,0,0,0,0,0,1
83756,0,0,0,0,0,0,0,0,1
83757,0,0,0,0,0,0,0,0,1
83758,0,0,0,0,0,0,0,0,1
83759,0,0,0,0,0,0,0,0,1
83760,0,0,0,0,0,0,0,0,1
83761,0,0,0,0,0,0,0,0,1
83762,0,0,0,0,0,0,0,0,1
83763,0,0,0,0,0,0,0,0,1
83764,0,0,0,0,0,0,0,0,1
83765,0,0,0,0,0,0,0,0,1
83766,0,0,0,0,0,0,0,0,1
83767,0,0,0,0,0,0,0,0,1
83768,0,0,0,0,0,0,0,0,1
83769,0,0,0,0,0,0,0,0,1
83770,0,0,0,0,0,0,0,0,1
83771,0,0,0,0,0,0,0,0,1
83772,0,0,0,0,0,0,0,0,1
83773,0,0,0,0,0,0,0,0,1
83774,0,0,0,0,0,0,0,0,1
83775,0,0,0,0,0,0,0,0,1
83776,0,0,0,0,0,0,0,0,1
83777,0,0,0,0,0,0,0,0,1
83778,0,0,0,0,0,0,0,0,1
83779,0,0,0,0,0,0,0,0,1
83780,0,0,0,0,0,0,0,0,1
83781,0,0,0,0,0,0,0,0,1
83782,0,0,0,0,0,0,0,0,1
83783,0,0,0,0,0,0,0,0,1
83784,0,0,0,0,0,0,0,0,1
83785,0,0,0,0,0,0,0,0,1
83786,0,0,0,0,0,0,0,0,1
83787,0,0,0,0,0,0,0,0,1
83788,0,0,0,0,0,0,0,0,1
83789,0,0,0,0,0,0,0,0,1
83790,0,0,0,0,0,0,0,0,1
83791,0,0,0,0,0,0,0,0,1
83792,0,0,0,0,0,0,0,0,1
83793,0,0,0,0,0,0,0,0,1
83794,0,0,0,0,0,0,0,0,1
83795,0,0,0,0,0,0,0,0,1
83796,0,0,0,0,0,0,0,0,1
83797,0,0,0,0,0,0,0,0,1
83798,0,0,0,0,0,0,0,0,1
83799,0,0,0,0,0,0,0,0,1
83800,0,0,0,0,0,0,0,0,1
83801,0,0,0,0,0,0,0,0,1
83802,0,0,0,0,0,0,0,0,1
83803,0,0,0,0,0,0,0,0,1
83804,0,0,0,0,0,0,0,0,1
83805,0,0,0,0,0,0,0,0,1
83806,0,0,0,0,0,0,0,0,1
83807,0,0,0,0,0,0,0,0,1
83808,0,0,0,0,0,0,0,0,1
83809,0,0,0,0,0,0,0,0,1
83810,0,0,0,0,0,0,0,0,1
83811,0,0,0,0,0,0,0,0,1
83812,0,0,0,0,0,0,0,0,1
83813,0,0,0,0,0,0,0,0,1
83814,0,0,0,0,0,0,0,0,1
83815,0,0,0,0,0,0,0,0,1
83816,0,0,0,0,0,0,0,0,1
83817,0,0,0,0,0,0,0,0,1
83818,0,0,0,0,0,0,0,0,1
83819,0,0,0,0,0,0,0,0,1
83820,0,0,0,0,0,0,0,0,1
83821,0,0,0,0,0,0,0,0,1
83822,0,0,0,0,0,0,0,0,1
83823,0,0,0,0,0,0,0,0,1
83824,0,0,0,0,0,0,0,0,1
83825,0,0,0,0,0,0,0,0,1
83826,0,0,0,0,0,0,0,0,1
83827,0,0,0,0,0,0,0,0,1
83828,0,0,0,0,0,0,0,0,1
83829,0,0,0,0,0,0,0,0,1
83830,0,0,0,0,0,0,0,0,1
83831,0,0,0,0,0,0,0,0,1
83832,0,0,0,0,0,0,0,0,1
83833,0,0,0,0,0,0,0,0,1
83834,0,0,0,0,0,0,0,0,1
83835,0,0,0,0,0,0,0,0,1
83836,0,0,0,0,0,0,0,0,1
83837,0,0,0,0,0,0,0,0,1
83838,0,0,0,0,0,0,0,0,1
83839,0,0,0,0,0,0,0,0,1
83840,0,0,0,0,0,0,0,0,1
83841,0,0,0,0,0,0,0,0,1
83842,0,0,0,0,0,0,0,0,1
83843,0,0,0,0,0,0,0,0,1
83844,0,0,0,0,0,0,0,0,1
83845,0,0,0,0,0,0,0,0,1
83846,0,0,0,0,0,0,0,0,1
83847,0,0,0,0,0,0,0,0,1
83848,0,0,0,0,0,0,0,0,1
83849,0,0,0,0,0,0,0,0,1
83850,0,0,0,0,0,0,0,0,1
83851,0,0,0,0,0,0,0,0,1
83852,0,0,0,0,0,0,0,0,1
83853,0,0,0,0,0,0,0,0,1
83854,0,0,0,0,0,0,0,0,1
83855,0,0,0,0,0,0,0,0,1
83856,0,0,0,0,0,0,0,0,1
83857,0,0,0,0,0,0,0,0,1
83858,0,0,0,0,0,0,0,0,1
83859,0,0,0,0,0,0,0,0,1
83860,0,0,0,0,0,0,0,0,1
83861,0,0,0,0,0,0,0,0,1
83862,0,0,0,0,0,0,0,0,1
83863,0,0,0,0,0,0,0,0,1
83864,0,0,0,0,0,0,0,0,1
83865,0,0,0,0,0,0,0,0,1
83866,0,0,0,0,0,0,0,0,1
83867,0,0,0,0,0,0,0,0,1
83868,0,0,0,0,0,0,0,0,1
83869,0,0,0,0,0,0,0,0,1
83870,0,0,0,0,0,0,0,0,1
83871,0,0,0,0,0,0,0,0,1
83872,0,0,0,0,0,0,0,0,1
83873,0,0,0,0,0,0,0,0,1
83874,0,0,0,0,0,0,0,0,1
83875,0,0,0,0,0,0,0,0,1
83876,0,0,0,0,0,0,0,0,1
83877,0,0,0,0,0,0,0,0,1
83878,0,0,0,0,0,0,0,0,1
83879,0,0,0,0,0,0,0,0,1
83880,0,0,0,0,0,0,0,0,1
83881,0,0,0,0,0,0,0,0,1
83882,0,0,0,0,0,0,0,0,1
83883,0,0,0,0,0,0,0,0,1
83884,0,0,0,0,0,0,0,0,1
83885,0,0,0,0,0,0,0,0,1
83886,0,0,0,0,0,0,0,0,1
83887,0,0,0,0,0,0,0,0,1
83888,0,0,0,0,0,0,0,0,1
83889,0,0,0,0,0,0,0,0,1
83890,0,0,0,0,0,0,0,0,1
83891,0,0,0,0,0,0,0,0,1
83892,0,0,0,0,0,0,0,0,1
83893,0,0,0,0,0,0,0,0,1
83894,0,0,0,0,0,0,0,0,1
83895,0,0,0,0,0,0,0,0,1
83896,0,0,0,0,0,0,0,0,1
83897,0,0,0,0,0,0,0,0,1
83898,0,0,0,0,0,0,0,0,1
83899,0,0,0,0,0,0,0,0,1
83900,0,0,0,0,0,0,0,0,1
83901,0,0,0,0,0,0,0,0,1
83902,0,0,0,0,0,0,0,0,1
83903,0,0,0,0,0,0,0,0,1
83904,0,0,0,0,0,0,0,0,1
83905,0,0,0,0,0,0,0,0,1
83906,0,0,0,0,0,0,0,0,1
83907,0,0,0,0,0,0,0,0,1
83908,0,0,0,0,0,0,0,0,1
83909,0,0,0,0,0,0,0,0,1
83910,0,0,0,0,0,0,0,0,1
83911,0,0,0,0,0,0,0,0,1
83912,0,0,0,0,0,0,0,0,1
83913,0,0,0,0,0,0,0,0,1
83914,0,0,0,0,0,0,0,0,1
83915,0,0,0,0,0,0,0,0,1
83916,0,0,0,0,0,0,0,0,1
83917,0,0,0,0,0,0,0,0,1
83918,0,0,0,0,0,0,0,0,1
83919,0,0,0,0,0,0,0,0,1
83920,0,0,0,0,0,0,0,0,1
83921,0,0,0,0,0,0,0,0,1
83922,0,0,0,0,0,0,0,0,1
83923,0,0,0,0,0,0,0,0,1
83924,0,0,0,0,0,0,0,0,1
83925,0,0,0,0,0,0,0,0,1
83926,0,0,0,0,0,0,0,0,1
83927,0,0,0,0,0,0,0,0,1
83928,0,0,0,0,0,0,0,0,1
83929,0,0,0,0,0,0,0,0,1
83930,0,0,0,0,0,0,0,0,1
83931,0,0,0,0,0,0,0,0,1
83932,0,0,0,0,0,0,0,0,1
83933,0,0,0,0,0,0,0,0,1
83934,0,0,0,0,0,0,0,0,1
83935,0,0,0,0,0,0,0,0,1
83936,0,0,0,0,0,0,0,0,1
83937,0,0,0,0,0,0,0,0,1
83938,0,0,0,0,0,0,0,0,1
83939,0,0,0,0,0,0,0,0,1
83940,0,0,0,0,0,0,0,0,1
83941,0,0,0,0,0,0,0,0,1
83942,0,0,0,0,0,0,0,0,1
83943,0,0,0,0,0,0,0,0,1
83944,0,0,0,0,0,0,0,0,1
83945,0,0,0,0,0,0,0,0,1
83946,0,0,0,0,0,0,0,0,1
83947,0,0,0,0,0,0,0,0,1
83948,0,0,0,0,0,0,0,0,1
83949,0,0,0,0,0,0,0,0,1
83950,0,0,0,0,0,0,0,0,1
83951,0,0,0,0,0,0,0,0,1
83952,0,0,0,0,0,0,0,0,1
83953,0,0,0,0,0,0,0,0,1
83954,0,0,0,0,0,0,0,0,1
83955,0,0,0,0,0,0,0,0,1
83956,0,0,0,0,0,0,0,0,1
83957,0,0,0,0,0,0,0,0,1
83958,0,0,0,0,0,0,0,0,1
83959,0,0,0,0,0,0,0,0,1
83960,0,0,0,0,0,0,0,0,1
83961,0,0,0,0,0,0,0,0,1
83962,0,0,0,0,0,0,0,0,1
83963,0,0,0,0,0,0,0,0,1
83964,0,0,0,0,0,0,0,0,1
83965,0,0,0,0,0,0,0,0,1
83966,0,0,0,0,0,0,0,0,1
83967,0,0,0,0,0,0,0,0,1
83968,0,0,0,0,0,0,0,0,1
83969,0,0,0,0,0,0,0,0,1
83970,0,0,0,0,0,0,0,0,1
83971,0,0,0,0,0,0,0,0,1
83972,0,0,0,0,0,0,0,0,1
83973,0,0,0,0,0,0,0,0,1
83974,0,0,0,0,0,0,0,0,1
83975,0,0,0,0,0,0,0,0,1
83976,0,0,0,0,0,0,0,0,1
83977,0,0,0,0,0,0,0,0,1
83978,0,0,0,0,0,0,0,0,1
83979,0,0,0,0,0,0,0,0,1
83980,0,0,0,0,0,0,0,0,1
83981,0,0,0,0,0,0,0,0,1
83982,0,0,0,0,0,0,0,0,1
83983,0,0,0,0,0,0,0,0,1
83984,0,0,0,0,0,0,0,0,1
83985,0,0,0,0,0,0,0,0,1
83986,0,0,0,0,0,0,0,0,1
83987,0,0,0,0,0,0,0,0,1
83988,0,0,0,0,0,0,0,0,1
83989,0,0,0,0,0,0,0,0,1
83990,0,0,0,0,0,0,0,0,1
83991,0,0,0,0,0,0,0,0,1
83992,0,0,0,0,0,0,0,0,1
83993,0,0,0,0,0,0,0,0,1
83994,0,0,0,0,0,0,0,0,1
83995,0,0,0,0,0,0,0,0,1
83996,0,0,0,0,0,0,0,0,1
83997,0,0,0,0,0,0,0,0,1
83998,0,0,0,0,0,0,0,0,1
83999,0,0,0,0,0,0,0,0,1
84000,0,0,0,0,0,0,0,0,1
84001,0,0,0,0,0,0,0,0,1
84002,0,0,0,0,0,0,0,0,1
84003,0,0,0,0,0,0,0,0,1
84004,0,0,0,0,0,0,0,0,1
84005,0,0,0,0,0,0,0,0,1
84006,0,0,0,0,0,0,0,0,1
84007,0,0,0,0,0,0,0,0,1
84008,0,0,0,0,0,0,0,0,1
84009,0,0,0,0,0,0,0,0,1
84010,0,0,0,0,0,0,0,0,1
84011,0,0,0,0,0,0,0,0,1
84012,0,0,0,0,0,0,0,0,1
84013,0,0,0,0,0,0,0,0,1
84014,0,0,0,0,0,0,0,0,1
84015,0,0,0,0,0,0,0,0,1
84016,0,0,0,0,0,0,0,0,1
84017,0,0,0,0,0,0,0,0,1
84018,0,0,0,0,0,0,0,0,1
84019,0,0,0,0,0,0,0,0,1
84020,0,0,0,0,0,0,0,0,1
84021,0,0,0,0,0,0,0,0,1
84022,0,0,0,0,0,0,0,0,1
84023,0,0,0,0,0,0,0,0,1
84024,0,0,0,0,0,0,0,0,1
84025,0,0,0,0,0,0,0,0,1
84026,0,0,0,0,0,0,0,0,1
84027,0,0,0,0,0,0,0,0,1
84028,0,0,0,0,0,0,0,0,1
84029,0,0,0,0,0,0,0,0,1
84030,0,0,0,0,0,0,0,0,1
84031,0,0,0,0,0,0,0,0,1
84032,0,0,0,0,0,0,0,0,1
84033,0,0,0,0,0,0,0,0,1
84034,0,0,0,0,0,0,0,0,1
84035,0,0,0,0,0,0,0,0,1
84036,0,0,0,0,0,0,0,0,1
84037,0,0,0,0,0,0,0,0,1
84038,0,0,0,0,0,0,0,0,1
84039,0,0,0,0,0,0,0,0,1
84040,0,0,0,0,0,0,0,0,1
84041,0,0,0,0,0,0,0,0,1
84042,0,0,0,0,0,0,0,0,1
84043,0,0,0,0,0,0,0,0,1
84044,0,0,0,0,0,0,0,0,1
84045,0,0,0,0,0,0,0,0,1
84046,0,0,0,0,0,0,0,0,1
84047,0,0,0,0,0,0,0,0,1
84048,0,0,0,0,0,0,0,0,1
84049,0,0,0,0,0,0,0,0,1
84050,0,0,0,0,0,0,0,0,1
84051,0,0,0,0,0,0,0,0,1
84052,0,0,0,0,0,0,0,0,1
84053,0,0,0,0,0,0,0,0,1
84054,0,0,0,0,0,0,0,0,1
84055,0,0,0,0,0,0,0,0,1
84056,0,0,0,0,0,0,0,0,1
84057,0,0,0,0,0,0,0,0,1
84058,0,0,0,0,0,0,0,0,1
84059,0,0,0,0,0,0,0,0,1
84060,0,0,0,0,0,0,0,0,1
84061,0,0,0,0,0,0,0,0,1
84062,0,0,0,0,0,0,0,0,1
84063,0,0,0,0,0,0,0,0,1
84064,0,0,0,0,0,0,0,0,1
84065,0,0,0,0,0,0,0,0,1
84066,0,0,0,0,0,0,0,0,1
84067,0,0,0,0,0,0,0,0,1
84068,0,0,0,0,0,0,0,0,1
84069,0,0,0,0,0,0,0,0,1
84070,0,0,0,0,0,0,0,0,1
84071,0,0,0,0,0,0,0,0,1
84072,0,0,0,0,0,0,0,0,1
84073,0,0,0,0,0,0,0,0,1
84074,0,0,0,0,0,0,0,0,1
84075,0,0,0,0,0,0,0,0,1
84076,0,0,0,0,0,0,0,0,1
84077,0,0,0,0,0,0,0,0,1
84078,0,0,0,0,0,0,0,0,1
84079,0,0,0,0,0,0,0,0,1
84080,0,0,0,0,0,0,0,0,1
84081,0,0,0,0,0,0,0,0,1
84082,0,0,0,0,0,0,0,0,1
84083,0,0,0,0,0,0,0,0,1
84084,0,0,0,0,0,0,0,0,1
84085,0,0,0,0,0,0,0,0,1
84086,0,0,0,0,0,0,0,0,1
84087,0,0,0,0,0,0,0,0,1
84088,0,0,0,0,0,0,0,0,1
84089,0,0,0,0,0,0,0,0,1
84090,0,0,0,0,0,0,0,0,1
84091,0,0,0,0,0,0,0,0,1
84092,0,0,0,0,0,0,0,0,1
84093,0,0,0,0,0,0,0,0,1
84094,0,0,0,0,0,0,0,0,1
84095,0,0,0,0,0,0,0,0,1
84096,0,0,0,0,0,0,0,0,1
84097,0,0,0,0,0,0,0,0,1
84098,0,0,0,0,0,0,0,0,1
84099,0,0,0,0,0,0,0,0,1
84100,0,0,0,0,0,0,0,0,1
84101,0,0,0,0,0,0,0,0,1
84102,0,0,0,0,0,0,0,0,1
84103,0,0,0,0,0,0,0,0,1
84104,0,0,0,0,0,0,0,0,1
84105,0,0,0,0,0,0,0,0,1
84106,0,0,0,0,0,0,0,0,1
84107,0,0,0,0,0,0,0,0,1
84108,0,0,0,0,0,0,0,0,1
84109,0,0,0,0,0,0,0,0,1
84110,0,0,0,0,0,0,0,0,1
84111,0,0,0,0,0,0,0,0,1
84112,0,0,0,0,0,0,0,0,1
84113,0,0,0,0,0,0,0,0,1
84114,0,0,0,0,0,0,0,0,1
84115,0,0,0,0,0,0,0,0,1
84116,0,0,0,0,0,0,0,0,1
84117,0,0,0,0,0,0,0,0,1
84118,0,0,0,0,0,0,0,0,1
84119,0,0,0,0,0,0,0,0,1
84120,0,0,0,0,0,0,0,0,1
84121,0,0,0,0,0,0,0,0,1
84122,0,0,0,0,0,0,0,0,1
84123,0,0,0,0,0,0,0,0,1
84124,0,0,0,0,0,0,0,0,1
84125,0,0,0,0,0,0,0,0,1
84126,0,0,0,0,0,0,0,0,1
84127,0,0,0,0,0,0,0,0,1
84128,0,0,0,0,0,0,0,0,1
84129,0,0,0,0,0,0,0,0,1
84130,0,0,0,0,0,0,0,0,1
84131,0,0,0,0,0,0,0,0,1
84132,0,0,0,0,0,0,0,0,1
84133,0,0,0,0,0,0,0,0,1
84134,0,0,0,0,0,0,0,0,1
84135,0,0,0,0,0,0,0,0,1
84136,0,0,0,0,0,0,0,0,1
84137,0,0,0,0,0,0,0,0,1
84138,0,0,0,0,0,0,0,0,1
84139,0,0,0,0,0,0,0,0,1
84140,0,0,0,0,0,0,0,0,1
84141,0,0,0,0,0,0,0,0,1
84142,0,0,0,0,0,0,0,0,1
84143,0,0,0,0,0,0,0,0,1
84144,0,0,0,0,0,0,0,0,1
84145,0,0,0,0,0,0,0,0,1
84146,0,0,0,0,0,0,0,0,1
84147,0,0,0,0,0,0,0,0,1
84148,0,0,0,0,0,0,0,0,1
84149,0,0,0,0,0,0,0,0,1
84150,0,0,0,0,0,0,0,0,1
84151,0,0,0,0,0,0,0,0,1
84152,0,0,0,0,0,0,0,0,1
84153,0,0,0,0,0,0,0,0,1
84154,0,0,0,0,0,0,0,0,1
84155,0,0,0,0,0,0,0,0,1
84156,0,0,0,0,0,0,0,0,1
84157,0,0,0,0,0,0,0,0,1
84158,0,0,0,0,0,0,0,0,1
84159,0,0,0,0,0,0,0,0,1
84160,0,0,0,0,0,0,0,0,1
84161,0,0,0,0,0,0,0,0,1
84162,0,0,0,0,0,0,0,0,1
84163,0,0,0,0,0,0,0,0,1
84164,0,0,0,0,0,0,0,0,1
84165,0,0,0,0,0,0,0,0,1
84166,0,0,0,0,0,0,0,0,1
84167,0,0,0,0,0,0,0,0,1
84168,0,0,0,0,0,0,0,0,1
84169,0,0,0,0,0,0,0,0,1
84170,0,0,0,0,0,0,0,0,1
84171,0,0,0,0,0,0,0,0,1
84172,0,0,0,0,0,0,0,0,1
84173,0,0,0,0,0,0,0,0,1
84174,0,0,0,0,0,0,0,0,1
84175,0,0,0,0,0,0,0,0,1
84176,0,0,0,0,0,0,0,0,1
84177,0,0,0,0,0,0,0,0,1
84178,0,0,0,0,0,0,0,0,1
84179,0,0,0,0,0,0,0,0,1
84180,0,0,0,0,0,0,0,0,1
84181,0,0,0,0,0,0,0,0,1
84182,0,0,0,0,0,0,0,0,1
84183,0,0,0,0,0,0,0,0,1
84184,0,0,0,0,0,0,0,0,1
84185,0,0,0,0,0,0,0,0,1
84186,0,0,0,0,0,0,0,0,1
84187,0,0,0,0,0,0,0,0,1
84188,0,0,0,0,0,0,0,0,1
84189,0,0,0,0,0,0,0,0,1
84190,0,0,0,0,0,0,0,0,1
84191,0,0,0,0,0,0,0,0,1
84192,0,0,0,0,0,0,0,0,1
84193,0,0,0,0,0,0,0,0,1
84194,0,0,0,0,0,0,0,0,1
84195,0,0,0,0,0,0,0,0,1
84196,0,0,0,0,0,0,0,0,1
84197,0,0,0,0,0,0,0,0,1
84198,0,0,0,0,0,0,0,0,1
84199,0,0,0,0,0,0,0,0,1
84200,0,0,0,0,0,0,0,0,1
84201,0,0,0,0,0,0,0,0,1
84202,0,0,0,0,0,0,0,0,1
84203,0,0,0,0,0,0,0,0,1
84204,0,0,0,0,0,0,0,0,1
84205,0,0,0,0,0,0,0,0,1
84206,0,0,0,0,0,0,0,0,1
84207,0,0,0,0,0,0,0,0,1
84208,0,0,0,0,0,0,0,0,1
84209,0,0,0,0,0,0,0,0,1
84210,0,0,0,0,0,0,0,0,1
84211,0,0,0,0,0,0,0,0,1
84212,0,0,0,0,0,0,0,0,1
84213,0,0,0,0,0,0,0,0,1
84214,0,0,0,0,0,0,0,0,1
84215,0,0,0,0,0,0,0,0,1
84216,0,0,0,0,0,0,0,0,1
84217,0,0,0,0,0,0,0,0,1
84218,0,0,0,0,0,0,0,0,1
84219,0,0,0,0,0,0,0,0,1
84220,0,0,0,0,0,0,0,0,1
84221,0,0,0,0,0,0,0,0,1
84222,0,0,0,0,0,0,0,0,1
84223,0,0,0,0,0,0,0,0,1
84224,0,0,0,0,0,0,0,0,1
84225,0,0,0,0,0,0,0,0,1
84226,0,0,0,0,0,0,0,0,1
84227,0,0,0,0,0,0,0,0,1
84228,0,0,0,0,0,0,0,0,1
84229,0,0,0,0,0,0,0,0,1
84230,0,0,0,0,0,0,0,0,1
84231,0,0,0,0,0,0,0,0,1
84232,0,0,0,0,0,0,0,0,1
84233,0,0,0,0,0,0,0,0,1
84234,0,0,0,0,0,0,0,0,1
84235,0,0,0,0,0,0,0,0,1
84236,0,0,0,0,0,0,0,0,1
84237,0,0,0,0,0,0,0,0,1
84238,0,0,0,0,0,0,0,0,1
84239,0,0,0,0,0,0,0,0,1
84240,0,0,0,0,0,0,0,0,1
84241,0,0,0,0,0,0,0,0,1
84242,0,0,0,0,0,0,0,0,1
84243,0,0,0,0,0,0,0,0,1
84244,0,0,0,0,0,0,0,0,1
84245,0,0,0,0,0,0,0,0,1
84246,0,0,0,0,0,0,0,0,1
84247,0,0,0,0,0,0,0,0,1
84248,0,0,0,0,0,0,0,0,1
84249,0,0,0,0,0,0,0,0,1
84250,0,0,0,0,0,0,0,0,1
84251,0,0,0,0,0,0,0,0,1
84252,0,0,0,0,0,0,0,0,1
84253,0,0,0,0,0,0,0,0,1
84254,0,0,0,0,0,0,0,0,1
84255,0,0,0,0,0,0,0,0,1
84256,0,0,0,0,0,0,0,0,1
84257,0,0,0,0,0,0,0,0,1
84258,0,0,0,0,0,0,0,0,1
84259,0,0,0,0,0,0,0,0,1
84260,0,0,0,0,0,0,0,0,1
84261,0,0,0,0,0,0,0,0,1
84262,0,0,0,0,0,0,0,0,1
84263,0,0,0,0,0,0,0,0,1
84264,0,0,0,0,0,0,0,0,1
84265,0,0,0,0,0,0,0,0,1
84266,0,0,0,0,0,0,0,0,1
84267,0,0,0,0,0,0,0,0,1
84268,0,0,0,0,0,0,0,0,1
84269,0,0,0,0,0,0,0,0,1
84270,0,0,0,0,0,0,0,0,1
84271,0,0,0,0,0,0,0,0,1
84272,0,0,0,0,0,0,0,0,1
84273,0,0,0,0,0,0,0,0,1
84274,0,0,0,0,0,0,0,0,1
84275,0,0,0,0,0,0,0,0,1
84276,0,0,0,0,0,0,0,0,1
84277,0,0,0,0,0,0,0,0,1
84278,0,0,0,0,0,0,0,0,1
84279,0,0,0,0,0,0,0,0,1
84280,0,0,0,0,0,0,0,0,1
84281,0,0,0,0,0,0,0,0,1
84282,0,0,0,0,0,0,0,0,1
84283,0,0,0,0,0,0,0,0,1
84284,0,0,0,0,0,0,0,0,1
84285,0,0,0,0,0,0,0,0,1
84286,0,0,0,0,0,0,0,0,1
84287,0,0,0,0,0,0,0,0,1
84288,0,0,0,0,0,0,0,0,1
84289,0,0,0,0,0,0,0,0,1
84290,0,0,0,0,0,0,0,0,1
84291,0,0,0,0,0,0,0,0,1
84292,0,0,0,0,0,0,0,0,1
84293,0,0,0,0,0,0,0,0,1
84294,0,0,0,0,0,0,0,0,1
84295,0,0,0,0,0,0,0,0,1
84296,0,0,0,0,0,0,0,0,1
84297,0,0,0,0,0,0,0,0,1
84298,0,0,0,0,0,0,0,0,1
84299,0,0,0,0,0,0,0,0,1
84300,0,0,0,0,0,0,0,0,1
84301,0,0,0,0,0,0,0,0,1
84302,0,0,0,0,0,0,0,0,1
84303,0,0,0,0,0,0,0,0,1
84304,0,0,0,0,0,0,0,0,1
84305,0,0,0,0,0,0,0,0,1
84306,0,0,0,0,0,0,0,0,1
84307,0,0,0,0,0,0,0,0,1
84308,0,0,0,0,0,0,0,0,1
84309,0,0,0,0,0,0,0,0,1
84310,0,0,0,0,0,0,0,0,1
84311,0,0,0,0,0,0,0,0,1
84312,0,0,0,0,0,0,0,0,1
84313,0,0,0,0,0,0,0,0,1
84314,0,0,0,0,0,0,0,0,1
84315,0,0,0,0,0,0,0,0,1
84316,0,0,0,0,0,0,0,0,1
84317,0,0,0,0,0,0,0,0,1
84318,0,0,0,0,0,0,0,0,1
84319,0,0,0,0,0,0,0,0,1
84320,0,0,0,0,0,0,0,0,1
84321,0,0,0,0,0,0,0,0,1
84322,0,0,0,0,0,0,0,0,1
84323,0,0,0,0,0,0,0,0,1
84324,0,0,0,0,0,0,0,0,1
84325,0,0,0,0,0,0,0,0,1
84326,0,0,0,0,0,0,0,0,1
84327,0,0,0,0,0,0,0,0,1
84328,0,0,0,0,0,0,0,0,1
84329,0,0,0,0,0,0,0,0,1
84330,0,0,0,0,0,0,0,0,1
84331,0,0,0,0,0,0,0,0,1
84332,0,0,0,0,0,0,0,0,1
84333,0,0,0,0,0,0,0,0,1
84334,0,0,0,0,0,0,0,0,1
84335,0,0,0,0,0,0,0,0,1
84336,0,0,0,0,0,0,0,0,1
84337,0,0,0,0,0,0,0,0,1
84338,0,0,0,0,0,0,0,0,1
84339,0,0,0,0,0,0,0,0,1
84340,0,0,0,0,0,0,0,0,1
84341,0,0,0,0,0,0,0,0,1
84342,0,0,0,0,0,0,0,0,1
84343,0,0,0,0,0,0,0,0,1
84344,0,0,0,0,0,0,0,0,1
84345,0,0,0,0,0,0,0,0,1
84346,0,0,0,0,0,0,0,0,1
84347,0,0,0,0,0,0,0,0,1
84348,0,0,0,0,0,0,0,0,1
84349,0,0,0,0,0,0,0,0,1
84350,0,0,0,0,0,0,0,0,1
84351,0,0,0,0,0,0,0,0,1
84352,0,0,0,0,0,0,0,0,1
84353,0,0,0,0,0,0,0,0,1
84354,0,0,0,0,0,0,0,0,1
84355,0,0,0,0,0,0,0,0,1
84356,0,0,0,0,0,0,0,0,1
84357,0,0,0,0,0,0,0,0,1
84358,0,0,0,0,0,0,0,0,1
84359,0,0,0,0,0,0,0,0,1
84360,0,0,0,0,0,0,0,0,1
84361,0,0,0,0,0,0,0,0,1
84362,0,0,0,0,0,0,0,0,1
84363,0,0,0,0,0,0,0,0,1
84364,0,0,0,0,0,0,0,0,1
84365,0,0,0,0,0,0,0,0,1
84366,0,0,0,0,0,0,0,0,1
84367,0,0,0,0,0,0,0,0,1
84368,0,0,0,0,0,0,0,0,1
84369,0,0,0,0,0,0,0,0,1
84370,0,0,0,0,0,0,0,0,1
84371,0,0,0,0,0,0,0,0,1
84372,0,0,0,0,0,0,0,0,1
84373,0,0,0,0,0,0,0,0,1
84374,0,0,0,0,0,0,0,0,1
84375,0,0,0,0,0,0,0,0,1
84376,0,0,0,0,0,0,0,0,1
84377,0,0,0,0,0,0,0,0,1
84378,0,0,0,0,0,0,0,0,1
84379,0,0,0,0,0,0,0,0,1
84380,0,0,0,0,0,0,0,0,1
84381,0,0,0,0,0,0,0,0,1
84382,0,0,0,0,0,0,0,0,1
84383,0,0,0,0,0,0,0,0,1
84384,0,0,0,0,0,0,0,0,1
84385,0,0,0,0,0,0,0,0,1
84386,0,0,0,0,0,0,0,0,1
84387,0,0,0,0,0,0,0,0,1
84388,0,0,0,0,0,0,0,0,1
84389,0,0,0,0,0,0,0,0,1
84390,0,0,0,0,0,0,0,0,1
84391,0,0,0,0,0,0,0,0,1
84392,0,0,0,0,0,0,0,0,1
84393,0,0,0,0,0,0,0,0,1
84394,0,0,0,0,0,0,0,0,1
84395,0,0,0,0,0,0,0,0,1
84396,0,0,0,0,0,0,0,0,1
84397,0,0,0,0,0,0,0,0,1
84398,0,0,0,0,0,0,0,0,1
84399,0,0,0,0,0,0,0,0,1
84400,0,0,0,0,0,0,0,0,1
84401,0,0,0,0,0,0,0,0,1
84402,0,0,0,0,0,0,0,0,1
84403,0,0,0,0,0,0,0,0,1
84404,0,0,0,0,0,0,0,0,1
84405,0,0,0,0,0,0,0,0,1
84406,0,0,0,0,0,0,0,0,1
84407,0,0,0,0,0,0,0,0,1
84408,0,0,0,0,0,0,0,0,1
84409,0,0,0,0,0,0,0,0,1
84410,0,0,0,0,0,0,0,0,1
84411,0,0,0,0,0,0,0,0,1
84412,0,0,0,0,0,0,0,0,1
84413,0,0,0,0,0,0,0,0,1
84414,0,0,0,0,0,0,0,0,1
84415,0,0,0,0,0,0,0,0,1
84416,0,0,0,0,0,0,0,0,1
84417,0,0,0,0,0,0,0,0,1
84418,0,0,0,0,0,0,0,0,1
84419,0,0,0,0,0,0,0,0,1
84420,0,0,0,0,0,0,0,0,1
84421,0,0,0,0,0,0,0,0,1
84422,0,0,0,0,0,0,0,0,1
84423,0,0,0,0,0,0,0,0,1
84424,0,0,0,0,0,0,0,0,1
84425,0,0,0,0,0,0,0,0,1
84426,0,0,0,0,0,0,0,0,1
84427,0,0,0,0,0,0,0,0,1
84428,0,0,0,0,0,0,0,0,1
84429,0,0,0,0,0,0,0,0,1
84430,0,0,0,0,0,0,0,0,1
84431,0,0,0,0,0,0,0,0,1
84432,0,0,0,0,0,0,0,0,1
84433,0,0,0,0,0,0,0,0,1
84434,0,0,0,0,0,0,0,0,1
84435,0,0,0,0,0,0,0,0,1
84436,0,0,0,0,0,0,0,0,1
84437,0,0,0,0,0,0,0,0,1
84438,0,0,0,0,0,0,0,0,1
84439,0,0,0,0,0,0,0,0,1
84440,0,0,0,0,0,0,0,0,1
84441,0,0,0,0,0,0,0,0,1
84442,0,0,0,0,0,0,0,0,1
84443,0,0,0,0,0,0,0,0,1
84444,0,0,0,0,0,0,0,0,1
84445,0,0,0,0,0,0,0,0,1
84446,0,0,0,0,0,0,0,0,1
84447,0,0,0,0,0,0,0,0,1
84448,0,0,0,0,0,0,0,0,1
84449,0,0,0,0,0,0,0,0,1
84450,0,0,0,0,0,0,0,0,1
84451,0,0,0,0,0,0,0,0,1
84452,0,0,0,0,0,0,0,0,1
84453,0,0,0,0,0,0,0,0,1
84454,0,0,0,0,0,0,0,0,1
84455,0,0,0,0,0,0,0,0,1
84456,0,0,0,0,0,0,0,0,1
84457,0,0,0,0,0,0,0,0,1
84458,0,0,0,0,0,0,0,0,1
84459,0,0,0,0,0,0,0,0,1
84460,0,0,0,0,0,0,0,0,1
84461,0,0,0,0,0,0,0,0,1
84462,0,0,0,0,0,0,0,0,1
84463,0,0,0,0,0,0,0,0,1
84464,0,0,0,0,0,0,0,0,1
84465,0,0,0,0,0,0,0,0,1
84466,0,0,0,0,0,0,0,0,1
84467,0,0,0,0,0,0,0,0,1
84468,0,0,0,0,0,0,0,0,1
84469,0,0,0,0,0,0,0,0,1
84470,0,0,0,0,0,0,0,0,1
84471,0,0,0,0,0,0,0,0,1
84472,0,0,0,0,0,0,0,0,1
84473,0,0,0,0,0,0,0,0,1
84474,0,0,0,0,0,0,0,0,1
84475,0,0,0,0,0,0,0,0,1
84476,0,0,0,0,0,0,0,0,1
84477,0,0,0,0,0,0,0,0,1
84478,0,0,0,0,0,0,0,0,1
84479,0,0,0,0,0,0,0,0,1
84480,0,0,0,0,0,0,0,0,1
84481,0,0,0,0,0,0,0,0,1
84482,0,0,0,0,0,0,0,0,1
84483,0,0,0,0,0,0,0,0,1
84484,0,0,0,0,0,0,0,0,1
84485,0,0,0,0,0,0,0,0,1
84486,0,0,0,0,0,0,0,0,1
84487,0,0,0,0,0,0,0,0,1
84488,0,0,0,0,0,0,0,0,1
84489,0,0,0,0,0,0,0,0,1
84490,0,0,0,0,0,0,0,0,1
84491,0,0,0,0,0,0,0,0,1
84492,0,0,0,0,0,0,0,0,1
84493,0,0,0,0,0,0,0,0,1
84494,0,0,0,0,0,0,0,0,1
84495,0,0,0,0,0,0,0,0,1
84496,0,0,0,0,0,0,0,0,1
84497,0,0,0,0,0,0,0,0,1
84498,0,0,0,0,0,0,0,0,1
84499,0,0,0,0,0,0,0,0,1
84500,0,0,0,0,0,0,0,0,1
84501,0,0,0,0,0,0,0,0,1
84502,0,0,0,0,0,0,0,0,1
84503,0,0,0,0,0,0,0,0,1
84504,0,0,0,0,0,0,0,0,1
84505,0,0,0,0,0,0,0,0,1
84506,0,0,0,0,0,0,0,0,1
84507,0,0,0,0,0,0,0,0,1
84508,0,0,0,0,0,0,0,0,1
84509,0,0,0,0,0,0,0,0,1
84510,0,0,0,0,0,0,0,0,1
84511,0,0,0,0,0,0,0,0,1
84512,0,0,0,0,0,0,0,0,1
84513,0,0,0,0,0,0,0,0,1
84514,0,0,0,0,0,0,0,0,1
84515,0,0,0,0,0,0,0,0,1
84516,0,0,0,0,0,0,0,0,1
84517,0,0,0,0,0,0,0,0,1
84518,0,0,0,0,0,0,0,0,1
84519,0,0,0,0,0,0,0,0,1
84520,0,0,0,0,0,0,0,0,1
84521,0,0,0,0,0,0,0,0,1
84522,0,0,0,0,0,0,0,0,1
84523,0,0,0,0,0,0,0,0,1
84524,0,0,0,0,0,0,0,0,1
84525,0,0,0,0,0,0,0,0,1
84526,0,0,0,0,0,0,0,0,1
84527,0,0,0,0,0,0,0,0,1
84528,0,0,0,0,0,0,0,0,1
84529,0,0,0,0,0,0,0,0,1
84530,0,0,0,0,0,0,0,0,1
84531,0,0,0,0,0,0,0,0,1
84532,0,0,0,0,0,0,0,0,1
84533,0,0,0,0,0,0,0,0,1
84534,0,0,0,0,0,0,0,0,1
84535,0,0,0,0,0,0,0,0,1
84536,0,0,0,0,0,0,0,0,1
84537,0,0,0,0,0,0,0,0,1
84538,0,0,0,0,0,0,0,0,1
84539,0,0,0,0,0,0,0,0,1
84540,0,0,0,0,0,0,0,0,1
84541,0,0,0,0,0,0,0,0,1
84542,0,0,0,0,0,0,0,0,1
84543,0,0,0,0,0,0,0,0,1
84544,0,0,0,0,0,0,0,0,1
84545,0,0,0,0,0,0,0,0,1
84546,0,0,0,0,0,0,0,0,1
84547,0,0,0,0,0,0,0,0,1
84548,0,0,0,0,0,0,0,0,1
84549,0,0,0,0,0,0,0,0,1
84550,0,0,0,0,0,0,0,0,1
84551,0,0,0,0,0,0,0,0,1
84552,0,0,0,0,0,0,0,0,1
84553,0,0,0,0,0,0,0,0,1
84554,0,0,0,0,0,0,0,0,1
84555,0,0,0,0,0,0,0,0,1
84556,0,0,0,0,0,0,0,0,1
84557,0,0,0,0,0,0,0,0,1
84558,0,0,0,0,0,0,0,0,1
84559,0,0,0,0,0,0,0,0,1
84560,0,0,0,0,0,0,0,0,1
84561,0,0,0,0,0,0,0,0,1
84562,0,0,0,0,0,0,0,0,1
84563,0,0,0,0,0,0,0,0,1
84564,0,0,0,0,0,0,0,0,1
84565,0,0,0,0,0,0,0,0,1
84566,0,0,0,0,0,0,0,0,1
84567,0,0,0,0,0,0,0,0,1
84568,0,0,0,0,0,0,0,0,1
84569,0,0,0,0,0,0,0,0,1
84570,0,0,0,0,0,0,0,0,1
84571,0,0,0,0,0,0,0,0,1
84572,0,0,0,0,0,0,0,0,1
84573,0,0,0,0,0,0,0,0,1
84574,0,0,0,0,0,0,0,0,1
84575,0,0,0,0,0,0,0,0,1
84576,0,0,0,0,0,0,0,0,1
84577,0,0,0,0,0,0,0,0,1
84578,0,0,0,0,0,0,0,0,1
84579,0,0,0,0,0,0,0,0,1
84580,0,0,0,0,0,0,0,0,1
84581,0,0,0,0,0,0,0,0,1
84582,0,0,0,0,0,0,0,0,1
84583,0,0,0,0,0,0,0,0,1
84584,0,0,0,0,0,0,0,0,1
84585,0,0,0,0,0,0,0,0,1
84586,0,0,0,0,0,0,0,0,1
84587,0,0,0,0,0,0,0,0,1
84588,0,0,0,0,0,0,0,0,1
84589,0,0,0,0,0,0,0,0,1
84590,0,0,0,0,0,0,0,0,1
84591,0,0,0,0,0,0,0,0,1
84592,0,0,0,0,0,0,0,0,1
84593,0,0,0,0,0,0,0,0,1
84594,0,0,0,0,0,0,0,0,1
84595,0,0,0,0,0,0,0,0,1
84596,0,0,0,0,0,0,0,0,1
84597,0,0,0,0,0,0,0,0,1
84598,0,0,0,0,0,0,0,0,1
84599,0,0,0,0,0,0,0,0,1
84600,0,0,0,0,0,0,0,0,1
84601,0,0,0,0,0,0,0,0,1
84602,0,0,0,0,0,0,0,0,1
84603,0,0,0,0,0,0,0,0,1
84604,0,0,0,0,0,0,0,0,1
84605,0,0,0,0,0,0,0,0,1
84606,0,0,0,0,0,0,0,0,1
84607,0,0,0,0,0,0,0,0,1
84608,0,0,0,0,0,0,0,0,1
84609,0,0,0,0,0,0,0,0,1
84610,0,0,0,0,0,0,0,0,1
84611,0,0,0,0,0,0,0,0,1
84612,0,0,0,0,0,0,0,0,1
84613,0,0,0,0,0,0,0,0,1
84614,0,0,0,0,0,0,0,0,1
84615,0,0,0,0,0,0,0,0,1
84616,0,0,0,0,0,0,0,0,1
84617,0,0,0,0,0,0,0,0,1
84618,0,0,0,0,0,0,0,0,1
84619,0,0,0,0,0,0,0,0,1
84620,0,0,0,0,0,0,0,0,1
84621,0,0,0,0,0,0,0,0,1
84622,0,0,0,0,0,0,0,0,1
84623,0,0,0,0,0,0,0,0,1
84624,0,0,0,0,0,0,0,0,1
84625,0,0,0,0,0,0,0,0,1
84626,0,0,0,0,0,0,0,0,1
84627,0,0,0,0,0,0,0,0,1
84628,0,0,0,0,0,0,0,0,1
84629,0,0,0,0,0,0,0,0,1
84630,0,0,0,0,0,0,0,0,1
84631,0,0,0,0,0,0,0,0,1
84632,0,0,0,0,0,0,0,0,1
84633,0,0,0,0,0,0,0,0,1
84634,0,0,0,0,0,0,0,0,1
84635,0,0,0,0,0,0,0,0,1
84636,0,0,0,0,0,0,0,0,1
84637,0,0,0,0,0,0,0,0,1
84638,0,0,0,0,0,0,0,0,1
84639,0,0,0,0,0,0,0,0,1
84640,0,0,0,0,0,0,0,0,1
84641,0,0,0,0,0,0,0,0,1
84642,0,0,0,0,0,0,0,0,1
84643,0,0,0,0,0,0,0,0,1
84644,0,0,0,0,0,0,0,0,1
84645,0,0,0,0,0,0,0,0,1
84646,0,0,0,0,0,0,0,0,1
84647,0,0,0,0,0,0,0,0,1
84648,0,0,0,0,0,0,0,0,1
84649,0,0,0,0,0,0,0,0,1
84650,0,0,0,0,0,0,0,0,1
84651,0,0,0,0,0,0,0,0,1
84652,0,0,0,0,0,0,0,0,1
84653,0,0,0,0,0,0,0,0,1
84654,0,0,0,0,0,0,0,0,1
84655,0,0,0,0,0,0,0,0,1
84656,0,0,0,0,0,0,0,0,1
84657,0,0,0,0,0,0,0,0,1
84658,0,0,0,0,0,0,0,0,1
84659,0,0,0,0,0,0,0,0,1
84660,0,0,0,0,0,0,0,0,1
84661,0,0,0,0,0,0,0,0,1
84662,0,0,0,0,0,0,0,0,1
84663,0,0,0,0,0,0,0,0,1
84664,0,0,0,0,0,0,0,0,1
84665,0,0,0,0,0,0,0,0,1
84666,0,0,0,0,0,0,0,0,1
84667,0,0,0,0,0,0,0,0,1
84668,0,0,0,0,0,0,0,0,1
84669,0,0,0,0,0,0,0,0,1
84670,0,0,0,0,0,0,0,0,1
84671,0,0,0,0,0,0,0,0,1
84672,0,0,0,0,0,0,0,0,1
84673,0,0,0,0,0,0,0,0,1
84674,0,0,0,0,0,0,0,0,1
84675,0,0,0,0,0,0,0,0,1
84676,0,0,0,0,0,0,0,0,1
84677,0,0,0,0,0,0,0,0,1
84678,0,0,0,0,0,0,0,0,1
84679,0,0,0,0,0,0,0,0,1
84680,0,0,0,0,0,0,0,0,1
84681,0,0,0,0,0,0,0,0,1
84682,0,0,0,0,0,0,0,0,1
84683,0,0,0,0,0,0,0,0,1
84684,0,0,0,0,0,0,0,0,1
84685,0,0,0,0,0,0,0,0,1
84686,0,0,0,0,0,0,0,0,1
84687,0,0,0,0,0,0,0,0,1
84688,0,0,0,0,0,0,0,0,1
84689,0,0,0,0,0,0,0,0,1
84690,0,0,0,0,0,0,0,0,1
84691,0,0,0,0,0,0,0,0,1
84692,0,0,0,0,0,0,0,0,1
84693,0,0,0,0,0,0,0,0,1
84694,0,0,0,0,0,0,0,0,1
84695,0,0,0,0,0,0,0,0,1
84696,0,0,0,0,0,0,0,0,1
84697,0,0,0,0,0,0,0,0,1
84698,0,0,0,0,0,0,0,0,1
84699,0,0,0,0,0,0,0,0,1
84700,0,0,0,0,0,0,0,0,1
84701,0,0,0,0,0,0,0,0,1
84702,0,0,0,0,0,0,0,0,1
84703,0,0,0,0,0,0,0,0,1
84704,0,0,0,0,0,0,0,0,1
84705,0,0,0,0,0,0,0,0,1
84706,0,0,0,0,0,0,0,0,1
84707,0,0,0,0,0,0,0,0,1
84708,0,0,0,0,0,0,0,0,1
84709,0,0,0,0,0,0,0,0,1
84710,0,0,0,0,0,0,0,0,1
84711,0,0,0,0,0,0,0,0,1
84712,0,0,0,0,0,0,0,0,1
84713,0,0,0,0,0,0,0,0,1
84714,0,0,0,0,0,0,0,0,1
84715,0,0,0,0,0,0,0,0,1
84716,0,0,0,0,0,0,0,0,1
84717,0,0,0,0,0,0,0,0,1
84718,0,0,0,0,0,0,0,0,1
84719,0,0,0,0,0,0,0,0,1
84720,0,0,0,0,0,0,0,0,1
84721,0,0,0,0,0,0,0,0,1
84722,0,0,0,0,0,0,0,0,1
84723,0,0,0,0,0,0,0,0,1
84724,0,0,0,0,0,0,0,0,1
84725,0,0,0,0,0,0,0,0,1
84726,0,0,0,0,0,0,0,0,1
84727,0,0,0,0,0,0,0,0,1
84728,0,0,0,0,0,0,0,0,1
84729,0,0,0,0,0,0,0,0,1
84730,0,0,0,0,0,0,0,0,1
84731,0,0,0,0,0,0,0,0,1
84732,0,0,0,0,0,0,0,0,1
84733,0,0,0,0,0,0,0,0,1
84734,0,0,0,0,0,0,0,0,1
84735,0,0,0,0,0,0,0,0,1
84736,0,0,0,0,0,0,0,0,1
84737,0,0,0,0,0,0,0,0,1
84738,0,0,0,0,0,0,0,0,1
84739,0,0,0,0,0,0,0,0,1
84740,0,0,0,0,0,0,0,0,1
84741,0,0,0,0,0,0,0,0,1
84742,0,0,0,0,0,0,0,0,1
84743,0,0,0,0,0,0,0,0,1
84744,0,0,0,0,0,0,0,0,1
84745,0,0,0,0,0,0,0,0,1
84746,0,0,0,0,0,0,0,0,1
84747,0,0,0,0,0,0,0,0,1
84748,0,0,0,0,0,0,0,0,1
84749,0,0,0,0,0,0,0,0,1
84750,0,0,0,0,0,0,0,0,1
84751,0,0,0,0,0,0,0,0,1
84752,0,0,0,0,0,0,0,0,1
84753,0,0,0,0,0,0,0,0,1
84754,0,0,0,0,0,0,0,0,1
84755,0,0,0,0,0,0,0,0,1
84756,0,0,0,0,0,0,0,0,1
84757,0,0,0,0,0,0,0,0,1
84758,0,0,0,0,0,0,0,0,1
84759,0,0,0,0,0,0,0,0,1
84760,0,0,0,0,0,0,0,0,1
84761,0,0,0,0,0,0,0,0,1
84762,0,0,0,0,0,0,0,0,1
84763,0,0,0,0,0,0,0,0,1
84764,0,0,0,0,0,0,0,0,1
84765,0,0,0,0,0,0,0,0,1
84766,0,0,0,0,0,0,0,0,1
84767,0,0,0,0,0,0,0,0,1
84768,0,0,0,0,0,0,0,0,1
84769,0,0,0,0,0,0,0,0,1
84770,0,0,0,0,0,0,0,0,1
84771,0,0,0,0,0,0,0,0,1
84772,0,0,0,0,0,0,0,0,1
84773,0,0,0,0,0,0,0,0,1
84774,0,0,0,0,0,0,0,0,1
84775,0,0,0,0,0,0,0,0,1
84776,0,0,0,0,0,0,0,0,1
84777,0,0,0,0,0,0,0,0,1
84778,0,0,0,0,0,0,0,0,1
84779,0,0,0,0,0,0,0,0,1
84780,0,0,0,0,0,0,0,0,1
84781,0,0,0,0,0,0,0,0,1
84782,0,0,0,0,0,0,0,0,1
84783,0,0,0,0,0,0,0,0,1
84784,0,0,0,0,0,0,0,0,1
84785,0,0,0,0,0,0,0,0,1
84786,0,0,0,0,0,0,0,0,1
84787,0,0,0,0,0,0,0,0,1
84788,0,0,0,0,0,0,0,0,1
84789,0,0,0,0,0,0,0,0,1
84790,0,0,0,0,0,0,0,0,1
84791,0,0,0,0,0,0,0,0,1
84792,0,0,0,0,0,0,0,0,1
84793,0,0,0,0,0,0,0,0,1
84794,0,0,0,0,0,0,0,0,1
84795,0,0,0,0,0,0,0,0,1
84796,0,0,0,0,0,0,0,0,1
84797,0,0,0,0,0,0,0,0,1
84798,0,0,0,0,0,0,0,0,1
84799,0,0,0,0,0,0,0,0,1
84800,0,0,0,0,0,0,0,0,1
84801,0,0,0,0,0,0,0,0,1
84802,0,0,0,0,0,0,0,0,1
84803,0,0,0,0,0,0,0,0,1
84804,0,0,0,0,0,0,0,0,1
84805,0,0,0,0,0,0,0,0,1
84806,0,0,0,0,0,0,0,0,1
84807,0,0,0,0,0,0,0,0,1
84808,0,0,0,0,0,0,0,0,1
84809,0,0,0,0,0,0,0,0,1
84810,0,0,0,0,0,0,0,0,1
84811,0,0,0,0,0,0,0,0,1
84812,0,0,0,0,0,0,0,0,1
84813,0,0,0,0,0,0,0,0,1
84814,0,0,0,0,0,0,0,0,1
84815,0,0,0,0,0,0,0,0,1
84816,0,0,0,0,0,0,0,0,1
84817,0,0,0,0,0,0,0,0,1
84818,0,0,0,0,0,0,0,0,1
84819,0,0,0,0,0,0,0,0,1
84820,0,0,0,0,0,0,0,0,1
84821,0,0,0,0,0,0,0,0,1
84822,0,0,0,0,0,0,0,0,1
84823,0,0,0,0,0,0,0,0,1
84824,0,0,0,0,0,0,0,0,1
84825,0,0,0,0,0,0,0,0,1
84826,0,0,0,0,0,0,0,0,1
84827,0,0,0,0,0,0,0,0,1
84828,0,0,0,0,0,0,0,0,1
84829,0,0,0,0,0,0,0,0,1
84830,0,0,0,0,0,0,0,0,1
84831,0,0,0,0,0,0,0,0,1
84832,0,0,0,0,0,0,0,0,1
84833,0,0,0,0,0,0,0,0,1
84834,0,0,0,0,0,0,0,0,1
84835,0,0,0,0,0,0,0,0,1
84836,0,0,0,0,0,0,0,0,1
84837,0,0,0,0,0,0,0,0,1
84838,0,0,0,0,0,0,0,0,1
84839,0,0,0,0,0,0,0,0,1
84840,0,0,0,0,0,0,0,0,1
84841,0,0,0,0,0,0,0,0,1
84842,0,0,0,0,0,0,0,0,1
84843,0,0,0,0,0,0,0,0,1
84844,0,0,0,0,0,0,0,0,1
84845,0,0,0,0,0,0,0,0,1
84846,0,0,0,0,0,0,0,0,1
84847,0,0,0,0,0,0,0,0,1
84848,0,0,0,0,0,0,0,0,1
84849,0,0,0,0,0,0,0,0,1
84850,0,0,0,0,0,0,0,0,1
84851,0,0,0,0,0,0,0,0,1
84852,0,0,0,0,0,0,0,0,1
84853,0,0,0,0,0,0,0,0,1
84854,0,0,0,0,0,0,0,0,1
84855,0,0,0,0,0,0,0,0,1
84856,0,0,0,0,0,0,0,0,1
84857,0,0,0,0,0,0,0,0,1
84858,0,0,0,0,0,0,0,0,1
84859,0,0,0,0,0,0,0,0,1
84860,0,0,0,0,0,0,0,0,1
84861,0,0,0,0,0,0,0,0,1
84862,0,0,0,0,0,0,0,0,1
84863,0,0,0,0,0,0,0,0,1
84864,0,0,0,0,0,0,0,0,1
84865,0,0,0,0,0,0,0,0,1
84866,0,0,0,0,0,0,0,0,1
84867,0,0,0,0,0,0,0,0,1
84868,0,0,0,0,0,0,0,0,1
84869,0,0,0,0,0,0,0,0,1
84870,0,0,0,0,0,0,0,0,1
84871,0,0,0,0,0,0,0,0,1
84872,0,0,0,0,0,0,0,0,1
84873,0,0,0,0,0,0,0,0,1
84874,0,0,0,0,0,0,0,0,1
84875,0,0,0,0,0,0,0,0,1
84876,0,0,0,0,0,0,0,0,1
84877,0,0,0,0,0,0,0,0,1
84878,0,0,0,0,0,0,0,0,1
84879,0,0,0,0,0,0,0,0,1
84880,0,0,0,0,0,0,0,0,1
84881,0,0,0,0,0,0,0,0,1
84882,0,0,0,0,0,0,0,0,1
84883,0,0,0,0,0,0,0,0,1
84884,0,0,0,0,0,0,0,0,1
84885,0,0,0,0,0,0,0,0,1
84886,0,0,0,0,0,0,0,0,1
84887,0,0,0,0,0,0,0,0,1
84888,0,0,0,0,0,0,0,0,1
84889,0,0,0,0,0,0,0,0,1
84890,0,0,0,0,0,0,0,0,1
84891,0,0,0,0,0,0,0,0,1
84892,0,0,0,0,0,0,0,0,1
84893,0,0,0,0,0,0,0,0,1
84894,0,0,0,0,0,0,0,0,1
84895,0,0,0,0,0,0,0,0,1
84896,0,0,0,0,0,0,0,0,1
84897,0,0,0,0,0,0,0,0,1
84898,0,0,0,0,0,0,0,0,1
84899,0,0,0,0,0,0,0,0,1
84900,0,0,0,0,0,0,0,0,1
84901,0,0,0,0,0,0,0,0,1
84902,0,0,0,0,0,0,0,0,1
84903,0,0,0,0,0,0,0,0,1
84904,0,0,0,0,0,0,0,0,1
84905,0,0,0,0,0,0,0,0,1
84906,0,0,0,0,0,0,0,0,1
84907,0,0,0,0,0,0,0,0,1
84908,0,0,0,0,0,0,0,0,1
84909,0,0,0,0,0,0,0,0,1
84910,0,0,0,0,0,0,0,0,1
84911,0,0,0,0,0,0,0,0,1
84912,0,0,0,0,0,0,0,0,1
84913,0,0,0,0,0,0,0,0,1
84914,0,0,0,0,0,0,0,0,1
84915,0,0,0,0,0,0,0,0,1
84916,0,0,0,0,0,0,0,0,1
84917,0,0,0,0,0,0,0,0,1
84918,0,0,0,0,0,0,0,0,1
84919,0,0,0,0,0,0,0,0,1
84920,0,0,0,0,0,0,0,0,1
84921,0,0,0,0,0,0,0,0,1
84922,0,0,0,0,0,0,0,0,1
84923,0,0,0,0,0,0,0,0,1
84924,0,0,0,0,0,0,0,0,1
84925,0,0,0,0,0,0,0,0,1
84926,0,0,0,0,0,0,0,0,1
84927,0,0,0,0,0,0,0,0,1
84928,0,0,0,0,0,0,0,0,1
84929,0,0,0,0,0,0,0,0,1
84930,0,0,0,0,0,0,0,0,1
84931,0,0,0,0,0,0,0,0,1
84932,0,0,0,0,0,0,0,0,1
84933,0,0,0,0,0,0,0,0,1
84934,0,0,0,0,0,0,0,0,1
84935,0,0,0,0,0,0,0,0,1
84936,0,0,0,0,0,0,0,0,1
84937,0,0,0,0,0,0,0,0,1
84938,0,0,0,0,0,0,0,0,1
84939,0,0,0,0,0,0,0,0,1
84940,0,0,0,0,0,0,0,0,1
84941,0,0,0,0,0,0,0,0,1
84942,0,0,0,0,0,0,0,0,1
84943,0,0,0,0,0,0,0,0,1
84944,0,0,0,0,0,0,0,0,1
84945,0,0,0,0,0,0,0,0,1
84946,0,0,0,0,0,0,0,0,1
84947,0,0,0,0,0,0,0,0,1
84948,0,0,0,0,0,0,0,0,1
84949,0,0,0,0,0,0,0,0,1
84950,0,0,0,0,0,0,0,0,1
84951,0,0,0,0,0,0,0,0,1
84952,0,0,0,0,0,0,0,0,1
84953,0,0,0,0,0,0,0,0,1
84954,0,0,0,0,0,0,0,0,1
84955,0,0,0,0,0,0,0,0,1
84956,0,0,0,0,0,0,0,0,1
84957,0,0,0,0,0,0,0,0,1
84958,0,0,0,0,0,0,0,0,1
84959,0,0,0,0,0,0,0,0,1
84960,0,0,0,0,0,0,0,0,1
84961,0,0,0,0,0,0,0,0,1
84962,0,0,0,0,0,0,0,0,1
84963,0,0,0,0,0,0,0,0,1
84964,0,0,0,0,0,0,0,0,1
84965,0,0,0,0,0,0,0,0,1
84966,0,0,0,0,0,0,0,0,1
84967,0,0,0,0,0,0,0,0,1
84968,0,0,0,0,0,0,0,0,1
84969,0,0,0,0,0,0,0,0,1
84970,0,0,0,0,0,0,0,0,1
84971,0,0,0,0,0,0,0,0,1
84972,0,0,0,0,0,0,0,0,1
84973,0,0,0,0,0,0,0,0,1
84974,0,0,0,0,0,0,0,0,1
84975,0,0,0,0,0,0,0,0,1
84976,0,0,0,0,0,0,0,0,1
84977,0,0,0,0,0,0,0,0,1
84978,0,0,0,0,0,0,0,0,1
84979,0,0,0,0,0,0,0,0,1
84980,0,0,0,0,0,0,0,0,1
84981,0,0,0,0,0,0,0,0,1
84982,0,0,0,0,0,0,0,0,1
84983,0,0,0,0,0,0,0,0,1
84984,0,0,0,0,0,0,0,0,1
84985,0,0,0,0,0,0,0,0,1
84986,0,0,0,0,0,0,0,0,1
84987,0,0,0,0,0,0,0,0,1
84988,0,0,0,0,0,0,0,0,1
84989,0,0,0,0,0,0,0,0,1
84990,0,0,0,0,0,0,0,0,1
84991,0,0,0,0,0,0,0,0,1
84992,0,0,0,0,0,0,0,0,1
84993,0,0,0,0,0,0,0,0,1
84994,0,0,0,0,0,0,0,0,1
84995,0,0,0,0,0,0,0,0,1
84996,0,0,0,0,0,0,0,0,1
84997,0,0,0,0,0,0,0,0,1
84998,0,0,0,0,0,0,0,0,1
84999,0,0,0,0,0,0,0,0,1
85000,0,0,0,0,0,0,0,0,1
85001,0,0,0,0,0,0,0,0,1
85002,0,0,0,0,0,0,0,0,1
85003,0,0,0,0,0,0,0,0,1
85004,0,0,0,0,0,0,0,0,1
85005,0,0,0,0,0,0,0,0,1
85006,0,0,0,0,0,0,0,0,1
85007,0,0,0,0,0,0,0,0,1
85008,0,0,0,0,0,0,0,0,1
85009,0,0,0,0,0,0,0,0,1
85010,0,0,0,0,0,0,0,0,1
85011,0,0,0,0,0,0,0,0,1
85012,0,0,0,0,0,0,0,0,1
85013,0,0,0,0,0,0,0,0,1
85014,0,0,0,0,0,0,0,0,1
85015,0,0,0,0,0,0,0,0,1
85016,0,0,0,0,0,0,0,0,1
85017,0,0,0,0,0,0,0,0,1
85018,0,0,0,0,0,0,0,0,1
85019,0,0,0,0,0,0,0,0,1
85020,0,0,0,0,0,0,0,0,1
85021,0,0,0,0,0,0,0,0,1
85022,0,0,0,0,0,0,0,0,1
85023,0,0,0,0,0,0,0,0,1
85024,0,0,0,0,0,0,0,0,1
85025,0,0,0,0,0,0,0,0,1
85026,0,0,0,0,0,0,0,0,1
85027,0,0,0,0,0,0,0,0,1
85028,0,0,0,0,0,0,0,0,1
85029,0,0,0,0,0,0,0,0,1
85030,0,0,0,0,0,0,0,0,1
85031,0,0,0,0,0,0,0,0,1
85032,0,0,0,0,0,0,0,0,1
85033,0,0,0,0,0,0,0,0,1
85034,0,0,0,0,0,0,0,0,1
85035,0,0,0,0,0,0,0,0,1
85036,0,0,0,0,0,0,0,0,1
85037,0,0,0,0,0,0,0,0,1
85038,0,0,0,0,0,0,0,0,1
85039,0,0,0,0,0,0,0,0,1
85040,0,0,0,0,0,0,0,0,1
85041,0,0,0,0,0,0,0,0,1
85042,0,0,0,0,0,0,0,0,1
85043,0,0,0,0,0,0,0,0,1
85044,0,0,0,0,0,0,0,0,1
85045,0,0,0,0,0,0,0,0,1
85046,0,0,0,0,0,0,0,0,1
85047,0,0,0,0,0,0,0,0,1
85048,0,0,0,0,0,0,0,0,1
85049,0,0,0,0,0,0,0,0,1
85050,0,0,0,0,0,0,0,0,1
85051,0,0,0,0,0,0,0,0,1
85052,0,0,0,0,0,0,0,0,1
85053,0,0,0,0,0,0,0,0,1
85054,0,0,0,0,0,0,0,0,1
85055,0,0,0,0,0,0,0,0,1
85056,0,0,0,0,0,0,0,0,1
85057,0,0,0,0,0,0,0,0,1
85058,0,0,0,0,0,0,0,0,1
85059,0,0,0,0,0,0,0,0,1
85060,0,0,0,0,0,0,0,0,1
85061,0,0,0,0,0,0,0,0,1
85062,0,0,0,0,0,0,0,0,1
85063,0,0,0,0,0,0,0,0,1
85064,0,0,0,0,0,0,0,0,1
85065,0,0,0,0,0,0,0,0,1
85066,0,0,0,0,0,0,0,0,1
85067,0,0,0,0,0,0,0,0,1
85068,0,0,0,0,0,0,0,0,1
85069,0,0,0,0,0,0,0,0,1
85070,0,0,0,0,0,0,0,0,1
85071,0,0,0,0,0,0,0,0,1
85072,0,0,0,0,0,0,0,0,1
85073,0,0,0,0,0,0,0,0,1
85074,0,0,0,0,0,0,0,0,1
85075,0,0,0,0,0,0,0,0,1
85076,0,0,0,0,0,0,0,0,1
85077,0,0,0,0,0,0,0,0,1
85078,0,0,0,0,0,0,0,0,1
85079,0,0,0,0,0,0,0,0,1
85080,0,0,0,0,0,0,0,0,1
85081,0,0,0,0,0,0,0,0,1
85082,0,0,0,0,0,0,0,0,1
85083,0,0,0,0,0,0,0,0,1
85084,0,0,0,0,0,0,0,0,1
85085,0,0,0,0,0,0,0,0,1
85086,0,0,0,0,0,0,0,0,1
85087,0,0,0,0,0,0,0,0,1
85088,0,0,0,0,0,0,0,0,1
85089,0,0,0,0,0,0,0,0,1
85090,0,0,0,0,0,0,0,0,1
85091,0,0,0,0,0,0,0,0,1
85092,0,0,0,0,0,0,0,0,1
85093,0,0,0,0,0,0,0,0,1
85094,0,0,0,0,0,0,0,0,1
85095,0,0,0,0,0,0,0,0,1
85096,0,0,0,0,0,0,0,0,1
85097,0,0,0,0,0,0,0,0,1
85098,0,0,0,0,0,0,0,0,1
85099,0,0,0,0,0,0,0,0,1
85100,0,0,0,0,0,0,0,0,1
85101,0,0,0,0,0,0,0,0,1
85102,0,0,0,0,0,0,0,0,1
85103,0,0,0,0,0,0,0,0,1
85104,0,0,0,0,0,0,0,0,1
85105,0,0,0,0,0,0,0,0,1
85106,0,0,0,0,0,0,0,0,1
85107,0,0,0,0,0,0,0,0,1
85108,0,0,0,0,0,0,0,0,1
85109,0,0,0,0,0,0,0,0,1
85110,0,0,0,0,0,0,0,0,1
85111,0,0,0,0,0,0,0,0,1
85112,0,0,0,0,0,0,0,0,1
85113,0,0,0,0,0,0,0,0,1
85114,0,0,0,0,0,0,0,0,1
85115,0,0,0,0,0,0,0,0,1
85116,0,0,0,0,0,0,0,0,1
85117,0,0,0,0,0,0,0,0,1
85118,0,0,0,0,0,0,0,0,1
85119,0,0,0,0,0,0,0,0,1
85120,0,0,0,0,0,0,0,0,1
85121,0,0,0,0,0,0,0,0,1
85122,0,0,0,0,0,0,0,0,1
85123,0,0,0,0,0,0,0,0,1
85124,0,0,0,0,0,0,0,0,1
85125,0,0,0,0,0,0,0,0,1
85126,0,0,0,0,0,0,0,0,1
85127,0,0,0,0,0,0,0,0,1
85128,0,0,0,0,0,0,0,0,1
85129,0,0,0,0,0,0,0,0,1
85130,0,0,0,0,0,0,0,0,1
85131,0,0,0,0,0,0,0,0,1
85132,0,0,0,0,0,0,0,0,1
85133,0,0,0,0,0,0,0,0,1
85134,0,0,0,0,0,0,0,0,1
85135,0,0,0,0,0,0,0,0,1
85136,0,0,0,0,0,0,0,0,1
85137,0,0,0,0,0,0,0,0,1
85138,0,0,0,0,0,0,0,0,1
85139,0,0,0,0,0,0,0,0,1
85140,0,0,0,0,0,0,0,0,1
85141,0,0,0,0,0,0,0,0,1
85142,0,0,0,0,0,0,0,0,1
85143,0,0,0,0,0,0,0,0,1
85144,0,0,0,0,0,0,0,0,1
85145,0,0,0,0,0,0,0,0,1
85146,0,0,0,0,0,0,0,0,1
85147,0,0,0,0,0,0,0,0,1
85148,0,0,0,0,0,0,0,0,1
85149,0,0,0,0,0,0,0,0,1
85150,0,0,0,0,0,0,0,0,1
85151,0,0,0,0,0,0,0,0,1
85152,0,0,0,0,0,0,0,0,1
85153,0,0,0,0,0,0,0,0,1
85154,0,0,0,0,0,0,0,0,1
85155,0,0,0,0,0,0,0,0,1
85156,0,0,0,0,0,0,0,0,1
85157,0,0,0,0,0,0,0,0,1
85158,0,0,0,0,0,0,0,0,1
85159,0,0,0,0,0,0,0,0,1
85160,0,0,0,0,0,0,0,0,1
85161,0,0,0,0,0,0,0,0,1
85162,0,0,0,0,0,0,0,0,1
85163,0,0,0,0,0,0,0,0,1
85164,0,0,0,0,0,0,0,0,1
85165,0,0,0,0,0,0,0,0,1
85166,0,0,0,0,0,0,0,0,1
85167,0,0,0,0,0,0,0,0,1
85168,0,0,0,0,0,0,0,0,1
85169,0,0,0,0,0,0,0,0,1
85170,0,0,0,0,0,0,0,0,1
85171,0,0,0,0,0,0,0,0,1
85172,0,0,0,0,0,0,0,0,1
85173,0,0,0,0,0,0,0,0,1
85174,0,0,0,0,0,0,0,0,1
85175,0,0,0,0,0,0,0,0,1
85176,0,0,0,0,0,0,0,0,1
85177,0,0,0,0,0,0,0,0,1
85178,0,0,0,0,0,0,0,0,1
85179,0,0,0,0,0,0,0,0,1
85180,0,0,0,0,0,0,0,0,1
85181,0,0,0,0,0,0,0,0,1
85182,0,0,0,0,0,0,0,0,1
85183,0,0,0,0,0,0,0,0,1
85184,0,0,0,0,0,0,0,0,1
85185,0,0,0,0,0,0,0,0,1
85186,0,0,0,0,0,0,0,0,1
85187,0,0,0,0,0,0,0,0,1
85188,0,0,0,0,0,0,0,0,1
85189,0,0,0,0,0,0,0,0,1
85190,0,0,0,0,0,0,0,0,1
85191,0,0,0,0,0,0,0,0,1
85192,0,0,0,0,0,0,0,0,1
85193,0,0,0,0,0,0,0,0,1
85194,0,0,0,0,0,0,0,0,1
85195,0,0,0,0,0,0,0,0,1
85196,0,0,0,0,0,0,0,0,1
85197,0,0,0,0,0,0,0,0,1
85198,0,0,0,0,0,0,0,0,1
85199,0,0,0,0,0,0,0,0,1
85200,0,0,0,0,0,0,0,0,1
85201,0,0,0,0,0,0,0,0,1
85202,0,0,0,0,0,0,0,0,1
85203,0,0,0,0,0,0,0,0,1
85204,0,0,0,0,0,0,0,0,1
85205,0,0,0,0,0,0,0,0,1
85206,0,0,0,0,0,0,0,0,1
85207,0,0,0,0,0,0,0,0,1
85208,0,0,0,0,0,0,0,0,1
85209,0,0,0,0,0,0,0,0,1
85210,0,0,0,0,0,0,0,0,1
85211,0,0,0,0,0,0,0,0,1
85212,0,0,0,0,0,0,0,0,1
85213,0,0,0,0,0,0,0,0,1
85214,0,0,0,0,0,0,0,0,1
85215,0,0,0,0,0,0,0,0,1
85216,0,0,0,0,0,0,0,0,1
85217,0,0,0,0,0,0,0,0,1
85218,0,0,0,0,0,0,0,0,1
85219,0,0,0,0,0,0,0,0,1
85220,0,0,0,0,0,0,0,0,1
85221,0,0,0,0,0,0,0,0,1
85222,0,0,0,0,0,0,0,0,1
85223,0,0,0,0,0,0,0,0,1
85224,0,0,0,0,0,0,0,0,1
85225,0,0,0,0,0,0,0,0,1
85226,0,0,0,0,0,0,0,0,1
85227,0,0,0,0,0,0,0,0,1
85228,0,0,0,0,0,0,0,0,1
85229,0,0,0,0,0,0,0,0,1
85230,0,0,0,0,0,0,0,0,1
85231,0,0,0,0,0,0,0,0,1
85232,0,0,0,0,0,0,0,0,1
85233,0,0,0,0,0,0,0,0,1
85234,0,0,0,0,0,0,0,0,1
85235,0,0,0,0,0,0,0,0,1
85236,0,0,0,0,0,0,0,0,1
85237,0,0,0,0,0,0,0,0,1
85238,0,0,0,0,0,0,0,0,1
85239,0,0,0,0,0,0,0,0,1
85240,0,0,0,0,0,0,0,0,1
85241,0,0,0,0,0,0,0,0,1
85242,0,0,0,0,0,0,0,0,1
85243,0,0,0,0,0,0,0,0,1
85244,0,0,0,0,0,0,0,0,1
85245,0,0,0,0,0,0,0,0,1
85246,0,0,0,0,0,0,0,0,1
85247,0,0,0,0,0,0,0,0,1
85248,0,0,0,0,0,0,0,0,1
85249,0,0,0,0,0,0,0,0,1
85250,0,0,0,0,0,0,0,0,1
85251,0,0,0,0,0,0,0,0,1
85252,0,0,0,0,0,0,0,0,1
85253,0,0,0,0,0,0,0,0,1
85254,0,0,0,0,0,0,0,0,1
85255,0,0,0,0,0,0,0,0,1
85256,0,0,0,0,0,0,0,0,1
85257,0,0,0,0,0,0,0,0,1
85258,0,0,0,0,0,0,0,0,1
85259,0,0,0,0,0,0,0,0,1
85260,0,0,0,0,0,0,0,0,1
85261,0,0,0,0,0,0,0,0,1
85262,0,0,0,0,0,0,0,0,1
85263,0,0,0,0,0,0,0,0,1
85264,0,0,0,0,0,0,0,0,1
85265,0,0,0,0,0,0,0,0,1
85266,0,0,0,0,0,0,0,0,1
85267,0,0,0,0,0,0,0,0,1
85268,0,0,0,0,0,0,0,0,1
85269,0,0,0,0,0,0,0,0,1
85270,0,0,0,0,0,0,0,0,1
85271,0,0,0,0,0,0,0,0,1
85272,0,0,0,0,0,0,0,0,1
85273,0,0,0,0,0,0,0,0,1
85274,0,0,0,0,0,0,0,0,1
85275,0,0,0,0,0,0,0,0,1
85276,0,0,0,0,0,0,0,0,1
85277,0,0,0,0,0,0,0,0,1
85278,0,0,0,0,0,0,0,0,1
85279,0,0,0,0,0,0,0,0,1
85280,0,0,0,0,0,0,0,0,1
85281,0,0,0,0,0,0,0,0,1
85282,0,0,0,0,0,0,0,0,1
85283,0,0,0,0,0,0,0,0,1
85284,0,0,0,0,0,0,0,0,1
85285,0,0,0,0,0,0,0,0,1
85286,0,0,0,0,0,0,0,0,1
85287,0,0,0,0,0,0,0,0,1
85288,0,0,0,0,0,0,0,0,1
85289,0,0,0,0,0,0,0,0,1
85290,0,0,0,0,0,0,0,0,1
85291,0,0,0,0,0,0,0,0,1
85292,0,0,0,0,0,0,0,0,1
85293,0,0,0,0,0,0,0,0,1
85294,0,0,0,0,0,0,0,0,1
85295,0,0,0,0,0,0,0,0,1
85296,0,0,0,0,0,0,0,0,1
85297,0,0,0,0,0,0,0,0,1
85298,0,0,0,0,0,0,0,0,1
85299,0,0,0,0,0,0,0,0,1
85300,0,0,0,0,0,0,0,0,1
85301,0,0,0,0,0,0,0,0,1
85302,0,0,0,0,0,0,0,0,1
85303,0,0,0,0,0,0,0,0,1
85304,0,0,0,0,0,0,0,0,1
85305,0,0,0,0,0,0,0,0,1
85306,0,0,0,0,0,0,0,0,1
85307,0,0,0,0,0,0,0,0,1
85308,0,0,0,0,0,0,0,0,1
85309,0,0,0,0,0,0,0,0,1
85310,0,0,0,0,0,0,0,0,1
85311,0,0,0,0,0,0,0,0,1
85312,0,0,0,0,0,0,0,0,1
85313,0,0,0,0,0,0,0,0,1
85314,0,0,0,0,0,0,0,0,1
85315,0,0,0,0,0,0,0,0,1
85316,0,0,0,0,0,0,0,0,1
85317,0,0,0,0,0,0,0,0,1
85318,0,0,0,0,0,0,0,0,1
85319,0,0,0,0,0,0,0,0,1
85320,0,0,0,0,0,0,0,0,1
85321,0,0,0,0,0,0,0,0,1
85322,0,0,0,0,0,0,0,0,1
85323,0,0,0,0,0,0,0,0,1
85324,0,0,0,0,0,0,0,0,1
85325,0,0,0,0,0,0,0,0,1
85326,0,0,0,0,0,0,0,0,1
85327,0,0,0,0,0,0,0,0,1
85328,0,0,0,0,0,0,0,0,1
85329,0,0,0,0,0,0,0,0,1
85330,0,0,0,0,0,0,0,0,1
85331,0,0,0,0,0,0,0,0,1
85332,0,0,0,0,0,0,0,0,1
85333,0,0,0,0,0,0,0,0,1
85334,0,0,0,0,0,0,0,0,1
85335,0,0,0,0,0,0,0,0,1
85336,0,0,0,0,0,0,0,0,1
85337,0,0,0,0,0,0,0,0,1
85338,0,0,0,0,0,0,0,0,1
85339,0,0,0,0,0,0,0,0,1
85340,0,0,0,0,0,0,0,0,1
85341,0,0,0,0,0,0,0,0,1
85342,0,0,0,0,0,0,0,0,1
85343,0,0,0,0,0,0,0,0,1
85344,0,0,0,0,0,0,0,0,1
85345,0,0,0,0,0,0,0,0,1
85346,0,0,0,0,0,0,0,0,1
85347,0,0,0,0,0,0,0,0,1
85348,0,0,0,0,0,0,0,0,1
85349,0,0,0,0,0,0,0,0,1
85350,0,0,0,0,0,0,0,0,1
85351,0,0,0,0,0,0,0,0,1
85352,0,0,0,0,0,0,0,0,1
85353,0,0,0,0,0,0,0,0,1
85354,0,0,0,0,0,0,0,0,1
85355,0,0,0,0,0,0,0,0,1
85356,0,0,0,0,0,0,0,0,1
85357,0,0,0,0,0,0,0,0,1
85358,0,0,0,0,0,0,0,0,1
85359,0,0,0,0,0,0,0,0,1
85360,0,0,0,0,0,0,0,0,1
85361,0,0,0,0,0,0,0,0,1
85362,0,0,0,0,0,0,0,0,1
85363,0,0,0,0,0,0,0,0,1
85364,0,0,0,0,0,0,0,0,1
85365,0,0,0,0,0,0,0,0,1
85366,0,0,0,0,0,0,0,0,1
85367,0,0,0,0,0,0,0,0,1
85368,0,0,0,0,0,0,0,0,1
85369,0,0,0,0,0,0,0,0,1
85370,0,0,0,0,0,0,0,0,1
85371,0,0,0,0,0,0,0,0,1
85372,0,0,0,0,0,0,0,0,1
85373,0,0,0,0,0,0,0,0,1
85374,0,0,0,0,0,0,0,0,1
85375,0,0,0,0,0,0,0,0,1
85376,0,0,0,0,0,0,0,0,1
85377,0,0,0,0,0,0,0,0,1
85378,0,0,0,0,0,0,0,0,1
85379,0,0,0,0,0,0,0,0,1
85380,0,0,0,0,0,0,0,0,1
85381,0,0,0,0,0,0,0,0,1
85382,0,0,0,0,0,0,0,0,1
85383,0,0,0,0,0,0,0,0,1
85384,0,0,0,0,0,0,0,0,1
85385,0,0,0,0,0,0,0,0,1
85386,0,0,0,0,0,0,0,0,1
85387,0,0,0,0,0,0,0,0,1
85388,0,0,0,0,0,0,0,0,1
85389,0,0,0,0,0,0,0,0,1
85390,0,0,0,0,0,0,0,0,1
85391,0,0,0,0,0,0,0,0,1
85392,0,0,0,0,0,0,0,0,1
85393,0,0,0,0,0,0,0,0,1
85394,0,0,0,0,0,0,0,0,1
85395,0,0,0,0,0,0,0,0,1
85396,0,0,0,0,0,0,0,0,1
85397,0,0,0,0,0,0,0,0,1
85398,0,0,0,0,0,0,0,0,1
85399,0,0,0,0,0,0,0,0,1
85400,0,0,0,0,0,0,0,0,1
85401,0,0,0,0,0,0,0,0,1
85402,0,0,0,0,0,0,0,0,1
85403,0,0,0,0,0,0,0,0,1
85404,0,0,0,0,0,0,0,0,1
85405,0,0,0,0,0,0,0,0,1
85406,0,0,0,0,0,0,0,0,1
85407,0,0,0,0,0,0,0,0,1
85408,0,0,0,0,0,0,0,0,1
85409,0,0,0,0,0,0,0,0,1
85410,0,0,0,0,0,0,0,0,1
85411,0,0,0,0,0,0,0,0,1
85412,0,0,0,0,0,0,0,0,1
85413,0,0,0,0,0,0,0,0,1
85414,0,0,0,0,0,0,0,0,1
85415,0,0,0,0,0,0,0,0,1
85416,0,0,0,0,0,0,0,0,1
85417,0,0,0,0,0,0,0,0,1
85418,0,0,0,0,0,0,0,0,1
85419,0,0,0,0,0,0,0,0,1
85420,0,0,0,0,0,0,0,0,1
85421,0,0,0,0,0,0,0,0,1
85422,0,0,0,0,0,0,0,0,1
85423,0,0,0,0,0,0,0,0,1
85424,0,0,0,0,0,0,0,0,1
85425,0,0,0,0,0,0,0,0,1
85426,0,0,0,0,0,0,0,0,1
85427,0,0,0,0,0,0,0,0,1
85428,0,0,0,0,0,0,0,0,1
85429,0,0,0,0,0,0,0,0,1
85430,0,0,0,0,0,0,0,0,1
85431,0,0,0,0,0,0,0,0,1
85432,0,0,0,0,0,0,0,0,1
85433,0,0,0,0,0,0,0,0,1
85434,0,0,0,0,0,0,0,0,1
85435,0,0,0,0,0,0,0,0,1
85436,0,0,0,0,0,0,0,0,1
85437,0,0,0,0,0,0,0,0,1
85438,0,0,0,0,0,0,0,0,1
85439,0,0,0,0,0,0,0,0,1
85440,0,0,0,0,0,0,0,0,1
85441,0,0,0,0,0,0,0,0,1
85442,0,0,0,0,0,0,0,0,1
85443,0,0,0,0,0,0,0,0,1
85444,0,0,0,0,0,0,0,0,1
85445,0,0,0,0,0,0,0,0,1
85446,0,0,0,0,0,0,0,0,1
85447,0,0,0,0,0,0,0,0,1
85448,0,0,0,0,0,0,0,0,1
85449,0,0,0,0,0,0,0,0,1
85450,0,0,0,0,0,0,0,0,1
85451,0,0,0,0,0,0,0,0,1
85452,0,0,0,0,0,0,0,0,1
85453,0,0,0,0,0,0,0,0,1
85454,0,0,0,0,0,0,0,0,1
85455,0,0,0,0,0,0,0,0,1
85456,0,0,0,0,0,0,0,0,1
85457,0,0,0,0,0,0,0,0,1
85458,0,0,0,0,0,0,0,0,1
85459,0,0,0,0,0,0,0,0,1
85460,0,0,0,0,0,0,0,0,1
85461,0,0,0,0,0,0,0,0,1
85462,0,0,0,0,0,0,0,0,1
85463,0,0,0,0,0,0,0,0,1
85464,0,0,0,0,0,0,0,0,1
85465,0,0,0,0,0,0,0,0,1
85466,0,0,0,0,0,0,0,0,1
85467,0,0,0,0,0,0,0,0,1
85468,0,0,0,0,0,0,0,0,1
85469,0,0,0,0,0,0,0,0,1
85470,0,0,0,0,0,0,0,0,1
85471,0,0,0,0,0,0,0,0,1
85472,0,0,0,0,0,0,0,0,1
85473,0,0,0,0,0,0,0,0,1
85474,0,0,0,0,0,0,0,0,1
85475,0,0,0,0,0,0,0,0,1
85476,0,0,0,0,0,0,0,0,1
85477,0,0,0,0,0,0,0,0,1
85478,0,0,0,0,0,0,0,0,1
85479,0,0,0,0,0,0,0,0,1
85480,0,0,0,0,0,0,0,0,1
85481,0,0,0,0,0,0,0,0,1
85482,0,0,0,0,0,0,0,0,1
85483,0,0,0,0,0,0,0,0,1
85484,0,0,0,0,0,0,0,0,1
85485,0,0,0,0,0,0,0,0,1
85486,0,0,0,0,0,0,0,0,1
85487,0,0,0,0,0,0,0,0,1
85488,0,0,0,0,0,0,0,0,1
85489,0,0,0,0,0,0,0,0,1
85490,0,0,0,0,0,0,0,0,1
85491,0,0,0,0,0,0,0,0,1
85492,0,0,0,0,0,0,0,0,1
85493,0,0,0,0,0,0,0,0,1
85494,0,0,0,0,0,0,0,0,1
85495,0,0,0,0,0,0,0,0,1
85496,0,0,0,0,0,0,0,0,1
85497,0,0,0,0,0,0,0,0,1
85498,0,0,0,0,0,0,0,0,1
85499,0,0,0,0,0,0,0,0,1
85500,0,0,0,0,0,0,0,0,1
85501,0,0,0,0,0,0,0,0,1
85502,0,0,0,0,0,0,0,0,1
85503,0,0,0,0,0,0,0,0,1
85504,0,0,0,0,0,0,0,0,1
85505,0,0,0,0,0,0,0,0,1
85506,0,0,0,0,0,0,0,0,1
85507,0,0,0,0,0,0,0,0,1
85508,0,0,0,0,0,0,0,0,1
85509,0,0,0,0,0,0,0,0,1
85510,0,0,0,0,0,0,0,0,1
85511,0,0,0,0,0,0,0,0,1
85512,0,0,0,0,0,0,0,0,1
85513,0,0,0,0,0,0,0,0,1
85514,0,0,0,0,0,0,0,0,1
85515,0,0,0,0,0,0,0,0,1
85516,0,0,0,0,0,0,0,0,1
85517,0,0,0,0,0,0,0,0,1
85518,0,0,0,0,0,0,0,0,1
85519,0,0,0,0,0,0,0,0,1
85520,0,0,0,0,0,0,0,0,1
85521,0,0,0,0,0,0,0,0,1
85522,0,0,0,0,0,0,0,0,1
85523,0,0,0,0,0,0,0,0,1
85524,0,0,0,0,0,0,0,0,1
85525,0,0,0,0,0,0,0,0,1
85526,0,0,0,0,0,0,0,0,1
85527,0,0,0,0,0,0,0,0,1
85528,0,0,0,0,0,0,0,0,1
85529,0,0,0,0,0,0,0,0,1
85530,0,0,0,0,0,0,0,0,1
85531,0,0,0,0,0,0,0,0,1
85532,0,0,0,0,0,0,0,0,1
85533,0,0,0,0,0,0,0,0,1
85534,0,0,0,0,0,0,0,0,1
85535,0,0,0,0,0,0,0,0,1
85536,0,0,0,0,0,0,0,0,1
85537,0,0,0,0,0,0,0,0,1
85538,0,0,0,0,0,0,0,0,1
85539,0,0,0,0,0,0,0,0,1
85540,0,0,0,0,0,0,0,0,1
85541,0,0,0,0,0,0,0,0,1
85542,0,0,0,0,0,0,0,0,1
85543,0,0,0,0,0,0,0,0,1
85544,0,0,0,0,0,0,0,0,1
85545,0,0,0,0,0,0,0,0,1
85546,0,0,0,0,0,0,0,0,1
85547,0,0,0,0,0,0,0,0,1
85548,0,0,0,0,0,0,0,0,1
85549,0,0,0,0,0,0,0,0,1
85550,0,0,0,0,0,0,0,0,1
85551,0,0,0,0,0,0,0,0,1
85552,0,0,0,0,0,0,0,0,1
85553,0,0,0,0,0,0,0,0,1
85554,0,0,0,0,0,0,0,0,1
85555,0,0,0,0,0,0,0,0,1
85556,0,0,0,0,0,0,0,0,1
85557,0,0,0,0,0,0,0,0,1
85558,0,0,0,0,0,0,0,0,1
85559,0,0,0,0,0,0,0,0,1
85560,0,0,0,0,0,0,0,0,1
85561,0,0,0,0,0,0,0,0,1
85562,0,0,0,0,0,0,0,0,1
85563,0,0,0,0,0,0,0,0,1
85564,0,0,0,0,0,0,0,0,1
85565,0,0,0,0,0,0,0,0,1
85566,0,0,0,0,0,0,0,0,1
85567,0,0,0,0,0,0,0,0,1
85568,0,0,0,0,0,0,0,0,1
85569,0,0,0,0,0,0,0,0,1
85570,0,0,0,0,0,0,0,0,1
85571,0,0,0,0,0,0,0,0,1
85572,0,0,0,0,0,0,0,0,1
85573,0,0,0,0,0,0,0,0,1
85574,0,0,0,0,0,0,0,0,1
85575,0,0,0,0,0,0,0,0,1
85576,0,0,0,0,0,0,0,0,1
85577,0,0,0,0,0,0,0,0,1
85578,0,0,0,0,0,0,0,0,1
85579,0,0,0,0,0,0,0,0,1
85580,0,0,0,0,0,0,0,0,1
85581,0,0,0,0,0,0,0,0,1
85582,0,0,0,0,0,0,0,0,1
85583,0,0,0,0,0,0,0,0,1
85584,0,0,0,0,0,0,0,0,1
85585,0,0,0,0,0,0,0,0,1
85586,0,0,0,0,0,0,0,0,1
85587,0,0,0,0,0,0,0,0,1
85588,0,0,0,0,0,0,0,0,1
85589,0,0,0,0,0,0,0,0,1
85590,0,0,0,0,0,0,0,0,1
85591,0,0,0,0,0,0,0,0,1
85592,0,0,0,0,0,0,0,0,1
85593,0,0,0,0,0,0,0,0,1
85594,0,0,0,0,0,0,0,0,1
85595,0,0,0,0,0,0,0,0,1
85596,0,0,0,0,0,0,0,0,1
85597,0,0,0,0,0,0,0,0,1
85598,0,0,0,0,0,0,0,0,1
85599,0,0,0,0,0,0,0,0,1
85600,0,0,0,0,0,0,0,0,1
85601,0,0,0,0,0,0,0,0,1
85602,0,0,0,0,0,0,0,0,1
85603,0,0,0,0,0,0,0,0,1
85604,0,0,0,0,0,0,0,0,1
85605,0,0,0,0,0,0,0,0,1
85606,0,0,0,0,0,0,0,0,1
85607,0,0,0,0,0,0,0,0,1
85608,0,0,0,0,0,0,0,0,1
85609,0,0,0,0,0,0,0,0,1
85610,0,0,0,0,0,0,0,0,1
85611,0,0,0,0,0,0,0,0,1
85612,0,0,0,0,0,0,0,0,1
85613,0,0,0,0,0,0,0,0,1
85614,0,0,0,0,0,0,0,0,1
85615,0,0,0,0,0,0,0,0,1
85616,0,0,0,0,0,0,0,0,1
85617,0,0,0,0,0,0,0,0,1
85618,0,0,0,0,0,0,0,0,1
85619,0,0,0,0,0,0,0,0,1
85620,0,0,0,0,0,0,0,0,1
85621,0,0,0,0,0,0,0,0,1
85622,0,0,0,0,0,0,0,0,1
85623,0,0,0,0,0,0,0,0,1
85624,0,0,0,0,0,0,0,0,1
85625,0,0,0,0,0,0,0,0,1
85626,0,0,0,0,0,0,0,0,1
85627,0,0,0,0,0,0,0,0,1
85628,0,0,0,0,0,0,0,0,1
85629,0,0,0,0,0,0,0,0,1
85630,0,0,0,0,0,0,0,0,1
85631,0,0,0,0,0,0,0,0,1
85632,0,0,0,0,0,0,0,0,1
85633,0,0,0,0,0,0,0,0,1
85634,0,0,0,0,0,0,0,0,1
85635,0,0,0,0,0,0,0,0,1
85636,0,0,0,0,0,0,0,0,1
85637,0,0,0,0,0,0,0,0,1
85638,0,0,0,0,0,0,0,0,1
85639,0,0,0,0,0,0,0,0,1
85640,0,0,0,0,0,0,0,0,1
85641,0,0,0,0,0,0,0,0,1
85642,0,0,0,0,0,0,0,0,1
85643,0,0,0,0,0,0,0,0,1
85644,0,0,0,0,0,0,0,0,1
85645,0,0,0,0,0,0,0,0,1
85646,0,0,0,0,0,0,0,0,1
85647,0,0,0,0,0,0,0,0,1
85648,0,0,0,0,0,0,0,0,1
85649,0,0,0,0,0,0,0,0,1
85650,0,0,0,0,0,0,0,0,1
85651,0,0,0,0,0,0,0,0,1
85652,0,0,0,0,0,0,0,0,1
85653,0,0,0,0,0,0,0,0,1
85654,0,0,0,0,0,0,0,0,1
85655,0,0,0,0,0,0,0,0,1
85656,0,0,0,0,0,0,0,0,1
85657,0,0,0,0,0,0,0,0,1
85658,0,0,0,0,0,0,0,0,1
85659,0,0,0,0,0,0,0,0,1
85660,0,0,0,0,0,0,0,0,1
85661,0,0,0,0,0,0,0,0,1
85662,0,0,0,0,0,0,0,0,1
85663,0,0,0,0,0,0,0,0,1
85664,0,0,0,0,0,0,0,0,1
85665,0,0,0,0,0,0,0,0,1
85666,0,0,0,0,0,0,0,0,1
85667,0,0,0,0,0,0,0,0,1
85668,0,0,0,0,0,0,0,0,1
85669,0,0,0,0,0,0,0,0,1
85670,0,0,0,0,0,0,0,0,1
85671,0,0,0,0,0,0,0,0,1
85672,0,0,0,0,0,0,0,0,1
85673,0,0,0,0,0,0,0,0,1
85674,0,0,0,0,0,0,0,0,1
85675,0,0,0,0,0,0,0,0,1
85676,0,0,0,0,0,0,0,0,1
85677,0,0,0,0,0,0,0,0,1
85678,0,0,0,0,0,0,0,0,1
85679,0,0,0,0,0,0,0,0,1
85680,0,0,0,0,0,0,0,0,1
85681,0,0,0,0,0,0,0,0,1
85682,0,0,0,0,0,0,0,0,1
85683,0,0,0,0,0,0,0,0,1
85684,0,0,0,0,0,0,0,0,1
85685,0,0,0,0,0,0,0,0,1
85686,0,0,0,0,0,0,0,0,1
85687,0,0,0,0,0,0,0,0,1
85688,0,0,0,0,0,0,0,0,1
85689,0,0,0,0,0,0,0,0,1
85690,0,0,0,0,0,0,0,0,1
85691,0,0,0,0,0,0,0,0,1
85692,0,0,0,0,0,0,0,0,1
85693,0,0,0,0,0,0,0,0,1
85694,0,0,0,0,0,0,0,0,1
85695,0,0,0,0,0,0,0,0,1
85696,0,0,0,0,0,0,0,0,1
85697,0,0,0,0,0,0,0,0,1
85698,0,0,0,0,0,0,0,0,1
85699,0,0,0,0,0,0,0,0,1
85700,0,0,0,0,0,0,0,0,1
85701,0,0,0,0,0,0,0,0,1
85702,0,0,0,0,0,0,0,0,1
85703,0,0,0,0,0,0,0,0,1
85704,0,0,0,0,0,0,0,0,1
85705,0,0,0,0,0,0,0,0,1
85706,0,0,0,0,0,0,0,0,1
85707,0,0,0,0,0,0,0,0,1
85708,0,0,0,0,0,0,0,0,1
85709,0,0,0,0,0,0,0,0,1
85710,0,0,0,0,0,0,0,0,1
85711,0,0,0,0,0,0,0,0,1
85712,0,0,0,0,0,0,0,0,1
85713,0,0,0,0,0,0,0,0,1
85714,0,0,0,0,0,0,0,0,1
85715,0,0,0,0,0,0,0,0,1
85716,0,0,0,0,0,0,0,0,1
85717,0,0,0,0,0,0,0,0,1
85718,0,0,0,0,0,0,0,0,1
85719,0,0,0,0,0,0,0,0,1
85720,0,0,0,0,0,0,0,0,1
85721,0,0,0,0,0,0,0,0,1
85722,0,0,0,0,0,0,0,0,1
85723,0,0,0,0,0,0,0,0,1
85724,0,0,0,0,0,0,0,0,1
85725,0,0,0,0,0,0,0,0,1
85726,0,0,0,0,0,0,0,0,1
85727,0,0,0,0,0,0,0,0,1
85728,0,0,0,0,0,0,0,0,1
85729,0,0,0,0,0,0,0,0,1
85730,0,0,0,0,0,0,0,0,1
85731,0,0,0,0,0,0,0,0,1
85732,0,0,0,0,0,0,0,0,1
85733,0,0,0,0,0,0,0,0,1
85734,0,0,0,0,0,0,0,0,1
85735,0,0,0,0,0,0,0,0,1
85736,0,0,0,0,0,0,0,0,1
85737,0,0,0,0,0,0,0,0,1
85738,0,0,0,0,0,0,0,0,1
85739,0,0,0,0,0,0,0,0,1
85740,0,0,0,0,0,0,0,0,1
85741,0,0,0,0,0,0,0,0,1
85742,0,0,0,0,0,0,0,0,1
85743,0,0,0,0,0,0,0,0,1
85744,0,0,0,0,0,0,0,0,1
85745,0,0,0,0,0,0,0,0,1
85746,0,0,0,0,0,0,0,0,1
85747,0,0,0,0,0,0,0,0,1
85748,0,0,0,0,0,0,0,0,1
85749,0,0,0,0,0,0,0,0,1
85750,0,0,0,0,0,0,0,0,1
85751,0,0,0,0,0,0,0,0,1
85752,0,0,0,0,0,0,0,0,1
85753,0,0,0,0,0,0,0,0,1
85754,0,0,0,0,0,0,0,0,1
85755,0,0,0,0,0,0,0,0,1
85756,0,0,0,0,0,0,0,0,1
85757,0,0,0,0,0,0,0,0,1
85758,0,0,0,0,0,0,0,0,1
85759,0,0,0,0,0,0,0,0,1
85760,0,0,0,0,0,0,0,0,1
85761,0,0,0,0,0,0,0,0,1
85762,0,0,0,0,0,0,0,0,1
85763,0,0,0,0,0,0,0,0,1
85764,0,0,0,0,0,0,0,0,1
85765,0,0,0,0,0,0,0,0,1
85766,0,0,0,0,0,0,0,0,1
85767,0,0,0,0,0,0,0,0,1
85768,0,0,0,0,0,0,0,0,1
85769,0,0,0,0,0,0,0,0,1
85770,0,0,0,0,0,0,0,0,1
85771,0,0,0,0,0,0,0,0,1
85772,0,0,0,0,0,0,0,0,1
85773,0,0,0,0,0,0,0,0,1
85774,0,0,0,0,0,0,0,0,1
85775,0,0,0,0,0,0,0,0,1
85776,0,0,0,0,0,0,0,0,1
85777,0,0,0,0,0,0,0,0,1
85778,0,0,0,0,0,0,0,0,1
85779,0,0,0,0,0,0,0,0,1
85780,0,0,0,0,0,0,0,0,1
85781,0,0,0,0,0,0,0,0,1
85782,0,0,0,0,0,0,0,0,1
85783,0,0,0,0,0,0,0,0,1
85784,0,0,0,0,0,0,0,0,1
85785,0,0,0,0,0,0,0,0,1
85786,0,0,0,0,0,0,0,0,1
85787,0,0,0,0,0,0,0,0,1
85788,0,0,0,0,0,0,0,0,1
85789,0,0,0,0,0,0,0,0,1
85790,0,0,0,0,0,0,0,0,1
85791,0,0,0,0,0,0,0,0,1
85792,0,0,0,0,0,0,0,0,1
85793,0,0,0,0,0,0,0,0,1
85794,0,0,0,0,0,0,0,0,1
85795,0,0,0,0,0,0,0,0,1
85796,0,0,0,0,0,0,0,0,1
85797,0,0,0,0,0,0,0,0,1
85798,0,0,0,0,0,0,0,0,1
85799,0,0,0,0,0,0,0,0,1
85800,0,0,0,0,0,0,0,0,1
85801,0,0,0,0,0,0,0,0,1
85802,0,0,0,0,0,0,0,0,1
85803,0,0,0,0,0,0,0,0,1
85804,0,0,0,0,0,0,0,0,1
85805,0,0,0,0,0,0,0,0,1
85806,0,0,0,0,0,0,0,0,1
85807,0,0,0,0,0,0,0,0,1
85808,0,0,0,0,0,0,0,0,1
85809,0,0,0,0,0,0,0,0,1
85810,0,0,0,0,0,0,0,0,1
85811,0,0,0,0,0,0,0,0,1
85812,0,0,0,0,0,0,0,0,1
85813,0,0,0,0,0,0,0,0,1
85814,0,0,0,0,0,0,0,0,1
85815,0,0,0,0,0,0,0,0,1
85816,0,0,0,0,0,0,0,0,1
85817,0,0,0,0,0,0,0,0,1
85818,0,0,0,0,0,0,0,0,1
85819,0,0,0,0,0,0,0,0,1
85820,0,0,0,0,0,0,0,0,1
85821,0,0,0,0,0,0,0,0,1
85822,0,0,0,0,0,0,0,0,1
85823,0,0,0,0,0,0,0,0,1
85824,0,0,0,0,0,0,0,0,1
85825,0,0,0,0,0,0,0,0,1
85826,0,0,0,0,0,0,0,0,1
85827,0,0,0,0,0,0,0,0,1
85828,0,0,0,0,0,0,0,0,1
85829,0,0,0,0,0,0,0,0,1
85830,0,0,0,0,0,0,0,0,1
85831,0,0,0,0,0,0,0,0,1
85832,0,0,0,0,0,0,0,0,1
85833,0,0,0,0,0,0,0,0,1
85834,0,0,0,0,0,0,0,0,1
85835,0,0,0,0,0,0,0,0,1
85836,0,0,0,0,0,0,0,0,1
85837,0,0,0,0,0,0,0,0,1
85838,0,0,0,0,0,0,0,0,1
85839,0,0,0,0,0,0,0,0,1
85840,0,0,0,0,0,0,0,0,1
85841,0,0,0,0,0,0,0,0,1
85842,0,0,0,0,0,0,0,0,1
85843,0,0,0,0,0,0,0,0,1
85844,0,0,0,0,0,0,0,0,1
85845,0,0,0,0,0,0,0,0,1
85846,0,0,0,0,0,0,0,0,1
85847,0,0,0,0,0,0,0,0,1
85848,0,0,0,0,0,0,0,0,1
85849,0,0,0,0,0,0,0,0,1
85850,0,0,0,0,0,0,0,0,1
85851,0,0,0,0,0,0,0,0,1
85852,0,0,0,0,0,0,0,0,1
85853,0,0,0,0,0,0,0,0,1
85854,0,0,0,0,0,0,0,0,1
85855,0,0,0,0,0,0,0,0,1
85856,0,0,0,0,0,0,0,0,1
85857,0,0,0,0,0,0,0,0,1
85858,0,0,0,0,0,0,0,0,1
85859,0,0,0,0,0,0,0,0,1
85860,0,0,0,0,0,0,0,0,1
85861,0,0,0,0,0,0,0,0,1
85862,0,0,0,0,0,0,0,0,1
85863,0,0,0,0,0,0,0,0,1
85864,0,0,0,0,0,0,0,0,1
85865,0,0,0,0,0,0,0,0,1
85866,0,0,0,0,0,0,0,0,1
85867,0,0,0,0,0,0,0,0,1
85868,0,0,0,0,0,0,0,0,1
85869,0,0,0,0,0,0,0,0,1
85870,0,0,0,0,0,0,0,0,1
85871,0,0,0,0,0,0,0,0,1
85872,0,0,0,0,0,0,0,0,1
85873,0,0,0,0,0,0,0,0,1
85874,0,0,0,0,0,0,0,0,1
85875,0,0,0,0,0,0,0,0,1
85876,0,0,0,0,0,0,0,0,1
85877,0,0,0,0,0,0,0,0,1
85878,0,0,0,0,0,0,0,0,1
85879,0,0,0,0,0,0,0,0,1
85880,0,0,0,0,0,0,0,0,1
85881,0,0,0,0,0,0,0,0,1
85882,0,0,0,0,0,0,0,0,1
85883,0,0,0,0,0,0,0,0,1
85884,0,0,0,0,0,0,0,0,1
85885,0,0,0,0,0,0,0,0,1
85886,0,0,0,0,0,0,0,0,1
85887,0,0,0,0,0,0,0,0,1
85888,0,0,0,0,0,0,0,0,1
85889,0,0,0,0,0,0,0,0,1
85890,0,0,0,0,0,0,0,0,1
85891,0,0,0,0,0,0,0,0,1
85892,0,0,0,0,0,0,0,0,1
85893,0,0,0,0,0,0,0,0,1
85894,0,0,0,0,0,0,0,0,1
85895,0,0,0,0,0,0,0,0,1
85896,0,0,0,0,0,0,0,0,1
85897,0,0,0,0,0,0,0,0,1
85898,0,0,0,0,0,0,0,0,1
85899,0,0,0,0,0,0,0,0,1
85900,0,0,0,0,0,0,0,0,1
85901,0,0,0,0,0,0,0,0,1
85902,0,0,0,0,0,0,0,0,1
85903,0,0,0,0,0,0,0,0,1
85904,0,0,0,0,0,0,0,0,1
85905,0,0,0,0,0,0,0,0,1
85906,0,0,0,0,0,0,0,0,1
85907,0,0,0,0,0,0,0,0,1
85908,0,0,0,0,0,0,0,0,1
85909,0,0,0,0,0,0,0,0,1
85910,0,0,0,0,0,0,0,0,1
85911,0,0,0,0,0,0,0,0,1
85912,0,0,0,0,0,0,0,0,1
85913,0,0,0,0,0,0,0,0,1
85914,0,0,0,0,0,0,0,0,1
85915,0,0,0,0,0,0,0,0,1
85916,0,0,0,0,0,0,0,0,1
85917,0,0,0,0,0,0,0,0,1
85918,0,0,0,0,0,0,0,0,1
85919,0,0,0,0,0,0,0,0,1
85920,0,0,0,0,0,0,0,0,1
85921,0,0,0,0,0,0,0,0,1
85922,0,0,0,0,0,0,0,0,1
85923,0,0,0,0,0,0,0,0,1
85924,0,0,0,0,0,0,0,0,1
85925,0,0,0,0,0,0,0,0,1
85926,0,0,0,0,0,0,0,0,1
85927,0,0,0,0,0,0,0,0,1
85928,0,0,0,0,0,0,0,0,1
85929,0,0,0,0,0,0,0,0,1
85930,0,0,0,0,0,0,0,0,1
85931,0,0,0,0,0,0,0,0,1
85932,0,0,0,0,0,0,0,0,1
85933,0,0,0,0,0,0,0,0,1
85934,0,0,0,0,0,0,0,0,1
85935,0,0,0,0,0,0,0,0,1
85936,0,0,0,0,0,0,0,0,1
85937,0,0,0,0,0,0,0,0,1
85938,0,0,0,0,0,0,0,0,1
85939,0,0,0,0,0,0,0,0,1
85940,0,0,0,0,0,0,0,0,1
85941,0,0,0,0,0,0,0,0,1
85942,0,0,0,0,0,0,0,0,1
85943,0,0,0,0,0,0,0,0,1
85944,0,0,0,0,0,0,0,0,1
85945,0,0,0,0,0,0,0,0,1
85946,0,0,0,0,0,0,0,0,1
85947,0,0,0,0,0,0,0,0,1
85948,0,0,0,0,0,0,0,0,1
85949,0,0,0,0,0,0,0,0,1
85950,0,0,0,0,0,0,0,0,1
85951,0,0,0,0,0,0,0,0,1
85952,0,0,0,0,0,0,0,0,1
85953,0,0,0,0,0,0,0,0,1
85954,0,0,0,0,0,0,0,0,1
85955,0,0,0,0,0,0,0,0,1
85956,0,0,0,0,0,0,0,0,1
85957,0,0,0,0,0,0,0,0,1
85958,0,0,0,0,0,0,0,0,1
85959,0,0,0,0,0,0,0,0,1
85960,0,0,0,0,0,0,0,0,1
85961,0,0,0,0,0,0,0,0,1
85962,0,0,0,0,0,0,0,0,1
85963,0,0,0,0,0,0,0,0,1
85964,0,0,0,0,0,0,0,0,1
85965,0,0,0,0,0,0,0,0,1
85966,0,0,0,0,0,0,0,0,1
85967,0,0,0,0,0,0,0,0,1
85968,0,0,0,0,0,0,0,0,1
85969,0,0,0,0,0,0,0,0,1
85970,0,0,0,0,0,0,0,0,1
85971,0,0,0,0,0,0,0,0,1
85972,0,0,0,0,0,0,0,0,1
85973,0,0,0,0,0,0,0,0,1
85974,0,0,0,0,0,0,0,0,1
85975,0,0,0,0,0,0,0,0,1
85976,0,0,0,0,0,0,0,0,1
85977,0,0,0,0,0,0,0,0,1
85978,0,0,0,0,0,0,0,0,1
85979,0,0,0,0,0,0,0,0,1
85980,0,0,0,0,0,0,0,0,1
85981,0,0,0,0,0,0,0,0,1
85982,0,0,0,0,0,0,0,0,1
85983,0,0,0,0,0,0,0,0,1
85984,0,0,0,0,0,0,0,0,1
85985,0,0,0,0,0,0,0,0,1
85986,0,0,0,0,0,0,0,0,1
85987,0,0,0,0,0,0,0,0,1
85988,0,0,0,0,0,0,0,0,1
85989,0,0,0,0,0,0,0,0,1
85990,0,0,0,0,0,0,0,0,1
85991,0,0,0,0,0,0,0,0,1
85992,0,0,0,0,0,0,0,0,1
85993,0,0,0,0,0,0,0,0,1
85994,0,0,0,0,0,0,0,0,1
85995,0,0,0,0,0,0,0,0,1
85996,0,0,0,0,0,0,0,0,1
85997,0,0,0,0,0,0,0,0,1
85998,0,0,0,0,0,0,0,0,1
85999,0,0,0,0,0,0,0,0,1
86000,0,0,0,0,0,0,0,0,1
86001,0,0,0,0,0,0,0,0,1
86002,0,0,0,0,0,0,0,0,1
86003,0,0,0,0,0,0,0,0,1
86004,0,0,0,0,0,0,0,0,1
86005,0,0,0,0,0,0,0,0,1
86006,0,0,0,0,0,0,0,0,1
86007,0,0,0,0,0,0,0,0,1
86008,0,0,0,0,0,0,0,0,1
86009,0,0,0,0,0,0,0,0,1
86010,0,0,0,0,0,0,0,0,1
86011,0,0,0,0,0,0,0,0,1
86012,0,0,0,0,0,0,0,0,1
86013,0,0,0,0,0,0,0,0,1
86014,0,0,0,0,0,0,0,0,1
86015,0,0,0,0,0,0,0,0,1
86016,0,0,0,0,0,0,0,0,1
86017,0,0,0,0,0,0,0,0,1
86018,0,0,0,0,0,0,0,0,1
86019,0,0,0,0,0,0,0,0,1
86020,0,0,0,0,0,0,0,0,1
86021,0,0,0,0,0,0,0,0,1
86022,0,0,0,0,0,0,0,0,1
86023,0,0,0,0,0,0,0,0,1
86024,0,0,0,0,0,0,0,0,1
86025,0,0,0,0,0,0,0,0,1
86026,0,0,0,0,0,0,0,0,1
86027,0,0,0,0,0,0,0,0,1
86028,0,0,0,0,0,0,0,0,1
86029,0,0,0,0,0,0,0,0,1
86030,0,0,0,0,0,0,0,0,1
86031,0,0,0,0,0,0,0,0,1
86032,0,0,0,0,0,0,0,0,1
86033,0,0,0,0,0,0,0,0,1
86034,0,0,0,0,0,0,0,0,1
86035,0,0,0,0,0,0,0,0,1
86036,0,0,0,0,0,0,0,0,1
86037,0,0,0,0,0,0,0,0,1
86038,0,0,0,0,0,0,0,0,1
86039,0,0,0,0,0,0,0,0,1
86040,0,0,0,0,0,0,0,0,1
86041,0,0,0,0,0,0,0,0,1
86042,0,0,0,0,0,0,0,0,1
86043,0,0,0,0,0,0,0,0,1
86044,0,0,0,0,0,0,0,0,1
86045,0,0,0,0,0,0,0,0,1
86046,0,0,0,0,0,0,0,0,1
86047,0,0,0,0,0,0,0,0,1
86048,0,0,0,0,0,0,0,0,1
86049,0,0,0,0,0,0,0,0,1
86050,0,0,0,0,0,0,0,0,1
86051,0,0,0,0,0,0,0,0,1
86052,0,0,0,0,0,0,0,0,1
86053,0,0,0,0,0,0,0,0,1
86054,0,0,0,0,0,0,0,0,1
86055,0,0,0,0,0,0,0,0,1
86056,0,0,0,0,0,0,0,0,1
86057,0,0,0,0,0,0,0,0,1
86058,0,0,0,0,0,0,0,0,1
86059,0,0,0,0,0,0,0,0,1
86060,0,0,0,0,0,0,0,0,1
86061,0,0,0,0,0,0,0,0,1
86062,0,0,0,0,0,0,0,0,1
86063,0,0,0,0,0,0,0,0,1
86064,0,0,0,0,0,0,0,0,1
86065,0,0,0,0,0,0,0,0,1
86066,0,0,0,0,0,0,0,0,1
86067,0,0,0,0,0,0,0,0,1
86068,0,0,0,0,0,0,0,0,1
86069,0,0,0,0,0,0,0,0,1
86070,0,0,0,0,0,0,0,0,1
86071,0,0,0,0,0,0,0,0,1
86072,0,0,0,0,0,0,0,0,1
86073,0,0,0,0,0,0,0,0,1
86074,0,0,0,0,0,0,0,0,1
86075,0,0,0,0,0,0,0,0,1
86076,0,0,0,0,0,0,0,0,1
86077,0,0,0,0,0,0,0,0,1
86078,0,0,0,0,0,0,0,0,1
86079,0,0,0,0,0,0,0,0,1
86080,0,0,0,0,0,0,0,0,1
86081,0,0,0,0,0,0,0,0,1
86082,0,0,0,0,0,0,0,0,1
86083,0,0,0,0,0,0,0,0,1
86084,0,0,0,0,0,0,0,0,1
86085,0,0,0,0,0,0,0,0,1
86086,0,0,0,0,0,0,0,0,1
86087,0,0,0,0,0,0,0,0,1
86088,0,0,0,0,0,0,0,0,1
86089,0,0,0,0,0,0,0,0,1
86090,0,0,0,0,0,0,0,0,1
86091,0,0,0,0,0,0,0,0,1
86092,0,0,0,0,0,0,0,0,1
86093,0,0,0,0,0,0,0,0,1
86094,0,0,0,0,0,0,0,0,1
86095,0,0,0,0,0,0,0,0,1
86096,0,0,0,0,0,0,0,0,1
86097,0,0,0,0,0,0,0,0,1
86098,0,0,0,0,0,0,0,0,1
86099,0,0,0,0,0,0,0,0,1
86100,0,0,0,0,0,0,0,0,1
86101,0,0,0,0,0,0,0,0,1
86102,0,0,0,0,0,0,0,0,1
86103,0,0,0,0,0,0,0,0,1
86104,0,0,0,0,0,0,0,0,1
86105,0,0,0,0,0,0,0,0,1
86106,0,0,0,0,0,0,0,0,1
86107,0,0,0,0,0,0,0,0,1
86108,0,0,0,0,0,0,0,0,1
86109,0,0,0,0,0,0,0,0,1
86110,0,0,0,0,0,0,0,0,1
86111,0,0,0,0,0,0,0,0,1
86112,0,0,0,0,0,0,0,0,1
86113,0,0,0,0,0,0,0,0,1
86114,0,0,0,0,0,0,0,0,1
86115,0,0,0,0,0,0,0,0,1
86116,0,0,0,0,0,0,0,0,1
86117,0,0,0,0,0,0,0,0,1
86118,0,0,0,0,0,0,0,0,1
86119,0,0,0,0,0,0,0,0,1
86120,0,0,0,0,0,0,0,0,1
86121,0,0,0,0,0,0,0,0,1
86122,0,0,0,0,0,0,0,0,1
86123,0,0,0,0,0,0,0,0,1
86124,0,0,0,0,0,0,0,0,1
86125,0,0,0,0,0,0,0,0,1
86126,0,0,0,0,0,0,0,0,1
86127,0,0,0,0,0,0,0,0,1
86128,0,0,0,0,0,0,0,0,1
86129,0,0,0,0,0,0,0,0,1
86130,0,0,0,0,0,0,0,0,1
86131,0,0,0,0,0,0,0,0,1
86132,0,0,0,0,0,0,0,0,1
86133,0,0,0,0,0,0,0,0,1
86134,0,0,0,0,0,0,0,0,1
86135,0,0,0,0,0,0,0,0,1
86136,0,0,0,0,0,0,0,0,1
86137,0,0,0,0,0,0,0,0,1
86138,0,0,0,0,0,0,0,0,1
86139,0,0,0,0,0,0,0,0,1
86140,0,0,0,0,0,0,0,0,1
86141,0,0,0,0,0,0,0,0,1
86142,0,0,0,0,0,0,0,0,1
86143,0,0,0,0,0,0,0,0,1
86144,0,0,0,0,0,0,0,0,1
86145,0,0,0,0,0,0,0,0,1
86146,0,0,0,0,0,0,0,0,1
86147,0,0,0,0,0,0,0,0,1
86148,0,0,0,0,0,0,0,0,1
86149,0,0,0,0,0,0,0,0,1
86150,0,0,0,0,0,0,0,0,1
86151,0,0,0,0,0,0,0,0,1
86152,0,0,0,0,0,0,0,0,1
86153,0,0,0,0,0,0,0,0,1
86154,0,0,0,0,0,0,0,0,1
86155,0,0,0,0,0,0,0,0,1
86156,0,0,0,0,0,0,0,0,1
86157,0,0,0,0,0,0,0,0,1
86158,0,0,0,0,0,0,0,0,1
86159,0,0,0,0,0,0,0,0,1
86160,0,0,0,0,0,0,0,0,1
86161,0,0,0,0,0,0,0,0,1
86162,0,0,0,0,0,0,0,0,1
86163,0,0,0,0,0,0,0,0,1
86164,0,0,0,0,0,0,0,0,1
86165,0,0,0,0,0,0,0,0,1
86166,0,0,0,0,0,0,0,0,1
86167,0,0,0,0,0,0,0,0,1
86168,0,0,0,0,0,0,0,0,1
86169,0,0,0,0,0,0,0,0,1
86170,0,0,0,0,0,0,0,0,1
86171,0,0,0,0,0,0,0,0,1
86172,0,0,0,0,0,0,0,0,1
86173,0,0,0,0,0,0,0,0,1
86174,0,0,0,0,0,0,0,0,1
86175,0,0,0,0,0,0,0,0,1
86176,0,0,0,0,0,0,0,0,1
86177,0,0,0,0,0,0,0,0,1
86178,0,0,0,0,0,0,0,0,1
86179,0,0,0,0,0,0,0,0,1
86180,0,0,0,0,0,0,0,0,1
86181,0,0,0,0,0,0,0,0,1
86182,0,0,0,0,0,0,0,0,1
86183,0,0,0,0,0,0,0,0,1
86184,0,0,0,0,0,0,0,0,1
86185,0,0,0,0,0,0,0,0,1
86186,0,0,0,0,0,0,0,0,1
86187,0,0,0,0,0,0,0,0,1
86188,0,0,0,0,0,0,0,0,1
86189,0,0,0,0,0,0,0,0,1
86190,0,0,0,0,0,0,0,0,1
86191,0,0,0,0,0,0,0,0,1
86192,0,0,0,0,0,0,0,0,1
86193,0,0,0,0,0,0,0,0,1
86194,0,0,0,0,0,0,0,0,1
86195,0,0,0,0,0,0,0,0,1
86196,0,0,0,0,0,0,0,0,1
86197,0,0,0,0,0,0,0,0,1
86198,0,0,0,0,0,0,0,0,1
86199,0,0,0,0,0,0,0,0,1
86200,0,0,0,0,0,0,0,0,1
86201,0,0,0,0,0,0,0,0,1
86202,0,0,0,0,0,0,0,0,1
86203,0,0,0,0,0,0,0,0,1
86204,0,0,0,0,0,0,0,0,1
86205,0,0,0,0,0,0,0,0,1
86206,0,0,0,0,0,0,0,0,1
86207,0,0,0,0,0,0,0,0,1
86208,0,0,0,0,0,0,0,0,1
86209,0,0,0,0,0,0,0,0,1
86210,0,0,0,0,0,0,0,0,1
86211,0,0,0,0,0,0,0,0,1
86212,0,0,0,0,0,0,0,0,1
86213,0,0,0,0,0,0,0,0,1
86214,0,0,0,0,0,0,0,0,1
86215,0,0,0,0,0,0,0,0,1
86216,0,0,0,0,0,0,0,0,1
86217,0,0,0,0,0,0,0,0,1
86218,0,0,0,0,0,0,0,0,1
86219,0,0,0,0,0,0,0,0,1
86220,0,0,0,0,0,0,0,0,1
86221,0,0,0,0,0,0,0,0,1
86222,0,0,0,0,0,0,0,0,1
86223,0,0,0,0,0,0,0,0,1
86224,0,0,0,0,0,0,0,0,1
86225,0,0,0,0,0,0,0,0,1
86226,0,0,0,0,0,0,0,0,1
86227,0,0,0,0,0,0,0,0,1
86228,0,0,0,0,0,0,0,0,1
86229,0,0,0,0,0,0,0,0,1
86230,0,0,0,0,0,0,0,0,1
86231,0,0,0,0,0,0,0,0,1
86232,0,0,0,0,0,0,0,0,1
86233,0,0,0,0,0,0,0,0,1
86234,0,0,0,0,0,0,0,0,1
86235,0,0,0,0,0,0,0,0,1
86236,0,0,0,0,0,0,0,0,1
86237,0,0,0,0,0,0,0,0,1
86238,0,0,0,0,0,0,0,0,1
86239,0,0,0,0,0,0,0,0,1
86240,0,0,0,0,0,0,0,0,1
86241,0,0,0,0,0,0,0,0,1
86242,0,0,0,0,0,0,0,0,1
86243,0,0,0,0,0,0,0,0,1
86244,0,0,0,0,0,0,0,0,1
86245,0,0,0,0,0,0,0,0,1
86246,0,0,0,0,0,0,0,0,1
86247,0,0,0,0,0,0,0,0,1
86248,0,0,0,0,0,0,0,0,1
86249,0,0,0,0,0,0,0,0,1
86250,0,0,0,0,0,0,0,0,1
86251,0,0,0,0,0,0,0,0,1
86252,0,0,0,0,0,0,0,0,1
86253,0,0,0,0,0,0,0,0,1
86254,0,0,0,0,0,0,0,0,1
86255,0,0,0,0,0,0,0,0,1
86256,0,0,0,0,0,0,0,0,1
86257,0,0,0,0,0,0,0,0,1
86258,0,0,0,0,0,0,0,0,1
86259,0,0,0,0,0,0,0,0,1
86260,0,0,0,0,0,0,0,0,1
86261,0,0,0,0,0,0,0,0,1
86262,0,0,0,0,0,0,0,0,1
86263,0,0,0,0,0,0,0,0,1
86264,0,0,0,0,0,0,0,0,1
86265,0,0,0,0,0,0,0,0,1
86266,0,0,0,0,0,0,0,0,1
86267,0,0,0,0,0,0,0,0,1
86268,0,0,0,0,0,0,0,0,1
86269,0,0,0,0,0,0,0,0,1
86270,0,0,0,0,0,0,0,0,1
86271,0,0,0,0,0,0,0,0,1
86272,0,0,0,0,0,0,0,0,1
86273,0,0,0,0,0,0,0,0,1
86274,0,0,0,0,0,0,0,0,1
86275,0,0,0,0,0,0,0,0,1
86276,0,0,0,0,0,0,0,0,1
86277,0,0,0,0,0,0,0,0,1
86278,0,0,0,0,0,0,0,0,1
86279,0,0,0,0,0,0,0,0,1
86280,0,0,0,0,0,0,0,0,1
86281,0,0,0,0,0,0,0,0,1
86282,0,0,0,0,0,0,0,0,1
86283,0,0,0,0,0,0,0,0,1
86284,0,0,0,0,0,0,0,0,1
86285,0,0,0,0,0,0,0,0,1
86286,0,0,0,0,0,0,0,0,1
86287,0,0,0,0,0,0,0,0,1
86288,0,0,0,0,0,0,0,0,1
86289,0,0,0,0,0,0,0,0,1
86290,0,0,0,0,0,0,0,0,1
86291,0,0,0,0,0,0,0,0,1
86292,0,0,0,0,0,0,0,0,1
86293,0,0,0,0,0,0,0,0,1
86294,0,0,0,0,0,0,0,0,1
86295,0,0,0,0,0,0,0,0,1
86296,0,0,0,0,0,0,0,0,1
86297,0,0,0,0,0,0,0,0,1
86298,0,0,0,0,0,0,0,0,1
86299,0,0,0,0,0,0,0,0,1
86300,0,0,0,0,0,0,0,0,1
86301,0,0,0,0,0,0,0,0,1
86302,0,0,0,0,0,0,0,0,1
86303,0,0,0,0,0,0,0,0,1
86304,0,0,0,0,0,0,0,0,1
86305,0,0,0,0,0,0,0,0,1
86306,0,0,0,0,0,0,0,0,1
86307,0,0,0,0,0,0,0,0,1
86308,0,0,0,0,0,0,0,0,1
86309,0,0,0,0,0,0,0,0,1
86310,0,0,0,0,0,0,0,0,1
86311,0,0,0,0,0,0,0,0,1
86312,0,0,0,0,0,0,0,0,1
86313,0,0,0,0,0,0,0,0,1
86314,0,0,0,0,0,0,0,0,1
86315,0,0,0,0,0,0,0,0,1
86316,0,0,0,0,0,0,0,0,1
86317,0,0,0,0,0,0,0,0,1
86318,0,0,0,0,0,0,0,0,1
86319,0,0,0,0,0,0,0,0,1
86320,0,0,0,0,0,0,0,0,1
86321,0,0,0,0,0,0,0,0,1
86322,0,0,0,0,0,0,0,0,1
86323,0,0,0,0,0,0,0,0,1
86324,0,0,0,0,0,0,0,0,1
86325,0,0,0,0,0,0,0,0,1
86326,0,0,0,0,0,0,0,0,1
86327,0,0,0,0,0,0,0,0,1
86328,0,0,0,0,0,0,0,0,1
86329,0,0,0,0,0,0,0,0,1
86330,0,0,0,0,0,0,0,0,1
86331,0,0,0,0,0,0,0,0,1
86332,0,0,0,0,0,0,0,0,1
86333,0,0,0,0,0,0,0,0,1
86334,0,0,0,0,0,0,0,0,1
86335,0,0,0,0,0,0,0,0,1
86336,0,0,0,0,0,0,0,0,1
86337,0,0,0,0,0,0,0,0,1
86338,0,0,0,0,0,0,0,0,1
86339,0,0,0,0,0,0,0,0,1
86340,0,0,0,0,0,0,0,0,1
86341,0,0,0,0,0,0,0,0,1
86342,0,0,0,0,0,0,0,0,1
86343,0,0,0,0,0,0,0,0,1
86344,0,0,0,0,0,0,0,0,1
86345,0,0,0,0,0,0,0,0,1
86346,0,0,0,0,0,0,0,0,1
86347,0,0,0,0,0,0,0,0,1
86348,0,0,0,0,0,0,0,0,1
86349,0,0,0,0,0,0,0,0,1
86350,0,0,0,0,0,0,0,0,1
86351,0,0,0,0,0,0,0,0,1
86352,0,0,0,0,0,0,0,0,1
86353,0,0,0,0,0,0,0,0,1
86354,0,0,0,0,0,0,0,0,1
86355,0,0,0,0,0,0,0,0,1
86356,0,0,0,0,0,0,0,0,1
86357,0,0,0,0,0,0,0,0,1
86358,0,0,0,0,0,0,0,0,1
86359,0,0,0,0,0,0,0,0,1
86360,0,0,0,0,0,0,0,0,1
86361,0,0,0,0,0,0,0,0,1
86362,0,0,0,0,0,0,0,0,1
86363,0,0,0,0,0,0,0,0,1
86364,0,0,0,0,0,0,0,0,1
86365,0,0,0,0,0,0,0,0,1
86366,0,0,0,0,0,0,0,0,1
86367,0,0,0,0,0,0,0,0,1
86368,0,0,0,0,0,0,0,0,1
86369,0,0,0,0,0,0,0,0,1
86370,0,0,0,0,0,0,0,0,1
86371,0,0,0,0,0,0,0,0,1
86372,0,0,0,0,0,0,0,0,1
86373,0,0,0,0,0,0,0,0,1
86374,0,0,0,0,0,0,0,0,1
86375,0,0,0,0,0,0,0,0,1
86376,0,0,0,0,0,0,0,0,1
86377,0,0,0,0,0,0,0,0,1
86378,0,0,0,0,0,0,0,0,1
86379,0,0,0,0,0,0,0,0,1
86380,0,0,0,0,0,0,0,0,1
86381,0,0,0,0,0,0,0,0,1
86382,0,0,0,0,0,0,0,0,1
86383,0,0,0,0,0,0,0,0,1
86384,0,0,0,0,0,0,0,0,1
86385,0,0,0,0,0,0,0,0,1
86386,0,0,0,0,0,0,0,0,1
86387,0,0,0,0,0,0,0,0,1
86388,0,0,0,0,0,0,0,0,1
86389,0,0,0,0,0,0,0,0,1
86390,0,0,0,0,0,0,0,0,1
86391,0,0,0,0,0,0,0,0,1
86392,0,0,0,0,0,0,0,0,1
86393,0,0,0,0,0,0,0,0,1
86394,0,0,0,0,0,0,0,0,1
86395,0,0,0,0,0,0,0,0,1
86396,0,0,0,0,0,0,0,0,1
86397,0,0,0,0,0,0,0,0,1
86398,0,0,0,0,0,0,0,0,1
86399,0,0,0,0,0,0,0,0,1
86400,0,0,0,0,0,0,0,0,1
86401,0,0,0,0,0,0,0,0,1
86402,0,0,0,0,0,0,0,0,1
86403,0,0,0,0,0,0,0,0,1
86404,0,0,0,0,0,0,0,0,1
86405,0,0,0,0,0,0,0,0,1
86406,0,0,0,0,0,0,0,0,1
86407,0,0,0,0,0,0,0,0,1
86408,0,0,0,0,0,0,0,0,1
86409,0,0,0,0,0,0,0,0,1
86410,0,0,0,0,0,0,0,0,1
86411,0,0,0,0,0,0,0,0,1
86412,0,0,0,0,0,0,0,0,1
86413,0,0,0,0,0,0,0,0,1
86414,0,0,0,0,0,0,0,0,1
86415,0,0,0,0,0,0,0,0,1
86416,0,0,0,0,0,0,0,0,1
86417,0,0,0,0,0,0,0,0,1
86418,0,0,0,0,0,0,0,0,1
86419,0,0,0,0,0,0,0,0,1
86420,0,0,0,0,0,0,0,0,1
86421,0,0,0,0,0,0,0,0,1
86422,0,0,0,0,0,0,0,0,1
86423,0,0,0,0,0,0,0,0,1
86424,0,0,0,0,0,0,0,0,1
86425,0,0,0,0,0,0,0,0,1
86426,0,0,0,0,0,0,0,0,1
86427,0,0,0,0,0,0,0,0,1
86428,0,0,0,0,0,0,0,0,1
86429,0,0,0,0,0,0,0,0,1
86430,0,0,0,0,0,0,0,0,1
86431,0,0,0,0,0,0,0,0,1
86432,0,0,0,0,0,0,0,0,1
86433,0,0,0,0,0,0,0,0,1
86434,0,0,0,0,0,0,0,0,1
86435,0,0,0,0,0,0,0,0,1
86436,0,0,0,0,0,0,0,0,1
86437,0,0,0,0,0,0,0,0,1
86438,0,0,0,0,0,0,0,0,1
86439,0,0,0,0,0,0,0,0,1
86440,0,0,0,0,0,0,0,0,1
86441,0,0,0,0,0,0,0,0,1
86442,0,0,0,0,0,0,0,0,1
86443,0,0,0,0,0,0,0,0,1
86444,0,0,0,0,0,0,0,0,1
86445,0,0,0,0,0,0,0,0,1
86446,0,0,0,0,0,0,0,0,1
86447,0,0,0,0,0,0,0,0,1
86448,0,0,0,0,0,0,0,0,1
86449,0,0,0,0,0,0,0,0,1
86450,0,0,0,0,0,0,0,0,1
86451,0,0,0,0,0,0,0,0,1
86452,0,0,0,0,0,0,0,0,1
86453,0,0,0,0,0,0,0,0,1
86454,0,0,0,0,0,0,0,0,1
86455,0,0,0,0,0,0,0,0,1
86456,0,0,0,0,0,0,0,0,1
86457,0,0,0,0,0,0,0,0,1
86458,0,0,0,0,0,0,0,0,1
86459,0,0,0,0,0,0,0,0,1
86460,0,0,0,0,0,0,0,0,1
86461,0,0,0,0,0,0,0,0,1
86462,0,0,0,0,0,0,0,0,1
86463,0,0,0,0,0,0,0,0,1
86464,0,0,0,0,0,0,0,0,1
86465,0,0,0,0,0,0,0,0,1
86466,0,0,0,0,0,0,0,0,1
86467,0,0,0,0,0,0,0,0,1
86468,0,0,0,0,0,0,0,0,1
86469,0,0,0,0,0,0,0,0,1
86470,0,0,0,0,0,0,0,0,1
86471,0,0,0,0,0,0,0,0,1
86472,0,0,0,0,0,0,0,0,1
86473,0,0,0,0,0,0,0,0,1
86474,0,0,0,0,0,0,0,0,1
86475,0,0,0,0,0,0,0,0,1
86476,0,0,0,0,0,0,0,0,1
86477,0,0,0,0,0,0,0,0,1
86478,0,0,0,0,0,0,0,0,1
86479,0,0,0,0,0,0,0,0,1
86480,0,0,0,0,0,0,0,0,1
86481,0,0,0,0,0,0,0,0,1
86482,0,0,0,0,0,0,0,0,1
86483,0,0,0,0,0,0,0,0,1
86484,0,0,0,0,0,0,0,0,1
86485,0,0,0,0,0,0,0,0,1
86486,0,0,0,0,0,0,0,0,1
86487,0,0,0,0,0,0,0,0,1
86488,0,0,0,0,0,0,0,0,1
86489,0,0,0,0,0,0,0,0,1
86490,0,0,0,0,0,0,0,0,1
86491,0,0,0,0,0,0,0,0,1
86492,0,0,0,0,0,0,0,0,1
86493,0,0,0,0,0,0,0,0,1
86494,0,0,0,0,0,0,0,0,1
86495,0,0,0,0,0,0,0,0,1
86496,0,0,0,0,0,0,0,0,1
86497,0,0,0,0,0,0,0,0,1
86498,0,0,0,0,0,0,0,0,1
86499,0,0,0,0,0,0,0,0,1
86500,0,0,0,0,0,0,0,0,1
86501,0,0,0,0,0,0,0,0,1
86502,0,0,0,0,0,0,0,0,1
86503,0,0,0,0,0,0,0,0,1
86504,0,0,0,0,0,0,0,0,1
86505,0,0,0,0,0,0,0,0,1
86506,0,0,0,0,0,0,0,0,1
86507,0,0,0,0,0,0,0,0,1
86508,0,0,0,0,0,0,0,0,1
86509,0,0,0,0,0,0,0,0,1
86510,0,0,0,0,0,0,0,0,1
86511,0,0,0,0,0,0,0,0,1
86512,0,0,0,0,0,0,0,0,1
86513,0,0,0,0,0,0,0,0,1
86514,0,0,0,0,0,0,0,0,1
86515,0,0,0,0,0,0,0,0,1
86516,0,0,0,0,0,0,0,0,1
86517,0,0,0,0,0,0,0,0,1
86518,0,0,0,0,0,0,0,0,1
86519,0,0,0,0,0,0,0,0,1
86520,0,0,0,0,0,0,0,0,1
86521,0,0,0,0,0,0,0,0,1
86522,0,0,0,0,0,0,0,0,1
86523,0,0,0,0,0,0,0,0,1
86524,0,0,0,0,0,0,0,0,1
86525,0,0,0,0,0,0,0,0,1
86526,0,0,0,0,0,0,0,0,1
86527,0,0,0,0,0,0,0,0,1
86528,0,0,0,0,0,0,0,0,1
86529,0,0,0,0,0,0,0,0,1
86530,0,0,0,0,0,0,0,0,1
86531,0,0,0,0,0,0,0,0,1
86532,0,0,0,0,0,0,0,0,1
86533,0,0,0,0,0,0,0,0,1
86534,0,0,0,0,0,0,0,0,1
86535,0,0,0,0,0,0,0,0,1
86536,0,0,0,0,0,0,0,0,1
86537,0,0,0,0,0,0,0,0,1
86538,0,0,0,0,0,0,0,0,1
86539,0,0,0,0,0,0,0,0,1
86540,0,0,0,0,0,0,0,0,1
86541,0,0,0,0,0,0,0,0,1
86542,0,0,0,0,0,0,0,0,1
86543,0,0,0,0,0,0,0,0,1
86544,0,0,0,0,0,0,0,0,1
86545,0,0,0,0,0,0,0,0,1
86546,0,0,0,0,0,0,0,0,1
86547,0,0,0,0,0,0,0,0,1
86548,0,0,0,0,0,0,0,0,1
86549,0,0,0,0,0,0,0,0,1
86550,0,0,0,0,0,0,0,0,1
86551,0,0,0,0,0,0,0,0,1
86552,0,0,0,0,0,0,0,0,1
86553,0,0,0,0,0,0,0,0,1
86554,0,0,0,0,0,0,0,0,1
86555,0,0,0,0,0,0,0,0,1
86556,0,0,0,0,0,0,0,0,1
86557,0,0,0,0,0,0,0,0,1
86558,0,0,0,0,0,0,0,0,1
86559,0,0,0,0,0,0,0,0,1
86560,0,0,0,0,0,0,0,0,1
86561,0,0,0,0,0,0,0,0,1
86562,0,0,0,0,0,0,0,0,1
86563,0,0,0,0,0,0,0,0,1
86564,0,0,0,0,0,0,0,0,1
86565,0,0,0,0,0,0,0,0,1
86566,0,0,0,0,0,0,0,0,1
86567,0,0,0,0,0,0,0,0,1
86568,0,0,0,0,0,0,0,0,1
86569,0,0,0,0,0,0,0,0,1
86570,0,0,0,0,0,0,0,0,1
86571,0,0,0,0,0,0,0,0,1
86572,0,0,0,0,0,0,0,0,1
86573,0,0,0,0,0,0,0,0,1
86574,0,0,0,0,0,0,0,0,1
86575,0,0,0,0,0,0,0,0,1
86576,0,0,0,0,0,0,0,0,1
86577,0,0,0,0,0,0,0,0,1
86578,0,0,0,0,0,0,0,0,1
86579,0,0,0,0,0,0,0,0,1
86580,0,0,0,0,0,0,0,0,1
86581,0,0,0,0,0,0,0,0,1
86582,0,0,0,0,0,0,0,0,1
86583,0,0,0,0,0,0,0,0,1
86584,0,0,0,0,0,0,0,0,1
86585,0,0,0,0,0,0,0,0,1
86586,0,0,0,0,0,0,0,0,1
86587,0,0,0,0,0,0,0,0,1
86588,0,0,0,0,0,0,0,0,1
86589,0,0,0,0,0,0,0,0,1
86590,0,0,0,0,0,0,0,0,1
86591,0,0,0,0,0,0,0,0,1
86592,0,0,0,0,0,0,0,0,1
86593,0,0,0,0,0,0,0,0,1
86594,0,0,0,0,0,0,0,0,1
86595,0,0,0,0,0,0,0,0,1
86596,0,0,0,0,0,0,0,0,1
86597,0,0,0,0,0,0,0,0,1
86598,0,0,0,0,0,0,0,0,1
86599,0,0,0,0,0,0,0,0,1
86600,0,0,0,0,0,0,0,0,1
86601,0,0,0,0,0,0,0,0,1
86602,0,0,0,0,0,0,0,0,1
86603,0,0,0,0,0,0,0,0,1
86604,0,0,0,0,0,0,0,0,1
86605,0,0,0,0,0,0,0,0,1
86606,0,0,0,0,0,0,0,0,1
86607,0,0,0,0,0,0,0,0,1
86608,0,0,0,0,0,0,0,0,1
86609,0,0,0,0,0,0,0,0,1
86610,0,0,0,0,0,0,0,0,1
86611,0,0,0,0,0,0,0,0,1
86612,0,0,0,0,0,0,0,0,1
86613,0,0,0,0,0,0,0,0,1
86614,0,0,0,0,0,0,0,0,1
86615,0,0,0,0,0,0,0,0,1
86616,0,0,0,0,0,0,0,0,1
86617,0,0,0,0,0,0,0,0,1
86618,0,0,0,0,0,0,0,0,1
86619,0,0,0,0,0,0,0,0,1
86620,0,0,0,0,0,0,0,0,1
86621,0,0,0,0,0,0,0,0,1
86622,0,0,0,0,0,0,0,0,1
86623,0,0,0,0,0,0,0,0,1
86624,0,0,0,0,0,0,0,0,1
86625,0,0,0,0,0,0,0,0,1
86626,0,0,0,0,0,0,0,0,1
86627,0,0,0,0,0,0,0,0,1
86628,0,0,0,0,0,0,0,0,1
86629,0,0,0,0,0,0,0,0,1
86630,0,0,0,0,0,0,0,0,1
86631,0,0,0,0,0,0,0,0,1
86632,0,0,0,0,0,0,0,0,1
86633,0,0,0,0,0,0,0,0,1
86634,0,0,0,0,0,0,0,0,1
86635,0,0,0,0,0,0,0,0,1
86636,0,0,0,0,0,0,0,0,1
86637,0,0,0,0,0,0,0,0,1
86638,0,0,0,0,0,0,0,0,1
86639,0,0,0,0,0,0,0,0,1
86640,0,0,0,0,0,0,0,0,1
86641,0,0,0,0,0,0,0,0,1
86642,0,0,0,0,0,0,0,0,1
86643,0,0,0,0,0,0,0,0,1
86644,0,0,0,0,0,0,0,0,1
86645,0,0,0,0,0,0,0,0,1
86646,0,0,0,0,0,0,0,0,1
86647,0,0,0,0,0,0,0,0,1
86648,0,0,0,0,0,0,0,0,1
86649,0,0,0,0,0,0,0,0,1
86650,0,0,0,0,0,0,0,0,1
86651,0,0,0,0,0,0,0,0,1
86652,0,0,0,0,0,0,0,0,1
86653,0,0,0,0,0,0,0,0,1
86654,0,0,0,0,0,0,0,0,1
86655,0,0,0,0,0,0,0,0,1
86656,0,0,0,0,0,0,0,0,1
86657,0,0,0,0,0,0,0,0,1
86658,0,0,0,0,0,0,0,0,1
86659,0,0,0,0,0,0,0,0,1
86660,0,0,0,0,0,0,0,0,1
86661,0,0,0,0,0,0,0,0,1
86662,0,0,0,0,0,0,0,0,1
86663,0,0,0,0,0,0,0,0,1
86664,0,0,0,0,0,0,0,0,1
86665,0,0,0,0,0,0,0,0,1
86666,0,0,0,0,0,0,0,0,1
86667,0,0,0,0,0,0,0,0,1
86668,0,0,0,0,0,0,0,0,1
86669,0,0,0,0,0,0,0,0,1
86670,0,0,0,0,0,0,0,0,1
86671,0,0,0,0,0,0,0,0,1
86672,0,0,0,0,0,0,0,0,1
86673,0,0,0,0,0,0,0,0,1
86674,0,0,0,0,0,0,0,0,1
86675,0,0,0,0,0,0,0,0,1
86676,0,0,0,0,0,0,0,0,1
86677,0,0,0,0,0,0,0,0,1
86678,0,0,0,0,0,0,0,0,1
86679,0,0,0,0,0,0,0,0,1
86680,0,0,0,0,0,0,0,0,1
86681,0,0,0,0,0,0,0,0,1
86682,0,0,0,0,0,0,0,0,1
86683,0,0,0,0,0,0,0,0,1
86684,0,0,0,0,0,0,0,0,1
86685,0,0,0,0,0,0,0,0,1
86686,0,0,0,0,0,0,0,0,1
86687,0,0,0,0,0,0,0,0,1
86688,0,0,0,0,0,0,0,0,1
86689,0,0,0,0,0,0,0,0,1
86690,0,0,0,0,0,0,0,0,1
86691,0,0,0,0,0,0,0,0,1
86692,0,0,0,0,0,0,0,0,1
86693,0,0,0,0,0,0,0,0,1
86694,0,0,0,0,0,0,0,0,1
86695,0,0,0,0,0,0,0,0,1
86696,0,0,0,0,0,0,0,0,1
86697,0,0,0,0,0,0,0,0,1
86698,0,0,0,0,0,0,0,0,1
86699,0,0,0,0,0,0,0,0,1
86700,0,0,0,0,0,0,0,0,1
86701,0,0,0,0,0,0,0,0,1
86702,0,0,0,0,0,0,0,0,1
86703,0,0,0,0,0,0,0,0,1
86704,0,0,0,0,0,0,0,0,1
86705,0,0,0,0,0,0,0,0,1
86706,0,0,0,0,0,0,0,0,1
86707,0,0,0,0,0,0,0,0,1
86708,0,0,0,0,0,0,0,0,1
86709,0,0,0,0,0,0,0,0,1
86710,0,0,0,0,0,0,0,0,1
86711,0,0,0,0,0,0,0,0,1
86712,0,0,0,0,0,0,0,0,1
86713,0,0,0,0,0,0,0,0,1
86714,0,0,0,0,0,0,0,0,1
86715,0,0,0,0,0,0,0,0,1
86716,0,0,0,0,0,0,0,0,1
86717,0,0,0,0,0,0,0,0,1
86718,0,0,0,0,0,0,0,0,1
86719,0,0,0,0,0,0,0,0,1
86720,0,0,0,0,0,0,0,0,1
86721,0,0,0,0,0,0,0,0,1
86722,0,0,0,0,0,0,0,0,1
86723,0,0,0,0,0,0,0,0,1
86724,0,0,0,0,0,0,0,0,1
86725,0,0,0,0,0,0,0,0,1
86726,0,0,0,0,0,0,0,0,1
86727,0,0,0,0,0,0,0,0,1
86728,0,0,0,0,0,0,0,0,1
86729,0,0,0,0,0,0,0,0,1
86730,0,0,0,0,0,0,0,0,1
86731,0,0,0,0,0,0,0,0,1
86732,0,0,0,0,0,0,0,0,1
86733,0,0,0,0,0,0,0,0,1
86734,0,0,0,0,0,0,0,0,1
86735,0,0,0,0,0,0,0,0,1
86736,0,0,0,0,0,0,0,0,1
86737,0,0,0,0,0,0,0,0,1
86738,0,0,0,0,0,0,0,0,1
86739,0,0,0,0,0,0,0,0,1
86740,0,0,0,0,0,0,0,0,1
86741,0,0,0,0,0,0,0,0,1
86742,0,0,0,0,0,0,0,0,1
86743,0,0,0,0,0,0,0,0,1
86744,0,0,0,0,0,0,0,0,1
86745,0,0,0,0,0,0,0,0,1
86746,0,0,0,0,0,0,0,0,1
86747,0,0,0,0,0,0,0,0,1
86748,0,0,0,0,0,0,0,0,1
86749,0,0,0,0,0,0,0,0,1
86750,0,0,0,0,0,0,0,0,1
86751,0,0,0,0,0,0,0,0,1
86752,0,0,0,0,0,0,0,0,1
86753,0,0,0,0,0,0,0,0,1
86754,0,0,0,0,0,0,0,0,1
86755,0,0,0,0,0,0,0,0,1
86756,0,0,0,0,0,0,0,0,1
86757,0,0,0,0,0,0,0,0,1
86758,0,0,0,0,0,0,0,0,1
86759,0,0,0,0,0,0,0,0,1
86760,0,0,0,0,0,0,0,0,1
86761,0,0,0,0,0,0,0,0,1
86762,0,0,0,0,0,0,0,0,1
86763,0,0,0,0,0,0,0,0,1
86764,0,0,0,0,0,0,0,0,1
86765,0,0,0,0,0,0,0,0,1
86766,0,0,0,0,0,0,0,0,1
86767,0,0,0,0,0,0,0,0,1
86768,0,0,0,0,0,0,0,0,1
86769,0,0,0,0,0,0,0,0,1
86770,0,0,0,0,0,0,0,0,1
86771,0,0,0,0,0,0,0,0,1
86772,0,0,0,0,0,0,0,0,1
86773,0,0,0,0,0,0,0,0,1
86774,0,0,0,0,0,0,0,0,1
86775,0,0,0,0,0,0,0,0,1
86776,0,0,0,0,0,0,0,0,1
86777,0,0,0,0,0,0,0,0,1
86778,0,0,0,0,0,0,0,0,1
86779,0,0,0,0,0,0,0,0,1
86780,0,0,0,0,0,0,0,0,1
86781,0,0,0,0,0,0,0,0,1
86782,0,0,0,0,0,0,0,0,1
86783,0,0,0,0,0,0,0,0,1
86784,0,0,0,0,0,0,0,0,1
86785,0,0,0,0,0,0,0,0,1
86786,0,0,0,0,0,0,0,0,1
86787,0,0,0,0,0,0,0,0,1
86788,0,0,0,0,0,0,0,0,1
86789,0,0,0,0,0,0,0,0,1
86790,0,0,0,0,0,0,0,0,1
86791,0,0,0,0,0,0,0,0,1
86792,0,0,0,0,0,0,0,0,1
86793,0,0,0,0,0,0,0,0,1
86794,0,0,0,0,0,0,0,0,1
86795,0,0,0,0,0,0,0,0,1
86796,0,0,0,0,0,0,0,0,1
86797,0,0,0,0,0,0,0,0,1
86798,0,0,0,0,0,0,0,0,1
86799,0,0,0,0,0,0,0,0,1
86800,0,0,0,0,0,0,0,0,1
86801,0,0,0,0,0,0,0,0,1
86802,0,0,0,0,0,0,0,0,1
86803,0,0,0,0,0,0,0,0,1
86804,0,0,0,0,0,0,0,0,1
86805,0,0,0,0,0,0,0,0,1
86806,0,0,0,0,0,0,0,0,1
86807,0,0,0,0,0,0,0,0,1
86808,0,0,0,0,0,0,0,0,1
86809,0,0,0,0,0,0,0,0,1
86810,0,0,0,0,0,0,0,0,1
86811,0,0,0,0,0,0,0,0,1
86812,0,0,0,0,0,0,0,0,1
86813,0,0,0,0,0,0,0,0,1
86814,0,0,0,0,0,0,0,0,1
86815,0,0,0,0,0,0,0,0,1
86816,0,0,0,0,0,0,0,0,1
86817,0,0,0,0,0,0,0,0,1
86818,0,0,0,0,0,0,0,0,1
86819,0,0,0,0,0,0,0,0,1
86820,0,0,0,0,0,0,0,0,1
86821,0,0,0,0,0,0,0,0,1
86822,0,0,0,0,0,0,0,0,1
86823,0,0,0,0,0,0,0,0,1
86824,0,0,0,0,0,0,0,0,1
86825,0,0,0,0,0,0,0,0,1
86826,0,0,0,0,0,0,0,0,1
86827,0,0,0,0,0,0,0,0,1
86828,0,0,0,0,0,0,0,0,1
86829,0,0,0,0,0,0,0,0,1
86830,0,0,0,0,0,0,0,0,1
86831,0,0,0,0,0,0,0,0,1
86832,0,0,0,0,0,0,0,0,1
86833,0,0,0,0,0,0,0,0,1
86834,0,0,0,0,0,0,0,0,1
86835,0,0,0,0,0,0,0,0,1
86836,0,0,0,0,0,0,0,0,1
86837,0,0,0,0,0,0,0,0,1
86838,0,0,0,0,0,0,0,0,1
86839,0,0,0,0,0,0,0,0,1
86840,0,0,0,0,0,0,0,0,1
86841,0,0,0,0,0,0,0,0,1
86842,0,0,0,0,0,0,0,0,1
86843,0,0,0,0,0,0,0,0,1
86844,0,0,0,0,0,0,0,0,1
86845,0,0,0,0,0,0,0,0,1
86846,0,0,0,0,0,0,0,0,1
86847,0,0,0,0,0,0,0,0,1
86848,0,0,0,0,0,0,0,0,1
86849,0,0,0,0,0,0,0,0,1
86850,0,0,0,0,0,0,0,0,1
86851,0,0,0,0,0,0,0,0,1
86852,0,0,0,0,0,0,0,0,1
86853,0,0,0,0,0,0,0,0,1
86854,0,0,0,0,0,0,0,0,1
86855,0,0,0,0,0,0,0,0,1
86856,0,0,0,0,0,0,0,0,1
86857,0,0,0,0,0,0,0,0,1
86858,0,0,0,0,0,0,0,0,1
86859,0,0,0,0,0,0,0,0,1
86860,0,0,0,0,0,0,0,0,1
86861,0,0,0,0,0,0,0,0,1
86862,0,0,0,0,0,0,0,0,1
86863,0,0,0,0,0,0,0,0,1
86864,0,0,0,0,0,0,0,0,1
86865,0,0,0,0,0,0,0,0,1
86866,0,0,0,0,0,0,0,0,1
86867,0,0,0,0,0,0,0,0,1
86868,0,0,0,0,0,0,0,0,1
86869,0,0,0,0,0,0,0,0,1
86870,0,0,0,0,0,0,0,0,1
86871,0,0,0,0,0,0,0,0,1
86872,0,0,0,0,0,0,0,0,1
86873,0,0,0,0,0,0,0,0,1
86874,0,0,0,0,0,0,0,0,1
86875,0,0,0,0,0,0,0,0,1
86876,0,0,0,0,0,0,0,0,1
86877,0,0,0,0,0,0,0,0,1
86878,0,0,0,0,0,0,0,0,1
86879,0,0,0,0,0,0,0,0,1
86880,0,0,0,0,0,0,0,0,1
86881,0,0,0,0,0,0,0,0,1
86882,0,0,0,0,0,0,0,0,1
86883,0,0,0,0,0,0,0,0,1
86884,0,0,0,0,0,0,0,0,1
86885,0,0,0,0,0,0,0,0,1
86886,0,0,0,0,0,0,0,0,1
86887,0,0,0,0,0,0,0,0,1
86888,0,0,0,0,0,0,0,0,1
86889,0,0,0,0,0,0,0,0,1
86890,0,0,0,0,0,0,0,0,1
86891,0,0,0,0,0,0,0,0,1
86892,0,0,0,0,0,0,0,0,1
86893,0,0,0,0,0,0,0,0,1
86894,0,0,0,0,0,0,0,0,1
86895,0,0,0,0,0,0,0,0,1
86896,0,0,0,0,0,0,0,0,1
86897,0,0,0,0,0,0,0,0,1
86898,0,0,0,0,0,0,0,0,1
86899,0,0,0,0,0,0,0,0,1
86900,0,0,0,0,0,0,0,0,1
86901,0,0,0,0,0,0,0,0,1
86902,0,0,0,0,0,0,0,0,1
86903,0,0,0,0,0,0,0,0,1
86904,0,0,0,0,0,0,0,0,1
86905,0,0,0,0,0,0,0,0,1
86906,0,0,0,0,0,0,0,0,1
86907,0,0,0,0,0,0,0,0,1
86908,0,0,0,0,0,0,0,0,1
86909,0,0,0,0,0,0,0,0,1
86910,0,0,0,0,0,0,0,0,1
86911,0,0,0,0,0,0,0,0,1
86912,0,0,0,0,0,0,0,0,1
86913,0,0,0,0,0,0,0,0,1
86914,0,0,0,0,0,0,0,0,1
86915,0,0,0,0,0,0,0,0,1
86916,0,0,0,0,0,0,0,0,1
86917,0,0,0,0,0,0,0,0,1
86918,0,0,0,0,0,0,0,0,1
86919,0,0,0,0,0,0,0,0,1
86920,0,0,0,0,0,0,0,0,1
86921,0,0,0,0,0,0,0,0,1
86922,0,0,0,0,0,0,0,0,1
86923,0,0,0,0,0,0,0,0,1
86924,0,0,0,0,0,0,0,0,1
86925,0,0,0,0,0,0,0,0,1
86926,0,0,0,0,0,0,0,0,1
86927,0,0,0,0,0,0,0,0,1
86928,0,0,0,0,0,0,0,0,1
86929,0,0,0,0,0,0,0,0,1
86930,0,0,0,0,0,0,0,0,1
86931,0,0,0,0,0,0,0,0,1
86932,0,0,0,0,0,0,0,0,1
86933,0,0,0,0,0,0,0,0,1
86934,0,0,0,0,0,0,0,0,1
86935,0,0,0,0,0,0,0,0,1
86936,0,0,0,0,0,0,0,0,1
86937,0,0,0,0,0,0,0,0,1
86938,0,0,0,0,0,0,0,0,1
86939,0,0,0,0,0,0,0,0,1
86940,0,0,0,0,0,0,0,0,1
86941,0,0,0,0,0,0,0,0,1
86942,0,0,0,0,0,0,0,0,1
86943,0,0,0,0,0,0,0,0,1
86944,0,0,0,0,0,0,0,0,1
86945,0,0,0,0,0,0,0,0,1
86946,0,0,0,0,0,0,0,0,1
86947,0,0,0,0,0,0,0,0,1
86948,0,0,0,0,0,0,0,0,1
86949,0,0,0,0,0,0,0,0,1
86950,0,0,0,0,0,0,0,0,1
86951,0,0,0,0,0,0,0,0,1
86952,0,0,0,0,0,0,0,0,1
86953,0,0,0,0,0,0,0,0,1
86954,0,0,0,0,0,0,0,0,1
86955,0,0,0,0,0,0,0,0,1
86956,0,0,0,0,0,0,0,0,1
86957,0,0,0,0,0,0,0,0,1
86958,0,0,0,0,0,0,0,0,1
86959,0,0,0,0,0,0,0,0,1
86960,0,0,0,0,0,0,0,0,1
86961,0,0,0,0,0,0,0,0,1
86962,0,0,0,0,0,0,0,0,1
86963,0,0,0,0,0,0,0,0,1
86964,0,0,0,0,0,0,0,0,1
86965,0,0,0,0,0,0,0,0,1
86966,0,0,0,0,0,0,0,0,1
86967,0,0,0,0,0,0,0,0,1
86968,0,0,0,0,0,0,0,0,1
86969,0,0,0,0,0,0,0,0,1
86970,0,0,0,0,0,0,0,0,1
86971,0,0,0,0,0,0,0,0,1
86972,0,0,0,0,0,0,0,0,1
86973,0,0,0,0,0,0,0,0,1
86974,0,0,0,0,0,0,0,0,1
86975,0,0,0,0,0,0,0,0,1
86976,0,0,0,0,0,0,0,0,1
86977,0,0,0,0,0,0,0,0,1
86978,0,0,0,0,0,0,0,0,1
86979,0,0,0,0,0,0,0,0,1
86980,0,0,0,0,0,0,0,0,1
86981,0,0,0,0,0,0,0,0,1
86982,0,0,0,0,0,0,0,0,1
86983,0,0,0,0,0,0,0,0,1
86984,0,0,0,0,0,0,0,0,1
86985,0,0,0,0,0,0,0,0,1
86986,0,0,0,0,0,0,0,0,1
86987,0,0,0,0,0,0,0,0,1
86988,0,0,0,0,0,0,0,0,1
86989,0,0,0,0,0,0,0,0,1
86990,0,0,0,0,0,0,0,0,1
86991,0,0,0,0,0,0,0,0,1
86992,0,0,0,0,0,0,0,0,1
86993,0,0,0,0,0,0,0,0,1
86994,0,0,0,0,0,0,0,0,1
86995,0,0,0,0,0,0,0,0,1
86996,0,0,0,0,0,0,0,0,1
86997,0,0,0,0,0,0,0,0,1
86998,0,0,0,0,0,0,0,0,1
86999,0,0,0,0,0,0,0,0,1
87000,0,0,0,0,0,0,0,0,1
87001,0,0,0,0,0,0,0,0,1
87002,0,0,0,0,0,0,0,0,1
87003,0,0,0,0,0,0,0,0,1
87004,0,0,0,0,0,0,0,0,1
87005,0,0,0,0,0,0,0,0,1
87006,0,0,0,0,0,0,0,0,1
87007,0,0,0,0,0,0,0,0,1
87008,0,0,0,0,0,0,0,0,1
87009,0,0,0,0,0,0,0,0,1
87010,0,0,0,0,0,0,0,0,1
87011,0,0,0,0,0,0,0,0,1
87012,0,0,0,0,0,0,0,0,1
87013,0,0,0,0,0,0,0,0,1
87014,0,0,0,0,0,0,0,0,1
87015,0,0,0,0,0,0,0,0,1
87016,0,0,0,0,0,0,0,0,1
87017,0,0,0,0,0,0,0,0,1
87018,0,0,0,0,0,0,0,0,1
87019,0,0,0,0,0,0,0,0,1
87020,0,0,0,0,0,0,0,0,1
87021,0,0,0,0,0,0,0,0,1
87022,0,0,0,0,0,0,0,0,1
87023,0,0,0,0,0,0,0,0,1
87024,0,0,0,0,0,0,0,0,1
87025,0,0,0,0,0,0,0,0,1
87026,0,0,0,0,0,0,0,0,1
87027,0,0,0,0,0,0,0,0,1
87028,0,0,0,0,0,0,0,0,1
87029,0,0,0,0,0,0,0,0,1
87030,0,0,0,0,0,0,0,0,1
87031,0,0,0,0,0,0,0,0,1
87032,0,0,0,0,0,0,0,0,1
87033,0,0,0,0,0,0,0,0,1
87034,0,0,0,0,0,0,0,0,1
87035,0,0,0,0,0,0,0,0,1
87036,0,0,0,0,0,0,0,0,1
87037,0,0,0,0,0,0,0,0,1
87038,0,0,0,0,0,0,0,0,1
87039,0,0,0,0,0,0,0,0,1
87040,0,0,0,0,0,0,0,0,1
87041,0,0,0,0,0,0,0,0,1
87042,0,0,0,0,0,0,0,0,1
87043,0,0,0,0,0,0,0,0,1
87044,0,0,0,0,0,0,0,0,1
87045,0,0,0,0,0,0,0,0,1
87046,0,0,0,0,0,0,0,0,1
87047,0,0,0,0,0,0,0,0,1
87048,0,0,0,0,0,0,0,0,1
87049,0,0,0,0,0,0,0,0,1
87050,0,0,0,0,0,0,0,0,1
87051,0,0,0,0,0,0,0,0,1
87052,0,0,0,0,0,0,0,0,1
87053,0,0,0,0,0,0,0,0,1
87054,0,0,0,0,0,0,0,0,1
87055,0,0,0,0,0,0,0,0,1
87056,0,0,0,0,0,0,0,0,1
87057,0,0,0,0,0,0,0,0,1
87058,0,0,0,0,0,0,0,0,1
87059,0,0,0,0,0,0,0,0,1
87060,0,0,0,0,0,0,0,0,1
87061,0,0,0,0,0,0,0,0,1
87062,0,0,0,0,0,0,0,0,1
87063,0,0,0,0,0,0,0,0,1
87064,0,0,0,0,0,0,0,0,1
87065,0,0,0,0,0,0,0,0,1
87066,0,0,0,0,0,0,0,0,1
87067,0,0,0,0,0,0,0,0,1
87068,0,0,0,0,0,0,0,0,1
87069,0,0,0,0,0,0,0,0,1
87070,0,0,0,0,0,0,0,0,1
87071,0,0,0,0,0,0,0,0,1
87072,0,0,0,0,0,0,0,0,1
87073,0,0,0,0,0,0,0,0,1
87074,0,0,0,0,0,0,0,0,1
87075,0,0,0,0,0,0,0,0,1
87076,0,0,0,0,0,0,0,0,1
87077,0,0,0,0,0,0,0,0,1
87078,0,0,0,0,0,0,0,0,1
87079,0,0,0,0,0,0,0,0,1
87080,0,0,0,0,0,0,0,0,1
87081,0,0,0,0,0,0,0,0,1
87082,0,0,0,0,0,0,0,0,1
87083,0,0,0,0,0,0,0,0,1
87084,0,0,0,0,0,0,0,0,1
87085,0,0,0,0,0,0,0,0,1
87086,0,0,0,0,0,0,0,0,1
87087,0,0,0,0,0,0,0,0,1
87088,0,0,0,0,0,0,0,0,1
87089,0,0,0,0,0,0,0,0,1
87090,0,0,0,0,0,0,0,0,1
87091,0,0,0,0,0,0,0,0,1
87092,0,0,0,0,0,0,0,0,1
87093,0,0,0,0,0,0,0,0,1
87094,0,0,0,0,0,0,0,0,1
87095,0,0,0,0,0,0,0,0,1
87096,0,0,0,0,0,0,0,0,1
87097,0,0,0,0,0,0,0,0,1
87098,0,0,0,0,0,0,0,0,1
87099,0,0,0,0,0,0,0,0,1
87100,0,0,0,0,0,0,0,0,1
87101,0,0,0,0,0,0,0,0,1
87102,0,0,0,0,0,0,0,0,1
87103,0,0,0,0,0,0,0,0,1
87104,0,0,0,0,0,0,0,0,1
87105,0,0,0,0,0,0,0,0,1
87106,0,0,0,0,0,0,0,0,1
87107,0,0,0,0,0,0,0,0,1
87108,0,0,0,0,0,0,0,0,1
87109,0,0,0,0,0,0,0,0,1
87110,0,0,0,0,0,0,0,0,1
87111,0,0,0,0,0,0,0,0,1
87112,0,0,0,0,0,0,0,0,1
87113,0,0,0,0,0,0,0,0,1
87114,0,0,0,0,0,0,0,0,1
87115,0,0,0,0,0,0,0,0,1
87116,0,0,0,0,0,0,0,0,1
87117,0,0,0,0,0,0,0,0,1
87118,0,0,0,0,0,0,0,0,1
87119,0,0,0,0,0,0,0,0,1
87120,0,0,0,0,0,0,0,0,1
87121,0,0,0,0,0,0,0,0,1
87122,0,0,0,0,0,0,0,0,1
87123,0,0,0,0,0,0,0,0,1
87124,0,0,0,0,0,0,0,0,1
87125,0,0,0,0,0,0,0,0,1
87126,0,0,0,0,0,0,0,0,1
87127,0,0,0,0,0,0,0,0,1
87128,0,0,0,0,0,0,0,0,1
87129,0,0,0,0,0,0,0,0,1
87130,0,0,0,0,0,0,0,0,1
87131,0,0,0,0,0,0,0,0,1
87132,0,0,0,0,0,0,0,0,1
87133,0,0,0,0,0,0,0,0,1
87134,0,0,0,0,0,0,0,0,1
87135,0,0,0,0,0,0,0,0,1
87136,0,0,0,0,0,0,0,0,1
87137,0,0,0,0,0,0,0,0,1
87138,0,0,0,0,0,0,0,0,1
87139,0,0,0,0,0,0,0,0,1
87140,0,0,0,0,0,0,0,0,1
87141,0,0,0,0,0,0,0,0,1
87142,0,0,0,0,0,0,0,0,1
87143,0,0,0,0,0,0,0,0,1
87144,0,0,0,0,0,0,0,0,1
87145,0,0,0,0,0,0,0,0,1
87146,0,0,0,0,0,0,0,0,1
87147,0,0,0,0,0,0,0,0,1
87148,0,0,0,0,0,0,0,0,1
87149,0,0,0,0,0,0,0,0,1
87150,0,0,0,0,0,0,0,0,1
87151,0,0,0,0,0,0,0,0,1
87152,0,0,0,0,0,0,0,0,1
87153,0,0,0,0,0,0,0,0,1
87154,0,0,0,0,0,0,0,0,1
87155,0,0,0,0,0,0,0,0,1
87156,0,0,0,0,0,0,0,0,1
87157,0,0,0,0,0,0,0,0,1
87158,0,0,0,0,0,0,0,0,1
87159,0,0,0,0,0,0,0,0,1
87160,0,0,0,0,0,0,0,0,1
87161,0,0,0,0,0,0,0,0,1
87162,0,0,0,0,0,0,0,0,1
87163,0,0,0,0,0,0,0,0,1
87164,0,0,0,0,0,0,0,0,1
87165,0,0,0,0,0,0,0,0,1
87166,0,0,0,0,0,0,0,0,1
87167,0,0,0,0,0,0,0,0,1
87168,0,0,0,0,0,0,0,0,1
87169,0,0,0,0,0,0,0,0,1
87170,0,0,0,0,0,0,0,0,1
87171,0,0,0,0,0,0,0,0,1
87172,0,0,0,0,0,0,0,0,1
87173,0,0,0,0,0,0,0,0,1
87174,0,0,0,0,0,0,0,0,1
87175,0,0,0,0,0,0,0,0,1
87176,0,0,0,0,0,0,0,0,1
87177,0,0,0,0,0,0,0,0,1
87178,0,0,0,0,0,0,0,0,1
87179,0,0,0,0,0,0,0,0,1
87180,0,0,0,0,0,0,0,0,1
87181,0,0,0,0,0,0,0,0,1
87182,0,0,0,0,0,0,0,0,1
87183,0,0,0,0,0,0,0,0,1
87184,0,0,0,0,0,0,0,0,1
87185,0,0,0,0,0,0,0,0,1
87186,0,0,0,0,0,0,0,0,1
87187,0,0,0,0,0,0,0,0,1
87188,0,0,0,0,0,0,0,0,1
87189,0,0,0,0,0,0,0,0,1
87190,0,0,0,0,0,0,0,0,1
87191,0,0,0,0,0,0,0,0,1
87192,0,0,0,0,0,0,0,0,1
87193,0,0,0,0,0,0,0,0,1
87194,0,0,0,0,0,0,0,0,1
87195,0,0,0,0,0,0,0,0,1
87196,0,0,0,0,0,0,0,0,1
87197,0,0,0,0,0,0,0,0,1
87198,0,0,0,0,0,0,0,0,1
87199,0,0,0,0,0,0,0,0,1
87200,0,0,0,0,0,0,0,0,1
87201,0,0,0,0,0,0,0,0,1
87202,0,0,0,0,0,0,0,0,1
87203,0,0,0,0,0,0,0,0,1
87204,0,0,0,0,0,0,0,0,1
87205,0,0,0,0,0,0,0,0,1
87206,0,0,0,0,0,0,0,0,1
87207,0,0,0,0,0,0,0,0,1
87208,0,0,0,0,0,0,0,0,1
87209,0,0,0,0,0,0,0,0,1
87210,0,0,0,0,0,0,0,0,1
87211,0,0,0,0,0,0,0,0,1
87212,0,0,0,0,0,0,0,0,1
87213,0,0,0,0,0,0,0,0,1
87214,0,0,0,0,0,0,0,0,1
87215,0,0,0,0,0,0,0,0,1
87216,0,0,0,0,0,0,0,0,1
87217,0,0,0,0,0,0,0,0,1
87218,0,0,0,0,0,0,0,0,1
87219,0,0,0,0,0,0,0,0,1
87220,0,0,0,0,0,0,0,0,1
87221,0,0,0,0,0,0,0,0,1
87222,0,0,0,0,0,0,0,0,1
87223,0,0,0,0,0,0,0,0,1
87224,0,0,0,0,0,0,0,0,1
87225,0,0,0,0,0,0,0,0,1
87226,0,0,0,0,0,0,0,0,1
87227,0,0,0,0,0,0,0,0,1
87228,0,0,0,0,0,0,0,0,1
87229,0,0,0,0,0,0,0,0,1
87230,0,0,0,0,0,0,0,0,1
87231,0,0,0,0,0,0,0,0,1
87232,0,0,0,0,0,0,0,0,1
87233,0,0,0,0,0,0,0,0,1
87234,0,0,0,0,0,0,0,0,1
87235,0,0,0,0,0,0,0,0,1
87236,0,0,0,0,0,0,0,0,1
87237,0,0,0,0,0,0,0,0,1
87238,0,0,0,0,0,0,0,0,1
87239,0,0,0,0,0,0,0,0,1
87240,0,0,0,0,0,0,0,0,1
87241,0,0,0,0,0,0,0,0,1
87242,0,0,0,0,0,0,0,0,1
87243,0,0,0,0,0,0,0,0,1
87244,0,0,0,0,0,0,0,0,1
87245,0,0,0,0,0,0,0,0,1
87246,0,0,0,0,0,0,0,0,1
87247,0,0,0,0,0,0,0,0,1
87248,0,0,0,0,0,0,0,0,1
87249,0,0,0,0,0,0,0,0,1
87250,0,0,0,0,0,0,0,0,1
87251,0,0,0,0,0,0,0,0,1
87252,0,0,0,0,0,0,0,0,1
87253,0,0,0,0,0,0,0,0,1
87254,0,0,0,0,0,0,0,0,1
87255,0,0,0,0,0,0,0,0,1
87256,0,0,0,0,0,0,0,0,1
87257,0,0,0,0,0,0,0,0,1
87258,0,0,0,0,0,0,0,0,1
87259,0,0,0,0,0,0,0,0,1
87260,0,0,0,0,0,0,0,0,1
87261,0,0,0,0,0,0,0,0,1
87262,0,0,0,0,0,0,0,0,1
87263,0,0,0,0,0,0,0,0,1
87264,0,0,0,0,0,0,0,0,1
87265,0,0,0,0,0,0,0,0,1
87266,0,0,0,0,0,0,0,0,1
87267,0,0,0,0,0,0,0,0,1
87268,0,0,0,0,0,0,0,0,1
87269,0,0,0,0,0,0,0,0,1
87270,0,0,0,0,0,0,0,0,1
87271,0,0,0,0,0,0,0,0,1
87272,0,0,0,0,0,0,0,0,1
87273,0,0,0,0,0,0,0,0,1
87274,0,0,0,0,0,0,0,0,1
87275,0,0,0,0,0,0,0,0,1
87276,0,0,0,0,0,0,0,0,1
87277,0,0,0,0,0,0,0,0,1
87278,0,0,0,0,0,0,0,0,1
87279,0,0,0,0,0,0,0,0,1
87280,0,0,0,0,0,0,0,0,1
87281,0,0,0,0,0,0,0,0,1
87282,0,0,0,0,0,0,0,0,1
87283,0,0,0,0,0,0,0,0,1
87284,0,0,0,0,0,0,0,0,1
87285,0,0,0,0,0,0,0,0,1
87286,0,0,0,0,0,0,0,0,1
87287,0,0,0,0,0,0,0,0,1
87288,0,0,0,0,0,0,0,0,1
87289,0,0,0,0,0,0,0,0,1
87290,0,0,0,0,0,0,0,0,1
87291,0,0,0,0,0,0,0,0,1
87292,0,0,0,0,0,0,0,0,1
87293,0,0,0,0,0,0,0,0,1
87294,0,0,0,0,0,0,0,0,1
87295,0,0,0,0,0,0,0,0,1
87296,0,0,0,0,0,0,0,0,1
87297,0,0,0,0,0,0,0,0,1
87298,0,0,0,0,0,0,0,0,1
87299,0,0,0,0,0,0,0,0,1
87300,0,0,0,0,0,0,0,0,1
87301,0,0,0,0,0,0,0,0,1
87302,0,0,0,0,0,0,0,0,1
87303,0,0,0,0,0,0,0,0,1
87304,0,0,0,0,0,0,0,0,1
87305,0,0,0,0,0,0,0,0,1
87306,0,0,0,0,0,0,0,0,1
87307,0,0,0,0,0,0,0,0,1
87308,0,0,0,0,0,0,0,0,1
87309,0,0,0,0,0,0,0,0,1
87310,0,0,0,0,0,0,0,0,1
87311,0,0,0,0,0,0,0,0,1
87312,0,0,0,0,0,0,0,0,1
87313,0,0,0,0,0,0,0,0,1
87314,0,0,0,0,0,0,0,0,1
87315,0,0,0,0,0,0,0,0,1
87316,0,0,0,0,0,0,0,0,1
87317,0,0,0,0,0,0,0,0,1
87318,0,0,0,0,0,0,0,0,1
87319,0,0,0,0,0,0,0,0,1
87320,0,0,0,0,0,0,0,0,1
87321,0,0,0,0,0,0,0,0,1
87322,0,0,0,0,0,0,0,0,1
87323,0,0,0,0,0,0,0,0,1
87324,0,0,0,0,0,0,0,0,1
87325,0,0,0,0,0,0,0,0,1
87326,0,0,0,0,0,0,0,0,1
87327,0,0,0,0,0,0,0,0,1
87328,0,0,0,0,0,0,0,0,1
87329,0,0,0,0,0,0,0,0,1
87330,0,0,0,0,0,0,0,0,1
87331,0,0,0,0,0,0,0,0,1
87332,0,0,0,0,0,0,0,0,1
87333,0,0,0,0,0,0,0,0,1
87334,0,0,0,0,0,0,0,0,1
87335,0,0,0,0,0,0,0,0,1
87336,0,0,0,0,0,0,0,0,1
87337,0,0,0,0,0,0,0,0,1
87338,0,0,0,0,0,0,0,0,1
87339,0,0,0,0,0,0,0,0,1
87340,0,0,0,0,0,0,0,0,1
87341,0,0,0,0,0,0,0,0,1
87342,0,0,0,0,0,0,0,0,1
87343,0,0,0,0,0,0,0,0,1
87344,0,0,0,0,0,0,0,0,1
87345,0,0,0,0,0,0,0,0,1
87346,0,0,0,0,0,0,0,0,1
87347,0,0,0,0,0,0,0,0,1
87348,0,0,0,0,0,0,0,0,1
87349,0,0,0,0,0,0,0,0,1
87350,0,0,0,0,0,0,0,0,1
87351,0,0,0,0,0,0,0,0,1
87352,0,0,0,0,0,0,0,0,1
87353,0,0,0,0,0,0,0,0,1
87354,0,0,0,0,0,0,0,0,1
87355,0,0,0,0,0,0,0,0,1
87356,0,0,0,0,0,0,0,0,1
87357,0,0,0,0,0,0,0,0,1
87358,0,0,0,0,0,0,0,0,1
87359,0,0,0,0,0,0,0,0,1
87360,0,0,0,0,0,0,0,0,1
87361,0,0,0,0,0,0,0,0,1
87362,0,0,0,0,0,0,0,0,1
87363,0,0,0,0,0,0,0,0,1
87364,0,0,0,0,0,0,0,0,1
87365,0,0,0,0,0,0,0,0,1
87366,0,0,0,0,0,0,0,0,1
87367,0,0,0,0,0,0,0,0,1
87368,0,0,0,0,0,0,0,0,1
87369,0,0,0,0,0,0,0,0,1
87370,0,0,0,0,0,0,0,0,1
87371,0,0,0,0,0,0,0,0,1
87372,0,0,0,0,0,0,0,0,1
87373,0,0,0,0,0,0,0,0,1
87374,0,0,0,0,0,0,0,0,1
87375,0,0,0,0,0,0,0,0,1
87376,0,0,0,0,0,0,0,0,1
87377,0,0,0,0,0,0,0,0,1
87378,0,0,0,0,0,0,0,0,1
87379,0,0,0,0,0,0,0,0,1
87380,0,0,0,0,0,0,0,0,1
87381,0,0,0,0,0,0,0,0,1
87382,0,0,0,0,0,0,0,0,1
87383,0,0,0,0,0,0,0,0,1
87384,0,0,0,0,0,0,0,0,1
87385,0,0,0,0,0,0,0,0,1
87386,0,0,0,0,0,0,0,0,1
87387,0,0,0,0,0,0,0,0,1
87388,0,0,0,0,0,0,0,0,1
87389,0,0,0,0,0,0,0,0,1
87390,0,0,0,0,0,0,0,0,1
87391,0,0,0,0,0,0,0,0,1
87392,0,0,0,0,0,0,0,0,1
87393,0,0,0,0,0,0,0,0,1
87394,0,0,0,0,0,0,0,0,1
87395,0,0,0,0,0,0,0,0,1
87396,0,0,0,0,0,0,0,0,1
87397,0,0,0,0,0,0,0,0,1
87398,0,0,0,0,0,0,0,0,1
87399,0,0,0,0,0,0,0,0,1
87400,0,0,0,0,0,0,0,0,1
87401,0,0,0,0,0,0,0,0,1
87402,0,0,0,0,0,0,0,0,1
87403,0,0,0,0,0,0,0,0,1
87404,0,0,0,0,0,0,0,0,1
87405,0,0,0,0,0,0,0,0,1
87406,0,0,0,0,0,0,0,0,1
87407,0,0,0,0,0,0,0,0,1
87408,0,0,0,0,0,0,0,0,1
87409,0,0,0,0,0,0,0,0,1
87410,0,0,0,0,0,0,0,0,1
87411,0,0,0,0,0,0,0,0,1
87412,0,0,0,0,0,0,0,0,1
87413,0,0,0,0,0,0,0,0,1
87414,0,0,0,0,0,0,0,0,1
87415,0,0,0,0,0,0,0,0,1
87416,0,0,0,0,0,0,0,0,1
87417,0,0,0,0,0,0,0,0,1
87418,0,0,0,0,0,0,0,0,1
87419,0,0,0,0,0,0,0,0,1
87420,0,0,0,0,0,0,0,0,1
87421,0,0,0,0,0,0,0,0,1
87422,0,0,0,0,0,0,0,0,1
87423,0,0,0,0,0,0,0,0,1
87424,0,0,0,0,0,0,0,0,1
87425,0,0,0,0,0,0,0,0,1
87426,0,0,0,0,0,0,0,0,1
87427,0,0,0,0,0,0,0,0,1
87428,0,0,0,0,0,0,0,0,1
87429,0,0,0,0,0,0,0,0,1
87430,0,0,0,0,0,0,0,0,1
87431,0,0,0,0,0,0,0,0,1
87432,0,0,0,0,0,0,0,0,1
87433,0,0,0,0,0,0,0,0,1
87434,0,0,0,0,0,0,0,0,1
87435,0,0,0,0,0,0,0,0,1
87436,0,0,0,0,0,0,0,0,1
87437,0,0,0,0,0,0,0,0,1
87438,0,0,0,0,0,0,0,0,1
87439,0,0,0,0,0,0,0,0,1
87440,0,0,0,0,0,0,0,0,1
87441,0,0,0,0,0,0,0,0,1
87442,0,0,0,0,0,0,0,0,1
87443,0,0,0,0,0,0,0,0,1
87444,0,0,0,0,0,0,0,0,1
87445,0,0,0,0,0,0,0,0,1
87446,0,0,0,0,0,0,0,0,1
87447,0,0,0,0,0,0,0,0,1
87448,0,0,0,0,0,0,0,0,1
87449,0,0,0,0,0,0,0,0,1
87450,0,0,0,0,0,0,0,0,1
87451,0,0,0,0,0,0,0,0,1
87452,0,0,0,0,0,0,0,0,1
87453,0,0,0,0,0,0,0,0,1
87454,0,0,0,0,0,0,0,0,1
87455,0,0,0,0,0,0,0,0,1
87456,0,0,0,0,0,0,0,0,1
87457,0,0,0,0,0,0,0,0,1
87458,0,0,0,0,0,0,0,0,1
87459,0,0,0,0,0,0,0,0,1
87460,0,0,0,0,0,0,0,0,1
87461,0,0,0,0,0,0,0,0,1
87462,0,0,0,0,0,0,0,0,1
87463,0,0,0,0,0,0,0,0,1
87464,0,0,0,0,0,0,0,0,1
87465,0,0,0,0,0,0,0,0,1
87466,0,0,0,0,0,0,0,0,1
87467,0,0,0,0,0,0,0,0,1
87468,0,0,0,0,0,0,0,0,1
87469,0,0,0,0,0,0,0,0,1
87470,0,0,0,0,0,0,0,0,1
87471,0,0,0,0,0,0,0,0,1
87472,0,0,0,0,0,0,0,0,1
87473,0,0,0,0,0,0,0,0,1
87474,0,0,0,0,0,0,0,0,1
87475,0,0,0,0,0,0,0,0,1
87476,0,0,0,0,0,0,0,0,1
87477,0,0,0,0,0,0,0,0,1
87478,0,0,0,0,0,0,0,0,1
87479,0,0,0,0,0,0,0,0,1
87480,0,0,0,0,0,0,0,0,1
87481,0,0,0,0,0,0,0,0,1
87482,0,0,0,0,0,0,0,0,1
87483,0,0,0,0,0,0,0,0,1
87484,0,0,0,0,0,0,0,0,1
87485,0,0,0,0,0,0,0,0,1
87486,0,0,0,0,0,0,0,0,1
87487,0,0,0,0,0,0,0,0,1
87488,0,0,0,0,0,0,0,0,1
87489,0,0,0,0,0,0,0,0,1
87490,0,0,0,0,0,0,0,0,1
87491,0,0,0,0,0,0,0,0,1
87492,0,0,0,0,0,0,0,0,1
87493,0,0,0,0,0,0,0,0,1
87494,0,0,0,0,0,0,0,0,1
87495,0,0,0,0,0,0,0,0,1
87496,0,0,0,0,0,0,0,0,1
87497,0,0,0,0,0,0,0,0,1
87498,0,0,0,0,0,0,0,0,1
87499,0,0,0,0,0,0,0,0,1
87500,0,0,0,0,0,0,0,0,1
87501,0,0,0,0,0,0,0,0,1
87502,0,0,0,0,0,0,0,0,1
87503,0,0,0,0,0,0,0,0,1
87504,0,0,0,0,0,0,0,0,1
87505,0,0,0,0,0,0,0,0,1
87506,0,0,0,0,0,0,0,0,1
87507,0,0,0,0,0,0,0,0,1
87508,0,0,0,0,0,0,0,0,1
87509,0,0,0,0,0,0,0,0,1
87510,0,0,0,0,0,0,0,0,1
87511,0,0,0,0,0,0,0,0,1
87512,0,0,0,0,0,0,0,0,1
87513,0,0,0,0,0,0,0,0,1
87514,0,0,0,0,0,0,0,0,1
87515,0,0,0,0,0,0,0,0,1
87516,0,0,0,0,0,0,0,0,1
87517,0,0,0,0,0,0,0,0,1
87518,0,0,0,0,0,0,0,0,1
87519,0,0,0,0,0,0,0,0,1
87520,0,0,0,0,0,0,0,0,1
87521,0,0,0,0,0,0,0,0,1
87522,0,0,0,0,0,0,0,0,1
87523,0,0,0,0,0,0,0,0,1
87524,0,0,0,0,0,0,0,0,1
87525,0,0,0,0,0,0,0,0,1
87526,0,0,0,0,0,0,0,0,1
87527,0,0,0,0,0,0,0,0,1
87528,0,0,0,0,0,0,0,0,1
87529,0,0,0,0,0,0,0,0,1
87530,0,0,0,0,0,0,0,0,1
87531,0,0,0,0,0,0,0,0,1
87532,0,0,0,0,0,0,0,0,1
87533,0,0,0,0,0,0,0,0,1
87534,0,0,0,0,0,0,0,0,1
87535,0,0,0,0,0,0,0,0,1
87536,0,0,0,0,0,0,0,0,1
87537,0,0,0,0,0,0,0,0,1
87538,0,0,0,0,0,0,0,0,1
87539,0,0,0,0,0,0,0,0,1
87540,0,0,0,0,0,0,0,0,1
87541,0,0,0,0,0,0,0,0,1
87542,0,0,0,0,0,0,0,0,1
87543,0,0,0,0,0,0,0,0,1
87544,0,0,0,0,0,0,0,0,1
87545,0,0,0,0,0,0,0,0,1
87546,0,0,0,0,0,0,0,0,1
87547,0,0,0,0,0,0,0,0,1
87548,0,0,0,0,0,0,0,0,1
87549,0,0,0,0,0,0,0,0,1
87550,0,0,0,0,0,0,0,0,1
87551,0,0,0,0,0,0,0,0,1
87552,0,0,0,0,0,0,0,0,1
87553,0,0,0,0,0,0,0,0,1
87554,0,0,0,0,0,0,0,0,1
87555,0,0,0,0,0,0,0,0,1
87556,0,0,0,0,0,0,0,0,1
87557,0,0,0,0,0,0,0,0,1
87558,0,0,0,0,0,0,0,0,1
87559,0,0,0,0,0,0,0,0,1
87560,0,0,0,0,0,0,0,0,1
87561,0,0,0,0,0,0,0,0,1
87562,0,0,0,0,0,0,0,0,1
87563,0,0,0,0,0,0,0,0,1
87564,0,0,0,0,0,0,0,0,1
87565,0,0,0,0,0,0,0,0,1
87566,0,0,0,0,0,0,0,0,1
87567,0,0,0,0,0,0,0,0,1
87568,0,0,0,0,0,0,0,0,1
87569,0,0,0,0,0,0,0,0,1
87570,0,0,0,0,0,0,0,0,1
87571,0,0,0,0,0,0,0,0,1
87572,0,0,0,0,0,0,0,0,1
87573,0,0,0,0,0,0,0,0,1
87574,0,0,0,0,0,0,0,0,1
87575,0,0,0,0,0,0,0,0,1
87576,0,0,0,0,0,0,0,0,1
87577,0,0,0,0,0,0,0,0,1
87578,0,0,0,0,0,0,0,0,1
87579,0,0,0,0,0,0,0,0,1
87580,0,0,0,0,0,0,0,0,1
87581,0,0,0,0,0,0,0,0,1
87582,0,0,0,0,0,0,0,0,1
87583,0,0,0,0,0,0,0,0,1
87584,0,0,0,0,0,0,0,0,1
87585,0,0,0,0,0,0,0,0,1
87586,0,0,0,0,0,0,0,0,1
87587,0,0,0,0,0,0,0,0,1
87588,0,0,0,0,0,0,0,0,1
87589,0,0,0,0,0,0,0,0,1
87590,0,0,0,0,0,0,0,0,1
87591,0,0,0,0,0,0,0,0,1
87592,0,0,0,0,0,0,0,0,1
87593,0,0,0,0,0,0,0,0,1
87594,0,0,0,0,0,0,0,0,1
87595,0,0,0,0,0,0,0,0,1
87596,0,0,0,0,0,0,0,0,1
87597,0,0,0,0,0,0,0,0,1
87598,0,0,0,0,0,0,0,0,1
87599,0,0,0,0,0,0,0,0,1
87600,0,0,0,0,0,0,0,0,1
87601,0,0,0,0,0,0,0,0,1
87602,0,0,0,0,0,0,0,0,1
87603,0,0,0,0,0,0,0,0,1
87604,0,0,0,0,0,0,0,0,1
87605,0,0,0,0,0,0,0,0,1
87606,0,0,0,0,0,0,0,0,1
87607,0,0,0,0,0,0,0,0,1
87608,0,0,0,0,0,0,0,0,1
87609,0,0,0,0,0,0,0,0,1
87610,0,0,0,0,0,0,0,0,1
87611,0,0,0,0,0,0,0,0,1
87612,0,0,0,0,0,0,0,0,1
87613,0,0,0,0,0,0,0,0,1
87614,0,0,0,0,0,0,0,0,1
87615,0,0,0,0,0,0,0,0,1
87616,0,0,0,0,0,0,0,0,1
87617,0,0,0,0,0,0,0,0,1
87618,0,0,0,0,0,0,0,0,1
87619,0,0,0,0,0,0,0,0,1
87620,0,0,0,0,0,0,0,0,1
87621,0,0,0,0,0,0,0,0,1
87622,0,0,0,0,0,0,0,0,1
87623,0,0,0,0,0,0,0,0,1
87624,0,0,0,0,0,0,0,0,1
87625,0,0,0,0,0,0,0,0,1
87626,0,0,0,0,0,0,0,0,1
87627,0,0,0,0,0,0,0,0,1
87628,0,0,0,0,0,0,0,0,1
87629,0,0,0,0,0,0,0,0,1
87630,0,0,0,0,0,0,0,0,1
87631,0,0,0,0,0,0,0,0,1
87632,0,0,0,0,0,0,0,0,1
87633,0,0,0,0,0,0,0,0,1
87634,0,0,0,0,0,0,0,0,1
87635,0,0,0,0,0,0,0,0,1
87636,0,0,0,0,0,0,0,0,1
87637,0,0,0,0,0,0,0,0,1
87638,0,0,0,0,0,0,0,0,1
87639,0,0,0,0,0,0,0,0,1
87640,0,0,0,0,0,0,0,0,1
87641,0,0,0,0,0,0,0,0,1
87642,0,0,0,0,0,0,0,0,1
87643,0,0,0,0,0,0,0,0,1
87644,0,0,0,0,0,0,0,0,1
87645,0,0,0,0,0,0,0,0,1
87646,0,0,0,0,0,0,0,0,1
87647,0,0,0,0,0,0,0,0,1
87648,0,0,0,0,0,0,0,0,1
87649,0,0,0,0,0,0,0,0,1
87650,0,0,0,0,0,0,0,0,1
87651,0,0,0,0,0,0,0,0,1
87652,0,0,0,0,0,0,0,0,1
87653,0,0,0,0,0,0,0,0,1
87654,0,0,0,0,0,0,0,0,1
87655,0,0,0,0,0,0,0,0,1
87656,0,0,0,0,0,0,0,0,1
87657,0,0,0,0,0,0,0,0,1
87658,0,0,0,0,0,0,0,0,1
87659,0,0,0,0,0,0,0,0,1
87660,0,0,0,0,0,0,0,0,1
87661,0,0,0,0,0,0,0,0,1
87662,0,0,0,0,0,0,0,0,1
87663,0,0,0,0,0,0,0,0,1
87664,0,0,0,0,0,0,0,0,1
87665,0,0,0,0,0,0,0,0,1
87666,0,0,0,0,0,0,0,0,1
87667,0,0,0,0,0,0,0,0,1
87668,0,0,0,0,0,0,0,0,1
87669,0,0,0,0,0,0,0,0,1
87670,0,0,0,0,0,0,0,0,1
87671,0,0,0,0,0,0,0,0,1
87672,0,0,0,0,0,0,0,0,1
87673,0,0,0,0,0,0,0,0,1
87674,0,0,0,0,0,0,0,0,1
87675,0,0,0,0,0,0,0,0,1
87676,0,0,0,0,0,0,0,0,1
87677,0,0,0,0,0,0,0,0,1
87678,0,0,0,0,0,0,0,0,1
87679,0,0,0,0,0,0,0,0,1
87680,0,0,0,0,0,0,0,0,1
87681,0,0,0,0,0,0,0,0,1
87682,0,0,0,0,0,0,0,0,1
87683,0,0,0,0,0,0,0,0,1
87684,0,0,0,0,0,0,0,0,1
87685,0,0,0,0,0,0,0,0,1
87686,0,0,0,0,0,0,0,0,1
87687,0,0,0,0,0,0,0,0,1
87688,0,0,0,0,0,0,0,0,1
87689,0,0,0,0,0,0,0,0,1
87690,0,0,0,0,0,0,0,0,1
87691,0,0,0,0,0,0,0,0,1
87692,0,0,0,0,0,0,0,0,1
87693,0,0,0,0,0,0,0,0,1
87694,0,0,0,0,0,0,0,0,1
87695,0,0,0,0,0,0,0,0,1
87696,0,0,0,0,0,0,0,0,1
87697,0,0,0,0,0,0,0,0,1
87698,0,0,0,0,0,0,0,0,1
87699,0,0,0,0,0,0,0,0,1
87700,0,0,0,0,0,0,0,0,1
87701,0,0,0,0,0,0,0,0,1
87702,0,0,0,0,0,0,0,0,1
87703,0,0,0,0,0,0,0,0,1
87704,0,0,0,0,0,0,0,0,1
87705,0,0,0,0,0,0,0,0,1
87706,0,0,0,0,0,0,0,0,1
87707,0,0,0,0,0,0,0,0,1
87708,0,0,0,0,0,0,0,0,1
87709,0,0,0,0,0,0,0,0,1
87710,0,0,0,0,0,0,0,0,1
87711,0,0,0,0,0,0,0,0,1
87712,0,0,0,0,0,0,0,0,1
87713,0,0,0,0,0,0,0,0,1
87714,0,0,0,0,0,0,0,0,1
87715,0,0,0,0,0,0,0,0,1
87716,0,0,0,0,0,0,0,0,1
87717,0,0,0,0,0,0,0,0,1
87718,0,0,0,0,0,0,0,0,1
87719,0,0,0,0,0,0,0,0,1
87720,0,0,0,0,0,0,0,0,1
87721,0,0,0,0,0,0,0,0,1
87722,0,0,0,0,0,0,0,0,1
87723,0,0,0,0,0,0,0,0,1
87724,0,0,0,0,0,0,0,0,1
87725,0,0,0,0,0,0,0,0,1
87726,0,0,0,0,0,0,0,0,1
87727,0,0,0,0,0,0,0,0,1
87728,0,0,0,0,0,0,0,0,1
87729,0,0,0,0,0,0,0,0,1
87730,0,0,0,0,0,0,0,0,1
87731,0,0,0,0,0,0,0,0,1
87732,0,0,0,0,0,0,0,0,1
87733,0,0,0,0,0,0,0,0,1
87734,0,0,0,0,0,0,0,0,1
87735,0,0,0,0,0,0,0,0,1
87736,0,0,0,0,0,0,0,0,1
87737,0,0,0,0,0,0,0,0,1
87738,0,0,0,0,0,0,0,0,1
87739,0,0,0,0,0,0,0,0,1
87740,0,0,0,0,0,0,0,0,1
87741,0,0,0,0,0,0,0,0,1
87742,0,0,0,0,0,0,0,0,1
87743,0,0,0,0,0,0,0,0,1
87744,0,0,0,0,0,0,0,0,1
87745,0,0,0,0,0,0,0,0,1
87746,0,0,0,0,0,0,0,0,1
87747,0,0,0,0,0,0,0,0,1
87748,0,0,0,0,0,0,0,0,1
87749,0,0,0,0,0,0,0,0,1
87750,0,0,0,0,0,0,0,0,1
87751,0,0,0,0,0,0,0,0,1
87752,0,0,0,0,0,0,0,0,1
87753,0,0,0,0,0,0,0,0,1
87754,0,0,0,0,0,0,0,0,1
87755,0,0,0,0,0,0,0,0,1
87756,0,0,0,0,0,0,0,0,1
87757,0,0,0,0,0,0,0,0,1
87758,0,0,0,0,0,0,0,0,1
87759,0,0,0,0,0,0,0,0,1
87760,0,0,0,0,0,0,0,0,1
87761,0,0,0,0,0,0,0,0,1
87762,0,0,0,0,0,0,0,0,1
87763,0,0,0,0,0,0,0,0,1
87764,0,0,0,0,0,0,0,0,1
87765,0,0,0,0,0,0,0,0,1
87766,0,0,0,0,0,0,0,0,1
87767,0,0,0,0,0,0,0,0,1
87768,0,0,0,0,0,0,0,0,1
87769,0,0,0,0,0,0,0,0,1
87770,0,0,0,0,0,0,0,0,1
87771,0,0,0,0,0,0,0,0,1
87772,0,0,0,0,0,0,0,0,1
87773,0,0,0,0,0,0,0,0,1
87774,0,0,0,0,0,0,0,0,1
87775,0,0,0,0,0,0,0,0,1
87776,0,0,0,0,0,0,0,0,1
87777,0,0,0,0,0,0,0,0,1
87778,0,0,0,0,0,0,0,0,1
87779,0,0,0,0,0,0,0,0,1
87780,0,0,0,0,0,0,0,0,1
87781,0,0,0,0,0,0,0,0,1
87782,0,0,0,0,0,0,0,0,1
87783,0,0,0,0,0,0,0,0,1
87784,0,0,0,0,0,0,0,0,1
87785,0,0,0,0,0,0,0,0,1
87786,0,0,0,0,0,0,0,0,1
87787,0,0,0,0,0,0,0,0,1
87788,0,0,0,0,0,0,0,0,1
87789,0,0,0,0,0,0,0,0,1
87790,0,0,0,0,0,0,0,0,1
87791,0,0,0,0,0,0,0,0,1
87792,0,0,0,0,0,0,0,0,1
87793,0,0,0,0,0,0,0,0,1
87794,0,0,0,0,0,0,0,0,1
87795,0,0,0,0,0,0,0,0,1
87796,0,0,0,0,0,0,0,0,1
87797,0,0,0,0,0,0,0,0,1
87798,0,0,0,0,0,0,0,0,1
87799,0,0,0,0,0,0,0,0,1
87800,0,0,0,0,0,0,0,0,1
87801,0,0,0,0,0,0,0,0,1
87802,0,0,0,0,0,0,0,0,1
87803,0,0,0,0,0,0,0,0,1
87804,0,0,0,0,0,0,0,0,1
87805,0,0,0,0,0,0,0,0,1
87806,0,0,0,0,0,0,0,0,1
87807,0,0,0,0,0,0,0,0,1
87808,0,0,0,0,0,0,0,0,1
87809,0,0,0,0,0,0,0,0,1
87810,0,0,0,0,0,0,0,0,1
87811,0,0,0,0,0,0,0,0,1
87812,0,0,0,0,0,0,0,0,1
87813,0,0,0,0,0,0,0,0,1
87814,0,0,0,0,0,0,0,0,1
87815,0,0,0,0,0,0,0,0,1
87816,0,0,0,0,0,0,0,0,1
87817,0,0,0,0,0,0,0,0,1
87818,0,0,0,0,0,0,0,0,1
87819,0,0,0,0,0,0,0,0,1
87820,0,0,0,0,0,0,0,0,1
87821,0,0,0,0,0,0,0,0,1
87822,0,0,0,0,0,0,0,0,1
87823,0,0,0,0,0,0,0,0,1
87824,0,0,0,0,0,0,0,0,1
87825,0,0,0,0,0,0,0,0,1
87826,0,0,0,0,0,0,0,0,1
87827,0,0,0,0,0,0,0,0,1
87828,0,0,0,0,0,0,0,0,1
87829,0,0,0,0,0,0,0,0,1
87830,0,0,0,0,0,0,0,0,1
87831,0,0,0,0,0,0,0,0,1
87832,0,0,0,0,0,0,0,0,1
87833,0,0,0,0,0,0,0,0,1
87834,0,0,0,0,0,0,0,0,1
87835,0,0,0,0,0,0,0,0,1
87836,0,0,0,0,0,0,0,0,1
87837,0,0,0,0,0,0,0,0,1
87838,0,0,0,0,0,0,0,0,1
87839,0,0,0,0,0,0,0,0,1
87840,0,0,0,0,0,0,0,0,1
87841,0,0,0,0,0,0,0,0,1
87842,0,0,0,0,0,0,0,0,1
87843,0,0,0,0,0,0,0,0,1
87844,0,0,0,0,0,0,0,0,1
87845,0,0,0,0,0,0,0,0,1
87846,0,0,0,0,0,0,0,0,1
87847,0,0,0,0,0,0,0,0,1
87848,0,0,0,0,0,0,0,0,1
87849,0,0,0,0,0,0,0,0,1
87850,0,0,0,0,0,0,0,0,1
87851,0,0,0,0,0,0,0,0,1
87852,0,0,0,0,0,0,0,0,1
87853,0,0,0,0,0,0,0,0,1
87854,0,0,0,0,0,0,0,0,1
87855,0,0,0,0,0,0,0,0,1
87856,0,0,0,0,0,0,0,0,1
87857,0,0,0,0,0,0,0,0,1
87858,0,0,0,0,0,0,0,0,1
87859,0,0,0,0,0,0,0,0,1
87860,0,0,0,0,0,0,0,0,1
87861,0,0,0,0,0,0,0,0,1
87862,0,0,0,0,0,0,0,0,1
87863,0,0,0,0,0,0,0,0,1
87864,0,0,0,0,0,0,0,0,1
87865,0,0,0,0,0,0,0,0,1
87866,0,0,0,0,0,0,0,0,1
87867,0,0,0,0,0,0,0,0,1
87868,0,0,0,0,0,0,0,0,1
87869,0,0,0,0,0,0,0,0,1
87870,0,0,0,0,0,0,0,0,1
87871,0,0,0,0,0,0,0,0,1
87872,0,0,0,0,0,0,0,0,1
87873,0,0,0,0,0,0,0,0,1
87874,0,0,0,0,0,0,0,0,1
87875,0,0,0,0,0,0,0,0,1
87876,0,0,0,0,0,0,0,0,1
87877,0,0,0,0,0,0,0,0,1
87878,0,0,0,0,0,0,0,0,1
87879,0,0,0,0,0,0,0,0,1
87880,0,0,0,0,0,0,0,0,1
87881,0,0,0,0,0,0,0,0,1
87882,0,0,0,0,0,0,0,0,1
87883,0,0,0,0,0,0,0,0,1
87884,0,0,0,0,0,0,0,0,1
87885,0,0,0,0,0,0,0,0,1
87886,0,0,0,0,0,0,0,0,1
87887,0,0,0,0,0,0,0,0,1
87888,0,0,0,0,0,0,0,0,1
87889,0,0,0,0,0,0,0,0,1
87890,0,0,0,0,0,0,0,0,1
87891,0,0,0,0,0,0,0,0,1
87892,0,0,0,0,0,0,0,0,1
87893,0,0,0,0,0,0,0,0,1
87894,0,0,0,0,0,0,0,0,1
87895,0,0,0,0,0,0,0,0,1
87896,0,0,0,0,0,0,0,0,1
87897,0,0,0,0,0,0,0,0,1
87898,0,0,0,0,0,0,0,0,1
87899,0,0,0,0,0,0,0,0,1
87900,0,0,0,0,0,0,0,0,1
87901,0,0,0,0,0,0,0,0,1
87902,0,0,0,0,0,0,0,0,1
87903,0,0,0,0,0,0,0,0,1
87904,0,0,0,0,0,0,0,0,1
87905,0,0,0,0,0,0,0,0,1
87906,0,0,0,0,0,0,0,0,1
87907,0,0,0,0,0,0,0,0,1
87908,0,0,0,0,0,0,0,0,1
87909,0,0,0,0,0,0,0,0,1
87910,0,0,0,0,0,0,0,0,1
87911,0,0,0,0,0,0,0,0,1
87912,0,0,0,0,0,0,0,0,1
87913,0,0,0,0,0,0,0,0,1
87914,0,0,0,0,0,0,0,0,1
87915,0,0,0,0,0,0,0,0,1
87916,0,0,0,0,0,0,0,0,1
87917,0,0,0,0,0,0,0,0,1
87918,0,0,0,0,0,0,0,0,1
87919,0,0,0,0,0,0,0,0,1
87920,0,0,0,0,0,0,0,0,1
87921,0,0,0,0,0,0,0,0,1
87922,0,0,0,0,0,0,0,0,1
87923,0,0,0,0,0,0,0,0,1
87924,0,0,0,0,0,0,0,0,1
87925,0,0,0,0,0,0,0,0,1
87926,0,0,0,0,0,0,0,0,1
87927,0,0,0,0,0,0,0,0,1
87928,0,0,0,0,0,0,0,0,1
87929,0,0,0,0,0,0,0,0,1
87930,0,0,0,0,0,0,0,0,1
87931,0,0,0,0,0,0,0,0,1
87932,0,0,0,0,0,0,0,0,1
87933,0,0,0,0,0,0,0,0,1
87934,0,0,0,0,0,0,0,0,1
87935,0,0,0,0,0,0,0,0,1
87936,0,0,0,0,0,0,0,0,1
87937,0,0,0,0,0,0,0,0,1
87938,0,0,0,0,0,0,0,0,1
87939,0,0,0,0,0,0,0,0,1
87940,0,0,0,0,0,0,0,0,1
87941,0,0,0,0,0,0,0,0,1
87942,0,0,0,0,0,0,0,0,1
87943,0,0,0,0,0,0,0,0,1
87944,0,0,0,0,0,0,0,0,1
87945,0,0,0,0,0,0,0,0,1
87946,0,0,0,0,0,0,0,0,1
87947,0,0,0,0,0,0,0,0,1
87948,0,0,0,0,0,0,0,0,1
87949,0,0,0,0,0,0,0,0,1
87950,0,0,0,0,0,0,0,0,1
87951,0,0,0,0,0,0,0,0,1
87952,0,0,0,0,0,0,0,0,1
87953,0,0,0,0,0,0,0,0,1
87954,0,0,0,0,0,0,0,0,1
87955,0,0,0,0,0,0,0,0,1
87956,0,0,0,0,0,0,0,0,1
87957,0,0,0,0,0,0,0,0,1
87958,0,0,0,0,0,0,0,0,1
87959,0,0,0,0,0,0,0,0,1
87960,0,0,0,0,0,0,0,0,1
87961,0,0,0,0,0,0,0,0,1
87962,0,0,0,0,0,0,0,0,1
87963,0,0,0,0,0,0,0,0,1
87964,0,0,0,0,0,0,0,0,1
87965,0,0,0,0,0,0,0,0,1
87966,0,0,0,0,0,0,0,0,1
87967,0,0,0,0,0,0,0,0,1
87968,0,0,0,0,0,0,0,0,1
87969,0,0,0,0,0,0,0,0,1
87970,0,0,0,0,0,0,0,0,1
87971,0,0,0,0,0,0,0,0,1
87972,0,0,0,0,0,0,0,0,1
87973,0,0,0,0,0,0,0,0,1
87974,0,0,0,0,0,0,0,0,1
87975,0,0,0,0,0,0,0,0,1
87976,0,0,0,0,0,0,0,0,1
87977,0,0,0,0,0,0,0,0,1
87978,0,0,0,0,0,0,0,0,1
87979,0,0,0,0,0,0,0,0,1
87980,0,0,0,0,0,0,0,0,1
87981,0,0,0,0,0,0,0,0,1
87982,0,0,0,0,0,0,0,0,1
87983,0,0,0,0,0,0,0,0,1
87984,0,0,0,0,0,0,0,0,1
87985,0,0,0,0,0,0,0,0,1
87986,0,0,0,0,0,0,0,0,1
87987,0,0,0,0,0,0,0,0,1
87988,0,0,0,0,0,0,0,0,1
87989,0,0,0,0,0,0,0,0,1
87990,0,0,0,0,0,0,0,0,1
87991,0,0,0,0,0,0,0,0,1
87992,0,0,0,0,0,0,0,0,1
87993,0,0,0,0,0,0,0,0,1
87994,0,0,0,0,0,0,0,0,1
87995,0,0,0,0,0,0,0,0,1
87996,0,0,0,0,0,0,0,0,1
87997,0,0,0,0,0,0,0,0,1
87998,0,0,0,0,0,0,0,0,1
87999,0,0,0,0,0,0,0,0,1
88000,0,0,0,0,0,0,0,0,1
88001,0,0,0,0,0,0,0,0,1
88002,0,0,0,0,0,0,0,0,1
88003,0,0,0,0,0,0,0,0,1
88004,0,0,0,0,0,0,0,0,1
88005,0,0,0,0,0,0,0,0,1
88006,0,0,0,0,0,0,0,0,1
88007,0,0,0,0,0,0,0,0,1
88008,0,0,0,0,0,0,0,0,1
88009,0,0,0,0,0,0,0,0,1
88010,0,0,0,0,0,0,0,0,1
88011,0,0,0,0,0,0,0,0,1
88012,0,0,0,0,0,0,0,0,1
88013,0,0,0,0,0,0,0,0,1
88014,0,0,0,0,0,0,0,0,1
88015,0,0,0,0,0,0,0,0,1
88016,0,0,0,0,0,0,0,0,1
88017,0,0,0,0,0,0,0,0,1
88018,0,0,0,0,0,0,0,0,1
88019,0,0,0,0,0,0,0,0,1
88020,0,0,0,0,0,0,0,0,1
88021,0,0,0,0,0,0,0,0,1
88022,0,0,0,0,0,0,0,0,1
88023,0,0,0,0,0,0,0,0,1
88024,0,0,0,0,0,0,0,0,1
88025,0,0,0,0,0,0,0,0,1
88026,0,0,0,0,0,0,0,0,1
88027,0,0,0,0,0,0,0,0,1
88028,0,0,0,0,0,0,0,0,1
88029,0,0,0,0,0,0,0,0,1
88030,0,0,0,0,0,0,0,0,1
88031,0,0,0,0,0,0,0,0,1
88032,0,0,0,0,0,0,0,0,1
88033,0,0,0,0,0,0,0,0,1
88034,0,0,0,0,0,0,0,0,1
88035,0,0,0,0,0,0,0,0,1
88036,0,0,0,0,0,0,0,0,1
88037,0,0,0,0,0,0,0,0,1
88038,0,0,0,0,0,0,0,0,1
88039,0,0,0,0,0,0,0,0,1
88040,0,0,0,0,0,0,0,0,1
88041,0,0,0,0,0,0,0,0,1
88042,0,0,0,0,0,0,0,0,1
88043,0,0,0,0,0,0,0,0,1
88044,0,0,0,0,0,0,0,0,1
88045,0,0,0,0,0,0,0,0,1
88046,0,0,0,0,0,0,0,0,1
88047,0,0,0,0,0,0,0,0,1
88048,0,0,0,0,0,0,0,0,1
88049,0,0,0,0,0,0,0,0,1
88050,0,0,0,0,0,0,0,0,1
88051,0,0,0,0,0,0,0,0,1
88052,0,0,0,0,0,0,0,0,1
88053,0,0,0,0,0,0,0,0,1
88054,0,0,0,0,0,0,0,0,1
88055,0,0,0,0,0,0,0,0,1
88056,0,0,0,0,0,0,0,0,1
88057,0,0,0,0,0,0,0,0,1
88058,0,0,0,0,0,0,0,0,1
88059,0,0,0,0,0,0,0,0,1
88060,0,0,0,0,0,0,0,0,1
88061,0,0,0,0,0,0,0,0,1
88062,0,0,0,0,0,0,0,0,1
88063,0,0,0,0,0,0,0,0,1
88064,0,0,0,0,0,0,0,0,1
88065,0,0,0,0,0,0,0,0,1
88066,0,0,0,0,0,0,0,0,1
88067,0,0,0,0,0,0,0,0,1
88068,0,0,0,0,0,0,0,0,1
88069,0,0,0,0,0,0,0,0,1
88070,0,0,0,0,0,0,0,0,1
88071,0,0,0,0,0,0,0,0,1
88072,0,0,0,0,0,0,0,0,1
88073,0,0,0,0,0,0,0,0,1
88074,0,0,0,0,0,0,0,0,1
88075,0,0,0,0,0,0,0,0,1
88076,0,0,0,0,0,0,0,0,1
88077,0,0,0,0,0,0,0,0,1
88078,0,0,0,0,0,0,0,0,1
88079,0,0,0,0,0,0,0,0,1
88080,0,0,0,0,0,0,0,0,1
88081,0,0,0,0,0,0,0,0,1
88082,0,0,0,0,0,0,0,0,1
88083,0,0,0,0,0,0,0,0,1
88084,0,0,0,0,0,0,0,0,1
88085,0,0,0,0,0,0,0,0,1
88086,0,0,0,0,0,0,0,0,1
88087,0,0,0,0,0,0,0,0,1
88088,0,0,0,0,0,0,0,0,1
88089,0,0,0,0,0,0,0,0,1
88090,0,0,0,0,0,0,0,0,1
88091,0,0,0,0,0,0,0,0,1
88092,0,0,0,0,0,0,0,0,1
88093,0,0,0,0,0,0,0,0,1
88094,0,0,0,0,0,0,0,0,1
88095,0,0,0,0,0,0,0,0,1
88096,0,0,0,0,0,0,0,0,1
88097,0,0,0,0,0,0,0,0,1
88098,0,0,0,0,0,0,0,0,1
88099,0,0,0,0,0,0,0,0,1
88100,0,0,0,0,0,0,0,0,1
88101,0,0,0,0,0,0,0,0,1
88102,0,0,0,0,0,0,0,0,1
88103,0,0,0,0,0,0,0,0,1
88104,0,0,0,0,0,0,0,0,1
88105,0,0,0,0,0,0,0,0,1
88106,0,0,0,0,0,0,0,0,1
88107,0,0,0,0,0,0,0,0,1
88108,0,0,0,0,0,0,0,0,1
88109,0,0,0,0,0,0,0,0,1
88110,0,0,0,0,0,0,0,0,1
88111,0,0,0,0,0,0,0,0,1
88112,0,0,0,0,0,0,0,0,1
88113,0,0,0,0,0,0,0,0,1
88114,0,0,0,0,0,0,0,0,1
88115,0,0,0,0,0,0,0,0,1
88116,0,0,0,0,0,0,0,0,1
88117,0,0,0,0,0,0,0,0,1
88118,0,0,0,0,0,0,0,0,1
88119,0,0,0,0,0,0,0,0,1
88120,0,0,0,0,0,0,0,0,1
88121,0,0,0,0,0,0,0,0,1
88122,0,0,0,0,0,0,0,0,1
88123,0,0,0,0,0,0,0,0,1
88124,0,0,0,0,0,0,0,0,1
88125,0,0,0,0,0,0,0,0,1
88126,0,0,0,0,0,0,0,0,1
88127,0,0,0,0,0,0,0,0,1
88128,0,0,0,0,0,0,0,0,1
88129,0,0,0,0,0,0,0,0,1
88130,0,0,0,0,0,0,0,0,1
88131,0,0,0,0,0,0,0,0,1
88132,0,0,0,0,0,0,0,0,1
88133,0,0,0,0,0,0,0,0,1
88134,0,0,0,0,0,0,0,0,1
88135,0,0,0,0,0,0,0,0,1
88136,0,0,0,0,0,0,0,0,1
88137,0,0,0,0,0,0,0,0,1
88138,0,0,0,0,0,0,0,0,1
88139,0,0,0,0,0,0,0,0,1
88140,0,0,0,0,0,0,0,0,1
88141,0,0,0,0,0,0,0,0,1
88142,0,0,0,0,0,0,0,0,1
88143,0,0,0,0,0,0,0,0,1
88144,0,0,0,0,0,0,0,0,1
88145,0,0,0,0,0,0,0,0,1
88146,0,0,0,0,0,0,0,0,1
88147,0,0,0,0,0,0,0,0,1
88148,0,0,0,0,0,0,0,0,1
88149,0,0,0,0,0,0,0,0,1
88150,0,0,0,0,0,0,0,0,1
88151,0,0,0,0,0,0,0,0,1
88152,0,0,0,0,0,0,0,0,1
88153,0,0,0,0,0,0,0,0,1
88154,0,0,0,0,0,0,0,0,1
88155,0,0,0,0,0,0,0,0,1
88156,0,0,0,0,0,0,0,0,1
88157,0,0,0,0,0,0,0,0,1
88158,0,0,0,0,0,0,0,0,1
88159,0,0,0,0,0,0,0,0,1
88160,0,0,0,0,0,0,0,0,1
88161,0,0,0,0,0,0,0,0,1
88162,0,0,0,0,0,0,0,0,1
88163,0,0,0,0,0,0,0,0,1
88164,0,0,0,0,0,0,0,0,1
88165,0,0,0,0,0,0,0,0,1
88166,0,0,0,0,0,0,0,0,1
88167,0,0,0,0,0,0,0,0,1
88168,0,0,0,0,0,0,0,0,1
88169,0,0,0,0,0,0,0,0,1
88170,0,0,0,0,0,0,0,0,1
88171,0,0,0,0,0,0,0,0,1
88172,0,0,0,0,0,0,0,0,1
88173,0,0,0,0,0,0,0,0,1
88174,0,0,0,0,0,0,0,0,1
88175,0,0,0,0,0,0,0,0,1
88176,0,0,0,0,0,0,0,0,1
88177,0,0,0,0,0,0,0,0,1
88178,0,0,0,0,0,0,0,0,1
88179,0,0,0,0,0,0,0,0,1
88180,0,0,0,0,0,0,0,0,1
88181,0,0,0,0,0,0,0,0,1
88182,0,0,0,0,0,0,0,0,1
88183,0,0,0,0,0,0,0,0,1
88184,0,0,0,0,0,0,0,0,1
88185,0,0,0,0,0,0,0,0,1
88186,0,0,0,0,0,0,0,0,1
88187,0,0,0,0,0,0,0,0,1
88188,0,0,0,0,0,0,0,0,1
88189,0,0,0,0,0,0,0,0,1
88190,0,0,0,0,0,0,0,0,1
88191,0,0,0,0,0,0,0,0,1
88192,0,0,0,0,0,0,0,0,1
88193,0,0,0,0,0,0,0,0,1
88194,0,0,0,0,0,0,0,0,1
88195,0,0,0,0,0,0,0,0,1
88196,0,0,0,0,0,0,0,0,1
88197,0,0,0,0,0,0,0,0,1
88198,0,0,0,0,0,0,0,0,1
88199,0,0,0,0,0,0,0,0,1
88200,0,0,0,0,0,0,0,0,1
88201,0,0,0,0,0,0,0,0,1
88202,0,0,0,0,0,0,0,0,1
88203,0,0,0,0,0,0,0,0,1
88204,0,0,0,0,0,0,0,0,1
88205,0,0,0,0,0,0,0,0,1
88206,0,0,0,0,0,0,0,0,1
88207,0,0,0,0,0,0,0,0,1
88208,0,0,0,0,0,0,0,0,1
88209,0,0,0,0,0,0,0,0,1
88210,0,0,0,0,0,0,0,0,1
88211,0,0,0,0,0,0,0,0,1
88212,0,0,0,0,0,0,0,0,1
88213,0,0,0,0,0,0,0,0,1
88214,0,0,0,0,0,0,0,0,1
88215,0,0,0,0,0,0,0,0,1
88216,0,0,0,0,0,0,0,0,1
88217,0,0,0,0,0,0,0,0,1
88218,0,0,0,0,0,0,0,0,1
88219,0,0,0,0,0,0,0,0,1
88220,0,0,0,0,0,0,0,0,1
88221,0,0,0,0,0,0,0,0,1
88222,0,0,0,0,0,0,0,0,1
88223,0,0,0,0,0,0,0,0,1
88224,0,0,0,0,0,0,0,0,1
88225,0,0,0,0,0,0,0,0,1
88226,0,0,0,0,0,0,0,0,1
88227,0,0,0,0,0,0,0,0,1
88228,0,0,0,0,0,0,0,0,1
88229,0,0,0,0,0,0,0,0,1
88230,0,0,0,0,0,0,0,0,1
88231,0,0,0,0,0,0,0,0,1
88232,0,0,0,0,0,0,0,0,1
88233,0,0,0,0,0,0,0,0,1
88234,0,0,0,0,0,0,0,0,1
88235,0,0,0,0,0,0,0,0,1
88236,0,0,0,0,0,0,0,0,1
88237,0,0,0,0,0,0,0,0,1
88238,0,0,0,0,0,0,0,0,1
88239,0,0,0,0,0,0,0,0,1
88240,0,0,0,0,0,0,0,0,1
88241,0,0,0,0,0,0,0,0,1
88242,0,0,0,0,0,0,0,0,1
88243,0,0,0,0,0,0,0,0,1
88244,0,0,0,0,0,0,0,0,1
88245,0,0,0,0,0,0,0,0,1
88246,0,0,0,0,0,0,0,0,1
88247,0,0,0,0,0,0,0,0,1
88248,0,0,0,0,0,0,0,0,1
88249,0,0,0,0,0,0,0,0,1
88250,0,0,0,0,0,0,0,0,1
88251,0,0,0,0,0,0,0,0,1
88252,0,0,0,0,0,0,0,0,1
88253,0,0,0,0,0,0,0,0,1
88254,0,0,0,0,0,0,0,0,1
88255,0,0,0,0,0,0,0,0,1
88256,0,0,0,0,0,0,0,0,1
88257,0,0,0,0,0,0,0,0,1
88258,0,0,0,0,0,0,0,0,1
88259,0,0,0,0,0,0,0,0,1
88260,0,0,0,0,0,0,0,0,1
88261,0,0,0,0,0,0,0,0,1
88262,0,0,0,0,0,0,0,0,1
88263,0,0,0,0,0,0,0,0,1
88264,0,0,0,0,0,0,0,0,1
88265,0,0,0,0,0,0,0,0,1
88266,0,0,0,0,0,0,0,0,1
88267,0,0,0,0,0,0,0,0,1
88268,0,0,0,0,0,0,0,0,1
88269,0,0,0,0,0,0,0,0,1
88270,0,0,0,0,0,0,0,0,1
88271,0,0,0,0,0,0,0,0,1
88272,0,0,0,0,0,0,0,0,1
88273,0,0,0,0,0,0,0,0,1
88274,0,0,0,0,0,0,0,0,1
88275,0,0,0,0,0,0,0,0,1
88276,0,0,0,0,0,0,0,0,1
88277,0,0,0,0,0,0,0,0,1
88278,0,0,0,0,0,0,0,0,1
88279,0,0,0,0,0,0,0,0,1
88280,0,0,0,0,0,0,0,0,1
88281,0,0,0,0,0,0,0,0,1
88282,0,0,0,0,0,0,0,0,1
88283,0,0,0,0,0,0,0,0,1
88284,0,0,0,0,0,0,0,0,1
88285,0,0,0,0,0,0,0,0,1
88286,0,0,0,0,0,0,0,0,1
88287,0,0,0,0,0,0,0,0,1
88288,0,0,0,0,0,0,0,0,1
88289,0,0,0,0,0,0,0,0,1
88290,0,0,0,0,0,0,0,0,1
88291,0,0,0,0,0,0,0,0,1
88292,0,0,0,0,0,0,0,0,1
88293,0,0,0,0,0,0,0,0,1
88294,0,0,0,0,0,0,0,0,1
88295,0,0,0,0,0,0,0,0,1
88296,0,0,0,0,0,0,0,0,1
88297,0,0,0,0,0,0,0,0,1
88298,0,0,0,0,0,0,0,0,1
88299,0,0,0,0,0,0,0,0,1
88300,0,0,0,0,0,0,0,0,1
88301,0,0,0,0,0,0,0,0,1
88302,0,0,0,0,0,0,0,0,1
88303,0,0,0,0,0,0,0,0,1
88304,0,0,0,0,0,0,0,0,1
88305,0,0,0,0,0,0,0,0,1
88306,0,0,0,0,0,0,0,0,1
88307,0,0,0,0,0,0,0,0,1
88308,0,0,0,0,0,0,0,0,1
88309,0,0,0,0,0,0,0,0,1
88310,0,0,0,0,0,0,0,0,1
88311,0,0,0,0,0,0,0,0,1
88312,0,0,0,0,0,0,0,0,1
88313,0,0,0,0,0,0,0,0,1
88314,0,0,0,0,0,0,0,0,1
88315,0,0,0,0,0,0,0,0,1
88316,0,0,0,0,0,0,0,0,1
88317,0,0,0,0,0,0,0,0,1
88318,0,0,0,0,0,0,0,0,1
88319,0,0,0,0,0,0,0,0,1
88320,0,0,0,0,0,0,0,0,1
88321,0,0,0,0,0,0,0,0,1
88322,0,0,0,0,0,0,0,0,1
88323,0,0,0,0,0,0,0,0,1
88324,0,0,0,0,0,0,0,0,1
88325,0,0,0,0,0,0,0,0,1
88326,0,0,0,0,0,0,0,0,1
88327,0,0,0,0,0,0,0,0,1
88328,0,0,0,0,0,0,0,0,1
88329,0,0,0,0,0,0,0,0,1
88330,0,0,0,0,0,0,0,0,1
88331,0,0,0,0,0,0,0,0,1
88332,0,0,0,0,0,0,0,0,1
88333,0,0,0,0,0,0,0,0,1
88334,0,0,0,0,0,0,0,0,1
88335,0,0,0,0,0,0,0,0,1
88336,0,0,0,0,0,0,0,0,1
88337,0,0,0,0,0,0,0,0,1
88338,0,0,0,0,0,0,0,0,1
88339,0,0,0,0,0,0,0,0,1
88340,0,0,0,0,0,0,0,0,1
88341,0,0,0,0,0,0,0,0,1
88342,0,0,0,0,0,0,0,0,1
88343,0,0,0,0,0,0,0,0,1
88344,0,0,0,0,0,0,0,0,1
88345,0,0,0,0,0,0,0,0,1
88346,0,0,0,0,0,0,0,0,1
88347,0,0,0,0,0,0,0,0,1
88348,0,0,0,0,0,0,0,0,1
88349,0,0,0,0,0,0,0,0,1
88350,0,0,0,0,0,0,0,0,1
88351,0,0,0,0,0,0,0,0,1
88352,0,0,0,0,0,0,0,0,1
88353,0,0,0,0,0,0,0,0,1
88354,0,0,0,0,0,0,0,0,1
88355,0,0,0,0,0,0,0,0,1
88356,0,0,0,0,0,0,0,0,1
88357,0,0,0,0,0,0,0,0,1
88358,0,0,0,0,0,0,0,0,1
88359,0,0,0,0,0,0,0,0,1
88360,0,0,0,0,0,0,0,0,1
88361,0,0,0,0,0,0,0,0,1
88362,0,0,0,0,0,0,0,0,1
88363,0,0,0,0,0,0,0,0,1
88364,0,0,0,0,0,0,0,0,1
88365,0,0,0,0,0,0,0,0,1
88366,0,0,0,0,0,0,0,0,1
88367,0,0,0,0,0,0,0,0,1
88368,0,0,0,0,0,0,0,0,1
88369,0,0,0,0,0,0,0,0,1
88370,0,0,0,0,0,0,0,0,1
88371,0,0,0,0,0,0,0,0,1
88372,0,0,0,0,0,0,0,0,1
88373,0,0,0,0,0,0,0,0,1
88374,0,0,0,0,0,0,0,0,1
88375,0,0,0,0,0,0,0,0,1
88376,0,0,0,0,0,0,0,0,1
88377,0,0,0,0,0,0,0,0,1
88378,0,0,0,0,0,0,0,0,1
88379,0,0,0,0,0,0,0,0,1
88380,0,0,0,0,0,0,0,0,1
88381,0,0,0,0,0,0,0,0,1
88382,0,0,0,0,0,0,0,0,1
88383,0,0,0,0,0,0,0,0,1
88384,0,0,0,0,0,0,0,0,1
88385,0,0,0,0,0,0,0,0,1
88386,0,0,0,0,0,0,0,0,1
88387,0,0,0,0,0,0,0,0,1
88388,0,0,0,0,0,0,0,0,1
88389,0,0,0,0,0,0,0,0,1
88390,0,0,0,0,0,0,0,0,1
88391,0,0,0,0,0,0,0,0,1
88392,0,0,0,0,0,0,0,0,1
88393,0,0,0,0,0,0,0,0,1
88394,0,0,0,0,0,0,0,0,1
88395,0,0,0,0,0,0,0,0,1
88396,0,0,0,0,0,0,0,0,1
88397,0,0,0,0,0,0,0,0,1
88398,0,0,0,0,0,0,0,0,1
88399,0,0,0,0,0,0,0,0,1
88400,0,0,0,0,0,0,0,0,1
88401,0,0,0,0,0,0,0,0,1
88402,0,0,0,0,0,0,0,0,1
88403,0,0,0,0,0,0,0,0,1
88404,0,0,0,0,0,0,0,0,1
88405,0,0,0,0,0,0,0,0,1
88406,0,0,0,0,0,0,0,0,1
88407,0,0,0,0,0,0,0,0,1
88408,0,0,0,0,0,0,0,0,1
88409,0,0,0,0,0,0,0,0,1
88410,0,0,0,0,0,0,0,0,1
88411,0,0,0,0,0,0,0,0,1
88412,0,0,0,0,0,0,0,0,1
88413,0,0,0,0,0,0,0,0,1
88414,0,0,0,0,0,0,0,0,1
88415,0,0,0,0,0,0,0,0,1
88416,0,0,0,0,0,0,0,0,1
88417,0,0,0,0,0,0,0,0,1
88418,0,0,0,0,0,0,0,0,1
88419,0,0,0,0,0,0,0,0,1
88420,0,0,0,0,0,0,0,0,1
88421,0,0,0,0,0,0,0,0,1
88422,0,0,0,0,0,0,0,0,1
88423,0,0,0,0,0,0,0,0,1
88424,0,0,0,0,0,0,0,0,1
88425,0,0,0,0,0,0,0,0,1
88426,0,0,0,0,0,0,0,0,1
88427,0,0,0,0,0,0,0,0,1
88428,0,0,0,0,0,0,0,0,1
88429,0,0,0,0,0,0,0,0,1
88430,0,0,0,0,0,0,0,0,1
88431,0,0,0,0,0,0,0,0,1
88432,0,0,0,0,0,0,0,0,1
88433,0,0,0,0,0,0,0,0,1
88434,0,0,0,0,0,0,0,0,1
88435,0,0,0,0,0,0,0,0,1
88436,0,0,0,0,0,0,0,0,1
88437,0,0,0,0,0,0,0,0,1
88438,0,0,0,0,0,0,0,0,1
88439,0,0,0,0,0,0,0,0,1
88440,0,0,0,0,0,0,0,0,1
88441,0,0,0,0,0,0,0,0,1
88442,0,0,0,0,0,0,0,0,1
88443,0,0,0,0,0,0,0,0,1
88444,0,0,0,0,0,0,0,0,1
88445,0,0,0,0,0,0,0,0,1
88446,0,0,0,0,0,0,0,0,1
88447,0,0,0,0,0,0,0,0,1
88448,0,0,0,0,0,0,0,0,1
88449,0,0,0,0,0,0,0,0,1
88450,0,0,0,0,0,0,0,0,1
88451,0,0,0,0,0,0,0,0,1
88452,0,0,0,0,0,0,0,0,1
88453,0,0,0,0,0,0,0,0,1
88454,0,0,0,0,0,0,0,0,1
88455,0,0,0,0,0,0,0,0,1
88456,0,0,0,0,0,0,0,0,1
88457,0,0,0,0,0,0,0,0,1
88458,0,0,0,0,0,0,0,0,1
88459,0,0,0,0,0,0,0,0,1
88460,0,0,0,0,0,0,0,0,1
88461,0,0,0,0,0,0,0,0,1
88462,0,0,0,0,0,0,0,0,1
88463,0,0,0,0,0,0,0,0,1
88464,0,0,0,0,0,0,0,0,1
88465,0,0,0,0,0,0,0,0,1
88466,0,0,0,0,0,0,0,0,1
88467,0,0,0,0,0,0,0,0,1
88468,0,0,0,0,0,0,0,0,1
88469,0,0,0,0,0,0,0,0,1
88470,0,0,0,0,0,0,0,0,1
88471,0,0,0,0,0,0,0,0,1
88472,0,0,0,0,0,0,0,0,1
88473,0,0,0,0,0,0,0,0,1
88474,0,0,0,0,0,0,0,0,1
88475,0,0,0,0,0,0,0,0,1
88476,0,0,0,0,0,0,0,0,1
88477,0,0,0,0,0,0,0,0,1
88478,0,0,0,0,0,0,0,0,1
88479,0,0,0,0,0,0,0,0,1
88480,0,0,0,0,0,0,0,0,1
88481,0,0,0,0,0,0,0,0,1
88482,0,0,0,0,0,0,0,0,1
88483,0,0,0,0,0,0,0,0,1
88484,0,0,0,0,0,0,0,0,1
88485,0,0,0,0,0,0,0,0,1
88486,0,0,0,0,0,0,0,0,1
88487,0,0,0,0,0,0,0,0,1
88488,0,0,0,0,0,0,0,0,1
88489,0,0,0,0,0,0,0,0,1
88490,0,0,0,0,0,0,0,0,1
88491,0,0,0,0,0,0,0,0,1
88492,0,0,0,0,0,0,0,0,1
88493,0,0,0,0,0,0,0,0,1
88494,0,0,0,0,0,0,0,0,1
88495,0,0,0,0,0,0,0,0,1
88496,0,0,0,0,0,0,0,0,1
88497,0,0,0,0,0,0,0,0,1
88498,0,0,0,0,0,0,0,0,1
88499,0,0,0,0,0,0,0,0,1
88500,0,0,0,0,0,0,0,0,1
88501,0,0,0,0,0,0,0,0,1
88502,0,0,0,0,0,0,0,0,1
88503,0,0,0,0,0,0,0,0,1
88504,0,0,0,0,0,0,0,0,1
88505,0,0,0,0,0,0,0,0,1
88506,0,0,0,0,0,0,0,0,1
88507,0,0,0,0,0,0,0,0,1
88508,0,0,0,0,0,0,0,0,1
88509,0,0,0,0,0,0,0,0,1
88510,0,0,0,0,0,0,0,0,1
88511,0,0,0,0,0,0,0,0,1
88512,0,0,0,0,0,0,0,0,1
88513,0,0,0,0,0,0,0,0,1
88514,0,0,0,0,0,0,0,0,1
88515,0,0,0,0,0,0,0,0,1
88516,0,0,0,0,0,0,0,0,1
88517,0,0,0,0,0,0,0,0,1
88518,0,0,0,0,0,0,0,0,1
88519,0,0,0,0,0,0,0,0,1
88520,0,0,0,0,0,0,0,0,1
88521,0,0,0,0,0,0,0,0,1
88522,0,0,0,0,0,0,0,0,1
88523,0,0,0,0,0,0,0,0,1
88524,0,0,0,0,0,0,0,0,1
88525,0,0,0,0,0,0,0,0,1
88526,0,0,0,0,0,0,0,0,1
88527,0,0,0,0,0,0,0,0,1
88528,0,0,0,0,0,0,0,0,1
88529,0,0,0,0,0,0,0,0,1
88530,0,0,0,0,0,0,0,0,1
88531,0,0,0,0,0,0,0,0,1
88532,0,0,0,0,0,0,0,0,1
88533,0,0,0,0,0,0,0,0,1
88534,0,0,0,0,0,0,0,0,1
88535,0,0,0,0,0,0,0,0,1
88536,0,0,0,0,0,0,0,0,1
88537,0,0,0,0,0,0,0,0,1
88538,0,0,0,0,0,0,0,0,1
88539,0,0,0,0,0,0,0,0,1
88540,0,0,0,0,0,0,0,0,1
88541,0,0,0,0,0,0,0,0,1
88542,0,0,0,0,0,0,0,0,1
88543,0,0,0,0,0,0,0,0,1
88544,0,0,0,0,0,0,0,0,1
88545,0,0,0,0,0,0,0,0,1
88546,0,0,0,0,0,0,0,0,1
88547,0,0,0,0,0,0,0,0,1
88548,0,0,0,0,0,0,0,0,1
88549,0,0,0,0,0,0,0,0,1
88550,0,0,0,0,0,0,0,0,1
88551,0,0,0,0,0,0,0,0,1
88552,0,0,0,0,0,0,0,0,1
88553,0,0,0,0,0,0,0,0,1
88554,0,0,0,0,0,0,0,0,1
88555,0,0,0,0,0,0,0,0,1
88556,0,0,0,0,0,0,0,0,1
88557,0,0,0,0,0,0,0,0,1
88558,0,0,0,0,0,0,0,0,1
88559,0,0,0,0,0,0,0,0,1
88560,0,0,0,0,0,0,0,0,1
88561,0,0,0,0,0,0,0,0,1
88562,0,0,0,0,0,0,0,0,1
88563,0,0,0,0,0,0,0,0,1
88564,0,0,0,0,0,0,0,0,1
88565,0,0,0,0,0,0,0,0,1
88566,0,0,0,0,0,0,0,0,1
88567,0,0,0,0,0,0,0,0,1
88568,0,0,0,0,0,0,0,0,1
88569,0,0,0,0,0,0,0,0,1
88570,0,0,0,0,0,0,0,0,1
88571,0,0,0,0,0,0,0,0,1
88572,0,0,0,0,0,0,0,0,1
88573,0,0,0,0,0,0,0,0,1
88574,0,0,0,0,0,0,0,0,1
88575,0,0,0,0,0,0,0,0,1
88576,0,0,0,0,0,0,0,0,1
88577,0,0,0,0,0,0,0,0,1
88578,0,0,0,0,0,0,0,0,1
88579,0,0,0,0,0,0,0,0,1
88580,0,0,0,0,0,0,0,0,1
88581,0,0,0,0,0,0,0,0,1
88582,0,0,0,0,0,0,0,0,1
88583,0,0,0,0,0,0,0,0,1
88584,0,0,0,0,0,0,0,0,1
88585,0,0,0,0,0,0,0,0,1
88586,0,0,0,0,0,0,0,0,1
88587,0,0,0,0,0,0,0,0,1
88588,0,0,0,0,0,0,0,0,1
88589,0,0,0,0,0,0,0,0,1
88590,0,0,0,0,0,0,0,0,1
88591,0,0,0,0,0,0,0,0,1
88592,0,0,0,0,0,0,0,0,1
88593,0,0,0,0,0,0,0,0,1
88594,0,0,0,0,0,0,0,0,1
88595,0,0,0,0,0,0,0,0,1
88596,0,0,0,0,0,0,0,0,1
88597,0,0,0,0,0,0,0,0,1
88598,0,0,0,0,0,0,0,0,1
88599,0,0,0,0,0,0,0,0,1
88600,0,0,0,0,0,0,0,0,1
88601,0,0,0,0,0,0,0,0,1
88602,0,0,0,0,0,0,0,0,1
88603,0,0,0,0,0,0,0,0,1
88604,0,0,0,0,0,0,0,0,1
88605,0,0,0,0,0,0,0,0,1
88606,0,0,0,0,0,0,0,0,1
88607,0,0,0,0,0,0,0,0,1
88608,0,0,0,0,0,0,0,0,1
88609,0,0,0,0,0,0,0,0,1
88610,0,0,0,0,0,0,0,0,1
88611,0,0,0,0,0,0,0,0,1
88612,0,0,0,0,0,0,0,0,1
88613,0,0,0,0,0,0,0,0,1
88614,0,0,0,0,0,0,0,0,1
88615,0,0,0,0,0,0,0,0,1
88616,0,0,0,0,0,0,0,0,1
88617,0,0,0,0,0,0,0,0,1
88618,0,0,0,0,0,0,0,0,1
88619,0,0,0,0,0,0,0,0,1
88620,0,0,0,0,0,0,0,0,1
88621,0,0,0,0,0,0,0,0,1
88622,0,0,0,0,0,0,0,0,1
88623,0,0,0,0,0,0,0,0,1
88624,0,0,0,0,0,0,0,0,1
88625,0,0,0,0,0,0,0,0,1
88626,0,0,0,0,0,0,0,0,1
88627,0,0,0,0,0,0,0,0,1
88628,0,0,0,0,0,0,0,0,1
88629,0,0,0,0,0,0,0,0,1
88630,0,0,0,0,0,0,0,0,1
88631,0,0,0,0,0,0,0,0,1
88632,0,0,0,0,0,0,0,0,1
88633,0,0,0,0,0,0,0,0,1
88634,0,0,0,0,0,0,0,0,1
88635,0,0,0,0,0,0,0,0,1
88636,0,0,0,0,0,0,0,0,1
88637,0,0,0,0,0,0,0,0,1
88638,0,0,0,0,0,0,0,0,1
88639,0,0,0,0,0,0,0,0,1
88640,0,0,0,0,0,0,0,0,1
88641,0,0,0,0,0,0,0,0,1
88642,0,0,0,0,0,0,0,0,1
88643,0,0,0,0,0,0,0,0,1
88644,0,0,0,0,0,0,0,0,1
88645,0,0,0,0,0,0,0,0,1
88646,0,0,0,0,0,0,0,0,1
88647,0,0,0,0,0,0,0,0,1
88648,0,0,0,0,0,0,0,0,1
88649,0,0,0,0,0,0,0,0,1
88650,0,0,0,0,0,0,0,0,1
88651,0,0,0,0,0,0,0,0,1
88652,0,0,0,0,0,0,0,0,1
88653,0,0,0,0,0,0,0,0,1
88654,0,0,0,0,0,0,0,0,1
88655,0,0,0,0,0,0,0,0,1
88656,0,0,0,0,0,0,0,0,1
88657,0,0,0,0,0,0,0,0,1
88658,0,0,0,0,0,0,0,0,1
88659,0,0,0,0,0,0,0,0,1
88660,0,0,0,0,0,0,0,0,1
88661,0,0,0,0,0,0,0,0,1
88662,0,0,0,0,0,0,0,0,1
88663,0,0,0,0,0,0,0,0,1
88664,0,0,0,0,0,0,0,0,1
88665,0,0,0,0,0,0,0,0,1
88666,0,0,0,0,0,0,0,0,1
88667,0,0,0,0,0,0,0,0,1
88668,0,0,0,0,0,0,0,0,1
88669,0,0,0,0,0,0,0,0,1
88670,0,0,0,0,0,0,0,0,1
88671,0,0,0,0,0,0,0,0,1
88672,0,0,0,0,0,0,0,0,1
88673,0,0,0,0,0,0,0,0,1
88674,0,0,0,0,0,0,0,0,1
88675,0,0,0,0,0,0,0,0,1
88676,0,0,0,0,0,0,0,0,1
88677,0,0,0,0,0,0,0,0,1
88678,0,0,0,0,0,0,0,0,1
88679,0,0,0,0,0,0,0,0,1
88680,0,0,0,0,0,0,0,0,1
88681,0,0,0,0,0,0,0,0,1
88682,0,0,0,0,0,0,0,0,1
88683,0,0,0,0,0,0,0,0,1
88684,0,0,0,0,0,0,0,0,1
88685,0,0,0,0,0,0,0,0,1
88686,0,0,0,0,0,0,0,0,1
88687,0,0,0,0,0,0,0,0,1
88688,0,0,0,0,0,0,0,0,1
88689,0,0,0,0,0,0,0,0,1
88690,0,0,0,0,0,0,0,0,1
88691,0,0,0,0,0,0,0,0,1
88692,0,0,0,0,0,0,0,0,1
88693,0,0,0,0,0,0,0,0,1
88694,0,0,0,0,0,0,0,0,1
88695,0,0,0,0,0,0,0,0,1
88696,0,0,0,0,0,0,0,0,1
88697,0,0,0,0,0,0,0,0,1
88698,0,0,0,0,0,0,0,0,1
88699,0,0,0,0,0,0,0,0,1
88700,0,0,0,0,0,0,0,0,1
88701,0,0,0,0,0,0,0,0,1
88702,0,0,0,0,0,0,0,0,1
88703,0,0,0,0,0,0,0,0,1
88704,0,0,0,0,0,0,0,0,1
88705,0,0,0,0,0,0,0,0,1
88706,0,0,0,0,0,0,0,0,1
88707,0,0,0,0,0,0,0,0,1
88708,0,0,0,0,0,0,0,0,1
88709,0,0,0,0,0,0,0,0,1
88710,0,0,0,0,0,0,0,0,1
88711,0,0,0,0,0,0,0,0,1
88712,0,0,0,0,0,0,0,0,1
88713,0,0,0,0,0,0,0,0,1
88714,0,0,0,0,0,0,0,0,1
88715,0,0,0,0,0,0,0,0,1
88716,0,0,0,0,0,0,0,0,1
88717,0,0,0,0,0,0,0,0,1
88718,0,0,0,0,0,0,0,0,1
88719,0,0,0,0,0,0,0,0,1
88720,0,0,0,0,0,0,0,0,1
88721,0,0,0,0,0,0,0,0,1
88722,0,0,0,0,0,0,0,0,1
88723,0,0,0,0,0,0,0,0,1
88724,0,0,0,0,0,0,0,0,1
88725,0,0,0,0,0,0,0,0,1
88726,0,0,0,0,0,0,0,0,1
88727,0,0,0,0,0,0,0,0,1
88728,0,0,0,0,0,0,0,0,1
88729,0,0,0,0,0,0,0,0,1
88730,0,0,0,0,0,0,0,0,1
88731,0,0,0,0,0,0,0,0,1
88732,0,0,0,0,0,0,0,0,1
88733,0,0,0,0,0,0,0,0,1
88734,0,0,0,0,0,0,0,0,1
88735,0,0,0,0,0,0,0,0,1
88736,0,0,0,0,0,0,0,0,1
88737,0,0,0,0,0,0,0,0,1
88738,0,0,0,0,0,0,0,0,1
88739,0,0,0,0,0,0,0,0,1
88740,0,0,0,0,0,0,0,0,1
88741,0,0,0,0,0,0,0,0,1
88742,0,0,0,0,0,0,0,0,1
88743,0,0,0,0,0,0,0,0,1
88744,0,0,0,0,0,0,0,0,1
88745,0,0,0,0,0,0,0,0,1
88746,0,0,0,0,0,0,0,0,1
88747,0,0,0,0,0,0,0,0,1
88748,0,0,0,0,0,0,0,0,1
88749,0,0,0,0,0,0,0,0,1
88750,0,0,0,0,0,0,0,0,1
88751,0,0,0,0,0,0,0,0,1
88752,0,0,0,0,0,0,0,0,1
88753,0,0,0,0,0,0,0,0,1
88754,0,0,0,0,0,0,0,0,1
88755,0,0,0,0,0,0,0,0,1
88756,0,0,0,0,0,0,0,0,1
88757,0,0,0,0,0,0,0,0,1
88758,0,0,0,0,0,0,0,0,1
88759,0,0,0,0,0,0,0,0,1
88760,0,0,0,0,0,0,0,0,1
88761,0,0,0,0,0,0,0,0,1
88762,0,0,0,0,0,0,0,0,1
88763,0,0,0,0,0,0,0,0,1
88764,0,0,0,0,0,0,0,0,1
88765,0,0,0,0,0,0,0,0,1
88766,0,0,0,0,0,0,0,0,1
88767,0,0,0,0,0,0,0,0,1
88768,0,0,0,0,0,0,0,0,1
88769,0,0,0,0,0,0,0,0,1
88770,0,0,0,0,0,0,0,0,1
88771,0,0,0,0,0,0,0,0,1
88772,0,0,0,0,0,0,0,0,1
88773,0,0,0,0,0,0,0,0,1
88774,0,0,0,0,0,0,0,0,1
88775,0,0,0,0,0,0,0,0,1
88776,0,0,0,0,0,0,0,0,1
88777,0,0,0,0,0,0,0,0,1
88778,0,0,0,0,0,0,0,0,1
88779,0,0,0,0,0,0,0,0,1
88780,0,0,0,0,0,0,0,0,1
88781,0,0,0,0,0,0,0,0,1
88782,0,0,0,0,0,0,0,0,1
88783,0,0,0,0,0,0,0,0,1
88784,0,0,0,0,0,0,0,0,1
88785,0,0,0,0,0,0,0,0,1
88786,0,0,0,0,0,0,0,0,1
88787,0,0,0,0,0,0,0,0,1
88788,0,0,0,0,0,0,0,0,1
88789,0,0,0,0,0,0,0,0,1
88790,0,0,0,0,0,0,0,0,1
88791,0,0,0,0,0,0,0,0,1
88792,0,0,0,0,0,0,0,0,1
88793,0,0,0,0,0,0,0,0,1
88794,0,0,0,0,0,0,0,0,1
88795,0,0,0,0,0,0,0,0,1
88796,0,0,0,0,0,0,0,0,1
88797,0,0,0,0,0,0,0,0,1
88798,0,0,0,0,0,0,0,0,1
88799,0,0,0,0,0,0,0,0,1
88800,0,0,0,0,0,0,0,0,1
88801,0,0,0,0,0,0,0,0,1
88802,0,0,0,0,0,0,0,0,1
88803,0,0,0,0,0,0,0,0,1
88804,0,0,0,0,0,0,0,0,1
88805,0,0,0,0,0,0,0,0,1
88806,0,0,0,0,0,0,0,0,1
88807,0,0,0,0,0,0,0,0,1
88808,0,0,0,0,0,0,0,0,1
88809,0,0,0,0,0,0,0,0,1
88810,0,0,0,0,0,0,0,0,1
88811,0,0,0,0,0,0,0,0,1
88812,0,0,0,0,0,0,0,0,1
88813,0,0,0,0,0,0,0,0,1
88814,0,0,0,0,0,0,0,0,1
88815,0,0,0,0,0,0,0,0,1
88816,0,0,0,0,0,0,0,0,1
88817,0,0,0,0,0,0,0,0,1
88818,0,0,0,0,0,0,0,0,1
88819,0,0,0,0,0,0,0,0,1
88820,0,0,0,0,0,0,0,0,1
88821,0,0,0,0,0,0,0,0,1
88822,0,0,0,0,0,0,0,0,1
88823,0,0,0,0,0,0,0,0,1
88824,0,0,0,0,0,0,0,0,1
88825,0,0,0,0,0,0,0,0,1
88826,0,0,0,0,0,0,0,0,1
88827,0,0,0,0,0,0,0,0,1
88828,0,0,0,0,0,0,0,0,1
88829,0,0,0,0,0,0,0,0,1
88830,0,0,0,0,0,0,0,0,1
88831,0,0,0,0,0,0,0,0,1
88832,0,0,0,0,0,0,0,0,1
88833,0,0,0,0,0,0,0,0,1
88834,0,0,0,0,0,0,0,0,1
88835,0,0,0,0,0,0,0,0,1
88836,0,0,0,0,0,0,0,0,1
88837,0,0,0,0,0,0,0,0,1
88838,0,0,0,0,0,0,0,0,1
88839,0,0,0,0,0,0,0,0,1
88840,0,0,0,0,0,0,0,0,1
88841,0,0,0,0,0,0,0,0,1
88842,0,0,0,0,0,0,0,0,1
88843,0,0,0,0,0,0,0,0,1
88844,0,0,0,0,0,0,0,0,1
88845,0,0,0,0,0,0,0,0,1
88846,0,0,0,0,0,0,0,0,1
88847,0,0,0,0,0,0,0,0,1
88848,0,0,0,0,0,0,0,0,1
88849,0,0,0,0,0,0,0,0,1
88850,0,0,0,0,0,0,0,0,1
88851,0,0,0,0,0,0,0,0,1
88852,0,0,0,0,0,0,0,0,1
88853,0,0,0,0,0,0,0,0,1
88854,0,0,0,0,0,0,0,0,1
88855,0,0,0,0,0,0,0,0,1
88856,0,0,0,0,0,0,0,0,1
88857,0,0,0,0,0,0,0,0,1
88858,0,0,0,0,0,0,0,0,1
88859,0,0,0,0,0,0,0,0,1
88860,0,0,0,0,0,0,0,0,1
88861,0,0,0,0,0,0,0,0,1
88862,0,0,0,0,0,0,0,0,1
88863,0,0,0,0,0,0,0,0,1
88864,0,0,0,0,0,0,0,0,1
88865,0,0,0,0,0,0,0,0,1
88866,0,0,0,0,0,0,0,0,1
88867,0,0,0,0,0,0,0,0,1
88868,0,0,0,0,0,0,0,0,1
88869,0,0,0,0,0,0,0,0,1
88870,0,0,0,0,0,0,0,0,1
88871,0,0,0,0,0,0,0,0,1
88872,0,0,0,0,0,0,0,0,1
88873,0,0,0,0,0,0,0,0,1
88874,0,0,0,0,0,0,0,0,1
88875,0,0,0,0,0,0,0,0,1
88876,0,0,0,0,0,0,0,0,1
88877,0,0,0,0,0,0,0,0,1
88878,0,0,0,0,0,0,0,0,1
88879,0,0,0,0,0,0,0,0,1
88880,0,0,0,0,0,0,0,0,1
88881,0,0,0,0,0,0,0,0,1
88882,0,0,0,0,0,0,0,0,1
88883,0,0,0,0,0,0,0,0,1
88884,0,0,0,0,0,0,0,0,1
88885,0,0,0,0,0,0,0,0,1
88886,0,0,0,0,0,0,0,0,1
88887,0,0,0,0,0,0,0,0,1
88888,0,0,0,0,0,0,0,0,1
88889,0,0,0,0,0,0,0,0,1
88890,0,0,0,0,0,0,0,0,1
88891,0,0,0,0,0,0,0,0,1
88892,0,0,0,0,0,0,0,0,1
88893,0,0,0,0,0,0,0,0,1
88894,0,0,0,0,0,0,0,0,1
88895,0,0,0,0,0,0,0,0,1
88896,0,0,0,0,0,0,0,0,1
88897,0,0,0,0,0,0,0,0,1
88898,0,0,0,0,0,0,0,0,1
88899,0,0,0,0,0,0,0,0,1
88900,0,0,0,0,0,0,0,0,1
88901,0,0,0,0,0,0,0,0,1
88902,0,0,0,0,0,0,0,0,1
88903,0,0,0,0,0,0,0,0,1
88904,0,0,0,0,0,0,0,0,1
88905,0,0,0,0,0,0,0,0,1
88906,0,0,0,0,0,0,0,0,1
88907,0,0,0,0,0,0,0,0,1
88908,0,0,0,0,0,0,0,0,1
88909,0,0,0,0,0,0,0,0,1
88910,0,0,0,0,0,0,0,0,1
88911,0,0,0,0,0,0,0,0,1
88912,0,0,0,0,0,0,0,0,1
88913,0,0,0,0,0,0,0,0,1
88914,0,0,0,0,0,0,0,0,1
88915,0,0,0,0,0,0,0,0,1
88916,0,0,0,0,0,0,0,0,1
88917,0,0,0,0,0,0,0,0,1
88918,0,0,0,0,0,0,0,0,1
88919,0,0,0,0,0,0,0,0,1
88920,0,0,0,0,0,0,0,0,1
88921,0,0,0,0,0,0,0,0,1
88922,0,0,0,0,0,0,0,0,1
88923,0,0,0,0,0,0,0,0,1
88924,0,0,0,0,0,0,0,0,1
88925,0,0,0,0,0,0,0,0,1
88926,0,0,0,0,0,0,0,0,1
88927,0,0,0,0,0,0,0,0,1
88928,0,0,0,0,0,0,0,0,1
88929,0,0,0,0,0,0,0,0,1
88930,0,0,0,0,0,0,0,0,1
88931,0,0,0,0,0,0,0,0,1
88932,0,0,0,0,0,0,0,0,1
88933,0,0,0,0,0,0,0,0,1
88934,0,0,0,0,0,0,0,0,1
88935,0,0,0,0,0,0,0,0,1
88936,0,0,0,0,0,0,0,0,1
88937,0,0,0,0,0,0,0,0,1
88938,0,0,0,0,0,0,0,0,1
88939,0,0,0,0,0,0,0,0,1
88940,0,0,0,0,0,0,0,0,1
88941,0,0,0,0,0,0,0,0,1
88942,0,0,0,0,0,0,0,0,1
88943,0,0,0,0,0,0,0,0,1
88944,0,0,0,0,0,0,0,0,1
88945,0,0,0,0,0,0,0,0,1
88946,0,0,0,0,0,0,0,0,1
88947,0,0,0,0,0,0,0,0,1
88948,0,0,0,0,0,0,0,0,1
88949,0,0,0,0,0,0,0,0,1
88950,0,0,0,0,0,0,0,0,1
88951,0,0,0,0,0,0,0,0,1
88952,0,0,0,0,0,0,0,0,1
88953,0,0,0,0,0,0,0,0,1
88954,0,0,0,0,0,0,0,0,1
88955,0,0,0,0,0,0,0,0,1
88956,0,0,0,0,0,0,0,0,1
88957,0,0,0,0,0,0,0,0,1
88958,0,0,0,0,0,0,0,0,1
88959,0,0,0,0,0,0,0,0,1
88960,0,0,0,0,0,0,0,0,1
88961,0,0,0,0,0,0,0,0,1
88962,0,0,0,0,0,0,0,0,1
88963,0,0,0,0,0,0,0,0,1
88964,0,0,0,0,0,0,0,0,1
88965,0,0,0,0,0,0,0,0,1
88966,0,0,0,0,0,0,0,0,1
88967,0,0,0,0,0,0,0,0,1
88968,0,0,0,0,0,0,0,0,1
88969,0,0,0,0,0,0,0,0,1
88970,0,0,0,0,0,0,0,0,1
88971,0,0,0,0,0,0,0,0,1
88972,0,0,0,0,0,0,0,0,1
88973,0,0,0,0,0,0,0,0,1
88974,0,0,0,0,0,0,0,0,1
88975,0,0,0,0,0,0,0,0,1
88976,0,0,0,0,0,0,0,0,1
88977,0,0,0,0,0,0,0,0,1
88978,0,0,0,0,0,0,0,0,1
88979,0,0,0,0,0,0,0,0,1
88980,0,0,0,0,0,0,0,0,1
88981,0,0,0,0,0,0,0,0,1
88982,0,0,0,0,0,0,0,0,1
88983,0,0,0,0,0,0,0,0,1
88984,0,0,0,0,0,0,0,0,1
88985,0,0,0,0,0,0,0,0,1
88986,0,0,0,0,0,0,0,0,1
88987,0,0,0,0,0,0,0,0,1
88988,0,0,0,0,0,0,0,0,1
88989,0,0,0,0,0,0,0,0,1
88990,0,0,0,0,0,0,0,0,1
88991,0,0,0,0,0,0,0,0,1
88992,0,0,0,0,0,0,0,0,1
88993,0,0,0,0,0,0,0,0,1
88994,0,0,0,0,0,0,0,0,1
88995,0,0,0,0,0,0,0,0,1
88996,0,0,0,0,0,0,0,0,1
88997,0,0,0,0,0,0,0,0,1
88998,0,0,0,0,0,0,0,0,1
88999,0,0,0,0,0,0,0,0,1
89000,0,0,0,0,0,0,0,0,1
89001,0,0,0,0,0,0,0,0,1
89002,0,0,0,0,0,0,0,0,1
89003,0,0,0,0,0,0,0,0,1
89004,0,0,0,0,0,0,0,0,1
89005,0,0,0,0,0,0,0,0,1
89006,0,0,0,0,0,0,0,0,1
89007,0,0,0,0,0,0,0,0,1
89008,0,0,0,0,0,0,0,0,1
89009,0,0,0,0,0,0,0,0,1
89010,0,0,0,0,0,0,0,0,1
89011,0,0,0,0,0,0,0,0,1
89012,0,0,0,0,0,0,0,0,1
89013,0,0,0,0,0,0,0,0,1
89014,0,0,0,0,0,0,0,0,1
89015,0,0,0,0,0,0,0,0,1
89016,0,0,0,0,0,0,0,0,1
89017,0,0,0,0,0,0,0,0,1
89018,0,0,0,0,0,0,0,0,1
89019,0,0,0,0,0,0,0,0,1
89020,0,0,0,0,0,0,0,0,1
89021,0,0,0,0,0,0,0,0,1
89022,0,0,0,0,0,0,0,0,1
89023,0,0,0,0,0,0,0,0,1
89024,0,0,0,0,0,0,0,0,1
89025,0,0,0,0,0,0,0,0,1
89026,0,0,0,0,0,0,0,0,1
89027,0,0,0,0,0,0,0,0,1
89028,0,0,0,0,0,0,0,0,1
89029,0,0,0,0,0,0,0,0,1
89030,0,0,0,0,0,0,0,0,1
89031,0,0,0,0,0,0,0,0,1
89032,0,0,0,0,0,0,0,0,1
89033,0,0,0,0,0,0,0,0,1
89034,0,0,0,0,0,0,0,0,1
89035,0,0,0,0,0,0,0,0,1
89036,0,0,0,0,0,0,0,0,1
89037,0,0,0,0,0,0,0,0,1
89038,0,0,0,0,0,0,0,0,1
89039,0,0,0,0,0,0,0,0,1
89040,0,0,0,0,0,0,0,0,1
89041,0,0,0,0,0,0,0,0,1
89042,0,0,0,0,0,0,0,0,1
89043,0,0,0,0,0,0,0,0,1
89044,0,0,0,0,0,0,0,0,1
89045,0,0,0,0,0,0,0,0,1
89046,0,0,0,0,0,0,0,0,1
89047,0,0,0,0,0,0,0,0,1
89048,0,0,0,0,0,0,0,0,1
89049,0,0,0,0,0,0,0,0,1
89050,0,0,0,0,0,0,0,0,1
89051,0,0,0,0,0,0,0,0,1
89052,0,0,0,0,0,0,0,0,1
89053,0,0,0,0,0,0,0,0,1
89054,0,0,0,0,0,0,0,0,1
89055,0,0,0,0,0,0,0,0,1
89056,0,0,0,0,0,0,0,0,1
89057,0,0,0,0,0,0,0,0,1
89058,0,0,0,0,0,0,0,0,1
89059,0,0,0,0,0,0,0,0,1
89060,0,0,0,0,0,0,0,0,1
89061,0,0,0,0,0,0,0,0,1
89062,0,0,0,0,0,0,0,0,1
89063,0,0,0,0,0,0,0,0,1
89064,0,0,0,0,0,0,0,0,1
89065,0,0,0,0,0,0,0,0,1
89066,0,0,0,0,0,0,0,0,1
89067,0,0,0,0,0,0,0,0,1
89068,0,0,0,0,0,0,0,0,1
89069,0,0,0,0,0,0,0,0,1
89070,0,0,0,0,0,0,0,0,1
89071,0,0,0,0,0,0,0,0,1
89072,0,0,0,0,0,0,0,0,1
89073,0,0,0,0,0,0,0,0,1
89074,0,0,0,0,0,0,0,0,1
89075,0,0,0,0,0,0,0,0,1
89076,0,0,0,0,0,0,0,0,1
89077,0,0,0,0,0,0,0,0,1
89078,0,0,0,0,0,0,0,0,1
89079,0,0,0,0,0,0,0,0,1
89080,0,0,0,0,0,0,0,0,1
89081,0,0,0,0,0,0,0,0,1
89082,0,0,0,0,0,0,0,0,1
89083,0,0,0,0,0,0,0,0,1
89084,0,0,0,0,0,0,0,0,1
89085,0,0,0,0,0,0,0,0,1
89086,0,0,0,0,0,0,0,0,1
89087,0,0,0,0,0,0,0,0,1
89088,0,0,0,0,0,0,0,0,1
89089,0,0,0,0,0,0,0,0,1
89090,0,0,0,0,0,0,0,0,1
89091,0,0,0,0,0,0,0,0,1
89092,0,0,0,0,0,0,0,0,1
89093,0,0,0,0,0,0,0,0,1
89094,0,0,0,0,0,0,0,0,1
89095,0,0,0,0,0,0,0,0,1
89096,0,0,0,0,0,0,0,0,1
89097,0,0,0,0,0,0,0,0,1
89098,0,0,0,0,0,0,0,0,1
89099,0,0,0,0,0,0,0,0,1
89100,0,0,0,0,0,0,0,0,1
89101,0,0,0,0,0,0,0,0,1
89102,0,0,0,0,0,0,0,0,1
89103,0,0,0,0,0,0,0,0,1
89104,0,0,0,0,0,0,0,0,1
89105,0,0,0,0,0,0,0,0,1
89106,0,0,0,0,0,0,0,0,1
89107,0,0,0,0,0,0,0,0,1
89108,0,0,0,0,0,0,0,0,1
89109,0,0,0,0,0,0,0,0,1
89110,0,0,0,0,0,0,0,0,1
89111,0,0,0,0,0,0,0,0,1
89112,0,0,0,0,0,0,0,0,1
89113,0,0,0,0,0,0,0,0,1
89114,0,0,0,0,0,0,0,0,1
89115,0,0,0,0,0,0,0,0,1
89116,0,0,0,0,0,0,0,0,1
89117,0,0,0,0,0,0,0,0,1
89118,0,0,0,0,0,0,0,0,1
89119,0,0,0,0,0,0,0,0,1
89120,0,0,0,0,0,0,0,0,1
89121,0,0,0,0,0,0,0,0,1
89122,0,0,0,0,0,0,0,0,1
89123,0,0,0,0,0,0,0,0,1
89124,0,0,0,0,0,0,0,0,1
89125,0,0,0,0,0,0,0,0,1
89126,0,0,0,0,0,0,0,0,1
89127,0,0,0,0,0,0,0,0,1
89128,0,0,0,0,0,0,0,0,1
89129,0,0,0,0,0,0,0,0,1
89130,0,0,0,0,0,0,0,0,1
89131,0,0,0,0,0,0,0,0,1
89132,0,0,0,0,0,0,0,0,1
89133,0,0,0,0,0,0,0,0,1
89134,0,0,0,0,0,0,0,0,1
89135,0,0,0,0,0,0,0,0,1
89136,0,0,0,0,0,0,0,0,1
89137,0,0,0,0,0,0,0,0,1
89138,0,0,0,0,0,0,0,0,1
89139,0,0,0,0,0,0,0,0,1
89140,0,0,0,0,0,0,0,0,1
89141,0,0,0,0,0,0,0,0,1
89142,0,0,0,0,0,0,0,0,1
89143,0,0,0,0,0,0,0,0,1
89144,0,0,0,0,0,0,0,0,1
89145,0,0,0,0,0,0,0,0,1
89146,0,0,0,0,0,0,0,0,1
89147,0,0,0,0,0,0,0,0,1
89148,0,0,0,0,0,0,0,0,1
89149,0,0,0,0,0,0,0,0,1
89150,0,0,0,0,0,0,0,0,1
89151,0,0,0,0,0,0,0,0,1
89152,0,0,0,0,0,0,0,0,1
89153,0,0,0,0,0,0,0,0,1
89154,0,0,0,0,0,0,0,0,1
89155,0,0,0,0,0,0,0,0,1
89156,0,0,0,0,0,0,0,0,1
89157,0,0,0,0,0,0,0,0,1
89158,0,0,0,0,0,0,0,0,1
89159,0,0,0,0,0,0,0,0,1
89160,0,0,0,0,0,0,0,0,1
89161,0,0,0,0,0,0,0,0,1
89162,0,0,0,0,0,0,0,0,1
89163,0,0,0,0,0,0,0,0,1
89164,0,0,0,0,0,0,0,0,1
89165,0,0,0,0,0,0,0,0,1
89166,0,0,0,0,0,0,0,0,1
89167,0,0,0,0,0,0,0,0,1
89168,0,0,0,0,0,0,0,0,1
89169,0,0,0,0,0,0,0,0,1
89170,0,0,0,0,0,0,0,0,1
89171,0,0,0,0,0,0,0,0,1
89172,0,0,0,0,0,0,0,0,1
89173,0,0,0,0,0,0,0,0,1
89174,0,0,0,0,0,0,0,0,1
89175,0,0,0,0,0,0,0,0,1
89176,0,0,0,0,0,0,0,0,1
89177,0,0,0,0,0,0,0,0,1
89178,0,0,0,0,0,0,0,0,1
89179,0,0,0,0,0,0,0,0,1
89180,0,0,0,0,0,0,0,0,1
89181,0,0,0,0,0,0,0,0,1
89182,0,0,0,0,0,0,0,0,1
89183,0,0,0,0,0,0,0,0,1
89184,0,0,0,0,0,0,0,0,1
89185,0,0,0,0,0,0,0,0,1
89186,0,0,0,0,0,0,0,0,1
89187,0,0,0,0,0,0,0,0,1
89188,0,0,0,0,0,0,0,0,1
89189,0,0,0,0,0,0,0,0,1
89190,0,0,0,0,0,0,0,0,1
89191,0,0,0,0,0,0,0,0,1
89192,0,0,0,0,0,0,0,0,1
89193,0,0,0,0,0,0,0,0,1
89194,0,0,0,0,0,0,0,0,1
89195,0,0,0,0,0,0,0,0,1
89196,0,0,0,0,0,0,0,0,1
89197,0,0,0,0,0,0,0,0,1
89198,0,0,0,0,0,0,0,0,1
89199,0,0,0,0,0,0,0,0,1
89200,0,0,0,0,0,0,0,0,1
89201,0,0,0,0,0,0,0,0,1
89202,0,0,0,0,0,0,0,0,1
89203,0,0,0,0,0,0,0,0,1
89204,0,0,0,0,0,0,0,0,1
89205,0,0,0,0,0,0,0,0,1
89206,0,0,0,0,0,0,0,0,1
89207,0,0,0,0,0,0,0,0,1
89208,0,0,0,0,0,0,0,0,1
89209,0,0,0,0,0,0,0,0,1
89210,0,0,0,0,0,0,0,0,1
89211,0,0,0,0,0,0,0,0,1
89212,0,0,0,0,0,0,0,0,1
89213,0,0,0,0,0,0,0,0,1
89214,0,0,0,0,0,0,0,0,1
89215,0,0,0,0,0,0,0,0,1
89216,0,0,0,0,0,0,0,0,1
89217,0,0,0,0,0,0,0,0,1
89218,0,0,0,0,0,0,0,0,1
89219,0,0,0,0,0,0,0,0,1
89220,0,0,0,0,0,0,0,0,1
89221,0,0,0,0,0,0,0,0,1
89222,0,0,0,0,0,0,0,0,1
89223,0,0,0,0,0,0,0,0,1
89224,0,0,0,0,0,0,0,0,1
89225,0,0,0,0,0,0,0,0,1
89226,0,0,0,0,0,0,0,0,1
89227,0,0,0,0,0,0,0,0,1
89228,0,0,0,0,0,0,0,0,1
89229,0,0,0,0,0,0,0,0,1
89230,0,0,0,0,0,0,0,0,1
89231,0,0,0,0,0,0,0,0,1
89232,0,0,0,0,0,0,0,0,1
89233,0,0,0,0,0,0,0,0,1
89234,0,0,0,0,0,0,0,0,1
89235,0,0,0,0,0,0,0,0,1
89236,0,0,0,0,0,0,0,0,1
89237,0,0,0,0,0,0,0,0,1
89238,0,0,0,0,0,0,0,0,1
89239,0,0,0,0,0,0,0,0,1
89240,0,0,0,0,0,0,0,0,1
89241,0,0,0,0,0,0,0,0,1
89242,0,0,0,0,0,0,0,0,1
89243,0,0,0,0,0,0,0,0,1
89244,0,0,0,0,0,0,0,0,1
89245,0,0,0,0,0,0,0,0,1
89246,0,0,0,0,0,0,0,0,1
89247,0,0,0,0,0,0,0,0,1
89248,0,0,0,0,0,0,0,0,1
89249,0,0,0,0,0,0,0,0,1
89250,0,0,0,0,0,0,0,0,1
89251,0,0,0,0,0,0,0,0,1
89252,0,0,0,0,0,0,0,0,1
89253,0,0,0,0,0,0,0,0,1
89254,0,0,0,0,0,0,0,0,1
89255,0,0,0,0,0,0,0,0,1
89256,0,0,0,0,0,0,0,0,1
89257,0,0,0,0,0,0,0,0,1
89258,0,0,0,0,0,0,0,0,1
89259,0,0,0,0,0,0,0,0,1
89260,0,0,0,0,0,0,0,0,1
89261,0,0,0,0,0,0,0,0,1
89262,0,0,0,0,0,0,0,0,1
89263,0,0,0,0,0,0,0,0,1
89264,0,0,0,0,0,0,0,0,1
89265,0,0,0,0,0,0,0,0,1
89266,0,0,0,0,0,0,0,0,1
89267,0,0,0,0,0,0,0,0,1
89268,0,0,0,0,0,0,0,0,1
89269,0,0,0,0,0,0,0,0,1
89270,0,0,0,0,0,0,0,0,1
89271,0,0,0,0,0,0,0,0,1
89272,0,0,0,0,0,0,0,0,1
89273,0,0,0,0,0,0,0,0,1
89274,0,0,0,0,0,0,0,0,1
89275,0,0,0,0,0,0,0,0,1
89276,0,0,0,0,0,0,0,0,1
89277,0,0,0,0,0,0,0,0,1
89278,0,0,0,0,0,0,0,0,1
89279,0,0,0,0,0,0,0,0,1
89280,0,0,0,0,0,0,0,0,1
89281,0,0,0,0,0,0,0,0,1
89282,0,0,0,0,0,0,0,0,1
89283,0,0,0,0,0,0,0,0,1
89284,0,0,0,0,0,0,0,0,1
89285,0,0,0,0,0,0,0,0,1
89286,0,0,0,0,0,0,0,0,1
89287,0,0,0,0,0,0,0,0,1
89288,0,0,0,0,0,0,0,0,1
89289,0,0,0,0,0,0,0,0,1
89290,0,0,0,0,0,0,0,0,1
89291,0,0,0,0,0,0,0,0,1
89292,0,0,0,0,0,0,0,0,1
89293,0,0,0,0,0,0,0,0,1
89294,0,0,0,0,0,0,0,0,1
89295,0,0,0,0,0,0,0,0,1
89296,0,0,0,0,0,0,0,0,1
89297,0,0,0,0,0,0,0,0,1
89298,0,0,0,0,0,0,0,0,1
89299,0,0,0,0,0,0,0,0,1
89300,0,0,0,0,0,0,0,0,1
89301,0,0,0,0,0,0,0,0,1
89302,0,0,0,0,0,0,0,0,1
89303,0,0,0,0,0,0,0,0,1
89304,0,0,0,0,0,0,0,0,1
89305,0,0,0,0,0,0,0,0,1
89306,0,0,0,0,0,0,0,0,1
89307,0,0,0,0,0,0,0,0,1
89308,0,0,0,0,0,0,0,0,1
89309,0,0,0,0,0,0,0,0,1
89310,0,0,0,0,0,0,0,0,1
89311,0,0,0,0,0,0,0,0,1
89312,0,0,0,0,0,0,0,0,1
89313,0,0,0,0,0,0,0,0,1
89314,0,0,0,0,0,0,0,0,1
89315,0,0,0,0,0,0,0,0,1
89316,0,0,0,0,0,0,0,0,1
89317,0,0,0,0,0,0,0,0,1
89318,0,0,0,0,0,0,0,0,1
89319,0,0,0,0,0,0,0,0,1
89320,0,0,0,0,0,0,0,0,1
89321,0,0,0,0,0,0,0,0,1
89322,0,0,0,0,0,0,0,0,1
89323,0,0,0,0,0,0,0,0,1
89324,0,0,0,0,0,0,0,0,1
89325,0,0,0,0,0,0,0,0,1
89326,0,0,0,0,0,0,0,0,1
89327,0,0,0,0,0,0,0,0,1
89328,0,0,0,0,0,0,0,0,1
89329,0,0,0,0,0,0,0,0,1
89330,0,0,0,0,0,0,0,0,1
89331,0,0,0,0,0,0,0,0,1
89332,0,0,0,0,0,0,0,0,1
89333,0,0,0,0,0,0,0,0,1
89334,0,0,0,0,0,0,0,0,1
89335,0,0,0,0,0,0,0,0,1
89336,0,0,0,0,0,0,0,0,1
89337,0,0,0,0,0,0,0,0,1
89338,0,0,0,0,0,0,0,0,1
89339,0,0,0,0,0,0,0,0,1
89340,0,0,0,0,0,0,0,0,1
89341,0,0,0,0,0,0,0,0,1
89342,0,0,0,0,0,0,0,0,1
89343,0,0,0,0,0,0,0,0,1
89344,0,0,0,0,0,0,0,0,1
89345,0,0,0,0,0,0,0,0,1
89346,0,0,0,0,0,0,0,0,1
89347,0,0,0,0,0,0,0,0,1
89348,0,0,0,0,0,0,0,0,1
89349,0,0,0,0,0,0,0,0,1
89350,0,0,0,0,0,0,0,0,1
89351,0,0,0,0,0,0,0,0,1
89352,0,0,0,0,0,0,0,0,1
89353,0,0,0,0,0,0,0,0,1
89354,0,0,0,0,0,0,0,0,1
89355,0,0,0,0,0,0,0,0,1
89356,0,0,0,0,0,0,0,0,1
89357,0,0,0,0,0,0,0,0,1
89358,0,0,0,0,0,0,0,0,1
89359,0,0,0,0,0,0,0,0,1
89360,0,0,0,0,0,0,0,0,1
89361,0,0,0,0,0,0,0,0,1
89362,0,0,0,0,0,0,0,0,1
89363,0,0,0,0,0,0,0,0,1
89364,0,0,0,0,0,0,0,0,1
89365,0,0,0,0,0,0,0,0,1
89366,0,0,0,0,0,0,0,0,1
89367,0,0,0,0,0,0,0,0,1
89368,0,0,0,0,0,0,0,0,1
89369,0,0,0,0,0,0,0,0,1
89370,0,0,0,0,0,0,0,0,1
89371,0,0,0,0,0,0,0,0,1
89372,0,0,0,0,0,0,0,0,1
89373,0,0,0,0,0,0,0,0,1
89374,0,0,0,0,0,0,0,0,1
89375,0,0,0,0,0,0,0,0,1
89376,0,0,0,0,0,0,0,0,1
89377,0,0,0,0,0,0,0,0,1
89378,0,0,0,0,0,0,0,0,1
89379,0,0,0,0,0,0,0,0,1
89380,0,0,0,0,0,0,0,0,1
89381,0,0,0,0,0,0,0,0,1
89382,0,0,0,0,0,0,0,0,1
89383,0,0,0,0,0,0,0,0,1
89384,0,0,0,0,0,0,0,0,1
89385,0,0,0,0,0,0,0,0,1
89386,0,0,0,0,0,0,0,0,1
89387,0,0,0,0,0,0,0,0,1
89388,0,0,0,0,0,0,0,0,1
89389,0,0,0,0,0,0,0,0,1
89390,0,0,0,0,0,0,0,0,1
89391,0,0,0,0,0,0,0,0,1
89392,0,0,0,0,0,0,0,0,1
89393,0,0,0,0,0,0,0,0,1
89394,0,0,0,0,0,0,0,0,1
89395,0,0,0,0,0,0,0,0,1
89396,0,0,0,0,0,0,0,0,1
89397,0,0,0,0,0,0,0,0,1
89398,0,0,0,0,0,0,0,0,1
89399,0,0,0,0,0,0,0,0,1
89400,0,0,0,0,0,0,0,0,1
89401,0,0,0,0,0,0,0,0,1
89402,0,0,0,0,0,0,0,0,1
89403,0,0,0,0,0,0,0,0,1
89404,0,0,0,0,0,0,0,0,1
89405,0,0,0,0,0,0,0,0,1
89406,0,0,0,0,0,0,0,0,1
89407,0,0,0,0,0,0,0,0,1
89408,0,0,0,0,0,0,0,0,1
89409,0,0,0,0,0,0,0,0,1
89410,0,0,0,0,0,0,0,0,1
89411,0,0,0,0,0,0,0,0,1
89412,0,0,0,0,0,0,0,0,1
89413,0,0,0,0,0,0,0,0,1
89414,0,0,0,0,0,0,0,0,1
89415,0,0,0,0,0,0,0,0,1
89416,0,0,0,0,0,0,0,0,1
89417,0,0,0,0,0,0,0,0,1
89418,0,0,0,0,0,0,0,0,1
89419,0,0,0,0,0,0,0,0,1
89420,0,0,0,0,0,0,0,0,1
89421,0,0,0,0,0,0,0,0,1
89422,0,0,0,0,0,0,0,0,1
89423,0,0,0,0,0,0,0,0,1
89424,0,0,0,0,0,0,0,0,1
89425,0,0,0,0,0,0,0,0,1
89426,0,0,0,0,0,0,0,0,1
89427,0,0,0,0,0,0,0,0,1
89428,0,0,0,0,0,0,0,0,1
89429,0,0,0,0,0,0,0,0,1
89430,0,0,0,0,0,0,0,0,1
89431,0,0,0,0,0,0,0,0,1
89432,0,0,0,0,0,0,0,0,1
89433,0,0,0,0,0,0,0,0,1
89434,0,0,0,0,0,0,0,0,1
89435,0,0,0,0,0,0,0,0,1
89436,0,0,0,0,0,0,0,0,1
89437,0,0,0,0,0,0,0,0,1
89438,0,0,0,0,0,0,0,0,1
89439,0,0,0,0,0,0,0,0,1
89440,0,0,0,0,0,0,0,0,1
89441,0,0,0,0,0,0,0,0,1
89442,0,0,0,0,0,0,0,0,1
89443,0,0,0,0,0,0,0,0,1
89444,0,0,0,0,0,0,0,0,1
89445,0,0,0,0,0,0,0,0,1
89446,0,0,0,0,0,0,0,0,1
89447,0,0,0,0,0,0,0,0,1
89448,0,0,0,0,0,0,0,0,1
89449,0,0,0,0,0,0,0,0,1
89450,0,0,0,0,0,0,0,0,1
89451,0,0,0,0,0,0,0,0,1
89452,0,0,0,0,0,0,0,0,1
89453,0,0,0,0,0,0,0,0,1
89454,0,0,0,0,0,0,0,0,1
89455,0,0,0,0,0,0,0,0,1
89456,0,0,0,0,0,0,0,0,1
89457,0,0,0,0,0,0,0,0,1
89458,0,0,0,0,0,0,0,0,1
89459,0,0,0,0,0,0,0,0,1
89460,0,0,0,0,0,0,0,0,1
89461,0,0,0,0,0,0,0,0,1
89462,0,0,0,0,0,0,0,0,1
89463,0,0,0,0,0,0,0,0,1
89464,0,0,0,0,0,0,0,0,1
89465,0,0,0,0,0,0,0,0,1
89466,0,0,0,0,0,0,0,0,1
89467,0,0,0,0,0,0,0,0,1
89468,0,0,0,0,0,0,0,0,1
89469,0,0,0,0,0,0,0,0,1
89470,0,0,0,0,0,0,0,0,1
89471,0,0,0,0,0,0,0,0,1
89472,0,0,0,0,0,0,0,0,1
89473,0,0,0,0,0,0,0,0,1
89474,0,0,0,0,0,0,0,0,1
89475,0,0,0,0,0,0,0,0,1
89476,0,0,0,0,0,0,0,0,1
89477,0,0,0,0,0,0,0,0,1
89478,0,0,0,0,0,0,0,0,1
89479,0,0,0,0,0,0,0,0,1
89480,0,0,0,0,0,0,0,0,1
89481,0,0,0,0,0,0,0,0,1
89482,0,0,0,0,0,0,0,0,1
89483,0,0,0,0,0,0,0,0,1
89484,0,0,0,0,0,0,0,0,1
89485,0,0,0,0,0,0,0,0,1
89486,0,0,0,0,0,0,0,0,1
89487,0,0,0,0,0,0,0,0,1
89488,0,0,0,0,0,0,0,0,1
89489,0,0,0,0,0,0,0,0,1
89490,0,0,0,0,0,0,0,0,1
89491,0,0,0,0,0,0,0,0,1
89492,0,0,0,0,0,0,0,0,1
89493,0,0,0,0,0,0,0,0,1
89494,0,0,0,0,0,0,0,0,1
89495,0,0,0,0,0,0,0,0,1
89496,0,0,0,0,0,0,0,0,1
89497,0,0,0,0,0,0,0,0,1
89498,0,0,0,0,0,0,0,0,1
89499,0,0,0,0,0,0,0,0,1
89500,0,0,0,0,0,0,0,0,1
89501,0,0,0,0,0,0,0,0,1
89502,0,0,0,0,0,0,0,0,1
89503,0,0,0,0,0,0,0,0,1
89504,0,0,0,0,0,0,0,0,1
89505,0,0,0,0,0,0,0,0,1
89506,0,0,0,0,0,0,0,0,1
89507,0,0,0,0,0,0,0,0,1
89508,0,0,0,0,0,0,0,0,1
89509,0,0,0,0,0,0,0,0,1
89510,0,0,0,0,0,0,0,0,1
89511,0,0,0,0,0,0,0,0,1
89512,0,0,0,0,0,0,0,0,1
89513,0,0,0,0,0,0,0,0,1
89514,0,0,0,0,0,0,0,0,1
89515,0,0,0,0,0,0,0,0,1
89516,0,0,0,0,0,0,0,0,1
89517,0,0,0,0,0,0,0,0,1
89518,0,0,0,0,0,0,0,0,1
89519,0,0,0,0,0,0,0,0,1
89520,0,0,0,0,0,0,0,0,1
89521,0,0,0,0,0,0,0,0,1
89522,0,0,0,0,0,0,0,0,1
89523,0,0,0,0,0,0,0,0,1
89524,0,0,0,0,0,0,0,0,1
89525,0,0,0,0,0,0,0,0,1
89526,0,0,0,0,0,0,0,0,1
89527,0,0,0,0,0,0,0,0,1
89528,0,0,0,0,0,0,0,0,1
89529,0,0,0,0,0,0,0,0,1
89530,0,0,0,0,0,0,0,0,1
89531,0,0,0,0,0,0,0,0,1
89532,0,0,0,0,0,0,0,0,1
89533,0,0,0,0,0,0,0,0,1
89534,0,0,0,0,0,0,0,0,1
89535,0,0,0,0,0,0,0,0,1
89536,0,0,0,0,0,0,0,0,1
89537,0,0,0,0,0,0,0,0,1
89538,0,0,0,0,0,0,0,0,1
89539,0,0,0,0,0,0,0,0,1
89540,0,0,0,0,0,0,0,0,1
89541,0,0,0,0,0,0,0,0,1
89542,0,0,0,0,0,0,0,0,1
89543,0,0,0,0,0,0,0,0,1
89544,0,0,0,0,0,0,0,0,1
89545,0,0,0,0,0,0,0,0,1
89546,0,0,0,0,0,0,0,0,1
89547,0,0,0,0,0,0,0,0,1
89548,0,0,0,0,0,0,0,0,1
89549,0,0,0,0,0,0,0,0,1
89550,0,0,0,0,0,0,0,0,1
89551,0,0,0,0,0,0,0,0,1
89552,0,0,0,0,0,0,0,0,1
89553,0,0,0,0,0,0,0,0,1
89554,0,0,0,0,0,0,0,0,1
89555,0,0,0,0,0,0,0,0,1
89556,0,0,0,0,0,0,0,0,1
89557,0,0,0,0,0,0,0,0,1
89558,0,0,0,0,0,0,0,0,1
89559,0,0,0,0,0,0,0,0,1
89560,0,0,0,0,0,0,0,0,1
89561,0,0,0,0,0,0,0,0,1
89562,0,0,0,0,0,0,0,0,1
89563,0,0,0,0,0,0,0,0,1
89564,0,0,0,0,0,0,0,0,1
89565,0,0,0,0,0,0,0,0,1
89566,0,0,0,0,0,0,0,0,1
89567,0,0,0,0,0,0,0,0,1
89568,0,0,0,0,0,0,0,0,1
89569,0,0,0,0,0,0,0,0,1
89570,0,0,0,0,0,0,0,0,1
89571,0,0,0,0,0,0,0,0,1
89572,0,0,0,0,0,0,0,0,1
89573,0,0,0,0,0,0,0,0,1
89574,0,0,0,0,0,0,0,0,1
89575,0,0,0,0,0,0,0,0,1
89576,0,0,0,0,0,0,0,0,1
89577,0,0,0,0,0,0,0,0,1
89578,0,0,0,0,0,0,0,0,1
89579,0,0,0,0,0,0,0,0,1
89580,0,0,0,0,0,0,0,0,1
89581,0,0,0,0,0,0,0,0,1
89582,0,0,0,0,0,0,0,0,1
89583,0,0,0,0,0,0,0,0,1
89584,0,0,0,0,0,0,0,0,1
89585,0,0,0,0,0,0,0,0,1
89586,0,0,0,0,0,0,0,0,1
89587,0,0,0,0,0,0,0,0,1
89588,0,0,0,0,0,0,0,0,1
89589,0,0,0,0,0,0,0,0,1
89590,0,0,0,0,0,0,0,0,1
89591,0,0,0,0,0,0,0,0,1
89592,0,0,0,0,0,0,0,0,1
89593,0,0,0,0,0,0,0,0,1
89594,0,0,0,0,0,0,0,0,1
89595,0,0,0,0,0,0,0,0,1
89596,0,0,0,0,0,0,0,0,1
89597,0,0,0,0,0,0,0,0,1
89598,0,0,0,0,0,0,0,0,1
89599,0,0,0,0,0,0,0,0,1
89600,0,0,0,0,0,0,0,0,1
89601,0,0,0,0,0,0,0,0,1
89602,0,0,0,0,0,0,0,0,1
89603,0,0,0,0,0,0,0,0,1
89604,0,0,0,0,0,0,0,0,1
89605,0,0,0,0,0,0,0,0,1
89606,0,0,0,0,0,0,0,0,1
89607,0,0,0,0,0,0,0,0,1
89608,0,0,0,0,0,0,0,0,1
89609,0,0,0,0,0,0,0,0,1
89610,0,0,0,0,0,0,0,0,1
89611,0,0,0,0,0,0,0,0,1
89612,0,0,0,0,0,0,0,0,1
89613,0,0,0,0,0,0,0,0,1
89614,0,0,0,0,0,0,0,0,1
89615,0,0,0,0,0,0,0,0,1
89616,0,0,0,0,0,0,0,0,1
89617,0,0,0,0,0,0,0,0,1
89618,0,0,0,0,0,0,0,0,1
89619,0,0,0,0,0,0,0,0,1
89620,0,0,0,0,0,0,0,0,1
89621,0,0,0,0,0,0,0,0,1
89622,0,0,0,0,0,0,0,0,1
89623,0,0,0,0,0,0,0,0,1
89624,0,0,0,0,0,0,0,0,1
89625,0,0,0,0,0,0,0,0,1
89626,0,0,0,0,0,0,0,0,1
89627,0,0,0,0,0,0,0,0,1
89628,0,0,0,0,0,0,0,0,1
89629,0,0,0,0,0,0,0,0,1
89630,0,0,0,0,0,0,0,0,1
89631,0,0,0,0,0,0,0,0,1
89632,0,0,0,0,0,0,0,0,1
89633,0,0,0,0,0,0,0,0,1
89634,0,0,0,0,0,0,0,0,1
89635,0,0,0,0,0,0,0,0,1
89636,0,0,0,0,0,0,0,0,1
89637,0,0,0,0,0,0,0,0,1
89638,0,0,0,0,0,0,0,0,1
89639,0,0,0,0,0,0,0,0,1
89640,0,0,0,0,0,0,0,0,1
89641,0,0,0,0,0,0,0,0,1
89642,0,0,0,0,0,0,0,0,1
89643,0,0,0,0,0,0,0,0,1
89644,0,0,0,0,0,0,0,0,1
89645,0,0,0,0,0,0,0,0,1
89646,0,0,0,0,0,0,0,0,1
89647,0,0,0,0,0,0,0,0,1
89648,0,0,0,0,0,0,0,0,1
89649,0,0,0,0,0,0,0,0,1
89650,0,0,0,0,0,0,0,0,1
89651,0,0,0,0,0,0,0,0,1
89652,0,0,0,0,0,0,0,0,1
89653,0,0,0,0,0,0,0,0,1
89654,0,0,0,0,0,0,0,0,1
89655,0,0,0,0,0,0,0,0,1
89656,0,0,0,0,0,0,0,0,1
89657,0,0,0,0,0,0,0,0,1
89658,0,0,0,0,0,0,0,0,1
89659,0,0,0,0,0,0,0,0,1
89660,0,0,0,0,0,0,0,0,1
89661,0,0,0,0,0,0,0,0,1
89662,0,0,0,0,0,0,0,0,1
89663,0,0,0,0,0,0,0,0,1
89664,0,0,0,0,0,0,0,0,1
89665,0,0,0,0,0,0,0,0,1
89666,0,0,0,0,0,0,0,0,1
89667,0,0,0,0,0,0,0,0,1
89668,0,0,0,0,0,0,0,0,1
89669,0,0,0,0,0,0,0,0,1
89670,0,0,0,0,0,0,0,0,1
89671,0,0,0,0,0,0,0,0,1
89672,0,0,0,0,0,0,0,0,1
89673,0,0,0,0,0,0,0,0,1
89674,0,0,0,0,0,0,0,0,1
89675,0,0,0,0,0,0,0,0,1
89676,0,0,0,0,0,0,0,0,1
89677,0,0,0,0,0,0,0,0,1
89678,0,0,0,0,0,0,0,0,1
89679,0,0,0,0,0,0,0,0,1
89680,0,0,0,0,0,0,0,0,1
89681,0,0,0,0,0,0,0,0,1
89682,0,0,0,0,0,0,0,0,1
89683,0,0,0,0,0,0,0,0,1
89684,0,0,0,0,0,0,0,0,1
89685,0,0,0,0,0,0,0,0,1
89686,0,0,0,0,0,0,0,0,1
89687,0,0,0,0,0,0,0,0,1
89688,0,0,0,0,0,0,0,0,1
89689,0,0,0,0,0,0,0,0,1
89690,0,0,0,0,0,0,0,0,1
89691,0,0,0,0,0,0,0,0,1
89692,0,0,0,0,0,0,0,0,1
89693,0,0,0,0,0,0,0,0,1
89694,0,0,0,0,0,0,0,0,1
89695,0,0,0,0,0,0,0,0,1
89696,0,0,0,0,0,0,0,0,1
89697,0,0,0,0,0,0,0,0,1
89698,0,0,0,0,0,0,0,0,1
89699,0,0,0,0,0,0,0,0,1
89700,0,0,0,0,0,0,0,0,1
89701,0,0,0,0,0,0,0,0,1
89702,0,0,0,0,0,0,0,0,1
89703,0,0,0,0,0,0,0,0,1
89704,0,0,0,0,0,0,0,0,1
89705,0,0,0,0,0,0,0,0,1
89706,0,0,0,0,0,0,0,0,1
89707,0,0,0,0,0,0,0,0,1
89708,0,0,0,0,0,0,0,0,1
89709,0,0,0,0,0,0,0,0,1
89710,0,0,0,0,0,0,0,0,1
89711,0,0,0,0,0,0,0,0,1
89712,0,0,0,0,0,0,0,0,1
89713,0,0,0,0,0,0,0,0,1
89714,0,0,0,0,0,0,0,0,1
89715,0,0,0,0,0,0,0,0,1
89716,0,0,0,0,0,0,0,0,1
89717,0,0,0,0,0,0,0,0,1
89718,0,0,0,0,0,0,0,0,1
89719,0,0,0,0,0,0,0,0,1
89720,0,0,0,0,0,0,0,0,1
89721,0,0,0,0,0,0,0,0,1
89722,0,0,0,0,0,0,0,0,1
89723,0,0,0,0,0,0,0,0,1
89724,0,0,0,0,0,0,0,0,1
89725,0,0,0,0,0,0,0,0,1
89726,0,0,0,0,0,0,0,0,1
89727,0,0,0,0,0,0,0,0,1
89728,0,0,0,0,0,0,0,0,1
89729,0,0,0,0,0,0,0,0,1
89730,0,0,0,0,0,0,0,0,1
89731,0,0,0,0,0,0,0,0,1
89732,0,0,0,0,0,0,0,0,1
89733,0,0,0,0,0,0,0,0,1
89734,0,0,0,0,0,0,0,0,1
89735,0,0,0,0,0,0,0,0,1
89736,0,0,0,0,0,0,0,0,1
89737,0,0,0,0,0,0,0,0,1
89738,0,0,0,0,0,0,0,0,1
89739,0,0,0,0,0,0,0,0,1
89740,0,0,0,0,0,0,0,0,1
89741,0,0,0,0,0,0,0,0,1
89742,0,0,0,0,0,0,0,0,1
89743,0,0,0,0,0,0,0,0,1
89744,0,0,0,0,0,0,0,0,1
89745,0,0,0,0,0,0,0,0,1
89746,0,0,0,0,0,0,0,0,1
89747,0,0,0,0,0,0,0,0,1
89748,0,0,0,0,0,0,0,0,1
89749,0,0,0,0,0,0,0,0,1
89750,0,0,0,0,0,0,0,0,1
89751,0,0,0,0,0,0,0,0,1
89752,0,0,0,0,0,0,0,0,1
89753,0,0,0,0,0,0,0,0,1
89754,0,0,0,0,0,0,0,0,1
89755,0,0,0,0,0,0,0,0,1
89756,0,0,0,0,0,0,0,0,1
89757,0,0,0,0,0,0,0,0,1
89758,0,0,0,0,0,0,0,0,1
89759,0,0,0,0,0,0,0,0,1
89760,0,0,0,0,0,0,0,0,1
89761,0,0,0,0,0,0,0,0,1
89762,0,0,0,0,0,0,0,0,1
89763,0,0,0,0,0,0,0,0,1
89764,0,0,0,0,0,0,0,0,1
89765,0,0,0,0,0,0,0,0,1
89766,0,0,0,0,0,0,0,0,1
89767,0,0,0,0,0,0,0,0,1
89768,0,0,0,0,0,0,0,0,1
89769,0,0,0,0,0,0,0,0,1
89770,0,0,0,0,0,0,0,0,1
89771,0,0,0,0,0,0,0,0,1
89772,0,0,0,0,0,0,0,0,1
89773,0,0,0,0,0,0,0,0,1
89774,0,0,0,0,0,0,0,0,1
89775,0,0,0,0,0,0,0,0,1
89776,0,0,0,0,0,0,0,0,1
89777,0,0,0,0,0,0,0,0,1
89778,0,0,0,0,0,0,0,0,1
89779,0,0,0,0,0,0,0,0,1
89780,0,0,0,0,0,0,0,0,1
89781,0,0,0,0,0,0,0,0,1
89782,0,0,0,0,0,0,0,0,1
89783,0,0,0,0,0,0,0,0,1
89784,0,0,0,0,0,0,0,0,1
89785,0,0,0,0,0,0,0,0,1
89786,0,0,0,0,0,0,0,0,1
89787,0,0,0,0,0,0,0,0,1
89788,0,0,0,0,0,0,0,0,1
89789,0,0,0,0,0,0,0,0,1
89790,0,0,0,0,0,0,0,0,1
89791,0,0,0,0,0,0,0,0,1
89792,0,0,0,0,0,0,0,0,1
89793,0,0,0,0,0,0,0,0,1
89794,0,0,0,0,0,0,0,0,1
89795,0,0,0,0,0,0,0,0,1
89796,0,0,0,0,0,0,0,0,1
89797,0,0,0,0,0,0,0,0,1
89798,0,0,0,0,0,0,0,0,1
89799,0,0,0,0,0,0,0,0,1
89800,0,0,0,0,0,0,0,0,1
89801,0,0,0,0,0,0,0,0,1
89802,0,0,0,0,0,0,0,0,1
89803,0,0,0,0,0,0,0,0,1
89804,0,0,0,0,0,0,0,0,1
89805,0,0,0,0,0,0,0,0,1
89806,0,0,0,0,0,0,0,0,1
89807,0,0,0,0,0,0,0,0,1
89808,0,0,0,0,0,0,0,0,1
89809,0,0,0,0,0,0,0,0,1
89810,0,0,0,0,0,0,0,0,1
89811,0,0,0,0,0,0,0,0,1
89812,0,0,0,0,0,0,0,0,1
89813,0,0,0,0,0,0,0,0,1
89814,0,0,0,0,0,0,0,0,1
89815,0,0,0,0,0,0,0,0,1
89816,0,0,0,0,0,0,0,0,1
89817,0,0,0,0,0,0,0,0,1
89818,0,0,0,0,0,0,0,0,1
89819,0,0,0,0,0,0,0,0,1
89820,0,0,0,0,0,0,0,0,1
89821,0,0,0,0,0,0,0,0,1
89822,0,0,0,0,0,0,0,0,1
89823,0,0,0,0,0,0,0,0,1
89824,0,0,0,0,0,0,0,0,1
89825,0,0,0,0,0,0,0,0,1
89826,0,0,0,0,0,0,0,0,1
89827,0,0,0,0,0,0,0,0,1
89828,0,0,0,0,0,0,0,0,1
89829,0,0,0,0,0,0,0,0,1
89830,0,0,0,0,0,0,0,0,1
89831,0,0,0,0,0,0,0,0,1
89832,0,0,0,0,0,0,0,0,1
89833,0,0,0,0,0,0,0,0,1
89834,0,0,0,0,0,0,0,0,1
89835,0,0,0,0,0,0,0,0,1
89836,0,0,0,0,0,0,0,0,1
89837,0,0,0,0,0,0,0,0,1
89838,0,0,0,0,0,0,0,0,1
89839,0,0,0,0,0,0,0,0,1
89840,0,0,0,0,0,0,0,0,1
89841,0,0,0,0,0,0,0,0,1
89842,0,0,0,0,0,0,0,0,1
89843,0,0,0,0,0,0,0,0,1
89844,0,0,0,0,0,0,0,0,1
89845,0,0,0,0,0,0,0,0,1
89846,0,0,0,0,0,0,0,0,1
89847,0,0,0,0,0,0,0,0,1
89848,0,0,0,0,0,0,0,0,1
89849,0,0,0,0,0,0,0,0,1
89850,0,0,0,0,0,0,0,0,1
89851,0,0,0,0,0,0,0,0,1
89852,0,0,0,0,0,0,0,0,1
89853,0,0,0,0,0,0,0,0,1
89854,0,0,0,0,0,0,0,0,1
89855,0,0,0,0,0,0,0,0,1
89856,0,0,0,0,0,0,0,0,1
89857,0,0,0,0,0,0,0,0,1
89858,0,0,0,0,0,0,0,0,1
89859,0,0,0,0,0,0,0,0,1
89860,0,0,0,0,0,0,0,0,1
89861,0,0,0,0,0,0,0,0,1
89862,0,0,0,0,0,0,0,0,1
89863,0,0,0,0,0,0,0,0,1
89864,0,0,0,0,0,0,0,0,1
89865,0,0,0,0,0,0,0,0,1
89866,0,0,0,0,0,0,0,0,1
89867,0,0,0,0,0,0,0,0,1
89868,0,0,0,0,0,0,0,0,1
89869,0,0,0,0,0,0,0,0,1
89870,0,0,0,0,0,0,0,0,1
89871,0,0,0,0,0,0,0,0,1
89872,0,0,0,0,0,0,0,0,1
89873,0,0,0,0,0,0,0,0,1
89874,0,0,0,0,0,0,0,0,1
89875,0,0,0,0,0,0,0,0,1
89876,0,0,0,0,0,0,0,0,1
89877,0,0,0,0,0,0,0,0,1
89878,0,0,0,0,0,0,0,0,1
89879,0,0,0,0,0,0,0,0,1
89880,0,0,0,0,0,0,0,0,1
89881,0,0,0,0,0,0,0,0,1
89882,0,0,0,0,0,0,0,0,1
89883,0,0,0,0,0,0,0,0,1
89884,0,0,0,0,0,0,0,0,1
89885,0,0,0,0,0,0,0,0,1
89886,0,0,0,0,0,0,0,0,1
89887,0,0,0,0,0,0,0,0,1
89888,0,0,0,0,0,0,0,0,1
89889,0,0,0,0,0,0,0,0,1
89890,0,0,0,0,0,0,0,0,1
89891,0,0,0,0,0,0,0,0,1
89892,0,0,0,0,0,0,0,0,1
89893,0,0,0,0,0,0,0,0,1
89894,0,0,0,0,0,0,0,0,1
89895,0,0,0,0,0,0,0,0,1
89896,0,0,0,0,0,0,0,0,1
89897,0,0,0,0,0,0,0,0,1
89898,0,0,0,0,0,0,0,0,1
89899,0,0,0,0,0,0,0,0,1
89900,0,0,0,0,0,0,0,0,1
89901,0,0,0,0,0,0,0,0,1
89902,0,0,0,0,0,0,0,0,1
89903,0,0,0,0,0,0,0,0,1
89904,0,0,0,0,0,0,0,0,1
89905,0,0,0,0,0,0,0,0,1
89906,0,0,0,0,0,0,0,0,1
89907,0,0,0,0,0,0,0,0,1
89908,0,0,0,0,0,0,0,0,1
89909,0,0,0,0,0,0,0,0,1
89910,0,0,0,0,0,0,0,0,1
89911,0,0,0,0,0,0,0,0,1
89912,0,0,0,0,0,0,0,0,1
89913,0,0,0,0,0,0,0,0,1
89914,0,0,0,0,0,0,0,0,1
89915,0,0,0,0,0,0,0,0,1
89916,0,0,0,0,0,0,0,0,1
89917,0,0,0,0,0,0,0,0,1
89918,0,0,0,0,0,0,0,0,1
89919,0,0,0,0,0,0,0,0,1
89920,0,0,0,0,0,0,0,0,1
89921,0,0,0,0,0,0,0,0,1
89922,0,0,0,0,0,0,0,0,1
89923,0,0,0,0,0,0,0,0,1
89924,0,0,0,0,0,0,0,0,1
89925,0,0,0,0,0,0,0,0,1
89926,0,0,0,0,0,0,0,0,1
89927,0,0,0,0,0,0,0,0,1
89928,0,0,0,0,0,0,0,0,1
89929,0,0,0,0,0,0,0,0,1
89930,0,0,0,0,0,0,0,0,1
89931,0,0,0,0,0,0,0,0,1
89932,0,0,0,0,0,0,0,0,1
89933,0,0,0,0,0,0,0,0,1
89934,0,0,0,0,0,0,0,0,1
89935,0,0,0,0,0,0,0,0,1
89936,0,0,0,0,0,0,0,0,1
89937,0,0,0,0,0,0,0,0,1
89938,0,0,0,0,0,0,0,0,1
89939,0,0,0,0,0,0,0,0,1
89940,0,0,0,0,0,0,0,0,1
89941,0,0,0,0,0,0,0,0,1
89942,0,0,0,0,0,0,0,0,1
89943,0,0,0,0,0,0,0,0,1
89944,0,0,0,0,0,0,0,0,1
89945,0,0,0,0,0,0,0,0,1
89946,0,0,0,0,0,0,0,0,1
89947,0,0,0,0,0,0,0,0,1
89948,0,0,0,0,0,0,0,0,1
89949,0,0,0,0,0,0,0,0,1
89950,0,0,0,0,0,0,0,0,1
89951,0,0,0,0,0,0,0,0,1
89952,0,0,0,0,0,0,0,0,1
89953,0,0,0,0,0,0,0,0,1
89954,0,0,0,0,0,0,0,0,1
89955,0,0,0,0,0,0,0,0,1
89956,0,0,0,0,0,0,0,0,1
89957,0,0,0,0,0,0,0,0,1
89958,0,0,0,0,0,0,0,0,1
89959,0,0,0,0,0,0,0,0,1
89960,0,0,0,0,0,0,0,0,1
89961,0,0,0,0,0,0,0,0,1
89962,0,0,0,0,0,0,0,0,1
89963,0,0,0,0,0,0,0,0,1
89964,0,0,0,0,0,0,0,0,1
89965,0,0,0,0,0,0,0,0,1
89966,0,0,0,0,0,0,0,0,1
89967,0,0,0,0,0,0,0,0,1
89968,0,0,0,0,0,0,0,0,1
89969,0,0,0,0,0,0,0,0,1
89970,0,0,0,0,0,0,0,0,1
89971,0,0,0,0,0,0,0,0,1
89972,0,0,0,0,0,0,0,0,1
89973,0,0,0,0,0,0,0,0,1
89974,0,0,0,0,0,0,0,0,1
89975,0,0,0,0,0,0,0,0,1
89976,0,0,0,0,0,0,0,0,1
89977,0,0,0,0,0,0,0,0,1
89978,0,0,0,0,0,0,0,0,1
89979,0,0,0,0,0,0,0,0,1
89980,0,0,0,0,0,0,0,0,1
89981,0,0,0,0,0,0,0,0,1
89982,0,0,0,0,0,0,0,0,1
89983,0,0,0,0,0,0,0,0,1
89984,0,0,0,0,0,0,0,0,1
89985,0,0,0,0,0,0,0,0,1
89986,0,0,0,0,0,0,0,0,1
89987,0,0,0,0,0,0,0,0,1
89988,0,0,0,0,0,0,0,0,1
89989,0,0,0,0,0,0,0,0,1
89990,0,0,0,0,0,0,0,0,1
89991,0,0,0,0,0,0,0,0,1
89992,0,0,0,0,0,0,0,0,1
89993,0,0,0,0,0,0,0,0,1
89994,0,0,0,0,0,0,0,0,1
89995,0,0,0,0,0,0,0,0,1
89996,0,0,0,0,0,0,0,0,1
89997,0,0,0,0,0,0,0,0,1
89998,0,0,0,0,0,0,0,0,1
89999,0,0,0,0,0,0,0,0,1
90000,0,0,0,0,0,0,0,0,1
90001,0,0,0,0,0,0,0,0,1
90002,0,0,0,0,0,0,0,0,1
90003,0,0,0,0,0,0,0,0,1
90004,0,0,0,0,0,0,0,0,1
90005,0,0,0,0,0,0,0,0,1
90006,0,0,0,0,0,0,0,0,1
90007,0,0,0,0,0,0,0,0,1
90008,0,0,0,0,0,0,0,0,1
90009,0,0,0,0,0,0,0,0,1
90010,0,0,0,0,0,0,0,0,1
90011,0,0,0,0,0,0,0,0,1
90012,0,0,0,0,0,0,0,0,1
90013,0,0,0,0,0,0,0,0,1
90014,0,0,0,0,0,0,0,0,1
90015,0,0,0,0,0,0,0,0,1
90016,0,0,0,0,0,0,0,0,1
90017,0,0,0,0,0,0,0,0,1
90018,0,0,0,0,0,0,0,0,1
90019,0,0,0,0,0,0,0,0,1
90020,0,0,0,0,0,0,0,0,1
90021,0,0,0,0,0,0,0,0,1
90022,0,0,0,0,0,0,0,0,1
90023,0,0,0,0,0,0,0,0,1
90024,0,0,0,0,0,0,0,0,1
90025,0,0,0,0,0,0,0,0,1
90026,0,0,0,0,0,0,0,0,1
90027,0,0,0,0,0,0,0,0,1
90028,0,0,0,0,0,0,0,0,1
90029,0,0,0,0,0,0,0,0,1
90030,0,0,0,0,0,0,0,0,1
90031,0,0,0,0,0,0,0,0,1
90032,0,0,0,0,0,0,0,0,1
90033,0,0,0,0,0,0,0,0,1
90034,0,0,0,0,0,0,0,0,1
90035,0,0,0,0,0,0,0,0,1
90036,0,0,0,0,0,0,0,0,1
90037,0,0,0,0,0,0,0,0,1
90038,0,0,0,0,0,0,0,0,1
90039,0,0,0,0,0,0,0,0,1
90040,0,0,0,0,0,0,0,0,1
90041,0,0,0,0,0,0,0,0,1
90042,0,0,0,0,0,0,0,0,1
90043,0,0,0,0,0,0,0,0,1
90044,0,0,0,0,0,0,0,0,1
90045,0,0,0,0,0,0,0,0,1
90046,0,0,0,0,0,0,0,0,1
90047,0,0,0,0,0,0,0,0,1
90048,0,0,0,0,0,0,0,0,1
90049,0,0,0,0,0,0,0,0,1
90050,0,0,0,0,0,0,0,0,1
90051,0,0,0,0,0,0,0,0,1
90052,0,0,0,0,0,0,0,0,1
90053,0,0,0,0,0,0,0,0,1
90054,0,0,0,0,0,0,0,0,1
90055,0,0,0,0,0,0,0,0,1
90056,0,0,0,0,0,0,0,0,1
90057,0,0,0,0,0,0,0,0,1
90058,0,0,0,0,0,0,0,0,1
90059,0,0,0,0,0,0,0,0,1
90060,0,0,0,0,0,0,0,0,1
90061,0,0,0,0,0,0,0,0,1
90062,0,0,0,0,0,0,0,0,1
90063,0,0,0,0,0,0,0,0,1
90064,0,0,0,0,0,0,0,0,1
90065,0,0,0,0,0,0,0,0,1
90066,0,0,0,0,0,0,0,0,1
90067,0,0,0,0,0,0,0,0,1
90068,0,0,0,0,0,0,0,0,1
90069,0,0,0,0,0,0,0,0,1
90070,0,0,0,0,0,0,0,0,1
90071,0,0,0,0,0,0,0,0,1
90072,0,0,0,0,0,0,0,0,1
90073,0,0,0,0,0,0,0,0,1
90074,0,0,0,0,0,0,0,0,1
90075,0,0,0,0,0,0,0,0,1
90076,0,0,0,0,0,0,0,0,1
90077,0,0,0,0,0,0,0,0,1
90078,0,0,0,0,0,0,0,0,1
90079,0,0,0,0,0,0,0,0,1
90080,0,0,0,0,0,0,0,0,1
90081,0,0,0,0,0,0,0,0,1
90082,0,0,0,0,0,0,0,0,1
90083,0,0,0,0,0,0,0,0,1
90084,0,0,0,0,0,0,0,0,1
90085,0,0,0,0,0,0,0,0,1
90086,0,0,0,0,0,0,0,0,1
90087,0,0,0,0,0,0,0,0,1
90088,0,0,0,0,0,0,0,0,1
90089,0,0,0,0,0,0,0,0,1
90090,0,0,0,0,0,0,0,0,1
90091,0,0,0,0,0,0,0,0,1
90092,0,0,0,0,0,0,0,0,1
90093,0,0,0,0,0,0,0,0,1
90094,0,0,0,0,0,0,0,0,1
90095,0,0,0,0,0,0,0,0,1
90096,0,0,0,0,0,0,0,0,1
90097,0,0,0,0,0,0,0,0,1
90098,0,0,0,0,0,0,0,0,1
90099,0,0,0,0,0,0,0,0,1
90100,0,0,0,0,0,0,0,0,1
90101,0,0,0,0,0,0,0,0,1
90102,0,0,0,0,0,0,0,0,1
90103,0,0,0,0,0,0,0,0,1
90104,0,0,0,0,0,0,0,0,1
90105,0,0,0,0,0,0,0,0,1
90106,0,0,0,0,0,0,0,0,1
90107,0,0,0,0,0,0,0,0,1
90108,0,0,0,0,0,0,0,0,1
90109,0,0,0,0,0,0,0,0,1
90110,0,0,0,0,0,0,0,0,1
90111,0,0,0,0,0,0,0,0,1
90112,0,0,0,0,0,0,0,0,1
90113,0,0,0,0,0,0,0,0,1
90114,0,0,0,0,0,0,0,0,1
90115,0,0,0,0,0,0,0,0,1
90116,0,0,0,0,0,0,0,0,1
90117,0,0,0,0,0,0,0,0,1
90118,0,0,0,0,0,0,0,0,1
90119,0,0,0,0,0,0,0,0,1
90120,0,0,0,0,0,0,0,0,1
90121,0,0,0,0,0,0,0,0,1
90122,0,0,0,0,0,0,0,0,1
90123,0,0,0,0,0,0,0,0,1
90124,0,0,0,0,0,0,0,0,1
90125,0,0,0,0,0,0,0,0,1
90126,0,0,0,0,0,0,0,0,1
90127,0,0,0,0,0,0,0,0,1
90128,0,0,0,0,0,0,0,0,1
90129,0,0,0,0,0,0,0,0,1
90130,0,0,0,0,0,0,0,0,1
90131,0,0,0,0,0,0,0,0,1
90132,0,0,0,0,0,0,0,0,1
90133,0,0,0,0,0,0,0,0,1
90134,0,0,0,0,0,0,0,0,1
90135,0,0,0,0,0,0,0,0,1
90136,0,0,0,0,0,0,0,0,1
90137,0,0,0,0,0,0,0,0,1
90138,0,0,0,0,0,0,0,0,1
90139,0,0,0,0,0,0,0,0,1
90140,0,0,0,0,0,0,0,0,1
90141,0,0,0,0,0,0,0,0,1
90142,0,0,0,0,0,0,0,0,1
90143,0,0,0,0,0,0,0,0,1
90144,0,0,0,0,0,0,0,0,1
90145,0,0,0,0,0,0,0,0,1
90146,0,0,0,0,0,0,0,0,1
90147,0,0,0,0,0,0,0,0,1
90148,0,0,0,0,0,0,0,0,1
90149,0,0,0,0,0,0,0,0,1
90150,0,0,0,0,0,0,0,0,1
90151,0,0,0,0,0,0,0,0,1
90152,0,0,0,0,0,0,0,0,1
90153,0,0,0,0,0,0,0,0,1
90154,0,0,0,0,0,0,0,0,1
90155,0,0,0,0,0,0,0,0,1
90156,0,0,0,0,0,0,0,0,1
90157,0,0,0,0,0,0,0,0,1
90158,0,0,0,0,0,0,0,0,1
90159,0,0,0,0,0,0,0,0,1
90160,0,0,0,0,0,0,0,0,1
90161,0,0,0,0,0,0,0,0,1
90162,0,0,0,0,0,0,0,0,1
90163,0,0,0,0,0,0,0,0,1
90164,0,0,0,0,0,0,0,0,1
90165,0,0,0,0,0,0,0,0,1
90166,0,0,0,0,0,0,0,0,1
90167,0,0,0,0,0,0,0,0,1
90168,0,0,0,0,0,0,0,0,1
90169,0,0,0,0,0,0,0,0,1
90170,0,0,0,0,0,0,0,0,1
90171,0,0,0,0,0,0,0,0,1
90172,0,0,0,0,0,0,0,0,1
90173,0,0,0,0,0,0,0,0,1
90174,0,0,0,0,0,0,0,0,1
90175,0,0,0,0,0,0,0,0,1
90176,0,0,0,0,0,0,0,0,1
90177,0,0,0,0,0,0,0,0,1
90178,0,0,0,0,0,0,0,0,1
90179,0,0,0,0,0,0,0,0,1
90180,0,0,0,0,0,0,0,0,1
90181,0,0,0,0,0,0,0,0,1
90182,0,0,0,0,0,0,0,0,1
90183,0,0,0,0,0,0,0,0,1
90184,0,0,0,0,0,0,0,0,1
90185,0,0,0,0,0,0,0,0,1
90186,0,0,0,0,0,0,0,0,1
90187,0,0,0,0,0,0,0,0,1
90188,0,0,0,0,0,0,0,0,1
90189,0,0,0,0,0,0,0,0,1
90190,0,0,0,0,0,0,0,0,1
90191,0,0,0,0,0,0,0,0,1
90192,0,0,0,0,0,0,0,0,1
90193,0,0,0,0,0,0,0,0,1
90194,0,0,0,0,0,0,0,0,1
90195,0,0,0,0,0,0,0,0,1
90196,0,0,0,0,0,0,0,0,1
90197,0,0,0,0,0,0,0,0,1
90198,0,0,0,0,0,0,0,0,1
90199,0,0,0,0,0,0,0,0,1
90200,0,0,0,0,0,0,0,0,1
90201,0,0,0,0,0,0,0,0,1
90202,0,0,0,0,0,0,0,0,1
90203,0,0,0,0,0,0,0,0,1
90204,0,0,0,0,0,0,0,0,1
90205,0,0,0,0,0,0,0,0,1
90206,0,0,0,0,0,0,0,0,1
90207,0,0,0,0,0,0,0,0,1
90208,0,0,0,0,0,0,0,0,1
90209,0,0,0,0,0,0,0,0,1
90210,0,0,0,0,0,0,0,0,1
90211,0,0,0,0,0,0,0,0,1
90212,0,0,0,0,0,0,0,0,1
90213,0,0,0,0,0,0,0,0,1
90214,0,0,0,0,0,0,0,0,1
90215,0,0,0,0,0,0,0,0,1
90216,0,0,0,0,0,0,0,0,1
90217,0,0,0,0,0,0,0,0,1
90218,0,0,0,0,0,0,0,0,1
90219,0,0,0,0,0,0,0,0,1
90220,0,0,0,0,0,0,0,0,1
90221,0,0,0,0,0,0,0,0,1
90222,0,0,0,0,0,0,0,0,1
90223,0,0,0,0,0,0,0,0,1
90224,0,0,0,0,0,0,0,0,1
90225,0,0,0,0,0,0,0,0,1
90226,0,0,0,0,0,0,0,0,1
90227,0,0,0,0,0,0,0,0,1
90228,0,0,0,0,0,0,0,0,1
90229,0,0,0,0,0,0,0,0,1
90230,0,0,0,0,0,0,0,0,1
90231,0,0,0,0,0,0,0,0,1
90232,0,0,0,0,0,0,0,0,1
90233,0,0,0,0,0,0,0,0,1
90234,0,0,0,0,0,0,0,0,1
90235,0,0,0,0,0,0,0,0,1
90236,0,0,0,0,0,0,0,0,1
90237,0,0,0,0,0,0,0,0,1
90238,0,0,0,0,0,0,0,0,1
90239,0,0,0,0,0,0,0,0,1
90240,0,0,0,0,0,0,0,0,1
90241,0,0,0,0,0,0,0,0,1
90242,0,0,0,0,0,0,0,0,1
90243,0,0,0,0,0,0,0,0,1
90244,0,0,0,0,0,0,0,0,1
90245,0,0,0,0,0,0,0,0,1
90246,0,0,0,0,0,0,0,0,1
90247,0,0,0,0,0,0,0,0,1
90248,0,0,0,0,0,0,0,0,1
90249,0,0,0,0,0,0,0,0,1
90250,0,0,0,0,0,0,0,0,1
90251,0,0,0,0,0,0,0,0,1
90252,0,0,0,0,0,0,0,0,1
90253,0,0,0,0,0,0,0,0,1
90254,0,0,0,0,0,0,0,0,1
90255,0,0,0,0,0,0,0,0,1
90256,0,0,0,0,0,0,0,0,1
90257,0,0,0,0,0,0,0,0,1
90258,0,0,0,0,0,0,0,0,1
90259,0,0,0,0,0,0,0,0,1
90260,0,0,0,0,0,0,0,0,1
90261,0,0,0,0,0,0,0,0,1
90262,0,0,0,0,0,0,0,0,1
90263,0,0,0,0,0,0,0,0,1
90264,0,0,0,0,0,0,0,0,1
90265,0,0,0,0,0,0,0,0,1
90266,0,0,0,0,0,0,0,0,1
90267,0,0,0,0,0,0,0,0,1
90268,0,0,0,0,0,0,0,0,1
90269,0,0,0,0,0,0,0,0,1
90270,0,0,0,0,0,0,0,0,1
90271,0,0,0,0,0,0,0,0,1
90272,0,0,0,0,0,0,0,0,1
90273,0,0,0,0,0,0,0,0,1
90274,0,0,0,0,0,0,0,0,1
90275,0,0,0,0,0,0,0,0,1
90276,0,0,0,0,0,0,0,0,1
90277,0,0,0,0,0,0,0,0,1
90278,0,0,0,0,0,0,0,0,1
90279,0,0,0,0,0,0,0,0,1
90280,0,0,0,0,0,0,0,0,1
90281,0,0,0,0,0,0,0,0,1
90282,0,0,0,0,0,0,0,0,1
90283,0,0,0,0,0,0,0,0,1
90284,0,0,0,0,0,0,0,0,1
90285,0,0,0,0,0,0,0,0,1
90286,0,0,0,0,0,0,0,0,1
90287,0,0,0,0,0,0,0,0,1
90288,0,0,0,0,0,0,0,0,1
90289,0,0,0,0,0,0,0,0,1
90290,0,0,0,0,0,0,0,0,1
90291,0,0,0,0,0,0,0,0,1
90292,0,0,0,0,0,0,0,0,1
90293,0,0,0,0,0,0,0,0,1
90294,0,0,0,0,0,0,0,0,1
90295,0,0,0,0,0,0,0,0,1
90296,0,0,0,0,0,0,0,0,1
90297,0,0,0,0,0,0,0,0,1
90298,0,0,0,0,0,0,0,0,1
90299,0,0,0,0,0,0,0,0,1
90300,0,0,0,0,0,0,0,0,1
90301,0,0,0,0,0,0,0,0,1
90302,0,0,0,0,0,0,0,0,1
90303,0,0,0,0,0,0,0,0,1
90304,0,0,0,0,0,0,0,0,1
90305,0,0,0,0,0,0,0,0,1
90306,0,0,0,0,0,0,0,0,1
90307,0,0,0,0,0,0,0,0,1
90308,0,0,0,0,0,0,0,0,1
90309,0,0,0,0,0,0,0,0,1
90310,0,0,0,0,0,0,0,0,1
90311,0,0,0,0,0,0,0,0,1
90312,0,0,0,0,0,0,0,0,1
90313,0,0,0,0,0,0,0,0,1
90314,0,0,0,0,0,0,0,0,1
90315,0,0,0,0,0,0,0,0,1
90316,0,0,0,0,0,0,0,0,1
90317,0,0,0,0,0,0,0,0,1
90318,0,0,0,0,0,0,0,0,1
90319,0,0,0,0,0,0,0,0,1
90320,0,0,0,0,0,0,0,0,1
90321,0,0,0,0,0,0,0,0,1
90322,0,0,0,0,0,0,0,0,1
90323,0,0,0,0,0,0,0,0,1
90324,0,0,0,0,0,0,0,0,1
90325,0,0,0,0,0,0,0,0,1
90326,0,0,0,0,0,0,0,0,1
90327,0,0,0,0,0,0,0,0,1
90328,0,0,0,0,0,0,0,0,1
90329,0,0,0,0,0,0,0,0,1
90330,0,0,0,0,0,0,0,0,1
90331,0,0,0,0,0,0,0,0,1
90332,0,0,0,0,0,0,0,0,1
90333,0,0,0,0,0,0,0,0,1
90334,0,0,0,0,0,0,0,0,1
90335,0,0,0,0,0,0,0,0,1
90336,0,0,0,0,0,0,0,0,1
90337,0,0,0,0,0,0,0,0,1
90338,0,0,0,0,0,0,0,0,1
90339,0,0,0,0,0,0,0,0,1
90340,0,0,0,0,0,0,0,0,1
90341,0,0,0,0,0,0,0,0,1
90342,0,0,0,0,0,0,0,0,1
90343,0,0,0,0,0,0,0,0,1
90344,0,0,0,0,0,0,0,0,1
90345,0,0,0,0,0,0,0,0,1
90346,0,0,0,0,0,0,0,0,1
90347,0,0,0,0,0,0,0,0,1
90348,0,0,0,0,0,0,0,0,1
90349,0,0,0,0,0,0,0,0,1
90350,0,0,0,0,0,0,0,0,1
90351,0,0,0,0,0,0,0,0,1
90352,0,0,0,0,0,0,0,0,1
90353,0,0,0,0,0,0,0,0,1
90354,0,0,0,0,0,0,0,0,1
90355,0,0,0,0,0,0,0,0,1
90356,0,0,0,0,0,0,0,0,1
90357,0,0,0,0,0,0,0,0,1
90358,0,0,0,0,0,0,0,0,1
90359,0,0,0,0,0,0,0,0,1
90360,0,0,0,0,0,0,0,0,1
90361,0,0,0,0,0,0,0,0,1
90362,0,0,0,0,0,0,0,0,1
90363,0,0,0,0,0,0,0,0,1
90364,0,0,0,0,0,0,0,0,1
90365,0,0,0,0,0,0,0,0,1
90366,0,0,0,0,0,0,0,0,1
90367,0,0,0,0,0,0,0,0,1
90368,0,0,0,0,0,0,0,0,1
90369,0,0,0,0,0,0,0,0,1
90370,0,0,0,0,0,0,0,0,1
90371,0,0,0,0,0,0,0,0,1
90372,0,0,0,0,0,0,0,0,1
90373,0,0,0,0,0,0,0,0,1
90374,0,0,0,0,0,0,0,0,1
90375,0,0,0,0,0,0,0,0,1
90376,0,0,0,0,0,0,0,0,1
90377,0,0,0,0,0,0,0,0,1
90378,0,0,0,0,0,0,0,0,1
90379,0,0,0,0,0,0,0,0,1
90380,0,0,0,0,0,0,0,0,1
90381,0,0,0,0,0,0,0,0,1
90382,0,0,0,0,0,0,0,0,1
90383,0,0,0,0,0,0,0,0,1
90384,0,0,0,0,0,0,0,0,1
90385,0,0,0,0,0,0,0,0,1
90386,0,0,0,0,0,0,0,0,1
90387,0,0,0,0,0,0,0,0,1
90388,0,0,0,0,0,0,0,0,1
90389,0,0,0,0,0,0,0,0,1
90390,0,0,0,0,0,0,0,0,1
90391,0,0,0,0,0,0,0,0,1
90392,0,0,0,0,0,0,0,0,1
90393,0,0,0,0,0,0,0,0,1
90394,0,0,0,0,0,0,0,0,1
90395,0,0,0,0,0,0,0,0,1
90396,0,0,0,0,0,0,0,0,1
90397,0,0,0,0,0,0,0,0,1
90398,0,0,0,0,0,0,0,0,1
90399,0,0,0,0,0,0,0,0,1
90400,0,0,0,0,0,0,0,0,1
90401,0,0,0,0,0,0,0,0,1
90402,0,0,0,0,0,0,0,0,1
90403,0,0,0,0,0,0,0,0,1
90404,0,0,0,0,0,0,0,0,1
90405,0,0,0,0,0,0,0,0,1
90406,0,0,0,0,0,0,0,0,1
90407,0,0,0,0,0,0,0,0,1
90408,0,0,0,0,0,0,0,0,1
90409,0,0,0,0,0,0,0,0,1
90410,0,0,0,0,0,0,0,0,1
90411,0,0,0,0,0,0,0,0,1
90412,0,0,0,0,0,0,0,0,1
90413,0,0,0,0,0,0,0,0,1
90414,0,0,0,0,0,0,0,0,1
90415,0,0,0,0,0,0,0,0,1
90416,0,0,0,0,0,0,0,0,1
90417,0,0,0,0,0,0,0,0,1
90418,0,0,0,0,0,0,0,0,1
90419,0,0,0,0,0,0,0,0,1
90420,0,0,0,0,0,0,0,0,1
90421,0,0,0,0,0,0,0,0,1
90422,0,0,0,0,0,0,0,0,1
90423,0,0,0,0,0,0,0,0,1
90424,0,0,0,0,0,0,0,0,1
90425,0,0,0,0,0,0,0,0,1
90426,0,0,0,0,0,0,0,0,1
90427,0,0,0,0,0,0,0,0,1
90428,0,0,0,0,0,0,0,0,1
90429,0,0,0,0,0,0,0,0,1
90430,0,0,0,0,0,0,0,0,1
90431,0,0,0,0,0,0,0,0,1
90432,0,0,0,0,0,0,0,0,1
90433,0,0,0,0,0,0,0,0,1
90434,0,0,0,0,0,0,0,0,1
90435,0,0,0,0,0,0,0,0,1
90436,0,0,0,0,0,0,0,0,1
90437,0,0,0,0,0,0,0,0,1
90438,0,0,0,0,0,0,0,0,1
90439,0,0,0,0,0,0,0,0,1
90440,0,0,0,0,0,0,0,0,1
90441,0,0,0,0,0,0,0,0,1
90442,0,0,0,0,0,0,0,0,1
90443,0,0,0,0,0,0,0,0,1
90444,0,0,0,0,0,0,0,0,1
90445,0,0,0,0,0,0,0,0,1
90446,0,0,0,0,0,0,0,0,1
90447,0,0,0,0,0,0,0,0,1
90448,0,0,0,0,0,0,0,0,1
90449,0,0,0,0,0,0,0,0,1
90450,0,0,0,0,0,0,0,0,1
90451,0,0,0,0,0,0,0,0,1
90452,0,0,0,0,0,0,0,0,1
90453,0,0,0,0,0,0,0,0,1
90454,0,0,0,0,0,0,0,0,1
90455,0,0,0,0,0,0,0,0,1
90456,0,0,0,0,0,0,0,0,1
90457,0,0,0,0,0,0,0,0,1
90458,0,0,0,0,0,0,0,0,1
90459,0,0,0,0,0,0,0,0,1
90460,0,0,0,0,0,0,0,0,1
90461,0,0,0,0,0,0,0,0,1
90462,0,0,0,0,0,0,0,0,1
90463,0,0,0,0,0,0,0,0,1
90464,0,0,0,0,0,0,0,0,1
90465,0,0,0,0,0,0,0,0,1
90466,0,0,0,0,0,0,0,0,1
90467,0,0,0,0,0,0,0,0,1
90468,0,0,0,0,0,0,0,0,1
90469,0,0,0,0,0,0,0,0,1
90470,0,0,0,0,0,0,0,0,1
90471,0,0,0,0,0,0,0,0,1
90472,0,0,0,0,0,0,0,0,1
90473,0,0,0,0,0,0,0,0,1
90474,0,0,0,0,0,0,0,0,1
90475,0,0,0,0,0,0,0,0,1
90476,0,0,0,0,0,0,0,0,1
90477,0,0,0,0,0,0,0,0,1
90478,0,0,0,0,0,0,0,0,1
90479,0,0,0,0,0,0,0,0,1
90480,0,0,0,0,0,0,0,0,1
90481,0,0,0,0,0,0,0,0,1
90482,0,0,0,0,0,0,0,0,1
90483,0,0,0,0,0,0,0,0,1
90484,0,0,0,0,0,0,0,0,1
90485,0,0,0,0,0,0,0,0,1
90486,0,0,0,0,0,0,0,0,1
90487,0,0,0,0,0,0,0,0,1
90488,0,0,0,0,0,0,0,0,1
90489,0,0,0,0,0,0,0,0,1
90490,0,0,0,0,0,0,0,0,1
90491,0,0,0,0,0,0,0,0,1
90492,0,0,0,0,0,0,0,0,1
90493,0,0,0,0,0,0,0,0,1
90494,0,0,0,0,0,0,0,0,1
90495,0,0,0,0,0,0,0,0,1
90496,0,0,0,0,0,0,0,0,1
90497,0,0,0,0,0,0,0,0,1
90498,0,0,0,0,0,0,0,0,1
90499,0,0,0,0,0,0,0,0,1
90500,0,0,0,0,0,0,0,0,1
90501,0,0,0,0,0,0,0,0,1
90502,0,0,0,0,0,0,0,0,1
90503,0,0,0,0,0,0,0,0,1
90504,0,0,0,0,0,0,0,0,1
90505,0,0,0,0,0,0,0,0,1
90506,0,0,0,0,0,0,0,0,1
90507,0,0,0,0,0,0,0,0,1
90508,0,0,0,0,0,0,0,0,1
90509,0,0,0,0,0,0,0,0,1
90510,0,0,0,0,0,0,0,0,1
90511,0,0,0,0,0,0,0,0,1
90512,0,0,0,0,0,0,0,0,1
90513,0,0,0,0,0,0,0,0,1
90514,0,0,0,0,0,0,0,0,1
90515,0,0,0,0,0,0,0,0,1
90516,0,0,0,0,0,0,0,0,1
90517,0,0,0,0,0,0,0,0,1
90518,0,0,0,0,0,0,0,0,1
90519,0,0,0,0,0,0,0,0,1
90520,0,0,0,0,0,0,0,0,1
90521,0,0,0,0,0,0,0,0,1
90522,0,0,0,0,0,0,0,0,1
90523,0,0,0,0,0,0,0,0,1
90524,0,0,0,0,0,0,0,0,1
90525,0,0,0,0,0,0,0,0,1
90526,0,0,0,0,0,0,0,0,1
90527,0,0,0,0,0,0,0,0,1
90528,0,0,0,0,0,0,0,0,1
90529,0,0,0,0,0,0,0,0,1
90530,0,0,0,0,0,0,0,0,1
90531,0,0,0,0,0,0,0,0,1
90532,0,0,0,0,0,0,0,0,1
90533,0,0,0,0,0,0,0,0,1
90534,0,0,0,0,0,0,0,0,1
90535,0,0,0,0,0,0,0,0,1
90536,0,0,0,0,0,0,0,0,1
90537,0,0,0,0,0,0,0,0,1
90538,0,0,0,0,0,0,0,0,1
90539,0,0,0,0,0,0,0,0,1
90540,0,0,0,0,0,0,0,0,1
90541,0,0,0,0,0,0,0,0,1
90542,0,0,0,0,0,0,0,0,1
90543,0,0,0,0,0,0,0,0,1
90544,0,0,0,0,0,0,0,0,1
90545,0,0,0,0,0,0,0,0,1
90546,0,0,0,0,0,0,0,0,1
90547,0,0,0,0,0,0,0,0,1
90548,0,0,0,0,0,0,0,0,1
90549,0,0,0,0,0,0,0,0,1
90550,0,0,0,0,0,0,0,0,1
90551,0,0,0,0,0,0,0,0,1
90552,0,0,0,0,0,0,0,0,1
90553,0,0,0,0,0,0,0,0,1
90554,0,0,0,0,0,0,0,0,1
90555,0,0,0,0,0,0,0,0,1
90556,0,0,0,0,0,0,0,0,1
90557,0,0,0,0,0,0,0,0,1
90558,0,0,0,0,0,0,0,0,1
90559,0,0,0,0,0,0,0,0,1
90560,0,0,0,0,0,0,0,0,1
90561,0,0,0,0,0,0,0,0,1
90562,0,0,0,0,0,0,0,0,1
90563,0,0,0,0,0,0,0,0,1
90564,0,0,0,0,0,0,0,0,1
90565,0,0,0,0,0,0,0,0,1
90566,0,0,0,0,0,0,0,0,1
90567,0,0,0,0,0,0,0,0,1
90568,0,0,0,0,0,0,0,0,1
90569,0,0,0,0,0,0,0,0,1
90570,0,0,0,0,0,0,0,0,1
90571,0,0,0,0,0,0,0,0,1
90572,0,0,0,0,0,0,0,0,1
90573,0,0,0,0,0,0,0,0,1
90574,0,0,0,0,0,0,0,0,1
90575,0,0,0,0,0,0,0,0,1
90576,0,0,0,0,0,0,0,0,1
90577,0,0,0,0,0,0,0,0,1
90578,0,0,0,0,0,0,0,0,1
90579,0,0,0,0,0,0,0,0,1
90580,0,0,0,0,0,0,0,0,1
90581,0,0,0,0,0,0,0,0,1
90582,0,0,0,0,0,0,0,0,1
90583,0,0,0,0,0,0,0,0,1
90584,0,0,0,0,0,0,0,0,1
90585,0,0,0,0,0,0,0,0,1
90586,0,0,0,0,0,0,0,0,1
90587,0,0,0,0,0,0,0,0,1
90588,0,0,0,0,0,0,0,0,1
90589,0,0,0,0,0,0,0,0,1
90590,0,0,0,0,0,0,0,0,1
90591,0,0,0,0,0,0,0,0,1
90592,0,0,0,0,0,0,0,0,1
90593,0,0,0,0,0,0,0,0,1
90594,0,0,0,0,0,0,0,0,1
90595,0,0,0,0,0,0,0,0,1
90596,0,0,0,0,0,0,0,0,1
90597,0,0,0,0,0,0,0,0,1
90598,0,0,0,0,0,0,0,0,1
90599,0,0,0,0,0,0,0,0,1
90600,0,0,0,0,0,0,0,0,1
90601,0,0,0,0,0,0,0,0,1
90602,0,0,0,0,0,0,0,0,1
90603,0,0,0,0,0,0,0,0,1
90604,0,0,0,0,0,0,0,0,1
90605,0,0,0,0,0,0,0,0,1
90606,0,0,0,0,0,0,0,0,1
90607,0,0,0,0,0,0,0,0,1
90608,0,0,0,0,0,0,0,0,1
90609,0,0,0,0,0,0,0,0,1
90610,0,0,0,0,0,0,0,0,1
90611,0,0,0,0,0,0,0,0,1
90612,0,0,0,0,0,0,0,0,1
90613,0,0,0,0,0,0,0,0,1
90614,0,0,0,0,0,0,0,0,1
90615,0,0,0,0,0,0,0,0,1
90616,0,0,0,0,0,0,0,0,1
90617,0,0,0,0,0,0,0,0,1
90618,0,0,0,0,0,0,0,0,1
90619,0,0,0,0,0,0,0,0,1
90620,0,0,0,0,0,0,0,0,1
90621,0,0,0,0,0,0,0,0,1
90622,0,0,0,0,0,0,0,0,1
90623,0,0,0,0,0,0,0,0,1
90624,0,0,0,0,0,0,0,0,1
90625,0,0,0,0,0,0,0,0,1
90626,0,0,0,0,0,0,0,0,1
90627,0,0,0,0,0,0,0,0,1
90628,0,0,0,0,0,0,0,0,1
90629,0,0,0,0,0,0,0,0,1
90630,0,0,0,0,0,0,0,0,1
90631,0,0,0,0,0,0,0,0,1
90632,0,0,0,0,0,0,0,0,1
90633,0,0,0,0,0,0,0,0,1
90634,0,0,0,0,0,0,0,0,1
90635,0,0,0,0,0,0,0,0,1
90636,0,0,0,0,0,0,0,0,1
90637,0,0,0,0,0,0,0,0,1
90638,0,0,0,0,0,0,0,0,1
90639,0,0,0,0,0,0,0,0,1
90640,0,0,0,0,0,0,0,0,1
90641,0,0,0,0,0,0,0,0,1
90642,0,0,0,0,0,0,0,0,1
90643,0,0,0,0,0,0,0,0,1
90644,0,0,0,0,0,0,0,0,1
90645,0,0,0,0,0,0,0,0,1
90646,0,0,0,0,0,0,0,0,1
90647,0,0,0,0,0,0,0,0,1
90648,0,0,0,0,0,0,0,0,1
90649,0,0,0,0,0,0,0,0,1
90650,0,0,0,0,0,0,0,0,1
90651,0,0,0,0,0,0,0,0,1
90652,0,0,0,0,0,0,0,0,1
90653,0,0,0,0,0,0,0,0,1
90654,0,0,0,0,0,0,0,0,1
90655,0,0,0,0,0,0,0,0,1
90656,0,0,0,0,0,0,0,0,1
90657,0,0,0,0,0,0,0,0,1
90658,0,0,0,0,0,0,0,0,1
90659,0,0,0,0,0,0,0,0,1
90660,0,0,0,0,0,0,0,0,1
90661,0,0,0,0,0,0,0,0,1
90662,0,0,0,0,0,0,0,0,1
90663,0,0,0,0,0,0,0,0,1
90664,0,0,0,0,0,0,0,0,1
90665,0,0,0,0,0,0,0,0,1
90666,0,0,0,0,0,0,0,0,1
90667,0,0,0,0,0,0,0,0,1
90668,0,0,0,0,0,0,0,0,1
90669,0,0,0,0,0,0,0,0,1
90670,0,0,0,0,0,0,0,0,1
90671,0,0,0,0,0,0,0,0,1
90672,0,0,0,0,0,0,0,0,1
90673,0,0,0,0,0,0,0,0,1
90674,0,0,0,0,0,0,0,0,1
90675,0,0,0,0,0,0,0,0,1
90676,0,0,0,0,0,0,0,0,1
90677,0,0,0,0,0,0,0,0,1
90678,0,0,0,0,0,0,0,0,1
90679,0,0,0,0,0,0,0,0,1
90680,0,0,0,0,0,0,0,0,1
90681,0,0,0,0,0,0,0,0,1
90682,0,0,0,0,0,0,0,0,1
90683,0,0,0,0,0,0,0,0,1
90684,0,0,0,0,0,0,0,0,1
90685,0,0,0,0,0,0,0,0,1
90686,0,0,0,0,0,0,0,0,1
90687,0,0,0,0,0,0,0,0,1
90688,0,0,0,0,0,0,0,0,1
90689,0,0,0,0,0,0,0,0,1
90690,0,0,0,0,0,0,0,0,1
90691,0,0,0,0,0,0,0,0,1
90692,0,0,0,0,0,0,0,0,1
90693,0,0,0,0,0,0,0,0,1
90694,0,0,0,0,0,0,0,0,1
90695,0,0,0,0,0,0,0,0,1
90696,0,0,0,0,0,0,0,0,1
90697,0,0,0,0,0,0,0,0,1
90698,0,0,0,0,0,0,0,0,1
90699,0,0,0,0,0,0,0,0,1
90700,0,0,0,0,0,0,0,0,1
90701,0,0,0,0,0,0,0,0,1
90702,0,0,0,0,0,0,0,0,1
90703,0,0,0,0,0,0,0,0,1
90704,0,0,0,0,0,0,0,0,1
90705,0,0,0,0,0,0,0,0,1
90706,0,0,0,0,0,0,0,0,1
90707,0,0,0,0,0,0,0,0,1
90708,0,0,0,0,0,0,0,0,1
90709,0,0,0,0,0,0,0,0,1
90710,0,0,0,0,0,0,0,0,1
90711,0,0,0,0,0,0,0,0,1
90712,0,0,0,0,0,0,0,0,1
90713,0,0,0,0,0,0,0,0,1
90714,0,0,0,0,0,0,0,0,1
90715,0,0,0,0,0,0,0,0,1
90716,0,0,0,0,0,0,0,0,1
90717,0,0,0,0,0,0,0,0,1
90718,0,0,0,0,0,0,0,0,1
90719,0,0,0,0,0,0,0,0,1
90720,0,0,0,0,0,0,0,0,1
90721,0,0,0,0,0,0,0,0,1
90722,0,0,0,0,0,0,0,0,1
90723,0,0,0,0,0,0,0,0,1
90724,0,0,0,0,0,0,0,0,1
90725,0,0,0,0,0,0,0,0,1
90726,0,0,0,0,0,0,0,0,1
90727,0,0,0,0,0,0,0,0,1
90728,0,0,0,0,0,0,0,0,1
90729,0,0,0,0,0,0,0,0,1
90730,0,0,0,0,0,0,0,0,1
90731,0,0,0,0,0,0,0,0,1
90732,0,0,0,0,0,0,0,0,1
90733,0,0,0,0,0,0,0,0,1
90734,0,0,0,0,0,0,0,0,1
90735,0,0,0,0,0,0,0,0,1
90736,0,0,0,0,0,0,0,0,1
90737,0,0,0,0,0,0,0,0,1
90738,0,0,0,0,0,0,0,0,1
90739,0,0,0,0,0,0,0,0,1
90740,0,0,0,0,0,0,0,0,1
90741,0,0,0,0,0,0,0,0,1
90742,0,0,0,0,0,0,0,0,1
90743,0,0,0,0,0,0,0,0,1
90744,0,0,0,0,0,0,0,0,1
90745,0,0,0,0,0,0,0,0,1
90746,0,0,0,0,0,0,0,0,1
90747,0,0,0,0,0,0,0,0,1
90748,0,0,0,0,0,0,0,0,1
90749,0,0,0,0,0,0,0,0,1
90750,0,0,0,0,0,0,0,0,1
90751,0,0,0,0,0,0,0,0,1
90752,0,0,0,0,0,0,0,0,1
90753,0,0,0,0,0,0,0,0,1
90754,0,0,0,0,0,0,0,0,1
90755,0,0,0,0,0,0,0,0,1
90756,0,0,0,0,0,0,0,0,1
90757,0,0,0,0,0,0,0,0,1
90758,0,0,0,0,0,0,0,0,1
90759,0,0,0,0,0,0,0,0,1
90760,0,0,0,0,0,0,0,0,1
90761,0,0,0,0,0,0,0,0,1
90762,0,0,0,0,0,0,0,0,1
90763,0,0,0,0,0,0,0,0,1
90764,0,0,0,0,0,0,0,0,1
90765,0,0,0,0,0,0,0,0,1
90766,0,0,0,0,0,0,0,0,1
90767,0,0,0,0,0,0,0,0,1
90768,0,0,0,0,0,0,0,0,1
90769,0,0,0,0,0,0,0,0,1
90770,0,0,0,0,0,0,0,0,1
90771,0,0,0,0,0,0,0,0,1
90772,0,0,0,0,0,0,0,0,1
90773,0,0,0,0,0,0,0,0,1
90774,0,0,0,0,0,0,0,0,1
90775,0,0,0,0,0,0,0,0,1
90776,0,0,0,0,0,0,0,0,1
90777,0,0,0,0,0,0,0,0,1
90778,0,0,0,0,0,0,0,0,1
90779,0,0,0,0,0,0,0,0,1
90780,0,0,0,0,0,0,0,0,1
90781,0,0,0,0,0,0,0,0,1
90782,0,0,0,0,0,0,0,0,1
90783,0,0,0,0,0,0,0,0,1
90784,0,0,0,0,0,0,0,0,1
90785,0,0,0,0,0,0,0,0,1
90786,0,0,0,0,0,0,0,0,1
90787,0,0,0,0,0,0,0,0,1
90788,0,0,0,0,0,0,0,0,1
90789,0,0,0,0,0,0,0,0,1
90790,0,0,0,0,0,0,0,0,1
90791,0,0,0,0,0,0,0,0,1
90792,0,0,0,0,0,0,0,0,1
90793,0,0,0,0,0,0,0,0,1
90794,0,0,0,0,0,0,0,0,1
90795,0,0,0,0,0,0,0,0,1
90796,0,0,0,0,0,0,0,0,1
90797,0,0,0,0,0,0,0,0,1
90798,0,0,0,0,0,0,0,0,1
90799,0,0,0,0,0,0,0,0,1
90800,0,0,0,0,0,0,0,0,1
90801,0,0,0,0,0,0,0,0,1
90802,0,0,0,0,0,0,0,0,1
90803,0,0,0,0,0,0,0,0,1
90804,0,0,0,0,0,0,0,0,1
90805,0,0,0,0,0,0,0,0,1
90806,0,0,0,0,0,0,0,0,1
90807,0,0,0,0,0,0,0,0,1
90808,0,0,0,0,0,0,0,0,1
90809,0,0,0,0,0,0,0,0,1
90810,0,0,0,0,0,0,0,0,1
90811,0,0,0,0,0,0,0,0,1
90812,0,0,0,0,0,0,0,0,1
90813,0,0,0,0,0,0,0,0,1
90814,0,0,0,0,0,0,0,0,1
90815,0,0,0,0,0,0,0,0,1
90816,0,0,0,0,0,0,0,0,1
90817,0,0,0,0,0,0,0,0,1
90818,0,0,0,0,0,0,0,0,1
90819,0,0,0,0,0,0,0,0,1
90820,0,0,0,0,0,0,0,0,1
90821,0,0,0,0,0,0,0,0,1
90822,0,0,0,0,0,0,0,0,1
90823,0,0,0,0,0,0,0,0,1
90824,0,0,0,0,0,0,0,0,1
90825,0,0,0,0,0,0,0,0,1
90826,0,0,0,0,0,0,0,0,1
90827,0,0,0,0,0,0,0,0,1
90828,0,0,0,0,0,0,0,0,1
90829,0,0,0,0,0,0,0,0,1
90830,0,0,0,0,0,0,0,0,1
90831,0,0,0,0,0,0,0,0,1
90832,0,0,0,0,0,0,0,0,1
90833,0,0,0,0,0,0,0,0,1
90834,0,0,0,0,0,0,0,0,1
90835,0,0,0,0,0,0,0,0,1
90836,0,0,0,0,0,0,0,0,1
90837,0,0,0,0,0,0,0,0,1
90838,0,0,0,0,0,0,0,0,1
90839,0,0,0,0,0,0,0,0,1
90840,0,0,0,0,0,0,0,0,1
90841,0,0,0,0,0,0,0,0,1
90842,0,0,0,0,0,0,0,0,1
90843,0,0,0,0,0,0,0,0,1
90844,0,0,0,0,0,0,0,0,1
90845,0,0,0,0,0,0,0,0,1
90846,0,0,0,0,0,0,0,0,1
90847,0,0,0,0,0,0,0,0,1
90848,0,0,0,0,0,0,0,0,1
90849,0,0,0,0,0,0,0,0,1
90850,0,0,0,0,0,0,0,0,1
90851,0,0,0,0,0,0,0,0,1
90852,0,0,0,0,0,0,0,0,1
90853,0,0,0,0,0,0,0,0,1
90854,0,0,0,0,0,0,0,0,1
90855,0,0,0,0,0,0,0,0,1
90856,0,0,0,0,0,0,0,0,1
90857,0,0,0,0,0,0,0,0,1
90858,0,0,0,0,0,0,0,0,1
90859,0,0,0,0,0,0,0,0,1
90860,0,0,0,0,0,0,0,0,1
90861,0,0,0,0,0,0,0,0,1
90862,0,0,0,0,0,0,0,0,1
90863,0,0,0,0,0,0,0,0,1
90864,0,0,0,0,0,0,0,0,1
90865,0,0,0,0,0,0,0,0,1
90866,0,0,0,0,0,0,0,0,1
90867,0,0,0,0,0,0,0,0,1
90868,0,0,0,0,0,0,0,0,1
90869,0,0,0,0,0,0,0,0,1
90870,0,0,0,0,0,0,0,0,1
90871,0,0,0,0,0,0,0,0,1
90872,0,0,0,0,0,0,0,0,1
90873,0,0,0,0,0,0,0,0,1
90874,0,0,0,0,0,0,0,0,1
90875,0,0,0,0,0,0,0,0,1
90876,0,0,0,0,0,0,0,0,1
90877,0,0,0,0,0,0,0,0,1
90878,0,0,0,0,0,0,0,0,1
90879,0,0,0,0,0,0,0,0,1
90880,0,0,0,0,0,0,0,0,1
90881,0,0,0,0,0,0,0,0,1
90882,0,0,0,0,0,0,0,0,1
90883,0,0,0,0,0,0,0,0,1
90884,0,0,0,0,0,0,0,0,1
90885,0,0,0,0,0,0,0,0,1
90886,0,0,0,0,0,0,0,0,1
90887,0,0,0,0,0,0,0,0,1
90888,0,0,0,0,0,0,0,0,1
90889,0,0,0,0,0,0,0,0,1
90890,0,0,0,0,0,0,0,0,1
90891,0,0,0,0,0,0,0,0,1
90892,0,0,0,0,0,0,0,0,1
90893,0,0,0,0,0,0,0,0,1
90894,0,0,0,0,0,0,0,0,1
90895,0,0,0,0,0,0,0,0,1
90896,0,0,0,0,0,0,0,0,1
90897,0,0,0,0,0,0,0,0,1
90898,0,0,0,0,0,0,0,0,1
90899,0,0,0,0,0,0,0,0,1
90900,0,0,0,0,0,0,0,0,1
90901,0,0,0,0,0,0,0,0,1
90902,0,0,0,0,0,0,0,0,1
90903,0,0,0,0,0,0,0,0,1
90904,0,0,0,0,0,0,0,0,1
90905,0,0,0,0,0,0,0,0,1
90906,0,0,0,0,0,0,0,0,1
90907,0,0,0,0,0,0,0,0,1
90908,0,0,0,0,0,0,0,0,1
90909,0,0,0,0,0,0,0,0,1
90910,0,0,0,0,0,0,0,0,1
90911,0,0,0,0,0,0,0,0,1
90912,0,0,0,0,0,0,0,0,1
90913,0,0,0,0,0,0,0,0,1
90914,0,0,0,0,0,0,0,0,1
90915,0,0,0,0,0,0,0,0,1
90916,0,0,0,0,0,0,0,0,1
90917,0,0,0,0,0,0,0,0,1
90918,0,0,0,0,0,0,0,0,1
90919,0,0,0,0,0,0,0,0,1
90920,0,0,0,0,0,0,0,0,1
90921,0,0,0,0,0,0,0,0,1
90922,0,0,0,0,0,0,0,0,1
90923,0,0,0,0,0,0,0,0,1
90924,0,0,0,0,0,0,0,0,1
90925,0,0,0,0,0,0,0,0,1
90926,0,0,0,0,0,0,0,0,1
90927,0,0,0,0,0,0,0,0,1
90928,0,0,0,0,0,0,0,0,1
90929,0,0,0,0,0,0,0,0,1
90930,0,0,0,0,0,0,0,0,1
90931,0,0,0,0,0,0,0,0,1
90932,0,0,0,0,0,0,0,0,1
90933,0,0,0,0,0,0,0,0,1
90934,0,0,0,0,0,0,0,0,1
90935,0,0,0,0,0,0,0,0,1
90936,0,0,0,0,0,0,0,0,1
90937,0,0,0,0,0,0,0,0,1
90938,0,0,0,0,0,0,0,0,1
90939,0,0,0,0,0,0,0,0,1
90940,0,0,0,0,0,0,0,0,1
90941,0,0,0,0,0,0,0,0,1
90942,0,0,0,0,0,0,0,0,1
90943,0,0,0,0,0,0,0,0,1
90944,0,0,0,0,0,0,0,0,1
90945,0,0,0,0,0,0,0,0,1
90946,0,0,0,0,0,0,0,0,1
90947,0,0,0,0,0,0,0,0,1
90948,0,0,0,0,0,0,0,0,1
90949,0,0,0,0,0,0,0,0,1
90950,0,0,0,0,0,0,0,0,1
90951,0,0,0,0,0,0,0,0,1
90952,0,0,0,0,0,0,0,0,1
90953,0,0,0,0,0,0,0,0,1
90954,0,0,0,0,0,0,0,0,1
90955,0,0,0,0,0,0,0,0,1
90956,0,0,0,0,0,0,0,0,1
90957,0,0,0,0,0,0,0,0,1
90958,0,0,0,0,0,0,0,0,1
90959,0,0,0,0,0,0,0,0,1
90960,0,0,0,0,0,0,0,0,1
90961,0,0,0,0,0,0,0,0,1
90962,0,0,0,0,0,0,0,0,1
90963,0,0,0,0,0,0,0,0,1
90964,0,0,0,0,0,0,0,0,1
90965,0,0,0,0,0,0,0,0,1
90966,0,0,0,0,0,0,0,0,1
90967,0,0,0,0,0,0,0,0,1
90968,0,0,0,0,0,0,0,0,1
90969,0,0,0,0,0,0,0,0,1
90970,0,0,0,0,0,0,0,0,1
90971,0,0,0,0,0,0,0,0,1
90972,0,0,0,0,0,0,0,0,1
90973,0,0,0,0,0,0,0,0,1
90974,0,0,0,0,0,0,0,0,1
90975,0,0,0,0,0,0,0,0,1
90976,0,0,0,0,0,0,0,0,1
90977,0,0,0,0,0,0,0,0,1
90978,0,0,0,0,0,0,0,0,1
90979,0,0,0,0,0,0,0,0,1
90980,0,0,0,0,0,0,0,0,1
90981,0,0,0,0,0,0,0,0,1
90982,0,0,0,0,0,0,0,0,1
90983,0,0,0,0,0,0,0,0,1
90984,0,0,0,0,0,0,0,0,1
90985,0,0,0,0,0,0,0,0,1
90986,0,0,0,0,0,0,0,0,1
90987,0,0,0,0,0,0,0,0,1
90988,0,0,0,0,0,0,0,0,1
90989,0,0,0,0,0,0,0,0,1
90990,0,0,0,0,0,0,0,0,1
90991,0,0,0,0,0,0,0,0,1
90992,0,0,0,0,0,0,0,0,1
90993,0,0,0,0,0,0,0,0,1
90994,0,0,0,0,0,0,0,0,1
90995,0,0,0,0,0,0,0,0,1
90996,0,0,0,0,0,0,0,0,1
90997,0,0,0,0,0,0,0,0,1
90998,0,0,0,0,0,0,0,0,1
90999,0,0,0,0,0,0,0,0,1
91000,0,0,0,0,0,0,0,0,1
91001,0,0,0,0,0,0,0,0,1
91002,0,0,0,0,0,0,0,0,1
91003,0,0,0,0,0,0,0,0,1
91004,0,0,0,0,0,0,0,0,1
91005,0,0,0,0,0,0,0,0,1
91006,0,0,0,0,0,0,0,0,1
91007,0,0,0,0,0,0,0,0,1
91008,0,0,0,0,0,0,0,0,1
91009,0,0,0,0,0,0,0,0,1
91010,0,0,0,0,0,0,0,0,1
91011,0,0,0,0,0,0,0,0,1
91012,0,0,0,0,0,0,0,0,1
91013,0,0,0,0,0,0,0,0,1
91014,0,0,0,0,0,0,0,0,1
91015,0,0,0,0,0,0,0,0,1
91016,0,0,0,0,0,0,0,0,1
91017,0,0,0,0,0,0,0,0,1
91018,0,0,0,0,0,0,0,0,1
91019,0,0,0,0,0,0,0,0,1
91020,0,0,0,0,0,0,0,0,1
91021,0,0,0,0,0,0,0,0,1
91022,0,0,0,0,0,0,0,0,1
91023,0,0,0,0,0,0,0,0,1
91024,0,0,0,0,0,0,0,0,1
91025,0,0,0,0,0,0,0,0,1
91026,0,0,0,0,0,0,0,0,1
91027,0,0,0,0,0,0,0,0,1
91028,0,0,0,0,0,0,0,0,1
91029,0,0,0,0,0,0,0,0,1
91030,0,0,0,0,0,0,0,0,1
91031,0,0,0,0,0,0,0,0,1
91032,0,0,0,0,0,0,0,0,1
91033,0,0,0,0,0,0,0,0,1
91034,0,0,0,0,0,0,0,0,1
91035,0,0,0,0,0,0,0,0,1
91036,0,0,0,0,0,0,0,0,1
91037,0,0,0,0,0,0,0,0,1
91038,0,0,0,0,0,0,0,0,1
91039,0,0,0,0,0,0,0,0,1
91040,0,0,0,0,0,0,0,0,1
91041,0,0,0,0,0,0,0,0,1
91042,0,0,0,0,0,0,0,0,1
91043,0,0,0,0,0,0,0,0,1
91044,0,0,0,0,0,0,0,0,1
91045,0,0,0,0,0,0,0,0,1
91046,0,0,0,0,0,0,0,0,1
91047,0,0,0,0,0,0,0,0,1
91048,0,0,0,0,0,0,0,0,1
91049,0,0,0,0,0,0,0,0,1
91050,0,0,0,0,0,0,0,0,1
91051,0,0,0,0,0,0,0,0,1
91052,0,0,0,0,0,0,0,0,1
91053,0,0,0,0,0,0,0,0,1
91054,0,0,0,0,0,0,0,0,1
91055,0,0,0,0,0,0,0,0,1
91056,0,0,0,0,0,0,0,0,1
91057,0,0,0,0,0,0,0,0,1
91058,0,0,0,0,0,0,0,0,1
91059,0,0,0,0,0,0,0,0,1
91060,0,0,0,0,0,0,0,0,1
91061,0,0,0,0,0,0,0,0,1
91062,0,0,0,0,0,0,0,0,1
91063,0,0,0,0,0,0,0,0,1
91064,0,0,0,0,0,0,0,0,1
91065,0,0,0,0,0,0,0,0,1
91066,0,0,0,0,0,0,0,0,1
91067,0,0,0,0,0,0,0,0,1
91068,0,0,0,0,0,0,0,0,1
91069,0,0,0,0,0,0,0,0,1
91070,0,0,0,0,0,0,0,0,1
91071,0,0,0,0,0,0,0,0,1
91072,0,0,0,0,0,0,0,0,1
91073,0,0,0,0,0,0,0,0,1
91074,0,0,0,0,0,0,0,0,1
91075,0,0,0,0,0,0,0,0,1
91076,0,0,0,0,0,0,0,0,1
91077,0,0,0,0,0,0,0,0,1
91078,0,0,0,0,0,0,0,0,1
91079,0,0,0,0,0,0,0,0,1
91080,0,0,0,0,0,0,0,0,1
91081,0,0,0,0,0,0,0,0,1
91082,0,0,0,0,0,0,0,0,1
91083,0,0,0,0,0,0,0,0,1
91084,0,0,0,0,0,0,0,0,1
91085,0,0,0,0,0,0,0,0,1
91086,0,0,0,0,0,0,0,0,1
91087,0,0,0,0,0,0,0,0,1
91088,0,0,0,0,0,0,0,0,1
91089,0,0,0,0,0,0,0,0,1
91090,0,0,0,0,0,0,0,0,1
91091,0,0,0,0,0,0,0,0,1
91092,0,0,0,0,0,0,0,0,1
91093,0,0,0,0,0,0,0,0,1
91094,0,0,0,0,0,0,0,0,1
91095,0,0,0,0,0,0,0,0,1
91096,0,0,0,0,0,0,0,0,1
91097,0,0,0,0,0,0,0,0,1
91098,0,0,0,0,0,0,0,0,1
91099,0,0,0,0,0,0,0,0,1
91100,0,0,0,0,0,0,0,0,1
91101,0,0,0,0,0,0,0,0,1
91102,0,0,0,0,0,0,0,0,1
91103,0,0,0,0,0,0,0,0,1
91104,0,0,0,0,0,0,0,0,1
91105,0,0,0,0,0,0,0,0,1
91106,0,0,0,0,0,0,0,0,1
91107,0,0,0,0,0,0,0,0,1
91108,0,0,0,0,0,0,0,0,1
91109,0,0,0,0,0,0,0,0,1
91110,0,0,0,0,0,0,0,0,1
91111,0,0,0,0,0,0,0,0,1
91112,0,0,0,0,0,0,0,0,1
91113,0,0,0,0,0,0,0,0,1
91114,0,0,0,0,0,0,0,0,1
91115,0,0,0,0,0,0,0,0,1
91116,0,0,0,0,0,0,0,0,1
91117,0,0,0,0,0,0,0,0,1
91118,0,0,0,0,0,0,0,0,1
91119,0,0,0,0,0,0,0,0,1
91120,0,0,0,0,0,0,0,0,1
91121,0,0,0,0,0,0,0,0,1
91122,0,0,0,0,0,0,0,0,1
91123,0,0,0,0,0,0,0,0,1
91124,0,0,0,0,0,0,0,0,1
91125,0,0,0,0,0,0,0,0,1
91126,0,0,0,0,0,0,0,0,1
91127,0,0,0,0,0,0,0,0,1
91128,0,0,0,0,0,0,0,0,1
91129,0,0,0,0,0,0,0,0,1
91130,0,0,0,0,0,0,0,0,1
91131,0,0,0,0,0,0,0,0,1
91132,0,0,0,0,0,0,0,0,1
91133,0,0,0,0,0,0,0,0,1
91134,0,0,0,0,0,0,0,0,1
91135,0,0,0,0,0,0,0,0,1
91136,0,0,0,0,0,0,0,0,1
91137,0,0,0,0,0,0,0,0,1
91138,0,0,0,0,0,0,0,0,1
91139,0,0,0,0,0,0,0,0,1
91140,0,0,0,0,0,0,0,0,1
91141,0,0,0,0,0,0,0,0,1
91142,0,0,0,0,0,0,0,0,1
91143,0,0,0,0,0,0,0,0,1
91144,0,0,0,0,0,0,0,0,1
91145,0,0,0,0,0,0,0,0,1
91146,0,0,0,0,0,0,0,0,1
91147,0,0,0,0,0,0,0,0,1
91148,0,0,0,0,0,0,0,0,1
91149,0,0,0,0,0,0,0,0,1
91150,0,0,0,0,0,0,0,0,1
91151,0,0,0,0,0,0,0,0,1
91152,0,0,0,0,0,0,0,0,1
91153,0,0,0,0,0,0,0,0,1
91154,0,0,0,0,0,0,0,0,1
91155,0,0,0,0,0,0,0,0,1
91156,0,0,0,0,0,0,0,0,1
91157,0,0,0,0,0,0,0,0,1
91158,0,0,0,0,0,0,0,0,1
91159,0,0,0,0,0,0,0,0,1
91160,0,0,0,0,0,0,0,0,1
91161,0,0,0,0,0,0,0,0,1
91162,0,0,0,0,0,0,0,0,1
91163,0,0,0,0,0,0,0,0,1
91164,0,0,0,0,0,0,0,0,1
91165,0,0,0,0,0,0,0,0,1
91166,0,0,0,0,0,0,0,0,1
91167,0,0,0,0,0,0,0,0,1
91168,0,0,0,0,0,0,0,0,1
91169,0,0,0,0,0,0,0,0,1
91170,0,0,0,0,0,0,0,0,1
91171,0,0,0,0,0,0,0,0,1
91172,0,0,0,0,0,0,0,0,1
91173,0,0,0,0,0,0,0,0,1
91174,0,0,0,0,0,0,0,0,1
91175,0,0,0,0,0,0,0,0,1
91176,0,0,0,0,0,0,0,0,1
91177,0,0,0,0,0,0,0,0,1
91178,0,0,0,0,0,0,0,0,1
91179,0,0,0,0,0,0,0,0,1
91180,0,0,0,0,0,0,0,0,1
91181,0,0,0,0,0,0,0,0,1
91182,0,0,0,0,0,0,0,0,1
91183,0,0,0,0,0,0,0,0,1
91184,0,0,0,0,0,0,0,0,1
91185,0,0,0,0,0,0,0,0,1
91186,0,0,0,0,0,0,0,0,1
91187,0,0,0,0,0,0,0,0,1
91188,0,0,0,0,0,0,0,0,1
91189,0,0,0,0,0,0,0,0,1
91190,0,0,0,0,0,0,0,0,1
91191,0,0,0,0,0,0,0,0,1
91192,0,0,0,0,0,0,0,0,1
91193,0,0,0,0,0,0,0,0,1
91194,0,0,0,0,0,0,0,0,1
91195,0,0,0,0,0,0,0,0,1
91196,0,0,0,0,0,0,0,0,1
91197,0,0,0,0,0,0,0,0,1
91198,0,0,0,0,0,0,0,0,1
91199,0,0,0,0,0,0,0,0,1
91200,0,0,0,0,0,0,0,0,1
91201,0,0,0,0,0,0,0,0,1
91202,0,0,0,0,0,0,0,0,1
91203,0,0,0,0,0,0,0,0,1
91204,0,0,0,0,0,0,0,0,1
91205,0,0,0,0,0,0,0,0,1
91206,0,0,0,0,0,0,0,0,1
91207,0,0,0,0,0,0,0,0,1
91208,0,0,0,0,0,0,0,0,1
91209,0,0,0,0,0,0,0,0,1
91210,0,0,0,0,0,0,0,0,1
91211,0,0,0,0,0,0,0,0,1
91212,0,0,0,0,0,0,0,0,1
91213,0,0,0,0,0,0,0,0,1
91214,0,0,0,0,0,0,0,0,1
91215,0,0,0,0,0,0,0,0,1
91216,0,0,0,0,0,0,0,0,1
91217,0,0,0,0,0,0,0,0,1
91218,0,0,0,0,0,0,0,0,1
91219,0,0,0,0,0,0,0,0,1
91220,0,0,0,0,0,0,0,0,1
91221,0,0,0,0,0,0,0,0,1
91222,0,0,0,0,0,0,0,0,1
91223,0,0,0,0,0,0,0,0,1
91224,0,0,0,0,0,0,0,0,1
91225,0,0,0,0,0,0,0,0,1
91226,0,0,0,0,0,0,0,0,1
91227,0,0,0,0,0,0,0,0,1
91228,0,0,0,0,0,0,0,0,1
91229,0,0,0,0,0,0,0,0,1
91230,0,0,0,0,0,0,0,0,1
91231,0,0,0,0,0,0,0,0,1
91232,0,0,0,0,0,0,0,0,1
91233,0,0,0,0,0,0,0,0,1
91234,0,0,0,0,0,0,0,0,1
91235,0,0,0,0,0,0,0,0,1
91236,0,0,0,0,0,0,0,0,1
91237,0,0,0,0,0,0,0,0,1
91238,0,0,0,0,0,0,0,0,1
91239,0,0,0,0,0,0,0,0,1
91240,0,0,0,0,0,0,0,0,1
91241,0,0,0,0,0,0,0,0,1
91242,0,0,0,0,0,0,0,0,1
91243,0,0,0,0,0,0,0,0,1
91244,0,0,0,0,0,0,0,0,1
91245,0,0,0,0,0,0,0,0,1
91246,0,0,0,0,0,0,0,0,1
91247,0,0,0,0,0,0,0,0,1
91248,0,0,0,0,0,0,0,0,1
91249,0,0,0,0,0,0,0,0,1
91250,0,0,0,0,0,0,0,0,1
91251,0,0,0,0,0,0,0,0,1
91252,0,0,0,0,0,0,0,0,1
91253,0,0,0,0,0,0,0,0,1
91254,0,0,0,0,0,0,0,0,1
91255,0,0,0,0,0,0,0,0,1
91256,0,0,0,0,0,0,0,0,1
91257,0,0,0,0,0,0,0,0,1
91258,0,0,0,0,0,0,0,0,1
91259,0,0,0,0,0,0,0,0,1
91260,0,0,0,0,0,0,0,0,1
91261,0,0,0,0,0,0,0,0,1
91262,0,0,0,0,0,0,0,0,1
91263,0,0,0,0,0,0,0,0,1
91264,0,0,0,0,0,0,0,0,1
91265,0,0,0,0,0,0,0,0,1
91266,0,0,0,0,0,0,0,0,1
91267,0,0,0,0,0,0,0,0,1
91268,0,0,0,0,0,0,0,0,1
91269,0,0,0,0,0,0,0,0,1
91270,0,0,0,0,0,0,0,0,1
91271,0,0,0,0,0,0,0,0,1
91272,0,0,0,0,0,0,0,0,1
91273,0,0,0,0,0,0,0,0,1
91274,0,0,0,0,0,0,0,0,1
91275,0,0,0,0,0,0,0,0,1
91276,0,0,0,0,0,0,0,0,1
91277,0,0,0,0,0,0,0,0,1
91278,0,0,0,0,0,0,0,0,1
91279,0,0,0,0,0,0,0,0,1
91280,0,0,0,0,0,0,0,0,1
91281,0,0,0,0,0,0,0,0,1
91282,0,0,0,0,0,0,0,0,1
91283,0,0,0,0,0,0,0,0,1
91284,0,0,0,0,0,0,0,0,1
91285,0,0,0,0,0,0,0,0,1
91286,0,0,0,0,0,0,0,0,1
91287,0,0,0,0,0,0,0,0,1
91288,0,0,0,0,0,0,0,0,1
91289,0,0,0,0,0,0,0,0,1
91290,0,0,0,0,0,0,0,0,1
91291,0,0,0,0,0,0,0,0,1
91292,0,0,0,0,0,0,0,0,1
91293,0,0,0,0,0,0,0,0,1
91294,0,0,0,0,0,0,0,0,1
91295,0,0,0,0,0,0,0,0,1
91296,0,0,0,0,0,0,0,0,1
91297,0,0,0,0,0,0,0,0,1
91298,0,0,0,0,0,0,0,0,1
91299,0,0,0,0,0,0,0,0,1
91300,0,0,0,0,0,0,0,0,1
91301,0,0,0,0,0,0,0,0,1
91302,0,0,0,0,0,0,0,0,1
91303,0,0,0,0,0,0,0,0,1
91304,0,0,0,0,0,0,0,0,1
91305,0,0,0,0,0,0,0,0,1
91306,0,0,0,0,0,0,0,0,1
91307,0,0,0,0,0,0,0,0,1
91308,0,0,0,0,0,0,0,0,1
91309,0,0,0,0,0,0,0,0,1
91310,0,0,0,0,0,0,0,0,1
91311,0,0,0,0,0,0,0,0,1
91312,0,0,0,0,0,0,0,0,1
91313,0,0,0,0,0,0,0,0,1
91314,0,0,0,0,0,0,0,0,1
91315,0,0,0,0,0,0,0,0,1
91316,0,0,0,0,0,0,0,0,1
91317,0,0,0,0,0,0,0,0,1
91318,0,0,0,0,0,0,0,0,1
91319,0,0,0,0,0,0,0,0,1
91320,0,0,0,0,0,0,0,0,1
91321,0,0,0,0,0,0,0,0,1
91322,0,0,0,0,0,0,0,0,1
91323,0,0,0,0,0,0,0,0,1
91324,0,0,0,0,0,0,0,0,1
91325,0,0,0,0,0,0,0,0,1
91326,0,0,0,0,0,0,0,0,1
91327,0,0,0,0,0,0,0,0,1
91328,0,0,0,0,0,0,0,0,1
91329,0,0,0,0,0,0,0,0,1
91330,0,0,0,0,0,0,0,0,1
91331,0,0,0,0,0,0,0,0,1
91332,0,0,0,0,0,0,0,0,1
91333,0,0,0,0,0,0,0,0,1
91334,0,0,0,0,0,0,0,0,1
91335,0,0,0,0,0,0,0,0,1
91336,0,0,0,0,0,0,0,0,1
91337,0,0,0,0,0,0,0,0,1
91338,0,0,0,0,0,0,0,0,1
91339,0,0,0,0,0,0,0,0,1
91340,0,0,0,0,0,0,0,0,1
91341,0,0,0,0,0,0,0,0,1
91342,0,0,0,0,0,0,0,0,1
91343,0,0,0,0,0,0,0,0,1
91344,0,0,0,0,0,0,0,0,1
91345,0,0,0,0,0,0,0,0,1
91346,0,0,0,0,0,0,0,0,1
91347,0,0,0,0,0,0,0,0,1
91348,0,0,0,0,0,0,0,0,1
91349,0,0,0,0,0,0,0,0,1
91350,0,0,0,0,0,0,0,0,1
91351,0,0,0,0,0,0,0,0,1
91352,0,0,0,0,0,0,0,0,1
91353,0,0,0,0,0,0,0,0,1
91354,0,0,0,0,0,0,0,0,1
91355,0,0,0,0,0,0,0,0,1
91356,0,0,0,0,0,0,0,0,1
91357,0,0,0,0,0,0,0,0,1
91358,0,0,0,0,0,0,0,0,1
91359,0,0,0,0,0,0,0,0,1
91360,0,0,0,0,0,0,0,0,1
91361,0,0,0,0,0,0,0,0,1
91362,0,0,0,0,0,0,0,0,1
91363,0,0,0,0,0,0,0,0,1
91364,0,0,0,0,0,0,0,0,1
91365,0,0,0,0,0,0,0,0,1
91366,0,0,0,0,0,0,0,0,1
91367,0,0,0,0,0,0,0,0,1
91368,0,0,0,0,0,0,0,0,1
91369,0,0,0,0,0,0,0,0,1
91370,0,0,0,0,0,0,0,0,1
91371,0,0,0,0,0,0,0,0,1
91372,0,0,0,0,0,0,0,0,1
91373,0,0,0,0,0,0,0,0,1
91374,0,0,0,0,0,0,0,0,1
91375,0,0,0,0,0,0,0,0,1
91376,0,0,0,0,0,0,0,0,1
91377,0,0,0,0,0,0,0,0,1
91378,0,0,0,0,0,0,0,0,1
91379,0,0,0,0,0,0,0,0,1
91380,0,0,0,0,0,0,0,0,1
91381,0,0,0,0,0,0,0,0,1
91382,0,0,0,0,0,0,0,0,1
91383,0,0,0,0,0,0,0,0,1
91384,0,0,0,0,0,0,0,0,1
91385,0,0,0,0,0,0,0,0,1
91386,0,0,0,0,0,0,0,0,1
91387,0,0,0,0,0,0,0,0,1
91388,0,0,0,0,0,0,0,0,1
91389,0,0,0,0,0,0,0,0,1
91390,0,0,0,0,0,0,0,0,1
91391,0,0,0,0,0,0,0,0,1
91392,0,0,0,0,0,0,0,0,1
91393,0,0,0,0,0,0,0,0,1
91394,0,0,0,0,0,0,0,0,1
91395,0,0,0,0,0,0,0,0,1
91396,0,0,0,0,0,0,0,0,1
91397,0,0,0,0,0,0,0,0,1
91398,0,0,0,0,0,0,0,0,1
91399,0,0,0,0,0,0,0,0,1
91400,0,0,0,0,0,0,0,0,1
91401,0,0,0,0,0,0,0,0,1
91402,0,0,0,0,0,0,0,0,1
91403,0,0,0,0,0,0,0,0,1
91404,0,0,0,0,0,0,0,0,1
91405,0,0,0,0,0,0,0,0,1
91406,0,0,0,0,0,0,0,0,1
91407,0,0,0,0,0,0,0,0,1
91408,0,0,0,0,0,0,0,0,1
91409,0,0,0,0,0,0,0,0,1
91410,0,0,0,0,0,0,0,0,1
91411,0,0,0,0,0,0,0,0,1
91412,0,0,0,0,0,0,0,0,1
91413,0,0,0,0,0,0,0,0,1
91414,0,0,0,0,0,0,0,0,1
91415,0,0,0,0,0,0,0,0,1
91416,0,0,0,0,0,0,0,0,1
91417,0,0,0,0,0,0,0,0,1
91418,0,0,0,0,0,0,0,0,1
91419,0,0,0,0,0,0,0,0,1
91420,0,0,0,0,0,0,0,0,1
91421,0,0,0,0,0,0,0,0,1
91422,0,0,0,0,0,0,0,0,1
91423,0,0,0,0,0,0,0,0,1
91424,0,0,0,0,0,0,0,0,1
91425,0,0,0,0,0,0,0,0,1
91426,0,0,0,0,0,0,0,0,1
91427,0,0,0,0,0,0,0,0,1
91428,0,0,0,0,0,0,0,0,1
91429,0,0,0,0,0,0,0,0,1
91430,0,0,0,0,0,0,0,0,1
91431,0,0,0,0,0,0,0,0,1
91432,0,0,0,0,0,0,0,0,1
91433,0,0,0,0,0,0,0,0,1
91434,0,0,0,0,0,0,0,0,1
91435,0,0,0,0,0,0,0,0,1
91436,0,0,0,0,0,0,0,0,1
91437,0,0,0,0,0,0,0,0,1
91438,0,0,0,0,0,0,0,0,1
91439,0,0,0,0,0,0,0,0,1
91440,0,0,0,0,0,0,0,0,1
91441,0,0,0,0,0,0,0,0,1
91442,0,0,0,0,0,0,0,0,1
91443,0,0,0,0,0,0,0,0,1
91444,0,0,0,0,0,0,0,0,1
91445,0,0,0,0,0,0,0,0,1
91446,0,0,0,0,0,0,0,0,1
91447,0,0,0,0,0,0,0,0,1
91448,0,0,0,0,0,0,0,0,1
91449,0,0,0,0,0,0,0,0,1
91450,0,0,0,0,0,0,0,0,1
91451,0,0,0,0,0,0,0,0,1
91452,0,0,0,0,0,0,0,0,1
91453,0,0,0,0,0,0,0,0,1
91454,0,0,0,0,0,0,0,0,1
91455,0,0,0,0,0,0,0,0,1
91456,0,0,0,0,0,0,0,0,1
91457,0,0,0,0,0,0,0,0,1
91458,0,0,0,0,0,0,0,0,1
91459,0,0,0,0,0,0,0,0,1
91460,0,0,0,0,0,0,0,0,1
91461,0,0,0,0,0,0,0,0,1
91462,0,0,0,0,0,0,0,0,1
91463,0,0,0,0,0,0,0,0,1
91464,0,0,0,0,0,0,0,0,1
91465,0,0,0,0,0,0,0,0,1
91466,0,0,0,0,0,0,0,0,1
91467,0,0,0,0,0,0,0,0,1
91468,0,0,0,0,0,0,0,0,1
91469,0,0,0,0,0,0,0,0,1
91470,0,0,0,0,0,0,0,0,1
91471,0,0,0,0,0,0,0,0,1
91472,0,0,0,0,0,0,0,0,1
91473,0,0,0,0,0,0,0,0,1
91474,0,0,0,0,0,0,0,0,1
91475,0,0,0,0,0,0,0,0,1
91476,0,0,0,0,0,0,0,0,1
91477,0,0,0,0,0,0,0,0,1
91478,0,0,0,0,0,0,0,0,1
91479,0,0,0,0,0,0,0,0,1
91480,0,0,0,0,0,0,0,0,1
91481,0,0,0,0,0,0,0,0,1
91482,0,0,0,0,0,0,0,0,1
91483,0,0,0,0,0,0,0,0,1
91484,0,0,0,0,0,0,0,0,1
91485,0,0,0,0,0,0,0,0,1
91486,0,0,0,0,0,0,0,0,1
91487,0,0,0,0,0,0,0,0,1
91488,0,0,0,0,0,0,0,0,1
91489,0,0,0,0,0,0,0,0,1
91490,0,0,0,0,0,0,0,0,1
91491,0,0,0,0,0,0,0,0,1
91492,0,0,0,0,0,0,0,0,1
91493,0,0,0,0,0,0,0,0,1
91494,0,0,0,0,0,0,0,0,1
91495,0,0,0,0,0,0,0,0,1
91496,0,0,0,0,0,0,0,0,1
91497,0,0,0,0,0,0,0,0,1
91498,0,0,0,0,0,0,0,0,1
91499,0,0,0,0,0,0,0,0,1
91500,0,0,0,0,0,0,0,0,1
91501,0,0,0,0,0,0,0,0,1
91502,0,0,0,0,0,0,0,0,1
91503,0,0,0,0,0,0,0,0,1
91504,0,0,0,0,0,0,0,0,1
91505,0,0,0,0,0,0,0,0,1
91506,0,0,0,0,0,0,0,0,1
91507,0,0,0,0,0,0,0,0,1
91508,0,0,0,0,0,0,0,0,1
91509,0,0,0,0,0,0,0,0,1
91510,0,0,0,0,0,0,0,0,1
91511,0,0,0,0,0,0,0,0,1
91512,0,0,0,0,0,0,0,0,1
91513,0,0,0,0,0,0,0,0,1
91514,0,0,0,0,0,0,0,0,1
91515,0,0,0,0,0,0,0,0,1
91516,0,0,0,0,0,0,0,0,1
91517,0,0,0,0,0,0,0,0,1
91518,0,0,0,0,0,0,0,0,1
91519,0,0,0,0,0,0,0,0,1
91520,0,0,0,0,0,0,0,0,1
91521,0,0,0,0,0,0,0,0,1
91522,0,0,0,0,0,0,0,0,1
91523,0,0,0,0,0,0,0,0,1
91524,0,0,0,0,0,0,0,0,1
91525,0,0,0,0,0,0,0,0,1
91526,0,0,0,0,0,0,0,0,1
91527,0,0,0,0,0,0,0,0,1
91528,0,0,0,0,0,0,0,0,1
91529,0,0,0,0,0,0,0,0,1
91530,0,0,0,0,0,0,0,0,1
91531,0,0,0,0,0,0,0,0,1
91532,0,0,0,0,0,0,0,0,1
91533,0,0,0,0,0,0,0,0,1
91534,0,0,0,0,0,0,0,0,1
91535,0,0,0,0,0,0,0,0,1
91536,0,0,0,0,0,0,0,0,1
91537,0,0,0,0,0,0,0,0,1
91538,0,0,0,0,0,0,0,0,1
91539,0,0,0,0,0,0,0,0,1
91540,0,0,0,0,0,0,0,0,1
91541,0,0,0,0,0,0,0,0,1
91542,0,0,0,0,0,0,0,0,1
91543,0,0,0,0,0,0,0,0,1
91544,0,0,0,0,0,0,0,0,1
91545,0,0,0,0,0,0,0,0,1
91546,0,0,0,0,0,0,0,0,1
91547,0,0,0,0,0,0,0,0,1
91548,0,0,0,0,0,0,0,0,1
91549,0,0,0,0,0,0,0,0,1
91550,0,0,0,0,0,0,0,0,1
91551,0,0,0,0,0,0,0,0,1
91552,0,0,0,0,0,0,0,0,1
91553,0,0,0,0,0,0,0,0,1
91554,0,0,0,0,0,0,0,0,1
91555,0,0,0,0,0,0,0,0,1
91556,0,0,0,0,0,0,0,0,1
91557,0,0,0,0,0,0,0,0,1
91558,0,0,0,0,0,0,0,0,1
91559,0,0,0,0,0,0,0,0,1
91560,0,0,0,0,0,0,0,0,1
91561,0,0,0,0,0,0,0,0,1
91562,0,0,0,0,0,0,0,0,1
91563,0,0,0,0,0,0,0,0,1
91564,0,0,0,0,0,0,0,0,1
91565,0,0,0,0,0,0,0,0,1
91566,0,0,0,0,0,0,0,0,1
91567,0,0,0,0,0,0,0,0,1
91568,0,0,0,0,0,0,0,0,1
91569,0,0,0,0,0,0,0,0,1
91570,0,0,0,0,0,0,0,0,1
91571,0,0,0,0,0,0,0,0,1
91572,0,0,0,0,0,0,0,0,1
91573,0,0,0,0,0,0,0,0,1
91574,0,0,0,0,0,0,0,0,1
91575,0,0,0,0,0,0,0,0,1
91576,0,0,0,0,0,0,0,0,1
91577,0,0,0,0,0,0,0,0,1
91578,0,0,0,0,0,0,0,0,1
91579,0,0,0,0,0,0,0,0,1
91580,0,0,0,0,0,0,0,0,1
91581,0,0,0,0,0,0,0,0,1
91582,0,0,0,0,0,0,0,0,1
91583,0,0,0,0,0,0,0,0,1
91584,0,0,0,0,0,0,0,0,1
91585,0,0,0,0,0,0,0,0,1
91586,0,0,0,0,0,0,0,0,1
91587,0,0,0,0,0,0,0,0,1
91588,0,0,0,0,0,0,0,0,1
91589,0,0,0,0,0,0,0,0,1
91590,0,0,0,0,0,0,0,0,1
91591,0,0,0,0,0,0,0,0,1
91592,0,0,0,0,0,0,0,0,1
91593,0,0,0,0,0,0,0,0,1
91594,0,0,0,0,0,0,0,0,1
91595,0,0,0,0,0,0,0,0,1
91596,0,0,0,0,0,0,0,0,1
91597,0,0,0,0,0,0,0,0,1
91598,0,0,0,0,0,0,0,0,1
91599,0,0,0,0,0,0,0,0,1
91600,0,0,0,0,0,0,0,0,1
91601,0,0,0,0,0,0,0,0,1
91602,0,0,0,0,0,0,0,0,1
91603,0,0,0,0,0,0,0,0,1
91604,0,0,0,0,0,0,0,0,1
91605,0,0,0,0,0,0,0,0,1
91606,0,0,0,0,0,0,0,0,1
91607,0,0,0,0,0,0,0,0,1
91608,0,0,0,0,0,0,0,0,1
91609,0,0,0,0,0,0,0,0,1
91610,0,0,0,0,0,0,0,0,1
91611,0,0,0,0,0,0,0,0,1
91612,0,0,0,0,0,0,0,0,1
91613,0,0,0,0,0,0,0,0,1
91614,0,0,0,0,0,0,0,0,1
91615,0,0,0,0,0,0,0,0,1
91616,0,0,0,0,0,0,0,0,1
91617,0,0,0,0,0,0,0,0,1
91618,0,0,0,0,0,0,0,0,1
91619,0,0,0,0,0,0,0,0,1
91620,0,0,0,0,0,0,0,0,1
91621,0,0,0,0,0,0,0,0,1
91622,0,0,0,0,0,0,0,0,1
91623,0,0,0,0,0,0,0,0,1
91624,0,0,0,0,0,0,0,0,1
91625,0,0,0,0,0,0,0,0,1
91626,0,0,0,0,0,0,0,0,1
91627,0,0,0,0,0,0,0,0,1
91628,0,0,0,0,0,0,0,0,1
91629,0,0,0,0,0,0,0,0,1
91630,0,0,0,0,0,0,0,0,1
91631,0,0,0,0,0,0,0,0,1
91632,0,0,0,0,0,0,0,0,1
91633,0,0,0,0,0,0,0,0,1
91634,0,0,0,0,0,0,0,0,1
91635,0,0,0,0,0,0,0,0,1
91636,0,0,0,0,0,0,0,0,1
91637,0,0,0,0,0,0,0,0,1
91638,0,0,0,0,0,0,0,0,1
91639,0,0,0,0,0,0,0,0,1
91640,0,0,0,0,0,0,0,0,1
91641,0,0,0,0,0,0,0,0,1
91642,0,0,0,0,0,0,0,0,1
91643,0,0,0,0,0,0,0,0,1
91644,0,0,0,0,0,0,0,0,1
91645,0,0,0,0,0,0,0,0,1
91646,0,0,0,0,0,0,0,0,1
91647,0,0,0,0,0,0,0,0,1
91648,0,0,0,0,0,0,0,0,1
91649,0,0,0,0,0,0,0,0,1
91650,0,0,0,0,0,0,0,0,1
91651,0,0,0,0,0,0,0,0,1
91652,0,0,0,0,0,0,0,0,1
91653,0,0,0,0,0,0,0,0,1
91654,0,0,0,0,0,0,0,0,1
91655,0,0,0,0,0,0,0,0,1
91656,0,0,0,0,0,0,0,0,1
91657,0,0,0,0,0,0,0,0,1
91658,0,0,0,0,0,0,0,0,1
91659,0,0,0,0,0,0,0,0,1
91660,0,0,0,0,0,0,0,0,1
91661,0,0,0,0,0,0,0,0,1
91662,0,0,0,0,0,0,0,0,1
91663,0,0,0,0,0,0,0,0,1
91664,0,0,0,0,0,0,0,0,1
91665,0,0,0,0,0,0,0,0,1
91666,0,0,0,0,0,0,0,0,1
91667,0,0,0,0,0,0,0,0,1
91668,0,0,0,0,0,0,0,0,1
91669,0,0,0,0,0,0,0,0,1
91670,0,0,0,0,0,0,0,0,1
91671,0,0,0,0,0,0,0,0,1
91672,0,0,0,0,0,0,0,0,1
91673,0,0,0,0,0,0,0,0,1
91674,0,0,0,0,0,0,0,0,1
91675,0,0,0,0,0,0,0,0,1
91676,0,0,0,0,0,0,0,0,1
91677,0,0,0,0,0,0,0,0,1
91678,0,0,0,0,0,0,0,0,1
91679,0,0,0,0,0,0,0,0,1
91680,0,0,0,0,0,0,0,0,1
91681,0,0,0,0,0,0,0,0,1
91682,0,0,0,0,0,0,0,0,1
91683,0,0,0,0,0,0,0,0,1
91684,0,0,0,0,0,0,0,0,1
91685,0,0,0,0,0,0,0,0,1
91686,0,0,0,0,0,0,0,0,1
91687,0,0,0,0,0,0,0,0,1
91688,0,0,0,0,0,0,0,0,1
91689,0,0,0,0,0,0,0,0,1
91690,0,0,0,0,0,0,0,0,1
91691,0,0,0,0,0,0,0,0,1
91692,0,0,0,0,0,0,0,0,1
91693,0,0,0,0,0,0,0,0,1
91694,0,0,0,0,0,0,0,0,1
91695,0,0,0,0,0,0,0,0,1
91696,0,0,0,0,0,0,0,0,1
91697,0,0,0,0,0,0,0,0,1
91698,0,0,0,0,0,0,0,0,1
91699,0,0,0,0,0,0,0,0,1
91700,0,0,0,0,0,0,0,0,1
91701,0,0,0,0,0,0,0,0,1
91702,0,0,0,0,0,0,0,0,1
91703,0,0,0,0,0,0,0,0,1
91704,0,0,0,0,0,0,0,0,1
91705,0,0,0,0,0,0,0,0,1
91706,0,0,0,0,0,0,0,0,1
91707,0,0,0,0,0,0,0,0,1
91708,0,0,0,0,0,0,0,0,1
91709,0,0,0,0,0,0,0,0,1
91710,0,0,0,0,0,0,0,0,1
91711,0,0,0,0,0,0,0,0,1
91712,0,0,0,0,0,0,0,0,1
91713,0,0,0,0,0,0,0,0,1
91714,0,0,0,0,0,0,0,0,1
91715,0,0,0,0,0,0,0,0,1
91716,0,0,0,0,0,0,0,0,1
91717,0,0,0,0,0,0,0,0,1
91718,0,0,0,0,0,0,0,0,1
91719,0,0,0,0,0,0,0,0,1
91720,0,0,0,0,0,0,0,0,1
91721,0,0,0,0,0,0,0,0,1
91722,0,0,0,0,0,0,0,0,1
91723,0,0,0,0,0,0,0,0,1
91724,0,0,0,0,0,0,0,0,1
91725,0,0,0,0,0,0,0,0,1
91726,0,0,0,0,0,0,0,0,1
91727,0,0,0,0,0,0,0,0,1
91728,0,0,0,0,0,0,0,0,1
91729,0,0,0,0,0,0,0,0,1
91730,0,0,0,0,0,0,0,0,1
91731,0,0,0,0,0,0,0,0,1
91732,0,0,0,0,0,0,0,0,1
91733,0,0,0,0,0,0,0,0,1
91734,0,0,0,0,0,0,0,0,1
91735,0,0,0,0,0,0,0,0,1
91736,0,0,0,0,0,0,0,0,1
91737,0,0,0,0,0,0,0,0,1
91738,0,0,0,0,0,0,0,0,1
91739,0,0,0,0,0,0,0,0,1
91740,0,0,0,0,0,0,0,0,1
91741,0,0,0,0,0,0,0,0,1
91742,0,0,0,0,0,0,0,0,1
91743,0,0,0,0,0,0,0,0,1
91744,0,0,0,0,0,0,0,0,1
91745,0,0,0,0,0,0,0,0,1
91746,0,0,0,0,0,0,0,0,1
91747,0,0,0,0,0,0,0,0,1
91748,0,0,0,0,0,0,0,0,1
91749,0,0,0,0,0,0,0,0,1
91750,0,0,0,0,0,0,0,0,1
91751,0,0,0,0,0,0,0,0,1
91752,0,0,0,0,0,0,0,0,1
91753,0,0,0,0,0,0,0,0,1
91754,0,0,0,0,0,0,0,0,1
91755,0,0,0,0,0,0,0,0,1
91756,0,0,0,0,0,0,0,0,1
91757,0,0,0,0,0,0,0,0,1
91758,0,0,0,0,0,0,0,0,1
91759,0,0,0,0,0,0,0,0,1
91760,0,0,0,0,0,0,0,0,1
91761,0,0,0,0,0,0,0,0,1
91762,0,0,0,0,0,0,0,0,1
91763,0,0,0,0,0,0,0,0,1
91764,0,0,0,0,0,0,0,0,1
91765,0,0,0,0,0,0,0,0,1
91766,0,0,0,0,0,0,0,0,1
91767,0,0,0,0,0,0,0,0,1
91768,0,0,0,0,0,0,0,0,1
91769,0,0,0,0,0,0,0,0,1
91770,0,0,0,0,0,0,0,0,1
91771,0,0,0,0,0,0,0,0,1
91772,0,0,0,0,0,0,0,0,1
91773,0,0,0,0,0,0,0,0,1
91774,0,0,0,0,0,0,0,0,1
91775,0,0,0,0,0,0,0,0,1
91776,0,0,0,0,0,0,0,0,1
91777,0,0,0,0,0,0,0,0,1
91778,0,0,0,0,0,0,0,0,1
91779,0,0,0,0,0,0,0,0,1
91780,0,0,0,0,0,0,0,0,1
91781,0,0,0,0,0,0,0,0,1
91782,0,0,0,0,0,0,0,0,1
91783,0,0,0,0,0,0,0,0,1
91784,0,0,0,0,0,0,0,0,1
91785,0,0,0,0,0,0,0,0,1
91786,0,0,0,0,0,0,0,0,1
91787,0,0,0,0,0,0,0,0,1
91788,0,0,0,0,0,0,0,0,1
91789,0,0,0,0,0,0,0,0,1
91790,0,0,0,0,0,0,0,0,1
91791,0,0,0,0,0,0,0,0,1
91792,0,0,0,0,0,0,0,0,1
91793,0,0,0,0,0,0,0,0,1
91794,0,0,0,0,0,0,0,0,1
91795,0,0,0,0,0,0,0,0,1
91796,0,0,0,0,0,0,0,0,1
91797,0,0,0,0,0,0,0,0,1
91798,0,0,0,0,0,0,0,0,1
91799,0,0,0,0,0,0,0,0,1
91800,0,0,0,0,0,0,0,0,1
91801,0,0,0,0,0,0,0,0,1
91802,0,0,0,0,0,0,0,0,1
91803,0,0,0,0,0,0,0,0,1
91804,0,0,0,0,0,0,0,0,1
91805,0,0,0,0,0,0,0,0,1
91806,0,0,0,0,0,0,0,0,1
91807,0,0,0,0,0,0,0,0,1
91808,0,0,0,0,0,0,0,0,1
91809,0,0,0,0,0,0,0,0,1
91810,0,0,0,0,0,0,0,0,1
91811,0,0,0,0,0,0,0,0,1
91812,0,0,0,0,0,0,0,0,1
91813,0,0,0,0,0,0,0,0,1
91814,0,0,0,0,0,0,0,0,1
91815,0,0,0,0,0,0,0,0,1
91816,0,0,0,0,0,0,0,0,1
91817,0,0,0,0,0,0,0,0,1
91818,0,0,0,0,0,0,0,0,1
91819,0,0,0,0,0,0,0,0,1
91820,0,0,0,0,0,0,0,0,1
91821,0,0,0,0,0,0,0,0,1
91822,0,0,0,0,0,0,0,0,1
91823,0,0,0,0,0,0,0,0,1
91824,0,0,0,0,0,0,0,0,1
91825,0,0,0,0,0,0,0,0,1
91826,0,0,0,0,0,0,0,0,1
91827,0,0,0,0,0,0,0,0,1
91828,0,0,0,0,0,0,0,0,1
91829,0,0,0,0,0,0,0,0,1
91830,0,0,0,0,0,0,0,0,1
91831,0,0,0,0,0,0,0,0,1
91832,0,0,0,0,0,0,0,0,1
91833,0,0,0,0,0,0,0,0,1
91834,0,0,0,0,0,0,0,0,1
91835,0,0,0,0,0,0,0,0,1
91836,0,0,0,0,0,0,0,0,1
91837,0,0,0,0,0,0,0,0,1
91838,0,0,0,0,0,0,0,0,1
91839,0,0,0,0,0,0,0,0,1
91840,0,0,0,0,0,0,0,0,1
91841,0,0,0,0,0,0,0,0,1
91842,0,0,0,0,0,0,0,0,1
91843,0,0,0,0,0,0,0,0,1
91844,0,0,0,0,0,0,0,0,1
91845,0,0,0,0,0,0,0,0,1
91846,0,0,0,0,0,0,0,0,1
91847,0,0,0,0,0,0,0,0,1
91848,0,0,0,0,0,0,0,0,1
91849,0,0,0,0,0,0,0,0,1
91850,0,0,0,0,0,0,0,0,1
91851,0,0,0,0,0,0,0,0,1
91852,0,0,0,0,0,0,0,0,1
91853,0,0,0,0,0,0,0,0,1
91854,0,0,0,0,0,0,0,0,1
91855,0,0,0,0,0,0,0,0,1
91856,0,0,0,0,0,0,0,0,1
91857,0,0,0,0,0,0,0,0,1
91858,0,0,0,0,0,0,0,0,1
91859,0,0,0,0,0,0,0,0,1
91860,0,0,0,0,0,0,0,0,1
91861,0,0,0,0,0,0,0,0,1
91862,0,0,0,0,0,0,0,0,1
91863,0,0,0,0,0,0,0,0,1
91864,0,0,0,0,0,0,0,0,1
91865,0,0,0,0,0,0,0,0,1
91866,0,0,0,0,0,0,0,0,1
91867,0,0,0,0,0,0,0,0,1
91868,0,0,0,0,0,0,0,0,1
91869,0,0,0,0,0,0,0,0,1
91870,0,0,0,0,0,0,0,0,1
91871,0,0,0,0,0,0,0,0,1
91872,0,0,0,0,0,0,0,0,1
91873,0,0,0,0,0,0,0,0,1
91874,0,0,0,0,0,0,0,0,1
91875,0,0,0,0,0,0,0,0,1
91876,0,0,0,0,0,0,0,0,1
91877,0,0,0,0,0,0,0,0,1
91878,0,0,0,0,0,0,0,0,1
91879,0,0,0,0,0,0,0,0,1
91880,0,0,0,0,0,0,0,0,1
91881,0,0,0,0,0,0,0,0,1
91882,0,0,0,0,0,0,0,0,1
91883,0,0,0,0,0,0,0,0,1
91884,0,0,0,0,0,0,0,0,1
91885,0,0,0,0,0,0,0,0,1
91886,0,0,0,0,0,0,0,0,1
91887,0,0,0,0,0,0,0,0,1
91888,0,0,0,0,0,0,0,0,1
91889,0,0,0,0,0,0,0,0,1
91890,0,0,0,0,0,0,0,0,1
91891,0,0,0,0,0,0,0,0,1
91892,0,0,0,0,0,0,0,0,1
91893,0,0,0,0,0,0,0,0,1
91894,0,0,0,0,0,0,0,0,1
91895,0,0,0,0,0,0,0,0,1
91896,0,0,0,0,0,0,0,0,1
91897,0,0,0,0,0,0,0,0,1
91898,0,0,0,0,0,0,0,0,1
91899,0,0,0,0,0,0,0,0,1
91900,0,0,0,0,0,0,0,0,1
91901,0,0,0,0,0,0,0,0,1
91902,0,0,0,0,0,0,0,0,1
91903,0,0,0,0,0,0,0,0,1
91904,0,0,0,0,0,0,0,0,1
91905,0,0,0,0,0,0,0,0,1
91906,0,0,0,0,0,0,0,0,1
91907,0,0,0,0,0,0,0,0,1
91908,0,0,0,0,0,0,0,0,1
91909,0,0,0,0,0,0,0,0,1
91910,0,0,0,0,0,0,0,0,1
91911,0,0,0,0,0,0,0,0,1
91912,0,0,0,0,0,0,0,0,1
91913,0,0,0,0,0,0,0,0,1
91914,0,0,0,0,0,0,0,0,1
91915,0,0,0,0,0,0,0,0,1
91916,0,0,0,0,0,0,0,0,1
91917,0,0,0,0,0,0,0,0,1
91918,0,0,0,0,0,0,0,0,1
91919,0,0,0,0,0,0,0,0,1
91920,0,0,0,0,0,0,0,0,1
91921,0,0,0,0,0,0,0,0,1
91922,0,0,0,0,0,0,0,0,1
91923,0,0,0,0,0,0,0,0,1
91924,0,0,0,0,0,0,0,0,1
91925,0,0,0,0,0,0,0,0,1
91926,0,0,0,0,0,0,0,0,1
91927,0,0,0,0,0,0,0,0,1
91928,0,0,0,0,0,0,0,0,1
91929,0,0,0,0,0,0,0,0,1
91930,0,0,0,0,0,0,0,0,1
91931,0,0,0,0,0,0,0,0,1
91932,0,0,0,0,0,0,0,0,1
91933,0,0,0,0,0,0,0,0,1
91934,0,0,0,0,0,0,0,0,1
91935,0,0,0,0,0,0,0,0,1
91936,0,0,0,0,0,0,0,0,1
91937,0,0,0,0,0,0,0,0,1
91938,0,0,0,0,0,0,0,0,1
91939,0,0,0,0,0,0,0,0,1
91940,0,0,0,0,0,0,0,0,1
91941,0,0,0,0,0,0,0,0,1
91942,0,0,0,0,0,0,0,0,1
91943,0,0,0,0,0,0,0,0,1
91944,0,0,0,0,0,0,0,0,1
91945,0,0,0,0,0,0,0,0,1
91946,0,0,0,0,0,0,0,0,1
91947,0,0,0,0,0,0,0,0,1
91948,0,0,0,0,0,0,0,0,1
91949,0,0,0,0,0,0,0,0,1
91950,0,0,0,0,0,0,0,0,1
91951,0,0,0,0,0,0,0,0,1
91952,0,0,0,0,0,0,0,0,1
91953,0,0,0,0,0,0,0,0,1
91954,0,0,0,0,0,0,0,0,1
91955,0,0,0,0,0,0,0,0,1
91956,0,0,0,0,0,0,0,0,1
91957,0,0,0,0,0,0,0,0,1
91958,0,0,0,0,0,0,0,0,1
91959,0,0,0,0,0,0,0,0,1
91960,0,0,0,0,0,0,0,0,1
91961,0,0,0,0,0,0,0,0,1
91962,0,0,0,0,0,0,0,0,1
91963,0,0,0,0,0,0,0,0,1
91964,0,0,0,0,0,0,0,0,1
91965,0,0,0,0,0,0,0,0,1
91966,0,0,0,0,0,0,0,0,1
91967,0,0,0,0,0,0,0,0,1
91968,0,0,0,0,0,0,0,0,1
91969,0,0,0,0,0,0,0,0,1
91970,0,0,0,0,0,0,0,0,1
91971,0,0,0,0,0,0,0,0,1
91972,0,0,0,0,0,0,0,0,1
91973,0,0,0,0,0,0,0,0,1
91974,0,0,0,0,0,0,0,0,1
91975,0,0,0,0,0,0,0,0,1
91976,0,0,0,0,0,0,0,0,1
91977,0,0,0,0,0,0,0,0,1
91978,0,0,0,0,0,0,0,0,1
91979,0,0,0,0,0,0,0,0,1
91980,0,0,0,0,0,0,0,0,1
91981,0,0,0,0,0,0,0,0,1
91982,0,0,0,0,0,0,0,0,1
91983,0,0,0,0,0,0,0,0,1
91984,0,0,0,0,0,0,0,0,1
91985,0,0,0,0,0,0,0,0,1
91986,0,0,0,0,0,0,0,0,1
91987,0,0,0,0,0,0,0,0,1
91988,0,0,0,0,0,0,0,0,1
91989,0,0,0,0,0,0,0,0,1
91990,0,0,0,0,0,0,0,0,1
91991,0,0,0,0,0,0,0,0,1
91992,0,0,0,0,0,0,0,0,1
91993,0,0,0,0,0,0,0,0,1
91994,0,0,0,0,0,0,0,0,1
91995,0,0,0,0,0,0,0,0,1
91996,0,0,0,0,0,0,0,0,1
91997,0,0,0,0,0,0,0,0,1
91998,0,0,0,0,0,0,0,0,1
91999,0,0,0,0,0,0,0,0,1
92000,0,0,0,0,0,0,0,0,1
92001,0,0,0,0,0,0,0,0,1
92002,0,0,0,0,0,0,0,0,1
92003,0,0,0,0,0,0,0,0,1
92004,0,0,0,0,0,0,0,0,1
92005,0,0,0,0,0,0,0,0,1
92006,0,0,0,0,0,0,0,0,1
92007,0,0,0,0,0,0,0,0,1
92008,0,0,0,0,0,0,0,0,1
92009,0,0,0,0,0,0,0,0,1
92010,0,0,0,0,0,0,0,0,1
92011,0,0,0,0,0,0,0,0,1
92012,0,0,0,0,0,0,0,0,1
92013,0,0,0,0,0,0,0,0,1
92014,0,0,0,0,0,0,0,0,1
92015,0,0,0,0,0,0,0,0,1
92016,0,0,0,0,0,0,0,0,1
92017,0,0,0,0,0,0,0,0,1
92018,0,0,0,0,0,0,0,0,1
92019,0,0,0,0,0,0,0,0,1
92020,0,0,0,0,0,0,0,0,1
92021,0,0,0,0,0,0,0,0,1
92022,0,0,0,0,0,0,0,0,1
92023,0,0,0,0,0,0,0,0,1
92024,0,0,0,0,0,0,0,0,1
92025,0,0,0,0,0,0,0,0,1
92026,0,0,0,0,0,0,0,0,1
92027,0,0,0,0,0,0,0,0,1
92028,0,0,0,0,0,0,0,0,1
92029,0,0,0,0,0,0,0,0,1
92030,0,0,0,0,0,0,0,0,1
92031,0,0,0,0,0,0,0,0,1
92032,0,0,0,0,0,0,0,0,1
92033,0,0,0,0,0,0,0,0,1
92034,0,0,0,0,0,0,0,0,1
92035,0,0,0,0,0,0,0,0,1
92036,0,0,0,0,0,0,0,0,1
92037,0,0,0,0,0,0,0,0,1
92038,0,0,0,0,0,0,0,0,1
92039,0,0,0,0,0,0,0,0,1
92040,0,0,0,0,0,0,0,0,1
92041,0,0,0,0,0,0,0,0,1
92042,0,0,0,0,0,0,0,0,1
92043,0,0,0,0,0,0,0,0,1
92044,0,0,0,0,0,0,0,0,1
92045,0,0,0,0,0,0,0,0,1
92046,0,0,0,0,0,0,0,0,1
92047,0,0,0,0,0,0,0,0,1
92048,0,0,0,0,0,0,0,0,1
92049,0,0,0,0,0,0,0,0,1
92050,0,0,0,0,0,0,0,0,1
92051,0,0,0,0,0,0,0,0,1
92052,0,0,0,0,0,0,0,0,1
92053,0,0,0,0,0,0,0,0,1
92054,0,0,0,0,0,0,0,0,1
92055,0,0,0,0,0,0,0,0,1
92056,0,0,0,0,0,0,0,0,1
92057,0,0,0,0,0,0,0,0,1
92058,0,0,0,0,0,0,0,0,1
92059,0,0,0,0,0,0,0,0,1
92060,0,0,0,0,0,0,0,0,1
92061,0,0,0,0,0,0,0,0,1
92062,0,0,0,0,0,0,0,0,1
92063,0,0,0,0,0,0,0,0,1
92064,0,0,0,0,0,0,0,0,1
92065,0,0,0,0,0,0,0,0,1
92066,0,0,0,0,0,0,0,0,1
92067,0,0,0,0,0,0,0,0,1
92068,0,0,0,0,0,0,0,0,1
92069,0,0,0,0,0,0,0,0,1
92070,0,0,0,0,0,0,0,0,1
92071,0,0,0,0,0,0,0,0,1
92072,0,0,0,0,0,0,0,0,1
92073,0,0,0,0,0,0,0,0,1
92074,0,0,0,0,0,0,0,0,1
92075,0,0,0,0,0,0,0,0,1
92076,0,0,0,0,0,0,0,0,1
92077,0,0,0,0,0,0,0,0,1
92078,0,0,0,0,0,0,0,0,1
92079,0,0,0,0,0,0,0,0,1
92080,0,0,0,0,0,0,0,0,1
92081,0,0,0,0,0,0,0,0,1
92082,0,0,0,0,0,0,0,0,1
92083,0,0,0,0,0,0,0,0,1
92084,0,0,0,0,0,0,0,0,1
92085,0,0,0,0,0,0,0,0,1
92086,0,0,0,0,0,0,0,0,1
92087,0,0,0,0,0,0,0,0,1
92088,0,0,0,0,0,0,0,0,1
92089,0,0,0,0,0,0,0,0,1
92090,0,0,0,0,0,0,0,0,1
92091,0,0,0,0,0,0,0,0,1
92092,0,0,0,0,0,0,0,0,1
92093,0,0,0,0,0,0,0,0,1
92094,0,0,0,0,0,0,0,0,1
92095,0,0,0,0,0,0,0,0,1
92096,0,0,0,0,0,0,0,0,1
92097,0,0,0,0,0,0,0,0,1
92098,0,0,0,0,0,0,0,0,1
92099,0,0,0,0,0,0,0,0,1
92100,0,0,0,0,0,0,0,0,1
92101,0,0,0,0,0,0,0,0,1
92102,0,0,0,0,0,0,0,0,1
92103,0,0,0,0,0,0,0,0,1
92104,0,0,0,0,0,0,0,0,1
92105,0,0,0,0,0,0,0,0,1
92106,0,0,0,0,0,0,0,0,1
92107,0,0,0,0,0,0,0,0,1
92108,0,0,0,0,0,0,0,0,1
92109,0,0,0,0,0,0,0,0,1
92110,0,0,0,0,0,0,0,0,1
92111,0,0,0,0,0,0,0,0,1
92112,0,0,0,0,0,0,0,0,1
92113,0,0,0,0,0,0,0,0,1
92114,0,0,0,0,0,0,0,0,1
92115,0,0,0,0,0,0,0,0,1
92116,0,0,0,0,0,0,0,0,1
92117,0,0,0,0,0,0,0,0,1
92118,0,0,0,0,0,0,0,0,1
92119,0,0,0,0,0,0,0,0,1
92120,0,0,0,0,0,0,0,0,1
92121,0,0,0,0,0,0,0,0,1
92122,0,0,0,0,0,0,0,0,1
92123,0,0,0,0,0,0,0,0,1
92124,0,0,0,0,0,0,0,0,1
92125,0,0,0,0,0,0,0,0,1
92126,0,0,0,0,0,0,0,0,1
92127,0,0,0,0,0,0,0,0,1
92128,0,0,0,0,0,0,0,0,1
92129,0,0,0,0,0,0,0,0,1
92130,0,0,0,0,0,0,0,0,1
92131,0,0,0,0,0,0,0,0,1
92132,0,0,0,0,0,0,0,0,1
92133,0,0,0,0,0,0,0,0,1
92134,0,0,0,0,0,0,0,0,1
92135,0,0,0,0,0,0,0,0,1
92136,0,0,0,0,0,0,0,0,1
92137,0,0,0,0,0,0,0,0,1
92138,0,0,0,0,0,0,0,0,1
92139,0,0,0,0,0,0,0,0,1
92140,0,0,0,0,0,0,0,0,1
92141,0,0,0,0,0,0,0,0,1
92142,0,0,0,0,0,0,0,0,1
92143,0,0,0,0,0,0,0,0,1
92144,0,0,0,0,0,0,0,0,1
92145,0,0,0,0,0,0,0,0,1
92146,0,0,0,0,0,0,0,0,1
92147,0,0,0,0,0,0,0,0,1
92148,0,0,0,0,0,0,0,0,1
92149,0,0,0,0,0,0,0,0,1
92150,0,0,0,0,0,0,0,0,1
92151,0,0,0,0,0,0,0,0,1
92152,0,0,0,0,0,0,0,0,1
92153,0,0,0,0,0,0,0,0,1
92154,0,0,0,0,0,0,0,0,1
92155,0,0,0,0,0,0,0,0,1
92156,0,0,0,0,0,0,0,0,1
92157,0,0,0,0,0,0,0,0,1
92158,0,0,0,0,0,0,0,0,1
92159,0,0,0,0,0,0,0,0,1
92160,0,0,0,0,0,0,0,0,1
92161,0,0,0,0,0,0,0,0,1
92162,0,0,0,0,0,0,0,0,1
92163,0,0,0,0,0,0,0,0,1
92164,0,0,0,0,0,0,0,0,1
92165,0,0,0,0,0,0,0,0,1
92166,0,0,0,0,0,0,0,0,1
92167,0,0,0,0,0,0,0,0,1
92168,0,0,0,0,0,0,0,0,1
92169,0,0,0,0,0,0,0,0,1
92170,0,0,0,0,0,0,0,0,1
92171,0,0,0,0,0,0,0,0,1
92172,0,0,0,0,0,0,0,0,1
92173,0,0,0,0,0,0,0,0,1
92174,0,0,0,0,0,0,0,0,1
92175,0,0,0,0,0,0,0,0,1
92176,0,0,0,0,0,0,0,0,1
92177,0,0,0,0,0,0,0,0,1
92178,0,0,0,0,0,0,0,0,1
92179,0,0,0,0,0,0,0,0,1
92180,0,0,0,0,0,0,0,0,1
92181,0,0,0,0,0,0,0,0,1
92182,0,0,0,0,0,0,0,0,1
92183,0,0,0,0,0,0,0,0,1
92184,0,0,0,0,0,0,0,0,1
92185,0,0,0,0,0,0,0,0,1
92186,0,0,0,0,0,0,0,0,1
92187,0,0,0,0,0,0,0,0,1
92188,0,0,0,0,0,0,0,0,1
92189,0,0,0,0,0,0,0,0,1
92190,0,0,0,0,0,0,0,0,1
92191,0,0,0,0,0,0,0,0,1
92192,0,0,0,0,0,0,0,0,1
92193,0,0,0,0,0,0,0,0,1
92194,0,0,0,0,0,0,0,0,1
92195,0,0,0,0,0,0,0,0,1
92196,0,0,0,0,0,0,0,0,1
92197,0,0,0,0,0,0,0,0,1
92198,0,0,0,0,0,0,0,0,1
92199,0,0,0,0,0,0,0,0,1
92200,0,0,0,0,0,0,0,0,1
92201,0,0,0,0,0,0,0,0,1
92202,0,0,0,0,0,0,0,0,1
92203,0,0,0,0,0,0,0,0,1
92204,0,0,0,0,0,0,0,0,1
92205,0,0,0,0,0,0,0,0,1
92206,0,0,0,0,0,0,0,0,1
92207,0,0,0,0,0,0,0,0,1
92208,0,0,0,0,0,0,0,0,1
92209,0,0,0,0,0,0,0,0,1
92210,0,0,0,0,0,0,0,0,1
92211,0,0,0,0,0,0,0,0,1
92212,0,0,0,0,0,0,0,0,1
92213,0,0,0,0,0,0,0,0,1
92214,0,0,0,0,0,0,0,0,1
92215,0,0,0,0,0,0,0,0,1
92216,0,0,0,0,0,0,0,0,1
92217,0,0,0,0,0,0,0,0,1
92218,0,0,0,0,0,0,0,0,1
92219,0,0,0,0,0,0,0,0,1
92220,0,0,0,0,0,0,0,0,1
92221,0,0,0,0,0,0,0,0,1
92222,0,0,0,0,0,0,0,0,1
92223,0,0,0,0,0,0,0,0,1
92224,0,0,0,0,0,0,0,0,1
92225,0,0,0,0,0,0,0,0,1
92226,0,0,0,0,0,0,0,0,1
92227,0,0,0,0,0,0,0,0,1
92228,0,0,0,0,0,0,0,0,1
92229,0,0,0,0,0,0,0,0,1
92230,0,0,0,0,0,0,0,0,1
92231,0,0,0,0,0,0,0,0,1
92232,0,0,0,0,0,0,0,0,1
92233,0,0,0,0,0,0,0,0,1
92234,0,0,0,0,0,0,0,0,1
92235,0,0,0,0,0,0,0,0,1
92236,0,0,0,0,0,0,0,0,1
92237,0,0,0,0,0,0,0,0,1
92238,0,0,0,0,0,0,0,0,1
92239,0,0,0,0,0,0,0,0,1
92240,0,0,0,0,0,0,0,0,1
92241,0,0,0,0,0,0,0,0,1
92242,0,0,0,0,0,0,0,0,1
92243,0,0,0,0,0,0,0,0,1
92244,0,0,0,0,0,0,0,0,1
92245,0,0,0,0,0,0,0,0,1
92246,0,0,0,0,0,0,0,0,1
92247,0,0,0,0,0,0,0,0,1
92248,0,0,0,0,0,0,0,0,1
92249,0,0,0,0,0,0,0,0,1
92250,0,0,0,0,0,0,0,0,1
92251,0,0,0,0,0,0,0,0,1
92252,0,0,0,0,0,0,0,0,1
92253,0,0,0,0,0,0,0,0,1
92254,0,0,0,0,0,0,0,0,1
92255,0,0,0,0,0,0,0,0,1
92256,0,0,0,0,0,0,0,0,1
92257,0,0,0,0,0,0,0,0,1
92258,0,0,0,0,0,0,0,0,1
92259,0,0,0,0,0,0,0,0,1
92260,0,0,0,0,0,0,0,0,1
92261,0,0,0,0,0,0,0,0,1
92262,0,0,0,0,0,0,0,0,1
92263,0,0,0,0,0,0,0,0,1
92264,0,0,0,0,0,0,0,0,1
92265,0,0,0,0,0,0,0,0,1
92266,0,0,0,0,0,0,0,0,1
92267,0,0,0,0,0,0,0,0,1
92268,0,0,0,0,0,0,0,0,1
92269,0,0,0,0,0,0,0,0,1
92270,0,0,0,0,0,0,0,0,1
92271,0,0,0,0,0,0,0,0,1
92272,0,0,0,0,0,0,0,0,1
92273,0,0,0,0,0,0,0,0,1
92274,0,0,0,0,0,0,0,0,1
92275,0,0,0,0,0,0,0,0,1
92276,0,0,0,0,0,0,0,0,1
92277,0,0,0,0,0,0,0,0,1
92278,0,0,0,0,0,0,0,0,1
92279,0,0,0,0,0,0,0,0,1
92280,0,0,0,0,0,0,0,0,1
92281,0,0,0,0,0,0,0,0,1
92282,0,0,0,0,0,0,0,0,1
92283,0,0,0,0,0,0,0,0,1
92284,0,0,0,0,0,0,0,0,1
92285,0,0,0,0,0,0,0,0,1
92286,0,0,0,0,0,0,0,0,1
92287,0,0,0,0,0,0,0,0,1
92288,0,0,0,0,0,0,0,0,1
92289,0,0,0,0,0,0,0,0,1
92290,0,0,0,0,0,0,0,0,1
92291,0,0,0,0,0,0,0,0,1
92292,0,0,0,0,0,0,0,0,1
92293,0,0,0,0,0,0,0,0,1
92294,0,0,0,0,0,0,0,0,1
92295,0,0,0,0,0,0,0,0,1
92296,0,0,0,0,0,0,0,0,1
92297,0,0,0,0,0,0,0,0,1
92298,0,0,0,0,0,0,0,0,1
92299,0,0,0,0,0,0,0,0,1
92300,0,0,0,0,0,0,0,0,1
92301,0,0,0,0,0,0,0,0,1
92302,0,0,0,0,0,0,0,0,1
92303,0,0,0,0,0,0,0,0,1
92304,0,0,0,0,0,0,0,0,1
92305,0,0,0,0,0,0,0,0,1
92306,0,0,0,0,0,0,0,0,1
92307,0,0,0,0,0,0,0,0,1
92308,0,0,0,0,0,0,0,0,1
92309,0,0,0,0,0,0,0,0,1
92310,0,0,0,0,0,0,0,0,1
92311,0,0,0,0,0,0,0,0,1
92312,0,0,0,0,0,0,0,0,1
92313,0,0,0,0,0,0,0,0,1
92314,0,0,0,0,0,0,0,0,1
92315,0,0,0,0,0,0,0,0,1
92316,0,0,0,0,0,0,0,0,1
92317,0,0,0,0,0,0,0,0,1
92318,0,0,0,0,0,0,0,0,1
92319,0,0,0,0,0,0,0,0,1
92320,0,0,0,0,0,0,0,0,1
92321,0,0,0,0,0,0,0,0,1
92322,0,0,0,0,0,0,0,0,1
92323,0,0,0,0,0,0,0,0,1
92324,0,0,0,0,0,0,0,0,1
92325,0,0,0,0,0,0,0,0,1
92326,0,0,0,0,0,0,0,0,1
92327,0,0,0,0,0,0,0,0,1
92328,0,0,0,0,0,0,0,0,1
92329,0,0,0,0,0,0,0,0,1
92330,0,0,0,0,0,0,0,0,1
92331,0,0,0,0,0,0,0,0,1
92332,0,0,0,0,0,0,0,0,1
92333,0,0,0,0,0,0,0,0,1
92334,0,0,0,0,0,0,0,0,1
92335,0,0,0,0,0,0,0,0,1
92336,0,0,0,0,0,0,0,0,1
92337,0,0,0,0,0,0,0,0,1
92338,0,0,0,0,0,0,0,0,1
92339,0,0,0,0,0,0,0,0,1
92340,0,0,0,0,0,0,0,0,1
92341,0,0,0,0,0,0,0,0,1
92342,0,0,0,0,0,0,0,0,1
92343,0,0,0,0,0,0,0,0,1
92344,0,0,0,0,0,0,0,0,1
92345,0,0,0,0,0,0,0,0,1
92346,0,0,0,0,0,0,0,0,1
92347,0,0,0,0,0,0,0,0,1
92348,0,0,0,0,0,0,0,0,1
92349,0,0,0,0,0,0,0,0,1
92350,0,0,0,0,0,0,0,0,1
92351,0,0,0,0,0,0,0,0,1
92352,0,0,0,0,0,0,0,0,1
92353,0,0,0,0,0,0,0,0,1
92354,0,0,0,0,0,0,0,0,1
92355,0,0,0,0,0,0,0,0,1
92356,0,0,0,0,0,0,0,0,1
92357,0,0,0,0,0,0,0,0,1
92358,0,0,0,0,0,0,0,0,1
92359,0,0,0,0,0,0,0,0,1
92360,0,0,0,0,0,0,0,0,1
92361,0,0,0,0,0,0,0,0,1
92362,0,0,0,0,0,0,0,0,1
92363,0,0,0,0,0,0,0,0,1
92364,0,0,0,0,0,0,0,0,1
92365,0,0,0,0,0,0,0,0,1
92366,0,0,0,0,0,0,0,0,1
92367,0,0,0,0,0,0,0,0,1
92368,0,0,0,0,0,0,0,0,1
92369,0,0,0,0,0,0,0,0,1
92370,0,0,0,0,0,0,0,0,1
92371,0,0,0,0,0,0,0,0,1
92372,0,0,0,0,0,0,0,0,1
92373,0,0,0,0,0,0,0,0,1
92374,0,0,0,0,0,0,0,0,1
92375,0,0,0,0,0,0,0,0,1
92376,0,0,0,0,0,0,0,0,1
92377,0,0,0,0,0,0,0,0,1
92378,0,0,0,0,0,0,0,0,1
92379,0,0,0,0,0,0,0,0,1
92380,0,0,0,0,0,0,0,0,1
92381,0,0,0,0,0,0,0,0,1
92382,0,0,0,0,0,0,0,0,1
92383,0,0,0,0,0,0,0,0,1
92384,0,0,0,0,0,0,0,0,1
92385,0,0,0,0,0,0,0,0,1
92386,0,0,0,0,0,0,0,0,1
92387,0,0,0,0,0,0,0,0,1
92388,0,0,0,0,0,0,0,0,1
92389,0,0,0,0,0,0,0,0,1
92390,0,0,0,0,0,0,0,0,1
92391,0,0,0,0,0,0,0,0,1
92392,0,0,0,0,0,0,0,0,1
92393,0,0,0,0,0,0,0,0,1
92394,0,0,0,0,0,0,0,0,1
92395,0,0,0,0,0,0,0,0,1
92396,0,0,0,0,0,0,0,0,1
92397,0,0,0,0,0,0,0,0,1
92398,0,0,0,0,0,0,0,0,1
92399,0,0,0,0,0,0,0,0,1
92400,0,0,0,0,0,0,0,0,1
92401,0,0,0,0,0,0,0,0,1
92402,0,0,0,0,0,0,0,0,1
92403,0,0,0,0,0,0,0,0,1
92404,0,0,0,0,0,0,0,0,1
92405,0,0,0,0,0,0,0,0,1
92406,0,0,0,0,0,0,0,0,1
92407,0,0,0,0,0,0,0,0,1
92408,0,0,0,0,0,0,0,0,1
92409,0,0,0,0,0,0,0,0,1
92410,0,0,0,0,0,0,0,0,1
92411,0,0,0,0,0,0,0,0,1
92412,0,0,0,0,0,0,0,0,1
92413,0,0,0,0,0,0,0,0,1
92414,0,0,0,0,0,0,0,0,1
92415,0,0,0,0,0,0,0,0,1
92416,0,0,0,0,0,0,0,0,1
92417,0,0,0,0,0,0,0,0,1
92418,0,0,0,0,0,0,0,0,1
92419,0,0,0,0,0,0,0,0,1
92420,0,0,0,0,0,0,0,0,1
92421,0,0,0,0,0,0,0,0,1
92422,0,0,0,0,0,0,0,0,1
92423,0,0,0,0,0,0,0,0,1
92424,0,0,0,0,0,0,0,0,1
92425,0,0,0,0,0,0,0,0,1
92426,0,0,0,0,0,0,0,0,1
92427,0,0,0,0,0,0,0,0,1
92428,0,0,0,0,0,0,0,0,1
92429,0,0,0,0,0,0,0,0,1
92430,0,0,0,0,0,0,0,0,1
92431,0,0,0,0,0,0,0,0,1
92432,0,0,0,0,0,0,0,0,1
92433,0,0,0,0,0,0,0,0,1
92434,0,0,0,0,0,0,0,0,1
92435,0,0,0,0,0,0,0,0,1
92436,0,0,0,0,0,0,0,0,1
92437,0,0,0,0,0,0,0,0,1
92438,0,0,0,0,0,0,0,0,1
92439,0,0,0,0,0,0,0,0,1
92440,0,0,0,0,0,0,0,0,1
92441,0,0,0,0,0,0,0,0,1
92442,0,0,0,0,0,0,0,0,1
92443,0,0,0,0,0,0,0,0,1
92444,0,0,0,0,0,0,0,0,1
92445,0,0,0,0,0,0,0,0,1
92446,0,0,0,0,0,0,0,0,1
92447,0,0,0,0,0,0,0,0,1
92448,0,0,0,0,0,0,0,0,1
92449,0,0,0,0,0,0,0,0,1
92450,0,0,0,0,0,0,0,0,1
92451,0,0,0,0,0,0,0,0,1
92452,0,0,0,0,0,0,0,0,1
92453,0,0,0,0,0,0,0,0,1
92454,0,0,0,0,0,0,0,0,1
92455,0,0,0,0,0,0,0,0,1
92456,0,0,0,0,0,0,0,0,1
92457,0,0,0,0,0,0,0,0,1
92458,0,0,0,0,0,0,0,0,1
92459,0,0,0,0,0,0,0,0,1
92460,0,0,0,0,0,0,0,0,1
92461,0,0,0,0,0,0,0,0,1
92462,0,0,0,0,0,0,0,0,1
92463,0,0,0,0,0,0,0,0,1
92464,0,0,0,0,0,0,0,0,1
92465,0,0,0,0,0,0,0,0,1
92466,0,0,0,0,0,0,0,0,1
92467,0,0,0,0,0,0,0,0,1
92468,0,0,0,0,0,0,0,0,1
92469,0,0,0,0,0,0,0,0,1
92470,0,0,0,0,0,0,0,0,1
92471,0,0,0,0,0,0,0,0,1
92472,0,0,0,0,0,0,0,0,1
92473,0,0,0,0,0,0,0,0,1
92474,0,0,0,0,0,0,0,0,1
92475,0,0,0,0,0,0,0,0,1
92476,0,0,0,0,0,0,0,0,1
92477,0,0,0,0,0,0,0,0,1
92478,0,0,0,0,0,0,0,0,1
92479,0,0,0,0,0,0,0,0,1
92480,0,0,0,0,0,0,0,0,1
92481,0,0,0,0,0,0,0,0,1
92482,0,0,0,0,0,0,0,0,1
92483,0,0,0,0,0,0,0,0,1
92484,0,0,0,0,0,0,0,0,1
92485,0,0,0,0,0,0,0,0,1
92486,0,0,0,0,0,0,0,0,1
92487,0,0,0,0,0,0,0,0,1
92488,0,0,0,0,0,0,0,0,1
92489,0,0,0,0,0,0,0,0,1
92490,0,0,0,0,0,0,0,0,1
92491,0,0,0,0,0,0,0,0,1
92492,0,0,0,0,0,0,0,0,1
92493,0,0,0,0,0,0,0,0,1
92494,0,0,0,0,0,0,0,0,1
92495,0,0,0,0,0,0,0,0,1
92496,0,0,0,0,0,0,0,0,1
92497,0,0,0,0,0,0,0,0,1
92498,0,0,0,0,0,0,0,0,1
92499,0,0,0,0,0,0,0,0,1
92500,0,0,0,0,0,0,0,0,1
92501,0,0,0,0,0,0,0,0,1
92502,0,0,0,0,0,0,0,0,1
92503,0,0,0,0,0,0,0,0,1
92504,0,0,0,0,0,0,0,0,1
92505,0,0,0,0,0,0,0,0,1
92506,0,0,0,0,0,0,0,0,1
92507,0,0,0,0,0,0,0,0,1
92508,0,0,0,0,0,0,0,0,1
92509,0,0,0,0,0,0,0,0,1
92510,0,0,0,0,0,0,0,0,1
92511,0,0,0,0,0,0,0,0,1
92512,0,0,0,0,0,0,0,0,1
92513,0,0,0,0,0,0,0,0,1
92514,0,0,0,0,0,0,0,0,1
92515,0,0,0,0,0,0,0,0,1
92516,0,0,0,0,0,0,0,0,1
92517,0,0,0,0,0,0,0,0,1
92518,0,0,0,0,0,0,0,0,1
92519,0,0,0,0,0,0,0,0,1
92520,0,0,0,0,0,0,0,0,1
92521,0,0,0,0,0,0,0,0,1
92522,0,0,0,0,0,0,0,0,1
92523,0,0,0,0,0,0,0,0,1
92524,0,0,0,0,0,0,0,0,1
92525,0,0,0,0,0,0,0,0,1
92526,0,0,0,0,0,0,0,0,1
92527,0,0,0,0,0,0,0,0,1
92528,0,0,0,0,0,0,0,0,1
92529,0,0,0,0,0,0,0,0,1
92530,0,0,0,0,0,0,0,0,1
92531,0,0,0,0,0,0,0,0,1
92532,0,0,0,0,0,0,0,0,1
92533,0,0,0,0,0,0,0,0,1
92534,0,0,0,0,0,0,0,0,1
92535,0,0,0,0,0,0,0,0,1
92536,0,0,0,0,0,0,0,0,1
92537,0,0,0,0,0,0,0,0,1
92538,0,0,0,0,0,0,0,0,1
92539,0,0,0,0,0,0,0,0,1
92540,0,0,0,0,0,0,0,0,1
92541,0,0,0,0,0,0,0,0,1
92542,0,0,0,0,0,0,0,0,1
92543,0,0,0,0,0,0,0,0,1
92544,0,0,0,0,0,0,0,0,1
92545,0,0,0,0,0,0,0,0,1
92546,0,0,0,0,0,0,0,0,1
92547,0,0,0,0,0,0,0,0,1
92548,0,0,0,0,0,0,0,0,1
92549,0,0,0,0,0,0,0,0,1
92550,0,0,0,0,0,0,0,0,1
92551,0,0,0,0,0,0,0,0,1
92552,0,0,0,0,0,0,0,0,1
92553,0,0,0,0,0,0,0,0,1
92554,0,0,0,0,0,0,0,0,1
92555,0,0,0,0,0,0,0,0,1
92556,0,0,0,0,0,0,0,0,1
92557,0,0,0,0,0,0,0,0,1
92558,0,0,0,0,0,0,0,0,1
92559,0,0,0,0,0,0,0,0,1
92560,0,0,0,0,0,0,0,0,1
92561,0,0,0,0,0,0,0,0,1
92562,0,0,0,0,0,0,0,0,1
92563,0,0,0,0,0,0,0,0,1
92564,0,0,0,0,0,0,0,0,1
92565,0,0,0,0,0,0,0,0,1
92566,0,0,0,0,0,0,0,0,1
92567,0,0,0,0,0,0,0,0,1
92568,0,0,0,0,0,0,0,0,1
92569,0,0,0,0,0,0,0,0,1
92570,0,0,0,0,0,0,0,0,1
92571,0,0,0,0,0,0,0,0,1
92572,0,0,0,0,0,0,0,0,1
92573,0,0,0,0,0,0,0,0,1
92574,0,0,0,0,0,0,0,0,1
92575,0,0,0,0,0,0,0,0,1
92576,0,0,0,0,0,0,0,0,1
92577,0,0,0,0,0,0,0,0,1
92578,0,0,0,0,0,0,0,0,1
92579,0,0,0,0,0,0,0,0,1
92580,0,0,0,0,0,0,0,0,1
92581,0,0,0,0,0,0,0,0,1
92582,0,0,0,0,0,0,0,0,1
92583,0,0,0,0,0,0,0,0,1
92584,0,0,0,0,0,0,0,0,1
92585,0,0,0,0,0,0,0,0,1
92586,0,0,0,0,0,0,0,0,1
92587,0,0,0,0,0,0,0,0,1
92588,0,0,0,0,0,0,0,0,1
92589,0,0,0,0,0,0,0,0,1
92590,0,0,0,0,0,0,0,0,1
92591,0,0,0,0,0,0,0,0,1
92592,0,0,0,0,0,0,0,0,1
92593,0,0,0,0,0,0,0,0,1
92594,0,0,0,0,0,0,0,0,1
92595,0,0,0,0,0,0,0,0,1
92596,0,0,0,0,0,0,0,0,1
92597,0,0,0,0,0,0,0,0,1
92598,0,0,0,0,0,0,0,0,1
92599,0,0,0,0,0,0,0,0,1
92600,0,0,0,0,0,0,0,0,1
92601,0,0,0,0,0,0,0,0,1
92602,0,0,0,0,0,0,0,0,1
92603,0,0,0,0,0,0,0,0,1
92604,0,0,0,0,0,0,0,0,1
92605,0,0,0,0,0,0,0,0,1
92606,0,0,0,0,0,0,0,0,1
92607,0,0,0,0,0,0,0,0,1
92608,0,0,0,0,0,0,0,0,1
92609,0,0,0,0,0,0,0,0,1
92610,0,0,0,0,0,0,0,0,1
92611,0,0,0,0,0,0,0,0,1
92612,0,0,0,0,0,0,0,0,1
92613,0,0,0,0,0,0,0,0,1
92614,0,0,0,0,0,0,0,0,1
92615,0,0,0,0,0,0,0,0,1
92616,0,0,0,0,0,0,0,0,1
92617,0,0,0,0,0,0,0,0,1
92618,0,0,0,0,0,0,0,0,1
92619,0,0,0,0,0,0,0,0,1
92620,0,0,0,0,0,0,0,0,1
92621,0,0,0,0,0,0,0,0,1
92622,0,0,0,0,0,0,0,0,1
92623,0,0,0,0,0,0,0,0,1
92624,0,0,0,0,0,0,0,0,1
92625,0,0,0,0,0,0,0,0,1
92626,0,0,0,0,0,0,0,0,1
92627,0,0,0,0,0,0,0,0,1
92628,0,0,0,0,0,0,0,0,1
92629,0,0,0,0,0,0,0,0,1
92630,0,0,0,0,0,0,0,0,1
92631,0,0,0,0,0,0,0,0,1
92632,0,0,0,0,0,0,0,0,1
92633,0,0,0,0,0,0,0,0,1
92634,0,0,0,0,0,0,0,0,1
92635,0,0,0,0,0,0,0,0,1
92636,0,0,0,0,0,0,0,0,1
92637,0,0,0,0,0,0,0,0,1
92638,0,0,0,0,0,0,0,0,1
92639,0,0,0,0,0,0,0,0,1
92640,0,0,0,0,0,0,0,0,1
92641,0,0,0,0,0,0,0,0,1
92642,0,0,0,0,0,0,0,0,1
92643,0,0,0,0,0,0,0,0,1
92644,0,0,0,0,0,0,0,0,1
92645,0,0,0,0,0,0,0,0,1
92646,0,0,0,0,0,0,0,0,1
92647,0,0,0,0,0,0,0,0,1
92648,0,0,0,0,0,0,0,0,1
92649,0,0,0,0,0,0,0,0,1
92650,0,0,0,0,0,0,0,0,1
92651,0,0,0,0,0,0,0,0,1
92652,0,0,0,0,0,0,0,0,1
92653,0,0,0,0,0,0,0,0,1
92654,0,0,0,0,0,0,0,0,1
92655,0,0,0,0,0,0,0,0,1
92656,0,0,0,0,0,0,0,0,1
92657,0,0,0,0,0,0,0,0,1
92658,0,0,0,0,0,0,0,0,1
92659,0,0,0,0,0,0,0,0,1
92660,0,0,0,0,0,0,0,0,1
92661,0,0,0,0,0,0,0,0,1
92662,0,0,0,0,0,0,0,0,1
92663,0,0,0,0,0,0,0,0,1
92664,0,0,0,0,0,0,0,0,1
92665,0,0,0,0,0,0,0,0,1
92666,0,0,0,0,0,0,0,0,1
92667,0,0,0,0,0,0,0,0,1
92668,0,0,0,0,0,0,0,0,1
92669,0,0,0,0,0,0,0,0,1
92670,0,0,0,0,0,0,0,0,1
92671,0,0,0,0,0,0,0,0,1
92672,0,0,0,0,0,0,0,0,1
92673,0,0,0,0,0,0,0,0,1
92674,0,0,0,0,0,0,0,0,1
92675,0,0,0,0,0,0,0,0,1
92676,0,0,0,0,0,0,0,0,1
92677,0,0,0,0,0,0,0,0,1
92678,0,0,0,0,0,0,0,0,1
92679,0,0,0,0,0,0,0,0,1
92680,0,0,0,0,0,0,0,0,1
92681,0,0,0,0,0,0,0,0,1
92682,0,0,0,0,0,0,0,0,1
92683,0,0,0,0,0,0,0,0,1
92684,0,0,0,0,0,0,0,0,1
92685,0,0,0,0,0,0,0,0,1
92686,0,0,0,0,0,0,0,0,1
92687,0,0,0,0,0,0,0,0,1
92688,0,0,0,0,0,0,0,0,1
92689,0,0,0,0,0,0,0,0,1
92690,0,0,0,0,0,0,0,0,1
92691,0,0,0,0,0,0,0,0,1
92692,0,0,0,0,0,0,0,0,1
92693,0,0,0,0,0,0,0,0,1
92694,0,0,0,0,0,0,0,0,1
92695,0,0,0,0,0,0,0,0,1
92696,0,0,0,0,0,0,0,0,1
92697,0,0,0,0,0,0,0,0,1
92698,0,0,0,0,0,0,0,0,1
92699,0,0,0,0,0,0,0,0,1
92700,0,0,0,0,0,0,0,0,1
92701,0,0,0,0,0,0,0,0,1
92702,0,0,0,0,0,0,0,0,1
92703,0,0,0,0,0,0,0,0,1
92704,0,0,0,0,0,0,0,0,1
92705,0,0,0,0,0,0,0,0,1
92706,0,0,0,0,0,0,0,0,1
92707,0,0,0,0,0,0,0,0,1
92708,0,0,0,0,0,0,0,0,1
92709,0,0,0,0,0,0,0,0,1
92710,0,0,0,0,0,0,0,0,1
92711,0,0,0,0,0,0,0,0,1
92712,0,0,0,0,0,0,0,0,1
92713,0,0,0,0,0,0,0,0,1
92714,0,0,0,0,0,0,0,0,1
92715,0,0,0,0,0,0,0,0,1
92716,0,0,0,0,0,0,0,0,1
92717,0,0,0,0,0,0,0,0,1
92718,0,0,0,0,0,0,0,0,1
92719,0,0,0,0,0,0,0,0,1
92720,0,0,0,0,0,0,0,0,1
92721,0,0,0,0,0,0,0,0,1
92722,0,0,0,0,0,0,0,0,1
92723,0,0,0,0,0,0,0,0,1
92724,0,0,0,0,0,0,0,0,1
92725,0,0,0,0,0,0,0,0,1
92726,0,0,0,0,0,0,0,0,1
92727,0,0,0,0,0,0,0,0,1
92728,0,0,0,0,0,0,0,0,1
92729,0,0,0,0,0,0,0,0,1
92730,0,0,0,0,0,0,0,0,1
92731,0,0,0,0,0,0,0,0,1
92732,0,0,0,0,0,0,0,0,1
92733,0,0,0,0,0,0,0,0,1
92734,0,0,0,0,0,0,0,0,1
92735,0,0,0,0,0,0,0,0,1
92736,0,0,0,0,0,0,0,0,1
92737,0,0,0,0,0,0,0,0,1
92738,0,0,0,0,0,0,0,0,1
92739,0,0,0,0,0,0,0,0,1
92740,0,0,0,0,0,0,0,0,1
92741,0,0,0,0,0,0,0,0,1
92742,0,0,0,0,0,0,0,0,1
92743,0,0,0,0,0,0,0,0,1
92744,0,0,0,0,0,0,0,0,1
92745,0,0,0,0,0,0,0,0,1
92746,0,0,0,0,0,0,0,0,1
92747,0,0,0,0,0,0,0,0,1
92748,0,0,0,0,0,0,0,0,1
92749,0,0,0,0,0,0,0,0,1
92750,0,0,0,0,0,0,0,0,1
92751,0,0,0,0,0,0,0,0,1
92752,0,0,0,0,0,0,0,0,1
92753,0,0,0,0,0,0,0,0,1
92754,0,0,0,0,0,0,0,0,1
92755,0,0,0,0,0,0,0,0,1
92756,0,0,0,0,0,0,0,0,1
92757,0,0,0,0,0,0,0,0,1
92758,0,0,0,0,0,0,0,0,1
92759,0,0,0,0,0,0,0,0,1
92760,0,0,0,0,0,0,0,0,1
92761,0,0,0,0,0,0,0,0,1
92762,0,0,0,0,0,0,0,0,1
92763,0,0,0,0,0,0,0,0,1
92764,0,0,0,0,0,0,0,0,1
92765,0,0,0,0,0,0,0,0,1
92766,0,0,0,0,0,0,0,0,1
92767,0,0,0,0,0,0,0,0,1
92768,0,0,0,0,0,0,0,0,1
92769,0,0,0,0,0,0,0,0,1
92770,0,0,0,0,0,0,0,0,1
92771,0,0,0,0,0,0,0,0,1
92772,0,0,0,0,0,0,0,0,1
92773,0,0,0,0,0,0,0,0,1
92774,0,0,0,0,0,0,0,0,1
92775,0,0,0,0,0,0,0,0,1
92776,0,0,0,0,0,0,0,0,1
92777,0,0,0,0,0,0,0,0,1
92778,0,0,0,0,0,0,0,0,1
92779,0,0,0,0,0,0,0,0,1
92780,0,0,0,0,0,0,0,0,1
92781,0,0,0,0,0,0,0,0,1
92782,0,0,0,0,0,0,0,0,1
92783,0,0,0,0,0,0,0,0,1
92784,0,0,0,0,0,0,0,0,1
92785,0,0,0,0,0,0,0,0,1
92786,0,0,0,0,0,0,0,0,1
92787,0,0,0,0,0,0,0,0,1
92788,0,0,0,0,0,0,0,0,1
92789,0,0,0,0,0,0,0,0,1
92790,0,0,0,0,0,0,0,0,1
92791,0,0,0,0,0,0,0,0,1
92792,0,0,0,0,0,0,0,0,1
92793,0,0,0,0,0,0,0,0,1
92794,0,0,0,0,0,0,0,0,1
92795,0,0,0,0,0,0,0,0,1
92796,0,0,0,0,0,0,0,0,1
92797,0,0,0,0,0,0,0,0,1
92798,0,0,0,0,0,0,0,0,1
92799,0,0,0,0,0,0,0,0,1
92800,0,0,0,0,0,0,0,0,1
92801,0,0,0,0,0,0,0,0,1
92802,0,0,0,0,0,0,0,0,1
92803,0,0,0,0,0,0,0,0,1
92804,0,0,0,0,0,0,0,0,1
92805,0,0,0,0,0,0,0,0,1
92806,0,0,0,0,0,0,0,0,1
92807,0,0,0,0,0,0,0,0,1
92808,0,0,0,0,0,0,0,0,1
92809,0,0,0,0,0,0,0,0,1
92810,0,0,0,0,0,0,0,0,1
92811,0,0,0,0,0,0,0,0,1
92812,0,0,0,0,0,0,0,0,1
92813,0,0,0,0,0,0,0,0,1
92814,0,0,0,0,0,0,0,0,1
92815,0,0,0,0,0,0,0,0,1
92816,0,0,0,0,0,0,0,0,1
92817,0,0,0,0,0,0,0,0,1
92818,0,0,0,0,0,0,0,0,1
92819,0,0,0,0,0,0,0,0,1
92820,0,0,0,0,0,0,0,0,1
92821,0,0,0,0,0,0,0,0,1
92822,0,0,0,0,0,0,0,0,1
92823,0,0,0,0,0,0,0,0,1
92824,0,0,0,0,0,0,0,0,1
92825,0,0,0,0,0,0,0,0,1
92826,0,0,0,0,0,0,0,0,1
92827,0,0,0,0,0,0,0,0,1
92828,0,0,0,0,0,0,0,0,1
92829,0,0,0,0,0,0,0,0,1
92830,0,0,0,0,0,0,0,0,1
92831,0,0,0,0,0,0,0,0,1
92832,0,0,0,0,0,0,0,0,1
92833,0,0,0,0,0,0,0,0,1
92834,0,0,0,0,0,0,0,0,1
92835,0,0,0,0,0,0,0,0,1
92836,0,0,0,0,0,0,0,0,1
92837,0,0,0,0,0,0,0,0,1
92838,0,0,0,0,0,0,0,0,1
92839,0,0,0,0,0,0,0,0,1
92840,0,0,0,0,0,0,0,0,1
92841,0,0,0,0,0,0,0,0,1
92842,0,0,0,0,0,0,0,0,1
92843,0,0,0,0,0,0,0,0,1
92844,0,0,0,0,0,0,0,0,1
92845,0,0,0,0,0,0,0,0,1
92846,0,0,0,0,0,0,0,0,1
92847,0,0,0,0,0,0,0,0,1
92848,0,0,0,0,0,0,0,0,1
92849,0,0,0,0,0,0,0,0,1
92850,0,0,0,0,0,0,0,0,1
92851,0,0,0,0,0,0,0,0,1
92852,0,0,0,0,0,0,0,0,1
92853,0,0,0,0,0,0,0,0,1
92854,0,0,0,0,0,0,0,0,1
92855,0,0,0,0,0,0,0,0,1
92856,0,0,0,0,0,0,0,0,1
92857,0,0,0,0,0,0,0,0,1
92858,0,0,0,0,0,0,0,0,1
92859,0,0,0,0,0,0,0,0,1
92860,0,0,0,0,0,0,0,0,1
92861,0,0,0,0,0,0,0,0,1
92862,0,0,0,0,0,0,0,0,1
92863,0,0,0,0,0,0,0,0,1
92864,0,0,0,0,0,0,0,0,1
92865,0,0,0,0,0,0,0,0,1
92866,0,0,0,0,0,0,0,0,1
92867,0,0,0,0,0,0,0,0,1
92868,0,0,0,0,0,0,0,0,1
92869,0,0,0,0,0,0,0,0,1
92870,0,0,0,0,0,0,0,0,1
92871,0,0,0,0,0,0,0,0,1
92872,0,0,0,0,0,0,0,0,1
92873,0,0,0,0,0,0,0,0,1
92874,0,0,0,0,0,0,0,0,1
92875,0,0,0,0,0,0,0,0,1
92876,0,0,0,0,0,0,0,0,1
92877,0,0,0,0,0,0,0,0,1
92878,0,0,0,0,0,0,0,0,1
92879,0,0,0,0,0,0,0,0,1
92880,0,0,0,0,0,0,0,0,1
92881,0,0,0,0,0,0,0,0,1
92882,0,0,0,0,0,0,0,0,1
92883,0,0,0,0,0,0,0,0,1
92884,0,0,0,0,0,0,0,0,1
92885,0,0,0,0,0,0,0,0,1
92886,0,0,0,0,0,0,0,0,1
92887,0,0,0,0,0,0,0,0,1
92888,0,0,0,0,0,0,0,0,1
92889,0,0,0,0,0,0,0,0,1
92890,0,0,0,0,0,0,0,0,1
92891,0,0,0,0,0,0,0,0,1
92892,0,0,0,0,0,0,0,0,1
92893,0,0,0,0,0,0,0,0,1
92894,0,0,0,0,0,0,0,0,1
92895,0,0,0,0,0,0,0,0,1
92896,0,0,0,0,0,0,0,0,1
92897,0,0,0,0,0,0,0,0,1
92898,0,0,0,0,0,0,0,0,1
92899,0,0,0,0,0,0,0,0,1
92900,0,0,0,0,0,0,0,0,1
92901,0,0,0,0,0,0,0,0,1
92902,0,0,0,0,0,0,0,0,1
92903,0,0,0,0,0,0,0,0,1
92904,0,0,0,0,0,0,0,0,1
92905,0,0,0,0,0,0,0,0,1
92906,0,0,0,0,0,0,0,0,1
92907,0,0,0,0,0,0,0,0,1
92908,0,0,0,0,0,0,0,0,1
92909,0,0,0,0,0,0,0,0,1
92910,0,0,0,0,0,0,0,0,1
92911,0,0,0,0,0,0,0,0,1
92912,0,0,0,0,0,0,0,0,1
92913,0,0,0,0,0,0,0,0,1
92914,0,0,0,0,0,0,0,0,1
92915,0,0,0,0,0,0,0,0,1
92916,0,0,0,0,0,0,0,0,1
92917,0,0,0,0,0,0,0,0,1
92918,0,0,0,0,0,0,0,0,1
92919,0,0,0,0,0,0,0,0,1
92920,0,0,0,0,0,0,0,0,1
92921,0,0,0,0,0,0,0,0,1
92922,0,0,0,0,0,0,0,0,1
92923,0,0,0,0,0,0,0,0,1
92924,0,0,0,0,0,0,0,0,1
92925,0,0,0,0,0,0,0,0,1
92926,0,0,0,0,0,0,0,0,1
92927,0,0,0,0,0,0,0,0,1
92928,0,0,0,0,0,0,0,0,1
92929,0,0,0,0,0,0,0,0,1
92930,0,0,0,0,0,0,0,0,1
92931,0,0,0,0,0,0,0,0,1
92932,0,0,0,0,0,0,0,0,1
92933,0,0,0,0,0,0,0,0,1
92934,0,0,0,0,0,0,0,0,1
92935,0,0,0,0,0,0,0,0,1
92936,0,0,0,0,0,0,0,0,1
92937,0,0,0,0,0,0,0,0,1
92938,0,0,0,0,0,0,0,0,1
92939,0,0,0,0,0,0,0,0,1
92940,0,0,0,0,0,0,0,0,1
92941,0,0,0,0,0,0,0,0,1
92942,0,0,0,0,0,0,0,0,1
92943,0,0,0,0,0,0,0,0,1
92944,0,0,0,0,0,0,0,0,1
92945,0,0,0,0,0,0,0,0,1
92946,0,0,0,0,0,0,0,0,1
92947,0,0,0,0,0,0,0,0,1
92948,0,0,0,0,0,0,0,0,1
92949,0,0,0,0,0,0,0,0,1
92950,0,0,0,0,0,0,0,0,1
92951,0,0,0,0,0,0,0,0,1
92952,0,0,0,0,0,0,0,0,1
92953,0,0,0,0,0,0,0,0,1
92954,0,0,0,0,0,0,0,0,1
92955,0,0,0,0,0,0,0,0,1
92956,0,0,0,0,0,0,0,0,1
92957,0,0,0,0,0,0,0,0,1
92958,0,0,0,0,0,0,0,0,1
92959,0,0,0,0,0,0,0,0,1
92960,0,0,0,0,0,0,0,0,1
92961,0,0,0,0,0,0,0,0,1
92962,0,0,0,0,0,0,0,0,1
92963,0,0,0,0,0,0,0,0,1
92964,0,0,0,0,0,0,0,0,1
92965,0,0,0,0,0,0,0,0,1
92966,0,0,0,0,0,0,0,0,1
92967,0,0,0,0,0,0,0,0,1
92968,0,0,0,0,0,0,0,0,1
92969,0,0,0,0,0,0,0,0,1
92970,0,0,0,0,0,0,0,0,1
92971,0,0,0,0,0,0,0,0,1
92972,0,0,0,0,0,0,0,0,1
92973,0,0,0,0,0,0,0,0,1
92974,0,0,0,0,0,0,0,0,1
92975,0,0,0,0,0,0,0,0,1
92976,0,0,0,0,0,0,0,0,1
92977,0,0,0,0,0,0,0,0,1
92978,0,0,0,0,0,0,0,0,1
92979,0,0,0,0,0,0,0,0,1
92980,0,0,0,0,0,0,0,0,1
92981,0,0,0,0,0,0,0,0,1
92982,0,0,0,0,0,0,0,0,1
92983,0,0,0,0,0,0,0,0,1
92984,0,0,0,0,0,0,0,0,1
92985,0,0,0,0,0,0,0,0,1
92986,0,0,0,0,0,0,0,0,1
92987,0,0,0,0,0,0,0,0,1
92988,0,0,0,0,0,0,0,0,1
92989,0,0,0,0,0,0,0,0,1
92990,0,0,0,0,0,0,0,0,1
92991,0,0,0,0,0,0,0,0,1
92992,0,0,0,0,0,0,0,0,1
92993,0,0,0,0,0,0,0,0,1
92994,0,0,0,0,0,0,0,0,1
92995,0,0,0,0,0,0,0,0,1
92996,0,0,0,0,0,0,0,0,1
92997,0,0,0,0,0,0,0,0,1
92998,0,0,0,0,0,0,0,0,1
92999,0,0,0,0,0,0,0,0,1
93000,0,0,0,0,0,0,0,0,1
93001,0,0,0,0,0,0,0,0,1
93002,0,0,0,0,0,0,0,0,1
93003,0,0,0,0,0,0,0,0,1
93004,0,0,0,0,0,0,0,0,1
93005,0,0,0,0,0,0,0,0,1
93006,0,0,0,0,0,0,0,0,1
93007,0,0,0,0,0,0,0,0,1
93008,0,0,0,0,0,0,0,0,1
93009,0,0,0,0,0,0,0,0,1
93010,0,0,0,0,0,0,0,0,1
93011,0,0,0,0,0,0,0,0,1
93012,0,0,0,0,0,0,0,0,1
93013,0,0,0,0,0,0,0,0,1
93014,0,0,0,0,0,0,0,0,1
93015,0,0,0,0,0,0,0,0,1
93016,0,0,0,0,0,0,0,0,1
93017,0,0,0,0,0,0,0,0,1
93018,0,0,0,0,0,0,0,0,1
93019,0,0,0,0,0,0,0,0,1
93020,0,0,0,0,0,0,0,0,1
93021,0,0,0,0,0,0,0,0,1
93022,0,0,0,0,0,0,0,0,1
93023,0,0,0,0,0,0,0,0,1
93024,0,0,0,0,0,0,0,0,1
93025,0,0,0,0,0,0,0,0,1
93026,0,0,0,0,0,0,0,0,1
93027,0,0,0,0,0,0,0,0,1
93028,0,0,0,0,0,0,0,0,1
93029,0,0,0,0,0,0,0,0,1
93030,0,0,0,0,0,0,0,0,1
93031,0,0,0,0,0,0,0,0,1
93032,0,0,0,0,0,0,0,0,1
93033,0,0,0,0,0,0,0,0,1
93034,0,0,0,0,0,0,0,0,1
93035,0,0,0,0,0,0,0,0,1
93036,0,0,0,0,0,0,0,0,1
93037,0,0,0,0,0,0,0,0,1
93038,0,0,0,0,0,0,0,0,1
93039,0,0,0,0,0,0,0,0,1
93040,0,0,0,0,0,0,0,0,1
93041,0,0,0,0,0,0,0,0,1
93042,0,0,0,0,0,0,0,0,1
93043,0,0,0,0,0,0,0,0,1
93044,0,0,0,0,0,0,0,0,1
93045,0,0,0,0,0,0,0,0,1
93046,0,0,0,0,0,0,0,0,1
93047,0,0,0,0,0,0,0,0,1
93048,0,0,0,0,0,0,0,0,1
93049,0,0,0,0,0,0,0,0,1
93050,0,0,0,0,0,0,0,0,1
93051,0,0,0,0,0,0,0,0,1
93052,0,0,0,0,0,0,0,0,1
93053,0,0,0,0,0,0,0,0,1
93054,0,0,0,0,0,0,0,0,1
93055,0,0,0,0,0,0,0,0,1
93056,0,0,0,0,0,0,0,0,1
93057,0,0,0,0,0,0,0,0,1
93058,0,0,0,0,0,0,0,0,1
93059,0,0,0,0,0,0,0,0,1
93060,0,0,0,0,0,0,0,0,1
93061,0,0,0,0,0,0,0,0,1
93062,0,0,0,0,0,0,0,0,1
93063,0,0,0,0,0,0,0,0,1
93064,0,0,0,0,0,0,0,0,1
93065,0,0,0,0,0,0,0,0,1
93066,0,0,0,0,0,0,0,0,1
93067,0,0,0,0,0,0,0,0,1
93068,0,0,0,0,0,0,0,0,1
93069,0,0,0,0,0,0,0,0,1
93070,0,0,0,0,0,0,0,0,1
93071,0,0,0,0,0,0,0,0,1
93072,0,0,0,0,0,0,0,0,1
93073,0,0,0,0,0,0,0,0,1
93074,0,0,0,0,0,0,0,0,1
93075,0,0,0,0,0,0,0,0,1
93076,0,0,0,0,0,0,0,0,1
93077,0,0,0,0,0,0,0,0,1
93078,0,0,0,0,0,0,0,0,1
93079,0,0,0,0,0,0,0,0,1
93080,0,0,0,0,0,0,0,0,1
93081,0,0,0,0,0,0,0,0,1
93082,0,0,0,0,0,0,0,0,1
93083,0,0,0,0,0,0,0,0,1
93084,0,0,0,0,0,0,0,0,1
93085,0,0,0,0,0,0,0,0,1
93086,0,0,0,0,0,0,0,0,1
93087,0,0,0,0,0,0,0,0,1
93088,0,0,0,0,0,0,0,0,1
93089,0,0,0,0,0,0,0,0,1
93090,0,0,0,0,0,0,0,0,1
93091,0,0,0,0,0,0,0,0,1
93092,0,0,0,0,0,0,0,0,1
93093,0,0,0,0,0,0,0,0,1
93094,0,0,0,0,0,0,0,0,1
93095,0,0,0,0,0,0,0,0,1
93096,0,0,0,0,0,0,0,0,1
93097,0,0,0,0,0,0,0,0,1
93098,0,0,0,0,0,0,0,0,1
93099,0,0,0,0,0,0,0,0,1
93100,0,0,0,0,0,0,0,0,1
93101,0,0,0,0,0,0,0,0,1
93102,0,0,0,0,0,0,0,0,1
93103,0,0,0,0,0,0,0,0,1
93104,0,0,0,0,0,0,0,0,1
93105,0,0,0,0,0,0,0,0,1
93106,0,0,0,0,0,0,0,0,1
93107,0,0,0,0,0,0,0,0,1
93108,0,0,0,0,0,0,0,0,1
93109,0,0,0,0,0,0,0,0,1
93110,0,0,0,0,0,0,0,0,1
93111,0,0,0,0,0,0,0,0,1
93112,0,0,0,0,0,0,0,0,1
93113,0,0,0,0,0,0,0,0,1
93114,0,0,0,0,0,0,0,0,1
93115,0,0,0,0,0,0,0,0,1
93116,0,0,0,0,0,0,0,0,1
93117,0,0,0,0,0,0,0,0,1
93118,0,0,0,0,0,0,0,0,1
93119,0,0,0,0,0,0,0,0,1
93120,0,0,0,0,0,0,0,0,1
93121,0,0,0,0,0,0,0,0,1
93122,0,0,0,0,0,0,0,0,1
93123,0,0,0,0,0,0,0,0,1
93124,0,0,0,0,0,0,0,0,1
93125,0,0,0,0,0,0,0,0,1
93126,0,0,0,0,0,0,0,0,1
93127,0,0,0,0,0,0,0,0,1
93128,0,0,0,0,0,0,0,0,1
93129,0,0,0,0,0,0,0,0,1
93130,0,0,0,0,0,0,0,0,1
93131,0,0,0,0,0,0,0,0,1
93132,0,0,0,0,0,0,0,0,1
93133,0,0,0,0,0,0,0,0,1
93134,0,0,0,0,0,0,0,0,1
93135,0,0,0,0,0,0,0,0,1
93136,0,0,0,0,0,0,0,0,1
93137,0,0,0,0,0,0,0,0,1
93138,0,0,0,0,0,0,0,0,1
93139,0,0,0,0,0,0,0,0,1
93140,0,0,0,0,0,0,0,0,1
93141,0,0,0,0,0,0,0,0,1
93142,0,0,0,0,0,0,0,0,1
93143,0,0,0,0,0,0,0,0,1
93144,0,0,0,0,0,0,0,0,1
93145,0,0,0,0,0,0,0,0,1
93146,0,0,0,0,0,0,0,0,1
93147,0,0,0,0,0,0,0,0,1
93148,0,0,0,0,0,0,0,0,1
93149,0,0,0,0,0,0,0,0,1
93150,0,0,0,0,0,0,0,0,1
93151,0,0,0,0,0,0,0,0,1
93152,0,0,0,0,0,0,0,0,1
93153,0,0,0,0,0,0,0,0,1
93154,0,0,0,0,0,0,0,0,1
93155,0,0,0,0,0,0,0,0,1
93156,0,0,0,0,0,0,0,0,1
93157,0,0,0,0,0,0,0,0,1
93158,0,0,0,0,0,0,0,0,1
93159,0,0,0,0,0,0,0,0,1
93160,0,0,0,0,0,0,0,0,1
93161,0,0,0,0,0,0,0,0,1
93162,0,0,0,0,0,0,0,0,1
93163,0,0,0,0,0,0,0,0,1
93164,0,0,0,0,0,0,0,0,1
93165,0,0,0,0,0,0,0,0,1
93166,0,0,0,0,0,0,0,0,1
93167,0,0,0,0,0,0,0,0,1
93168,0,0,0,0,0,0,0,0,1
93169,0,0,0,0,0,0,0,0,1
93170,0,0,0,0,0,0,0,0,1
93171,0,0,0,0,0,0,0,0,1
93172,0,0,0,0,0,0,0,0,1
93173,0,0,0,0,0,0,0,0,1
93174,0,0,0,0,0,0,0,0,1
93175,0,0,0,0,0,0,0,0,1
93176,0,0,0,0,0,0,0,0,1
93177,0,0,0,0,0,0,0,0,1
93178,0,0,0,0,0,0,0,0,1
93179,0,0,0,0,0,0,0,0,1
93180,0,0,0,0,0,0,0,0,1
93181,0,0,0,0,0,0,0,0,1
93182,0,0,0,0,0,0,0,0,1
93183,0,0,0,0,0,0,0,0,1
93184,0,0,0,0,0,0,0,0,1
93185,0,0,0,0,0,0,0,0,1
93186,0,0,0,0,0,0,0,0,1
93187,0,0,0,0,0,0,0,0,1
93188,0,0,0,0,0,0,0,0,1
93189,0,0,0,0,0,0,0,0,1
93190,0,0,0,0,0,0,0,0,1
93191,0,0,0,0,0,0,0,0,1
93192,0,0,0,0,0,0,0,0,1
93193,0,0,0,0,0,0,0,0,1
93194,0,0,0,0,0,0,0,0,1
93195,0,0,0,0,0,0,0,0,1
93196,0,0,0,0,0,0,0,0,1
93197,0,0,0,0,0,0,0,0,1
93198,0,0,0,0,0,0,0,0,1
93199,0,0,0,0,0,0,0,0,1
93200,0,0,0,0,0,0,0,0,1
93201,0,0,0,0,0,0,0,0,1
93202,0,0,0,0,0,0,0,0,1
93203,0,0,0,0,0,0,0,0,1
93204,0,0,0,0,0,0,0,0,1
93205,0,0,0,0,0,0,0,0,1
93206,0,0,0,0,0,0,0,0,1
93207,0,0,0,0,0,0,0,0,1
93208,0,0,0,0,0,0,0,0,1
93209,0,0,0,0,0,0,0,0,1
93210,0,0,0,0,0,0,0,0,1
93211,0,0,0,0,0,0,0,0,1
93212,0,0,0,0,0,0,0,0,1
93213,0,0,0,0,0,0,0,0,1
93214,0,0,0,0,0,0,0,0,1
93215,0,0,0,0,0,0,0,0,1
93216,0,0,0,0,0,0,0,0,1
93217,0,0,0,0,0,0,0,0,1
93218,0,0,0,0,0,0,0,0,1
93219,0,0,0,0,0,0,0,0,1
93220,0,0,0,0,0,0,0,0,1
93221,0,0,0,0,0,0,0,0,1
93222,0,0,0,0,0,0,0,0,1
93223,0,0,0,0,0,0,0,0,1
93224,0,0,0,0,0,0,0,0,1
93225,0,0,0,0,0,0,0,0,1
93226,0,0,0,0,0,0,0,0,1
93227,0,0,0,0,0,0,0,0,1
93228,0,0,0,0,0,0,0,0,1
93229,0,0,0,0,0,0,0,0,1
93230,0,0,0,0,0,0,0,0,1
93231,0,0,0,0,0,0,0,0,1
93232,0,0,0,0,0,0,0,0,1
93233,0,0,0,0,0,0,0,0,1
93234,0,0,0,0,0,0,0,0,1
93235,0,0,0,0,0,0,0,0,1
93236,0,0,0,0,0,0,0,0,1
93237,0,0,0,0,0,0,0,0,1
93238,0,0,0,0,0,0,0,0,1
93239,0,0,0,0,0,0,0,0,1
93240,0,0,0,0,0,0,0,0,1
93241,0,0,0,0,0,0,0,0,1
93242,0,0,0,0,0,0,0,0,1
93243,0,0,0,0,0,0,0,0,1
93244,0,0,0,0,0,0,0,0,1
93245,0,0,0,0,0,0,0,0,1
93246,0,0,0,0,0,0,0,0,1
93247,0,0,0,0,0,0,0,0,1
93248,0,0,0,0,0,0,0,0,1
93249,0,0,0,0,0,0,0,0,1
93250,0,0,0,0,0,0,0,0,1
93251,0,0,0,0,0,0,0,0,1
93252,0,0,0,0,0,0,0,0,1
93253,0,0,0,0,0,0,0,0,1
93254,0,0,0,0,0,0,0,0,1
93255,0,0,0,0,0,0,0,0,1
93256,0,0,0,0,0,0,0,0,1
93257,0,0,0,0,0,0,0,0,1
93258,0,0,0,0,0,0,0,0,1
93259,0,0,0,0,0,0,0,0,1
93260,0,0,0,0,0,0,0,0,1
93261,0,0,0,0,0,0,0,0,1
93262,0,0,0,0,0,0,0,0,1
93263,0,0,0,0,0,0,0,0,1
93264,0,0,0,0,0,0,0,0,1
93265,0,0,0,0,0,0,0,0,1
93266,0,0,0,0,0,0,0,0,1
93267,0,0,0,0,0,0,0,0,1
93268,0,0,0,0,0,0,0,0,1
93269,0,0,0,0,0,0,0,0,1
93270,0,0,0,0,0,0,0,0,1
93271,0,0,0,0,0,0,0,0,1
93272,0,0,0,0,0,0,0,0,1
93273,0,0,0,0,0,0,0,0,1
93274,0,0,0,0,0,0,0,0,1
93275,0,0,0,0,0,0,0,0,1
93276,0,0,0,0,0,0,0,0,1
93277,0,0,0,0,0,0,0,0,1
93278,0,0,0,0,0,0,0,0,1
93279,0,0,0,0,0,0,0,0,1
93280,0,0,0,0,0,0,0,0,1
93281,0,0,0,0,0,0,0,0,1
93282,0,0,0,0,0,0,0,0,1
93283,0,0,0,0,0,0,0,0,1
93284,0,0,0,0,0,0,0,0,1
93285,0,0,0,0,0,0,0,0,1
93286,0,0,0,0,0,0,0,0,1
93287,0,0,0,0,0,0,0,0,1
93288,0,0,0,0,0,0,0,0,1
93289,0,0,0,0,0,0,0,0,1
93290,0,0,0,0,0,0,0,0,1
93291,0,0,0,0,0,0,0,0,1
93292,0,0,0,0,0,0,0,0,1
93293,0,0,0,0,0,0,0,0,1
93294,0,0,0,0,0,0,0,0,1
93295,0,0,0,0,0,0,0,0,1
93296,0,0,0,0,0,0,0,0,1
93297,0,0,0,0,0,0,0,0,1
93298,0,0,0,0,0,0,0,0,1
93299,0,0,0,0,0,0,0,0,1
93300,0,0,0,0,0,0,0,0,1
93301,0,0,0,0,0,0,0,0,1
93302,0,0,0,0,0,0,0,0,1
93303,0,0,0,0,0,0,0,0,1
93304,0,0,0,0,0,0,0,0,1
93305,0,0,0,0,0,0,0,0,1
93306,0,0,0,0,0,0,0,0,1
93307,0,0,0,0,0,0,0,0,1
93308,0,0,0,0,0,0,0,0,1
93309,0,0,0,0,0,0,0,0,1
93310,0,0,0,0,0,0,0,0,1
93311,0,0,0,0,0,0,0,0,1
93312,0,0,0,0,0,0,0,0,1
93313,0,0,0,0,0,0,0,0,1
93314,0,0,0,0,0,0,0,0,1
93315,0,0,0,0,0,0,0,0,1
93316,0,0,0,0,0,0,0,0,1
93317,0,0,0,0,0,0,0,0,1
93318,0,0,0,0,0,0,0,0,1
93319,0,0,0,0,0,0,0,0,1
93320,0,0,0,0,0,0,0,0,1
93321,0,0,0,0,0,0,0,0,1
93322,0,0,0,0,0,0,0,0,1
93323,0,0,0,0,0,0,0,0,1
93324,0,0,0,0,0,0,0,0,1
93325,0,0,0,0,0,0,0,0,1
93326,0,0,0,0,0,0,0,0,1
93327,0,0,0,0,0,0,0,0,1
93328,0,0,0,0,0,0,0,0,1
93329,0,0,0,0,0,0,0,0,1
93330,0,0,0,0,0,0,0,0,1
93331,0,0,0,0,0,0,0,0,1
93332,0,0,0,0,0,0,0,0,1
93333,0,0,0,0,0,0,0,0,1
93334,0,0,0,0,0,0,0,0,1
93335,0,0,0,0,0,0,0,0,1
93336,0,0,0,0,0,0,0,0,1
93337,0,0,0,0,0,0,0,0,1
93338,0,0,0,0,0,0,0,0,1
93339,0,0,0,0,0,0,0,0,1
93340,0,0,0,0,0,0,0,0,1
93341,0,0,0,0,0,0,0,0,1
93342,0,0,0,0,0,0,0,0,1
93343,0,0,0,0,0,0,0,0,1
93344,0,0,0,0,0,0,0,0,1
93345,0,0,0,0,0,0,0,0,1
93346,0,0,0,0,0,0,0,0,1
93347,0,0,0,0,0,0,0,0,1
93348,0,0,0,0,0,0,0,0,1
93349,0,0,0,0,0,0,0,0,1
93350,0,0,0,0,0,0,0,0,1
93351,0,0,0,0,0,0,0,0,1
93352,0,0,0,0,0,0,0,0,1
93353,0,0,0,0,0,0,0,0,1
93354,0,0,0,0,0,0,0,0,1
93355,0,0,0,0,0,0,0,0,1
93356,0,0,0,0,0,0,0,0,1
93357,0,0,0,0,0,0,0,0,1
93358,0,0,0,0,0,0,0,0,1
93359,0,0,0,0,0,0,0,0,1
93360,0,0,0,0,0,0,0,0,1
93361,0,0,0,0,0,0,0,0,1
93362,0,0,0,0,0,0,0,0,1
93363,0,0,0,0,0,0,0,0,1
93364,0,0,0,0,0,0,0,0,1
93365,0,0,0,0,0,0,0,0,1
93366,0,0,0,0,0,0,0,0,1
93367,0,0,0,0,0,0,0,0,1
93368,0,0,0,0,0,0,0,0,1
93369,0,0,0,0,0,0,0,0,1
93370,0,0,0,0,0,0,0,0,1
93371,0,0,0,0,0,0,0,0,1
93372,0,0,0,0,0,0,0,0,1
93373,0,0,0,0,0,0,0,0,1
93374,0,0,0,0,0,0,0,0,1
93375,0,0,0,0,0,0,0,0,1
93376,0,0,0,0,0,0,0,0,1
93377,0,0,0,0,0,0,0,0,1
93378,0,0,0,0,0,0,0,0,1
93379,0,0,0,0,0,0,0,0,1
93380,0,0,0,0,0,0,0,0,1
93381,0,0,0,0,0,0,0,0,1
93382,0,0,0,0,0,0,0,0,1
93383,0,0,0,0,0,0,0,0,1
93384,0,0,0,0,0,0,0,0,1
93385,0,0,0,0,0,0,0,0,1
93386,0,0,0,0,0,0,0,0,1
93387,0,0,0,0,0,0,0,0,1
93388,0,0,0,0,0,0,0,0,1
93389,0,0,0,0,0,0,0,0,1
93390,0,0,0,0,0,0,0,0,1
93391,0,0,0,0,0,0,0,0,1
93392,0,0,0,0,0,0,0,0,1
93393,0,0,0,0,0,0,0,0,1
93394,0,0,0,0,0,0,0,0,1
93395,0,0,0,0,0,0,0,0,1
93396,0,0,0,0,0,0,0,0,1
93397,0,0,0,0,0,0,0,0,1
93398,0,0,0,0,0,0,0,0,1
93399,0,0,0,0,0,0,0,0,1
93400,0,0,0,0,0,0,0,0,1
93401,0,0,0,0,0,0,0,0,1
93402,0,0,0,0,0,0,0,0,1
93403,0,0,0,0,0,0,0,0,1
93404,0,0,0,0,0,0,0,0,1
93405,0,0,0,0,0,0,0,0,1
93406,0,0,0,0,0,0,0,0,1
93407,0,0,0,0,0,0,0,0,1
93408,0,0,0,0,0,0,0,0,1
93409,0,0,0,0,0,0,0,0,1
93410,0,0,0,0,0,0,0,0,1
93411,0,0,0,0,0,0,0,0,1
93412,0,0,0,0,0,0,0,0,1
93413,0,0,0,0,0,0,0,0,1
93414,0,0,0,0,0,0,0,0,1
93415,0,0,0,0,0,0,0,0,1
93416,0,0,0,0,0,0,0,0,1
93417,0,0,0,0,0,0,0,0,1
93418,0,0,0,0,0,0,0,0,1
93419,0,0,0,0,0,0,0,0,1
93420,0,0,0,0,0,0,0,0,1
93421,0,0,0,0,0,0,0,0,1
93422,0,0,0,0,0,0,0,0,1
93423,0,0,0,0,0,0,0,0,1
93424,0,0,0,0,0,0,0,0,1
93425,0,0,0,0,0,0,0,0,1
93426,0,0,0,0,0,0,0,0,1
93427,0,0,0,0,0,0,0,0,1
93428,0,0,0,0,0,0,0,0,1
93429,0,0,0,0,0,0,0,0,1
93430,0,0,0,0,0,0,0,0,1
93431,0,0,0,0,0,0,0,0,1
93432,0,0,0,0,0,0,0,0,1
93433,0,0,0,0,0,0,0,0,1
93434,0,0,0,0,0,0,0,0,1
93435,0,0,0,0,0,0,0,0,1
93436,0,0,0,0,0,0,0,0,1
93437,0,0,0,0,0,0,0,0,1
93438,0,0,0,0,0,0,0,0,1
93439,0,0,0,0,0,0,0,0,1
93440,0,0,0,0,0,0,0,0,1
93441,0,0,0,0,0,0,0,0,1
93442,0,0,0,0,0,0,0,0,1
93443,0,0,0,0,0,0,0,0,1
93444,0,0,0,0,0,0,0,0,1
93445,0,0,0,0,0,0,0,0,1
93446,0,0,0,0,0,0,0,0,1
93447,0,0,0,0,0,0,0,0,1
93448,0,0,0,0,0,0,0,0,1
93449,0,0,0,0,0,0,0,0,1
93450,0,0,0,0,0,0,0,0,1
93451,0,0,0,0,0,0,0,0,1
93452,0,0,0,0,0,0,0,0,1
93453,0,0,0,0,0,0,0,0,1
93454,0,0,0,0,0,0,0,0,1
93455,0,0,0,0,0,0,0,0,1
93456,0,0,0,0,0,0,0,0,1
93457,0,0,0,0,0,0,0,0,1
93458,0,0,0,0,0,0,0,0,1
93459,0,0,0,0,0,0,0,0,1
93460,0,0,0,0,0,0,0,0,1
93461,0,0,0,0,0,0,0,0,1
93462,0,0,0,0,0,0,0,0,1
93463,0,0,0,0,0,0,0,0,1
93464,0,0,0,0,0,0,0,0,1
93465,0,0,0,0,0,0,0,0,1
93466,0,0,0,0,0,0,0,0,1
93467,0,0,0,0,0,0,0,0,1
93468,0,0,0,0,0,0,0,0,1
93469,0,0,0,0,0,0,0,0,1
93470,0,0,0,0,0,0,0,0,1
93471,0,0,0,0,0,0,0,0,1
93472,0,0,0,0,0,0,0,0,1
93473,0,0,0,0,0,0,0,0,1
93474,0,0,0,0,0,0,0,0,1
93475,0,0,0,0,0,0,0,0,1
93476,0,0,0,0,0,0,0,0,1
93477,0,0,0,0,0,0,0,0,1
93478,0,0,0,0,0,0,0,0,1
93479,0,0,0,0,0,0,0,0,1
93480,0,0,0,0,0,0,0,0,1
93481,0,0,0,0,0,0,0,0,1
93482,0,0,0,0,0,0,0,0,1
93483,0,0,0,0,0,0,0,0,1
93484,0,0,0,0,0,0,0,0,1
93485,0,0,0,0,0,0,0,0,1
93486,0,0,0,0,0,0,0,0,1
93487,0,0,0,0,0,0,0,0,1
93488,0,0,0,0,0,0,0,0,1
93489,0,0,0,0,0,0,0,0,1
93490,0,0,0,0,0,0,0,0,1
93491,0,0,0,0,0,0,0,0,1
93492,0,0,0,0,0,0,0,0,1
93493,0,0,0,0,0,0,0,0,1
93494,0,0,0,0,0,0,0,0,1
93495,0,0,0,0,0,0,0,0,1
93496,0,0,0,0,0,0,0,0,1
93497,0,0,0,0,0,0,0,0,1
93498,0,0,0,0,0,0,0,0,1
93499,0,0,0,0,0,0,0,0,1
93500,0,0,0,0,0,0,0,0,1
93501,0,0,0,0,0,0,0,0,1
93502,0,0,0,0,0,0,0,0,1
93503,0,0,0,0,0,0,0,0,1
93504,0,0,0,0,0,0,0,0,1
93505,0,0,0,0,0,0,0,0,1
93506,0,0,0,0,0,0,0,0,1
93507,0,0,0,0,0,0,0,0,1
93508,0,0,0,0,0,0,0,0,1
93509,0,0,0,0,0,0,0,0,1
93510,0,0,0,0,0,0,0,0,1
93511,0,0,0,0,0,0,0,0,1
93512,0,0,0,0,0,0,0,0,1
93513,0,0,0,0,0,0,0,0,1
93514,0,0,0,0,0,0,0,0,1
93515,0,0,0,0,0,0,0,0,1
93516,0,0,0,0,0,0,0,0,1
93517,0,0,0,0,0,0,0,0,1
93518,0,0,0,0,0,0,0,0,1
93519,0,0,0,0,0,0,0,0,1
93520,0,0,0,0,0,0,0,0,1
93521,0,0,0,0,0,0,0,0,1
93522,0,0,0,0,0,0,0,0,1
93523,0,0,0,0,0,0,0,0,1
93524,0,0,0,0,0,0,0,0,1
93525,0,0,0,0,0,0,0,0,1
93526,0,0,0,0,0,0,0,0,1
93527,0,0,0,0,0,0,0,0,1
93528,0,0,0,0,0,0,0,0,1
93529,0,0,0,0,0,0,0,0,1
93530,0,0,0,0,0,0,0,0,1
93531,0,0,0,0,0,0,0,0,1
93532,0,0,0,0,0,0,0,0,1
93533,0,0,0,0,0,0,0,0,1
93534,0,0,0,0,0,0,0,0,1
93535,0,0,0,0,0,0,0,0,1
93536,0,0,0,0,0,0,0,0,1
93537,0,0,0,0,0,0,0,0,1
93538,0,0,0,0,0,0,0,0,1
93539,0,0,0,0,0,0,0,0,1
93540,0,0,0,0,0,0,0,0,1
93541,0,0,0,0,0,0,0,0,1
93542,0,0,0,0,0,0,0,0,1
93543,0,0,0,0,0,0,0,0,1
93544,0,0,0,0,0,0,0,0,1
93545,0,0,0,0,0,0,0,0,1
93546,0,0,0,0,0,0,0,0,1
93547,0,0,0,0,0,0,0,0,1
93548,0,0,0,0,0,0,0,0,1
93549,0,0,0,0,0,0,0,0,1
93550,0,0,0,0,0,0,0,0,1
93551,0,0,0,0,0,0,0,0,1
93552,0,0,0,0,0,0,0,0,1
93553,0,0,0,0,0,0,0,0,1
93554,0,0,0,0,0,0,0,0,1
93555,0,0,0,0,0,0,0,0,1
93556,0,0,0,0,0,0,0,0,1
93557,0,0,0,0,0,0,0,0,1
93558,0,0,0,0,0,0,0,0,1
93559,0,0,0,0,0,0,0,0,1
93560,0,0,0,0,0,0,0,0,1
93561,0,0,0,0,0,0,0,0,1
93562,0,0,0,0,0,0,0,0,1
93563,0,0,0,0,0,0,0,0,1
93564,0,0,0,0,0,0,0,0,1
93565,0,0,0,0,0,0,0,0,1
93566,0,0,0,0,0,0,0,0,1
93567,0,0,0,0,0,0,0,0,1
93568,0,0,0,0,0,0,0,0,1
93569,0,0,0,0,0,0,0,0,1
93570,0,0,0,0,0,0,0,0,1
93571,0,0,0,0,0,0,0,0,1
93572,0,0,0,0,0,0,0,0,1
93573,0,0,0,0,0,0,0,0,1
93574,0,0,0,0,0,0,0,0,1
93575,0,0,0,0,0,0,0,0,1
93576,0,0,0,0,0,0,0,0,1
93577,0,0,0,0,0,0,0,0,1
93578,0,0,0,0,0,0,0,0,1
93579,0,0,0,0,0,0,0,0,1
93580,0,0,0,0,0,0,0,0,1
93581,0,0,0,0,0,0,0,0,1
93582,0,0,0,0,0,0,0,0,1
93583,0,0,0,0,0,0,0,0,1
93584,0,0,0,0,0,0,0,0,1
93585,0,0,0,0,0,0,0,0,1
93586,0,0,0,0,0,0,0,0,1
93587,0,0,0,0,0,0,0,0,1
93588,0,0,0,0,0,0,0,0,1
93589,0,0,0,0,0,0,0,0,1
93590,0,0,0,0,0,0,0,0,1
93591,0,0,0,0,0,0,0,0,1
93592,0,0,0,0,0,0,0,0,1
93593,0,0,0,0,0,0,0,0,1
93594,0,0,0,0,0,0,0,0,1
93595,0,0,0,0,0,0,0,0,1
93596,0,0,0,0,0,0,0,0,1
93597,0,0,0,0,0,0,0,0,1
93598,0,0,0,0,0,0,0,0,1
93599,0,0,0,0,0,0,0,0,1
93600,0,0,0,0,0,0,0,0,1
93601,0,0,0,0,0,0,0,0,1
93602,0,0,0,0,0,0,0,0,1
93603,0,0,0,0,0,0,0,0,1
93604,0,0,0,0,0,0,0,0,1
93605,0,0,0,0,0,0,0,0,1
93606,0,0,0,0,0,0,0,0,1
93607,0,0,0,0,0,0,0,0,1
93608,0,0,0,0,0,0,0,0,1
93609,0,0,0,0,0,0,0,0,1
93610,0,0,0,0,0,0,0,0,1
93611,0,0,0,0,0,0,0,0,1
93612,0,0,0,0,0,0,0,0,1
93613,0,0,0,0,0,0,0,0,1
93614,0,0,0,0,0,0,0,0,1
93615,0,0,0,0,0,0,0,0,1
93616,0,0,0,0,0,0,0,0,1
93617,0,0,0,0,0,0,0,0,1
93618,0,0,0,0,0,0,0,0,1
93619,0,0,0,0,0,0,0,0,1
93620,0,0,0,0,0,0,0,0,1
93621,0,0,0,0,0,0,0,0,1
93622,0,0,0,0,0,0,0,0,1
93623,0,0,0,0,0,0,0,0,1
93624,0,0,0,0,0,0,0,0,1
93625,0,0,0,0,0,0,0,0,1
93626,0,0,0,0,0,0,0,0,1
93627,0,0,0,0,0,0,0,0,1
93628,0,0,0,0,0,0,0,0,1
93629,0,0,0,0,0,0,0,0,1
93630,0,0,0,0,0,0,0,0,1
93631,0,0,0,0,0,0,0,0,1
93632,0,0,0,0,0,0,0,0,1
93633,0,0,0,0,0,0,0,0,1
93634,0,0,0,0,0,0,0,0,1
93635,0,0,0,0,0,0,0,0,1
93636,0,0,0,0,0,0,0,0,1
93637,0,0,0,0,0,0,0,0,1
93638,0,0,0,0,0,0,0,0,1
93639,0,0,0,0,0,0,0,0,1
93640,0,0,0,0,0,0,0,0,1
93641,0,0,0,0,0,0,0,0,1
93642,0,0,0,0,0,0,0,0,1
93643,0,0,0,0,0,0,0,0,1
93644,0,0,0,0,0,0,0,0,1
93645,0,0,0,0,0,0,0,0,1
93646,0,0,0,0,0,0,0,0,1
93647,0,0,0,0,0,0,0,0,1
93648,0,0,0,0,0,0,0,0,1
93649,0,0,0,0,0,0,0,0,1
93650,0,0,0,0,0,0,0,0,1
93651,0,0,0,0,0,0,0,0,1
93652,0,0,0,0,0,0,0,0,1
93653,0,0,0,0,0,0,0,0,1
93654,0,0,0,0,0,0,0,0,1
93655,0,0,0,0,0,0,0,0,1
93656,0,0,0,0,0,0,0,0,1
93657,0,0,0,0,0,0,0,0,1
93658,0,0,0,0,0,0,0,0,1
93659,0,0,0,0,0,0,0,0,1
93660,0,0,0,0,0,0,0,0,1
93661,0,0,0,0,0,0,0,0,1
93662,0,0,0,0,0,0,0,0,1
93663,0,0,0,0,0,0,0,0,1
93664,0,0,0,0,0,0,0,0,1
93665,0,0,0,0,0,0,0,0,1
93666,0,0,0,0,0,0,0,0,1
93667,0,0,0,0,0,0,0,0,1
93668,0,0,0,0,0,0,0,0,1
93669,0,0,0,0,0,0,0,0,1
93670,0,0,0,0,0,0,0,0,1
93671,0,0,0,0,0,0,0,0,1
93672,0,0,0,0,0,0,0,0,1
93673,0,0,0,0,0,0,0,0,1
93674,0,0,0,0,0,0,0,0,1
93675,0,0,0,0,0,0,0,0,1
93676,0,0,0,0,0,0,0,0,1
93677,0,0,0,0,0,0,0,0,1
93678,0,0,0,0,0,0,0,0,1
93679,0,0,0,0,0,0,0,0,1
93680,0,0,0,0,0,0,0,0,1
93681,0,0,0,0,0,0,0,0,1
93682,0,0,0,0,0,0,0,0,1
93683,0,0,0,0,0,0,0,0,1
93684,0,0,0,0,0,0,0,0,1
93685,0,0,0,0,0,0,0,0,1
93686,0,0,0,0,0,0,0,0,1
93687,0,0,0,0,0,0,0,0,1
93688,0,0,0,0,0,0,0,0,1
93689,0,0,0,0,0,0,0,0,1
93690,0,0,0,0,0,0,0,0,1
93691,0,0,0,0,0,0,0,0,1
93692,0,0,0,0,0,0,0,0,1
93693,0,0,0,0,0,0,0,0,1
93694,0,0,0,0,0,0,0,0,1
93695,0,0,0,0,0,0,0,0,1
93696,0,0,0,0,0,0,0,0,1
93697,0,0,0,0,0,0,0,0,1
93698,0,0,0,0,0,0,0,0,1
93699,0,0,0,0,0,0,0,0,1
93700,0,0,0,0,0,0,0,0,1
93701,0,0,0,0,0,0,0,0,1
93702,0,0,0,0,0,0,0,0,1
93703,0,0,0,0,0,0,0,0,1
93704,0,0,0,0,0,0,0,0,1
93705,0,0,0,0,0,0,0,0,1
93706,0,0,0,0,0,0,0,0,1
93707,0,0,0,0,0,0,0,0,1
93708,0,0,0,0,0,0,0,0,1
93709,0,0,0,0,0,0,0,0,1
93710,0,0,0,0,0,0,0,0,1
93711,0,0,0,0,0,0,0,0,1
93712,0,0,0,0,0,0,0,0,1
93713,0,0,0,0,0,0,0,0,1
93714,0,0,0,0,0,0,0,0,1
93715,0,0,0,0,0,0,0,0,1
93716,0,0,0,0,0,0,0,0,1
93717,0,0,0,0,0,0,0,0,1
93718,0,0,0,0,0,0,0,0,1
93719,0,0,0,0,0,0,0,0,1
93720,0,0,0,0,0,0,0,0,1
93721,0,0,0,0,0,0,0,0,1
93722,0,0,0,0,0,0,0,0,1
93723,0,0,0,0,0,0,0,0,1
93724,0,0,0,0,0,0,0,0,1
93725,0,0,0,0,0,0,0,0,1
93726,0,0,0,0,0,0,0,0,1
93727,0,0,0,0,0,0,0,0,1
93728,0,0,0,0,0,0,0,0,1
93729,0,0,0,0,0,0,0,0,1
93730,0,0,0,0,0,0,0,0,1
93731,0,0,0,0,0,0,0,0,1
93732,0,0,0,0,0,0,0,0,1
93733,0,0,0,0,0,0,0,0,1
93734,0,0,0,0,0,0,0,0,1
93735,0,0,0,0,0,0,0,0,1
93736,0,0,0,0,0,0,0,0,1
93737,0,0,0,0,0,0,0,0,1
93738,0,0,0,0,0,0,0,0,1
93739,0,0,0,0,0,0,0,0,1
93740,0,0,0,0,0,0,0,0,1
93741,0,0,0,0,0,0,0,0,1
93742,0,0,0,0,0,0,0,0,1
93743,0,0,0,0,0,0,0,0,1
93744,0,0,0,0,0,0,0,0,1
93745,0,0,0,0,0,0,0,0,1
93746,0,0,0,0,0,0,0,0,1
93747,0,0,0,0,0,0,0,0,1
93748,0,0,0,0,0,0,0,0,1
93749,0,0,0,0,0,0,0,0,1
93750,0,0,0,0,0,0,0,0,1
93751,0,0,0,0,0,0,0,0,1
93752,0,0,0,0,0,0,0,0,1
93753,0,0,0,0,0,0,0,0,1
93754,0,0,0,0,0,0,0,0,1
93755,0,0,0,0,0,0,0,0,1
93756,0,0,0,0,0,0,0,0,1
93757,0,0,0,0,0,0,0,0,1
93758,0,0,0,0,0,0,0,0,1
93759,0,0,0,0,0,0,0,0,1
93760,0,0,0,0,0,0,0,0,1
93761,0,0,0,0,0,0,0,0,1
93762,0,0,0,0,0,0,0,0,1
93763,0,0,0,0,0,0,0,0,1
93764,0,0,0,0,0,0,0,0,1
93765,0,0,0,0,0,0,0,0,1
93766,0,0,0,0,0,0,0,0,1
93767,0,0,0,0,0,0,0,0,1
93768,0,0,0,0,0,0,0,0,1
93769,0,0,0,0,0,0,0,0,1
93770,0,0,0,0,0,0,0,0,1
93771,0,0,0,0,0,0,0,0,1
93772,0,0,0,0,0,0,0,0,1
93773,0,0,0,0,0,0,0,0,1
93774,0,0,0,0,0,0,0,0,1
93775,0,0,0,0,0,0,0,0,1
93776,0,0,0,0,0,0,0,0,1
93777,0,0,0,0,0,0,0,0,1
93778,0,0,0,0,0,0,0,0,1
93779,0,0,0,0,0,0,0,0,1
93780,0,0,0,0,0,0,0,0,1
93781,0,0,0,0,0,0,0,0,1
93782,0,0,0,0,0,0,0,0,1
93783,0,0,0,0,0,0,0,0,1
93784,0,0,0,0,0,0,0,0,1
93785,0,0,0,0,0,0,0,0,1
93786,0,0,0,0,0,0,0,0,1
93787,0,0,0,0,0,0,0,0,1
93788,0,0,0,0,0,0,0,0,1
93789,0,0,0,0,0,0,0,0,1
93790,0,0,0,0,0,0,0,0,1
93791,0,0,0,0,0,0,0,0,1
93792,0,0,0,0,0,0,0,0,1
93793,0,0,0,0,0,0,0,0,1
93794,0,0,0,0,0,0,0,0,1
93795,0,0,0,0,0,0,0,0,1
93796,0,0,0,0,0,0,0,0,1
93797,0,0,0,0,0,0,0,0,1
93798,0,0,0,0,0,0,0,0,1
93799,0,0,0,0,0,0,0,0,1
93800,0,0,0,0,0,0,0,0,1
93801,0,0,0,0,0,0,0,0,1
93802,0,0,0,0,0,0,0,0,1
93803,0,0,0,0,0,0,0,0,1
93804,0,0,0,0,0,0,0,0,1
93805,0,0,0,0,0,0,0,0,1
93806,0,0,0,0,0,0,0,0,1
93807,0,0,0,0,0,0,0,0,1
93808,0,0,0,0,0,0,0,0,1
93809,0,0,0,0,0,0,0,0,1
93810,0,0,0,0,0,0,0,0,1
93811,0,0,0,0,0,0,0,0,1
93812,0,0,0,0,0,0,0,0,1
93813,0,0,0,0,0,0,0,0,1
93814,0,0,0,0,0,0,0,0,1
93815,0,0,0,0,0,0,0,0,1
93816,0,0,0,0,0,0,0,0,1
93817,0,0,0,0,0,0,0,0,1
93818,0,0,0,0,0,0,0,0,1
93819,0,0,0,0,0,0,0,0,1
93820,0,0,0,0,0,0,0,0,1
93821,0,0,0,0,0,0,0,0,1
93822,0,0,0,0,0,0,0,0,1
93823,0,0,0,0,0,0,0,0,1
93824,0,0,0,0,0,0,0,0,1
93825,0,0,0,0,0,0,0,0,1
93826,0,0,0,0,0,0,0,0,1
93827,0,0,0,0,0,0,0,0,1
93828,0,0,0,0,0,0,0,0,1
93829,0,0,0,0,0,0,0,0,1
93830,0,0,0,0,0,0,0,0,1
93831,0,0,0,0,0,0,0,0,1
93832,0,0,0,0,0,0,0,0,1
93833,0,0,0,0,0,0,0,0,1
93834,0,0,0,0,0,0,0,0,1
93835,0,0,0,0,0,0,0,0,1
93836,0,0,0,0,0,0,0,0,1
93837,0,0,0,0,0,0,0,0,1
93838,0,0,0,0,0,0,0,0,1
93839,0,0,0,0,0,0,0,0,1
93840,0,0,0,0,0,0,0,0,1
93841,0,0,0,0,0,0,0,0,1
93842,0,0,0,0,0,0,0,0,1
93843,0,0,0,0,0,0,0,0,1
93844,0,0,0,0,0,0,0,0,1
93845,0,0,0,0,0,0,0,0,1
93846,0,0,0,0,0,0,0,0,1
93847,0,0,0,0,0,0,0,0,1
93848,0,0,0,0,0,0,0,0,1
93849,0,0,0,0,0,0,0,0,1
93850,0,0,0,0,0,0,0,0,1
93851,0,0,0,0,0,0,0,0,1
93852,0,0,0,0,0,0,0,0,1
93853,0,0,0,0,0,0,0,0,1
93854,0,0,0,0,0,0,0,0,1
93855,0,0,0,0,0,0,0,0,1
93856,0,0,0,0,0,0,0,0,1
93857,0,0,0,0,0,0,0,0,1
93858,0,0,0,0,0,0,0,0,1
93859,0,0,0,0,0,0,0,0,1
93860,0,0,0,0,0,0,0,0,1
93861,0,0,0,0,0,0,0,0,1
93862,0,0,0,0,0,0,0,0,1
93863,0,0,0,0,0,0,0,0,1
93864,0,0,0,0,0,0,0,0,1
93865,0,0,0,0,0,0,0,0,1
93866,0,0,0,0,0,0,0,0,1
93867,0,0,0,0,0,0,0,0,1
93868,0,0,0,0,0,0,0,0,1
93869,0,0,0,0,0,0,0,0,1
93870,0,0,0,0,0,0,0,0,1
93871,0,0,0,0,0,0,0,0,1
93872,0,0,0,0,0,0,0,0,1
93873,0,0,0,0,0,0,0,0,1
93874,0,0,0,0,0,0,0,0,1
93875,0,0,0,0,0,0,0,0,1
93876,0,0,0,0,0,0,0,0,1
93877,0,0,0,0,0,0,0,0,1
93878,0,0,0,0,0,0,0,0,1
93879,0,0,0,0,0,0,0,0,1
93880,0,0,0,0,0,0,0,0,1
93881,0,0,0,0,0,0,0,0,1
93882,0,0,0,0,0,0,0,0,1
93883,0,0,0,0,0,0,0,0,1
93884,0,0,0,0,0,0,0,0,1
93885,0,0,0,0,0,0,0,0,1
93886,0,0,0,0,0,0,0,0,1
93887,0,0,0,0,0,0,0,0,1
93888,0,0,0,0,0,0,0,0,1
93889,0,0,0,0,0,0,0,0,1
93890,0,0,0,0,0,0,0,0,1
93891,0,0,0,0,0,0,0,0,1
93892,0,0,0,0,0,0,0,0,1
93893,0,0,0,0,0,0,0,0,1
93894,0,0,0,0,0,0,0,0,1
93895,0,0,0,0,0,0,0,0,1
93896,0,0,0,0,0,0,0,0,1
93897,0,0,0,0,0,0,0,0,1
93898,0,0,0,0,0,0,0,0,1
93899,0,0,0,0,0,0,0,0,1
93900,0,0,0,0,0,0,0,0,1
93901,0,0,0,0,0,0,0,0,1
93902,0,0,0,0,0,0,0,0,1
93903,0,0,0,0,0,0,0,0,1
93904,0,0,0,0,0,0,0,0,1
93905,0,0,0,0,0,0,0,0,1
93906,0,0,0,0,0,0,0,0,1
93907,0,0,0,0,0,0,0,0,1
93908,0,0,0,0,0,0,0,0,1
93909,0,0,0,0,0,0,0,0,1
93910,0,0,0,0,0,0,0,0,1
93911,0,0,0,0,0,0,0,0,1
93912,0,0,0,0,0,0,0,0,1
93913,0,0,0,0,0,0,0,0,1
93914,0,0,0,0,0,0,0,0,1
93915,0,0,0,0,0,0,0,0,1
93916,0,0,0,0,0,0,0,0,1
93917,0,0,0,0,0,0,0,0,1
93918,0,0,0,0,0,0,0,0,1
93919,0,0,0,0,0,0,0,0,1
93920,0,0,0,0,0,0,0,0,1
93921,0,0,0,0,0,0,0,0,1
93922,0,0,0,0,0,0,0,0,1
93923,0,0,0,0,0,0,0,0,1
93924,0,0,0,0,0,0,0,0,1
93925,0,0,0,0,0,0,0,0,1
93926,0,0,0,0,0,0,0,0,1
93927,0,0,0,0,0,0,0,0,1
93928,0,0,0,0,0,0,0,0,1
93929,0,0,0,0,0,0,0,0,1
93930,0,0,0,0,0,0,0,0,1
93931,0,0,0,0,0,0,0,0,1
93932,0,0,0,0,0,0,0,0,1
93933,0,0,0,0,0,0,0,0,1
93934,0,0,0,0,0,0,0,0,1
93935,0,0,0,0,0,0,0,0,1
93936,0,0,0,0,0,0,0,0,1
93937,0,0,0,0,0,0,0,0,1
93938,0,0,0,0,0,0,0,0,1
93939,0,0,0,0,0,0,0,0,1
93940,0,0,0,0,0,0,0,0,1
93941,0,0,0,0,0,0,0,0,1
93942,0,0,0,0,0,0,0,0,1
93943,0,0,0,0,0,0,0,0,1
93944,0,0,0,0,0,0,0,0,1
93945,0,0,0,0,0,0,0,0,1
93946,0,0,0,0,0,0,0,0,1
93947,0,0,0,0,0,0,0,0,1
93948,0,0,0,0,0,0,0,0,1
93949,0,0,0,0,0,0,0,0,1
93950,0,0,0,0,0,0,0,0,1
93951,0,0,0,0,0,0,0,0,1
93952,0,0,0,0,0,0,0,0,1
93953,0,0,0,0,0,0,0,0,1
93954,0,0,0,0,0,0,0,0,1
93955,0,0,0,0,0,0,0,0,1
93956,0,0,0,0,0,0,0,0,1
93957,0,0,0,0,0,0,0,0,1
93958,0,0,0,0,0,0,0,0,1
93959,0,0,0,0,0,0,0,0,1
93960,0,0,0,0,0,0,0,0,1
93961,0,0,0,0,0,0,0,0,1
93962,0,0,0,0,0,0,0,0,1
93963,0,0,0,0,0,0,0,0,1
93964,0,0,0,0,0,0,0,0,1
93965,0,0,0,0,0,0,0,0,1
93966,0,0,0,0,0,0,0,0,1
93967,0,0,0,0,0,0,0,0,1
93968,0,0,0,0,0,0,0,0,1
93969,0,0,0,0,0,0,0,0,1
93970,0,0,0,0,0,0,0,0,1
93971,0,0,0,0,0,0,0,0,1
93972,0,0,0,0,0,0,0,0,1
93973,0,0,0,0,0,0,0,0,1
93974,0,0,0,0,0,0,0,0,1
93975,0,0,0,0,0,0,0,0,1
93976,0,0,0,0,0,0,0,0,1
93977,0,0,0,0,0,0,0,0,1
93978,0,0,0,0,0,0,0,0,1
93979,0,0,0,0,0,0,0,0,1
93980,0,0,0,0,0,0,0,0,1
93981,0,0,0,0,0,0,0,0,1
93982,0,0,0,0,0,0,0,0,1
93983,0,0,0,0,0,0,0,0,1
93984,0,0,0,0,0,0,0,0,1
93985,0,0,0,0,0,0,0,0,1
93986,0,0,0,0,0,0,0,0,1
93987,0,0,0,0,0,0,0,0,1
93988,0,0,0,0,0,0,0,0,1
93989,0,0,0,0,0,0,0,0,1
93990,0,0,0,0,0,0,0,0,1
93991,0,0,0,0,0,0,0,0,1
93992,0,0,0,0,0,0,0,0,1
93993,0,0,0,0,0,0,0,0,1
93994,0,0,0,0,0,0,0,0,1
93995,0,0,0,0,0,0,0,0,1
93996,0,0,0,0,0,0,0,0,1
93997,0,0,0,0,0,0,0,0,1
93998,0,0,0,0,0,0,0,0,1
93999,0,0,0,0,0,0,0,0,1
94000,0,0,0,0,0,0,0,0,1
94001,0,0,0,0,0,0,0,0,1
94002,0,0,0,0,0,0,0,0,1
94003,0,0,0,0,0,0,0,0,1
94004,0,0,0,0,0,0,0,0,1
94005,0,0,0,0,0,0,0,0,1
94006,0,0,0,0,0,0,0,0,1
94007,0,0,0,0,0,0,0,0,1
94008,0,0,0,0,0,0,0,0,1
94009,0,0,0,0,0,0,0,0,1
94010,0,0,0,0,0,0,0,0,1
94011,0,0,0,0,0,0,0,0,1
94012,0,0,0,0,0,0,0,0,1
94013,0,0,0,0,0,0,0,0,1
94014,0,0,0,0,0,0,0,0,1
94015,0,0,0,0,0,0,0,0,1
94016,0,0,0,0,0,0,0,0,1
94017,0,0,0,0,0,0,0,0,1
94018,0,0,0,0,0,0,0,0,1
94019,0,0,0,0,0,0,0,0,1
94020,0,0,0,0,0,0,0,0,1
94021,0,0,0,0,0,0,0,0,1
94022,0,0,0,0,0,0,0,0,1
94023,0,0,0,0,0,0,0,0,1
94024,0,0,0,0,0,0,0,0,1
94025,0,0,0,0,0,0,0,0,1
94026,0,0,0,0,0,0,0,0,1
94027,0,0,0,0,0,0,0,0,1
94028,0,0,0,0,0,0,0,0,1
94029,0,0,0,0,0,0,0,0,1
94030,0,0,0,0,0,0,0,0,1
94031,0,0,0,0,0,0,0,0,1
94032,0,0,0,0,0,0,0,0,1
94033,0,0,0,0,0,0,0,0,1
94034,0,0,0,0,0,0,0,0,1
94035,0,0,0,0,0,0,0,0,1
94036,0,0,0,0,0,0,0,0,1
94037,0,0,0,0,0,0,0,0,1
94038,0,0,0,0,0,0,0,0,1
94039,0,0,0,0,0,0,0,0,1
94040,0,0,0,0,0,0,0,0,1
94041,0,0,0,0,0,0,0,0,1
94042,0,0,0,0,0,0,0,0,1
94043,0,0,0,0,0,0,0,0,1
94044,0,0,0,0,0,0,0,0,1
94045,0,0,0,0,0,0,0,0,1
94046,0,0,0,0,0,0,0,0,1
94047,0,0,0,0,0,0,0,0,1
94048,0,0,0,0,0,0,0,0,1
94049,0,0,0,0,0,0,0,0,1
94050,0,0,0,0,0,0,0,0,1
94051,0,0,0,0,0,0,0,0,1
94052,0,0,0,0,0,0,0,0,1
94053,0,0,0,0,0,0,0,0,1
94054,0,0,0,0,0,0,0,0,1
94055,0,0,0,0,0,0,0,0,1
94056,0,0,0,0,0,0,0,0,1
94057,0,0,0,0,0,0,0,0,1
94058,0,0,0,0,0,0,0,0,1
94059,0,0,0,0,0,0,0,0,1
94060,0,0,0,0,0,0,0,0,1
94061,0,0,0,0,0,0,0,0,1
94062,0,0,0,0,0,0,0,0,1
94063,0,0,0,0,0,0,0,0,1
94064,0,0,0,0,0,0,0,0,1
94065,0,0,0,0,0,0,0,0,1
94066,0,0,0,0,0,0,0,0,1
94067,0,0,0,0,0,0,0,0,1
94068,0,0,0,0,0,0,0,0,1
94069,0,0,0,0,0,0,0,0,1
94070,0,0,0,0,0,0,0,0,1
94071,0,0,0,0,0,0,0,0,1
94072,0,0,0,0,0,0,0,0,1
94073,0,0,0,0,0,0,0,0,1
94074,0,0,0,0,0,0,0,0,1
94075,0,0,0,0,0,0,0,0,1
94076,0,0,0,0,0,0,0,0,1
94077,0,0,0,0,0,0,0,0,1
94078,0,0,0,0,0,0,0,0,1
94079,0,0,0,0,0,0,0,0,1
94080,0,0,0,0,0,0,0,0,1
94081,0,0,0,0,0,0,0,0,1
94082,0,0,0,0,0,0,0,0,1
94083,0,0,0,0,0,0,0,0,1
94084,0,0,0,0,0,0,0,0,1
94085,0,0,0,0,0,0,0,0,1
94086,0,0,0,0,0,0,0,0,1
94087,0,0,0,0,0,0,0,0,1
94088,0,0,0,0,0,0,0,0,1
94089,0,0,0,0,0,0,0,0,1
94090,0,0,0,0,0,0,0,0,1
94091,0,0,0,0,0,0,0,0,1
94092,0,0,0,0,0,0,0,0,1
94093,0,0,0,0,0,0,0,0,1
94094,0,0,0,0,0,0,0,0,1
94095,0,0,0,0,0,0,0,0,1
94096,0,0,0,0,0,0,0,0,1
94097,0,0,0,0,0,0,0,0,1
94098,0,0,0,0,0,0,0,0,1
94099,0,0,0,0,0,0,0,0,1
94100,0,0,0,0,0,0,0,0,1
94101,0,0,0,0,0,0,0,0,1
94102,0,0,0,0,0,0,0,0,1
94103,0,0,0,0,0,0,0,0,1
94104,0,0,0,0,0,0,0,0,1
94105,0,0,0,0,0,0,0,0,1
94106,0,0,0,0,0,0,0,0,1
94107,0,0,0,0,0,0,0,0,1
94108,0,0,0,0,0,0,0,0,1
94109,0,0,0,0,0,0,0,0,1
94110,0,0,0,0,0,0,0,0,1
94111,0,0,0,0,0,0,0,0,1
94112,0,0,0,0,0,0,0,0,1
94113,0,0,0,0,0,0,0,0,1
94114,0,0,0,0,0,0,0,0,1
94115,0,0,0,0,0,0,0,0,1
94116,0,0,0,0,0,0,0,0,1
94117,0,0,0,0,0,0,0,0,1
94118,0,0,0,0,0,0,0,0,1
94119,0,0,0,0,0,0,0,0,1
94120,0,0,0,0,0,0,0,0,1
94121,0,0,0,0,0,0,0,0,1
94122,0,0,0,0,0,0,0,0,1
94123,0,0,0,0,0,0,0,0,1
94124,0,0,0,0,0,0,0,0,1
94125,0,0,0,0,0,0,0,0,1
94126,0,0,0,0,0,0,0,0,1
94127,0,0,0,0,0,0,0,0,1
94128,0,0,0,0,0,0,0,0,1
94129,0,0,0,0,0,0,0,0,1
94130,0,0,0,0,0,0,0,0,1
94131,0,0,0,0,0,0,0,0,1
94132,0,0,0,0,0,0,0,0,1
94133,0,0,0,0,0,0,0,0,1
94134,0,0,0,0,0,0,0,0,1
94135,0,0,0,0,0,0,0,0,1
94136,0,0,0,0,0,0,0,0,1
94137,0,0,0,0,0,0,0,0,1
94138,0,0,0,0,0,0,0,0,1
94139,0,0,0,0,0,0,0,0,1
94140,0,0,0,0,0,0,0,0,1
94141,0,0,0,0,0,0,0,0,1
94142,0,0,0,0,0,0,0,0,1
94143,0,0,0,0,0,0,0,0,1
94144,0,0,0,0,0,0,0,0,1
94145,0,0,0,0,0,0,0,0,1
94146,0,0,0,0,0,0,0,0,1
94147,0,0,0,0,0,0,0,0,1
94148,0,0,0,0,0,0,0,0,1
94149,0,0,0,0,0,0,0,0,1
94150,0,0,0,0,0,0,0,0,1
94151,0,0,0,0,0,0,0,0,1
94152,0,0,0,0,0,0,0,0,1
94153,0,0,0,0,0,0,0,0,1
94154,0,0,0,0,0,0,0,0,1
94155,0,0,0,0,0,0,0,0,1
94156,0,0,0,0,0,0,0,0,1
94157,0,0,0,0,0,0,0,0,1
94158,0,0,0,0,0,0,0,0,1
94159,0,0,0,0,0,0,0,0,1
94160,0,0,0,0,0,0,0,0,1
94161,0,0,0,0,0,0,0,0,1
94162,0,0,0,0,0,0,0,0,1
94163,0,0,0,0,0,0,0,0,1
94164,0,0,0,0,0,0,0,0,1
94165,0,0,0,0,0,0,0,0,1
94166,0,0,0,0,0,0,0,0,1
94167,0,0,0,0,0,0,0,0,1
94168,0,0,0,0,0,0,0,0,1
94169,0,0,0,0,0,0,0,0,1
94170,0,0,0,0,0,0,0,0,1
94171,0,0,0,0,0,0,0,0,1
94172,0,0,0,0,0,0,0,0,1
94173,0,0,0,0,0,0,0,0,1
94174,0,0,0,0,0,0,0,0,1
94175,0,0,0,0,0,0,0,0,1
94176,0,0,0,0,0,0,0,0,1
94177,0,0,0,0,0,0,0,0,1
94178,0,0,0,0,0,0,0,0,1
94179,0,0,0,0,0,0,0,0,1
94180,0,0,0,0,0,0,0,0,1
94181,0,0,0,0,0,0,0,0,1
94182,0,0,0,0,0,0,0,0,1
94183,0,0,0,0,0,0,0,0,1
94184,0,0,0,0,0,0,0,0,1
94185,0,0,0,0,0,0,0,0,1
94186,0,0,0,0,0,0,0,0,1
94187,0,0,0,0,0,0,0,0,1
94188,0,0,0,0,0,0,0,0,1
94189,0,0,0,0,0,0,0,0,1
94190,0,0,0,0,0,0,0,0,1
94191,0,0,0,0,0,0,0,0,1
94192,0,0,0,0,0,0,0,0,1
94193,0,0,0,0,0,0,0,0,1
94194,0,0,0,0,0,0,0,0,1
94195,0,0,0,0,0,0,0,0,1
94196,0,0,0,0,0,0,0,0,1
94197,0,0,0,0,0,0,0,0,1
94198,0,0,0,0,0,0,0,0,1
94199,0,0,0,0,0,0,0,0,1
94200,0,0,0,0,0,0,0,0,1
94201,0,0,0,0,0,0,0,0,1
94202,0,0,0,0,0,0,0,0,1
94203,0,0,0,0,0,0,0,0,1
94204,0,0,0,0,0,0,0,0,1
94205,0,0,0,0,0,0,0,0,1
94206,0,0,0,0,0,0,0,0,1
94207,0,0,0,0,0,0,0,0,1
94208,0,0,0,0,0,0,0,0,1
94209,0,0,0,0,0,0,0,0,1
94210,0,0,0,0,0,0,0,0,1
94211,0,0,0,0,0,0,0,0,1
94212,0,0,0,0,0,0,0,0,1
94213,0,0,0,0,0,0,0,0,1
94214,0,0,0,0,0,0,0,0,1
94215,0,0,0,0,0,0,0,0,1
94216,0,0,0,0,0,0,0,0,1
94217,0,0,0,0,0,0,0,0,1
94218,0,0,0,0,0,0,0,0,1
94219,0,0,0,0,0,0,0,0,1
94220,0,0,0,0,0,0,0,0,1
94221,0,0,0,0,0,0,0,0,1
94222,0,0,0,0,0,0,0,0,1
94223,0,0,0,0,0,0,0,0,1
94224,0,0,0,0,0,0,0,0,1
94225,0,0,0,0,0,0,0,0,1
94226,0,0,0,0,0,0,0,0,1
94227,0,0,0,0,0,0,0,0,1
94228,0,0,0,0,0,0,0,0,1
94229,0,0,0,0,0,0,0,0,1
94230,0,0,0,0,0,0,0,0,1
94231,0,0,0,0,0,0,0,0,1
94232,0,0,0,0,0,0,0,0,1
94233,0,0,0,0,0,0,0,0,1
94234,0,0,0,0,0,0,0,0,1
94235,0,0,0,0,0,0,0,0,1
94236,0,0,0,0,0,0,0,0,1
94237,0,0,0,0,0,0,0,0,1
94238,0,0,0,0,0,0,0,0,1
94239,0,0,0,0,0,0,0,0,1
94240,0,0,0,0,0,0,0,0,1
94241,0,0,0,0,0,0,0,0,1
94242,0,0,0,0,0,0,0,0,1
94243,0,0,0,0,0,0,0,0,1
94244,0,0,0,0,0,0,0,0,1
94245,0,0,0,0,0,0,0,0,1
94246,0,0,0,0,0,0,0,0,1
94247,0,0,0,0,0,0,0,0,1
94248,0,0,0,0,0,0,0,0,1
94249,0,0,0,0,0,0,0,0,1
94250,0,0,0,0,0,0,0,0,1
94251,0,0,0,0,0,0,0,0,1
94252,0,0,0,0,0,0,0,0,1
94253,0,0,0,0,0,0,0,0,1
94254,0,0,0,0,0,0,0,0,1
94255,0,0,0,0,0,0,0,0,1
94256,0,0,0,0,0,0,0,0,1
94257,0,0,0,0,0,0,0,0,1
94258,0,0,0,0,0,0,0,0,1
94259,0,0,0,0,0,0,0,0,1
94260,0,0,0,0,0,0,0,0,1
94261,0,0,0,0,0,0,0,0,1
94262,0,0,0,0,0,0,0,0,1
94263,0,0,0,0,0,0,0,0,1
94264,0,0,0,0,0,0,0,0,1
94265,0,0,0,0,0,0,0,0,1
94266,0,0,0,0,0,0,0,0,1
94267,0,0,0,0,0,0,0,0,1
94268,0,0,0,0,0,0,0,0,1
94269,0,0,0,0,0,0,0,0,1
94270,0,0,0,0,0,0,0,0,1
94271,0,0,0,0,0,0,0,0,1
94272,0,0,0,0,0,0,0,0,1
94273,0,0,0,0,0,0,0,0,1
94274,0,0,0,0,0,0,0,0,1
94275,0,0,0,0,0,0,0,0,1
94276,0,0,0,0,0,0,0,0,1
94277,0,0,0,0,0,0,0,0,1
94278,0,0,0,0,0,0,0,0,1
94279,0,0,0,0,0,0,0,0,1
94280,0,0,0,0,0,0,0,0,1
94281,0,0,0,0,0,0,0,0,1
94282,0,0,0,0,0,0,0,0,1
94283,0,0,0,0,0,0,0,0,1
94284,0,0,0,0,0,0,0,0,1
94285,0,0,0,0,0,0,0,0,1
94286,0,0,0,0,0,0,0,0,1
94287,0,0,0,0,0,0,0,0,1
94288,0,0,0,0,0,0,0,0,1
94289,0,0,0,0,0,0,0,0,1
94290,0,0,0,0,0,0,0,0,1
94291,0,0,0,0,0,0,0,0,1
94292,0,0,0,0,0,0,0,0,1
94293,0,0,0,0,0,0,0,0,1
94294,0,0,0,0,0,0,0,0,1
94295,0,0,0,0,0,0,0,0,1
94296,0,0,0,0,0,0,0,0,1
94297,0,0,0,0,0,0,0,0,1
94298,0,0,0,0,0,0,0,0,1
94299,0,0,0,0,0,0,0,0,1
94300,0,0,0,0,0,0,0,0,1
94301,0,0,0,0,0,0,0,0,1
94302,0,0,0,0,0,0,0,0,1
94303,0,0,0,0,0,0,0,0,1
94304,0,0,0,0,0,0,0,0,1
94305,0,0,0,0,0,0,0,0,1
94306,0,0,0,0,0,0,0,0,1
94307,0,0,0,0,0,0,0,0,1
94308,0,0,0,0,0,0,0,0,1
94309,0,0,0,0,0,0,0,0,1
94310,0,0,0,0,0,0,0,0,1
94311,0,0,0,0,0,0,0,0,1
94312,0,0,0,0,0,0,0,0,1
94313,0,0,0,0,0,0,0,0,1
94314,0,0,0,0,0,0,0,0,1
94315,0,0,0,0,0,0,0,0,1
94316,0,0,0,0,0,0,0,0,1
94317,0,0,0,0,0,0,0,0,1
94318,0,0,0,0,0,0,0,0,1
94319,0,0,0,0,0,0,0,0,1
94320,0,0,0,0,0,0,0,0,1
94321,0,0,0,0,0,0,0,0,1
94322,0,0,0,0,0,0,0,0,1
94323,0,0,0,0,0,0,0,0,1
94324,0,0,0,0,0,0,0,0,1
94325,0,0,0,0,0,0,0,0,1
94326,0,0,0,0,0,0,0,0,1
94327,0,0,0,0,0,0,0,0,1
94328,0,0,0,0,0,0,0,0,1
94329,0,0,0,0,0,0,0,0,1
94330,0,0,0,0,0,0,0,0,1
94331,0,0,0,0,0,0,0,0,1
94332,0,0,0,0,0,0,0,0,1
94333,0,0,0,0,0,0,0,0,1
94334,0,0,0,0,0,0,0,0,1
94335,0,0,0,0,0,0,0,0,1
94336,0,0,0,0,0,0,0,0,1
94337,0,0,0,0,0,0,0,0,1
94338,0,0,0,0,0,0,0,0,1
94339,0,0,0,0,0,0,0,0,1
94340,0,0,0,0,0,0,0,0,1
94341,0,0,0,0,0,0,0,0,1
94342,0,0,0,0,0,0,0,0,1
94343,0,0,0,0,0,0,0,0,1
94344,0,0,0,0,0,0,0,0,1
94345,0,0,0,0,0,0,0,0,1
94346,0,0,0,0,0,0,0,0,1
94347,0,0,0,0,0,0,0,0,1
94348,0,0,0,0,0,0,0,0,1
94349,0,0,0,0,0,0,0,0,1
94350,0,0,0,0,0,0,0,0,1
94351,0,0,0,0,0,0,0,0,1
94352,0,0,0,0,0,0,0,0,1
94353,0,0,0,0,0,0,0,0,1
94354,0,0,0,0,0,0,0,0,1
94355,0,0,0,0,0,0,0,0,1
94356,0,0,0,0,0,0,0,0,1
94357,0,0,0,0,0,0,0,0,1
94358,0,0,0,0,0,0,0,0,1
94359,0,0,0,0,0,0,0,0,1
94360,0,0,0,0,0,0,0,0,1
94361,0,0,0,0,0,0,0,0,1
94362,0,0,0,0,0,0,0,0,1
94363,0,0,0,0,0,0,0,0,1
94364,0,0,0,0,0,0,0,0,1
94365,0,0,0,0,0,0,0,0,1
94366,0,0,0,0,0,0,0,0,1
94367,0,0,0,0,0,0,0,0,1
94368,0,0,0,0,0,0,0,0,1
94369,0,0,0,0,0,0,0,0,1
94370,0,0,0,0,0,0,0,0,1
94371,0,0,0,0,0,0,0,0,1
94372,0,0,0,0,0,0,0,0,1
94373,0,0,0,0,0,0,0,0,1
94374,0,0,0,0,0,0,0,0,1
94375,0,0,0,0,0,0,0,0,1
94376,0,0,0,0,0,0,0,0,1
94377,0,0,0,0,0,0,0,0,1
94378,0,0,0,0,0,0,0,0,1
94379,0,0,0,0,0,0,0,0,1
94380,0,0,0,0,0,0,0,0,1
94381,0,0,0,0,0,0,0,0,1
94382,0,0,0,0,0,0,0,0,1
94383,0,0,0,0,0,0,0,0,1
94384,0,0,0,0,0,0,0,0,1
94385,0,0,0,0,0,0,0,0,1
94386,0,0,0,0,0,0,0,0,1
94387,0,0,0,0,0,0,0,0,1
94388,0,0,0,0,0,0,0,0,1
94389,0,0,0,0,0,0,0,0,1
94390,0,0,0,0,0,0,0,0,1
94391,0,0,0,0,0,0,0,0,1
94392,0,0,0,0,0,0,0,0,1
94393,0,0,0,0,0,0,0,0,1
94394,0,0,0,0,0,0,0,0,1
94395,0,0,0,0,0,0,0,0,1
94396,0,0,0,0,0,0,0,0,1
94397,0,0,0,0,0,0,0,0,1
94398,0,0,0,0,0,0,0,0,1
94399,0,0,0,0,0,0,0,0,1
94400,0,0,0,0,0,0,0,0,1
94401,0,0,0,0,0,0,0,0,1
94402,0,0,0,0,0,0,0,0,1
94403,0,0,0,0,0,0,0,0,1
94404,0,0,0,0,0,0,0,0,1
94405,0,0,0,0,0,0,0,0,1
94406,0,0,0,0,0,0,0,0,1
94407,0,0,0,0,0,0,0,0,1
94408,0,0,0,0,0,0,0,0,1
94409,0,0,0,0,0,0,0,0,1
94410,0,0,0,0,0,0,0,0,1
94411,0,0,0,0,0,0,0,0,1
94412,0,0,0,0,0,0,0,0,1
94413,0,0,0,0,0,0,0,0,1
94414,0,0,0,0,0,0,0,0,1
94415,0,0,0,0,0,0,0,0,1
94416,0,0,0,0,0,0,0,0,1
94417,0,0,0,0,0,0,0,0,1
94418,0,0,0,0,0,0,0,0,1
94419,0,0,0,0,0,0,0,0,1
94420,0,0,0,0,0,0,0,0,1
94421,0,0,0,0,0,0,0,0,1
94422,0,0,0,0,0,0,0,0,1
94423,0,0,0,0,0,0,0,0,1
94424,0,0,0,0,0,0,0,0,1
94425,0,0,0,0,0,0,0,0,1
94426,0,0,0,0,0,0,0,0,1
94427,0,0,0,0,0,0,0,0,1
94428,0,0,0,0,0,0,0,0,1
94429,0,0,0,0,0,0,0,0,1
94430,0,0,0,0,0,0,0,0,1
94431,0,0,0,0,0,0,0,0,1
94432,0,0,0,0,0,0,0,0,1
94433,0,0,0,0,0,0,0,0,1
94434,0,0,0,0,0,0,0,0,1
94435,0,0,0,0,0,0,0,0,1
94436,0,0,0,0,0,0,0,0,1
94437,0,0,0,0,0,0,0,0,1
94438,0,0,0,0,0,0,0,0,1
94439,0,0,0,0,0,0,0,0,1
94440,0,0,0,0,0,0,0,0,1
94441,0,0,0,0,0,0,0,0,1
94442,0,0,0,0,0,0,0,0,1
94443,0,0,0,0,0,0,0,0,1
94444,0,0,0,0,0,0,0,0,1
94445,0,0,0,0,0,0,0,0,1
94446,0,0,0,0,0,0,0,0,1
94447,0,0,0,0,0,0,0,0,1
94448,0,0,0,0,0,0,0,0,1
94449,0,0,0,0,0,0,0,0,1
94450,0,0,0,0,0,0,0,0,1
94451,0,0,0,0,0,0,0,0,1
94452,0,0,0,0,0,0,0,0,1
94453,0,0,0,0,0,0,0,0,1
94454,0,0,0,0,0,0,0,0,1
94455,0,0,0,0,0,0,0,0,1
94456,0,0,0,0,0,0,0,0,1
94457,0,0,0,0,0,0,0,0,1
94458,0,0,0,0,0,0,0,0,1
94459,0,0,0,0,0,0,0,0,1
94460,0,0,0,0,0,0,0,0,1
94461,0,0,0,0,0,0,0,0,1
94462,0,0,0,0,0,0,0,0,1
94463,0,0,0,0,0,0,0,0,1
94464,0,0,0,0,0,0,0,0,1
94465,0,0,0,0,0,0,0,0,1
94466,0,0,0,0,0,0,0,0,1
94467,0,0,0,0,0,0,0,0,1
94468,0,0,0,0,0,0,0,0,1
94469,0,0,0,0,0,0,0,0,1
94470,0,0,0,0,0,0,0,0,1
94471,0,0,0,0,0,0,0,0,1
94472,0,0,0,0,0,0,0,0,1
94473,0,0,0,0,0,0,0,0,1
94474,0,0,0,0,0,0,0,0,1
94475,0,0,0,0,0,0,0,0,1
94476,0,0,0,0,0,0,0,0,1
94477,0,0,0,0,0,0,0,0,1
94478,0,0,0,0,0,0,0,0,1
94479,0,0,0,0,0,0,0,0,1
94480,0,0,0,0,0,0,0,0,1
94481,0,0,0,0,0,0,0,0,1
94482,0,0,0,0,0,0,0,0,1
94483,0,0,0,0,0,0,0,0,1
94484,0,0,0,0,0,0,0,0,1
94485,0,0,0,0,0,0,0,0,1
94486,0,0,0,0,0,0,0,0,1
94487,0,0,0,0,0,0,0,0,1
94488,0,0,0,0,0,0,0,0,1
94489,0,0,0,0,0,0,0,0,1
94490,0,0,0,0,0,0,0,0,1
94491,0,0,0,0,0,0,0,0,1
94492,0,0,0,0,0,0,0,0,1
94493,0,0,0,0,0,0,0,0,1
94494,0,0,0,0,0,0,0,0,1
94495,0,0,0,0,0,0,0,0,1
94496,0,0,0,0,0,0,0,0,1
94497,0,0,0,0,0,0,0,0,1
94498,0,0,0,0,0,0,0,0,1
94499,0,0,0,0,0,0,0,0,1
94500,0,0,0,0,0,0,0,0,1
94501,0,0,0,0,0,0,0,0,1
94502,0,0,0,0,0,0,0,0,1
94503,0,0,0,0,0,0,0,0,1
94504,0,0,0,0,0,0,0,0,1
94505,0,0,0,0,0,0,0,0,1
94506,0,0,0,0,0,0,0,0,1
94507,0,0,0,0,0,0,0,0,1
94508,0,0,0,0,0,0,0,0,1
94509,0,0,0,0,0,0,0,0,1
94510,0,0,0,0,0,0,0,0,1
94511,0,0,0,0,0,0,0,0,1
94512,0,0,0,0,0,0,0,0,1
94513,0,0,0,0,0,0,0,0,1
94514,0,0,0,0,0,0,0,0,1
94515,0,0,0,0,0,0,0,0,1
94516,0,0,0,0,0,0,0,0,1
94517,0,0,0,0,0,0,0,0,1
94518,0,0,0,0,0,0,0,0,1
94519,0,0,0,0,0,0,0,0,1
94520,0,0,0,0,0,0,0,0,1
94521,0,0,0,0,0,0,0,0,1
94522,0,0,0,0,0,0,0,0,1
94523,0,0,0,0,0,0,0,0,1
94524,0,0,0,0,0,0,0,0,1
94525,0,0,0,0,0,0,0,0,1
94526,0,0,0,0,0,0,0,0,1
94527,0,0,0,0,0,0,0,0,1
94528,0,0,0,0,0,0,0,0,1
94529,0,0,0,0,0,0,0,0,1
94530,0,0,0,0,0,0,0,0,1
94531,0,0,0,0,0,0,0,0,1
94532,0,0,0,0,0,0,0,0,1
94533,0,0,0,0,0,0,0,0,1
94534,0,0,0,0,0,0,0,0,1
94535,0,0,0,0,0,0,0,0,1
94536,0,0,0,0,0,0,0,0,1
94537,0,0,0,0,0,0,0,0,1
94538,0,0,0,0,0,0,0,0,1
94539,0,0,0,0,0,0,0,0,1
94540,0,0,0,0,0,0,0,0,1
94541,0,0,0,0,0,0,0,0,1
94542,0,0,0,0,0,0,0,0,1
94543,0,0,0,0,0,0,0,0,1
94544,0,0,0,0,0,0,0,0,1
94545,0,0,0,0,0,0,0,0,1
94546,0,0,0,0,0,0,0,0,1
94547,0,0,0,0,0,0,0,0,1
94548,0,0,0,0,0,0,0,0,1
94549,0,0,0,0,0,0,0,0,1
94550,0,0,0,0,0,0,0,0,1
94551,0,0,0,0,0,0,0,0,1
94552,0,0,0,0,0,0,0,0,1
94553,0,0,0,0,0,0,0,0,1
94554,0,0,0,0,0,0,0,0,1
94555,0,0,0,0,0,0,0,0,1
94556,0,0,0,0,0,0,0,0,1
94557,0,0,0,0,0,0,0,0,1
94558,0,0,0,0,0,0,0,0,1
94559,0,0,0,0,0,0,0,0,1
94560,0,0,0,0,0,0,0,0,1
94561,0,0,0,0,0,0,0,0,1
94562,0,0,0,0,0,0,0,0,1
94563,0,0,0,0,0,0,0,0,1
94564,0,0,0,0,0,0,0,0,1
94565,0,0,0,0,0,0,0,0,1
94566,0,0,0,0,0,0,0,0,1
94567,0,0,0,0,0,0,0,0,1
94568,0,0,0,0,0,0,0,0,1
94569,0,0,0,0,0,0,0,0,1
94570,0,0,0,0,0,0,0,0,1
94571,0,0,0,0,0,0,0,0,1
94572,0,0,0,0,0,0,0,0,1
94573,0,0,0,0,0,0,0,0,1
94574,0,0,0,0,0,0,0,0,1
94575,0,0,0,0,0,0,0,0,1
94576,0,0,0,0,0,0,0,0,1
94577,0,0,0,0,0,0,0,0,1
94578,0,0,0,0,0,0,0,0,1
94579,0,0,0,0,0,0,0,0,1
94580,0,0,0,0,0,0,0,0,1
94581,0,0,0,0,0,0,0,0,1
94582,0,0,0,0,0,0,0,0,1
94583,0,0,0,0,0,0,0,0,1
94584,0,0,0,0,0,0,0,0,1
94585,0,0,0,0,0,0,0,0,1
94586,0,0,0,0,0,0,0,0,1
94587,0,0,0,0,0,0,0,0,1
94588,0,0,0,0,0,0,0,0,1
94589,0,0,0,0,0,0,0,0,1
94590,0,0,0,0,0,0,0,0,1
94591,0,0,0,0,0,0,0,0,1
94592,0,0,0,0,0,0,0,0,1
94593,0,0,0,0,0,0,0,0,1
94594,0,0,0,0,0,0,0,0,1
94595,0,0,0,0,0,0,0,0,1
94596,0,0,0,0,0,0,0,0,1
94597,0,0,0,0,0,0,0,0,1
94598,0,0,0,0,0,0,0,0,1
94599,0,0,0,0,0,0,0,0,1
94600,0,0,0,0,0,0,0,0,1
94601,0,0,0,0,0,0,0,0,1
94602,0,0,0,0,0,0,0,0,1
94603,0,0,0,0,0,0,0,0,1
94604,0,0,0,0,0,0,0,0,1
94605,0,0,0,0,0,0,0,0,1
94606,0,0,0,0,0,0,0,0,1
94607,0,0,0,0,0,0,0,0,1
94608,0,0,0,0,0,0,0,0,1
94609,0,0,0,0,0,0,0,0,1
94610,0,0,0,0,0,0,0,0,1
94611,0,0,0,0,0,0,0,0,1
94612,0,0,0,0,0,0,0,0,1
94613,0,0,0,0,0,0,0,0,1
94614,0,0,0,0,0,0,0,0,1
94615,0,0,0,0,0,0,0,0,1
94616,0,0,0,0,0,0,0,0,1
94617,0,0,0,0,0,0,0,0,1
94618,0,0,0,0,0,0,0,0,1
94619,0,0,0,0,0,0,0,0,1
94620,0,0,0,0,0,0,0,0,1
94621,0,0,0,0,0,0,0,0,1
94622,0,0,0,0,0,0,0,0,1
94623,0,0,0,0,0,0,0,0,1
94624,0,0,0,0,0,0,0,0,1
94625,0,0,0,0,0,0,0,0,1
94626,0,0,0,0,0,0,0,0,1
94627,0,0,0,0,0,0,0,0,1
94628,0,0,0,0,0,0,0,0,1
94629,0,0,0,0,0,0,0,0,1
94630,0,0,0,0,0,0,0,0,1
94631,0,0,0,0,0,0,0,0,1
94632,0,0,0,0,0,0,0,0,1
94633,0,0,0,0,0,0,0,0,1
94634,0,0,0,0,0,0,0,0,1
94635,0,0,0,0,0,0,0,0,1
94636,0,0,0,0,0,0,0,0,1
94637,0,0,0,0,0,0,0,0,1
94638,0,0,0,0,0,0,0,0,1
94639,0,0,0,0,0,0,0,0,1
94640,0,0,0,0,0,0,0,0,1
94641,0,0,0,0,0,0,0,0,1
94642,0,0,0,0,0,0,0,0,1
94643,0,0,0,0,0,0,0,0,1
94644,0,0,0,0,0,0,0,0,1
94645,0,0,0,0,0,0,0,0,1
94646,0,0,0,0,0,0,0,0,1
94647,0,0,0,0,0,0,0,0,1
94648,0,0,0,0,0,0,0,0,1
94649,0,0,0,0,0,0,0,0,1
94650,0,0,0,0,0,0,0,0,1
94651,0,0,0,0,0,0,0,0,1
94652,0,0,0,0,0,0,0,0,1
94653,0,0,0,0,0,0,0,0,1
94654,0,0,0,0,0,0,0,0,1
94655,0,0,0,0,0,0,0,0,1
94656,0,0,0,0,0,0,0,0,1
94657,0,0,0,0,0,0,0,0,1
94658,0,0,0,0,0,0,0,0,1
94659,0,0,0,0,0,0,0,0,1
94660,0,0,0,0,0,0,0,0,1
94661,0,0,0,0,0,0,0,0,1
94662,0,0,0,0,0,0,0,0,1
94663,0,0,0,0,0,0,0,0,1
94664,0,0,0,0,0,0,0,0,1
94665,0,0,0,0,0,0,0,0,1
94666,0,0,0,0,0,0,0,0,1
94667,0,0,0,0,0,0,0,0,1
94668,0,0,0,0,0,0,0,0,1
94669,0,0,0,0,0,0,0,0,1
94670,0,0,0,0,0,0,0,0,1
94671,0,0,0,0,0,0,0,0,1
94672,0,0,0,0,0,0,0,0,1
94673,0,0,0,0,0,0,0,0,1
94674,0,0,0,0,0,0,0,0,1
94675,0,0,0,0,0,0,0,0,1
94676,0,0,0,0,0,0,0,0,1
94677,0,0,0,0,0,0,0,0,1
94678,0,0,0,0,0,0,0,0,1
94679,0,0,0,0,0,0,0,0,1
94680,0,0,0,0,0,0,0,0,1
94681,0,0,0,0,0,0,0,0,1
94682,0,0,0,0,0,0,0,0,1
94683,0,0,0,0,0,0,0,0,1
94684,0,0,0,0,0,0,0,0,1
94685,0,0,0,0,0,0,0,0,1
94686,0,0,0,0,0,0,0,0,1
94687,0,0,0,0,0,0,0,0,1
94688,0,0,0,0,0,0,0,0,1
94689,0,0,0,0,0,0,0,0,1
94690,0,0,0,0,0,0,0,0,1
94691,0,0,0,0,0,0,0,0,1
94692,0,0,0,0,0,0,0,0,1
94693,0,0,0,0,0,0,0,0,1
94694,0,0,0,0,0,0,0,0,1
94695,0,0,0,0,0,0,0,0,1
94696,0,0,0,0,0,0,0,0,1
94697,0,0,0,0,0,0,0,0,1
94698,0,0,0,0,0,0,0,0,1
94699,0,0,0,0,0,0,0,0,1
94700,0,0,0,0,0,0,0,0,1
94701,0,0,0,0,0,0,0,0,1
94702,0,0,0,0,0,0,0,0,1
94703,0,0,0,0,0,0,0,0,1
94704,0,0,0,0,0,0,0,0,1
94705,0,0,0,0,0,0,0,0,1
94706,0,0,0,0,0,0,0,0,1
94707,0,0,0,0,0,0,0,0,1
94708,0,0,0,0,0,0,0,0,1
94709,0,0,0,0,0,0,0,0,1
94710,0,0,0,0,0,0,0,0,1
94711,0,0,0,0,0,0,0,0,1
94712,0,0,0,0,0,0,0,0,1
94713,0,0,0,0,0,0,0,0,1
94714,0,0,0,0,0,0,0,0,1
94715,0,0,0,0,0,0,0,0,1
94716,0,0,0,0,0,0,0,0,1
94717,0,0,0,0,0,0,0,0,1
94718,0,0,0,0,0,0,0,0,1
94719,0,0,0,0,0,0,0,0,1
94720,0,0,0,0,0,0,0,0,1
94721,0,0,0,0,0,0,0,0,1
94722,0,0,0,0,0,0,0,0,1
94723,0,0,0,0,0,0,0,0,1
94724,0,0,0,0,0,0,0,0,1
94725,0,0,0,0,0,0,0,0,1
94726,0,0,0,0,0,0,0,0,1
94727,0,0,0,0,0,0,0,0,1
94728,0,0,0,0,0,0,0,0,1
94729,0,0,0,0,0,0,0,0,1
94730,0,0,0,0,0,0,0,0,1
94731,0,0,0,0,0,0,0,0,1
94732,0,0,0,0,0,0,0,0,1
94733,0,0,0,0,0,0,0,0,1
94734,0,0,0,0,0,0,0,0,1
94735,0,0,0,0,0,0,0,0,1
94736,0,0,0,0,0,0,0,0,1
94737,0,0,0,0,0,0,0,0,1
94738,0,0,0,0,0,0,0,0,1
94739,0,0,0,0,0,0,0,0,1
94740,0,0,0,0,0,0,0,0,1
94741,0,0,0,0,0,0,0,0,1
94742,0,0,0,0,0,0,0,0,1
94743,0,0,0,0,0,0,0,0,1
94744,0,0,0,0,0,0,0,0,1
94745,0,0,0,0,0,0,0,0,1
94746,0,0,0,0,0,0,0,0,1
94747,0,0,0,0,0,0,0,0,1
94748,0,0,0,0,0,0,0,0,1
94749,0,0,0,0,0,0,0,0,1
94750,0,0,0,0,0,0,0,0,1
94751,0,0,0,0,0,0,0,0,1
94752,0,0,0,0,0,0,0,0,1
94753,0,0,0,0,0,0,0,0,1
94754,0,0,0,0,0,0,0,0,1
94755,0,0,0,0,0,0,0,0,1
94756,0,0,0,0,0,0,0,0,1
94757,0,0,0,0,0,0,0,0,1
94758,0,0,0,0,0,0,0,0,1
94759,0,0,0,0,0,0,0,0,1
94760,0,0,0,0,0,0,0,0,1
94761,0,0,0,0,0,0,0,0,1
94762,0,0,0,0,0,0,0,0,1
94763,0,0,0,0,0,0,0,0,1
94764,0,0,0,0,0,0,0,0,1
94765,0,0,0,0,0,0,0,0,1
94766,0,0,0,0,0,0,0,0,1
94767,0,0,0,0,0,0,0,0,1
94768,0,0,0,0,0,0,0,0,1
94769,0,0,0,0,0,0,0,0,1
94770,0,0,0,0,0,0,0,0,1
94771,0,0,0,0,0,0,0,0,1
94772,0,0,0,0,0,0,0,0,1
94773,0,0,0,0,0,0,0,0,1
94774,0,0,0,0,0,0,0,0,1
94775,0,0,0,0,0,0,0,0,1
94776,0,0,0,0,0,0,0,0,1
94777,0,0,0,0,0,0,0,0,1
94778,0,0,0,0,0,0,0,0,1
94779,0,0,0,0,0,0,0,0,1
94780,0,0,0,0,0,0,0,0,1
94781,0,0,0,0,0,0,0,0,1
94782,0,0,0,0,0,0,0,0,1
94783,0,0,0,0,0,0,0,0,1
94784,0,0,0,0,0,0,0,0,1
94785,0,0,0,0,0,0,0,0,1
94786,0,0,0,0,0,0,0,0,1
94787,0,0,0,0,0,0,0,0,1
94788,0,0,0,0,0,0,0,0,1
94789,0,0,0,0,0,0,0,0,1
94790,0,0,0,0,0,0,0,0,1
94791,0,0,0,0,0,0,0,0,1
94792,0,0,0,0,0,0,0,0,1
94793,0,0,0,0,0,0,0,0,1
94794,0,0,0,0,0,0,0,0,1
94795,0,0,0,0,0,0,0,0,1
94796,0,0,0,0,0,0,0,0,1
94797,0,0,0,0,0,0,0,0,1
94798,0,0,0,0,0,0,0,0,1
94799,0,0,0,0,0,0,0,0,1
94800,0,0,0,0,0,0,0,0,1
94801,0,0,0,0,0,0,0,0,1
94802,0,0,0,0,0,0,0,0,1
94803,0,0,0,0,0,0,0,0,1
94804,0,0,0,0,0,0,0,0,1
94805,0,0,0,0,0,0,0,0,1
94806,0,0,0,0,0,0,0,0,1
94807,0,0,0,0,0,0,0,0,1
94808,0,0,0,0,0,0,0,0,1
94809,0,0,0,0,0,0,0,0,1
94810,0,0,0,0,0,0,0,0,1
94811,0,0,0,0,0,0,0,0,1
94812,0,0,0,0,0,0,0,0,1
94813,0,0,0,0,0,0,0,0,1
94814,0,0,0,0,0,0,0,0,1
94815,0,0,0,0,0,0,0,0,1
94816,0,0,0,0,0,0,0,0,1
94817,0,0,0,0,0,0,0,0,1
94818,0,0,0,0,0,0,0,0,1
94819,0,0,0,0,0,0,0,0,1
94820,0,0,0,0,0,0,0,0,1
94821,0,0,0,0,0,0,0,0,1
94822,0,0,0,0,0,0,0,0,1
94823,0,0,0,0,0,0,0,0,1
94824,0,0,0,0,0,0,0,0,1
94825,0,0,0,0,0,0,0,0,1
94826,0,0,0,0,0,0,0,0,1
94827,0,0,0,0,0,0,0,0,1
94828,0,0,0,0,0,0,0,0,1
94829,0,0,0,0,0,0,0,0,1
94830,0,0,0,0,0,0,0,0,1
94831,0,0,0,0,0,0,0,0,1
94832,0,0,0,0,0,0,0,0,1
94833,0,0,0,0,0,0,0,0,1
94834,0,0,0,0,0,0,0,0,1
94835,0,0,0,0,0,0,0,0,1
94836,0,0,0,0,0,0,0,0,1
94837,0,0,0,0,0,0,0,0,1
94838,0,0,0,0,0,0,0,0,1
94839,0,0,0,0,0,0,0,0,1
94840,0,0,0,0,0,0,0,0,1
94841,0,0,0,0,0,0,0,0,1
94842,0,0,0,0,0,0,0,0,1
94843,0,0,0,0,0,0,0,0,1
94844,0,0,0,0,0,0,0,0,1
94845,0,0,0,0,0,0,0,0,1
94846,0,0,0,0,0,0,0,0,1
94847,0,0,0,0,0,0,0,0,1
94848,0,0,0,0,0,0,0,0,1
94849,0,0,0,0,0,0,0,0,1
94850,0,0,0,0,0,0,0,0,1
94851,0,0,0,0,0,0,0,0,1
94852,0,0,0,0,0,0,0,0,1
94853,0,0,0,0,0,0,0,0,1
94854,0,0,0,0,0,0,0,0,1
94855,0,0,0,0,0,0,0,0,1
94856,0,0,0,0,0,0,0,0,1
94857,0,0,0,0,0,0,0,0,1
94858,0,0,0,0,0,0,0,0,1
94859,0,0,0,0,0,0,0,0,1
94860,0,0,0,0,0,0,0,0,1
94861,0,0,0,0,0,0,0,0,1
94862,0,0,0,0,0,0,0,0,1
94863,0,0,0,0,0,0,0,0,1
94864,0,0,0,0,0,0,0,0,1
94865,0,0,0,0,0,0,0,0,1
94866,0,0,0,0,0,0,0,0,1
94867,0,0,0,0,0,0,0,0,1
94868,0,0,0,0,0,0,0,0,1
94869,0,0,0,0,0,0,0,0,1
94870,0,0,0,0,0,0,0,0,1
94871,0,0,0,0,0,0,0,0,1
94872,0,0,0,0,0,0,0,0,1
94873,0,0,0,0,0,0,0,0,1
94874,0,0,0,0,0,0,0,0,1
94875,0,0,0,0,0,0,0,0,1
94876,0,0,0,0,0,0,0,0,1
94877,0,0,0,0,0,0,0,0,1
94878,0,0,0,0,0,0,0,0,1
94879,0,0,0,0,0,0,0,0,1
94880,0,0,0,0,0,0,0,0,1
94881,0,0,0,0,0,0,0,0,1
94882,0,0,0,0,0,0,0,0,1
94883,0,0,0,0,0,0,0,0,1
94884,0,0,0,0,0,0,0,0,1
94885,0,0,0,0,0,0,0,0,1
94886,0,0,0,0,0,0,0,0,1
94887,0,0,0,0,0,0,0,0,1
94888,0,0,0,0,0,0,0,0,1
94889,0,0,0,0,0,0,0,0,1
94890,0,0,0,0,0,0,0,0,1
94891,0,0,0,0,0,0,0,0,1
94892,0,0,0,0,0,0,0,0,1
94893,0,0,0,0,0,0,0,0,1
94894,0,0,0,0,0,0,0,0,1
94895,0,0,0,0,0,0,0,0,1
94896,0,0,0,0,0,0,0,0,1
94897,0,0,0,0,0,0,0,0,1
94898,0,0,0,0,0,0,0,0,1
94899,0,0,0,0,0,0,0,0,1
94900,0,0,0,0,0,0,0,0,1
94901,0,0,0,0,0,0,0,0,1
94902,0,0,0,0,0,0,0,0,1
94903,0,0,0,0,0,0,0,0,1
94904,0,0,0,0,0,0,0,0,1
94905,0,0,0,0,0,0,0,0,1
94906,0,0,0,0,0,0,0,0,1
94907,0,0,0,0,0,0,0,0,1
94908,0,0,0,0,0,0,0,0,1
94909,0,0,0,0,0,0,0,0,1
94910,0,0,0,0,0,0,0,0,1
94911,0,0,0,0,0,0,0,0,1
94912,0,0,0,0,0,0,0,0,1
94913,0,0,0,0,0,0,0,0,1
94914,0,0,0,0,0,0,0,0,1
94915,0,0,0,0,0,0,0,0,1
94916,0,0,0,0,0,0,0,0,1
94917,0,0,0,0,0,0,0,0,1
94918,0,0,0,0,0,0,0,0,1
94919,0,0,0,0,0,0,0,0,1
94920,0,0,0,0,0,0,0,0,1
94921,0,0,0,0,0,0,0,0,1
94922,0,0,0,0,0,0,0,0,1
94923,0,0,0,0,0,0,0,0,1
94924,0,0,0,0,0,0,0,0,1
94925,0,0,0,0,0,0,0,0,1
94926,0,0,0,0,0,0,0,0,1
94927,0,0,0,0,0,0,0,0,1
94928,0,0,0,0,0,0,0,0,1
94929,0,0,0,0,0,0,0,0,1
94930,0,0,0,0,0,0,0,0,1
94931,0,0,0,0,0,0,0,0,1
94932,0,0,0,0,0,0,0,0,1
94933,0,0,0,0,0,0,0,0,1
94934,0,0,0,0,0,0,0,0,1
94935,0,0,0,0,0,0,0,0,1
94936,0,0,0,0,0,0,0,0,1
94937,0,0,0,0,0,0,0,0,1
94938,0,0,0,0,0,0,0,0,1
94939,0,0,0,0,0,0,0,0,1
94940,0,0,0,0,0,0,0,0,1
94941,0,0,0,0,0,0,0,0,1
94942,0,0,0,0,0,0,0,0,1
94943,0,0,0,0,0,0,0,0,1
94944,0,0,0,0,0,0,0,0,1
94945,0,0,0,0,0,0,0,0,1
94946,0,0,0,0,0,0,0,0,1
94947,0,0,0,0,0,0,0,0,1
94948,0,0,0,0,0,0,0,0,1
94949,0,0,0,0,0,0,0,0,1
94950,0,0,0,0,0,0,0,0,1
94951,0,0,0,0,0,0,0,0,1
94952,0,0,0,0,0,0,0,0,1
94953,0,0,0,0,0,0,0,0,1
94954,0,0,0,0,0,0,0,0,1
94955,0,0,0,0,0,0,0,0,1
94956,0,0,0,0,0,0,0,0,1
94957,0,0,0,0,0,0,0,0,1
94958,0,0,0,0,0,0,0,0,1
94959,0,0,0,0,0,0,0,0,1
94960,0,0,0,0,0,0,0,0,1
94961,0,0,0,0,0,0,0,0,1
94962,0,0,0,0,0,0,0,0,1
94963,0,0,0,0,0,0,0,0,1
94964,0,0,0,0,0,0,0,0,1
94965,0,0,0,0,0,0,0,0,1
94966,0,0,0,0,0,0,0,0,1
94967,0,0,0,0,0,0,0,0,1
94968,0,0,0,0,0,0,0,0,1
94969,0,0,0,0,0,0,0,0,1
94970,0,0,0,0,0,0,0,0,1
94971,0,0,0,0,0,0,0,0,1
94972,0,0,0,0,0,0,0,0,1
94973,0,0,0,0,0,0,0,0,1
94974,0,0,0,0,0,0,0,0,1
94975,0,0,0,0,0,0,0,0,1
94976,0,0,0,0,0,0,0,0,1
94977,0,0,0,0,0,0,0,0,1
94978,0,0,0,0,0,0,0,0,1
94979,0,0,0,0,0,0,0,0,1
94980,0,0,0,0,0,0,0,0,1
94981,0,0,0,0,0,0,0,0,1
94982,0,0,0,0,0,0,0,0,1
94983,0,0,0,0,0,0,0,0,1
94984,0,0,0,0,0,0,0,0,1
94985,0,0,0,0,0,0,0,0,1
94986,0,0,0,0,0,0,0,0,1
94987,0,0,0,0,0,0,0,0,1
94988,0,0,0,0,0,0,0,0,1
94989,0,0,0,0,0,0,0,0,1
94990,0,0,0,0,0,0,0,0,1
94991,0,0,0,0,0,0,0,0,1
94992,0,0,0,0,0,0,0,0,1
94993,0,0,0,0,0,0,0,0,1
94994,0,0,0,0,0,0,0,0,1
94995,0,0,0,0,0,0,0,0,1
94996,0,0,0,0,0,0,0,0,1
94997,0,0,0,0,0,0,0,0,1
94998,0,0,0,0,0,0,0,0,1
94999,0,0,0,0,0,0,0,0,1
95000,0,0,0,0,0,0,0,0,1
95001,0,0,0,0,0,0,0,0,1
95002,0,0,0,0,0,0,0,0,1
95003,0,0,0,0,0,0,0,0,1
95004,0,0,0,0,0,0,0,0,1
95005,0,0,0,0,0,0,0,0,1
95006,0,0,0,0,0,0,0,0,1
95007,0,0,0,0,0,0,0,0,1
95008,0,0,0,0,0,0,0,0,1
95009,0,0,0,0,0,0,0,0,1
95010,0,0,0,0,0,0,0,0,1
95011,0,0,0,0,0,0,0,0,1
95012,0,0,0,0,0,0,0,0,1
95013,0,0,0,0,0,0,0,0,1
95014,0,0,0,0,0,0,0,0,1
95015,0,0,0,0,0,0,0,0,1
95016,0,0,0,0,0,0,0,0,1
95017,0,0,0,0,0,0,0,0,1
95018,0,0,0,0,0,0,0,0,1
95019,0,0,0,0,0,0,0,0,1
95020,0,0,0,0,0,0,0,0,1
95021,0,0,0,0,0,0,0,0,1
95022,0,0,0,0,0,0,0,0,1
95023,0,0,0,0,0,0,0,0,1
95024,0,0,0,0,0,0,0,0,1
95025,0,0,0,0,0,0,0,0,1
95026,0,0,0,0,0,0,0,0,1
95027,0,0,0,0,0,0,0,0,1
95028,0,0,0,0,0,0,0,0,1
95029,0,0,0,0,0,0,0,0,1
95030,0,0,0,0,0,0,0,0,1
95031,0,0,0,0,0,0,0,0,1
95032,0,0,0,0,0,0,0,0,1
95033,0,0,0,0,0,0,0,0,1
95034,0,0,0,0,0,0,0,0,1
95035,0,0,0,0,0,0,0,0,1
95036,0,0,0,0,0,0,0,0,1
95037,0,0,0,0,0,0,0,0,1
95038,0,0,0,0,0,0,0,0,1
95039,0,0,0,0,0,0,0,0,1
95040,0,0,0,0,0,0,0,0,1
95041,0,0,0,0,0,0,0,0,1
95042,0,0,0,0,0,0,0,0,1
95043,0,0,0,0,0,0,0,0,1
95044,0,0,0,0,0,0,0,0,1
95045,0,0,0,0,0,0,0,0,1
95046,0,0,0,0,0,0,0,0,1
95047,0,0,0,0,0,0,0,0,1
95048,0,0,0,0,0,0,0,0,1
95049,0,0,0,0,0,0,0,0,1
95050,0,0,0,0,0,0,0,0,1
95051,0,0,0,0,0,0,0,0,1
95052,0,0,0,0,0,0,0,0,1
95053,0,0,0,0,0,0,0,0,1
95054,0,0,0,0,0,0,0,0,1
95055,0,0,0,0,0,0,0,0,1
95056,0,0,0,0,0,0,0,0,1
95057,0,0,0,0,0,0,0,0,1
95058,0,0,0,0,0,0,0,0,1
95059,0,0,0,0,0,0,0,0,1
95060,0,0,0,0,0,0,0,0,1
95061,0,0,0,0,0,0,0,0,1
95062,0,0,0,0,0,0,0,0,1
95063,0,0,0,0,0,0,0,0,1
95064,0,0,0,0,0,0,0,0,1
95065,0,0,0,0,0,0,0,0,1
95066,0,0,0,0,0,0,0,0,1
95067,0,0,0,0,0,0,0,0,1
95068,0,0,0,0,0,0,0,0,1
95069,0,0,0,0,0,0,0,0,1
95070,0,0,0,0,0,0,0,0,1
95071,0,0,0,0,0,0,0,0,1
95072,0,0,0,0,0,0,0,0,1
95073,0,0,0,0,0,0,0,0,1
95074,0,0,0,0,0,0,0,0,1
95075,0,0,0,0,0,0,0,0,1
95076,0,0,0,0,0,0,0,0,1
95077,0,0,0,0,0,0,0,0,1
95078,0,0,0,0,0,0,0,0,1
95079,0,0,0,0,0,0,0,0,1
95080,0,0,0,0,0,0,0,0,1
95081,0,0,0,0,0,0,0,0,1
95082,0,0,0,0,0,0,0,0,1
95083,0,0,0,0,0,0,0,0,1
95084,0,0,0,0,0,0,0,0,1
95085,0,0,0,0,0,0,0,0,1
95086,0,0,0,0,0,0,0,0,1
95087,0,0,0,0,0,0,0,0,1
95088,0,0,0,0,0,0,0,0,1
95089,0,0,0,0,0,0,0,0,1
95090,0,0,0,0,0,0,0,0,1
95091,0,0,0,0,0,0,0,0,1
95092,0,0,0,0,0,0,0,0,1
95093,0,0,0,0,0,0,0,0,1
95094,0,0,0,0,0,0,0,0,1
95095,0,0,0,0,0,0,0,0,1
95096,0,0,0,0,0,0,0,0,1
95097,0,0,0,0,0,0,0,0,1
95098,0,0,0,0,0,0,0,0,1
95099,0,0,0,0,0,0,0,0,1
95100,0,0,0,0,0,0,0,0,1
95101,0,0,0,0,0,0,0,0,1
95102,0,0,0,0,0,0,0,0,1
95103,0,0,0,0,0,0,0,0,1
95104,0,0,0,0,0,0,0,0,1
95105,0,0,0,0,0,0,0,0,1
95106,0,0,0,0,0,0,0,0,1
95107,0,0,0,0,0,0,0,0,1
95108,0,0,0,0,0,0,0,0,1
95109,0,0,0,0,0,0,0,0,1
95110,0,0,0,0,0,0,0,0,1
95111,0,0,0,0,0,0,0,0,1
95112,0,0,0,0,0,0,0,0,1
95113,0,0,0,0,0,0,0,0,1
95114,0,0,0,0,0,0,0,0,1
95115,0,0,0,0,0,0,0,0,1
95116,0,0,0,0,0,0,0,0,1
95117,0,0,0,0,0,0,0,0,1
95118,0,0,0,0,0,0,0,0,1
95119,0,0,0,0,0,0,0,0,1
95120,0,0,0,0,0,0,0,0,1
95121,0,0,0,0,0,0,0,0,1
95122,0,0,0,0,0,0,0,0,1
95123,0,0,0,0,0,0,0,0,1
95124,0,0,0,0,0,0,0,0,1
95125,0,0,0,0,0,0,0,0,1
95126,0,0,0,0,0,0,0,0,1
95127,0,0,0,0,0,0,0,0,1
95128,0,0,0,0,0,0,0,0,1
95129,0,0,0,0,0,0,0,0,1
95130,0,0,0,0,0,0,0,0,1
95131,0,0,0,0,0,0,0,0,1
95132,0,0,0,0,0,0,0,0,1
95133,0,0,0,0,0,0,0,0,1
95134,0,0,0,0,0,0,0,0,1
95135,0,0,0,0,0,0,0,0,1
95136,0,0,0,0,0,0,0,0,1
95137,0,0,0,0,0,0,0,0,1
95138,0,0,0,0,0,0,0,0,1
95139,0,0,0,0,0,0,0,0,1
95140,0,0,0,0,0,0,0,0,1
95141,0,0,0,0,0,0,0,0,1
95142,0,0,0,0,0,0,0,0,1
95143,0,0,0,0,0,0,0,0,1
95144,0,0,0,0,0,0,0,0,1
95145,0,0,0,0,0,0,0,0,1
95146,0,0,0,0,0,0,0,0,1
95147,0,0,0,0,0,0,0,0,1
95148,0,0,0,0,0,0,0,0,1
95149,0,0,0,0,0,0,0,0,1
95150,0,0,0,0,0,0,0,0,1
95151,0,0,0,0,0,0,0,0,1
95152,0,0,0,0,0,0,0,0,1
95153,0,0,0,0,0,0,0,0,1
95154,0,0,0,0,0,0,0,0,1
95155,0,0,0,0,0,0,0,0,1
95156,0,0,0,0,0,0,0,0,1
95157,0,0,0,0,0,0,0,0,1
95158,0,0,0,0,0,0,0,0,1
95159,0,0,0,0,0,0,0,0,1
95160,0,0,0,0,0,0,0,0,1
95161,0,0,0,0,0,0,0,0,1
95162,0,0,0,0,0,0,0,0,1
95163,0,0,0,0,0,0,0,0,1
95164,0,0,0,0,0,0,0,0,1
95165,0,0,0,0,0,0,0,0,1
95166,0,0,0,0,0,0,0,0,1
95167,0,0,0,0,0,0,0,0,1
95168,0,0,0,0,0,0,0,0,1
95169,0,0,0,0,0,0,0,0,1
95170,0,0,0,0,0,0,0,0,1
95171,0,0,0,0,0,0,0,0,1
95172,0,0,0,0,0,0,0,0,1
95173,0,0,0,0,0,0,0,0,1
95174,0,0,0,0,0,0,0,0,1
95175,0,0,0,0,0,0,0,0,1
95176,0,0,0,0,0,0,0,0,1
95177,0,0,0,0,0,0,0,0,1
95178,0,0,0,0,0,0,0,0,1
95179,0,0,0,0,0,0,0,0,1
95180,0,0,0,0,0,0,0,0,1
95181,0,0,0,0,0,0,0,0,1
95182,0,0,0,0,0,0,0,0,1
95183,0,0,0,0,0,0,0,0,1
95184,0,0,0,0,0,0,0,0,1
95185,0,0,0,0,0,0,0,0,1
95186,0,0,0,0,0,0,0,0,1
95187,0,0,0,0,0,0,0,0,1
95188,0,0,0,0,0,0,0,0,1
95189,0,0,0,0,0,0,0,0,1
95190,0,0,0,0,0,0,0,0,1
95191,0,0,0,0,0,0,0,0,1
95192,0,0,0,0,0,0,0,0,1
95193,0,0,0,0,0,0,0,0,1
95194,0,0,0,0,0,0,0,0,1
95195,0,0,0,0,0,0,0,0,1
95196,0,0,0,0,0,0,0,0,1
95197,0,0,0,0,0,0,0,0,1
95198,0,0,0,0,0,0,0,0,1
95199,0,0,0,0,0,0,0,0,1
95200,0,0,0,0,0,0,0,0,1
95201,0,0,0,0,0,0,0,0,1
95202,0,0,0,0,0,0,0,0,1
95203,0,0,0,0,0,0,0,0,1
95204,0,0,0,0,0,0,0,0,1
95205,0,0,0,0,0,0,0,0,1
95206,0,0,0,0,0,0,0,0,1
95207,0,0,0,0,0,0,0,0,1
95208,0,0,0,0,0,0,0,0,1
95209,0,0,0,0,0,0,0,0,1
95210,0,0,0,0,0,0,0,0,1
95211,0,0,0,0,0,0,0,0,1
95212,0,0,0,0,0,0,0,0,1
95213,0,0,0,0,0,0,0,0,1
95214,0,0,0,0,0,0,0,0,1
95215,0,0,0,0,0,0,0,0,1
95216,0,0,0,0,0,0,0,0,1
95217,0,0,0,0,0,0,0,0,1
95218,0,0,0,0,0,0,0,0,1
95219,0,0,0,0,0,0,0,0,1
95220,0,0,0,0,0,0,0,0,1
95221,0,0,0,0,0,0,0,0,1
95222,0,0,0,0,0,0,0,0,1
95223,0,0,0,0,0,0,0,0,1
95224,0,0,0,0,0,0,0,0,1
95225,0,0,0,0,0,0,0,0,1
95226,0,0,0,0,0,0,0,0,1
95227,0,0,0,0,0,0,0,0,1
95228,0,0,0,0,0,0,0,0,1
95229,0,0,0,0,0,0,0,0,1
95230,0,0,0,0,0,0,0,0,1
95231,0,0,0,0,0,0,0,0,1
95232,0,0,0,0,0,0,0,0,1
95233,0,0,0,0,0,0,0,0,1
95234,0,0,0,0,0,0,0,0,1
95235,0,0,0,0,0,0,0,0,1
95236,0,0,0,0,0,0,0,0,1
95237,0,0,0,0,0,0,0,0,1
95238,0,0,0,0,0,0,0,0,1
95239,0,0,0,0,0,0,0,0,1
95240,0,0,0,0,0,0,0,0,1
95241,0,0,0,0,0,0,0,0,1
95242,0,0,0,0,0,0,0,0,1
95243,0,0,0,0,0,0,0,0,1
95244,0,0,0,0,0,0,0,0,1
95245,0,0,0,0,0,0,0,0,1
95246,0,0,0,0,0,0,0,0,1
95247,0,0,0,0,0,0,0,0,1
95248,0,0,0,0,0,0,0,0,1
95249,0,0,0,0,0,0,0,0,1
95250,0,0,0,0,0,0,0,0,1
95251,0,0,0,0,0,0,0,0,1
95252,0,0,0,0,0,0,0,0,1
95253,0,0,0,0,0,0,0,0,1
95254,0,0,0,0,0,0,0,0,1
95255,0,0,0,0,0,0,0,0,1
95256,0,0,0,0,0,0,0,0,1
95257,0,0,0,0,0,0,0,0,1
95258,0,0,0,0,0,0,0,0,1
95259,0,0,0,0,0,0,0,0,1
95260,0,0,0,0,0,0,0,0,1
95261,0,0,0,0,0,0,0,0,1
95262,0,0,0,0,0,0,0,0,1
95263,0,0,0,0,0,0,0,0,1
95264,0,0,0,0,0,0,0,0,1
95265,0,0,0,0,0,0,0,0,1
95266,0,0,0,0,0,0,0,0,1
95267,0,0,0,0,0,0,0,0,1
95268,0,0,0,0,0,0,0,0,1
95269,0,0,0,0,0,0,0,0,1
95270,0,0,0,0,0,0,0,0,1
95271,0,0,0,0,0,0,0,0,1
95272,0,0,0,0,0,0,0,0,1
95273,0,0,0,0,0,0,0,0,1
95274,0,0,0,0,0,0,0,0,1
95275,0,0,0,0,0,0,0,0,1
95276,0,0,0,0,0,0,0,0,1
95277,0,0,0,0,0,0,0,0,1
95278,0,0,0,0,0,0,0,0,1
95279,0,0,0,0,0,0,0,0,1
95280,0,0,0,0,0,0,0,0,1
95281,0,0,0,0,0,0,0,0,1
95282,0,0,0,0,0,0,0,0,1
95283,0,0,0,0,0,0,0,0,1
95284,0,0,0,0,0,0,0,0,1
95285,0,0,0,0,0,0,0,0,1
95286,0,0,0,0,0,0,0,0,1
95287,0,0,0,0,0,0,0,0,1
95288,0,0,0,0,0,0,0,0,1
95289,0,0,0,0,0,0,0,0,1
95290,0,0,0,0,0,0,0,0,1
95291,0,0,0,0,0,0,0,0,1
95292,0,0,0,0,0,0,0,0,1
95293,0,0,0,0,0,0,0,0,1
95294,0,0,0,0,0,0,0,0,1
95295,0,0,0,0,0,0,0,0,1
95296,0,0,0,0,0,0,0,0,1
95297,0,0,0,0,0,0,0,0,1
95298,0,0,0,0,0,0,0,0,1
95299,0,0,0,0,0,0,0,0,1
95300,0,0,0,0,0,0,0,0,1
95301,0,0,0,0,0,0,0,0,1
95302,0,0,0,0,0,0,0,0,1
95303,0,0,0,0,0,0,0,0,1
95304,0,0,0,0,0,0,0,0,1
95305,0,0,0,0,0,0,0,0,1
95306,0,0,0,0,0,0,0,0,1
95307,0,0,0,0,0,0,0,0,1
95308,0,0,0,0,0,0,0,0,1
95309,0,0,0,0,0,0,0,0,1
95310,0,0,0,0,0,0,0,0,1
95311,0,0,0,0,0,0,0,0,1
95312,0,0,0,0,0,0,0,0,1
95313,0,0,0,0,0,0,0,0,1
95314,0,0,0,0,0,0,0,0,1
95315,0,0,0,0,0,0,0,0,1
95316,0,0,0,0,0,0,0,0,1
95317,0,0,0,0,0,0,0,0,1
95318,0,0,0,0,0,0,0,0,1
95319,0,0,0,0,0,0,0,0,1
95320,0,0,0,0,0,0,0,0,1
95321,0,0,0,0,0,0,0,0,1
95322,0,0,0,0,0,0,0,0,1
95323,0,0,0,0,0,0,0,0,1
95324,0,0,0,0,0,0,0,0,1
95325,0,0,0,0,0,0,0,0,1
95326,0,0,0,0,0,0,0,0,1
95327,0,0,0,0,0,0,0,0,1
95328,0,0,0,0,0,0,0,0,1
95329,0,0,0,0,0,0,0,0,1
95330,0,0,0,0,0,0,0,0,1
95331,0,0,0,0,0,0,0,0,1
95332,0,0,0,0,0,0,0,0,1
95333,0,0,0,0,0,0,0,0,1
95334,0,0,0,0,0,0,0,0,1
95335,0,0,0,0,0,0,0,0,1
95336,0,0,0,0,0,0,0,0,1
95337,0,0,0,0,0,0,0,0,1
95338,0,0,0,0,0,0,0,0,1
95339,0,0,0,0,0,0,0,0,1
95340,0,0,0,0,0,0,0,0,1
95341,0,0,0,0,0,0,0,0,1
95342,0,0,0,0,0,0,0,0,1
95343,0,0,0,0,0,0,0,0,1
95344,0,0,0,0,0,0,0,0,1
95345,0,0,0,0,0,0,0,0,1
95346,0,0,0,0,0,0,0,0,1
95347,0,0,0,0,0,0,0,0,1
95348,0,0,0,0,0,0,0,0,1
95349,0,0,0,0,0,0,0,0,1
95350,0,0,0,0,0,0,0,0,1
95351,0,0,0,0,0,0,0,0,1
95352,0,0,0,0,0,0,0,0,1
95353,0,0,0,0,0,0,0,0,1
95354,0,0,0,0,0,0,0,0,1
95355,0,0,0,0,0,0,0,0,1
95356,0,0,0,0,0,0,0,0,1
95357,0,0,0,0,0,0,0,0,1
95358,0,0,0,0,0,0,0,0,1
95359,0,0,0,0,0,0,0,0,1
95360,0,0,0,0,0,0,0,0,1
95361,0,0,0,0,0,0,0,0,1
95362,0,0,0,0,0,0,0,0,1
95363,0,0,0,0,0,0,0,0,1
95364,0,0,0,0,0,0,0,0,1
95365,0,0,0,0,0,0,0,0,1
95366,0,0,0,0,0,0,0,0,1
95367,0,0,0,0,0,0,0,0,1
95368,0,0,0,0,0,0,0,0,1
95369,0,0,0,0,0,0,0,0,1
95370,0,0,0,0,0,0,0,0,1
95371,0,0,0,0,0,0,0,0,1
95372,0,0,0,0,0,0,0,0,1
95373,0,0,0,0,0,0,0,0,1
95374,0,0,0,0,0,0,0,0,1
95375,0,0,0,0,0,0,0,0,1
95376,0,0,0,0,0,0,0,0,1
95377,0,0,0,0,0,0,0,0,1
95378,0,0,0,0,0,0,0,0,1
95379,0,0,0,0,0,0,0,0,1
95380,0,0,0,0,0,0,0,0,1
95381,0,0,0,0,0,0,0,0,1
95382,0,0,0,0,0,0,0,0,1
95383,0,0,0,0,0,0,0,0,1
95384,0,0,0,0,0,0,0,0,1
95385,0,0,0,0,0,0,0,0,1
95386,0,0,0,0,0,0,0,0,1
95387,0,0,0,0,0,0,0,0,1
95388,0,0,0,0,0,0,0,0,1
95389,0,0,0,0,0,0,0,0,1
95390,0,0,0,0,0,0,0,0,1
95391,0,0,0,0,0,0,0,0,1
95392,0,0,0,0,0,0,0,0,1
95393,0,0,0,0,0,0,0,0,1
95394,0,0,0,0,0,0,0,0,1
95395,0,0,0,0,0,0,0,0,1
95396,0,0,0,0,0,0,0,0,1
95397,0,0,0,0,0,0,0,0,1
95398,0,0,0,0,0,0,0,0,1
95399,0,0,0,0,0,0,0,0,1
95400,0,0,0,0,0,0,0,0,1
95401,0,0,0,0,0,0,0,0,1
95402,0,0,0,0,0,0,0,0,1
95403,0,0,0,0,0,0,0,0,1
95404,0,0,0,0,0,0,0,0,1
95405,0,0,0,0,0,0,0,0,1
95406,0,0,0,0,0,0,0,0,1
95407,0,0,0,0,0,0,0,0,1
95408,0,0,0,0,0,0,0,0,1
95409,0,0,0,0,0,0,0,0,1
95410,0,0,0,0,0,0,0,0,1
95411,0,0,0,0,0,0,0,0,1
95412,0,0,0,0,0,0,0,0,1
95413,0,0,0,0,0,0,0,0,1
95414,0,0,0,0,0,0,0,0,1
95415,0,0,0,0,0,0,0,0,1
95416,0,0,0,0,0,0,0,0,1
95417,0,0,0,0,0,0,0,0,1
95418,0,0,0,0,0,0,0,0,1
95419,0,0,0,0,0,0,0,0,1
95420,0,0,0,0,0,0,0,0,1
95421,0,0,0,0,0,0,0,0,1
95422,0,0,0,0,0,0,0,0,1
95423,0,0,0,0,0,0,0,0,1
95424,0,0,0,0,0,0,0,0,1
95425,0,0,0,0,0,0,0,0,1
95426,0,0,0,0,0,0,0,0,1
95427,0,0,0,0,0,0,0,0,1
95428,0,0,0,0,0,0,0,0,1
95429,0,0,0,0,0,0,0,0,1
95430,0,0,0,0,0,0,0,0,1
95431,0,0,0,0,0,0,0,0,1
95432,0,0,0,0,0,0,0,0,1
95433,0,0,0,0,0,0,0,0,1
95434,0,0,0,0,0,0,0,0,1
95435,0,0,0,0,0,0,0,0,1
95436,0,0,0,0,0,0,0,0,1
95437,0,0,0,0,0,0,0,0,1
95438,0,0,0,0,0,0,0,0,1
95439,0,0,0,0,0,0,0,0,1
95440,0,0,0,0,0,0,0,0,1
95441,0,0,0,0,0,0,0,0,1
95442,0,0,0,0,0,0,0,0,1
95443,0,0,0,0,0,0,0,0,1
95444,0,0,0,0,0,0,0,0,1
95445,0,0,0,0,0,0,0,0,1
95446,0,0,0,0,0,0,0,0,1
95447,0,0,0,0,0,0,0,0,1
95448,0,0,0,0,0,0,0,0,1
95449,0,0,0,0,0,0,0,0,1
95450,0,0,0,0,0,0,0,0,1
95451,0,0,0,0,0,0,0,0,1
95452,0,0,0,0,0,0,0,0,1
95453,0,0,0,0,0,0,0,0,1
95454,0,0,0,0,0,0,0,0,1
95455,0,0,0,0,0,0,0,0,1
95456,0,0,0,0,0,0,0,0,1
95457,0,0,0,0,0,0,0,0,1
95458,0,0,0,0,0,0,0,0,1
95459,0,0,0,0,0,0,0,0,1
95460,0,0,0,0,0,0,0,0,1
95461,0,0,0,0,0,0,0,0,1
95462,0,0,0,0,0,0,0,0,1
95463,0,0,0,0,0,0,0,0,1
95464,0,0,0,0,0,0,0,0,1
95465,0,0,0,0,0,0,0,0,1
95466,0,0,0,0,0,0,0,0,1
95467,0,0,0,0,0,0,0,0,1
95468,0,0,0,0,0,0,0,0,1
95469,0,0,0,0,0,0,0,0,1
95470,0,0,0,0,0,0,0,0,1
95471,0,0,0,0,0,0,0,0,1
95472,0,0,0,0,0,0,0,0,1
95473,0,0,0,0,0,0,0,0,1
95474,0,0,0,0,0,0,0,0,1
95475,0,0,0,0,0,0,0,0,1
95476,0,0,0,0,0,0,0,0,1
95477,0,0,0,0,0,0,0,0,1
95478,0,0,0,0,0,0,0,0,1
95479,0,0,0,0,0,0,0,0,1
95480,0,0,0,0,0,0,0,0,1
95481,0,0,0,0,0,0,0,0,1
95482,0,0,0,0,0,0,0,0,1
95483,0,0,0,0,0,0,0,0,1
95484,0,0,0,0,0,0,0,0,1
95485,0,0,0,0,0,0,0,0,1
95486,0,0,0,0,0,0,0,0,1
95487,0,0,0,0,0,0,0,0,1
95488,0,0,0,0,0,0,0,0,1
95489,0,0,0,0,0,0,0,0,1
95490,0,0,0,0,0,0,0,0,1
95491,0,0,0,0,0,0,0,0,1
95492,0,0,0,0,0,0,0,0,1
95493,0,0,0,0,0,0,0,0,1
95494,0,0,0,0,0,0,0,0,1
95495,0,0,0,0,0,0,0,0,1
95496,0,0,0,0,0,0,0,0,1
95497,0,0,0,0,0,0,0,0,1
95498,0,0,0,0,0,0,0,0,1
95499,0,0,0,0,0,0,0,0,1
95500,0,0,0,0,0,0,0,0,1
95501,0,0,0,0,0,0,0,0,1
95502,0,0,0,0,0,0,0,0,1
95503,0,0,0,0,0,0,0,0,1
95504,0,0,0,0,0,0,0,0,1
95505,0,0,0,0,0,0,0,0,1
95506,0,0,0,0,0,0,0,0,1
95507,0,0,0,0,0,0,0,0,1
95508,0,0,0,0,0,0,0,0,1
95509,0,0,0,0,0,0,0,0,1
95510,0,0,0,0,0,0,0,0,1
95511,0,0,0,0,0,0,0,0,1
95512,0,0,0,0,0,0,0,0,1
95513,0,0,0,0,0,0,0,0,1
95514,0,0,0,0,0,0,0,0,1
95515,0,0,0,0,0,0,0,0,1
95516,0,0,0,0,0,0,0,0,1
95517,0,0,0,0,0,0,0,0,1
95518,0,0,0,0,0,0,0,0,1
95519,0,0,0,0,0,0,0,0,1
95520,0,0,0,0,0,0,0,0,1
95521,0,0,0,0,0,0,0,0,1
95522,0,0,0,0,0,0,0,0,1
95523,0,0,0,0,0,0,0,0,1
95524,0,0,0,0,0,0,0,0,1
95525,0,0,0,0,0,0,0,0,1
95526,0,0,0,0,0,0,0,0,1
95527,0,0,0,0,0,0,0,0,1
95528,0,0,0,0,0,0,0,0,1
95529,0,0,0,0,0,0,0,0,1
95530,0,0,0,0,0,0,0,0,1
95531,0,0,0,0,0,0,0,0,1
95532,0,0,0,0,0,0,0,0,1
95533,0,0,0,0,0,0,0,0,1
95534,0,0,0,0,0,0,0,0,1
95535,0,0,0,0,0,0,0,0,1
95536,0,0,0,0,0,0,0,0,1
95537,0,0,0,0,0,0,0,0,1
95538,0,0,0,0,0,0,0,0,1
95539,0,0,0,0,0,0,0,0,1
95540,0,0,0,0,0,0,0,0,1
95541,0,0,0,0,0,0,0,0,1
95542,0,0,0,0,0,0,0,0,1
95543,0,0,0,0,0,0,0,0,1
95544,0,0,0,0,0,0,0,0,1
95545,0,0,0,0,0,0,0,0,1
95546,0,0,0,0,0,0,0,0,1
95547,0,0,0,0,0,0,0,0,1
95548,0,0,0,0,0,0,0,0,1
95549,0,0,0,0,0,0,0,0,1
95550,0,0,0,0,0,0,0,0,1
95551,0,0,0,0,0,0,0,0,1
95552,0,0,0,0,0,0,0,0,1
95553,0,0,0,0,0,0,0,0,1
95554,0,0,0,0,0,0,0,0,1
95555,0,0,0,0,0,0,0,0,1
95556,0,0,0,0,0,0,0,0,1
95557,0,0,0,0,0,0,0,0,1
95558,0,0,0,0,0,0,0,0,1
95559,0,0,0,0,0,0,0,0,1
95560,0,0,0,0,0,0,0,0,1
95561,0,0,0,0,0,0,0,0,1
95562,0,0,0,0,0,0,0,0,1
95563,0,0,0,0,0,0,0,0,1
95564,0,0,0,0,0,0,0,0,1
95565,0,0,0,0,0,0,0,0,1
95566,0,0,0,0,0,0,0,0,1
95567,0,0,0,0,0,0,0,0,1
95568,0,0,0,0,0,0,0,0,1
95569,0,0,0,0,0,0,0,0,1
95570,0,0,0,0,0,0,0,0,1
95571,0,0,0,0,0,0,0,0,1
95572,0,0,0,0,0,0,0,0,1
95573,0,0,0,0,0,0,0,0,1
95574,0,0,0,0,0,0,0,0,1
95575,0,0,0,0,0,0,0,0,1
95576,0,0,0,0,0,0,0,0,1
95577,0,0,0,0,0,0,0,0,1
95578,0,0,0,0,0,0,0,0,1
95579,0,0,0,0,0,0,0,0,1
95580,0,0,0,0,0,0,0,0,1
95581,0,0,0,0,0,0,0,0,1
95582,0,0,0,0,0,0,0,0,1
95583,0,0,0,0,0,0,0,0,1
95584,0,0,0,0,0,0,0,0,1
95585,0,0,0,0,0,0,0,0,1
95586,0,0,0,0,0,0,0,0,1
95587,0,0,0,0,0,0,0,0,1
95588,0,0,0,0,0,0,0,0,1
95589,0,0,0,0,0,0,0,0,1
95590,0,0,0,0,0,0,0,0,1
95591,0,0,0,0,0,0,0,0,1
95592,0,0,0,0,0,0,0,0,1
95593,0,0,0,0,0,0,0,0,1
95594,0,0,0,0,0,0,0,0,1
95595,0,0,0,0,0,0,0,0,1
95596,0,0,0,0,0,0,0,0,1
95597,0,0,0,0,0,0,0,0,1
95598,0,0,0,0,0,0,0,0,1
95599,0,0,0,0,0,0,0,0,1
95600,0,0,0,0,0,0,0,0,1
95601,0,0,0,0,0,0,0,0,1
95602,0,0,0,0,0,0,0,0,1
95603,0,0,0,0,0,0,0,0,1
95604,0,0,0,0,0,0,0,0,1
95605,0,0,0,0,0,0,0,0,1
95606,0,0,0,0,0,0,0,0,1
95607,0,0,0,0,0,0,0,0,1
95608,0,0,0,0,0,0,0,0,1
95609,0,0,0,0,0,0,0,0,1
95610,0,0,0,0,0,0,0,0,1
95611,0,0,0,0,0,0,0,0,1
95612,0,0,0,0,0,0,0,0,1
95613,0,0,0,0,0,0,0,0,1
95614,0,0,0,0,0,0,0,0,1
95615,0,0,0,0,0,0,0,0,1
95616,0,0,0,0,0,0,0,0,1
95617,0,0,0,0,0,0,0,0,1
95618,0,0,0,0,0,0,0,0,1
95619,0,0,0,0,0,0,0,0,1
95620,0,0,0,0,0,0,0,0,1
95621,0,0,0,0,0,0,0,0,1
95622,0,0,0,0,0,0,0,0,1
95623,0,0,0,0,0,0,0,0,1
95624,0,0,0,0,0,0,0,0,1
95625,0,0,0,0,0,0,0,0,1
95626,0,0,0,0,0,0,0,0,1
95627,0,0,0,0,0,0,0,0,1
95628,0,0,0,0,0,0,0,0,1
95629,0,0,0,0,0,0,0,0,1
95630,0,0,0,0,0,0,0,0,1
95631,0,0,0,0,0,0,0,0,1
95632,0,0,0,0,0,0,0,0,1
95633,0,0,0,0,0,0,0,0,1
95634,0,0,0,0,0,0,0,0,1
95635,0,0,0,0,0,0,0,0,1
95636,0,0,0,0,0,0,0,0,1
95637,0,0,0,0,0,0,0,0,1
95638,0,0,0,0,0,0,0,0,1
95639,0,0,0,0,0,0,0,0,1
95640,0,0,0,0,0,0,0,0,1
95641,0,0,0,0,0,0,0,0,1
95642,0,0,0,0,0,0,0,0,1
95643,0,0,0,0,0,0,0,0,1
95644,0,0,0,0,0,0,0,0,1
95645,0,0,0,0,0,0,0,0,1
95646,0,0,0,0,0,0,0,0,1
95647,0,0,0,0,0,0,0,0,1
95648,0,0,0,0,0,0,0,0,1
95649,0,0,0,0,0,0,0,0,1
95650,0,0,0,0,0,0,0,0,1
95651,0,0,0,0,0,0,0,0,1
95652,0,0,0,0,0,0,0,0,1
95653,0,0,0,0,0,0,0,0,1
95654,0,0,0,0,0,0,0,0,1
95655,0,0,0,0,0,0,0,0,1
95656,0,0,0,0,0,0,0,0,1
95657,0,0,0,0,0,0,0,0,1
95658,0,0,0,0,0,0,0,0,1
95659,0,0,0,0,0,0,0,0,1
95660,0,0,0,0,0,0,0,0,1
95661,0,0,0,0,0,0,0,0,1
95662,0,0,0,0,0,0,0,0,1
95663,0,0,0,0,0,0,0,0,1
95664,0,0,0,0,0,0,0,0,1
95665,0,0,0,0,0,0,0,0,1
95666,0,0,0,0,0,0,0,0,1
95667,0,0,0,0,0,0,0,0,1
95668,0,0,0,0,0,0,0,0,1
95669,0,0,0,0,0,0,0,0,1
95670,0,0,0,0,0,0,0,0,1
95671,0,0,0,0,0,0,0,0,1
95672,0,0,0,0,0,0,0,0,1
95673,0,0,0,0,0,0,0,0,1
95674,0,0,0,0,0,0,0,0,1
95675,0,0,0,0,0,0,0,0,1
95676,0,0,0,0,0,0,0,0,1
95677,0,0,0,0,0,0,0,0,1
95678,0,0,0,0,0,0,0,0,1
95679,0,0,0,0,0,0,0,0,1
95680,0,0,0,0,0,0,0,0,1
95681,0,0,0,0,0,0,0,0,1
95682,0,0,0,0,0,0,0,0,1
95683,0,0,0,0,0,0,0,0,1
95684,0,0,0,0,0,0,0,0,1
95685,0,0,0,0,0,0,0,0,1
95686,0,0,0,0,0,0,0,0,1
95687,0,0,0,0,0,0,0,0,1
95688,0,0,0,0,0,0,0,0,1
95689,0,0,0,0,0,0,0,0,1
95690,0,0,0,0,0,0,0,0,1
95691,0,0,0,0,0,0,0,0,1
95692,0,0,0,0,0,0,0,0,1
95693,0,0,0,0,0,0,0,0,1
95694,0,0,0,0,0,0,0,0,1
95695,0,0,0,0,0,0,0,0,1
95696,0,0,0,0,0,0,0,0,1
95697,0,0,0,0,0,0,0,0,1
95698,0,0,0,0,0,0,0,0,1
95699,0,0,0,0,0,0,0,0,1
95700,0,0,0,0,0,0,0,0,1
95701,0,0,0,0,0,0,0,0,1
95702,0,0,0,0,0,0,0,0,1
95703,0,0,0,0,0,0,0,0,1
95704,0,0,0,0,0,0,0,0,1
95705,0,0,0,0,0,0,0,0,1
95706,0,0,0,0,0,0,0,0,1
95707,0,0,0,0,0,0,0,0,1
95708,0,0,0,0,0,0,0,0,1
95709,0,0,0,0,0,0,0,0,1
95710,0,0,0,0,0,0,0,0,1
95711,0,0,0,0,0,0,0,0,1
95712,0,0,0,0,0,0,0,0,1
95713,0,0,0,0,0,0,0,0,1
95714,0,0,0,0,0,0,0,0,1
95715,0,0,0,0,0,0,0,0,1
95716,0,0,0,0,0,0,0,0,1
95717,0,0,0,0,0,0,0,0,1
95718,0,0,0,0,0,0,0,0,1
95719,0,0,0,0,0,0,0,0,1
95720,0,0,0,0,0,0,0,0,1
95721,0,0,0,0,0,0,0,0,1
95722,0,0,0,0,0,0,0,0,1
95723,0,0,0,0,0,0,0,0,1
95724,0,0,0,0,0,0,0,0,1
95725,0,0,0,0,0,0,0,0,1
95726,0,0,0,0,0,0,0,0,1
95727,0,0,0,0,0,0,0,0,1
95728,0,0,0,0,0,0,0,0,1
95729,0,0,0,0,0,0,0,0,1
95730,0,0,0,0,0,0,0,0,1
95731,0,0,0,0,0,0,0,0,1
95732,0,0,0,0,0,0,0,0,1
95733,0,0,0,0,0,0,0,0,1
95734,0,0,0,0,0,0,0,0,1
95735,0,0,0,0,0,0,0,0,1
95736,0,0,0,0,0,0,0,0,1
95737,0,0,0,0,0,0,0,0,1
95738,0,0,0,0,0,0,0,0,1
95739,0,0,0,0,0,0,0,0,1
95740,0,0,0,0,0,0,0,0,1
95741,0,0,0,0,0,0,0,0,1
95742,0,0,0,0,0,0,0,0,1
95743,0,0,0,0,0,0,0,0,1
95744,0,0,0,0,0,0,0,0,1
95745,0,0,0,0,0,0,0,0,1
95746,0,0,0,0,0,0,0,0,1
95747,0,0,0,0,0,0,0,0,1
95748,0,0,0,0,0,0,0,0,1
95749,0,0,0,0,0,0,0,0,1
95750,0,0,0,0,0,0,0,0,1
95751,0,0,0,0,0,0,0,0,1
95752,0,0,0,0,0,0,0,0,1
95753,0,0,0,0,0,0,0,0,1
95754,0,0,0,0,0,0,0,0,1
95755,0,0,0,0,0,0,0,0,1
95756,0,0,0,0,0,0,0,0,1
95757,0,0,0,0,0,0,0,0,1
95758,0,0,0,0,0,0,0,0,1
95759,0,0,0,0,0,0,0,0,1
95760,0,0,0,0,0,0,0,0,1
95761,0,0,0,0,0,0,0,0,1
95762,0,0,0,0,0,0,0,0,1
95763,0,0,0,0,0,0,0,0,1
95764,0,0,0,0,0,0,0,0,1
95765,0,0,0,0,0,0,0,0,1
95766,0,0,0,0,0,0,0,0,1
95767,0,0,0,0,0,0,0,0,1
95768,0,0,0,0,0,0,0,0,1
95769,0,0,0,0,0,0,0,0,1
95770,0,0,0,0,0,0,0,0,1
95771,0,0,0,0,0,0,0,0,1
95772,0,0,0,0,0,0,0,0,1
95773,0,0,0,0,0,0,0,0,1
95774,0,0,0,0,0,0,0,0,1
95775,0,0,0,0,0,0,0,0,1
95776,0,0,0,0,0,0,0,0,1
95777,0,0,0,0,0,0,0,0,1
95778,0,0,0,0,0,0,0,0,1
95779,0,0,0,0,0,0,0,0,1
95780,0,0,0,0,0,0,0,0,1
95781,0,0,0,0,0,0,0,0,1
95782,0,0,0,0,0,0,0,0,1
95783,0,0,0,0,0,0,0,0,1
95784,0,0,0,0,0,0,0,0,1
95785,0,0,0,0,0,0,0,0,1
95786,0,0,0,0,0,0,0,0,1
95787,0,0,0,0,0,0,0,0,1
95788,0,0,0,0,0,0,0,0,1
95789,0,0,0,0,0,0,0,0,1
95790,0,0,0,0,0,0,0,0,1
95791,0,0,0,0,0,0,0,0,1
95792,0,0,0,0,0,0,0,0,1
95793,0,0,0,0,0,0,0,0,1
95794,0,0,0,0,0,0,0,0,1
95795,0,0,0,0,0,0,0,0,1
95796,0,0,0,0,0,0,0,0,1
95797,0,0,0,0,0,0,0,0,1
95798,0,0,0,0,0,0,0,0,1
95799,0,0,0,0,0,0,0,0,1
95800,0,0,0,0,0,0,0,0,1
95801,0,0,0,0,0,0,0,0,1
95802,0,0,0,0,0,0,0,0,1
95803,0,0,0,0,0,0,0,0,1
95804,0,0,0,0,0,0,0,0,1
95805,0,0,0,0,0,0,0,0,1
95806,0,0,0,0,0,0,0,0,1
95807,0,0,0,0,0,0,0,0,1
95808,0,0,0,0,0,0,0,0,1
95809,0,0,0,0,0,0,0,0,1
95810,0,0,0,0,0,0,0,0,1
95811,0,0,0,0,0,0,0,0,1
95812,0,0,0,0,0,0,0,0,1
95813,0,0,0,0,0,0,0,0,1
95814,0,0,0,0,0,0,0,0,1
95815,0,0,0,0,0,0,0,0,1
95816,0,0,0,0,0,0,0,0,1
95817,0,0,0,0,0,0,0,0,1
95818,0,0,0,0,0,0,0,0,1
95819,0,0,0,0,0,0,0,0,1
95820,0,0,0,0,0,0,0,0,1
95821,0,0,0,0,0,0,0,0,1
95822,0,0,0,0,0,0,0,0,1
95823,0,0,0,0,0,0,0,0,1
95824,0,0,0,0,0,0,0,0,1
95825,0,0,0,0,0,0,0,0,1
95826,0,0,0,0,0,0,0,0,1
95827,0,0,0,0,0,0,0,0,1
95828,0,0,0,0,0,0,0,0,1
95829,0,0,0,0,0,0,0,0,1
95830,0,0,0,0,0,0,0,0,1
95831,0,0,0,0,0,0,0,0,1
95832,0,0,0,0,0,0,0,0,1
95833,0,0,0,0,0,0,0,0,1
95834,0,0,0,0,0,0,0,0,1
95835,0,0,0,0,0,0,0,0,1
95836,0,0,0,0,0,0,0,0,1
95837,0,0,0,0,0,0,0,0,1
95838,0,0,0,0,0,0,0,0,1
95839,0,0,0,0,0,0,0,0,1
95840,0,0,0,0,0,0,0,0,1
95841,0,0,0,0,0,0,0,0,1
95842,0,0,0,0,0,0,0,0,1
95843,0,0,0,0,0,0,0,0,1
95844,0,0,0,0,0,0,0,0,1
95845,0,0,0,0,0,0,0,0,1
95846,0,0,0,0,0,0,0,0,1
95847,0,0,0,0,0,0,0,0,1
95848,0,0,0,0,0,0,0,0,1
95849,0,0,0,0,0,0,0,0,1
95850,0,0,0,0,0,0,0,0,1
95851,0,0,0,0,0,0,0,0,1
95852,0,0,0,0,0,0,0,0,1
95853,0,0,0,0,0,0,0,0,1
95854,0,0,0,0,0,0,0,0,1
95855,0,0,0,0,0,0,0,0,1
95856,0,0,0,0,0,0,0,0,1
95857,0,0,0,0,0,0,0,0,1
95858,0,0,0,0,0,0,0,0,1
95859,0,0,0,0,0,0,0,0,1
95860,0,0,0,0,0,0,0,0,1
95861,0,0,0,0,0,0,0,0,1
95862,0,0,0,0,0,0,0,0,1
95863,0,0,0,0,0,0,0,0,1
95864,0,0,0,0,0,0,0,0,1
95865,0,0,0,0,0,0,0,0,1
95866,0,0,0,0,0,0,0,0,1
95867,0,0,0,0,0,0,0,0,1
95868,0,0,0,0,0,0,0,0,1
95869,0,0,0,0,0,0,0,0,1
95870,0,0,0,0,0,0,0,0,1
95871,0,0,0,0,0,0,0,0,1
95872,0,0,0,0,0,0,0,0,1
95873,0,0,0,0,0,0,0,0,1
95874,0,0,0,0,0,0,0,0,1
95875,0,0,0,0,0,0,0,0,1
95876,0,0,0,0,0,0,0,0,1
95877,0,0,0,0,0,0,0,0,1
95878,0,0,0,0,0,0,0,0,1
95879,0,0,0,0,0,0,0,0,1
95880,0,0,0,0,0,0,0,0,1
95881,0,0,0,0,0,0,0,0,1
95882,0,0,0,0,0,0,0,0,1
95883,0,0,0,0,0,0,0,0,1
95884,0,0,0,0,0,0,0,0,1
95885,0,0,0,0,0,0,0,0,1
95886,0,0,0,0,0,0,0,0,1
95887,0,0,0,0,0,0,0,0,1
95888,0,0,0,0,0,0,0,0,1
95889,0,0,0,0,0,0,0,0,1
95890,0,0,0,0,0,0,0,0,1
95891,0,0,0,0,0,0,0,0,1
95892,0,0,0,0,0,0,0,0,1
95893,0,0,0,0,0,0,0,0,1
95894,0,0,0,0,0,0,0,0,1
95895,0,0,0,0,0,0,0,0,1
95896,0,0,0,0,0,0,0,0,1
95897,0,0,0,0,0,0,0,0,1
95898,0,0,0,0,0,0,0,0,1
95899,0,0,0,0,0,0,0,0,1
95900,0,0,0,0,0,0,0,0,1
95901,0,0,0,0,0,0,0,0,1
95902,0,0,0,0,0,0,0,0,1
95903,0,0,0,0,0,0,0,0,1
95904,0,0,0,0,0,0,0,0,1
95905,0,0,0,0,0,0,0,0,1
95906,0,0,0,0,0,0,0,0,1
95907,0,0,0,0,0,0,0,0,1
95908,0,0,0,0,0,0,0,0,1
95909,0,0,0,0,0,0,0,0,1
95910,0,0,0,0,0,0,0,0,1
95911,0,0,0,0,0,0,0,0,1
95912,0,0,0,0,0,0,0,0,1
95913,0,0,0,0,0,0,0,0,1
95914,0,0,0,0,0,0,0,0,1
95915,0,0,0,0,0,0,0,0,1
95916,0,0,0,0,0,0,0,0,1
95917,0,0,0,0,0,0,0,0,1
95918,0,0,0,0,0,0,0,0,1
95919,0,0,0,0,0,0,0,0,1
95920,0,0,0,0,0,0,0,0,1
95921,0,0,0,0,0,0,0,0,1
95922,0,0,0,0,0,0,0,0,1
95923,0,0,0,0,0,0,0,0,1
95924,0,0,0,0,0,0,0,0,1
95925,0,0,0,0,0,0,0,0,1
95926,0,0,0,0,0,0,0,0,1
95927,0,0,0,0,0,0,0,0,1
95928,0,0,0,0,0,0,0,0,1
95929,0,0,0,0,0,0,0,0,1
95930,0,0,0,0,0,0,0,0,1
95931,0,0,0,0,0,0,0,0,1
95932,0,0,0,0,0,0,0,0,1
95933,0,0,0,0,0,0,0,0,1
95934,0,0,0,0,0,0,0,0,1
95935,0,0,0,0,0,0,0,0,1
95936,0,0,0,0,0,0,0,0,1
95937,0,0,0,0,0,0,0,0,1
95938,0,0,0,0,0,0,0,0,1
95939,0,0,0,0,0,0,0,0,1
95940,0,0,0,0,0,0,0,0,1
95941,0,0,0,0,0,0,0,0,1
95942,0,0,0,0,0,0,0,0,1
95943,0,0,0,0,0,0,0,0,1
95944,0,0,0,0,0,0,0,0,1
95945,0,0,0,0,0,0,0,0,1
95946,0,0,0,0,0,0,0,0,1
95947,0,0,0,0,0,0,0,0,1
95948,0,0,0,0,0,0,0,0,1
95949,0,0,0,0,0,0,0,0,1
95950,0,0,0,0,0,0,0,0,1
95951,0,0,0,0,0,0,0,0,1
95952,0,0,0,0,0,0,0,0,1
95953,0,0,0,0,0,0,0,0,1
95954,0,0,0,0,0,0,0,0,1
95955,0,0,0,0,0,0,0,0,1
95956,0,0,0,0,0,0,0,0,1
95957,0,0,0,0,0,0,0,0,1
95958,0,0,0,0,0,0,0,0,1
95959,0,0,0,0,0,0,0,0,1
95960,0,0,0,0,0,0,0,0,1
95961,0,0,0,0,0,0,0,0,1
95962,0,0,0,0,0,0,0,0,1
95963,0,0,0,0,0,0,0,0,1
95964,0,0,0,0,0,0,0,0,1
95965,0,0,0,0,0,0,0,0,1
95966,0,0,0,0,0,0,0,0,1
95967,0,0,0,0,0,0,0,0,1
95968,0,0,0,0,0,0,0,0,1
95969,0,0,0,0,0,0,0,0,1
95970,0,0,0,0,0,0,0,0,1
95971,0,0,0,0,0,0,0,0,1
95972,0,0,0,0,0,0,0,0,1
95973,0,0,0,0,0,0,0,0,1
95974,0,0,0,0,0,0,0,0,1
95975,0,0,0,0,0,0,0,0,1
95976,0,0,0,0,0,0,0,0,1
95977,0,0,0,0,0,0,0,0,1
95978,0,0,0,0,0,0,0,0,1
95979,0,0,0,0,0,0,0,0,1
95980,0,0,0,0,0,0,0,0,1
95981,0,0,0,0,0,0,0,0,1
95982,0,0,0,0,0,0,0,0,1
95983,0,0,0,0,0,0,0,0,1
95984,0,0,0,0,0,0,0,0,1
95985,0,0,0,0,0,0,0,0,1
95986,0,0,0,0,0,0,0,0,1
95987,0,0,0,0,0,0,0,0,1
95988,0,0,0,0,0,0,0,0,1
95989,0,0,0,0,0,0,0,0,1
95990,0,0,0,0,0,0,0,0,1
95991,0,0,0,0,0,0,0,0,1
95992,0,0,0,0,0,0,0,0,1
95993,0,0,0,0,0,0,0,0,1
95994,0,0,0,0,0,0,0,0,1
95995,0,0,0,0,0,0,0,0,1
95996,0,0,0,0,0,0,0,0,1
95997,0,0,0,0,0,0,0,0,1
95998,0,0,0,0,0,0,0,0,1
95999,0,0,0,0,0,0,0,0,1
96000,0,0,0,0,0,0,0,0,1
96001,0,0,0,0,0,0,0,0,1
96002,0,0,0,0,0,0,0,0,1
96003,0,0,0,0,0,0,0,0,1
96004,0,0,0,0,0,0,0,0,1
96005,0,0,0,0,0,0,0,0,1
96006,0,0,0,0,0,0,0,0,1
96007,0,0,0,0,0,0,0,0,1
96008,0,0,0,0,0,0,0,0,1
96009,0,0,0,0,0,0,0,0,1
96010,0,0,0,0,0,0,0,0,1
96011,0,0,0,0,0,0,0,0,1
96012,0,0,0,0,0,0,0,0,1
96013,0,0,0,0,0,0,0,0,1
96014,0,0,0,0,0,0,0,0,1
96015,0,0,0,0,0,0,0,0,1
96016,0,0,0,0,0,0,0,0,1
96017,0,0,0,0,0,0,0,0,1
96018,0,0,0,0,0,0,0,0,1
96019,0,0,0,0,0,0,0,0,1
96020,0,0,0,0,0,0,0,0,1
96021,0,0,0,0,0,0,0,0,1
96022,0,0,0,0,0,0,0,0,1
96023,0,0,0,0,0,0,0,0,1
96024,0,0,0,0,0,0,0,0,1
96025,0,0,0,0,0,0,0,0,1
96026,0,0,0,0,0,0,0,0,1
96027,0,0,0,0,0,0,0,0,1
96028,0,0,0,0,0,0,0,0,1
96029,0,0,0,0,0,0,0,0,1
96030,0,0,0,0,0,0,0,0,1
96031,0,0,0,0,0,0,0,0,1
96032,0,0,0,0,0,0,0,0,1
96033,0,0,0,0,0,0,0,0,1
96034,0,0,0,0,0,0,0,0,1
96035,0,0,0,0,0,0,0,0,1
96036,0,0,0,0,0,0,0,0,1
96037,0,0,0,0,0,0,0,0,1
96038,0,0,0,0,0,0,0,0,1
96039,0,0,0,0,0,0,0,0,1
96040,0,0,0,0,0,0,0,0,1
96041,0,0,0,0,0,0,0,0,1
96042,0,0,0,0,0,0,0,0,1
96043,0,0,0,0,0,0,0,0,1
96044,0,0,0,0,0,0,0,0,1
96045,0,0,0,0,0,0,0,0,1
96046,0,0,0,0,0,0,0,0,1
96047,0,0,0,0,0,0,0,0,1
96048,0,0,0,0,0,0,0,0,1
96049,0,0,0,0,0,0,0,0,1
96050,0,0,0,0,0,0,0,0,1
96051,0,0,0,0,0,0,0,0,1
96052,0,0,0,0,0,0,0,0,1
96053,0,0,0,0,0,0,0,0,1
96054,0,0,0,0,0,0,0,0,1
96055,0,0,0,0,0,0,0,0,1
96056,0,0,0,0,0,0,0,0,1
96057,0,0,0,0,0,0,0,0,1
96058,0,0,0,0,0,0,0,0,1
96059,0,0,0,0,0,0,0,0,1
96060,0,0,0,0,0,0,0,0,1
96061,0,0,0,0,0,0,0,0,1
96062,0,0,0,0,0,0,0,0,1
96063,0,0,0,0,0,0,0,0,1
96064,0,0,0,0,0,0,0,0,1
96065,0,0,0,0,0,0,0,0,1
96066,0,0,0,0,0,0,0,0,1
96067,0,0,0,0,0,0,0,0,1
96068,0,0,0,0,0,0,0,0,1
96069,0,0,0,0,0,0,0,0,1
96070,0,0,0,0,0,0,0,0,1
96071,0,0,0,0,0,0,0,0,1
96072,0,0,0,0,0,0,0,0,1
96073,0,0,0,0,0,0,0,0,1
96074,0,0,0,0,0,0,0,0,1
96075,0,0,0,0,0,0,0,0,1
96076,0,0,0,0,0,0,0,0,1
96077,0,0,0,0,0,0,0,0,1
96078,0,0,0,0,0,0,0,0,1
96079,0,0,0,0,0,0,0,0,1
96080,0,0,0,0,0,0,0,0,1
96081,0,0,0,0,0,0,0,0,1
96082,0,0,0,0,0,0,0,0,1
96083,0,0,0,0,0,0,0,0,1
96084,0,0,0,0,0,0,0,0,1
96085,0,0,0,0,0,0,0,0,1
96086,0,0,0,0,0,0,0,0,1
96087,0,0,0,0,0,0,0,0,1
96088,0,0,0,0,0,0,0,0,1
96089,0,0,0,0,0,0,0,0,1
96090,0,0,0,0,0,0,0,0,1
96091,0,0,0,0,0,0,0,0,1
96092,0,0,0,0,0,0,0,0,1
96093,0,0,0,0,0,0,0,0,1
96094,0,0,0,0,0,0,0,0,1
96095,0,0,0,0,0,0,0,0,1
96096,0,0,0,0,0,0,0,0,1
96097,0,0,0,0,0,0,0,0,1
96098,0,0,0,0,0,0,0,0,1
96099,0,0,0,0,0,0,0,0,1
96100,0,0,0,0,0,0,0,0,1
96101,0,0,0,0,0,0,0,0,1
96102,0,0,0,0,0,0,0,0,1
96103,0,0,0,0,0,0,0,0,1
96104,0,0,0,0,0,0,0,0,1
96105,0,0,0,0,0,0,0,0,1
96106,0,0,0,0,0,0,0,0,1
96107,0,0,0,0,0,0,0,0,1
96108,0,0,0,0,0,0,0,0,1
96109,0,0,0,0,0,0,0,0,1
96110,0,0,0,0,0,0,0,0,1
96111,0,0,0,0,0,0,0,0,1
96112,0,0,0,0,0,0,0,0,1
96113,0,0,0,0,0,0,0,0,1
96114,0,0,0,0,0,0,0,0,1
96115,0,0,0,0,0,0,0,0,1
96116,0,0,0,0,0,0,0,0,1
96117,0,0,0,0,0,0,0,0,1
96118,0,0,0,0,0,0,0,0,1
96119,0,0,0,0,0,0,0,0,1
96120,0,0,0,0,0,0,0,0,1
96121,0,0,0,0,0,0,0,0,1
96122,0,0,0,0,0,0,0,0,1
96123,0,0,0,0,0,0,0,0,1
96124,0,0,0,0,0,0,0,0,1
96125,0,0,0,0,0,0,0,0,1
96126,0,0,0,0,0,0,0,0,1
96127,0,0,0,0,0,0,0,0,1
96128,0,0,0,0,0,0,0,0,1
96129,0,0,0,0,0,0,0,0,1
96130,0,0,0,0,0,0,0,0,1
96131,0,0,0,0,0,0,0,0,1
96132,0,0,0,0,0,0,0,0,1
96133,0,0,0,0,0,0,0,0,1
96134,0,0,0,0,0,0,0,0,1
96135,0,0,0,0,0,0,0,0,1
96136,0,0,0,0,0,0,0,0,1
96137,0,0,0,0,0,0,0,0,1
96138,0,0,0,0,0,0,0,0,1
96139,0,0,0,0,0,0,0,0,1
96140,0,0,0,0,0,0,0,0,1
96141,0,0,0,0,0,0,0,0,1
96142,0,0,0,0,0,0,0,0,1
96143,0,0,0,0,0,0,0,0,1
96144,0,0,0,0,0,0,0,0,1
96145,0,0,0,0,0,0,0,0,1
96146,0,0,0,0,0,0,0,0,1
96147,0,0,0,0,0,0,0,0,1
96148,0,0,0,0,0,0,0,0,1
96149,0,0,0,0,0,0,0,0,1
96150,0,0,0,0,0,0,0,0,1
96151,0,0,0,0,0,0,0,0,1
96152,0,0,0,0,0,0,0,0,1
96153,0,0,0,0,0,0,0,0,1
96154,0,0,0,0,0,0,0,0,1
96155,0,0,0,0,0,0,0,0,1
96156,0,0,0,0,0,0,0,0,1
96157,0,0,0,0,0,0,0,0,1
96158,0,0,0,0,0,0,0,0,1
96159,0,0,0,0,0,0,0,0,1
96160,0,0,0,0,0,0,0,0,1
96161,0,0,0,0,0,0,0,0,1
96162,0,0,0,0,0,0,0,0,1
96163,0,0,0,0,0,0,0,0,1
96164,0,0,0,0,0,0,0,0,1
96165,0,0,0,0,0,0,0,0,1
96166,0,0,0,0,0,0,0,0,1
96167,0,0,0,0,0,0,0,0,1
96168,0,0,0,0,0,0,0,0,1
96169,0,0,0,0,0,0,0,0,1
96170,0,0,0,0,0,0,0,0,1
96171,0,0,0,0,0,0,0,0,1
96172,0,0,0,0,0,0,0,0,1
96173,0,0,0,0,0,0,0,0,1
96174,0,0,0,0,0,0,0,0,1
96175,0,0,0,0,0,0,0,0,1
96176,0,0,0,0,0,0,0,0,1
96177,0,0,0,0,0,0,0,0,1
96178,0,0,0,0,0,0,0,0,1
96179,0,0,0,0,0,0,0,0,1
96180,0,0,0,0,0,0,0,0,1
96181,0,0,0,0,0,0,0,0,1
96182,0,0,0,0,0,0,0,0,1
96183,0,0,0,0,0,0,0,0,1
96184,0,0,0,0,0,0,0,0,1
96185,0,0,0,0,0,0,0,0,1
96186,0,0,0,0,0,0,0,0,1
96187,0,0,0,0,0,0,0,0,1
96188,0,0,0,0,0,0,0,0,1
96189,0,0,0,0,0,0,0,0,1
96190,0,0,0,0,0,0,0,0,1
96191,0,0,0,0,0,0,0,0,1
96192,0,0,0,0,0,0,0,0,1
96193,0,0,0,0,0,0,0,0,1
96194,0,0,0,0,0,0,0,0,1
96195,0,0,0,0,0,0,0,0,1
96196,0,0,0,0,0,0,0,0,1
96197,0,0,0,0,0,0,0,0,1
96198,0,0,0,0,0,0,0,0,1
96199,0,0,0,0,0,0,0,0,1
96200,0,0,0,0,0,0,0,0,1
96201,0,0,0,0,0,0,0,0,1
96202,0,0,0,0,0,0,0,0,1
96203,0,0,0,0,0,0,0,0,1
96204,0,0,0,0,0,0,0,0,1
96205,0,0,0,0,0,0,0,0,1
96206,0,0,0,0,0,0,0,0,1
96207,0,0,0,0,0,0,0,0,1
96208,0,0,0,0,0,0,0,0,1
96209,0,0,0,0,0,0,0,0,1
96210,0,0,0,0,0,0,0,0,1
96211,0,0,0,0,0,0,0,0,1
96212,0,0,0,0,0,0,0,0,1
96213,0,0,0,0,0,0,0,0,1
96214,0,0,0,0,0,0,0,0,1
96215,0,0,0,0,0,0,0,0,1
96216,0,0,0,0,0,0,0,0,1
96217,0,0,0,0,0,0,0,0,1
96218,0,0,0,0,0,0,0,0,1
96219,0,0,0,0,0,0,0,0,1
96220,0,0,0,0,0,0,0,0,1
96221,0,0,0,0,0,0,0,0,1
96222,0,0,0,0,0,0,0,0,1
96223,0,0,0,0,0,0,0,0,1
96224,0,0,0,0,0,0,0,0,1
96225,0,0,0,0,0,0,0,0,1
96226,0,0,0,0,0,0,0,0,1
96227,0,0,0,0,0,0,0,0,1
96228,0,0,0,0,0,0,0,0,1
96229,0,0,0,0,0,0,0,0,1
96230,0,0,0,0,0,0,0,0,1
96231,0,0,0,0,0,0,0,0,1
96232,0,0,0,0,0,0,0,0,1
96233,0,0,0,0,0,0,0,0,1
96234,0,0,0,0,0,0,0,0,1
96235,0,0,0,0,0,0,0,0,1
96236,0,0,0,0,0,0,0,0,1
96237,0,0,0,0,0,0,0,0,1
96238,0,0,0,0,0,0,0,0,1
96239,0,0,0,0,0,0,0,0,1
96240,0,0,0,0,0,0,0,0,1
96241,0,0,0,0,0,0,0,0,1
96242,0,0,0,0,0,0,0,0,1
96243,0,0,0,0,0,0,0,0,1
96244,0,0,0,0,0,0,0,0,1
96245,0,0,0,0,0,0,0,0,1
96246,0,0,0,0,0,0,0,0,1
96247,0,0,0,0,0,0,0,0,1
96248,0,0,0,0,0,0,0,0,1
96249,0,0,0,0,0,0,0,0,1
96250,0,0,0,0,0,0,0,0,1
96251,0,0,0,0,0,0,0,0,1
96252,0,0,0,0,0,0,0,0,1
96253,0,0,0,0,0,0,0,0,1
96254,0,0,0,0,0,0,0,0,1
96255,0,0,0,0,0,0,0,0,1
96256,0,0,0,0,0,0,0,0,1
96257,0,0,0,0,0,0,0,0,1
96258,0,0,0,0,0,0,0,0,1
96259,0,0,0,0,0,0,0,0,1
96260,0,0,0,0,0,0,0,0,1
96261,0,0,0,0,0,0,0,0,1
96262,0,0,0,0,0,0,0,0,1
96263,0,0,0,0,0,0,0,0,1
96264,0,0,0,0,0,0,0,0,1
96265,0,0,0,0,0,0,0,0,1
96266,0,0,0,0,0,0,0,0,1
96267,0,0,0,0,0,0,0,0,1
96268,0,0,0,0,0,0,0,0,1
96269,0,0,0,0,0,0,0,0,1
96270,0,0,0,0,0,0,0,0,1
96271,0,0,0,0,0,0,0,0,1
96272,0,0,0,0,0,0,0,0,1
96273,0,0,0,0,0,0,0,0,1
96274,0,0,0,0,0,0,0,0,1
96275,0,0,0,0,0,0,0,0,1
96276,0,0,0,0,0,0,0,0,1
96277,0,0,0,0,0,0,0,0,1
96278,0,0,0,0,0,0,0,0,1
96279,0,0,0,0,0,0,0,0,1
96280,0,0,0,0,0,0,0,0,1
96281,0,0,0,0,0,0,0,0,1
96282,0,0,0,0,0,0,0,0,1
96283,0,0,0,0,0,0,0,0,1
96284,0,0,0,0,0,0,0,0,1
96285,0,0,0,0,0,0,0,0,1
96286,0,0,0,0,0,0,0,0,1
96287,0,0,0,0,0,0,0,0,1
96288,0,0,0,0,0,0,0,0,1
96289,0,0,0,0,0,0,0,0,1
96290,0,0,0,0,0,0,0,0,1
96291,0,0,0,0,0,0,0,0,1
96292,0,0,0,0,0,0,0,0,1
96293,0,0,0,0,0,0,0,0,1
96294,0,0,0,0,0,0,0,0,1
96295,0,0,0,0,0,0,0,0,1
96296,0,0,0,0,0,0,0,0,1
96297,0,0,0,0,0,0,0,0,1
96298,0,0,0,0,0,0,0,0,1
96299,0,0,0,0,0,0,0,0,1
96300,0,0,0,0,0,0,0,0,1
96301,0,0,0,0,0,0,0,0,1
96302,0,0,0,0,0,0,0,0,1
96303,0,0,0,0,0,0,0,0,1
96304,0,0,0,0,0,0,0,0,1
96305,0,0,0,0,0,0,0,0,1
96306,0,0,0,0,0,0,0,0,1
96307,0,0,0,0,0,0,0,0,1
96308,0,0,0,0,0,0,0,0,1
96309,0,0,0,0,0,0,0,0,1
96310,0,0,0,0,0,0,0,0,1
96311,0,0,0,0,0,0,0,0,1
96312,0,0,0,0,0,0,0,0,1
96313,0,0,0,0,0,0,0,0,1
96314,0,0,0,0,0,0,0,0,1
96315,0,0,0,0,0,0,0,0,1
96316,0,0,0,0,0,0,0,0,1
96317,0,0,0,0,0,0,0,0,1
96318,0,0,0,0,0,0,0,0,1
96319,0,0,0,0,0,0,0,0,1
96320,0,0,0,0,0,0,0,0,1
96321,0,0,0,0,0,0,0,0,1
96322,0,0,0,0,0,0,0,0,1
96323,0,0,0,0,0,0,0,0,1
96324,0,0,0,0,0,0,0,0,1
96325,0,0,0,0,0,0,0,0,1
96326,0,0,0,0,0,0,0,0,1
96327,0,0,0,0,0,0,0,0,1
96328,0,0,0,0,0,0,0,0,1
96329,0,0,0,0,0,0,0,0,1
96330,0,0,0,0,0,0,0,0,1
96331,0,0,0,0,0,0,0,0,1
96332,0,0,0,0,0,0,0,0,1
96333,0,0,0,0,0,0,0,0,1
96334,0,0,0,0,0,0,0,0,1
96335,0,0,0,0,0,0,0,0,1
96336,0,0,0,0,0,0,0,0,1
96337,0,0,0,0,0,0,0,0,1
96338,0,0,0,0,0,0,0,0,1
96339,0,0,0,0,0,0,0,0,1
96340,0,0,0,0,0,0,0,0,1
96341,0,0,0,0,0,0,0,0,1
96342,0,0,0,0,0,0,0,0,1
96343,0,0,0,0,0,0,0,0,1
96344,0,0,0,0,0,0,0,0,1
96345,0,0,0,0,0,0,0,0,1
96346,0,0,0,0,0,0,0,0,1
96347,0,0,0,0,0,0,0,0,1
96348,0,0,0,0,0,0,0,0,1
96349,0,0,0,0,0,0,0,0,1
96350,0,0,0,0,0,0,0,0,1
96351,0,0,0,0,0,0,0,0,1
96352,0,0,0,0,0,0,0,0,1
96353,0,0,0,0,0,0,0,0,1
96354,0,0,0,0,0,0,0,0,1
96355,0,0,0,0,0,0,0,0,1
96356,0,0,0,0,0,0,0,0,1
96357,0,0,0,0,0,0,0,0,1
96358,0,0,0,0,0,0,0,0,1
96359,0,0,0,0,0,0,0,0,1
96360,0,0,0,0,0,0,0,0,1
96361,0,0,0,0,0,0,0,0,1
96362,0,0,0,0,0,0,0,0,1
96363,0,0,0,0,0,0,0,0,1
96364,0,0,0,0,0,0,0,0,1
96365,0,0,0,0,0,0,0,0,1
96366,0,0,0,0,0,0,0,0,1
96367,0,0,0,0,0,0,0,0,1
96368,0,0,0,0,0,0,0,0,1
96369,0,0,0,0,0,0,0,0,1
96370,0,0,0,0,0,0,0,0,1
96371,0,0,0,0,0,0,0,0,1
96372,0,0,0,0,0,0,0,0,1
96373,0,0,0,0,0,0,0,0,1
96374,0,0,0,0,0,0,0,0,1
96375,0,0,0,0,0,0,0,0,1
96376,0,0,0,0,0,0,0,0,1
96377,0,0,0,0,0,0,0,0,1
96378,0,0,0,0,0,0,0,0,1
96379,0,0,0,0,0,0,0,0,1
96380,0,0,0,0,0,0,0,0,1
96381,0,0,0,0,0,0,0,0,1
96382,0,0,0,0,0,0,0,0,1
96383,0,0,0,0,0,0,0,0,1
96384,0,0,0,0,0,0,0,0,1
96385,0,0,0,0,0,0,0,0,1
96386,0,0,0,0,0,0,0,0,1
96387,0,0,0,0,0,0,0,0,1
96388,0,0,0,0,0,0,0,0,1
96389,0,0,0,0,0,0,0,0,1
96390,0,0,0,0,0,0,0,0,1
96391,0,0,0,0,0,0,0,0,1
96392,0,0,0,0,0,0,0,0,1
96393,0,0,0,0,0,0,0,0,1
96394,0,0,0,0,0,0,0,0,1
96395,0,0,0,0,0,0,0,0,1
96396,0,0,0,0,0,0,0,0,1
96397,0,0,0,0,0,0,0,0,1
96398,0,0,0,0,0,0,0,0,1
96399,0,0,0,0,0,0,0,0,1
96400,0,0,0,0,0,0,0,0,1
96401,0,0,0,0,0,0,0,0,1
96402,0,0,0,0,0,0,0,0,1
96403,0,0,0,0,0,0,0,0,1
96404,0,0,0,0,0,0,0,0,1
96405,0,0,0,0,0,0,0,0,1
96406,0,0,0,0,0,0,0,0,1
96407,0,0,0,0,0,0,0,0,1
96408,0,0,0,0,0,0,0,0,1
96409,0,0,0,0,0,0,0,0,1
96410,0,0,0,0,0,0,0,0,1
96411,0,0,0,0,0,0,0,0,1
96412,0,0,0,0,0,0,0,0,1
96413,0,0,0,0,0,0,0,0,1
96414,0,0,0,0,0,0,0,0,1
96415,0,0,0,0,0,0,0,0,1
96416,0,0,0,0,0,0,0,0,1
96417,0,0,0,0,0,0,0,0,1
96418,0,0,0,0,0,0,0,0,1
96419,0,0,0,0,0,0,0,0,1
96420,0,0,0,0,0,0,0,0,1
96421,0,0,0,0,0,0,0,0,1
96422,0,0,0,0,0,0,0,0,1
96423,0,0,0,0,0,0,0,0,1
96424,0,0,0,0,0,0,0,0,1
96425,0,0,0,0,0,0,0,0,1
96426,0,0,0,0,0,0,0,0,1
96427,0,0,0,0,0,0,0,0,1
96428,0,0,0,0,0,0,0,0,1
96429,0,0,0,0,0,0,0,0,1
96430,0,0,0,0,0,0,0,0,1
96431,0,0,0,0,0,0,0,0,1
96432,0,0,0,0,0,0,0,0,1
96433,0,0,0,0,0,0,0,0,1
96434,0,0,0,0,0,0,0,0,1
96435,0,0,0,0,0,0,0,0,1
96436,0,0,0,0,0,0,0,0,1
96437,0,0,0,0,0,0,0,0,1
96438,0,0,0,0,0,0,0,0,1
96439,0,0,0,0,0,0,0,0,1
96440,0,0,0,0,0,0,0,0,1
96441,0,0,0,0,0,0,0,0,1
96442,0,0,0,0,0,0,0,0,1
96443,0,0,0,0,0,0,0,0,1
96444,0,0,0,0,0,0,0,0,1
96445,0,0,0,0,0,0,0,0,1
96446,0,0,0,0,0,0,0,0,1
96447,0,0,0,0,0,0,0,0,1
96448,0,0,0,0,0,0,0,0,1
96449,0,0,0,0,0,0,0,0,1
96450,0,0,0,0,0,0,0,0,1
96451,0,0,0,0,0,0,0,0,1
96452,0,0,0,0,0,0,0,0,1
96453,0,0,0,0,0,0,0,0,1
96454,0,0,0,0,0,0,0,0,1
96455,0,0,0,0,0,0,0,0,1
96456,0,0,0,0,0,0,0,0,1
96457,0,0,0,0,0,0,0,0,1
96458,0,0,0,0,0,0,0,0,1
96459,0,0,0,0,0,0,0,0,1
96460,0,0,0,0,0,0,0,0,1
96461,0,0,0,0,0,0,0,0,1
96462,0,0,0,0,0,0,0,0,1
96463,0,0,0,0,0,0,0,0,1
96464,0,0,0,0,0,0,0,0,1
96465,0,0,0,0,0,0,0,0,1
96466,0,0,0,0,0,0,0,0,1
96467,0,0,0,0,0,0,0,0,1
96468,0,0,0,0,0,0,0,0,1
96469,0,0,0,0,0,0,0,0,1
96470,0,0,0,0,0,0,0,0,1
96471,0,0,0,0,0,0,0,0,1
96472,0,0,0,0,0,0,0,0,1
96473,0,0,0,0,0,0,0,0,1
96474,0,0,0,0,0,0,0,0,1
96475,0,0,0,0,0,0,0,0,1
96476,0,0,0,0,0,0,0,0,1
96477,0,0,0,0,0,0,0,0,1
96478,0,0,0,0,0,0,0,0,1
96479,0,0,0,0,0,0,0,0,1
96480,0,0,0,0,0,0,0,0,1
96481,0,0,0,0,0,0,0,0,1
96482,0,0,0,0,0,0,0,0,1
96483,0,0,0,0,0,0,0,0,1
96484,0,0,0,0,0,0,0,0,1
96485,0,0,0,0,0,0,0,0,1
96486,0,0,0,0,0,0,0,0,1
96487,0,0,0,0,0,0,0,0,1
96488,0,0,0,0,0,0,0,0,1
96489,0,0,0,0,0,0,0,0,1
96490,0,0,0,0,0,0,0,0,1
96491,0,0,0,0,0,0,0,0,1
96492,0,0,0,0,0,0,0,0,1
96493,0,0,0,0,0,0,0,0,1
96494,0,0,0,0,0,0,0,0,1
96495,0,0,0,0,0,0,0,0,1
96496,0,0,0,0,0,0,0,0,1
96497,0,0,0,0,0,0,0,0,1
96498,0,0,0,0,0,0,0,0,1
96499,0,0,0,0,0,0,0,0,1
96500,0,0,0,0,0,0,0,0,1
96501,0,0,0,0,0,0,0,0,1
96502,0,0,0,0,0,0,0,0,1
96503,0,0,0,0,0,0,0,0,1
96504,0,0,0,0,0,0,0,0,1
96505,0,0,0,0,0,0,0,0,1
96506,0,0,0,0,0,0,0,0,1
96507,0,0,0,0,0,0,0,0,1
96508,0,0,0,0,0,0,0,0,1
96509,0,0,0,0,0,0,0,0,1
96510,0,0,0,0,0,0,0,0,1
96511,0,0,0,0,0,0,0,0,1
96512,0,0,0,0,0,0,0,0,1
96513,0,0,0,0,0,0,0,0,1
96514,0,0,0,0,0,0,0,0,1
96515,0,0,0,0,0,0,0,0,1
96516,0,0,0,0,0,0,0,0,1
96517,0,0,0,0,0,0,0,0,1
96518,0,0,0,0,0,0,0,0,1
96519,0,0,0,0,0,0,0,0,1
96520,0,0,0,0,0,0,0,0,1
96521,0,0,0,0,0,0,0,0,1
96522,0,0,0,0,0,0,0,0,1
96523,0,0,0,0,0,0,0,0,1
96524,0,0,0,0,0,0,0,0,1
96525,0,0,0,0,0,0,0,0,1
96526,0,0,0,0,0,0,0,0,1
96527,0,0,0,0,0,0,0,0,1
96528,0,0,0,0,0,0,0,0,1
96529,0,0,0,0,0,0,0,0,1
96530,0,0,0,0,0,0,0,0,1
96531,0,0,0,0,0,0,0,0,1
96532,0,0,0,0,0,0,0,0,1
96533,0,0,0,0,0,0,0,0,1
96534,0,0,0,0,0,0,0,0,1
96535,0,0,0,0,0,0,0,0,1
96536,0,0,0,0,0,0,0,0,1
96537,0,0,0,0,0,0,0,0,1
96538,0,0,0,0,0,0,0,0,1
96539,0,0,0,0,0,0,0,0,1
96540,0,0,0,0,0,0,0,0,1
96541,0,0,0,0,0,0,0,0,1
96542,0,0,0,0,0,0,0,0,1
96543,0,0,0,0,0,0,0,0,1
96544,0,0,0,0,0,0,0,0,1
96545,0,0,0,0,0,0,0,0,1
96546,0,0,0,0,0,0,0,0,1
96547,0,0,0,0,0,0,0,0,1
96548,0,0,0,0,0,0,0,0,1
96549,0,0,0,0,0,0,0,0,1
96550,0,0,0,0,0,0,0,0,1
96551,0,0,0,0,0,0,0,0,1
96552,0,0,0,0,0,0,0,0,1
96553,0,0,0,0,0,0,0,0,1
96554,0,0,0,0,0,0,0,0,1
96555,0,0,0,0,0,0,0,0,1
96556,0,0,0,0,0,0,0,0,1
96557,0,0,0,0,0,0,0,0,1
96558,0,0,0,0,0,0,0,0,1
96559,0,0,0,0,0,0,0,0,1
96560,0,0,0,0,0,0,0,0,1
96561,0,0,0,0,0,0,0,0,1
96562,0,0,0,0,0,0,0,0,1
96563,0,0,0,0,0,0,0,0,1
96564,0,0,0,0,0,0,0,0,1
96565,0,0,0,0,0,0,0,0,1
96566,0,0,0,0,0,0,0,0,1
96567,0,0,0,0,0,0,0,0,1
96568,0,0,0,0,0,0,0,0,1
96569,0,0,0,0,0,0,0,0,1
96570,0,0,0,0,0,0,0,0,1
96571,0,0,0,0,0,0,0,0,1
96572,0,0,0,0,0,0,0,0,1
96573,0,0,0,0,0,0,0,0,1
96574,0,0,0,0,0,0,0,0,1
96575,0,0,0,0,0,0,0,0,1
96576,0,0,0,0,0,0,0,0,1
96577,0,0,0,0,0,0,0,0,1
96578,0,0,0,0,0,0,0,0,1
96579,0,0,0,0,0,0,0,0,1
96580,0,0,0,0,0,0,0,0,1
96581,0,0,0,0,0,0,0,0,1
96582,0,0,0,0,0,0,0,0,1
96583,0,0,0,0,0,0,0,0,1
96584,0,0,0,0,0,0,0,0,1
96585,0,0,0,0,0,0,0,0,1
96586,0,0,0,0,0,0,0,0,1
96587,0,0,0,0,0,0,0,0,1
96588,0,0,0,0,0,0,0,0,1
96589,0,0,0,0,0,0,0,0,1
96590,0,0,0,0,0,0,0,0,1
96591,0,0,0,0,0,0,0,0,1
96592,0,0,0,0,0,0,0,0,1
96593,0,0,0,0,0,0,0,0,1
96594,0,0,0,0,0,0,0,0,1
96595,0,0,0,0,0,0,0,0,1
96596,0,0,0,0,0,0,0,0,1
96597,0,0,0,0,0,0,0,0,1
96598,0,0,0,0,0,0,0,0,1
96599,0,0,0,0,0,0,0,0,1
96600,0,0,0,0,0,0,0,0,1
96601,0,0,0,0,0,0,0,0,1
96602,0,0,0,0,0,0,0,0,1
96603,0,0,0,0,0,0,0,0,1
96604,0,0,0,0,0,0,0,0,1
96605,0,0,0,0,0,0,0,0,1
96606,0,0,0,0,0,0,0,0,1
96607,0,0,0,0,0,0,0,0,1
96608,0,0,0,0,0,0,0,0,1
96609,0,0,0,0,0,0,0,0,1
96610,0,0,0,0,0,0,0,0,1
96611,0,0,0,0,0,0,0,0,1
96612,0,0,0,0,0,0,0,0,1
96613,0,0,0,0,0,0,0,0,1
96614,0,0,0,0,0,0,0,0,1
96615,0,0,0,0,0,0,0,0,1
96616,0,0,0,0,0,0,0,0,1
96617,0,0,0,0,0,0,0,0,1
96618,0,0,0,0,0,0,0,0,1
96619,0,0,0,0,0,0,0,0,1
96620,0,0,0,0,0,0,0,0,1
96621,0,0,0,0,0,0,0,0,1
96622,0,0,0,0,0,0,0,0,1
96623,0,0,0,0,0,0,0,0,1
96624,0,0,0,0,0,0,0,0,1
96625,0,0,0,0,0,0,0,0,1
96626,0,0,0,0,0,0,0,0,1
96627,0,0,0,0,0,0,0,0,1
96628,0,0,0,0,0,0,0,0,1
96629,0,0,0,0,0,0,0,0,1
96630,0,0,0,0,0,0,0,0,1
96631,0,0,0,0,0,0,0,0,1
96632,0,0,0,0,0,0,0,0,1
96633,0,0,0,0,0,0,0,0,1
96634,0,0,0,0,0,0,0,0,1
96635,0,0,0,0,0,0,0,0,1
96636,0,0,0,0,0,0,0,0,1
96637,0,0,0,0,0,0,0,0,1
96638,0,0,0,0,0,0,0,0,1
96639,0,0,0,0,0,0,0,0,1
96640,0,0,0,0,0,0,0,0,1
96641,0,0,0,0,0,0,0,0,1
96642,0,0,0,0,0,0,0,0,1
96643,0,0,0,0,0,0,0,0,1
96644,0,0,0,0,0,0,0,0,1
96645,0,0,0,0,0,0,0,0,1
96646,0,0,0,0,0,0,0,0,1
96647,0,0,0,0,0,0,0,0,1
96648,0,0,0,0,0,0,0,0,1
96649,0,0,0,0,0,0,0,0,1
96650,0,0,0,0,0,0,0,0,1
96651,0,0,0,0,0,0,0,0,1
96652,0,0,0,0,0,0,0,0,1
96653,0,0,0,0,0,0,0,0,1
96654,0,0,0,0,0,0,0,0,1
96655,0,0,0,0,0,0,0,0,1
96656,0,0,0,0,0,0,0,0,1
96657,0,0,0,0,0,0,0,0,1
96658,0,0,0,0,0,0,0,0,1
96659,0,0,0,0,0,0,0,0,1
96660,0,0,0,0,0,0,0,0,1
96661,0,0,0,0,0,0,0,0,1
96662,0,0,0,0,0,0,0,0,1
96663,0,0,0,0,0,0,0,0,1
96664,0,0,0,0,0,0,0,0,1
96665,0,0,0,0,0,0,0,0,1
96666,0,0,0,0,0,0,0,0,1
96667,0,0,0,0,0,0,0,0,1
96668,0,0,0,0,0,0,0,0,1
96669,0,0,0,0,0,0,0,0,1
96670,0,0,0,0,0,0,0,0,1
96671,0,0,0,0,0,0,0,0,1
96672,0,0,0,0,0,0,0,0,1
96673,0,0,0,0,0,0,0,0,1
96674,0,0,0,0,0,0,0,0,1
96675,0,0,0,0,0,0,0,0,1
96676,0,0,0,0,0,0,0,0,1
96677,0,0,0,0,0,0,0,0,1
96678,0,0,0,0,0,0,0,0,1
96679,0,0,0,0,0,0,0,0,1
96680,0,0,0,0,0,0,0,0,1
96681,0,0,0,0,0,0,0,0,1
96682,0,0,0,0,0,0,0,0,1
96683,0,0,0,0,0,0,0,0,1
96684,0,0,0,0,0,0,0,0,1
96685,0,0,0,0,0,0,0,0,1
96686,0,0,0,0,0,0,0,0,1
96687,0,0,0,0,0,0,0,0,1
96688,0,0,0,0,0,0,0,0,1
96689,0,0,0,0,0,0,0,0,1
96690,0,0,0,0,0,0,0,0,1
96691,0,0,0,0,0,0,0,0,1
96692,0,0,0,0,0,0,0,0,1
96693,0,0,0,0,0,0,0,0,1
96694,0,0,0,0,0,0,0,0,1
96695,0,0,0,0,0,0,0,0,1
96696,0,0,0,0,0,0,0,0,1
96697,0,0,0,0,0,0,0,0,1
96698,0,0,0,0,0,0,0,0,1
96699,0,0,0,0,0,0,0,0,1
96700,0,0,0,0,0,0,0,0,1
96701,0,0,0,0,0,0,0,0,1
96702,0,0,0,0,0,0,0,0,1
96703,0,0,0,0,0,0,0,0,1
96704,0,0,0,0,0,0,0,0,1
96705,0,0,0,0,0,0,0,0,1
96706,0,0,0,0,0,0,0,0,1
96707,0,0,0,0,0,0,0,0,1
96708,0,0,0,0,0,0,0,0,1
96709,0,0,0,0,0,0,0,0,1
96710,0,0,0,0,0,0,0,0,1
96711,0,0,0,0,0,0,0,0,1
96712,0,0,0,0,0,0,0,0,1
96713,0,0,0,0,0,0,0,0,1
96714,0,0,0,0,0,0,0,0,1
96715,0,0,0,0,0,0,0,0,1
96716,0,0,0,0,0,0,0,0,1
96717,0,0,0,0,0,0,0,0,1
96718,0,0,0,0,0,0,0,0,1
96719,0,0,0,0,0,0,0,0,1
96720,0,0,0,0,0,0,0,0,1
96721,0,0,0,0,0,0,0,0,1
96722,0,0,0,0,0,0,0,0,1
96723,0,0,0,0,0,0,0,0,1
96724,0,0,0,0,0,0,0,0,1
96725,0,0,0,0,0,0,0,0,1
96726,0,0,0,0,0,0,0,0,1
96727,0,0,0,0,0,0,0,0,1
96728,0,0,0,0,0,0,0,0,1
96729,0,0,0,0,0,0,0,0,1
96730,0,0,0,0,0,0,0,0,1
96731,0,0,0,0,0,0,0,0,1
96732,0,0,0,0,0,0,0,0,1
96733,0,0,0,0,0,0,0,0,1
96734,0,0,0,0,0,0,0,0,1
96735,0,0,0,0,0,0,0,0,1
96736,0,0,0,0,0,0,0,0,1
96737,0,0,0,0,0,0,0,0,1
96738,0,0,0,0,0,0,0,0,1
96739,0,0,0,0,0,0,0,0,1
96740,0,0,0,0,0,0,0,0,1
96741,0,0,0,0,0,0,0,0,1
96742,0,0,0,0,0,0,0,0,1
96743,0,0,0,0,0,0,0,0,1
96744,0,0,0,0,0,0,0,0,1
96745,0,0,0,0,0,0,0,0,1
96746,0,0,0,0,0,0,0,0,1
96747,0,0,0,0,0,0,0,0,1
96748,0,0,0,0,0,0,0,0,1
96749,0,0,0,0,0,0,0,0,1
96750,0,0,0,0,0,0,0,0,1
96751,0,0,0,0,0,0,0,0,1
96752,0,0,0,0,0,0,0,0,1
96753,0,0,0,0,0,0,0,0,1
96754,0,0,0,0,0,0,0,0,1
96755,0,0,0,0,0,0,0,0,1
96756,0,0,0,0,0,0,0,0,1
96757,0,0,0,0,0,0,0,0,1
96758,0,0,0,0,0,0,0,0,1
96759,0,0,0,0,0,0,0,0,1
96760,0,0,0,0,0,0,0,0,1
96761,0,0,0,0,0,0,0,0,1
96762,0,0,0,0,0,0,0,0,1
96763,0,0,0,0,0,0,0,0,1
96764,0,0,0,0,0,0,0,0,1
96765,0,0,0,0,0,0,0,0,1
96766,0,0,0,0,0,0,0,0,1
96767,0,0,0,0,0,0,0,0,1
96768,0,0,0,0,0,0,0,0,1
96769,0,0,0,0,0,0,0,0,1
96770,0,0,0,0,0,0,0,0,1
96771,0,0,0,0,0,0,0,0,1
96772,0,0,0,0,0,0,0,0,1
96773,0,0,0,0,0,0,0,0,1
96774,0,0,0,0,0,0,0,0,1
96775,0,0,0,0,0,0,0,0,1
96776,0,0,0,0,0,0,0,0,1
96777,0,0,0,0,0,0,0,0,1
96778,0,0,0,0,0,0,0,0,1
96779,0,0,0,0,0,0,0,0,1
96780,0,0,0,0,0,0,0,0,1
96781,0,0,0,0,0,0,0,0,1
96782,0,0,0,0,0,0,0,0,1
96783,0,0,0,0,0,0,0,0,1
96784,0,0,0,0,0,0,0,0,1
96785,0,0,0,0,0,0,0,0,1
96786,0,0,0,0,0,0,0,0,1
96787,0,0,0,0,0,0,0,0,1
96788,0,0,0,0,0,0,0,0,1
96789,0,0,0,0,0,0,0,0,1
96790,0,0,0,0,0,0,0,0,1
96791,0,0,0,0,0,0,0,0,1
96792,0,0,0,0,0,0,0,0,1
96793,0,0,0,0,0,0,0,0,1
96794,0,0,0,0,0,0,0,0,1
96795,0,0,0,0,0,0,0,0,1
96796,0,0,0,0,0,0,0,0,1
96797,0,0,0,0,0,0,0,0,1
96798,0,0,0,0,0,0,0,0,1
96799,0,0,0,0,0,0,0,0,1
96800,0,0,0,0,0,0,0,0,1
96801,0,0,0,0,0,0,0,0,1
96802,0,0,0,0,0,0,0,0,1
96803,0,0,0,0,0,0,0,0,1
96804,0,0,0,0,0,0,0,0,1
96805,0,0,0,0,0,0,0,0,1
96806,0,0,0,0,0,0,0,0,1
96807,0,0,0,0,0,0,0,0,1
96808,0,0,0,0,0,0,0,0,1
96809,0,0,0,0,0,0,0,0,1
96810,0,0,0,0,0,0,0,0,1
96811,0,0,0,0,0,0,0,0,1
96812,0,0,0,0,0,0,0,0,1
96813,0,0,0,0,0,0,0,0,1
96814,0,0,0,0,0,0,0,0,1
96815,0,0,0,0,0,0,0,0,1
96816,0,0,0,0,0,0,0,0,1
96817,0,0,0,0,0,0,0,0,1
96818,0,0,0,0,0,0,0,0,1
96819,0,0,0,0,0,0,0,0,1
96820,0,0,0,0,0,0,0,0,1
96821,0,0,0,0,0,0,0,0,1
96822,0,0,0,0,0,0,0,0,1
96823,0,0,0,0,0,0,0,0,1
96824,0,0,0,0,0,0,0,0,1
96825,0,0,0,0,0,0,0,0,1
96826,0,0,0,0,0,0,0,0,1
96827,0,0,0,0,0,0,0,0,1
96828,0,0,0,0,0,0,0,0,1
96829,0,0,0,0,0,0,0,0,1
96830,0,0,0,0,0,0,0,0,1
96831,0,0,0,0,0,0,0,0,1
96832,0,0,0,0,0,0,0,0,1
96833,0,0,0,0,0,0,0,0,1
96834,0,0,0,0,0,0,0,0,1
96835,0,0,0,0,0,0,0,0,1
96836,0,0,0,0,0,0,0,0,1
96837,0,0,0,0,0,0,0,0,1
96838,0,0,0,0,0,0,0,0,1
96839,0,0,0,0,0,0,0,0,1
96840,0,0,0,0,0,0,0,0,1
96841,0,0,0,0,0,0,0,0,1
96842,0,0,0,0,0,0,0,0,1
96843,0,0,0,0,0,0,0,0,1
96844,0,0,0,0,0,0,0,0,1
96845,0,0,0,0,0,0,0,0,1
96846,0,0,0,0,0,0,0,0,1
96847,0,0,0,0,0,0,0,0,1
96848,0,0,0,0,0,0,0,0,1
96849,0,0,0,0,0,0,0,0,1
96850,0,0,0,0,0,0,0,0,1
96851,0,0,0,0,0,0,0,0,1
96852,0,0,0,0,0,0,0,0,1
96853,0,0,0,0,0,0,0,0,1
96854,0,0,0,0,0,0,0,0,1
96855,0,0,0,0,0,0,0,0,1
96856,0,0,0,0,0,0,0,0,1
96857,0,0,0,0,0,0,0,0,1
96858,0,0,0,0,0,0,0,0,1
96859,0,0,0,0,0,0,0,0,1
96860,0,0,0,0,0,0,0,0,1
96861,0,0,0,0,0,0,0,0,1
96862,0,0,0,0,0,0,0,0,1
96863,0,0,0,0,0,0,0,0,1
96864,0,0,0,0,0,0,0,0,1
96865,0,0,0,0,0,0,0,0,1
96866,0,0,0,0,0,0,0,0,1
96867,0,0,0,0,0,0,0,0,1
96868,0,0,0,0,0,0,0,0,1
96869,0,0,0,0,0,0,0,0,1
96870,0,0,0,0,0,0,0,0,1
96871,0,0,0,0,0,0,0,0,1
96872,0,0,0,0,0,0,0,0,1
96873,0,0,0,0,0,0,0,0,1
96874,0,0,0,0,0,0,0,0,1
96875,0,0,0,0,0,0,0,0,1
96876,0,0,0,0,0,0,0,0,1
96877,0,0,0,0,0,0,0,0,1
96878,0,0,0,0,0,0,0,0,1
96879,0,0,0,0,0,0,0,0,1
96880,0,0,0,0,0,0,0,0,1
96881,0,0,0,0,0,0,0,0,1
96882,0,0,0,0,0,0,0,0,1
96883,0,0,0,0,0,0,0,0,1
96884,0,0,0,0,0,0,0,0,1
96885,0,0,0,0,0,0,0,0,1
96886,0,0,0,0,0,0,0,0,1
96887,0,0,0,0,0,0,0,0,1
96888,0,0,0,0,0,0,0,0,1
96889,0,0,0,0,0,0,0,0,1
96890,0,0,0,0,0,0,0,0,1
96891,0,0,0,0,0,0,0,0,1
96892,0,0,0,0,0,0,0,0,1
96893,0,0,0,0,0,0,0,0,1
96894,0,0,0,0,0,0,0,0,1
96895,0,0,0,0,0,0,0,0,1
96896,0,0,0,0,0,0,0,0,1
96897,0,0,0,0,0,0,0,0,1
96898,0,0,0,0,0,0,0,0,1
96899,0,0,0,0,0,0,0,0,1
96900,0,0,0,0,0,0,0,0,1
96901,0,0,0,0,0,0,0,0,1
96902,0,0,0,0,0,0,0,0,1
96903,0,0,0,0,0,0,0,0,1
96904,0,0,0,0,0,0,0,0,1
96905,0,0,0,0,0,0,0,0,1
96906,0,0,0,0,0,0,0,0,1
96907,0,0,0,0,0,0,0,0,1
96908,0,0,0,0,0,0,0,0,1
96909,0,0,0,0,0,0,0,0,1
96910,0,0,0,0,0,0,0,0,1
96911,0,0,0,0,0,0,0,0,1
96912,0,0,0,0,0,0,0,0,1
96913,0,0,0,0,0,0,0,0,1
96914,0,0,0,0,0,0,0,0,1
96915,0,0,0,0,0,0,0,0,1
96916,0,0,0,0,0,0,0,0,1
96917,0,0,0,0,0,0,0,0,1
96918,0,0,0,0,0,0,0,0,1
96919,0,0,0,0,0,0,0,0,1
96920,0,0,0,0,0,0,0,0,1
96921,0,0,0,0,0,0,0,0,1
96922,0,0,0,0,0,0,0,0,1
96923,0,0,0,0,0,0,0,0,1
96924,0,0,0,0,0,0,0,0,1
96925,0,0,0,0,0,0,0,0,1
96926,0,0,0,0,0,0,0,0,1
96927,0,0,0,0,0,0,0,0,1
96928,0,0,0,0,0,0,0,0,1
96929,0,0,0,0,0,0,0,0,1
96930,0,0,0,0,0,0,0,0,1
96931,0,0,0,0,0,0,0,0,1
96932,0,0,0,0,0,0,0,0,1
96933,0,0,0,0,0,0,0,0,1
96934,0,0,0,0,0,0,0,0,1
96935,0,0,0,0,0,0,0,0,1
96936,0,0,0,0,0,0,0,0,1
96937,0,0,0,0,0,0,0,0,1
96938,0,0,0,0,0,0,0,0,1
96939,0,0,0,0,0,0,0,0,1
96940,0,0,0,0,0,0,0,0,1
96941,0,0,0,0,0,0,0,0,1
96942,0,0,0,0,0,0,0,0,1
96943,0,0,0,0,0,0,0,0,1
96944,0,0,0,0,0,0,0,0,1
96945,0,0,0,0,0,0,0,0,1
96946,0,0,0,0,0,0,0,0,1
96947,0,0,0,0,0,0,0,0,1
96948,0,0,0,0,0,0,0,0,1
96949,0,0,0,0,0,0,0,0,1
96950,0,0,0,0,0,0,0,0,1
96951,0,0,0,0,0,0,0,0,1
96952,0,0,0,0,0,0,0,0,1
96953,0,0,0,0,0,0,0,0,1
96954,0,0,0,0,0,0,0,0,1
96955,0,0,0,0,0,0,0,0,1
96956,0,0,0,0,0,0,0,0,1
96957,0,0,0,0,0,0,0,0,1
96958,0,0,0,0,0,0,0,0,1
96959,0,0,0,0,0,0,0,0,1
96960,0,0,0,0,0,0,0,0,1
96961,0,0,0,0,0,0,0,0,1
96962,0,0,0,0,0,0,0,0,1
96963,0,0,0,0,0,0,0,0,1
96964,0,0,0,0,0,0,0,0,1
96965,0,0,0,0,0,0,0,0,1
96966,0,0,0,0,0,0,0,0,1
96967,0,0,0,0,0,0,0,0,1
96968,0,0,0,0,0,0,0,0,1
96969,0,0,0,0,0,0,0,0,1
96970,0,0,0,0,0,0,0,0,1
96971,0,0,0,0,0,0,0,0,1
96972,0,0,0,0,0,0,0,0,1
96973,0,0,0,0,0,0,0,0,1
96974,0,0,0,0,0,0,0,0,1
96975,0,0,0,0,0,0,0,0,1
96976,0,0,0,0,0,0,0,0,1
96977,0,0,0,0,0,0,0,0,1
96978,0,0,0,0,0,0,0,0,1
96979,0,0,0,0,0,0,0,0,1
96980,0,0,0,0,0,0,0,0,1
96981,0,0,0,0,0,0,0,0,1
96982,0,0,0,0,0,0,0,0,1
96983,0,0,0,0,0,0,0,0,1
96984,0,0,0,0,0,0,0,0,1
96985,0,0,0,0,0,0,0,0,1
96986,0,0,0,0,0,0,0,0,1
96987,0,0,0,0,0,0,0,0,1
96988,0,0,0,0,0,0,0,0,1
96989,0,0,0,0,0,0,0,0,1
96990,0,0,0,0,0,0,0,0,1
96991,0,0,0,0,0,0,0,0,1
96992,0,0,0,0,0,0,0,0,1
96993,0,0,0,0,0,0,0,0,1
96994,0,0,0,0,0,0,0,0,1
96995,0,0,0,0,0,0,0,0,1
96996,0,0,0,0,0,0,0,0,1
96997,0,0,0,0,0,0,0,0,1
96998,0,0,0,0,0,0,0,0,1
96999,0,0,0,0,0,0,0,0,1
97000,0,0,0,0,0,0,0,0,1
97001,0,0,0,0,0,0,0,0,1
97002,0,0,0,0,0,0,0,0,1
97003,0,0,0,0,0,0,0,0,1
97004,0,0,0,0,0,0,0,0,1
97005,0,0,0,0,0,0,0,0,1
97006,0,0,0,0,0,0,0,0,1
97007,0,0,0,0,0,0,0,0,1
97008,0,0,0,0,0,0,0,0,1
97009,0,0,0,0,0,0,0,0,1
97010,0,0,0,0,0,0,0,0,1
97011,0,0,0,0,0,0,0,0,1
97012,0,0,0,0,0,0,0,0,1
97013,0,0,0,0,0,0,0,0,1
97014,0,0,0,0,0,0,0,0,1
97015,0,0,0,0,0,0,0,0,1
97016,0,0,0,0,0,0,0,0,1
97017,0,0,0,0,0,0,0,0,1
97018,0,0,0,0,0,0,0,0,1
97019,0,0,0,0,0,0,0,0,1
97020,0,0,0,0,0,0,0,0,1
97021,0,0,0,0,0,0,0,0,1
97022,0,0,0,0,0,0,0,0,1
97023,0,0,0,0,0,0,0,0,1
97024,0,0,0,0,0,0,0,0,1
97025,0,0,0,0,0,0,0,0,1
97026,0,0,0,0,0,0,0,0,1
97027,0,0,0,0,0,0,0,0,1
97028,0,0,0,0,0,0,0,0,1
97029,0,0,0,0,0,0,0,0,1
97030,0,0,0,0,0,0,0,0,1
97031,0,0,0,0,0,0,0,0,1
97032,0,0,0,0,0,0,0,0,1
97033,0,0,0,0,0,0,0,0,1
97034,0,0,0,0,0,0,0,0,1
97035,0,0,0,0,0,0,0,0,1
97036,0,0,0,0,0,0,0,0,1
97037,0,0,0,0,0,0,0,0,1
97038,0,0,0,0,0,0,0,0,1
97039,0,0,0,0,0,0,0,0,1
97040,0,0,0,0,0,0,0,0,1
97041,0,0,0,0,0,0,0,0,1
97042,0,0,0,0,0,0,0,0,1
97043,0,0,0,0,0,0,0,0,1
97044,0,0,0,0,0,0,0,0,1
97045,0,0,0,0,0,0,0,0,1
97046,0,0,0,0,0,0,0,0,1
97047,0,0,0,0,0,0,0,0,1
97048,0,0,0,0,0,0,0,0,1
97049,0,0,0,0,0,0,0,0,1
97050,0,0,0,0,0,0,0,0,1
97051,0,0,0,0,0,0,0,0,1
97052,0,0,0,0,0,0,0,0,1
97053,0,0,0,0,0,0,0,0,1
97054,0,0,0,0,0,0,0,0,1
97055,0,0,0,0,0,0,0,0,1
97056,0,0,0,0,0,0,0,0,1
97057,0,0,0,0,0,0,0,0,1
97058,0,0,0,0,0,0,0,0,1
97059,0,0,0,0,0,0,0,0,1
97060,0,0,0,0,0,0,0,0,1
97061,0,0,0,0,0,0,0,0,1
97062,0,0,0,0,0,0,0,0,1
97063,0,0,0,0,0,0,0,0,1
97064,0,0,0,0,0,0,0,0,1
97065,0,0,0,0,0,0,0,0,1
97066,0,0,0,0,0,0,0,0,1
97067,0,0,0,0,0,0,0,0,1
97068,0,0,0,0,0,0,0,0,1
97069,0,0,0,0,0,0,0,0,1
97070,0,0,0,0,0,0,0,0,1
97071,0,0,0,0,0,0,0,0,1
97072,0,0,0,0,0,0,0,0,1
97073,0,0,0,0,0,0,0,0,1
97074,0,0,0,0,0,0,0,0,1
97075,0,0,0,0,0,0,0,0,1
97076,0,0,0,0,0,0,0,0,1
97077,0,0,0,0,0,0,0,0,1
97078,0,0,0,0,0,0,0,0,1
97079,0,0,0,0,0,0,0,0,1
97080,0,0,0,0,0,0,0,0,1
97081,0,0,0,0,0,0,0,0,1
97082,0,0,0,0,0,0,0,0,1
97083,0,0,0,0,0,0,0,0,1
97084,0,0,0,0,0,0,0,0,1
97085,0,0,0,0,0,0,0,0,1
97086,0,0,0,0,0,0,0,0,1
97087,0,0,0,0,0,0,0,0,1
97088,0,0,0,0,0,0,0,0,1
97089,0,0,0,0,0,0,0,0,1
97090,0,0,0,0,0,0,0,0,1
97091,0,0,0,0,0,0,0,0,1
97092,0,0,0,0,0,0,0,0,1
97093,0,0,0,0,0,0,0,0,1
97094,0,0,0,0,0,0,0,0,1
97095,0,0,0,0,0,0,0,0,1
97096,0,0,0,0,0,0,0,0,1
97097,0,0,0,0,0,0,0,0,1
97098,0,0,0,0,0,0,0,0,1
97099,0,0,0,0,0,0,0,0,1
97100,0,0,0,0,0,0,0,0,1
97101,0,0,0,0,0,0,0,0,1
97102,0,0,0,0,0,0,0,0,1
97103,0,0,0,0,0,0,0,0,1
97104,0,0,0,0,0,0,0,0,1
97105,0,0,0,0,0,0,0,0,1
97106,0,0,0,0,0,0,0,0,1
97107,0,0,0,0,0,0,0,0,1
97108,0,0,0,0,0,0,0,0,1
97109,0,0,0,0,0,0,0,0,1
97110,0,0,0,0,0,0,0,0,1
97111,0,0,0,0,0,0,0,0,1
97112,0,0,0,0,0,0,0,0,1
97113,0,0,0,0,0,0,0,0,1
97114,0,0,0,0,0,0,0,0,1
97115,0,0,0,0,0,0,0,0,1
97116,0,0,0,0,0,0,0,0,1
97117,0,0,0,0,0,0,0,0,1
97118,0,0,0,0,0,0,0,0,1
97119,0,0,0,0,0,0,0,0,1
97120,0,0,0,0,0,0,0,0,1
97121,0,0,0,0,0,0,0,0,1
97122,0,0,0,0,0,0,0,0,1
97123,0,0,0,0,0,0,0,0,1
97124,0,0,0,0,0,0,0,0,1
97125,0,0,0,0,0,0,0,0,1
97126,0,0,0,0,0,0,0,0,1
97127,0,0,0,0,0,0,0,0,1
97128,0,0,0,0,0,0,0,0,1
97129,0,0,0,0,0,0,0,0,1
97130,0,0,0,0,0,0,0,0,1
97131,0,0,0,0,0,0,0,0,1
97132,0,0,0,0,0,0,0,0,1
97133,0,0,0,0,0,0,0,0,1
97134,0,0,0,0,0,0,0,0,1
97135,0,0,0,0,0,0,0,0,1
97136,0,0,0,0,0,0,0,0,1
97137,0,0,0,0,0,0,0,0,1
97138,0,0,0,0,0,0,0,0,1
97139,0,0,0,0,0,0,0,0,1
97140,0,0,0,0,0,0,0,0,1
97141,0,0,0,0,0,0,0,0,1
97142,0,0,0,0,0,0,0,0,1
97143,0,0,0,0,0,0,0,0,1
97144,0,0,0,0,0,0,0,0,1
97145,0,0,0,0,0,0,0,0,1
97146,0,0,0,0,0,0,0,0,1
97147,0,0,0,0,0,0,0,0,1
97148,0,0,0,0,0,0,0,0,1
97149,0,0,0,0,0,0,0,0,1
97150,0,0,0,0,0,0,0,0,1
97151,0,0,0,0,0,0,0,0,1
97152,0,0,0,0,0,0,0,0,1
97153,0,0,0,0,0,0,0,0,1
97154,0,0,0,0,0,0,0,0,1
97155,0,0,0,0,0,0,0,0,1
97156,0,0,0,0,0,0,0,0,1
97157,0,0,0,0,0,0,0,0,1
97158,0,0,0,0,0,0,0,0,1
97159,0,0,0,0,0,0,0,0,1
97160,0,0,0,0,0,0,0,0,1
97161,0,0,0,0,0,0,0,0,1
97162,0,0,0,0,0,0,0,0,1
97163,0,0,0,0,0,0,0,0,1
97164,0,0,0,0,0,0,0,0,1
97165,0,0,0,0,0,0,0,0,1
97166,0,0,0,0,0,0,0,0,1
97167,0,0,0,0,0,0,0,0,1
97168,0,0,0,0,0,0,0,0,1
97169,0,0,0,0,0,0,0,0,1
97170,0,0,0,0,0,0,0,0,1
97171,0,0,0,0,0,0,0,0,1
97172,0,0,0,0,0,0,0,0,1
97173,0,0,0,0,0,0,0,0,1
97174,0,0,0,0,0,0,0,0,1
97175,0,0,0,0,0,0,0,0,1
97176,0,0,0,0,0,0,0,0,1
97177,0,0,0,0,0,0,0,0,1
97178,0,0,0,0,0,0,0,0,1
97179,0,0,0,0,0,0,0,0,1
97180,0,0,0,0,0,0,0,0,1
97181,0,0,0,0,0,0,0,0,1
97182,0,0,0,0,0,0,0,0,1
97183,0,0,0,0,0,0,0,0,1
97184,0,0,0,0,0,0,0,0,1
97185,0,0,0,0,0,0,0,0,1
97186,0,0,0,0,0,0,0,0,1
97187,0,0,0,0,0,0,0,0,1
97188,0,0,0,0,0,0,0,0,1
97189,0,0,0,0,0,0,0,0,1
97190,0,0,0,0,0,0,0,0,1
97191,0,0,0,0,0,0,0,0,1
97192,0,0,0,0,0,0,0,0,1
97193,0,0,0,0,0,0,0,0,1
97194,0,0,0,0,0,0,0,0,1
97195,0,0,0,0,0,0,0,0,1
97196,0,0,0,0,0,0,0,0,1
97197,0,0,0,0,0,0,0,0,1
97198,0,0,0,0,0,0,0,0,1
97199,0,0,0,0,0,0,0,0,1
97200,0,0,0,0,0,0,0,0,1
97201,0,0,0,0,0,0,0,0,1
97202,0,0,0,0,0,0,0,0,1
97203,0,0,0,0,0,0,0,0,1
97204,0,0,0,0,0,0,0,0,1
97205,0,0,0,0,0,0,0,0,1
97206,0,0,0,0,0,0,0,0,1
97207,0,0,0,0,0,0,0,0,1
97208,0,0,0,0,0,0,0,0,1
97209,0,0,0,0,0,0,0,0,1
97210,0,0,0,0,0,0,0,0,1
97211,0,0,0,0,0,0,0,0,1
97212,0,0,0,0,0,0,0,0,1
97213,0,0,0,0,0,0,0,0,1
97214,0,0,0,0,0,0,0,0,1
97215,0,0,0,0,0,0,0,0,1
97216,0,0,0,0,0,0,0,0,1
97217,0,0,0,0,0,0,0,0,1
97218,0,0,0,0,0,0,0,0,1
97219,0,0,0,0,0,0,0,0,1
97220,0,0,0,0,0,0,0,0,1
97221,0,0,0,0,0,0,0,0,1
97222,0,0,0,0,0,0,0,0,1
97223,0,0,0,0,0,0,0,0,1
97224,0,0,0,0,0,0,0,0,1
97225,0,0,0,0,0,0,0,0,1
97226,0,0,0,0,0,0,0,0,1
97227,0,0,0,0,0,0,0,0,1
97228,0,0,0,0,0,0,0,0,1
97229,0,0,0,0,0,0,0,0,1
97230,0,0,0,0,0,0,0,0,1
97231,0,0,0,0,0,0,0,0,1
97232,0,0,0,0,0,0,0,0,1
97233,0,0,0,0,0,0,0,0,1
97234,0,0,0,0,0,0,0,0,1
97235,0,0,0,0,0,0,0,0,1
97236,0,0,0,0,0,0,0,0,1
97237,0,0,0,0,0,0,0,0,1
97238,0,0,0,0,0,0,0,0,1
97239,0,0,0,0,0,0,0,0,1
97240,0,0,0,0,0,0,0,0,1
97241,0,0,0,0,0,0,0,0,1
97242,0,0,0,0,0,0,0,0,1
97243,0,0,0,0,0,0,0,0,1
97244,0,0,0,0,0,0,0,0,1
97245,0,0,0,0,0,0,0,0,1
97246,0,0,0,0,0,0,0,0,1
97247,0,0,0,0,0,0,0,0,1
97248,0,0,0,0,0,0,0,0,1
97249,0,0,0,0,0,0,0,0,1
97250,0,0,0,0,0,0,0,0,1
97251,0,0,0,0,0,0,0,0,1
97252,0,0,0,0,0,0,0,0,1
97253,0,0,0,0,0,0,0,0,1
97254,0,0,0,0,0,0,0,0,1
97255,0,0,0,0,0,0,0,0,1
97256,0,0,0,0,0,0,0,0,1
97257,0,0,0,0,0,0,0,0,1
97258,0,0,0,0,0,0,0,0,1
97259,0,0,0,0,0,0,0,0,1
97260,0,0,0,0,0,0,0,0,1
97261,0,0,0,0,0,0,0,0,1
97262,0,0,0,0,0,0,0,0,1
97263,0,0,0,0,0,0,0,0,1
97264,0,0,0,0,0,0,0,0,1
97265,0,0,0,0,0,0,0,0,1
97266,0,0,0,0,0,0,0,0,1
97267,0,0,0,0,0,0,0,0,1
97268,0,0,0,0,0,0,0,0,1
97269,0,0,0,0,0,0,0,0,1
97270,0,0,0,0,0,0,0,0,1
97271,0,0,0,0,0,0,0,0,1
97272,0,0,0,0,0,0,0,0,1
97273,0,0,0,0,0,0,0,0,1
97274,0,0,0,0,0,0,0,0,1
97275,0,0,0,0,0,0,0,0,1
97276,0,0,0,0,0,0,0,0,1
97277,0,0,0,0,0,0,0,0,1
97278,0,0,0,0,0,0,0,0,1
97279,0,0,0,0,0,0,0,0,1
97280,0,0,0,0,0,0,0,0,1
97281,0,0,0,0,0,0,0,0,1
97282,0,0,0,0,0,0,0,0,1
97283,0,0,0,0,0,0,0,0,1
97284,0,0,0,0,0,0,0,0,1
97285,0,0,0,0,0,0,0,0,1
97286,0,0,0,0,0,0,0,0,1
97287,0,0,0,0,0,0,0,0,1
97288,0,0,0,0,0,0,0,0,1
97289,0,0,0,0,0,0,0,0,1
97290,0,0,0,0,0,0,0,0,1
97291,0,0,0,0,0,0,0,0,1
97292,0,0,0,0,0,0,0,0,1
97293,0,0,0,0,0,0,0,0,1
97294,0,0,0,0,0,0,0,0,1
97295,0,0,0,0,0,0,0,0,1
97296,0,0,0,0,0,0,0,0,1
97297,0,0,0,0,0,0,0,0,1
97298,0,0,0,0,0,0,0,0,1
97299,0,0,0,0,0,0,0,0,1
97300,0,0,0,0,0,0,0,0,1
97301,0,0,0,0,0,0,0,0,1
97302,0,0,0,0,0,0,0,0,1
97303,0,0,0,0,0,0,0,0,1
97304,0,0,0,0,0,0,0,0,1
97305,0,0,0,0,0,0,0,0,1
97306,0,0,0,0,0,0,0,0,1
97307,0,0,0,0,0,0,0,0,1
97308,0,0,0,0,0,0,0,0,1
97309,0,0,0,0,0,0,0,0,1
97310,0,0,0,0,0,0,0,0,1
97311,0,0,0,0,0,0,0,0,1
97312,0,0,0,0,0,0,0,0,1
97313,0,0,0,0,0,0,0,0,1
97314,0,0,0,0,0,0,0,0,1
97315,0,0,0,0,0,0,0,0,1
97316,0,0,0,0,0,0,0,0,1
97317,0,0,0,0,0,0,0,0,1
97318,0,0,0,0,0,0,0,0,1
97319,0,0,0,0,0,0,0,0,1
97320,0,0,0,0,0,0,0,0,1
97321,0,0,0,0,0,0,0,0,1
97322,0,0,0,0,0,0,0,0,1
97323,0,0,0,0,0,0,0,0,1
97324,0,0,0,0,0,0,0,0,1
97325,0,0,0,0,0,0,0,0,1
97326,0,0,0,0,0,0,0,0,1
97327,0,0,0,0,0,0,0,0,1
97328,0,0,0,0,0,0,0,0,1
97329,0,0,0,0,0,0,0,0,1
97330,0,0,0,0,0,0,0,0,1
97331,0,0,0,0,0,0,0,0,1
97332,0,0,0,0,0,0,0,0,1
97333,0,0,0,0,0,0,0,0,1
97334,0,0,0,0,0,0,0,0,1
97335,0,0,0,0,0,0,0,0,1
97336,0,0,0,0,0,0,0,0,1
97337,0,0,0,0,0,0,0,0,1
97338,0,0,0,0,0,0,0,0,1
97339,0,0,0,0,0,0,0,0,1
97340,0,0,0,0,0,0,0,0,1
97341,0,0,0,0,0,0,0,0,1
97342,0,0,0,0,0,0,0,0,1
97343,0,0,0,0,0,0,0,0,1
97344,0,0,0,0,0,0,0,0,1
97345,0,0,0,0,0,0,0,0,1
97346,0,0,0,0,0,0,0,0,1
97347,0,0,0,0,0,0,0,0,1
97348,0,0,0,0,0,0,0,0,1
97349,0,0,0,0,0,0,0,0,1
97350,0,0,0,0,0,0,0,0,1
97351,0,0,0,0,0,0,0,0,1
97352,0,0,0,0,0,0,0,0,1
97353,0,0,0,0,0,0,0,0,1
97354,0,0,0,0,0,0,0,0,1
97355,0,0,0,0,0,0,0,0,1
97356,0,0,0,0,0,0,0,0,1
97357,0,0,0,0,0,0,0,0,1
97358,0,0,0,0,0,0,0,0,1
97359,0,0,0,0,0,0,0,0,1
97360,0,0,0,0,0,0,0,0,1
97361,0,0,0,0,0,0,0,0,1
97362,0,0,0,0,0,0,0,0,1
97363,0,0,0,0,0,0,0,0,1
97364,0,0,0,0,0,0,0,0,1
97365,0,0,0,0,0,0,0,0,1
97366,0,0,0,0,0,0,0,0,1
97367,0,0,0,0,0,0,0,0,1
97368,0,0,0,0,0,0,0,0,1
97369,0,0,0,0,0,0,0,0,1
97370,0,0,0,0,0,0,0,0,1
97371,0,0,0,0,0,0,0,0,1
97372,0,0,0,0,0,0,0,0,1
97373,0,0,0,0,0,0,0,0,1
97374,0,0,0,0,0,0,0,0,1
97375,0,0,0,0,0,0,0,0,1
97376,0,0,0,0,0,0,0,0,1
97377,0,0,0,0,0,0,0,0,1
97378,0,0,0,0,0,0,0,0,1
97379,0,0,0,0,0,0,0,0,1
97380,0,0,0,0,0,0,0,0,1
97381,0,0,0,0,0,0,0,0,1
97382,0,0,0,0,0,0,0,0,1
97383,0,0,0,0,0,0,0,0,1
97384,0,0,0,0,0,0,0,0,1
97385,0,0,0,0,0,0,0,0,1
97386,0,0,0,0,0,0,0,0,1
97387,0,0,0,0,0,0,0,0,1
97388,0,0,0,0,0,0,0,0,1
97389,0,0,0,0,0,0,0,0,1
97390,0,0,0,0,0,0,0,0,1
97391,0,0,0,0,0,0,0,0,1
97392,0,0,0,0,0,0,0,0,1
97393,0,0,0,0,0,0,0,0,1
97394,0,0,0,0,0,0,0,0,1
97395,0,0,0,0,0,0,0,0,1
97396,0,0,0,0,0,0,0,0,1
97397,0,0,0,0,0,0,0,0,1
97398,0,0,0,0,0,0,0,0,1
97399,0,0,0,0,0,0,0,0,1
97400,0,0,0,0,0,0,0,0,1
97401,0,0,0,0,0,0,0,0,1
97402,0,0,0,0,0,0,0,0,1
97403,0,0,0,0,0,0,0,0,1
97404,0,0,0,0,0,0,0,0,1
97405,0,0,0,0,0,0,0,0,1
97406,0,0,0,0,0,0,0,0,1
97407,0,0,0,0,0,0,0,0,1
97408,0,0,0,0,0,0,0,0,1
97409,0,0,0,0,0,0,0,0,1
97410,0,0,0,0,0,0,0,0,1
97411,0,0,0,0,0,0,0,0,1
97412,0,0,0,0,0,0,0,0,1
97413,0,0,0,0,0,0,0,0,1
97414,0,0,0,0,0,0,0,0,1
97415,0,0,0,0,0,0,0,0,1
97416,0,0,0,0,0,0,0,0,1
97417,0,0,0,0,0,0,0,0,1
97418,0,0,0,0,0,0,0,0,1
97419,0,0,0,0,0,0,0,0,1
97420,0,0,0,0,0,0,0,0,1
97421,0,0,0,0,0,0,0,0,1
97422,0,0,0,0,0,0,0,0,1
97423,0,0,0,0,0,0,0,0,1
97424,0,0,0,0,0,0,0,0,1
97425,0,0,0,0,0,0,0,0,1
97426,0,0,0,0,0,0,0,0,1
97427,0,0,0,0,0,0,0,0,1
97428,0,0,0,0,0,0,0,0,1
97429,0,0,0,0,0,0,0,0,1
97430,0,0,0,0,0,0,0,0,1
97431,0,0,0,0,0,0,0,0,1
97432,0,0,0,0,0,0,0,0,1
97433,0,0,0,0,0,0,0,0,1
97434,0,0,0,0,0,0,0,0,1
97435,0,0,0,0,0,0,0,0,1
97436,0,0,0,0,0,0,0,0,1
97437,0,0,0,0,0,0,0,0,1
97438,0,0,0,0,0,0,0,0,1
97439,0,0,0,0,0,0,0,0,1
97440,0,0,0,0,0,0,0,0,1
97441,0,0,0,0,0,0,0,0,1
97442,0,0,0,0,0,0,0,0,1
97443,0,0,0,0,0,0,0,0,1
97444,0,0,0,0,0,0,0,0,1
97445,0,0,0,0,0,0,0,0,1
97446,0,0,0,0,0,0,0,0,1
97447,0,0,0,0,0,0,0,0,1
97448,0,0,0,0,0,0,0,0,1
97449,0,0,0,0,0,0,0,0,1
97450,0,0,0,0,0,0,0,0,1
97451,0,0,0,0,0,0,0,0,1
97452,0,0,0,0,0,0,0,0,1
97453,0,0,0,0,0,0,0,0,1
97454,0,0,0,0,0,0,0,0,1
97455,0,0,0,0,0,0,0,0,1
97456,0,0,0,0,0,0,0,0,1
97457,0,0,0,0,0,0,0,0,1
97458,0,0,0,0,0,0,0,0,1
97459,0,0,0,0,0,0,0,0,1
97460,0,0,0,0,0,0,0,0,1
97461,0,0,0,0,0,0,0,0,1
97462,0,0,0,0,0,0,0,0,1
97463,0,0,0,0,0,0,0,0,1
97464,0,0,0,0,0,0,0,0,1
97465,0,0,0,0,0,0,0,0,1
97466,0,0,0,0,0,0,0,0,1
97467,0,0,0,0,0,0,0,0,1
97468,0,0,0,0,0,0,0,0,1
97469,0,0,0,0,0,0,0,0,1
97470,0,0,0,0,0,0,0,0,1
97471,0,0,0,0,0,0,0,0,1
97472,0,0,0,0,0,0,0,0,1
97473,0,0,0,0,0,0,0,0,1
97474,0,0,0,0,0,0,0,0,1
97475,0,0,0,0,0,0,0,0,1
97476,0,0,0,0,0,0,0,0,1
97477,0,0,0,0,0,0,0,0,1
97478,0,0,0,0,0,0,0,0,1
97479,0,0,0,0,0,0,0,0,1
97480,0,0,0,0,0,0,0,0,1
97481,0,0,0,0,0,0,0,0,1
97482,0,0,0,0,0,0,0,0,1
97483,0,0,0,0,0,0,0,0,1
97484,0,0,0,0,0,0,0,0,1
97485,0,0,0,0,0,0,0,0,1
97486,0,0,0,0,0,0,0,0,1
97487,0,0,0,0,0,0,0,0,1
97488,0,0,0,0,0,0,0,0,1
97489,0,0,0,0,0,0,0,0,1
97490,0,0,0,0,0,0,0,0,1
97491,0,0,0,0,0,0,0,0,1
97492,0,0,0,0,0,0,0,0,1
97493,0,0,0,0,0,0,0,0,1
97494,0,0,0,0,0,0,0,0,1
97495,0,0,0,0,0,0,0,0,1
97496,0,0,0,0,0,0,0,0,1
97497,0,0,0,0,0,0,0,0,1
97498,0,0,0,0,0,0,0,0,1
97499,0,0,0,0,0,0,0,0,1
97500,0,0,0,0,0,0,0,0,1
97501,0,0,0,0,0,0,0,0,1
97502,0,0,0,0,0,0,0,0,1
97503,0,0,0,0,0,0,0,0,1
97504,0,0,0,0,0,0,0,0,1
97505,0,0,0,0,0,0,0,0,1
97506,0,0,0,0,0,0,0,0,1
97507,0,0,0,0,0,0,0,0,1
97508,0,0,0,0,0,0,0,0,1
97509,0,0,0,0,0,0,0,0,1
97510,0,0,0,0,0,0,0,0,1
97511,0,0,0,0,0,0,0,0,1
97512,0,0,0,0,0,0,0,0,1
97513,0,0,0,0,0,0,0,0,1
97514,0,0,0,0,0,0,0,0,1
97515,0,0,0,0,0,0,0,0,1
97516,0,0,0,0,0,0,0,0,1
97517,0,0,0,0,0,0,0,0,1
97518,0,0,0,0,0,0,0,0,1
97519,0,0,0,0,0,0,0,0,1
97520,0,0,0,0,0,0,0,0,1
97521,0,0,0,0,0,0,0,0,1
97522,0,0,0,0,0,0,0,0,1
97523,0,0,0,0,0,0,0,0,1
97524,0,0,0,0,0,0,0,0,1
97525,0,0,0,0,0,0,0,0,1
97526,0,0,0,0,0,0,0,0,1
97527,0,0,0,0,0,0,0,0,1
97528,0,0,0,0,0,0,0,0,1
97529,0,0,0,0,0,0,0,0,1
97530,0,0,0,0,0,0,0,0,1
97531,0,0,0,0,0,0,0,0,1
97532,0,0,0,0,0,0,0,0,1
97533,0,0,0,0,0,0,0,0,1
97534,0,0,0,0,0,0,0,0,1
97535,0,0,0,0,0,0,0,0,1
97536,0,0,0,0,0,0,0,0,1
97537,0,0,0,0,0,0,0,0,1
97538,0,0,0,0,0,0,0,0,1
97539,0,0,0,0,0,0,0,0,1
97540,0,0,0,0,0,0,0,0,1
97541,0,0,0,0,0,0,0,0,1
97542,0,0,0,0,0,0,0,0,1
97543,0,0,0,0,0,0,0,0,1
97544,0,0,0,0,0,0,0,0,1
97545,0,0,0,0,0,0,0,0,1
97546,0,0,0,0,0,0,0,0,1
97547,0,0,0,0,0,0,0,0,1
97548,0,0,0,0,0,0,0,0,1
97549,0,0,0,0,0,0,0,0,1
97550,0,0,0,0,0,0,0,0,1
97551,0,0,0,0,0,0,0,0,1
97552,0,0,0,0,0,0,0,0,1
97553,0,0,0,0,0,0,0,0,1
97554,0,0,0,0,0,0,0,0,1
97555,0,0,0,0,0,0,0,0,1
97556,0,0,0,0,0,0,0,0,1
97557,0,0,0,0,0,0,0,0,1
97558,0,0,0,0,0,0,0,0,1
97559,0,0,0,0,0,0,0,0,1
97560,0,0,0,0,0,0,0,0,1
97561,0,0,0,0,0,0,0,0,1
97562,0,0,0,0,0,0,0,0,1
97563,0,0,0,0,0,0,0,0,1
97564,0,0,0,0,0,0,0,0,1
97565,0,0,0,0,0,0,0,0,1
97566,0,0,0,0,0,0,0,0,1
97567,0,0,0,0,0,0,0,0,1
97568,0,0,0,0,0,0,0,0,1
97569,0,0,0,0,0,0,0,0,1
97570,0,0,0,0,0,0,0,0,1
97571,0,0,0,0,0,0,0,0,1
97572,0,0,0,0,0,0,0,0,1
97573,0,0,0,0,0,0,0,0,1
97574,0,0,0,0,0,0,0,0,1
97575,0,0,0,0,0,0,0,0,1
97576,0,0,0,0,0,0,0,0,1
97577,0,0,0,0,0,0,0,0,1
97578,0,0,0,0,0,0,0,0,1
97579,0,0,0,0,0,0,0,0,1
97580,0,0,0,0,0,0,0,0,1
97581,0,0,0,0,0,0,0,0,1
97582,0,0,0,0,0,0,0,0,1
97583,0,0,0,0,0,0,0,0,1
97584,0,0,0,0,0,0,0,0,1
97585,0,0,0,0,0,0,0,0,1
97586,0,0,0,0,0,0,0,0,1
97587,0,0,0,0,0,0,0,0,1
97588,0,0,0,0,0,0,0,0,1
97589,0,0,0,0,0,0,0,0,1
97590,0,0,0,0,0,0,0,0,1
97591,0,0,0,0,0,0,0,0,1
97592,0,0,0,0,0,0,0,0,1
97593,0,0,0,0,0,0,0,0,1
97594,0,0,0,0,0,0,0,0,1
97595,0,0,0,0,0,0,0,0,1
97596,0,0,0,0,0,0,0,0,1
97597,0,0,0,0,0,0,0,0,1
97598,0,0,0,0,0,0,0,0,1
97599,0,0,0,0,0,0,0,0,1
97600,0,0,0,0,0,0,0,0,1
97601,0,0,0,0,0,0,0,0,1
97602,0,0,0,0,0,0,0,0,1
97603,0,0,0,0,0,0,0,0,1
97604,0,0,0,0,0,0,0,0,1
97605,0,0,0,0,0,0,0,0,1
97606,0,0,0,0,0,0,0,0,1
97607,0,0,0,0,0,0,0,0,1
97608,0,0,0,0,0,0,0,0,1
97609,0,0,0,0,0,0,0,0,1
97610,0,0,0,0,0,0,0,0,1
97611,0,0,0,0,0,0,0,0,1
97612,0,0,0,0,0,0,0,0,1
97613,0,0,0,0,0,0,0,0,1
97614,0,0,0,0,0,0,0,0,1
97615,0,0,0,0,0,0,0,0,1
97616,0,0,0,0,0,0,0,0,1
97617,0,0,0,0,0,0,0,0,1
97618,0,0,0,0,0,0,0,0,1
97619,0,0,0,0,0,0,0,0,1
97620,0,0,0,0,0,0,0,0,1
97621,0,0,0,0,0,0,0,0,1
97622,0,0,0,0,0,0,0,0,1
97623,0,0,0,0,0,0,0,0,1
97624,0,0,0,0,0,0,0,0,1
97625,0,0,0,0,0,0,0,0,1
97626,0,0,0,0,0,0,0,0,1
97627,0,0,0,0,0,0,0,0,1
97628,0,0,0,0,0,0,0,0,1
97629,0,0,0,0,0,0,0,0,1
97630,0,0,0,0,0,0,0,0,1
97631,0,0,0,0,0,0,0,0,1
97632,0,0,0,0,0,0,0,0,1
97633,0,0,0,0,0,0,0,0,1
97634,0,0,0,0,0,0,0,0,1
97635,0,0,0,0,0,0,0,0,1
97636,0,0,0,0,0,0,0,0,1
97637,0,0,0,0,0,0,0,0,1
97638,0,0,0,0,0,0,0,0,1
97639,0,0,0,0,0,0,0,0,1
97640,0,0,0,0,0,0,0,0,1
97641,0,0,0,0,0,0,0,0,1
97642,0,0,0,0,0,0,0,0,1
97643,0,0,0,0,0,0,0,0,1
97644,0,0,0,0,0,0,0,0,1
97645,0,0,0,0,0,0,0,0,1
97646,0,0,0,0,0,0,0,0,1
97647,0,0,0,0,0,0,0,0,1
97648,0,0,0,0,0,0,0,0,1
97649,0,0,0,0,0,0,0,0,1
97650,0,0,0,0,0,0,0,0,1
97651,0,0,0,0,0,0,0,0,1
97652,0,0,0,0,0,0,0,0,1
97653,0,0,0,0,0,0,0,0,1
97654,0,0,0,0,0,0,0,0,1
97655,0,0,0,0,0,0,0,0,1
97656,0,0,0,0,0,0,0,0,1
97657,0,0,0,0,0,0,0,0,1
97658,0,0,0,0,0,0,0,0,1
97659,0,0,0,0,0,0,0,0,1
97660,0,0,0,0,0,0,0,0,1
97661,0,0,0,0,0,0,0,0,1
97662,0,0,0,0,0,0,0,0,1
97663,0,0,0,0,0,0,0,0,1
97664,0,0,0,0,0,0,0,0,1
97665,0,0,0,0,0,0,0,0,1
97666,0,0,0,0,0,0,0,0,1
97667,0,0,0,0,0,0,0,0,1
97668,0,0,0,0,0,0,0,0,1
97669,0,0,0,0,0,0,0,0,1
97670,0,0,0,0,0,0,0,0,1
97671,0,0,0,0,0,0,0,0,1
97672,0,0,0,0,0,0,0,0,1
97673,0,0,0,0,0,0,0,0,1
97674,0,0,0,0,0,0,0,0,1
97675,0,0,0,0,0,0,0,0,1
97676,0,0,0,0,0,0,0,0,1
97677,0,0,0,0,0,0,0,0,1
97678,0,0,0,0,0,0,0,0,1
97679,0,0,0,0,0,0,0,0,1
97680,0,0,0,0,0,0,0,0,1
97681,0,0,0,0,0,0,0,0,1
97682,0,0,0,0,0,0,0,0,1
97683,0,0,0,0,0,0,0,0,1
97684,0,0,0,0,0,0,0,0,1
97685,0,0,0,0,0,0,0,0,1
97686,0,0,0,0,0,0,0,0,1
97687,0,0,0,0,0,0,0,0,1
97688,0,0,0,0,0,0,0,0,1
97689,0,0,0,0,0,0,0,0,1
97690,0,0,0,0,0,0,0,0,1
97691,0,0,0,0,0,0,0,0,1
97692,0,0,0,0,0,0,0,0,1
97693,0,0,0,0,0,0,0,0,1
97694,0,0,0,0,0,0,0,0,1
97695,0,0,0,0,0,0,0,0,1
97696,0,0,0,0,0,0,0,0,1
97697,0,0,0,0,0,0,0,0,1
97698,0,0,0,0,0,0,0,0,1
97699,0,0,0,0,0,0,0,0,1
97700,0,0,0,0,0,0,0,0,1
97701,0,0,0,0,0,0,0,0,1
97702,0,0,0,0,0,0,0,0,1
97703,0,0,0,0,0,0,0,0,1
97704,0,0,0,0,0,0,0,0,1
97705,0,0,0,0,0,0,0,0,1
97706,0,0,0,0,0,0,0,0,1
97707,0,0,0,0,0,0,0,0,1
97708,0,0,0,0,0,0,0,0,1
97709,0,0,0,0,0,0,0,0,1
97710,0,0,0,0,0,0,0,0,1
97711,0,0,0,0,0,0,0,0,1
97712,0,0,0,0,0,0,0,0,1
97713,0,0,0,0,0,0,0,0,1
97714,0,0,0,0,0,0,0,0,1
97715,0,0,0,0,0,0,0,0,1
97716,0,0,0,0,0,0,0,0,1
97717,0,0,0,0,0,0,0,0,1
97718,0,0,0,0,0,0,0,0,1
97719,0,0,0,0,0,0,0,0,1
97720,0,0,0,0,0,0,0,0,1
97721,0,0,0,0,0,0,0,0,1
97722,0,0,0,0,0,0,0,0,1
97723,0,0,0,0,0,0,0,0,1
97724,0,0,0,0,0,0,0,0,1
97725,0,0,0,0,0,0,0,0,1
97726,0,0,0,0,0,0,0,0,1
97727,0,0,0,0,0,0,0,0,1
97728,0,0,0,0,0,0,0,0,1
97729,0,0,0,0,0,0,0,0,1
97730,0,0,0,0,0,0,0,0,1
97731,0,0,0,0,0,0,0,0,1
97732,0,0,0,0,0,0,0,0,1
97733,0,0,0,0,0,0,0,0,1
97734,0,0,0,0,0,0,0,0,1
97735,0,0,0,0,0,0,0,0,1
97736,0,0,0,0,0,0,0,0,1
97737,0,0,0,0,0,0,0,0,1
97738,0,0,0,0,0,0,0,0,1
97739,0,0,0,0,0,0,0,0,1
97740,0,0,0,0,0,0,0,0,1
97741,0,0,0,0,0,0,0,0,1
97742,0,0,0,0,0,0,0,0,1
97743,0,0,0,0,0,0,0,0,1
97744,0,0,0,0,0,0,0,0,1
97745,0,0,0,0,0,0,0,0,1
97746,0,0,0,0,0,0,0,0,1
97747,0,0,0,0,0,0,0,0,1
97748,0,0,0,0,0,0,0,0,1
97749,0,0,0,0,0,0,0,0,1
97750,0,0,0,0,0,0,0,0,1
97751,0,0,0,0,0,0,0,0,1
97752,0,0,0,0,0,0,0,0,1
97753,0,0,0,0,0,0,0,0,1
97754,0,0,0,0,0,0,0,0,1
97755,0,0,0,0,0,0,0,0,1
97756,0,0,0,0,0,0,0,0,1
97757,0,0,0,0,0,0,0,0,1
97758,0,0,0,0,0,0,0,0,1
97759,0,0,0,0,0,0,0,0,1
97760,0,0,0,0,0,0,0,0,1
97761,0,0,0,0,0,0,0,0,1
97762,0,0,0,0,0,0,0,0,1
97763,0,0,0,0,0,0,0,0,1
97764,0,0,0,0,0,0,0,0,1
97765,0,0,0,0,0,0,0,0,1
97766,0,0,0,0,0,0,0,0,1
97767,0,0,0,0,0,0,0,0,1
97768,0,0,0,0,0,0,0,0,1
97769,0,0,0,0,0,0,0,0,1
97770,0,0,0,0,0,0,0,0,1
97771,0,0,0,0,0,0,0,0,1
97772,0,0,0,0,0,0,0,0,1
97773,0,0,0,0,0,0,0,0,1
97774,0,0,0,0,0,0,0,0,1
97775,0,0,0,0,0,0,0,0,1
97776,0,0,0,0,0,0,0,0,1
97777,0,0,0,0,0,0,0,0,1
97778,0,0,0,0,0,0,0,0,1
97779,0,0,0,0,0,0,0,0,1
97780,0,0,0,0,0,0,0,0,1
97781,0,0,0,0,0,0,0,0,1
97782,0,0,0,0,0,0,0,0,1
97783,0,0,0,0,0,0,0,0,1
97784,0,0,0,0,0,0,0,0,1
97785,0,0,0,0,0,0,0,0,1
97786,0,0,0,0,0,0,0,0,1
97787,0,0,0,0,0,0,0,0,1
97788,0,0,0,0,0,0,0,0,1
97789,0,0,0,0,0,0,0,0,1
97790,0,0,0,0,0,0,0,0,1
97791,0,0,0,0,0,0,0,0,1
97792,0,0,0,0,0,0,0,0,1
97793,0,0,0,0,0,0,0,0,1
97794,0,0,0,0,0,0,0,0,1
97795,0,0,0,0,0,0,0,0,1
97796,0,0,0,0,0,0,0,0,1
97797,0,0,0,0,0,0,0,0,1
97798,0,0,0,0,0,0,0,0,1
97799,0,0,0,0,0,0,0,0,1
97800,0,0,0,0,0,0,0,0,1
97801,0,0,0,0,0,0,0,0,1
97802,0,0,0,0,0,0,0,0,1
97803,0,0,0,0,0,0,0,0,1
97804,0,0,0,0,0,0,0,0,1
97805,0,0,0,0,0,0,0,0,1
97806,0,0,0,0,0,0,0,0,1
97807,0,0,0,0,0,0,0,0,1
97808,0,0,0,0,0,0,0,0,1
97809,0,0,0,0,0,0,0,0,1
97810,0,0,0,0,0,0,0,0,1
97811,0,0,0,0,0,0,0,0,1
97812,0,0,0,0,0,0,0,0,1
97813,0,0,0,0,0,0,0,0,1
97814,0,0,0,0,0,0,0,0,1
97815,0,0,0,0,0,0,0,0,1
97816,0,0,0,0,0,0,0,0,1
97817,0,0,0,0,0,0,0,0,1
97818,0,0,0,0,0,0,0,0,1
97819,0,0,0,0,0,0,0,0,1
97820,0,0,0,0,0,0,0,0,1
97821,0,0,0,0,0,0,0,0,1
97822,0,0,0,0,0,0,0,0,1
97823,0,0,0,0,0,0,0,0,1
97824,0,0,0,0,0,0,0,0,1
97825,0,0,0,0,0,0,0,0,1
97826,0,0,0,0,0,0,0,0,1
97827,0,0,0,0,0,0,0,0,1
97828,0,0,0,0,0,0,0,0,1
97829,0,0,0,0,0,0,0,0,1
97830,0,0,0,0,0,0,0,0,1
97831,0,0,0,0,0,0,0,0,1
97832,0,0,0,0,0,0,0,0,1
97833,0,0,0,0,0,0,0,0,1
97834,0,0,0,0,0,0,0,0,1
97835,0,0,0,0,0,0,0,0,1
97836,0,0,0,0,0,0,0,0,1
97837,0,0,0,0,0,0,0,0,1
97838,0,0,0,0,0,0,0,0,1
97839,0,0,0,0,0,0,0,0,1
97840,0,0,0,0,0,0,0,0,1
97841,0,0,0,0,0,0,0,0,1
97842,0,0,0,0,0,0,0,0,1
97843,0,0,0,0,0,0,0,0,1
97844,0,0,0,0,0,0,0,0,1
97845,0,0,0,0,0,0,0,0,1
97846,0,0,0,0,0,0,0,0,1
97847,0,0,0,0,0,0,0,0,1
97848,0,0,0,0,0,0,0,0,1
97849,0,0,0,0,0,0,0,0,1
97850,0,0,0,0,0,0,0,0,1
97851,0,0,0,0,0,0,0,0,1
97852,0,0,0,0,0,0,0,0,1
97853,0,0,0,0,0,0,0,0,1
97854,0,0,0,0,0,0,0,0,1
97855,0,0,0,0,0,0,0,0,1
97856,0,0,0,0,0,0,0,0,1
97857,0,0,0,0,0,0,0,0,1
97858,0,0,0,0,0,0,0,0,1
97859,0,0,0,0,0,0,0,0,1
97860,0,0,0,0,0,0,0,0,1
97861,0,0,0,0,0,0,0,0,1
97862,0,0,0,0,0,0,0,0,1
97863,0,0,0,0,0,0,0,0,1
97864,0,0,0,0,0,0,0,0,1
97865,0,0,0,0,0,0,0,0,1
97866,0,0,0,0,0,0,0,0,1
97867,0,0,0,0,0,0,0,0,1
97868,0,0,0,0,0,0,0,0,1
97869,0,0,0,0,0,0,0,0,1
97870,0,0,0,0,0,0,0,0,1
97871,0,0,0,0,0,0,0,0,1
97872,0,0,0,0,0,0,0,0,1
97873,0,0,0,0,0,0,0,0,1
97874,0,0,0,0,0,0,0,0,1
97875,0,0,0,0,0,0,0,0,1
97876,0,0,0,0,0,0,0,0,1
97877,0,0,0,0,0,0,0,0,1
97878,0,0,0,0,0,0,0,0,1
97879,0,0,0,0,0,0,0,0,1
97880,0,0,0,0,0,0,0,0,1
97881,0,0,0,0,0,0,0,0,1
97882,0,0,0,0,0,0,0,0,1
97883,0,0,0,0,0,0,0,0,1
97884,0,0,0,0,0,0,0,0,1
97885,0,0,0,0,0,0,0,0,1
97886,0,0,0,0,0,0,0,0,1
97887,0,0,0,0,0,0,0,0,1
97888,0,0,0,0,0,0,0,0,1
97889,0,0,0,0,0,0,0,0,1
97890,0,0,0,0,0,0,0,0,1
97891,0,0,0,0,0,0,0,0,1
97892,0,0,0,0,0,0,0,0,1
97893,0,0,0,0,0,0,0,0,1
97894,0,0,0,0,0,0,0,0,1
97895,0,0,0,0,0,0,0,0,1
97896,0,0,0,0,0,0,0,0,1
97897,0,0,0,0,0,0,0,0,1
97898,0,0,0,0,0,0,0,0,1
97899,0,0,0,0,0,0,0,0,1
97900,0,0,0,0,0,0,0,0,1
97901,0,0,0,0,0,0,0,0,1
97902,0,0,0,0,0,0,0,0,1
97903,0,0,0,0,0,0,0,0,1
97904,0,0,0,0,0,0,0,0,1
97905,0,0,0,0,0,0,0,0,1
97906,0,0,0,0,0,0,0,0,1
97907,0,0,0,0,0,0,0,0,1
97908,0,0,0,0,0,0,0,0,1
97909,0,0,0,0,0,0,0,0,1
97910,0,0,0,0,0,0,0,0,1
97911,0,0,0,0,0,0,0,0,1
97912,0,0,0,0,0,0,0,0,1
97913,0,0,0,0,0,0,0,0,1
97914,0,0,0,0,0,0,0,0,1
97915,0,0,0,0,0,0,0,0,1
97916,0,0,0,0,0,0,0,0,1
97917,0,0,0,0,0,0,0,0,1
97918,0,0,0,0,0,0,0,0,1
97919,0,0,0,0,0,0,0,0,1
97920,0,0,0,0,0,0,0,0,1
97921,0,0,0,0,0,0,0,0,1
97922,0,0,0,0,0,0,0,0,1
97923,0,0,0,0,0,0,0,0,1
97924,0,0,0,0,0,0,0,0,1
97925,0,0,0,0,0,0,0,0,1
97926,0,0,0,0,0,0,0,0,1
97927,0,0,0,0,0,0,0,0,1
97928,0,0,0,0,0,0,0,0,1
97929,0,0,0,0,0,0,0,0,1
97930,0,0,0,0,0,0,0,0,1
97931,0,0,0,0,0,0,0,0,1
97932,0,0,0,0,0,0,0,0,1
97933,0,0,0,0,0,0,0,0,1
97934,0,0,0,0,0,0,0,0,1
97935,0,0,0,0,0,0,0,0,1
97936,0,0,0,0,0,0,0,0,1
97937,0,0,0,0,0,0,0,0,1
97938,0,0,0,0,0,0,0,0,1
97939,0,0,0,0,0,0,0,0,1
97940,0,0,0,0,0,0,0,0,1
97941,0,0,0,0,0,0,0,0,1
97942,0,0,0,0,0,0,0,0,1
97943,0,0,0,0,0,0,0,0,1
97944,0,0,0,0,0,0,0,0,1
97945,0,0,0,0,0,0,0,0,1
97946,0,0,0,0,0,0,0,0,1
97947,0,0,0,0,0,0,0,0,1
97948,0,0,0,0,0,0,0,0,1
97949,0,0,0,0,0,0,0,0,1
97950,0,0,0,0,0,0,0,0,1
97951,0,0,0,0,0,0,0,0,1
97952,0,0,0,0,0,0,0,0,1
97953,0,0,0,0,0,0,0,0,1
97954,0,0,0,0,0,0,0,0,1
97955,0,0,0,0,0,0,0,0,1
97956,0,0,0,0,0,0,0,0,1
97957,0,0,0,0,0,0,0,0,1
97958,0,0,0,0,0,0,0,0,1
97959,0,0,0,0,0,0,0,0,1
97960,0,0,0,0,0,0,0,0,1
97961,0,0,0,0,0,0,0,0,1
97962,0,0,0,0,0,0,0,0,1
97963,0,0,0,0,0,0,0,0,1
97964,0,0,0,0,0,0,0,0,1
97965,0,0,0,0,0,0,0,0,1
97966,0,0,0,0,0,0,0,0,1
97967,0,0,0,0,0,0,0,0,1
97968,0,0,0,0,0,0,0,0,1
97969,0,0,0,0,0,0,0,0,1
97970,0,0,0,0,0,0,0,0,1
97971,0,0,0,0,0,0,0,0,1
97972,0,0,0,0,0,0,0,0,1
97973,0,0,0,0,0,0,0,0,1
97974,0,0,0,0,0,0,0,0,1
97975,0,0,0,0,0,0,0,0,1
97976,0,0,0,0,0,0,0,0,1
97977,0,0,0,0,0,0,0,0,1
97978,0,0,0,0,0,0,0,0,1
97979,0,0,0,0,0,0,0,0,1
97980,0,0,0,0,0,0,0,0,1
97981,0,0,0,0,0,0,0,0,1
97982,0,0,0,0,0,0,0,0,1
97983,0,0,0,0,0,0,0,0,1
97984,0,0,0,0,0,0,0,0,1
97985,0,0,0,0,0,0,0,0,1
97986,0,0,0,0,0,0,0,0,1
97987,0,0,0,0,0,0,0,0,1
97988,0,0,0,0,0,0,0,0,1
97989,0,0,0,0,0,0,0,0,1
97990,0,0,0,0,0,0,0,0,1
97991,0,0,0,0,0,0,0,0,1
97992,0,0,0,0,0,0,0,0,1
97993,0,0,0,0,0,0,0,0,1
97994,0,0,0,0,0,0,0,0,1
97995,0,0,0,0,0,0,0,0,1
97996,0,0,0,0,0,0,0,0,1
97997,0,0,0,0,0,0,0,0,1
97998,0,0,0,0,0,0,0,0,1
97999,0,0,0,0,0,0,0,0,1
98000,0,0,0,0,0,0,0,0,1
98001,0,0,0,0,0,0,0,0,1
98002,0,0,0,0,0,0,0,0,1
98003,0,0,0,0,0,0,0,0,1
98004,0,0,0,0,0,0,0,0,1
98005,0,0,0,0,0,0,0,0,1
98006,0,0,0,0,0,0,0,0,1
98007,0,0,0,0,0,0,0,0,1
98008,0,0,0,0,0,0,0,0,1
98009,0,0,0,0,0,0,0,0,1
98010,0,0,0,0,0,0,0,0,1
98011,0,0,0,0,0,0,0,0,1
98012,0,0,0,0,0,0,0,0,1
98013,0,0,0,0,0,0,0,0,1
98014,0,0,0,0,0,0,0,0,1
98015,0,0,0,0,0,0,0,0,1
98016,0,0,0,0,0,0,0,0,1
98017,0,0,0,0,0,0,0,0,1
98018,0,0,0,0,0,0,0,0,1
98019,0,0,0,0,0,0,0,0,1
98020,0,0,0,0,0,0,0,0,1
98021,0,0,0,0,0,0,0,0,1
98022,0,0,0,0,0,0,0,0,1
98023,0,0,0,0,0,0,0,0,1
98024,0,0,0,0,0,0,0,0,1
98025,0,0,0,0,0,0,0,0,1
98026,0,0,0,0,0,0,0,0,1
98027,0,0,0,0,0,0,0,0,1
98028,0,0,0,0,0,0,0,0,1
98029,0,0,0,0,0,0,0,0,1
98030,0,0,0,0,0,0,0,0,1
98031,0,0,0,0,0,0,0,0,1
98032,0,0,0,0,0,0,0,0,1
98033,0,0,0,0,0,0,0,0,1
98034,0,0,0,0,0,0,0,0,1
98035,0,0,0,0,0,0,0,0,1
98036,0,0,0,0,0,0,0,0,1
98037,0,0,0,0,0,0,0,0,1
98038,0,0,0,0,0,0,0,0,1
98039,0,0,0,0,0,0,0,0,1
98040,0,0,0,0,0,0,0,0,1
98041,0,0,0,0,0,0,0,0,1
98042,0,0,0,0,0,0,0,0,1
98043,0,0,0,0,0,0,0,0,1
98044,0,0,0,0,0,0,0,0,1
98045,0,0,0,0,0,0,0,0,1
98046,0,0,0,0,0,0,0,0,1
98047,0,0,0,0,0,0,0,0,1
98048,0,0,0,0,0,0,0,0,1
98049,0,0,0,0,0,0,0,0,1
98050,0,0,0,0,0,0,0,0,1
98051,0,0,0,0,0,0,0,0,1
98052,0,0,0,0,0,0,0,0,1
98053,0,0,0,0,0,0,0,0,1
98054,0,0,0,0,0,0,0,0,1
98055,0,0,0,0,0,0,0,0,1
98056,0,0,0,0,0,0,0,0,1
98057,0,0,0,0,0,0,0,0,1
98058,0,0,0,0,0,0,0,0,1
98059,0,0,0,0,0,0,0,0,1
98060,0,0,0,0,0,0,0,0,1
98061,0,0,0,0,0,0,0,0,1
98062,0,0,0,0,0,0,0,0,1
98063,0,0,0,0,0,0,0,0,1
98064,0,0,0,0,0,0,0,0,1
98065,0,0,0,0,0,0,0,0,1
98066,0,0,0,0,0,0,0,0,1
98067,0,0,0,0,0,0,0,0,1
98068,0,0,0,0,0,0,0,0,1
98069,0,0,0,0,0,0,0,0,1
98070,0,0,0,0,0,0,0,0,1
98071,0,0,0,0,0,0,0,0,1
98072,0,0,0,0,0,0,0,0,1
98073,0,0,0,0,0,0,0,0,1
98074,0,0,0,0,0,0,0,0,1
98075,0,0,0,0,0,0,0,0,1
98076,0,0,0,0,0,0,0,0,1
98077,0,0,0,0,0,0,0,0,1
98078,0,0,0,0,0,0,0,0,1
98079,0,0,0,0,0,0,0,0,1
98080,0,0,0,0,0,0,0,0,1
98081,0,0,0,0,0,0,0,0,1
98082,0,0,0,0,0,0,0,0,1
98083,0,0,0,0,0,0,0,0,1
98084,0,0,0,0,0,0,0,0,1
98085,0,0,0,0,0,0,0,0,1
98086,0,0,0,0,0,0,0,0,1
98087,0,0,0,0,0,0,0,0,1
98088,0,0,0,0,0,0,0,0,1
98089,0,0,0,0,0,0,0,0,1
98090,0,0,0,0,0,0,0,0,1
98091,0,0,0,0,0,0,0,0,1
98092,0,0,0,0,0,0,0,0,1
98093,0,0,0,0,0,0,0,0,1
98094,0,0,0,0,0,0,0,0,1
98095,0,0,0,0,0,0,0,0,1
98096,0,0,0,0,0,0,0,0,1
98097,0,0,0,0,0,0,0,0,1
98098,0,0,0,0,0,0,0,0,1
98099,0,0,0,0,0,0,0,0,1
98100,0,0,0,0,0,0,0,0,1
98101,0,0,0,0,0,0,0,0,1
98102,0,0,0,0,0,0,0,0,1
98103,0,0,0,0,0,0,0,0,1
98104,0,0,0,0,0,0,0,0,1
98105,0,0,0,0,0,0,0,0,1
98106,0,0,0,0,0,0,0,0,1
98107,0,0,0,0,0,0,0,0,1
98108,0,0,0,0,0,0,0,0,1
98109,0,0,0,0,0,0,0,0,1
98110,0,0,0,0,0,0,0,0,1
98111,0,0,0,0,0,0,0,0,1
98112,0,0,0,0,0,0,0,0,1
98113,0,0,0,0,0,0,0,0,1
98114,0,0,0,0,0,0,0,0,1
98115,0,0,0,0,0,0,0,0,1
98116,0,0,0,0,0,0,0,0,1
98117,0,0,0,0,0,0,0,0,1
98118,0,0,0,0,0,0,0,0,1
98119,0,0,0,0,0,0,0,0,1
98120,0,0,0,0,0,0,0,0,1
98121,0,0,0,0,0,0,0,0,1
98122,0,0,0,0,0,0,0,0,1
98123,0,0,0,0,0,0,0,0,1
98124,0,0,0,0,0,0,0,0,1
98125,0,0,0,0,0,0,0,0,1
98126,0,0,0,0,0,0,0,0,1
98127,0,0,0,0,0,0,0,0,1
98128,0,0,0,0,0,0,0,0,1
98129,0,0,0,0,0,0,0,0,1
98130,0,0,0,0,0,0,0,0,1
98131,0,0,0,0,0,0,0,0,1
98132,0,0,0,0,0,0,0,0,1
98133,0,0,0,0,0,0,0,0,1
98134,0,0,0,0,0,0,0,0,1
98135,0,0,0,0,0,0,0,0,1
98136,0,0,0,0,0,0,0,0,1
98137,0,0,0,0,0,0,0,0,1
98138,0,0,0,0,0,0,0,0,1
98139,0,0,0,0,0,0,0,0,1
98140,0,0,0,0,0,0,0,0,1
98141,0,0,0,0,0,0,0,0,1
98142,0,0,0,0,0,0,0,0,1
98143,0,0,0,0,0,0,0,0,1
98144,0,0,0,0,0,0,0,0,1
98145,0,0,0,0,0,0,0,0,1
98146,0,0,0,0,0,0,0,0,1
98147,0,0,0,0,0,0,0,0,1
98148,0,0,0,0,0,0,0,0,1
98149,0,0,0,0,0,0,0,0,1
98150,0,0,0,0,0,0,0,0,1
98151,0,0,0,0,0,0,0,0,1
98152,0,0,0,0,0,0,0,0,1
98153,0,0,0,0,0,0,0,0,1
98154,0,0,0,0,0,0,0,0,1
98155,0,0,0,0,0,0,0,0,1
98156,0,0,0,0,0,0,0,0,1
98157,0,0,0,0,0,0,0,0,1
98158,0,0,0,0,0,0,0,0,1
98159,0,0,0,0,0,0,0,0,1
98160,0,0,0,0,0,0,0,0,1
98161,0,0,0,0,0,0,0,0,1
98162,0,0,0,0,0,0,0,0,1
98163,0,0,0,0,0,0,0,0,1
98164,0,0,0,0,0,0,0,0,1
98165,0,0,0,0,0,0,0,0,1
98166,0,0,0,0,0,0,0,0,1
98167,0,0,0,0,0,0,0,0,1
98168,0,0,0,0,0,0,0,0,1
98169,0,0,0,0,0,0,0,0,1
98170,0,0,0,0,0,0,0,0,1
98171,0,0,0,0,0,0,0,0,1
98172,0,0,0,0,0,0,0,0,1
98173,0,0,0,0,0,0,0,0,1
98174,0,0,0,0,0,0,0,0,1
98175,0,0,0,0,0,0,0,0,1
98176,0,0,0,0,0,0,0,0,1
98177,0,0,0,0,0,0,0,0,1
98178,0,0,0,0,0,0,0,0,1
98179,0,0,0,0,0,0,0,0,1
98180,0,0,0,0,0,0,0,0,1
98181,0,0,0,0,0,0,0,0,1
98182,0,0,0,0,0,0,0,0,1
98183,0,0,0,0,0,0,0,0,1
98184,0,0,0,0,0,0,0,0,1
98185,0,0,0,0,0,0,0,0,1
98186,0,0,0,0,0,0,0,0,1
98187,0,0,0,0,0,0,0,0,1
98188,0,0,0,0,0,0,0,0,1
98189,0,0,0,0,0,0,0,0,1
98190,0,0,0,0,0,0,0,0,1
98191,0,0,0,0,0,0,0,0,1
98192,0,0,0,0,0,0,0,0,1
98193,0,0,0,0,0,0,0,0,1
98194,0,0,0,0,0,0,0,0,1
98195,0,0,0,0,0,0,0,0,1
98196,0,0,0,0,0,0,0,0,1
98197,0,0,0,0,0,0,0,0,1
98198,0,0,0,0,0,0,0,0,1
98199,0,0,0,0,0,0,0,0,1
98200,0,0,0,0,0,0,0,0,1
98201,0,0,0,0,0,0,0,0,1
98202,0,0,0,0,0,0,0,0,1
98203,0,0,0,0,0,0,0,0,1
98204,0,0,0,0,0,0,0,0,1
98205,0,0,0,0,0,0,0,0,1
98206,0,0,0,0,0,0,0,0,1
98207,0,0,0,0,0,0,0,0,1
98208,0,0,0,0,0,0,0,0,1
98209,0,0,0,0,0,0,0,0,1
98210,0,0,0,0,0,0,0,0,1
98211,0,0,0,0,0,0,0,0,1
98212,0,0,0,0,0,0,0,0,1
98213,0,0,0,0,0,0,0,0,1
98214,0,0,0,0,0,0,0,0,1
98215,0,0,0,0,0,0,0,0,1
98216,0,0,0,0,0,0,0,0,1
98217,0,0,0,0,0,0,0,0,1
98218,0,0,0,0,0,0,0,0,1
98219,0,0,0,0,0,0,0,0,1
98220,0,0,0,0,0,0,0,0,1
98221,0,0,0,0,0,0,0,0,1
98222,0,0,0,0,0,0,0,0,1
98223,0,0,0,0,0,0,0,0,1
98224,0,0,0,0,0,0,0,0,1
98225,0,0,0,0,0,0,0,0,1
98226,0,0,0,0,0,0,0,0,1
98227,0,0,0,0,0,0,0,0,1
98228,0,0,0,0,0,0,0,0,1
98229,0,0,0,0,0,0,0,0,1
98230,0,0,0,0,0,0,0,0,1
98231,0,0,0,0,0,0,0,0,1
98232,0,0,0,0,0,0,0,0,1
98233,0,0,0,0,0,0,0,0,1
98234,0,0,0,0,0,0,0,0,1
98235,0,0,0,0,0,0,0,0,1
98236,0,0,0,0,0,0,0,0,1
98237,0,0,0,0,0,0,0,0,1
98238,0,0,0,0,0,0,0,0,1
98239,0,0,0,0,0,0,0,0,1
98240,0,0,0,0,0,0,0,0,1
98241,0,0,0,0,0,0,0,0,1
98242,0,0,0,0,0,0,0,0,1
98243,0,0,0,0,0,0,0,0,1
98244,0,0,0,0,0,0,0,0,1
98245,0,0,0,0,0,0,0,0,1
98246,0,0,0,0,0,0,0,0,1
98247,0,0,0,0,0,0,0,0,1
98248,0,0,0,0,0,0,0,0,1
98249,0,0,0,0,0,0,0,0,1
98250,0,0,0,0,0,0,0,0,1
98251,0,0,0,0,0,0,0,0,1
98252,0,0,0,0,0,0,0,0,1
98253,0,0,0,0,0,0,0,0,1
98254,0,0,0,0,0,0,0,0,1
98255,0,0,0,0,0,0,0,0,1
98256,0,0,0,0,0,0,0,0,1
98257,0,0,0,0,0,0,0,0,1
98258,0,0,0,0,0,0,0,0,1
98259,0,0,0,0,0,0,0,0,1
98260,0,0,0,0,0,0,0,0,1
98261,0,0,0,0,0,0,0,0,1
98262,0,0,0,0,0,0,0,0,1
98263,0,0,0,0,0,0,0,0,1
98264,0,0,0,0,0,0,0,0,1
98265,0,0,0,0,0,0,0,0,1
98266,0,0,0,0,0,0,0,0,1
98267,0,0,0,0,0,0,0,0,1
98268,0,0,0,0,0,0,0,0,1
98269,0,0,0,0,0,0,0,0,1
98270,0,0,0,0,0,0,0,0,1
98271,0,0,0,0,0,0,0,0,1
98272,0,0,0,0,0,0,0,0,1
98273,0,0,0,0,0,0,0,0,1
98274,0,0,0,0,0,0,0,0,1
98275,0,0,0,0,0,0,0,0,1
98276,0,0,0,0,0,0,0,0,1
98277,0,0,0,0,0,0,0,0,1
98278,0,0,0,0,0,0,0,0,1
98279,0,0,0,0,0,0,0,0,1
98280,0,0,0,0,0,0,0,0,1
98281,0,0,0,0,0,0,0,0,1
98282,0,0,0,0,0,0,0,0,1
98283,0,0,0,0,0,0,0,0,1
98284,0,0,0,0,0,0,0,0,1
98285,0,0,0,0,0,0,0,0,1
98286,0,0,0,0,0,0,0,0,1
98287,0,0,0,0,0,0,0,0,1
98288,0,0,0,0,0,0,0,0,1
98289,0,0,0,0,0,0,0,0,1
98290,0,0,0,0,0,0,0,0,1
98291,0,0,0,0,0,0,0,0,1
98292,0,0,0,0,0,0,0,0,1
98293,0,0,0,0,0,0,0,0,1
98294,0,0,0,0,0,0,0,0,1
98295,0,0,0,0,0,0,0,0,1
98296,0,0,0,0,0,0,0,0,1
98297,0,0,0,0,0,0,0,0,1
98298,0,0,0,0,0,0,0,0,1
98299,0,0,0,0,0,0,0,0,1
98300,0,0,0,0,0,0,0,0,1
98301,0,0,0,0,0,0,0,0,1
98302,0,0,0,0,0,0,0,0,1
98303,0,0,0,0,0,0,0,0,1
98304,0,0,0,0,0,0,0,0,1
98305,0,0,0,0,0,0,0,0,1
98306,0,0,0,0,0,0,0,0,1
98307,0,0,0,0,0,0,0,0,1
98308,0,0,0,0,0,0,0,0,1
98309,0,0,0,0,0,0,0,0,1
98310,0,0,0,0,0,0,0,0,1
98311,0,0,0,0,0,0,0,0,1
98312,0,0,0,0,0,0,0,0,1
98313,0,0,0,0,0,0,0,0,1
98314,0,0,0,0,0,0,0,0,1
98315,0,0,0,0,0,0,0,0,1
98316,0,0,0,0,0,0,0,0,1
98317,0,0,0,0,0,0,0,0,1
98318,0,0,0,0,0,0,0,0,1
98319,0,0,0,0,0,0,0,0,1
98320,0,0,0,0,0,0,0,0,1
98321,0,0,0,0,0,0,0,0,1
98322,0,0,0,0,0,0,0,0,1
98323,0,0,0,0,0,0,0,0,1
98324,0,0,0,0,0,0,0,0,1
98325,0,0,0,0,0,0,0,0,1
98326,0,0,0,0,0,0,0,0,1
98327,0,0,0,0,0,0,0,0,1
98328,0,0,0,0,0,0,0,0,1
98329,0,0,0,0,0,0,0,0,1
98330,0,0,0,0,0,0,0,0,1
98331,0,0,0,0,0,0,0,0,1
98332,0,0,0,0,0,0,0,0,1
98333,0,0,0,0,0,0,0,0,1
98334,0,0,0,0,0,0,0,0,1
98335,0,0,0,0,0,0,0,0,1
98336,0,0,0,0,0,0,0,0,1
98337,0,0,0,0,0,0,0,0,1
98338,0,0,0,0,0,0,0,0,1
98339,0,0,0,0,0,0,0,0,1
98340,0,0,0,0,0,0,0,0,1
98341,0,0,0,0,0,0,0,0,1
98342,0,0,0,0,0,0,0,0,1
98343,0,0,0,0,0,0,0,0,1
98344,0,0,0,0,0,0,0,0,1
98345,0,0,0,0,0,0,0,0,1
98346,0,0,0,0,0,0,0,0,1
98347,0,0,0,0,0,0,0,0,1
98348,0,0,0,0,0,0,0,0,1
98349,0,0,0,0,0,0,0,0,1
98350,0,0,0,0,0,0,0,0,1
98351,0,0,0,0,0,0,0,0,1
98352,0,0,0,0,0,0,0,0,1
98353,0,0,0,0,0,0,0,0,1
98354,0,0,0,0,0,0,0,0,1
98355,0,0,0,0,0,0,0,0,1
98356,0,0,0,0,0,0,0,0,1
98357,0,0,0,0,0,0,0,0,1
98358,0,0,0,0,0,0,0,0,1
98359,0,0,0,0,0,0,0,0,1
98360,0,0,0,0,0,0,0,0,1
98361,0,0,0,0,0,0,0,0,1
98362,0,0,0,0,0,0,0,0,1
98363,0,0,0,0,0,0,0,0,1
98364,0,0,0,0,0,0,0,0,1
98365,0,0,0,0,0,0,0,0,1
98366,0,0,0,0,0,0,0,0,1
98367,0,0,0,0,0,0,0,0,1
98368,0,0,0,0,0,0,0,0,1
98369,0,0,0,0,0,0,0,0,1
98370,0,0,0,0,0,0,0,0,1
98371,0,0,0,0,0,0,0,0,1
98372,0,0,0,0,0,0,0,0,1
98373,0,0,0,0,0,0,0,0,1
98374,0,0,0,0,0,0,0,0,1
98375,0,0,0,0,0,0,0,0,1
98376,0,0,0,0,0,0,0,0,1
98377,0,0,0,0,0,0,0,0,1
98378,0,0,0,0,0,0,0,0,1
98379,0,0,0,0,0,0,0,0,1
98380,0,0,0,0,0,0,0,0,1
98381,0,0,0,0,0,0,0,0,1
98382,0,0,0,0,0,0,0,0,1
98383,0,0,0,0,0,0,0,0,1
98384,0,0,0,0,0,0,0,0,1
98385,0,0,0,0,0,0,0,0,1
98386,0,0,0,0,0,0,0,0,1
98387,0,0,0,0,0,0,0,0,1
98388,0,0,0,0,0,0,0,0,1
98389,0,0,0,0,0,0,0,0,1
98390,0,0,0,0,0,0,0,0,1
98391,0,0,0,0,0,0,0,0,1
98392,0,0,0,0,0,0,0,0,1
98393,0,0,0,0,0,0,0,0,1
98394,0,0,0,0,0,0,0,0,1
98395,0,0,0,0,0,0,0,0,1
98396,0,0,0,0,0,0,0,0,1
98397,0,0,0,0,0,0,0,0,1
98398,0,0,0,0,0,0,0,0,1
98399,0,0,0,0,0,0,0,0,1
98400,0,0,0,0,0,0,0,0,1
98401,0,0,0,0,0,0,0,0,1
98402,0,0,0,0,0,0,0,0,1
98403,0,0,0,0,0,0,0,0,1
98404,0,0,0,0,0,0,0,0,1
98405,0,0,0,0,0,0,0,0,1
98406,0,0,0,0,0,0,0,0,1
98407,0,0,0,0,0,0,0,0,1
98408,0,0,0,0,0,0,0,0,1
98409,0,0,0,0,0,0,0,0,1
98410,0,0,0,0,0,0,0,0,1
98411,0,0,0,0,0,0,0,0,1
98412,0,0,0,0,0,0,0,0,1
98413,0,0,0,0,0,0,0,0,1
98414,0,0,0,0,0,0,0,0,1
98415,0,0,0,0,0,0,0,0,1
98416,0,0,0,0,0,0,0,0,1
98417,0,0,0,0,0,0,0,0,1
98418,0,0,0,0,0,0,0,0,1
98419,0,0,0,0,0,0,0,0,1
98420,0,0,0,0,0,0,0,0,1
98421,0,0,0,0,0,0,0,0,1
98422,0,0,0,0,0,0,0,0,1
98423,0,0,0,0,0,0,0,0,1
98424,0,0,0,0,0,0,0,0,1
98425,0,0,0,0,0,0,0,0,1
98426,0,0,0,0,0,0,0,0,1
98427,0,0,0,0,0,0,0,0,1
98428,0,0,0,0,0,0,0,0,1
98429,0,0,0,0,0,0,0,0,1
98430,0,0,0,0,0,0,0,0,1
98431,0,0,0,0,0,0,0,0,1
98432,0,0,0,0,0,0,0,0,1
98433,0,0,0,0,0,0,0,0,1
98434,0,0,0,0,0,0,0,0,1
98435,0,0,0,0,0,0,0,0,1
98436,0,0,0,0,0,0,0,0,1
98437,0,0,0,0,0,0,0,0,1
98438,0,0,0,0,0,0,0,0,1
98439,0,0,0,0,0,0,0,0,1
98440,0,0,0,0,0,0,0,0,1
98441,0,0,0,0,0,0,0,0,1
98442,0,0,0,0,0,0,0,0,1
98443,0,0,0,0,0,0,0,0,1
98444,0,0,0,0,0,0,0,0,1
98445,0,0,0,0,0,0,0,0,1
98446,0,0,0,0,0,0,0,0,1
98447,0,0,0,0,0,0,0,0,1
98448,0,0,0,0,0,0,0,0,1
98449,0,0,0,0,0,0,0,0,1
98450,0,0,0,0,0,0,0,0,1
98451,0,0,0,0,0,0,0,0,1
98452,0,0,0,0,0,0,0,0,1
98453,0,0,0,0,0,0,0,0,1
98454,0,0,0,0,0,0,0,0,1
98455,0,0,0,0,0,0,0,0,1
98456,0,0,0,0,0,0,0,0,1
98457,0,0,0,0,0,0,0,0,1
98458,0,0,0,0,0,0,0,0,1
98459,0,0,0,0,0,0,0,0,1
98460,0,0,0,0,0,0,0,0,1
98461,0,0,0,0,0,0,0,0,1
98462,0,0,0,0,0,0,0,0,1
98463,0,0,0,0,0,0,0,0,1
98464,0,0,0,0,0,0,0,0,1
98465,0,0,0,0,0,0,0,0,1
98466,0,0,0,0,0,0,0,0,1
98467,0,0,0,0,0,0,0,0,1
98468,0,0,0,0,0,0,0,0,1
98469,0,0,0,0,0,0,0,0,1
98470,0,0,0,0,0,0,0,0,1
98471,0,0,0,0,0,0,0,0,1
98472,0,0,0,0,0,0,0,0,1
98473,0,0,0,0,0,0,0,0,1
98474,0,0,0,0,0,0,0,0,1
98475,0,0,0,0,0,0,0,0,1
98476,0,0,0,0,0,0,0,0,1
98477,0,0,0,0,0,0,0,0,1
98478,0,0,0,0,0,0,0,0,1
98479,0,0,0,0,0,0,0,0,1
98480,0,0,0,0,0,0,0,0,1
98481,0,0,0,0,0,0,0,0,1
98482,0,0,0,0,0,0,0,0,1
98483,0,0,0,0,0,0,0,0,1
98484,0,0,0,0,0,0,0,0,1
98485,0,0,0,0,0,0,0,0,1
98486,0,0,0,0,0,0,0,0,1
98487,0,0,0,0,0,0,0,0,1
98488,0,0,0,0,0,0,0,0,1
98489,0,0,0,0,0,0,0,0,1
98490,0,0,0,0,0,0,0,0,1
98491,0,0,0,0,0,0,0,0,1
98492,0,0,0,0,0,0,0,0,1
98493,0,0,0,0,0,0,0,0,1
98494,0,0,0,0,0,0,0,0,1
98495,0,0,0,0,0,0,0,0,1
98496,0,0,0,0,0,0,0,0,1
98497,0,0,0,0,0,0,0,0,1
98498,0,0,0,0,0,0,0,0,1
98499,0,0,0,0,0,0,0,0,1
98500,0,0,0,0,0,0,0,0,1
98501,0,0,0,0,0,0,0,0,1
98502,0,0,0,0,0,0,0,0,1
98503,0,0,0,0,0,0,0,0,1
98504,0,0,0,0,0,0,0,0,1
98505,0,0,0,0,0,0,0,0,1
98506,0,0,0,0,0,0,0,0,1
98507,0,0,0,0,0,0,0,0,1
98508,0,0,0,0,0,0,0,0,1
98509,0,0,0,0,0,0,0,0,1
98510,0,0,0,0,0,0,0,0,1
98511,0,0,0,0,0,0,0,0,1
98512,0,0,0,0,0,0,0,0,1
98513,0,0,0,0,0,0,0,0,1
98514,0,0,0,0,0,0,0,0,1
98515,0,0,0,0,0,0,0,0,1
98516,0,0,0,0,0,0,0,0,1
98517,0,0,0,0,0,0,0,0,1
98518,0,0,0,0,0,0,0,0,1
98519,0,0,0,0,0,0,0,0,1
98520,0,0,0,0,0,0,0,0,1
98521,0,0,0,0,0,0,0,0,1
98522,0,0,0,0,0,0,0,0,1
98523,0,0,0,0,0,0,0,0,1
98524,0,0,0,0,0,0,0,0,1
98525,0,0,0,0,0,0,0,0,1
98526,0,0,0,0,0,0,0,0,1
98527,0,0,0,0,0,0,0,0,1
98528,0,0,0,0,0,0,0,0,1
98529,0,0,0,0,0,0,0,0,1
98530,0,0,0,0,0,0,0,0,1
98531,0,0,0,0,0,0,0,0,1
98532,0,0,0,0,0,0,0,0,1
98533,0,0,0,0,0,0,0,0,1
98534,0,0,0,0,0,0,0,0,1
98535,0,0,0,0,0,0,0,0,1
98536,0,0,0,0,0,0,0,0,1
98537,0,0,0,0,0,0,0,0,1
98538,0,0,0,0,0,0,0,0,1
98539,0,0,0,0,0,0,0,0,1
98540,0,0,0,0,0,0,0,0,1
98541,0,0,0,0,0,0,0,0,1
98542,0,0,0,0,0,0,0,0,1
98543,0,0,0,0,0,0,0,0,1
98544,0,0,0,0,0,0,0,0,1
98545,0,0,0,0,0,0,0,0,1
98546,0,0,0,0,0,0,0,0,1
98547,0,0,0,0,0,0,0,0,1
98548,0,0,0,0,0,0,0,0,1
98549,0,0,0,0,0,0,0,0,1
98550,0,0,0,0,0,0,0,0,1
98551,0,0,0,0,0,0,0,0,1
98552,0,0,0,0,0,0,0,0,1
98553,0,0,0,0,0,0,0,0,1
98554,0,0,0,0,0,0,0,0,1
98555,0,0,0,0,0,0,0,0,1
98556,0,0,0,0,0,0,0,0,1
98557,0,0,0,0,0,0,0,0,1
98558,0,0,0,0,0,0,0,0,1
98559,0,0,0,0,0,0,0,0,1
98560,0,0,0,0,0,0,0,0,1
98561,0,0,0,0,0,0,0,0,1
98562,0,0,0,0,0,0,0,0,1
98563,0,0,0,0,0,0,0,0,1
98564,0,0,0,0,0,0,0,0,1
98565,0,0,0,0,0,0,0,0,1
98566,0,0,0,0,0,0,0,0,1
98567,0,0,0,0,0,0,0,0,1
98568,0,0,0,0,0,0,0,0,1
98569,0,0,0,0,0,0,0,0,1
98570,0,0,0,0,0,0,0,0,1
98571,0,0,0,0,0,0,0,0,1
98572,0,0,0,0,0,0,0,0,1
98573,0,0,0,0,0,0,0,0,1
98574,0,0,0,0,0,0,0,0,1
98575,0,0,0,0,0,0,0,0,1
98576,0,0,0,0,0,0,0,0,1
98577,0,0,0,0,0,0,0,0,1
98578,0,0,0,0,0,0,0,0,1
98579,0,0,0,0,0,0,0,0,1
98580,0,0,0,0,0,0,0,0,1
98581,0,0,0,0,0,0,0,0,1
98582,0,0,0,0,0,0,0,0,1
98583,0,0,0,0,0,0,0,0,1
98584,0,0,0,0,0,0,0,0,1
98585,0,0,0,0,0,0,0,0,1
98586,0,0,0,0,0,0,0,0,1
98587,0,0,0,0,0,0,0,0,1
98588,0,0,0,0,0,0,0,0,1
98589,0,0,0,0,0,0,0,0,1
98590,0,0,0,0,0,0,0,0,1
98591,0,0,0,0,0,0,0,0,1
98592,0,0,0,0,0,0,0,0,1
98593,0,0,0,0,0,0,0,0,1
98594,0,0,0,0,0,0,0,0,1
98595,0,0,0,0,0,0,0,0,1
98596,0,0,0,0,0,0,0,0,1
98597,0,0,0,0,0,0,0,0,1
98598,0,0,0,0,0,0,0,0,1
98599,0,0,0,0,0,0,0,0,1
98600,0,0,0,0,0,0,0,0,1
98601,0,0,0,0,0,0,0,0,1
98602,0,0,0,0,0,0,0,0,1
98603,0,0,0,0,0,0,0,0,1
98604,0,0,0,0,0,0,0,0,1
98605,0,0,0,0,0,0,0,0,1
98606,0,0,0,0,0,0,0,0,1
98607,0,0,0,0,0,0,0,0,1
98608,0,0,0,0,0,0,0,0,1
98609,0,0,0,0,0,0,0,0,1
98610,0,0,0,0,0,0,0,0,1
98611,0,0,0,0,0,0,0,0,1
98612,0,0,0,0,0,0,0,0,1
98613,0,0,0,0,0,0,0,0,1
98614,0,0,0,0,0,0,0,0,1
98615,0,0,0,0,0,0,0,0,1
98616,0,0,0,0,0,0,0,0,1
98617,0,0,0,0,0,0,0,0,1
98618,0,0,0,0,0,0,0,0,1
98619,0,0,0,0,0,0,0,0,1
98620,0,0,0,0,0,0,0,0,1
98621,0,0,0,0,0,0,0,0,1
98622,0,0,0,0,0,0,0,0,1
98623,0,0,0,0,0,0,0,0,1
98624,0,0,0,0,0,0,0,0,1
98625,0,0,0,0,0,0,0,0,1
98626,0,0,0,0,0,0,0,0,1
98627,0,0,0,0,0,0,0,0,1
98628,0,0,0,0,0,0,0,0,1
98629,0,0,0,0,0,0,0,0,1
98630,0,0,0,0,0,0,0,0,1
98631,0,0,0,0,0,0,0,0,1
98632,0,0,0,0,0,0,0,0,1
98633,0,0,0,0,0,0,0,0,1
98634,0,0,0,0,0,0,0,0,1
98635,0,0,0,0,0,0,0,0,1
98636,0,0,0,0,0,0,0,0,1
98637,0,0,0,0,0,0,0,0,1
98638,0,0,0,0,0,0,0,0,1
98639,0,0,0,0,0,0,0,0,1
98640,0,0,0,0,0,0,0,0,1
98641,0,0,0,0,0,0,0,0,1
98642,0,0,0,0,0,0,0,0,1
98643,0,0,0,0,0,0,0,0,1
98644,0,0,0,0,0,0,0,0,1
98645,0,0,0,0,0,0,0,0,1
98646,0,0,0,0,0,0,0,0,1
98647,0,0,0,0,0,0,0,0,1
98648,0,0,0,0,0,0,0,0,1
98649,0,0,0,0,0,0,0,0,1
98650,0,0,0,0,0,0,0,0,1
98651,0,0,0,0,0,0,0,0,1
98652,0,0,0,0,0,0,0,0,1
98653,0,0,0,0,0,0,0,0,1
98654,0,0,0,0,0,0,0,0,1
98655,0,0,0,0,0,0,0,0,1
98656,0,0,0,0,0,0,0,0,1
98657,0,0,0,0,0,0,0,0,1
98658,0,0,0,0,0,0,0,0,1
98659,0,0,0,0,0,0,0,0,1
98660,0,0,0,0,0,0,0,0,1
98661,0,0,0,0,0,0,0,0,1
98662,0,0,0,0,0,0,0,0,1
98663,0,0,0,0,0,0,0,0,1
98664,0,0,0,0,0,0,0,0,1
98665,0,0,0,0,0,0,0,0,1
98666,0,0,0,0,0,0,0,0,1
98667,0,0,0,0,0,0,0,0,1
98668,0,0,0,0,0,0,0,0,1
98669,0,0,0,0,0,0,0,0,1
98670,0,0,0,0,0,0,0,0,1
98671,0,0,0,0,0,0,0,0,1
98672,0,0,0,0,0,0,0,0,1
98673,0,0,0,0,0,0,0,0,1
98674,0,0,0,0,0,0,0,0,1
98675,0,0,0,0,0,0,0,0,1
98676,0,0,0,0,0,0,0,0,1
98677,0,0,0,0,0,0,0,0,1
98678,0,0,0,0,0,0,0,0,1
98679,0,0,0,0,0,0,0,0,1
98680,0,0,0,0,0,0,0,0,1
98681,0,0,0,0,0,0,0,0,1
98682,0,0,0,0,0,0,0,0,1
98683,0,0,0,0,0,0,0,0,1
98684,0,0,0,0,0,0,0,0,1
98685,0,0,0,0,0,0,0,0,1
98686,0,0,0,0,0,0,0,0,1
98687,0,0,0,0,0,0,0,0,1
98688,0,0,0,0,0,0,0,0,1
98689,0,0,0,0,0,0,0,0,1
98690,0,0,0,0,0,0,0,0,1
98691,0,0,0,0,0,0,0,0,1
98692,0,0,0,0,0,0,0,0,1
98693,0,0,0,0,0,0,0,0,1
98694,0,0,0,0,0,0,0,0,1
98695,0,0,0,0,0,0,0,0,1
98696,0,0,0,0,0,0,0,0,1
98697,0,0,0,0,0,0,0,0,1
98698,0,0,0,0,0,0,0,0,1
98699,0,0,0,0,0,0,0,0,1
98700,0,0,0,0,0,0,0,0,1
98701,0,0,0,0,0,0,0,0,1
98702,0,0,0,0,0,0,0,0,1
98703,0,0,0,0,0,0,0,0,1
98704,0,0,0,0,0,0,0,0,1
98705,0,0,0,0,0,0,0,0,1
98706,0,0,0,0,0,0,0,0,1
98707,0,0,0,0,0,0,0,0,1
98708,0,0,0,0,0,0,0,0,1
98709,0,0,0,0,0,0,0,0,1
98710,0,0,0,0,0,0,0,0,1
98711,0,0,0,0,0,0,0,0,1
98712,0,0,0,0,0,0,0,0,1
98713,0,0,0,0,0,0,0,0,1
98714,0,0,0,0,0,0,0,0,1
98715,0,0,0,0,0,0,0,0,1
98716,0,0,0,0,0,0,0,0,1
98717,0,0,0,0,0,0,0,0,1
98718,0,0,0,0,0,0,0,0,1
98719,0,0,0,0,0,0,0,0,1
98720,0,0,0,0,0,0,0,0,1
98721,0,0,0,0,0,0,0,0,1
98722,0,0,0,0,0,0,0,0,1
98723,0,0,0,0,0,0,0,0,1
98724,0,0,0,0,0,0,0,0,1
98725,0,0,0,0,0,0,0,0,1
98726,0,0,0,0,0,0,0,0,1
98727,0,0,0,0,0,0,0,0,1
98728,0,0,0,0,0,0,0,0,1
98729,0,0,0,0,0,0,0,0,1
98730,0,0,0,0,0,0,0,0,1
98731,0,0,0,0,0,0,0,0,1
98732,0,0,0,0,0,0,0,0,1
98733,0,0,0,0,0,0,0,0,1
98734,0,0,0,0,0,0,0,0,1
98735,0,0,0,0,0,0,0,0,1
98736,0,0,0,0,0,0,0,0,1
98737,0,0,0,0,0,0,0,0,1
98738,0,0,0,0,0,0,0,0,1
98739,0,0,0,0,0,0,0,0,1
98740,0,0,0,0,0,0,0,0,1
98741,0,0,0,0,0,0,0,0,1
98742,0,0,0,0,0,0,0,0,1
98743,0,0,0,0,0,0,0,0,1
98744,0,0,0,0,0,0,0,0,1
98745,0,0,0,0,0,0,0,0,1
98746,0,0,0,0,0,0,0,0,1
98747,0,0,0,0,0,0,0,0,1
98748,0,0,0,0,0,0,0,0,1
98749,0,0,0,0,0,0,0,0,1
98750,0,0,0,0,0,0,0,0,1
98751,0,0,0,0,0,0,0,0,1
98752,0,0,0,0,0,0,0,0,1
98753,0,0,0,0,0,0,0,0,1
98754,0,0,0,0,0,0,0,0,1
98755,0,0,0,0,0,0,0,0,1
98756,0,0,0,0,0,0,0,0,1
98757,0,0,0,0,0,0,0,0,1
98758,0,0,0,0,0,0,0,0,1
98759,0,0,0,0,0,0,0,0,1
98760,0,0,0,0,0,0,0,0,1
98761,0,0,0,0,0,0,0,0,1
98762,0,0,0,0,0,0,0,0,1
98763,0,0,0,0,0,0,0,0,1
98764,0,0,0,0,0,0,0,0,1
98765,0,0,0,0,0,0,0,0,1
98766,0,0,0,0,0,0,0,0,1
98767,0,0,0,0,0,0,0,0,1
98768,0,0,0,0,0,0,0,0,1
98769,0,0,0,0,0,0,0,0,1
98770,0,0,0,0,0,0,0,0,1
98771,0,0,0,0,0,0,0,0,1
98772,0,0,0,0,0,0,0,0,1
98773,0,0,0,0,0,0,0,0,1
98774,0,0,0,0,0,0,0,0,1
98775,0,0,0,0,0,0,0,0,1
98776,0,0,0,0,0,0,0,0,1
98777,0,0,0,0,0,0,0,0,1
98778,0,0,0,0,0,0,0,0,1
98779,0,0,0,0,0,0,0,0,1
98780,0,0,0,0,0,0,0,0,1
98781,0,0,0,0,0,0,0,0,1
98782,0,0,0,0,0,0,0,0,1
98783,0,0,0,0,0,0,0,0,1
98784,0,0,0,0,0,0,0,0,1
98785,0,0,0,0,0,0,0,0,1
98786,0,0,0,0,0,0,0,0,1
98787,0,0,0,0,0,0,0,0,1
98788,0,0,0,0,0,0,0,0,1
98789,0,0,0,0,0,0,0,0,1
98790,0,0,0,0,0,0,0,0,1
98791,0,0,0,0,0,0,0,0,1
98792,0,0,0,0,0,0,0,0,1
98793,0,0,0,0,0,0,0,0,1
98794,0,0,0,0,0,0,0,0,1
98795,0,0,0,0,0,0,0,0,1
98796,0,0,0,0,0,0,0,0,1
98797,0,0,0,0,0,0,0,0,1
98798,0,0,0,0,0,0,0,0,1
98799,0,0,0,0,0,0,0,0,1
98800,0,0,0,0,0,0,0,0,1
98801,0,0,0,0,0,0,0,0,1
98802,0,0,0,0,0,0,0,0,1
98803,0,0,0,0,0,0,0,0,1
98804,0,0,0,0,0,0,0,0,1
98805,0,0,0,0,0,0,0,0,1
98806,0,0,0,0,0,0,0,0,1
98807,0,0,0,0,0,0,0,0,1
98808,0,0,0,0,0,0,0,0,1
98809,0,0,0,0,0,0,0,0,1
98810,0,0,0,0,0,0,0,0,1
98811,0,0,0,0,0,0,0,0,1
98812,0,0,0,0,0,0,0,0,1
98813,0,0,0,0,0,0,0,0,1
98814,0,0,0,0,0,0,0,0,1
98815,0,0,0,0,0,0,0,0,1
98816,0,0,0,0,0,0,0,0,1
98817,0,0,0,0,0,0,0,0,1
98818,0,0,0,0,0,0,0,0,1
98819,0,0,0,0,0,0,0,0,1
98820,0,0,0,0,0,0,0,0,1
98821,0,0,0,0,0,0,0,0,1
98822,0,0,0,0,0,0,0,0,1
98823,0,0,0,0,0,0,0,0,1
98824,0,0,0,0,0,0,0,0,1
98825,0,0,0,0,0,0,0,0,1
98826,0,0,0,0,0,0,0,0,1
98827,0,0,0,0,0,0,0,0,1
98828,0,0,0,0,0,0,0,0,1
98829,0,0,0,0,0,0,0,0,1
98830,0,0,0,0,0,0,0,0,1
98831,0,0,0,0,0,0,0,0,1
98832,0,0,0,0,0,0,0,0,1
98833,0,0,0,0,0,0,0,0,1
98834,0,0,0,0,0,0,0,0,1
98835,0,0,0,0,0,0,0,0,1
98836,0,0,0,0,0,0,0,0,1
98837,0,0,0,0,0,0,0,0,1
98838,0,0,0,0,0,0,0,0,1
98839,0,0,0,0,0,0,0,0,1
98840,0,0,0,0,0,0,0,0,1
98841,0,0,0,0,0,0,0,0,1
98842,0,0,0,0,0,0,0,0,1
98843,0,0,0,0,0,0,0,0,1
98844,0,0,0,0,0,0,0,0,1
98845,0,0,0,0,0,0,0,0,1
98846,0,0,0,0,0,0,0,0,1
98847,0,0,0,0,0,0,0,0,1
98848,0,0,0,0,0,0,0,0,1
98849,0,0,0,0,0,0,0,0,1
98850,0,0,0,0,0,0,0,0,1
98851,0,0,0,0,0,0,0,0,1
98852,0,0,0,0,0,0,0,0,1
98853,0,0,0,0,0,0,0,0,1
98854,0,0,0,0,0,0,0,0,1
98855,0,0,0,0,0,0,0,0,1
98856,0,0,0,0,0,0,0,0,1
98857,0,0,0,0,0,0,0,0,1
98858,0,0,0,0,0,0,0,0,1
98859,0,0,0,0,0,0,0,0,1
98860,0,0,0,0,0,0,0,0,1
98861,0,0,0,0,0,0,0,0,1
98862,0,0,0,0,0,0,0,0,1
98863,0,0,0,0,0,0,0,0,1
98864,0,0,0,0,0,0,0,0,1
98865,0,0,0,0,0,0,0,0,1
98866,0,0,0,0,0,0,0,0,1
98867,0,0,0,0,0,0,0,0,1
98868,0,0,0,0,0,0,0,0,1
98869,0,0,0,0,0,0,0,0,1
98870,0,0,0,0,0,0,0,0,1
98871,0,0,0,0,0,0,0,0,1
98872,0,0,0,0,0,0,0,0,1
98873,0,0,0,0,0,0,0,0,1
98874,0,0,0,0,0,0,0,0,1
98875,0,0,0,0,0,0,0,0,1
98876,0,0,0,0,0,0,0,0,1
98877,0,0,0,0,0,0,0,0,1
98878,0,0,0,0,0,0,0,0,1
98879,0,0,0,0,0,0,0,0,1
98880,0,0,0,0,0,0,0,0,1
98881,0,0,0,0,0,0,0,0,1
98882,0,0,0,0,0,0,0,0,1
98883,0,0,0,0,0,0,0,0,1
98884,0,0,0,0,0,0,0,0,1
98885,0,0,0,0,0,0,0,0,1
98886,0,0,0,0,0,0,0,0,1
98887,0,0,0,0,0,0,0,0,1
98888,0,0,0,0,0,0,0,0,1
98889,0,0,0,0,0,0,0,0,1
98890,0,0,0,0,0,0,0,0,1
98891,0,0,0,0,0,0,0,0,1
98892,0,0,0,0,0,0,0,0,1
98893,0,0,0,0,0,0,0,0,1
98894,0,0,0,0,0,0,0,0,1
98895,0,0,0,0,0,0,0,0,1
98896,0,0,0,0,0,0,0,0,1
98897,0,0,0,0,0,0,0,0,1
98898,0,0,0,0,0,0,0,0,1
98899,0,0,0,0,0,0,0,0,1
98900,0,0,0,0,0,0,0,0,1
98901,0,0,0,0,0,0,0,0,1
98902,0,0,0,0,0,0,0,0,1
98903,0,0,0,0,0,0,0,0,1
98904,0,0,0,0,0,0,0,0,1
98905,0,0,0,0,0,0,0,0,1
98906,0,0,0,0,0,0,0,0,1
98907,0,0,0,0,0,0,0,0,1
98908,0,0,0,0,0,0,0,0,1
98909,0,0,0,0,0,0,0,0,1
98910,0,0,0,0,0,0,0,0,1
98911,0,0,0,0,0,0,0,0,1
98912,0,0,0,0,0,0,0,0,1
98913,0,0,0,0,0,0,0,0,1
98914,0,0,0,0,0,0,0,0,1
98915,0,0,0,0,0,0,0,0,1
98916,0,0,0,0,0,0,0,0,1
98917,0,0,0,0,0,0,0,0,1
98918,0,0,0,0,0,0,0,0,1
98919,0,0,0,0,0,0,0,0,1
98920,0,0,0,0,0,0,0,0,1
98921,0,0,0,0,0,0,0,0,1
98922,0,0,0,0,0,0,0,0,1
98923,0,0,0,0,0,0,0,0,1
98924,0,0,0,0,0,0,0,0,1
98925,0,0,0,0,0,0,0,0,1
98926,0,0,0,0,0,0,0,0,1
98927,0,0,0,0,0,0,0,0,1
98928,0,0,0,0,0,0,0,0,1
98929,0,0,0,0,0,0,0,0,1
98930,0,0,0,0,0,0,0,0,1
98931,0,0,0,0,0,0,0,0,1
98932,0,0,0,0,0,0,0,0,1
98933,0,0,0,0,0,0,0,0,1
98934,0,0,0,0,0,0,0,0,1
98935,0,0,0,0,0,0,0,0,1
98936,0,0,0,0,0,0,0,0,1
98937,0,0,0,0,0,0,0,0,1
98938,0,0,0,0,0,0,0,0,1
98939,0,0,0,0,0,0,0,0,1
98940,0,0,0,0,0,0,0,0,1
98941,0,0,0,0,0,0,0,0,1
98942,0,0,0,0,0,0,0,0,1
98943,0,0,0,0,0,0,0,0,1
98944,0,0,0,0,0,0,0,0,1
98945,0,0,0,0,0,0,0,0,1
98946,0,0,0,0,0,0,0,0,1
98947,0,0,0,0,0,0,0,0,1
98948,0,0,0,0,0,0,0,0,1
98949,0,0,0,0,0,0,0,0,1
98950,0,0,0,0,0,0,0,0,1
98951,0,0,0,0,0,0,0,0,1
98952,0,0,0,0,0,0,0,0,1
98953,0,0,0,0,0,0,0,0,1
98954,0,0,0,0,0,0,0,0,1
98955,0,0,0,0,0,0,0,0,1
98956,0,0,0,0,0,0,0,0,1
98957,0,0,0,0,0,0,0,0,1
98958,0,0,0,0,0,0,0,0,1
98959,0,0,0,0,0,0,0,0,1
98960,0,0,0,0,0,0,0,0,1
98961,0,0,0,0,0,0,0,0,1
98962,0,0,0,0,0,0,0,0,1
98963,0,0,0,0,0,0,0,0,1
98964,0,0,0,0,0,0,0,0,1
98965,0,0,0,0,0,0,0,0,1
98966,0,0,0,0,0,0,0,0,1
98967,0,0,0,0,0,0,0,0,1
98968,0,0,0,0,0,0,0,0,1
98969,0,0,0,0,0,0,0,0,1
98970,0,0,0,0,0,0,0,0,1
98971,0,0,0,0,0,0,0,0,1
98972,0,0,0,0,0,0,0,0,1
98973,0,0,0,0,0,0,0,0,1
98974,0,0,0,0,0,0,0,0,1
98975,0,0,0,0,0,0,0,0,1
98976,0,0,0,0,0,0,0,0,1
98977,0,0,0,0,0,0,0,0,1
98978,0,0,0,0,0,0,0,0,1
98979,0,0,0,0,0,0,0,0,1
98980,0,0,0,0,0,0,0,0,1
98981,0,0,0,0,0,0,0,0,1
98982,0,0,0,0,0,0,0,0,1
98983,0,0,0,0,0,0,0,0,1
98984,0,0,0,0,0,0,0,0,1
98985,0,0,0,0,0,0,0,0,1
98986,0,0,0,0,0,0,0,0,1
98987,0,0,0,0,0,0,0,0,1
98988,0,0,0,0,0,0,0,0,1
98989,0,0,0,0,0,0,0,0,1
98990,0,0,0,0,0,0,0,0,1
98991,0,0,0,0,0,0,0,0,1
98992,0,0,0,0,0,0,0,0,1
98993,0,0,0,0,0,0,0,0,1
98994,0,0,0,0,0,0,0,0,1
98995,0,0,0,0,0,0,0,0,1
98996,0,0,0,0,0,0,0,0,1
98997,0,0,0,0,0,0,0,0,1
98998,0,0,0,0,0,0,0,0,1
98999,0,0,0,0,0,0,0,0,1
99000,0,0,0,0,0,0,0,0,1
99001,0,0,0,0,0,0,0,0,1
99002,0,0,0,0,0,0,0,0,1
99003,0,0,0,0,0,0,0,0,1
99004,0,0,0,0,0,0,0,0,1
99005,0,0,0,0,0,0,0,0,1
99006,0,0,0,0,0,0,0,0,1
99007,0,0,0,0,0,0,0,0,1
99008,0,0,0,0,0,0,0,0,1
99009,0,0,0,0,0,0,0,0,1
99010,0,0,0,0,0,0,0,0,1
99011,0,0,0,0,0,0,0,0,1
99012,0,0,0,0,0,0,0,0,1
99013,0,0,0,0,0,0,0,0,1
99014,0,0,0,0,0,0,0,0,1
99015,0,0,0,0,0,0,0,0,1
99016,0,0,0,0,0,0,0,0,1
99017,0,0,0,0,0,0,0,0,1
99018,0,0,0,0,0,0,0,0,1
99019,0,0,0,0,0,0,0,0,1
99020,0,0,0,0,0,0,0,0,1
99021,0,0,0,0,0,0,0,0,1
99022,0,0,0,0,0,0,0,0,1
99023,0,0,0,0,0,0,0,0,1
99024,0,0,0,0,0,0,0,0,1
99025,0,0,0,0,0,0,0,0,1
99026,0,0,0,0,0,0,0,0,1
99027,0,0,0,0,0,0,0,0,1
99028,0,0,0,0,0,0,0,0,1
99029,0,0,0,0,0,0,0,0,1
99030,0,0,0,0,0,0,0,0,1
99031,0,0,0,0,0,0,0,0,1
99032,0,0,0,0,0,0,0,0,1
99033,0,0,0,0,0,0,0,0,1
99034,0,0,0,0,0,0,0,0,1
99035,0,0,0,0,0,0,0,0,1
99036,0,0,0,0,0,0,0,0,1
99037,0,0,0,0,0,0,0,0,1
99038,0,0,0,0,0,0,0,0,1
99039,0,0,0,0,0,0,0,0,1
99040,0,0,0,0,0,0,0,0,1
99041,0,0,0,0,0,0,0,0,1
99042,0,0,0,0,0,0,0,0,1
99043,0,0,0,0,0,0,0,0,1
99044,0,0,0,0,0,0,0,0,1
99045,0,0,0,0,0,0,0,0,1
99046,0,0,0,0,0,0,0,0,1
99047,0,0,0,0,0,0,0,0,1
99048,0,0,0,0,0,0,0,0,1
99049,0,0,0,0,0,0,0,0,1
99050,0,0,0,0,0,0,0,0,1
99051,0,0,0,0,0,0,0,0,1
99052,0,0,0,0,0,0,0,0,1
99053,0,0,0,0,0,0,0,0,1
99054,0,0,0,0,0,0,0,0,1
99055,0,0,0,0,0,0,0,0,1
99056,0,0,0,0,0,0,0,0,1
99057,0,0,0,0,0,0,0,0,1
99058,0,0,0,0,0,0,0,0,1
99059,0,0,0,0,0,0,0,0,1
99060,0,0,0,0,0,0,0,0,1
99061,0,0,0,0,0,0,0,0,1
99062,0,0,0,0,0,0,0,0,1
99063,0,0,0,0,0,0,0,0,1
99064,0,0,0,0,0,0,0,0,1
99065,0,0,0,0,0,0,0,0,1
99066,0,0,0,0,0,0,0,0,1
99067,0,0,0,0,0,0,0,0,1
99068,0,0,0,0,0,0,0,0,1
99069,0,0,0,0,0,0,0,0,1
99070,0,0,0,0,0,0,0,0,1
99071,0,0,0,0,0,0,0,0,1
99072,0,0,0,0,0,0,0,0,1
99073,0,0,0,0,0,0,0,0,1
99074,0,0,0,0,0,0,0,0,1
99075,0,0,0,0,0,0,0,0,1
99076,0,0,0,0,0,0,0,0,1
99077,0,0,0,0,0,0,0,0,1
99078,0,0,0,0,0,0,0,0,1
99079,0,0,0,0,0,0,0,0,1
99080,0,0,0,0,0,0,0,0,1
99081,0,0,0,0,0,0,0,0,1
99082,0,0,0,0,0,0,0,0,1
99083,0,0,0,0,0,0,0,0,1
99084,0,0,0,0,0,0,0,0,1
99085,0,0,0,0,0,0,0,0,1
99086,0,0,0,0,0,0,0,0,1
99087,0,0,0,0,0,0,0,0,1
99088,0,0,0,0,0,0,0,0,1
99089,0,0,0,0,0,0,0,0,1
99090,0,0,0,0,0,0,0,0,1
99091,0,0,0,0,0,0,0,0,1
99092,0,0,0,0,0,0,0,0,1
99093,0,0,0,0,0,0,0,0,1
99094,0,0,0,0,0,0,0,0,1
99095,0,0,0,0,0,0,0,0,1
99096,0,0,0,0,0,0,0,0,1
99097,0,0,0,0,0,0,0,0,1
99098,0,0,0,0,0,0,0,0,1
99099,0,0,0,0,0,0,0,0,1
99100,0,0,0,0,0,0,0,0,1
99101,0,0,0,0,0,0,0,0,1
99102,0,0,0,0,0,0,0,0,1
99103,0,0,0,0,0,0,0,0,1
99104,0,0,0,0,0,0,0,0,1
99105,0,0,0,0,0,0,0,0,1
99106,0,0,0,0,0,0,0,0,1
99107,0,0,0,0,0,0,0,0,1
99108,0,0,0,0,0,0,0,0,1
99109,0,0,0,0,0,0,0,0,1
99110,0,0,0,0,0,0,0,0,1
99111,0,0,0,0,0,0,0,0,1
99112,0,0,0,0,0,0,0,0,1
99113,0,0,0,0,0,0,0,0,1
99114,0,0,0,0,0,0,0,0,1
99115,0,0,0,0,0,0,0,0,1
99116,0,0,0,0,0,0,0,0,1
99117,0,0,0,0,0,0,0,0,1
99118,0,0,0,0,0,0,0,0,1
99119,0,0,0,0,0,0,0,0,1
99120,0,0,0,0,0,0,0,0,1
99121,0,0,0,0,0,0,0,0,1
99122,0,0,0,0,0,0,0,0,1
99123,0,0,0,0,0,0,0,0,1
99124,0,0,0,0,0,0,0,0,1
99125,0,0,0,0,0,0,0,0,1
99126,0,0,0,0,0,0,0,0,1
99127,0,0,0,0,0,0,0,0,1
99128,0,0,0,0,0,0,0,0,1
99129,0,0,0,0,0,0,0,0,1
99130,0,0,0,0,0,0,0,0,1
99131,0,0,0,0,0,0,0,0,1
99132,0,0,0,0,0,0,0,0,1
99133,0,0,0,0,0,0,0,0,1
99134,0,0,0,0,0,0,0,0,1
99135,0,0,0,0,0,0,0,0,1
99136,0,0,0,0,0,0,0,0,1
99137,0,0,0,0,0,0,0,0,1
99138,0,0,0,0,0,0,0,0,1
99139,0,0,0,0,0,0,0,0,1
99140,0,0,0,0,0,0,0,0,1
99141,0,0,0,0,0,0,0,0,1
99142,0,0,0,0,0,0,0,0,1
99143,0,0,0,0,0,0,0,0,1
99144,0,0,0,0,0,0,0,0,1
99145,0,0,0,0,0,0,0,0,1
99146,0,0,0,0,0,0,0,0,1
99147,0,0,0,0,0,0,0,0,1
99148,0,0,0,0,0,0,0,0,1
99149,0,0,0,0,0,0,0,0,1
99150,0,0,0,0,0,0,0,0,1
99151,0,0,0,0,0,0,0,0,1
99152,0,0,0,0,0,0,0,0,1
99153,0,0,0,0,0,0,0,0,1
99154,0,0,0,0,0,0,0,0,1
99155,0,0,0,0,0,0,0,0,1
99156,0,0,0,0,0,0,0,0,1
99157,0,0,0,0,0,0,0,0,1
99158,0,0,0,0,0,0,0,0,1
99159,0,0,0,0,0,0,0,0,1
99160,0,0,0,0,0,0,0,0,1
99161,0,0,0,0,0,0,0,0,1
99162,0,0,0,0,0,0,0,0,1
99163,0,0,0,0,0,0,0,0,1
99164,0,0,0,0,0,0,0,0,1
99165,0,0,0,0,0,0,0,0,1
99166,0,0,0,0,0,0,0,0,1
99167,0,0,0,0,0,0,0,0,1
99168,0,0,0,0,0,0,0,0,1
99169,0,0,0,0,0,0,0,0,1
99170,0,0,0,0,0,0,0,0,1
99171,0,0,0,0,0,0,0,0,1
99172,0,0,0,0,0,0,0,0,1
99173,0,0,0,0,0,0,0,0,1
99174,0,0,0,0,0,0,0,0,1
99175,0,0,0,0,0,0,0,0,1
99176,0,0,0,0,0,0,0,0,1
99177,0,0,0,0,0,0,0,0,1
99178,0,0,0,0,0,0,0,0,1
99179,0,0,0,0,0,0,0,0,1
99180,0,0,0,0,0,0,0,0,1
99181,0,0,0,0,0,0,0,0,1
99182,0,0,0,0,0,0,0,0,1
99183,0,0,0,0,0,0,0,0,1
99184,0,0,0,0,0,0,0,0,1
99185,0,0,0,0,0,0,0,0,1
99186,0,0,0,0,0,0,0,0,1
99187,0,0,0,0,0,0,0,0,1
99188,0,0,0,0,0,0,0,0,1
99189,0,0,0,0,0,0,0,0,1
99190,0,0,0,0,0,0,0,0,1
99191,0,0,0,0,0,0,0,0,1
99192,0,0,0,0,0,0,0,0,1
99193,0,0,0,0,0,0,0,0,1
99194,0,0,0,0,0,0,0,0,1
99195,0,0,0,0,0,0,0,0,1
99196,0,0,0,0,0,0,0,0,1
99197,0,0,0,0,0,0,0,0,1
99198,0,0,0,0,0,0,0,0,1
99199,0,0,0,0,0,0,0,0,1
99200,0,0,0,0,0,0,0,0,1
99201,0,0,0,0,0,0,0,0,1
99202,0,0,0,0,0,0,0,0,1
99203,0,0,0,0,0,0,0,0,1
99204,0,0,0,0,0,0,0,0,1
99205,0,0,0,0,0,0,0,0,1
99206,0,0,0,0,0,0,0,0,1
99207,0,0,0,0,0,0,0,0,1
99208,0,0,0,0,0,0,0,0,1
99209,0,0,0,0,0,0,0,0,1
99210,0,0,0,0,0,0,0,0,1
99211,0,0,0,0,0,0,0,0,1
99212,0,0,0,0,0,0,0,0,1
99213,0,0,0,0,0,0,0,0,1
99214,0,0,0,0,0,0,0,0,1
99215,0,0,0,0,0,0,0,0,1
99216,0,0,0,0,0,0,0,0,1
99217,0,0,0,0,0,0,0,0,1
99218,0,0,0,0,0,0,0,0,1
99219,0,0,0,0,0,0,0,0,1
99220,0,0,0,0,0,0,0,0,1
99221,0,0,0,0,0,0,0,0,1
99222,0,0,0,0,0,0,0,0,1
99223,0,0,0,0,0,0,0,0,1
99224,0,0,0,0,0,0,0,0,1
99225,0,0,0,0,0,0,0,0,1
99226,0,0,0,0,0,0,0,0,1
99227,0,0,0,0,0,0,0,0,1
99228,0,0,0,0,0,0,0,0,1
99229,0,0,0,0,0,0,0,0,1
99230,0,0,0,0,0,0,0,0,1
99231,0,0,0,0,0,0,0,0,1
99232,0,0,0,0,0,0,0,0,1
99233,0,0,0,0,0,0,0,0,1
99234,0,0,0,0,0,0,0,0,1
99235,0,0,0,0,0,0,0,0,1
99236,0,0,0,0,0,0,0,0,1
99237,0,0,0,0,0,0,0,0,1
99238,0,0,0,0,0,0,0,0,1
99239,0,0,0,0,0,0,0,0,1
99240,0,0,0,0,0,0,0,0,1
99241,0,0,0,0,0,0,0,0,1
99242,0,0,0,0,0,0,0,0,1
99243,0,0,0,0,0,0,0,0,1
99244,0,0,0,0,0,0,0,0,1
99245,0,0,0,0,0,0,0,0,1
99246,0,0,0,0,0,0,0,0,1
99247,0,0,0,0,0,0,0,0,1
99248,0,0,0,0,0,0,0,0,1
99249,0,0,0,0,0,0,0,0,1
99250,0,0,0,0,0,0,0,0,1
99251,0,0,0,0,0,0,0,0,1
99252,0,0,0,0,0,0,0,0,1
99253,0,0,0,0,0,0,0,0,1
99254,0,0,0,0,0,0,0,0,1
99255,0,0,0,0,0,0,0,0,1
99256,0,0,0,0,0,0,0,0,1
99257,0,0,0,0,0,0,0,0,1
99258,0,0,0,0,0,0,0,0,1
99259,0,0,0,0,0,0,0,0,1
99260,0,0,0,0,0,0,0,0,1
99261,0,0,0,0,0,0,0,0,1
99262,0,0,0,0,0,0,0,0,1
99263,0,0,0,0,0,0,0,0,1
99264,0,0,0,0,0,0,0,0,1
99265,0,0,0,0,0,0,0,0,1
99266,0,0,0,0,0,0,0,0,1
99267,0,0,0,0,0,0,0,0,1
99268,0,0,0,0,0,0,0,0,1
99269,0,0,0,0,0,0,0,0,1
99270,0,0,0,0,0,0,0,0,1
99271,0,0,0,0,0,0,0,0,1
99272,0,0,0,0,0,0,0,0,1
99273,0,0,0,0,0,0,0,0,1
99274,0,0,0,0,0,0,0,0,1
99275,0,0,0,0,0,0,0,0,1
99276,0,0,0,0,0,0,0,0,1
99277,0,0,0,0,0,0,0,0,1
99278,0,0,0,0,0,0,0,0,1
99279,0,0,0,0,0,0,0,0,1
99280,0,0,0,0,0,0,0,0,1
99281,0,0,0,0,0,0,0,0,1
99282,0,0,0,0,0,0,0,0,1
99283,0,0,0,0,0,0,0,0,1
99284,0,0,0,0,0,0,0,0,1
99285,0,0,0,0,0,0,0,0,1
99286,0,0,0,0,0,0,0,0,1
99287,0,0,0,0,0,0,0,0,1
99288,0,0,0,0,0,0,0,0,1
99289,0,0,0,0,0,0,0,0,1
99290,0,0,0,0,0,0,0,0,1
99291,0,0,0,0,0,0,0,0,1
99292,0,0,0,0,0,0,0,0,1
99293,0,0,0,0,0,0,0,0,1
99294,0,0,0,0,0,0,0,0,1
99295,0,0,0,0,0,0,0,0,1
99296,0,0,0,0,0,0,0,0,1
99297,0,0,0,0,0,0,0,0,1
99298,0,0,0,0,0,0,0,0,1
99299,0,0,0,0,0,0,0,0,1
99300,0,0,0,0,0,0,0,0,1
99301,0,0,0,0,0,0,0,0,1
99302,0,0,0,0,0,0,0,0,1
99303,0,0,0,0,0,0,0,0,1
99304,0,0,0,0,0,0,0,0,1
99305,0,0,0,0,0,0,0,0,1
99306,0,0,0,0,0,0,0,0,1
99307,0,0,0,0,0,0,0,0,1
99308,0,0,0,0,0,0,0,0,1
99309,0,0,0,0,0,0,0,0,1
99310,0,0,0,0,0,0,0,0,1
99311,0,0,0,0,0,0,0,0,1
99312,0,0,0,0,0,0,0,0,1
99313,0,0,0,0,0,0,0,0,1
99314,0,0,0,0,0,0,0,0,1
99315,0,0,0,0,0,0,0,0,1
99316,0,0,0,0,0,0,0,0,1
99317,0,0,0,0,0,0,0,0,1
99318,0,0,0,0,0,0,0,0,1
99319,0,0,0,0,0,0,0,0,1
99320,0,0,0,0,0,0,0,0,1
99321,0,0,0,0,0,0,0,0,1
99322,0,0,0,0,0,0,0,0,1
99323,0,0,0,0,0,0,0,0,1
99324,0,0,0,0,0,0,0,0,1
99325,0,0,0,0,0,0,0,0,1
99326,0,0,0,0,0,0,0,0,1
99327,0,0,0,0,0,0,0,0,1
99328,0,0,0,0,0,0,0,0,1
99329,0,0,0,0,0,0,0,0,1
99330,0,0,0,0,0,0,0,0,1
99331,0,0,0,0,0,0,0,0,1
99332,0,0,0,0,0,0,0,0,1
99333,0,0,0,0,0,0,0,0,1
99334,0,0,0,0,0,0,0,0,1
99335,0,0,0,0,0,0,0,0,1
99336,0,0,0,0,0,0,0,0,1
99337,0,0,0,0,0,0,0,0,1
99338,0,0,0,0,0,0,0,0,1
99339,0,0,0,0,0,0,0,0,1
99340,0,0,0,0,0,0,0,0,1
99341,0,0,0,0,0,0,0,0,1
99342,0,0,0,0,0,0,0,0,1
99343,0,0,0,0,0,0,0,0,1
99344,0,0,0,0,0,0,0,0,1
99345,0,0,0,0,0,0,0,0,1
99346,0,0,0,0,0,0,0,0,1
99347,0,0,0,0,0,0,0,0,1
99348,0,0,0,0,0,0,0,0,1
99349,0,0,0,0,0,0,0,0,1
99350,0,0,0,0,0,0,0,0,1
99351,0,0,0,0,0,0,0,0,1
99352,0,0,0,0,0,0,0,0,1
99353,0,0,0,0,0,0,0,0,1
99354,0,0,0,0,0,0,0,0,1
99355,0,0,0,0,0,0,0,0,1
99356,0,0,0,0,0,0,0,0,1
99357,0,0,0,0,0,0,0,0,1
99358,0,0,0,0,0,0,0,0,1
99359,0,0,0,0,0,0,0,0,1
99360,0,0,0,0,0,0,0,0,1
99361,0,0,0,0,0,0,0,0,1
99362,0,0,0,0,0,0,0,0,1
99363,0,0,0,0,0,0,0,0,1
99364,0,0,0,0,0,0,0,0,1
99365,0,0,0,0,0,0,0,0,1
99366,0,0,0,0,0,0,0,0,1
99367,0,0,0,0,0,0,0,0,1
99368,0,0,0,0,0,0,0,0,1
99369,0,0,0,0,0,0,0,0,1
99370,0,0,0,0,0,0,0,0,1
99371,0,0,0,0,0,0,0,0,1
99372,0,0,0,0,0,0,0,0,1
99373,0,0,0,0,0,0,0,0,1
99374,0,0,0,0,0,0,0,0,1
99375,0,0,0,0,0,0,0,0,1
99376,0,0,0,0,0,0,0,0,1
99377,0,0,0,0,0,0,0,0,1
99378,0,0,0,0,0,0,0,0,1
99379,0,0,0,0,0,0,0,0,1
99380,0,0,0,0,0,0,0,0,1
99381,0,0,0,0,0,0,0,0,1
99382,0,0,0,0,0,0,0,0,1
99383,0,0,0,0,0,0,0,0,1
99384,0,0,0,0,0,0,0,0,1
99385,0,0,0,0,0,0,0,0,1
99386,0,0,0,0,0,0,0,0,1
99387,0,0,0,0,0,0,0,0,1
99388,0,0,0,0,0,0,0,0,1
99389,0,0,0,0,0,0,0,0,1
99390,0,0,0,0,0,0,0,0,1
99391,0,0,0,0,0,0,0,0,1
99392,0,0,0,0,0,0,0,0,1
99393,0,0,0,0,0,0,0,0,1
99394,0,0,0,0,0,0,0,0,1
99395,0,0,0,0,0,0,0,0,1
99396,0,0,0,0,0,0,0,0,1
99397,0,0,0,0,0,0,0,0,1
99398,0,0,0,0,0,0,0,0,1
99399,0,0,0,0,0,0,0,0,1
99400,0,0,0,0,0,0,0,0,1
99401,0,0,0,0,0,0,0,0,1
99402,0,0,0,0,0,0,0,0,1
99403,0,0,0,0,0,0,0,0,1
99404,0,0,0,0,0,0,0,0,1
99405,0,0,0,0,0,0,0,0,1
99406,0,0,0,0,0,0,0,0,1
99407,0,0,0,0,0,0,0,0,1
99408,0,0,0,0,0,0,0,0,1
99409,0,0,0,0,0,0,0,0,1
99410,0,0,0,0,0,0,0,0,1
99411,0,0,0,0,0,0,0,0,1
99412,0,0,0,0,0,0,0,0,1
99413,0,0,0,0,0,0,0,0,1
99414,0,0,0,0,0,0,0,0,1
99415,0,0,0,0,0,0,0,0,1
99416,0,0,0,0,0,0,0,0,1
99417,0,0,0,0,0,0,0,0,1
99418,0,0,0,0,0,0,0,0,1
99419,0,0,0,0,0,0,0,0,1
99420,0,0,0,0,0,0,0,0,1
99421,0,0,0,0,0,0,0,0,1
99422,0,0,0,0,0,0,0,0,1
99423,0,0,0,0,0,0,0,0,1
99424,0,0,0,0,0,0,0,0,1
99425,0,0,0,0,0,0,0,0,1
99426,0,0,0,0,0,0,0,0,1
99427,0,0,0,0,0,0,0,0,1
99428,0,0,0,0,0,0,0,0,1
99429,0,0,0,0,0,0,0,0,1
99430,0,0,0,0,0,0,0,0,1
99431,0,0,0,0,0,0,0,0,1
99432,0,0,0,0,0,0,0,0,1
99433,0,0,0,0,0,0,0,0,1
99434,0,0,0,0,0,0,0,0,1
99435,0,0,0,0,0,0,0,0,1
99436,0,0,0,0,0,0,0,0,1
99437,0,0,0,0,0,0,0,0,1
99438,0,0,0,0,0,0,0,0,1
99439,0,0,0,0,0,0,0,0,1
99440,0,0,0,0,0,0,0,0,1
99441,0,0,0,0,0,0,0,0,1
99442,0,0,0,0,0,0,0,0,1
99443,0,0,0,0,0,0,0,0,1
99444,0,0,0,0,0,0,0,0,1
99445,0,0,0,0,0,0,0,0,1
99446,0,0,0,0,0,0,0,0,1
99447,0,0,0,0,0,0,0,0,1
99448,0,0,0,0,0,0,0,0,1
99449,0,0,0,0,0,0,0,0,1
99450,0,0,0,0,0,0,0,0,1
99451,0,0,0,0,0,0,0,0,1
99452,0,0,0,0,0,0,0,0,1
99453,0,0,0,0,0,0,0,0,1
99454,0,0,0,0,0,0,0,0,1
99455,0,0,0,0,0,0,0,0,1
99456,0,0,0,0,0,0,0,0,1
99457,0,0,0,0,0,0,0,0,1
99458,0,0,0,0,0,0,0,0,1
99459,0,0,0,0,0,0,0,0,1
99460,0,0,0,0,0,0,0,0,1
99461,0,0,0,0,0,0,0,0,1
99462,0,0,0,0,0,0,0,0,1
99463,0,0,0,0,0,0,0,0,1
99464,0,0,0,0,0,0,0,0,1
99465,0,0,0,0,0,0,0,0,1
99466,0,0,0,0,0,0,0,0,1
99467,0,0,0,0,0,0,0,0,1
99468,0,0,0,0,0,0,0,0,1
99469,0,0,0,0,0,0,0,0,1
99470,0,0,0,0,0,0,0,0,1
99471,0,0,0,0,0,0,0,0,1
99472,0,0,0,0,0,0,0,0,1
99473,0,0,0,0,0,0,0,0,1
99474,0,0,0,0,0,0,0,0,1
99475,0,0,0,0,0,0,0,0,1
99476,0,0,0,0,0,0,0,0,1
99477,0,0,0,0,0,0,0,0,1
99478,0,0,0,0,0,0,0,0,1
99479,0,0,0,0,0,0,0,0,1
99480,0,0,0,0,0,0,0,0,1
99481,0,0,0,0,0,0,0,0,1
99482,0,0,0,0,0,0,0,0,1
99483,0,0,0,0,0,0,0,0,1
99484,0,0,0,0,0,0,0,0,1
99485,0,0,0,0,0,0,0,0,1
99486,0,0,0,0,0,0,0,0,1
99487,0,0,0,0,0,0,0,0,1
99488,0,0,0,0,0,0,0,0,1
99489,0,0,0,0,0,0,0,0,1
99490,0,0,0,0,0,0,0,0,1
99491,0,0,0,0,0,0,0,0,1
99492,0,0,0,0,0,0,0,0,1
99493,0,0,0,0,0,0,0,0,1
99494,0,0,0,0,0,0,0,0,1
99495,0,0,0,0,0,0,0,0,1
99496,0,0,0,0,0,0,0,0,1
99497,0,0,0,0,0,0,0,0,1
99498,0,0,0,0,0,0,0,0,1
99499,0,0,0,0,0,0,0,0,1
99500,0,0,0,0,0,0,0,0,1
99501,0,0,0,0,0,0,0,0,1
99502,0,0,0,0,0,0,0,0,1
99503,0,0,0,0,0,0,0,0,1
99504,0,0,0,0,0,0,0,0,1
99505,0,0,0,0,0,0,0,0,1
99506,0,0,0,0,0,0,0,0,1
99507,0,0,0,0,0,0,0,0,1
99508,0,0,0,0,0,0,0,0,1
99509,0,0,0,0,0,0,0,0,1
99510,0,0,0,0,0,0,0,0,1
99511,0,0,0,0,0,0,0,0,1
99512,0,0,0,0,0,0,0,0,1
99513,0,0,0,0,0,0,0,0,1
99514,0,0,0,0,0,0,0,0,1
99515,0,0,0,0,0,0,0,0,1
99516,0,0,0,0,0,0,0,0,1
99517,0,0,0,0,0,0,0,0,1
99518,0,0,0,0,0,0,0,0,1
99519,0,0,0,0,0,0,0,0,1
99520,0,0,0,0,0,0,0,0,1
99521,0,0,0,0,0,0,0,0,1
99522,0,0,0,0,0,0,0,0,1
99523,0,0,0,0,0,0,0,0,1
99524,0,0,0,0,0,0,0,0,1
99525,0,0,0,0,0,0,0,0,1
99526,0,0,0,0,0,0,0,0,1
99527,0,0,0,0,0,0,0,0,1
99528,0,0,0,0,0,0,0,0,1
99529,0,0,0,0,0,0,0,0,1
99530,0,0,0,0,0,0,0,0,1
99531,0,0,0,0,0,0,0,0,1
99532,0,0,0,0,0,0,0,0,1
99533,0,0,0,0,0,0,0,0,1
99534,0,0,0,0,0,0,0,0,1
99535,0,0,0,0,0,0,0,0,1
99536,0,0,0,0,0,0,0,0,1
99537,0,0,0,0,0,0,0,0,1
99538,0,0,0,0,0,0,0,0,1
99539,0,0,0,0,0,0,0,0,1
99540,0,0,0,0,0,0,0,0,1
99541,0,0,0,0,0,0,0,0,1
99542,0,0,0,0,0,0,0,0,1
99543,0,0,0,0,0,0,0,0,1
99544,0,0,0,0,0,0,0,0,1
99545,0,0,0,0,0,0,0,0,1
99546,0,0,0,0,0,0,0,0,1
99547,0,0,0,0,0,0,0,0,1
99548,0,0,0,0,0,0,0,0,1
99549,0,0,0,0,0,0,0,0,1
99550,0,0,0,0,0,0,0,0,1
99551,0,0,0,0,0,0,0,0,1
99552,0,0,0,0,0,0,0,0,1
99553,0,0,0,0,0,0,0,0,1
99554,0,0,0,0,0,0,0,0,1
99555,0,0,0,0,0,0,0,0,1
99556,0,0,0,0,0,0,0,0,1
99557,0,0,0,0,0,0,0,0,1
99558,0,0,0,0,0,0,0,0,1
99559,0,0,0,0,0,0,0,0,1
99560,0,0,0,0,0,0,0,0,1
99561,0,0,0,0,0,0,0,0,1
99562,0,0,0,0,0,0,0,0,1
99563,0,0,0,0,0,0,0,0,1
99564,0,0,0,0,0,0,0,0,1
99565,0,0,0,0,0,0,0,0,1
99566,0,0,0,0,0,0,0,0,1
99567,0,0,0,0,0,0,0,0,1
99568,0,0,0,0,0,0,0,0,1
99569,0,0,0,0,0,0,0,0,1
99570,0,0,0,0,0,0,0,0,1
99571,0,0,0,0,0,0,0,0,1
99572,0,0,0,0,0,0,0,0,1
99573,0,0,0,0,0,0,0,0,1
99574,0,0,0,0,0,0,0,0,1
99575,0,0,0,0,0,0,0,0,1
99576,0,0,0,0,0,0,0,0,1
99577,0,0,0,0,0,0,0,0,1
99578,0,0,0,0,0,0,0,0,1
99579,0,0,0,0,0,0,0,0,1
99580,0,0,0,0,0,0,0,0,1
99581,0,0,0,0,0,0,0,0,1
99582,0,0,0,0,0,0,0,0,1
99583,0,0,0,0,0,0,0,0,1
99584,0,0,0,0,0,0,0,0,1
99585,0,0,0,0,0,0,0,0,1
99586,0,0,0,0,0,0,0,0,1
99587,0,0,0,0,0,0,0,0,1
99588,0,0,0,0,0,0,0,0,1
99589,0,0,0,0,0,0,0,0,1
99590,0,0,0,0,0,0,0,0,1
99591,0,0,0,0,0,0,0,0,1
99592,0,0,0,0,0,0,0,0,1
99593,0,0,0,0,0,0,0,0,1
99594,0,0,0,0,0,0,0,0,1
99595,0,0,0,0,0,0,0,0,1
99596,0,0,0,0,0,0,0,0,1
99597,0,0,0,0,0,0,0,0,1
99598,0,0,0,0,0,0,0,0,1
99599,0,0,0,0,0,0,0,0,1
99600,0,0,0,0,0,0,0,0,1
99601,0,0,0,0,0,0,0,0,1
99602,0,0,0,0,0,0,0,0,1
99603,0,0,0,0,0,0,0,0,1
99604,0,0,0,0,0,0,0,0,1
99605,0,0,0,0,0,0,0,0,1
99606,0,0,0,0,0,0,0,0,1
99607,0,0,0,0,0,0,0,0,1
99608,0,0,0,0,0,0,0,0,1
99609,0,0,0,0,0,0,0,0,1
99610,0,0,0,0,0,0,0,0,1
99611,0,0,0,0,0,0,0,0,1
99612,0,0,0,0,0,0,0,0,1
99613,0,0,0,0,0,0,0,0,1
99614,0,0,0,0,0,0,0,0,1
99615,0,0,0,0,0,0,0,0,1
99616,0,0,0,0,0,0,0,0,1
99617,0,0,0,0,0,0,0,0,1
99618,0,0,0,0,0,0,0,0,1
99619,0,0,0,0,0,0,0,0,1
99620,0,0,0,0,0,0,0,0,1
99621,0,0,0,0,0,0,0,0,1
99622,0,0,0,0,0,0,0,0,1
99623,0,0,0,0,0,0,0,0,1
99624,0,0,0,0,0,0,0,0,1
99625,0,0,0,0,0,0,0,0,1
99626,0,0,0,0,0,0,0,0,1
99627,0,0,0,0,0,0,0,0,1
99628,0,0,0,0,0,0,0,0,1
99629,0,0,0,0,0,0,0,0,1
99630,0,0,0,0,0,0,0,0,1
99631,0,0,0,0,0,0,0,0,1
99632,0,0,0,0,0,0,0,0,1
99633,0,0,0,0,0,0,0,0,1
99634,0,0,0,0,0,0,0,0,1
99635,0,0,0,0,0,0,0,0,1
99636,0,0,0,0,0,0,0,0,1
99637,0,0,0,0,0,0,0,0,1
99638,0,0,0,0,0,0,0,0,1
99639,0,0,0,0,0,0,0,0,1
99640,0,0,0,0,0,0,0,0,1
99641,0,0,0,0,0,0,0,0,1
99642,0,0,0,0,0,0,0,0,1
99643,0,0,0,0,0,0,0,0,1
99644,0,0,0,0,0,0,0,0,1
99645,0,0,0,0,0,0,0,0,1
99646,0,0,0,0,0,0,0,0,1
99647,0,0,0,0,0,0,0,0,1
99648,0,0,0,0,0,0,0,0,1
99649,0,0,0,0,0,0,0,0,1
99650,0,0,0,0,0,0,0,0,1
99651,0,0,0,0,0,0,0,0,1
99652,0,0,0,0,0,0,0,0,1
99653,0,0,0,0,0,0,0,0,1
99654,0,0,0,0,0,0,0,0,1
99655,0,0,0,0,0,0,0,0,1
99656,0,0,0,0,0,0,0,0,1
99657,0,0,0,0,0,0,0,0,1
99658,0,0,0,0,0,0,0,0,1
99659,0,0,0,0,0,0,0,0,1
99660,0,0,0,0,0,0,0,0,1
99661,0,0,0,0,0,0,0,0,1
99662,0,0,0,0,0,0,0,0,1
99663,0,0,0,0,0,0,0,0,1
99664,0,0,0,0,0,0,0,0,1
99665,0,0,0,0,0,0,0,0,1
99666,0,0,0,0,0,0,0,0,1
99667,0,0,0,0,0,0,0,0,1
99668,0,0,0,0,0,0,0,0,1
99669,0,0,0,0,0,0,0,0,1
99670,0,0,0,0,0,0,0,0,1
99671,0,0,0,0,0,0,0,0,1
99672,0,0,0,0,0,0,0,0,1
99673,0,0,0,0,0,0,0,0,1
99674,0,0,0,0,0,0,0,0,1
99675,0,0,0,0,0,0,0,0,1
99676,0,0,0,0,0,0,0,0,1
99677,0,0,0,0,0,0,0,0,1
99678,0,0,0,0,0,0,0,0,1
99679,0,0,0,0,0,0,0,0,1
99680,0,0,0,0,0,0,0,0,1
99681,0,0,0,0,0,0,0,0,1
99682,0,0,0,0,0,0,0,0,1
99683,0,0,0,0,0,0,0,0,1
99684,0,0,0,0,0,0,0,0,1
99685,0,0,0,0,0,0,0,0,1
99686,0,0,0,0,0,0,0,0,1
99687,0,0,0,0,0,0,0,0,1
99688,0,0,0,0,0,0,0,0,1
99689,0,0,0,0,0,0,0,0,1
99690,0,0,0,0,0,0,0,0,1
99691,0,0,0,0,0,0,0,0,1
99692,0,0,0,0,0,0,0,0,1
99693,0,0,0,0,0,0,0,0,1
99694,0,0,0,0,0,0,0,0,1
99695,0,0,0,0,0,0,0,0,1
99696,0,0,0,0,0,0,0,0,1
99697,0,0,0,0,0,0,0,0,1
99698,0,0,0,0,0,0,0,0,1
99699,0,0,0,0,0,0,0,0,1
99700,0,0,0,0,0,0,0,0,1
99701,0,0,0,0,0,0,0,0,1
99702,0,0,0,0,0,0,0,0,1
99703,0,0,0,0,0,0,0,0,1
99704,0,0,0,0,0,0,0,0,1
99705,0,0,0,0,0,0,0,0,1
99706,0,0,0,0,0,0,0,0,1
99707,0,0,0,0,0,0,0,0,1
99708,0,0,0,0,0,0,0,0,1
99709,0,0,0,0,0,0,0,0,1
99710,0,0,0,0,0,0,0,0,1
99711,0,0,0,0,0,0,0,0,1
99712,0,0,0,0,0,0,0,0,1
99713,0,0,0,0,0,0,0,0,1
99714,0,0,0,0,0,0,0,0,1
99715,0,0,0,0,0,0,0,0,1
99716,0,0,0,0,0,0,0,0,1
99717,0,0,0,0,0,0,0,0,1
99718,0,0,0,0,0,0,0,0,1
99719,0,0,0,0,0,0,0,0,1
99720,0,0,0,0,0,0,0,0,1
99721,0,0,0,0,0,0,0,0,1
99722,0,0,0,0,0,0,0,0,1
99723,0,0,0,0,0,0,0,0,1
99724,0,0,0,0,0,0,0,0,1
99725,0,0,0,0,0,0,0,0,1
99726,0,0,0,0,0,0,0,0,1
99727,0,0,0,0,0,0,0,0,1
99728,0,0,0,0,0,0,0,0,1
99729,0,0,0,0,0,0,0,0,1
99730,0,0,0,0,0,0,0,0,1
99731,0,0,0,0,0,0,0,0,1
99732,0,0,0,0,0,0,0,0,1
99733,0,0,0,0,0,0,0,0,1
99734,0,0,0,0,0,0,0,0,1
99735,0,0,0,0,0,0,0,0,1
99736,0,0,0,0,0,0,0,0,1
99737,0,0,0,0,0,0,0,0,1
99738,0,0,0,0,0,0,0,0,1
99739,0,0,0,0,0,0,0,0,1
99740,0,0,0,0,0,0,0,0,1
99741,0,0,0,0,0,0,0,0,1
99742,0,0,0,0,0,0,0,0,1
99743,0,0,0,0,0,0,0,0,1
99744,0,0,0,0,0,0,0,0,1
99745,0,0,0,0,0,0,0,0,1
99746,0,0,0,0,0,0,0,0,1
99747,0,0,0,0,0,0,0,0,1
99748,0,0,0,0,0,0,0,0,1
99749,0,0,0,0,0,0,0,0,1
99750,0,0,0,0,0,0,0,0,1
99751,0,0,0,0,0,0,0,0,1
99752,0,0,0,0,0,0,0,0,1
99753,0,0,0,0,0,0,0,0,1
99754,0,0,0,0,0,0,0,0,1
99755,0,0,0,0,0,0,0,0,1
99756,0,0,0,0,0,0,0,0,1
99757,0,0,0,0,0,0,0,0,1
99758,0,0,0,0,0,0,0,0,1
99759,0,0,0,0,0,0,0,0,1
99760,0,0,0,0,0,0,0,0,1
99761,0,0,0,0,0,0,0,0,1
99762,0,0,0,0,0,0,0,0,1
99763,0,0,0,0,0,0,0,0,1
99764,0,0,0,0,0,0,0,0,1
99765,0,0,0,0,0,0,0,0,1
99766,0,0,0,0,0,0,0,0,1
99767,0,0,0,0,0,0,0,0,1
99768,0,0,0,0,0,0,0,0,1
99769,0,0,0,0,0,0,0,0,1
99770,0,0,0,0,0,0,0,0,1
99771,0,0,0,0,0,0,0,0,1
99772,0,0,0,0,0,0,0,0,1
99773,0,0,0,0,0,0,0,0,1
99774,0,0,0,0,0,0,0,0,1
99775,0,0,0,0,0,0,0,0,1
99776,0,0,0,0,0,0,0,0,1
99777,0,0,0,0,0,0,0,0,1
99778,0,0,0,0,0,0,0,0,1
99779,0,0,0,0,0,0,0,0,1
99780,0,0,0,0,0,0,0,0,1
99781,0,0,0,0,0,0,0,0,1
99782,0,0,0,0,0,0,0,0,1
99783,0,0,0,0,0,0,0,0,1
99784,0,0,0,0,0,0,0,0,1
99785,0,0,0,0,0,0,0,0,1
99786,0,0,0,0,0,0,0,0,1
99787,0,0,0,0,0,0,0,0,1
99788,0,0,0,0,0,0,0,0,1
99789,0,0,0,0,0,0,0,0,1
99790,0,0,0,0,0,0,0,0,1
99791,0,0,0,0,0,0,0,0,1
99792,0,0,0,0,0,0,0,0,1
99793,0,0,0,0,0,0,0,0,1
99794,0,0,0,0,0,0,0,0,1
99795,0,0,0,0,0,0,0,0,1
99796,0,0,0,0,0,0,0,0,1
99797,0,0,0,0,0,0,0,0,1
99798,0,0,0,0,0,0,0,0,1
99799,0,0,0,0,0,0,0,0,1
99800,0,0,0,0,0,0,0,0,1
99801,0,0,0,0,0,0,0,0,1
99802,0,0,0,0,0,0,0,0,1
99803,0,0,0,0,0,0,0,0,1
99804,0,0,0,0,0,0,0,0,1
99805,0,0,0,0,0,0,0,0,1
99806,0,0,0,0,0,0,0,0,1
99807,0,0,0,0,0,0,0,0,1
99808,0,0,0,0,0,0,0,0,1
99809,0,0,0,0,0,0,0,0,1
99810,0,0,0,0,0,0,0,0,1
99811,0,0,0,0,0,0,0,0,1
99812,0,0,0,0,0,0,0,0,1
99813,0,0,0,0,0,0,0,0,1
99814,0,0,0,0,0,0,0,0,1
99815,0,0,0,0,0,0,0,0,1
99816,0,0,0,0,0,0,0,0,1
99817,0,0,0,0,0,0,0,0,1
99818,0,0,0,0,0,0,0,0,1
99819,0,0,0,0,0,0,0,0,1
99820,0,0,0,0,0,0,0,0,1
99821,0,0,0,0,0,0,0,0,1
99822,0,0,0,0,0,0,0,0,1
99823,0,0,0,0,0,0,0,0,1
99824,0,0,0,0,0,0,0,0,1
99825,0,0,0,0,0,0,0,0,1
99826,0,0,0,0,0,0,0,0,1
99827,0,0,0,0,0,0,0,0,1
99828,0,0,0,0,0,0,0,0,1
99829,0,0,0,0,0,0,0,0,1
99830,0,0,0,0,0,0,0,0,1
99831,0,0,0,0,0,0,0,0,1
99832,0,0,0,0,0,0,0,0,1
99833,0,0,0,0,0,0,0,0,1
99834,0,0,0,0,0,0,0,0,1
99835,0,0,0,0,0,0,0,0,1
99836,0,0,0,0,0,0,0,0,1
99837,0,0,0,0,0,0,0,0,1
99838,0,0,0,0,0,0,0,0,1
99839,0,0,0,0,0,0,0,0,1
99840,0,0,0,0,0,0,0,0,1
99841,0,0,0,0,0,0,0,0,1
99842,0,0,0,0,0,0,0,0,1
99843,0,0,0,0,0,0,0,0,1
99844,0,0,0,0,0,0,0,0,1
99845,0,0,0,0,0,0,0,0,1
99846,0,0,0,0,0,0,0,0,1
99847,0,0,0,0,0,0,0,0,1
99848,0,0,0,0,0,0,0,0,1
99849,0,0,0,0,0,0,0,0,1
99850,0,0,0,0,0,0,0,0,1
99851,0,0,0,0,0,0,0,0,1
99852,0,0,0,0,0,0,0,0,1
99853,0,0,0,0,0,0,0,0,1
99854,0,0,0,0,0,0,0,0,1
99855,0,0,0,0,0,0,0,0,1
99856,0,0,0,0,0,0,0,0,1
99857,0,0,0,0,0,0,0,0,1
99858,0,0,0,0,0,0,0,0,1
99859,0,0,0,0,0,0,0,0,1
99860,0,0,0,0,0,0,0,0,1
99861,0,0,0,0,0,0,0,0,1
99862,0,0,0,0,0,0,0,0,1
99863,0,0,0,0,0,0,0,0,1
99864,0,0,0,0,0,0,0,0,1
99865,0,0,0,0,0,0,0,0,1
99866,0,0,0,0,0,0,0,0,1
99867,0,0,0,0,0,0,0,0,1
99868,0,0,0,0,0,0,0,0,1
99869,0,0,0,0,0,0,0,0,1
99870,0,0,0,0,0,0,0,0,1
99871,0,0,0,0,0,0,0,0,1
99872,0,0,0,0,0,0,0,0,1
99873,0,0,0,0,0,0,0,0,1
99874,0,0,0,0,0,0,0,0,1
99875,0,0,0,0,0,0,0,0,1
99876,0,0,0,0,0,0,0,0,1
99877,0,0,0,0,0,0,0,0,1
99878,0,0,0,0,0,0,0,0,1
99879,0,0,0,0,0,0,0,0,1
99880,0,0,0,0,0,0,0,0,1
99881,0,0,0,0,0,0,0,0,1
99882,0,0,0,0,0,0,0,0,1
99883,0,0,0,0,0,0,0,0,1
99884,0,0,0,0,0,0,0,0,1
99885,0,0,0,0,0,0,0,0,1
99886,0,0,0,0,0,0,0,0,1
99887,0,0,0,0,0,0,0,0,1
99888,0,0,0,0,0,0,0,0,1
99889,0,0,0,0,0,0,0,0,1
99890,0,0,0,0,0,0,0,0,1
99891,0,0,0,0,0,0,0,0,1
99892,0,0,0,0,0,0,0,0,1
99893,0,0,0,0,0,0,0,0,1
99894,0,0,0,0,0,0,0,0,1
99895,0,0,0,0,0,0,0,0,1
99896,0,0,0,0,0,0,0,0,1
99897,0,0,0,0,0,0,0,0,1
99898,0,0,0,0,0,0,0,0,1
99899,0,0,0,0,0,0,0,0,1
99900,0,0,0,0,0,0,0,0,1
99901,0,0,0,0,0,0,0,0,1
99902,0,0,0,0,0,0,0,0,1
99903,0,0,0,0,0,0,0,0,1
99904,0,0,0,0,0,0,0,0,1
99905,0,0,0,0,0,0,0,0,1
99906,0,0,0,0,0,0,0,0,1
99907,0,0,0,0,0,0,0,0,1
99908,0,0,0,0,0,0,0,0,1
99909,0,0,0,0,0,0,0,0,1
99910,0,0,0,0,0,0,0,0,1
99911,0,0,0,0,0,0,0,0,1
99912,0,0,0,0,0,0,0,0,1
99913,0,0,0,0,0,0,0,0,1
99914,0,0,0,0,0,0,0,0,1
99915,0,0,0,0,0,0,0,0,1
99916,0,0,0,0,0,0,0,0,1
99917,0,0,0,0,0,0,0,0,1
99918,0,0,0,0,0,0,0,0,1
99919,0,0,0,0,0,0,0,0,1
99920,0,0,0,0,0,0,0,0,1
99921,0,0,0,0,0,0,0,0,1
99922,0,0,0,0,0,0,0,0,1
99923,0,0,0,0,0,0,0,0,1
99924,0,0,0,0,0,0,0,0,1
99925,0,0,0,0,0,0,0,0,1
99926,0,0,0,0,0,0,0,0,1
99927,0,0,0,0,0,0,0,0,1
99928,0,0,0,0,0,0,0,0,1
99929,0,0,0,0,0,0,0,0,1
99930,0,0,0,0,0,0,0,0,1
99931,0,0,0,0,0,0,0,0,1
99932,0,0,0,0,0,0,0,0,1
99933,0,0,0,0,0,0,0,0,1
99934,0,0,0,0,0,0,0,0,1
99935,0,0,0,0,0,0,0,0,1
99936,0,0,0,0,0,0,0,0,1
99937,0,0,0,0,0,0,0,0,1
99938,0,0,0,0,0,0,0,0,1
99939,0,0,0,0,0,0,0,0,1
99940,0,0,0,0,0,0,0,0,1
99941,0,0,0,0,0,0,0,0,1
99942,0,0,0,0,0,0,0,0,1
99943,0,0,0,0,0,0,0,0,1
99944,0,0,0,0,0,0,0,0,1
99945,0,0,0,0,0,0,0,0,1
99946,0,0,0,0,0,0,0,0,1
99947,0,0,0,0,0,0,0,0,1
99948,0,0,0,0,0,0,0,0,1
99949,0,0,0,0,0,0,0,0,1
99950,0,0,0,0,0,0,0,0,1
99951,0,0,0,0,0,0,0,0,1
99952,0,0,0,0,0,0,0,0,1
99953,0,0,0,0,0,0,0,0,1
99954,0,0,0,0,0,0,0,0,1
99955,0,0,0,0,0,0,0,0,1
99956,0,0,0,0,0,0,0,0,1
99957,0,0,0,0,0,0,0,0,1
99958,0,0,0,0,0,0,0,0,1
99959,0,0,0,0,0,0,0,0,1
99960,0,0,0,0,0,0,0,0,1
99961,0,0,0,0,0,0,0,0,1
99962,0,0,0,0,0,0,0,0,1
99963,0,0,0,0,0,0,0,0,1
99964,0,0,0,0,0,0,0,0,1
99965,0,0,0,0,0,0,0,0,1
99966,0,0,0,0,0,0,0,0,1
99967,0,0,0,0,0,0,0,0,1
99968,0,0,0,0,0,0,0,0,1
99969,0,0,0,0,0,0,0,0,1
99970,0,0,0,0,0,0,0,0,1
99971,0,0,0,0,0,0,0,0,1
99972,0,0,0,0,0,0,0,0,1
99973,0,0,0,0,0,0,0,0,1
99974,0,0,0,0,0,0,0,0,1
99975,0,0,0,0,0,0,0,0,1
99976,0,0,0,0,0,0,0,0,1
99977,0,0,0,0,0,0,0,0,1
99978,0,0,0,0,0,0,0,0,1
99979,0,0,0,0,0,0,0,0,1
99980,0,0,0,0,0,0,0,0,1
99981,0,0,0,0,0,0,0,0,1
99982,0,0,0,0,0,0,0,0,1
99983,0,0,0,0,0,0,0,0,1
99984,0,0,0,0,0,0,0,0,1
99985,0,0,0,0,0,0,0,0,1
99986,0,0,0,0,0,0,0,0,1
99987,0,0,0,0,0,0,0,0,1
99988,0,0,0,0,0,0,0,0,1
99989,0,0,0,0,0,0,0,0,1
99990,0,0,0,0,0,0,0,0,1
99991,0,0,0,0,0,0,0,0,1
99992,0,0,0,0,0,0,0,0,1
99993,0,0,0,0,0,0,0,0,1
99994,0,0,0,0,0,0,0,0,1
99995,0,0,0,0,0,0,0,0,1
99996,0,0,0,0,0,0,0,0,1
99997,0,0,0,0,0,0,0,0,1
99998,0,0,0,0,0,0,0,0,1
99999,0,0,0,0,0,0,0,0,1
100000,0,0,0,0,0,0,0,0,1
100001,0,0,0,0,0,0,0,0,1
100002,0,0,0,0,0,0,0,0,1
100003,0,0,0,0,0,0,0,0,1
100004,0,0,0,0,0,0,0,0,1
100005,0,0,0,0,0,0,0,0,1
100006,0,0,0,0,0,0,0,0,1
100007,0,0,0,0,0,0,0,0,1
100008,0,0,0,0,0,0,0,0,1
100009,0,0,0,0,0,0,0,0,1
100010,0,0,0,0,0,0,0,0,1
100011,0,0,0,0,0,0,0,0,1
100012,0,0,0,0,0,0,0,0,1
100013,0,0,0,0,0,0,0,0,1
100014,0,0,0,0,0,0,0,0,1
100015,0,0,0,0,0,0,0,0,1
100016,0,0,0,0,0,0,0,0,1
100017,0,0,0,0,0,0,0,0,1
100018,0,0,0,0,0,0,0,0,1
100019,0,0,0,0,0,0,0,0,1
100020,0,0,0,0,0,0,0,0,1
100021,0,0,0,0,0,0,0,0,1
100022,0,0,0,0,0,0,0,0,1
100023,0,0,0,0,0,0,0,0,1
100024,0,0,0,0,0,0,0,0,1
100025,0,0,0,0,0,0,0,0,1
100026,0,0,0,0,0,0,0,0,1
100027,0,0,0,0,0,0,0,0,1
100028,0,0,0,0,0,0,0,0,1
100029,0,0,0,0,0,0,0,0,1
100030,0,0,0,0,0,0,0,0,1
100031,0,0,0,0,0,0,0,0,1
100032,0,0,0,0,0,0,0,0,1
100033,0,0,0,0,0,0,0,0,1
100034,0,0,0,0,0,0,0,0,1
100035,0,0,0,0,0,0,0,0,1
100036,0,0,0,0,0,0,0,0,1
100037,0,0,0,0,0,0,0,0,1
100038,0,0,0,0,0,0,0,0,1
100039,0,0,0,0,0,0,0,0,1
100040,0,0,0,0,0,0,0,0,1
100041,0,0,0,0,0,0,0,0,1
100042,0,0,0,0,0,0,0,0,1
100043,0,0,0,0,0,0,0,0,1
100044,0,0,0,0,0,0,0,0,1
100045,0,0,0,0,0,0,0,0,1
100046,0,0,0,0,0,0,0,0,1
100047,0,0,0,0,0,0,0,0,1
100048,0,0,0,0,0,0,0,0,1
100049,0,0,0,0,0,0,0,0,1
100050,0,0,0,0,0,0,0,0,1
100051,0,0,0,0,0,0,0,0,1
100052,0,0,0,0,0,0,0,0,1
100053,0,0,0,0,0,0,0,0,1
100054,0,0,0,0,0,0,0,0,1
100055,0,0,0,0,0,0,0,0,1
100056,0,0,0,0,0,0,0,0,1
100057,0,0,0,0,0,0,0,0,1
100058,0,0,0,0,0,0,0,0,1
100059,0,0,0,0,0,0,0,0,1
100060,0,0,0,0,0,0,0,0,1
100061,0,0,0,0,0,0,0,0,1
100062,0,0,0,0,0,0,0,0,1
100063,0,0,0,0,0,0,0,0,1
100064,0,0,0,0,0,0,0,0,1
100065,0,0,0,0,0,0,0,0,1
100066,0,0,0,0,0,0,0,0,1
100067,0,0,0,0,0,0,0,0,1
100068,0,0,0,0,0,0,0,0,1
100069,0,0,0,0,0,0,0,0,1
100070,0,0,0,0,0,0,0,0,1
100071,0,0,0,0,0,0,0,0,1
100072,0,0,0,0,0,0,0,0,1
100073,0,0,0,0,0,0,0,0,1
100074,0,0,0,0,0,0,0,0,1
100075,0,0,0,0,0,0,0,0,1
100076,0,0,0,0,0,0,0,0,1
100077,0,0,0,0,0,0,0,0,1
100078,0,0,0,0,0,0,0,0,1
100079,0,0,0,0,0,0,0,0,1
100080,0,0,0,0,0,0,0,0,1
100081,0,0,0,0,0,0,0,0,1
100082,0,0,0,0,0,0,0,0,1
100083,0,0,0,0,0,0,0,0,1
100084,0,0,0,0,0,0,0,0,1
100085,0,0,0,0,0,0,0,0,1
100086,0,0,0,0,0,0,0,0,1
100087,0,0,0,0,0,0,0,0,1
100088,0,0,0,0,0,0,0,0,1
100089,0,0,0,0,0,0,0,0,1
100090,0,0,0,0,0,0,0,0,1
100091,0,0,0,0,0,0,0,0,1
100092,0,0,0,0,0,0,0,0,1
100093,0,0,0,0,0,0,0,0,1
100094,0,0,0,0,0,0,0,0,1
100095,0,0,0,0,0,0,0,0,1
100096,0,0,0,0,0,0,0,0,1
100097,0,0,0,0,0,0,0,0,1
100098,0,0,0,0,0,0,0,0,1
100099,0,0,0,0,0,0,0,0,1
100100,0,0,0,0,0,0,0,0,1
100101,0,0,0,0,0,0,0,0,1
100102,0,0,0,0,0,0,0,0,1
100103,0,0,0,0,0,0,0,0,1
100104,0,0,0,0,0,0,0,0,1
100105,0,0,0,0,0,0,0,0,1
100106,0,0,0,0,0,0,0,0,1
100107,0,0,0,0,0,0,0,0,1
100108,0,0,0,0,0,0,0,0,1
100109,0,0,0,0,0,0,0,0,1
100110,0,0,0,0,0,0,0,0,1
100111,0,0,0,0,0,0,0,0,1
100112,0,0,0,0,0,0,0,0,1
100113,0,0,0,0,0,0,0,0,1
100114,0,0,0,0,0,0,0,0,1
100115,0,0,0,0,0,0,0,0,1
100116,0,0,0,0,0,0,0,0,1
100117,0,0,0,0,0,0,0,0,1
100118,0,0,0,0,0,0,0,0,1
100119,0,0,0,0,0,0,0,0,1
100120,0,0,0,0,0,0,0,0,1
100121,0,0,0,0,0,0,0,0,1
100122,0,0,0,0,0,0,0,0,1
100123,0,0,0,0,0,0,0,0,1
100124,0,0,0,0,0,0,0,0,1
100125,0,0,0,0,0,0,0,0,1
100126,0,0,0,0,0,0,0,0,1
100127,0,0,0,0,0,0,0,0,1
100128,0,0,0,0,0,0,0,0,1
100129,0,0,0,0,0,0,0,0,1
100130,0,0,0,0,0,0,0,0,1
100131,0,0,0,0,0,0,0,0,1
100132,0,0,0,0,0,0,0,0,1
100133,0,0,0,0,0,0,0,0,1
100134,0,0,0,0,0,0,0,0,1
100135,0,0,0,0,0,0,0,0,1
100136,0,0,0,0,0,0,0,0,1
100137,0,0,0,0,0,0,0,0,1
100138,0,0,0,0,0,0,0,0,1
100139,0,0,0,0,0,0,0,0,1
100140,0,0,0,0,0,0,0,0,1
100141,0,0,0,0,0,0,0,0,1
100142,0,0,0,0,0,0,0,0,1
100143,0,0,0,0,0,0,0,0,1
100144,0,0,0,0,0,0,0,0,1
100145,0,0,0,0,0,0,0,0,1
100146,0,0,0,0,0,0,0,0,1
100147,0,0,0,0,0,0,0,0,1
100148,0,0,0,0,0,0,0,0,1
100149,0,0,0,0,0,0,0,0,1
100150,0,0,0,0,0,0,0,0,1
100151,0,0,0,0,0,0,0,0,1
100152,0,0,0,0,0,0,0,0,1
100153,0,0,0,0,0,0,0,0,1
100154,0,0,0,0,0,0,0,0,1
100155,0,0,0,0,0,0,0,0,1
100156,0,0,0,0,0,0,0,0,1
100157,0,0,0,0,0,0,0,0,1
100158,0,0,0,0,0,0,0,0,1
100159,0,0,0,0,0,0,0,0,1
100160,0,0,0,0,0,0,0,0,1
100161,0,0,0,0,0,0,0,0,1
100162,0,0,0,0,0,0,0,0,1
100163,0,0,0,0,0,0,0,0,1
100164,0,0,0,0,0,0,0,0,1
100165,0,0,0,0,0,0,0,0,1
100166,0,0,0,0,0,0,0,0,1
100167,0,0,0,0,0,0,0,0,1
100168,0,0,0,0,0,0,0,0,1
100169,0,0,0,0,0,0,0,0,1
100170,0,0,0,0,0,0,0,0,1
100171,0,0,0,0,0,0,0,0,1
100172,0,0,0,0,0,0,0,0,1
100173,0,0,0,0,0,0,0,0,1
100174,0,0,0,0,0,0,0,0,1
100175,0,0,0,0,0,0,0,0,1
100176,0,0,0,0,0,0,0,0,1
100177,0,0,0,0,0,0,0,0,1
100178,0,0,0,0,0,0,0,0,1
100179,0,0,0,0,0,0,0,0,1
100180,0,0,0,0,0,0,0,0,1
100181,0,0,0,0,0,0,0,0,1
100182,0,0,0,0,0,0,0,0,1
100183,0,0,0,0,0,0,0,0,1
100184,0,0,0,0,0,0,0,0,1
100185,0,0,0,0,0,0,0,0,1
100186,0,0,0,0,0,0,0,0,1
100187,0,0,0,0,0,0,0,0,1
100188,0,0,0,0,0,0,0,0,1
100189,0,0,0,0,0,0,0,0,1
100190,0,0,0,0,0,0,0,0,1
100191,0,0,0,0,0,0,0,0,1
100192,0,0,0,0,0,0,0,0,1
100193,0,0,0,0,0,0,0,0,1
100194,0,0,0,0,0,0,0,0,1
100195,0,0,0,0,0,0,0,0,1
100196,0,0,0,0,0,0,0,0,1
100197,0,0,0,0,0,0,0,0,1
100198,0,0,0,0,0,0,0,0,1
100199,0,0,0,0,0,0,0,0,1
100200,0,0,0,0,0,0,0,0,1
100201,0,0,0,0,0,0,0,0,1
100202,0,0,0,0,0,0,0,0,1
100203,0,0,0,0,0,0,0,0,1
100204,0,0,0,0,0,0,0,0,1
100205,0,0,0,0,0,0,0,0,1
100206,0,0,0,0,0,0,0,0,1
100207,0,0,0,0,0,0,0,0,1
100208,0,0,0,0,0,0,0,0,1
100209,0,0,0,0,0,0,0,0,1
100210,0,0,0,0,0,0,0,0,1
100211,0,0,0,0,0,0,0,0,1
100212,0,0,0,0,0,0,0,0,1
100213,0,0,0,0,0,0,0,0,1
100214,0,0,0,0,0,0,0,0,1
100215,0,0,0,0,0,0,0,0,1
100216,0,0,0,0,0,0,0,0,1
100217,0,0,0,0,0,0,0,0,1
100218,0,0,0,0,0,0,0,0,1
100219,0,0,0,0,0,0,0,0,1
100220,0,0,0,0,0,0,0,0,1
100221,0,0,0,0,0,0,0,0,1
100222,0,0,0,0,0,0,0,0,1
100223,0,0,0,0,0,0,0,0,1
100224,0,0,0,0,0,0,0,0,1
100225,0,0,0,0,0,0,0,0,1
100226,0,0,0,0,0,0,0,0,1
100227,0,0,0,0,0,0,0,0,1
100228,0,0,0,0,0,0,0,0,1
100229,0,0,0,0,0,0,0,0,1
100230,0,0,0,0,0,0,0,0,1
100231,0,0,0,0,0,0,0,0,1
100232,0,0,0,0,0,0,0,0,1
100233,0,0,0,0,0,0,0,0,1
100234,0,0,0,0,0,0,0,0,1
100235,0,0,0,0,0,0,0,0,1
100236,0,0,0,0,0,0,0,0,1
100237,0,0,0,0,0,0,0,0,1
100238,0,0,0,0,0,0,0,0,1
100239,0,0,0,0,0,0,0,0,1
100240,0,0,0,0,0,0,0,0,1
100241,0,0,0,0,0,0,0,0,1
100242,0,0,0,0,0,0,0,0,1
100243,0,0,0,0,0,0,0,0,1
100244,0,0,0,0,0,0,0,0,1
100245,0,0,0,0,0,0,0,0,1
100246,0,0,0,0,0,0,0,0,1
100247,0,0,0,0,0,0,0,0,1
100248,0,0,0,0,0,0,0,0,1
100249,0,0,0,0,0,0,0,0,1
100250,0,0,0,0,0,0,0,0,1
100251,0,0,0,0,0,0,0,0,1
100252,0,0,0,0,0,0,0,0,1
100253,0,0,0,0,0,0,0,0,1
100254,0,0,0,0,0,0,0,0,1
100255,0,0,0,0,0,0,0,0,1
100256,0,0,0,0,0,0,0,0,1
100257,0,0,0,0,0,0,0,0,1
100258,0,0,0,0,0,0,0,0,1
100259,0,0,0,0,0,0,0,0,1
100260,0,0,0,0,0,0,0,0,1
100261,0,0,0,0,0,0,0,0,1
100262,0,0,0,0,0,0,0,0,1
100263,0,0,0,0,0,0,0,0,1
100264,0,0,0,0,0,0,0,0,1
100265,0,0,0,0,0,0,0,0,1
100266,0,0,0,0,0,0,0,0,1
100267,0,0,0,0,0,0,0,0,1
100268,0,0,0,0,0,0,0,0,1
100269,0,0,0,0,0,0,0,0,1
100270,0,0,0,0,0,0,0,0,1
100271,0,0,0,0,0,0,0,0,1
100272,0,0,0,0,0,0,0,0,1
100273,0,0,0,0,0,0,0,0,1
100274,0,0,0,0,0,0,0,0,1
100275,0,0,0,0,0,0,0,0,1
100276,0,0,0,0,0,0,0,0,1
100277,0,0,0,0,0,0,0,0,1
100278,0,0,0,0,0,0,0,0,1
100279,0,0,0,0,0,0,0,0,1
100280,0,0,0,0,0,0,0,0,1
100281,0,0,0,0,0,0,0,0,1
100282,0,0,0,0,0,0,0,0,1
100283,0,0,0,0,0,0,0,0,1
100284,0,0,0,0,0,0,0,0,1
100285,0,0,0,0,0,0,0,0,1
100286,0,0,0,0,0,0,0,0,1
100287,0,0,0,0,0,0,0,0,1
100288,0,0,0,0,0,0,0,0,1
100289,0,0,0,0,0,0,0,0,1
100290,0,0,0,0,0,0,0,0,1
100291,0,0,0,0,0,0,0,0,1
100292,0,0,0,0,0,0,0,0,1
100293,0,0,0,0,0,0,0,0,1
100294,0,0,0,0,0,0,0,0,1
100295,0,0,0,0,0,0,0,0,1
100296,0,0,0,0,0,0,0,0,1
100297,0,0,0,0,0,0,0,0,1
100298,0,0,0,0,0,0,0,0,1
100299,0,0,0,0,0,0,0,0,1
100300,0,0,0,0,0,0,0,0,1
100301,0,0,0,0,0,0,0,0,1
100302,0,0,0,0,0,0,0,0,1
100303,0,0,0,0,0,0,0,0,1
100304,0,0,0,0,0,0,0,0,1
100305,0,0,0,0,0,0,0,0,1
100306,0,0,0,0,0,0,0,0,1
100307,0,0,0,0,0,0,0,0,1
100308,0,0,0,0,0,0,0,0,1
100309,0,0,0,0,0,0,0,0,1
100310,0,0,0,0,0,0,0,0,1
100311,0,0,0,0,0,0,0,0,1
100312,0,0,0,0,0,0,0,0,1
100313,0,0,0,0,0,0,0,0,1
100314,0,0,0,0,0,0,0,0,1
100315,0,0,0,0,0,0,0,0,1
100316,0,0,0,0,0,0,0,0,1
100317,0,0,0,0,0,0,0,0,1
100318,0,0,0,0,0,0,0,0,1
100319,0,0,0,0,0,0,0,0,1
100320,0,0,0,0,0,0,0,0,1
100321,0,0,0,0,0,0,0,0,1
100322,0,0,0,0,0,0,0,0,1
100323,0,0,0,0,0,0,0,0,1
100324,0,0,0,0,0,0,0,0,1
100325,0,0,0,0,0,0,0,0,1
100326,0,0,0,0,0,0,0,0,1
100327,0,0,0,0,0,0,0,0,1
100328,0,0,0,0,0,0,0,0,1
100329,0,0,0,0,0,0,0,0,1
100330,0,0,0,0,0,0,0,0,1
100331,0,0,0,0,0,0,0,0,1
100332,0,0,0,0,0,0,0,0,1
100333,0,0,0,0,0,0,0,0,1
100334,0,0,0,0,0,0,0,0,1
100335,0,0,0,0,0,0,0,0,1
100336,0,0,0,0,0,0,0,0,1
100337,0,0,0,0,0,0,0,0,1
100338,0,0,0,0,0,0,0,0,1
100339,0,0,0,0,0,0,0,0,1
100340,0,0,0,0,0,0,0,0,1
100341,0,0,0,0,0,0,0,0,1
100342,0,0,0,0,0,0,0,0,1
100343,0,0,0,0,0,0,0,0,1
100344,0,0,0,0,0,0,0,0,1
100345,0,0,0,0,0,0,0,0,1
100346,0,0,0,0,0,0,0,0,1
100347,0,0,0,0,0,0,0,0,1
100348,0,0,0,0,0,0,0,0,1
100349,0,0,0,0,0,0,0,0,1
100350,0,0,0,0,0,0,0,0,1
100351,0,0,0,0,0,0,0,0,1
100352,0,0,0,0,0,0,0,0,1
100353,0,0,0,0,0,0,0,0,1
100354,0,0,0,0,0,0,0,0,1
100355,0,0,0,0,0,0,0,0,1
100356,0,0,0,0,0,0,0,0,1
100357,0,0,0,0,0,0,0,0,1
100358,0,0,0,0,0,0,0,0,1
100359,0,0,0,0,0,0,0,0,1
100360,0,0,0,0,0,0,0,0,1
100361,0,0,0,0,0,0,0,0,1
100362,0,0,0,0,0,0,0,0,1
100363,0,0,0,0,0,0,0,0,1
100364,0,0,0,0,0,0,0,0,1
100365,0,0,0,0,0,0,0,0,1
100366,0,0,0,0,0,0,0,0,1
100367,0,0,0,0,0,0,0,0,1
100368,0,0,0,0,0,0,0,0,1
100369,0,0,0,0,0,0,0,0,1
100370,0,0,0,0,0,0,0,0,1
100371,0,0,0,0,0,0,0,0,1
100372,0,0,0,0,0,0,0,0,1
100373,0,0,0,0,0,0,0,0,1
100374,0,0,0,0,0,0,0,0,1
100375,0,0,0,0,0,0,0,0,1
100376,0,0,0,0,0,0,0,0,1
100377,0,0,0,0,0,0,0,0,1
100378,0,0,0,0,0,0,0,0,1
100379,0,0,0,0,0,0,0,0,1
100380,0,0,0,0,0,0,0,0,1
100381,0,0,0,0,0,0,0,0,1
100382,0,0,0,0,0,0,0,0,1
100383,0,0,0,0,0,0,0,0,1
100384,0,0,0,0,0,0,0,0,1
100385,0,0,0,0,0,0,0,0,1
100386,0,0,0,0,0,0,0,0,1
100387,0,0,0,0,0,0,0,0,1
100388,0,0,0,0,0,0,0,0,1
100389,0,0,0,0,0,0,0,0,1
100390,0,0,0,0,0,0,0,0,1
100391,0,0,0,0,0,0,0,0,1
100392,0,0,0,0,0,0,0,0,1
100393,0,0,0,0,0,0,0,0,1
100394,0,0,0,0,0,0,0,0,1
100395,0,0,0,0,0,0,0,0,1
100396,0,0,0,0,0,0,0,0,1
100397,0,0,0,0,0,0,0,0,1
100398,0,0,0,0,0,0,0,0,1
100399,0,0,0,0,0,0,0,0,1
100400,0,0,0,0,0,0,0,0,1
100401,0,0,0,0,0,0,0,0,1
100402,0,0,0,0,0,0,0,0,1
100403,0,0,0,0,0,0,0,0,1
100404,0,0,0,0,0,0,0,0,1
100405,0,0,0,0,0,0,0,0,1
100406,0,0,0,0,0,0,0,0,1
100407,0,0,0,0,0,0,0,0,1
100408,0,0,0,0,0,0,0,0,1
100409,0,0,0,0,0,0,0,0,1
100410,0,0,0,0,0,0,0,0,1
100411,0,0,0,0,0,0,0,0,1
100412,0,0,0,0,0,0,0,0,1
100413,0,0,0,0,0,0,0,0,1
100414,0,0,0,0,0,0,0,0,1
100415,0,0,0,0,0,0,0,0,1
100416,0,0,0,0,0,0,0,0,1
100417,0,0,0,0,0,0,0,0,1
100418,0,0,0,0,0,0,0,0,1
100419,0,0,0,0,0,0,0,0,1
100420,0,0,0,0,0,0,0,0,1
100421,0,0,0,0,0,0,0,0,1
100422,0,0,0,0,0,0,0,0,1
100423,0,0,0,0,0,0,0,0,1
100424,0,0,0,0,0,0,0,0,1
100425,0,0,0,0,0,0,0,0,1
100426,0,0,0,0,0,0,0,0,1
100427,0,0,0,0,0,0,0,0,1
100428,0,0,0,0,0,0,0,0,1
100429,0,0,0,0,0,0,0,0,1
100430,0,0,0,0,0,0,0,0,1
100431,0,0,0,0,0,0,0,0,1
100432,0,0,0,0,0,0,0,0,1
100433,0,0,0,0,0,0,0,0,1
100434,0,0,0,0,0,0,0,0,1
100435,0,0,0,0,0,0,0,0,1
100436,0,0,0,0,0,0,0,0,1
100437,0,0,0,0,0,0,0,0,1
100438,0,0,0,0,0,0,0,0,1
100439,0,0,0,0,0,0,0,0,1
100440,0,0,0,0,0,0,0,0,1
100441,0,0,0,0,0,0,0,0,1
100442,0,0,0,0,0,0,0,0,1
100443,0,0,0,0,0,0,0,0,1
100444,0,0,0,0,0,0,0,0,1
100445,0,0,0,0,0,0,0,0,1
100446,0,0,0,0,0,0,0,0,1
100447,0,0,0,0,0,0,0,0,1
100448,0,0,0,0,0,0,0,0,1
100449,0,0,0,0,0,0,0,0,1
100450,0,0,0,0,0,0,0,0,1
100451,0,0,0,0,0,0,0,0,1
100452,0,0,0,0,0,0,0,0,1
100453,0,0,0,0,0,0,0,0,1
100454,0,0,0,0,0,0,0,0,1
100455,0,0,0,0,0,0,0,0,1
100456,0,0,0,0,0,0,0,0,1
100457,0,0,0,0,0,0,0,0,1
100458,0,0,0,0,0,0,0,0,1
100459,0,0,0,0,0,0,0,0,1
100460,0,0,0,0,0,0,0,0,1
100461,0,0,0,0,0,0,0,0,1
100462,0,0,0,0,0,0,0,0,1
100463,0,0,0,0,0,0,0,0,1
100464,0,0,0,0,0,0,0,0,1
100465,0,0,0,0,0,0,0,0,1
100466,0,0,0,0,0,0,0,0,1
100467,0,0,0,0,0,0,0,0,1
100468,0,0,0,0,0,0,0,0,1
100469,0,0,0,0,0,0,0,0,1
100470,0,0,0,0,0,0,0,0,1
100471,0,0,0,0,0,0,0,0,1
100472,0,0,0,0,0,0,0,0,1
100473,0,0,0,0,0,0,0,0,1
100474,0,0,0,0,0,0,0,0,1
100475,0,0,0,0,0,0,0,0,1
100476,0,0,0,0,0,0,0,0,1
100477,0,0,0,0,0,0,0,0,1
100478,0,0,0,0,0,0,0,0,1
100479,0,0,0,0,0,0,0,0,1
100480,0,0,0,0,0,0,0,0,1
100481,0,0,0,0,0,0,0,0,1
100482,0,0,0,0,0,0,0,0,1
100483,0,0,0,0,0,0,0,0,1
100484,0,0,0,0,0,0,0,0,1
100485,0,0,0,0,0,0,0,0,1
100486,0,0,0,0,0,0,0,0,1
100487,0,0,0,0,0,0,0,0,1
100488,0,0,0,0,0,0,0,0,1
100489,0,0,0,0,0,0,0,0,1
100490,0,0,0,0,0,0,0,0,1
100491,0,0,0,0,0,0,0,0,1
100492,0,0,0,0,0,0,0,0,1
100493,0,0,0,0,0,0,0,0,1
100494,0,0,0,0,0,0,0,0,1
100495,0,0,0,0,0,0,0,0,1
100496,0,0,0,0,0,0,0,0,1
100497,0,0,0,0,0,0,0,0,1
100498,0,0,0,0,0,0,0,0,1
100499,0,0,0,0,0,0,0,0,1
100500,0,0,0,0,0,0,0,0,1
100501,0,0,0,0,0,0,0,0,1
100502,0,0,0,0,0,0,0,0,1
100503,0,0,0,0,0,0,0,0,1
100504,0,0,0,0,0,0,0,0,1
100505,0,0,0,0,0,0,0,0,1
100506,0,0,0,0,0,0,0,0,1
100507,0,0,0,0,0,0,0,0,1
100508,0,0,0,0,0,0,0,0,1
100509,0,0,0,0,0,0,0,0,1
100510,0,0,0,0,0,0,0,0,1
100511,0,0,0,0,0,0,0,0,1
100512,0,0,0,0,0,0,0,0,1
100513,0,0,0,0,0,0,0,0,1
100514,0,0,0,0,0,0,0,0,1
100515,0,0,0,0,0,0,0,0,1
100516,0,0,0,0,0,0,0,0,1
100517,0,0,0,0,0,0,0,0,1
100518,0,0,0,0,0,0,0,0,1
100519,0,0,0,0,0,0,0,0,1
100520,0,0,0,0,0,0,0,0,1
100521,0,0,0,0,0,0,0,0,1
100522,0,0,0,0,0,0,0,0,1
100523,0,0,0,0,0,0,0,0,1
100524,0,0,0,0,0,0,0,0,1
100525,0,0,0,0,0,0,0,0,1
100526,0,0,0,0,0,0,0,0,1
100527,0,0,0,0,0,0,0,0,1
100528,0,0,0,0,0,0,0,0,1
100529,0,0,0,0,0,0,0,0,1
100530,0,0,0,0,0,0,0,0,1
100531,0,0,0,0,0,0,0,0,1
100532,0,0,0,0,0,0,0,0,1
100533,0,0,0,0,0,0,0,0,1
100534,0,0,0,0,0,0,0,0,1
100535,0,0,0,0,0,0,0,0,1
100536,0,0,0,0,0,0,0,0,1
100537,0,0,0,0,0,0,0,0,1
100538,0,0,0,0,0,0,0,0,1
100539,0,0,0,0,0,0,0,0,1
100540,0,0,0,0,0,0,0,0,1
100541,0,0,0,0,0,0,0,0,1
100542,0,0,0,0,0,0,0,0,1
100543,0,0,0,0,0,0,0,0,1
100544,0,0,0,0,0,0,0,0,1
100545,0,0,0,0,0,0,0,0,1
100546,0,0,0,0,0,0,0,0,1
100547,0,0,0,0,0,0,0,0,1
100548,0,0,0,0,0,0,0,0,1
100549,0,0,0,0,0,0,0,0,1
100550,0,0,0,0,0,0,0,0,1
100551,0,0,0,0,0,0,0,0,1
100552,0,0,0,0,0,0,0,0,1
100553,0,0,0,0,0,0,0,0,1
100554,0,0,0,0,0,0,0,0,1
100555,0,0,0,0,0,0,0,0,1
100556,0,0,0,0,0,0,0,0,1
100557,0,0,0,0,0,0,0,0,1
100558,0,0,0,0,0,0,0,0,1
100559,0,0,0,0,0,0,0,0,1
100560,0,0,0,0,0,0,0,0,1
100561,0,0,0,0,0,0,0,0,1
100562,0,0,0,0,0,0,0,0,1
100563,0,0,0,0,0,0,0,0,1
100564,0,0,0,0,0,0,0,0,1
100565,0,0,0,0,0,0,0,0,1
100566,0,0,0,0,0,0,0,0,1
100567,0,0,0,0,0,0,0,0,1
100568,0,0,0,0,0,0,0,0,1
100569,0,0,0,0,0,0,0,0,1
100570,0,0,0,0,0,0,0,0,1
100571,0,0,0,0,0,0,0,0,1
100572,0,0,0,0,0,0,0,0,1
100573,0,0,0,0,0,0,0,0,1
100574,0,0,0,0,0,0,0,0,1
100575,0,0,0,0,0,0,0,0,1
100576,0,0,0,0,0,0,0,0,1
100577,0,0,0,0,0,0,0,0,1
100578,0,0,0,0,0,0,0,0,1
100579,0,0,0,0,0,0,0,0,1
100580,0,0,0,0,0,0,0,0,1
100581,0,0,0,0,0,0,0,0,1
100582,0,0,0,0,0,0,0,0,1
100583,0,0,0,0,0,0,0,0,1
100584,0,0,0,0,0,0,0,0,1
100585,0,0,0,0,0,0,0,0,1
100586,0,0,0,0,0,0,0,0,1
100587,0,0,0,0,0,0,0,0,1
100588,0,0,0,0,0,0,0,0,1
100589,0,0,0,0,0,0,0,0,1
100590,0,0,0,0,0,0,0,0,1
100591,0,0,0,0,0,0,0,0,1
100592,0,0,0,0,0,0,0,0,1
100593,0,0,0,0,0,0,0,0,1
100594,0,0,0,0,0,0,0,0,1
100595,0,0,0,0,0,0,0,0,1
100596,0,0,0,0,0,0,0,0,1
100597,0,0,0,0,0,0,0,0,1
100598,0,0,0,0,0,0,0,0,1
100599,0,0,0,0,0,0,0,0,1
100600,0,0,0,0,0,0,0,0,1
100601,0,0,0,0,0,0,0,0,1
100602,0,0,0,0,0,0,0,0,1
100603,0,0,0,0,0,0,0,0,1
100604,0,0,0,0,0,0,0,0,1
100605,0,0,0,0,0,0,0,0,1
100606,0,0,0,0,0,0,0,0,1
100607,0,0,0,0,0,0,0,0,1
100608,0,0,0,0,0,0,0,0,1
100609,0,0,0,0,0,0,0,0,1
100610,0,0,0,0,0,0,0,0,1
100611,0,0,0,0,0,0,0,0,1
100612,0,0,0,0,0,0,0,0,1
100613,0,0,0,0,0,0,0,0,1
100614,0,0,0,0,0,0,0,0,1
100615,0,0,0,0,0,0,0,0,1
100616,0,0,0,0,0,0,0,0,1
100617,0,0,0,0,0,0,0,0,1
100618,0,0,0,0,0,0,0,0,1
100619,0,0,0,0,0,0,0,0,1
100620,0,0,0,0,0,0,0,0,1
100621,0,0,0,0,0,0,0,0,1
100622,0,0,0,0,0,0,0,0,1
100623,0,0,0,0,0,0,0,0,1
100624,0,0,0,0,0,0,0,0,1
100625,0,0,0,0,0,0,0,0,1
100626,0,0,0,0,0,0,0,0,1
100627,0,0,0,0,0,0,0,0,1
100628,0,0,0,0,0,0,0,0,1
100629,0,0,0,0,0,0,0,0,1
100630,0,0,0,0,0,0,0,0,1
100631,0,0,0,0,0,0,0,0,1
100632,0,0,0,0,0,0,0,0,1
100633,0,0,0,0,0,0,0,0,1
100634,0,0,0,0,0,0,0,0,1
100635,0,0,0,0,0,0,0,0,1
100636,0,0,0,0,0,0,0,0,1
100637,0,0,0,0,0,0,0,0,1
100638,0,0,0,0,0,0,0,0,1
100639,0,0,0,0,0,0,0,0,1
100640,0,0,0,0,0,0,0,0,1
100641,0,0,0,0,0,0,0,0,1
100642,0,0,0,0,0,0,0,0,1
100643,0,0,0,0,0,0,0,0,1
100644,0,0,0,0,0,0,0,0,1
100645,0,0,0,0,0,0,0,0,1
100646,0,0,0,0,0,0,0,0,1
100647,0,0,0,0,0,0,0,0,1
100648,0,0,0,0,0,0,0,0,1
100649,0,0,0,0,0,0,0,0,1
100650,0,0,0,0,0,0,0,0,1
100651,0,0,0,0,0,0,0,0,1
100652,0,0,0,0,0,0,0,0,1
100653,0,0,0,0,0,0,0,0,1
100654,0,0,0,0,0,0,0,0,1
100655,0,0,0,0,0,0,0,0,1
100656,0,0,0,0,0,0,0,0,1
100657,0,0,0,0,0,0,0,0,1
100658,0,0,0,0,0,0,0,0,1
100659,0,0,0,0,0,0,0,0,1
100660,0,0,0,0,0,0,0,0,1
100661,0,0,0,0,0,0,0,0,1
100662,0,0,0,0,0,0,0,0,1
100663,0,0,0,0,0,0,0,0,1
100664,0,0,0,0,0,0,0,0,1
100665,0,0,0,0,0,0,0,0,1
100666,0,0,0,0,0,0,0,0,1
100667,0,0,0,0,0,0,0,0,1
100668,0,0,0,0,0,0,0,0,1
100669,0,0,0,0,0,0,0,0,1
100670,0,0,0,0,0,0,0,0,1
100671,0,0,0,0,0,0,0,0,1
100672,0,0,0,0,0,0,0,0,1
100673,0,0,0,0,0,0,0,0,1
100674,0,0,0,0,0,0,0,0,1
100675,0,0,0,0,0,0,0,0,1
100676,0,0,0,0,0,0,0,0,1
100677,0,0,0,0,0,0,0,0,1
100678,0,0,0,0,0,0,0,0,1
100679,0,0,0,0,0,0,0,0,1
100680,0,0,0,0,0,0,0,0,1
100681,0,0,0,0,0,0,0,0,1
100682,0,0,0,0,0,0,0,0,1
100683,0,0,0,0,0,0,0,0,1
100684,0,0,0,0,0,0,0,0,1
100685,0,0,0,0,0,0,0,0,1
100686,0,0,0,0,0,0,0,0,1
100687,0,0,0,0,0,0,0,0,1
100688,0,0,0,0,0,0,0,0,1
100689,0,0,0,0,0,0,0,0,1
100690,0,0,0,0,0,0,0,0,1
100691,0,0,0,0,0,0,0,0,1
100692,0,0,0,0,0,0,0,0,1
100693,0,0,0,0,0,0,0,0,1
100694,0,0,0,0,0,0,0,0,1
100695,0,0,0,0,0,0,0,0,1
100696,0,0,0,0,0,0,0,0,1
100697,0,0,0,0,0,0,0,0,1
100698,0,0,0,0,0,0,0,0,1
100699,0,0,0,0,0,0,0,0,1
100700,0,0,0,0,0,0,0,0,1
100701,0,0,0,0,0,0,0,0,1
100702,0,0,0,0,0,0,0,0,1
100703,0,0,0,0,0,0,0,0,1
100704,0,0,0,0,0,0,0,0,1
100705,0,0,0,0,0,0,0,0,1
100706,0,0,0,0,0,0,0,0,1
100707,0,0,0,0,0,0,0,0,1
100708,0,0,0,0,0,0,0,0,1
100709,0,0,0,0,0,0,0,0,1
100710,0,0,0,0,0,0,0,0,1
100711,0,0,0,0,0,0,0,0,1
100712,0,0,0,0,0,0,0,0,1
100713,0,0,0,0,0,0,0,0,1
100714,0,0,0,0,0,0,0,0,1
100715,0,0,0,0,0,0,0,0,1
100716,0,0,0,0,0,0,0,0,1
100717,0,0,0,0,0,0,0,0,1
100718,0,0,0,0,0,0,0,0,1
100719,0,0,0,0,0,0,0,0,1
100720,0,0,0,0,0,0,0,0,1
100721,0,0,0,0,0,0,0,0,1
100722,0,0,0,0,0,0,0,0,1
100723,0,0,0,0,0,0,0,0,1
100724,0,0,0,0,0,0,0,0,1
100725,0,0,0,0,0,0,0,0,1
100726,0,0,0,0,0,0,0,0,1
100727,0,0,0,0,0,0,0,0,1
100728,0,0,0,0,0,0,0,0,1
100729,0,0,0,0,0,0,0,0,1
100730,0,0,0,0,0,0,0,0,1
100731,0,0,0,0,0,0,0,0,1
100732,0,0,0,0,0,0,0,0,1
100733,0,0,0,0,0,0,0,0,1
100734,0,0,0,0,0,0,0,0,1
100735,0,0,0,0,0,0,0,0,1
100736,0,0,0,0,0,0,0,0,1
100737,0,0,0,0,0,0,0,0,1
100738,0,0,0,0,0,0,0,0,1
100739,0,0,0,0,0,0,0,0,1
100740,0,0,0,0,0,0,0,0,1
100741,0,0,0,0,0,0,0,0,1
100742,0,0,0,0,0,0,0,0,1
100743,0,0,0,0,0,0,0,0,1
100744,0,0,0,0,0,0,0,0,1
100745,0,0,0,0,0,0,0,0,1
100746,0,0,0,0,0,0,0,0,1
100747,0,0,0,0,0,0,0,0,1
100748,0,0,0,0,0,0,0,0,1
100749,0,0,0,0,0,0,0,0,1
100750,0,0,0,0,0,0,0,0,1
100751,0,0,0,0,0,0,0,0,1
100752,0,0,0,0,0,0,0,0,1
100753,0,0,0,0,0,0,0,0,1
100754,0,0,0,0,0,0,0,0,1
100755,0,0,0,0,0,0,0,0,1
100756,0,0,0,0,0,0,0,0,1
100757,0,0,0,0,0,0,0,0,1
100758,0,0,0,0,0,0,0,0,1
100759,0,0,0,0,0,0,0,0,1
100760,0,0,0,0,0,0,0,0,1
100761,0,0,0,0,0,0,0,0,1
100762,0,0,0,0,0,0,0,0,1
100763,0,0,0,0,0,0,0,0,1
100764,0,0,0,0,0,0,0,0,1
100765,0,0,0,0,0,0,0,0,1
100766,0,0,0,0,0,0,0,0,1
100767,0,0,0,0,0,0,0,0,1
100768,0,0,0,0,0,0,0,0,1
100769,0,0,0,0,0,0,0,0,1
100770,0,0,0,0,0,0,0,0,1
100771,0,0,0,0,0,0,0,0,1
100772,0,0,0,0,0,0,0,0,1
100773,0,0,0,0,0,0,0,0,1
100774,0,0,0,0,0,0,0,0,1
100775,0,0,0,0,0,0,0,0,1
100776,0,0,0,0,0,0,0,0,1
100777,0,0,0,0,0,0,0,0,1
100778,0,0,0,0,0,0,0,0,1
100779,0,0,0,0,0,0,0,0,1
100780,0,0,0,0,0,0,0,0,1
100781,0,0,0,0,0,0,0,0,1
100782,0,0,0,0,0,0,0,0,1
100783,0,0,0,0,0,0,0,0,1
100784,0,0,0,0,0,0,0,0,1
100785,0,0,0,0,0,0,0,0,1
100786,0,0,0,0,0,0,0,0,1
100787,0,0,0,0,0,0,0,0,1
100788,0,0,0,0,0,0,0,0,1
100789,0,0,0,0,0,0,0,0,1
100790,0,0,0,0,0,0,0,0,1
100791,0,0,0,0,0,0,0,0,1
100792,0,0,0,0,0,0,0,0,1
100793,0,0,0,0,0,0,0,0,1
100794,0,0,0,0,0,0,0,0,1
100795,0,0,0,0,0,0,0,0,1
100796,0,0,0,0,0,0,0,0,1
100797,0,0,0,0,0,0,0,0,1
100798,0,0,0,0,0,0,0,0,1
100799,0,0,0,0,0,0,0,0,1
100800,0,0,0,0,0,0,0,0,1
100801,0,0,0,0,0,0,0,0,1
100802,0,0,0,0,0,0,0,0,1
100803,0,0,0,0,0,0,0,0,1
100804,0,0,0,0,0,0,0,0,1
100805,0,0,0,0,0,0,0,0,1
100806,0,0,0,0,0,0,0,0,1
100807,0,0,0,0,0,0,0,0,1
100808,0,0,0,0,0,0,0,0,1
100809,0,0,0,0,0,0,0,0,1
100810,0,0,0,0,0,0,0,0,1
100811,0,0,0,0,0,0,0,0,1
100812,0,0,0,0,0,0,0,0,1
100813,0,0,0,0,0,0,0,0,1
100814,0,0,0,0,0,0,0,0,1
100815,0,0,0,0,0,0,0,0,1
100816,0,0,0,0,0,0,0,0,1
100817,0,0,0,0,0,0,0,0,1
100818,0,0,0,0,0,0,0,0,1
100819,0,0,0,0,0,0,0,0,1
100820,0,0,0,0,0,0,0,0,1
100821,0,0,0,0,0,0,0,0,1
100822,0,0,0,0,0,0,0,0,1
100823,0,0,0,0,0,0,0,0,1
100824,0,0,0,0,0,0,0,0,1
100825,0,0,0,0,0,0,0,0,1
100826,0,0,0,0,0,0,0,0,1
100827,0,0,0,0,0,0,0,0,1
100828,0,0,0,0,0,0,0,0,1
100829,0,0,0,0,0,0,0,0,1
100830,0,0,0,0,0,0,0,0,1
100831,0,0,0,0,0,0,0,0,1
100832,0,0,0,0,0,0,0,0,1
100833,0,0,0,0,0,0,0,0,1
100834,0,0,0,0,0,0,0,0,1
100835,0,0,0,0,0,0,0,0,1
100836,0,0,0,0,0,0,0,0,1
100837,0,0,0,0,0,0,0,0,1
100838,0,0,0,0,0,0,0,0,1
100839,0,0,0,0,0,0,0,0,1
100840,0,0,0,0,0,0,0,0,1
100841,0,0,0,0,0,0,0,0,1
100842,0,0,0,0,0,0,0,0,1
100843,0,0,0,0,0,0,0,0,1
100844,0,0,0,0,0,0,0,0,1
100845,0,0,0,0,0,0,0,0,1
100846,0,0,0,0,0,0,0,0,1
100847,0,0,0,0,0,0,0,0,1
100848,0,0,0,0,0,0,0,0,1
100849,0,0,0,0,0,0,0,0,1
100850,0,0,0,0,0,0,0,0,1
100851,0,0,0,0,0,0,0,0,1
100852,0,0,0,0,0,0,0,0,1
100853,0,0,0,0,0,0,0,0,1
100854,0,0,0,0,0,0,0,0,1
100855,0,0,0,0,0,0,0,0,1
100856,0,0,0,0,0,0,0,0,1
100857,0,0,0,0,0,0,0,0,1
100858,0,0,0,0,0,0,0,0,1
100859,0,0,0,0,0,0,0,0,1
100860,0,0,0,0,0,0,0,0,1
100861,0,0,0,0,0,0,0,0,1
100862,0,0,0,0,0,0,0,0,1
100863,0,0,0,0,0,0,0,0,1
100864,0,0,0,0,0,0,0,0,1
100865,0,0,0,0,0,0,0,0,1
100866,0,0,0,0,0,0,0,0,1
100867,0,0,0,0,0,0,0,0,1
100868,0,0,0,0,0,0,0,0,1
100869,0,0,0,0,0,0,0,0,1
100870,0,0,0,0,0,0,0,0,1
100871,0,0,0,0,0,0,0,0,1
100872,0,0,0,0,0,0,0,0,1
100873,0,0,0,0,0,0,0,0,1
100874,0,0,0,0,0,0,0,0,1
100875,0,0,0,0,0,0,0,0,1
100876,0,0,0,0,0,0,0,0,1
100877,0,0,0,0,0,0,0,0,1
100878,0,0,0,0,0,0,0,0,1
100879,0,0,0,0,0,0,0,0,1
100880,0,0,0,0,0,0,0,0,1
100881,0,0,0,0,0,0,0,0,1
100882,0,0,0,0,0,0,0,0,1
100883,0,0,0,0,0,0,0,0,1
100884,0,0,0,0,0,0,0,0,1
100885,0,0,0,0,0,0,0,0,1
100886,0,0,0,0,0,0,0,0,1
100887,0,0,0,0,0,0,0,0,1
100888,0,0,0,0,0,0,0,0,1
100889,0,0,0,0,0,0,0,0,1
100890,0,0,0,0,0,0,0,0,1
100891,0,0,0,0,0,0,0,0,1
100892,0,0,0,0,0,0,0,0,1
100893,0,0,0,0,0,0,0,0,1
100894,0,0,0,0,0,0,0,0,1
100895,0,0,0,0,0,0,0,0,1
100896,0,0,0,0,0,0,0,0,1
100897,0,0,0,0,0,0,0,0,1
100898,0,0,0,0,0,0,0,0,1
100899,0,0,0,0,0,0,0,0,1
100900,0,0,0,0,0,0,0,0,1
100901,0,0,0,0,0,0,0,0,1
100902,0,0,0,0,0,0,0,0,1
100903,0,0,0,0,0,0,0,0,1
100904,0,0,0,0,0,0,0,0,1
100905,0,0,0,0,0,0,0,0,1
100906,0,0,0,0,0,0,0,0,1
100907,0,0,0,0,0,0,0,0,1
100908,0,0,0,0,0,0,0,0,1
100909,0,0,0,0,0,0,0,0,1
100910,0,0,0,0,0,0,0,0,1
100911,0,0,0,0,0,0,0,0,1
100912,0,0,0,0,0,0,0,0,1
100913,0,0,0,0,0,0,0,0,1
100914,0,0,0,0,0,0,0,0,1
100915,0,0,0,0,0,0,0,0,1
100916,0,0,0,0,0,0,0,0,1
100917,0,0,0,0,0,0,0,0,1
100918,0,0,0,0,0,0,0,0,1
100919,0,0,0,0,0,0,0,0,1
100920,0,0,0,0,0,0,0,0,1
100921,0,0,0,0,0,0,0,0,1
100922,0,0,0,0,0,0,0,0,1
100923,0,0,0,0,0,0,0,0,1
100924,0,0,0,0,0,0,0,0,1
100925,0,0,0,0,0,0,0,0,1
100926,0,0,0,0,0,0,0,0,1
100927,0,0,0,0,0,0,0,0,1
100928,0,0,0,0,0,0,0,0,1
100929,0,0,0,0,0,0,0,0,1
100930,0,0,0,0,0,0,0,0,1
100931,0,0,0,0,0,0,0,0,1
100932,0,0,0,0,0,0,0,0,1
100933,0,0,0,0,0,0,0,0,1
100934,0,0,0,0,0,0,0,0,1
100935,0,0,0,0,0,0,0,0,1
100936,0,0,0,0,0,0,0,0,1
100937,0,0,0,0,0,0,0,0,1
100938,0,0,0,0,0,0,0,0,1
100939,0,0,0,0,0,0,0,0,1
100940,0,0,0,0,0,0,0,0,1
100941,0,0,0,0,0,0,0,0,1
100942,0,0,0,0,0,0,0,0,1
100943,0,0,0,0,0,0,0,0,1
100944,0,0,0,0,0,0,0,0,1
100945,0,0,0,0,0,0,0,0,1
100946,0,0,0,0,0,0,0,0,1
100947,0,0,0,0,0,0,0,0,1
100948,0,0,0,0,0,0,0,0,1
100949,0,0,0,0,0,0,0,0,1
100950,0,0,0,0,0,0,0,0,1
100951,0,0,0,0,0,0,0,0,1
100952,0,0,0,0,0,0,0,0,1
100953,0,0,0,0,0,0,0,0,1
100954,0,0,0,0,0,0,0,0,1
100955,0,0,0,0,0,0,0,0,1
100956,0,0,0,0,0,0,0,0,1
100957,0,0,0,0,0,0,0,0,1
100958,0,0,0,0,0,0,0,0,1
100959,0,0,0,0,0,0,0,0,1
100960,0,0,0,0,0,0,0,0,1
100961,0,0,0,0,0,0,0,0,1
100962,0,0,0,0,0,0,0,0,1
100963,0,0,0,0,0,0,0,0,1
100964,0,0,0,0,0,0,0,0,1
100965,0,0,0,0,0,0,0,0,1
100966,0,0,0,0,0,0,0,0,1
100967,0,0,0,0,0,0,0,0,1
100968,0,0,0,0,0,0,0,0,1
100969,0,0,0,0,0,0,0,0,1
100970,0,0,0,0,0,0,0,0,1
100971,0,0,0,0,0,0,0,0,1
100972,0,0,0,0,0,0,0,0,1
100973,0,0,0,0,0,0,0,0,1
100974,0,0,0,0,0,0,0,0,1
100975,0,0,0,0,0,0,0,0,1
100976,0,0,0,0,0,0,0,0,1
100977,0,0,0,0,0,0,0,0,1
100978,0,0,0,0,0,0,0,0,1
100979,0,0,0,0,0,0,0,0,1
100980,0,0,0,0,0,0,0,0,1
100981,0,0,0,0,0,0,0,0,1
100982,0,0,0,0,0,0,0,0,1
100983,0,0,0,0,0,0,0,0,1
100984,0,0,0,0,0,0,0,0,1
100985,0,0,0,0,0,0,0,0,1
100986,0,0,0,0,0,0,0,0,1
100987,0,0,0,0,0,0,0,0,1
100988,0,0,0,0,0,0,0,0,1
100989,0,0,0,0,0,0,0,0,1
100990,0,0,0,0,0,0,0,0,1
100991,0,0,0,0,0,0,0,0,1
100992,0,0,0,0,0,0,0,0,1
100993,0,0,0,0,0,0,0,0,1
100994,0,0,0,0,0,0,0,0,1
100995,0,0,0,0,0,0,0,0,1
100996,0,0,0,0,0,0,0,0,1
100997,0,0,0,0,0,0,0,0,1
100998,0,0,0,0,0,0,0,0,1
100999,0,0,0,0,0,0,0,0,1
101000,0,0,0,0,0,0,0,0,1
101001,0,0,0,0,0,0,0,0,1
101002,0,0,0,0,0,0,0,0,1
101003,0,0,0,0,0,0,0,0,1
101004,0,0,0,0,0,0,0,0,1
101005,0,0,0,0,0,0,0,0,1
101006,0,0,0,0,0,0,0,0,1
101007,0,0,0,0,0,0,0,0,1
101008,0,0,0,0,0,0,0,0,1
101009,0,0,0,0,0,0,0,0,1
101010,0,0,0,0,0,0,0,0,1
101011,0,0,0,0,0,0,0,0,1
101012,0,0,0,0,0,0,0,0,1
101013,0,0,0,0,0,0,0,0,1
101014,0,0,0,0,0,0,0,0,1
101015,0,0,0,0,0,0,0,0,1
101016,0,0,0,0,0,0,0,0,1
101017,0,0,0,0,0,0,0,0,1
101018,0,0,0,0,0,0,0,0,1
101019,0,0,0,0,0,0,0,0,1
101020,0,0,0,0,0,0,0,0,1
101021,0,0,0,0,0,0,0,0,1
101022,0,0,0,0,0,0,0,0,1
101023,0,0,0,0,0,0,0,0,1
101024,0,0,0,0,0,0,0,0,1
101025,0,0,0,0,0,0,0,0,1
101026,0,0,0,0,0,0,0,0,1
101027,0,0,0,0,0,0,0,0,1
101028,0,0,0,0,0,0,0,0,1
101029,0,0,0,0,0,0,0,0,1
101030,0,0,0,0,0,0,0,0,1
101031,0,0,0,0,0,0,0,0,1
101032,0,0,0,0,0,0,0,0,1
101033,0,0,0,0,0,0,0,0,1
101034,0,0,0,0,0,0,0,0,1
101035,0,0,0,0,0,0,0,0,1
101036,0,0,0,0,0,0,0,0,1
101037,0,0,0,0,0,0,0,0,1
101038,0,0,0,0,0,0,0,0,1
101039,0,0,0,0,0,0,0,0,1
101040,0,0,0,0,0,0,0,0,1
101041,0,0,0,0,0,0,0,0,1
101042,0,0,0,0,0,0,0,0,1
101043,0,0,0,0,0,0,0,0,1
101044,0,0,0,0,0,0,0,0,1
101045,0,0,0,0,0,0,0,0,1
101046,0,0,0,0,0,0,0,0,1
101047,0,0,0,0,0,0,0,0,1
101048,0,0,0,0,0,0,0,0,1
101049,0,0,0,0,0,0,0,0,1
101050,0,0,0,0,0,0,0,0,1
101051,0,0,0,0,0,0,0,0,1
101052,0,0,0,0,0,0,0,0,1
101053,0,0,0,0,0,0,0,0,1
101054,0,0,0,0,0,0,0,0,1
101055,0,0,0,0,0,0,0,0,1
101056,0,0,0,0,0,0,0,0,1
101057,0,0,0,0,0,0,0,0,1
101058,0,0,0,0,0,0,0,0,1
101059,0,0,0,0,0,0,0,0,1
101060,0,0,0,0,0,0,0,0,1
101061,0,0,0,0,0,0,0,0,1
101062,0,0,0,0,0,0,0,0,1
101063,0,0,0,0,0,0,0,0,1
101064,0,0,0,0,0,0,0,0,1
101065,0,0,0,0,0,0,0,0,1
101066,0,0,0,0,0,0,0,0,1
101067,0,0,0,0,0,0,0,0,1
101068,0,0,0,0,0,0,0,0,1
101069,0,0,0,0,0,0,0,0,1
101070,0,0,0,0,0,0,0,0,1
101071,0,0,0,0,0,0,0,0,1
101072,0,0,0,0,0,0,0,0,1
101073,0,0,0,0,0,0,0,0,1
101074,0,0,0,0,0,0,0,0,1
101075,0,0,0,0,0,0,0,0,1
101076,0,0,0,0,0,0,0,0,1
101077,0,0,0,0,0,0,0,0,1
101078,0,0,0,0,0,0,0,0,1
101079,0,0,0,0,0,0,0,0,1
101080,0,0,0,0,0,0,0,0,1
101081,0,0,0,0,0,0,0,0,1
101082,0,0,0,0,0,0,0,0,1
101083,0,0,0,0,0,0,0,0,1
101084,0,0,0,0,0,0,0,0,1
101085,0,0,0,0,0,0,0,0,1
101086,0,0,0,0,0,0,0,0,1
101087,0,0,0,0,0,0,0,0,1
101088,0,0,0,0,0,0,0,0,1
101089,0,0,0,0,0,0,0,0,1
101090,0,0,0,0,0,0,0,0,1
101091,0,0,0,0,0,0,0,0,1
101092,0,0,0,0,0,0,0,0,1
101093,0,0,0,0,0,0,0,0,1
101094,0,0,0,0,0,0,0,0,1
101095,0,0,0,0,0,0,0,0,1
101096,0,0,0,0,0,0,0,0,1
101097,0,0,0,0,0,0,0,0,1
101098,0,0,0,0,0,0,0,0,1
101099,0,0,0,0,0,0,0,0,1
101100,0,0,0,0,0,0,0,0,1
101101,0,0,0,0,0,0,0,0,1
101102,0,0,0,0,0,0,0,0,1
101103,0,0,0,0,0,0,0,0,1
101104,0,0,0,0,0,0,0,0,1
101105,0,0,0,0,0,0,0,0,1
101106,0,0,0,0,0,0,0,0,1
101107,0,0,0,0,0,0,0,0,1
101108,0,0,0,0,0,0,0,0,1
101109,0,0,0,0,0,0,0,0,1
101110,0,0,0,0,0,0,0,0,1
101111,0,0,0,0,0,0,0,0,1
101112,0,0,0,0,0,0,0,0,1
101113,0,0,0,0,0,0,0,0,1
101114,0,0,0,0,0,0,0,0,1
101115,0,0,0,0,0,0,0,0,1
101116,0,0,0,0,0,0,0,0,1
101117,0,0,0,0,0,0,0,0,1
101118,0,0,0,0,0,0,0,0,1
101119,0,0,0,0,0,0,0,0,1
101120,0,0,0,0,0,0,0,0,1
101121,0,0,0,0,0,0,0,0,1
101122,0,0,0,0,0,0,0,0,1
101123,0,0,0,0,0,0,0,0,1
101124,0,0,0,0,0,0,0,0,1
101125,0,0,0,0,0,0,0,0,1
101126,0,0,0,0,0,0,0,0,1
101127,0,0,0,0,0,0,0,0,1
101128,0,0,0,0,0,0,0,0,1
101129,0,0,0,0,0,0,0,0,1
101130,0,0,0,0,0,0,0,0,1
101131,0,0,0,0,0,0,0,0,1
101132,0,0,0,0,0,0,0,0,1
101133,0,0,0,0,0,0,0,0,1
101134,0,0,0,0,0,0,0,0,1
101135,0,0,0,0,0,0,0,0,1
101136,0,0,0,0,0,0,0,0,1
101137,0,0,0,0,0,0,0,0,1
101138,0,0,0,0,0,0,0,0,1
101139,0,0,0,0,0,0,0,0,1
101140,0,0,0,0,0,0,0,0,1
101141,0,0,0,0,0,0,0,0,1
101142,0,0,0,0,0,0,0,0,1
101143,0,0,0,0,0,0,0,0,1
101144,0,0,0,0,0,0,0,0,1
101145,0,0,0,0,0,0,0,0,1
101146,0,0,0,0,0,0,0,0,1
101147,0,0,0,0,0,0,0,0,1
101148,0,0,0,0,0,0,0,0,1
101149,0,0,0,0,0,0,0,0,1
101150,0,0,0,0,0,0,0,0,1
101151,0,0,0,0,0,0,0,0,1
101152,0,0,0,0,0,0,0,0,1
101153,0,0,0,0,0,0,0,0,1
101154,0,0,0,0,0,0,0,0,1
101155,0,0,0,0,0,0,0,0,1
101156,0,0,0,0,0,0,0,0,1
101157,0,0,0,0,0,0,0,0,1
101158,0,0,0,0,0,0,0,0,1
101159,0,0,0,0,0,0,0,0,1
101160,0,0,0,0,0,0,0,0,1
101161,0,0,0,0,0,0,0,0,1
101162,0,0,0,0,0,0,0,0,1
101163,0,0,0,0,0,0,0,0,1
101164,0,0,0,0,0,0,0,0,1
101165,0,0,0,0,0,0,0,0,1
101166,0,0,0,0,0,0,0,0,1
101167,0,0,0,0,0,0,0,0,1
101168,0,0,0,0,0,0,0,0,1
101169,0,0,0,0,0,0,0,0,1
101170,0,0,0,0,0,0,0,0,1
101171,0,0,0,0,0,0,0,0,1
101172,0,0,0,0,0,0,0,0,1
101173,0,0,0,0,0,0,0,0,1
101174,0,0,0,0,0,0,0,0,1
101175,0,0,0,0,0,0,0,0,1
101176,0,0,0,0,0,0,0,0,1
101177,0,0,0,0,0,0,0,0,1
101178,0,0,0,0,0,0,0,0,1
101179,0,0,0,0,0,0,0,0,1
101180,0,0,0,0,0,0,0,0,1
101181,0,0,0,0,0,0,0,0,1
101182,0,0,0,0,0,0,0,0,1
101183,0,0,0,0,0,0,0,0,1
101184,0,0,0,0,0,0,0,0,1
101185,0,0,0,0,0,0,0,0,1
101186,0,0,0,0,0,0,0,0,1
101187,0,0,0,0,0,0,0,0,1
101188,0,0,0,0,0,0,0,0,1
101189,0,0,0,0,0,0,0,0,1
101190,0,0,0,0,0,0,0,0,1
101191,0,0,0,0,0,0,0,0,1
101192,0,0,0,0,0,0,0,0,1
101193,0,0,0,0,0,0,0,0,1
101194,0,0,0,0,0,0,0,0,1
101195,0,0,0,0,0,0,0,0,1
101196,0,0,0,0,0,0,0,0,1
101197,0,0,0,0,0,0,0,0,1
101198,0,0,0,0,0,0,0,0,1
101199,0,0,0,0,0,0,0,0,1
101200,0,0,0,0,0,0,0,0,1
101201,0,0,0,0,0,0,0,0,1
101202,0,0,0,0,0,0,0,0,1
101203,0,0,0,0,0,0,0,0,1
101204,0,0,0,0,0,0,0,0,1
101205,0,0,0,0,0,0,0,0,1
101206,0,0,0,0,0,0,0,0,1
101207,0,0,0,0,0,0,0,0,1
101208,0,0,0,0,0,0,0,0,1
101209,0,0,0,0,0,0,0,0,1
101210,0,0,0,0,0,0,0,0,1
101211,0,0,0,0,0,0,0,0,1
101212,0,0,0,0,0,0,0,0,1
101213,0,0,0,0,0,0,0,0,1
101214,0,0,0,0,0,0,0,0,1
101215,0,0,0,0,0,0,0,0,1
101216,0,0,0,0,0,0,0,0,1
101217,0,0,0,0,0,0,0,0,1
101218,0,0,0,0,0,0,0,0,1
101219,0,0,0,0,0,0,0,0,1
101220,0,0,0,0,0,0,0,0,1
101221,0,0,0,0,0,0,0,0,1
101222,0,0,0,0,0,0,0,0,1
101223,0,0,0,0,0,0,0,0,1
101224,0,0,0,0,0,0,0,0,1
101225,0,0,0,0,0,0,0,0,1
101226,0,0,0,0,0,0,0,0,1
101227,0,0,0,0,0,0,0,0,1
101228,0,0,0,0,0,0,0,0,1
101229,0,0,0,0,0,0,0,0,1
101230,0,0,0,0,0,0,0,0,1
101231,0,0,0,0,0,0,0,0,1
101232,0,0,0,0,0,0,0,0,1
101233,0,0,0,0,0,0,0,0,1
101234,0,0,0,0,0,0,0,0,1
101235,0,0,0,0,0,0,0,0,1
101236,0,0,0,0,0,0,0,0,1
101237,0,0,0,0,0,0,0,0,1
101238,0,0,0,0,0,0,0,0,1
101239,0,0,0,0,0,0,0,0,1
101240,0,0,0,0,0,0,0,0,1
101241,0,0,0,0,0,0,0,0,1
101242,0,0,0,0,0,0,0,0,1
101243,0,0,0,0,0,0,0,0,1
101244,0,0,0,0,0,0,0,0,1
101245,0,0,0,0,0,0,0,0,1
101246,0,0,0,0,0,0,0,0,1
101247,0,0,0,0,0,0,0,0,1
101248,0,0,0,0,0,0,0,0,1
101249,0,0,0,0,0,0,0,0,1
101250,0,0,0,0,0,0,0,0,1
101251,0,0,0,0,0,0,0,0,1
101252,0,0,0,0,0,0,0,0,1
101253,0,0,0,0,0,0,0,0,1
101254,0,0,0,0,0,0,0,0,1
101255,0,0,0,0,0,0,0,0,1
101256,0,0,0,0,0,0,0,0,1
101257,0,0,0,0,0,0,0,0,1
101258,0,0,0,0,0,0,0,0,1
101259,0,0,0,0,0,0,0,0,1
101260,0,0,0,0,0,0,0,0,1
101261,0,0,0,0,0,0,0,0,1
101262,0,0,0,0,0,0,0,0,1
101263,0,0,0,0,0,0,0,0,1
101264,0,0,0,0,0,0,0,0,1
101265,0,0,0,0,0,0,0,0,1
101266,0,0,0,0,0,0,0,0,1
101267,0,0,0,0,0,0,0,0,1
101268,0,0,0,0,0,0,0,0,1
101269,0,0,0,0,0,0,0,0,1
101270,0,0,0,0,0,0,0,0,1
101271,0,0,0,0,0,0,0,0,1
101272,0,0,0,0,0,0,0,0,1
101273,0,0,0,0,0,0,0,0,1
101274,0,0,0,0,0,0,0,0,1
101275,0,0,0,0,0,0,0,0,1
101276,0,0,0,0,0,0,0,0,1
101277,0,0,0,0,0,0,0,0,1
101278,0,0,0,0,0,0,0,0,1
101279,0,0,0,0,0,0,0,0,1
101280,0,0,0,0,0,0,0,0,1
101281,0,0,0,0,0,0,0,0,1
101282,0,0,0,0,0,0,0,0,1
101283,0,0,0,0,0,0,0,0,1
101284,0,0,0,0,0,0,0,0,1
101285,0,0,0,0,0,0,0,0,1
101286,0,0,0,0,0,0,0,0,1
101287,0,0,0,0,0,0,0,0,1
101288,0,0,0,0,0,0,0,0,1
101289,0,0,0,0,0,0,0,0,1
101290,0,0,0,0,0,0,0,0,1
101291,0,0,0,0,0,0,0,0,1
101292,0,0,0,0,0,0,0,0,1
101293,0,0,0,0,0,0,0,0,1
101294,0,0,0,0,0,0,0,0,1
101295,0,0,0,0,0,0,0,0,1
101296,0,0,0,0,0,0,0,0,1
101297,0,0,0,0,0,0,0,0,1
101298,0,0,0,0,0,0,0,0,1
101299,0,0,0,0,0,0,0,0,1
101300,0,0,0,0,0,0,0,0,1
101301,0,0,0,0,0,0,0,0,1
101302,0,0,0,0,0,0,0,0,1
101303,0,0,0,0,0,0,0,0,1
101304,0,0,0,0,0,0,0,0,1
101305,0,0,0,0,0,0,0,0,1
101306,0,0,0,0,0,0,0,0,1
101307,0,0,0,0,0,0,0,0,1
101308,0,0,0,0,0,0,0,0,1
101309,0,0,0,0,0,0,0,0,1
101310,0,0,0,0,0,0,0,0,1
101311,0,0,0,0,0,0,0,0,1
101312,0,0,0,0,0,0,0,0,1
101313,0,0,0,0,0,0,0,0,1
101314,0,0,0,0,0,0,0,0,1
101315,0,0,0,0,0,0,0,0,1
101316,0,0,0,0,0,0,0,0,1
101317,0,0,0,0,0,0,0,0,1
101318,0,0,0,0,0,0,0,0,1
101319,0,0,0,0,0,0,0,0,1
101320,0,0,0,0,0,0,0,0,1
101321,0,0,0,0,0,0,0,0,1
101322,0,0,0,0,0,0,0,0,1
101323,0,0,0,0,0,0,0,0,1
101324,0,0,0,0,0,0,0,0,1
101325,0,0,0,0,0,0,0,0,1
101326,0,0,0,0,0,0,0,0,1
101327,0,0,0,0,0,0,0,0,1
101328,0,0,0,0,0,0,0,0,1
101329,0,0,0,0,0,0,0,0,1
101330,0,0,0,0,0,0,0,0,1
101331,0,0,0,0,0,0,0,0,1
101332,0,0,0,0,0,0,0,0,1
101333,0,0,0,0,0,0,0,0,1
101334,0,0,0,0,0,0,0,0,1
101335,0,0,0,0,0,0,0,0,1
101336,0,0,0,0,0,0,0,0,1
101337,0,0,0,0,0,0,0,0,1
101338,0,0,0,0,0,0,0,0,1
101339,0,0,0,0,0,0,0,0,1
101340,0,0,0,0,0,0,0,0,1
101341,0,0,0,0,0,0,0,0,1
101342,0,0,0,0,0,0,0,0,1
101343,0,0,0,0,0,0,0,0,1
101344,0,0,0,0,0,0,0,0,1
101345,0,0,0,0,0,0,0,0,1
101346,0,0,0,0,0,0,0,0,1
101347,0,0,0,0,0,0,0,0,1
101348,0,0,0,0,0,0,0,0,1
101349,0,0,0,0,0,0,0,0,1
101350,0,0,0,0,0,0,0,0,1
101351,0,0,0,0,0,0,0,0,1
101352,0,0,0,0,0,0,0,0,1
101353,0,0,0,0,0,0,0,0,1
101354,0,0,0,0,0,0,0,0,1
101355,0,0,0,0,0,0,0,0,1
101356,0,0,0,0,0,0,0,0,1
101357,0,0,0,0,0,0,0,0,1
101358,0,0,0,0,0,0,0,0,1
101359,0,0,0,0,0,0,0,0,1
101360,0,0,0,0,0,0,0,0,1
101361,0,0,0,0,0,0,0,0,1
101362,0,0,0,0,0,0,0,0,1
101363,0,0,0,0,0,0,0,0,1
101364,0,0,0,0,0,0,0,0,1
101365,0,0,0,0,0,0,0,0,1
101366,0,0,0,0,0,0,0,0,1
101367,0,0,0,0,0,0,0,0,1
101368,0,0,0,0,0,0,0,0,1
101369,0,0,0,0,0,0,0,0,1
101370,0,0,0,0,0,0,0,0,1
101371,0,0,0,0,0,0,0,0,1
101372,0,0,0,0,0,0,0,0,1
101373,0,0,0,0,0,0,0,0,1
101374,0,0,0,0,0,0,0,0,1
101375,0,0,0,0,0,0,0,0,1
101376,0,0,0,0,0,0,0,0,1
101377,0,0,0,0,0,0,0,0,1
101378,0,0,0,0,0,0,0,0,1
101379,0,0,0,0,0,0,0,0,1
101380,0,0,0,0,0,0,0,0,1
101381,0,0,0,0,0,0,0,0,1
101382,0,0,0,0,0,0,0,0,1
101383,0,0,0,0,0,0,0,0,1
101384,0,0,0,0,0,0,0,0,1
101385,0,0,0,0,0,0,0,0,1
101386,0,0,0,0,0,0,0,0,1
101387,0,0,0,0,0,0,0,0,1
101388,0,0,0,0,0,0,0,0,1
101389,0,0,0,0,0,0,0,0,1
101390,0,0,0,0,0,0,0,0,1
101391,0,0,0,0,0,0,0,0,1
101392,0,0,0,0,0,0,0,0,1
101393,0,0,0,0,0,0,0,0,1
101394,0,0,0,0,0,0,0,0,1
101395,0,0,0,0,0,0,0,0,1
101396,0,0,0,0,0,0,0,0,1
101397,0,0,0,0,0,0,0,0,1
101398,0,0,0,0,0,0,0,0,1
101399,0,0,0,0,0,0,0,0,1
101400,0,0,0,0,0,0,0,0,1
101401,0,0,0,0,0,0,0,0,1
101402,0,0,0,0,0,0,0,0,1
101403,0,0,0,0,0,0,0,0,1
101404,0,0,0,0,0,0,0,0,1
101405,0,0,0,0,0,0,0,0,1
101406,0,0,0,0,0,0,0,0,1
101407,0,0,0,0,0,0,0,0,1
101408,0,0,0,0,0,0,0,0,1
101409,0,0,0,0,0,0,0,0,1
101410,0,0,0,0,0,0,0,0,1
101411,0,0,0,0,0,0,0,0,1
101412,0,0,0,0,0,0,0,0,1
101413,0,0,0,0,0,0,0,0,1
101414,0,0,0,0,0,0,0,0,1
101415,0,0,0,0,0,0,0,0,1
101416,0,0,0,0,0,0,0,0,1
101417,0,0,0,0,0,0,0,0,1
101418,0,0,0,0,0,0,0,0,1
101419,0,0,0,0,0,0,0,0,1
101420,0,0,0,0,0,0,0,0,1
101421,0,0,0,0,0,0,0,0,1
101422,0,0,0,0,0,0,0,0,1
101423,0,0,0,0,0,0,0,0,1
101424,0,0,0,0,0,0,0,0,1
101425,0,0,0,0,0,0,0,0,1
101426,0,0,0,0,0,0,0,0,1
101427,0,0,0,0,0,0,0,0,1
101428,0,0,0,0,0,0,0,0,1
101429,0,0,0,0,0,0,0,0,1
101430,0,0,0,0,0,0,0,0,1
101431,0,0,0,0,0,0,0,0,1
101432,0,0,0,0,0,0,0,0,1
101433,0,0,0,0,0,0,0,0,1
101434,0,0,0,0,0,0,0,0,1
101435,0,0,0,0,0,0,0,0,1
101436,0,0,0,0,0,0,0,0,1
101437,0,0,0,0,0,0,0,0,1
101438,0,0,0,0,0,0,0,0,1
101439,0,0,0,0,0,0,0,0,1
101440,0,0,0,0,0,0,0,0,1
101441,0,0,0,0,0,0,0,0,1
101442,0,0,0,0,0,0,0,0,1
101443,0,0,0,0,0,0,0,0,1
101444,0,0,0,0,0,0,0,0,1
101445,0,0,0,0,0,0,0,0,1
101446,0,0,0,0,0,0,0,0,1
101447,0,0,0,0,0,0,0,0,1
101448,0,0,0,0,0,0,0,0,1
101449,0,0,0,0,0,0,0,0,1
101450,0,0,0,0,0,0,0,0,1
101451,0,0,0,0,0,0,0,0,1
101452,0,0,0,0,0,0,0,0,1
101453,0,0,0,0,0,0,0,0,1
101454,0,0,0,0,0,0,0,0,1
101455,0,0,0,0,0,0,0,0,1
101456,0,0,0,0,0,0,0,0,1
101457,0,0,0,0,0,0,0,0,1
101458,0,0,0,0,0,0,0,0,1
101459,0,0,0,0,0,0,0,0,1
101460,0,0,0,0,0,0,0,0,1
101461,0,0,0,0,0,0,0,0,1
101462,0,0,0,0,0,0,0,0,1
101463,0,0,0,0,0,0,0,0,1
101464,0,0,0,0,0,0,0,0,1
101465,0,0,0,0,0,0,0,0,1
101466,0,0,0,0,0,0,0,0,1
101467,0,0,0,0,0,0,0,0,1
101468,0,0,0,0,0,0,0,0,1
101469,0,0,0,0,0,0,0,0,1
101470,0,0,0,0,0,0,0,0,1
101471,0,0,0,0,0,0,0,0,1
101472,0,0,0,0,0,0,0,0,1
101473,0,0,0,0,0,0,0,0,1
101474,0,0,0,0,0,0,0,0,1
101475,0,0,0,0,0,0,0,0,1
101476,0,0,0,0,0,0,0,0,1
101477,0,0,0,0,0,0,0,0,1
101478,0,0,0,0,0,0,0,0,1
101479,0,0,0,0,0,0,0,0,1
101480,0,0,0,0,0,0,0,0,1
101481,0,0,0,0,0,0,0,0,1
101482,0,0,0,0,0,0,0,0,1
101483,0,0,0,0,0,0,0,0,1
101484,0,0,0,0,0,0,0,0,1
101485,0,0,0,0,0,0,0,0,1
101486,0,0,0,0,0,0,0,0,1
101487,0,0,0,0,0,0,0,0,1
101488,0,0,0,0,0,0,0,0,1
101489,0,0,0,0,0,0,0,0,1
101490,0,0,0,0,0,0,0,0,1
101491,0,0,0,0,0,0,0,0,1
101492,0,0,0,0,0,0,0,0,1
101493,0,0,0,0,0,0,0,0,1
101494,0,0,0,0,0,0,0,0,1
101495,0,0,0,0,0,0,0,0,1
101496,0,0,0,0,0,0,0,0,1
101497,0,0,0,0,0,0,0,0,1
101498,0,0,0,0,0,0,0,0,1
101499,0,0,0,0,0,0,0,0,1
101500,0,0,0,0,0,0,0,0,1
101501,0,0,0,0,0,0,0,0,1
101502,0,0,0,0,0,0,0,0,1
101503,0,0,0,0,0,0,0,0,1
101504,0,0,0,0,0,0,0,0,1
101505,0,0,0,0,0,0,0,0,1
101506,0,0,0,0,0,0,0,0,1
101507,0,0,0,0,0,0,0,0,1
101508,0,0,0,0,0,0,0,0,1
101509,0,0,0,0,0,0,0,0,1
101510,0,0,0,0,0,0,0,0,1
101511,0,0,0,0,0,0,0,0,1
101512,0,0,0,0,0,0,0,0,1
101513,0,0,0,0,0,0,0,0,1
101514,0,0,0,0,0,0,0,0,1
101515,0,0,0,0,0,0,0,0,1
101516,0,0,0,0,0,0,0,0,1
101517,0,0,0,0,0,0,0,0,1
101518,0,0,0,0,0,0,0,0,1
101519,0,0,0,0,0,0,0,0,1
101520,0,0,0,0,0,0,0,0,1
101521,0,0,0,0,0,0,0,0,1
101522,0,0,0,0,0,0,0,0,1
101523,0,0,0,0,0,0,0,0,1
101524,0,0,0,0,0,0,0,0,1
101525,0,0,0,0,0,0,0,0,1
101526,0,0,0,0,0,0,0,0,1
101527,0,0,0,0,0,0,0,0,1
101528,0,0,0,0,0,0,0,0,1
101529,0,0,0,0,0,0,0,0,1
101530,0,0,0,0,0,0,0,0,1
101531,0,0,0,0,0,0,0,0,1
101532,0,0,0,0,0,0,0,0,1
101533,0,0,0,0,0,0,0,0,1
101534,0,0,0,0,0,0,0,0,1
101535,0,0,0,0,0,0,0,0,1
101536,0,0,0,0,0,0,0,0,1
101537,0,0,0,0,0,0,0,0,1
101538,0,0,0,0,0,0,0,0,1
101539,0,0,0,0,0,0,0,0,1
101540,0,0,0,0,0,0,0,0,1
101541,0,0,0,0,0,0,0,0,1
101542,0,0,0,0,0,0,0,0,1
101543,0,0,0,0,0,0,0,0,1
101544,0,0,0,0,0,0,0,0,1
101545,0,0,0,0,0,0,0,0,1
101546,0,0,0,0,0,0,0,0,1
101547,0,0,0,0,0,0,0,0,1
101548,0,0,0,0,0,0,0,0,1
101549,0,0,0,0,0,0,0,0,1
101550,0,0,0,0,0,0,0,0,1
101551,0,0,0,0,0,0,0,0,1
101552,0,0,0,0,0,0,0,0,1
101553,0,0,0,0,0,0,0,0,1
101554,0,0,0,0,0,0,0,0,1
101555,0,0,0,0,0,0,0,0,1
101556,0,0,0,0,0,0,0,0,1
101557,0,0,0,0,0,0,0,0,1
101558,0,0,0,0,0,0,0,0,1
101559,0,0,0,0,0,0,0,0,1
101560,0,0,0,0,0,0,0,0,1
101561,0,0,0,0,0,0,0,0,1
101562,0,0,0,0,0,0,0,0,1
101563,0,0,0,0,0,0,0,0,1
101564,0,0,0,0,0,0,0,0,1
101565,0,0,0,0,0,0,0,0,1
101566,0,0,0,0,0,0,0,0,1
101567,0,0,0,0,0,0,0,0,1
101568,0,0,0,0,0,0,0,0,1
101569,0,0,0,0,0,0,0,0,1
101570,0,0,0,0,0,0,0,0,1
101571,0,0,0,0,0,0,0,0,1
101572,0,0,0,0,0,0,0,0,1
101573,0,0,0,0,0,0,0,0,1
101574,0,0,0,0,0,0,0,0,1
101575,0,0,0,0,0,0,0,0,1
101576,0,0,0,0,0,0,0,0,1
101577,0,0,0,0,0,0,0,0,1
101578,0,0,0,0,0,0,0,0,1
101579,0,0,0,0,0,0,0,0,1
101580,0,0,0,0,0,0,0,0,1
101581,0,0,0,0,0,0,0,0,1
101582,0,0,0,0,0,0,0,0,1
101583,0,0,0,0,0,0,0,0,1
101584,0,0,0,0,0,0,0,0,1
101585,0,0,0,0,0,0,0,0,1
101586,0,0,0,0,0,0,0,0,1
101587,0,0,0,0,0,0,0,0,1
101588,0,0,0,0,0,0,0,0,1
101589,0,0,0,0,0,0,0,0,1
101590,0,0,0,0,0,0,0,0,1
101591,0,0,0,0,0,0,0,0,1
101592,0,0,0,0,0,0,0,0,1
101593,0,0,0,0,0,0,0,0,1
101594,0,0,0,0,0,0,0,0,1
101595,0,0,0,0,0,0,0,0,1
101596,0,0,0,0,0,0,0,0,1
101597,0,0,0,0,0,0,0,0,1
101598,0,0,0,0,0,0,0,0,1
101599,0,0,0,0,0,0,0,0,1
101600,0,0,0,0,0,0,0,0,1
101601,0,0,0,0,0,0,0,0,1
101602,0,0,0,0,0,0,0,0,1
101603,0,0,0,0,0,0,0,0,1
101604,0,0,0,0,0,0,0,0,1
101605,0,0,0,0,0,0,0,0,1
101606,0,0,0,0,0,0,0,0,1
101607,0,0,0,0,0,0,0,0,1
101608,0,0,0,0,0,0,0,0,1
101609,0,0,0,0,0,0,0,0,1
101610,0,0,0,0,0,0,0,0,1
101611,0,0,0,0,0,0,0,0,1
101612,0,0,0,0,0,0,0,0,1
101613,0,0,0,0,0,0,0,0,1
101614,0,0,0,0,0,0,0,0,1
101615,0,0,0,0,0,0,0,0,1
101616,0,0,0,0,0,0,0,0,1
101617,0,0,0,0,0,0,0,0,1
101618,0,0,0,0,0,0,0,0,1
101619,0,0,0,0,0,0,0,0,1
101620,0,0,0,0,0,0,0,0,1
101621,0,0,0,0,0,0,0,0,1
101622,0,0,0,0,0,0,0,0,1
101623,0,0,0,0,0,0,0,0,1
101624,0,0,0,0,0,0,0,0,1
101625,0,0,0,0,0,0,0,0,1
101626,0,0,0,0,0,0,0,0,1
101627,0,0,0,0,0,0,0,0,1
101628,0,0,0,0,0,0,0,0,1
101629,0,0,0,0,0,0,0,0,1
101630,0,0,0,0,0,0,0,0,1
101631,0,0,0,0,0,0,0,0,1
101632,0,0,0,0,0,0,0,0,1
101633,0,0,0,0,0,0,0,0,1
101634,0,0,0,0,0,0,0,0,1
101635,0,0,0,0,0,0,0,0,1
101636,0,0,0,0,0,0,0,0,1
101637,0,0,0,0,0,0,0,0,1
101638,0,0,0,0,0,0,0,0,1
101639,0,0,0,0,0,0,0,0,1
101640,0,0,0,0,0,0,0,0,1
101641,0,0,0,0,0,0,0,0,1
101642,0,0,0,0,0,0,0,0,1
101643,0,0,0,0,0,0,0,0,1
101644,0,0,0,0,0,0,0,0,1
101645,0,0,0,0,0,0,0,0,1
101646,0,0,0,0,0,0,0,0,1
101647,0,0,0,0,0,0,0,0,1
101648,0,0,0,0,0,0,0,0,1
101649,0,0,0,0,0,0,0,0,1
101650,0,0,0,0,0,0,0,0,1
101651,0,0,0,0,0,0,0,0,1
101652,0,0,0,0,0,0,0,0,1
101653,0,0,0,0,0,0,0,0,1
101654,0,0,0,0,0,0,0,0,1
101655,0,0,0,0,0,0,0,0,1
101656,0,0,0,0,0,0,0,0,1
101657,0,0,0,0,0,0,0,0,1
101658,0,0,0,0,0,0,0,0,1
101659,0,0,0,0,0,0,0,0,1
101660,0,0,0,0,0,0,0,0,1
101661,0,0,0,0,0,0,0,0,1
101662,0,0,0,0,0,0,0,0,1
101663,0,0,0,0,0,0,0,0,1
101664,0,0,0,0,0,0,0,0,1
101665,0,0,0,0,0,0,0,0,1
101666,0,0,0,0,0,0,0,0,1
101667,0,0,0,0,0,0,0,0,1
101668,0,0,0,0,0,0,0,0,1
101669,0,0,0,0,0,0,0,0,1
101670,0,0,0,0,0,0,0,0,1
101671,0,0,0,0,0,0,0,0,1
101672,0,0,0,0,0,0,0,0,1
101673,0,0,0,0,0,0,0,0,1
101674,0,0,0,0,0,0,0,0,1
101675,0,0,0,0,0,0,0,0,1
101676,0,0,0,0,0,0,0,0,1
101677,0,0,0,0,0,0,0,0,1
101678,0,0,0,0,0,0,0,0,1
101679,0,0,0,0,0,0,0,0,1
101680,0,0,0,0,0,0,0,0,1
101681,0,0,0,0,0,0,0,0,1
101682,0,0,0,0,0,0,0,0,1
101683,0,0,0,0,0,0,0,0,1
101684,0,0,0,0,0,0,0,0,1
101685,0,0,0,0,0,0,0,0,1
101686,0,0,0,0,0,0,0,0,1
101687,0,0,0,0,0,0,0,0,1
101688,0,0,0,0,0,0,0,0,1
101689,0,0,0,0,0,0,0,0,1
101690,0,0,0,0,0,0,0,0,1
101691,0,0,0,0,0,0,0,0,1
101692,0,0,0,0,0,0,0,0,1
101693,0,0,0,0,0,0,0,0,1
101694,0,0,0,0,0,0,0,0,1
101695,0,0,0,0,0,0,0,0,1
101696,0,0,0,0,0,0,0,0,1
101697,0,0,0,0,0,0,0,0,1
101698,0,0,0,0,0,0,0,0,1
101699,0,0,0,0,0,0,0,0,1
101700,0,0,0,0,0,0,0,0,1
101701,0,0,0,0,0,0,0,0,1
101702,0,0,0,0,0,0,0,0,1
101703,0,0,0,0,0,0,0,0,1
101704,0,0,0,0,0,0,0,0,1
101705,0,0,0,0,0,0,0,0,1
101706,0,0,0,0,0,0,0,0,1
101707,0,0,0,0,0,0,0,0,1
101708,0,0,0,0,0,0,0,0,1
101709,0,0,0,0,0,0,0,0,1
101710,0,0,0,0,0,0,0,0,1
101711,0,0,0,0,0,0,0,0,1
101712,0,0,0,0,0,0,0,0,1
101713,0,0,0,0,0,0,0,0,1
101714,0,0,0,0,0,0,0,0,1
101715,0,0,0,0,0,0,0,0,1
101716,0,0,0,0,0,0,0,0,1
101717,0,0,0,0,0,0,0,0,1
101718,0,0,0,0,0,0,0,0,1
101719,0,0,0,0,0,0,0,0,1
101720,0,0,0,0,0,0,0,0,1
101721,0,0,0,0,0,0,0,0,1
101722,0,0,0,0,0,0,0,0,1
101723,0,0,0,0,0,0,0,0,1
101724,0,0,0,0,0,0,0,0,1
101725,0,0,0,0,0,0,0,0,1
101726,0,0,0,0,0,0,0,0,1
101727,0,0,0,0,0,0,0,0,1
101728,0,0,0,0,0,0,0,0,1
101729,0,0,0,0,0,0,0,0,1
101730,0,0,0,0,0,0,0,0,1
101731,0,0,0,0,0,0,0,0,1
101732,0,0,0,0,0,0,0,0,1
101733,0,0,0,0,0,0,0,0,1
101734,0,0,0,0,0,0,0,0,1
101735,0,0,0,0,0,0,0,0,1
101736,0,0,0,0,0,0,0,0,1
101737,0,0,0,0,0,0,0,0,1
101738,0,0,0,0,0,0,0,0,1
101739,0,0,0,0,0,0,0,0,1
101740,0,0,0,0,0,0,0,0,1
101741,0,0,0,0,0,0,0,0,1
101742,0,0,0,0,0,0,0,0,1
101743,0,0,0,0,0,0,0,0,1
101744,0,0,0,0,0,0,0,0,1
101745,0,0,0,0,0,0,0,0,1
101746,0,0,0,0,0,0,0,0,1
101747,0,0,0,0,0,0,0,0,1
101748,0,0,0,0,0,0,0,0,1
101749,0,0,0,0,0,0,0,0,1
101750,0,0,0,0,0,0,0,0,1
101751,0,0,0,0,0,0,0,0,1
101752,0,0,0,0,0,0,0,0,1
101753,0,0,0,0,0,0,0,0,1
101754,0,0,0,0,0,0,0,0,1
101755,0,0,0,0,0,0,0,0,1
101756,0,0,0,0,0,0,0,0,1
101757,0,0,0,0,0,0,0,0,1
101758,0,0,0,0,0,0,0,0,1
101759,0,0,0,0,0,0,0,0,1
101760,0,0,0,0,0,0,0,0,1
101761,0,0,0,0,0,0,0,0,1
101762,0,0,0,0,0,0,0,0,1
101763,0,0,0,0,0,0,0,0,1
101764,0,0,0,0,0,0,0,0,1
101765,0,0,0,0,0,0,0,0,1
101766,0,0,0,0,0,0,0,0,1
101767,0,0,0,0,0,0,0,0,1
101768,0,0,0,0,0,0,0,0,1
101769,0,0,0,0,0,0,0,0,1
101770,0,0,0,0,0,0,0,0,1
101771,0,0,0,0,0,0,0,0,1
101772,0,0,0,0,0,0,0,0,1
101773,0,0,0,0,0,0,0,0,1
101774,0,0,0,0,0,0,0,0,1
101775,0,0,0,0,0,0,0,0,1
101776,0,0,0,0,0,0,0,0,1
101777,0,0,0,0,0,0,0,0,1
101778,0,0,0,0,0,0,0,0,1
101779,0,0,0,0,0,0,0,0,1
101780,0,0,0,0,0,0,0,0,1
101781,0,0,0,0,0,0,0,0,1
101782,0,0,0,0,0,0,0,0,1
101783,0,0,0,0,0,0,0,0,1
101784,0,0,0,0,0,0,0,0,1
101785,0,0,0,0,0,0,0,0,1
101786,0,0,0,0,0,0,0,0,1
101787,0,0,0,0,0,0,0,0,1
101788,0,0,0,0,0,0,0,0,1
101789,0,0,0,0,0,0,0,0,1
101790,0,0,0,0,0,0,0,0,1
101791,0,0,0,0,0,0,0,0,1
101792,0,0,0,0,0,0,0,0,1
101793,0,0,0,0,0,0,0,0,1
101794,0,0,0,0,0,0,0,0,1
101795,0,0,0,0,0,0,0,0,1
101796,0,0,0,0,0,0,0,0,1
101797,0,0,0,0,0,0,0,0,1
101798,0,0,0,0,0,0,0,0,1
101799,0,0,0,0,0,0,0,0,1
101800,0,0,0,0,0,0,0,0,1
101801,0,0,0,0,0,0,0,0,1
101802,0,0,0,0,0,0,0,0,1
101803,0,0,0,0,0,0,0,0,1
101804,0,0,0,0,0,0,0,0,1
101805,0,0,0,0,0,0,0,0,1
101806,0,0,0,0,0,0,0,0,1
101807,0,0,0,0,0,0,0,0,1
101808,0,0,0,0,0,0,0,0,1
101809,0,0,0,0,0,0,0,0,1
101810,0,0,0,0,0,0,0,0,1
101811,0,0,0,0,0,0,0,0,1
101812,0,0,0,0,0,0,0,0,1
101813,0,0,0,0,0,0,0,0,1
101814,0,0,0,0,0,0,0,0,1
101815,0,0,0,0,0,0,0,0,1
101816,0,0,0,0,0,0,0,0,1
101817,0,0,0,0,0,0,0,0,1
101818,0,0,0,0,0,0,0,0,1
101819,0,0,0,0,0,0,0,0,1
101820,0,0,0,0,0,0,0,0,1
101821,0,0,0,0,0,0,0,0,1
101822,0,0,0,0,0,0,0,0,1
101823,0,0,0,0,0,0,0,0,1
101824,0,0,0,0,0,0,0,0,1
101825,0,0,0,0,0,0,0,0,1
101826,0,0,0,0,0,0,0,0,1
101827,0,0,0,0,0,0,0,0,1
101828,0,0,0,0,0,0,0,0,1
101829,0,0,0,0,0,0,0,0,1
101830,0,0,0,0,0,0,0,0,1
101831,0,0,0,0,0,0,0,0,1
101832,0,0,0,0,0,0,0,0,1
101833,0,0,0,0,0,0,0,0,1
101834,0,0,0,0,0,0,0,0,1
101835,0,0,0,0,0,0,0,0,1
101836,0,0,0,0,0,0,0,0,1
101837,0,0,0,0,0,0,0,0,1
101838,0,0,0,0,0,0,0,0,1
101839,0,0,0,0,0,0,0,0,1
101840,0,0,0,0,0,0,0,0,1
101841,0,0,0,0,0,0,0,0,1
101842,0,0,0,0,0,0,0,0,1
101843,0,0,0,0,0,0,0,0,1
101844,0,0,0,0,0,0,0,0,1
101845,0,0,0,0,0,0,0,0,1
101846,0,0,0,0,0,0,0,0,1
101847,0,0,0,0,0,0,0,0,1
101848,0,0,0,0,0,0,0,0,1
101849,0,0,0,0,0,0,0,0,1
101850,0,0,0,0,0,0,0,0,1
101851,0,0,0,0,0,0,0,0,1
101852,0,0,0,0,0,0,0,0,1
101853,0,0,0,0,0,0,0,0,1
101854,0,0,0,0,0,0,0,0,1
101855,0,0,0,0,0,0,0,0,1
101856,0,0,0,0,0,0,0,0,1
101857,0,0,0,0,0,0,0,0,1
101858,0,0,0,0,0,0,0,0,1
101859,0,0,0,0,0,0,0,0,1
101860,0,0,0,0,0,0,0,0,1
101861,0,0,0,0,0,0,0,0,1
101862,0,0,0,0,0,0,0,0,1
101863,0,0,0,0,0,0,0,0,1
101864,0,0,0,0,0,0,0,0,1
101865,0,0,0,0,0,0,0,0,1
101866,0,0,0,0,0,0,0,0,1
101867,0,0,0,0,0,0,0,0,1
101868,0,0,0,0,0,0,0,0,1
101869,0,0,0,0,0,0,0,0,1
101870,0,0,0,0,0,0,0,0,1
101871,0,0,0,0,0,0,0,0,1
101872,0,0,0,0,0,0,0,0,1
101873,0,0,0,0,0,0,0,0,1
101874,0,0,0,0,0,0,0,0,1
101875,0,0,0,0,0,0,0,0,1
101876,0,0,0,0,0,0,0,0,1
101877,0,0,0,0,0,0,0,0,1
101878,0,0,0,0,0,0,0,0,1
101879,0,0,0,0,0,0,0,0,1
101880,0,0,0,0,0,0,0,0,1
101881,0,0,0,0,0,0,0,0,1
101882,0,0,0,0,0,0,0,0,1
101883,0,0,0,0,0,0,0,0,1
101884,0,0,0,0,0,0,0,0,1
101885,0,0,0,0,0,0,0,0,1
101886,0,0,0,0,0,0,0,0,1
101887,0,0,0,0,0,0,0,0,1
101888,0,0,0,0,0,0,0,0,1
101889,0,0,0,0,0,0,0,0,1
101890,0,0,0,0,0,0,0,0,1
101891,0,0,0,0,0,0,0,0,1
101892,0,0,0,0,0,0,0,0,1
101893,0,0,0,0,0,0,0,0,1
101894,0,0,0,0,0,0,0,0,1
101895,0,0,0,0,0,0,0,0,1
101896,0,0,0,0,0,0,0,0,1
101897,0,0,0,0,0,0,0,0,1
101898,0,0,0,0,0,0,0,0,1
101899,0,0,0,0,0,0,0,0,1
101900,0,0,0,0,0,0,0,0,1
101901,0,0,0,0,0,0,0,0,1
101902,0,0,0,0,0,0,0,0,1
101903,0,0,0,0,0,0,0,0,1
101904,0,0,0,0,0,0,0,0,1
101905,0,0,0,0,0,0,0,0,1
101906,0,0,0,0,0,0,0,0,1
101907,0,0,0,0,0,0,0,0,1
101908,0,0,0,0,0,0,0,0,1
101909,0,0,0,0,0,0,0,0,1
101910,0,0,0,0,0,0,0,0,1
101911,0,0,0,0,0,0,0,0,1
101912,0,0,0,0,0,0,0,0,1
101913,0,0,0,0,0,0,0,0,1
101914,0,0,0,0,0,0,0,0,1
101915,0,0,0,0,0,0,0,0,1
101916,0,0,0,0,0,0,0,0,1
101917,0,0,0,0,0,0,0,0,1
101918,0,0,0,0,0,0,0,0,1
101919,0,0,0,0,0,0,0,0,1
101920,0,0,0,0,0,0,0,0,1
101921,0,0,0,0,0,0,0,0,1
101922,0,0,0,0,0,0,0,0,1
101923,0,0,0,0,0,0,0,0,1
101924,0,0,0,0,0,0,0,0,1
101925,0,0,0,0,0,0,0,0,1
101926,0,0,0,0,0,0,0,0,1
101927,0,0,0,0,0,0,0,0,1
101928,0,0,0,0,0,0,0,0,1
101929,0,0,0,0,0,0,0,0,1
101930,0,0,0,0,0,0,0,0,1
101931,0,0,0,0,0,0,0,0,1
101932,0,0,0,0,0,0,0,0,1
101933,0,0,0,0,0,0,0,0,1
101934,0,0,0,0,0,0,0,0,1
101935,0,0,0,0,0,0,0,0,1
101936,0,0,0,0,0,0,0,0,1
101937,0,0,0,0,0,0,0,0,1
101938,0,0,0,0,0,0,0,0,1
101939,0,0,0,0,0,0,0,0,1
101940,0,0,0,0,0,0,0,0,1
101941,0,0,0,0,0,0,0,0,1
101942,0,0,0,0,0,0,0,0,1
101943,0,0,0,0,0,0,0,0,1
101944,0,0,0,0,0,0,0,0,1
101945,0,0,0,0,0,0,0,0,1
101946,0,0,0,0,0,0,0,0,1
101947,0,0,0,0,0,0,0,0,1
101948,0,0,0,0,0,0,0,0,1
101949,0,0,0,0,0,0,0,0,1
101950,0,0,0,0,0,0,0,0,1
101951,0,0,0,0,0,0,0,0,1
101952,0,0,0,0,0,0,0,0,1
101953,0,0,0,0,0,0,0,0,1
101954,0,0,0,0,0,0,0,0,1
101955,0,0,0,0,0,0,0,0,1
101956,0,0,0,0,0,0,0,0,1
101957,0,0,0,0,0,0,0,0,1
101958,0,0,0,0,0,0,0,0,1
101959,0,0,0,0,0,0,0,0,1
101960,0,0,0,0,0,0,0,0,1
101961,0,0,0,0,0,0,0,0,1
101962,0,0,0,0,0,0,0,0,1
101963,0,0,0,0,0,0,0,0,1
101964,0,0,0,0,0,0,0,0,1
101965,0,0,0,0,0,0,0,0,1
101966,0,0,0,0,0,0,0,0,1
101967,0,0,0,0,0,0,0,0,1
101968,0,0,0,0,0,0,0,0,1
101969,0,0,0,0,0,0,0,0,1
101970,0,0,0,0,0,0,0,0,1
101971,0,0,0,0,0,0,0,0,1
101972,0,0,0,0,0,0,0,0,1
101973,0,0,0,0,0,0,0,0,1
101974,0,0,0,0,0,0,0,0,1
101975,0,0,0,0,0,0,0,0,1
101976,0,0,0,0,0,0,0,0,1
101977,0,0,0,0,0,0,0,0,1
101978,0,0,0,0,0,0,0,0,1
101979,0,0,0,0,0,0,0,0,1
101980,0,0,0,0,0,0,0,0,1
101981,0,0,0,0,0,0,0,0,1
101982,0,0,0,0,0,0,0,0,1
101983,0,0,0,0,0,0,0,0,1
101984,0,0,0,0,0,0,0,0,1
101985,0,0,0,0,0,0,0,0,1
101986,0,0,0,0,0,0,0,0,1
101987,0,0,0,0,0,0,0,0,1
101988,0,0,0,0,0,0,0,0,1
101989,0,0,0,0,0,0,0,0,1
101990,0,0,0,0,0,0,0,0,1
101991,0,0,0,0,0,0,0,0,1
101992,0,0,0,0,0,0,0,0,1
101993,0,0,0,0,0,0,0,0,1
101994,0,0,0,0,0,0,0,0,1
101995,0,0,0,0,0,0,0,0,1
101996,0,0,0,0,0,0,0,0,1
101997,0,0,0,0,0,0,0,0,1
101998,0,0,0,0,0,0,0,0,1
101999,0,0,0,0,0,0,0,0,1
102000,0,0,0,0,0,0,0,0,1
102001,0,0,0,0,0,0,0,0,1
102002,0,0,0,0,0,0,0,0,1
102003,0,0,0,0,0,0,0,0,1
102004,0,0,0,0,0,0,0,0,1
102005,0,0,0,0,0,0,0,0,1
102006,0,0,0,0,0,0,0,0,1
102007,0,0,0,0,0,0,0,0,1
102008,0,0,0,0,0,0,0,0,1
102009,0,0,0,0,0,0,0,0,1
102010,0,0,0,0,0,0,0,0,1
102011,0,0,0,0,0,0,0,0,1
102012,0,0,0,0,0,0,0,0,1
102013,0,0,0,0,0,0,0,0,1
102014,0,0,0,0,0,0,0,0,1
102015,0,0,0,0,0,0,0,0,1
102016,0,0,0,0,0,0,0,0,1
102017,0,0,0,0,0,0,0,0,1
102018,0,0,0,0,0,0,0,0,1
102019,0,0,0,0,0,0,0,0,1
102020,0,0,0,0,0,0,0,0,1
102021,0,0,0,0,0,0,0,0,1
102022,0,0,0,0,0,0,0,0,1
102023,0,0,0,0,0,0,0,0,1
102024,0,0,0,0,0,0,0,0,1
102025,0,0,0,0,0,0,0,0,1
102026,0,0,0,0,0,0,0,0,1
102027,0,0,0,0,0,0,0,0,1
102028,0,0,0,0,0,0,0,0,1
102029,0,0,0,0,0,0,0,0,1
102030,0,0,0,0,0,0,0,0,1
102031,0,0,0,0,0,0,0,0,1
102032,0,0,0,0,0,0,0,0,1
102033,0,0,0,0,0,0,0,0,1
102034,0,0,0,0,0,0,0,0,1
102035,0,0,0,0,0,0,0,0,1
102036,0,0,0,0,0,0,0,0,1
102037,0,0,0,0,0,0,0,0,1
102038,0,0,0,0,0,0,0,0,1
102039,0,0,0,0,0,0,0,0,1
102040,0,0,0,0,0,0,0,0,1
102041,0,0,0,0,0,0,0,0,1
102042,0,0,0,0,0,0,0,0,1
102043,0,0,0,0,0,0,0,0,1
102044,0,0,0,0,0,0,0,0,1
102045,0,0,0,0,0,0,0,0,1
102046,0,0,0,0,0,0,0,0,1
102047,0,0,0,0,0,0,0,0,1
102048,0,0,0,0,0,0,0,0,1
102049,0,0,0,0,0,0,0,0,1
102050,0,0,0,0,0,0,0,0,1
102051,0,0,0,0,0,0,0,0,1
102052,0,0,0,0,0,0,0,0,1
102053,0,0,0,0,0,0,0,0,1
102054,0,0,0,0,0,0,0,0,1
102055,0,0,0,0,0,0,0,0,1
102056,0,0,0,0,0,0,0,0,1
102057,0,0,0,0,0,0,0,0,1
102058,0,0,0,0,0,0,0,0,1
102059,0,0,0,0,0,0,0,0,1
102060,0,0,0,0,0,0,0,0,1
102061,0,0,0,0,0,0,0,0,1
102062,0,0,0,0,0,0,0,0,1
102063,0,0,0,0,0,0,0,0,1
102064,0,0,0,0,0,0,0,0,1
102065,0,0,0,0,0,0,0,0,1
102066,0,0,0,0,0,0,0,0,1
102067,0,0,0,0,0,0,0,0,1
102068,0,0,0,0,0,0,0,0,1
102069,0,0,0,0,0,0,0,0,1
102070,0,0,0,0,0,0,0,0,1
102071,0,0,0,0,0,0,0,0,1
102072,0,0,0,0,0,0,0,0,1
102073,0,0,0,0,0,0,0,0,1
102074,0,0,0,0,0,0,0,0,1
102075,0,0,0,0,0,0,0,0,1
102076,0,0,0,0,0,0,0,0,1
102077,0,0,0,0,0,0,0,0,1
102078,0,0,0,0,0,0,0,0,1
102079,0,0,0,0,0,0,0,0,1
102080,0,0,0,0,0,0,0,0,1
102081,0,0,0,0,0,0,0,0,1
102082,0,0,0,0,0,0,0,0,1
102083,0,0,0,0,0,0,0,0,1
102084,0,0,0,0,0,0,0,0,1
102085,0,0,0,0,0,0,0,0,1
102086,0,0,0,0,0,0,0,0,1
102087,0,0,0,0,0,0,0,0,1
102088,0,0,0,0,0,0,0,0,1
102089,0,0,0,0,0,0,0,0,1
102090,0,0,0,0,0,0,0,0,1
102091,0,0,0,0,0,0,0,0,1
102092,0,0,0,0,0,0,0,0,1
102093,0,0,0,0,0,0,0,0,1
102094,0,0,0,0,0,0,0,0,1
102095,0,0,0,0,0,0,0,0,1
102096,0,0,0,0,0,0,0,0,1
102097,0,0,0,0,0,0,0,0,1
102098,0,0,0,0,0,0,0,0,1
102099,0,0,0,0,0,0,0,0,1
102100,0,0,0,0,0,0,0,0,1
102101,0,0,0,0,0,0,0,0,1
102102,0,0,0,0,0,0,0,0,1
102103,0,0,0,0,0,0,0,0,1
102104,0,0,0,0,0,0,0,0,1
102105,0,0,0,0,0,0,0,0,1
102106,0,0,0,0,0,0,0,0,1
102107,0,0,0,0,0,0,0,0,1
102108,0,0,0,0,0,0,0,0,1
102109,0,0,0,0,0,0,0,0,1
102110,0,0,0,0,0,0,0,0,1
102111,0,0,0,0,0,0,0,0,1
102112,0,0,0,0,0,0,0,0,1
102113,0,0,0,0,0,0,0,0,1
102114,0,0,0,0,0,0,0,0,1
102115,0,0,0,0,0,0,0,0,1
102116,0,0,0,0,0,0,0,0,1
102117,0,0,0,0,0,0,0,0,1
102118,0,0,0,0,0,0,0,0,1
102119,0,0,0,0,0,0,0,0,1
102120,0,0,0,0,0,0,0,0,1
102121,0,0,0,0,0,0,0,0,1
102122,0,0,0,0,0,0,0,0,1
102123,0,0,0,0,0,0,0,0,1
102124,0,0,0,0,0,0,0,0,1
102125,0,0,0,0,0,0,0,0,1
102126,0,0,0,0,0,0,0,0,1
102127,0,0,0,0,0,0,0,0,1
102128,0,0,0,0,0,0,0,0,1
102129,0,0,0,0,0,0,0,0,1
102130,0,0,0,0,0,0,0,0,1
102131,0,0,0,0,0,0,0,0,1
102132,0,0,0,0,0,0,0,0,1
102133,0,0,0,0,0,0,0,0,1
102134,0,0,0,0,0,0,0,0,1
102135,0,0,0,0,0,0,0,0,1
102136,0,0,0,0,0,0,0,0,1
102137,0,0,0,0,0,0,0,0,1
102138,0,0,0,0,0,0,0,0,1
102139,0,0,0,0,0,0,0,0,1
102140,0,0,0,0,0,0,0,0,1
102141,0,0,0,0,0,0,0,0,1
102142,0,0,0,0,0,0,0,0,1
102143,0,0,0,0,0,0,0,0,1
102144,0,0,0,0,0,0,0,0,1
102145,0,0,0,0,0,0,0,0,1
102146,0,0,0,0,0,0,0,0,1
102147,0,0,0,0,0,0,0,0,1
102148,0,0,0,0,0,0,0,0,1
102149,0,0,0,0,0,0,0,0,1
102150,0,0,0,0,0,0,0,0,1
102151,0,0,0,0,0,0,0,0,1
102152,0,0,0,0,0,0,0,0,1
102153,0,0,0,0,0,0,0,0,1
102154,0,0,0,0,0,0,0,0,1
102155,0,0,0,0,0,0,0,0,1
102156,0,0,0,0,0,0,0,0,1
102157,0,0,0,0,0,0,0,0,1
102158,0,0,0,0,0,0,0,0,1
102159,0,0,0,0,0,0,0,0,1
102160,0,0,0,0,0,0,0,0,1
102161,0,0,0,0,0,0,0,0,1
102162,0,0,0,0,0,0,0,0,1
102163,0,0,0,0,0,0,0,0,1
102164,0,0,0,0,0,0,0,0,1
102165,0,0,0,0,0,0,0,0,1
102166,0,0,0,0,0,0,0,0,1
102167,0,0,0,0,0,0,0,0,1
102168,0,0,0,0,0,0,0,0,1
102169,0,0,0,0,0,0,0,0,1
102170,0,0,0,0,0,0,0,0,1
102171,0,0,0,0,0,0,0,0,1
102172,0,0,0,0,0,0,0,0,1
102173,0,0,0,0,0,0,0,0,1
102174,0,0,0,0,0,0,0,0,1
102175,0,0,0,0,0,0,0,0,1
102176,0,0,0,0,0,0,0,0,1
102177,0,0,0,0,0,0,0,0,1
102178,0,0,0,0,0,0,0,0,1
102179,0,0,0,0,0,0,0,0,1
102180,0,0,0,0,0,0,0,0,1
102181,0,0,0,0,0,0,0,0,1
102182,0,0,0,0,0,0,0,0,1
102183,0,0,0,0,0,0,0,0,1
102184,0,0,0,0,0,0,0,0,1
102185,0,0,0,0,0,0,0,0,1
102186,0,0,0,0,0,0,0,0,1
102187,0,0,0,0,0,0,0,0,1
102188,0,0,0,0,0,0,0,0,1
102189,0,0,0,0,0,0,0,0,1
102190,0,0,0,0,0,0,0,0,1
102191,0,0,0,0,0,0,0,0,1
102192,0,0,0,0,0,0,0,0,1
102193,0,0,0,0,0,0,0,0,1
102194,0,0,0,0,0,0,0,0,1
102195,0,0,0,0,0,0,0,0,1
102196,0,0,0,0,0,0,0,0,1
102197,0,0,0,0,0,0,0,0,1
102198,0,0,0,0,0,0,0,0,1
102199,0,0,0,0,0,0,0,0,1
102200,0,0,0,0,0,0,0,0,1
102201,0,0,0,0,0,0,0,0,1
102202,0,0,0,0,0,0,0,0,1
102203,0,0,0,0,0,0,0,0,1
102204,0,0,0,0,0,0,0,0,1
102205,0,0,0,0,0,0,0,0,1
102206,0,0,0,0,0,0,0,0,1
102207,0,0,0,0,0,0,0,0,1
102208,0,0,0,0,0,0,0,0,1
102209,0,0,0,0,0,0,0,0,1
102210,0,0,0,0,0,0,0,0,1
102211,0,0,0,0,0,0,0,0,1
102212,0,0,0,0,0,0,0,0,1
102213,0,0,0,0,0,0,0,0,1
102214,0,0,0,0,0,0,0,0,1
102215,0,0,0,0,0,0,0,0,1
102216,0,0,0,0,0,0,0,0,1
102217,0,0,0,0,0,0,0,0,1
102218,0,0,0,0,0,0,0,0,1
102219,0,0,0,0,0,0,0,0,1
102220,0,0,0,0,0,0,0,0,1
102221,0,0,0,0,0,0,0,0,1
102222,0,0,0,0,0,0,0,0,1
102223,0,0,0,0,0,0,0,0,1
102224,0,0,0,0,0,0,0,0,1
102225,0,0,0,0,0,0,0,0,1
102226,0,0,0,0,0,0,0,0,1
102227,0,0,0,0,0,0,0,0,1
102228,0,0,0,0,0,0,0,0,1
102229,0,0,0,0,0,0,0,0,1
102230,0,0,0,0,0,0,0,0,1
102231,0,0,0,0,0,0,0,0,1
102232,0,0,0,0,0,0,0,0,1
102233,0,0,0,0,0,0,0,0,1
102234,0,0,0,0,0,0,0,0,1
102235,0,0,0,0,0,0,0,0,1
102236,0,0,0,0,0,0,0,0,1
102237,0,0,0,0,0,0,0,0,1
102238,0,0,0,0,0,0,0,0,1
102239,0,0,0,0,0,0,0,0,1
102240,0,0,0,0,0,0,0,0,1
102241,0,0,0,0,0,0,0,0,1
102242,0,0,0,0,0,0,0,0,1
102243,0,0,0,0,0,0,0,0,1
102244,0,0,0,0,0,0,0,0,1
102245,0,0,0,0,0,0,0,0,1
102246,0,0,0,0,0,0,0,0,1
102247,0,0,0,0,0,0,0,0,1
102248,0,0,0,0,0,0,0,0,1
102249,0,0,0,0,0,0,0,0,1
102250,0,0,0,0,0,0,0,0,1
102251,0,0,0,0,0,0,0,0,1
102252,0,0,0,0,0,0,0,0,1
102253,0,0,0,0,0,0,0,0,1
102254,0,0,0,0,0,0,0,0,1
102255,0,0,0,0,0,0,0,0,1
102256,0,0,0,0,0,0,0,0,1
102257,0,0,0,0,0,0,0,0,1
102258,0,0,0,0,0,0,0,0,1
102259,0,0,0,0,0,0,0,0,1
102260,0,0,0,0,0,0,0,0,1
102261,0,0,0,0,0,0,0,0,1
102262,0,0,0,0,0,0,0,0,1
102263,0,0,0,0,0,0,0,0,1
102264,0,0,0,0,0,0,0,0,1
102265,0,0,0,0,0,0,0,0,1
102266,0,0,0,0,0,0,0,0,1
102267,0,0,0,0,0,0,0,0,1
102268,0,0,0,0,0,0,0,0,1
102269,0,0,0,0,0,0,0,0,1
102270,0,0,0,0,0,0,0,0,1
102271,0,0,0,0,0,0,0,0,1
102272,0,0,0,0,0,0,0,0,1
102273,0,0,0,0,0,0,0,0,1
102274,0,0,0,0,0,0,0,0,1
102275,0,0,0,0,0,0,0,0,1
102276,0,0,0,0,0,0,0,0,1
102277,0,0,0,0,0,0,0,0,1
102278,0,0,0,0,0,0,0,0,1
102279,0,0,0,0,0,0,0,0,1
102280,0,0,0,0,0,0,0,0,1
102281,0,0,0,0,0,0,0,0,1
102282,0,0,0,0,0,0,0,0,1
102283,0,0,0,0,0,0,0,0,1
102284,0,0,0,0,0,0,0,0,1
102285,0,0,0,0,0,0,0,0,1
102286,0,0,0,0,0,0,0,0,1
102287,0,0,0,0,0,0,0,0,1
102288,0,0,0,0,0,0,0,0,1
102289,0,0,0,0,0,0,0,0,1
102290,0,0,0,0,0,0,0,0,1
102291,0,0,0,0,0,0,0,0,1
102292,0,0,0,0,0,0,0,0,1
102293,0,0,0,0,0,0,0,0,1
102294,0,0,0,0,0,0,0,0,1
102295,0,0,0,0,0,0,0,0,1
102296,0,0,0,0,0,0,0,0,1
102297,0,0,0,0,0,0,0,0,1
102298,0,0,0,0,0,0,0,0,1
102299,0,0,0,0,0,0,0,0,1
102300,0,0,0,0,0,0,0,0,1
102301,0,0,0,0,0,0,0,0,1
102302,0,0,0,0,0,0,0,0,1
102303,0,0,0,0,0,0,0,0,1
102304,0,0,0,0,0,0,0,0,1
102305,0,0,0,0,0,0,0,0,1
102306,0,0,0,0,0,0,0,0,1
102307,0,0,0,0,0,0,0,0,1
102308,0,0,0,0,0,0,0,0,1
102309,0,0,0,0,0,0,0,0,1
102310,0,0,0,0,0,0,0,0,1
102311,0,0,0,0,0,0,0,0,1
102312,0,0,0,0,0,0,0,0,1
102313,0,0,0,0,0,0,0,0,1
102314,0,0,0,0,0,0,0,0,1
102315,0,0,0,0,0,0,0,0,1
102316,0,0,0,0,0,0,0,0,1
102317,0,0,0,0,0,0,0,0,1
102318,0,0,0,0,0,0,0,0,1
102319,0,0,0,0,0,0,0,0,1
102320,0,0,0,0,0,0,0,0,1
102321,0,0,0,0,0,0,0,0,1
102322,0,0,0,0,0,0,0,0,1
102323,0,0,0,0,0,0,0,0,1
102324,0,0,0,0,0,0,0,0,1
102325,0,0,0,0,0,0,0,0,1
102326,0,0,0,0,0,0,0,0,1
102327,0,0,0,0,0,0,0,0,1
102328,0,0,0,0,0,0,0,0,1
102329,0,0,0,0,0,0,0,0,1
102330,0,0,0,0,0,0,0,0,1
102331,0,0,0,0,0,0,0,0,1
102332,0,0,0,0,0,0,0,0,1
102333,0,0,0,0,0,0,0,0,1
102334,0,0,0,0,0,0,0,0,1
102335,0,0,0,0,0,0,0,0,1
102336,0,0,0,0,0,0,0,0,1
102337,0,0,0,0,0,0,0,0,1
102338,0,0,0,0,0,0,0,0,1
102339,0,0,0,0,0,0,0,0,1
102340,0,0,0,0,0,0,0,0,1
102341,0,0,0,0,0,0,0,0,1
102342,0,0,0,0,0,0,0,0,1
102343,0,0,0,0,0,0,0,0,1
102344,0,0,0,0,0,0,0,0,1
102345,0,0,0,0,0,0,0,0,1
102346,0,0,0,0,0,0,0,0,1
102347,0,0,0,0,0,0,0,0,1
102348,0,0,0,0,0,0,0,0,1
102349,0,0,0,0,0,0,0,0,1
102350,0,0,0,0,0,0,0,0,1
102351,0,0,0,0,0,0,0,0,1
102352,0,0,0,0,0,0,0,0,1
102353,0,0,0,0,0,0,0,0,1
102354,0,0,0,0,0,0,0,0,1
102355,0,0,0,0,0,0,0,0,1
102356,0,0,0,0,0,0,0,0,1
102357,0,0,0,0,0,0,0,0,1
102358,0,0,0,0,0,0,0,0,1
102359,0,0,0,0,0,0,0,0,1
102360,0,0,0,0,0,0,0,0,1
102361,0,0,0,0,0,0,0,0,1
102362,0,0,0,0,0,0,0,0,1
102363,0,0,0,0,0,0,0,0,1
102364,0,0,0,0,0,0,0,0,1
102365,0,0,0,0,0,0,0,0,1
102366,0,0,0,0,0,0,0,0,1
102367,0,0,0,0,0,0,0,0,1
102368,0,0,0,0,0,0,0,0,1
102369,0,0,0,0,0,0,0,0,1
102370,0,0,0,0,0,0,0,0,1
102371,0,0,0,0,0,0,0,0,1
102372,0,0,0,0,0,0,0,0,1
102373,0,0,0,0,0,0,0,0,1
102374,0,0,0,0,0,0,0,0,1
102375,0,0,0,0,0,0,0,0,1
102376,0,0,0,0,0,0,0,0,1
102377,0,0,0,0,0,0,0,0,1
102378,0,0,0,0,0,0,0,0,1
102379,0,0,0,0,0,0,0,0,1
102380,0,0,0,0,0,0,0,0,1
102381,0,0,0,0,0,0,0,0,1
102382,0,0,0,0,0,0,0,0,1
102383,0,0,0,0,0,0,0,0,1
102384,0,0,0,0,0,0,0,0,1
102385,0,0,0,0,0,0,0,0,1
102386,0,0,0,0,0,0,0,0,1
102387,0,0,0,0,0,0,0,0,1
102388,0,0,0,0,0,0,0,0,1
102389,0,0,0,0,0,0,0,0,1
102390,0,0,0,0,0,0,0,0,1
102391,0,0,0,0,0,0,0,0,1
102392,0,0,0,0,0,0,0,0,1
102393,0,0,0,0,0,0,0,0,1
102394,0,0,0,0,0,0,0,0,1
102395,0,0,0,0,0,0,0,0,1
102396,0,0,0,0,0,0,0,0,1
102397,0,0,0,0,0,0,0,0,1
102398,0,0,0,0,0,0,0,0,1
102399,0,0,0,0,0,0,0,0,1
102400,0,0,0,0,0,0,0,0,1
102401,0,0,0,0,0,0,0,0,1
102402,0,0,0,0,0,0,0,0,1
102403,0,0,0,0,0,0,0,0,1
102404,0,0,0,0,0,0,0,0,1
102405,0,0,0,0,0,0,0,0,1
102406,0,0,0,0,0,0,0,0,1
102407,0,0,0,0,0,0,0,0,1
102408,0,0,0,0,0,0,0,0,1
102409,0,0,0,0,0,0,0,0,1
102410,0,0,0,0,0,0,0,0,1
102411,0,0,0,0,0,0,0,0,1
102412,0,0,0,0,0,0,0,0,1
102413,0,0,0,0,0,0,0,0,1
102414,0,0,0,0,0,0,0,0,1
102415,0,0,0,0,0,0,0,0,1
102416,0,0,0,0,0,0,0,0,1
102417,0,0,0,0,0,0,0,0,1
102418,0,0,0,0,0,0,0,0,1
102419,0,0,0,0,0,0,0,0,1
102420,0,0,0,0,0,0,0,0,1
102421,0,0,0,0,0,0,0,0,1
102422,0,0,0,0,0,0,0,0,1
102423,0,0,0,0,0,0,0,0,1
102424,0,0,0,0,0,0,0,0,1
102425,0,0,0,0,0,0,0,0,1
102426,0,0,0,0,0,0,0,0,1
102427,0,0,0,0,0,0,0,0,1
102428,0,0,0,0,0,0,0,0,1
102429,0,0,0,0,0,0,0,0,1
102430,0,0,0,0,0,0,0,0,1
102431,0,0,0,0,0,0,0,0,1
102432,0,0,0,0,0,0,0,0,1
102433,0,0,0,0,0,0,0,0,1
102434,0,0,0,0,0,0,0,0,1
102435,0,0,0,0,0,0,0,0,1
102436,0,0,0,0,0,0,0,0,1
102437,0,0,0,0,0,0,0,0,1
102438,0,0,0,0,0,0,0,0,1
102439,0,0,0,0,0,0,0,0,1
102440,0,0,0,0,0,0,0,0,1
102441,0,0,0,0,0,0,0,0,1
102442,0,0,0,0,0,0,0,0,1
102443,0,0,0,0,0,0,0,0,1
102444,0,0,0,0,0,0,0,0,1
102445,0,0,0,0,0,0,0,0,1
102446,0,0,0,0,0,0,0,0,1
102447,0,0,0,0,0,0,0,0,1
102448,0,0,0,0,0,0,0,0,1
102449,0,0,0,0,0,0,0,0,1
102450,0,0,0,0,0,0,0,0,1
102451,0,0,0,0,0,0,0,0,1
102452,0,0,0,0,0,0,0,0,1
102453,0,0,0,0,0,0,0,0,1
102454,0,0,0,0,0,0,0,0,1
102455,0,0,0,0,0,0,0,0,1
102456,0,0,0,0,0,0,0,0,1
102457,0,0,0,0,0,0,0,0,1
102458,0,0,0,0,0,0,0,0,1
102459,0,0,0,0,0,0,0,0,1
102460,0,0,0,0,0,0,0,0,1
102461,0,0,0,0,0,0,0,0,1
102462,0,0,0,0,0,0,0,0,1
102463,0,0,0,0,0,0,0,0,1
102464,0,0,0,0,0,0,0,0,1
102465,0,0,0,0,0,0,0,0,1
102466,0,0,0,0,0,0,0,0,1
102467,0,0,0,0,0,0,0,0,1
102468,0,0,0,0,0,0,0,0,1
102469,0,0,0,0,0,0,0,0,1
102470,0,0,0,0,0,0,0,0,1
102471,0,0,0,0,0,0,0,0,1
102472,0,0,0,0,0,0,0,0,1
102473,0,0,0,0,0,0,0,0,1
102474,0,0,0,0,0,0,0,0,1
102475,0,0,0,0,0,0,0,0,1
102476,0,0,0,0,0,0,0,0,1
102477,0,0,0,0,0,0,0,0,1
102478,0,0,0,0,0,0,0,0,1
102479,0,0,0,0,0,0,0,0,1
102480,0,0,0,0,0,0,0,0,1
102481,0,0,0,0,0,0,0,0,1
102482,0,0,0,0,0,0,0,0,1
102483,0,0,0,0,0,0,0,0,1
102484,0,0,0,0,0,0,0,0,1
102485,0,0,0,0,0,0,0,0,1
102486,0,0,0,0,0,0,0,0,1
102487,0,0,0,0,0,0,0,0,1
102488,0,0,0,0,0,0,0,0,1
102489,0,0,0,0,0,0,0,0,1
102490,0,0,0,0,0,0,0,0,1
102491,0,0,0,0,0,0,0,0,1
102492,0,0,0,0,0,0,0,0,1
102493,0,0,0,0,0,0,0,0,1
102494,0,0,0,0,0,0,0,0,1
102495,0,0,0,0,0,0,0,0,1
102496,0,0,0,0,0,0,0,0,1
102497,0,0,0,0,0,0,0,0,1
102498,0,0,0,0,0,0,0,0,1
102499,0,0,0,0,0,0,0,0,1
102500,0,0,0,0,0,0,0,0,1
102501,0,0,0,0,0,0,0,0,1
102502,0,0,0,0,0,0,0,0,1
102503,0,0,0,0,0,0,0,0,1
102504,0,0,0,0,0,0,0,0,1
102505,0,0,0,0,0,0,0,0,1
102506,0,0,0,0,0,0,0,0,1
102507,0,0,0,0,0,0,0,0,1
102508,0,0,0,0,0,0,0,0,1
102509,0,0,0,0,0,0,0,0,1
102510,0,0,0,0,0,0,0,0,1
102511,0,0,0,0,0,0,0,0,1
102512,0,0,0,0,0,0,0,0,1
102513,0,0,0,0,0,0,0,0,1
102514,0,0,0,0,0,0,0,0,1
102515,0,0,0,0,0,0,0,0,1
102516,0,0,0,0,0,0,0,0,1
102517,0,0,0,0,0,0,0,0,1
102518,0,0,0,0,0,0,0,0,1
102519,0,0,0,0,0,0,0,0,1
102520,0,0,0,0,0,0,0,0,1
102521,0,0,0,0,0,0,0,0,1
102522,0,0,0,0,0,0,0,0,1
102523,0,0,0,0,0,0,0,0,1
102524,0,0,0,0,0,0,0,0,1
102525,0,0,0,0,0,0,0,0,1
102526,0,0,0,0,0,0,0,0,1
102527,0,0,0,0,0,0,0,0,1
102528,0,0,0,0,0,0,0,0,1
102529,0,0,0,0,0,0,0,0,1
102530,0,0,0,0,0,0,0,0,1
102531,0,0,0,0,0,0,0,0,1
102532,0,0,0,0,0,0,0,0,1
102533,0,0,0,0,0,0,0,0,1
102534,0,0,0,0,0,0,0,0,1
102535,0,0,0,0,0,0,0,0,1
102536,0,0,0,0,0,0,0,0,1
102537,0,0,0,0,0,0,0,0,1
102538,0,0,0,0,0,0,0,0,1
102539,0,0,0,0,0,0,0,0,1
102540,0,0,0,0,0,0,0,0,1
102541,0,0,0,0,0,0,0,0,1
102542,0,0,0,0,0,0,0,0,1
102543,0,0,0,0,0,0,0,0,1
102544,0,0,0,0,0,0,0,0,1
102545,0,0,0,0,0,0,0,0,1
102546,0,0,0,0,0,0,0,0,1
102547,0,0,0,0,0,0,0,0,1
102548,0,0,0,0,0,0,0,0,1
102549,0,0,0,0,0,0,0,0,1
102550,0,0,0,0,0,0,0,0,1
102551,0,0,0,0,0,0,0,0,1
102552,0,0,0,0,0,0,0,0,1
102553,0,0,0,0,0,0,0,0,1
102554,0,0,0,0,0,0,0,0,1
102555,0,0,0,0,0,0,0,0,1
102556,0,0,0,0,0,0,0,0,1
102557,0,0,0,0,0,0,0,0,1
102558,0,0,0,0,0,0,0,0,1
102559,0,0,0,0,0,0,0,0,1
102560,0,0,0,0,0,0,0,0,1
102561,0,0,0,0,0,0,0,0,1
102562,0,0,0,0,0,0,0,0,1
102563,0,0,0,0,0,0,0,0,1
102564,0,0,0,0,0,0,0,0,1
102565,0,0,0,0,0,0,0,0,1
102566,0,0,0,0,0,0,0,0,1
102567,0,0,0,0,0,0,0,0,1
102568,0,0,0,0,0,0,0,0,1
102569,0,0,0,0,0,0,0,0,1
102570,0,0,0,0,0,0,0,0,1
102571,0,0,0,0,0,0,0,0,1
102572,0,0,0,0,0,0,0,0,1
102573,0,0,0,0,0,0,0,0,1
102574,0,0,0,0,0,0,0,0,1
102575,0,0,0,0,0,0,0,0,1
102576,0,0,0,0,0,0,0,0,1
102577,0,0,0,0,0,0,0,0,1
102578,0,0,0,0,0,0,0,0,1
102579,0,0,0,0,0,0,0,0,1
102580,0,0,0,0,0,0,0,0,1
102581,0,0,0,0,0,0,0,0,1
102582,0,0,0,0,0,0,0,0,1
102583,0,0,0,0,0,0,0,0,1
102584,0,0,0,0,0,0,0,0,1
102585,0,0,0,0,0,0,0,0,1
102586,0,0,0,0,0,0,0,0,1
102587,0,0,0,0,0,0,0,0,1
102588,0,0,0,0,0,0,0,0,1
102589,0,0,0,0,0,0,0,0,1
102590,0,0,0,0,0,0,0,0,1
102591,0,0,0,0,0,0,0,0,1
102592,0,0,0,0,0,0,0,0,1
102593,0,0,0,0,0,0,0,0,1
102594,0,0,0,0,0,0,0,0,1
102595,0,0,0,0,0,0,0,0,1
102596,0,0,0,0,0,0,0,0,1
102597,0,0,0,0,0,0,0,0,1
102598,0,0,0,0,0,0,0,0,1
102599,0,0,0,0,0,0,0,0,1
102600,0,0,0,0,0,0,0,0,1
102601,0,0,0,0,0,0,0,0,1
102602,0,0,0,0,0,0,0,0,1
102603,0,0,0,0,0,0,0,0,1
102604,0,0,0,0,0,0,0,0,1
102605,0,0,0,0,0,0,0,0,1
102606,0,0,0,0,0,0,0,0,1
102607,0,0,0,0,0,0,0,0,1
102608,0,0,0,0,0,0,0,0,1
102609,0,0,0,0,0,0,0,0,1
102610,0,0,0,0,0,0,0,0,1
102611,0,0,0,0,0,0,0,0,1
102612,0,0,0,0,0,0,0,0,1
102613,0,0,0,0,0,0,0,0,1
102614,0,0,0,0,0,0,0,0,1
102615,0,0,0,0,0,0,0,0,1
102616,0,0,0,0,0,0,0,0,1
102617,0,0,0,0,0,0,0,0,1
102618,0,0,0,0,0,0,0,0,1
102619,0,0,0,0,0,0,0,0,1
102620,0,0,0,0,0,0,0,0,1
102621,0,0,0,0,0,0,0,0,1
102622,0,0,0,0,0,0,0,0,1
102623,0,0,0,0,0,0,0,0,1
102624,0,0,0,0,0,0,0,0,1
102625,0,0,0,0,0,0,0,0,1
102626,0,0,0,0,0,0,0,0,1
102627,0,0,0,0,0,0,0,0,1
102628,0,0,0,0,0,0,0,0,1
102629,0,0,0,0,0,0,0,0,1
102630,0,0,0,0,0,0,0,0,1
102631,0,0,0,0,0,0,0,0,1
102632,0,0,0,0,0,0,0,0,1
102633,0,0,0,0,0,0,0,0,1
102634,0,0,0,0,0,0,0,0,1
102635,0,0,0,0,0,0,0,0,1
102636,0,0,0,0,0,0,0,0,1
102637,0,0,0,0,0,0,0,0,1
102638,0,0,0,0,0,0,0,0,1
102639,0,0,0,0,0,0,0,0,1
102640,0,0,0,0,0,0,0,0,1
102641,0,0,0,0,0,0,0,0,1
102642,0,0,0,0,0,0,0,0,1
102643,0,0,0,0,0,0,0,0,1
102644,0,0,0,0,0,0,0,0,1
102645,0,0,0,0,0,0,0,0,1
102646,0,0,0,0,0,0,0,0,1
102647,0,0,0,0,0,0,0,0,1
102648,0,0,0,0,0,0,0,0,1
102649,0,0,0,0,0,0,0,0,1
102650,0,0,0,0,0,0,0,0,1
102651,0,0,0,0,0,0,0,0,1
102652,0,0,0,0,0,0,0,0,1
102653,0,0,0,0,0,0,0,0,1
102654,0,0,0,0,0,0,0,0,1
102655,0,0,0,0,0,0,0,0,1
102656,0,0,0,0,0,0,0,0,1
102657,0,0,0,0,0,0,0,0,1
102658,0,0,0,0,0,0,0,0,1
102659,0,0,0,0,0,0,0,0,1
102660,0,0,0,0,0,0,0,0,1
102661,0,0,0,0,0,0,0,0,1
102662,0,0,0,0,0,0,0,0,1
102663,0,0,0,0,0,0,0,0,1
102664,0,0,0,0,0,0,0,0,1
102665,0,0,0,0,0,0,0,0,1
102666,0,0,0,0,0,0,0,0,1
102667,0,0,0,0,0,0,0,0,1
102668,0,0,0,0,0,0,0,0,1
102669,0,0,0,0,0,0,0,0,1
102670,0,0,0,0,0,0,0,0,1
102671,0,0,0,0,0,0,0,0,1
102672,0,0,0,0,0,0,0,0,1
102673,0,0,0,0,0,0,0,0,1
102674,0,0,0,0,0,0,0,0,1
102675,0,0,0,0,0,0,0,0,1
102676,0,0,0,0,0,0,0,0,1
102677,0,0,0,0,0,0,0,0,1
102678,0,0,0,0,0,0,0,0,1
102679,0,0,0,0,0,0,0,0,1
102680,0,0,0,0,0,0,0,0,1
102681,0,0,0,0,0,0,0,0,1
102682,0,0,0,0,0,0,0,0,1
102683,0,0,0,0,0,0,0,0,1
102684,0,0,0,0,0,0,0,0,1
102685,0,0,0,0,0,0,0,0,1
102686,0,0,0,0,0,0,0,0,1
102687,0,0,0,0,0,0,0,0,1
102688,0,0,0,0,0,0,0,0,1
102689,0,0,0,0,0,0,0,0,1
102690,0,0,0,0,0,0,0,0,1
102691,0,0,0,0,0,0,0,0,1
102692,0,0,0,0,0,0,0,0,1
102693,0,0,0,0,0,0,0,0,1
102694,0,0,0,0,0,0,0,0,1
102695,0,0,0,0,0,0,0,0,1
102696,0,0,0,0,0,0,0,0,1
102697,0,0,0,0,0,0,0,0,1
102698,0,0,0,0,0,0,0,0,1
102699,0,0,0,0,0,0,0,0,1
102700,0,0,0,0,0,0,0,0,1
102701,0,0,0,0,0,0,0,0,1
102702,0,0,0,0,0,0,0,0,1
102703,0,0,0,0,0,0,0,0,1
102704,0,0,0,0,0,0,0,0,1
102705,0,0,0,0,0,0,0,0,1
102706,0,0,0,0,0,0,0,0,1
102707,0,0,0,0,0,0,0,0,1
102708,0,0,0,0,0,0,0,0,1
102709,0,0,0,0,0,0,0,0,1
102710,0,0,0,0,0,0,0,0,1
102711,0,0,0,0,0,0,0,0,1
102712,0,0,0,0,0,0,0,0,1
102713,0,0,0,0,0,0,0,0,1
102714,0,0,0,0,0,0,0,0,1
102715,0,0,0,0,0,0,0,0,1
102716,0,0,0,0,0,0,0,0,1
102717,0,0,0,0,0,0,0,0,1
102718,0,0,0,0,0,0,0,0,1
102719,0,0,0,0,0,0,0,0,1
102720,0,0,0,0,0,0,0,0,1
102721,0,0,0,0,0,0,0,0,1
102722,0,0,0,0,0,0,0,0,1
102723,0,0,0,0,0,0,0,0,1
102724,0,0,0,0,0,0,0,0,1
102725,0,0,0,0,0,0,0,0,1
102726,0,0,0,0,0,0,0,0,1
102727,0,0,0,0,0,0,0,0,1
102728,0,0,0,0,0,0,0,0,1
102729,0,0,0,0,0,0,0,0,1
102730,0,0,0,0,0,0,0,0,1
102731,0,0,0,0,0,0,0,0,1
102732,0,0,0,0,0,0,0,0,1
102733,0,0,0,0,0,0,0,0,1
102734,0,0,0,0,0,0,0,0,1
102735,0,0,0,0,0,0,0,0,1
102736,0,0,0,0,0,0,0,0,1
102737,0,0,0,0,0,0,0,0,1
102738,0,0,0,0,0,0,0,0,1
102739,0,0,0,0,0,0,0,0,1
102740,0,0,0,0,0,0,0,0,1
102741,0,0,0,0,0,0,0,0,1
102742,0,0,0,0,0,0,0,0,1
102743,0,0,0,0,0,0,0,0,1
102744,0,0,0,0,0,0,0,0,1
102745,0,0,0,0,0,0,0,0,1
102746,0,0,0,0,0,0,0,0,1
102747,0,0,0,0,0,0,0,0,1
102748,0,0,0,0,0,0,0,0,1
102749,0,0,0,0,0,0,0,0,1
102750,0,0,0,0,0,0,0,0,1
102751,0,0,0,0,0,0,0,0,1
102752,0,0,0,0,0,0,0,0,1
102753,0,0,0,0,0,0,0,0,1
102754,0,0,0,0,0,0,0,0,1
102755,0,0,0,0,0,0,0,0,1
102756,0,0,0,0,0,0,0,0,1
102757,0,0,0,0,0,0,0,0,1
102758,0,0,0,0,0,0,0,0,1
102759,0,0,0,0,0,0,0,0,1
102760,0,0,0,0,0,0,0,0,1
102761,0,0,0,0,0,0,0,0,1
102762,0,0,0,0,0,0,0,0,1
102763,0,0,0,0,0,0,0,0,1
102764,0,0,0,0,0,0,0,0,1
102765,0,0,0,0,0,0,0,0,1
102766,0,0,0,0,0,0,0,0,1
102767,0,0,0,0,0,0,0,0,1
102768,0,0,0,0,0,0,0,0,1
102769,0,0,0,0,0,0,0,0,1
102770,0,0,0,0,0,0,0,0,1
102771,0,0,0,0,0,0,0,0,1
102772,0,0,0,0,0,0,0,0,1
102773,0,0,0,0,0,0,0,0,1
102774,0,0,0,0,0,0,0,0,1
102775,0,0,0,0,0,0,0,0,1
102776,0,0,0,0,0,0,0,0,1
102777,0,0,0,0,0,0,0,0,1
102778,0,0,0,0,0,0,0,0,1
102779,0,0,0,0,0,0,0,0,1
102780,0,0,0,0,0,0,0,0,1
102781,0,0,0,0,0,0,0,0,1
102782,0,0,0,0,0,0,0,0,1
102783,0,0,0,0,0,0,0,0,1
102784,0,0,0,0,0,0,0,0,1
102785,0,0,0,0,0,0,0,0,1
102786,0,0,0,0,0,0,0,0,1
102787,0,0,0,0,0,0,0,0,1
102788,0,0,0,0,0,0,0,0,1
102789,0,0,0,0,0,0,0,0,1
102790,0,0,0,0,0,0,0,0,1
102791,0,0,0,0,0,0,0,0,1
102792,0,0,0,0,0,0,0,0,1
102793,0,0,0,0,0,0,0,0,1
102794,0,0,0,0,0,0,0,0,1
102795,0,0,0,0,0,0,0,0,1
102796,0,0,0,0,0,0,0,0,1
102797,0,0,0,0,0,0,0,0,1
102798,0,0,0,0,0,0,0,0,1
102799,0,0,0,0,0,0,0,0,1
102800,0,0,0,0,0,0,0,0,1
102801,0,0,0,0,0,0,0,0,1
102802,0,0,0,0,0,0,0,0,1
102803,0,0,0,0,0,0,0,0,1
102804,0,0,0,0,0,0,0,0,1
102805,0,0,0,0,0,0,0,0,1
102806,0,0,0,0,0,0,0,0,1
102807,0,0,0,0,0,0,0,0,1
102808,0,0,0,0,0,0,0,0,1
102809,0,0,0,0,0,0,0,0,1
102810,0,0,0,0,0,0,0,0,1
102811,0,0,0,0,0,0,0,0,1
102812,0,0,0,0,0,0,0,0,1
102813,0,0,0,0,0,0,0,0,1
102814,0,0,0,0,0,0,0,0,1
102815,0,0,0,0,0,0,0,0,1
102816,0,0,0,0,0,0,0,0,1
102817,0,0,0,0,0,0,0,0,1
102818,0,0,0,0,0,0,0,0,1
102819,0,0,0,0,0,0,0,0,1
102820,0,0,0,0,0,0,0,0,1
102821,0,0,0,0,0,0,0,0,1
102822,0,0,0,0,0,0,0,0,1
102823,0,0,0,0,0,0,0,0,1
102824,0,0,0,0,0,0,0,0,1
102825,0,0,0,0,0,0,0,0,1
102826,0,0,0,0,0,0,0,0,1
102827,0,0,0,0,0,0,0,0,1
102828,0,0,0,0,0,0,0,0,1
102829,0,0,0,0,0,0,0,0,1
102830,0,0,0,0,0,0,0,0,1
102831,0,0,0,0,0,0,0,0,1
102832,0,0,0,0,0,0,0,0,1
102833,0,0,0,0,0,0,0,0,1
102834,0,0,0,0,0,0,0,0,1
102835,0,0,0,0,0,0,0,0,1
102836,0,0,0,0,0,0,0,0,1
102837,0,0,0,0,0,0,0,0,1
102838,0,0,0,0,0,0,0,0,1
102839,0,0,0,0,0,0,0,0,1
102840,0,0,0,0,0,0,0,0,1
102841,0,0,0,0,0,0,0,0,1
102842,0,0,0,0,0,0,0,0,1
102843,0,0,0,0,0,0,0,0,1
102844,0,0,0,0,0,0,0,0,1
102845,0,0,0,0,0,0,0,0,1
102846,0,0,0,0,0,0,0,0,1
102847,0,0,0,0,0,0,0,0,1
102848,0,0,0,0,0,0,0,0,1
102849,0,0,0,0,0,0,0,0,1
102850,0,0,0,0,0,0,0,0,1
102851,0,0,0,0,0,0,0,0,1
102852,0,0,0,0,0,0,0,0,1
102853,0,0,0,0,0,0,0,0,1
102854,0,0,0,0,0,0,0,0,1
102855,0,0,0,0,0,0,0,0,1
102856,0,0,0,0,0,0,0,0,1
102857,0,0,0,0,0,0,0,0,1
102858,0,0,0,0,0,0,0,0,1
102859,0,0,0,0,0,0,0,0,1
102860,0,0,0,0,0,0,0,0,1
102861,0,0,0,0,0,0,0,0,1
102862,0,0,0,0,0,0,0,0,1
102863,0,0,0,0,0,0,0,0,1
102864,0,0,0,0,0,0,0,0,1
102865,0,0,0,0,0,0,0,0,1
102866,0,0,0,0,0,0,0,0,1
102867,0,0,0,0,0,0,0,0,1
102868,0,0,0,0,0,0,0,0,1
102869,0,0,0,0,0,0,0,0,1
102870,0,0,0,0,0,0,0,0,1
102871,0,0,0,0,0,0,0,0,1
102872,0,0,0,0,0,0,0,0,1
102873,0,0,0,0,0,0,0,0,1
102874,0,0,0,0,0,0,0,0,1
102875,0,0,0,0,0,0,0,0,1
102876,0,0,0,0,0,0,0,0,1
102877,0,0,0,0,0,0,0,0,1
102878,0,0,0,0,0,0,0,0,1
102879,0,0,0,0,0,0,0,0,1
102880,0,0,0,0,0,0,0,0,1
102881,0,0,0,0,0,0,0,0,1
102882,0,0,0,0,0,0,0,0,1
102883,0,0,0,0,0,0,0,0,1
102884,0,0,0,0,0,0,0,0,1
102885,0,0,0,0,0,0,0,0,1
102886,0,0,0,0,0,0,0,0,1
102887,0,0,0,0,0,0,0,0,1
102888,0,0,0,0,0,0,0,0,1
102889,0,0,0,0,0,0,0,0,1
102890,0,0,0,0,0,0,0,0,1
102891,0,0,0,0,0,0,0,0,1
102892,0,0,0,0,0,0,0,0,1
102893,0,0,0,0,0,0,0,0,1
102894,0,0,0,0,0,0,0,0,1
102895,0,0,0,0,0,0,0,0,1
102896,0,0,0,0,0,0,0,0,1
102897,0,0,0,0,0,0,0,0,1
102898,0,0,0,0,0,0,0,0,1
102899,0,0,0,0,0,0,0,0,1
102900,0,0,0,0,0,0,0,0,1
102901,0,0,0,0,0,0,0,0,1
102902,0,0,0,0,0,0,0,0,1
102903,0,0,0,0,0,0,0,0,1
102904,0,0,0,0,0,0,0,0,1
102905,0,0,0,0,0,0,0,0,1
102906,0,0,0,0,0,0,0,0,1
102907,0,0,0,0,0,0,0,0,1
102908,0,0,0,0,0,0,0,0,1
102909,0,0,0,0,0,0,0,0,1
102910,0,0,0,0,0,0,0,0,1
102911,0,0,0,0,0,0,0,0,1
102912,0,0,0,0,0,0,0,0,1
102913,0,0,0,0,0,0,0,0,1
102914,0,0,0,0,0,0,0,0,1
102915,0,0,0,0,0,0,0,0,1
102916,0,0,0,0,0,0,0,0,1
102917,0,0,0,0,0,0,0,0,1
102918,0,0,0,0,0,0,0,0,1
102919,0,0,0,0,0,0,0,0,1
102920,0,0,0,0,0,0,0,0,1
102921,0,0,0,0,0,0,0,0,1
102922,0,0,0,0,0,0,0,0,1
102923,0,0,0,0,0,0,0,0,1
102924,0,0,0,0,0,0,0,0,1
102925,0,0,0,0,0,0,0,0,1
102926,0,0,0,0,0,0,0,0,1
102927,0,0,0,0,0,0,0,0,1
102928,0,0,0,0,0,0,0,0,1
102929,0,0,0,0,0,0,0,0,1
102930,0,0,0,0,0,0,0,0,1
102931,0,0,0,0,0,0,0,0,1
102932,0,0,0,0,0,0,0,0,1
102933,0,0,0,0,0,0,0,0,1
102934,0,0,0,0,0,0,0,0,1
102935,0,0,0,0,0,0,0,0,1
102936,0,0,0,0,0,0,0,0,1
102937,0,0,0,0,0,0,0,0,1
102938,0,0,0,0,0,0,0,0,1
102939,0,0,0,0,0,0,0,0,1
102940,0,0,0,0,0,0,0,0,1
102941,0,0,0,0,0,0,0,0,1
102942,0,0,0,0,0,0,0,0,1
102943,0,0,0,0,0,0,0,0,1
102944,0,0,0,0,0,0,0,0,1
102945,0,0,0,0,0,0,0,0,1
102946,0,0,0,0,0,0,0,0,1
102947,0,0,0,0,0,0,0,0,1
102948,0,0,0,0,0,0,0,0,1
102949,0,0,0,0,0,0,0,0,1
102950,0,0,0,0,0,0,0,0,1
102951,0,0,0,0,0,0,0,0,1
102952,0,0,0,0,0,0,0,0,1
102953,0,0,0,0,0,0,0,0,1
102954,0,0,0,0,0,0,0,0,1
102955,0,0,0,0,0,0,0,0,1
102956,0,0,0,0,0,0,0,0,1
102957,0,0,0,0,0,0,0,0,1
102958,0,0,0,0,0,0,0,0,1
102959,0,0,0,0,0,0,0,0,1
102960,0,0,0,0,0,0,0,0,1
102961,0,0,0,0,0,0,0,0,1
102962,0,0,0,0,0,0,0,0,1
102963,0,0,0,0,0,0,0,0,1
102964,0,0,0,0,0,0,0,0,1
102965,0,0,0,0,0,0,0,0,1
102966,0,0,0,0,0,0,0,0,1
102967,0,0,0,0,0,0,0,0,1
102968,0,0,0,0,0,0,0,0,1
102969,0,0,0,0,0,0,0,0,1
102970,0,0,0,0,0,0,0,0,1
102971,0,0,0,0,0,0,0,0,1
102972,0,0,0,0,0,0,0,0,1
102973,0,0,0,0,0,0,0,0,1
102974,0,0,0,0,0,0,0,0,1
102975,0,0,0,0,0,0,0,0,1
102976,0,0,0,0,0,0,0,0,1
102977,0,0,0,0,0,0,0,0,1
102978,0,0,0,0,0,0,0,0,1
102979,0,0,0,0,0,0,0,0,1
102980,0,0,0,0,0,0,0,0,1
102981,0,0,0,0,0,0,0,0,1
102982,0,0,0,0,0,0,0,0,1
102983,0,0,0,0,0,0,0,0,1
102984,0,0,0,0,0,0,0,0,1
102985,0,0,0,0,0,0,0,0,1
102986,0,0,0,0,0,0,0,0,1
102987,0,0,0,0,0,0,0,0,1
102988,0,0,0,0,0,0,0,0,1
102989,0,0,0,0,0,0,0,0,1
102990,0,0,0,0,0,0,0,0,1
102991,0,0,0,0,0,0,0,0,1
102992,0,0,0,0,0,0,0,0,1
102993,0,0,0,0,0,0,0,0,1
102994,0,0,0,0,0,0,0,0,1
102995,0,0,0,0,0,0,0,0,1
102996,0,0,0,0,0,0,0,0,1
102997,0,0,0,0,0,0,0,0,1
102998,0,0,0,0,0,0,0,0,1
102999,0,0,0,0,0,0,0,0,1
103000,0,0,0,0,0,0,0,0,1
103001,0,0,0,0,0,0,0,0,1
103002,0,0,0,0,0,0,0,0,1
103003,0,0,0,0,0,0,0,0,1
103004,0,0,0,0,0,0,0,0,1
103005,0,0,0,0,0,0,0,0,1
103006,0,0,0,0,0,0,0,0,1
103007,0,0,0,0,0,0,0,0,1
103008,0,0,0,0,0,0,0,0,1
103009,0,0,0,0,0,0,0,0,1
103010,0,0,0,0,0,0,0,0,1
103011,0,0,0,0,0,0,0,0,1
103012,0,0,0,0,0,0,0,0,1
103013,0,0,0,0,0,0,0,0,1
103014,0,0,0,0,0,0,0,0,1
103015,0,0,0,0,0,0,0,0,1
103016,0,0,0,0,0,0,0,0,1
103017,0,0,0,0,0,0,0,0,1
103018,0,0,0,0,0,0,0,0,1
103019,0,0,0,0,0,0,0,0,1
103020,0,0,0,0,0,0,0,0,1
103021,0,0,0,0,0,0,0,0,1
103022,0,0,0,0,0,0,0,0,1
103023,0,0,0,0,0,0,0,0,1
103024,0,0,0,0,0,0,0,0,1
103025,0,0,0,0,0,0,0,0,1
103026,0,0,0,0,0,0,0,0,1
103027,0,0,0,0,0,0,0,0,1
103028,0,0,0,0,0,0,0,0,1
103029,0,0,0,0,0,0,0,0,1
103030,0,0,0,0,0,0,0,0,1
103031,0,0,0,0,0,0,0,0,1
103032,0,0,0,0,0,0,0,0,1
103033,0,0,0,0,0,0,0,0,1
103034,0,0,0,0,0,0,0,0,1
103035,0,0,0,0,0,0,0,0,1
103036,0,0,0,0,0,0,0,0,1
103037,0,0,0,0,0,0,0,0,1
103038,0,0,0,0,0,0,0,0,1
103039,0,0,0,0,0,0,0,0,1
103040,0,0,0,0,0,0,0,0,1
103041,0,0,0,0,0,0,0,0,1
103042,0,0,0,0,0,0,0,0,1
103043,0,0,0,0,0,0,0,0,1
103044,0,0,0,0,0,0,0,0,1
103045,0,0,0,0,0,0,0,0,1
103046,0,0,0,0,0,0,0,0,1
103047,0,0,0,0,0,0,0,0,1
103048,0,0,0,0,0,0,0,0,1
103049,0,0,0,0,0,0,0,0,1
103050,0,0,0,0,0,0,0,0,1
103051,0,0,0,0,0,0,0,0,1
103052,0,0,0,0,0,0,0,0,1
103053,0,0,0,0,0,0,0,0,1
103054,0,0,0,0,0,0,0,0,1
103055,0,0,0,0,0,0,0,0,1
103056,0,0,0,0,0,0,0,0,1
103057,0,0,0,0,0,0,0,0,1
103058,0,0,0,0,0,0,0,0,1
103059,0,0,0,0,0,0,0,0,1
103060,0,0,0,0,0,0,0,0,1
103061,0,0,0,0,0,0,0,0,1
103062,0,0,0,0,0,0,0,0,1
103063,0,0,0,0,0,0,0,0,1
103064,0,0,0,0,0,0,0,0,1
103065,0,0,0,0,0,0,0,0,1
103066,0,0,0,0,0,0,0,0,1
103067,0,0,0,0,0,0,0,0,1
103068,0,0,0,0,0,0,0,0,1
103069,0,0,0,0,0,0,0,0,1
103070,0,0,0,0,0,0,0,0,1
103071,0,0,0,0,0,0,0,0,1
103072,0,0,0,0,0,0,0,0,1
103073,0,0,0,0,0,0,0,0,1
103074,0,0,0,0,0,0,0,0,1
103075,0,0,0,0,0,0,0,0,1
103076,0,0,0,0,0,0,0,0,1
103077,0,0,0,0,0,0,0,0,1
103078,0,0,0,0,0,0,0,0,1
103079,0,0,0,0,0,0,0,0,1
103080,0,0,0,0,0,0,0,0,1
103081,0,0,0,0,0,0,0,0,1
103082,0,0,0,0,0,0,0,0,1
103083,0,0,0,0,0,0,0,0,1
103084,0,0,0,0,0,0,0,0,1
103085,0,0,0,0,0,0,0,0,1
103086,0,0,0,0,0,0,0,0,1
103087,0,0,0,0,0,0,0,0,1
103088,0,0,0,0,0,0,0,0,1
103089,0,0,0,0,0,0,0,0,1
103090,0,0,0,0,0,0,0,0,1
103091,0,0,0,0,0,0,0,0,1
103092,0,0,0,0,0,0,0,0,1
103093,0,0,0,0,0,0,0,0,1
103094,0,0,0,0,0,0,0,0,1
103095,0,0,0,0,0,0,0,0,1
103096,0,0,0,0,0,0,0,0,1
103097,0,0,0,0,0,0,0,0,1
103098,0,0,0,0,0,0,0,0,1
103099,0,0,0,0,0,0,0,0,1
103100,0,0,0,0,0,0,0,0,1
103101,0,0,0,0,0,0,0,0,1
103102,0,0,0,0,0,0,0,0,1
103103,0,0,0,0,0,0,0,0,1
103104,0,0,0,0,0,0,0,0,1
103105,0,0,0,0,0,0,0,0,1
103106,0,0,0,0,0,0,0,0,1
103107,0,0,0,0,0,0,0,0,1
103108,0,0,0,0,0,0,0,0,1
103109,0,0,0,0,0,0,0,0,1
103110,0,0,0,0,0,0,0,0,1
103111,0,0,0,0,0,0,0,0,1
103112,0,0,0,0,0,0,0,0,1
103113,0,0,0,0,0,0,0,0,1
103114,0,0,0,0,0,0,0,0,1
103115,0,0,0,0,0,0,0,0,1
103116,0,0,0,0,0,0,0,0,1
103117,0,0,0,0,0,0,0,0,1
103118,0,0,0,0,0,0,0,0,1
103119,0,0,0,0,0,0,0,0,1
103120,0,0,0,0,0,0,0,0,1
103121,0,0,0,0,0,0,0,0,1
103122,0,0,0,0,0,0,0,0,1
103123,0,0,0,0,0,0,0,0,1
103124,0,0,0,0,0,0,0,0,1
103125,0,0,0,0,0,0,0,0,1
103126,0,0,0,0,0,0,0,0,1
103127,0,0,0,0,0,0,0,0,1
103128,0,0,0,0,0,0,0,0,1
103129,0,0,0,0,0,0,0,0,1
103130,0,0,0,0,0,0,0,0,1
103131,0,0,0,0,0,0,0,0,1
103132,0,0,0,0,0,0,0,0,1
103133,0,0,0,0,0,0,0,0,1
103134,0,0,0,0,0,0,0,0,1
103135,0,0,0,0,0,0,0,0,1
103136,0,0,0,0,0,0,0,0,1
103137,0,0,0,0,0,0,0,0,1
103138,0,0,0,0,0,0,0,0,1
103139,0,0,0,0,0,0,0,0,1
103140,0,0,0,0,0,0,0,0,1
103141,0,0,0,0,0,0,0,0,1
103142,0,0,0,0,0,0,0,0,1
103143,0,0,0,0,0,0,0,0,1
103144,0,0,0,0,0,0,0,0,1
103145,0,0,0,0,0,0,0,0,1
103146,0,0,0,0,0,0,0,0,1
103147,0,0,0,0,0,0,0,0,1
103148,0,0,0,0,0,0,0,0,1
103149,0,0,0,0,0,0,0,0,1
103150,0,0,0,0,0,0,0,0,1
103151,0,0,0,0,0,0,0,0,1
103152,0,0,0,0,0,0,0,0,1
103153,0,0,0,0,0,0,0,0,1
103154,0,0,0,0,0,0,0,0,1
103155,0,0,0,0,0,0,0,0,1
103156,0,0,0,0,0,0,0,0,1
103157,0,0,0,0,0,0,0,0,1
103158,0,0,0,0,0,0,0,0,1
103159,0,0,0,0,0,0,0,0,1
103160,0,0,0,0,0,0,0,0,1
103161,0,0,0,0,0,0,0,0,1
103162,0,0,0,0,0,0,0,0,1
103163,0,0,0,0,0,0,0,0,1
103164,0,0,0,0,0,0,0,0,1
103165,0,0,0,0,0,0,0,0,1
103166,0,0,0,0,0,0,0,0,1
103167,0,0,0,0,0,0,0,0,1
103168,0,0,0,0,0,0,0,0,1
103169,0,0,0,0,0,0,0,0,1
103170,0,0,0,0,0,0,0,0,1
103171,0,0,0,0,0,0,0,0,1
103172,0,0,0,0,0,0,0,0,1
103173,0,0,0,0,0,0,0,0,1
103174,0,0,0,0,0,0,0,0,1
103175,0,0,0,0,0,0,0,0,1
103176,0,0,0,0,0,0,0,0,1
103177,0,0,0,0,0,0,0,0,1
103178,0,0,0,0,0,0,0,0,1
103179,0,0,0,0,0,0,0,0,1
103180,0,0,0,0,0,0,0,0,1
103181,0,0,0,0,0,0,0,0,1
103182,0,0,0,0,0,0,0,0,1
103183,0,0,0,0,0,0,0,0,1
103184,0,0,0,0,0,0,0,0,1
103185,0,0,0,0,0,0,0,0,1
103186,0,0,0,0,0,0,0,0,1
103187,0,0,0,0,0,0,0,0,1
103188,0,0,0,0,0,0,0,0,1
103189,0,0,0,0,0,0,0,0,1
103190,0,0,0,0,0,0,0,0,1
103191,0,0,0,0,0,0,0,0,1
103192,0,0,0,0,0,0,0,0,1
103193,0,0,0,0,0,0,0,0,1
103194,0,0,0,0,0,0,0,0,1
103195,0,0,0,0,0,0,0,0,1
103196,0,0,0,0,0,0,0,0,1
103197,0,0,0,0,0,0,0,0,1
103198,0,0,0,0,0,0,0,0,1
103199,0,0,0,0,0,0,0,0,1
103200,0,0,0,0,0,0,0,0,1
103201,0,0,0,0,0,0,0,0,1
103202,0,0,0,0,0,0,0,0,1
103203,0,0,0,0,0,0,0,0,1
103204,0,0,0,0,0,0,0,0,1
103205,0,0,0,0,0,0,0,0,1
103206,0,0,0,0,0,0,0,0,1
103207,0,0,0,0,0,0,0,0,1
103208,0,0,0,0,0,0,0,0,1
103209,0,0,0,0,0,0,0,0,1
103210,0,0,0,0,0,0,0,0,1
103211,0,0,0,0,0,0,0,0,1
103212,0,0,0,0,0,0,0,0,1
103213,0,0,0,0,0,0,0,0,1
103214,0,0,0,0,0,0,0,0,1
103215,0,0,0,0,0,0,0,0,1
103216,0,0,0,0,0,0,0,0,1
103217,0,0,0,0,0,0,0,0,1
103218,0,0,0,0,0,0,0,0,1
103219,0,0,0,0,0,0,0,0,1
103220,0,0,0,0,0,0,0,0,1
103221,0,0,0,0,0,0,0,0,1
103222,0,0,0,0,0,0,0,0,1
103223,0,0,0,0,0,0,0,0,1
103224,0,0,0,0,0,0,0,0,1
103225,0,0,0,0,0,0,0,0,1
103226,0,0,0,0,0,0,0,0,1
103227,0,0,0,0,0,0,0,0,1
103228,0,0,0,0,0,0,0,0,1
103229,0,0,0,0,0,0,0,0,1
103230,0,0,0,0,0,0,0,0,1
103231,0,0,0,0,0,0,0,0,1
103232,0,0,0,0,0,0,0,0,1
103233,0,0,0,0,0,0,0,0,1
103234,0,0,0,0,0,0,0,0,1
103235,0,0,0,0,0,0,0,0,1
103236,0,0,0,0,0,0,0,0,1
103237,0,0,0,0,0,0,0,0,1
103238,0,0,0,0,0,0,0,0,1
103239,0,0,0,0,0,0,0,0,1
103240,0,0,0,0,0,0,0,0,1
103241,0,0,0,0,0,0,0,0,1
103242,0,0,0,0,0,0,0,0,1
103243,0,0,0,0,0,0,0,0,1
103244,0,0,0,0,0,0,0,0,1
103245,0,0,0,0,0,0,0,0,1
103246,0,0,0,0,0,0,0,0,1
103247,0,0,0,0,0,0,0,0,1
103248,0,0,0,0,0,0,0,0,1
103249,0,0,0,0,0,0,0,0,1
103250,0,0,0,0,0,0,0,0,1
103251,0,0,0,0,0,0,0,0,1
103252,0,0,0,0,0,0,0,0,1
103253,0,0,0,0,0,0,0,0,1
103254,0,0,0,0,0,0,0,0,1
103255,0,0,0,0,0,0,0,0,1
103256,0,0,0,0,0,0,0,0,1
103257,0,0,0,0,0,0,0,0,1
103258,0,0,0,0,0,0,0,0,1
103259,0,0,0,0,0,0,0,0,1
103260,0,0,0,0,0,0,0,0,1
103261,0,0,0,0,0,0,0,0,1
103262,0,0,0,0,0,0,0,0,1
103263,0,0,0,0,0,0,0,0,1
103264,0,0,0,0,0,0,0,0,1
103265,0,0,0,0,0,0,0,0,1
103266,0,0,0,0,0,0,0,0,1
103267,0,0,0,0,0,0,0,0,1
103268,0,0,0,0,0,0,0,0,1
103269,0,0,0,0,0,0,0,0,1
103270,0,0,0,0,0,0,0,0,1
103271,0,0,0,0,0,0,0,0,1
103272,0,0,0,0,0,0,0,0,1
103273,0,0,0,0,0,0,0,0,1
103274,0,0,0,0,0,0,0,0,1
103275,0,0,0,0,0,0,0,0,1
103276,0,0,0,0,0,0,0,0,1
103277,0,0,0,0,0,0,0,0,1
103278,0,0,0,0,0,0,0,0,1
103279,0,0,0,0,0,0,0,0,1
103280,0,0,0,0,0,0,0,0,1
103281,0,0,0,0,0,0,0,0,1
103282,0,0,0,0,0,0,0,0,1
103283,0,0,0,0,0,0,0,0,1
103284,0,0,0,0,0,0,0,0,1
103285,0,0,0,0,0,0,0,0,1
103286,0,0,0,0,0,0,0,0,1
103287,0,0,0,0,0,0,0,0,1
103288,0,0,0,0,0,0,0,0,1
103289,0,0,0,0,0,0,0,0,1
103290,0,0,0,0,0,0,0,0,1
103291,0,0,0,0,0,0,0,0,1
103292,0,0,0,0,0,0,0,0,1
103293,0,0,0,0,0,0,0,0,1
103294,0,0,0,0,0,0,0,0,1
103295,0,0,0,0,0,0,0,0,1
103296,0,0,0,0,0,0,0,0,1
103297,0,0,0,0,0,0,0,0,1
103298,0,0,0,0,0,0,0,0,1
103299,0,0,0,0,0,0,0,0,1
103300,0,0,0,0,0,0,0,0,1
103301,0,0,0,0,0,0,0,0,1
103302,0,0,0,0,0,0,0,0,1
103303,0,0,0,0,0,0,0,0,1
103304,0,0,0,0,0,0,0,0,1
103305,0,0,0,0,0,0,0,0,1
103306,0,0,0,0,0,0,0,0,1
103307,0,0,0,0,0,0,0,0,1
103308,0,0,0,0,0,0,0,0,1
103309,0,0,0,0,0,0,0,0,1
103310,0,0,0,0,0,0,0,0,1
103311,0,0,0,0,0,0,0,0,1
103312,0,0,0,0,0,0,0,0,1
103313,0,0,0,0,0,0,0,0,1
103314,0,0,0,0,0,0,0,0,1
103315,0,0,0,0,0,0,0,0,1
103316,0,0,0,0,0,0,0,0,1
103317,0,0,0,0,0,0,0,0,1
103318,0,0,0,0,0,0,0,0,1
103319,0,0,0,0,0,0,0,0,1
103320,0,0,0,0,0,0,0,0,1
103321,0,0,0,0,0,0,0,0,1
103322,0,0,0,0,0,0,0,0,1
103323,0,0,0,0,0,0,0,0,1
103324,0,0,0,0,0,0,0,0,1
103325,0,0,0,0,0,0,0,0,1
103326,0,0,0,0,0,0,0,0,1
103327,0,0,0,0,0,0,0,0,1
103328,0,0,0,0,0,0,0,0,1
103329,0,0,0,0,0,0,0,0,1
103330,0,0,0,0,0,0,0,0,1
103331,0,0,0,0,0,0,0,0,1
103332,0,0,0,0,0,0,0,0,1
103333,0,0,0,0,0,0,0,0,1
103334,0,0,0,0,0,0,0,0,1
103335,0,0,0,0,0,0,0,0,1
103336,0,0,0,0,0,0,0,0,1
103337,0,0,0,0,0,0,0,0,1
103338,0,0,0,0,0,0,0,0,1
103339,0,0,0,0,0,0,0,0,1
103340,0,0,0,0,0,0,0,0,1
103341,0,0,0,0,0,0,0,0,1
103342,0,0,0,0,0,0,0,0,1
103343,0,0,0,0,0,0,0,0,1
103344,0,0,0,0,0,0,0,0,1
103345,0,0,0,0,0,0,0,0,1
103346,0,0,0,0,0,0,0,0,1
103347,0,0,0,0,0,0,0,0,1
103348,0,0,0,0,0,0,0,0,1
103349,0,0,0,0,0,0,0,0,1
103350,0,0,0,0,0,0,0,0,1
103351,0,0,0,0,0,0,0,0,1
103352,0,0,0,0,0,0,0,0,1
103353,0,0,0,0,0,0,0,0,1
103354,0,0,0,0,0,0,0,0,1
103355,0,0,0,0,0,0,0,0,1
103356,0,0,0,0,0,0,0,0,1
103357,0,0,0,0,0,0,0,0,1
103358,0,0,0,0,0,0,0,0,1
103359,0,0,0,0,0,0,0,0,1
103360,0,0,0,0,0,0,0,0,1
103361,0,0,0,0,0,0,0,0,1
103362,0,0,0,0,0,0,0,0,1
103363,0,0,0,0,0,0,0,0,1
103364,0,0,0,0,0,0,0,0,1
103365,0,0,0,0,0,0,0,0,1
103366,0,0,0,0,0,0,0,0,1
103367,0,0,0,0,0,0,0,0,1
103368,0,0,0,0,0,0,0,0,1
103369,0,0,0,0,0,0,0,0,1
103370,0,0,0,0,0,0,0,0,1
103371,0,0,0,0,0,0,0,0,1
103372,0,0,0,0,0,0,0,0,1
103373,0,0,0,0,0,0,0,0,1
103374,0,0,0,0,0,0,0,0,1
103375,0,0,0,0,0,0,0,0,1
103376,0,0,0,0,0,0,0,0,1
103377,0,0,0,0,0,0,0,0,1
103378,0,0,0,0,0,0,0,0,1
103379,0,0,0,0,0,0,0,0,1
103380,0,0,0,0,0,0,0,0,1
103381,0,0,0,0,0,0,0,0,1
103382,0,0,0,0,0,0,0,0,1
103383,0,0,0,0,0,0,0,0,1
103384,0,0,0,0,0,0,0,0,1
103385,0,0,0,0,0,0,0,0,1
103386,0,0,0,0,0,0,0,0,1
103387,0,0,0,0,0,0,0,0,1
103388,0,0,0,0,0,0,0,0,1
103389,0,0,0,0,0,0,0,0,1
103390,0,0,0,0,0,0,0,0,1
103391,0,0,0,0,0,0,0,0,1
103392,0,0,0,0,0,0,0,0,1
103393,0,0,0,0,0,0,0,0,1
103394,0,0,0,0,0,0,0,0,1
103395,0,0,0,0,0,0,0,0,1
103396,0,0,0,0,0,0,0,0,1
103397,0,0,0,0,0,0,0,0,1
103398,0,0,0,0,0,0,0,0,1
103399,0,0,0,0,0,0,0,0,1
103400,0,0,0,0,0,0,0,0,1
103401,0,0,0,0,0,0,0,0,1
103402,0,0,0,0,0,0,0,0,1
103403,0,0,0,0,0,0,0,0,1
103404,0,0,0,0,0,0,0,0,1
103405,0,0,0,0,0,0,0,0,1
103406,0,0,0,0,0,0,0,0,1
103407,0,0,0,0,0,0,0,0,1
103408,0,0,0,0,0,0,0,0,1
103409,0,0,0,0,0,0,0,0,1
103410,0,0,0,0,0,0,0,0,1
103411,0,0,0,0,0,0,0,0,1
103412,0,0,0,0,0,0,0,0,1
103413,0,0,0,0,0,0,0,0,1
103414,0,0,0,0,0,0,0,0,1
103415,0,0,0,0,0,0,0,0,1
103416,0,0,0,0,0,0,0,0,1
103417,0,0,0,0,0,0,0,0,1
103418,0,0,0,0,0,0,0,0,1
103419,0,0,0,0,0,0,0,0,1
103420,0,0,0,0,0,0,0,0,1
103421,0,0,0,0,0,0,0,0,1
103422,0,0,0,0,0,0,0,0,1
103423,0,0,0,0,0,0,0,0,1
103424,0,0,0,0,0,0,0,0,1
103425,0,0,0,0,0,0,0,0,1
103426,0,0,0,0,0,0,0,0,1
103427,0,0,0,0,0,0,0,0,1
103428,0,0,0,0,0,0,0,0,1
103429,0,0,0,0,0,0,0,0,1
103430,0,0,0,0,0,0,0,0,1
103431,0,0,0,0,0,0,0,0,1
103432,0,0,0,0,0,0,0,0,1
103433,0,0,0,0,0,0,0,0,1
103434,0,0,0,0,0,0,0,0,1
103435,0,0,0,0,0,0,0,0,1
103436,0,0,0,0,0,0,0,0,1
103437,0,0,0,0,0,0,0,0,1
103438,0,0,0,0,0,0,0,0,1
103439,0,0,0,0,0,0,0,0,1
103440,0,0,0,0,0,0,0,0,1
103441,0,0,0,0,0,0,0,0,1
103442,0,0,0,0,0,0,0,0,1
103443,0,0,0,0,0,0,0,0,1
103444,0,0,0,0,0,0,0,0,1
103445,0,0,0,0,0,0,0,0,1
103446,0,0,0,0,0,0,0,0,1
103447,0,0,0,0,0,0,0,0,1
103448,0,0,0,0,0,0,0,0,1
103449,0,0,0,0,0,0,0,0,1
103450,0,0,0,0,0,0,0,0,1
103451,0,0,0,0,0,0,0,0,1
103452,0,0,0,0,0,0,0,0,1
103453,0,0,0,0,0,0,0,0,1
103454,0,0,0,0,0,0,0,0,1
103455,0,0,0,0,0,0,0,0,1
103456,0,0,0,0,0,0,0,0,1
103457,0,0,0,0,0,0,0,0,1
103458,0,0,0,0,0,0,0,0,1
103459,0,0,0,0,0,0,0,0,1
103460,0,0,0,0,0,0,0,0,1
103461,0,0,0,0,0,0,0,0,1
103462,0,0,0,0,0,0,0,0,1
103463,0,0,0,0,0,0,0,0,1
103464,0,0,0,0,0,0,0,0,1
103465,0,0,0,0,0,0,0,0,1
103466,0,0,0,0,0,0,0,0,1
103467,0,0,0,0,0,0,0,0,1
103468,0,0,0,0,0,0,0,0,1
103469,0,0,0,0,0,0,0,0,1
103470,0,0,0,0,0,0,0,0,1
103471,0,0,0,0,0,0,0,0,1
103472,0,0,0,0,0,0,0,0,1
103473,0,0,0,0,0,0,0,0,1
103474,0,0,0,0,0,0,0,0,1
103475,0,0,0,0,0,0,0,0,1
103476,0,0,0,0,0,0,0,0,1
103477,0,0,0,0,0,0,0,0,1
103478,0,0,0,0,0,0,0,0,1
103479,0,0,0,0,0,0,0,0,1
103480,0,0,0,0,0,0,0,0,1
103481,0,0,0,0,0,0,0,0,1
103482,0,0,0,0,0,0,0,0,1
103483,0,0,0,0,0,0,0,0,1
103484,0,0,0,0,0,0,0,0,1
103485,0,0,0,0,0,0,0,0,1
103486,0,0,0,0,0,0,0,0,1
103487,0,0,0,0,0,0,0,0,1
103488,0,0,0,0,0,0,0,0,1
103489,0,0,0,0,0,0,0,0,1
103490,0,0,0,0,0,0,0,0,1
103491,0,0,0,0,0,0,0,0,1
103492,0,0,0,0,0,0,0,0,1
103493,0,0,0,0,0,0,0,0,1
103494,0,0,0,0,0,0,0,0,1
103495,0,0,0,0,0,0,0,0,1
103496,0,0,0,0,0,0,0,0,1
103497,0,0,0,0,0,0,0,0,1
103498,0,0,0,0,0,0,0,0,1
103499,0,0,0,0,0,0,0,0,1
103500,0,0,0,0,0,0,0,0,1
103501,0,0,0,0,0,0,0,0,1
103502,0,0,0,0,0,0,0,0,1
103503,0,0,0,0,0,0,0,0,1
103504,0,0,0,0,0,0,0,0,1
103505,0,0,0,0,0,0,0,0,1
103506,0,0,0,0,0,0,0,0,1
103507,0,0,0,0,0,0,0,0,1
103508,0,0,0,0,0,0,0,0,1
103509,0,0,0,0,0,0,0,0,1
103510,0,0,0,0,0,0,0,0,1
103511,0,0,0,0,0,0,0,0,1
103512,0,0,0,0,0,0,0,0,1
103513,0,0,0,0,0,0,0,0,1
103514,0,0,0,0,0,0,0,0,1
103515,0,0,0,0,0,0,0,0,1
103516,0,0,0,0,0,0,0,0,1
103517,0,0,0,0,0,0,0,0,1
103518,0,0,0,0,0,0,0,0,1
103519,0,0,0,0,0,0,0,0,1
103520,0,0,0,0,0,0,0,0,1
103521,0,0,0,0,0,0,0,0,1
103522,0,0,0,0,0,0,0,0,1
103523,0,0,0,0,0,0,0,0,1
103524,0,0,0,0,0,0,0,0,1
103525,0,0,0,0,0,0,0,0,1
103526,0,0,0,0,0,0,0,0,1
103527,0,0,0,0,0,0,0,0,1
103528,0,0,0,0,0,0,0,0,1
103529,0,0,0,0,0,0,0,0,1
103530,0,0,0,0,0,0,0,0,1
103531,0,0,0,0,0,0,0,0,1
103532,0,0,0,0,0,0,0,0,1
103533,0,0,0,0,0,0,0,0,1
103534,0,0,0,0,0,0,0,0,1
103535,0,0,0,0,0,0,0,0,1
103536,0,0,0,0,0,0,0,0,1
103537,0,0,0,0,0,0,0,0,1
103538,0,0,0,0,0,0,0,0,1
103539,0,0,0,0,0,0,0,0,1
103540,0,0,0,0,0,0,0,0,1
103541,0,0,0,0,0,0,0,0,1
103542,0,0,0,0,0,0,0,0,1
103543,0,0,0,0,0,0,0,0,1
103544,0,0,0,0,0,0,0,0,1
103545,0,0,0,0,0,0,0,0,1
103546,0,0,0,0,0,0,0,0,1
103547,0,0,0,0,0,0,0,0,1
103548,0,0,0,0,0,0,0,0,1
103549,0,0,0,0,0,0,0,0,1
103550,0,0,0,0,0,0,0,0,1
103551,0,0,0,0,0,0,0,0,1
103552,0,0,0,0,0,0,0,0,1
103553,0,0,0,0,0,0,0,0,1
103554,0,0,0,0,0,0,0,0,1
103555,0,0,0,0,0,0,0,0,1
103556,0,0,0,0,0,0,0,0,1
103557,0,0,0,0,0,0,0,0,1
103558,0,0,0,0,0,0,0,0,1
103559,0,0,0,0,0,0,0,0,1
103560,0,0,0,0,0,0,0,0,1
103561,0,0,0,0,0,0,0,0,1
103562,0,0,0,0,0,0,0,0,1
103563,0,0,0,0,0,0,0,0,1
103564,0,0,0,0,0,0,0,0,1
103565,0,0,0,0,0,0,0,0,1
103566,0,0,0,0,0,0,0,0,1
103567,0,0,0,0,0,0,0,0,1
103568,0,0,0,0,0,0,0,0,1
103569,0,0,0,0,0,0,0,0,1
103570,0,0,0,0,0,0,0,0,1
103571,0,0,0,0,0,0,0,0,1
103572,0,0,0,0,0,0,0,0,1
103573,0,0,0,0,0,0,0,0,1
103574,0,0,0,0,0,0,0,0,1
103575,0,0,0,0,0,0,0,0,1
103576,0,0,0,0,0,0,0,0,1
103577,0,0,0,0,0,0,0,0,1
103578,0,0,0,0,0,0,0,0,1
103579,0,0,0,0,0,0,0,0,1
103580,0,0,0,0,0,0,0,0,1
103581,0,0,0,0,0,0,0,0,1
103582,0,0,0,0,0,0,0,0,1
103583,0,0,0,0,0,0,0,0,1
103584,0,0,0,0,0,0,0,0,1
103585,0,0,0,0,0,0,0,0,1
103586,0,0,0,0,0,0,0,0,1
103587,0,0,0,0,0,0,0,0,1
103588,0,0,0,0,0,0,0,0,1
103589,0,0,0,0,0,0,0,0,1
103590,0,0,0,0,0,0,0,0,1
103591,0,0,0,0,0,0,0,0,1
103592,0,0,0,0,0,0,0,0,1
103593,0,0,0,0,0,0,0,0,1
103594,0,0,0,0,0,0,0,0,1
103595,0,0,0,0,0,0,0,0,1
103596,0,0,0,0,0,0,0,0,1
103597,0,0,0,0,0,0,0,0,1
103598,0,0,0,0,0,0,0,0,1
103599,0,0,0,0,0,0,0,0,1
103600,0,0,0,0,0,0,0,0,1
103601,0,0,0,0,0,0,0,0,1
103602,0,0,0,0,0,0,0,0,1
103603,0,0,0,0,0,0,0,0,1
103604,0,0,0,0,0,0,0,0,1
103605,0,0,0,0,0,0,0,0,1
103606,0,0,0,0,0,0,0,0,1
103607,0,0,0,0,0,0,0,0,1
103608,0,0,0,0,0,0,0,0,1
103609,0,0,0,0,0,0,0,0,1
103610,0,0,0,0,0,0,0,0,1
103611,0,0,0,0,0,0,0,0,1
103612,0,0,0,0,0,0,0,0,1
103613,0,0,0,0,0,0,0,0,1
103614,0,0,0,0,0,0,0,0,1
103615,0,0,0,0,0,0,0,0,1
103616,0,0,0,0,0,0,0,0,1
103617,0,0,0,0,0,0,0,0,1
103618,0,0,0,0,0,0,0,0,1
103619,0,0,0,0,0,0,0,0,1
103620,0,0,0,0,0,0,0,0,1
103621,0,0,0,0,0,0,0,0,1
103622,0,0,0,0,0,0,0,0,1
103623,0,0,0,0,0,0,0,0,1
103624,0,0,0,0,0,0,0,0,1
103625,0,0,0,0,0,0,0,0,1
103626,0,0,0,0,0,0,0,0,1
103627,0,0,0,0,0,0,0,0,1
103628,0,0,0,0,0,0,0,0,1
103629,0,0,0,0,0,0,0,0,1
103630,0,0,0,0,0,0,0,0,1
103631,0,0,0,0,0,0,0,0,1
103632,0,0,0,0,0,0,0,0,1
103633,0,0,0,0,0,0,0,0,1
103634,0,0,0,0,0,0,0,0,1
103635,0,0,0,0,0,0,0,0,1
103636,0,0,0,0,0,0,0,0,1
103637,0,0,0,0,0,0,0,0,1
103638,0,0,0,0,0,0,0,0,1
103639,0,0,0,0,0,0,0,0,1
103640,0,0,0,0,0,0,0,0,1
103641,0,0,0,0,0,0,0,0,1
103642,0,0,0,0,0,0,0,0,1
103643,0,0,0,0,0,0,0,0,1
103644,0,0,0,0,0,0,0,0,1
103645,0,0,0,0,0,0,0,0,1
103646,0,0,0,0,0,0,0,0,1
103647,0,0,0,0,0,0,0,0,1
103648,0,0,0,0,0,0,0,0,1
103649,0,0,0,0,0,0,0,0,1
103650,0,0,0,0,0,0,0,0,1
103651,0,0,0,0,0,0,0,0,1
103652,0,0,0,0,0,0,0,0,1
103653,0,0,0,0,0,0,0,0,1
103654,0,0,0,0,0,0,0,0,1
103655,0,0,0,0,0,0,0,0,1
103656,0,0,0,0,0,0,0,0,1
103657,0,0,0,0,0,0,0,0,1
103658,0,0,0,0,0,0,0,0,1
103659,0,0,0,0,0,0,0,0,1
103660,0,0,0,0,0,0,0,0,1
103661,0,0,0,0,0,0,0,0,1
103662,0,0,0,0,0,0,0,0,1
103663,0,0,0,0,0,0,0,0,1
103664,0,0,0,0,0,0,0,0,1
103665,0,0,0,0,0,0,0,0,1
103666,0,0,0,0,0,0,0,0,1
103667,0,0,0,0,0,0,0,0,1
103668,0,0,0,0,0,0,0,0,1
103669,0,0,0,0,0,0,0,0,1
103670,0,0,0,0,0,0,0,0,1
103671,0,0,0,0,0,0,0,0,1
103672,0,0,0,0,0,0,0,0,1
103673,0,0,0,0,0,0,0,0,1
103674,0,0,0,0,0,0,0,0,1
103675,0,0,0,0,0,0,0,0,1
103676,0,0,0,0,0,0,0,0,1
103677,0,0,0,0,0,0,0,0,1
103678,0,0,0,0,0,0,0,0,1
103679,0,0,0,0,0,0,0,0,1
103680,0,0,0,0,0,0,0,0,1
103681,0,0,0,0,0,0,0,0,1
103682,0,0,0,0,0,0,0,0,1
103683,0,0,0,0,0,0,0,0,1
103684,0,0,0,0,0,0,0,0,1
103685,0,0,0,0,0,0,0,0,1
103686,0,0,0,0,0,0,0,0,1
103687,0,0,0,0,0,0,0,0,1
103688,0,0,0,0,0,0,0,0,1
103689,0,0,0,0,0,0,0,0,1
103690,0,0,0,0,0,0,0,0,1
103691,0,0,0,0,0,0,0,0,1
103692,0,0,0,0,0,0,0,0,1
103693,0,0,0,0,0,0,0,0,1
103694,0,0,0,0,0,0,0,0,1
103695,0,0,0,0,0,0,0,0,1
103696,0,0,0,0,0,0,0,0,1
103697,0,0,0,0,0,0,0,0,1
103698,0,0,0,0,0,0,0,0,1
103699,0,0,0,0,0,0,0,0,1
103700,0,0,0,0,0,0,0,0,1
103701,0,0,0,0,0,0,0,0,1
103702,0,0,0,0,0,0,0,0,1
103703,0,0,0,0,0,0,0,0,1
103704,0,0,0,0,0,0,0,0,1
103705,0,0,0,0,0,0,0,0,1
103706,0,0,0,0,0,0,0,0,1
103707,0,0,0,0,0,0,0,0,1
103708,0,0,0,0,0,0,0,0,1
103709,0,0,0,0,0,0,0,0,1
103710,0,0,0,0,0,0,0,0,1
103711,0,0,0,0,0,0,0,0,1
103712,0,0,0,0,0,0,0,0,1
103713,0,0,0,0,0,0,0,0,1
103714,0,0,0,0,0,0,0,0,1
103715,0,0,0,0,0,0,0,0,1
103716,0,0,0,0,0,0,0,0,1
103717,0,0,0,0,0,0,0,0,1
103718,0,0,0,0,0,0,0,0,1
103719,0,0,0,0,0,0,0,0,1
103720,0,0,0,0,0,0,0,0,1
103721,0,0,0,0,0,0,0,0,1
103722,0,0,0,0,0,0,0,0,1
103723,0,0,0,0,0,0,0,0,1
103724,0,0,0,0,0,0,0,0,1
103725,0,0,0,0,0,0,0,0,1
103726,0,0,0,0,0,0,0,0,1
103727,0,0,0,0,0,0,0,0,1
103728,0,0,0,0,0,0,0,0,1
103729,0,0,0,0,0,0,0,0,1
103730,0,0,0,0,0,0,0,0,1
103731,0,0,0,0,0,0,0,0,1
103732,0,0,0,0,0,0,0,0,1
103733,0,0,0,0,0,0,0,0,1
103734,0,0,0,0,0,0,0,0,1
103735,0,0,0,0,0,0,0,0,1
103736,0,0,0,0,0,0,0,0,1
103737,0,0,0,0,0,0,0,0,1
103738,0,0,0,0,0,0,0,0,1
103739,0,0,0,0,0,0,0,0,1
103740,0,0,0,0,0,0,0,0,1
103741,0,0,0,0,0,0,0,0,1
103742,0,0,0,0,0,0,0,0,1
103743,0,0,0,0,0,0,0,0,1
103744,0,0,0,0,0,0,0,0,1
103745,0,0,0,0,0,0,0,0,1
103746,0,0,0,0,0,0,0,0,1
103747,0,0,0,0,0,0,0,0,1
103748,0,0,0,0,0,0,0,0,1
103749,0,0,0,0,0,0,0,0,1
103750,0,0,0,0,0,0,0,0,1
103751,0,0,0,0,0,0,0,0,1
103752,0,0,0,0,0,0,0,0,1
103753,0,0,0,0,0,0,0,0,1
103754,0,0,0,0,0,0,0,0,1
103755,0,0,0,0,0,0,0,0,1
103756,0,0,0,0,0,0,0,0,1
103757,0,0,0,0,0,0,0,0,1
103758,0,0,0,0,0,0,0,0,1
103759,0,0,0,0,0,0,0,0,1
103760,0,0,0,0,0,0,0,0,1
103761,0,0,0,0,0,0,0,0,1
103762,0,0,0,0,0,0,0,0,1
103763,0,0,0,0,0,0,0,0,1
103764,0,0,0,0,0,0,0,0,1
103765,0,0,0,0,0,0,0,0,1
103766,0,0,0,0,0,0,0,0,1
103767,0,0,0,0,0,0,0,0,1
103768,0,0,0,0,0,0,0,0,1
103769,0,0,0,0,0,0,0,0,1
103770,0,0,0,0,0,0,0,0,1
103771,0,0,0,0,0,0,0,0,1
103772,0,0,0,0,0,0,0,0,1
103773,0,0,0,0,0,0,0,0,1
103774,0,0,0,0,0,0,0,0,1
103775,0,0,0,0,0,0,0,0,1
103776,0,0,0,0,0,0,0,0,1
103777,0,0,0,0,0,0,0,0,1
103778,0,0,0,0,0,0,0,0,1
103779,0,0,0,0,0,0,0,0,1
103780,0,0,0,0,0,0,0,0,1
103781,0,0,0,0,0,0,0,0,1
103782,0,0,0,0,0,0,0,0,1
103783,0,0,0,0,0,0,0,0,1
103784,0,0,0,0,0,0,0,0,1
103785,0,0,0,0,0,0,0,0,1
103786,0,0,0,0,0,0,0,0,1
103787,0,0,0,0,0,0,0,0,1
103788,0,0,0,0,0,0,0,0,1
103789,0,0,0,0,0,0,0,0,1
103790,0,0,0,0,0,0,0,0,1
103791,0,0,0,0,0,0,0,0,1
103792,0,0,0,0,0,0,0,0,1
103793,0,0,0,0,0,0,0,0,1
103794,0,0,0,0,0,0,0,0,1
103795,0,0,0,0,0,0,0,0,1
103796,0,0,0,0,0,0,0,0,1
103797,0,0,0,0,0,0,0,0,1
103798,0,0,0,0,0,0,0,0,1
103799,0,0,0,0,0,0,0,0,1
103800,0,0,0,0,0,0,0,0,1
103801,0,0,0,0,0,0,0,0,1
103802,0,0,0,0,0,0,0,0,1
103803,0,0,0,0,0,0,0,0,1
103804,0,0,0,0,0,0,0,0,1
103805,0,0,0,0,0,0,0,0,1
103806,0,0,0,0,0,0,0,0,1
103807,0,0,0,0,0,0,0,0,1
103808,0,0,0,0,0,0,0,0,1
103809,0,0,0,0,0,0,0,0,1
103810,0,0,0,0,0,0,0,0,1
103811,0,0,0,0,0,0,0,0,1
103812,0,0,0,0,0,0,0,0,1
103813,0,0,0,0,0,0,0,0,1
103814,0,0,0,0,0,0,0,0,1
103815,0,0,0,0,0,0,0,0,1
103816,0,0,0,0,0,0,0,0,1
103817,0,0,0,0,0,0,0,0,1
103818,0,0,0,0,0,0,0,0,1
103819,0,0,0,0,0,0,0,0,1
103820,0,0,0,0,0,0,0,0,1
103821,0,0,0,0,0,0,0,0,1
103822,0,0,0,0,0,0,0,0,1
103823,0,0,0,0,0,0,0,0,1
103824,0,0,0,0,0,0,0,0,1
103825,0,0,0,0,0,0,0,0,1
103826,0,0,0,0,0,0,0,0,1
103827,0,0,0,0,0,0,0,0,1
103828,0,0,0,0,0,0,0,0,1
103829,0,0,0,0,0,0,0,0,1
103830,0,0,0,0,0,0,0,0,1
103831,0,0,0,0,0,0,0,0,1
103832,0,0,0,0,0,0,0,0,1
103833,0,0,0,0,0,0,0,0,1
103834,0,0,0,0,0,0,0,0,1
103835,0,0,0,0,0,0,0,0,1
103836,0,0,0,0,0,0,0,0,1
103837,0,0,0,0,0,0,0,0,1
103838,0,0,0,0,0,0,0,0,1
103839,0,0,0,0,0,0,0,0,1
103840,0,0,0,0,0,0,0,0,1
103841,0,0,0,0,0,0,0,0,1
103842,0,0,0,0,0,0,0,0,1
103843,0,0,0,0,0,0,0,0,1
103844,0,0,0,0,0,0,0,0,1
103845,0,0,0,0,0,0,0,0,1
103846,0,0,0,0,0,0,0,0,1
103847,0,0,0,0,0,0,0,0,1
103848,0,0,0,0,0,0,0,0,1
103849,0,0,0,0,0,0,0,0,1
103850,0,0,0,0,0,0,0,0,1
103851,0,0,0,0,0,0,0,0,1
103852,0,0,0,0,0,0,0,0,1
103853,0,0,0,0,0,0,0,0,1
103854,0,0,0,0,0,0,0,0,1
103855,0,0,0,0,0,0,0,0,1
103856,0,0,0,0,0,0,0,0,1
103857,0,0,0,0,0,0,0,0,1
103858,0,0,0,0,0,0,0,0,1
103859,0,0,0,0,0,0,0,0,1
103860,0,0,0,0,0,0,0,0,1
103861,0,0,0,0,0,0,0,0,1
103862,0,0,0,0,0,0,0,0,1
103863,0,0,0,0,0,0,0,0,1
103864,0,0,0,0,0,0,0,0,1
103865,0,0,0,0,0,0,0,0,1
103866,0,0,0,0,0,0,0,0,1
103867,0,0,0,0,0,0,0,0,1
103868,0,0,0,0,0,0,0,0,1
103869,0,0,0,0,0,0,0,0,1
103870,0,0,0,0,0,0,0,0,1
103871,0,0,0,0,0,0,0,0,1
103872,0,0,0,0,0,0,0,0,1
103873,0,0,0,0,0,0,0,0,1
103874,0,0,0,0,0,0,0,0,1
103875,0,0,0,0,0,0,0,0,1
103876,0,0,0,0,0,0,0,0,1
103877,0,0,0,0,0,0,0,0,1
103878,0,0,0,0,0,0,0,0,1
103879,0,0,0,0,0,0,0,0,1
103880,0,0,0,0,0,0,0,0,1
103881,0,0,0,0,0,0,0,0,1
103882,0,0,0,0,0,0,0,0,1
103883,0,0,0,0,0,0,0,0,1
103884,0,0,0,0,0,0,0,0,1
103885,0,0,0,0,0,0,0,0,1
103886,0,0,0,0,0,0,0,0,1
103887,0,0,0,0,0,0,0,0,1
103888,0,0,0,0,0,0,0,0,1
103889,0,0,0,0,0,0,0,0,1
103890,0,0,0,0,0,0,0,0,1
103891,0,0,0,0,0,0,0,0,1
103892,0,0,0,0,0,0,0,0,1
103893,0,0,0,0,0,0,0,0,1
103894,0,0,0,0,0,0,0,0,1
103895,0,0,0,0,0,0,0,0,1
103896,0,0,0,0,0,0,0,0,1
103897,0,0,0,0,0,0,0,0,1
103898,0,0,0,0,0,0,0,0,1
103899,0,0,0,0,0,0,0,0,1
103900,0,0,0,0,0,0,0,0,1
103901,0,0,0,0,0,0,0,0,1
103902,0,0,0,0,0,0,0,0,1
103903,0,0,0,0,0,0,0,0,1
103904,0,0,0,0,0,0,0,0,1
103905,0,0,0,0,0,0,0,0,1
103906,0,0,0,0,0,0,0,0,1
103907,0,0,0,0,0,0,0,0,1
103908,0,0,0,0,0,0,0,0,1
103909,0,0,0,0,0,0,0,0,1
103910,0,0,0,0,0,0,0,0,1
103911,0,0,0,0,0,0,0,0,1
103912,0,0,0,0,0,0,0,0,1
103913,0,0,0,0,0,0,0,0,1
103914,0,0,0,0,0,0,0,0,1
103915,0,0,0,0,0,0,0,0,1
103916,0,0,0,0,0,0,0,0,1
103917,0,0,0,0,0,0,0,0,1
103918,0,0,0,0,0,0,0,0,1
103919,0,0,0,0,0,0,0,0,1
103920,0,0,0,0,0,0,0,0,1
103921,0,0,0,0,0,0,0,0,1
103922,0,0,0,0,0,0,0,0,1
103923,0,0,0,0,0,0,0,0,1
103924,0,0,0,0,0,0,0,0,1
103925,0,0,0,0,0,0,0,0,1
103926,0,0,0,0,0,0,0,0,1
103927,0,0,0,0,0,0,0,0,1
103928,0,0,0,0,0,0,0,0,1
103929,0,0,0,0,0,0,0,0,1
103930,0,0,0,0,0,0,0,0,1
103931,0,0,0,0,0,0,0,0,1
103932,0,0,0,0,0,0,0,0,1
103933,0,0,0,0,0,0,0,0,1
103934,0,0,0,0,0,0,0,0,1
103935,0,0,0,0,0,0,0,0,1
103936,0,0,0,0,0,0,0,0,1
103937,0,0,0,0,0,0,0,0,1
103938,0,0,0,0,0,0,0,0,1
103939,0,0,0,0,0,0,0,0,1
103940,0,0,0,0,0,0,0,0,1
103941,0,0,0,0,0,0,0,0,1
103942,0,0,0,0,0,0,0,0,1
103943,0,0,0,0,0,0,0,0,1
103944,0,0,0,0,0,0,0,0,1
103945,0,0,0,0,0,0,0,0,1
103946,0,0,0,0,0,0,0,0,1
103947,0,0,0,0,0,0,0,0,1
103948,0,0,0,0,0,0,0,0,1
103949,0,0,0,0,0,0,0,0,1
103950,0,0,0,0,0,0,0,0,1
103951,0,0,0,0,0,0,0,0,1
103952,0,0,0,0,0,0,0,0,1
103953,0,0,0,0,0,0,0,0,1
103954,0,0,0,0,0,0,0,0,1
103955,0,0,0,0,0,0,0,0,1
103956,0,0,0,0,0,0,0,0,1
103957,0,0,0,0,0,0,0,0,1
103958,0,0,0,0,0,0,0,0,1
103959,0,0,0,0,0,0,0,0,1
103960,0,0,0,0,0,0,0,0,1
103961,0,0,0,0,0,0,0,0,1
103962,0,0,0,0,0,0,0,0,1
103963,0,0,0,0,0,0,0,0,1
103964,0,0,0,0,0,0,0,0,1
103965,0,0,0,0,0,0,0,0,1
103966,0,0,0,0,0,0,0,0,1
103967,0,0,0,0,0,0,0,0,1
103968,0,0,0,0,0,0,0,0,1
103969,0,0,0,0,0,0,0,0,1
103970,0,0,0,0,0,0,0,0,1
103971,0,0,0,0,0,0,0,0,1
103972,0,0,0,0,0,0,0,0,1
103973,0,0,0,0,0,0,0,0,1
103974,0,0,0,0,0,0,0,0,1
103975,0,0,0,0,0,0,0,0,1
103976,0,0,0,0,0,0,0,0,1
103977,0,0,0,0,0,0,0,0,1
103978,0,0,0,0,0,0,0,0,1
103979,0,0,0,0,0,0,0,0,1
103980,0,0,0,0,0,0,0,0,1
103981,0,0,0,0,0,0,0,0,1
103982,0,0,0,0,0,0,0,0,1
103983,0,0,0,0,0,0,0,0,1
103984,0,0,0,0,0,0,0,0,1
103985,0,0,0,0,0,0,0,0,1
103986,0,0,0,0,0,0,0,0,1
103987,0,0,0,0,0,0,0,0,1
103988,0,0,0,0,0,0,0,0,1
103989,0,0,0,0,0,0,0,0,1
103990,0,0,0,0,0,0,0,0,1
103991,0,0,0,0,0,0,0,0,1
103992,0,0,0,0,0,0,0,0,1
103993,0,0,0,0,0,0,0,0,1
103994,0,0,0,0,0,0,0,0,1
103995,0,0,0,0,0,0,0,0,1
103996,0,0,0,0,0,0,0,0,1
103997,0,0,0,0,0,0,0,0,1
103998,0,0,0,0,0,0,0,0,1
103999,0,0,0,0,0,0,0,0,1
104000,0,0,0,0,0,0,0,0,1
104001,0,0,0,0,0,0,0,0,1
104002,0,0,0,0,0,0,0,0,1
104003,0,0,0,0,0,0,0,0,1
104004,0,0,0,0,0,0,0,0,1
104005,0,0,0,0,0,0,0,0,1
104006,0,0,0,0,0,0,0,0,1
104007,0,0,0,0,0,0,0,0,1
104008,0,0,0,0,0,0,0,0,1
104009,0,0,0,0,0,0,0,0,1
104010,0,0,0,0,0,0,0,0,1
104011,0,0,0,0,0,0,0,0,1
104012,0,0,0,0,0,0,0,0,1
104013,0,0,0,0,0,0,0,0,1
104014,0,0,0,0,0,0,0,0,1
104015,0,0,0,0,0,0,0,0,1
104016,0,0,0,0,0,0,0,0,1
104017,0,0,0,0,0,0,0,0,1
104018,0,0,0,0,0,0,0,0,1
104019,0,0,0,0,0,0,0,0,1
104020,0,0,0,0,0,0,0,0,1
104021,0,0,0,0,0,0,0,0,1
104022,0,0,0,0,0,0,0,0,1
104023,0,0,0,0,0,0,0,0,1
104024,0,0,0,0,0,0,0,0,1
104025,0,0,0,0,0,0,0,0,1
104026,0,0,0,0,0,0,0,0,1
104027,0,0,0,0,0,0,0,0,1
104028,0,0,0,0,0,0,0,0,1
104029,0,0,0,0,0,0,0,0,1
104030,0,0,0,0,0,0,0,0,1
104031,0,0,0,0,0,0,0,0,1
104032,0,0,0,0,0,0,0,0,1
104033,0,0,0,0,0,0,0,0,1
104034,0,0,0,0,0,0,0,0,1
104035,0,0,0,0,0,0,0,0,1
104036,0,0,0,0,0,0,0,0,1
104037,0,0,0,0,0,0,0,0,1
104038,0,0,0,0,0,0,0,0,1
104039,0,0,0,0,0,0,0,0,1
104040,0,0,0,0,0,0,0,0,1
104041,0,0,0,0,0,0,0,0,1
104042,0,0,0,0,0,0,0,0,1
104043,0,0,0,0,0,0,0,0,1
104044,0,0,0,0,0,0,0,0,1
104045,0,0,0,0,0,0,0,0,1
104046,0,0,0,0,0,0,0,0,1
104047,0,0,0,0,0,0,0,0,1
104048,0,0,0,0,0,0,0,0,1
104049,0,0,0,0,0,0,0,0,1
104050,0,0,0,0,0,0,0,0,1
104051,0,0,0,0,0,0,0,0,1
104052,0,0,0,0,0,0,0,0,1
104053,0,0,0,0,0,0,0,0,1
104054,0,0,0,0,0,0,0,0,1
104055,0,0,0,0,0,0,0,0,1
104056,0,0,0,0,0,0,0,0,1
104057,0,0,0,0,0,0,0,0,1
104058,0,0,0,0,0,0,0,0,1
104059,0,0,0,0,0,0,0,0,1
104060,0,0,0,0,0,0,0,0,1
104061,0,0,0,0,0,0,0,0,1
104062,0,0,0,0,0,0,0,0,1
104063,0,0,0,0,0,0,0,0,1
104064,0,0,0,0,0,0,0,0,1
104065,0,0,0,0,0,0,0,0,1
104066,0,0,0,0,0,0,0,0,1
104067,0,0,0,0,0,0,0,0,1
104068,0,0,0,0,0,0,0,0,1
104069,0,0,0,0,0,0,0,0,1
104070,0,0,0,0,0,0,0,0,1
104071,0,0,0,0,0,0,0,0,1
104072,0,0,0,0,0,0,0,0,1
104073,0,0,0,0,0,0,0,0,1
104074,0,0,0,0,0,0,0,0,1
104075,0,0,0,0,0,0,0,0,1
104076,0,0,0,0,0,0,0,0,1
104077,0,0,0,0,0,0,0,0,1
104078,0,0,0,0,0,0,0,0,1
104079,0,0,0,0,0,0,0,0,1
104080,0,0,0,0,0,0,0,0,1
104081,0,0,0,0,0,0,0,0,1
104082,0,0,0,0,0,0,0,0,1
104083,0,0,0,0,0,0,0,0,1
104084,0,0,0,0,0,0,0,0,1
104085,0,0,0,0,0,0,0,0,1
104086,0,0,0,0,0,0,0,0,1
104087,0,0,0,0,0,0,0,0,1
104088,0,0,0,0,0,0,0,0,1
104089,0,0,0,0,0,0,0,0,1
104090,0,0,0,0,0,0,0,0,1
104091,0,0,0,0,0,0,0,0,1
104092,0,0,0,0,0,0,0,0,1
104093,0,0,0,0,0,0,0,0,1
104094,0,0,0,0,0,0,0,0,1
104095,0,0,0,0,0,0,0,0,1
104096,0,0,0,0,0,0,0,0,1
104097,0,0,0,0,0,0,0,0,1
104098,0,0,0,0,0,0,0,0,1
104099,0,0,0,0,0,0,0,0,1
104100,0,0,0,0,0,0,0,0,1
104101,0,0,0,0,0,0,0,0,1
104102,0,0,0,0,0,0,0,0,1
104103,0,0,0,0,0,0,0,0,1
104104,0,0,0,0,0,0,0,0,1
104105,0,0,0,0,0,0,0,0,1
104106,0,0,0,0,0,0,0,0,1
104107,0,0,0,0,0,0,0,0,1
104108,0,0,0,0,0,0,0,0,1
104109,0,0,0,0,0,0,0,0,1
104110,0,0,0,0,0,0,0,0,1
104111,0,0,0,0,0,0,0,0,1
104112,0,0,0,0,0,0,0,0,1
104113,0,0,0,0,0,0,0,0,1
104114,0,0,0,0,0,0,0,0,1
104115,0,0,0,0,0,0,0,0,1
104116,0,0,0,0,0,0,0,0,1
104117,0,0,0,0,0,0,0,0,1
104118,0,0,0,0,0,0,0,0,1
104119,0,0,0,0,0,0,0,0,1
104120,0,0,0,0,0,0,0,0,1
104121,0,0,0,0,0,0,0,0,1
104122,0,0,0,0,0,0,0,0,1
104123,0,0,0,0,0,0,0,0,1
104124,0,0,0,0,0,0,0,0,1
104125,0,0,0,0,0,0,0,0,1
104126,0,0,0,0,0,0,0,0,1
104127,0,0,0,0,0,0,0,0,1
104128,0,0,0,0,0,0,0,0,1
104129,0,0,0,0,0,0,0,0,1
104130,0,0,0,0,0,0,0,0,1
104131,0,0,0,0,0,0,0,0,1
104132,0,0,0,0,0,0,0,0,1
104133,0,0,0,0,0,0,0,0,1
104134,0,0,0,0,0,0,0,0,1
104135,0,0,0,0,0,0,0,0,1
104136,0,0,0,0,0,0,0,0,1
104137,0,0,0,0,0,0,0,0,1
104138,0,0,0,0,0,0,0,0,1
104139,0,0,0,0,0,0,0,0,1
104140,0,0,0,0,0,0,0,0,1
104141,0,0,0,0,0,0,0,0,1
104142,0,0,0,0,0,0,0,0,1
104143,0,0,0,0,0,0,0,0,1
104144,0,0,0,0,0,0,0,0,1
104145,0,0,0,0,0,0,0,0,1
104146,0,0,0,0,0,0,0,0,1
104147,0,0,0,0,0,0,0,0,1
104148,0,0,0,0,0,0,0,0,1
104149,0,0,0,0,0,0,0,0,1
104150,0,0,0,0,0,0,0,0,1
104151,0,0,0,0,0,0,0,0,1
104152,0,0,0,0,0,0,0,0,1
104153,0,0,0,0,0,0,0,0,1
104154,0,0,0,0,0,0,0,0,1
104155,0,0,0,0,0,0,0,0,1
104156,0,0,0,0,0,0,0,0,1
104157,0,0,0,0,0,0,0,0,1
104158,0,0,0,0,0,0,0,0,1
104159,0,0,0,0,0,0,0,0,1
104160,0,0,0,0,0,0,0,0,1
104161,0,0,0,0,0,0,0,0,1
104162,0,0,0,0,0,0,0,0,1
104163,0,0,0,0,0,0,0,0,1
104164,0,0,0,0,0,0,0,0,1
104165,0,0,0,0,0,0,0,0,1
104166,0,0,0,0,0,0,0,0,1
104167,0,0,0,0,0,0,0,0,1
104168,0,0,0,0,0,0,0,0,1
104169,0,0,0,0,0,0,0,0,1
104170,0,0,0,0,0,0,0,0,1
104171,0,0,0,0,0,0,0,0,1
104172,0,0,0,0,0,0,0,0,1
104173,0,0,0,0,0,0,0,0,1
104174,0,0,0,0,0,0,0,0,1
104175,0,0,0,0,0,0,0,0,1
104176,0,0,0,0,0,0,0,0,1
104177,0,0,0,0,0,0,0,0,1
104178,0,0,0,0,0,0,0,0,1
104179,0,0,0,0,0,0,0,0,1
104180,0,0,0,0,0,0,0,0,1
104181,0,0,0,0,0,0,0,0,1
104182,0,0,0,0,0,0,0,0,1
104183,0,0,0,0,0,0,0,0,1
104184,0,0,0,0,0,0,0,0,1
104185,0,0,0,0,0,0,0,0,1
104186,0,0,0,0,0,0,0,0,1
104187,0,0,0,0,0,0,0,0,1
104188,0,0,0,0,0,0,0,0,1
104189,0,0,0,0,0,0,0,0,1
104190,0,0,0,0,0,0,0,0,1
104191,0,0,0,0,0,0,0,0,1
104192,0,0,0,0,0,0,0,0,1
104193,0,0,0,0,0,0,0,0,1
104194,0,0,0,0,0,0,0,0,1
104195,0,0,0,0,0,0,0,0,1
104196,0,0,0,0,0,0,0,0,1
104197,0,0,0,0,0,0,0,0,1
104198,0,0,0,0,0,0,0,0,1
104199,0,0,0,0,0,0,0,0,1
104200,0,0,0,0,0,0,0,0,1
104201,0,0,0,0,0,0,0,0,1
104202,0,0,0,0,0,0,0,0,1
104203,0,0,0,0,0,0,0,0,1
104204,0,0,0,0,0,0,0,0,1
104205,0,0,0,0,0,0,0,0,1
104206,0,0,0,0,0,0,0,0,1
104207,0,0,0,0,0,0,0,0,1
104208,0,0,0,0,0,0,0,0,1
104209,0,0,0,0,0,0,0,0,1
104210,0,0,0,0,0,0,0,0,1
104211,0,0,0,0,0,0,0,0,1
104212,0,0,0,0,0,0,0,0,1
104213,0,0,0,0,0,0,0,0,1
104214,0,0,0,0,0,0,0,0,1
104215,0,0,0,0,0,0,0,0,1
104216,0,0,0,0,0,0,0,0,1
104217,0,0,0,0,0,0,0,0,1
104218,0,0,0,0,0,0,0,0,1
104219,0,0,0,0,0,0,0,0,1
104220,0,0,0,0,0,0,0,0,1
104221,0,0,0,0,0,0,0,0,1
104222,0,0,0,0,0,0,0,0,1
104223,0,0,0,0,0,0,0,0,1
104224,0,0,0,0,0,0,0,0,1
104225,0,0,0,0,0,0,0,0,1
104226,0,0,0,0,0,0,0,0,1
104227,0,0,0,0,0,0,0,0,1
104228,0,0,0,0,0,0,0,0,1
104229,0,0,0,0,0,0,0,0,1
104230,0,0,0,0,0,0,0,0,1
104231,0,0,0,0,0,0,0,0,1
104232,0,0,0,0,0,0,0,0,1
104233,0,0,0,0,0,0,0,0,1
104234,0,0,0,0,0,0,0,0,1
104235,0,0,0,0,0,0,0,0,1
104236,0,0,0,0,0,0,0,0,1
104237,0,0,0,0,0,0,0,0,1
104238,0,0,0,0,0,0,0,0,1
104239,0,0,0,0,0,0,0,0,1
104240,0,0,0,0,0,0,0,0,1
104241,0,0,0,0,0,0,0,0,1
104242,0,0,0,0,0,0,0,0,1
104243,0,0,0,0,0,0,0,0,1
104244,0,0,0,0,0,0,0,0,1
104245,0,0,0,0,0,0,0,0,1
104246,0,0,0,0,0,0,0,0,1
104247,0,0,0,0,0,0,0,0,1
104248,0,0,0,0,0,0,0,0,1
104249,0,0,0,0,0,0,0,0,1
104250,0,0,0,0,0,0,0,0,1
104251,0,0,0,0,0,0,0,0,1
104252,0,0,0,0,0,0,0,0,1
104253,0,0,0,0,0,0,0,0,1
104254,0,0,0,0,0,0,0,0,1
104255,0,0,0,0,0,0,0,0,1
104256,0,0,0,0,0,0,0,0,1
104257,0,0,0,0,0,0,0,0,1
104258,0,0,0,0,0,0,0,0,1
104259,0,0,0,0,0,0,0,0,1
104260,0,0,0,0,0,0,0,0,1
104261,0,0,0,0,0,0,0,0,1
104262,0,0,0,0,0,0,0,0,1
104263,0,0,0,0,0,0,0,0,1
104264,0,0,0,0,0,0,0,0,1
104265,0,0,0,0,0,0,0,0,1
104266,0,0,0,0,0,0,0,0,1
104267,0,0,0,0,0,0,0,0,1
104268,0,0,0,0,0,0,0,0,1
104269,0,0,0,0,0,0,0,0,1
104270,0,0,0,0,0,0,0,0,1
104271,0,0,0,0,0,0,0,0,1
104272,0,0,0,0,0,0,0,0,1
104273,0,0,0,0,0,0,0,0,1
104274,0,0,0,0,0,0,0,0,1
104275,0,0,0,0,0,0,0,0,1
104276,0,0,0,0,0,0,0,0,1
104277,0,0,0,0,0,0,0,0,1
104278,0,0,0,0,0,0,0,0,1
104279,0,0,0,0,0,0,0,0,1
104280,0,0,0,0,0,0,0,0,1
104281,0,0,0,0,0,0,0,0,1
104282,0,0,0,0,0,0,0,0,1
104283,0,0,0,0,0,0,0,0,1
104284,0,0,0,0,0,0,0,0,1
104285,0,0,0,0,0,0,0,0,1
104286,0,0,0,0,0,0,0,0,1
104287,0,0,0,0,0,0,0,0,1
104288,0,0,0,0,0,0,0,0,1
104289,0,0,0,0,0,0,0,0,1
104290,0,0,0,0,0,0,0,0,1
104291,0,0,0,0,0,0,0,0,1
104292,0,0,0,0,0,0,0,0,1
104293,0,0,0,0,0,0,0,0,1
104294,0,0,0,0,0,0,0,0,1
104295,0,0,0,0,0,0,0,0,1
104296,0,0,0,0,0,0,0,0,1
104297,0,0,0,0,0,0,0,0,1
104298,0,0,0,0,0,0,0,0,1
104299,0,0,0,0,0,0,0,0,1
104300,0,0,0,0,0,0,0,0,1
104301,0,0,0,0,0,0,0,0,1
104302,0,0,0,0,0,0,0,0,1
104303,0,0,0,0,0,0,0,0,1
104304,0,0,0,0,0,0,0,0,1
104305,0,0,0,0,0,0,0,0,1
104306,0,0,0,0,0,0,0,0,1
104307,0,0,0,0,0,0,0,0,1
104308,0,0,0,0,0,0,0,0,1
104309,0,0,0,0,0,0,0,0,1
104310,0,0,0,0,0,0,0,0,1
104311,0,0,0,0,0,0,0,0,1
104312,0,0,0,0,0,0,0,0,1
104313,0,0,0,0,0,0,0,0,1
104314,0,0,0,0,0,0,0,0,1
104315,0,0,0,0,0,0,0,0,1
104316,0,0,0,0,0,0,0,0,1
104317,0,0,0,0,0,0,0,0,1
104318,0,0,0,0,0,0,0,0,1
104319,0,0,0,0,0,0,0,0,1
104320,0,0,0,0,0,0,0,0,1
104321,0,0,0,0,0,0,0,0,1
104322,0,0,0,0,0,0,0,0,1
104323,0,0,0,0,0,0,0,0,1
104324,0,0,0,0,0,0,0,0,1
104325,0,0,0,0,0,0,0,0,1
104326,0,0,0,0,0,0,0,0,1
104327,0,0,0,0,0,0,0,0,1
104328,0,0,0,0,0,0,0,0,1
104329,0,0,0,0,0,0,0,0,1
104330,0,0,0,0,0,0,0,0,1
104331,0,0,0,0,0,0,0,0,1
104332,0,0,0,0,0,0,0,0,1
104333,0,0,0,0,0,0,0,0,1
104334,0,0,0,0,0,0,0,0,1
104335,0,0,0,0,0,0,0,0,1
104336,0,0,0,0,0,0,0,0,1
104337,0,0,0,0,0,0,0,0,1
104338,0,0,0,0,0,0,0,0,1
104339,0,0,0,0,0,0,0,0,1
104340,0,0,0,0,0,0,0,0,1
104341,0,0,0,0,0,0,0,0,1
104342,0,0,0,0,0,0,0,0,1
104343,0,0,0,0,0,0,0,0,1
104344,0,0,0,0,0,0,0,0,1
104345,0,0,0,0,0,0,0,0,1
104346,0,0,0,0,0,0,0,0,1
104347,0,0,0,0,0,0,0,0,1
104348,0,0,0,0,0,0,0,0,1
104349,0,0,0,0,0,0,0,0,1
104350,0,0,0,0,0,0,0,0,1
104351,0,0,0,0,0,0,0,0,1
104352,0,0,0,0,0,0,0,0,1
104353,0,0,0,0,0,0,0,0,1
104354,0,0,0,0,0,0,0,0,1
104355,0,0,0,0,0,0,0,0,1
104356,0,0,0,0,0,0,0,0,1
104357,0,0,0,0,0,0,0,0,1
104358,0,0,0,0,0,0,0,0,1
104359,0,0,0,0,0,0,0,0,1
104360,0,0,0,0,0,0,0,0,1
104361,0,0,0,0,0,0,0,0,1
104362,0,0,0,0,0,0,0,0,1
104363,0,0,0,0,0,0,0,0,1
104364,0,0,0,0,0,0,0,0,1
104365,0,0,0,0,0,0,0,0,1
104366,0,0,0,0,0,0,0,0,1
104367,0,0,0,0,0,0,0,0,1
104368,0,0,0,0,0,0,0,0,1
104369,0,0,0,0,0,0,0,0,1
104370,0,0,0,0,0,0,0,0,1
104371,0,0,0,0,0,0,0,0,1
104372,0,0,0,0,0,0,0,0,1
104373,0,0,0,0,0,0,0,0,1
104374,0,0,0,0,0,0,0,0,1
104375,0,0,0,0,0,0,0,0,1
104376,0,0,0,0,0,0,0,0,1
104377,0,0,0,0,0,0,0,0,1
104378,0,0,0,0,0,0,0,0,1
104379,0,0,0,0,0,0,0,0,1
104380,0,0,0,0,0,0,0,0,1
104381,0,0,0,0,0,0,0,0,1
104382,0,0,0,0,0,0,0,0,1
104383,0,0,0,0,0,0,0,0,1
104384,0,0,0,0,0,0,0,0,1
104385,0,0,0,0,0,0,0,0,1
104386,0,0,0,0,0,0,0,0,1
104387,0,0,0,0,0,0,0,0,1
104388,0,0,0,0,0,0,0,0,1
104389,0,0,0,0,0,0,0,0,1
104390,0,0,0,0,0,0,0,0,1
104391,0,0,0,0,0,0,0,0,1
104392,0,0,0,0,0,0,0,0,1
104393,0,0,0,0,0,0,0,0,1
104394,0,0,0,0,0,0,0,0,1
104395,0,0,0,0,0,0,0,0,1
104396,0,0,0,0,0,0,0,0,1
104397,0,0,0,0,0,0,0,0,1
104398,0,0,0,0,0,0,0,0,1
104399,0,0,0,0,0,0,0,0,1
104400,0,0,0,0,0,0,0,0,1
104401,0,0,0,0,0,0,0,0,1
104402,0,0,0,0,0,0,0,0,1
104403,0,0,0,0,0,0,0,0,1
104404,0,0,0,0,0,0,0,0,1
104405,0,0,0,0,0,0,0,0,1
104406,0,0,0,0,0,0,0,0,1
104407,0,0,0,0,0,0,0,0,1
104408,0,0,0,0,0,0,0,0,1
104409,0,0,0,0,0,0,0,0,1
104410,0,0,0,0,0,0,0,0,1
104411,0,0,0,0,0,0,0,0,1
104412,0,0,0,0,0,0,0,0,1
104413,0,0,0,0,0,0,0,0,1
104414,0,0,0,0,0,0,0,0,1
104415,0,0,0,0,0,0,0,0,1
104416,0,0,0,0,0,0,0,0,1
104417,0,0,0,0,0,0,0,0,1
104418,0,0,0,0,0,0,0,0,1
104419,0,0,0,0,0,0,0,0,1
104420,0,0,0,0,0,0,0,0,1
104421,0,0,0,0,0,0,0,0,1
104422,0,0,0,0,0,0,0,0,1
104423,0,0,0,0,0,0,0,0,1
104424,0,0,0,0,0,0,0,0,1
104425,0,0,0,0,0,0,0,0,1
104426,0,0,0,0,0,0,0,0,1
104427,0,0,0,0,0,0,0,0,1
104428,0,0,0,0,0,0,0,0,1
104429,0,0,0,0,0,0,0,0,1
104430,0,0,0,0,0,0,0,0,1
104431,0,0,0,0,0,0,0,0,1
104432,0,0,0,0,0,0,0,0,1
104433,0,0,0,0,0,0,0,0,1
104434,0,0,0,0,0,0,0,0,1
104435,0,0,0,0,0,0,0,0,1
104436,0,0,0,0,0,0,0,0,1
104437,0,0,0,0,0,0,0,0,1
104438,0,0,0,0,0,0,0,0,1
104439,0,0,0,0,0,0,0,0,1
104440,0,0,0,0,0,0,0,0,1
104441,0,0,0,0,0,0,0,0,1
104442,0,0,0,0,0,0,0,0,1
104443,0,0,0,0,0,0,0,0,1
104444,0,0,0,0,0,0,0,0,1
104445,0,0,0,0,0,0,0,0,1
104446,0,0,0,0,0,0,0,0,1
104447,0,0,0,0,0,0,0,0,1
104448,0,0,0,0,0,0,0,0,1
104449,0,0,0,0,0,0,0,0,1
104450,0,0,0,0,0,0,0,0,1
104451,0,0,0,0,0,0,0,0,1
104452,0,0,0,0,0,0,0,0,1
104453,0,0,0,0,0,0,0,0,1
104454,0,0,0,0,0,0,0,0,1
104455,0,0,0,0,0,0,0,0,1
104456,0,0,0,0,0,0,0,0,1
104457,0,0,0,0,0,0,0,0,1
104458,0,0,0,0,0,0,0,0,1
104459,0,0,0,0,0,0,0,0,1
104460,0,0,0,0,0,0,0,0,1
104461,0,0,0,0,0,0,0,0,1
104462,0,0,0,0,0,0,0,0,1
104463,0,0,0,0,0,0,0,0,1
104464,0,0,0,0,0,0,0,0,1
104465,0,0,0,0,0,0,0,0,1
104466,0,0,0,0,0,0,0,0,1
104467,0,0,0,0,0,0,0,0,1
104468,0,0,0,0,0,0,0,0,1
104469,0,0,0,0,0,0,0,0,1
104470,0,0,0,0,0,0,0,0,1
104471,0,0,0,0,0,0,0,0,1
104472,0,0,0,0,0,0,0,0,1
104473,0,0,0,0,0,0,0,0,1
104474,0,0,0,0,0,0,0,0,1
104475,0,0,0,0,0,0,0,0,1
104476,0,0,0,0,0,0,0,0,1
104477,0,0,0,0,0,0,0,0,1
104478,0,0,0,0,0,0,0,0,1
104479,0,0,0,0,0,0,0,0,1
104480,0,0,0,0,0,0,0,0,1
104481,0,0,0,0,0,0,0,0,1
104482,0,0,0,0,0,0,0,0,1
104483,0,0,0,0,0,0,0,0,1
104484,0,0,0,0,0,0,0,0,1
104485,0,0,0,0,0,0,0,0,1
104486,0,0,0,0,0,0,0,0,1
104487,0,0,0,0,0,0,0,0,1
104488,0,0,0,0,0,0,0,0,1
104489,0,0,0,0,0,0,0,0,1
104490,0,0,0,0,0,0,0,0,1
104491,0,0,0,0,0,0,0,0,1
104492,0,0,0,0,0,0,0,0,1
104493,0,0,0,0,0,0,0,0,1
104494,0,0,0,0,0,0,0,0,1
104495,0,0,0,0,0,0,0,0,1
104496,0,0,0,0,0,0,0,0,1
104497,0,0,0,0,0,0,0,0,1
104498,0,0,0,0,0,0,0,0,1
104499,0,0,0,0,0,0,0,0,1
104500,0,0,0,0,0,0,0,0,1
104501,0,0,0,0,0,0,0,0,1
104502,0,0,0,0,0,0,0,0,1
104503,0,0,0,0,0,0,0,0,1
104504,0,0,0,0,0,0,0,0,1
104505,0,0,0,0,0,0,0,0,1
104506,0,0,0,0,0,0,0,0,1
104507,0,0,0,0,0,0,0,0,1
104508,0,0,0,0,0,0,0,0,1
104509,0,0,0,0,0,0,0,0,1
104510,0,0,0,0,0,0,0,0,1
104511,0,0,0,0,0,0,0,0,1
104512,0,0,0,0,0,0,0,0,1
104513,0,0,0,0,0,0,0,0,1
104514,0,0,0,0,0,0,0,0,1
104515,0,0,0,0,0,0,0,0,1
104516,0,0,0,0,0,0,0,0,1
104517,0,0,0,0,0,0,0,0,1
104518,0,0,0,0,0,0,0,0,1
104519,0,0,0,0,0,0,0,0,1
104520,0,0,0,0,0,0,0,0,1
104521,0,0,0,0,0,0,0,0,1
104522,0,0,0,0,0,0,0,0,1
104523,0,0,0,0,0,0,0,0,1
104524,0,0,0,0,0,0,0,0,1
104525,0,0,0,0,0,0,0,0,1
104526,0,0,0,0,0,0,0,0,1
104527,0,0,0,0,0,0,0,0,1
104528,0,0,0,0,0,0,0,0,1
104529,0,0,0,0,0,0,0,0,1
104530,0,0,0,0,0,0,0,0,1
104531,0,0,0,0,0,0,0,0,1
104532,0,0,0,0,0,0,0,0,1
104533,0,0,0,0,0,0,0,0,1
104534,0,0,0,0,0,0,0,0,1
104535,0,0,0,0,0,0,0,0,1
104536,0,0,0,0,0,0,0,0,1
104537,0,0,0,0,0,0,0,0,1
104538,0,0,0,0,0,0,0,0,1
104539,0,0,0,0,0,0,0,0,1
104540,0,0,0,0,0,0,0,0,1
104541,0,0,0,0,0,0,0,0,1
104542,0,0,0,0,0,0,0,0,1
104543,0,0,0,0,0,0,0,0,1
104544,0,0,0,0,0,0,0,0,1
104545,0,0,0,0,0,0,0,0,1
104546,0,0,0,0,0,0,0,0,1
104547,0,0,0,0,0,0,0,0,1
104548,0,0,0,0,0,0,0,0,1
104549,0,0,0,0,0,0,0,0,1
104550,0,0,0,0,0,0,0,0,1
104551,0,0,0,0,0,0,0,0,1
104552,0,0,0,0,0,0,0,0,1
104553,0,0,0,0,0,0,0,0,1
104554,0,0,0,0,0,0,0,0,1
104555,0,0,0,0,0,0,0,0,1
104556,0,0,0,0,0,0,0,0,1
104557,0,0,0,0,0,0,0,0,1
104558,0,0,0,0,0,0,0,0,1
104559,0,0,0,0,0,0,0,0,1
104560,0,0,0,0,0,0,0,0,1
104561,0,0,0,0,0,0,0,0,1
104562,0,0,0,0,0,0,0,0,1
104563,0,0,0,0,0,0,0,0,1
104564,0,0,0,0,0,0,0,0,1
104565,0,0,0,0,0,0,0,0,1
104566,0,0,0,0,0,0,0,0,1
104567,0,0,0,0,0,0,0,0,1
104568,0,0,0,0,0,0,0,0,1
104569,0,0,0,0,0,0,0,0,1
104570,0,0,0,0,0,0,0,0,1
104571,0,0,0,0,0,0,0,0,1
104572,0,0,0,0,0,0,0,0,1
104573,0,0,0,0,0,0,0,0,1
104574,0,0,0,0,0,0,0,0,1
104575,0,0,0,0,0,0,0,0,1
104576,0,0,0,0,0,0,0,0,1
104577,0,0,0,0,0,0,0,0,1
104578,0,0,0,0,0,0,0,0,1
104579,0,0,0,0,0,0,0,0,1
104580,0,0,0,0,0,0,0,0,1
104581,0,0,0,0,0,0,0,0,1
104582,0,0,0,0,0,0,0,0,1
104583,0,0,0,0,0,0,0,0,1
104584,0,0,0,0,0,0,0,0,1
104585,0,0,0,0,0,0,0,0,1
104586,0,0,0,0,0,0,0,0,1
104587,0,0,0,0,0,0,0,0,1
104588,0,0,0,0,0,0,0,0,1
104589,0,0,0,0,0,0,0,0,1
104590,0,0,0,0,0,0,0,0,1
104591,0,0,0,0,0,0,0,0,1
104592,0,0,0,0,0,0,0,0,1
104593,0,0,0,0,0,0,0,0,1
104594,0,0,0,0,0,0,0,0,1
104595,0,0,0,0,0,0,0,0,1
104596,0,0,0,0,0,0,0,0,1
104597,0,0,0,0,0,0,0,0,1
104598,0,0,0,0,0,0,0,0,1
104599,0,0,0,0,0,0,0,0,1
104600,0,0,0,0,0,0,0,0,1
104601,0,0,0,0,0,0,0,0,1
104602,0,0,0,0,0,0,0,0,1
104603,0,0,0,0,0,0,0,0,1
104604,0,0,0,0,0,0,0,0,1
104605,0,0,0,0,0,0,0,0,1
104606,0,0,0,0,0,0,0,0,1
104607,0,0,0,0,0,0,0,0,1
104608,0,0,0,0,0,0,0,0,1
104609,0,0,0,0,0,0,0,0,1
104610,0,0,0,0,0,0,0,0,1
104611,0,0,0,0,0,0,0,0,1
104612,0,0,0,0,0,0,0,0,1
104613,0,0,0,0,0,0,0,0,1
104614,0,0,0,0,0,0,0,0,1
104615,0,0,0,0,0,0,0,0,1
104616,0,0,0,0,0,0,0,0,1
104617,0,0,0,0,0,0,0,0,1
104618,0,0,0,0,0,0,0,0,1
104619,0,0,0,0,0,0,0,0,1
104620,0,0,0,0,0,0,0,0,1
104621,0,0,0,0,0,0,0,0,1
104622,0,0,0,0,0,0,0,0,1
104623,0,0,0,0,0,0,0,0,1
104624,0,0,0,0,0,0,0,0,1
104625,0,0,0,0,0,0,0,0,1
104626,0,0,0,0,0,0,0,0,1
104627,0,0,0,0,0,0,0,0,1
104628,0,0,0,0,0,0,0,0,1
104629,0,0,0,0,0,0,0,0,1
104630,0,0,0,0,0,0,0,0,1
104631,0,0,0,0,0,0,0,0,1
104632,0,0,0,0,0,0,0,0,1
104633,0,0,0,0,0,0,0,0,1
104634,0,0,0,0,0,0,0,0,1
104635,0,0,0,0,0,0,0,0,1
104636,0,0,0,0,0,0,0,0,1
104637,0,0,0,0,0,0,0,0,1
104638,0,0,0,0,0,0,0,0,1
104639,0,0,0,0,0,0,0,0,1
104640,0,0,0,0,0,0,0,0,1
104641,0,0,0,0,0,0,0,0,1
104642,0,0,0,0,0,0,0,0,1
104643,0,0,0,0,0,0,0,0,1
104644,0,0,0,0,0,0,0,0,1
104645,0,0,0,0,0,0,0,0,1
104646,0,0,0,0,0,0,0,0,1
104647,0,0,0,0,0,0,0,0,1
104648,0,0,0,0,0,0,0,0,1
104649,0,0,0,0,0,0,0,0,1
104650,0,0,0,0,0,0,0,0,1
104651,0,0,0,0,0,0,0,0,1
104652,0,0,0,0,0,0,0,0,1
104653,0,0,0,0,0,0,0,0,1
104654,0,0,0,0,0,0,0,0,1
104655,0,0,0,0,0,0,0,0,1
104656,0,0,0,0,0,0,0,0,1
104657,0,0,0,0,0,0,0,0,1
104658,0,0,0,0,0,0,0,0,1
104659,0,0,0,0,0,0,0,0,1
104660,0,0,0,0,0,0,0,0,1
104661,0,0,0,0,0,0,0,0,1
104662,0,0,0,0,0,0,0,0,1
104663,0,0,0,0,0,0,0,0,1
104664,0,0,0,0,0,0,0,0,1
104665,0,0,0,0,0,0,0,0,1
104666,0,0,0,0,0,0,0,0,1
104667,0,0,0,0,0,0,0,0,1
104668,0,0,0,0,0,0,0,0,1
104669,0,0,0,0,0,0,0,0,1
104670,0,0,0,0,0,0,0,0,1
104671,0,0,0,0,0,0,0,0,1
104672,0,0,0,0,0,0,0,0,1
104673,0,0,0,0,0,0,0,0,1
104674,0,0,0,0,0,0,0,0,1
104675,0,0,0,0,0,0,0,0,1
104676,0,0,0,0,0,0,0,0,1
104677,0,0,0,0,0,0,0,0,1
104678,0,0,0,0,0,0,0,0,1
104679,0,0,0,0,0,0,0,0,1
104680,0,0,0,0,0,0,0,0,1
104681,0,0,0,0,0,0,0,0,1
104682,0,0,0,0,0,0,0,0,1
104683,0,0,0,0,0,0,0,0,1
104684,0,0,0,0,0,0,0,0,1
104685,0,0,0,0,0,0,0,0,1
104686,0,0,0,0,0,0,0,0,1
104687,0,0,0,0,0,0,0,0,1
104688,0,0,0,0,0,0,0,0,1
104689,0,0,0,0,0,0,0,0,1
104690,0,0,0,0,0,0,0,0,1
104691,0,0,0,0,0,0,0,0,1
104692,0,0,0,0,0,0,0,0,1
104693,0,0,0,0,0,0,0,0,1
104694,0,0,0,0,0,0,0,0,1
104695,0,0,0,0,0,0,0,0,1
104696,0,0,0,0,0,0,0,0,1
104697,0,0,0,0,0,0,0,0,1
104698,0,0,0,0,0,0,0,0,1
104699,0,0,0,0,0,0,0,0,1
104700,0,0,0,0,0,0,0,0,1
104701,0,0,0,0,0,0,0,0,1
104702,0,0,0,0,0,0,0,0,1
104703,0,0,0,0,0,0,0,0,1
104704,0,0,0,0,0,0,0,0,1
104705,0,0,0,0,0,0,0,0,1
104706,0,0,0,0,0,0,0,0,1
104707,0,0,0,0,0,0,0,0,1
104708,0,0,0,0,0,0,0,0,1
104709,0,0,0,0,0,0,0,0,1
104710,0,0,0,0,0,0,0,0,1
104711,0,0,0,0,0,0,0,0,1
104712,0,0,0,0,0,0,0,0,1
104713,0,0,0,0,0,0,0,0,1
104714,0,0,0,0,0,0,0,0,1
104715,0,0,0,0,0,0,0,0,1
104716,0,0,0,0,0,0,0,0,1
104717,0,0,0,0,0,0,0,0,1
104718,0,0,0,0,0,0,0,0,1
104719,0,0,0,0,0,0,0,0,1
104720,0,0,0,0,0,0,0,0,1
104721,0,0,0,0,0,0,0,0,1
104722,0,0,0,0,0,0,0,0,1
104723,0,0,0,0,0,0,0,0,1
104724,0,0,0,0,0,0,0,0,1
104725,0,0,0,0,0,0,0,0,1
104726,0,0,0,0,0,0,0,0,1
104727,0,0,0,0,0,0,0,0,1
104728,0,0,0,0,0,0,0,0,1
104729,0,0,0,0,0,0,0,0,1
104730,0,0,0,0,0,0,0,0,1
104731,0,0,0,0,0,0,0,0,1
104732,0,0,0,0,0,0,0,0,1
104733,0,0,0,0,0,0,0,0,1
104734,0,0,0,0,0,0,0,0,1
104735,0,0,0,0,0,0,0,0,1
104736,0,0,0,0,0,0,0,0,1
104737,0,0,0,0,0,0,0,0,1
104738,0,0,0,0,0,0,0,0,1
104739,0,0,0,0,0,0,0,0,1
104740,0,0,0,0,0,0,0,0,1
104741,0,0,0,0,0,0,0,0,1
104742,0,0,0,0,0,0,0,0,1
104743,0,0,0,0,0,0,0,0,1
104744,0,0,0,0,0,0,0,0,1
104745,0,0,0,0,0,0,0,0,1
104746,0,0,0,0,0,0,0,0,1
104747,0,0,0,0,0,0,0,0,1
104748,0,0,0,0,0,0,0,0,1
104749,0,0,0,0,0,0,0,0,1
104750,0,0,0,0,0,0,0,0,1
104751,0,0,0,0,0,0,0,0,1
104752,0,0,0,0,0,0,0,0,1
104753,0,0,0,0,0,0,0,0,1
104754,0,0,0,0,0,0,0,0,1
104755,0,0,0,0,0,0,0,0,1
104756,0,0,0,0,0,0,0,0,1
104757,0,0,0,0,0,0,0,0,1
104758,0,0,0,0,0,0,0,0,1
104759,0,0,0,0,0,0,0,0,1
104760,0,0,0,0,0,0,0,0,1
104761,0,0,0,0,0,0,0,0,1
104762,0,0,0,0,0,0,0,0,1
104763,0,0,0,0,0,0,0,0,1
104764,0,0,0,0,0,0,0,0,1
104765,0,0,0,0,0,0,0,0,1
104766,0,0,0,0,0,0,0,0,1
104767,0,0,0,0,0,0,0,0,1
104768,0,0,0,0,0,0,0,0,1
104769,0,0,0,0,0,0,0,0,1
104770,0,0,0,0,0,0,0,0,1
104771,0,0,0,0,0,0,0,0,1
104772,0,0,0,0,0,0,0,0,1
104773,0,0,0,0,0,0,0,0,1
104774,0,0,0,0,0,0,0,0,1
104775,0,0,0,0,0,0,0,0,1
104776,0,0,0,0,0,0,0,0,1
104777,0,0,0,0,0,0,0,0,1
104778,0,0,0,0,0,0,0,0,1
104779,0,0,0,0,0,0,0,0,1
104780,0,0,0,0,0,0,0,0,1
104781,0,0,0,0,0,0,0,0,1
104782,0,0,0,0,0,0,0,0,1
104783,0,0,0,0,0,0,0,0,1
104784,0,0,0,0,0,0,0,0,1
104785,0,0,0,0,0,0,0,0,1
104786,0,0,0,0,0,0,0,0,1
104787,0,0,0,0,0,0,0,0,1
104788,0,0,0,0,0,0,0,0,1
104789,0,0,0,0,0,0,0,0,1
104790,0,0,0,0,0,0,0,0,1
104791,0,0,0,0,0,0,0,0,1
104792,0,0,0,0,0,0,0,0,1
104793,0,0,0,0,0,0,0,0,1
104794,0,0,0,0,0,0,0,0,1
104795,0,0,0,0,0,0,0,0,1
104796,0,0,0,0,0,0,0,0,1
104797,0,0,0,0,0,0,0,0,1
104798,0,0,0,0,0,0,0,0,1
104799,0,0,0,0,0,0,0,0,1
104800,0,0,0,0,0,0,0,0,1
104801,0,0,0,0,0,0,0,0,1
104802,0,0,0,0,0,0,0,0,1
104803,0,0,0,0,0,0,0,0,1
104804,0,0,0,0,0,0,0,0,1
104805,0,0,0,0,0,0,0,0,1
104806,0,0,0,0,0,0,0,0,1
104807,0,0,0,0,0,0,0,0,1
104808,0,0,0,0,0,0,0,0,1
104809,0,0,0,0,0,0,0,0,1
104810,0,0,0,0,0,0,0,0,1
104811,0,0,0,0,0,0,0,0,1
104812,0,0,0,0,0,0,0,0,1
104813,0,0,0,0,0,0,0,0,1
104814,0,0,0,0,0,0,0,0,1
104815,0,0,0,0,0,0,0,0,1
104816,0,0,0,0,0,0,0,0,1
104817,0,0,0,0,0,0,0,0,1
104818,0,0,0,0,0,0,0,0,1
104819,0,0,0,0,0,0,0,0,1
104820,0,0,0,0,0,0,0,0,1
104821,0,0,0,0,0,0,0,0,1
104822,0,0,0,0,0,0,0,0,1
104823,0,0,0,0,0,0,0,0,1
104824,0,0,0,0,0,0,0,0,1
104825,0,0,0,0,0,0,0,0,1
104826,0,0,0,0,0,0,0,0,1
104827,0,0,0,0,0,0,0,0,1
104828,0,0,0,0,0,0,0,0,1
104829,0,0,0,0,0,0,0,0,1
104830,0,0,0,0,0,0,0,0,1
104831,0,0,0,0,0,0,0,0,1
104832,0,0,0,0,0,0,0,0,1
104833,0,0,0,0,0,0,0,0,1
104834,0,0,0,0,0,0,0,0,1
104835,0,0,0,0,0,0,0,0,1
104836,0,0,0,0,0,0,0,0,1
104837,0,0,0,0,0,0,0,0,1
104838,0,0,0,0,0,0,0,0,1
104839,0,0,0,0,0,0,0,0,1
104840,0,0,0,0,0,0,0,0,1
104841,0,0,0,0,0,0,0,0,1
104842,0,0,0,0,0,0,0,0,1
104843,0,0,0,0,0,0,0,0,1
104844,0,0,0,0,0,0,0,0,1
104845,0,0,0,0,0,0,0,0,1
104846,0,0,0,0,0,0,0,0,1
104847,0,0,0,0,0,0,0,0,1
104848,0,0,0,0,0,0,0,0,1
104849,0,0,0,0,0,0,0,0,1
104850,0,0,0,0,0,0,0,0,1
104851,0,0,0,0,0,0,0,0,1
104852,0,0,0,0,0,0,0,0,1
104853,0,0,0,0,0,0,0,0,1
104854,0,0,0,0,0,0,0,0,1
104855,0,0,0,0,0,0,0,0,1
104856,0,0,0,0,0,0,0,0,1
104857,0,0,0,0,0,0,0,0,1
104858,0,0,0,0,0,0,0,0,1
104859,0,0,0,0,0,0,0,0,1
104860,0,0,0,0,0,0,0,0,1
104861,0,0,0,0,0,0,0,0,1
104862,0,0,0,0,0,0,0,0,1
104863,0,0,0,0,0,0,0,0,1
104864,0,0,0,0,0,0,0,0,1
104865,0,0,0,0,0,0,0,0,1
104866,0,0,0,0,0,0,0,0,1
104867,0,0,0,0,0,0,0,0,1
104868,0,0,0,0,0,0,0,0,1
104869,0,0,0,0,0,0,0,0,1
104870,0,0,0,0,0,0,0,0,1
104871,0,0,0,0,0,0,0,0,1
104872,0,0,0,0,0,0,0,0,1
104873,0,0,0,0,0,0,0,0,1
104874,0,0,0,0,0,0,0,0,1
104875,0,0,0,0,0,0,0,0,1
104876,0,0,0,0,0,0,0,0,1
104877,0,0,0,0,0,0,0,0,1
104878,0,0,0,0,0,0,0,0,1
104879,0,0,0,0,0,0,0,0,1
104880,0,0,0,0,0,0,0,0,1
104881,0,0,0,0,0,0,0,0,1
104882,0,0,0,0,0,0,0,0,1
104883,0,0,0,0,0,0,0,0,1
104884,0,0,0,0,0,0,0,0,1
104885,0,0,0,0,0,0,0,0,1
104886,0,0,0,0,0,0,0,0,1
104887,0,0,0,0,0,0,0,0,1
104888,0,0,0,0,0,0,0,0,1
104889,0,0,0,0,0,0,0,0,1
104890,0,0,0,0,0,0,0,0,1
104891,0,0,0,0,0,0,0,0,1
104892,0,0,0,0,0,0,0,0,1
104893,0,0,0,0,0,0,0,0,1
104894,0,0,0,0,0,0,0,0,1
104895,0,0,0,0,0,0,0,0,1
104896,0,0,0,0,0,0,0,0,1
104897,0,0,0,0,0,0,0,0,1
104898,0,0,0,0,0,0,0,0,1
104899,0,0,0,0,0,0,0,0,1
104900,0,0,0,0,0,0,0,0,1
104901,0,0,0,0,0,0,0,0,1
104902,0,0,0,0,0,0,0,0,1
104903,0,0,0,0,0,0,0,0,1
104904,0,0,0,0,0,0,0,0,1
104905,0,0,0,0,0,0,0,0,1
104906,0,0,0,0,0,0,0,0,1
104907,0,0,0,0,0,0,0,0,1
104908,0,0,0,0,0,0,0,0,1
104909,0,0,0,0,0,0,0,0,1
104910,0,0,0,0,0,0,0,0,1
104911,0,0,0,0,0,0,0,0,1
104912,0,0,0,0,0,0,0,0,1
104913,0,0,0,0,0,0,0,0,1
104914,0,0,0,0,0,0,0,0,1
104915,0,0,0,0,0,0,0,0,1
104916,0,0,0,0,0,0,0,0,1
104917,0,0,0,0,0,0,0,0,1
104918,0,0,0,0,0,0,0,0,1
104919,0,0,0,0,0,0,0,0,1
104920,0,0,0,0,0,0,0,0,1
104921,0,0,0,0,0,0,0,0,1
104922,0,0,0,0,0,0,0,0,1
104923,0,0,0,0,0,0,0,0,1
104924,0,0,0,0,0,0,0,0,1
104925,0,0,0,0,0,0,0,0,1
104926,0,0,0,0,0,0,0,0,1
104927,0,0,0,0,0,0,0,0,1
104928,0,0,0,0,0,0,0,0,1
104929,0,0,0,0,0,0,0,0,1
104930,0,0,0,0,0,0,0,0,1
104931,0,0,0,0,0,0,0,0,1
104932,0,0,0,0,0,0,0,0,1
104933,0,0,0,0,0,0,0,0,1
104934,0,0,0,0,0,0,0,0,1
104935,0,0,0,0,0,0,0,0,1
104936,0,0,0,0,0,0,0,0,1
104937,0,0,0,0,0,0,0,0,1
104938,0,0,0,0,0,0,0,0,1
104939,0,0,0,0,0,0,0,0,1
104940,0,0,0,0,0,0,0,0,1
104941,0,0,0,0,0,0,0,0,1
104942,0,0,0,0,0,0,0,0,1
104943,0,0,0,0,0,0,0,0,1
104944,0,0,0,0,0,0,0,0,1
104945,0,0,0,0,0,0,0,0,1
104946,0,0,0,0,0,0,0,0,1
104947,0,0,0,0,0,0,0,0,1
104948,0,0,0,0,0,0,0,0,1
104949,0,0,0,0,0,0,0,0,1
104950,0,0,0,0,0,0,0,0,1
104951,0,0,0,0,0,0,0,0,1
104952,0,0,0,0,0,0,0,0,1
104953,0,0,0,0,0,0,0,0,1
104954,0,0,0,0,0,0,0,0,1
104955,0,0,0,0,0,0,0,0,1
104956,0,0,0,0,0,0,0,0,1
104957,0,0,0,0,0,0,0,0,1
104958,0,0,0,0,0,0,0,0,1
104959,0,0,0,0,0,0,0,0,1
104960,0,0,0,0,0,0,0,0,1
104961,0,0,0,0,0,0,0,0,1
104962,0,0,0,0,0,0,0,0,1
104963,0,0,0,0,0,0,0,0,1
104964,0,0,0,0,0,0,0,0,1
104965,0,0,0,0,0,0,0,0,1
104966,0,0,0,0,0,0,0,0,1
104967,0,0,0,0,0,0,0,0,1
104968,0,0,0,0,0,0,0,0,1
104969,0,0,0,0,0,0,0,0,1
104970,0,0,0,0,0,0,0,0,1
104971,0,0,0,0,0,0,0,0,1
104972,0,0,0,0,0,0,0,0,1
104973,0,0,0,0,0,0,0,0,1
104974,0,0,0,0,0,0,0,0,1
104975,0,0,0,0,0,0,0,0,1
104976,0,0,0,0,0,0,0,0,1
104977,0,0,0,0,0,0,0,0,1
104978,0,0,0,0,0,0,0,0,1
104979,0,0,0,0,0,0,0,0,1
104980,0,0,0,0,0,0,0,0,1
104981,0,0,0,0,0,0,0,0,1
104982,0,0,0,0,0,0,0,0,1
104983,0,0,0,0,0,0,0,0,1
104984,0,0,0,0,0,0,0,0,1
104985,0,0,0,0,0,0,0,0,1
104986,0,0,0,0,0,0,0,0,1
104987,0,0,0,0,0,0,0,0,1
104988,0,0,0,0,0,0,0,0,1
104989,0,0,0,0,0,0,0,0,1
104990,0,0,0,0,0,0,0,0,1
104991,0,0,0,0,0,0,0,0,1
104992,0,0,0,0,0,0,0,0,1
104993,0,0,0,0,0,0,0,0,1
104994,0,0,0,0,0,0,0,0,1
104995,0,0,0,0,0,0,0,0,1
104996,0,0,0,0,0,0,0,0,1
104997,0,0,0,0,0,0,0,0,1
104998,0,0,0,0,0,0,0,0,1
104999,0,0,0,0,0,0,0,0,1
105000,0,0,0,0,0,0,0,0,1
105001,0,0,0,0,0,0,0,0,1
105002,0,0,0,0,0,0,0,0,1
105003,0,0,0,0,0,0,0,0,1
105004,0,0,0,0,0,0,0,0,1
105005,0,0,0,0,0,0,0,0,1
105006,0,0,0,0,0,0,0,0,1
105007,0,0,0,0,0,0,0,0,1
105008,0,0,0,0,0,0,0,0,1
105009,0,0,0,0,0,0,0,0,1
105010,0,0,0,0,0,0,0,0,1
105011,0,0,0,0,0,0,0,0,1
105012,0,0,0,0,0,0,0,0,1
105013,0,0,0,0,0,0,0,0,1
105014,0,0,0,0,0,0,0,0,1
105015,0,0,0,0,0,0,0,0,1
105016,0,0,0,0,0,0,0,0,1
105017,0,0,0,0,0,0,0,0,1
105018,0,0,0,0,0,0,0,0,1
105019,0,0,0,0,0,0,0,0,1
105020,0,0,0,0,0,0,0,0,1
105021,0,0,0,0,0,0,0,0,1
105022,0,0,0,0,0,0,0,0,1
105023,0,0,0,0,0,0,0,0,1
105024,0,0,0,0,0,0,0,0,1
105025,0,0,0,0,0,0,0,0,1
105026,0,0,0,0,0,0,0,0,1
105027,0,0,0,0,0,0,0,0,1
105028,0,0,0,0,0,0,0,0,1
105029,0,0,0,0,0,0,0,0,1
105030,0,0,0,0,0,0,0,0,1
105031,0,0,0,0,0,0,0,0,1
105032,0,0,0,0,0,0,0,0,1
105033,0,0,0,0,0,0,0,0,1
105034,0,0,0,0,0,0,0,0,1
105035,0,0,0,0,0,0,0,0,1
105036,0,0,0,0,0,0,0,0,1
105037,0,0,0,0,0,0,0,0,1
105038,0,0,0,0,0,0,0,0,1
105039,0,0,0,0,0,0,0,0,1
105040,0,0,0,0,0,0,0,0,1
105041,0,0,0,0,0,0,0,0,1
105042,0,0,0,0,0,0,0,0,1
105043,0,0,0,0,0,0,0,0,1
105044,0,0,0,0,0,0,0,0,1
105045,0,0,0,0,0,0,0,0,1
105046,0,0,0,0,0,0,0,0,1
105047,0,0,0,0,0,0,0,0,1
105048,0,0,0,0,0,0,0,0,1
105049,0,0,0,0,0,0,0,0,1
105050,0,0,0,0,0,0,0,0,1
105051,0,0,0,0,0,0,0,0,1
105052,0,0,0,0,0,0,0,0,1
105053,0,0,0,0,0,0,0,0,1
105054,0,0,0,0,0,0,0,0,1
105055,0,0,0,0,0,0,0,0,1
105056,0,0,0,0,0,0,0,0,1
105057,0,0,0,0,0,0,0,0,1
105058,0,0,0,0,0,0,0,0,1
105059,0,0,0,0,0,0,0,0,1
105060,0,0,0,0,0,0,0,0,1
105061,0,0,0,0,0,0,0,0,1
105062,0,0,0,0,0,0,0,0,1
105063,0,0,0,0,0,0,0,0,1
105064,0,0,0,0,0,0,0,0,1
105065,0,0,0,0,0,0,0,0,1
105066,0,0,0,0,0,0,0,0,1
105067,0,0,0,0,0,0,0,0,1
105068,0,0,0,0,0,0,0,0,1
105069,0,0,0,0,0,0,0,0,1
105070,0,0,0,0,0,0,0,0,1
105071,0,0,0,0,0,0,0,0,1
105072,0,0,0,0,0,0,0,0,1
105073,0,0,0,0,0,0,0,0,1
105074,0,0,0,0,0,0,0,0,1
105075,0,0,0,0,0,0,0,0,1
105076,0,0,0,0,0,0,0,0,1
105077,0,0,0,0,0,0,0,0,1
105078,0,0,0,0,0,0,0,0,1
105079,0,0,0,0,0,0,0,0,1
105080,0,0,0,0,0,0,0,0,1
105081,0,0,0,0,0,0,0,0,1
105082,0,0,0,0,0,0,0,0,1
105083,0,0,0,0,0,0,0,0,1
105084,0,0,0,0,0,0,0,0,1
105085,0,0,0,0,0,0,0,0,1
105086,0,0,0,0,0,0,0,0,1
105087,0,0,0,0,0,0,0,0,1
105088,0,0,0,0,0,0,0,0,1
105089,0,0,0,0,0,0,0,0,1
105090,0,0,0,0,0,0,0,0,1
105091,0,0,0,0,0,0,0,0,1
105092,0,0,0,0,0,0,0,0,1
105093,0,0,0,0,0,0,0,0,1
105094,0,0,0,0,0,0,0,0,1
105095,0,0,0,0,0,0,0,0,1
105096,0,0,0,0,0,0,0,0,1
105097,0,0,0,0,0,0,0,0,1
105098,0,0,0,0,0,0,0,0,1
105099,0,0,0,0,0,0,0,0,1
105100,0,0,0,0,0,0,0,0,1
105101,0,0,0,0,0,0,0,0,1
105102,0,0,0,0,0,0,0,0,1
105103,0,0,0,0,0,0,0,0,1
105104,0,0,0,0,0,0,0,0,1
105105,0,0,0,0,0,0,0,0,1
105106,0,0,0,0,0,0,0,0,1
105107,0,0,0,0,0,0,0,0,1
105108,0,0,0,0,0,0,0,0,1
105109,0,0,0,0,0,0,0,0,1
105110,0,0,0,0,0,0,0,0,1
105111,0,0,0,0,0,0,0,0,1
105112,0,0,0,0,0,0,0,0,1
105113,0,0,0,0,0,0,0,0,1
105114,0,0,0,0,0,0,0,0,1
105115,0,0,0,0,0,0,0,0,1
105116,0,0,0,0,0,0,0,0,1
105117,0,0,0,0,0,0,0,0,1
105118,0,0,0,0,0,0,0,0,1
105119,0,0,0,0,0,0,0,0,1
105120,0,0,0,0,0,0,0,0,1
105121,0,0,0,0,0,0,0,0,1
105122,0,0,0,0,0,0,0,0,1
105123,0,0,0,0,0,0,0,0,1
105124,0,0,0,0,0,0,0,0,1
105125,0,0,0,0,0,0,0,0,1
105126,0,0,0,0,0,0,0,0,1
105127,0,0,0,0,0,0,0,0,1
105128,0,0,0,0,0,0,0,0,1
105129,0,0,0,0,0,0,0,0,1
105130,0,0,0,0,0,0,0,0,1
105131,0,0,0,0,0,0,0,0,1
105132,0,0,0,0,0,0,0,0,1
105133,0,0,0,0,0,0,0,0,1
105134,0,0,0,0,0,0,0,0,1
105135,0,0,0,0,0,0,0,0,1
105136,0,0,0,0,0,0,0,0,1
105137,0,0,0,0,0,0,0,0,1
105138,0,0,0,0,0,0,0,0,1
105139,0,0,0,0,0,0,0,0,1
105140,0,0,0,0,0,0,0,0,1
105141,0,0,0,0,0,0,0,0,1
105142,0,0,0,0,0,0,0,0,1
105143,0,0,0,0,0,0,0,0,1
105144,0,0,0,0,0,0,0,0,1
105145,0,0,0,0,0,0,0,0,1
105146,0,0,0,0,0,0,0,0,1
105147,0,0,0,0,0,0,0,0,1
105148,0,0,0,0,0,0,0,0,1
105149,0,0,0,0,0,0,0,0,1
105150,0,0,0,0,0,0,0,0,1
105151,0,0,0,0,0,0,0,0,1
105152,0,0,0,0,0,0,0,0,1
105153,0,0,0,0,0,0,0,0,1
105154,0,0,0,0,0,0,0,0,1
105155,0,0,0,0,0,0,0,0,1
105156,0,0,0,0,0,0,0,0,1
105157,0,0,0,0,0,0,0,0,1
105158,0,0,0,0,0,0,0,0,1
105159,0,0,0,0,0,0,0,0,1
105160,0,0,0,0,0,0,0,0,1
105161,0,0,0,0,0,0,0,0,1
105162,0,0,0,0,0,0,0,0,1
105163,0,0,0,0,0,0,0,0,1
105164,0,0,0,0,0,0,0,0,1
105165,0,0,0,0,0,0,0,0,1
105166,0,0,0,0,0,0,0,0,1
105167,0,0,0,0,0,0,0,0,1
105168,0,0,0,0,0,0,0,0,1
105169,0,0,0,0,0,0,0,0,1
105170,0,0,0,0,0,0,0,0,1
105171,0,0,0,0,0,0,0,0,1
105172,0,0,0,0,0,0,0,0,1
105173,0,0,0,0,0,0,0,0,1
105174,0,0,0,0,0,0,0,0,1
105175,0,0,0,0,0,0,0,0,1
105176,0,0,0,0,0,0,0,0,1
105177,0,0,0,0,0,0,0,0,1
105178,0,0,0,0,0,0,0,0,1
105179,0,0,0,0,0,0,0,0,1
105180,0,0,0,0,0,0,0,0,1
105181,0,0,0,0,0,0,0,0,1
105182,0,0,0,0,0,0,0,0,1
105183,0,0,0,0,0,0,0,0,1
105184,0,0,0,0,0,0,0,0,1
105185,0,0,0,0,0,0,0,0,1
105186,0,0,0,0,0,0,0,0,1
105187,0,0,0,0,0,0,0,0,1
105188,0,0,0,0,0,0,0,0,1
105189,0,0,0,0,0,0,0,0,1
105190,0,0,0,0,0,0,0,0,1
105191,0,0,0,0,0,0,0,0,1
105192,0,0,0,0,0,0,0,0,1
105193,0,0,0,0,0,0,0,0,1
105194,0,0,0,0,0,0,0,0,1
105195,0,0,0,0,0,0,0,0,1
105196,0,0,0,0,0,0,0,0,1
105197,0,0,0,0,0,0,0,0,1
105198,0,0,0,0,0,0,0,0,1
105199,0,0,0,0,0,0,0,0,1
105200,0,0,0,0,0,0,0,0,1
105201,0,0,0,0,0,0,0,0,1
105202,0,0,0,0,0,0,0,0,1
105203,0,0,0,0,0,0,0,0,1
105204,0,0,0,0,0,0,0,0,1
105205,0,0,0,0,0,0,0,0,1
105206,0,0,0,0,0,0,0,0,1
105207,0,0,0,0,0,0,0,0,1
105208,0,0,0,0,0,0,0,0,1
105209,0,0,0,0,0,0,0,0,1
105210,0,0,0,0,0,0,0,0,1
105211,0,0,0,0,0,0,0,0,1
105212,0,0,0,0,0,0,0,0,1
105213,0,0,0,0,0,0,0,0,1
105214,0,0,0,0,0,0,0,0,1
105215,0,0,0,0,0,0,0,0,1
105216,0,0,0,0,0,0,0,0,1
105217,0,0,0,0,0,0,0,0,1
105218,0,0,0,0,0,0,0,0,1
105219,0,0,0,0,0,0,0,0,1
105220,0,0,0,0,0,0,0,0,1
105221,0,0,0,0,0,0,0,0,1
105222,0,0,0,0,0,0,0,0,1
105223,0,0,0,0,0,0,0,0,1
105224,0,0,0,0,0,0,0,0,1
105225,0,0,0,0,0,0,0,0,1
105226,0,0,0,0,0,0,0,0,1
105227,0,0,0,0,0,0,0,0,1
105228,0,0,0,0,0,0,0,0,1
105229,0,0,0,0,0,0,0,0,1
105230,0,0,0,0,0,0,0,0,1
105231,0,0,0,0,0,0,0,0,1
105232,0,0,0,0,0,0,0,0,1
105233,0,0,0,0,0,0,0,0,1
105234,0,0,0,0,0,0,0,0,1
105235,0,0,0,0,0,0,0,0,1
105236,0,0,0,0,0,0,0,0,1
105237,0,0,0,0,0,0,0,0,1
105238,0,0,0,0,0,0,0,0,1
105239,0,0,0,0,0,0,0,0,1
105240,0,0,0,0,0,0,0,0,1
105241,0,0,0,0,0,0,0,0,1
105242,0,0,0,0,0,0,0,0,1
105243,0,0,0,0,0,0,0,0,1
105244,0,0,0,0,0,0,0,0,1
105245,0,0,0,0,0,0,0,0,1
105246,0,0,0,0,0,0,0,0,1
105247,0,0,0,0,0,0,0,0,1
105248,0,0,0,0,0,0,0,0,1
105249,0,0,0,0,0,0,0,0,1
105250,0,0,0,0,0,0,0,0,1
105251,0,0,0,0,0,0,0,0,1
105252,0,0,0,0,0,0,0,0,1
105253,0,0,0,0,0,0,0,0,1
105254,0,0,0,0,0,0,0,0,1
105255,0,0,0,0,0,0,0,0,1
105256,0,0,0,0,0,0,0,0,1
105257,0,0,0,0,0,0,0,0,1
105258,0,0,0,0,0,0,0,0,1
105259,0,0,0,0,0,0,0,0,1
105260,0,0,0,0,0,0,0,0,1
105261,0,0,0,0,0,0,0,0,1
105262,0,0,0,0,0,0,0,0,1
105263,0,0,0,0,0,0,0,0,1
105264,0,0,0,0,0,0,0,0,1
105265,0,0,0,0,0,0,0,0,1
105266,0,0,0,0,0,0,0,0,1
105267,0,0,0,0,0,0,0,0,1
105268,0,0,0,0,0,0,0,0,1
105269,0,0,0,0,0,0,0,0,1
105270,0,0,0,0,0,0,0,0,1
105271,0,0,0,0,0,0,0,0,1
105272,0,0,0,0,0,0,0,0,1
105273,0,0,0,0,0,0,0,0,1
105274,0,0,0,0,0,0,0,0,1
105275,0,0,0,0,0,0,0,0,1
105276,0,0,0,0,0,0,0,0,1
105277,0,0,0,0,0,0,0,0,1
105278,0,0,0,0,0,0,0,0,1
105279,0,0,0,0,0,0,0,0,1
105280,0,0,0,0,0,0,0,0,1
105281,0,0,0,0,0,0,0,0,1
105282,0,0,0,0,0,0,0,0,1
105283,0,0,0,0,0,0,0,0,1
105284,0,0,0,0,0,0,0,0,1
105285,0,0,0,0,0,0,0,0,1
105286,0,0,0,0,0,0,0,0,1
105287,0,0,0,0,0,0,0,0,1
105288,0,0,0,0,0,0,0,0,1
105289,0,0,0,0,0,0,0,0,1
105290,0,0,0,0,0,0,0,0,1
105291,0,0,0,0,0,0,0,0,1
105292,0,0,0,0,0,0,0,0,1
105293,0,0,0,0,0,0,0,0,1
105294,0,0,0,0,0,0,0,0,1
105295,0,0,0,0,0,0,0,0,1
105296,0,0,0,0,0,0,0,0,1
105297,0,0,0,0,0,0,0,0,1
105298,0,0,0,0,0,0,0,0,1
105299,0,0,0,0,0,0,0,0,1
105300,0,0,0,0,0,0,0,0,1
105301,0,0,0,0,0,0,0,0,1
105302,0,0,0,0,0,0,0,0,1
105303,0,0,0,0,0,0,0,0,1
105304,0,0,0,0,0,0,0,0,1
105305,0,0,0,0,0,0,0,0,1
105306,0,0,0,0,0,0,0,0,1
105307,0,0,0,0,0,0,0,0,1
105308,0,0,0,0,0,0,0,0,1
105309,0,0,0,0,0,0,0,0,1
105310,0,0,0,0,0,0,0,0,1
105311,0,0,0,0,0,0,0,0,1
105312,0,0,0,0,0,0,0,0,1
105313,0,0,0,0,0,0,0,0,1
105314,0,0,0,0,0,0,0,0,1
105315,0,0,0,0,0,0,0,0,1
105316,0,0,0,0,0,0,0,0,1
105317,0,0,0,0,0,0,0,0,1
105318,0,0,0,0,0,0,0,0,1
105319,0,0,0,0,0,0,0,0,1
105320,0,0,0,0,0,0,0,0,1
105321,0,0,0,0,0,0,0,0,1
105322,0,0,0,0,0,0,0,0,1
105323,0,0,0,0,0,0,0,0,1
105324,0,0,0,0,0,0,0,0,1
105325,0,0,0,0,0,0,0,0,1
105326,0,0,0,0,0,0,0,0,1
105327,0,0,0,0,0,0,0,0,1
105328,0,0,0,0,0,0,0,0,1
105329,0,0,0,0,0,0,0,0,1
105330,0,0,0,0,0,0,0,0,1
105331,0,0,0,0,0,0,0,0,1
105332,0,0,0,0,0,0,0,0,1
105333,0,0,0,0,0,0,0,0,1
105334,0,0,0,0,0,0,0,0,1
105335,0,0,0,0,0,0,0,0,1
105336,0,0,0,0,0,0,0,0,1
105337,0,0,0,0,0,0,0,0,1
105338,0,0,0,0,0,0,0,0,1
105339,0,0,0,0,0,0,0,0,1
105340,0,0,0,0,0,0,0,0,1
105341,0,0,0,0,0,0,0,0,1
105342,0,0,0,0,0,0,0,0,1
105343,0,0,0,0,0,0,0,0,1
105344,0,0,0,0,0,0,0,0,1
105345,0,0,0,0,0,0,0,0,1
105346,0,0,0,0,0,0,0,0,1
105347,0,0,0,0,0,0,0,0,1
105348,0,0,0,0,0,0,0,0,1
105349,0,0,0,0,0,0,0,0,1
105350,0,0,0,0,0,0,0,0,1
105351,0,0,0,0,0,0,0,0,1
105352,0,0,0,0,0,0,0,0,1
105353,0,0,0,0,0,0,0,0,1
105354,0,0,0,0,0,0,0,0,1
105355,0,0,0,0,0,0,0,0,1
105356,0,0,0,0,0,0,0,0,1
105357,0,0,0,0,0,0,0,0,1
105358,0,0,0,0,0,0,0,0,1
105359,0,0,0,0,0,0,0,0,1
105360,0,0,0,0,0,0,0,0,1
105361,0,0,0,0,0,0,0,0,1
105362,0,0,0,0,0,0,0,0,1
105363,0,0,0,0,0,0,0,0,1
105364,0,0,0,0,0,0,0,0,1
105365,0,0,0,0,0,0,0,0,1
105366,0,0,0,0,0,0,0,0,1
105367,0,0,0,0,0,0,0,0,1
105368,0,0,0,0,0,0,0,0,1
105369,0,0,0,0,0,0,0,0,1
105370,0,0,0,0,0,0,0,0,1
105371,0,0,0,0,0,0,0,0,1
105372,0,0,0,0,0,0,0,0,1
105373,0,0,0,0,0,0,0,0,1
105374,0,0,0,0,0,0,0,0,1
105375,0,0,0,0,0,0,0,0,1
105376,0,0,0,0,0,0,0,0,1
105377,0,0,0,0,0,0,0,0,1
105378,0,0,0,0,0,0,0,0,1
105379,0,0,0,0,0,0,0,0,1
105380,0,0,0,0,0,0,0,0,1
105381,0,0,0,0,0,0,0,0,1
105382,0,0,0,0,0,0,0,0,1
105383,0,0,0,0,0,0,0,0,1
105384,0,0,0,0,0,0,0,0,1
105385,0,0,0,0,0,0,0,0,1
105386,0,0,0,0,0,0,0,0,1
105387,0,0,0,0,0,0,0,0,1
105388,0,0,0,0,0,0,0,0,1
105389,0,0,0,0,0,0,0,0,1
105390,0,0,0,0,0,0,0,0,1
105391,0,0,0,0,0,0,0,0,1
105392,0,0,0,0,0,0,0,0,1
105393,0,0,0,0,0,0,0,0,1
105394,0,0,0,0,0,0,0,0,1
105395,0,0,0,0,0,0,0,0,1
105396,0,0,0,0,0,0,0,0,1
105397,0,0,0,0,0,0,0,0,1
105398,0,0,0,0,0,0,0,0,1
105399,0,0,0,0,0,0,0,0,1
105400,0,0,0,0,0,0,0,0,1
105401,0,0,0,0,0,0,0,0,1
105402,0,0,0,0,0,0,0,0,1
105403,0,0,0,0,0,0,0,0,1
105404,0,0,0,0,0,0,0,0,1
105405,0,0,0,0,0,0,0,0,1
105406,0,0,0,0,0,0,0,0,1
105407,0,0,0,0,0,0,0,0,1
105408,0,0,0,0,0,0,0,0,1
105409,0,0,0,0,0,0,0,0,1
105410,0,0,0,0,0,0,0,0,1
105411,0,0,0,0,0,0,0,0,1
105412,0,0,0,0,0,0,0,0,1
105413,0,0,0,0,0,0,0,0,1
105414,0,0,0,0,0,0,0,0,1
105415,0,0,0,0,0,0,0,0,1
105416,0,0,0,0,0,0,0,0,1
105417,0,0,0,0,0,0,0,0,1
105418,0,0,0,0,0,0,0,0,1
105419,0,0,0,0,0,0,0,0,1
105420,0,0,0,0,0,0,0,0,1
105421,0,0,0,0,0,0,0,0,1
105422,0,0,0,0,0,0,0,0,1
105423,0,0,0,0,0,0,0,0,1
105424,0,0,0,0,0,0,0,0,1
105425,0,0,0,0,0,0,0,0,1
105426,0,0,0,0,0,0,0,0,1
105427,0,0,0,0,0,0,0,0,1
105428,0,0,0,0,0,0,0,0,1
105429,0,0,0,0,0,0,0,0,1
105430,0,0,0,0,0,0,0,0,1
105431,0,0,0,0,0,0,0,0,1
105432,0,0,0,0,0,0,0,0,1
105433,0,0,0,0,0,0,0,0,1
105434,0,0,0,0,0,0,0,0,1
105435,0,0,0,0,0,0,0,0,1
105436,0,0,0,0,0,0,0,0,1
105437,0,0,0,0,0,0,0,0,1
105438,0,0,0,0,0,0,0,0,1
105439,0,0,0,0,0,0,0,0,1
105440,0,0,0,0,0,0,0,0,1
105441,0,0,0,0,0,0,0,0,1
105442,0,0,0,0,0,0,0,0,1
105443,0,0,0,0,0,0,0,0,1
105444,0,0,0,0,0,0,0,0,1
105445,0,0,0,0,0,0,0,0,1
105446,0,0,0,0,0,0,0,0,1
105447,0,0,0,0,0,0,0,0,1
105448,0,0,0,0,0,0,0,0,1
105449,0,0,0,0,0,0,0,0,1
105450,0,0,0,0,0,0,0,0,1
105451,0,0,0,0,0,0,0,0,1
105452,0,0,0,0,0,0,0,0,1
105453,0,0,0,0,0,0,0,0,1
105454,0,0,0,0,0,0,0,0,1
105455,0,0,0,0,0,0,0,0,1
105456,0,0,0,0,0,0,0,0,1
105457,0,0,0,0,0,0,0,0,1
105458,0,0,0,0,0,0,0,0,1
105459,0,0,0,0,0,0,0,0,1
105460,0,0,0,0,0,0,0,0,1
105461,0,0,0,0,0,0,0,0,1
105462,0,0,0,0,0,0,0,0,1
105463,0,0,0,0,0,0,0,0,1
105464,0,0,0,0,0,0,0,0,1
105465,0,0,0,0,0,0,0,0,1
105466,0,0,0,0,0,0,0,0,1
105467,0,0,0,0,0,0,0,0,1
105468,0,0,0,0,0,0,0,0,1
105469,0,0,0,0,0,0,0,0,1
105470,0,0,0,0,0,0,0,0,1
105471,0,0,0,0,0,0,0,0,1
105472,0,0,0,0,0,0,0,0,1
105473,0,0,0,0,0,0,0,0,1
105474,0,0,0,0,0,0,0,0,1
105475,0,0,0,0,0,0,0,0,1
105476,0,0,0,0,0,0,0,0,1
105477,0,0,0,0,0,0,0,0,1
105478,0,0,0,0,0,0,0,0,1
105479,0,0,0,0,0,0,0,0,1
105480,0,0,0,0,0,0,0,0,1
105481,0,0,0,0,0,0,0,0,1
105482,0,0,0,0,0,0,0,0,1
105483,0,0,0,0,0,0,0,0,1
105484,0,0,0,0,0,0,0,0,1
105485,0,0,0,0,0,0,0,0,1
105486,0,0,0,0,0,0,0,0,1
105487,0,0,0,0,0,0,0,0,1
105488,0,0,0,0,0,0,0,0,1
105489,0,0,0,0,0,0,0,0,1
105490,0,0,0,0,0,0,0,0,1
105491,0,0,0,0,0,0,0,0,1
105492,0,0,0,0,0,0,0,0,1
105493,0,0,0,0,0,0,0,0,1
105494,0,0,0,0,0,0,0,0,1
105495,0,0,0,0,0,0,0,0,1
105496,0,0,0,0,0,0,0,0,1
105497,0,0,0,0,0,0,0,0,1
105498,0,0,0,0,0,0,0,0,1
105499,0,0,0,0,0,0,0,0,1
105500,0,0,0,0,0,0,0,0,1
105501,0,0,0,0,0,0,0,0,1
105502,0,0,0,0,0,0,0,0,1
105503,0,0,0,0,0,0,0,0,1
105504,0,0,0,0,0,0,0,0,1
105505,0,0,0,0,0,0,0,0,1
105506,0,0,0,0,0,0,0,0,1
105507,0,0,0,0,0,0,0,0,1
105508,0,0,0,0,0,0,0,0,1
105509,0,0,0,0,0,0,0,0,1
105510,0,0,0,0,0,0,0,0,1
105511,0,0,0,0,0,0,0,0,1
105512,0,0,0,0,0,0,0,0,1
105513,0,0,0,0,0,0,0,0,1
105514,0,0,0,0,0,0,0,0,1
105515,0,0,0,0,0,0,0,0,1
105516,0,0,0,0,0,0,0,0,1
105517,0,0,0,0,0,0,0,0,1
105518,0,0,0,0,0,0,0,0,1
105519,0,0,0,0,0,0,0,0,1
105520,0,0,0,0,0,0,0,0,1
105521,0,0,0,0,0,0,0,0,1
105522,0,0,0,0,0,0,0,0,1
105523,0,0,0,0,0,0,0,0,1
105524,0,0,0,0,0,0,0,0,1
105525,0,0,0,0,0,0,0,0,1
105526,0,0,0,0,0,0,0,0,1
105527,0,0,0,0,0,0,0,0,1
105528,0,0,0,0,0,0,0,0,1
105529,0,0,0,0,0,0,0,0,1
105530,0,0,0,0,0,0,0,0,1
105531,0,0,0,0,0,0,0,0,1
105532,0,0,0,0,0,0,0,0,1
105533,0,0,0,0,0,0,0,0,1
105534,0,0,0,0,0,0,0,0,1
105535,0,0,0,0,0,0,0,0,1
105536,0,0,0,0,0,0,0,0,1
105537,0,0,0,0,0,0,0,0,1
105538,0,0,0,0,0,0,0,0,1
105539,0,0,0,0,0,0,0,0,1
105540,0,0,0,0,0,0,0,0,1
105541,0,0,0,0,0,0,0,0,1
105542,0,0,0,0,0,0,0,0,1
105543,0,0,0,0,0,0,0,0,1
105544,0,0,0,0,0,0,0,0,1
105545,0,0,0,0,0,0,0,0,1
105546,0,0,0,0,0,0,0,0,1
105547,0,0,0,0,0,0,0,0,1
105548,0,0,0,0,0,0,0,0,1
105549,0,0,0,0,0,0,0,0,1
105550,0,0,0,0,0,0,0,0,1
105551,0,0,0,0,0,0,0,0,1
105552,0,0,0,0,0,0,0,0,1
105553,0,0,0,0,0,0,0,0,1
105554,0,0,0,0,0,0,0,0,1
105555,0,0,0,0,0,0,0,0,1
105556,0,0,0,0,0,0,0,0,1
105557,0,0,0,0,0,0,0,0,1
105558,0,0,0,0,0,0,0,0,1
105559,0,0,0,0,0,0,0,0,1
105560,0,0,0,0,0,0,0,0,1
105561,0,0,0,0,0,0,0,0,1
105562,0,0,0,0,0,0,0,0,1
105563,0,0,0,0,0,0,0,0,1
105564,0,0,0,0,0,0,0,0,1
105565,0,0,0,0,0,0,0,0,1
105566,0,0,0,0,0,0,0,0,1
105567,0,0,0,0,0,0,0,0,1
105568,0,0,0,0,0,0,0,0,1
105569,0,0,0,0,0,0,0,0,1
105570,0,0,0,0,0,0,0,0,1
105571,0,0,0,0,0,0,0,0,1
105572,0,0,0,0,0,0,0,0,1
105573,0,0,0,0,0,0,0,0,1
105574,0,0,0,0,0,0,0,0,1
105575,0,0,0,0,0,0,0,0,1
105576,0,0,0,0,0,0,0,0,1
105577,0,0,0,0,0,0,0,0,1
105578,0,0,0,0,0,0,0,0,1
105579,0,0,0,0,0,0,0,0,1
105580,0,0,0,0,0,0,0,0,1
105581,0,0,0,0,0,0,0,0,1
105582,0,0,0,0,0,0,0,0,1
105583,0,0,0,0,0,0,0,0,1
105584,0,0,0,0,0,0,0,0,1
105585,0,0,0,0,0,0,0,0,1
105586,0,0,0,0,0,0,0,0,1
105587,0,0,0,0,0,0,0,0,1
105588,0,0,0,0,0,0,0,0,1
105589,0,0,0,0,0,0,0,0,1
105590,0,0,0,0,0,0,0,0,1
105591,0,0,0,0,0,0,0,0,1
105592,0,0,0,0,0,0,0,0,1
105593,0,0,0,0,0,0,0,0,1
105594,0,0,0,0,0,0,0,0,1
105595,0,0,0,0,0,0,0,0,1
105596,0,0,0,0,0,0,0,0,1
105597,0,0,0,0,0,0,0,0,1
105598,0,0,0,0,0,0,0,0,1
105599,0,0,0,0,0,0,0,0,1
105600,0,0,0,0,0,0,0,0,1
105601,0,0,0,0,0,0,0,0,1
105602,0,0,0,0,0,0,0,0,1
105603,0,0,0,0,0,0,0,0,1
105604,0,0,0,0,0,0,0,0,1
105605,0,0,0,0,0,0,0,0,1
105606,0,0,0,0,0,0,0,0,1
105607,0,0,0,0,0,0,0,0,1
105608,0,0,0,0,0,0,0,0,1
105609,0,0,0,0,0,0,0,0,1
105610,0,0,0,0,0,0,0,0,1
105611,0,0,0,0,0,0,0,0,1
105612,0,0,0,0,0,0,0,0,1
105613,0,0,0,0,0,0,0,0,1
105614,0,0,0,0,0,0,0,0,1
105615,0,0,0,0,0,0,0,0,1
105616,0,0,0,0,0,0,0,0,1
105617,0,0,0,0,0,0,0,0,1
105618,0,0,0,0,0,0,0,0,1
105619,0,0,0,0,0,0,0,0,1
105620,0,0,0,0,0,0,0,0,1
105621,0,0,0,0,0,0,0,0,1
105622,0,0,0,0,0,0,0,0,1
105623,0,0,0,0,0,0,0,0,1
105624,0,0,0,0,0,0,0,0,1
105625,0,0,0,0,0,0,0,0,1
105626,0,0,0,0,0,0,0,0,1
105627,0,0,0,0,0,0,0,0,1
105628,0,0,0,0,0,0,0,0,1
105629,0,0,0,0,0,0,0,0,1
105630,0,0,0,0,0,0,0,0,1
105631,0,0,0,0,0,0,0,0,1
105632,0,0,0,0,0,0,0,0,1
105633,0,0,0,0,0,0,0,0,1
105634,0,0,0,0,0,0,0,0,1
105635,0,0,0,0,0,0,0,0,1
105636,0,0,0,0,0,0,0,0,1
105637,0,0,0,0,0,0,0,0,1
105638,0,0,0,0,0,0,0,0,1
105639,0,0,0,0,0,0,0,0,1
105640,0,0,0,0,0,0,0,0,1
105641,0,0,0,0,0,0,0,0,1
105642,0,0,0,0,0,0,0,0,1
105643,0,0,0,0,0,0,0,0,1
105644,0,0,0,0,0,0,0,0,1
105645,0,0,0,0,0,0,0,0,1
105646,0,0,0,0,0,0,0,0,1
105647,0,0,0,0,0,0,0,0,1
105648,0,0,0,0,0,0,0,0,1
105649,0,0,0,0,0,0,0,0,1
105650,0,0,0,0,0,0,0,0,1
105651,0,0,0,0,0,0,0,0,1
105652,0,0,0,0,0,0,0,0,1
105653,0,0,0,0,0,0,0,0,1
105654,0,0,0,0,0,0,0,0,1
105655,0,0,0,0,0,0,0,0,1
105656,0,0,0,0,0,0,0,0,1
105657,0,0,0,0,0,0,0,0,1
105658,0,0,0,0,0,0,0,0,1
105659,0,0,0,0,0,0,0,0,1
105660,0,0,0,0,0,0,0,0,1
105661,0,0,0,0,0,0,0,0,1
105662,0,0,0,0,0,0,0,0,1
105663,0,0,0,0,0,0,0,0,1
105664,0,0,0,0,0,0,0,0,1
105665,0,0,0,0,0,0,0,0,1
105666,0,0,0,0,0,0,0,0,1
105667,0,0,0,0,0,0,0,0,1
105668,0,0,0,0,0,0,0,0,1
105669,0,0,0,0,0,0,0,0,1
105670,0,0,0,0,0,0,0,0,1
105671,0,0,0,0,0,0,0,0,1
105672,0,0,0,0,0,0,0,0,1
105673,0,0,0,0,0,0,0,0,1
105674,0,0,0,0,0,0,0,0,1
105675,0,0,0,0,0,0,0,0,1
105676,0,0,0,0,0,0,0,0,1
105677,0,0,0,0,0,0,0,0,1
105678,0,0,0,0,0,0,0,0,1
105679,0,0,0,0,0,0,0,0,1
105680,0,0,0,0,0,0,0,0,1
105681,0,0,0,0,0,0,0,0,1
105682,0,0,0,0,0,0,0,0,1
105683,0,0,0,0,0,0,0,0,1
105684,0,0,0,0,0,0,0,0,1
105685,0,0,0,0,0,0,0,0,1
105686,0,0,0,0,0,0,0,0,1
105687,0,0,0,0,0,0,0,0,1
105688,0,0,0,0,0,0,0,0,1
105689,0,0,0,0,0,0,0,0,1
105690,0,0,0,0,0,0,0,0,1
105691,0,0,0,0,0,0,0,0,1
105692,0,0,0,0,0,0,0,0,1
105693,0,0,0,0,0,0,0,0,1
105694,0,0,0,0,0,0,0,0,1
105695,0,0,0,0,0,0,0,0,1
105696,0,0,0,0,0,0,0,0,1
105697,0,0,0,0,0,0,0,0,1
105698,0,0,0,0,0,0,0,0,1
105699,0,0,0,0,0,0,0,0,1
105700,0,0,0,0,0,0,0,0,1
105701,0,0,0,0,0,0,0,0,1
105702,0,0,0,0,0,0,0,0,1
105703,0,0,0,0,0,0,0,0,1
105704,0,0,0,0,0,0,0,0,1
105705,0,0,0,0,0,0,0,0,1
105706,0,0,0,0,0,0,0,0,1
105707,0,0,0,0,0,0,0,0,1
105708,0,0,0,0,0,0,0,0,1
105709,0,0,0,0,0,0,0,0,1
105710,0,0,0,0,0,0,0,0,1
105711,0,0,0,0,0,0,0,0,1
105712,0,0,0,0,0,0,0,0,1
105713,0,0,0,0,0,0,0,0,1
105714,0,0,0,0,0,0,0,0,1
105715,0,0,0,0,0,0,0,0,1
105716,0,0,0,0,0,0,0,0,1
105717,0,0,0,0,0,0,0,0,1
105718,0,0,0,0,0,0,0,0,1
105719,0,0,0,0,0,0,0,0,1
105720,0,0,0,0,0,0,0,0,1
105721,0,0,0,0,0,0,0,0,1
105722,0,0,0,0,0,0,0,0,1
105723,0,0,0,0,0,0,0,0,1
105724,0,0,0,0,0,0,0,0,1
105725,0,0,0,0,0,0,0,0,1
105726,0,0,0,0,0,0,0,0,1
105727,0,0,0,0,0,0,0,0,1
105728,0,0,0,0,0,0,0,0,1
105729,0,0,0,0,0,0,0,0,1
105730,0,0,0,0,0,0,0,0,1
105731,0,0,0,0,0,0,0,0,1
105732,0,0,0,0,0,0,0,0,1
105733,0,0,0,0,0,0,0,0,1
105734,0,0,0,0,0,0,0,0,1
105735,0,0,0,0,0,0,0,0,1
105736,0,0,0,0,0,0,0,0,1
105737,0,0,0,0,0,0,0,0,1
105738,0,0,0,0,0,0,0,0,1
105739,0,0,0,0,0,0,0,0,1
105740,0,0,0,0,0,0,0,0,1
105741,0,0,0,0,0,0,0,0,1
105742,0,0,0,0,0,0,0,0,1
105743,0,0,0,0,0,0,0,0,1
105744,0,0,0,0,0,0,0,0,1
105745,0,0,0,0,0,0,0,0,1
105746,0,0,0,0,0,0,0,0,1
105747,0,0,0,0,0,0,0,0,1
105748,0,0,0,0,0,0,0,0,1
105749,0,0,0,0,0,0,0,0,1
105750,0,0,0,0,0,0,0,0,1
105751,0,0,0,0,0,0,0,0,1
105752,0,0,0,0,0,0,0,0,1
105753,0,0,0,0,0,0,0,0,1
105754,0,0,0,0,0,0,0,0,1
105755,0,0,0,0,0,0,0,0,1
105756,0,0,0,0,0,0,0,0,1
105757,0,0,0,0,0,0,0,0,1
105758,0,0,0,0,0,0,0,0,1
105759,0,0,0,0,0,0,0,0,1
105760,0,0,0,0,0,0,0,0,1
105761,0,0,0,0,0,0,0,0,1
105762,0,0,0,0,0,0,0,0,1
105763,0,0,0,0,0,0,0,0,1
105764,0,0,0,0,0,0,0,0,1
105765,0,0,0,0,0,0,0,0,1
105766,0,0,0,0,0,0,0,0,1
105767,0,0,0,0,0,0,0,0,1
105768,0,0,0,0,0,0,0,0,1
105769,0,0,0,0,0,0,0,0,1
105770,0,0,0,0,0,0,0,0,1
105771,0,0,0,0,0,0,0,0,1
105772,0,0,0,0,0,0,0,0,1
105773,0,0,0,0,0,0,0,0,1
105774,0,0,0,0,0,0,0,0,1
105775,0,0,0,0,0,0,0,0,1
105776,0,0,0,0,0,0,0,0,1
105777,0,0,0,0,0,0,0,0,1
105778,0,0,0,0,0,0,0,0,1
105779,0,0,0,0,0,0,0,0,1
105780,0,0,0,0,0,0,0,0,1
105781,0,0,0,0,0,0,0,0,1
105782,0,0,0,0,0,0,0,0,1
105783,0,0,0,0,0,0,0,0,1
105784,0,0,0,0,0,0,0,0,1
105785,0,0,0,0,0,0,0,0,1
105786,0,0,0,0,0,0,0,0,1
105787,0,0,0,0,0,0,0,0,1
105788,0,0,0,0,0,0,0,0,1
105789,0,0,0,0,0,0,0,0,1
105790,0,0,0,0,0,0,0,0,1
105791,0,0,0,0,0,0,0,0,1
105792,0,0,0,0,0,0,0,0,1
105793,0,0,0,0,0,0,0,0,1
105794,0,0,0,0,0,0,0,0,1
105795,0,0,0,0,0,0,0,0,1
105796,0,0,0,0,0,0,0,0,1
105797,0,0,0,0,0,0,0,0,1
105798,0,0,0,0,0,0,0,0,1
105799,0,0,0,0,0,0,0,0,1
105800,0,0,0,0,0,0,0,0,1
105801,0,0,0,0,0,0,0,0,1
105802,0,0,0,0,0,0,0,0,1
105803,0,0,0,0,0,0,0,0,1
105804,0,0,0,0,0,0,0,0,1
105805,0,0,0,0,0,0,0,0,1
105806,0,0,0,0,0,0,0,0,1
105807,0,0,0,0,0,0,0,0,1
105808,0,0,0,0,0,0,0,0,1
105809,0,0,0,0,0,0,0,0,1
105810,0,0,0,0,0,0,0,0,1
105811,0,0,0,0,0,0,0,0,1
105812,0,0,0,0,0,0,0,0,1
105813,0,0,0,0,0,0,0,0,1
105814,0,0,0,0,0,0,0,0,1
105815,0,0,0,0,0,0,0,0,1
105816,0,0,0,0,0,0,0,0,1
105817,0,0,0,0,0,0,0,0,1
105818,0,0,0,0,0,0,0,0,1
105819,0,0,0,0,0,0,0,0,1
105820,0,0,0,0,0,0,0,0,1
105821,0,0,0,0,0,0,0,0,1
105822,0,0,0,0,0,0,0,0,1
105823,0,0,0,0,0,0,0,0,1
105824,0,0,0,0,0,0,0,0,1
105825,0,0,0,0,0,0,0,0,1
105826,0,0,0,0,0,0,0,0,1
105827,0,0,0,0,0,0,0,0,1
105828,0,0,0,0,0,0,0,0,1
105829,0,0,0,0,0,0,0,0,1
105830,0,0,0,0,0,0,0,0,1
105831,0,0,0,0,0,0,0,0,1
105832,0,0,0,0,0,0,0,0,1
105833,0,0,0,0,0,0,0,0,1
105834,0,0,0,0,0,0,0,0,1
105835,0,0,0,0,0,0,0,0,1
105836,0,0,0,0,0,0,0,0,1
105837,0,0,0,0,0,0,0,0,1
105838,0,0,0,0,0,0,0,0,1
105839,0,0,0,0,0,0,0,0,1
105840,0,0,0,0,0,0,0,0,1
105841,0,0,0,0,0,0,0,0,1
105842,0,0,0,0,0,0,0,0,1
105843,0,0,0,0,0,0,0,0,1
105844,0,0,0,0,0,0,0,0,1
105845,0,0,0,0,0,0,0,0,1
105846,0,0,0,0,0,0,0,0,1
105847,0,0,0,0,0,0,0,0,1
105848,0,0,0,0,0,0,0,0,1
105849,0,0,0,0,0,0,0,0,1
105850,0,0,0,0,0,0,0,0,1
105851,0,0,0,0,0,0,0,0,1
105852,0,0,0,0,0,0,0,0,1
105853,0,0,0,0,0,0,0,0,1
105854,0,0,0,0,0,0,0,0,1
105855,0,0,0,0,0,0,0,0,1
105856,0,0,0,0,0,0,0,0,1
105857,0,0,0,0,0,0,0,0,1
105858,0,0,0,0,0,0,0,0,1
105859,0,0,0,0,0,0,0,0,1
105860,0,0,0,0,0,0,0,0,1
105861,0,0,0,0,0,0,0,0,1
105862,0,0,0,0,0,0,0,0,1
105863,0,0,0,0,0,0,0,0,1
105864,0,0,0,0,0,0,0,0,1
105865,0,0,0,0,0,0,0,0,1
105866,0,0,0,0,0,0,0,0,1
105867,0,0,0,0,0,0,0,0,1
105868,0,0,0,0,0,0,0,0,1
105869,0,0,0,0,0,0,0,0,1
105870,0,0,0,0,0,0,0,0,1
105871,0,0,0,0,0,0,0,0,1
105872,0,0,0,0,0,0,0,0,1
105873,0,0,0,0,0,0,0,0,1
105874,0,0,0,0,0,0,0,0,1
105875,0,0,0,0,0,0,0,0,1
105876,0,0,0,0,0,0,0,0,1
105877,0,0,0,0,0,0,0,0,1
105878,0,0,0,0,0,0,0,0,1
105879,0,0,0,0,0,0,0,0,1
105880,0,0,0,0,0,0,0,0,1
105881,0,0,0,0,0,0,0,0,1
105882,0,0,0,0,0,0,0,0,1
105883,0,0,0,0,0,0,0,0,1
105884,0,0,0,0,0,0,0,0,1
105885,0,0,0,0,0,0,0,0,1
105886,0,0,0,0,0,0,0,0,1
105887,0,0,0,0,0,0,0,0,1
105888,0,0,0,0,0,0,0,0,1
105889,0,0,0,0,0,0,0,0,1
105890,0,0,0,0,0,0,0,0,1
105891,0,0,0,0,0,0,0,0,1
105892,0,0,0,0,0,0,0,0,1
105893,0,0,0,0,0,0,0,0,1
105894,0,0,0,0,0,0,0,0,1
105895,0,0,0,0,0,0,0,0,1
105896,0,0,0,0,0,0,0,0,1
105897,0,0,0,0,0,0,0,0,1
105898,0,0,0,0,0,0,0,0,1
105899,0,0,0,0,0,0,0,0,1
105900,0,0,0,0,0,0,0,0,1
105901,0,0,0,0,0,0,0,0,1
105902,0,0,0,0,0,0,0,0,1
105903,0,0,0,0,0,0,0,0,1
105904,0,0,0,0,0,0,0,0,1
105905,0,0,0,0,0,0,0,0,1
105906,0,0,0,0,0,0,0,0,1
105907,0,0,0,0,0,0,0,0,1
105908,0,0,0,0,0,0,0,0,1
105909,0,0,0,0,0,0,0,0,1
105910,0,0,0,0,0,0,0,0,1
105911,0,0,0,0,0,0,0,0,1
105912,0,0,0,0,0,0,0,0,1
105913,0,0,0,0,0,0,0,0,1
105914,0,0,0,0,0,0,0,0,1
105915,0,0,0,0,0,0,0,0,1
105916,0,0,0,0,0,0,0,0,1
105917,0,0,0,0,0,0,0,0,1
105918,0,0,0,0,0,0,0,0,1
105919,0,0,0,0,0,0,0,0,1
105920,0,0,0,0,0,0,0,0,1
105921,0,0,0,0,0,0,0,0,1
105922,0,0,0,0,0,0,0,0,1
105923,0,0,0,0,0,0,0,0,1
105924,0,0,0,0,0,0,0,0,1
105925,0,0,0,0,0,0,0,0,1
105926,0,0,0,0,0,0,0,0,1
105927,0,0,0,0,0,0,0,0,1
105928,0,0,0,0,0,0,0,0,1
105929,0,0,0,0,0,0,0,0,1
105930,0,0,0,0,0,0,0,0,1
105931,0,0,0,0,0,0,0,0,1
105932,0,0,0,0,0,0,0,0,1
105933,0,0,0,0,0,0,0,0,1
105934,0,0,0,0,0,0,0,0,1
105935,0,0,0,0,0,0,0,0,1
105936,0,0,0,0,0,0,0,0,1
105937,0,0,0,0,0,0,0,0,1
105938,0,0,0,0,0,0,0,0,1
105939,0,0,0,0,0,0,0,0,1
105940,0,0,0,0,0,0,0,0,1
105941,0,0,0,0,0,0,0,0,1
105942,0,0,0,0,0,0,0,0,1
105943,0,0,0,0,0,0,0,0,1
105944,0,0,0,0,0,0,0,0,1
105945,0,0,0,0,0,0,0,0,1
105946,0,0,0,0,0,0,0,0,1
105947,0,0,0,0,0,0,0,0,1
105948,0,0,0,0,0,0,0,0,1
105949,0,0,0,0,0,0,0,0,1
105950,0,0,0,0,0,0,0,0,1
105951,0,0,0,0,0,0,0,0,1
105952,0,0,0,0,0,0,0,0,1
105953,0,0,0,0,0,0,0,0,1
105954,0,0,0,0,0,0,0,0,1
105955,0,0,0,0,0,0,0,0,1
105956,0,0,0,0,0,0,0,0,1
105957,0,0,0,0,0,0,0,0,1
105958,0,0,0,0,0,0,0,0,1
105959,0,0,0,0,0,0,0,0,1
105960,0,0,0,0,0,0,0,0,1
105961,0,0,0,0,0,0,0,0,1
105962,0,0,0,0,0,0,0,0,1
105963,0,0,0,0,0,0,0,0,1
105964,0,0,0,0,0,0,0,0,1
105965,0,0,0,0,0,0,0,0,1
105966,0,0,0,0,0,0,0,0,1
105967,0,0,0,0,0,0,0,0,1
105968,0,0,0,0,0,0,0,0,1
105969,0,0,0,0,0,0,0,0,1
105970,0,0,0,0,0,0,0,0,1
105971,0,0,0,0,0,0,0,0,1
105972,0,0,0,0,0,0,0,0,1
105973,0,0,0,0,0,0,0,0,1
105974,0,0,0,0,0,0,0,0,1
105975,0,0,0,0,0,0,0,0,1
105976,0,0,0,0,0,0,0,0,1
105977,0,0,0,0,0,0,0,0,1
105978,0,0,0,0,0,0,0,0,1
105979,0,0,0,0,0,0,0,0,1
105980,0,0,0,0,0,0,0,0,1
105981,0,0,0,0,0,0,0,0,1
105982,0,0,0,0,0,0,0,0,1
105983,0,0,0,0,0,0,0,0,1
105984,0,0,0,0,0,0,0,0,1
105985,0,0,0,0,0,0,0,0,1
105986,0,0,0,0,0,0,0,0,1
105987,0,0,0,0,0,0,0,0,1
105988,0,0,0,0,0,0,0,0,1
105989,0,0,0,0,0,0,0,0,1
105990,0,0,0,0,0,0,0,0,1
105991,0,0,0,0,0,0,0,0,1
105992,0,0,0,0,0,0,0,0,1
105993,0,0,0,0,0,0,0,0,1
105994,0,0,0,0,0,0,0,0,1
105995,0,0,0,0,0,0,0,0,1
105996,0,0,0,0,0,0,0,0,1
105997,0,0,0,0,0,0,0,0,1
105998,0,0,0,0,0,0,0,0,1
105999,0,0,0,0,0,0,0,0,1
106000,0,0,0,0,0,0,0,0,1
106001,0,0,0,0,0,0,0,0,1
106002,0,0,0,0,0,0,0,0,1
106003,0,0,0,0,0,0,0,0,1
106004,0,0,0,0,0,0,0,0,1
106005,0,0,0,0,0,0,0,0,1
106006,0,0,0,0,0,0,0,0,1
106007,0,0,0,0,0,0,0,0,1
106008,0,0,0,0,0,0,0,0,1
106009,0,0,0,0,0,0,0,0,1
106010,0,0,0,0,0,0,0,0,1
106011,0,0,0,0,0,0,0,0,1
106012,0,0,0,0,0,0,0,0,1
106013,0,0,0,0,0,0,0,0,1
106014,0,0,0,0,0,0,0,0,1
106015,0,0,0,0,0,0,0,0,1
106016,0,0,0,0,0,0,0,0,1
106017,0,0,0,0,0,0,0,0,1
106018,0,0,0,0,0,0,0,0,1
106019,0,0,0,0,0,0,0,0,1
106020,0,0,0,0,0,0,0,0,1
106021,0,0,0,0,0,0,0,0,1
106022,0,0,0,0,0,0,0,0,1
106023,0,0,0,0,0,0,0,0,1
106024,0,0,0,0,0,0,0,0,1
106025,0,0,0,0,0,0,0,0,1
106026,0,0,0,0,0,0,0,0,1
106027,0,0,0,0,0,0,0,0,1
106028,0,0,0,0,0,0,0,0,1
106029,0,0,0,0,0,0,0,0,1
106030,0,0,0,0,0,0,0,0,1
106031,0,0,0,0,0,0,0,0,1
106032,0,0,0,0,0,0,0,0,1
106033,0,0,0,0,0,0,0,0,1
106034,0,0,0,0,0,0,0,0,1
106035,0,0,0,0,0,0,0,0,1
106036,0,0,0,0,0,0,0,0,1
106037,0,0,0,0,0,0,0,0,1
106038,0,0,0,0,0,0,0,0,1
106039,0,0,0,0,0,0,0,0,1
106040,0,0,0,0,0,0,0,0,1
106041,0,0,0,0,0,0,0,0,1
106042,0,0,0,0,0,0,0,0,1
106043,0,0,0,0,0,0,0,0,1
106044,0,0,0,0,0,0,0,0,1
106045,0,0,0,0,0,0,0,0,1
106046,0,0,0,0,0,0,0,0,1
106047,0,0,0,0,0,0,0,0,1
106048,0,0,0,0,0,0,0,0,1
106049,0,0,0,0,0,0,0,0,1
106050,0,0,0,0,0,0,0,0,1
106051,0,0,0,0,0,0,0,0,1
106052,0,0,0,0,0,0,0,0,1
106053,0,0,0,0,0,0,0,0,1
106054,0,0,0,0,0,0,0,0,1
106055,0,0,0,0,0,0,0,0,1
106056,0,0,0,0,0,0,0,0,1
106057,0,0,0,0,0,0,0,0,1
106058,0,0,0,0,0,0,0,0,1
106059,0,0,0,0,0,0,0,0,1
106060,0,0,0,0,0,0,0,0,1
106061,0,0,0,0,0,0,0,0,1
106062,0,0,0,0,0,0,0,0,1
106063,0,0,0,0,0,0,0,0,1
106064,0,0,0,0,0,0,0,0,1
106065,0,0,0,0,0,0,0,0,1
106066,0,0,0,0,0,0,0,0,1
106067,0,0,0,0,0,0,0,0,1
106068,0,0,0,0,0,0,0,0,1
106069,0,0,0,0,0,0,0,0,1
106070,0,0,0,0,0,0,0,0,1
106071,0,0,0,0,0,0,0,0,1
106072,0,0,0,0,0,0,0,0,1
106073,0,0,0,0,0,0,0,0,1
106074,0,0,0,0,0,0,0,0,1
106075,0,0,0,0,0,0,0,0,1
106076,0,0,0,0,0,0,0,0,1
106077,0,0,0,0,0,0,0,0,1
106078,0,0,0,0,0,0,0,0,1
106079,0,0,0,0,0,0,0,0,1
106080,0,0,0,0,0,0,0,0,1
106081,0,0,0,0,0,0,0,0,1
106082,0,0,0,0,0,0,0,0,1
106083,0,0,0,0,0,0,0,0,1
106084,0,0,0,0,0,0,0,0,1
106085,0,0,0,0,0,0,0,0,1
106086,0,0,0,0,0,0,0,0,1
106087,0,0,0,0,0,0,0,0,1
106088,0,0,0,0,0,0,0,0,1
106089,0,0,0,0,0,0,0,0,1
106090,0,0,0,0,0,0,0,0,1
106091,0,0,0,0,0,0,0,0,1
106092,0,0,0,0,0,0,0,0,1
106093,0,0,0,0,0,0,0,0,1
106094,0,0,0,0,0,0,0,0,1
106095,0,0,0,0,0,0,0,0,1
106096,0,0,0,0,0,0,0,0,1
106097,0,0,0,0,0,0,0,0,1
106098,0,0,0,0,0,0,0,0,1
106099,0,0,0,0,0,0,0,0,1
106100,0,0,0,0,0,0,0,0,1
106101,0,0,0,0,0,0,0,0,1
106102,0,0,0,0,0,0,0,0,1
106103,0,0,0,0,0,0,0,0,1
106104,0,0,0,0,0,0,0,0,1
106105,0,0,0,0,0,0,0,0,1
106106,0,0,0,0,0,0,0,0,1
106107,0,0,0,0,0,0,0,0,1
106108,0,0,0,0,0,0,0,0,1
106109,0,0,0,0,0,0,0,0,1
106110,0,0,0,0,0,0,0,0,1
106111,0,0,0,0,0,0,0,0,1
106112,0,0,0,0,0,0,0,0,1
106113,0,0,0,0,0,0,0,0,1
106114,0,0,0,0,0,0,0,0,1
106115,0,0,0,0,0,0,0,0,1
106116,0,0,0,0,0,0,0,0,1
106117,0,0,0,0,0,0,0,0,1
106118,0,0,0,0,0,0,0,0,1
106119,0,0,0,0,0,0,0,0,1
106120,0,0,0,0,0,0,0,0,1
106121,0,0,0,0,0,0,0,0,1
106122,0,0,0,0,0,0,0,0,1
106123,0,0,0,0,0,0,0,0,1
106124,0,0,0,0,0,0,0,0,1
106125,0,0,0,0,0,0,0,0,1
106126,0,0,0,0,0,0,0,0,1
106127,0,0,0,0,0,0,0,0,1
106128,0,0,0,0,0,0,0,0,1
106129,0,0,0,0,0,0,0,0,1
106130,0,0,0,0,0,0,0,0,1
106131,0,0,0,0,0,0,0,0,1
106132,0,0,0,0,0,0,0,0,1
106133,0,0,0,0,0,0,0,0,1
106134,0,0,0,0,0,0,0,0,1
106135,0,0,0,0,0,0,0,0,1
106136,0,0,0,0,0,0,0,0,1
106137,0,0,0,0,0,0,0,0,1
106138,0,0,0,0,0,0,0,0,1
106139,0,0,0,0,0,0,0,0,1
106140,0,0,0,0,0,0,0,0,1
106141,0,0,0,0,0,0,0,0,1
106142,0,0,0,0,0,0,0,0,1
106143,0,0,0,0,0,0,0,0,1
106144,0,0,0,0,0,0,0,0,1
106145,0,0,0,0,0,0,0,0,1
106146,0,0,0,0,0,0,0,0,1
106147,0,0,0,0,0,0,0,0,1
106148,0,0,0,0,0,0,0,0,1
106149,0,0,0,0,0,0,0,0,1
106150,0,0,0,0,0,0,0,0,1
106151,0,0,0,0,0,0,0,0,1
106152,0,0,0,0,0,0,0,0,1
106153,0,0,0,0,0,0,0,0,1
106154,0,0,0,0,0,0,0,0,1
106155,0,0,0,0,0,0,0,0,1
106156,0,0,0,0,0,0,0,0,1
106157,0,0,0,0,0,0,0,0,1
106158,0,0,0,0,0,0,0,0,1
106159,0,0,0,0,0,0,0,0,1
106160,0,0,0,0,0,0,0,0,1
106161,0,0,0,0,0,0,0,0,1
106162,0,0,0,0,0,0,0,0,1
106163,0,0,0,0,0,0,0,0,1
106164,0,0,0,0,0,0,0,0,1
106165,0,0,0,0,0,0,0,0,1
106166,0,0,0,0,0,0,0,0,1
106167,0,0,0,0,0,0,0,0,1
106168,0,0,0,0,0,0,0,0,1
106169,0,0,0,0,0,0,0,0,1
106170,0,0,0,0,0,0,0,0,1
106171,0,0,0,0,0,0,0,0,1
106172,0,0,0,0,0,0,0,0,1
106173,0,0,0,0,0,0,0,0,1
106174,0,0,0,0,0,0,0,0,1
106175,0,0,0,0,0,0,0,0,1
106176,0,0,0,0,0,0,0,0,1
106177,0,0,0,0,0,0,0,0,1
106178,0,0,0,0,0,0,0,0,1
106179,0,0,0,0,0,0,0,0,1
106180,0,0,0,0,0,0,0,0,1
106181,0,0,0,0,0,0,0,0,1
106182,0,0,0,0,0,0,0,0,1
106183,0,0,0,0,0,0,0,0,1
106184,0,0,0,0,0,0,0,0,1
106185,0,0,0,0,0,0,0,0,1
106186,0,0,0,0,0,0,0,0,1
106187,0,0,0,0,0,0,0,0,1
106188,0,0,0,0,0,0,0,0,1
106189,0,0,0,0,0,0,0,0,1
106190,0,0,0,0,0,0,0,0,1
106191,0,0,0,0,0,0,0,0,1
106192,0,0,0,0,0,0,0,0,1
106193,0,0,0,0,0,0,0,0,1
106194,0,0,0,0,0,0,0,0,1
106195,0,0,0,0,0,0,0,0,1
106196,0,0,0,0,0,0,0,0,1
106197,0,0,0,0,0,0,0,0,1
106198,0,0,0,0,0,0,0,0,1
106199,0,0,0,0,0,0,0,0,1
106200,0,0,0,0,0,0,0,0,1
106201,0,0,0,0,0,0,0,0,1
106202,0,0,0,0,0,0,0,0,1
106203,0,0,0,0,0,0,0,0,1
106204,0,0,0,0,0,0,0,0,1
106205,0,0,0,0,0,0,0,0,1
106206,0,0,0,0,0,0,0,0,1
106207,0,0,0,0,0,0,0,0,1
106208,0,0,0,0,0,0,0,0,1
106209,0,0,0,0,0,0,0,0,1
106210,0,0,0,0,0,0,0,0,1
106211,0,0,0,0,0,0,0,0,1
106212,0,0,0,0,0,0,0,0,1
106213,0,0,0,0,0,0,0,0,1
106214,0,0,0,0,0,0,0,0,1
106215,0,0,0,0,0,0,0,0,1
106216,0,0,0,0,0,0,0,0,1
106217,0,0,0,0,0,0,0,0,1
106218,0,0,0,0,0,0,0,0,1
106219,0,0,0,0,0,0,0,0,1
106220,0,0,0,0,0,0,0,0,1
106221,0,0,0,0,0,0,0,0,1
106222,0,0,0,0,0,0,0,0,1
106223,0,0,0,0,0,0,0,0,1
106224,0,0,0,0,0,0,0,0,1
106225,0,0,0,0,0,0,0,0,1
106226,0,0,0,0,0,0,0,0,1
106227,0,0,0,0,0,0,0,0,1
106228,0,0,0,0,0,0,0,0,1
106229,0,0,0,0,0,0,0,0,1
106230,0,0,0,0,0,0,0,0,1
106231,0,0,0,0,0,0,0,0,1
106232,0,0,0,0,0,0,0,0,1
106233,0,0,0,0,0,0,0,0,1
106234,0,0,0,0,0,0,0,0,1
106235,0,0,0,0,0,0,0,0,1
106236,0,0,0,0,0,0,0,0,1
106237,0,0,0,0,0,0,0,0,1
106238,0,0,0,0,0,0,0,0,1
106239,0,0,0,0,0,0,0,0,1
106240,0,0,0,0,0,0,0,0,1
106241,0,0,0,0,0,0,0,0,1
106242,0,0,0,0,0,0,0,0,1
106243,0,0,0,0,0,0,0,0,1
106244,0,0,0,0,0,0,0,0,1
106245,0,0,0,0,0,0,0,0,1
106246,0,0,0,0,0,0,0,0,1
106247,0,0,0,0,0,0,0,0,1
106248,0,0,0,0,0,0,0,0,1
106249,0,0,0,0,0,0,0,0,1
106250,0,0,0,0,0,0,0,0,1
106251,0,0,0,0,0,0,0,0,1
106252,0,0,0,0,0,0,0,0,1
106253,0,0,0,0,0,0,0,0,1
106254,0,0,0,0,0,0,0,0,1
106255,0,0,0,0,0,0,0,0,1
106256,0,0,0,0,0,0,0,0,1
106257,0,0,0,0,0,0,0,0,1
106258,0,0,0,0,0,0,0,0,1
106259,0,0,0,0,0,0,0,0,1
106260,0,0,0,0,0,0,0,0,1
106261,0,0,0,0,0,0,0,0,1
106262,0,0,0,0,0,0,0,0,1
106263,0,0,0,0,0,0,0,0,1
106264,0,0,0,0,0,0,0,0,1
106265,0,0,0,0,0,0,0,0,1
106266,0,0,0,0,0,0,0,0,1
106267,0,0,0,0,0,0,0,0,1
106268,0,0,0,0,0,0,0,0,1
106269,0,0,0,0,0,0,0,0,1
106270,0,0,0,0,0,0,0,0,1
106271,0,0,0,0,0,0,0,0,1
106272,0,0,0,0,0,0,0,0,1
106273,0,0,0,0,0,0,0,0,1
106274,0,0,0,0,0,0,0,0,1
106275,0,0,0,0,0,0,0,0,1
106276,0,0,0,0,0,0,0,0,1
106277,0,0,0,0,0,0,0,0,1
106278,0,0,0,0,0,0,0,0,1
106279,0,0,0,0,0,0,0,0,1
106280,0,0,0,0,0,0,0,0,1
106281,0,0,0,0,0,0,0,0,1
106282,0,0,0,0,0,0,0,0,1
106283,0,0,0,0,0,0,0,0,1
106284,0,0,0,0,0,0,0,0,1
106285,0,0,0,0,0,0,0,0,1
106286,0,0,0,0,0,0,0,0,1
106287,0,0,0,0,0,0,0,0,1
106288,0,0,0,0,0,0,0,0,1
106289,0,0,0,0,0,0,0,0,1
106290,0,0,0,0,0,0,0,0,1
106291,0,0,0,0,0,0,0,0,1
106292,0,0,0,0,0,0,0,0,1
106293,0,0,0,0,0,0,0,0,1
106294,0,0,0,0,0,0,0,0,1
106295,0,0,0,0,0,0,0,0,1
106296,0,0,0,0,0,0,0,0,1
106297,0,0,0,0,0,0,0,0,1
106298,0,0,0,0,0,0,0,0,1
106299,0,0,0,0,0,0,0,0,1
106300,0,0,0,0,0,0,0,0,1
106301,0,0,0,0,0,0,0,0,1
106302,0,0,0,0,0,0,0,0,1
106303,0,0,0,0,0,0,0,0,1
106304,0,0,0,0,0,0,0,0,1
106305,0,0,0,0,0,0,0,0,1
106306,0,0,0,0,0,0,0,0,1
106307,0,0,0,0,0,0,0,0,1
106308,0,0,0,0,0,0,0,0,1
106309,0,0,0,0,0,0,0,0,1
106310,0,0,0,0,0,0,0,0,1
106311,0,0,0,0,0,0,0,0,1
106312,0,0,0,0,0,0,0,0,1
106313,0,0,0,0,0,0,0,0,1
106314,0,0,0,0,0,0,0,0,1
106315,0,0,0,0,0,0,0,0,1
106316,0,0,0,0,0,0,0,0,1
106317,0,0,0,0,0,0,0,0,1
106318,0,0,0,0,0,0,0,0,1
106319,0,0,0,0,0,0,0,0,1
106320,0,0,0,0,0,0,0,0,1
106321,0,0,0,0,0,0,0,0,1
106322,0,0,0,0,0,0,0,0,1
106323,0,0,0,0,0,0,0,0,1
106324,0,0,0,0,0,0,0,0,1
106325,0,0,0,0,0,0,0,0,1
106326,0,0,0,0,0,0,0,0,1
106327,0,0,0,0,0,0,0,0,1
106328,0,0,0,0,0,0,0,0,1
106329,0,0,0,0,0,0,0,0,1
106330,0,0,0,0,0,0,0,0,1
106331,0,0,0,0,0,0,0,0,1
106332,0,0,0,0,0,0,0,0,1
106333,0,0,0,0,0,0,0,0,1
106334,0,0,0,0,0,0,0,0,1
106335,0,0,0,0,0,0,0,0,1
106336,0,0,0,0,0,0,0,0,1
106337,0,0,0,0,0,0,0,0,1
106338,0,0,0,0,0,0,0,0,1
106339,0,0,0,0,0,0,0,0,1
106340,0,0,0,0,0,0,0,0,1
106341,0,0,0,0,0,0,0,0,1
106342,0,0,0,0,0,0,0,0,1
106343,0,0,0,0,0,0,0,0,1
106344,0,0,0,0,0,0,0,0,1
106345,0,0,0,0,0,0,0,0,1
106346,0,0,0,0,0,0,0,0,1
106347,0,0,0,0,0,0,0,0,1
106348,0,0,0,0,0,0,0,0,1
106349,0,0,0,0,0,0,0,0,1
106350,0,0,0,0,0,0,0,0,1
106351,0,0,0,0,0,0,0,0,1
106352,0,0,0,0,0,0,0,0,1
106353,0,0,0,0,0,0,0,0,1
106354,0,0,0,0,0,0,0,0,1
106355,0,0,0,0,0,0,0,0,1
106356,0,0,0,0,0,0,0,0,1
106357,0,0,0,0,0,0,0,0,1
106358,0,0,0,0,0,0,0,0,1
106359,0,0,0,0,0,0,0,0,1
106360,0,0,0,0,0,0,0,0,1
106361,0,0,0,0,0,0,0,0,1
106362,0,0,0,0,0,0,0,0,1
106363,0,0,0,0,0,0,0,0,1
106364,0,0,0,0,0,0,0,0,1
106365,0,0,0,0,0,0,0,0,1
106366,0,0,0,0,0,0,0,0,1
106367,0,0,0,0,0,0,0,0,1
106368,0,0,0,0,0,0,0,0,1
106369,0,0,0,0,0,0,0,0,1
106370,0,0,0,0,0,0,0,0,1
106371,0,0,0,0,0,0,0,0,1
106372,0,0,0,0,0,0,0,0,1
106373,0,0,0,0,0,0,0,0,1
106374,0,0,0,0,0,0,0,0,1
106375,0,0,0,0,0,0,0,0,1
106376,0,0,0,0,0,0,0,0,1
106377,0,0,0,0,0,0,0,0,1
106378,0,0,0,0,0,0,0,0,1
106379,0,0,0,0,0,0,0,0,1
106380,0,0,0,0,0,0,0,0,1
106381,0,0,0,0,0,0,0,0,1
106382,0,0,0,0,0,0,0,0,1
106383,0,0,0,0,0,0,0,0,1
106384,0,0,0,0,0,0,0,0,1
106385,0,0,0,0,0,0,0,0,1
106386,0,0,0,0,0,0,0,0,1
106387,0,0,0,0,0,0,0,0,1
106388,0,0,0,0,0,0,0,0,1
106389,0,0,0,0,0,0,0,0,1
106390,0,0,0,0,0,0,0,0,1
106391,0,0,0,0,0,0,0,0,1
106392,0,0,0,0,0,0,0,0,1
106393,0,0,0,0,0,0,0,0,1
106394,0,0,0,0,0,0,0,0,1
106395,0,0,0,0,0,0,0,0,1
106396,0,0,0,0,0,0,0,0,1
106397,0,0,0,0,0,0,0,0,1
106398,0,0,0,0,0,0,0,0,1
106399,0,0,0,0,0,0,0,0,1
106400,0,0,0,0,0,0,0,0,1
106401,0,0,0,0,0,0,0,0,1
106402,0,0,0,0,0,0,0,0,1
106403,0,0,0,0,0,0,0,0,1
106404,0,0,0,0,0,0,0,0,1
106405,0,0,0,0,0,0,0,0,1
106406,0,0,0,0,0,0,0,0,1
106407,0,0,0,0,0,0,0,0,1
106408,0,0,0,0,0,0,0,0,1
106409,0,0,0,0,0,0,0,0,1
106410,0,0,0,0,0,0,0,0,1
106411,0,0,0,0,0,0,0,0,1
106412,0,0,0,0,0,0,0,0,1
106413,0,0,0,0,0,0,0,0,1
106414,0,0,0,0,0,0,0,0,1
106415,0,0,0,0,0,0,0,0,1
106416,0,0,0,0,0,0,0,0,1
106417,0,0,0,0,0,0,0,0,1
106418,0,0,0,0,0,0,0,0,1
106419,0,0,0,0,0,0,0,0,1
106420,0,0,0,0,0,0,0,0,1
106421,0,0,0,0,0,0,0,0,1
106422,0,0,0,0,0,0,0,0,1
106423,0,0,0,0,0,0,0,0,1
106424,0,0,0,0,0,0,0,0,1
106425,0,0,0,0,0,0,0,0,1
106426,0,0,0,0,0,0,0,0,1
106427,0,0,0,0,0,0,0,0,1
106428,0,0,0,0,0,0,0,0,1
106429,0,0,0,0,0,0,0,0,1
106430,0,0,0,0,0,0,0,0,1
106431,0,0,0,0,0,0,0,0,1
106432,0,0,0,0,0,0,0,0,1
106433,0,0,0,0,0,0,0,0,1
106434,0,0,0,0,0,0,0,0,1
106435,0,0,0,0,0,0,0,0,1
106436,0,0,0,0,0,0,0,0,1
106437,0,0,0,0,0,0,0,0,1
106438,0,0,0,0,0,0,0,0,1
106439,0,0,0,0,0,0,0,0,1
106440,0,0,0,0,0,0,0,0,1
106441,0,0,0,0,0,0,0,0,1
106442,0,0,0,0,0,0,0,0,1
106443,0,0,0,0,0,0,0,0,1
106444,0,0,0,0,0,0,0,0,1
106445,0,0,0,0,0,0,0,0,1
106446,0,0,0,0,0,0,0,0,1
106447,0,0,0,0,0,0,0,0,1
106448,0,0,0,0,0,0,0,0,1
106449,0,0,0,0,0,0,0,0,1
106450,0,0,0,0,0,0,0,0,1
106451,0,0,0,0,0,0,0,0,1
106452,0,0,0,0,0,0,0,0,1
106453,0,0,0,0,0,0,0,0,1
106454,0,0,0,0,0,0,0,0,1
106455,0,0,0,0,0,0,0,0,1
106456,0,0,0,0,0,0,0,0,1
106457,0,0,0,0,0,0,0,0,1
106458,0,0,0,0,0,0,0,0,1
106459,0,0,0,0,0,0,0,0,1
106460,0,0,0,0,0,0,0,0,1
106461,0,0,0,0,0,0,0,0,1
106462,0,0,0,0,0,0,0,0,1
106463,0,0,0,0,0,0,0,0,1
106464,0,0,0,0,0,0,0,0,1
106465,0,0,0,0,0,0,0,0,1
106466,0,0,0,0,0,0,0,0,1
106467,0,0,0,0,0,0,0,0,1
106468,0,0,0,0,0,0,0,0,1
106469,0,0,0,0,0,0,0,0,1
106470,0,0,0,0,0,0,0,0,1
106471,0,0,0,0,0,0,0,0,1
106472,0,0,0,0,0,0,0,0,1
106473,0,0,0,0,0,0,0,0,1
106474,0,0,0,0,0,0,0,0,1
106475,0,0,0,0,0,0,0,0,1
106476,0,0,0,0,0,0,0,0,1
106477,0,0,0,0,0,0,0,0,1
106478,0,0,0,0,0,0,0,0,1
106479,0,0,0,0,0,0,0,0,1
106480,0,0,0,0,0,0,0,0,1
106481,0,0,0,0,0,0,0,0,1
106482,0,0,0,0,0,0,0,0,1
106483,0,0,0,0,0,0,0,0,1
106484,0,0,0,0,0,0,0,0,1
106485,0,0,0,0,0,0,0,0,1
106486,0,0,0,0,0,0,0,0,1
106487,0,0,0,0,0,0,0,0,1
106488,0,0,0,0,0,0,0,0,1
106489,0,0,0,0,0,0,0,0,1
106490,0,0,0,0,0,0,0,0,1
106491,0,0,0,0,0,0,0,0,1
106492,0,0,0,0,0,0,0,0,1
106493,0,0,0,0,0,0,0,0,1
106494,0,0,0,0,0,0,0,0,1
106495,0,0,0,0,0,0,0,0,1
106496,0,0,0,0,0,0,0,0,1
106497,0,0,0,0,0,0,0,0,1
106498,0,0,0,0,0,0,0,0,1
106499,0,0,0,0,0,0,0,0,1
106500,0,0,0,0,0,0,0,0,1
106501,0,0,0,0,0,0,0,0,1
106502,0,0,0,0,0,0,0,0,1
106503,0,0,0,0,0,0,0,0,1
106504,0,0,0,0,0,0,0,0,1
106505,0,0,0,0,0,0,0,0,1
106506,0,0,0,0,0,0,0,0,1
106507,0,0,0,0,0,0,0,0,1
106508,0,0,0,0,0,0,0,0,1
106509,0,0,0,0,0,0,0,0,1
106510,0,0,0,0,0,0,0,0,1
106511,0,0,0,0,0,0,0,0,1
106512,0,0,0,0,0,0,0,0,1
106513,0,0,0,0,0,0,0,0,1
106514,0,0,0,0,0,0,0,0,1
106515,0,0,0,0,0,0,0,0,1
106516,0,0,0,0,0,0,0,0,1
106517,0,0,0,0,0,0,0,0,1
106518,0,0,0,0,0,0,0,0,1
106519,0,0,0,0,0,0,0,0,1
106520,0,0,0,0,0,0,0,0,1
106521,0,0,0,0,0,0,0,0,1
106522,0,0,0,0,0,0,0,0,1
106523,0,0,0,0,0,0,0,0,1
106524,0,0,0,0,0,0,0,0,1
106525,0,0,0,0,0,0,0,0,1
106526,0,0,0,0,0,0,0,0,1
106527,0,0,0,0,0,0,0,0,1
106528,0,0,0,0,0,0,0,0,1
106529,0,0,0,0,0,0,0,0,1
106530,0,0,0,0,0,0,0,0,1
106531,0,0,0,0,0,0,0,0,1
106532,0,0,0,0,0,0,0,0,1
106533,0,0,0,0,0,0,0,0,1
106534,0,0,0,0,0,0,0,0,1
106535,0,0,0,0,0,0,0,0,1
106536,0,0,0,0,0,0,0,0,1
106537,0,0,0,0,0,0,0,0,1
106538,0,0,0,0,0,0,0,0,1
106539,0,0,0,0,0,0,0,0,1
106540,0,0,0,0,0,0,0,0,1
106541,0,0,0,0,0,0,0,0,1
106542,0,0,0,0,0,0,0,0,1
106543,0,0,0,0,0,0,0,0,1
106544,0,0,0,0,0,0,0,0,1
106545,0,0,0,0,0,0,0,0,1
106546,0,0,0,0,0,0,0,0,1
106547,0,0,0,0,0,0,0,0,1
106548,0,0,0,0,0,0,0,0,1
106549,0,0,0,0,0,0,0,0,1
106550,0,0,0,0,0,0,0,0,1
106551,0,0,0,0,0,0,0,0,1
106552,0,0,0,0,0,0,0,0,1
106553,0,0,0,0,0,0,0,0,1
106554,0,0,0,0,0,0,0,0,1
106555,0,0,0,0,0,0,0,0,1
106556,0,0,0,0,0,0,0,0,1
106557,0,0,0,0,0,0,0,0,1
106558,0,0,0,0,0,0,0,0,1
106559,0,0,0,0,0,0,0,0,1
106560,0,0,0,0,0,0,0,0,1
106561,0,0,0,0,0,0,0,0,1
106562,0,0,0,0,0,0,0,0,1
106563,0,0,0,0,0,0,0,0,1
106564,0,0,0,0,0,0,0,0,1
106565,0,0,0,0,0,0,0,0,1
106566,0,0,0,0,0,0,0,0,1
106567,0,0,0,0,0,0,0,0,1
106568,0,0,0,0,0,0,0,0,1
106569,0,0,0,0,0,0,0,0,1
106570,0,0,0,0,0,0,0,0,1
106571,0,0,0,0,0,0,0,0,1
106572,0,0,0,0,0,0,0,0,1
106573,0,0,0,0,0,0,0,0,1
106574,0,0,0,0,0,0,0,0,1
106575,0,0,0,0,0,0,0,0,1
106576,0,0,0,0,0,0,0,0,1
106577,0,0,0,0,0,0,0,0,1
106578,0,0,0,0,0,0,0,0,1
106579,0,0,0,0,0,0,0,0,1
106580,0,0,0,0,0,0,0,0,1
106581,0,0,0,0,0,0,0,0,1
106582,0,0,0,0,0,0,0,0,1
106583,0,0,0,0,0,0,0,0,1
106584,0,0,0,0,0,0,0,0,1
106585,0,0,0,0,0,0,0,0,1
106586,0,0,0,0,0,0,0,0,1
106587,0,0,0,0,0,0,0,0,1
106588,0,0,0,0,0,0,0,0,1
106589,0,0,0,0,0,0,0,0,1
106590,0,0,0,0,0,0,0,0,1
106591,0,0,0,0,0,0,0,0,1
106592,0,0,0,0,0,0,0,0,1
106593,0,0,0,0,0,0,0,0,1
106594,0,0,0,0,0,0,0,0,1
106595,0,0,0,0,0,0,0,0,1
106596,0,0,0,0,0,0,0,0,1
106597,0,0,0,0,0,0,0,0,1
106598,0,0,0,0,0,0,0,0,1
106599,0,0,0,0,0,0,0,0,1
106600,0,0,0,0,0,0,0,0,1
106601,0,0,0,0,0,0,0,0,1
106602,0,0,0,0,0,0,0,0,1
106603,0,0,0,0,0,0,0,0,1
106604,0,0,0,0,0,0,0,0,1
106605,0,0,0,0,0,0,0,0,1
106606,0,0,0,0,0,0,0,0,1
106607,0,0,0,0,0,0,0,0,1
106608,0,0,0,0,0,0,0,0,1
106609,0,0,0,0,0,0,0,0,1
106610,0,0,0,0,0,0,0,0,1
106611,0,0,0,0,0,0,0,0,1
106612,0,0,0,0,0,0,0,0,1
106613,0,0,0,0,0,0,0,0,1
106614,0,0,0,0,0,0,0,0,1
106615,0,0,0,0,0,0,0,0,1
106616,0,0,0,0,0,0,0,0,1
106617,0,0,0,0,0,0,0,0,1
106618,0,0,0,0,0,0,0,0,1
106619,0,0,0,0,0,0,0,0,1
106620,0,0,0,0,0,0,0,0,1
106621,0,0,0,0,0,0,0,0,1
106622,0,0,0,0,0,0,0,0,1
106623,0,0,0,0,0,0,0,0,1
106624,0,0,0,0,0,0,0,0,1
106625,0,0,0,0,0,0,0,0,1
106626,0,0,0,0,0,0,0,0,1
106627,0,0,0,0,0,0,0,0,1
106628,0,0,0,0,0,0,0,0,1
106629,0,0,0,0,0,0,0,0,1
106630,0,0,0,0,0,0,0,0,1
106631,0,0,0,0,0,0,0,0,1
106632,0,0,0,0,0,0,0,0,1
106633,0,0,0,0,0,0,0,0,1
106634,0,0,0,0,0,0,0,0,1
106635,0,0,0,0,0,0,0,0,1
106636,0,0,0,0,0,0,0,0,1
106637,0,0,0,0,0,0,0,0,1
106638,0,0,0,0,0,0,0,0,1
106639,0,0,0,0,0,0,0,0,1
106640,0,0,0,0,0,0,0,0,1
106641,0,0,0,0,0,0,0,0,1
106642,0,0,0,0,0,0,0,0,1
106643,0,0,0,0,0,0,0,0,1
106644,0,0,0,0,0,0,0,0,1
106645,0,0,0,0,0,0,0,0,1
106646,0,0,0,0,0,0,0,0,1
106647,0,0,0,0,0,0,0,0,1
106648,0,0,0,0,0,0,0,0,1
106649,0,0,0,0,0,0,0,0,1
106650,0,0,0,0,0,0,0,0,1
106651,0,0,0,0,0,0,0,0,1
106652,0,0,0,0,0,0,0,0,1
106653,0,0,0,0,0,0,0,0,1
106654,0,0,0,0,0,0,0,0,1
106655,0,0,0,0,0,0,0,0,1
106656,0,0,0,0,0,0,0,0,1
106657,0,0,0,0,0,0,0,0,1
106658,0,0,0,0,0,0,0,0,1
106659,0,0,0,0,0,0,0,0,1
106660,0,0,0,0,0,0,0,0,1
106661,0,0,0,0,0,0,0,0,1
106662,0,0,0,0,0,0,0,0,1
106663,0,0,0,0,0,0,0,0,1
106664,0,0,0,0,0,0,0,0,1
106665,0,0,0,0,0,0,0,0,1
106666,0,0,0,0,0,0,0,0,1
106667,0,0,0,0,0,0,0,0,1
106668,0,0,0,0,0,0,0,0,1
106669,0,0,0,0,0,0,0,0,1
106670,0,0,0,0,0,0,0,0,1
106671,0,0,0,0,0,0,0,0,1
106672,0,0,0,0,0,0,0,0,1
106673,0,0,0,0,0,0,0,0,1
106674,0,0,0,0,0,0,0,0,1
106675,0,0,0,0,0,0,0,0,1
106676,0,0,0,0,0,0,0,0,1
106677,0,0,0,0,0,0,0,0,1
106678,0,0,0,0,0,0,0,0,1
106679,0,0,0,0,0,0,0,0,1
106680,0,0,0,0,0,0,0,0,1
106681,0,0,0,0,0,0,0,0,1
106682,0,0,0,0,0,0,0,0,1
106683,0,0,0,0,0,0,0,0,1
106684,0,0,0,0,0,0,0,0,1
106685,0,0,0,0,0,0,0,0,1
106686,0,0,0,0,0,0,0,0,1
106687,0,0,0,0,0,0,0,0,1
106688,0,0,0,0,0,0,0,0,1
106689,0,0,0,0,0,0,0,0,1
106690,0,0,0,0,0,0,0,0,1
106691,0,0,0,0,0,0,0,0,1
106692,0,0,0,0,0,0,0,0,1
106693,0,0,0,0,0,0,0,0,1
106694,0,0,0,0,0,0,0,0,1
106695,0,0,0,0,0,0,0,0,1
106696,0,0,0,0,0,0,0,0,1
106697,0,0,0,0,0,0,0,0,1
106698,0,0,0,0,0,0,0,0,1
106699,0,0,0,0,0,0,0,0,1
106700,0,0,0,0,0,0,0,0,1
106701,0,0,0,0,0,0,0,0,1
106702,0,0,0,0,0,0,0,0,1
106703,0,0,0,0,0,0,0,0,1
106704,0,0,0,0,0,0,0,0,1
106705,0,0,0,0,0,0,0,0,1
106706,0,0,0,0,0,0,0,0,1
106707,0,0,0,0,0,0,0,0,1
106708,0,0,0,0,0,0,0,0,1
106709,0,0,0,0,0,0,0,0,1
106710,0,0,0,0,0,0,0,0,1
106711,0,0,0,0,0,0,0,0,1
106712,0,0,0,0,0,0,0,0,1
106713,0,0,0,0,0,0,0,0,1
106714,0,0,0,0,0,0,0,0,1
106715,0,0,0,0,0,0,0,0,1
106716,0,0,0,0,0,0,0,0,1
106717,0,0,0,0,0,0,0,0,1
106718,0,0,0,0,0,0,0,0,1
106719,0,0,0,0,0,0,0,0,1
106720,0,0,0,0,0,0,0,0,1
106721,0,0,0,0,0,0,0,0,1
106722,0,0,0,0,0,0,0,0,1
106723,0,0,0,0,0,0,0,0,1
106724,0,0,0,0,0,0,0,0,1
106725,0,0,0,0,0,0,0,0,1
106726,0,0,0,0,0,0,0,0,1
106727,0,0,0,0,0,0,0,0,1
106728,0,0,0,0,0,0,0,0,1
106729,0,0,0,0,0,0,0,0,1
106730,0,0,0,0,0,0,0,0,1
106731,0,0,0,0,0,0,0,0,1
106732,0,0,0,0,0,0,0,0,1
106733,0,0,0,0,0,0,0,0,1
106734,0,0,0,0,0,0,0,0,1
106735,0,0,0,0,0,0,0,0,1
106736,0,0,0,0,0,0,0,0,1
106737,0,0,0,0,0,0,0,0,1
106738,0,0,0,0,0,0,0,0,1
106739,0,0,0,0,0,0,0,0,1
106740,0,0,0,0,0,0,0,0,1
106741,0,0,0,0,0,0,0,0,1
106742,0,0,0,0,0,0,0,0,1
106743,0,0,0,0,0,0,0,0,1
106744,0,0,0,0,0,0,0,0,1
106745,0,0,0,0,0,0,0,0,1
106746,0,0,0,0,0,0,0,0,1
106747,0,0,0,0,0,0,0,0,1
106748,0,0,0,0,0,0,0,0,1
106749,0,0,0,0,0,0,0,0,1
106750,0,0,0,0,0,0,0,0,1
106751,0,0,0,0,0,0,0,0,1
106752,0,0,0,0,0,0,0,0,1
106753,0,0,0,0,0,0,0,0,1
106754,0,0,0,0,0,0,0,0,1
106755,0,0,0,0,0,0,0,0,1
106756,0,0,0,0,0,0,0,0,1
106757,0,0,0,0,0,0,0,0,1
106758,0,0,0,0,0,0,0,0,1
106759,0,0,0,0,0,0,0,0,1
106760,0,0,0,0,0,0,0,0,1
106761,0,0,0,0,0,0,0,0,1
106762,0,0,0,0,0,0,0,0,1
106763,0,0,0,0,0,0,0,0,1
106764,0,0,0,0,0,0,0,0,1
106765,0,0,0,0,0,0,0,0,1
106766,0,0,0,0,0,0,0,0,1
106767,0,0,0,0,0,0,0,0,1
106768,0,0,0,0,0,0,0,0,1
106769,0,0,0,0,0,0,0,0,1
106770,0,0,0,0,0,0,0,0,1
106771,0,0,0,0,0,0,0,0,1
106772,0,0,0,0,0,0,0,0,1
106773,0,0,0,0,0,0,0,0,1
106774,0,0,0,0,0,0,0,0,1
106775,0,0,0,0,0,0,0,0,1
106776,0,0,0,0,0,0,0,0,1
106777,0,0,0,0,0,0,0,0,1
106778,0,0,0,0,0,0,0,0,1
106779,0,0,0,0,0,0,0,0,1
106780,0,0,0,0,0,0,0,0,1
106781,0,0,0,0,0,0,0,0,1
106782,0,0,0,0,0,0,0,0,1
106783,0,0,0,0,0,0,0,0,1
106784,0,0,0,0,0,0,0,0,1
106785,0,0,0,0,0,0,0,0,1
106786,0,0,0,0,0,0,0,0,1
106787,0,0,0,0,0,0,0,0,1
106788,0,0,0,0,0,0,0,0,1
106789,0,0,0,0,0,0,0,0,1
106790,0,0,0,0,0,0,0,0,1
106791,0,0,0,0,0,0,0,0,1
106792,0,0,0,0,0,0,0,0,1
106793,0,0,0,0,0,0,0,0,1
106794,0,0,0,0,0,0,0,0,1
106795,0,0,0,0,0,0,0,0,1
106796,0,0,0,0,0,0,0,0,1
106797,0,0,0,0,0,0,0,0,1
106798,0,0,0,0,0,0,0,0,1
106799,0,0,0,0,0,0,0,0,1
106800,0,0,0,0,0,0,0,0,1
106801,0,0,0,0,0,0,0,0,1
106802,0,0,0,0,0,0,0,0,1
106803,0,0,0,0,0,0,0,0,1
106804,0,0,0,0,0,0,0,0,1
106805,0,0,0,0,0,0,0,0,1
106806,0,0,0,0,0,0,0,0,1
106807,0,0,0,0,0,0,0,0,1
106808,0,0,0,0,0,0,0,0,1
106809,0,0,0,0,0,0,0,0,1
106810,0,0,0,0,0,0,0,0,1
106811,0,0,0,0,0,0,0,0,1
106812,0,0,0,0,0,0,0,0,1
106813,0,0,0,0,0,0,0,0,1
106814,0,0,0,0,0,0,0,0,1
106815,0,0,0,0,0,0,0,0,1
106816,0,0,0,0,0,0,0,0,1
106817,0,0,0,0,0,0,0,0,1
106818,0,0,0,0,0,0,0,0,1
106819,0,0,0,0,0,0,0,0,1
106820,0,0,0,0,0,0,0,0,1
106821,0,0,0,0,0,0,0,0,1
106822,0,0,0,0,0,0,0,0,1
106823,0,0,0,0,0,0,0,0,1
106824,0,0,0,0,0,0,0,0,1
106825,0,0,0,0,0,0,0,0,1
106826,0,0,0,0,0,0,0,0,1
106827,0,0,0,0,0,0,0,0,1
106828,0,0,0,0,0,0,0,0,1
106829,0,0,0,0,0,0,0,0,1
106830,0,0,0,0,0,0,0,0,1
106831,0,0,0,0,0,0,0,0,1
106832,0,0,0,0,0,0,0,0,1
106833,0,0,0,0,0,0,0,0,1
106834,0,0,0,0,0,0,0,0,1
106835,0,0,0,0,0,0,0,0,1
106836,0,0,0,0,0,0,0,0,1
106837,0,0,0,0,0,0,0,0,1
106838,0,0,0,0,0,0,0,0,1
106839,0,0,0,0,0,0,0,0,1
106840,0,0,0,0,0,0,0,0,1
106841,0,0,0,0,0,0,0,0,1
106842,0,0,0,0,0,0,0,0,1
106843,0,0,0,0,0,0,0,0,1
106844,0,0,0,0,0,0,0,0,1
106845,0,0,0,0,0,0,0,0,1
106846,0,0,0,0,0,0,0,0,1
106847,0,0,0,0,0,0,0,0,1
106848,0,0,0,0,0,0,0,0,1
106849,0,0,0,0,0,0,0,0,1
106850,0,0,0,0,0,0,0,0,1
106851,0,0,0,0,0,0,0,0,1
106852,0,0,0,0,0,0,0,0,1
106853,0,0,0,0,0,0,0,0,1
106854,0,0,0,0,0,0,0,0,1
106855,0,0,0,0,0,0,0,0,1
106856,0,0,0,0,0,0,0,0,1
106857,0,0,0,0,0,0,0,0,1
106858,0,0,0,0,0,0,0,0,1
106859,0,0,0,0,0,0,0,0,1
106860,0,0,0,0,0,0,0,0,1
106861,0,0,0,0,0,0,0,0,1
106862,0,0,0,0,0,0,0,0,1
106863,0,0,0,0,0,0,0,0,1
106864,0,0,0,0,0,0,0,0,1
106865,0,0,0,0,0,0,0,0,1
106866,0,0,0,0,0,0,0,0,1
106867,0,0,0,0,0,0,0,0,1
106868,0,0,0,0,0,0,0,0,1
106869,0,0,0,0,0,0,0,0,1
106870,0,0,0,0,0,0,0,0,1
106871,0,0,0,0,0,0,0,0,1
106872,0,0,0,0,0,0,0,0,1
106873,0,0,0,0,0,0,0,0,1
106874,0,0,0,0,0,0,0,0,1
106875,0,0,0,0,0,0,0,0,1
106876,0,0,0,0,0,0,0,0,1
106877,0,0,0,0,0,0,0,0,1
106878,0,0,0,0,0,0,0,0,1
106879,0,0,0,0,0,0,0,0,1
106880,0,0,0,0,0,0,0,0,1
106881,0,0,0,0,0,0,0,0,1
106882,0,0,0,0,0,0,0,0,1
106883,0,0,0,0,0,0,0,0,1
106884,0,0,0,0,0,0,0,0,1
106885,0,0,0,0,0,0,0,0,1
106886,0,0,0,0,0,0,0,0,1
106887,0,0,0,0,0,0,0,0,1
106888,0,0,0,0,0,0,0,0,1
106889,0,0,0,0,0,0,0,0,1
106890,0,0,0,0,0,0,0,0,1
106891,0,0,0,0,0,0,0,0,1
106892,0,0,0,0,0,0,0,0,1
106893,0,0,0,0,0,0,0,0,1
106894,0,0,0,0,0,0,0,0,1
106895,0,0,0,0,0,0,0,0,1
106896,0,0,0,0,0,0,0,0,1
106897,0,0,0,0,0,0,0,0,1
106898,0,0,0,0,0,0,0,0,1
106899,0,0,0,0,0,0,0,0,1
106900,0,0,0,0,0,0,0,0,1
106901,0,0,0,0,0,0,0,0,1
106902,0,0,0,0,0,0,0,0,1
106903,0,0,0,0,0,0,0,0,1
106904,0,0,0,0,0,0,0,0,1
106905,0,0,0,0,0,0,0,0,1
106906,0,0,0,0,0,0,0,0,1
106907,0,0,0,0,0,0,0,0,1
106908,0,0,0,0,0,0,0,0,1
106909,0,0,0,0,0,0,0,0,1
106910,0,0,0,0,0,0,0,0,1
106911,0,0,0,0,0,0,0,0,1
106912,0,0,0,0,0,0,0,0,1
106913,0,0,0,0,0,0,0,0,1
106914,0,0,0,0,0,0,0,0,1
106915,0,0,0,0,0,0,0,0,1
106916,0,0,0,0,0,0,0,0,1
106917,0,0,0,0,0,0,0,0,1
106918,0,0,0,0,0,0,0,0,1
106919,0,0,0,0,0,0,0,0,1
106920,0,0,0,0,0,0,0,0,1
106921,0,0,0,0,0,0,0,0,1
106922,0,0,0,0,0,0,0,0,1
106923,0,0,0,0,0,0,0,0,1
106924,0,0,0,0,0,0,0,0,1
106925,0,0,0,0,0,0,0,0,1
106926,0,0,0,0,0,0,0,0,1
106927,0,0,0,0,0,0,0,0,1
106928,0,0,0,0,0,0,0,0,1
106929,0,0,0,0,0,0,0,0,1
106930,0,0,0,0,0,0,0,0,1
106931,0,0,0,0,0,0,0,0,1
106932,0,0,0,0,0,0,0,0,1
106933,0,0,0,0,0,0,0,0,1
106934,0,0,0,0,0,0,0,0,1
106935,0,0,0,0,0,0,0,0,1
106936,0,0,0,0,0,0,0,0,1
106937,0,0,0,0,0,0,0,0,1
106938,0,0,0,0,0,0,0,0,1
106939,0,0,0,0,0,0,0,0,1
106940,0,0,0,0,0,0,0,0,1
106941,0,0,0,0,0,0,0,0,1
106942,0,0,0,0,0,0,0,0,1
106943,0,0,0,0,0,0,0,0,1
106944,0,0,0,0,0,0,0,0,1
106945,0,0,0,0,0,0,0,0,1
106946,0,0,0,0,0,0,0,0,1
106947,0,0,0,0,0,0,0,0,1
106948,0,0,0,0,0,0,0,0,1
106949,0,0,0,0,0,0,0,0,1
106950,0,0,0,0,0,0,0,0,1
106951,0,0,0,0,0,0,0,0,1
106952,0,0,0,0,0,0,0,0,1
106953,0,0,0,0,0,0,0,0,1
106954,0,0,0,0,0,0,0,0,1
106955,0,0,0,0,0,0,0,0,1
106956,0,0,0,0,0,0,0,0,1
106957,0,0,0,0,0,0,0,0,1
106958,0,0,0,0,0,0,0,0,1
106959,0,0,0,0,0,0,0,0,1
106960,0,0,0,0,0,0,0,0,1
106961,0,0,0,0,0,0,0,0,1
106962,0,0,0,0,0,0,0,0,1
106963,0,0,0,0,0,0,0,0,1
106964,0,0,0,0,0,0,0,0,1
106965,0,0,0,0,0,0,0,0,1
106966,0,0,0,0,0,0,0,0,1
106967,0,0,0,0,0,0,0,0,1
106968,0,0,0,0,0,0,0,0,1
106969,0,0,0,0,0,0,0,0,1
106970,0,0,0,0,0,0,0,0,1
106971,0,0,0,0,0,0,0,0,1
106972,0,0,0,0,0,0,0,0,1
106973,0,0,0,0,0,0,0,0,1
106974,0,0,0,0,0,0,0,0,1
106975,0,0,0,0,0,0,0,0,1
106976,0,0,0,0,0,0,0,0,1
106977,0,0,0,0,0,0,0,0,1
106978,0,0,0,0,0,0,0,0,1
106979,0,0,0,0,0,0,0,0,1
106980,0,0,0,0,0,0,0,0,1
106981,0,0,0,0,0,0,0,0,1
106982,0,0,0,0,0,0,0,0,1
106983,0,0,0,0,0,0,0,0,1
106984,0,0,0,0,0,0,0,0,1
106985,0,0,0,0,0,0,0,0,1
106986,0,0,0,0,0,0,0,0,1
106987,0,0,0,0,0,0,0,0,1
106988,0,0,0,0,0,0,0,0,1
106989,0,0,0,0,0,0,0,0,1
106990,0,0,0,0,0,0,0,0,1
106991,0,0,0,0,0,0,0,0,1
106992,0,0,0,0,0,0,0,0,1
106993,0,0,0,0,0,0,0,0,1
106994,0,0,0,0,0,0,0,0,1
106995,0,0,0,0,0,0,0,0,1
106996,0,0,0,0,0,0,0,0,1
106997,0,0,0,0,0,0,0,0,1
106998,0,0,0,0,0,0,0,0,1
106999,0,0,0,0,0,0,0,0,1
107000,0,0,0,0,0,0,0,0,1
107001,0,0,0,0,0,0,0,0,1
107002,0,0,0,0,0,0,0,0,1
107003,0,0,0,0,0,0,0,0,1
107004,0,0,0,0,0,0,0,0,1
107005,0,0,0,0,0,0,0,0,1
107006,0,0,0,0,0,0,0,0,1
107007,0,0,0,0,0,0,0,0,1
107008,0,0,0,0,0,0,0,0,1
107009,0,0,0,0,0,0,0,0,1
107010,0,0,0,0,0,0,0,0,1
107011,0,0,0,0,0,0,0,0,1
107012,0,0,0,0,0,0,0,0,1
107013,0,0,0,0,0,0,0,0,1
107014,0,0,0,0,0,0,0,0,1
107015,0,0,0,0,0,0,0,0,1
107016,0,0,0,0,0,0,0,0,1
107017,0,0,0,0,0,0,0,0,1
107018,0,0,0,0,0,0,0,0,1
107019,0,0,0,0,0,0,0,0,1
107020,0,0,0,0,0,0,0,0,1
107021,0,0,0,0,0,0,0,0,1
107022,0,0,0,0,0,0,0,0,1
107023,0,0,0,0,0,0,0,0,1
107024,0,0,0,0,0,0,0,0,1
107025,0,0,0,0,0,0,0,0,1
107026,0,0,0,0,0,0,0,0,1
107027,0,0,0,0,0,0,0,0,1
107028,0,0,0,0,0,0,0,0,1
107029,0,0,0,0,0,0,0,0,1
107030,0,0,0,0,0,0,0,0,1
107031,0,0,0,0,0,0,0,0,1
107032,0,0,0,0,0,0,0,0,1
107033,0,0,0,0,0,0,0,0,1
107034,0,0,0,0,0,0,0,0,1
107035,0,0,0,0,0,0,0,0,1
107036,0,0,0,0,0,0,0,0,1
107037,0,0,0,0,0,0,0,0,1
107038,0,0,0,0,0,0,0,0,1
107039,0,0,0,0,0,0,0,0,1
107040,0,0,0,0,0,0,0,0,1
107041,0,0,0,0,0,0,0,0,1
107042,0,0,0,0,0,0,0,0,1
107043,0,0,0,0,0,0,0,0,1
107044,0,0,0,0,0,0,0,0,1
107045,0,0,0,0,0,0,0,0,1
107046,0,0,0,0,0,0,0,0,1
107047,0,0,0,0,0,0,0,0,1
107048,0,0,0,0,0,0,0,0,1
107049,0,0,0,0,0,0,0,0,1
107050,0,0,0,0,0,0,0,0,1
107051,0,0,0,0,0,0,0,0,1
107052,0,0,0,0,0,0,0,0,1
107053,0,0,0,0,0,0,0,0,1
107054,0,0,0,0,0,0,0,0,1
107055,0,0,0,0,0,0,0,0,1
107056,0,0,0,0,0,0,0,0,1
107057,0,0,0,0,0,0,0,0,1
107058,0,0,0,0,0,0,0,0,1
107059,0,0,0,0,0,0,0,0,1
107060,0,0,0,0,0,0,0,0,1
107061,0,0,0,0,0,0,0,0,1
107062,0,0,0,0,0,0,0,0,1
107063,0,0,0,0,0,0,0,0,1
107064,0,0,0,0,0,0,0,0,1
107065,0,0,0,0,0,0,0,0,1
107066,0,0,0,0,0,0,0,0,1
107067,0,0,0,0,0,0,0,0,1
107068,0,0,0,0,0,0,0,0,1
107069,0,0,0,0,0,0,0,0,1
107070,0,0,0,0,0,0,0,0,1
107071,0,0,0,0,0,0,0,0,1
107072,0,0,0,0,0,0,0,0,1
107073,0,0,0,0,0,0,0,0,1
107074,0,0,0,0,0,0,0,0,1
107075,0,0,0,0,0,0,0,0,1
107076,0,0,0,0,0,0,0,0,1
107077,0,0,0,0,0,0,0,0,1
107078,0,0,0,0,0,0,0,0,1
107079,0,0,0,0,0,0,0,0,1
107080,0,0,0,0,0,0,0,0,1
107081,0,0,0,0,0,0,0,0,1
107082,0,0,0,0,0,0,0,0,1
107083,0,0,0,0,0,0,0,0,1
107084,0,0,0,0,0,0,0,0,1
107085,0,0,0,0,0,0,0,0,1
107086,0,0,0,0,0,0,0,0,1
107087,0,0,0,0,0,0,0,0,1
107088,0,0,0,0,0,0,0,0,1
107089,0,0,0,0,0,0,0,0,1
107090,0,0,0,0,0,0,0,0,1
107091,0,0,0,0,0,0,0,0,1
107092,0,0,0,0,0,0,0,0,1
107093,0,0,0,0,0,0,0,0,1
107094,0,0,0,0,0,0,0,0,1
107095,0,0,0,0,0,0,0,0,1
107096,0,0,0,0,0,0,0,0,1
107097,0,0,0,0,0,0,0,0,1
107098,0,0,0,0,0,0,0,0,1
107099,0,0,0,0,0,0,0,0,1
107100,0,0,0,0,0,0,0,0,1
107101,0,0,0,0,0,0,0,0,1
107102,0,0,0,0,0,0,0,0,1
107103,0,0,0,0,0,0,0,0,1
107104,0,0,0,0,0,0,0,0,1
107105,0,0,0,0,0,0,0,0,1
107106,0,0,0,0,0,0,0,0,1
107107,0,0,0,0,0,0,0,0,1
107108,0,0,0,0,0,0,0,0,1
107109,0,0,0,0,0,0,0,0,1
107110,0,0,0,0,0,0,0,0,1
107111,0,0,0,0,0,0,0,0,1
107112,0,0,0,0,0,0,0,0,1
107113,0,0,0,0,0,0,0,0,1
107114,0,0,0,0,0,0,0,0,1
107115,0,0,0,0,0,0,0,0,1
107116,0,0,0,0,0,0,0,0,1
107117,0,0,0,0,0,0,0,0,1
107118,0,0,0,0,0,0,0,0,1
107119,0,0,0,0,0,0,0,0,1
107120,0,0,0,0,0,0,0,0,1
107121,0,0,0,0,0,0,0,0,1
107122,0,0,0,0,0,0,0,0,1
107123,0,0,0,0,0,0,0,0,1
107124,0,0,0,0,0,0,0,0,1
107125,0,0,0,0,0,0,0,0,1
107126,0,0,0,0,0,0,0,0,1
107127,0,0,0,0,0,0,0,0,1
107128,0,0,0,0,0,0,0,0,1
107129,0,0,0,0,0,0,0,0,1
107130,0,0,0,0,0,0,0,0,1
107131,0,0,0,0,0,0,0,0,1
107132,0,0,0,0,0,0,0,0,1
107133,0,0,0,0,0,0,0,0,1
107134,0,0,0,0,0,0,0,0,1
107135,0,0,0,0,0,0,0,0,1
107136,0,0,0,0,0,0,0,0,1
107137,0,0,0,0,0,0,0,0,1
107138,0,0,0,0,0,0,0,0,1
107139,0,0,0,0,0,0,0,0,1
107140,0,0,0,0,0,0,0,0,1
107141,0,0,0,0,0,0,0,0,1
107142,0,0,0,0,0,0,0,0,1
107143,0,0,0,0,0,0,0,0,1
107144,0,0,0,0,0,0,0,0,1
107145,0,0,0,0,0,0,0,0,1
107146,0,0,0,0,0,0,0,0,1
107147,0,0,0,0,0,0,0,0,1
107148,0,0,0,0,0,0,0,0,1
107149,0,0,0,0,0,0,0,0,1
107150,0,0,0,0,0,0,0,0,1
107151,0,0,0,0,0,0,0,0,1
107152,0,0,0,0,0,0,0,0,1
107153,0,0,0,0,0,0,0,0,1
107154,0,0,0,0,0,0,0,0,1
107155,0,0,0,0,0,0,0,0,1
107156,0,0,0,0,0,0,0,0,1
107157,0,0,0,0,0,0,0,0,1
107158,0,0,0,0,0,0,0,0,1
107159,0,0,0,0,0,0,0,0,1
107160,0,0,0,0,0,0,0,0,1
107161,0,0,0,0,0,0,0,0,1
107162,0,0,0,0,0,0,0,0,1
107163,0,0,0,0,0,0,0,0,1
107164,0,0,0,0,0,0,0,0,1
107165,0,0,0,0,0,0,0,0,1
107166,0,0,0,0,0,0,0,0,1
107167,0,0,0,0,0,0,0,0,1
107168,0,0,0,0,0,0,0,0,1
107169,0,0,0,0,0,0,0,0,1
107170,0,0,0,0,0,0,0,0,1
107171,0,0,0,0,0,0,0,0,1
107172,0,0,0,0,0,0,0,0,1
107173,0,0,0,0,0,0,0,0,1
107174,0,0,0,0,0,0,0,0,1
107175,0,0,0,0,0,0,0,0,1
107176,0,0,0,0,0,0,0,0,1
107177,0,0,0,0,0,0,0,0,1
107178,0,0,0,0,0,0,0,0,1
107179,0,0,0,0,0,0,0,0,1
107180,0,0,0,0,0,0,0,0,1
107181,0,0,0,0,0,0,0,0,1
107182,0,0,0,0,0,0,0,0,1
107183,0,0,0,0,0,0,0,0,1
107184,0,0,0,0,0,0,0,0,1
107185,0,0,0,0,0,0,0,0,1
107186,0,0,0,0,0,0,0,0,1
107187,0,0,0,0,0,0,0,0,1
107188,0,0,0,0,0,0,0,0,1
107189,0,0,0,0,0,0,0,0,1
107190,0,0,0,0,0,0,0,0,1
107191,0,0,0,0,0,0,0,0,1
107192,0,0,0,0,0,0,0,0,1
107193,0,0,0,0,0,0,0,0,1
107194,0,0,0,0,0,0,0,0,1
107195,0,0,0,0,0,0,0,0,1
107196,0,0,0,0,0,0,0,0,1
107197,0,0,0,0,0,0,0,0,1
107198,0,0,0,0,0,0,0,0,1
107199,0,0,0,0,0,0,0,0,1
107200,0,0,0,0,0,0,0,0,1
107201,0,0,0,0,0,0,0,0,1
107202,0,0,0,0,0,0,0,0,1
107203,0,0,0,0,0,0,0,0,1
107204,0,0,0,0,0,0,0,0,1
107205,0,0,0,0,0,0,0,0,1
107206,0,0,0,0,0,0,0,0,1
107207,0,0,0,0,0,0,0,0,1
107208,0,0,0,0,0,0,0,0,1
107209,0,0,0,0,0,0,0,0,1
107210,0,0,0,0,0,0,0,0,1
107211,0,0,0,0,0,0,0,0,1
107212,0,0,0,0,0,0,0,0,1
107213,0,0,0,0,0,0,0,0,1
107214,0,0,0,0,0,0,0,0,1
107215,0,0,0,0,0,0,0,0,1
107216,0,0,0,0,0,0,0,0,1
107217,0,0,0,0,0,0,0,0,1
107218,0,0,0,0,0,0,0,0,1
107219,0,0,0,0,0,0,0,0,1
107220,0,0,0,0,0,0,0,0,1
107221,0,0,0,0,0,0,0,0,1
107222,0,0,0,0,0,0,0,0,1
107223,0,0,0,0,0,0,0,0,1
107224,0,0,0,0,0,0,0,0,1
107225,0,0,0,0,0,0,0,0,1
107226,0,0,0,0,0,0,0,0,1
107227,0,0,0,0,0,0,0,0,1
107228,0,0,0,0,0,0,0,0,1
107229,0,0,0,0,0,0,0,0,1
107230,0,0,0,0,0,0,0,0,1
107231,0,0,0,0,0,0,0,0,1
107232,0,0,0,0,0,0,0,0,1
107233,0,0,0,0,0,0,0,0,1
107234,0,0,0,0,0,0,0,0,1
107235,0,0,0,0,0,0,0,0,1
107236,0,0,0,0,0,0,0,0,1
107237,0,0,0,0,0,0,0,0,1
107238,0,0,0,0,0,0,0,0,1
107239,0,0,0,0,0,0,0,0,1
107240,0,0,0,0,0,0,0,0,1
107241,0,0,0,0,0,0,0,0,1
107242,0,0,0,0,0,0,0,0,1
107243,0,0,0,0,0,0,0,0,1
107244,0,0,0,0,0,0,0,0,1
107245,0,0,0,0,0,0,0,0,1
107246,0,0,0,0,0,0,0,0,1
107247,0,0,0,0,0,0,0,0,1
107248,0,0,0,0,0,0,0,0,1
107249,0,0,0,0,0,0,0,0,1
107250,0,0,0,0,0,0,0,0,1
107251,0,0,0,0,0,0,0,0,1
107252,0,0,0,0,0,0,0,0,1
107253,0,0,0,0,0,0,0,0,1
107254,0,0,0,0,0,0,0,0,1
107255,0,0,0,0,0,0,0,0,1
107256,0,0,0,0,0,0,0,0,1
107257,0,0,0,0,0,0,0,0,1
107258,0,0,0,0,0,0,0,0,1
107259,0,0,0,0,0,0,0,0,1
107260,0,0,0,0,0,0,0,0,1
107261,0,0,0,0,0,0,0,0,1
107262,0,0,0,0,0,0,0,0,1
107263,0,0,0,0,0,0,0,0,1
107264,0,0,0,0,0,0,0,0,1
107265,0,0,0,0,0,0,0,0,1
107266,0,0,0,0,0,0,0,0,1
107267,0,0,0,0,0,0,0,0,1
107268,0,0,0,0,0,0,0,0,1
107269,0,0,0,0,0,0,0,0,1
107270,0,0,0,0,0,0,0,0,1
107271,0,0,0,0,0,0,0,0,1
107272,0,0,0,0,0,0,0,0,1
107273,0,0,0,0,0,0,0,0,1
107274,0,0,0,0,0,0,0,0,1
107275,0,0,0,0,0,0,0,0,1
107276,0,0,0,0,0,0,0,0,1
107277,0,0,0,0,0,0,0,0,1
107278,0,0,0,0,0,0,0,0,1
107279,0,0,0,0,0,0,0,0,1
107280,0,0,0,0,0,0,0,0,1
107281,0,0,0,0,0,0,0,0,1
107282,0,0,0,0,0,0,0,0,1
107283,0,0,0,0,0,0,0,0,1
107284,0,0,0,0,0,0,0,0,1
107285,0,0,0,0,0,0,0,0,1
107286,0,0,0,0,0,0,0,0,1
107287,0,0,0,0,0,0,0,0,1
107288,0,0,0,0,0,0,0,0,1
107289,0,0,0,0,0,0,0,0,1
107290,0,0,0,0,0,0,0,0,1
107291,0,0,0,0,0,0,0,0,1
107292,0,0,0,0,0,0,0,0,1
107293,0,0,0,0,0,0,0,0,1
107294,0,0,0,0,0,0,0,0,1
107295,0,0,0,0,0,0,0,0,1
107296,0,0,0,0,0,0,0,0,1
107297,0,0,0,0,0,0,0,0,1
107298,0,0,0,0,0,0,0,0,1
107299,0,0,0,0,0,0,0,0,1
107300,0,0,0,0,0,0,0,0,1
107301,0,0,0,0,0,0,0,0,1
107302,0,0,0,0,0,0,0,0,1
107303,0,0,0,0,0,0,0,0,1
107304,0,0,0,0,0,0,0,0,1
107305,0,0,0,0,0,0,0,0,1
107306,0,0,0,0,0,0,0,0,1
107307,0,0,0,0,0,0,0,0,1
107308,0,0,0,0,0,0,0,0,1
107309,0,0,0,0,0,0,0,0,1
107310,0,0,0,0,0,0,0,0,1
107311,0,0,0,0,0,0,0,0,1
107312,0,0,0,0,0,0,0,0,1
107313,0,0,0,0,0,0,0,0,1
107314,0,0,0,0,0,0,0,0,1
107315,0,0,0,0,0,0,0,0,1
107316,0,0,0,0,0,0,0,0,1
107317,0,0,0,0,0,0,0,0,1
107318,0,0,0,0,0,0,0,0,1
107319,0,0,0,0,0,0,0,0,1
107320,0,0,0,0,0,0,0,0,1
107321,0,0,0,0,0,0,0,0,1
107322,0,0,0,0,0,0,0,0,1
107323,0,0,0,0,0,0,0,0,1
107324,0,0,0,0,0,0,0,0,1
107325,0,0,0,0,0,0,0,0,1
107326,0,0,0,0,0,0,0,0,1
107327,0,0,0,0,0,0,0,0,1
107328,0,0,0,0,0,0,0,0,1
107329,0,0,0,0,0,0,0,0,1
107330,0,0,0,0,0,0,0,0,1
107331,0,0,0,0,0,0,0,0,1
107332,0,0,0,0,0,0,0,0,1
107333,0,0,0,0,0,0,0,0,1
107334,0,0,0,0,0,0,0,0,1
107335,0,0,0,0,0,0,0,0,1
107336,0,0,0,0,0,0,0,0,1
107337,0,0,0,0,0,0,0,0,1
107338,0,0,0,0,0,0,0,0,1
107339,0,0,0,0,0,0,0,0,1
107340,0,0,0,0,0,0,0,0,1
107341,0,0,0,0,0,0,0,0,1
107342,0,0,0,0,0,0,0,0,1
107343,0,0,0,0,0,0,0,0,1
107344,0,0,0,0,0,0,0,0,1
107345,0,0,0,0,0,0,0,0,1
107346,0,0,0,0,0,0,0,0,1
107347,0,0,0,0,0,0,0,0,1
107348,0,0,0,0,0,0,0,0,1
107349,0,0,0,0,0,0,0,0,1
107350,0,0,0,0,0,0,0,0,1
107351,0,0,0,0,0,0,0,0,1
107352,0,0,0,0,0,0,0,0,1
107353,0,0,0,0,0,0,0,0,1
107354,0,0,0,0,0,0,0,0,1
107355,0,0,0,0,0,0,0,0,1
107356,0,0,0,0,0,0,0,0,1
107357,0,0,0,0,0,0,0,0,1
107358,0,0,0,0,0,0,0,0,1
107359,0,0,0,0,0,0,0,0,1
107360,0,0,0,0,0,0,0,0,1
107361,0,0,0,0,0,0,0,0,1
107362,0,0,0,0,0,0,0,0,1
107363,0,0,0,0,0,0,0,0,1
107364,0,0,0,0,0,0,0,0,1
107365,0,0,0,0,0,0,0,0,1
107366,0,0,0,0,0,0,0,0,1
107367,0,0,0,0,0,0,0,0,1
107368,0,0,0,0,0,0,0,0,1
107369,0,0,0,0,0,0,0,0,1
107370,0,0,0,0,0,0,0,0,1
107371,0,0,0,0,0,0,0,0,1
107372,0,0,0,0,0,0,0,0,1
107373,0,0,0,0,0,0,0,0,1
107374,0,0,0,0,0,0,0,0,1
107375,0,0,0,0,0,0,0,0,1
107376,0,0,0,0,0,0,0,0,1
107377,0,0,0,0,0,0,0,0,1
107378,0,0,0,0,0,0,0,0,1
107379,0,0,0,0,0,0,0,0,1
107380,0,0,0,0,0,0,0,0,1
107381,0,0,0,0,0,0,0,0,1
107382,0,0,0,0,0,0,0,0,1
107383,0,0,0,0,0,0,0,0,1
107384,0,0,0,0,0,0,0,0,1
107385,0,0,0,0,0,0,0,0,1
107386,0,0,0,0,0,0,0,0,1
107387,0,0,0,0,0,0,0,0,1
107388,0,0,0,0,0,0,0,0,1
107389,0,0,0,0,0,0,0,0,1
107390,0,0,0,0,0,0,0,0,1
107391,0,0,0,0,0,0,0,0,1
107392,0,0,0,0,0,0,0,0,1
107393,0,0,0,0,0,0,0,0,1
107394,0,0,0,0,0,0,0,0,1
107395,0,0,0,0,0,0,0,0,1
107396,0,0,0,0,0,0,0,0,1
107397,0,0,0,0,0,0,0,0,1
107398,0,0,0,0,0,0,0,0,1
107399,0,0,0,0,0,0,0,0,1
107400,0,0,0,0,0,0,0,0,1
107401,0,0,0,0,0,0,0,0,1
107402,0,0,0,0,0,0,0,0,1
107403,0,0,0,0,0,0,0,0,1
107404,0,0,0,0,0,0,0,0,1
107405,0,0,0,0,0,0,0,0,1
107406,0,0,0,0,0,0,0,0,1
107407,0,0,0,0,0,0,0,0,1
107408,0,0,0,0,0,0,0,0,1
107409,0,0,0,0,0,0,0,0,1
107410,0,0,0,0,0,0,0,0,1
107411,0,0,0,0,0,0,0,0,1
107412,0,0,0,0,0,0,0,0,1
107413,0,0,0,0,0,0,0,0,1
107414,0,0,0,0,0,0,0,0,1
107415,0,0,0,0,0,0,0,0,1
107416,0,0,0,0,0,0,0,0,1
107417,0,0,0,0,0,0,0,0,1
107418,0,0,0,0,0,0,0,0,1
107419,0,0,0,0,0,0,0,0,1
107420,0,0,0,0,0,0,0,0,1
107421,0,0,0,0,0,0,0,0,1
107422,0,0,0,0,0,0,0,0,1
107423,0,0,0,0,0,0,0,0,1
107424,0,0,0,0,0,0,0,0,1
107425,0,0,0,0,0,0,0,0,1
107426,0,0,0,0,0,0,0,0,1
107427,0,0,0,0,0,0,0,0,1
107428,0,0,0,0,0,0,0,0,1
107429,0,0,0,0,0,0,0,0,1
107430,0,0,0,0,0,0,0,0,1
107431,0,0,0,0,0,0,0,0,1
107432,0,0,0,0,0,0,0,0,1
107433,0,0,0,0,0,0,0,0,1
107434,0,0,0,0,0,0,0,0,1
107435,0,0,0,0,0,0,0,0,1
107436,0,0,0,0,0,0,0,0,1
107437,0,0,0,0,0,0,0,0,1
107438,0,0,0,0,0,0,0,0,1
107439,0,0,0,0,0,0,0,0,1
107440,0,0,0,0,0,0,0,0,1
107441,0,0,0,0,0,0,0,0,1
107442,0,0,0,0,0,0,0,0,1
107443,0,0,0,0,0,0,0,0,1
107444,0,0,0,0,0,0,0,0,1
107445,0,0,0,0,0,0,0,0,1
107446,0,0,0,0,0,0,0,0,1
107447,0,0,0,0,0,0,0,0,1
107448,0,0,0,0,0,0,0,0,1
107449,0,0,0,0,0,0,0,0,1
107450,0,0,0,0,0,0,0,0,1
107451,0,0,0,0,0,0,0,0,1
107452,0,0,0,0,0,0,0,0,1
107453,0,0,0,0,0,0,0,0,1
107454,0,0,0,0,0,0,0,0,1
107455,0,0,0,0,0,0,0,0,1
107456,0,0,0,0,0,0,0,0,1
107457,0,0,0,0,0,0,0,0,1
107458,0,0,0,0,0,0,0,0,1
107459,0,0,0,0,0,0,0,0,1
107460,0,0,0,0,0,0,0,0,1
107461,0,0,0,0,0,0,0,0,1
107462,0,0,0,0,0,0,0,0,1
107463,0,0,0,0,0,0,0,0,1
107464,0,0,0,0,0,0,0,0,1
107465,0,0,0,0,0,0,0,0,1
107466,0,0,0,0,0,0,0,0,1
107467,0,0,0,0,0,0,0,0,1
107468,0,0,0,0,0,0,0,0,1
107469,0,0,0,0,0,0,0,0,1
107470,0,0,0,0,0,0,0,0,1
107471,0,0,0,0,0,0,0,0,1
107472,0,0,0,0,0,0,0,0,1
107473,0,0,0,0,0,0,0,0,1
107474,0,0,0,0,0,0,0,0,1
107475,0,0,0,0,0,0,0,0,1
107476,0,0,0,0,0,0,0,0,1
107477,0,0,0,0,0,0,0,0,1
107478,0,0,0,0,0,0,0,0,1
107479,0,0,0,0,0,0,0,0,1
107480,0,0,0,0,0,0,0,0,1
107481,0,0,0,0,0,0,0,0,1
107482,0,0,0,0,0,0,0,0,1
107483,0,0,0,0,0,0,0,0,1
107484,0,0,0,0,0,0,0,0,1
107485,0,0,0,0,0,0,0,0,1
107486,0,0,0,0,0,0,0,0,1
107487,0,0,0,0,0,0,0,0,1
107488,0,0,0,0,0,0,0,0,1
107489,0,0,0,0,0,0,0,0,1
107490,0,0,0,0,0,0,0,0,1
107491,0,0,0,0,0,0,0,0,1
107492,0,0,0,0,0,0,0,0,1
107493,0,0,0,0,0,0,0,0,1
107494,0,0,0,0,0,0,0,0,1
107495,0,0,0,0,0,0,0,0,1
107496,0,0,0,0,0,0,0,0,1
107497,0,0,0,0,0,0,0,0,1
107498,0,0,0,0,0,0,0,0,1
107499,0,0,0,0,0,0,0,0,1
107500,0,0,0,0,0,0,0,0,1
107501,0,0,0,0,0,0,0,0,1
107502,0,0,0,0,0,0,0,0,1
107503,0,0,0,0,0,0,0,0,1
107504,0,0,0,0,0,0,0,0,1
107505,0,0,0,0,0,0,0,0,1
107506,0,0,0,0,0,0,0,0,1
107507,0,0,0,0,0,0,0,0,1
107508,0,0,0,0,0,0,0,0,1
107509,0,0,0,0,0,0,0,0,1
107510,0,0,0,0,0,0,0,0,1
107511,0,0,0,0,0,0,0,0,1
107512,0,0,0,0,0,0,0,0,1
107513,0,0,0,0,0,0,0,0,1
107514,0,0,0,0,0,0,0,0,1
107515,0,0,0,0,0,0,0,0,1
107516,0,0,0,0,0,0,0,0,1
107517,0,0,0,0,0,0,0,0,1
107518,0,0,0,0,0,0,0,0,1
107519,0,0,0,0,0,0,0,0,1
107520,0,0,0,0,0,0,0,0,1
107521,0,0,0,0,0,0,0,0,1
107522,0,0,0,0,0,0,0,0,1
107523,0,0,0,0,0,0,0,0,1
107524,0,0,0,0,0,0,0,0,1
107525,0,0,0,0,0,0,0,0,1
107526,0,0,0,0,0,0,0,0,1
107527,0,0,0,0,0,0,0,0,1
107528,0,0,0,0,0,0,0,0,1
107529,0,0,0,0,0,0,0,0,1
107530,0,0,0,0,0,0,0,0,1
107531,0,0,0,0,0,0,0,0,1
107532,0,0,0,0,0,0,0,0,1
107533,0,0,0,0,0,0,0,0,1
107534,0,0,0,0,0,0,0,0,1
107535,0,0,0,0,0,0,0,0,1
107536,0,0,0,0,0,0,0,0,1
107537,0,0,0,0,0,0,0,0,1
107538,0,0,0,0,0,0,0,0,1
107539,0,0,0,0,0,0,0,0,1
107540,0,0,0,0,0,0,0,0,1
107541,0,0,0,0,0,0,0,0,1
107542,0,0,0,0,0,0,0,0,1
107543,0,0,0,0,0,0,0,0,1
107544,0,0,0,0,0,0,0,0,1
107545,0,0,0,0,0,0,0,0,1
107546,0,0,0,0,0,0,0,0,1
107547,0,0,0,0,0,0,0,0,1
107548,0,0,0,0,0,0,0,0,1
107549,0,0,0,0,0,0,0,0,1
107550,0,0,0,0,0,0,0,0,1
107551,0,0,0,0,0,0,0,0,1
107552,0,0,0,0,0,0,0,0,1
107553,0,0,0,0,0,0,0,0,1
107554,0,0,0,0,0,0,0,0,1
107555,0,0,0,0,0,0,0,0,1
107556,0,0,0,0,0,0,0,0,1
107557,0,0,0,0,0,0,0,0,1
107558,0,0,0,0,0,0,0,0,1
107559,0,0,0,0,0,0,0,0,1
107560,0,0,0,0,0,0,0,0,1
107561,0,0,0,0,0,0,0,0,1
107562,0,0,0,0,0,0,0,0,1
107563,0,0,0,0,0,0,0,0,1
107564,0,0,0,0,0,0,0,0,1
107565,0,0,0,0,0,0,0,0,1
107566,0,0,0,0,0,0,0,0,1
107567,0,0,0,0,0,0,0,0,1
107568,0,0,0,0,0,0,0,0,1
107569,0,0,0,0,0,0,0,0,1
107570,0,0,0,0,0,0,0,0,1
107571,0,0,0,0,0,0,0,0,1
107572,0,0,0,0,0,0,0,0,1
107573,0,0,0,0,0,0,0,0,1
107574,0,0,0,0,0,0,0,0,1
107575,0,0,0,0,0,0,0,0,1
107576,0,0,0,0,0,0,0,0,1
107577,0,0,0,0,0,0,0,0,1
107578,0,0,0,0,0,0,0,0,1
107579,0,0,0,0,0,0,0,0,1
107580,0,0,0,0,0,0,0,0,1
107581,0,0,0,0,0,0,0,0,1
107582,0,0,0,0,0,0,0,0,1
107583,0,0,0,0,0,0,0,0,1
107584,0,0,0,0,0,0,0,0,1
107585,0,0,0,0,0,0,0,0,1
107586,0,0,0,0,0,0,0,0,1
107587,0,0,0,0,0,0,0,0,1
107588,0,0,0,0,0,0,0,0,1
107589,0,0,0,0,0,0,0,0,1
107590,0,0,0,0,0,0,0,0,1
107591,0,0,0,0,0,0,0,0,1
107592,0,0,0,0,0,0,0,0,1
107593,0,0,0,0,0,0,0,0,1
107594,0,0,0,0,0,0,0,0,1
107595,0,0,0,0,0,0,0,0,1
107596,0,0,0,0,0,0,0,0,1
107597,0,0,0,0,0,0,0,0,1
107598,0,0,0,0,0,0,0,0,1
107599,0,0,0,0,0,0,0,0,1
107600,0,0,0,0,0,0,0,0,1
107601,0,0,0,0,0,0,0,0,1
107602,0,0,0,0,0,0,0,0,1
107603,0,0,0,0,0,0,0,0,1
107604,0,0,0,0,0,0,0,0,1
107605,0,0,0,0,0,0,0,0,1
107606,0,0,0,0,0,0,0,0,1
107607,0,0,0,0,0,0,0,0,1
107608,0,0,0,0,0,0,0,0,1
107609,0,0,0,0,0,0,0,0,1
107610,0,0,0,0,0,0,0,0,1
107611,0,0,0,0,0,0,0,0,1
107612,0,0,0,0,0,0,0,0,1
107613,0,0,0,0,0,0,0,0,1
107614,0,0,0,0,0,0,0,0,1
107615,0,0,0,0,0,0,0,0,1
107616,0,0,0,0,0,0,0,0,1
107617,0,0,0,0,0,0,0,0,1
107618,0,0,0,0,0,0,0,0,1
107619,0,0,0,0,0,0,0,0,1
107620,0,0,0,0,0,0,0,0,1
107621,0,0,0,0,0,0,0,0,1
107622,0,0,0,0,0,0,0,0,1
107623,0,0,0,0,0,0,0,0,1
107624,0,0,0,0,0,0,0,0,1
107625,0,0,0,0,0,0,0,0,1
107626,0,0,0,0,0,0,0,0,1
107627,0,0,0,0,0,0,0,0,1
107628,0,0,0,0,0,0,0,0,1
107629,0,0,0,0,0,0,0,0,1
107630,0,0,0,0,0,0,0,0,1
107631,0,0,0,0,0,0,0,0,1
107632,0,0,0,0,0,0,0,0,1
107633,0,0,0,0,0,0,0,0,1
107634,0,0,0,0,0,0,0,0,1
107635,0,0,0,0,0,0,0,0,1
107636,0,0,0,0,0,0,0,0,1
107637,0,0,0,0,0,0,0,0,1
107638,0,0,0,0,0,0,0,0,1
107639,0,0,0,0,0,0,0,0,1
107640,0,0,0,0,0,0,0,0,1
107641,0,0,0,0,0,0,0,0,1
107642,0,0,0,0,0,0,0,0,1
107643,0,0,0,0,0,0,0,0,1
107644,0,0,0,0,0,0,0,0,1
107645,0,0,0,0,0,0,0,0,1
107646,0,0,0,0,0,0,0,0,1
107647,0,0,0,0,0,0,0,0,1
107648,0,0,0,0,0,0,0,0,1
107649,0,0,0,0,0,0,0,0,1
107650,0,0,0,0,0,0,0,0,1
107651,0,0,0,0,0,0,0,0,1
107652,0,0,0,0,0,0,0,0,1
107653,0,0,0,0,0,0,0,0,1
107654,0,0,0,0,0,0,0,0,1
107655,0,0,0,0,0,0,0,0,1
107656,0,0,0,0,0,0,0,0,1
107657,0,0,0,0,0,0,0,0,1
107658,0,0,0,0,0,0,0,0,1
107659,0,0,0,0,0,0,0,0,1
107660,0,0,0,0,0,0,0,0,1
107661,0,0,0,0,0,0,0,0,1
107662,0,0,0,0,0,0,0,0,1
107663,0,0,0,0,0,0,0,0,1
107664,0,0,0,0,0,0,0,0,1
107665,0,0,0,0,0,0,0,0,1
107666,0,0,0,0,0,0,0,0,1
107667,0,0,0,0,0,0,0,0,1
107668,0,0,0,0,0,0,0,0,1
107669,0,0,0,0,0,0,0,0,1
107670,0,0,0,0,0,0,0,0,1
107671,0,0,0,0,0,0,0,0,1
107672,0,0,0,0,0,0,0,0,1
107673,0,0,0,0,0,0,0,0,1
107674,0,0,0,0,0,0,0,0,1
107675,0,0,0,0,0,0,0,0,1
107676,0,0,0,0,0,0,0,0,1
107677,0,0,0,0,0,0,0,0,1
107678,0,0,0,0,0,0,0,0,1
107679,0,0,0,0,0,0,0,0,1
107680,0,0,0,0,0,0,0,0,1
107681,0,0,0,0,0,0,0,0,1
107682,0,0,0,0,0,0,0,0,1
107683,0,0,0,0,0,0,0,0,1
107684,0,0,0,0,0,0,0,0,1
107685,0,0,0,0,0,0,0,0,1
107686,0,0,0,0,0,0,0,0,1
107687,0,0,0,0,0,0,0,0,1
107688,0,0,0,0,0,0,0,0,1
107689,0,0,0,0,0,0,0,0,1
107690,0,0,0,0,0,0,0,0,1
107691,0,0,0,0,0,0,0,0,1
107692,0,0,0,0,0,0,0,0,1
107693,0,0,0,0,0,0,0,0,1
107694,0,0,0,0,0,0,0,0,1
107695,0,0,0,0,0,0,0,0,1
107696,0,0,0,0,0,0,0,0,1
107697,0,0,0,0,0,0,0,0,1
107698,0,0,0,0,0,0,0,0,1
107699,0,0,0,0,0,0,0,0,1
107700,0,0,0,0,0,0,0,0,1
107701,0,0,0,0,0,0,0,0,1
107702,0,0,0,0,0,0,0,0,1
107703,0,0,0,0,0,0,0,0,1
107704,0,0,0,0,0,0,0,0,1
107705,0,0,0,0,0,0,0,0,1
107706,0,0,0,0,0,0,0,0,1
107707,0,0,0,0,0,0,0,0,1
107708,0,0,0,0,0,0,0,0,1
107709,0,0,0,0,0,0,0,0,1
107710,0,0,0,0,0,0,0,0,1
107711,0,0,0,0,0,0,0,0,1
107712,0,0,0,0,0,0,0,0,1
107713,0,0,0,0,0,0,0,0,1
107714,0,0,0,0,0,0,0,0,1
107715,0,0,0,0,0,0,0,0,1
107716,0,0,0,0,0,0,0,0,1
107717,0,0,0,0,0,0,0,0,1
107718,0,0,0,0,0,0,0,0,1
107719,0,0,0,0,0,0,0,0,1
107720,0,0,0,0,0,0,0,0,1
107721,0,0,0,0,0,0,0,0,1
107722,0,0,0,0,0,0,0,0,1
107723,0,0,0,0,0,0,0,0,1
107724,0,0,0,0,0,0,0,0,1
107725,0,0,0,0,0,0,0,0,1
107726,0,0,0,0,0,0,0,0,1
107727,0,0,0,0,0,0,0,0,1
107728,0,0,0,0,0,0,0,0,1
107729,0,0,0,0,0,0,0,0,1
107730,0,0,0,0,0,0,0,0,1
107731,0,0,0,0,0,0,0,0,1
107732,0,0,0,0,0,0,0,0,1
107733,0,0,0,0,0,0,0,0,1
107734,0,0,0,0,0,0,0,0,1
107735,0,0,0,0,0,0,0,0,1
107736,0,0,0,0,0,0,0,0,1
107737,0,0,0,0,0,0,0,0,1
107738,0,0,0,0,0,0,0,0,1
107739,0,0,0,0,0,0,0,0,1
107740,0,0,0,0,0,0,0,0,1
107741,0,0,0,0,0,0,0,0,1
107742,0,0,0,0,0,0,0,0,1
107743,0,0,0,0,0,0,0,0,1
107744,0,0,0,0,0,0,0,0,1
107745,0,0,0,0,0,0,0,0,1
107746,0,0,0,0,0,0,0,0,1
107747,0,0,0,0,0,0,0,0,1
107748,0,0,0,0,0,0,0,0,1
107749,0,0,0,0,0,0,0,0,1
107750,0,0,0,0,0,0,0,0,1
107751,0,0,0,0,0,0,0,0,1
107752,0,0,0,0,0,0,0,0,1
107753,0,0,0,0,0,0,0,0,1
107754,0,0,0,0,0,0,0,0,1
107755,0,0,0,0,0,0,0,0,1
107756,0,0,0,0,0,0,0,0,1
107757,0,0,0,0,0,0,0,0,1
107758,0,0,0,0,0,0,0,0,1
107759,0,0,0,0,0,0,0,0,1
107760,0,0,0,0,0,0,0,0,1
107761,0,0,0,0,0,0,0,0,1
107762,0,0,0,0,0,0,0,0,1
107763,0,0,0,0,0,0,0,0,1
107764,0,0,0,0,0,0,0,0,1
107765,0,0,0,0,0,0,0,0,1
107766,0,0,0,0,0,0,0,0,1
107767,0,0,0,0,0,0,0,0,1
107768,0,0,0,0,0,0,0,0,1
107769,0,0,0,0,0,0,0,0,1
107770,0,0,0,0,0,0,0,0,1
107771,0,0,0,0,0,0,0,0,1
107772,0,0,0,0,0,0,0,0,1
107773,0,0,0,0,0,0,0,0,1
107774,0,0,0,0,0,0,0,0,1
107775,0,0,0,0,0,0,0,0,1
107776,0,0,0,0,0,0,0,0,1
107777,0,0,0,0,0,0,0,0,1
107778,0,0,0,0,0,0,0,0,1
107779,0,0,0,0,0,0,0,0,1
107780,0,0,0,0,0,0,0,0,1
107781,0,0,0,0,0,0,0,0,1
107782,0,0,0,0,0,0,0,0,1
107783,0,0,0,0,0,0,0,0,1
107784,0,0,0,0,0,0,0,0,1
107785,0,0,0,0,0,0,0,0,1
107786,0,0,0,0,0,0,0,0,1
107787,0,0,0,0,0,0,0,0,1
107788,0,0,0,0,0,0,0,0,1
107789,0,0,0,0,0,0,0,0,1
107790,0,0,0,0,0,0,0,0,1
107791,0,0,0,0,0,0,0,0,1
107792,0,0,0,0,0,0,0,0,1
107793,0,0,0,0,0,0,0,0,1
107794,0,0,0,0,0,0,0,0,1
107795,0,0,0,0,0,0,0,0,1
107796,0,0,0,0,0,0,0,0,1
107797,0,0,0,0,0,0,0,0,1
107798,0,0,0,0,0,0,0,0,1
107799,0,0,0,0,0,0,0,0,1
107800,0,0,0,0,0,0,0,0,1
107801,0,0,0,0,0,0,0,0,1
107802,0,0,0,0,0,0,0,0,1
107803,0,0,0,0,0,0,0,0,1
107804,0,0,0,0,0,0,0,0,1
107805,0,0,0,0,0,0,0,0,1
107806,0,0,0,0,0,0,0,0,1
107807,0,0,0,0,0,0,0,0,1
107808,0,0,0,0,0,0,0,0,1
107809,0,0,0,0,0,0,0,0,1
107810,0,0,0,0,0,0,0,0,1
107811,0,0,0,0,0,0,0,0,1
107812,0,0,0,0,0,0,0,0,1
107813,0,0,0,0,0,0,0,0,1
107814,0,0,0,0,0,0,0,0,1
107815,0,0,0,0,0,0,0,0,1
107816,0,0,0,0,0,0,0,0,1
107817,0,0,0,0,0,0,0,0,1
107818,0,0,0,0,0,0,0,0,1
107819,0,0,0,0,0,0,0,0,1
107820,0,0,0,0,0,0,0,0,1
107821,0,0,0,0,0,0,0,0,1
107822,0,0,0,0,0,0,0,0,1
107823,0,0,0,0,0,0,0,0,1
107824,0,0,0,0,0,0,0,0,1
107825,0,0,0,0,0,0,0,0,1
107826,0,0,0,0,0,0,0,0,1
107827,0,0,0,0,0,0,0,0,1
107828,0,0,0,0,0,0,0,0,1
107829,0,0,0,0,0,0,0,0,1
107830,0,0,0,0,0,0,0,0,1
107831,0,0,0,0,0,0,0,0,1
107832,0,0,0,0,0,0,0,0,1
107833,0,0,0,0,0,0,0,0,1
107834,0,0,0,0,0,0,0,0,1
107835,0,0,0,0,0,0,0,0,1
107836,0,0,0,0,0,0,0,0,1
107837,0,0,0,0,0,0,0,0,1
107838,0,0,0,0,0,0,0,0,1
107839,0,0,0,0,0,0,0,0,1
107840,0,0,0,0,0,0,0,0,1
107841,0,0,0,0,0,0,0,0,1
107842,0,0,0,0,0,0,0,0,1
107843,0,0,0,0,0,0,0,0,1
107844,0,0,0,0,0,0,0,0,1
107845,0,0,0,0,0,0,0,0,1
107846,0,0,0,0,0,0,0,0,1
107847,0,0,0,0,0,0,0,0,1
107848,0,0,0,0,0,0,0,0,1
107849,0,0,0,0,0,0,0,0,1
107850,0,0,0,0,0,0,0,0,1
107851,0,0,0,0,0,0,0,0,1
107852,0,0,0,0,0,0,0,0,1
107853,0,0,0,0,0,0,0,0,1
107854,0,0,0,0,0,0,0,0,1
107855,0,0,0,0,0,0,0,0,1
107856,0,0,0,0,0,0,0,0,1
107857,0,0,0,0,0,0,0,0,1
107858,0,0,0,0,0,0,0,0,1
107859,0,0,0,0,0,0,0,0,1
107860,0,0,0,0,0,0,0,0,1
107861,0,0,0,0,0,0,0,0,1
107862,0,0,0,0,0,0,0,0,1
107863,0,0,0,0,0,0,0,0,1
107864,0,0,0,0,0,0,0,0,1
107865,0,0,0,0,0,0,0,0,1
107866,0,0,0,0,0,0,0,0,1
107867,0,0,0,0,0,0,0,0,1
107868,0,0,0,0,0,0,0,0,1
107869,0,0,0,0,0,0,0,0,1
107870,0,0,0,0,0,0,0,0,1
107871,0,0,0,0,0,0,0,0,1
107872,0,0,0,0,0,0,0,0,1
107873,0,0,0,0,0,0,0,0,1
107874,0,0,0,0,0,0,0,0,1
107875,0,0,0,0,0,0,0,0,1
107876,0,0,0,0,0,0,0,0,1
107877,0,0,0,0,0,0,0,0,1
107878,0,0,0,0,0,0,0,0,1
107879,0,0,0,0,0,0,0,0,1
107880,0,0,0,0,0,0,0,0,1
107881,0,0,0,0,0,0,0,0,1
107882,0,0,0,0,0,0,0,0,1
107883,0,0,0,0,0,0,0,0,1
107884,0,0,0,0,0,0,0,0,1
107885,0,0,0,0,0,0,0,0,1
107886,0,0,0,0,0,0,0,0,1
107887,0,0,0,0,0,0,0,0,1
107888,0,0,0,0,0,0,0,0,1
107889,0,0,0,0,0,0,0,0,1
107890,0,0,0,0,0,0,0,0,1
107891,0,0,0,0,0,0,0,0,1
107892,0,0,0,0,0,0,0,0,1
107893,0,0,0,0,0,0,0,0,1
107894,0,0,0,0,0,0,0,0,1
107895,0,0,0,0,0,0,0,0,1
107896,0,0,0,0,0,0,0,0,1
107897,0,0,0,0,0,0,0,0,1
107898,0,0,0,0,0,0,0,0,1
107899,0,0,0,0,0,0,0,0,1
107900,0,0,0,0,0,0,0,0,1
107901,0,0,0,0,0,0,0,0,1
107902,0,0,0,0,0,0,0,0,1
107903,0,0,0,0,0,0,0,0,1
107904,0,0,0,0,0,0,0,0,1
107905,0,0,0,0,0,0,0,0,1
107906,0,0,0,0,0,0,0,0,1
107907,0,0,0,0,0,0,0,0,1
107908,0,0,0,0,0,0,0,0,1
107909,0,0,0,0,0,0,0,0,1
107910,0,0,0,0,0,0,0,0,1
107911,0,0,0,0,0,0,0,0,1
107912,0,0,0,0,0,0,0,0,1
107913,0,0,0,0,0,0,0,0,1
107914,0,0,0,0,0,0,0,0,1
107915,0,0,0,0,0,0,0,0,1
107916,0,0,0,0,0,0,0,0,1
107917,0,0,0,0,0,0,0,0,1
107918,0,0,0,0,0,0,0,0,1
107919,0,0,0,0,0,0,0,0,1
107920,0,0,0,0,0,0,0,0,1
107921,0,0,0,0,0,0,0,0,1
107922,0,0,0,0,0,0,0,0,1
107923,0,0,0,0,0,0,0,0,1
107924,0,0,0,0,0,0,0,0,1
107925,0,0,0,0,0,0,0,0,1
107926,0,0,0,0,0,0,0,0,1
107927,0,0,0,0,0,0,0,0,1
107928,0,0,0,0,0,0,0,0,1
107929,0,0,0,0,0,0,0,0,1
107930,0,0,0,0,0,0,0,0,1
107931,0,0,0,0,0,0,0,0,1
107932,0,0,0,0,0,0,0,0,1
107933,0,0,0,0,0,0,0,0,1
107934,0,0,0,0,0,0,0,0,1
107935,0,0,0,0,0,0,0,0,1
107936,0,0,0,0,0,0,0,0,1
107937,0,0,0,0,0,0,0,0,1
107938,0,0,0,0,0,0,0,0,1
107939,0,0,0,0,0,0,0,0,1
107940,0,0,0,0,0,0,0,0,1
107941,0,0,0,0,0,0,0,0,1
107942,0,0,0,0,0,0,0,0,1
107943,0,0,0,0,0,0,0,0,1
107944,0,0,0,0,0,0,0,0,1
107945,0,0,0,0,0,0,0,0,1
107946,0,0,0,0,0,0,0,0,1
107947,0,0,0,0,0,0,0,0,1
107948,0,0,0,0,0,0,0,0,1
107949,0,0,0,0,0,0,0,0,1
107950,0,0,0,0,0,0,0,0,1
107951,0,0,0,0,0,0,0,0,1
107952,0,0,0,0,0,0,0,0,1
107953,0,0,0,0,0,0,0,0,1
107954,0,0,0,0,0,0,0,0,1
107955,0,0,0,0,0,0,0,0,1
107956,0,0,0,0,0,0,0,0,1
107957,0,0,0,0,0,0,0,0,1
107958,0,0,0,0,0,0,0,0,1
107959,0,0,0,0,0,0,0,0,1
107960,0,0,0,0,0,0,0,0,1
107961,0,0,0,0,0,0,0,0,1
107962,0,0,0,0,0,0,0,0,1
107963,0,0,0,0,0,0,0,0,1
107964,0,0,0,0,0,0,0,0,1
107965,0,0,0,0,0,0,0,0,1
107966,0,0,0,0,0,0,0,0,1
107967,0,0,0,0,0,0,0,0,1
107968,0,0,0,0,0,0,0,0,1
107969,0,0,0,0,0,0,0,0,1
107970,0,0,0,0,0,0,0,0,1
107971,0,0,0,0,0,0,0,0,1
107972,0,0,0,0,0,0,0,0,1
107973,0,0,0,0,0,0,0,0,1
107974,0,0,0,0,0,0,0,0,1
107975,0,0,0,0,0,0,0,0,1
107976,0,0,0,0,0,0,0,0,1
107977,0,0,0,0,0,0,0,0,1
107978,0,0,0,0,0,0,0,0,1
107979,0,0,0,0,0,0,0,0,1
107980,0,0,0,0,0,0,0,0,1
107981,0,0,0,0,0,0,0,0,1
107982,0,0,0,0,0,0,0,0,1
107983,0,0,0,0,0,0,0,0,1
107984,0,0,0,0,0,0,0,0,1
107985,0,0,0,0,0,0,0,0,1
107986,0,0,0,0,0,0,0,0,1
107987,0,0,0,0,0,0,0,0,1
107988,0,0,0,0,0,0,0,0,1
107989,0,0,0,0,0,0,0,0,1
107990,0,0,0,0,0,0,0,0,1
107991,0,0,0,0,0,0,0,0,1
107992,0,0,0,0,0,0,0,0,1
107993,0,0,0,0,0,0,0,0,1
107994,0,0,0,0,0,0,0,0,1
107995,0,0,0,0,0,0,0,0,1
107996,0,0,0,0,0,0,0,0,1
107997,0,0,0,0,0,0,0,0,1
107998,0,0,0,0,0,0,0,0,1
107999,0,0,0,0,0,0,0,0,1
108000,0,0,0,0,0,0,0,0,1
108001,0,0,0,0,0,0,0,0,1
108002,0,0,0,0,0,0,0,0,1
108003,0,0,0,0,0,0,0,0,1
108004,0,0,0,0,0,0,0,0,1
108005,0,0,0,0,0,0,0,0,1
108006,0,0,0,0,0,0,0,0,1
108007,0,0,0,0,0,0,0,0,1
108008,0,0,0,0,0,0,0,0,1
108009,0,0,0,0,0,0,0,0,1
108010,0,0,0,0,0,0,0,0,1
108011,0,0,0,0,0,0,0,0,1
108012,0,0,0,0,0,0,0,0,1
108013,0,0,0,0,0,0,0,0,1
108014,0,0,0,0,0,0,0,0,1
108015,0,0,0,0,0,0,0,0,1
108016,0,0,0,0,0,0,0,0,1
108017,0,0,0,0,0,0,0,0,1
108018,0,0,0,0,0,0,0,0,1
108019,0,0,0,0,0,0,0,0,1
108020,0,0,0,0,0,0,0,0,1
108021,0,0,0,0,0,0,0,0,1
108022,0,0,0,0,0,0,0,0,1
108023,0,0,0,0,0,0,0,0,1
108024,0,0,0,0,0,0,0,0,1
108025,0,0,0,0,0,0,0,0,1
108026,0,0,0,0,0,0,0,0,1
108027,0,0,0,0,0,0,0,0,1
108028,0,0,0,0,0,0,0,0,1
108029,0,0,0,0,0,0,0,0,1
108030,0,0,0,0,0,0,0,0,1
108031,0,0,0,0,0,0,0,0,1
108032,0,0,0,0,0,0,0,0,1
108033,0,0,0,0,0,0,0,0,1
108034,0,0,0,0,0,0,0,0,1
108035,0,0,0,0,0,0,0,0,1
108036,0,0,0,0,0,0,0,0,1
108037,0,0,0,0,0,0,0,0,1
108038,0,0,0,0,0,0,0,0,1
108039,0,0,0,0,0,0,0,0,1
108040,0,0,0,0,0,0,0,0,1
108041,0,0,0,0,0,0,0,0,1
108042,0,0,0,0,0,0,0,0,1
108043,0,0,0,0,0,0,0,0,1
108044,0,0,0,0,0,0,0,0,1
108045,0,0,0,0,0,0,0,0,1
108046,0,0,0,0,0,0,0,0,1
108047,0,0,0,0,0,0,0,0,1
108048,0,0,0,0,0,0,0,0,1
108049,0,0,0,0,0,0,0,0,1
108050,0,0,0,0,0,0,0,0,1
108051,0,0,0,0,0,0,0,0,1
108052,0,0,0,0,0,0,0,0,1
108053,0,0,0,0,0,0,0,0,1
108054,0,0,0,0,0,0,0,0,1
108055,0,0,0,0,0,0,0,0,1
108056,0,0,0,0,0,0,0,0,1
108057,0,0,0,0,0,0,0,0,1
108058,0,0,0,0,0,0,0,0,1
108059,0,0,0,0,0,0,0,0,1
108060,0,0,0,0,0,0,0,0,1
108061,0,0,0,0,0,0,0,0,1
108062,0,0,0,0,0,0,0,0,1
108063,0,0,0,0,0,0,0,0,1
108064,0,0,0,0,0,0,0,0,1
108065,0,0,0,0,0,0,0,0,1
108066,0,0,0,0,0,0,0,0,1
108067,0,0,0,0,0,0,0,0,1
108068,0,0,0,0,0,0,0,0,1
108069,0,0,0,0,0,0,0,0,1
108070,0,0,0,0,0,0,0,0,1
108071,0,0,0,0,0,0,0,0,1
108072,0,0,0,0,0,0,0,0,1
108073,0,0,0,0,0,0,0,0,1
108074,0,0,0,0,0,0,0,0,1
108075,0,0,0,0,0,0,0,0,1
108076,0,0,0,0,0,0,0,0,1
108077,0,0,0,0,0,0,0,0,1
108078,0,0,0,0,0,0,0,0,1
108079,0,0,0,0,0,0,0,0,1
108080,0,0,0,0,0,0,0,0,1
108081,0,0,0,0,0,0,0,0,1
108082,0,0,0,0,0,0,0,0,1
108083,0,0,0,0,0,0,0,0,1
108084,0,0,0,0,0,0,0,0,1
108085,0,0,0,0,0,0,0,0,1
108086,0,0,0,0,0,0,0,0,1
108087,0,0,0,0,0,0,0,0,1
108088,0,0,0,0,0,0,0,0,1
108089,0,0,0,0,0,0,0,0,1
108090,0,0,0,0,0,0,0,0,1
108091,0,0,0,0,0,0,0,0,1
108092,0,0,0,0,0,0,0,0,1
108093,0,0,0,0,0,0,0,0,1
108094,0,0,0,0,0,0,0,0,1
108095,0,0,0,0,0,0,0,0,1
108096,0,0,0,0,0,0,0,0,1
108097,0,0,0,0,0,0,0,0,1
108098,0,0,0,0,0,0,0,0,1
108099,0,0,0,0,0,0,0,0,1
108100,0,0,0,0,0,0,0,0,1
108101,0,0,0,0,0,0,0,0,1
108102,0,0,0,0,0,0,0,0,1
108103,0,0,0,0,0,0,0,0,1
108104,0,0,0,0,0,0,0,0,1
108105,0,0,0,0,0,0,0,0,1
108106,0,0,0,0,0,0,0,0,1
108107,0,0,0,0,0,0,0,0,1
108108,0,0,0,0,0,0,0,0,1
108109,0,0,0,0,0,0,0,0,1
108110,0,0,0,0,0,0,0,0,1
108111,0,0,0,0,0,0,0,0,1
108112,0,0,0,0,0,0,0,0,1
108113,0,0,0,0,0,0,0,0,1
108114,0,0,0,0,0,0,0,0,1
108115,0,0,0,0,0,0,0,0,1
108116,0,0,0,0,0,0,0,0,1
108117,0,0,0,0,0,0,0,0,1
108118,0,0,0,0,0,0,0,0,1
108119,0,0,0,0,0,0,0,0,1
108120,0,0,0,0,0,0,0,0,1
108121,0,0,0,0,0,0,0,0,1
108122,0,0,0,0,0,0,0,0,1
108123,0,0,0,0,0,0,0,0,1
108124,0,0,0,0,0,0,0,0,1
108125,0,0,0,0,0,0,0,0,1
108126,0,0,0,0,0,0,0,0,1
108127,0,0,0,0,0,0,0,0,1
108128,0,0,0,0,0,0,0,0,1
108129,0,0,0,0,0,0,0,0,1
108130,0,0,0,0,0,0,0,0,1
108131,0,0,0,0,0,0,0,0,1
108132,0,0,0,0,0,0,0,0,1
108133,0,0,0,0,0,0,0,0,1
108134,0,0,0,0,0,0,0,0,1
108135,0,0,0,0,0,0,0,0,1
108136,0,0,0,0,0,0,0,0,1
108137,0,0,0,0,0,0,0,0,1
108138,0,0,0,0,0,0,0,0,1
108139,0,0,0,0,0,0,0,0,1
108140,0,0,0,0,0,0,0,0,1
108141,0,0,0,0,0,0,0,0,1
108142,0,0,0,0,0,0,0,0,1
108143,0,0,0,0,0,0,0,0,1
108144,0,0,0,0,0,0,0,0,1
108145,0,0,0,0,0,0,0,0,1
108146,0,0,0,0,0,0,0,0,1
108147,0,0,0,0,0,0,0,0,1
108148,0,0,0,0,0,0,0,0,1
108149,0,0,0,0,0,0,0,0,1
108150,0,0,0,0,0,0,0,0,1
108151,0,0,0,0,0,0,0,0,1
108152,0,0,0,0,0,0,0,0,1
108153,0,0,0,0,0,0,0,0,1
108154,0,0,0,0,0,0,0,0,1
108155,0,0,0,0,0,0,0,0,1
108156,0,0,0,0,0,0,0,0,1
108157,0,0,0,0,0,0,0,0,1
108158,0,0,0,0,0,0,0,0,1
108159,0,0,0,0,0,0,0,0,1
108160,0,0,0,0,0,0,0,0,1
108161,0,0,0,0,0,0,0,0,1
108162,0,0,0,0,0,0,0,0,1
108163,0,0,0,0,0,0,0,0,1
108164,0,0,0,0,0,0,0,0,1
108165,0,0,0,0,0,0,0,0,1
108166,0,0,0,0,0,0,0,0,1
108167,0,0,0,0,0,0,0,0,1
108168,0,0,0,0,0,0,0,0,1
108169,0,0,0,0,0,0,0,0,1
108170,0,0,0,0,0,0,0,0,1
108171,0,0,0,0,0,0,0,0,1
108172,0,0,0,0,0,0,0,0,1
108173,0,0,0,0,0,0,0,0,1
108174,0,0,0,0,0,0,0,0,1
108175,0,0,0,0,0,0,0,0,1
108176,0,0,0,0,0,0,0,0,1
108177,0,0,0,0,0,0,0,0,1
108178,0,0,0,0,0,0,0,0,1
108179,0,0,0,0,0,0,0,0,1
108180,0,0,0,0,0,0,0,0,1
108181,0,0,0,0,0,0,0,0,1
108182,0,0,0,0,0,0,0,0,1
108183,0,0,0,0,0,0,0,0,1
108184,0,0,0,0,0,0,0,0,1
108185,0,0,0,0,0,0,0,0,1
108186,0,0,0,0,0,0,0,0,1
108187,0,0,0,0,0,0,0,0,1
108188,0,0,0,0,0,0,0,0,1
108189,0,0,0,0,0,0,0,0,1
108190,0,0,0,0,0,0,0,0,1
108191,0,0,0,0,0,0,0,0,1
108192,0,0,0,0,0,0,0,0,1
108193,0,0,0,0,0,0,0,0,1
108194,0,0,0,0,0,0,0,0,1
108195,0,0,0,0,0,0,0,0,1
108196,0,0,0,0,0,0,0,0,1
108197,0,0,0,0,0,0,0,0,1
108198,0,0,0,0,0,0,0,0,1
108199,0,0,0,0,0,0,0,0,1
108200,0,0,0,0,0,0,0,0,1
108201,0,0,0,0,0,0,0,0,1
108202,0,0,0,0,0,0,0,0,1
108203,0,0,0,0,0,0,0,0,1
108204,0,0,0,0,0,0,0,0,1
108205,0,0,0,0,0,0,0,0,1
108206,0,0,0,0,0,0,0,0,1
108207,0,0,0,0,0,0,0,0,1
108208,0,0,0,0,0,0,0,0,1
108209,0,0,0,0,0,0,0,0,1
108210,0,0,0,0,0,0,0,0,1
108211,0,0,0,0,0,0,0,0,1
108212,0,0,0,0,0,0,0,0,1
108213,0,0,0,0,0,0,0,0,1
108214,0,0,0,0,0,0,0,0,1
108215,0,0,0,0,0,0,0,0,1
108216,0,0,0,0,0,0,0,0,1
108217,0,0,0,0,0,0,0,0,1
108218,0,0,0,0,0,0,0,0,1
108219,0,0,0,0,0,0,0,0,1
108220,0,0,0,0,0,0,0,0,1
108221,0,0,0,0,0,0,0,0,1
108222,0,0,0,0,0,0,0,0,1
108223,0,0,0,0,0,0,0,0,1
108224,0,0,0,0,0,0,0,0,1
108225,0,0,0,0,0,0,0,0,1
108226,0,0,0,0,0,0,0,0,1
108227,0,0,0,0,0,0,0,0,1
108228,0,0,0,0,0,0,0,0,1
108229,0,0,0,0,0,0,0,0,1
108230,0,0,0,0,0,0,0,0,1
108231,0,0,0,0,0,0,0,0,1
108232,0,0,0,0,0,0,0,0,1
108233,0,0,0,0,0,0,0,0,1
108234,0,0,0,0,0,0,0,0,1
108235,0,0,0,0,0,0,0,0,1
108236,0,0,0,0,0,0,0,0,1
108237,0,0,0,0,0,0,0,0,1
108238,0,0,0,0,0,0,0,0,1
108239,0,0,0,0,0,0,0,0,1
108240,0,0,0,0,0,0,0,0,1
108241,0,0,0,0,0,0,0,0,1
108242,0,0,0,0,0,0,0,0,1
108243,0,0,0,0,0,0,0,0,1
108244,0,0,0,0,0,0,0,0,1
108245,0,0,0,0,0,0,0,0,1
108246,0,0,0,0,0,0,0,0,1
108247,0,0,0,0,0,0,0,0,1
108248,0,0,0,0,0,0,0,0,1
108249,0,0,0,0,0,0,0,0,1
108250,0,0,0,0,0,0,0,0,1
108251,0,0,0,0,0,0,0,0,1
108252,0,0,0,0,0,0,0,0,1
108253,0,0,0,0,0,0,0,0,1
108254,0,0,0,0,0,0,0,0,1
108255,0,0,0,0,0,0,0,0,1
108256,0,0,0,0,0,0,0,0,1
108257,0,0,0,0,0,0,0,0,1
108258,0,0,0,0,0,0,0,0,1
108259,0,0,0,0,0,0,0,0,1
108260,0,0,0,0,0,0,0,0,1
108261,0,0,0,0,0,0,0,0,1
108262,0,0,0,0,0,0,0,0,1
108263,0,0,0,0,0,0,0,0,1
108264,0,0,0,0,0,0,0,0,1
108265,0,0,0,0,0,0,0,0,1
108266,0,0,0,0,0,0,0,0,1
108267,0,0,0,0,0,0,0,0,1
108268,0,0,0,0,0,0,0,0,1
108269,0,0,0,0,0,0,0,0,1
108270,0,0,0,0,0,0,0,0,1
108271,0,0,0,0,0,0,0,0,1
108272,0,0,0,0,0,0,0,0,1
108273,0,0,0,0,0,0,0,0,1
108274,0,0,0,0,0,0,0,0,1
108275,0,0,0,0,0,0,0,0,1
108276,0,0,0,0,0,0,0,0,1
108277,0,0,0,0,0,0,0,0,1
108278,0,0,0,0,0,0,0,0,1
108279,0,0,0,0,0,0,0,0,1
108280,0,0,0,0,0,0,0,0,1
108281,0,0,0,0,0,0,0,0,1
108282,0,0,0,0,0,0,0,0,1
108283,0,0,0,0,0,0,0,0,1
108284,0,0,0,0,0,0,0,0,1
108285,0,0,0,0,0,0,0,0,1
108286,0,0,0,0,0,0,0,0,1
108287,0,0,0,0,0,0,0,0,1
108288,0,0,0,0,0,0,0,0,1
108289,0,0,0,0,0,0,0,0,1
108290,0,0,0,0,0,0,0,0,1
108291,0,0,0,0,0,0,0,0,1
108292,0,0,0,0,0,0,0,0,1
108293,0,0,0,0,0,0,0,0,1
108294,0,0,0,0,0,0,0,0,1
108295,0,0,0,0,0,0,0,0,1
108296,0,0,0,0,0,0,0,0,1
108297,0,0,0,0,0,0,0,0,1
108298,0,0,0,0,0,0,0,0,1
108299,0,0,0,0,0,0,0,0,1
108300,0,0,0,0,0,0,0,0,1
108301,0,0,0,0,0,0,0,0,1
108302,0,0,0,0,0,0,0,0,1
108303,0,0,0,0,0,0,0,0,1
108304,0,0,0,0,0,0,0,0,1
108305,0,0,0,0,0,0,0,0,1
108306,0,0,0,0,0,0,0,0,1
108307,0,0,0,0,0,0,0,0,1
108308,0,0,0,0,0,0,0,0,1
108309,0,0,0,0,0,0,0,0,1
108310,0,0,0,0,0,0,0,0,1
108311,0,0,0,0,0,0,0,0,1
108312,0,0,0,0,0,0,0,0,1
108313,0,0,0,0,0,0,0,0,1
108314,0,0,0,0,0,0,0,0,1
108315,0,0,0,0,0,0,0,0,1
108316,0,0,0,0,0,0,0,0,1
108317,0,0,0,0,0,0,0,0,1
108318,0,0,0,0,0,0,0,0,1
108319,0,0,0,0,0,0,0,0,1
108320,0,0,0,0,0,0,0,0,1
108321,0,0,0,0,0,0,0,0,1
108322,0,0,0,0,0,0,0,0,1
108323,0,0,0,0,0,0,0,0,1
108324,0,0,0,0,0,0,0,0,1
108325,0,0,0,0,0,0,0,0,1
108326,0,0,0,0,0,0,0,0,1
108327,0,0,0,0,0,0,0,0,1
108328,0,0,0,0,0,0,0,0,1
108329,0,0,0,0,0,0,0,0,1
108330,0,0,0,0,0,0,0,0,1
108331,0,0,0,0,0,0,0,0,1
108332,0,0,0,0,0,0,0,0,1
108333,0,0,0,0,0,0,0,0,1
108334,0,0,0,0,0,0,0,0,1
108335,0,0,0,0,0,0,0,0,1
108336,0,0,0,0,0,0,0,0,1
108337,0,0,0,0,0,0,0,0,1
108338,0,0,0,0,0,0,0,0,1
108339,0,0,0,0,0,0,0,0,1
108340,0,0,0,0,0,0,0,0,1
108341,0,0,0,0,0,0,0,0,1
108342,0,0,0,0,0,0,0,0,1
108343,0,0,0,0,0,0,0,0,1
108344,0,0,0,0,0,0,0,0,1
108345,0,0,0,0,0,0,0,0,1
108346,0,0,0,0,0,0,0,0,1
108347,0,0,0,0,0,0,0,0,1
108348,0,0,0,0,0,0,0,0,1
108349,0,0,0,0,0,0,0,0,1
108350,0,0,0,0,0,0,0,0,1
108351,0,0,0,0,0,0,0,0,1
108352,0,0,0,0,0,0,0,0,1
108353,0,0,0,0,0,0,0,0,1
108354,0,0,0,0,0,0,0,0,1
108355,0,0,0,0,0,0,0,0,1
108356,0,0,0,0,0,0,0,0,1
108357,0,0,0,0,0,0,0,0,1
108358,0,0,0,0,0,0,0,0,1
108359,0,0,0,0,0,0,0,0,1
108360,0,0,0,0,0,0,0,0,1
108361,0,0,0,0,0,0,0,0,1
108362,0,0,0,0,0,0,0,0,1
108363,0,0,0,0,0,0,0,0,1
108364,0,0,0,0,0,0,0,0,1
108365,0,0,0,0,0,0,0,0,1
108366,0,0,0,0,0,0,0,0,1
108367,0,0,0,0,0,0,0,0,1
108368,0,0,0,0,0,0,0,0,1
108369,0,0,0,0,0,0,0,0,1
108370,0,0,0,0,0,0,0,0,1
108371,0,0,0,0,0,0,0,0,1
108372,0,0,0,0,0,0,0,0,1
108373,0,0,0,0,0,0,0,0,1
108374,0,0,0,0,0,0,0,0,1
108375,0,0,0,0,0,0,0,0,1
108376,0,0,0,0,0,0,0,0,1
108377,0,0,0,0,0,0,0,0,1
108378,0,0,0,0,0,0,0,0,1
108379,0,0,0,0,0,0,0,0,1
108380,0,0,0,0,0,0,0,0,1
108381,0,0,0,0,0,0,0,0,1
108382,0,0,0,0,0,0,0,0,1
108383,0,0,0,0,0,0,0,0,1
108384,0,0,0,0,0,0,0,0,1
108385,0,0,0,0,0,0,0,0,1
108386,0,0,0,0,0,0,0,0,1
108387,0,0,0,0,0,0,0,0,1
108388,0,0,0,0,0,0,0,0,1
108389,0,0,0,0,0,0,0,0,1
108390,0,0,0,0,0,0,0,0,1
108391,0,0,0,0,0,0,0,0,1
108392,0,0,0,0,0,0,0,0,1
108393,0,0,0,0,0,0,0,0,1
108394,0,0,0,0,0,0,0,0,1
108395,0,0,0,0,0,0,0,0,1
108396,0,0,0,0,0,0,0,0,1
108397,0,0,0,0,0,0,0,0,1
108398,0,0,0,0,0,0,0,0,1
108399,0,0,0,0,0,0,0,0,1
108400,0,0,0,0,0,0,0,0,1
108401,0,0,0,0,0,0,0,0,1
108402,0,0,0,0,0,0,0,0,1
108403,0,0,0,0,0,0,0,0,1
108404,0,0,0,0,0,0,0,0,1
108405,0,0,0,0,0,0,0,0,1
108406,0,0,0,0,0,0,0,0,1
108407,0,0,0,0,0,0,0,0,1
108408,0,0,0,0,0,0,0,0,1
108409,0,0,0,0,0,0,0,0,1
108410,0,0,0,0,0,0,0,0,1
108411,0,0,0,0,0,0,0,0,1
108412,0,0,0,0,0,0,0,0,1
108413,0,0,0,0,0,0,0,0,1
108414,0,0,0,0,0,0,0,0,1
108415,0,0,0,0,0,0,0,0,1
108416,0,0,0,0,0,0,0,0,1
108417,0,0,0,0,0,0,0,0,1
108418,0,0,0,0,0,0,0,0,1
108419,0,0,0,0,0,0,0,0,1
108420,0,0,0,0,0,0,0,0,1
108421,0,0,0,0,0,0,0,0,1
108422,0,0,0,0,0,0,0,0,1
108423,0,0,0,0,0,0,0,0,1
108424,0,0,0,0,0,0,0,0,1
108425,0,0,0,0,0,0,0,0,1
108426,0,0,0,0,0,0,0,0,1
108427,0,0,0,0,0,0,0,0,1
108428,0,0,0,0,0,0,0,0,1
108429,0,0,0,0,0,0,0,0,1
108430,0,0,0,0,0,0,0,0,1
108431,0,0,0,0,0,0,0,0,1
108432,0,0,0,0,0,0,0,0,1
108433,0,0,0,0,0,0,0,0,1
108434,0,0,0,0,0,0,0,0,1
108435,0,0,0,0,0,0,0,0,1
108436,0,0,0,0,0,0,0,0,1
108437,0,0,0,0,0,0,0,0,1
108438,0,0,0,0,0,0,0,0,1
108439,0,0,0,0,0,0,0,0,1
108440,0,0,0,0,0,0,0,0,1
108441,0,0,0,0,0,0,0,0,1
108442,0,0,0,0,0,0,0,0,1
108443,0,0,0,0,0,0,0,0,1
108444,0,0,0,0,0,0,0,0,1
108445,0,0,0,0,0,0,0,0,1
108446,0,0,0,0,0,0,0,0,1
108447,0,0,0,0,0,0,0,0,1
108448,0,0,0,0,0,0,0,0,1
108449,0,0,0,0,0,0,0,0,1
108450,0,0,0,0,0,0,0,0,1
108451,0,0,0,0,0,0,0,0,1
108452,0,0,0,0,0,0,0,0,1
108453,0,0,0,0,0,0,0,0,1
108454,0,0,0,0,0,0,0,0,1
108455,0,0,0,0,0,0,0,0,1
108456,0,0,0,0,0,0,0,0,1
108457,0,0,0,0,0,0,0,0,1
108458,0,0,0,0,0,0,0,0,1
108459,0,0,0,0,0,0,0,0,1
108460,0,0,0,0,0,0,0,0,1
108461,0,0,0,0,0,0,0,0,1
108462,0,0,0,0,0,0,0,0,1
108463,0,0,0,0,0,0,0,0,1
108464,0,0,0,0,0,0,0,0,1
108465,0,0,0,0,0,0,0,0,1
108466,0,0,0,0,0,0,0,0,1
108467,0,0,0,0,0,0,0,0,1
108468,0,0,0,0,0,0,0,0,1
108469,0,0,0,0,0,0,0,0,1
108470,0,0,0,0,0,0,0,0,1
108471,0,0,0,0,0,0,0,0,1
108472,0,0,0,0,0,0,0,0,1
108473,0,0,0,0,0,0,0,0,1
108474,0,0,0,0,0,0,0,0,1
108475,0,0,0,0,0,0,0,0,1
108476,0,0,0,0,0,0,0,0,1
108477,0,0,0,0,0,0,0,0,1
108478,0,0,0,0,0,0,0,0,1
108479,0,0,0,0,0,0,0,0,1
108480,0,0,0,0,0,0,0,0,1
108481,0,0,0,0,0,0,0,0,1
108482,0,0,0,0,0,0,0,0,1
108483,0,0,0,0,0,0,0,0,1
108484,0,0,0,0,0,0,0,0,1
108485,0,0,0,0,0,0,0,0,1
108486,0,0,0,0,0,0,0,0,1
108487,0,0,0,0,0,0,0,0,1
108488,0,0,0,0,0,0,0,0,1
108489,0,0,0,0,0,0,0,0,1
108490,0,0,0,0,0,0,0,0,1
108491,0,0,0,0,0,0,0,0,1
108492,0,0,0,0,0,0,0,0,1
108493,0,0,0,0,0,0,0,0,1
108494,0,0,0,0,0,0,0,0,1
108495,0,0,0,0,0,0,0,0,1
108496,0,0,0,0,0,0,0,0,1
108497,0,0,0,0,0,0,0,0,1
108498,0,0,0,0,0,0,0,0,1
108499,0,0,0,0,0,0,0,0,1
108500,0,0,0,0,0,0,0,0,1
108501,0,0,0,0,0,0,0,0,1
108502,0,0,0,0,0,0,0,0,1
108503,0,0,0,0,0,0,0,0,1
108504,0,0,0,0,0,0,0,0,1
108505,0,0,0,0,0,0,0,0,1
108506,0,0,0,0,0,0,0,0,1
108507,0,0,0,0,0,0,0,0,1
108508,0,0,0,0,0,0,0,0,1
108509,0,0,0,0,0,0,0,0,1
108510,0,0,0,0,0,0,0,0,1
108511,0,0,0,0,0,0,0,0,1
108512,0,0,0,0,0,0,0,0,1
108513,0,0,0,0,0,0,0,0,1
108514,0,0,0,0,0,0,0,0,1
108515,0,0,0,0,0,0,0,0,1
108516,0,0,0,0,0,0,0,0,1
108517,0,0,0,0,0,0,0,0,1
108518,0,0,0,0,0,0,0,0,1
108519,0,0,0,0,0,0,0,0,1
108520,0,0,0,0,0,0,0,0,1
108521,0,0,0,0,0,0,0,0,1
108522,0,0,0,0,0,0,0,0,1
108523,0,0,0,0,0,0,0,0,1
108524,0,0,0,0,0,0,0,0,1
108525,0,0,0,0,0,0,0,0,1
108526,0,0,0,0,0,0,0,0,1
108527,0,0,0,0,0,0,0,0,1
108528,0,0,0,0,0,0,0,0,1
108529,0,0,0,0,0,0,0,0,1
108530,0,0,0,0,0,0,0,0,1
108531,0,0,0,0,0,0,0,0,1
108532,0,0,0,0,0,0,0,0,1
108533,0,0,0,0,0,0,0,0,1
108534,0,0,0,0,0,0,0,0,1
108535,0,0,0,0,0,0,0,0,1
108536,0,0,0,0,0,0,0,0,1
108537,0,0,0,0,0,0,0,0,1
108538,0,0,0,0,0,0,0,0,1
108539,0,0,0,0,0,0,0,0,1
108540,0,0,0,0,0,0,0,0,1
108541,0,0,0,0,0,0,0,0,1
108542,0,0,0,0,0,0,0,0,1
108543,0,0,0,0,0,0,0,0,1
108544,0,0,0,0,0,0,0,0,1
108545,0,0,0,0,0,0,0,0,1
108546,0,0,0,0,0,0,0,0,1
108547,0,0,0,0,0,0,0,0,1
108548,0,0,0,0,0,0,0,0,1
108549,0,0,0,0,0,0,0,0,1
108550,0,0,0,0,0,0,0,0,1
108551,0,0,0,0,0,0,0,0,1
108552,0,0,0,0,0,0,0,0,1
108553,0,0,0,0,0,0,0,0,1
108554,0,0,0,0,0,0,0,0,1
108555,0,0,0,0,0,0,0,0,1
108556,0,0,0,0,0,0,0,0,1
108557,0,0,0,0,0,0,0,0,1
108558,0,0,0,0,0,0,0,0,1
108559,0,0,0,0,0,0,0,0,1
108560,0,0,0,0,0,0,0,0,1
108561,0,0,0,0,0,0,0,0,1
108562,0,0,0,0,0,0,0,0,1
108563,0,0,0,0,0,0,0,0,1
108564,0,0,0,0,0,0,0,0,1
108565,0,0,0,0,0,0,0,0,1
108566,0,0,0,0,0,0,0,0,1
108567,0,0,0,0,0,0,0,0,1
108568,0,0,0,0,0,0,0,0,1
108569,0,0,0,0,0,0,0,0,1
108570,0,0,0,0,0,0,0,0,1
108571,0,0,0,0,0,0,0,0,1
108572,0,0,0,0,0,0,0,0,1
108573,0,0,0,0,0,0,0,0,1
108574,0,0,0,0,0,0,0,0,1
108575,0,0,0,0,0,0,0,0,1
108576,0,0,0,0,0,0,0,0,1
108577,0,0,0,0,0,0,0,0,1
108578,0,0,0,0,0,0,0,0,1
108579,0,0,0,0,0,0,0,0,1
108580,0,0,0,0,0,0,0,0,1
108581,0,0,0,0,0,0,0,0,1
108582,0,0,0,0,0,0,0,0,1
108583,0,0,0,0,0,0,0,0,1
108584,0,0,0,0,0,0,0,0,1
108585,0,0,0,0,0,0,0,0,1
108586,0,0,0,0,0,0,0,0,1
108587,0,0,0,0,0,0,0,0,1
108588,0,0,0,0,0,0,0,0,1
108589,0,0,0,0,0,0,0,0,1
108590,0,0,0,0,0,0,0,0,1
108591,0,0,0,0,0,0,0,0,1
108592,0,0,0,0,0,0,0,0,1
108593,0,0,0,0,0,0,0,0,1
108594,0,0,0,0,0,0,0,0,1
108595,0,0,0,0,0,0,0,0,1
108596,0,0,0,0,0,0,0,0,1
108597,0,0,0,0,0,0,0,0,1
108598,0,0,0,0,0,0,0,0,1
108599,0,0,0,0,0,0,0,0,1
108600,0,0,0,0,0,0,0,0,1
108601,0,0,0,0,0,0,0,0,1
108602,0,0,0,0,0,0,0,0,1
108603,0,0,0,0,0,0,0,0,1
108604,0,0,0,0,0,0,0,0,1
108605,0,0,0,0,0,0,0,0,1
108606,0,0,0,0,0,0,0,0,1
108607,0,0,0,0,0,0,0,0,1
108608,0,0,0,0,0,0,0,0,1
108609,0,0,0,0,0,0,0,0,1
108610,0,0,0,0,0,0,0,0,1
108611,0,0,0,0,0,0,0,0,1
108612,0,0,0,0,0,0,0,0,1
108613,0,0,0,0,0,0,0,0,1
108614,0,0,0,0,0,0,0,0,1
108615,0,0,0,0,0,0,0,0,1
108616,0,0,0,0,0,0,0,0,1
108617,0,0,0,0,0,0,0,0,1
108618,0,0,0,0,0,0,0,0,1
108619,0,0,0,0,0,0,0,0,1
108620,0,0,0,0,0,0,0,0,1
108621,0,0,0,0,0,0,0,0,1
108622,0,0,0,0,0,0,0,0,1
108623,0,0,0,0,0,0,0,0,1
108624,0,0,0,0,0,0,0,0,1
108625,0,0,0,0,0,0,0,0,1
108626,0,0,0,0,0,0,0,0,1
108627,0,0,0,0,0,0,0,0,1
108628,0,0,0,0,0,0,0,0,1
108629,0,0,0,0,0,0,0,0,1
108630,0,0,0,0,0,0,0,0,1
108631,0,0,0,0,0,0,0,0,1
108632,0,0,0,0,0,0,0,0,1
108633,0,0,0,0,0,0,0,0,1
108634,0,0,0,0,0,0,0,0,1
108635,0,0,0,0,0,0,0,0,1
108636,0,0,0,0,0,0,0,0,1
108637,0,0,0,0,0,0,0,0,1
108638,0,0,0,0,0,0,0,0,1
108639,0,0,0,0,0,0,0,0,1
108640,0,0,0,0,0,0,0,0,1
108641,0,0,0,0,0,0,0,0,1
108642,0,0,0,0,0,0,0,0,1
108643,0,0,0,0,0,0,0,0,1
108644,0,0,0,0,0,0,0,0,1
108645,0,0,0,0,0,0,0,0,1
108646,0,0,0,0,0,0,0,0,1
108647,0,0,0,0,0,0,0,0,1
108648,0,0,0,0,0,0,0,0,1
108649,0,0,0,0,0,0,0,0,1
108650,0,0,0,0,0,0,0,0,1
108651,0,0,0,0,0,0,0,0,1
108652,0,0,0,0,0,0,0,0,1
108653,0,0,0,0,0,0,0,0,1
108654,0,0,0,0,0,0,0,0,1
108655,0,0,0,0,0,0,0,0,1
108656,0,0,0,0,0,0,0,0,1
108657,0,0,0,0,0,0,0,0,1
108658,0,0,0,0,0,0,0,0,1
108659,0,0,0,0,0,0,0,0,1
108660,0,0,0,0,0,0,0,0,1
108661,0,0,0,0,0,0,0,0,1
108662,0,0,0,0,0,0,0,0,1
108663,0,0,0,0,0,0,0,0,1
108664,0,0,0,0,0,0,0,0,1
108665,0,0,0,0,0,0,0,0,1
108666,0,0,0,0,0,0,0,0,1
108667,0,0,0,0,0,0,0,0,1
108668,0,0,0,0,0,0,0,0,1
108669,0,0,0,0,0,0,0,0,1
108670,0,0,0,0,0,0,0,0,1
108671,0,0,0,0,0,0,0,0,1
108672,0,0,0,0,0,0,0,0,1
108673,0,0,0,0,0,0,0,0,1
108674,0,0,0,0,0,0,0,0,1
108675,0,0,0,0,0,0,0,0,1
108676,0,0,0,0,0,0,0,0,1
108677,0,0,0,0,0,0,0,0,1
108678,0,0,0,0,0,0,0,0,1
108679,0,0,0,0,0,0,0,0,1
108680,0,0,0,0,0,0,0,0,1
108681,0,0,0,0,0,0,0,0,1
108682,0,0,0,0,0,0,0,0,1
108683,0,0,0,0,0,0,0,0,1
108684,0,0,0,0,0,0,0,0,1
108685,0,0,0,0,0,0,0,0,1
108686,0,0,0,0,0,0,0,0,1
108687,0,0,0,0,0,0,0,0,1
108688,0,0,0,0,0,0,0,0,1
108689,0,0,0,0,0,0,0,0,1
108690,0,0,0,0,0,0,0,0,1
108691,0,0,0,0,0,0,0,0,1
108692,0,0,0,0,0,0,0,0,1
108693,0,0,0,0,0,0,0,0,1
108694,0,0,0,0,0,0,0,0,1
108695,0,0,0,0,0,0,0,0,1
108696,0,0,0,0,0,0,0,0,1
108697,0,0,0,0,0,0,0,0,1
108698,0,0,0,0,0,0,0,0,1
108699,0,0,0,0,0,0,0,0,1
108700,0,0,0,0,0,0,0,0,1
108701,0,0,0,0,0,0,0,0,1
108702,0,0,0,0,0,0,0,0,1
108703,0,0,0,0,0,0,0,0,1
108704,0,0,0,0,0,0,0,0,1
108705,0,0,0,0,0,0,0,0,1
108706,0,0,0,0,0,0,0,0,1
108707,0,0,0,0,0,0,0,0,1
108708,0,0,0,0,0,0,0,0,1
108709,0,0,0,0,0,0,0,0,1
108710,0,0,0,0,0,0,0,0,1
108711,0,0,0,0,0,0,0,0,1
108712,0,0,0,0,0,0,0,0,1
108713,0,0,0,0,0,0,0,0,1
108714,0,0,0,0,0,0,0,0,1
108715,0,0,0,0,0,0,0,0,1
108716,0,0,0,0,0,0,0,0,1
108717,0,0,0,0,0,0,0,0,1
108718,0,0,0,0,0,0,0,0,1
108719,0,0,0,0,0,0,0,0,1
108720,0,0,0,0,0,0,0,0,1
108721,0,0,0,0,0,0,0,0,1
108722,0,0,0,0,0,0,0,0,1
108723,0,0,0,0,0,0,0,0,1
108724,0,0,0,0,0,0,0,0,1
108725,0,0,0,0,0,0,0,0,1
108726,0,0,0,0,0,0,0,0,1
108727,0,0,0,0,0,0,0,0,1
108728,0,0,0,0,0,0,0,0,1
108729,0,0,0,0,0,0,0,0,1
108730,0,0,0,0,0,0,0,0,1
108731,0,0,0,0,0,0,0,0,1
108732,0,0,0,0,0,0,0,0,1
108733,0,0,0,0,0,0,0,0,1
108734,0,0,0,0,0,0,0,0,1
108735,0,0,0,0,0,0,0,0,1
108736,0,0,0,0,0,0,0,0,1
108737,0,0,0,0,0,0,0,0,1
108738,0,0,0,0,0,0,0,0,1
108739,0,0,0,0,0,0,0,0,1
108740,0,0,0,0,0,0,0,0,1
108741,0,0,0,0,0,0,0,0,1
108742,0,0,0,0,0,0,0,0,1
108743,0,0,0,0,0,0,0,0,1
108744,0,0,0,0,0,0,0,0,1
108745,0,0,0,0,0,0,0,0,1
108746,0,0,0,0,0,0,0,0,1
108747,0,0,0,0,0,0,0,0,1
108748,0,0,0,0,0,0,0,0,1
108749,0,0,0,0,0,0,0,0,1
108750,0,0,0,0,0,0,0,0,1
108751,0,0,0,0,0,0,0,0,1
108752,0,0,0,0,0,0,0,0,1
108753,0,0,0,0,0,0,0,0,1
108754,0,0,0,0,0,0,0,0,1
108755,0,0,0,0,0,0,0,0,1
108756,0,0,0,0,0,0,0,0,1
108757,0,0,0,0,0,0,0,0,1
108758,0,0,0,0,0,0,0,0,1
108759,0,0,0,0,0,0,0,0,1
108760,0,0,0,0,0,0,0,0,1
108761,0,0,0,0,0,0,0,0,1
108762,0,0,0,0,0,0,0,0,1
108763,0,0,0,0,0,0,0,0,1
108764,0,0,0,0,0,0,0,0,1
108765,0,0,0,0,0,0,0,0,1
108766,0,0,0,0,0,0,0,0,1
108767,0,0,0,0,0,0,0,0,1
108768,0,0,0,0,0,0,0,0,1
108769,0,0,0,0,0,0,0,0,1
108770,0,0,0,0,0,0,0,0,1
108771,0,0,0,0,0,0,0,0,1
108772,0,0,0,0,0,0,0,0,1
108773,0,0,0,0,0,0,0,0,1
108774,0,0,0,0,0,0,0,0,1
108775,0,0,0,0,0,0,0,0,1
108776,0,0,0,0,0,0,0,0,1
108777,0,0,0,0,0,0,0,0,1
108778,0,0,0,0,0,0,0,0,1
108779,0,0,0,0,0,0,0,0,1
108780,0,0,0,0,0,0,0,0,1
108781,0,0,0,0,0,0,0,0,1
108782,0,0,0,0,0,0,0,0,1
108783,0,0,0,0,0,0,0,0,1
108784,0,0,0,0,0,0,0,0,1
108785,0,0,0,0,0,0,0,0,1
108786,0,0,0,0,0,0,0,0,1
108787,0,0,0,0,0,0,0,0,1
108788,0,0,0,0,0,0,0,0,1
108789,0,0,0,0,0,0,0,0,1
108790,0,0,0,0,0,0,0,0,1
108791,0,0,0,0,0,0,0,0,1
108792,0,0,0,0,0,0,0,0,1
108793,0,0,0,0,0,0,0,0,1
108794,0,0,0,0,0,0,0,0,1
108795,0,0,0,0,0,0,0,0,1
108796,0,0,0,0,0,0,0,0,1
108797,0,0,0,0,0,0,0,0,1
108798,0,0,0,0,0,0,0,0,1
108799,0,0,0,0,0,0,0,0,1
108800,0,0,0,0,0,0,0,0,1
108801,0,0,0,0,0,0,0,0,1
108802,0,0,0,0,0,0,0,0,1
108803,0,0,0,0,0,0,0,0,1
108804,0,0,0,0,0,0,0,0,1
108805,0,0,0,0,0,0,0,0,1
108806,0,0,0,0,0,0,0,0,1
108807,0,0,0,0,0,0,0,0,1
108808,0,0,0,0,0,0,0,0,1
108809,0,0,0,0,0,0,0,0,1
108810,0,0,0,0,0,0,0,0,1
108811,0,0,0,0,0,0,0,0,1
108812,0,0,0,0,0,0,0,0,1
108813,0,0,0,0,0,0,0,0,1
108814,0,0,0,0,0,0,0,0,1
108815,0,0,0,0,0,0,0,0,1
108816,0,0,0,0,0,0,0,0,1
108817,0,0,0,0,0,0,0,0,1
108818,0,0,0,0,0,0,0,0,1
108819,0,0,0,0,0,0,0,0,1
108820,0,0,0,0,0,0,0,0,1
108821,0,0,0,0,0,0,0,0,1
108822,0,0,0,0,0,0,0,0,1
108823,0,0,0,0,0,0,0,0,1
108824,0,0,0,0,0,0,0,0,1
108825,0,0,0,0,0,0,0,0,1
108826,0,0,0,0,0,0,0,0,1
108827,0,0,0,0,0,0,0,0,1
108828,0,0,0,0,0,0,0,0,1
108829,0,0,0,0,0,0,0,0,1
108830,0,0,0,0,0,0,0,0,1
108831,0,0,0,0,0,0,0,0,1
108832,0,0,0,0,0,0,0,0,1
108833,0,0,0,0,0,0,0,0,1
108834,0,0,0,0,0,0,0,0,1
108835,0,0,0,0,0,0,0,0,1
108836,0,0,0,0,0,0,0,0,1
108837,0,0,0,0,0,0,0,0,1
108838,0,0,0,0,0,0,0,0,1
108839,0,0,0,0,0,0,0,0,1
108840,0,0,0,0,0,0,0,0,1
108841,0,0,0,0,0,0,0,0,1
108842,0,0,0,0,0,0,0,0,1
108843,0,0,0,0,0,0,0,0,1
108844,0,0,0,0,0,0,0,0,1
108845,0,0,0,0,0,0,0,0,1
108846,0,0,0,0,0,0,0,0,1
108847,0,0,0,0,0,0,0,0,1
108848,0,0,0,0,0,0,0,0,1
108849,0,0,0,0,0,0,0,0,1
108850,0,0,0,0,0,0,0,0,1
108851,0,0,0,0,0,0,0,0,1
108852,0,0,0,0,0,0,0,0,1
108853,0,0,0,0,0,0,0,0,1
108854,0,0,0,0,0,0,0,0,1
108855,0,0,0,0,0,0,0,0,1
108856,0,0,0,0,0,0,0,0,1
108857,0,0,0,0,0,0,0,0,1
108858,0,0,0,0,0,0,0,0,1
108859,0,0,0,0,0,0,0,0,1
108860,0,0,0,0,0,0,0,0,1
108861,0,0,0,0,0,0,0,0,1
108862,0,0,0,0,0,0,0,0,1
108863,0,0,0,0,0,0,0,0,1
108864,0,0,0,0,0,0,0,0,1
108865,0,0,0,0,0,0,0,0,1
108866,0,0,0,0,0,0,0,0,1
108867,0,0,0,0,0,0,0,0,1
108868,0,0,0,0,0,0,0,0,1
108869,0,0,0,0,0,0,0,0,1
108870,0,0,0,0,0,0,0,0,1
108871,0,0,0,0,0,0,0,0,1
108872,0,0,0,0,0,0,0,0,1
108873,0,0,0,0,0,0,0,0,1
108874,0,0,0,0,0,0,0,0,1
108875,0,0,0,0,0,0,0,0,1
108876,0,0,0,0,0,0,0,0,1
108877,0,0,0,0,0,0,0,0,1
108878,0,0,0,0,0,0,0,0,1
108879,0,0,0,0,0,0,0,0,1
108880,0,0,0,0,0,0,0,0,1
108881,0,0,0,0,0,0,0,0,1
108882,0,0,0,0,0,0,0,0,1
108883,0,0,0,0,0,0,0,0,1
108884,0,0,0,0,0,0,0,0,1
108885,0,0,0,0,0,0,0,0,1
108886,0,0,0,0,0,0,0,0,1
108887,0,0,0,0,0,0,0,0,1
108888,0,0,0,0,0,0,0,0,1
108889,0,0,0,0,0,0,0,0,1
108890,0,0,0,0,0,0,0,0,1
108891,0,0,0,0,0,0,0,0,1
108892,0,0,0,0,0,0,0,0,1
108893,0,0,0,0,0,0,0,0,1
108894,0,0,0,0,0,0,0,0,1
108895,0,0,0,0,0,0,0,0,1
108896,0,0,0,0,0,0,0,0,1
108897,0,0,0,0,0,0,0,0,1
108898,0,0,0,0,0,0,0,0,1
108899,0,0,0,0,0,0,0,0,1
108900,0,0,0,0,0,0,0,0,1
108901,0,0,0,0,0,0,0,0,1
108902,0,0,0,0,0,0,0,0,1
108903,0,0,0,0,0,0,0,0,1
108904,0,0,0,0,0,0,0,0,1
108905,0,0,0,0,0,0,0,0,1
108906,0,0,0,0,0,0,0,0,1
108907,0,0,0,0,0,0,0,0,1
108908,0,0,0,0,0,0,0,0,1
108909,0,0,0,0,0,0,0,0,1
108910,0,0,0,0,0,0,0,0,1
108911,0,0,0,0,0,0,0,0,1
108912,0,0,0,0,0,0,0,0,1
108913,0,0,0,0,0,0,0,0,1
108914,0,0,0,0,0,0,0,0,1
108915,0,0,0,0,0,0,0,0,1
108916,0,0,0,0,0,0,0,0,1
108917,0,0,0,0,0,0,0,0,1
108918,0,0,0,0,0,0,0,0,1
108919,0,0,0,0,0,0,0,0,1
108920,0,0,0,0,0,0,0,0,1
108921,0,0,0,0,0,0,0,0,1
108922,0,0,0,0,0,0,0,0,1
108923,0,0,0,0,0,0,0,0,1
108924,0,0,0,0,0,0,0,0,1
108925,0,0,0,0,0,0,0,0,1
108926,0,0,0,0,0,0,0,0,1
108927,0,0,0,0,0,0,0,0,1
108928,0,0,0,0,0,0,0,0,1
108929,0,0,0,0,0,0,0,0,1
108930,0,0,0,0,0,0,0,0,1
108931,0,0,0,0,0,0,0,0,1
108932,0,0,0,0,0,0,0,0,1
108933,0,0,0,0,0,0,0,0,1
108934,0,0,0,0,0,0,0,0,1
108935,0,0,0,0,0,0,0,0,1
108936,0,0,0,0,0,0,0,0,1
108937,0,0,0,0,0,0,0,0,1
108938,0,0,0,0,0,0,0,0,1
108939,0,0,0,0,0,0,0,0,1
108940,0,0,0,0,0,0,0,0,1
108941,0,0,0,0,0,0,0,0,1
108942,0,0,0,0,0,0,0,0,1
108943,0,0,0,0,0,0,0,0,1
108944,0,0,0,0,0,0,0,0,1
108945,0,0,0,0,0,0,0,0,1
108946,0,0,0,0,0,0,0,0,1
108947,0,0,0,0,0,0,0,0,1
108948,0,0,0,0,0,0,0,0,1
108949,0,0,0,0,0,0,0,0,1
108950,0,0,0,0,0,0,0,0,1
108951,0,0,0,0,0,0,0,0,1
108952,0,0,0,0,0,0,0,0,1
108953,0,0,0,0,0,0,0,0,1
108954,0,0,0,0,0,0,0,0,1
108955,0,0,0,0,0,0,0,0,1
108956,0,0,0,0,0,0,0,0,1
108957,0,0,0,0,0,0,0,0,1
108958,0,0,0,0,0,0,0,0,1
108959,0,0,0,0,0,0,0,0,1
108960,0,0,0,0,0,0,0,0,1
108961,0,0,0,0,0,0,0,0,1
108962,0,0,0,0,0,0,0,0,1
108963,0,0,0,0,0,0,0,0,1
108964,0,0,0,0,0,0,0,0,1
108965,0,0,0,0,0,0,0,0,1
108966,0,0,0,0,0,0,0,0,1
108967,0,0,0,0,0,0,0,0,1
108968,0,0,0,0,0,0,0,0,1
108969,0,0,0,0,0,0,0,0,1
108970,0,0,0,0,0,0,0,0,1
108971,0,0,0,0,0,0,0,0,1
108972,0,0,0,0,0,0,0,0,1
108973,0,0,0,0,0,0,0,0,1
108974,0,0,0,0,0,0,0,0,1
108975,0,0,0,0,0,0,0,0,1
108976,0,0,0,0,0,0,0,0,1
108977,0,0,0,0,0,0,0,0,1
108978,0,0,0,0,0,0,0,0,1
108979,0,0,0,0,0,0,0,0,1
108980,0,0,0,0,0,0,0,0,1
108981,0,0,0,0,0,0,0,0,1
108982,0,0,0,0,0,0,0,0,1
108983,0,0,0,0,0,0,0,0,1
108984,0,0,0,0,0,0,0,0,1
108985,0,0,0,0,0,0,0,0,1
108986,0,0,0,0,0,0,0,0,1
108987,0,0,0,0,0,0,0,0,1
108988,0,0,0,0,0,0,0,0,1
108989,0,0,0,0,0,0,0,0,1
108990,0,0,0,0,0,0,0,0,1
108991,0,0,0,0,0,0,0,0,1
108992,0,0,0,0,0,0,0,0,1
108993,0,0,0,0,0,0,0,0,1
108994,0,0,0,0,0,0,0,0,1
108995,0,0,0,0,0,0,0,0,1
108996,0,0,0,0,0,0,0,0,1
108997,0,0,0,0,0,0,0,0,1
108998,0,0,0,0,0,0,0,0,1
108999,0,0,0,0,0,0,0,0,1
109000,0,0,0,0,0,0,0,0,1
109001,0,0,0,0,0,0,0,0,1
109002,0,0,0,0,0,0,0,0,1
109003,0,0,0,0,0,0,0,0,1
109004,0,0,0,0,0,0,0,0,1
109005,0,0,0,0,0,0,0,0,1
109006,0,0,0,0,0,0,0,0,1
109007,0,0,0,0,0,0,0,0,1
109008,0,0,0,0,0,0,0,0,1
109009,0,0,0,0,0,0,0,0,1
109010,0,0,0,0,0,0,0,0,1
109011,0,0,0,0,0,0,0,0,1
109012,0,0,0,0,0,0,0,0,1
109013,0,0,0,0,0,0,0,0,1
109014,0,0,0,0,0,0,0,0,1
109015,0,0,0,0,0,0,0,0,1
109016,0,0,0,0,0,0,0,0,1
109017,0,0,0,0,0,0,0,0,1
109018,0,0,0,0,0,0,0,0,1
109019,0,0,0,0,0,0,0,0,1
109020,0,0,0,0,0,0,0,0,1
109021,0,0,0,0,0,0,0,0,1
109022,0,0,0,0,0,0,0,0,1
109023,0,0,0,0,0,0,0,0,1
109024,0,0,0,0,0,0,0,0,1
109025,0,0,0,0,0,0,0,0,1
109026,0,0,0,0,0,0,0,0,1
109027,0,0,0,0,0,0,0,0,1
109028,0,0,0,0,0,0,0,0,1
109029,0,0,0,0,0,0,0,0,1
109030,0,0,0,0,0,0,0,0,1
109031,0,0,0,0,0,0,0,0,1
109032,0,0,0,0,0,0,0,0,1
109033,0,0,0,0,0,0,0,0,1
109034,0,0,0,0,0,0,0,0,1
109035,0,0,0,0,0,0,0,0,1
109036,0,0,0,0,0,0,0,0,1
109037,0,0,0,0,0,0,0,0,1
109038,0,0,0,0,0,0,0,0,1
109039,0,0,0,0,0,0,0,0,1
109040,0,0,0,0,0,0,0,0,1
109041,0,0,0,0,0,0,0,0,1
109042,0,0,0,0,0,0,0,0,1
109043,0,0,0,0,0,0,0,0,1
109044,0,0,0,0,0,0,0,0,1
109045,0,0,0,0,0,0,0,0,1
109046,0,0,0,0,0,0,0,0,1
109047,0,0,0,0,0,0,0,0,1
109048,0,0,0,0,0,0,0,0,1
109049,0,0,0,0,0,0,0,0,1
109050,0,0,0,0,0,0,0,0,1
109051,0,0,0,0,0,0,0,0,1
109052,0,0,0,0,0,0,0,0,1
109053,0,0,0,0,0,0,0,0,1
109054,0,0,0,0,0,0,0,0,1
109055,0,0,0,0,0,0,0,0,1
109056,0,0,0,0,0,0,0,0,1
109057,0,0,0,0,0,0,0,0,1
109058,0,0,0,0,0,0,0,0,1
109059,0,0,0,0,0,0,0,0,1
109060,0,0,0,0,0,0,0,0,1
109061,0,0,0,0,0,0,0,0,1
109062,0,0,0,0,0,0,0,0,1
109063,0,0,0,0,0,0,0,0,1
109064,0,0,0,0,0,0,0,0,1
109065,0,0,0,0,0,0,0,0,1
109066,0,0,0,0,0,0,0,0,1
109067,0,0,0,0,0,0,0,0,1
109068,0,0,0,0,0,0,0,0,1
109069,0,0,0,0,0,0,0,0,1
109070,0,0,0,0,0,0,0,0,1
109071,0,0,0,0,0,0,0,0,1
109072,0,0,0,0,0,0,0,0,1
109073,0,0,0,0,0,0,0,0,1
109074,0,0,0,0,0,0,0,0,1
109075,0,0,0,0,0,0,0,0,1
109076,0,0,0,0,0,0,0,0,1
109077,0,0,0,0,0,0,0,0,1
109078,0,0,0,0,0,0,0,0,1
109079,0,0,0,0,0,0,0,0,1
109080,0,0,0,0,0,0,0,0,1
109081,0,0,0,0,0,0,0,0,1
109082,0,0,0,0,0,0,0,0,1
109083,0,0,0,0,0,0,0,0,1
109084,0,0,0,0,0,0,0,0,1
109085,0,0,0,0,0,0,0,0,1
109086,0,0,0,0,0,0,0,0,1
109087,0,0,0,0,0,0,0,0,1
109088,0,0,0,0,0,0,0,0,1
109089,0,0,0,0,0,0,0,0,1
109090,0,0,0,0,0,0,0,0,1
109091,0,0,0,0,0,0,0,0,1
109092,0,0,0,0,0,0,0,0,1
109093,0,0,0,0,0,0,0,0,1
109094,0,0,0,0,0,0,0,0,1
109095,0,0,0,0,0,0,0,0,1
109096,0,0,0,0,0,0,0,0,1
109097,0,0,0,0,0,0,0,0,1
109098,0,0,0,0,0,0,0,0,1
109099,0,0,0,0,0,0,0,0,1
109100,0,0,0,0,0,0,0,0,1
109101,0,0,0,0,0,0,0,0,1
109102,0,0,0,0,0,0,0,0,1
109103,0,0,0,0,0,0,0,0,1
109104,0,0,0,0,0,0,0,0,1
109105,0,0,0,0,0,0,0,0,1
109106,0,0,0,0,0,0,0,0,1
109107,0,0,0,0,0,0,0,0,1
109108,0,0,0,0,0,0,0,0,1
109109,0,0,0,0,0,0,0,0,1
109110,0,0,0,0,0,0,0,0,1
109111,0,0,0,0,0,0,0,0,1
109112,0,0,0,0,0,0,0,0,1
109113,0,0,0,0,0,0,0,0,1
109114,0,0,0,0,0,0,0,0,1
109115,0,0,0,0,0,0,0,0,1
109116,0,0,0,0,0,0,0,0,1
109117,0,0,0,0,0,0,0,0,1
109118,0,0,0,0,0,0,0,0,1
109119,0,0,0,0,0,0,0,0,1
109120,0,0,0,0,0,0,0,0,1
109121,0,0,0,0,0,0,0,0,1
109122,0,0,0,0,0,0,0,0,1
109123,0,0,0,0,0,0,0,0,1
109124,0,0,0,0,0,0,0,0,1
109125,0,0,0,0,0,0,0,0,1
109126,0,0,0,0,0,0,0,0,1
109127,0,0,0,0,0,0,0,0,1
109128,0,0,0,0,0,0,0,0,1
109129,0,0,0,0,0,0,0,0,1
109130,0,0,0,0,0,0,0,0,1
109131,0,0,0,0,0,0,0,0,1
109132,0,0,0,0,0,0,0,0,1
109133,0,0,0,0,0,0,0,0,1
109134,0,0,0,0,0,0,0,0,1
109135,0,0,0,0,0,0,0,0,1
109136,0,0,0,0,0,0,0,0,1
109137,0,0,0,0,0,0,0,0,1
109138,0,0,0,0,0,0,0,0,1
109139,0,0,0,0,0,0,0,0,1
109140,0,0,0,0,0,0,0,0,1
109141,0,0,0,0,0,0,0,0,1
109142,0,0,0,0,0,0,0,0,1
109143,0,0,0,0,0,0,0,0,1
109144,0,0,0,0,0,0,0,0,1
109145,0,0,0,0,0,0,0,0,1
109146,0,0,0,0,0,0,0,0,1
109147,0,0,0,0,0,0,0,0,1
109148,0,0,0,0,0,0,0,0,1
109149,0,0,0,0,0,0,0,0,1
109150,0,0,0,0,0,0,0,0,1
109151,0,0,0,0,0,0,0,0,1
109152,0,0,0,0,0,0,0,0,1
109153,0,0,0,0,0,0,0,0,1
109154,0,0,0,0,0,0,0,0,1
109155,0,0,0,0,0,0,0,0,1
109156,0,0,0,0,0,0,0,0,1
109157,0,0,0,0,0,0,0,0,1
109158,0,0,0,0,0,0,0,0,1
109159,0,0,0,0,0,0,0,0,1
109160,0,0,0,0,0,0,0,0,1
109161,0,0,0,0,0,0,0,0,1
109162,0,0,0,0,0,0,0,0,1
109163,0,0,0,0,0,0,0,0,1
109164,0,0,0,0,0,0,0,0,1
109165,0,0,0,0,0,0,0,0,1
109166,0,0,0,0,0,0,0,0,1
109167,0,0,0,0,0,0,0,0,1
109168,0,0,0,0,0,0,0,0,1
109169,0,0,0,0,0,0,0,0,1
109170,0,0,0,0,0,0,0,0,1
109171,0,0,0,0,0,0,0,0,1
109172,0,0,0,0,0,0,0,0,1
109173,0,0,0,0,0,0,0,0,1
109174,0,0,0,0,0,0,0,0,1
109175,0,0,0,0,0,0,0,0,1
109176,0,0,0,0,0,0,0,0,1
109177,0,0,0,0,0,0,0,0,1
109178,0,0,0,0,0,0,0,0,1
109179,0,0,0,0,0,0,0,0,1
109180,0,0,0,0,0,0,0,0,1
109181,0,0,0,0,0,0,0,0,1
109182,0,0,0,0,0,0,0,0,1
109183,0,0,0,0,0,0,0,0,1
109184,0,0,0,0,0,0,0,0,1
109185,0,0,0,0,0,0,0,0,1
109186,0,0,0,0,0,0,0,0,1
109187,0,0,0,0,0,0,0,0,1
109188,0,0,0,0,0,0,0,0,1
109189,0,0,0,0,0,0,0,0,1
109190,0,0,0,0,0,0,0,0,1
109191,0,0,0,0,0,0,0,0,1
109192,0,0,0,0,0,0,0,0,1
109193,0,0,0,0,0,0,0,0,1
109194,0,0,0,0,0,0,0,0,1
109195,0,0,0,0,0,0,0,0,1
109196,0,0,0,0,0,0,0,0,1
109197,0,0,0,0,0,0,0,0,1
109198,0,0,0,0,0,0,0,0,1
109199,0,0,0,0,0,0,0,0,1
109200,0,0,0,0,0,0,0,0,1
109201,0,0,0,0,0,0,0,0,1
109202,0,0,0,0,0,0,0,0,1
109203,0,0,0,0,0,0,0,0,1
109204,0,0,0,0,0,0,0,0,1
109205,0,0,0,0,0,0,0,0,1
109206,0,0,0,0,0,0,0,0,1
109207,0,0,0,0,0,0,0,0,1
109208,0,0,0,0,0,0,0,0,1
109209,0,0,0,0,0,0,0,0,1
109210,0,0,0,0,0,0,0,0,1
109211,0,0,0,0,0,0,0,0,1
109212,0,0,0,0,0,0,0,0,1
109213,0,0,0,0,0,0,0,0,1
109214,0,0,0,0,0,0,0,0,1
109215,0,0,0,0,0,0,0,0,1
109216,0,0,0,0,0,0,0,0,1
109217,0,0,0,0,0,0,0,0,1
109218,0,0,0,0,0,0,0,0,1
109219,0,0,0,0,0,0,0,0,1
109220,0,0,0,0,0,0,0,0,1
109221,0,0,0,0,0,0,0,0,1
109222,0,0,0,0,0,0,0,0,1
109223,0,0,0,0,0,0,0,0,1
109224,0,0,0,0,0,0,0,0,1
109225,0,0,0,0,0,0,0,0,1
109226,0,0,0,0,0,0,0,0,1
109227,0,0,0,0,0,0,0,0,1
109228,0,0,0,0,0,0,0,0,1
109229,0,0,0,0,0,0,0,0,1
109230,0,0,0,0,0,0,0,0,1
109231,0,0,0,0,0,0,0,0,1
109232,0,0,0,0,0,0,0,0,1
109233,0,0,0,0,0,0,0,0,1
109234,0,0,0,0,0,0,0,0,1
109235,0,0,0,0,0,0,0,0,1
109236,0,0,0,0,0,0,0,0,1
109237,0,0,0,0,0,0,0,0,1
109238,0,0,0,0,0,0,0,0,1
109239,0,0,0,0,0,0,0,0,1
109240,0,0,0,0,0,0,0,0,1
109241,0,0,0,0,0,0,0,0,1
109242,0,0,0,0,0,0,0,0,1
109243,0,0,0,0,0,0,0,0,1
109244,0,0,0,0,0,0,0,0,1
109245,0,0,0,0,0,0,0,0,1
109246,0,0,0,0,0,0,0,0,1
109247,0,0,0,0,0,0,0,0,1
109248,0,0,0,0,0,0,0,0,1
109249,0,0,0,0,0,0,0,0,1
109250,0,0,0,0,0,0,0,0,1
109251,0,0,0,0,0,0,0,0,1
109252,0,0,0,0,0,0,0,0,1
109253,0,0,0,0,0,0,0,0,1
109254,0,0,0,0,0,0,0,0,1
109255,0,0,0,0,0,0,0,0,1
109256,0,0,0,0,0,0,0,0,1
109257,0,0,0,0,0,0,0,0,1
109258,0,0,0,0,0,0,0,0,1
109259,0,0,0,0,0,0,0,0,1
109260,0,0,0,0,0,0,0,0,1
109261,0,0,0,0,0,0,0,0,1
109262,0,0,0,0,0,0,0,0,1
109263,0,0,0,0,0,0,0,0,1
109264,0,0,0,0,0,0,0,0,1
109265,0,0,0,0,0,0,0,0,1
109266,0,0,0,0,0,0,0,0,1
109267,0,0,0,0,0,0,0,0,1
109268,0,0,0,0,0,0,0,0,1
109269,0,0,0,0,0,0,0,0,1
109270,0,0,0,0,0,0,0,0,1
109271,0,0,0,0,0,0,0,0,1
109272,0,0,0,0,0,0,0,0,1
109273,0,0,0,0,0,0,0,0,1
109274,0,0,0,0,0,0,0,0,1
109275,0,0,0,0,0,0,0,0,1
109276,0,0,0,0,0,0,0,0,1
109277,0,0,0,0,0,0,0,0,1
109278,0,0,0,0,0,0,0,0,1
109279,0,0,0,0,0,0,0,0,1
109280,0,0,0,0,0,0,0,0,1
109281,0,0,0,0,0,0,0,0,1
109282,0,0,0,0,0,0,0,0,1
109283,0,0,0,0,0,0,0,0,1
109284,0,0,0,0,0,0,0,0,1
109285,0,0,0,0,0,0,0,0,1
109286,0,0,0,0,0,0,0,0,1
109287,0,0,0,0,0,0,0,0,1
109288,0,0,0,0,0,0,0,0,1
109289,0,0,0,0,0,0,0,0,1
109290,0,0,0,0,0,0,0,0,1
109291,0,0,0,0,0,0,0,0,1
109292,0,0,0,0,0,0,0,0,1
109293,0,0,0,0,0,0,0,0,1
109294,0,0,0,0,0,0,0,0,1
109295,0,0,0,0,0,0,0,0,1
109296,0,0,0,0,0,0,0,0,1
109297,0,0,0,0,0,0,0,0,1
109298,0,0,0,0,0,0,0,0,1
109299,0,0,0,0,0,0,0,0,1
109300,0,0,0,0,0,0,0,0,1
109301,0,0,0,0,0,0,0,0,1
109302,0,0,0,0,0,0,0,0,1
109303,0,0,0,0,0,0,0,0,1
109304,0,0,0,0,0,0,0,0,1
109305,0,0,0,0,0,0,0,0,1
109306,0,0,0,0,0,0,0,0,1
109307,0,0,0,0,0,0,0,0,1
109308,0,0,0,0,0,0,0,0,1
109309,0,0,0,0,0,0,0,0,1
109310,0,0,0,0,0,0,0,0,1
109311,0,0,0,0,0,0,0,0,1
109312,0,0,0,0,0,0,0,0,1
109313,0,0,0,0,0,0,0,0,1
109314,0,0,0,0,0,0,0,0,1
109315,0,0,0,0,0,0,0,0,1
109316,0,0,0,0,0,0,0,0,1
109317,0,0,0,0,0,0,0,0,1
109318,0,0,0,0,0,0,0,0,1
109319,0,0,0,0,0,0,0,0,1
109320,0,0,0,0,0,0,0,0,1
109321,0,0,0,0,0,0,0,0,1
109322,0,0,0,0,0,0,0,0,1
109323,0,0,0,0,0,0,0,0,1
109324,0,0,0,0,0,0,0,0,1
109325,0,0,0,0,0,0,0,0,1
109326,0,0,0,0,0,0,0,0,1
109327,0,0,0,0,0,0,0,0,1
109328,0,0,0,0,0,0,0,0,1
109329,0,0,0,0,0,0,0,0,1
109330,0,0,0,0,0,0,0,0,1
109331,0,0,0,0,0,0,0,0,1
109332,0,0,0,0,0,0,0,0,1
109333,0,0,0,0,0,0,0,0,1
109334,0,0,0,0,0,0,0,0,1
109335,0,0,0,0,0,0,0,0,1
109336,0,0,0,0,0,0,0,0,1
109337,0,0,0,0,0,0,0,0,1
109338,0,0,0,0,0,0,0,0,1
109339,0,0,0,0,0,0,0,0,1
109340,0,0,0,0,0,0,0,0,1
109341,0,0,0,0,0,0,0,0,1
109342,0,0,0,0,0,0,0,0,1
109343,0,0,0,0,0,0,0,0,1
109344,0,0,0,0,0,0,0,0,1
109345,0,0,0,0,0,0,0,0,1
109346,0,0,0,0,0,0,0,0,1
109347,0,0,0,0,0,0,0,0,1
109348,0,0,0,0,0,0,0,0,1
109349,0,0,0,0,0,0,0,0,1
109350,0,0,0,0,0,0,0,0,1
109351,0,0,0,0,0,0,0,0,1
109352,0,0,0,0,0,0,0,0,1
109353,0,0,0,0,0,0,0,0,1
109354,0,0,0,0,0,0,0,0,1
109355,0,0,0,0,0,0,0,0,1
109356,0,0,0,0,0,0,0,0,1
109357,0,0,0,0,0,0,0,0,1
109358,0,0,0,0,0,0,0,0,1
109359,0,0,0,0,0,0,0,0,1
109360,0,0,0,0,0,0,0,0,1
109361,0,0,0,0,0,0,0,0,1
109362,0,0,0,0,0,0,0,0,1
109363,0,0,0,0,0,0,0,0,1
109364,0,0,0,0,0,0,0,0,1
109365,0,0,0,0,0,0,0,0,1
109366,0,0,0,0,0,0,0,0,1
109367,0,0,0,0,0,0,0,0,1
109368,0,0,0,0,0,0,0,0,1
109369,0,0,0,0,0,0,0,0,1
109370,0,0,0,0,0,0,0,0,1
109371,0,0,0,0,0,0,0,0,1
109372,0,0,0,0,0,0,0,0,1
109373,0,0,0,0,0,0,0,0,1
109374,0,0,0,0,0,0,0,0,1
109375,0,0,0,0,0,0,0,0,1
109376,0,0,0,0,0,0,0,0,1
109377,0,0,0,0,0,0,0,0,1
109378,0,0,0,0,0,0,0,0,1
109379,0,0,0,0,0,0,0,0,1
109380,0,0,0,0,0,0,0,0,1
109381,0,0,0,0,0,0,0,0,1
109382,0,0,0,0,0,0,0,0,1
109383,0,0,0,0,0,0,0,0,1
109384,0,0,0,0,0,0,0,0,1
109385,0,0,0,0,0,0,0,0,1
109386,0,0,0,0,0,0,0,0,1
109387,0,0,0,0,0,0,0,0,1
109388,0,0,0,0,0,0,0,0,1
109389,0,0,0,0,0,0,0,0,1
109390,0,0,0,0,0,0,0,0,1
109391,0,0,0,0,0,0,0,0,1
109392,0,0,0,0,0,0,0,0,1
109393,0,0,0,0,0,0,0,0,1
109394,0,0,0,0,0,0,0,0,1
109395,0,0,0,0,0,0,0,0,1
109396,0,0,0,0,0,0,0,0,1
109397,0,0,0,0,0,0,0,0,1
109398,0,0,0,0,0,0,0,0,1
109399,0,0,0,0,0,0,0,0,1
109400,0,0,0,0,0,0,0,0,1
109401,0,0,0,0,0,0,0,0,1
109402,0,0,0,0,0,0,0,0,1
109403,0,0,0,0,0,0,0,0,1
109404,0,0,0,0,0,0,0,0,1
109405,0,0,0,0,0,0,0,0,1
109406,0,0,0,0,0,0,0,0,1
109407,0,0,0,0,0,0,0,0,1
109408,0,0,0,0,0,0,0,0,1
109409,0,0,0,0,0,0,0,0,1
109410,0,0,0,0,0,0,0,0,1
109411,0,0,0,0,0,0,0,0,1
109412,0,0,0,0,0,0,0,0,1
109413,0,0,0,0,0,0,0,0,1
109414,0,0,0,0,0,0,0,0,1
109415,0,0,0,0,0,0,0,0,1
109416,0,0,0,0,0,0,0,0,1
109417,0,0,0,0,0,0,0,0,1
109418,0,0,0,0,0,0,0,0,1
109419,0,0,0,0,0,0,0,0,1
109420,0,0,0,0,0,0,0,0,1
109421,0,0,0,0,0,0,0,0,1
109422,0,0,0,0,0,0,0,0,1
109423,0,0,0,0,0,0,0,0,1
109424,0,0,0,0,0,0,0,0,1
109425,0,0,0,0,0,0,0,0,1
109426,0,0,0,0,0,0,0,0,1
109427,0,0,0,0,0,0,0,0,1
109428,0,0,0,0,0,0,0,0,1
109429,0,0,0,0,0,0,0,0,1
109430,0,0,0,0,0,0,0,0,1
109431,0,0,0,0,0,0,0,0,1
109432,0,0,0,0,0,0,0,0,1
109433,0,0,0,0,0,0,0,0,1
109434,0,0,0,0,0,0,0,0,1
109435,0,0,0,0,0,0,0,0,1
109436,0,0,0,0,0,0,0,0,1
109437,0,0,0,0,0,0,0,0,1
109438,0,0,0,0,0,0,0,0,1
109439,0,0,0,0,0,0,0,0,1
109440,0,0,0,0,0,0,0,0,1
109441,0,0,0,0,0,0,0,0,1
109442,0,0,0,0,0,0,0,0,1
109443,0,0,0,0,0,0,0,0,1
109444,0,0,0,0,0,0,0,0,1
109445,0,0,0,0,0,0,0,0,1
109446,0,0,0,0,0,0,0,0,1
109447,0,0,0,0,0,0,0,0,1
109448,0,0,0,0,0,0,0,0,1
109449,0,0,0,0,0,0,0,0,1
109450,0,0,0,0,0,0,0,0,1
109451,0,0,0,0,0,0,0,0,1
109452,0,0,0,0,0,0,0,0,1
109453,0,0,0,0,0,0,0,0,1
109454,0,0,0,0,0,0,0,0,1
109455,0,0,0,0,0,0,0,0,1
109456,0,0,0,0,0,0,0,0,1
109457,0,0,0,0,0,0,0,0,1
109458,0,0,0,0,0,0,0,0,1
109459,0,0,0,0,0,0,0,0,1
109460,0,0,0,0,0,0,0,0,1
109461,0,0,0,0,0,0,0,0,1
109462,0,0,0,0,0,0,0,0,1
109463,0,0,0,0,0,0,0,0,1
109464,0,0,0,0,0,0,0,0,1
109465,0,0,0,0,0,0,0,0,1
109466,0,0,0,0,0,0,0,0,1
109467,0,0,0,0,0,0,0,0,1
109468,0,0,0,0,0,0,0,0,1
109469,0,0,0,0,0,0,0,0,1
109470,0,0,0,0,0,0,0,0,1
109471,0,0,0,0,0,0,0,0,1
109472,0,0,0,0,0,0,0,0,1
109473,0,0,0,0,0,0,0,0,1
109474,0,0,0,0,0,0,0,0,1
109475,0,0,0,0,0,0,0,0,1
109476,0,0,0,0,0,0,0,0,1
109477,0,0,0,0,0,0,0,0,1
109478,0,0,0,0,0,0,0,0,1
109479,0,0,0,0,0,0,0,0,1
109480,0,0,0,0,0,0,0,0,1
109481,0,0,0,0,0,0,0,0,1
109482,0,0,0,0,0,0,0,0,1
109483,0,0,0,0,0,0,0,0,1
109484,0,0,0,0,0,0,0,0,1
109485,0,0,0,0,0,0,0,0,1
109486,0,0,0,0,0,0,0,0,1
109487,0,0,0,0,0,0,0,0,1
109488,0,0,0,0,0,0,0,0,1
109489,0,0,0,0,0,0,0,0,1
109490,0,0,0,0,0,0,0,0,1
109491,0,0,0,0,0,0,0,0,1
109492,0,0,0,0,0,0,0,0,1
109493,0,0,0,0,0,0,0,0,1
109494,0,0,0,0,0,0,0,0,1
109495,0,0,0,0,0,0,0,0,1
109496,0,0,0,0,0,0,0,0,1
109497,0,0,0,0,0,0,0,0,1
109498,0,0,0,0,0,0,0,0,1
109499,0,0,0,0,0,0,0,0,1
109500,0,0,0,0,0,0,0,0,1
109501,0,0,0,0,0,0,0,0,1
109502,0,0,0,0,0,0,0,0,1
109503,0,0,0,0,0,0,0,0,1
109504,0,0,0,0,0,0,0,0,1
109505,0,0,0,0,0,0,0,0,1
109506,0,0,0,0,0,0,0,0,1
109507,0,0,0,0,0,0,0,0,1
109508,0,0,0,0,0,0,0,0,1
109509,0,0,0,0,0,0,0,0,1
109510,0,0,0,0,0,0,0,0,1
109511,0,0,0,0,0,0,0,0,1
109512,0,0,0,0,0,0,0,0,1
109513,0,0,0,0,0,0,0,0,1
109514,0,0,0,0,0,0,0,0,1
109515,0,0,0,0,0,0,0,0,1
109516,0,0,0,0,0,0,0,0,1
109517,0,0,0,0,0,0,0,0,1
109518,0,0,0,0,0,0,0,0,1
109519,0,0,0,0,0,0,0,0,1
109520,0,0,0,0,0,0,0,0,1
109521,0,0,0,0,0,0,0,0,1
109522,0,0,0,0,0,0,0,0,1
109523,0,0,0,0,0,0,0,0,1
109524,0,0,0,0,0,0,0,0,1
109525,0,0,0,0,0,0,0,0,1
109526,0,0,0,0,0,0,0,0,1
109527,0,0,0,0,0,0,0,0,1
109528,0,0,0,0,0,0,0,0,1
109529,0,0,0,0,0,0,0,0,1
109530,0,0,0,0,0,0,0,0,1
109531,0,0,0,0,0,0,0,0,1
109532,0,0,0,0,0,0,0,0,1
109533,0,0,0,0,0,0,0,0,1
109534,0,0,0,0,0,0,0,0,1
109535,0,0,0,0,0,0,0,0,1
109536,0,0,0,0,0,0,0,0,1
109537,0,0,0,0,0,0,0,0,1
109538,0,0,0,0,0,0,0,0,1
109539,0,0,0,0,0,0,0,0,1
109540,0,0,0,0,0,0,0,0,1
109541,0,0,0,0,0,0,0,0,1
109542,0,0,0,0,0,0,0,0,1
109543,0,0,0,0,0,0,0,0,1
109544,0,0,0,0,0,0,0,0,1
109545,0,0,0,0,0,0,0,0,1
109546,0,0,0,0,0,0,0,0,1
109547,0,0,0,0,0,0,0,0,1
109548,0,0,0,0,0,0,0,0,1
109549,0,0,0,0,0,0,0,0,1
109550,0,0,0,0,0,0,0,0,1
109551,0,0,0,0,0,0,0,0,1
109552,0,0,0,0,0,0,0,0,1
109553,0,0,0,0,0,0,0,0,1
109554,0,0,0,0,0,0,0,0,1
109555,0,0,0,0,0,0,0,0,1
109556,0,0,0,0,0,0,0,0,1
109557,0,0,0,0,0,0,0,0,1
109558,0,0,0,0,0,0,0,0,1
109559,0,0,0,0,0,0,0,0,1
109560,0,0,0,0,0,0,0,0,1
109561,0,0,0,0,0,0,0,0,1
109562,0,0,0,0,0,0,0,0,1
109563,0,0,0,0,0,0,0,0,1
109564,0,0,0,0,0,0,0,0,1
109565,0,0,0,0,0,0,0,0,1
109566,0,0,0,0,0,0,0,0,1
109567,0,0,0,0,0,0,0,0,1
109568,0,0,0,0,0,0,0,0,1
109569,0,0,0,0,0,0,0,0,1
109570,0,0,0,0,0,0,0,0,1
109571,0,0,0,0,0,0,0,0,1
109572,0,0,0,0,0,0,0,0,1
109573,0,0,0,0,0,0,0,0,1
109574,0,0,0,0,0,0,0,0,1
109575,0,0,0,0,0,0,0,0,1
109576,0,0,0,0,0,0,0,0,1
109577,0,0,0,0,0,0,0,0,1
109578,0,0,0,0,0,0,0,0,1
109579,0,0,0,0,0,0,0,0,1
109580,0,0,0,0,0,0,0,0,1
109581,0,0,0,0,0,0,0,0,1
109582,0,0,0,0,0,0,0,0,1
109583,0,0,0,0,0,0,0,0,1
109584,0,0,0,0,0,0,0,0,1
109585,0,0,0,0,0,0,0,0,1
109586,0,0,0,0,0,0,0,0,1
109587,0,0,0,0,0,0,0,0,1
109588,0,0,0,0,0,0,0,0,1
109589,0,0,0,0,0,0,0,0,1
109590,0,0,0,0,0,0,0,0,1
109591,0,0,0,0,0,0,0,0,1
109592,0,0,0,0,0,0,0,0,1
109593,0,0,0,0,0,0,0,0,1
109594,0,0,0,0,0,0,0,0,1
109595,0,0,0,0,0,0,0,0,1
109596,0,0,0,0,0,0,0,0,1
109597,0,0,0,0,0,0,0,0,1
109598,0,0,0,0,0,0,0,0,1
109599,0,0,0,0,0,0,0,0,1
109600,0,0,0,0,0,0,0,0,1
109601,0,0,0,0,0,0,0,0,1
109602,0,0,0,0,0,0,0,0,1
109603,0,0,0,0,0,0,0,0,1
109604,0,0,0,0,0,0,0,0,1
109605,0,0,0,0,0,0,0,0,1
109606,0,0,0,0,0,0,0,0,1
109607,0,0,0,0,0,0,0,0,1
109608,0,0,0,0,0,0,0,0,1
109609,0,0,0,0,0,0,0,0,1
109610,0,0,0,0,0,0,0,0,1
109611,0,0,0,0,0,0,0,0,1
109612,0,0,0,0,0,0,0,0,1
109613,0,0,0,0,0,0,0,0,1
109614,0,0,0,0,0,0,0,0,1
109615,0,0,0,0,0,0,0,0,1
109616,0,0,0,0,0,0,0,0,1
109617,0,0,0,0,0,0,0,0,1
109618,0,0,0,0,0,0,0,0,1
109619,0,0,0,0,0,0,0,0,1
109620,0,0,0,0,0,0,0,0,1
109621,0,0,0,0,0,0,0,0,1
109622,0,0,0,0,0,0,0,0,1
109623,0,0,0,0,0,0,0,0,1
109624,0,0,0,0,0,0,0,0,1
109625,0,0,0,0,0,0,0,0,1
109626,0,0,0,0,0,0,0,0,1
109627,0,0,0,0,0,0,0,0,1
109628,0,0,0,0,0,0,0,0,1
109629,0,0,0,0,0,0,0,0,1
109630,0,0,0,0,0,0,0,0,1
109631,0,0,0,0,0,0,0,0,1
109632,0,0,0,0,0,0,0,0,1
109633,0,0,0,0,0,0,0,0,1
109634,0,0,0,0,0,0,0,0,1
109635,0,0,0,0,0,0,0,0,1
109636,0,0,0,0,0,0,0,0,1
109637,0,0,0,0,0,0,0,0,1
109638,0,0,0,0,0,0,0,0,1
109639,0,0,0,0,0,0,0,0,1
109640,0,0,0,0,0,0,0,0,1
109641,0,0,0,0,0,0,0,0,1
109642,0,0,0,0,0,0,0,0,1
109643,0,0,0,0,0,0,0,0,1
109644,0,0,0,0,0,0,0,0,1
109645,0,0,0,0,0,0,0,0,1
109646,0,0,0,0,0,0,0,0,1
109647,0,0,0,0,0,0,0,0,1
109648,0,0,0,0,0,0,0,0,1
109649,0,0,0,0,0,0,0,0,1
109650,0,0,0,0,0,0,0,0,1
109651,0,0,0,0,0,0,0,0,1
109652,0,0,0,0,0,0,0,0,1
109653,0,0,0,0,0,0,0,0,1
109654,0,0,0,0,0,0,0,0,1
109655,0,0,0,0,0,0,0,0,1
109656,0,0,0,0,0,0,0,0,1
109657,0,0,0,0,0,0,0,0,1
109658,0,0,0,0,0,0,0,0,1
109659,0,0,0,0,0,0,0,0,1
109660,0,0,0,0,0,0,0,0,1
109661,0,0,0,0,0,0,0,0,1
109662,0,0,0,0,0,0,0,0,1
109663,0,0,0,0,0,0,0,0,1
109664,0,0,0,0,0,0,0,0,1
109665,0,0,0,0,0,0,0,0,1
109666,0,0,0,0,0,0,0,0,1
109667,0,0,0,0,0,0,0,0,1
109668,0,0,0,0,0,0,0,0,1
109669,0,0,0,0,0,0,0,0,1
109670,0,0,0,0,0,0,0,0,1
109671,0,0,0,0,0,0,0,0,1
109672,0,0,0,0,0,0,0,0,1
109673,0,0,0,0,0,0,0,0,1
109674,0,0,0,0,0,0,0,0,1
109675,0,0,0,0,0,0,0,0,1
109676,0,0,0,0,0,0,0,0,1
109677,0,0,0,0,0,0,0,0,1
109678,0,0,0,0,0,0,0,0,1
109679,0,0,0,0,0,0,0,0,1
109680,0,0,0,0,0,0,0,0,1
109681,0,0,0,0,0,0,0,0,1
109682,0,0,0,0,0,0,0,0,1
109683,0,0,0,0,0,0,0,0,1
109684,0,0,0,0,0,0,0,0,1
109685,0,0,0,0,0,0,0,0,1
109686,0,0,0,0,0,0,0,0,1
109687,0,0,0,0,0,0,0,0,1
109688,0,0,0,0,0,0,0,0,1
109689,0,0,0,0,0,0,0,0,1
109690,0,0,0,0,0,0,0,0,1
109691,0,0,0,0,0,0,0,0,1
109692,0,0,0,0,0,0,0,0,1
109693,0,0,0,0,0,0,0,0,1
109694,0,0,0,0,0,0,0,0,1
109695,0,0,0,0,0,0,0,0,1
109696,0,0,0,0,0,0,0,0,1
109697,0,0,0,0,0,0,0,0,1
109698,0,0,0,0,0,0,0,0,1
109699,0,0,0,0,0,0,0,0,1
109700,0,0,0,0,0,0,0,0,1
109701,0,0,0,0,0,0,0,0,1
109702,0,0,0,0,0,0,0,0,1
109703,0,0,0,0,0,0,0,0,1
109704,0,0,0,0,0,0,0,0,1
109705,0,0,0,0,0,0,0,0,1
109706,0,0,0,0,0,0,0,0,1
109707,0,0,0,0,0,0,0,0,1
109708,0,0,0,0,0,0,0,0,1
109709,0,0,0,0,0,0,0,0,1
109710,0,0,0,0,0,0,0,0,1
109711,0,0,0,0,0,0,0,0,1
109712,0,0,0,0,0,0,0,0,1
109713,0,0,0,0,0,0,0,0,1
109714,0,0,0,0,0,0,0,0,1
109715,0,0,0,0,0,0,0,0,1
109716,0,0,0,0,0,0,0,0,1
109717,0,0,0,0,0,0,0,0,1
109718,0,0,0,0,0,0,0,0,1
109719,0,0,0,0,0,0,0,0,1
109720,0,0,0,0,0,0,0,0,1
109721,0,0,0,0,0,0,0,0,1
109722,0,0,0,0,0,0,0,0,1
109723,0,0,0,0,0,0,0,0,1
109724,0,0,0,0,0,0,0,0,1
109725,0,0,0,0,0,0,0,0,1
109726,0,0,0,0,0,0,0,0,1
109727,0,0,0,0,0,0,0,0,1
109728,0,0,0,0,0,0,0,0,1
109729,0,0,0,0,0,0,0,0,1
109730,0,0,0,0,0,0,0,0,1
109731,0,0,0,0,0,0,0,0,1
109732,0,0,0,0,0,0,0,0,1
109733,0,0,0,0,0,0,0,0,1
109734,0,0,0,0,0,0,0,0,1
109735,0,0,0,0,0,0,0,0,1
109736,0,0,0,0,0,0,0,0,1
109737,0,0,0,0,0,0,0,0,1
109738,0,0,0,0,0,0,0,0,1
109739,0,0,0,0,0,0,0,0,1
109740,0,0,0,0,0,0,0,0,1
109741,0,0,0,0,0,0,0,0,1
109742,0,0,0,0,0,0,0,0,1
109743,0,0,0,0,0,0,0,0,1
109744,0,0,0,0,0,0,0,0,1
109745,0,0,0,0,0,0,0,0,1
109746,0,0,0,0,0,0,0,0,1
109747,0,0,0,0,0,0,0,0,1
109748,0,0,0,0,0,0,0,0,1
109749,0,0,0,0,0,0,0,0,1
109750,0,0,0,0,0,0,0,0,1
109751,0,0,0,0,0,0,0,0,1
109752,0,0,0,0,0,0,0,0,1
109753,0,0,0,0,0,0,0,0,1
109754,0,0,0,0,0,0,0,0,1
109755,0,0,0,0,0,0,0,0,1
109756,0,0,0,0,0,0,0,0,1
109757,0,0,0,0,0,0,0,0,1
109758,0,0,0,0,0,0,0,0,1
109759,0,0,0,0,0,0,0,0,1
109760,0,0,0,0,0,0,0,0,1
109761,0,0,0,0,0,0,0,0,1
109762,0,0,0,0,0,0,0,0,1
109763,0,0,0,0,0,0,0,0,1
109764,0,0,0,0,0,0,0,0,1
109765,0,0,0,0,0,0,0,0,1
109766,0,0,0,0,0,0,0,0,1
109767,0,0,0,0,0,0,0,0,1
109768,0,0,0,0,0,0,0,0,1
109769,0,0,0,0,0,0,0,0,1
109770,0,0,0,0,0,0,0,0,1
109771,0,0,0,0,0,0,0,0,1
109772,0,0,0,0,0,0,0,0,1
109773,0,0,0,0,0,0,0,0,1
109774,0,0,0,0,0,0,0,0,1
109775,0,0,0,0,0,0,0,0,1
109776,0,0,0,0,0,0,0,0,1
109777,0,0,0,0,0,0,0,0,1
109778,0,0,0,0,0,0,0,0,1
109779,0,0,0,0,0,0,0,0,1
109780,0,0,0,0,0,0,0,0,1
109781,0,0,0,0,0,0,0,0,1
109782,0,0,0,0,0,0,0,0,1
109783,0,0,0,0,0,0,0,0,1
109784,0,0,0,0,0,0,0,0,1
109785,0,0,0,0,0,0,0,0,1
109786,0,0,0,0,0,0,0,0,1
109787,0,0,0,0,0,0,0,0,1
109788,0,0,0,0,0,0,0,0,1
109789,0,0,0,0,0,0,0,0,1
109790,0,0,0,0,0,0,0,0,1
109791,0,0,0,0,0,0,0,0,1
109792,0,0,0,0,0,0,0,0,1
109793,0,0,0,0,0,0,0,0,1
109794,0,0,0,0,0,0,0,0,1
109795,0,0,0,0,0,0,0,0,1
109796,0,0,0,0,0,0,0,0,1
109797,0,0,0,0,0,0,0,0,1
109798,0,0,0,0,0,0,0,0,1
109799,0,0,0,0,0,0,0,0,1
109800,0,0,0,0,0,0,0,0,1
109801,0,0,0,0,0,0,0,0,1
109802,0,0,0,0,0,0,0,0,1
109803,0,0,0,0,0,0,0,0,1
109804,0,0,0,0,0,0,0,0,1
109805,0,0,0,0,0,0,0,0,1
109806,0,0,0,0,0,0,0,0,1
109807,0,0,0,0,0,0,0,0,1
109808,0,0,0,0,0,0,0,0,1
109809,0,0,0,0,0,0,0,0,1
109810,0,0,0,0,0,0,0,0,1
109811,0,0,0,0,0,0,0,0,1
109812,0,0,0,0,0,0,0,0,1
109813,0,0,0,0,0,0,0,0,1
109814,0,0,0,0,0,0,0,0,1
109815,0,0,0,0,0,0,0,0,1
109816,0,0,0,0,0,0,0,0,1
109817,0,0,0,0,0,0,0,0,1
109818,0,0,0,0,0,0,0,0,1
109819,0,0,0,0,0,0,0,0,1
109820,0,0,0,0,0,0,0,0,1
109821,0,0,0,0,0,0,0,0,1
109822,0,0,0,0,0,0,0,0,1
109823,0,0,0,0,0,0,0,0,1
109824,0,0,0,0,0,0,0,0,1
109825,0,0,0,0,0,0,0,0,1
109826,0,0,0,0,0,0,0,0,1
109827,0,0,0,0,0,0,0,0,1
109828,0,0,0,0,0,0,0,0,1
109829,0,0,0,0,0,0,0,0,1
109830,0,0,0,0,0,0,0,0,1
109831,0,0,0,0,0,0,0,0,1
109832,0,0,0,0,0,0,0,0,1
109833,0,0,0,0,0,0,0,0,1
109834,0,0,0,0,0,0,0,0,1
109835,0,0,0,0,0,0,0,0,1
109836,0,0,0,0,0,0,0,0,1
109837,0,0,0,0,0,0,0,0,1
109838,0,0,0,0,0,0,0,0,1
109839,0,0,0,0,0,0,0,0,1
109840,0,0,0,0,0,0,0,0,1
109841,0,0,0,0,0,0,0,0,1
109842,0,0,0,0,0,0,0,0,1
109843,0,0,0,0,0,0,0,0,1
109844,0,0,0,0,0,0,0,0,1
109845,0,0,0,0,0,0,0,0,1
109846,0,0,0,0,0,0,0,0,1
109847,0,0,0,0,0,0,0,0,1
109848,0,0,0,0,0,0,0,0,1
109849,0,0,0,0,0,0,0,0,1
109850,0,0,0,0,0,0,0,0,1
109851,0,0,0,0,0,0,0,0,1
109852,0,0,0,0,0,0,0,0,1
109853,0,0,0,0,0,0,0,0,1
109854,0,0,0,0,0,0,0,0,1
109855,0,0,0,0,0,0,0,0,1
109856,0,0,0,0,0,0,0,0,1
109857,0,0,0,0,0,0,0,0,1
109858,0,0,0,0,0,0,0,0,1
109859,0,0,0,0,0,0,0,0,1
109860,0,0,0,0,0,0,0,0,1
109861,0,0,0,0,0,0,0,0,1
109862,0,0,0,0,0,0,0,0,1
109863,0,0,0,0,0,0,0,0,1
109864,0,0,0,0,0,0,0,0,1
109865,0,0,0,0,0,0,0,0,1
109866,0,0,0,0,0,0,0,0,1
109867,0,0,0,0,0,0,0,0,1
109868,0,0,0,0,0,0,0,0,1
109869,0,0,0,0,0,0,0,0,1
109870,0,0,0,0,0,0,0,0,1
109871,0,0,0,0,0,0,0,0,1
109872,0,0,0,0,0,0,0,0,1
109873,0,0,0,0,0,0,0,0,1
109874,0,0,0,0,0,0,0,0,1
109875,0,0,0,0,0,0,0,0,1
109876,0,0,0,0,0,0,0,0,1
109877,0,0,0,0,0,0,0,0,1
109878,0,0,0,0,0,0,0,0,1
109879,0,0,0,0,0,0,0,0,1
109880,0,0,0,0,0,0,0,0,1
109881,0,0,0,0,0,0,0,0,1
109882,0,0,0,0,0,0,0,0,1
109883,0,0,0,0,0,0,0,0,1
109884,0,0,0,0,0,0,0,0,1
109885,0,0,0,0,0,0,0,0,1
109886,0,0,0,0,0,0,0,0,1
109887,0,0,0,0,0,0,0,0,1
109888,0,0,0,0,0,0,0,0,1
109889,0,0,0,0,0,0,0,0,1
109890,0,0,0,0,0,0,0,0,1
109891,0,0,0,0,0,0,0,0,1
109892,0,0,0,0,0,0,0,0,1
109893,0,0,0,0,0,0,0,0,1
109894,0,0,0,0,0,0,0,0,1
109895,0,0,0,0,0,0,0,0,1
109896,0,0,0,0,0,0,0,0,1
109897,0,0,0,0,0,0,0,0,1
109898,0,0,0,0,0,0,0,0,1
109899,0,0,0,0,0,0,0,0,1
109900,0,0,0,0,0,0,0,0,1
109901,0,0,0,0,0,0,0,0,1
109902,0,0,0,0,0,0,0,0,1
109903,0,0,0,0,0,0,0,0,1
109904,0,0,0,0,0,0,0,0,1
109905,0,0,0,0,0,0,0,0,1
109906,0,0,0,0,0,0,0,0,1
109907,0,0,0,0,0,0,0,0,1
109908,0,0,0,0,0,0,0,0,1
109909,0,0,0,0,0,0,0,0,1
109910,0,0,0,0,0,0,0,0,1
109911,0,0,0,0,0,0,0,0,1
109912,0,0,0,0,0,0,0,0,1
109913,0,0,0,0,0,0,0,0,1
109914,0,0,0,0,0,0,0,0,1
109915,0,0,0,0,0,0,0,0,1
109916,0,0,0,0,0,0,0,0,1
109917,0,0,0,0,0,0,0,0,1
109918,0,0,0,0,0,0,0,0,1
109919,0,0,0,0,0,0,0,0,1
109920,0,0,0,0,0,0,0,0,1
109921,0,0,0,0,0,0,0,0,1
109922,0,0,0,0,0,0,0,0,1
109923,0,0,0,0,0,0,0,0,1
109924,0,0,0,0,0,0,0,0,1
109925,0,0,0,0,0,0,0,0,1
109926,0,0,0,0,0,0,0,0,1
109927,0,0,0,0,0,0,0,0,1
109928,0,0,0,0,0,0,0,0,1
109929,0,0,0,0,0,0,0,0,1
109930,0,0,0,0,0,0,0,0,1
109931,0,0,0,0,0,0,0,0,1
109932,0,0,0,0,0,0,0,0,1
109933,0,0,0,0,0,0,0,0,1
109934,0,0,0,0,0,0,0,0,1
109935,0,0,0,0,0,0,0,0,1
109936,0,0,0,0,0,0,0,0,1
109937,0,0,0,0,0,0,0,0,1
109938,0,0,0,0,0,0,0,0,1
109939,0,0,0,0,0,0,0,0,1
109940,0,0,0,0,0,0,0,0,1
109941,0,0,0,0,0,0,0,0,1
109942,0,0,0,0,0,0,0,0,1
109943,0,0,0,0,0,0,0,0,1
109944,0,0,0,0,0,0,0,0,1
109945,0,0,0,0,0,0,0,0,1
109946,0,0,0,0,0,0,0,0,1
109947,0,0,0,0,0,0,0,0,1
109948,0,0,0,0,0,0,0,0,1
109949,0,0,0,0,0,0,0,0,1
109950,0,0,0,0,0,0,0,0,1
109951,0,0,0,0,0,0,0,0,1
109952,0,0,0,0,0,0,0,0,1
109953,0,0,0,0,0,0,0,0,1
109954,0,0,0,0,0,0,0,0,1
109955,0,0,0,0,0,0,0,0,1
109956,0,0,0,0,0,0,0,0,1
109957,0,0,0,0,0,0,0,0,1
109958,0,0,0,0,0,0,0,0,1
109959,0,0,0,0,0,0,0,0,1
109960,0,0,0,0,0,0,0,0,1
109961,0,0,0,0,0,0,0,0,1
109962,0,0,0,0,0,0,0,0,1
109963,0,0,0,0,0,0,0,0,1
109964,0,0,0,0,0,0,0,0,1
109965,0,0,0,0,0,0,0,0,1
109966,0,0,0,0,0,0,0,0,1
109967,0,0,0,0,0,0,0,0,1
109968,0,0,0,0,0,0,0,0,1
109969,0,0,0,0,0,0,0,0,1
109970,0,0,0,0,0,0,0,0,1
109971,0,0,0,0,0,0,0,0,1
109972,0,0,0,0,0,0,0,0,1
109973,0,0,0,0,0,0,0,0,1
109974,0,0,0,0,0,0,0,0,1
109975,0,0,0,0,0,0,0,0,1
109976,0,0,0,0,0,0,0,0,1
109977,0,0,0,0,0,0,0,0,1
109978,0,0,0,0,0,0,0,0,1
109979,0,0,0,0,0,0,0,0,1
109980,0,0,0,0,0,0,0,0,1
109981,0,0,0,0,0,0,0,0,1
109982,0,0,0,0,0,0,0,0,1
109983,0,0,0,0,0,0,0,0,1
109984,0,0,0,0,0,0,0,0,1
109985,0,0,0,0,0,0,0,0,1
109986,0,0,0,0,0,0,0,0,1
109987,0,0,0,0,0,0,0,0,1
109988,0,0,0,0,0,0,0,0,1
109989,0,0,0,0,0,0,0,0,1
109990,0,0,0,0,0,0,0,0,1
109991,0,0,0,0,0,0,0,0,1
109992,0,0,0,0,0,0,0,0,1
109993,0,0,0,0,0,0,0,0,1
109994,0,0,0,0,0,0,0,0,1
109995,0,0,0,0,0,0,0,0,1
109996,0,0,0,0,0,0,0,0,1
109997,0,0,0,0,0,0,0,0,1
109998,0,0,0,0,0,0,0,0,1
109999,0,0,0,0,0,0,0,0,1
110000,0,0,0,0,0,0,0,0,1
110001,0,0,0,0,0,0,0,0,1
110002,0,0,0,0,0,0,0,0,1
110003,0,0,0,0,0,0,0,0,1
110004,0,0,0,0,0,0,0,0,1
110005,0,0,0,0,0,0,0,0,1
110006,0,0,0,0,0,0,0,0,1
110007,0,0,0,0,0,0,0,0,1
110008,0,0,0,0,0,0,0,0,1
110009,0,0,0,0,0,0,0,0,1
110010,0,0,0,0,0,0,0,0,1
110011,0,0,0,0,0,0,0,0,1
110012,0,0,0,0,0,0,0,0,1
110013,0,0,0,0,0,0,0,0,1
110014,0,0,0,0,0,0,0,0,1
110015,0,0,0,0,0,0,0,0,1
110016,0,0,0,0,0,0,0,0,1
110017,0,0,0,0,0,0,0,0,1
110018,0,0,0,0,0,0,0,0,1
110019,0,0,0,0,0,0,0,0,1
110020,0,0,0,0,0,0,0,0,1
110021,0,0,0,0,0,0,0,0,1
110022,0,0,0,0,0,0,0,0,1
110023,0,0,0,0,0,0,0,0,1
110024,0,0,0,0,0,0,0,0,1
110025,0,0,0,0,0,0,0,0,1
110026,0,0,0,0,0,0,0,0,1
110027,0,0,0,0,0,0,0,0,1
110028,0,0,0,0,0,0,0,0,1
110029,0,0,0,0,0,0,0,0,1
110030,0,0,0,0,0,0,0,0,1
110031,0,0,0,0,0,0,0,0,1
110032,0,0,0,0,0,0,0,0,1
110033,0,0,0,0,0,0,0,0,1
110034,0,0,0,0,0,0,0,0,1
110035,0,0,0,0,0,0,0,0,1
110036,0,0,0,0,0,0,0,0,1
110037,0,0,0,0,0,0,0,0,1
110038,0,0,0,0,0,0,0,0,1
110039,0,0,0,0,0,0,0,0,1
110040,0,0,0,0,0,0,0,0,1
110041,0,0,0,0,0,0,0,0,1
110042,0,0,0,0,0,0,0,0,1
110043,0,0,0,0,0,0,0,0,1
110044,0,0,0,0,0,0,0,0,1
110045,0,0,0,0,0,0,0,0,1
110046,0,0,0,0,0,0,0,0,1
110047,0,0,0,0,0,0,0,0,1
110048,0,0,0,0,0,0,0,0,1
110049,0,0,0,0,0,0,0,0,1
110050,0,0,0,0,0,0,0,0,1
110051,0,0,0,0,0,0,0,0,1
110052,0,0,0,0,0,0,0,0,1
110053,0,0,0,0,0,0,0,0,1
110054,0,0,0,0,0,0,0,0,1
110055,0,0,0,0,0,0,0,0,1
110056,0,0,0,0,0,0,0,0,1
110057,0,0,0,0,0,0,0,0,1
110058,0,0,0,0,0,0,0,0,1
110059,0,0,0,0,0,0,0,0,1
110060,0,0,0,0,0,0,0,0,1
110061,0,0,0,0,0,0,0,0,1
110062,0,0,0,0,0,0,0,0,1
110063,0,0,0,0,0,0,0,0,1
110064,0,0,0,0,0,0,0,0,1
110065,0,0,0,0,0,0,0,0,1
110066,0,0,0,0,0,0,0,0,1
110067,0,0,0,0,0,0,0,0,1
110068,0,0,0,0,0,0,0,0,1
110069,0,0,0,0,0,0,0,0,1
110070,0,0,0,0,0,0,0,0,1
110071,0,0,0,0,0,0,0,0,1
110072,0,0,0,0,0,0,0,0,1
110073,0,0,0,0,0,0,0,0,1
110074,0,0,0,0,0,0,0,0,1
110075,0,0,0,0,0,0,0,0,1
110076,0,0,0,0,0,0,0,0,1
110077,0,0,0,0,0,0,0,0,1
110078,0,0,0,0,0,0,0,0,1
110079,0,0,0,0,0,0,0,0,1
110080,0,0,0,0,0,0,0,0,1
110081,0,0,0,0,0,0,0,0,1
110082,0,0,0,0,0,0,0,0,1
110083,0,0,0,0,0,0,0,0,1
110084,0,0,0,0,0,0,0,0,1
110085,0,0,0,0,0,0,0,0,1
110086,0,0,0,0,0,0,0,0,1
110087,0,0,0,0,0,0,0,0,1
110088,0,0,0,0,0,0,0,0,1
110089,0,0,0,0,0,0,0,0,1
110090,0,0,0,0,0,0,0,0,1
110091,0,0,0,0,0,0,0,0,1
110092,0,0,0,0,0,0,0,0,1
110093,0,0,0,0,0,0,0,0,1
110094,0,0,0,0,0,0,0,0,1
110095,0,0,0,0,0,0,0,0,1
110096,0,0,0,0,0,0,0,0,1
110097,0,0,0,0,0,0,0,0,1
110098,0,0,0,0,0,0,0,0,1
110099,0,0,0,0,0,0,0,0,1
110100,0,0,0,0,0,0,0,0,1
110101,0,0,0,0,0,0,0,0,1
110102,0,0,0,0,0,0,0,0,1
110103,0,0,0,0,0,0,0,0,1
110104,0,0,0,0,0,0,0,0,1
110105,0,0,0,0,0,0,0,0,1
110106,0,0,0,0,0,0,0,0,1
110107,0,0,0,0,0,0,0,0,1
110108,0,0,0,0,0,0,0,0,1
110109,0,0,0,0,0,0,0,0,1
110110,0,0,0,0,0,0,0,0,1
110111,0,0,0,0,0,0,0,0,1
110112,0,0,0,0,0,0,0,0,1
110113,0,0,0,0,0,0,0,0,1
110114,0,0,0,0,0,0,0,0,1
110115,0,0,0,0,0,0,0,0,1
110116,0,0,0,0,0,0,0,0,1
110117,0,0,0,0,0,0,0,0,1
110118,0,0,0,0,0,0,0,0,1
110119,0,0,0,0,0,0,0,0,1
110120,0,0,0,0,0,0,0,0,1
110121,0,0,0,0,0,0,0,0,1
110122,0,0,0,0,0,0,0,0,1
110123,0,0,0,0,0,0,0,0,1
110124,0,0,0,0,0,0,0,0,1
110125,0,0,0,0,0,0,0,0,1
110126,0,0,0,0,0,0,0,0,1
110127,0,0,0,0,0,0,0,0,1
110128,0,0,0,0,0,0,0,0,1
110129,0,0,0,0,0,0,0,0,1
110130,0,0,0,0,0,0,0,0,1
110131,0,0,0,0,0,0,0,0,1
110132,0,0,0,0,0,0,0,0,1
110133,0,0,0,0,0,0,0,0,1
110134,0,0,0,0,0,0,0,0,1
110135,0,0,0,0,0,0,0,0,1
110136,0,0,0,0,0,0,0,0,1
110137,0,0,0,0,0,0,0,0,1
110138,0,0,0,0,0,0,0,0,1
110139,0,0,0,0,0,0,0,0,1
110140,0,0,0,0,0,0,0,0,1
110141,0,0,0,0,0,0,0,0,1
110142,0,0,0,0,0,0,0,0,1
110143,0,0,0,0,0,0,0,0,1
110144,0,0,0,0,0,0,0,0,1
110145,0,0,0,0,0,0,0,0,1
110146,0,0,0,0,0,0,0,0,1
110147,0,0,0,0,0,0,0,0,1
110148,0,0,0,0,0,0,0,0,1
110149,0,0,0,0,0,0,0,0,1
110150,0,0,0,0,0,0,0,0,1
110151,0,0,0,0,0,0,0,0,1
110152,0,0,0,0,0,0,0,0,1
110153,0,0,0,0,0,0,0,0,1
110154,0,0,0,0,0,0,0,0,1
110155,0,0,0,0,0,0,0,0,1
110156,0,0,0,0,0,0,0,0,1
110157,0,0,0,0,0,0,0,0,1
110158,0,0,0,0,0,0,0,0,1
110159,0,0,0,0,0,0,0,0,1
110160,0,0,0,0,0,0,0,0,1
110161,0,0,0,0,0,0,0,0,1
110162,0,0,0,0,0,0,0,0,1
110163,0,0,0,0,0,0,0,0,1
110164,0,0,0,0,0,0,0,0,1
110165,0,0,0,0,0,0,0,0,1
110166,0,0,0,0,0,0,0,0,1
110167,0,0,0,0,0,0,0,0,1
110168,0,0,0,0,0,0,0,0,1
110169,0,0,0,0,0,0,0,0,1
110170,0,0,0,0,0,0,0,0,1
110171,0,0,0,0,0,0,0,0,1
110172,0,0,0,0,0,0,0,0,1
110173,0,0,0,0,0,0,0,0,1
110174,0,0,0,0,0,0,0,0,1
110175,0,0,0,0,0,0,0,0,1
110176,0,0,0,0,0,0,0,0,1
110177,0,0,0,0,0,0,0,0,1
110178,0,0,0,0,0,0,0,0,1
110179,0,0,0,0,0,0,0,0,1
110180,0,0,0,0,0,0,0,0,1
110181,0,0,0,0,0,0,0,0,1
110182,0,0,0,0,0,0,0,0,1
110183,0,0,0,0,0,0,0,0,1
110184,0,0,0,0,0,0,0,0,1
110185,0,0,0,0,0,0,0,0,1
110186,0,0,0,0,0,0,0,0,1
110187,0,0,0,0,0,0,0,0,1
110188,0,0,0,0,0,0,0,0,1
110189,0,0,0,0,0,0,0,0,1
110190,0,0,0,0,0,0,0,0,1
110191,0,0,0,0,0,0,0,0,1
110192,0,0,0,0,0,0,0,0,1
110193,0,0,0,0,0,0,0,0,1
110194,0,0,0,0,0,0,0,0,1
110195,0,0,0,0,0,0,0,0,1
110196,0,0,0,0,0,0,0,0,1
110197,0,0,0,0,0,0,0,0,1
110198,0,0,0,0,0,0,0,0,1
110199,0,0,0,0,0,0,0,0,1
110200,0,0,0,0,0,0,0,0,1
110201,0,0,0,0,0,0,0,0,1
110202,0,0,0,0,0,0,0,0,1
110203,0,0,0,0,0,0,0,0,1
110204,0,0,0,0,0,0,0,0,1
110205,0,0,0,0,0,0,0,0,1
110206,0,0,0,0,0,0,0,0,1
110207,0,0,0,0,0,0,0,0,1
110208,0,0,0,0,0,0,0,0,1
110209,0,0,0,0,0,0,0,0,1
110210,0,0,0,0,0,0,0,0,1
110211,0,0,0,0,0,0,0,0,1
110212,0,0,0,0,0,0,0,0,1
110213,0,0,0,0,0,0,0,0,1
110214,0,0,0,0,0,0,0,0,1
110215,0,0,0,0,0,0,0,0,1
110216,0,0,0,0,0,0,0,0,1
110217,0,0,0,0,0,0,0,0,1
110218,0,0,0,0,0,0,0,0,1
110219,0,0,0,0,0,0,0,0,1
110220,0,0,0,0,0,0,0,0,1
110221,0,0,0,0,0,0,0,0,1
110222,0,0,0,0,0,0,0,0,1
110223,0,0,0,0,0,0,0,0,1
110224,0,0,0,0,0,0,0,0,1
110225,0,0,0,0,0,0,0,0,1
110226,0,0,0,0,0,0,0,0,1
110227,0,0,0,0,0,0,0,0,1
110228,0,0,0,0,0,0,0,0,1
110229,0,0,0,0,0,0,0,0,1
110230,0,0,0,0,0,0,0,0,1
110231,0,0,0,0,0,0,0,0,1
110232,0,0,0,0,0,0,0,0,1
110233,0,0,0,0,0,0,0,0,1
110234,0,0,0,0,0,0,0,0,1
110235,0,0,0,0,0,0,0,0,1
110236,0,0,0,0,0,0,0,0,1
110237,0,0,0,0,0,0,0,0,1
110238,0,0,0,0,0,0,0,0,1
110239,0,0,0,0,0,0,0,0,1
110240,0,0,0,0,0,0,0,0,1
110241,0,0,0,0,0,0,0,0,1
110242,0,0,0,0,0,0,0,0,1
110243,0,0,0,0,0,0,0,0,1
110244,0,0,0,0,0,0,0,0,1
110245,0,0,0,0,0,0,0,0,1
110246,0,0,0,0,0,0,0,0,1
110247,0,0,0,0,0,0,0,0,1
110248,0,0,0,0,0,0,0,0,1
110249,0,0,0,0,0,0,0,0,1
110250,0,0,0,0,0,0,0,0,1
110251,0,0,0,0,0,0,0,0,1
110252,0,0,0,0,0,0,0,0,1
110253,0,0,0,0,0,0,0,0,1
110254,0,0,0,0,0,0,0,0,1
110255,0,0,0,0,0,0,0,0,1
110256,0,0,0,0,0,0,0,0,1
110257,0,0,0,0,0,0,0,0,1
110258,0,0,0,0,0,0,0,0,1
110259,0,0,0,0,0,0,0,0,1
110260,0,0,0,0,0,0,0,0,1
110261,0,0,0,0,0,0,0,0,1
110262,0,0,0,0,0,0,0,0,1
110263,0,0,0,0,0,0,0,0,1
110264,0,0,0,0,0,0,0,0,1
110265,0,0,0,0,0,0,0,0,1
110266,0,0,0,0,0,0,0,0,1
110267,0,0,0,0,0,0,0,0,1
110268,0,0,0,0,0,0,0,0,1
110269,0,0,0,0,0,0,0,0,1
110270,0,0,0,0,0,0,0,0,1
110271,0,0,0,0,0,0,0,0,1
110272,0,0,0,0,0,0,0,0,1
110273,0,0,0,0,0,0,0,0,1
110274,0,0,0,0,0,0,0,0,1
110275,0,0,0,0,0,0,0,0,1
110276,0,0,0,0,0,0,0,0,1
110277,0,0,0,0,0,0,0,0,1
110278,0,0,0,0,0,0,0,0,1
110279,0,0,0,0,0,0,0,0,1
110280,0,0,0,0,0,0,0,0,1
110281,0,0,0,0,0,0,0,0,1
110282,0,0,0,0,0,0,0,0,1
110283,0,0,0,0,0,0,0,0,1
110284,0,0,0,0,0,0,0,0,1
110285,0,0,0,0,0,0,0,0,1
110286,0,0,0,0,0,0,0,0,1
110287,0,0,0,0,0,0,0,0,1
110288,0,0,0,0,0,0,0,0,1
110289,0,0,0,0,0,0,0,0,1
110290,0,0,0,0,0,0,0,0,1
110291,0,0,0,0,0,0,0,0,1
110292,0,0,0,0,0,0,0,0,1
110293,0,0,0,0,0,0,0,0,1
110294,0,0,0,0,0,0,0,0,1
110295,0,0,0,0,0,0,0,0,1
110296,0,0,0,0,0,0,0,0,1
110297,0,0,0,0,0,0,0,0,1
110298,0,0,0,0,0,0,0,0,1
110299,0,0,0,0,0,0,0,0,1
110300,0,0,0,0,0,0,0,0,1
110301,0,0,0,0,0,0,0,0,1
110302,0,0,0,0,0,0,0,0,1
110303,0,0,0,0,0,0,0,0,1
110304,0,0,0,0,0,0,0,0,1
110305,0,0,0,0,0,0,0,0,1
110306,0,0,0,0,0,0,0,0,1
110307,0,0,0,0,0,0,0,0,1
110308,0,0,0,0,0,0,0,0,1
110309,0,0,0,0,0,0,0,0,1
110310,0,0,0,0,0,0,0,0,1
110311,0,0,0,0,0,0,0,0,1
110312,0,0,0,0,0,0,0,0,1
110313,0,0,0,0,0,0,0,0,1
110314,0,0,0,0,0,0,0,0,1
110315,0,0,0,0,0,0,0,0,1
110316,0,0,0,0,0,0,0,0,1
110317,0,0,0,0,0,0,0,0,1
110318,0,0,0,0,0,0,0,0,1
110319,0,0,0,0,0,0,0,0,1
110320,0,0,0,0,0,0,0,0,1
110321,0,0,0,0,0,0,0,0,1
110322,0,0,0,0,0,0,0,0,1
110323,0,0,0,0,0,0,0,0,1
110324,0,0,0,0,0,0,0,0,1
110325,0,0,0,0,0,0,0,0,1
110326,0,0,0,0,0,0,0,0,1
110327,0,0,0,0,0,0,0,0,1
110328,0,0,0,0,0,0,0,0,1
110329,0,0,0,0,0,0,0,0,1
110330,0,0,0,0,0,0,0,0,1
110331,0,0,0,0,0,0,0,0,1
110332,0,0,0,0,0,0,0,0,1
110333,0,0,0,0,0,0,0,0,1
110334,0,0,0,0,0,0,0,0,1
110335,0,0,0,0,0,0,0,0,1
110336,0,0,0,0,0,0,0,0,1
110337,0,0,0,0,0,0,0,0,1
110338,0,0,0,0,0,0,0,0,1
110339,0,0,0,0,0,0,0,0,1
110340,0,0,0,0,0,0,0,0,1
110341,0,0,0,0,0,0,0,0,1
110342,0,0,0,0,0,0,0,0,1
110343,0,0,0,0,0,0,0,0,1
110344,0,0,0,0,0,0,0,0,1
110345,0,0,0,0,0,0,0,0,1
110346,0,0,0,0,0,0,0,0,1
110347,0,0,0,0,0,0,0,0,1
110348,0,0,0,0,0,0,0,0,1
110349,0,0,0,0,0,0,0,0,1
110350,0,0,0,0,0,0,0,0,1
110351,0,0,0,0,0,0,0,0,1
110352,0,0,0,0,0,0,0,0,1
110353,0,0,0,0,0,0,0,0,1
110354,0,0,0,0,0,0,0,0,1
110355,0,0,0,0,0,0,0,0,1
110356,0,0,0,0,0,0,0,0,1
110357,0,0,0,0,0,0,0,0,1
110358,0,0,0,0,0,0,0,0,1
110359,0,0,0,0,0,0,0,0,1
110360,0,0,0,0,0,0,0,0,1
110361,0,0,0,0,0,0,0,0,1
110362,0,0,0,0,0,0,0,0,1
110363,0,0,0,0,0,0,0,0,1
110364,0,0,0,0,0,0,0,0,1
110365,0,0,0,0,0,0,0,0,1
110366,0,0,0,0,0,0,0,0,1
110367,0,0,0,0,0,0,0,0,1
110368,0,0,0,0,0,0,0,0,1
110369,0,0,0,0,0,0,0,0,1
110370,0,0,0,0,0,0,0,0,1
110371,0,0,0,0,0,0,0,0,1
110372,0,0,0,0,0,0,0,0,1
110373,0,0,0,0,0,0,0,0,1
110374,0,0,0,0,0,0,0,0,1
110375,0,0,0,0,0,0,0,0,1
110376,0,0,0,0,0,0,0,0,1
110377,0,0,0,0,0,0,0,0,1
110378,0,0,0,0,0,0,0,0,1
110379,0,0,0,0,0,0,0,0,1
110380,0,0,0,0,0,0,0,0,1
110381,0,0,0,0,0,0,0,0,1
110382,0,0,0,0,0,0,0,0,1
110383,0,0,0,0,0,0,0,0,1
110384,0,0,0,0,0,0,0,0,1
110385,0,0,0,0,0,0,0,0,1
110386,0,0,0,0,0,0,0,0,1
110387,0,0,0,0,0,0,0,0,1
110388,0,0,0,0,0,0,0,0,1
110389,0,0,0,0,0,0,0,0,1
110390,0,0,0,0,0,0,0,0,1
110391,0,0,0,0,0,0,0,0,1
110392,0,0,0,0,0,0,0,0,1
110393,0,0,0,0,0,0,0,0,1
110394,0,0,0,0,0,0,0,0,1
110395,0,0,0,0,0,0,0,0,1
110396,0,0,0,0,0,0,0,0,1
110397,0,0,0,0,0,0,0,0,1
110398,0,0,0,0,0,0,0,0,1
110399,0,0,0,0,0,0,0,0,1
110400,0,0,0,0,0,0,0,0,1
110401,0,0,0,0,0,0,0,0,1
110402,0,0,0,0,0,0,0,0,1
110403,0,0,0,0,0,0,0,0,1
110404,0,0,0,0,0,0,0,0,1
110405,0,0,0,0,0,0,0,0,1
110406,0,0,0,0,0,0,0,0,1
110407,0,0,0,0,0,0,0,0,1
110408,0,0,0,0,0,0,0,0,1
110409,0,0,0,0,0,0,0,0,1
110410,0,0,0,0,0,0,0,0,1
110411,0,0,0,0,0,0,0,0,1
110412,0,0,0,0,0,0,0,0,1
110413,0,0,0,0,0,0,0,0,1
110414,0,0,0,0,0,0,0,0,1
110415,0,0,0,0,0,0,0,0,1
110416,0,0,0,0,0,0,0,0,1
110417,0,0,0,0,0,0,0,0,1
110418,0,0,0,0,0,0,0,0,1
110419,0,0,0,0,0,0,0,0,1
110420,0,0,0,0,0,0,0,0,1
110421,0,0,0,0,0,0,0,0,1
110422,0,0,0,0,0,0,0,0,1
110423,0,0,0,0,0,0,0,0,1
110424,0,0,0,0,0,0,0,0,1
110425,0,0,0,0,0,0,0,0,1
110426,0,0,0,0,0,0,0,0,1
110427,0,0,0,0,0,0,0,0,1
110428,0,0,0,0,0,0,0,0,1
110429,0,0,0,0,0,0,0,0,1
110430,0,0,0,0,0,0,0,0,1
110431,0,0,0,0,0,0,0,0,1
110432,0,0,0,0,0,0,0,0,1
110433,0,0,0,0,0,0,0,0,1
110434,0,0,0,0,0,0,0,0,1
110435,0,0,0,0,0,0,0,0,1
110436,0,0,0,0,0,0,0,0,1
110437,0,0,0,0,0,0,0,0,1
110438,0,0,0,0,0,0,0,0,1
110439,0,0,0,0,0,0,0,0,1
110440,0,0,0,0,0,0,0,0,1
110441,0,0,0,0,0,0,0,0,1
110442,0,0,0,0,0,0,0,0,1
110443,0,0,0,0,0,0,0,0,1
110444,0,0,0,0,0,0,0,0,1
110445,0,0,0,0,0,0,0,0,1
110446,0,0,0,0,0,0,0,0,1
110447,0,0,0,0,0,0,0,0,1
110448,0,0,0,0,0,0,0,0,1
110449,0,0,0,0,0,0,0,0,1
110450,0,0,0,0,0,0,0,0,1
110451,0,0,0,0,0,0,0,0,1
110452,0,0,0,0,0,0,0,0,1
110453,0,0,0,0,0,0,0,0,1
110454,0,0,0,0,0,0,0,0,1
110455,0,0,0,0,0,0,0,0,1
110456,0,0,0,0,0,0,0,0,1
110457,0,0,0,0,0,0,0,0,1
110458,0,0,0,0,0,0,0,0,1
110459,0,0,0,0,0,0,0,0,1
110460,0,0,0,0,0,0,0,0,1
110461,0,0,0,0,0,0,0,0,1
110462,0,0,0,0,0,0,0,0,1
110463,0,0,0,0,0,0,0,0,1
110464,0,0,0,0,0,0,0,0,1
110465,0,0,0,0,0,0,0,0,1
110466,0,0,0,0,0,0,0,0,1
110467,0,0,0,0,0,0,0,0,1
110468,0,0,0,0,0,0,0,0,1
110469,0,0,0,0,0,0,0,0,1
110470,0,0,0,0,0,0,0,0,1
110471,0,0,0,0,0,0,0,0,1
110472,0,0,0,0,0,0,0,0,1
110473,0,0,0,0,0,0,0,0,1
110474,0,0,0,0,0,0,0,0,1
110475,0,0,0,0,0,0,0,0,1
110476,0,0,0,0,0,0,0,0,1
110477,0,0,0,0,0,0,0,0,1
110478,0,0,0,0,0,0,0,0,1
110479,0,0,0,0,0,0,0,0,1
110480,0,0,0,0,0,0,0,0,1
110481,0,0,0,0,0,0,0,0,1
110482,0,0,0,0,0,0,0,0,1
110483,0,0,0,0,0,0,0,0,1
110484,0,0,0,0,0,0,0,0,1
110485,0,0,0,0,0,0,0,0,1
110486,0,0,0,0,0,0,0,0,1
110487,0,0,0,0,0,0,0,0,1
110488,0,0,0,0,0,0,0,0,1
110489,0,0,0,0,0,0,0,0,1
110490,0,0,0,0,0,0,0,0,1
110491,0,0,0,0,0,0,0,0,1
110492,0,0,0,0,0,0,0,0,1
110493,0,0,0,0,0,0,0,0,1
110494,0,0,0,0,0,0,0,0,1
110495,0,0,0,0,0,0,0,0,1
110496,0,0,0,0,0,0,0,0,1
110497,0,0,0,0,0,0,0,0,1
110498,0,0,0,0,0,0,0,0,1
110499,0,0,0,0,0,0,0,0,1
110500,0,0,0,0,0,0,0,0,1
110501,0,0,0,0,0,0,0,0,1
110502,0,0,0,0,0,0,0,0,1
110503,0,0,0,0,0,0,0,0,1
110504,0,0,0,0,0,0,0,0,1
110505,0,0,0,0,0,0,0,0,1
110506,0,0,0,0,0,0,0,0,1
110507,0,0,0,0,0,0,0,0,1
110508,0,0,0,0,0,0,0,0,1
110509,0,0,0,0,0,0,0,0,1
110510,0,0,0,0,0,0,0,0,1
110511,0,0,0,0,0,0,0,0,1
110512,0,0,0,0,0,0,0,0,1
110513,0,0,0,0,0,0,0,0,1
110514,0,0,0,0,0,0,0,0,1
110515,0,0,0,0,0,0,0,0,1
110516,0,0,0,0,0,0,0,0,1
110517,0,0,0,0,0,0,0,0,1
110518,0,0,0,0,0,0,0,0,1
110519,0,0,0,0,0,0,0,0,1
110520,0,0,0,0,0,0,0,0,1
110521,0,0,0,0,0,0,0,0,1
110522,0,0,0,0,0,0,0,0,1
110523,0,0,0,0,0,0,0,0,1
110524,0,0,0,0,0,0,0,0,1
110525,0,0,0,0,0,0,0,0,1
110526,0,0,0,0,0,0,0,0,1
110527,0,0,0,0,0,0,0,0,1
110528,0,0,0,0,0,0,0,0,1
110529,0,0,0,0,0,0,0,0,1
110530,0,0,0,0,0,0,0,0,1
110531,0,0,0,0,0,0,0,0,1
110532,0,0,0,0,0,0,0,0,1
110533,0,0,0,0,0,0,0,0,1
110534,0,0,0,0,0,0,0,0,1
110535,0,0,0,0,0,0,0,0,1
110536,0,0,0,0,0,0,0,0,1
110537,0,0,0,0,0,0,0,0,1
110538,0,0,0,0,0,0,0,0,1
110539,0,0,0,0,0,0,0,0,1
110540,0,0,0,0,0,0,0,0,1
110541,0,0,0,0,0,0,0,0,1
110542,0,0,0,0,0,0,0,0,1
110543,0,0,0,0,0,0,0,0,1
110544,0,0,0,0,0,0,0,0,1
110545,0,0,0,0,0,0,0,0,1
110546,0,0,0,0,0,0,0,0,1
110547,0,0,0,0,0,0,0,0,1
110548,0,0,0,0,0,0,0,0,1
110549,0,0,0,0,0,0,0,0,1
110550,0,0,0,0,0,0,0,0,1
110551,0,0,0,0,0,0,0,0,1
110552,0,0,0,0,0,0,0,0,1
110553,0,0,0,0,0,0,0,0,1
110554,0,0,0,0,0,0,0,0,1
110555,0,0,0,0,0,0,0,0,1
110556,0,0,0,0,0,0,0,0,1
110557,0,0,0,0,0,0,0,0,1
110558,0,0,0,0,0,0,0,0,1
110559,0,0,0,0,0,0,0,0,1
110560,0,0,0,0,0,0,0,0,1
110561,0,0,0,0,0,0,0,0,1
110562,0,0,0,0,0,0,0,0,1
110563,0,0,0,0,0,0,0,0,1
110564,0,0,0,0,0,0,0,0,1
110565,0,0,0,0,0,0,0,0,1
110566,0,0,0,0,0,0,0,0,1
110567,0,0,0,0,0,0,0,0,1
110568,0,0,0,0,0,0,0,0,1
110569,0,0,0,0,0,0,0,0,1
110570,0,0,0,0,0,0,0,0,1
110571,0,0,0,0,0,0,0,0,1
110572,0,0,0,0,0,0,0,0,1
110573,0,0,0,0,0,0,0,0,1
110574,0,0,0,0,0,0,0,0,1
110575,0,0,0,0,0,0,0,0,1
110576,0,0,0,0,0,0,0,0,1
110577,0,0,0,0,0,0,0,0,1
110578,0,0,0,0,0,0,0,0,1
110579,0,0,0,0,0,0,0,0,1
110580,0,0,0,0,0,0,0,0,1
110581,0,0,0,0,0,0,0,0,1
110582,0,0,0,0,0,0,0,0,1
110583,0,0,0,0,0,0,0,0,1
110584,0,0,0,0,0,0,0,0,1
110585,0,0,0,0,0,0,0,0,1
110586,0,0,0,0,0,0,0,0,1
110587,0,0,0,0,0,0,0,0,1
110588,0,0,0,0,0,0,0,0,1
110589,0,0,0,0,0,0,0,0,1
110590,0,0,0,0,0,0,0,0,1
110591,0,0,0,0,0,0,0,0,1
110592,0,0,0,0,0,0,0,0,1
110593,0,0,0,0,0,0,0,0,1
110594,0,0,0,0,0,0,0,0,1
110595,0,0,0,0,0,0,0,0,1
110596,0,0,0,0,0,0,0,0,1
110597,0,0,0,0,0,0,0,0,1
110598,0,0,0,0,0,0,0,0,1
110599,0,0,0,0,0,0,0,0,1
110600,0,0,0,0,0,0,0,0,1
110601,0,0,0,0,0,0,0,0,1
110602,0,0,0,0,0,0,0,0,1
110603,0,0,0,0,0,0,0,0,1
110604,0,0,0,0,0,0,0,0,1
110605,0,0,0,0,0,0,0,0,1
110606,0,0,0,0,0,0,0,0,1
110607,0,0,0,0,0,0,0,0,1
110608,0,0,0,0,0,0,0,0,1
110609,0,0,0,0,0,0,0,0,1
110610,0,0,0,0,0,0,0,0,1
110611,0,0,0,0,0,0,0,0,1
110612,0,0,0,0,0,0,0,0,1
110613,0,0,0,0,0,0,0,0,1
110614,0,0,0,0,0,0,0,0,1
110615,0,0,0,0,0,0,0,0,1
110616,0,0,0,0,0,0,0,0,1
110617,0,0,0,0,0,0,0,0,1
110618,0,0,0,0,0,0,0,0,1
110619,0,0,0,0,0,0,0,0,1
110620,0,0,0,0,0,0,0,0,1
110621,0,0,0,0,0,0,0,0,1
110622,0,0,0,0,0,0,0,0,1
110623,0,0,0,0,0,0,0,0,1
110624,0,0,0,0,0,0,0,0,1
110625,0,0,0,0,0,0,0,0,1
110626,0,0,0,0,0,0,0,0,1
110627,0,0,0,0,0,0,0,0,1
110628,0,0,0,0,0,0,0,0,1
110629,0,0,0,0,0,0,0,0,1
110630,0,0,0,0,0,0,0,0,1
110631,0,0,0,0,0,0,0,0,1
110632,0,0,0,0,0,0,0,0,1
110633,0,0,0,0,0,0,0,0,1
110634,0,0,0,0,0,0,0,0,1
110635,0,0,0,0,0,0,0,0,1
110636,0,0,0,0,0,0,0,0,1
110637,0,0,0,0,0,0,0,0,1
110638,0,0,0,0,0,0,0,0,1
110639,0,0,0,0,0,0,0,0,1
110640,0,0,0,0,0,0,0,0,1
110641,0,0,0,0,0,0,0,0,1
110642,0,0,0,0,0,0,0,0,1
110643,0,0,0,0,0,0,0,0,1
110644,0,0,0,0,0,0,0,0,1
110645,0,0,0,0,0,0,0,0,1
110646,0,0,0,0,0,0,0,0,1
110647,0,0,0,0,0,0,0,0,1
110648,0,0,0,0,0,0,0,0,1
110649,0,0,0,0,0,0,0,0,1
110650,0,0,0,0,0,0,0,0,1
110651,0,0,0,0,0,0,0,0,1
110652,0,0,0,0,0,0,0,0,1
110653,0,0,0,0,0,0,0,0,1
110654,0,0,0,0,0,0,0,0,1
110655,0,0,0,0,0,0,0,0,1
110656,0,0,0,0,0,0,0,0,1
110657,0,0,0,0,0,0,0,0,1
110658,0,0,0,0,0,0,0,0,1
110659,0,0,0,0,0,0,0,0,1
110660,0,0,0,0,0,0,0,0,1
110661,0,0,0,0,0,0,0,0,1
110662,0,0,0,0,0,0,0,0,1
110663,0,0,0,0,0,0,0,0,1
110664,0,0,0,0,0,0,0,0,1
110665,0,0,0,0,0,0,0,0,1
110666,0,0,0,0,0,0,0,0,1
110667,0,0,0,0,0,0,0,0,1
110668,0,0,0,0,0,0,0,0,1
110669,0,0,0,0,0,0,0,0,1
110670,0,0,0,0,0,0,0,0,1
110671,0,0,0,0,0,0,0,0,1
110672,0,0,0,0,0,0,0,0,1
110673,0,0,0,0,0,0,0,0,1
110674,0,0,0,0,0,0,0,0,1
110675,0,0,0,0,0,0,0,0,1
110676,0,0,0,0,0,0,0,0,1
110677,0,0,0,0,0,0,0,0,1
110678,0,0,0,0,0,0,0,0,1
110679,0,0,0,0,0,0,0,0,1
110680,0,0,0,0,0,0,0,0,1
110681,0,0,0,0,0,0,0,0,1
110682,0,0,0,0,0,0,0,0,1
110683,0,0,0,0,0,0,0,0,1
110684,0,0,0,0,0,0,0,0,1
110685,0,0,0,0,0,0,0,0,1
110686,0,0,0,0,0,0,0,0,1
110687,0,0,0,0,0,0,0,0,1
110688,0,0,0,0,0,0,0,0,1
110689,0,0,0,0,0,0,0,0,1
110690,0,0,0,0,0,0,0,0,1
110691,0,0,0,0,0,0,0,0,1
110692,0,0,0,0,0,0,0,0,1
110693,0,0,0,0,0,0,0,0,1
110694,0,0,0,0,0,0,0,0,1
110695,0,0,0,0,0,0,0,0,1
110696,0,0,0,0,0,0,0,0,1
110697,0,0,0,0,0,0,0,0,1
110698,0,0,0,0,0,0,0,0,1
110699,0,0,0,0,0,0,0,0,1
110700,0,0,0,0,0,0,0,0,1
110701,0,0,0,0,0,0,0,0,1
110702,0,0,0,0,0,0,0,0,1
110703,0,0,0,0,0,0,0,0,1
110704,0,0,0,0,0,0,0,0,1
110705,0,0,0,0,0,0,0,0,1
110706,0,0,0,0,0,0,0,0,1
110707,0,0,0,0,0,0,0,0,1
110708,0,0,0,0,0,0,0,0,1
110709,0,0,0,0,0,0,0,0,1
110710,0,0,0,0,0,0,0,0,1
110711,0,0,0,0,0,0,0,0,1
110712,0,0,0,0,0,0,0,0,1
110713,0,0,0,0,0,0,0,0,1
110714,0,0,0,0,0,0,0,0,1
110715,0,0,0,0,0,0,0,0,1
110716,0,0,0,0,0,0,0,0,1
110717,0,0,0,0,0,0,0,0,1
110718,0,0,0,0,0,0,0,0,1
110719,0,0,0,0,0,0,0,0,1
110720,0,0,0,0,0,0,0,0,1
110721,0,0,0,0,0,0,0,0,1
110722,0,0,0,0,0,0,0,0,1
110723,0,0,0,0,0,0,0,0,1
110724,0,0,0,0,0,0,0,0,1
110725,0,0,0,0,0,0,0,0,1
110726,0,0,0,0,0,0,0,0,1
110727,0,0,0,0,0,0,0,0,1
110728,0,0,0,0,0,0,0,0,1
110729,0,0,0,0,0,0,0,0,1
110730,0,0,0,0,0,0,0,0,1
110731,0,0,0,0,0,0,0,0,1
110732,0,0,0,0,0,0,0,0,1
110733,0,0,0,0,0,0,0,0,1
110734,0,0,0,0,0,0,0,0,1
110735,0,0,0,0,0,0,0,0,1
110736,0,0,0,0,0,0,0,0,1
110737,0,0,0,0,0,0,0,0,1
110738,0,0,0,0,0,0,0,0,1
110739,0,0,0,0,0,0,0,0,1
110740,0,0,0,0,0,0,0,0,1
110741,0,0,0,0,0,0,0,0,1
110742,0,0,0,0,0,0,0,0,1
110743,0,0,0,0,0,0,0,0,1
110744,0,0,0,0,0,0,0,0,1
110745,0,0,0,0,0,0,0,0,1
110746,0,0,0,0,0,0,0,0,1
110747,0,0,0,0,0,0,0,0,1
110748,0,0,0,0,0,0,0,0,1
110749,0,0,0,0,0,0,0,0,1
110750,0,0,0,0,0,0,0,0,1
110751,0,0,0,0,0,0,0,0,1
110752,0,0,0,0,0,0,0,0,1
110753,0,0,0,0,0,0,0,0,1
110754,0,0,0,0,0,0,0,0,1
110755,0,0,0,0,0,0,0,0,1
110756,0,0,0,0,0,0,0,0,1
110757,0,0,0,0,0,0,0,0,1
110758,0,0,0,0,0,0,0,0,1
110759,0,0,0,0,0,0,0,0,1
110760,0,0,0,0,0,0,0,0,1
110761,0,0,0,0,0,0,0,0,1
110762,0,0,0,0,0,0,0,0,1
110763,0,0,0,0,0,0,0,0,1
110764,0,0,0,0,0,0,0,0,1
110765,0,0,0,0,0,0,0,0,1
110766,0,0,0,0,0,0,0,0,1
110767,0,0,0,0,0,0,0,0,1
110768,0,0,0,0,0,0,0,0,1
110769,0,0,0,0,0,0,0,0,1
110770,0,0,0,0,0,0,0,0,1
110771,0,0,0,0,0,0,0,0,1
110772,0,0,0,0,0,0,0,0,1
110773,0,0,0,0,0,0,0,0,1
110774,0,0,0,0,0,0,0,0,1
110775,0,0,0,0,0,0,0,0,1
110776,0,0,0,0,0,0,0,0,1
110777,0,0,0,0,0,0,0,0,1
110778,0,0,0,0,0,0,0,0,1
110779,0,0,0,0,0,0,0,0,1
110780,0,0,0,0,0,0,0,0,1
110781,0,0,0,0,0,0,0,0,1
110782,0,0,0,0,0,0,0,0,1
110783,0,0,0,0,0,0,0,0,1
110784,0,0,0,0,0,0,0,0,1
110785,0,0,0,0,0,0,0,0,1
110786,0,0,0,0,0,0,0,0,1
110787,0,0,0,0,0,0,0,0,1
110788,0,0,0,0,0,0,0,0,1
110789,0,0,0,0,0,0,0,0,1
110790,0,0,0,0,0,0,0,0,1
110791,0,0,0,0,0,0,0,0,1
110792,0,0,0,0,0,0,0,0,1
110793,0,0,0,0,0,0,0,0,1
110794,0,0,0,0,0,0,0,0,1
110795,0,0,0,0,0,0,0,0,1
110796,0,0,0,0,0,0,0,0,1
110797,0,0,0,0,0,0,0,0,1
110798,0,0,0,0,0,0,0,0,1
110799,0,0,0,0,0,0,0,0,1
110800,0,0,0,0,0,0,0,0,1
110801,0,0,0,0,0,0,0,0,1
110802,0,0,0,0,0,0,0,0,1
110803,0,0,0,0,0,0,0,0,1
110804,0,0,0,0,0,0,0,0,1
110805,0,0,0,0,0,0,0,0,1
110806,0,0,0,0,0,0,0,0,1
110807,0,0,0,0,0,0,0,0,1
110808,0,0,0,0,0,0,0,0,1
110809,0,0,0,0,0,0,0,0,1
110810,0,0,0,0,0,0,0,0,1
110811,0,0,0,0,0,0,0,0,1
110812,0,0,0,0,0,0,0,0,1
110813,0,0,0,0,0,0,0,0,1
110814,0,0,0,0,0,0,0,0,1
110815,0,0,0,0,0,0,0,0,1
110816,0,0,0,0,0,0,0,0,1
110817,0,0,0,0,0,0,0,0,1
110818,0,0,0,0,0,0,0,0,1
110819,0,0,0,0,0,0,0,0,1
110820,0,0,0,0,0,0,0,0,1
110821,0,0,0,0,0,0,0,0,1
110822,0,0,0,0,0,0,0,0,1
110823,0,0,0,0,0,0,0,0,1
110824,0,0,0,0,0,0,0,0,1
110825,0,0,0,0,0,0,0,0,1
110826,0,0,0,0,0,0,0,0,1
110827,0,0,0,0,0,0,0,0,1
110828,0,0,0,0,0,0,0,0,1
110829,0,0,0,0,0,0,0,0,1
110830,0,0,0,0,0,0,0,0,1
110831,0,0,0,0,0,0,0,0,1
110832,0,0,0,0,0,0,0,0,1
110833,0,0,0,0,0,0,0,0,1
110834,0,0,0,0,0,0,0,0,1
110835,0,0,0,0,0,0,0,0,1
110836,0,0,0,0,0,0,0,0,1
110837,0,0,0,0,0,0,0,0,1
110838,0,0,0,0,0,0,0,0,1
110839,0,0,0,0,0,0,0,0,1
110840,0,0,0,0,0,0,0,0,1
110841,0,0,0,0,0,0,0,0,1
110842,0,0,0,0,0,0,0,0,1
110843,0,0,0,0,0,0,0,0,1
110844,0,0,0,0,0,0,0,0,1
110845,0,0,0,0,0,0,0,0,1
110846,0,0,0,0,0,0,0,0,1
110847,0,0,0,0,0,0,0,0,1
110848,0,0,0,0,0,0,0,0,1
110849,0,0,0,0,0,0,0,0,1
110850,0,0,0,0,0,0,0,0,1
110851,0,0,0,0,0,0,0,0,1
110852,0,0,0,0,0,0,0,0,1
110853,0,0,0,0,0,0,0,0,1
110854,0,0,0,0,0,0,0,0,1
110855,0,0,0,0,0,0,0,0,1
110856,0,0,0,0,0,0,0,0,1
110857,0,0,0,0,0,0,0,0,1
110858,0,0,0,0,0,0,0,0,1
110859,0,0,0,0,0,0,0,0,1
110860,0,0,0,0,0,0,0,0,1
110861,0,0,0,0,0,0,0,0,1
110862,0,0,0,0,0,0,0,0,1
110863,0,0,0,0,0,0,0,0,1
110864,0,0,0,0,0,0,0,0,1
110865,0,0,0,0,0,0,0,0,1
110866,0,0,0,0,0,0,0,0,1
110867,0,0,0,0,0,0,0,0,1
110868,0,0,0,0,0,0,0,0,1
110869,0,0,0,0,0,0,0,0,1
110870,0,0,0,0,0,0,0,0,1
110871,0,0,0,0,0,0,0,0,1
110872,0,0,0,0,0,0,0,0,1
110873,0,0,0,0,0,0,0,0,1
110874,0,0,0,0,0,0,0,0,1
110875,0,0,0,0,0,0,0,0,1
110876,0,0,0,0,0,0,0,0,1
110877,0,0,0,0,0,0,0,0,1
110878,0,0,0,0,0,0,0,0,1
110879,0,0,0,0,0,0,0,0,1
110880,0,0,0,0,0,0,0,0,1
110881,0,0,0,0,0,0,0,0,1
110882,0,0,0,0,0,0,0,0,1
110883,0,0,0,0,0,0,0,0,1
110884,0,0,0,0,0,0,0,0,1
110885,0,0,0,0,0,0,0,0,1
110886,0,0,0,0,0,0,0,0,1
110887,0,0,0,0,0,0,0,0,1
110888,0,0,0,0,0,0,0,0,1
110889,0,0,0,0,0,0,0,0,1
110890,0,0,0,0,0,0,0,0,1
110891,0,0,0,0,0,0,0,0,1
110892,0,0,0,0,0,0,0,0,1
110893,0,0,0,0,0,0,0,0,1
110894,0,0,0,0,0,0,0,0,1
110895,0,0,0,0,0,0,0,0,1
110896,0,0,0,0,0,0,0,0,1
110897,0,0,0,0,0,0,0,0,1
110898,0,0,0,0,0,0,0,0,1
110899,0,0,0,0,0,0,0,0,1
110900,0,0,0,0,0,0,0,0,1
110901,0,0,0,0,0,0,0,0,1
110902,0,0,0,0,0,0,0,0,1
110903,0,0,0,0,0,0,0,0,1
110904,0,0,0,0,0,0,0,0,1
110905,0,0,0,0,0,0,0,0,1
110906,0,0,0,0,0,0,0,0,1
110907,0,0,0,0,0,0,0,0,1
110908,0,0,0,0,0,0,0,0,1
110909,0,0,0,0,0,0,0,0,1
110910,0,0,0,0,0,0,0,0,1
110911,0,0,0,0,0,0,0,0,1
110912,0,0,0,0,0,0,0,0,1
110913,0,0,0,0,0,0,0,0,1
110914,0,0,0,0,0,0,0,0,1
110915,0,0,0,0,0,0,0,0,1
110916,0,0,0,0,0,0,0,0,1
110917,0,0,0,0,0,0,0,0,1
110918,0,0,0,0,0,0,0,0,1
110919,0,0,0,0,0,0,0,0,1
110920,0,0,0,0,0,0,0,0,1
110921,0,0,0,0,0,0,0,0,1
110922,0,0,0,0,0,0,0,0,1
110923,0,0,0,0,0,0,0,0,1
110924,0,0,0,0,0,0,0,0,1
110925,0,0,0,0,0,0,0,0,1
110926,0,0,0,0,0,0,0,0,1
110927,0,0,0,0,0,0,0,0,1
110928,0,0,0,0,0,0,0,0,1
110929,0,0,0,0,0,0,0,0,1
110930,0,0,0,0,0,0,0,0,1
110931,0,0,0,0,0,0,0,0,1
110932,0,0,0,0,0,0,0,0,1
110933,0,0,0,0,0,0,0,0,1
110934,0,0,0,0,0,0,0,0,1
110935,0,0,0,0,0,0,0,0,1
110936,0,0,0,0,0,0,0,0,1
110937,0,0,0,0,0,0,0,0,1
110938,0,0,0,0,0,0,0,0,1
110939,0,0,0,0,0,0,0,0,1
110940,0,0,0,0,0,0,0,0,1
110941,0,0,0,0,0,0,0,0,1
110942,0,0,0,0,0,0,0,0,1
110943,0,0,0,0,0,0,0,0,1
110944,0,0,0,0,0,0,0,0,1
110945,0,0,0,0,0,0,0,0,1
110946,0,0,0,0,0,0,0,0,1
110947,0,0,0,0,0,0,0,0,1
110948,0,0,0,0,0,0,0,0,1
110949,0,0,0,0,0,0,0,0,1
110950,0,0,0,0,0,0,0,0,1
110951,0,0,0,0,0,0,0,0,1
110952,0,0,0,0,0,0,0,0,1
110953,0,0,0,0,0,0,0,0,1
110954,0,0,0,0,0,0,0,0,1
110955,0,0,0,0,0,0,0,0,1
110956,0,0,0,0,0,0,0,0,1
110957,0,0,0,0,0,0,0,0,1
110958,0,0,0,0,0,0,0,0,1
110959,0,0,0,0,0,0,0,0,1
110960,0,0,0,0,0,0,0,0,1
110961,0,0,0,0,0,0,0,0,1
110962,0,0,0,0,0,0,0,0,1
110963,0,0,0,0,0,0,0,0,1
110964,0,0,0,0,0,0,0,0,1
110965,0,0,0,0,0,0,0,0,1
110966,0,0,0,0,0,0,0,0,1
110967,0,0,0,0,0,0,0,0,1
110968,0,0,0,0,0,0,0,0,1
110969,0,0,0,0,0,0,0,0,1
110970,0,0,0,0,0,0,0,0,1
110971,0,0,0,0,0,0,0,0,1
110972,0,0,0,0,0,0,0,0,1
110973,0,0,0,0,0,0,0,0,1
110974,0,0,0,0,0,0,0,0,1
110975,0,0,0,0,0,0,0,0,1
110976,0,0,0,0,0,0,0,0,1
110977,0,0,0,0,0,0,0,0,1
110978,0,0,0,0,0,0,0,0,1
110979,0,0,0,0,0,0,0,0,1
110980,0,0,0,0,0,0,0,0,1
110981,0,0,0,0,0,0,0,0,1
110982,0,0,0,0,0,0,0,0,1
110983,0,0,0,0,0,0,0,0,1
110984,0,0,0,0,0,0,0,0,1
110985,0,0,0,0,0,0,0,0,1
110986,0,0,0,0,0,0,0,0,1
110987,0,0,0,0,0,0,0,0,1
110988,0,0,0,0,0,0,0,0,1
110989,0,0,0,0,0,0,0,0,1
110990,0,0,0,0,0,0,0,0,1
110991,0,0,0,0,0,0,0,0,1
110992,0,0,0,0,0,0,0,0,1
110993,0,0,0,0,0,0,0,0,1
110994,0,0,0,0,0,0,0,0,1
110995,0,0,0,0,0,0,0,0,1
110996,0,0,0,0,0,0,0,0,1
110997,0,0,0,0,0,0,0,0,1
110998,0,0,0,0,0,0,0,0,1
110999,0,0,0,0,0,0,0,0,1
111000,0,0,0,0,0,0,0,0,1
111001,0,0,0,0,0,0,0,0,1
111002,0,0,0,0,0,0,0,0,1
111003,0,0,0,0,0,0,0,0,1
111004,0,0,0,0,0,0,0,0,1
111005,0,0,0,0,0,0,0,0,1
111006,0,0,0,0,0,0,0,0,1
111007,0,0,0,0,0,0,0,0,1
111008,0,0,0,0,0,0,0,0,1
111009,0,0,0,0,0,0,0,0,1
111010,0,0,0,0,0,0,0,0,1
111011,0,0,0,0,0,0,0,0,1
111012,0,0,0,0,0,0,0,0,1
111013,0,0,0,0,0,0,0,0,1
111014,0,0,0,0,0,0,0,0,1
111015,0,0,0,0,0,0,0,0,1
111016,0,0,0,0,0,0,0,0,1
111017,0,0,0,0,0,0,0,0,1
111018,0,0,0,0,0,0,0,0,1
111019,0,0,0,0,0,0,0,0,1
111020,0,0,0,0,0,0,0,0,1
111021,0,0,0,0,0,0,0,0,1
111022,0,0,0,0,0,0,0,0,1
111023,0,0,0,0,0,0,0,0,1
111024,0,0,0,0,0,0,0,0,1
111025,0,0,0,0,0,0,0,0,1
111026,0,0,0,0,0,0,0,0,1
111027,0,0,0,0,0,0,0,0,1
111028,0,0,0,0,0,0,0,0,1
111029,0,0,0,0,0,0,0,0,1
111030,0,0,0,0,0,0,0,0,1
111031,0,0,0,0,0,0,0,0,1
111032,0,0,0,0,0,0,0,0,1
111033,0,0,0,0,0,0,0,0,1
111034,0,0,0,0,0,0,0,0,1
111035,0,0,0,0,0,0,0,0,1
111036,0,0,0,0,0,0,0,0,1
111037,0,0,0,0,0,0,0,0,1
111038,0,0,0,0,0,0,0,0,1
111039,0,0,0,0,0,0,0,0,1
111040,0,0,0,0,0,0,0,0,1
111041,0,0,0,0,0,0,0,0,1
111042,0,0,0,0,0,0,0,0,1
111043,0,0,0,0,0,0,0,0,1
111044,0,0,0,0,0,0,0,0,1
111045,0,0,0,0,0,0,0,0,1
111046,0,0,0,0,0,0,0,0,1
111047,0,0,0,0,0,0,0,0,1
111048,0,0,0,0,0,0,0,0,1
111049,0,0,0,0,0,0,0,0,1
111050,0,0,0,0,0,0,0,0,1
111051,0,0,0,0,0,0,0,0,1
111052,0,0,0,0,0,0,0,0,1
111053,0,0,0,0,0,0,0,0,1
111054,0,0,0,0,0,0,0,0,1
111055,0,0,0,0,0,0,0,0,1
111056,0,0,0,0,0,0,0,0,1
111057,0,0,0,0,0,0,0,0,1
111058,0,0,0,0,0,0,0,0,1
111059,0,0,0,0,0,0,0,0,1
111060,0,0,0,0,0,0,0,0,1
111061,0,0,0,0,0,0,0,0,1
111062,0,0,0,0,0,0,0,0,1
111063,0,0,0,0,0,0,0,0,1
111064,0,0,0,0,0,0,0,0,1
111065,0,0,0,0,0,0,0,0,1
111066,0,0,0,0,0,0,0,0,1
111067,0,0,0,0,0,0,0,0,1
111068,0,0,0,0,0,0,0,0,1
111069,0,0,0,0,0,0,0,0,1
111070,0,0,0,0,0,0,0,0,1
111071,0,0,0,0,0,0,0,0,1
111072,0,0,0,0,0,0,0,0,1
111073,0,0,0,0,0,0,0,0,1
111074,0,0,0,0,0,0,0,0,1
111075,0,0,0,0,0,0,0,0,1
111076,0,0,0,0,0,0,0,0,1
111077,0,0,0,0,0,0,0,0,1
111078,0,0,0,0,0,0,0,0,1
111079,0,0,0,0,0,0,0,0,1
111080,0,0,0,0,0,0,0,0,1
111081,0,0,0,0,0,0,0,0,1
111082,0,0,0,0,0,0,0,0,1
111083,0,0,0,0,0,0,0,0,1
111084,0,0,0,0,0,0,0,0,1
111085,0,0,0,0,0,0,0,0,1
111086,0,0,0,0,0,0,0,0,1
111087,0,0,0,0,0,0,0,0,1
111088,0,0,0,0,0,0,0,0,1
111089,0,0,0,0,0,0,0,0,1
111090,0,0,0,0,0,0,0,0,1
111091,0,0,0,0,0,0,0,0,1
111092,0,0,0,0,0,0,0,0,1
111093,0,0,0,0,0,0,0,0,1
111094,0,0,0,0,0,0,0,0,1
111095,0,0,0,0,0,0,0,0,1
111096,0,0,0,0,0,0,0,0,1
111097,0,0,0,0,0,0,0,0,1
111098,0,0,0,0,0,0,0,0,1
111099,0,0,0,0,0,0,0,0,1
111100,0,0,0,0,0,0,0,0,1
111101,0,0,0,0,0,0,0,0,1
111102,0,0,0,0,0,0,0,0,1
111103,0,0,0,0,0,0,0,0,1
111104,0,0,0,0,0,0,0,0,1
111105,0,0,0,0,0,0,0,0,1
111106,0,0,0,0,0,0,0,0,1
111107,0,0,0,0,0,0,0,0,1
111108,0,0,0,0,0,0,0,0,1
111109,0,0,0,0,0,0,0,0,1
111110,0,0,0,0,0,0,0,0,1
111111,0,0,0,0,0,0,0,0,1
111112,0,0,0,0,0,0,0,0,1
111113,0,0,0,0,0,0,0,0,1
111114,0,0,0,0,0,0,0,0,1
111115,0,0,0,0,0,0,0,0,1
111116,0,0,0,0,0,0,0,0,1
111117,0,0,0,0,0,0,0,0,1
111118,0,0,0,0,0,0,0,0,1
111119,0,0,0,0,0,0,0,0,1
111120,0,0,0,0,0,0,0,0,1
111121,0,0,0,0,0,0,0,0,1
111122,0,0,0,0,0,0,0,0,1
111123,0,0,0,0,0,0,0,0,1
111124,0,0,0,0,0,0,0,0,1
111125,0,0,0,0,0,0,0,0,1
111126,0,0,0,0,0,0,0,0,1
111127,0,0,0,0,0,0,0,0,1
111128,0,0,0,0,0,0,0,0,1
111129,0,0,0,0,0,0,0,0,1
111130,0,0,0,0,0,0,0,0,1
111131,0,0,0,0,0,0,0,0,1
111132,0,0,0,0,0,0,0,0,1
111133,0,0,0,0,0,0,0,0,1
111134,0,0,0,0,0,0,0,0,1
111135,0,0,0,0,0,0,0,0,1
111136,0,0,0,0,0,0,0,0,1
111137,0,0,0,0,0,0,0,0,1
111138,0,0,0,0,0,0,0,0,1
111139,0,0,0,0,0,0,0,0,1
111140,0,0,0,0,0,0,0,0,1
111141,0,0,0,0,0,0,0,0,1
111142,0,0,0,0,0,0,0,0,1
111143,0,0,0,0,0,0,0,0,1
111144,0,0,0,0,0,0,0,0,1
111145,0,0,0,0,0,0,0,0,1
111146,0,0,0,0,0,0,0,0,1
111147,0,0,0,0,0,0,0,0,1
111148,0,0,0,0,0,0,0,0,1
111149,0,0,0,0,0,0,0,0,1
111150,0,0,0,0,0,0,0,0,1
111151,0,0,0,0,0,0,0,0,1
111152,0,0,0,0,0,0,0,0,1
111153,0,0,0,0,0,0,0,0,1
111154,0,0,0,0,0,0,0,0,1
111155,0,0,0,0,0,0,0,0,1
111156,0,0,0,0,0,0,0,0,1
111157,0,0,0,0,0,0,0,0,1
111158,0,0,0,0,0,0,0,0,1
111159,0,0,0,0,0,0,0,0,1
111160,0,0,0,0,0,0,0,0,1
111161,0,0,0,0,0,0,0,0,1
111162,0,0,0,0,0,0,0,0,1
111163,0,0,0,0,0,0,0,0,1
111164,0,0,0,0,0,0,0,0,1
111165,0,0,0,0,0,0,0,0,1
111166,0,0,0,0,0,0,0,0,1
111167,0,0,0,0,0,0,0,0,1
111168,0,0,0,0,0,0,0,0,1
111169,0,0,0,0,0,0,0,0,1
111170,0,0,0,0,0,0,0,0,1
111171,0,0,0,0,0,0,0,0,1
111172,0,0,0,0,0,0,0,0,1
111173,0,0,0,0,0,0,0,0,1
111174,0,0,0,0,0,0,0,0,1
111175,0,0,0,0,0,0,0,0,1
111176,0,0,0,0,0,0,0,0,1
111177,0,0,0,0,0,0,0,0,1
111178,0,0,0,0,0,0,0,0,1
111179,0,0,0,0,0,0,0,0,1
111180,0,0,0,0,0,0,0,0,1
111181,0,0,0,0,0,0,0,0,1
111182,0,0,0,0,0,0,0,0,1
111183,0,0,0,0,0,0,0,0,1
111184,0,0,0,0,0,0,0,0,1
111185,0,0,0,0,0,0,0,0,1
111186,0,0,0,0,0,0,0,0,1
111187,0,0,0,0,0,0,0,0,1
111188,0,0,0,0,0,0,0,0,1
111189,0,0,0,0,0,0,0,0,1
111190,0,0,0,0,0,0,0,0,1
111191,0,0,0,0,0,0,0,0,1
111192,0,0,0,0,0,0,0,0,1
111193,0,0,0,0,0,0,0,0,1
111194,0,0,0,0,0,0,0,0,1
111195,0,0,0,0,0,0,0,0,1
111196,0,0,0,0,0,0,0,0,1
111197,0,0,0,0,0,0,0,0,1
111198,0,0,0,0,0,0,0,0,1
111199,0,0,0,0,0,0,0,0,1
111200,0,0,0,0,0,0,0,0,1
111201,0,0,0,0,0,0,0,0,1
111202,0,0,0,0,0,0,0,0,1
111203,0,0,0,0,0,0,0,0,1
111204,0,0,0,0,0,0,0,0,1
111205,0,0,0,0,0,0,0,0,1
111206,0,0,0,0,0,0,0,0,1
111207,0,0,0,0,0,0,0,0,1
111208,0,0,0,0,0,0,0,0,1
111209,0,0,0,0,0,0,0,0,1
111210,0,0,0,0,0,0,0,0,1
111211,0,0,0,0,0,0,0,0,1
111212,0,0,0,0,0,0,0,0,1
111213,0,0,0,0,0,0,0,0,1
111214,0,0,0,0,0,0,0,0,1
111215,0,0,0,0,0,0,0,0,1
111216,0,0,0,0,0,0,0,0,1
111217,0,0,0,0,0,0,0,0,1
111218,0,0,0,0,0,0,0,0,1
111219,0,0,0,0,0,0,0,0,1
111220,0,0,0,0,0,0,0,0,1
111221,0,0,0,0,0,0,0,0,1
111222,0,0,0,0,0,0,0,0,1
111223,0,0,0,0,0,0,0,0,1
111224,0,0,0,0,0,0,0,0,1
111225,0,0,0,0,0,0,0,0,1
111226,0,0,0,0,0,0,0,0,1
111227,0,0,0,0,0,0,0,0,1
111228,0,0,0,0,0,0,0,0,1
111229,0,0,0,0,0,0,0,0,1
111230,0,0,0,0,0,0,0,0,1
111231,0,0,0,0,0,0,0,0,1
111232,0,0,0,0,0,0,0,0,1
111233,0,0,0,0,0,0,0,0,1
111234,0,0,0,0,0,0,0,0,1
111235,0,0,0,0,0,0,0,0,1
111236,0,0,0,0,0,0,0,0,1
111237,0,0,0,0,0,0,0,0,1
111238,0,0,0,0,0,0,0,0,1
111239,0,0,0,0,0,0,0,0,1
111240,0,0,0,0,0,0,0,0,1
111241,0,0,0,0,0,0,0,0,1
111242,0,0,0,0,0,0,0,0,1
111243,0,0,0,0,0,0,0,0,1
111244,0,0,0,0,0,0,0,0,1
111245,0,0,0,0,0,0,0,0,1
111246,0,0,0,0,0,0,0,0,1
111247,0,0,0,0,0,0,0,0,1
111248,0,0,0,0,0,0,0,0,1
111249,0,0,0,0,0,0,0,0,1
111250,0,0,0,0,0,0,0,0,1
111251,0,0,0,0,0,0,0,0,1
111252,0,0,0,0,0,0,0,0,1
111253,0,0,0,0,0,0,0,0,1
111254,0,0,0,0,0,0,0,0,1
111255,0,0,0,0,0,0,0,0,1
111256,0,0,0,0,0,0,0,0,1
111257,0,0,0,0,0,0,0,0,1
111258,0,0,0,0,0,0,0,0,1
111259,0,0,0,0,0,0,0,0,1
111260,0,0,0,0,0,0,0,0,1
111261,0,0,0,0,0,0,0,0,1
111262,0,0,0,0,0,0,0,0,1
111263,0,0,0,0,0,0,0,0,1
111264,0,0,0,0,0,0,0,0,1
111265,0,0,0,0,0,0,0,0,1
111266,0,0,0,0,0,0,0,0,1
111267,0,0,0,0,0,0,0,0,1
111268,0,0,0,0,0,0,0,0,1
111269,0,0,0,0,0,0,0,0,1
111270,0,0,0,0,0,0,0,0,1
111271,0,0,0,0,0,0,0,0,1
111272,0,0,0,0,0,0,0,0,1
111273,0,0,0,0,0,0,0,0,1
111274,0,0,0,0,0,0,0,0,1
111275,0,0,0,0,0,0,0,0,1
111276,0,0,0,0,0,0,0,0,1
111277,0,0,0,0,0,0,0,0,1
111278,0,0,0,0,0,0,0,0,1
111279,0,0,0,0,0,0,0,0,1
111280,0,0,0,0,0,0,0,0,1
111281,0,0,0,0,0,0,0,0,1
111282,0,0,0,0,0,0,0,0,1
111283,0,0,0,0,0,0,0,0,1
111284,0,0,0,0,0,0,0,0,1
111285,0,0,0,0,0,0,0,0,1
111286,0,0,0,0,0,0,0,0,1
111287,0,0,0,0,0,0,0,0,1
111288,0,0,0,0,0,0,0,0,1
111289,0,0,0,0,0,0,0,0,1
111290,0,0,0,0,0,0,0,0,1
111291,0,0,0,0,0,0,0,0,1
111292,0,0,0,0,0,0,0,0,1
111293,0,0,0,0,0,0,0,0,1
111294,0,0,0,0,0,0,0,0,1
111295,0,0,0,0,0,0,0,0,1
111296,0,0,0,0,0,0,0,0,1
111297,0,0,0,0,0,0,0,0,1
111298,0,0,0,0,0,0,0,0,1
111299,0,0,0,0,0,0,0,0,1
111300,0,0,0,0,0,0,0,0,1
111301,0,0,0,0,0,0,0,0,1
111302,0,0,0,0,0,0,0,0,1
111303,0,0,0,0,0,0,0,0,1
111304,0,0,0,0,0,0,0,0,1
111305,0,0,0,0,0,0,0,0,1
111306,0,0,0,0,0,0,0,0,1
111307,0,0,0,0,0,0,0,0,1
111308,0,0,0,0,0,0,0,0,1
111309,0,0,0,0,0,0,0,0,1
111310,0,0,0,0,0,0,0,0,1
111311,0,0,0,0,0,0,0,0,1
111312,0,0,0,0,0,0,0,0,1
111313,0,0,0,0,0,0,0,0,1
111314,0,0,0,0,0,0,0,0,1
111315,0,0,0,0,0,0,0,0,1
111316,0,0,0,0,0,0,0,0,1
111317,0,0,0,0,0,0,0,0,1
111318,0,0,0,0,0,0,0,0,1
111319,0,0,0,0,0,0,0,0,1
111320,0,0,0,0,0,0,0,0,1
111321,0,0,0,0,0,0,0,0,1
111322,0,0,0,0,0,0,0,0,1
111323,0,0,0,0,0,0,0,0,1
111324,0,0,0,0,0,0,0,0,1
111325,0,0,0,0,0,0,0,0,1
111326,0,0,0,0,0,0,0,0,1
111327,0,0,0,0,0,0,0,0,1
111328,0,0,0,0,0,0,0,0,1
111329,0,0,0,0,0,0,0,0,1
111330,0,0,0,0,0,0,0,0,1
111331,0,0,0,0,0,0,0,0,1
111332,0,0,0,0,0,0,0,0,1
111333,0,0,0,0,0,0,0,0,1
111334,0,0,0,0,0,0,0,0,1
111335,0,0,0,0,0,0,0,0,1
111336,0,0,0,0,0,0,0,0,1
111337,0,0,0,0,0,0,0,0,1
111338,0,0,0,0,0,0,0,0,1
111339,0,0,0,0,0,0,0,0,1
111340,0,0,0,0,0,0,0,0,1
111341,0,0,0,0,0,0,0,0,1
111342,0,0,0,0,0,0,0,0,1
111343,0,0,0,0,0,0,0,0,1
111344,0,0,0,0,0,0,0,0,1
111345,0,0,0,0,0,0,0,0,1
111346,0,0,0,0,0,0,0,0,1
111347,0,0,0,0,0,0,0,0,1
111348,0,0,0,0,0,0,0,0,1
111349,0,0,0,0,0,0,0,0,1
111350,0,0,0,0,0,0,0,0,1
111351,0,0,0,0,0,0,0,0,1
111352,0,0,0,0,0,0,0,0,1
111353,0,0,0,0,0,0,0,0,1
111354,0,0,0,0,0,0,0,0,1
111355,0,0,0,0,0,0,0,0,1
111356,0,0,0,0,0,0,0,0,1
111357,0,0,0,0,0,0,0,0,1
111358,0,0,0,0,0,0,0,0,1
111359,0,0,0,0,0,0,0,0,1
111360,0,0,0,0,0,0,0,0,1
111361,0,0,0,0,0,0,0,0,1
111362,0,0,0,0,0,0,0,0,1
111363,0,0,0,0,0,0,0,0,1
111364,0,0,0,0,0,0,0,0,1
111365,0,0,0,0,0,0,0,0,1
111366,0,0,0,0,0,0,0,0,1
111367,0,0,0,0,0,0,0,0,1
111368,0,0,0,0,0,0,0,0,1
111369,0,0,0,0,0,0,0,0,1
111370,0,0,0,0,0,0,0,0,1
111371,0,0,0,0,0,0,0,0,1
111372,0,0,0,0,0,0,0,0,1
111373,0,0,0,0,0,0,0,0,1
111374,0,0,0,0,0,0,0,0,1
111375,0,0,0,0,0,0,0,0,1
111376,0,0,0,0,0,0,0,0,1
111377,0,0,0,0,0,0,0,0,1
111378,0,0,0,0,0,0,0,0,1
111379,0,0,0,0,0,0,0,0,1
111380,0,0,0,0,0,0,0,0,1
111381,0,0,0,0,0,0,0,0,1
111382,0,0,0,0,0,0,0,0,1
111383,0,0,0,0,0,0,0,0,1
111384,0,0,0,0,0,0,0,0,1
111385,0,0,0,0,0,0,0,0,1
111386,0,0,0,0,0,0,0,0,1
111387,0,0,0,0,0,0,0,0,1
111388,0,0,0,0,0,0,0,0,1
111389,0,0,0,0,0,0,0,0,1
111390,0,0,0,0,0,0,0,0,1
111391,0,0,0,0,0,0,0,0,1
111392,0,0,0,0,0,0,0,0,1
111393,0,0,0,0,0,0,0,0,1
111394,0,0,0,0,0,0,0,0,1
111395,0,0,0,0,0,0,0,0,1
111396,0,0,0,0,0,0,0,0,1
111397,0,0,0,0,0,0,0,0,1
111398,0,0,0,0,0,0,0,0,1
111399,0,0,0,0,0,0,0,0,1
111400,0,0,0,0,0,0,0,0,1
111401,0,0,0,0,0,0,0,0,1
111402,0,0,0,0,0,0,0,0,1
111403,0,0,0,0,0,0,0,0,1
111404,0,0,0,0,0,0,0,0,1
111405,0,0,0,0,0,0,0,0,1
111406,0,0,0,0,0,0,0,0,1
111407,0,0,0,0,0,0,0,0,1
111408,0,0,0,0,0,0,0,0,1
111409,0,0,0,0,0,0,0,0,1
111410,0,0,0,0,0,0,0,0,1
111411,0,0,0,0,0,0,0,0,1
111412,0,0,0,0,0,0,0,0,1
111413,0,0,0,0,0,0,0,0,1
111414,0,0,0,0,0,0,0,0,1
111415,0,0,0,0,0,0,0,0,1
111416,0,0,0,0,0,0,0,0,1
111417,0,0,0,0,0,0,0,0,1
111418,0,0,0,0,0,0,0,0,1
111419,0,0,0,0,0,0,0,0,1
111420,0,0,0,0,0,0,0,0,1
111421,0,0,0,0,0,0,0,0,1
111422,0,0,0,0,0,0,0,0,1
111423,0,0,0,0,0,0,0,0,1
111424,0,0,0,0,0,0,0,0,1
111425,0,0,0,0,0,0,0,0,1
111426,0,0,0,0,0,0,0,0,1
111427,0,0,0,0,0,0,0,0,1
111428,0,0,0,0,0,0,0,0,1
111429,0,0,0,0,0,0,0,0,1
111430,0,0,0,0,0,0,0,0,1
111431,0,0,0,0,0,0,0,0,1
111432,0,0,0,0,0,0,0,0,1
111433,0,0,0,0,0,0,0,0,1
111434,0,0,0,0,0,0,0,0,1
111435,0,0,0,0,0,0,0,0,1
111436,0,0,0,0,0,0,0,0,1
111437,0,0,0,0,0,0,0,0,1
111438,0,0,0,0,0,0,0,0,1
111439,0,0,0,0,0,0,0,0,1
111440,0,0,0,0,0,0,0,0,1
111441,0,0,0,0,0,0,0,0,1
111442,0,0,0,0,0,0,0,0,1
111443,0,0,0,0,0,0,0,0,1
111444,0,0,0,0,0,0,0,0,1
111445,0,0,0,0,0,0,0,0,1
111446,0,0,0,0,0,0,0,0,1
111447,0,0,0,0,0,0,0,0,1
111448,0,0,0,0,0,0,0,0,1
111449,0,0,0,0,0,0,0,0,1
111450,0,0,0,0,0,0,0,0,1
111451,0,0,0,0,0,0,0,0,1
111452,0,0,0,0,0,0,0,0,1
111453,0,0,0,0,0,0,0,0,1
111454,0,0,0,0,0,0,0,0,1
111455,0,0,0,0,0,0,0,0,1
111456,0,0,0,0,0,0,0,0,1
111457,0,0,0,0,0,0,0,0,1
111458,0,0,0,0,0,0,0,0,1
111459,0,0,0,0,0,0,0,0,1
111460,0,0,0,0,0,0,0,0,1
111461,0,0,0,0,0,0,0,0,1
111462,0,0,0,0,0,0,0,0,1
111463,0,0,0,0,0,0,0,0,1
111464,0,0,0,0,0,0,0,0,1
111465,0,0,0,0,0,0,0,0,1
111466,0,0,0,0,0,0,0,0,1
111467,0,0,0,0,0,0,0,0,1
111468,0,0,0,0,0,0,0,0,1
111469,0,0,0,0,0,0,0,0,1
111470,0,0,0,0,0,0,0,0,1
111471,0,0,0,0,0,0,0,0,1
111472,0,0,0,0,0,0,0,0,1
111473,0,0,0,0,0,0,0,0,1
111474,0,0,0,0,0,0,0,0,1
111475,0,0,0,0,0,0,0,0,1
111476,0,0,0,0,0,0,0,0,1
111477,0,0,0,0,0,0,0,0,1
111478,0,0,0,0,0,0,0,0,1
111479,0,0,0,0,0,0,0,0,1
111480,0,0,0,0,0,0,0,0,1
111481,0,0,0,0,0,0,0,0,1
111482,0,0,0,0,0,0,0,0,1
111483,0,0,0,0,0,0,0,0,1
111484,0,0,0,0,0,0,0,0,1
111485,0,0,0,0,0,0,0,0,1
111486,0,0,0,0,0,0,0,0,1
111487,0,0,0,0,0,0,0,0,1
111488,0,0,0,0,0,0,0,0,1
111489,0,0,0,0,0,0,0,0,1
111490,0,0,0,0,0,0,0,0,1
111491,0,0,0,0,0,0,0,0,1
111492,0,0,0,0,0,0,0,0,1
111493,0,0,0,0,0,0,0,0,1
111494,0,0,0,0,0,0,0,0,1
111495,0,0,0,0,0,0,0,0,1
111496,0,0,0,0,0,0,0,0,1
111497,0,0,0,0,0,0,0,0,1
111498,0,0,0,0,0,0,0,0,1
111499,0,0,0,0,0,0,0,0,1
111500,0,0,0,0,0,0,0,0,1
111501,0,0,0,0,0,0,0,0,1
111502,0,0,0,0,0,0,0,0,1
111503,0,0,0,0,0,0,0,0,1
111504,0,0,0,0,0,0,0,0,1
111505,0,0,0,0,0,0,0,0,1
111506,0,0,0,0,0,0,0,0,1
111507,0,0,0,0,0,0,0,0,1
111508,0,0,0,0,0,0,0,0,1
111509,0,0,0,0,0,0,0,0,1
111510,0,0,0,0,0,0,0,0,1
111511,0,0,0,0,0,0,0,0,1
111512,0,0,0,0,0,0,0,0,1
111513,0,0,0,0,0,0,0,0,1
111514,0,0,0,0,0,0,0,0,1
111515,0,0,0,0,0,0,0,0,1
111516,0,0,0,0,0,0,0,0,1
111517,0,0,0,0,0,0,0,0,1
111518,0,0,0,0,0,0,0,0,1
111519,0,0,0,0,0,0,0,0,1
111520,0,0,0,0,0,0,0,0,1
111521,0,0,0,0,0,0,0,0,1
111522,0,0,0,0,0,0,0,0,1
111523,0,0,0,0,0,0,0,0,1
111524,0,0,0,0,0,0,0,0,1
111525,0,0,0,0,0,0,0,0,1
111526,0,0,0,0,0,0,0,0,1
111527,0,0,0,0,0,0,0,0,1
111528,0,0,0,0,0,0,0,0,1
111529,0,0,0,0,0,0,0,0,1
111530,0,0,0,0,0,0,0,0,1
111531,0,0,0,0,0,0,0,0,1
111532,0,0,0,0,0,0,0,0,1
111533,0,0,0,0,0,0,0,0,1
111534,0,0,0,0,0,0,0,0,1
111535,0,0,0,0,0,0,0,0,1
111536,0,0,0,0,0,0,0,0,1
111537,0,0,0,0,0,0,0,0,1
111538,0,0,0,0,0,0,0,0,1
111539,0,0,0,0,0,0,0,0,1
111540,0,0,0,0,0,0,0,0,1
111541,0,0,0,0,0,0,0,0,1
111542,0,0,0,0,0,0,0,0,1
111543,0,0,0,0,0,0,0,0,1
111544,0,0,0,0,0,0,0,0,1
111545,0,0,0,0,0,0,0,0,1
111546,0,0,0,0,0,0,0,0,1
111547,0,0,0,0,0,0,0,0,1
111548,0,0,0,0,0,0,0,0,1
111549,0,0,0,0,0,0,0,0,1
111550,0,0,0,0,0,0,0,0,1
111551,0,0,0,0,0,0,0,0,1
111552,0,0,0,0,0,0,0,0,1
111553,0,0,0,0,0,0,0,0,1
111554,0,0,0,0,0,0,0,0,1
111555,0,0,0,0,0,0,0,0,1
111556,0,0,0,0,0,0,0,0,1
111557,0,0,0,0,0,0,0,0,1
111558,0,0,0,0,0,0,0,0,1
111559,0,0,0,0,0,0,0,0,1
111560,0,0,0,0,0,0,0,0,1
111561,0,0,0,0,0,0,0,0,1
111562,0,0,0,0,0,0,0,0,1
111563,0,0,0,0,0,0,0,0,1
111564,0,0,0,0,0,0,0,0,1
111565,0,0,0,0,0,0,0,0,1
111566,0,0,0,0,0,0,0,0,1
111567,0,0,0,0,0,0,0,0,1
111568,0,0,0,0,0,0,0,0,1
111569,0,0,0,0,0,0,0,0,1
111570,0,0,0,0,0,0,0,0,1
111571,0,0,0,0,0,0,0,0,1
111572,0,0,0,0,0,0,0,0,1
111573,0,0,0,0,0,0,0,0,1
111574,0,0,0,0,0,0,0,0,1
111575,0,0,0,0,0,0,0,0,1
111576,0,0,0,0,0,0,0,0,1
111577,0,0,0,0,0,0,0,0,1
111578,0,0,0,0,0,0,0,0,1
111579,0,0,0,0,0,0,0,0,1
111580,0,0,0,0,0,0,0,0,1
111581,0,0,0,0,0,0,0,0,1
111582,0,0,0,0,0,0,0,0,1
111583,0,0,0,0,0,0,0,0,1
111584,0,0,0,0,0,0,0,0,1
111585,0,0,0,0,0,0,0,0,1
111586,0,0,0,0,0,0,0,0,1
111587,0,0,0,0,0,0,0,0,1
111588,0,0,0,0,0,0,0,0,1
111589,0,0,0,0,0,0,0,0,1
111590,0,0,0,0,0,0,0,0,1
111591,0,0,0,0,0,0,0,0,1
111592,0,0,0,0,0,0,0,0,1
111593,0,0,0,0,0,0,0,0,1
111594,0,0,0,0,0,0,0,0,1
111595,0,0,0,0,0,0,0,0,1
111596,0,0,0,0,0,0,0,0,1
111597,0,0,0,0,0,0,0,0,1
111598,0,0,0,0,0,0,0,0,1
111599,0,0,0,0,0,0,0,0,1
111600,0,0,0,0,0,0,0,0,1
111601,0,0,0,0,0,0,0,0,1
111602,0,0,0,0,0,0,0,0,1
111603,0,0,0,0,0,0,0,0,1
111604,0,0,0,0,0,0,0,0,1
111605,0,0,0,0,0,0,0,0,1
111606,0,0,0,0,0,0,0,0,1
111607,0,0,0,0,0,0,0,0,1
111608,0,0,0,0,0,0,0,0,1
111609,0,0,0,0,0,0,0,0,1
111610,0,0,0,0,0,0,0,0,1
111611,0,0,0,0,0,0,0,0,1
111612,0,0,0,0,0,0,0,0,1
111613,0,0,0,0,0,0,0,0,1
111614,0,0,0,0,0,0,0,0,1
111615,0,0,0,0,0,0,0,0,1
111616,0,0,0,0,0,0,0,0,1
111617,0,0,0,0,0,0,0,0,1
111618,0,0,0,0,0,0,0,0,1
111619,0,0,0,0,0,0,0,0,1
111620,0,0,0,0,0,0,0,0,1
111621,0,0,0,0,0,0,0,0,1
111622,0,0,0,0,0,0,0,0,1
111623,0,0,0,0,0,0,0,0,1
111624,0,0,0,0,0,0,0,0,1
111625,0,0,0,0,0,0,0,0,1
111626,0,0,0,0,0,0,0,0,1
111627,0,0,0,0,0,0,0,0,1
111628,0,0,0,0,0,0,0,0,1
111629,0,0,0,0,0,0,0,0,1
111630,0,0,0,0,0,0,0,0,1
111631,0,0,0,0,0,0,0,0,1
111632,0,0,0,0,0,0,0,0,1
111633,0,0,0,0,0,0,0,0,1
111634,0,0,0,0,0,0,0,0,1
111635,0,0,0,0,0,0,0,0,1
111636,0,0,0,0,0,0,0,0,1
111637,0,0,0,0,0,0,0,0,1
111638,0,0,0,0,0,0,0,0,1
111639,0,0,0,0,0,0,0,0,1
111640,0,0,0,0,0,0,0,0,1
111641,0,0,0,0,0,0,0,0,1
111642,0,0,0,0,0,0,0,0,1
111643,0,0,0,0,0,0,0,0,1
111644,0,0,0,0,0,0,0,0,1
111645,0,0,0,0,0,0,0,0,1
111646,0,0,0,0,0,0,0,0,1
111647,0,0,0,0,0,0,0,0,1
111648,0,0,0,0,0,0,0,0,1
111649,0,0,0,0,0,0,0,0,1
111650,0,0,0,0,0,0,0,0,1
111651,0,0,0,0,0,0,0,0,1
111652,0,0,0,0,0,0,0,0,1
111653,0,0,0,0,0,0,0,0,1
111654,0,0,0,0,0,0,0,0,1
111655,0,0,0,0,0,0,0,0,1
111656,0,0,0,0,0,0,0,0,1
111657,0,0,0,0,0,0,0,0,1
111658,0,0,0,0,0,0,0,0,1
111659,0,0,0,0,0,0,0,0,1
111660,0,0,0,0,0,0,0,0,1
111661,0,0,0,0,0,0,0,0,1
111662,0,0,0,0,0,0,0,0,1
111663,0,0,0,0,0,0,0,0,1
111664,0,0,0,0,0,0,0,0,1
111665,0,0,0,0,0,0,0,0,1
111666,0,0,0,0,0,0,0,0,1
111667,0,0,0,0,0,0,0,0,1
111668,0,0,0,0,0,0,0,0,1
111669,0,0,0,0,0,0,0,0,1
111670,0,0,0,0,0,0,0,0,1
111671,0,0,0,0,0,0,0,0,1
111672,0,0,0,0,0,0,0,0,1
111673,0,0,0,0,0,0,0,0,1
111674,0,0,0,0,0,0,0,0,1
111675,0,0,0,0,0,0,0,0,1
111676,0,0,0,0,0,0,0,0,1
111677,0,0,0,0,0,0,0,0,1
111678,0,0,0,0,0,0,0,0,1
111679,0,0,0,0,0,0,0,0,1
111680,0,0,0,0,0,0,0,0,1
111681,0,0,0,0,0,0,0,0,1
111682,0,0,0,0,0,0,0,0,1
111683,0,0,0,0,0,0,0,0,1
111684,0,0,0,0,0,0,0,0,1
111685,0,0,0,0,0,0,0,0,1
111686,0,0,0,0,0,0,0,0,1
111687,0,0,0,0,0,0,0,0,1
111688,0,0,0,0,0,0,0,0,1
111689,0,0,0,0,0,0,0,0,1
111690,0,0,0,0,0,0,0,0,1
111691,0,0,0,0,0,0,0,0,1
111692,0,0,0,0,0,0,0,0,1
111693,0,0,0,0,0,0,0,0,1
111694,0,0,0,0,0,0,0,0,1
111695,0,0,0,0,0,0,0,0,1
111696,0,0,0,0,0,0,0,0,1
111697,0,0,0,0,0,0,0,0,1
111698,0,0,0,0,0,0,0,0,1
111699,0,0,0,0,0,0,0,0,1
111700,0,0,0,0,0,0,0,0,1
111701,0,0,0,0,0,0,0,0,1
111702,0,0,0,0,0,0,0,0,1
111703,0,0,0,0,0,0,0,0,1
111704,0,0,0,0,0,0,0,0,1
111705,0,0,0,0,0,0,0,0,1
111706,0,0,0,0,0,0,0,0,1
111707,0,0,0,0,0,0,0,0,1
111708,0,0,0,0,0,0,0,0,1
111709,0,0,0,0,0,0,0,0,1
111710,0,0,0,0,0,0,0,0,1
111711,0,0,0,0,0,0,0,0,1
111712,0,0,0,0,0,0,0,0,1
111713,0,0,0,0,0,0,0,0,1
111714,0,0,0,0,0,0,0,0,1
111715,0,0,0,0,0,0,0,0,1
111716,0,0,0,0,0,0,0,0,1
111717,0,0,0,0,0,0,0,0,1
111718,0,0,0,0,0,0,0,0,1
111719,0,0,0,0,0,0,0,0,1
111720,0,0,0,0,0,0,0,0,1
111721,0,0,0,0,0,0,0,0,1
111722,0,0,0,0,0,0,0,0,1
111723,0,0,0,0,0,0,0,0,1
111724,0,0,0,0,0,0,0,0,1
111725,0,0,0,0,0,0,0,0,1
111726,0,0,0,0,0,0,0,0,1
111727,0,0,0,0,0,0,0,0,1
111728,0,0,0,0,0,0,0,0,1
111729,0,0,0,0,0,0,0,0,1
111730,0,0,0,0,0,0,0,0,1
111731,0,0,0,0,0,0,0,0,1
111732,0,0,0,0,0,0,0,0,1
111733,0,0,0,0,0,0,0,0,1
111734,0,0,0,0,0,0,0,0,1
111735,0,0,0,0,0,0,0,0,1
111736,0,0,0,0,0,0,0,0,1
111737,0,0,0,0,0,0,0,0,1
111738,0,0,0,0,0,0,0,0,1
111739,0,0,0,0,0,0,0,0,1
111740,0,0,0,0,0,0,0,0,1
111741,0,0,0,0,0,0,0,0,1
111742,0,0,0,0,0,0,0,0,1
111743,0,0,0,0,0,0,0,0,1
111744,0,0,0,0,0,0,0,0,1
111745,0,0,0,0,0,0,0,0,1
111746,0,0,0,0,0,0,0,0,1
111747,0,0,0,0,0,0,0,0,1
111748,0,0,0,0,0,0,0,0,1
111749,0,0,0,0,0,0,0,0,1
111750,0,0,0,0,0,0,0,0,1
111751,0,0,0,0,0,0,0,0,1
111752,0,0,0,0,0,0,0,0,1
111753,0,0,0,0,0,0,0,0,1
111754,0,0,0,0,0,0,0,0,1
111755,0,0,0,0,0,0,0,0,1
111756,0,0,0,0,0,0,0,0,1
111757,0,0,0,0,0,0,0,0,1
111758,0,0,0,0,0,0,0,0,1
111759,0,0,0,0,0,0,0,0,1
111760,0,0,0,0,0,0,0,0,1
111761,0,0,0,0,0,0,0,0,1
111762,0,0,0,0,0,0,0,0,1
111763,0,0,0,0,0,0,0,0,1
111764,0,0,0,0,0,0,0,0,1
111765,0,0,0,0,0,0,0,0,1
111766,0,0,0,0,0,0,0,0,1
111767,0,0,0,0,0,0,0,0,1
111768,0,0,0,0,0,0,0,0,1
111769,0,0,0,0,0,0,0,0,1
111770,0,0,0,0,0,0,0,0,1
111771,0,0,0,0,0,0,0,0,1
111772,0,0,0,0,0,0,0,0,1
111773,0,0,0,0,0,0,0,0,1
111774,0,0,0,0,0,0,0,0,1
111775,0,0,0,0,0,0,0,0,1
111776,0,0,0,0,0,0,0,0,1
111777,0,0,0,0,0,0,0,0,1
111778,0,0,0,0,0,0,0,0,1
111779,0,0,0,0,0,0,0,0,1
111780,0,0,0,0,0,0,0,0,1
111781,0,0,0,0,0,0,0,0,1
111782,0,0,0,0,0,0,0,0,1
111783,0,0,0,0,0,0,0,0,1
111784,0,0,0,0,0,0,0,0,1
111785,0,0,0,0,0,0,0,0,1
111786,0,0,0,0,0,0,0,0,1
111787,0,0,0,0,0,0,0,0,1
111788,0,0,0,0,0,0,0,0,1
111789,0,0,0,0,0,0,0,0,1
111790,0,0,0,0,0,0,0,0,1
111791,0,0,0,0,0,0,0,0,1
111792,0,0,0,0,0,0,0,0,1
111793,0,0,0,0,0,0,0,0,1
111794,0,0,0,0,0,0,0,0,1
111795,0,0,0,0,0,0,0,0,1
111796,0,0,0,0,0,0,0,0,1
111797,0,0,0,0,0,0,0,0,1
111798,0,0,0,0,0,0,0,0,1
111799,0,0,0,0,0,0,0,0,1
111800,0,0,0,0,0,0,0,0,1
111801,0,0,0,0,0,0,0,0,1
111802,0,0,0,0,0,0,0,0,1
111803,0,0,0,0,0,0,0,0,1
111804,0,0,0,0,0,0,0,0,1
111805,0,0,0,0,0,0,0,0,1
111806,0,0,0,0,0,0,0,0,1
111807,0,0,0,0,0,0,0,0,1
111808,0,0,0,0,0,0,0,0,1
111809,0,0,0,0,0,0,0,0,1
111810,0,0,0,0,0,0,0,0,1
111811,0,0,0,0,0,0,0,0,1
111812,0,0,0,0,0,0,0,0,1
111813,0,0,0,0,0,0,0,0,1
111814,0,0,0,0,0,0,0,0,1
111815,0,0,0,0,0,0,0,0,1
111816,0,0,0,0,0,0,0,0,1
111817,0,0,0,0,0,0,0,0,1
111818,0,0,0,0,0,0,0,0,1
111819,0,0,0,0,0,0,0,0,1
111820,0,0,0,0,0,0,0,0,1
111821,0,0,0,0,0,0,0,0,1
111822,0,0,0,0,0,0,0,0,1
111823,0,0,0,0,0,0,0,0,1
111824,0,0,0,0,0,0,0,0,1
111825,0,0,0,0,0,0,0,0,1
111826,0,0,0,0,0,0,0,0,1
111827,0,0,0,0,0,0,0,0,1
111828,0,0,0,0,0,0,0,0,1
111829,0,0,0,0,0,0,0,0,1
111830,0,0,0,0,0,0,0,0,1
111831,0,0,0,0,0,0,0,0,1
111832,0,0,0,0,0,0,0,0,1
111833,0,0,0,0,0,0,0,0,1
111834,0,0,0,0,0,0,0,0,1
111835,0,0,0,0,0,0,0,0,1
111836,0,0,0,0,0,0,0,0,1
111837,0,0,0,0,0,0,0,0,1
111838,0,0,0,0,0,0,0,0,1
111839,0,0,0,0,0,0,0,0,1
111840,0,0,0,0,0,0,0,0,1
111841,0,0,0,0,0,0,0,0,1
111842,0,0,0,0,0,0,0,0,1
111843,0,0,0,0,0,0,0,0,1
111844,0,0,0,0,0,0,0,0,1
111845,0,0,0,0,0,0,0,0,1
111846,0,0,0,0,0,0,0,0,1
111847,0,0,0,0,0,0,0,0,1
111848,0,0,0,0,0,0,0,0,1
111849,0,0,0,0,0,0,0,0,1
111850,0,0,0,0,0,0,0,0,1
111851,0,0,0,0,0,0,0,0,1
111852,0,0,0,0,0,0,0,0,1
111853,0,0,0,0,0,0,0,0,1
111854,0,0,0,0,0,0,0,0,1
111855,0,0,0,0,0,0,0,0,1
111856,0,0,0,0,0,0,0,0,1
111857,0,0,0,0,0,0,0,0,1
111858,0,0,0,0,0,0,0,0,1
111859,0,0,0,0,0,0,0,0,1
111860,0,0,0,0,0,0,0,0,1
111861,0,0,0,0,0,0,0,0,1
111862,0,0,0,0,0,0,0,0,1
111863,0,0,0,0,0,0,0,0,1
111864,0,0,0,0,0,0,0,0,1
111865,0,0,0,0,0,0,0,0,1
111866,0,0,0,0,0,0,0,0,1
111867,0,0,0,0,0,0,0,0,1
111868,0,0,0,0,0,0,0,0,1
111869,0,0,0,0,0,0,0,0,1
111870,0,0,0,0,0,0,0,0,1
111871,0,0,0,0,0,0,0,0,1
111872,0,0,0,0,0,0,0,0,1
111873,0,0,0,0,0,0,0,0,1
111874,0,0,0,0,0,0,0,0,1
111875,0,0,0,0,0,0,0,0,1
111876,0,0,0,0,0,0,0,0,1
111877,0,0,0,0,0,0,0,0,1
111878,0,0,0,0,0,0,0,0,1
111879,0,0,0,0,0,0,0,0,1
111880,0,0,0,0,0,0,0,0,1
111881,0,0,0,0,0,0,0,0,1
111882,0,0,0,0,0,0,0,0,1
111883,0,0,0,0,0,0,0,0,1
111884,0,0,0,0,0,0,0,0,1
111885,0,0,0,0,0,0,0,0,1
111886,0,0,0,0,0,0,0,0,1
111887,0,0,0,0,0,0,0,0,1
111888,0,0,0,0,0,0,0,0,1
111889,0,0,0,0,0,0,0,0,1
111890,0,0,0,0,0,0,0,0,1
111891,0,0,0,0,0,0,0,0,1
111892,0,0,0,0,0,0,0,0,1
111893,0,0,0,0,0,0,0,0,1
111894,0,0,0,0,0,0,0,0,1
111895,0,0,0,0,0,0,0,0,1
111896,0,0,0,0,0,0,0,0,1
111897,0,0,0,0,0,0,0,0,1
111898,0,0,0,0,0,0,0,0,1
111899,0,0,0,0,0,0,0,0,1
111900,0,0,0,0,0,0,0,0,1
111901,0,0,0,0,0,0,0,0,1
111902,0,0,0,0,0,0,0,0,1
111903,0,0,0,0,0,0,0,0,1
111904,0,0,0,0,0,0,0,0,1
111905,0,0,0,0,0,0,0,0,1
111906,0,0,0,0,0,0,0,0,1
111907,0,0,0,0,0,0,0,0,1
111908,0,0,0,0,0,0,0,0,1
111909,0,0,0,0,0,0,0,0,1
111910,0,0,0,0,0,0,0,0,1
111911,0,0,0,0,0,0,0,0,1
111912,0,0,0,0,0,0,0,0,1
111913,0,0,0,0,0,0,0,0,1
111914,0,0,0,0,0,0,0,0,1
111915,0,0,0,0,0,0,0,0,1
111916,0,0,0,0,0,0,0,0,1
111917,0,0,0,0,0,0,0,0,1
111918,0,0,0,0,0,0,0,0,1
111919,0,0,0,0,0,0,0,0,1
111920,0,0,0,0,0,0,0,0,1
111921,0,0,0,0,0,0,0,0,1
111922,0,0,0,0,0,0,0,0,1
111923,0,0,0,0,0,0,0,0,1
111924,0,0,0,0,0,0,0,0,1
111925,0,0,0,0,0,0,0,0,1
111926,0,0,0,0,0,0,0,0,1
111927,0,0,0,0,0,0,0,0,1
111928,0,0,0,0,0,0,0,0,1
111929,0,0,0,0,0,0,0,0,1
111930,0,0,0,0,0,0,0,0,1
111931,0,0,0,0,0,0,0,0,1
111932,0,0,0,0,0,0,0,0,1
111933,0,0,0,0,0,0,0,0,1
111934,0,0,0,0,0,0,0,0,1
111935,0,0,0,0,0,0,0,0,1
111936,0,0,0,0,0,0,0,0,1
111937,0,0,0,0,0,0,0,0,1
111938,0,0,0,0,0,0,0,0,1
111939,0,0,0,0,0,0,0,0,1
111940,0,0,0,0,0,0,0,0,1
111941,0,0,0,0,0,0,0,0,1
111942,0,0,0,0,0,0,0,0,1
111943,0,0,0,0,0,0,0,0,1
111944,0,0,0,0,0,0,0,0,1
111945,0,0,0,0,0,0,0,0,1
111946,0,0,0,0,0,0,0,0,1
111947,0,0,0,0,0,0,0,0,1
111948,0,0,0,0,0,0,0,0,1
111949,0,0,0,0,0,0,0,0,1
111950,0,0,0,0,0,0,0,0,1
111951,0,0,0,0,0,0,0,0,1
111952,0,0,0,0,0,0,0,0,1
111953,0,0,0,0,0,0,0,0,1
111954,0,0,0,0,0,0,0,0,1
111955,0,0,0,0,0,0,0,0,1
111956,0,0,0,0,0,0,0,0,1
111957,0,0,0,0,0,0,0,0,1
111958,0,0,0,0,0,0,0,0,1
111959,0,0,0,0,0,0,0,0,1
111960,0,0,0,0,0,0,0,0,1
111961,0,0,0,0,0,0,0,0,1
111962,0,0,0,0,0,0,0,0,1
111963,0,0,0,0,0,0,0,0,1
111964,0,0,0,0,0,0,0,0,1
111965,0,0,0,0,0,0,0,0,1
111966,0,0,0,0,0,0,0,0,1
111967,0,0,0,0,0,0,0,0,1
111968,0,0,0,0,0,0,0,0,1
111969,0,0,0,0,0,0,0,0,1
111970,0,0,0,0,0,0,0,0,1
111971,0,0,0,0,0,0,0,0,1
111972,0,0,0,0,0,0,0,0,1
111973,0,0,0,0,0,0,0,0,1
111974,0,0,0,0,0,0,0,0,1
111975,0,0,0,0,0,0,0,0,1
111976,0,0,0,0,0,0,0,0,1
111977,0,0,0,0,0,0,0,0,1
111978,0,0,0,0,0,0,0,0,1
111979,0,0,0,0,0,0,0,0,1
111980,0,0,0,0,0,0,0,0,1
111981,0,0,0,0,0,0,0,0,1
111982,0,0,0,0,0,0,0,0,1
111983,0,0,0,0,0,0,0,0,1
111984,0,0,0,0,0,0,0,0,1
111985,0,0,0,0,0,0,0,0,1
111986,0,0,0,0,0,0,0,0,1
111987,0,0,0,0,0,0,0,0,1
111988,0,0,0,0,0,0,0,0,1
111989,0,0,0,0,0,0,0,0,1
111990,0,0,0,0,0,0,0,0,1
111991,0,0,0,0,0,0,0,0,1
111992,0,0,0,0,0,0,0,0,1
111993,0,0,0,0,0,0,0,0,1
111994,0,0,0,0,0,0,0,0,1
111995,0,0,0,0,0,0,0,0,1
111996,0,0,0,0,0,0,0,0,1
111997,0,0,0,0,0,0,0,0,1
111998,0,0,0,0,0,0,0,0,1
111999,0,0,0,0,0,0,0,0,1
112000,0,0,0,0,0,0,0,0,1
112001,0,0,0,0,0,0,0,0,1
112002,0,0,0,0,0,0,0,0,1
112003,0,0,0,0,0,0,0,0,1
112004,0,0,0,0,0,0,0,0,1
112005,0,0,0,0,0,0,0,0,1
112006,0,0,0,0,0,0,0,0,1
112007,0,0,0,0,0,0,0,0,1
112008,0,0,0,0,0,0,0,0,1
112009,0,0,0,0,0,0,0,0,1
112010,0,0,0,0,0,0,0,0,1
112011,0,0,0,0,0,0,0,0,1
112012,0,0,0,0,0,0,0,0,1
112013,0,0,0,0,0,0,0,0,1
112014,0,0,0,0,0,0,0,0,1
112015,0,0,0,0,0,0,0,0,1
112016,0,0,0,0,0,0,0,0,1
112017,0,0,0,0,0,0,0,0,1
112018,0,0,0,0,0,0,0,0,1
112019,0,0,0,0,0,0,0,0,1
112020,0,0,0,0,0,0,0,0,1
112021,0,0,0,0,0,0,0,0,1
112022,0,0,0,0,0,0,0,0,1
112023,0,0,0,0,0,0,0,0,1
112024,0,0,0,0,0,0,0,0,1
112025,0,0,0,0,0,0,0,0,1
112026,0,0,0,0,0,0,0,0,1
112027,0,0,0,0,0,0,0,0,1
112028,0,0,0,0,0,0,0,0,1
112029,0,0,0,0,0,0,0,0,1
112030,0,0,0,0,0,0,0,0,1
112031,0,0,0,0,0,0,0,0,1
112032,0,0,0,0,0,0,0,0,1
112033,0,0,0,0,0,0,0,0,1
112034,0,0,0,0,0,0,0,0,1
112035,0,0,0,0,0,0,0,0,1
112036,0,0,0,0,0,0,0,0,1
112037,0,0,0,0,0,0,0,0,1
112038,0,0,0,0,0,0,0,0,1
112039,0,0,0,0,0,0,0,0,1
112040,0,0,0,0,0,0,0,0,1
112041,0,0,0,0,0,0,0,0,1
112042,0,0,0,0,0,0,0,0,1
112043,0,0,0,0,0,0,0,0,1
112044,0,0,0,0,0,0,0,0,1
112045,0,0,0,0,0,0,0,0,1
112046,0,0,0,0,0,0,0,0,1
112047,0,0,0,0,0,0,0,0,1
112048,0,0,0,0,0,0,0,0,1
112049,0,0,0,0,0,0,0,0,1
112050,0,0,0,0,0,0,0,0,1
112051,0,0,0,0,0,0,0,0,1
112052,0,0,0,0,0,0,0,0,1
112053,0,0,0,0,0,0,0,0,1
112054,0,0,0,0,0,0,0,0,1
112055,0,0,0,0,0,0,0,0,1
112056,0,0,0,0,0,0,0,0,1
112057,0,0,0,0,0,0,0,0,1
112058,0,0,0,0,0,0,0,0,1
112059,0,0,0,0,0,0,0,0,1
112060,0,0,0,0,0,0,0,0,1
112061,0,0,0,0,0,0,0,0,1
112062,0,0,0,0,0,0,0,0,1
112063,0,0,0,0,0,0,0,0,1
112064,0,0,0,0,0,0,0,0,1
112065,0,0,0,0,0,0,0,0,1
112066,0,0,0,0,0,0,0,0,1
112067,0,0,0,0,0,0,0,0,1
112068,0,0,0,0,0,0,0,0,1
112069,0,0,0,0,0,0,0,0,1
112070,0,0,0,0,0,0,0,0,1
112071,0,0,0,0,0,0,0,0,1
112072,0,0,0,0,0,0,0,0,1
112073,0,0,0,0,0,0,0,0,1
112074,0,0,0,0,0,0,0,0,1
112075,0,0,0,0,0,0,0,0,1
112076,0,0,0,0,0,0,0,0,1
112077,0,0,0,0,0,0,0,0,1
112078,0,0,0,0,0,0,0,0,1
112079,0,0,0,0,0,0,0,0,1
112080,0,0,0,0,0,0,0,0,1
112081,0,0,0,0,0,0,0,0,1
112082,0,0,0,0,0,0,0,0,1
112083,0,0,0,0,0,0,0,0,1
112084,0,0,0,0,0,0,0,0,1
112085,0,0,0,0,0,0,0,0,1
112086,0,0,0,0,0,0,0,0,1
112087,0,0,0,0,0,0,0,0,1
112088,0,0,0,0,0,0,0,0,1
112089,0,0,0,0,0,0,0,0,1
112090,0,0,0,0,0,0,0,0,1
112091,0,0,0,0,0,0,0,0,1
112092,0,0,0,0,0,0,0,0,1
112093,0,0,0,0,0,0,0,0,1
112094,0,0,0,0,0,0,0,0,1
112095,0,0,0,0,0,0,0,0,1
112096,0,0,0,0,0,0,0,0,1
112097,0,0,0,0,0,0,0,0,1
112098,0,0,0,0,0,0,0,0,1
112099,0,0,0,0,0,0,0,0,1
112100,0,0,0,0,0,0,0,0,1
112101,0,0,0,0,0,0,0,0,1
112102,0,0,0,0,0,0,0,0,1
112103,0,0,0,0,0,0,0,0,1
112104,0,0,0,0,0,0,0,0,1
112105,0,0,0,0,0,0,0,0,1
112106,0,0,0,0,0,0,0,0,1
112107,0,0,0,0,0,0,0,0,1
112108,0,0,0,0,0,0,0,0,1
112109,0,0,0,0,0,0,0,0,1
112110,0,0,0,0,0,0,0,0,1
112111,0,0,0,0,0,0,0,0,1
112112,0,0,0,0,0,0,0,0,1
112113,0,0,0,0,0,0,0,0,1
112114,0,0,0,0,0,0,0,0,1
112115,0,0,0,0,0,0,0,0,1
112116,0,0,0,0,0,0,0,0,1
112117,0,0,0,0,0,0,0,0,1
112118,0,0,0,0,0,0,0,0,1
112119,0,0,0,0,0,0,0,0,1
112120,0,0,0,0,0,0,0,0,1
112121,0,0,0,0,0,0,0,0,1
112122,0,0,0,0,0,0,0,0,1
112123,0,0,0,0,0,0,0,0,1
112124,0,0,0,0,0,0,0,0,1
112125,0,0,0,0,0,0,0,0,1
112126,0,0,0,0,0,0,0,0,1
112127,0,0,0,0,0,0,0,0,1
112128,0,0,0,0,0,0,0,0,1
112129,0,0,0,0,0,0,0,0,1
112130,0,0,0,0,0,0,0,0,1
112131,0,0,0,0,0,0,0,0,1
112132,0,0,0,0,0,0,0,0,1
112133,0,0,0,0,0,0,0,0,1
112134,0,0,0,0,0,0,0,0,1
112135,0,0,0,0,0,0,0,0,1
112136,0,0,0,0,0,0,0,0,1
112137,0,0,0,0,0,0,0,0,1
112138,0,0,0,0,0,0,0,0,1
112139,0,0,0,0,0,0,0,0,1
112140,0,0,0,0,0,0,0,0,1
112141,0,0,0,0,0,0,0,0,1
112142,0,0,0,0,0,0,0,0,1
112143,0,0,0,0,0,0,0,0,1
112144,0,0,0,0,0,0,0,0,1
112145,0,0,0,0,0,0,0,0,1
112146,0,0,0,0,0,0,0,0,1
112147,0,0,0,0,0,0,0,0,1
112148,0,0,0,0,0,0,0,0,1
112149,0,0,0,0,0,0,0,0,1
112150,0,0,0,0,0,0,0,0,1
112151,0,0,0,0,0,0,0,0,1
112152,0,0,0,0,0,0,0,0,1
112153,0,0,0,0,0,0,0,0,1
112154,0,0,0,0,0,0,0,0,1
112155,0,0,0,0,0,0,0,0,1
112156,0,0,0,0,0,0,0,0,1
112157,0,0,0,0,0,0,0,0,1
112158,0,0,0,0,0,0,0,0,1
112159,0,0,0,0,0,0,0,0,1
112160,0,0,0,0,0,0,0,0,1
112161,0,0,0,0,0,0,0,0,1
112162,0,0,0,0,0,0,0,0,1
112163,0,0,0,0,0,0,0,0,1
112164,0,0,0,0,0,0,0,0,1
112165,0,0,0,0,0,0,0,0,1
112166,0,0,0,0,0,0,0,0,1
112167,0,0,0,0,0,0,0,0,1
112168,0,0,0,0,0,0,0,0,1
112169,0,0,0,0,0,0,0,0,1
112170,0,0,0,0,0,0,0,0,1
112171,0,0,0,0,0,0,0,0,1
112172,0,0,0,0,0,0,0,0,1
112173,0,0,0,0,0,0,0,0,1
112174,0,0,0,0,0,0,0,0,1
112175,0,0,0,0,0,0,0,0,1
112176,0,0,0,0,0,0,0,0,1
112177,0,0,0,0,0,0,0,0,1
112178,0,0,0,0,0,0,0,0,1
112179,0,0,0,0,0,0,0,0,1
112180,0,0,0,0,0,0,0,0,1
112181,0,0,0,0,0,0,0,0,1
112182,0,0,0,0,0,0,0,0,1
112183,0,0,0,0,0,0,0,0,1
112184,0,0,0,0,0,0,0,0,1
112185,0,0,0,0,0,0,0,0,1
112186,0,0,0,0,0,0,0,0,1
112187,0,0,0,0,0,0,0,0,1
112188,0,0,0,0,0,0,0,0,1
112189,0,0,0,0,0,0,0,0,1
112190,0,0,0,0,0,0,0,0,1
112191,0,0,0,0,0,0,0,0,1
112192,0,0,0,0,0,0,0,0,1
112193,0,0,0,0,0,0,0,0,1
112194,0,0,0,0,0,0,0,0,1
112195,0,0,0,0,0,0,0,0,1
112196,0,0,0,0,0,0,0,0,1
112197,0,0,0,0,0,0,0,0,1
112198,0,0,0,0,0,0,0,0,1
112199,0,0,0,0,0,0,0,0,1
112200,0,0,0,0,0,0,0,0,1
112201,0,0,0,0,0,0,0,0,1
112202,0,0,0,0,0,0,0,0,1
112203,0,0,0,0,0,0,0,0,1
112204,0,0,0,0,0,0,0,0,1
112205,0,0,0,0,0,0,0,0,1
112206,0,0,0,0,0,0,0,0,1
112207,0,0,0,0,0,0,0,0,1
112208,0,0,0,0,0,0,0,0,1
112209,0,0,0,0,0,0,0,0,1
112210,0,0,0,0,0,0,0,0,1
112211,0,0,0,0,0,0,0,0,1
112212,0,0,0,0,0,0,0,0,1
112213,0,0,0,0,0,0,0,0,1
112214,0,0,0,0,0,0,0,0,1
112215,0,0,0,0,0,0,0,0,1
112216,0,0,0,0,0,0,0,0,1
112217,0,0,0,0,0,0,0,0,1
112218,0,0,0,0,0,0,0,0,1
112219,0,0,0,0,0,0,0,0,1
112220,0,0,0,0,0,0,0,0,1
112221,0,0,0,0,0,0,0,0,1
112222,0,0,0,0,0,0,0,0,1
112223,0,0,0,0,0,0,0,0,1
112224,0,0,0,0,0,0,0,0,1
112225,0,0,0,0,0,0,0,0,1
112226,0,0,0,0,0,0,0,0,1
112227,0,0,0,0,0,0,0,0,1
112228,0,0,0,0,0,0,0,0,1
112229,0,0,0,0,0,0,0,0,1
112230,0,0,0,0,0,0,0,0,1
112231,0,0,0,0,0,0,0,0,1
112232,0,0,0,0,0,0,0,0,1
112233,0,0,0,0,0,0,0,0,1
112234,0,0,0,0,0,0,0,0,1
112235,0,0,0,0,0,0,0,0,1
112236,0,0,0,0,0,0,0,0,1
112237,0,0,0,0,0,0,0,0,1
112238,0,0,0,0,0,0,0,0,1
112239,0,0,0,0,0,0,0,0,1
112240,0,0,0,0,0,0,0,0,1
112241,0,0,0,0,0,0,0,0,1
112242,0,0,0,0,0,0,0,0,1
112243,0,0,0,0,0,0,0,0,1
112244,0,0,0,0,0,0,0,0,1
112245,0,0,0,0,0,0,0,0,1
112246,0,0,0,0,0,0,0,0,1
112247,0,0,0,0,0,0,0,0,1
112248,0,0,0,0,0,0,0,0,1
112249,0,0,0,0,0,0,0,0,1
112250,0,0,0,0,0,0,0,0,1
112251,0,0,0,0,0,0,0,0,1
112252,0,0,0,0,0,0,0,0,1
112253,0,0,0,0,0,0,0,0,1
112254,0,0,0,0,0,0,0,0,1
112255,0,0,0,0,0,0,0,0,1
112256,0,0,0,0,0,0,0,0,1
112257,0,0,0,0,0,0,0,0,1
112258,0,0,0,0,0,0,0,0,1
112259,0,0,0,0,0,0,0,0,1
112260,0,0,0,0,0,0,0,0,1
112261,0,0,0,0,0,0,0,0,1
112262,0,0,0,0,0,0,0,0,1
112263,0,0,0,0,0,0,0,0,1
112264,0,0,0,0,0,0,0,0,1
112265,0,0,0,0,0,0,0,0,1
112266,0,0,0,0,0,0,0,0,1
112267,0,0,0,0,0,0,0,0,1
112268,0,0,0,0,0,0,0,0,1
112269,0,0,0,0,0,0,0,0,1
112270,0,0,0,0,0,0,0,0,1
112271,0,0,0,0,0,0,0,0,1
112272,0,0,0,0,0,0,0,0,1
112273,0,0,0,0,0,0,0,0,1
112274,0,0,0,0,0,0,0,0,1
112275,0,0,0,0,0,0,0,0,1
112276,0,0,0,0,0,0,0,0,1
112277,0,0,0,0,0,0,0,0,1
112278,0,0,0,0,0,0,0,0,1
112279,0,0,0,0,0,0,0,0,1
112280,0,0,0,0,0,0,0,0,1
112281,0,0,0,0,0,0,0,0,1
112282,0,0,0,0,0,0,0,0,1
112283,0,0,0,0,0,0,0,0,1
112284,0,0,0,0,0,0,0,0,1
112285,0,0,0,0,0,0,0,0,1
112286,0,0,0,0,0,0,0,0,1
112287,0,0,0,0,0,0,0,0,1
112288,0,0,0,0,0,0,0,0,1
112289,0,0,0,0,0,0,0,0,1
112290,0,0,0,0,0,0,0,0,1
112291,0,0,0,0,0,0,0,0,1
112292,0,0,0,0,0,0,0,0,1
112293,0,0,0,0,0,0,0,0,1
112294,0,0,0,0,0,0,0,0,1
112295,0,0,0,0,0,0,0,0,1
112296,0,0,0,0,0,0,0,0,1
112297,0,0,0,0,0,0,0,0,1
112298,0,0,0,0,0,0,0,0,1
112299,0,0,0,0,0,0,0,0,1
112300,0,0,0,0,0,0,0,0,1
112301,0,0,0,0,0,0,0,0,1
112302,0,0,0,0,0,0,0,0,1
112303,0,0,0,0,0,0,0,0,1
112304,0,0,0,0,0,0,0,0,1
112305,0,0,0,0,0,0,0,0,1
112306,0,0,0,0,0,0,0,0,1
112307,0,0,0,0,0,0,0,0,1
112308,0,0,0,0,0,0,0,0,1
112309,0,0,0,0,0,0,0,0,1
112310,0,0,0,0,0,0,0,0,1
112311,0,0,0,0,0,0,0,0,1
112312,0,0,0,0,0,0,0,0,1
112313,0,0,0,0,0,0,0,0,1
112314,0,0,0,0,0,0,0,0,1
112315,0,0,0,0,0,0,0,0,1
112316,0,0,0,0,0,0,0,0,1
112317,0,0,0,0,0,0,0,0,1
112318,0,0,0,0,0,0,0,0,1
112319,0,0,0,0,0,0,0,0,1
112320,0,0,0,0,0,0,0,0,1
112321,0,0,0,0,0,0,0,0,1
112322,0,0,0,0,0,0,0,0,1
112323,0,0,0,0,0,0,0,0,1
112324,0,0,0,0,0,0,0,0,1
112325,0,0,0,0,0,0,0,0,1
112326,0,0,0,0,0,0,0,0,1
112327,0,0,0,0,0,0,0,0,1
112328,0,0,0,0,0,0,0,0,1
112329,0,0,0,0,0,0,0,0,1
112330,0,0,0,0,0,0,0,0,1
112331,0,0,0,0,0,0,0,0,1
112332,0,0,0,0,0,0,0,0,1
112333,0,0,0,0,0,0,0,0,1
112334,0,0,0,0,0,0,0,0,1
112335,0,0,0,0,0,0,0,0,1
112336,0,0,0,0,0,0,0,0,1
112337,0,0,0,0,0,0,0,0,1
112338,0,0,0,0,0,0,0,0,1
112339,0,0,0,0,0,0,0,0,1
112340,0,0,0,0,0,0,0,0,1
112341,0,0,0,0,0,0,0,0,1
112342,0,0,0,0,0,0,0,0,1
112343,0,0,0,0,0,0,0,0,1
112344,0,0,0,0,0,0,0,0,1
112345,0,0,0,0,0,0,0,0,1
112346,0,0,0,0,0,0,0,0,1
112347,0,0,0,0,0,0,0,0,1
112348,0,0,0,0,0,0,0,0,1
112349,0,0,0,0,0,0,0,0,1
112350,0,0,0,0,0,0,0,0,1
112351,0,0,0,0,0,0,0,0,1
112352,0,0,0,0,0,0,0,0,1
112353,0,0,0,0,0,0,0,0,1
112354,0,0,0,0,0,0,0,0,1
112355,0,0,0,0,0,0,0,0,1
112356,0,0,0,0,0,0,0,0,1
112357,0,0,0,0,0,0,0,0,1
112358,0,0,0,0,0,0,0,0,1
112359,0,0,0,0,0,0,0,0,1
112360,0,0,0,0,0,0,0,0,1
112361,0,0,0,0,0,0,0,0,1
112362,0,0,0,0,0,0,0,0,1
112363,0,0,0,0,0,0,0,0,1
112364,0,0,0,0,0,0,0,0,1
112365,0,0,0,0,0,0,0,0,1
112366,0,0,0,0,0,0,0,0,1
112367,0,0,0,0,0,0,0,0,1
112368,0,0,0,0,0,0,0,0,1
112369,0,0,0,0,0,0,0,0,1
112370,0,0,0,0,0,0,0,0,1
112371,0,0,0,0,0,0,0,0,1
112372,0,0,0,0,0,0,0,0,1
112373,0,0,0,0,0,0,0,0,1
112374,0,0,0,0,0,0,0,0,1
112375,0,0,0,0,0,0,0,0,1
112376,0,0,0,0,0,0,0,0,1
112377,0,0,0,0,0,0,0,0,1
112378,0,0,0,0,0,0,0,0,1
112379,0,0,0,0,0,0,0,0,1
112380,0,0,0,0,0,0,0,0,1
112381,0,0,0,0,0,0,0,0,1
112382,0,0,0,0,0,0,0,0,1
112383,0,0,0,0,0,0,0,0,1
112384,0,0,0,0,0,0,0,0,1
112385,0,0,0,0,0,0,0,0,1
112386,0,0,0,0,0,0,0,0,1
112387,0,0,0,0,0,0,0,0,1
112388,0,0,0,0,0,0,0,0,1
112389,0,0,0,0,0,0,0,0,1
112390,0,0,0,0,0,0,0,0,1
112391,0,0,0,0,0,0,0,0,1
112392,0,0,0,0,0,0,0,0,1
112393,0,0,0,0,0,0,0,0,1
112394,0,0,0,0,0,0,0,0,1
112395,0,0,0,0,0,0,0,0,1
112396,0,0,0,0,0,0,0,0,1
112397,0,0,0,0,0,0,0,0,1
112398,0,0,0,0,0,0,0,0,1
112399,0,0,0,0,0,0,0,0,1
112400,0,0,0,0,0,0,0,0,1
112401,0,0,0,0,0,0,0,0,1
112402,0,0,0,0,0,0,0,0,1
112403,0,0,0,0,0,0,0,0,1
112404,0,0,0,0,0,0,0,0,1
112405,0,0,0,0,0,0,0,0,1
112406,0,0,0,0,0,0,0,0,1
112407,0,0,0,0,0,0,0,0,1
112408,0,0,0,0,0,0,0,0,1
112409,0,0,0,0,0,0,0,0,1
112410,0,0,0,0,0,0,0,0,1
112411,0,0,0,0,0,0,0,0,1
112412,0,0,0,0,0,0,0,0,1
112413,0,0,0,0,0,0,0,0,1
112414,0,0,0,0,0,0,0,0,1
112415,0,0,0,0,0,0,0,0,1
112416,0,0,0,0,0,0,0,0,1
112417,0,0,0,0,0,0,0,0,1
112418,0,0,0,0,0,0,0,0,1
112419,0,0,0,0,0,0,0,0,1
112420,0,0,0,0,0,0,0,0,1
112421,0,0,0,0,0,0,0,0,1
112422,0,0,0,0,0,0,0,0,1
112423,0,0,0,0,0,0,0,0,1
112424,0,0,0,0,0,0,0,0,1
112425,0,0,0,0,0,0,0,0,1
112426,0,0,0,0,0,0,0,0,1
112427,0,0,0,0,0,0,0,0,1
112428,0,0,0,0,0,0,0,0,1
112429,0,0,0,0,0,0,0,0,1
112430,0,0,0,0,0,0,0,0,1
112431,0,0,0,0,0,0,0,0,1
112432,0,0,0,0,0,0,0,0,1
112433,0,0,0,0,0,0,0,0,1
112434,0,0,0,0,0,0,0,0,1
112435,0,0,0,0,0,0,0,0,1
112436,0,0,0,0,0,0,0,0,1
112437,0,0,0,0,0,0,0,0,1
112438,0,0,0,0,0,0,0,0,1
112439,0,0,0,0,0,0,0,0,1
112440,0,0,0,0,0,0,0,0,1
112441,0,0,0,0,0,0,0,0,1
112442,0,0,0,0,0,0,0,0,1
112443,0,0,0,0,0,0,0,0,1
112444,0,0,0,0,0,0,0,0,1
112445,0,0,0,0,0,0,0,0,1
112446,0,0,0,0,0,0,0,0,1
112447,0,0,0,0,0,0,0,0,1
112448,0,0,0,0,0,0,0,0,1
112449,0,0,0,0,0,0,0,0,1
112450,0,0,0,0,0,0,0,0,1
112451,0,0,0,0,0,0,0,0,1
112452,0,0,0,0,0,0,0,0,1
112453,0,0,0,0,0,0,0,0,1
112454,0,0,0,0,0,0,0,0,1
112455,0,0,0,0,0,0,0,0,1
112456,0,0,0,0,0,0,0,0,1
112457,0,0,0,0,0,0,0,0,1
112458,0,0,0,0,0,0,0,0,1
112459,0,0,0,0,0,0,0,0,1
112460,0,0,0,0,0,0,0,0,1
112461,0,0,0,0,0,0,0,0,1
112462,0,0,0,0,0,0,0,0,1
112463,0,0,0,0,0,0,0,0,1
112464,0,0,0,0,0,0,0,0,1
112465,0,0,0,0,0,0,0,0,1
112466,0,0,0,0,0,0,0,0,1
112467,0,0,0,0,0,0,0,0,1
112468,0,0,0,0,0,0,0,0,1
112469,0,0,0,0,0,0,0,0,1
112470,0,0,0,0,0,0,0,0,1
112471,0,0,0,0,0,0,0,0,1
112472,0,0,0,0,0,0,0,0,1
112473,0,0,0,0,0,0,0,0,1
112474,0,0,0,0,0,0,0,0,1
112475,0,0,0,0,0,0,0,0,1
112476,0,0,0,0,0,0,0,0,1
112477,0,0,0,0,0,0,0,0,1
112478,0,0,0,0,0,0,0,0,1
112479,0,0,0,0,0,0,0,0,1
112480,0,0,0,0,0,0,0,0,1
112481,0,0,0,0,0,0,0,0,1
112482,0,0,0,0,0,0,0,0,1
112483,0,0,0,0,0,0,0,0,1
112484,0,0,0,0,0,0,0,0,1
112485,0,0,0,0,0,0,0,0,1
112486,0,0,0,0,0,0,0,0,1
112487,0,0,0,0,0,0,0,0,1
112488,0,0,0,0,0,0,0,0,1
112489,0,0,0,0,0,0,0,0,1
112490,0,0,0,0,0,0,0,0,1
112491,0,0,0,0,0,0,0,0,1
112492,0,0,0,0,0,0,0,0,1
112493,0,0,0,0,0,0,0,0,1
112494,0,0,0,0,0,0,0,0,1
112495,0,0,0,0,0,0,0,0,1
112496,0,0,0,0,0,0,0,0,1
112497,0,0,0,0,0,0,0,0,1
112498,0,0,0,0,0,0,0,0,1
112499,0,0,0,0,0,0,0,0,1
112500,0,0,0,0,0,0,0,0,1
112501,0,0,0,0,0,0,0,0,1
112502,0,0,0,0,0,0,0,0,1
112503,0,0,0,0,0,0,0,0,1
112504,0,0,0,0,0,0,0,0,1
112505,0,0,0,0,0,0,0,0,1
112506,0,0,0,0,0,0,0,0,1
112507,0,0,0,0,0,0,0,0,1
112508,0,0,0,0,0,0,0,0,1
112509,0,0,0,0,0,0,0,0,1
112510,0,0,0,0,0,0,0,0,1
112511,0,0,0,0,0,0,0,0,1
112512,0,0,0,0,0,0,0,0,1
112513,0,0,0,0,0,0,0,0,1
112514,0,0,0,0,0,0,0,0,1
112515,0,0,0,0,0,0,0,0,1
112516,0,0,0,0,0,0,0,0,1
112517,0,0,0,0,0,0,0,0,1
112518,0,0,0,0,0,0,0,0,1
112519,0,0,0,0,0,0,0,0,1
112520,0,0,0,0,0,0,0,0,1
112521,0,0,0,0,0,0,0,0,1
112522,0,0,0,0,0,0,0,0,1
112523,0,0,0,0,0,0,0,0,1
112524,0,0,0,0,0,0,0,0,1
112525,0,0,0,0,0,0,0,0,1
112526,0,0,0,0,0,0,0,0,1
112527,0,0,0,0,0,0,0,0,1
112528,0,0,0,0,0,0,0,0,1
112529,0,0,0,0,0,0,0,0,1
112530,0,0,0,0,0,0,0,0,1
112531,0,0,0,0,0,0,0,0,1
112532,0,0,0,0,0,0,0,0,1
112533,0,0,0,0,0,0,0,0,1
112534,0,0,0,0,0,0,0,0,1
112535,0,0,0,0,0,0,0,0,1
112536,0,0,0,0,0,0,0,0,1
112537,0,0,0,0,0,0,0,0,1
112538,0,0,0,0,0,0,0,0,1
112539,0,0,0,0,0,0,0,0,1
112540,0,0,0,0,0,0,0,0,1
112541,0,0,0,0,0,0,0,0,1
112542,0,0,0,0,0,0,0,0,1
112543,0,0,0,0,0,0,0,0,1
112544,0,0,0,0,0,0,0,0,1
112545,0,0,0,0,0,0,0,0,1
112546,0,0,0,0,0,0,0,0,1
112547,0,0,0,0,0,0,0,0,1
112548,0,0,0,0,0,0,0,0,1
112549,0,0,0,0,0,0,0,0,1
112550,0,0,0,0,0,0,0,0,1
112551,0,0,0,0,0,0,0,0,1
112552,0,0,0,0,0,0,0,0,1
112553,0,0,0,0,0,0,0,0,1
112554,0,0,0,0,0,0,0,0,1
112555,0,0,0,0,0,0,0,0,1
112556,0,0,0,0,0,0,0,0,1
112557,0,0,0,0,0,0,0,0,1
112558,0,0,0,0,0,0,0,0,1
112559,0,0,0,0,0,0,0,0,1
112560,0,0,0,0,0,0,0,0,1
112561,0,0,0,0,0,0,0,0,1
112562,0,0,0,0,0,0,0,0,1
112563,0,0,0,0,0,0,0,0,1
112564,0,0,0,0,0,0,0,0,1
112565,0,0,0,0,0,0,0,0,1
112566,0,0,0,0,0,0,0,0,1
112567,0,0,0,0,0,0,0,0,1
112568,0,0,0,0,0,0,0,0,1
112569,0,0,0,0,0,0,0,0,1
112570,0,0,0,0,0,0,0,0,1
112571,0,0,0,0,0,0,0,0,1
112572,0,0,0,0,0,0,0,0,1
112573,0,0,0,0,0,0,0,0,1
112574,0,0,0,0,0,0,0,0,1
112575,0,0,0,0,0,0,0,0,1
112576,0,0,0,0,0,0,0,0,1
112577,0,0,0,0,0,0,0,0,1
112578,0,0,0,0,0,0,0,0,1
112579,0,0,0,0,0,0,0,0,1
112580,0,0,0,0,0,0,0,0,1
112581,0,0,0,0,0,0,0,0,1
112582,0,0,0,0,0,0,0,0,1
112583,0,0,0,0,0,0,0,0,1
112584,0,0,0,0,0,0,0,0,1
112585,0,0,0,0,0,0,0,0,1
112586,0,0,0,0,0,0,0,0,1
112587,0,0,0,0,0,0,0,0,1
112588,0,0,0,0,0,0,0,0,1
112589,0,0,0,0,0,0,0,0,1
112590,0,0,0,0,0,0,0,0,1
112591,0,0,0,0,0,0,0,0,1
112592,0,0,0,0,0,0,0,0,1
112593,0,0,0,0,0,0,0,0,1
112594,0,0,0,0,0,0,0,0,1
112595,0,0,0,0,0,0,0,0,1
112596,0,0,0,0,0,0,0,0,1
112597,0,0,0,0,0,0,0,0,1
112598,0,0,0,0,0,0,0,0,1
112599,0,0,0,0,0,0,0,0,1
112600,0,0,0,0,0,0,0,0,1
112601,0,0,0,0,0,0,0,0,1
112602,0,0,0,0,0,0,0,0,1
112603,0,0,0,0,0,0,0,0,1
112604,0,0,0,0,0,0,0,0,1
112605,0,0,0,0,0,0,0,0,1
112606,0,0,0,0,0,0,0,0,1
112607,0,0,0,0,0,0,0,0,1
112608,0,0,0,0,0,0,0,0,1
112609,0,0,0,0,0,0,0,0,1
112610,0,0,0,0,0,0,0,0,1
112611,0,0,0,0,0,0,0,0,1
112612,0,0,0,0,0,0,0,0,1
112613,0,0,0,0,0,0,0,0,1
112614,0,0,0,0,0,0,0,0,1
112615,0,0,0,0,0,0,0,0,1
112616,0,0,0,0,0,0,0,0,1
112617,0,0,0,0,0,0,0,0,1
112618,0,0,0,0,0,0,0,0,1
112619,0,0,0,0,0,0,0,0,1
112620,0,0,0,0,0,0,0,0,1
112621,0,0,0,0,0,0,0,0,1
112622,0,0,0,0,0,0,0,0,1
112623,0,0,0,0,0,0,0,0,1
112624,0,0,0,0,0,0,0,0,1
112625,0,0,0,0,0,0,0,0,1
112626,0,0,0,0,0,0,0,0,1
112627,0,0,0,0,0,0,0,0,1
112628,0,0,0,0,0,0,0,0,1
112629,0,0,0,0,0,0,0,0,1
112630,0,0,0,0,0,0,0,0,1
112631,0,0,0,0,0,0,0,0,1
112632,0,0,0,0,0,0,0,0,1
112633,0,0,0,0,0,0,0,0,1
112634,0,0,0,0,0,0,0,0,1
112635,0,0,0,0,0,0,0,0,1
112636,0,0,0,0,0,0,0,0,1
112637,0,0,0,0,0,0,0,0,1
112638,0,0,0,0,0,0,0,0,1
112639,0,0,0,0,0,0,0,0,1
112640,0,0,0,0,0,0,0,0,1
112641,0,0,0,0,0,0,0,0,1
112642,0,0,0,0,0,0,0,0,1
112643,0,0,0,0,0,0,0,0,1
112644,0,0,0,0,0,0,0,0,1
112645,0,0,0,0,0,0,0,0,1
112646,0,0,0,0,0,0,0,0,1
112647,0,0,0,0,0,0,0,0,1
112648,0,0,0,0,0,0,0,0,1
112649,0,0,0,0,0,0,0,0,1
112650,0,0,0,0,0,0,0,0,1
112651,0,0,0,0,0,0,0,0,1
112652,0,0,0,0,0,0,0,0,1
112653,0,0,0,0,0,0,0,0,1
112654,0,0,0,0,0,0,0,0,1
112655,0,0,0,0,0,0,0,0,1
112656,0,0,0,0,0,0,0,0,1
112657,0,0,0,0,0,0,0,0,1
112658,0,0,0,0,0,0,0,0,1
112659,0,0,0,0,0,0,0,0,1
112660,0,0,0,0,0,0,0,0,1
112661,0,0,0,0,0,0,0,0,1
112662,0,0,0,0,0,0,0,0,1
112663,0,0,0,0,0,0,0,0,1
112664,0,0,0,0,0,0,0,0,1
112665,0,0,0,0,0,0,0,0,1
112666,0,0,0,0,0,0,0,0,1
112667,0,0,0,0,0,0,0,0,1
112668,0,0,0,0,0,0,0,0,1
112669,0,0,0,0,0,0,0,0,1
112670,0,0,0,0,0,0,0,0,1
112671,0,0,0,0,0,0,0,0,1
112672,0,0,0,0,0,0,0,0,1
112673,0,0,0,0,0,0,0,0,1
112674,0,0,0,0,0,0,0,0,1
112675,0,0,0,0,0,0,0,0,1
112676,0,0,0,0,0,0,0,0,1
112677,0,0,0,0,0,0,0,0,1
112678,0,0,0,0,0,0,0,0,1
112679,0,0,0,0,0,0,0,0,1
112680,0,0,0,0,0,0,0,0,1
112681,0,0,0,0,0,0,0,0,1
112682,0,0,0,0,0,0,0,0,1
112683,0,0,0,0,0,0,0,0,1
112684,0,0,0,0,0,0,0,0,1
112685,0,0,0,0,0,0,0,0,1
112686,0,0,0,0,0,0,0,0,1
112687,0,0,0,0,0,0,0,0,1
112688,0,0,0,0,0,0,0,0,1
112689,0,0,0,0,0,0,0,0,1
112690,0,0,0,0,0,0,0,0,1
112691,0,0,0,0,0,0,0,0,1
112692,0,0,0,0,0,0,0,0,1
112693,0,0,0,0,0,0,0,0,1
112694,0,0,0,0,0,0,0,0,1
112695,0,0,0,0,0,0,0,0,1
112696,0,0,0,0,0,0,0,0,1
112697,0,0,0,0,0,0,0,0,1
112698,0,0,0,0,0,0,0,0,1
112699,0,0,0,0,0,0,0,0,1
112700,0,0,0,0,0,0,0,0,1
112701,0,0,0,0,0,0,0,0,1
112702,0,0,0,0,0,0,0,0,1
112703,0,0,0,0,0,0,0,0,1
112704,0,0,0,0,0,0,0,0,1
112705,0,0,0,0,0,0,0,0,1
112706,0,0,0,0,0,0,0,0,1
112707,0,0,0,0,0,0,0,0,1
112708,0,0,0,0,0,0,0,0,1
112709,0,0,0,0,0,0,0,0,1
112710,0,0,0,0,0,0,0,0,1
112711,0,0,0,0,0,0,0,0,1
112712,0,0,0,0,0,0,0,0,1
112713,0,0,0,0,0,0,0,0,1
112714,0,0,0,0,0,0,0,0,1
112715,0,0,0,0,0,0,0,0,1
112716,0,0,0,0,0,0,0,0,1
112717,0,0,0,0,0,0,0,0,1
112718,0,0,0,0,0,0,0,0,1
112719,0,0,0,0,0,0,0,0,1
112720,0,0,0,0,0,0,0,0,1
112721,0,0,0,0,0,0,0,0,1
112722,0,0,0,0,0,0,0,0,1
112723,0,0,0,0,0,0,0,0,1
112724,0,0,0,0,0,0,0,0,1
112725,0,0,0,0,0,0,0,0,1
112726,0,0,0,0,0,0,0,0,1
112727,0,0,0,0,0,0,0,0,1
112728,0,0,0,0,0,0,0,0,1
112729,0,0,0,0,0,0,0,0,1
112730,0,0,0,0,0,0,0,0,1
112731,0,0,0,0,0,0,0,0,1
112732,0,0,0,0,0,0,0,0,1
112733,0,0,0,0,0,0,0,0,1
112734,0,0,0,0,0,0,0,0,1
112735,0,0,0,0,0,0,0,0,1
112736,0,0,0,0,0,0,0,0,1
112737,0,0,0,0,0,0,0,0,1
112738,0,0,0,0,0,0,0,0,1
112739,0,0,0,0,0,0,0,0,1
112740,0,0,0,0,0,0,0,0,1
112741,0,0,0,0,0,0,0,0,1
112742,0,0,0,0,0,0,0,0,1
112743,0,0,0,0,0,0,0,0,1
112744,0,0,0,0,0,0,0,0,1
112745,0,0,0,0,0,0,0,0,1
112746,0,0,0,0,0,0,0,0,1
112747,0,0,0,0,0,0,0,0,1
112748,0,0,0,0,0,0,0,0,1
112749,0,0,0,0,0,0,0,0,1
112750,0,0,0,0,0,0,0,0,1
112751,0,0,0,0,0,0,0,0,1
112752,0,0,0,0,0,0,0,0,1
112753,0,0,0,0,0,0,0,0,1
112754,0,0,0,0,0,0,0,0,1
112755,0,0,0,0,0,0,0,0,1
112756,0,0,0,0,0,0,0,0,1
112757,0,0,0,0,0,0,0,0,1
112758,0,0,0,0,0,0,0,0,1
112759,0,0,0,0,0,0,0,0,1
112760,0,0,0,0,0,0,0,0,1
112761,0,0,0,0,0,0,0,0,1
112762,0,0,0,0,0,0,0,0,1
112763,0,0,0,0,0,0,0,0,1
112764,0,0,0,0,0,0,0,0,1
112765,0,0,0,0,0,0,0,0,1
112766,0,0,0,0,0,0,0,0,1
112767,0,0,0,0,0,0,0,0,1
112768,0,0,0,0,0,0,0,0,1
112769,0,0,0,0,0,0,0,0,1
112770,0,0,0,0,0,0,0,0,1
112771,0,0,0,0,0,0,0,0,1
112772,0,0,0,0,0,0,0,0,1
112773,0,0,0,0,0,0,0,0,1
112774,0,0,0,0,0,0,0,0,1
112775,0,0,0,0,0,0,0,0,1
112776,0,0,0,0,0,0,0,0,1
112777,0,0,0,0,0,0,0,0,1
112778,0,0,0,0,0,0,0,0,1
112779,0,0,0,0,0,0,0,0,1
112780,0,0,0,0,0,0,0,0,1
112781,0,0,0,0,0,0,0,0,1
112782,0,0,0,0,0,0,0,0,1
112783,0,0,0,0,0,0,0,0,1
112784,0,0,0,0,0,0,0,0,1
112785,0,0,0,0,0,0,0,0,1
112786,0,0,0,0,0,0,0,0,1
112787,0,0,0,0,0,0,0,0,1
112788,0,0,0,0,0,0,0,0,1
112789,0,0,0,0,0,0,0,0,1
112790,0,0,0,0,0,0,0,0,1
112791,0,0,0,0,0,0,0,0,1
112792,0,0,0,0,0,0,0,0,1
112793,0,0,0,0,0,0,0,0,1
112794,0,0,0,0,0,0,0,0,1
112795,0,0,0,0,0,0,0,0,1
112796,0,0,0,0,0,0,0,0,1
112797,0,0,0,0,0,0,0,0,1
112798,0,0,0,0,0,0,0,0,1
112799,0,0,0,0,0,0,0,0,1
112800,0,0,0,0,0,0,0,0,1
112801,0,0,0,0,0,0,0,0,1
112802,0,0,0,0,0,0,0,0,1
112803,0,0,0,0,0,0,0,0,1
112804,0,0,0,0,0,0,0,0,1
112805,0,0,0,0,0,0,0,0,1
112806,0,0,0,0,0,0,0,0,1
112807,0,0,0,0,0,0,0,0,1
112808,0,0,0,0,0,0,0,0,1
112809,0,0,0,0,0,0,0,0,1
112810,0,0,0,0,0,0,0,0,1
112811,0,0,0,0,0,0,0,0,1
112812,0,0,0,0,0,0,0,0,1
112813,0,0,0,0,0,0,0,0,1
112814,0,0,0,0,0,0,0,0,1
112815,0,0,0,0,0,0,0,0,1
112816,0,0,0,0,0,0,0,0,1
112817,0,0,0,0,0,0,0,0,1
112818,0,0,0,0,0,0,0,0,1
112819,0,0,0,0,0,0,0,0,1
112820,0,0,0,0,0,0,0,0,1
112821,0,0,0,0,0,0,0,0,1
112822,0,0,0,0,0,0,0,0,1
112823,0,0,0,0,0,0,0,0,1
112824,0,0,0,0,0,0,0,0,1
112825,0,0,0,0,0,0,0,0,1
112826,0,0,0,0,0,0,0,0,1
112827,0,0,0,0,0,0,0,0,1
112828,0,0,0,0,0,0,0,0,1
112829,0,0,0,0,0,0,0,0,1
112830,0,0,0,0,0,0,0,0,1
112831,0,0,0,0,0,0,0,0,1
112832,0,0,0,0,0,0,0,0,1
112833,0,0,0,0,0,0,0,0,1
112834,0,0,0,0,0,0,0,0,1
112835,0,0,0,0,0,0,0,0,1
112836,0,0,0,0,0,0,0,0,1
112837,0,0,0,0,0,0,0,0,1
112838,0,0,0,0,0,0,0,0,1
112839,0,0,0,0,0,0,0,0,1
112840,0,0,0,0,0,0,0,0,1
112841,0,0,0,0,0,0,0,0,1
112842,0,0,0,0,0,0,0,0,1
112843,0,0,0,0,0,0,0,0,1
112844,0,0,0,0,0,0,0,0,1
112845,0,0,0,0,0,0,0,0,1
112846,0,0,0,0,0,0,0,0,1
112847,0,0,0,0,0,0,0,0,1
112848,0,0,0,0,0,0,0,0,1
112849,0,0,0,0,0,0,0,0,1
112850,0,0,0,0,0,0,0,0,1
112851,0,0,0,0,0,0,0,0,1
112852,0,0,0,0,0,0,0,0,1
112853,0,0,0,0,0,0,0,0,1
112854,0,0,0,0,0,0,0,0,1
112855,0,0,0,0,0,0,0,0,1
112856,0,0,0,0,0,0,0,0,1
112857,0,0,0,0,0,0,0,0,1
112858,0,0,0,0,0,0,0,0,1
112859,0,0,0,0,0,0,0,0,1
112860,0,0,0,0,0,0,0,0,1
112861,0,0,0,0,0,0,0,0,1
112862,0,0,0,0,0,0,0,0,1
112863,0,0,0,0,0,0,0,0,1
112864,0,0,0,0,0,0,0,0,1
112865,0,0,0,0,0,0,0,0,1
112866,0,0,0,0,0,0,0,0,1
112867,0,0,0,0,0,0,0,0,1
112868,0,0,0,0,0,0,0,0,1
112869,0,0,0,0,0,0,0,0,1
112870,0,0,0,0,0,0,0,0,1
112871,0,0,0,0,0,0,0,0,1
112872,0,0,0,0,0,0,0,0,1
112873,0,0,0,0,0,0,0,0,1
112874,0,0,0,0,0,0,0,0,1
112875,0,0,0,0,0,0,0,0,1
112876,0,0,0,0,0,0,0,0,1
112877,0,0,0,0,0,0,0,0,1
112878,0,0,0,0,0,0,0,0,1
112879,0,0,0,0,0,0,0,0,1
112880,0,0,0,0,0,0,0,0,1
112881,0,0,0,0,0,0,0,0,1
112882,0,0,0,0,0,0,0,0,1
112883,0,0,0,0,0,0,0,0,1
112884,0,0,0,0,0,0,0,0,1
112885,0,0,0,0,0,0,0,0,1
112886,0,0,0,0,0,0,0,0,1
112887,0,0,0,0,0,0,0,0,1
112888,0,0,0,0,0,0,0,0,1
112889,0,0,0,0,0,0,0,0,1
112890,0,0,0,0,0,0,0,0,1
112891,0,0,0,0,0,0,0,0,1
112892,0,0,0,0,0,0,0,0,1
112893,0,0,0,0,0,0,0,0,1
112894,0,0,0,0,0,0,0,0,1
112895,0,0,0,0,0,0,0,0,1
112896,0,0,0,0,0,0,0,0,1
112897,0,0,0,0,0,0,0,0,1
112898,0,0,0,0,0,0,0,0,1
112899,0,0,0,0,0,0,0,0,1
112900,0,0,0,0,0,0,0,0,1
112901,0,0,0,0,0,0,0,0,1
112902,0,0,0,0,0,0,0,0,1
112903,0,0,0,0,0,0,0,0,1
112904,0,0,0,0,0,0,0,0,1
112905,0,0,0,0,0,0,0,0,1
112906,0,0,0,0,0,0,0,0,1
112907,0,0,0,0,0,0,0,0,1
112908,0,0,0,0,0,0,0,0,1
112909,0,0,0,0,0,0,0,0,1
112910,0,0,0,0,0,0,0,0,1
112911,0,0,0,0,0,0,0,0,1
112912,0,0,0,0,0,0,0,0,1
112913,0,0,0,0,0,0,0,0,1
112914,0,0,0,0,0,0,0,0,1
112915,0,0,0,0,0,0,0,0,1
112916,0,0,0,0,0,0,0,0,1
112917,0,0,0,0,0,0,0,0,1
112918,0,0,0,0,0,0,0,0,1
112919,0,0,0,0,0,0,0,0,1
112920,0,0,0,0,0,0,0,0,1
112921,0,0,0,0,0,0,0,0,1
112922,0,0,0,0,0,0,0,0,1
112923,0,0,0,0,0,0,0,0,1
112924,0,0,0,0,0,0,0,0,1
112925,0,0,0,0,0,0,0,0,1
112926,0,0,0,0,0,0,0,0,1
112927,0,0,0,0,0,0,0,0,1
112928,0,0,0,0,0,0,0,0,1
112929,0,0,0,0,0,0,0,0,1
112930,0,0,0,0,0,0,0,0,1
112931,0,0,0,0,0,0,0,0,1
112932,0,0,0,0,0,0,0,0,1
112933,0,0,0,0,0,0,0,0,1
112934,0,0,0,0,0,0,0,0,1
112935,0,0,0,0,0,0,0,0,1
112936,0,0,0,0,0,0,0,0,1
112937,0,0,0,0,0,0,0,0,1
112938,0,0,0,0,0,0,0,0,1
112939,0,0,0,0,0,0,0,0,1
112940,0,0,0,0,0,0,0,0,1
112941,0,0,0,0,0,0,0,0,1
112942,0,0,0,0,0,0,0,0,1
112943,0,0,0,0,0,0,0,0,1
112944,0,0,0,0,0,0,0,0,1
112945,0,0,0,0,0,0,0,0,1
112946,0,0,0,0,0,0,0,0,1
112947,0,0,0,0,0,0,0,0,1
112948,0,0,0,0,0,0,0,0,1
112949,0,0,0,0,0,0,0,0,1
112950,0,0,0,0,0,0,0,0,1
112951,0,0,0,0,0,0,0,0,1
112952,0,0,0,0,0,0,0,0,1
112953,0,0,0,0,0,0,0,0,1
112954,0,0,0,0,0,0,0,0,1
112955,0,0,0,0,0,0,0,0,1
112956,0,0,0,0,0,0,0,0,1
112957,0,0,0,0,0,0,0,0,1
112958,0,0,0,0,0,0,0,0,1
112959,0,0,0,0,0,0,0,0,1
112960,0,0,0,0,0,0,0,0,1
112961,0,0,0,0,0,0,0,0,1
112962,0,0,0,0,0,0,0,0,1
112963,0,0,0,0,0,0,0,0,1
112964,0,0,0,0,0,0,0,0,1
112965,0,0,0,0,0,0,0,0,1
112966,0,0,0,0,0,0,0,0,1
112967,0,0,0,0,0,0,0,0,1
112968,0,0,0,0,0,0,0,0,1
112969,0,0,0,0,0,0,0,0,1
112970,0,0,0,0,0,0,0,0,1
112971,0,0,0,0,0,0,0,0,1
112972,0,0,0,0,0,0,0,0,1
112973,0,0,0,0,0,0,0,0,1
112974,0,0,0,0,0,0,0,0,1
112975,0,0,0,0,0,0,0,0,1
112976,0,0,0,0,0,0,0,0,1
112977,0,0,0,0,0,0,0,0,1
112978,0,0,0,0,0,0,0,0,1
112979,0,0,0,0,0,0,0,0,1
112980,0,0,0,0,0,0,0,0,1
112981,0,0,0,0,0,0,0,0,1
112982,0,0,0,0,0,0,0,0,1
112983,0,0,0,0,0,0,0,0,1
112984,0,0,0,0,0,0,0,0,1
112985,0,0,0,0,0,0,0,0,1
112986,0,0,0,0,0,0,0,0,1
112987,0,0,0,0,0,0,0,0,1
112988,0,0,0,0,0,0,0,0,1
112989,0,0,0,0,0,0,0,0,1
112990,0,0,0,0,0,0,0,0,1
112991,0,0,0,0,0,0,0,0,1
112992,0,0,0,0,0,0,0,0,1
112993,0,0,0,0,0,0,0,0,1
112994,0,0,0,0,0,0,0,0,1
112995,0,0,0,0,0,0,0,0,1
112996,0,0,0,0,0,0,0,0,1
112997,0,0,0,0,0,0,0,0,1
112998,0,0,0,0,0,0,0,0,1
112999,0,0,0,0,0,0,0,0,1
113000,0,0,0,0,0,0,0,0,1
113001,0,0,0,0,0,0,0,0,1
113002,0,0,0,0,0,0,0,0,1
113003,0,0,0,0,0,0,0,0,1
113004,0,0,0,0,0,0,0,0,1
113005,0,0,0,0,0,0,0,0,1
113006,0,0,0,0,0,0,0,0,1
113007,0,0,0,0,0,0,0,0,1
113008,0,0,0,0,0,0,0,0,1
113009,0,0,0,0,0,0,0,0,1
113010,0,0,0,0,0,0,0,0,1
113011,0,0,0,0,0,0,0,0,1
113012,0,0,0,0,0,0,0,0,1
113013,0,0,0,0,0,0,0,0,1
113014,0,0,0,0,0,0,0,0,1
113015,0,0,0,0,0,0,0,0,1
113016,0,0,0,0,0,0,0,0,1
113017,0,0,0,0,0,0,0,0,1
113018,0,0,0,0,0,0,0,0,1
113019,0,0,0,0,0,0,0,0,1
113020,0,0,0,0,0,0,0,0,1
113021,0,0,0,0,0,0,0,0,1
113022,0,0,0,0,0,0,0,0,1
113023,0,0,0,0,0,0,0,0,1
113024,0,0,0,0,0,0,0,0,1
113025,0,0,0,0,0,0,0,0,1
113026,0,0,0,0,0,0,0,0,1
113027,0,0,0,0,0,0,0,0,1
113028,0,0,0,0,0,0,0,0,1
113029,0,0,0,0,0,0,0,0,1
113030,0,0,0,0,0,0,0,0,1
113031,0,0,0,0,0,0,0,0,1
113032,0,0,0,0,0,0,0,0,1
113033,0,0,0,0,0,0,0,0,1
113034,0,0,0,0,0,0,0,0,1
113035,0,0,0,0,0,0,0,0,1
113036,0,0,0,0,0,0,0,0,1
113037,0,0,0,0,0,0,0,0,1
113038,0,0,0,0,0,0,0,0,1
113039,0,0,0,0,0,0,0,0,1
113040,0,0,0,0,0,0,0,0,1
113041,0,0,0,0,0,0,0,0,1
113042,0,0,0,0,0,0,0,0,1
113043,0,0,0,0,0,0,0,0,1
113044,0,0,0,0,0,0,0,0,1
113045,0,0,0,0,0,0,0,0,1
113046,0,0,0,0,0,0,0,0,1
113047,0,0,0,0,0,0,0,0,1
113048,0,0,0,0,0,0,0,0,1
113049,0,0,0,0,0,0,0,0,1
113050,0,0,0,0,0,0,0,0,1
113051,0,0,0,0,0,0,0,0,1
113052,0,0,0,0,0,0,0,0,1
113053,0,0,0,0,0,0,0,0,1
113054,0,0,0,0,0,0,0,0,1
113055,0,0,0,0,0,0,0,0,1
113056,0,0,0,0,0,0,0,0,1
113057,0,0,0,0,0,0,0,0,1
113058,0,0,0,0,0,0,0,0,1
113059,0,0,0,0,0,0,0,0,1
113060,0,0,0,0,0,0,0,0,1
113061,0,0,0,0,0,0,0,0,1
113062,0,0,0,0,0,0,0,0,1
113063,0,0,0,0,0,0,0,0,1
113064,0,0,0,0,0,0,0,0,1
113065,0,0,0,0,0,0,0,0,1
113066,0,0,0,0,0,0,0,0,1
113067,0,0,0,0,0,0,0,0,1
113068,0,0,0,0,0,0,0,0,1
113069,0,0,0,0,0,0,0,0,1
113070,0,0,0,0,0,0,0,0,1
113071,0,0,0,0,0,0,0,0,1
113072,0,0,0,0,0,0,0,0,1
113073,0,0,0,0,0,0,0,0,1
113074,0,0,0,0,0,0,0,0,1
113075,0,0,0,0,0,0,0,0,1
113076,0,0,0,0,0,0,0,0,1
113077,0,0,0,0,0,0,0,0,1
113078,0,0,0,0,0,0,0,0,1
113079,0,0,0,0,0,0,0,0,1
113080,0,0,0,0,0,0,0,0,1
113081,0,0,0,0,0,0,0,0,1
113082,0,0,0,0,0,0,0,0,1
113083,0,0,0,0,0,0,0,0,1
113084,0,0,0,0,0,0,0,0,1
113085,0,0,0,0,0,0,0,0,1
113086,0,0,0,0,0,0,0,0,1
113087,0,0,0,0,0,0,0,0,1
113088,0,0,0,0,0,0,0,0,1
113089,0,0,0,0,0,0,0,0,1
113090,0,0,0,0,0,0,0,0,1
113091,0,0,0,0,0,0,0,0,1
113092,0,0,0,0,0,0,0,0,1
113093,0,0,0,0,0,0,0,0,1
113094,0,0,0,0,0,0,0,0,1
113095,0,0,0,0,0,0,0,0,1
113096,0,0,0,0,0,0,0,0,1
113097,0,0,0,0,0,0,0,0,1
113098,0,0,0,0,0,0,0,0,1
113099,0,0,0,0,0,0,0,0,1
113100,0,0,0,0,0,0,0,0,1
113101,0,0,0,0,0,0,0,0,1
113102,0,0,0,0,0,0,0,0,1
113103,0,0,0,0,0,0,0,0,1
113104,0,0,0,0,0,0,0,0,1
113105,0,0,0,0,0,0,0,0,1
113106,0,0,0,0,0,0,0,0,1
113107,0,0,0,0,0,0,0,0,1
113108,0,0,0,0,0,0,0,0,1
113109,0,0,0,0,0,0,0,0,1
113110,0,0,0,0,0,0,0,0,1
113111,0,0,0,0,0,0,0,0,1
113112,0,0,0,0,0,0,0,0,1
113113,0,0,0,0,0,0,0,0,1
113114,0,0,0,0,0,0,0,0,1
113115,0,0,0,0,0,0,0,0,1
113116,0,0,0,0,0,0,0,0,1
113117,0,0,0,0,0,0,0,0,1
113118,0,0,0,0,0,0,0,0,1
113119,0,0,0,0,0,0,0,0,1
113120,0,0,0,0,0,0,0,0,1
113121,0,0,0,0,0,0,0,0,1
113122,0,0,0,0,0,0,0,0,1
113123,0,0,0,0,0,0,0,0,1
113124,0,0,0,0,0,0,0,0,1
113125,0,0,0,0,0,0,0,0,1
113126,0,0,0,0,0,0,0,0,1
113127,0,0,0,0,0,0,0,0,1
113128,0,0,0,0,0,0,0,0,1
113129,0,0,0,0,0,0,0,0,1
113130,0,0,0,0,0,0,0,0,1
113131,0,0,0,0,0,0,0,0,1
113132,0,0,0,0,0,0,0,0,1
113133,0,0,0,0,0,0,0,0,1
113134,0,0,0,0,0,0,0,0,1
113135,0,0,0,0,0,0,0,0,1
113136,0,0,0,0,0,0,0,0,1
113137,0,0,0,0,0,0,0,0,1
113138,0,0,0,0,0,0,0,0,1
113139,0,0,0,0,0,0,0,0,1
113140,0,0,0,0,0,0,0,0,1
113141,0,0,0,0,0,0,0,0,1
113142,0,0,0,0,0,0,0,0,1
113143,0,0,0,0,0,0,0,0,1
113144,0,0,0,0,0,0,0,0,1
113145,0,0,0,0,0,0,0,0,1
113146,0,0,0,0,0,0,0,0,1
113147,0,0,0,0,0,0,0,0,1
113148,0,0,0,0,0,0,0,0,1
113149,0,0,0,0,0,0,0,0,1
113150,0,0,0,0,0,0,0,0,1
113151,0,0,0,0,0,0,0,0,1
113152,0,0,0,0,0,0,0,0,1
113153,0,0,0,0,0,0,0,0,1
113154,0,0,0,0,0,0,0,0,1
113155,0,0,0,0,0,0,0,0,1
113156,0,0,0,0,0,0,0,0,1
113157,0,0,0,0,0,0,0,0,1
113158,0,0,0,0,0,0,0,0,1
113159,0,0,0,0,0,0,0,0,1
113160,0,0,0,0,0,0,0,0,1
113161,0,0,0,0,0,0,0,0,1
113162,0,0,0,0,0,0,0,0,1
113163,0,0,0,0,0,0,0,0,1
113164,0,0,0,0,0,0,0,0,1
113165,0,0,0,0,0,0,0,0,1
113166,0,0,0,0,0,0,0,0,1
113167,0,0,0,0,0,0,0,0,1
113168,0,0,0,0,0,0,0,0,1
113169,0,0,0,0,0,0,0,0,1
113170,0,0,0,0,0,0,0,0,1
113171,0,0,0,0,0,0,0,0,1
113172,0,0,0,0,0,0,0,0,1
113173,0,0,0,0,0,0,0,0,1
113174,0,0,0,0,0,0,0,0,1
113175,0,0,0,0,0,0,0,0,1
113176,0,0,0,0,0,0,0,0,1
113177,0,0,0,0,0,0,0,0,1
113178,0,0,0,0,0,0,0,0,1
113179,0,0,0,0,0,0,0,0,1
113180,0,0,0,0,0,0,0,0,1
113181,0,0,0,0,0,0,0,0,1
113182,0,0,0,0,0,0,0,0,1
113183,0,0,0,0,0,0,0,0,1
113184,0,0,0,0,0,0,0,0,1
113185,0,0,0,0,0,0,0,0,1
113186,0,0,0,0,0,0,0,0,1
113187,0,0,0,0,0,0,0,0,1
113188,0,0,0,0,0,0,0,0,1
113189,0,0,0,0,0,0,0,0,1
113190,0,0,0,0,0,0,0,0,1
113191,0,0,0,0,0,0,0,0,1
113192,0,0,0,0,0,0,0,0,1
113193,0,0,0,0,0,0,0,0,1
113194,0,0,0,0,0,0,0,0,1
113195,0,0,0,0,0,0,0,0,1
113196,0,0,0,0,0,0,0,0,1
113197,0,0,0,0,0,0,0,0,1
113198,0,0,0,0,0,0,0,0,1
113199,0,0,0,0,0,0,0,0,1
113200,0,0,0,0,0,0,0,0,1
113201,0,0,0,0,0,0,0,0,1
113202,0,0,0,0,0,0,0,0,1
113203,0,0,0,0,0,0,0,0,1
113204,0,0,0,0,0,0,0,0,1
113205,0,0,0,0,0,0,0,0,1
113206,0,0,0,0,0,0,0,0,1
113207,0,0,0,0,0,0,0,0,1
113208,0,0,0,0,0,0,0,0,1
113209,0,0,0,0,0,0,0,0,1
113210,0,0,0,0,0,0,0,0,1
113211,0,0,0,0,0,0,0,0,1
113212,0,0,0,0,0,0,0,0,1
113213,0,0,0,0,0,0,0,0,1
113214,0,0,0,0,0,0,0,0,1
113215,0,0,0,0,0,0,0,0,1
113216,0,0,0,0,0,0,0,0,1
113217,0,0,0,0,0,0,0,0,1
113218,0,0,0,0,0,0,0,0,1
113219,0,0,0,0,0,0,0,0,1
113220,0,0,0,0,0,0,0,0,1
113221,0,0,0,0,0,0,0,0,1
113222,0,0,0,0,0,0,0,0,1
113223,0,0,0,0,0,0,0,0,1
113224,0,0,0,0,0,0,0,0,1
113225,0,0,0,0,0,0,0,0,1
113226,0,0,0,0,0,0,0,0,1
113227,0,0,0,0,0,0,0,0,1
113228,0,0,0,0,0,0,0,0,1
113229,0,0,0,0,0,0,0,0,1
113230,0,0,0,0,0,0,0,0,1
113231,0,0,0,0,0,0,0,0,1
113232,0,0,0,0,0,0,0,0,1
113233,0,0,0,0,0,0,0,0,1
113234,0,0,0,0,0,0,0,0,1
113235,0,0,0,0,0,0,0,0,1
113236,0,0,0,0,0,0,0,0,1
113237,0,0,0,0,0,0,0,0,1
113238,0,0,0,0,0,0,0,0,1
113239,0,0,0,0,0,0,0,0,1
113240,0,0,0,0,0,0,0,0,1
113241,0,0,0,0,0,0,0,0,1
113242,0,0,0,0,0,0,0,0,1
113243,0,0,0,0,0,0,0,0,1
113244,0,0,0,0,0,0,0,0,1
113245,0,0,0,0,0,0,0,0,1
113246,0,0,0,0,0,0,0,0,1
113247,0,0,0,0,0,0,0,0,1
113248,0,0,0,0,0,0,0,0,1
113249,0,0,0,0,0,0,0,0,1
113250,0,0,0,0,0,0,0,0,1
113251,0,0,0,0,0,0,0,0,1
113252,0,0,0,0,0,0,0,0,1
113253,0,0,0,0,0,0,0,0,1
113254,0,0,0,0,0,0,0,0,1
113255,0,0,0,0,0,0,0,0,1
113256,0,0,0,0,0,0,0,0,1
113257,0,0,0,0,0,0,0,0,1
113258,0,0,0,0,0,0,0,0,1
113259,0,0,0,0,0,0,0,0,1
113260,0,0,0,0,0,0,0,0,1
113261,0,0,0,0,0,0,0,0,1
113262,0,0,0,0,0,0,0,0,1
113263,0,0,0,0,0,0,0,0,1
113264,0,0,0,0,0,0,0,0,1
113265,0,0,0,0,0,0,0,0,1
113266,0,0,0,0,0,0,0,0,1
113267,0,0,0,0,0,0,0,0,1
113268,0,0,0,0,0,0,0,0,1
113269,0,0,0,0,0,0,0,0,1
113270,0,0,0,0,0,0,0,0,1
113271,0,0,0,0,0,0,0,0,1
113272,0,0,0,0,0,0,0,0,1
113273,0,0,0,0,0,0,0,0,1
113274,0,0,0,0,0,0,0,0,1
113275,0,0,0,0,0,0,0,0,1
113276,0,0,0,0,0,0,0,0,1
113277,0,0,0,0,0,0,0,0,1
113278,0,0,0,0,0,0,0,0,1
113279,0,0,0,0,0,0,0,0,1
113280,0,0,0,0,0,0,0,0,1
113281,0,0,0,0,0,0,0,0,1
113282,0,0,0,0,0,0,0,0,1
113283,0,0,0,0,0,0,0,0,1
113284,0,0,0,0,0,0,0,0,1
113285,0,0,0,0,0,0,0,0,1
113286,0,0,0,0,0,0,0,0,1
113287,0,0,0,0,0,0,0,0,1
113288,0,0,0,0,0,0,0,0,1
113289,0,0,0,0,0,0,0,0,1
113290,0,0,0,0,0,0,0,0,1
113291,0,0,0,0,0,0,0,0,1
113292,0,0,0,0,0,0,0,0,1
113293,0,0,0,0,0,0,0,0,1
113294,0,0,0,0,0,0,0,0,1
113295,0,0,0,0,0,0,0,0,1
113296,0,0,0,0,0,0,0,0,1
113297,0,0,0,0,0,0,0,0,1
113298,0,0,0,0,0,0,0,0,1
113299,0,0,0,0,0,0,0,0,1
113300,0,0,0,0,0,0,0,0,1
113301,0,0,0,0,0,0,0,0,1
113302,0,0,0,0,0,0,0,0,1
113303,0,0,0,0,0,0,0,0,1
113304,0,0,0,0,0,0,0,0,1
113305,0,0,0,0,0,0,0,0,1
113306,0,0,0,0,0,0,0,0,1
113307,0,0,0,0,0,0,0,0,1
113308,0,0,0,0,0,0,0,0,1
113309,0,0,0,0,0,0,0,0,1
113310,0,0,0,0,0,0,0,0,1
113311,0,0,0,0,0,0,0,0,1
113312,0,0,0,0,0,0,0,0,1
113313,0,0,0,0,0,0,0,0,1
113314,0,0,0,0,0,0,0,0,1
113315,0,0,0,0,0,0,0,0,1
113316,0,0,0,0,0,0,0,0,1
113317,0,0,0,0,0,0,0,0,1
113318,0,0,0,0,0,0,0,0,1
113319,0,0,0,0,0,0,0,0,1
113320,0,0,0,0,0,0,0,0,1
113321,0,0,0,0,0,0,0,0,1
113322,0,0,0,0,0,0,0,0,1
113323,0,0,0,0,0,0,0,0,1
113324,0,0,0,0,0,0,0,0,1
113325,0,0,0,0,0,0,0,0,1
113326,0,0,0,0,0,0,0,0,1
113327,0,0,0,0,0,0,0,0,1
113328,0,0,0,0,0,0,0,0,1
113329,0,0,0,0,0,0,0,0,1
113330,0,0,0,0,0,0,0,0,1
113331,0,0,0,0,0,0,0,0,1
113332,0,0,0,0,0,0,0,0,1
113333,0,0,0,0,0,0,0,0,1
113334,0,0,0,0,0,0,0,0,1
113335,0,0,0,0,0,0,0,0,1
113336,0,0,0,0,0,0,0,0,1
113337,0,0,0,0,0,0,0,0,1
113338,0,0,0,0,0,0,0,0,1
113339,0,0,0,0,0,0,0,0,1
113340,0,0,0,0,0,0,0,0,1
113341,0,0,0,0,0,0,0,0,1
113342,0,0,0,0,0,0,0,0,1
113343,0,0,0,0,0,0,0,0,1
113344,0,0,0,0,0,0,0,0,1
113345,0,0,0,0,0,0,0,0,1
113346,0,0,0,0,0,0,0,0,1
113347,0,0,0,0,0,0,0,0,1
113348,0,0,0,0,0,0,0,0,1
113349,0,0,0,0,0,0,0,0,1
113350,0,0,0,0,0,0,0,0,1
113351,0,0,0,0,0,0,0,0,1
113352,0,0,0,0,0,0,0,0,1
113353,0,0,0,0,0,0,0,0,1
113354,0,0,0,0,0,0,0,0,1
113355,0,0,0,0,0,0,0,0,1
113356,0,0,0,0,0,0,0,0,1
113357,0,0,0,0,0,0,0,0,1
113358,0,0,0,0,0,0,0,0,1
113359,0,0,0,0,0,0,0,0,1
113360,0,0,0,0,0,0,0,0,1
113361,0,0,0,0,0,0,0,0,1
113362,0,0,0,0,0,0,0,0,1
113363,0,0,0,0,0,0,0,0,1
113364,0,0,0,0,0,0,0,0,1
113365,0,0,0,0,0,0,0,0,1
113366,0,0,0,0,0,0,0,0,1
113367,0,0,0,0,0,0,0,0,1
113368,0,0,0,0,0,0,0,0,1
113369,0,0,0,0,0,0,0,0,1
113370,0,0,0,0,0,0,0,0,1
113371,0,0,0,0,0,0,0,0,1
113372,0,0,0,0,0,0,0,0,1
113373,0,0,0,0,0,0,0,0,1
113374,0,0,0,0,0,0,0,0,1
113375,0,0,0,0,0,0,0,0,1
113376,0,0,0,0,0,0,0,0,1
113377,0,0,0,0,0,0,0,0,1
113378,0,0,0,0,0,0,0,0,1
113379,0,0,0,0,0,0,0,0,1
113380,0,0,0,0,0,0,0,0,1
113381,0,0,0,0,0,0,0,0,1
113382,0,0,0,0,0,0,0,0,1
113383,0,0,0,0,0,0,0,0,1
113384,0,0,0,0,0,0,0,0,1
113385,0,0,0,0,0,0,0,0,1
113386,0,0,0,0,0,0,0,0,1
113387,0,0,0,0,0,0,0,0,1
113388,0,0,0,0,0,0,0,0,1
113389,0,0,0,0,0,0,0,0,1
113390,0,0,0,0,0,0,0,0,1
113391,0,0,0,0,0,0,0,0,1
113392,0,0,0,0,0,0,0,0,1
113393,0,0,0,0,0,0,0,0,1
113394,0,0,0,0,0,0,0,0,1
113395,0,0,0,0,0,0,0,0,1
113396,0,0,0,0,0,0,0,0,1
113397,0,0,0,0,0,0,0,0,1
113398,0,0,0,0,0,0,0,0,1
113399,0,0,0,0,0,0,0,0,1
113400,0,0,0,0,0,0,0,0,1
113401,0,0,0,0,0,0,0,0,1
113402,0,0,0,0,0,0,0,0,1
113403,0,0,0,0,0,0,0,0,1
113404,0,0,0,0,0,0,0,0,1
113405,0,0,0,0,0,0,0,0,1
113406,0,0,0,0,0,0,0,0,1
113407,0,0,0,0,0,0,0,0,1
113408,0,0,0,0,0,0,0,0,1
113409,0,0,0,0,0,0,0,0,1
113410,0,0,0,0,0,0,0,0,1
113411,0,0,0,0,0,0,0,0,1
113412,0,0,0,0,0,0,0,0,1
113413,0,0,0,0,0,0,0,0,1
113414,0,0,0,0,0,0,0,0,1
113415,0,0,0,0,0,0,0,0,1
113416,0,0,0,0,0,0,0,0,1
113417,0,0,0,0,0,0,0,0,1
113418,0,0,0,0,0,0,0,0,1
113419,0,0,0,0,0,0,0,0,1
113420,0,0,0,0,0,0,0,0,1
113421,0,0,0,0,0,0,0,0,1
113422,0,0,0,0,0,0,0,0,1
113423,0,0,0,0,0,0,0,0,1
113424,0,0,0,0,0,0,0,0,1
113425,0,0,0,0,0,0,0,0,1
113426,0,0,0,0,0,0,0,0,1
113427,0,0,0,0,0,0,0,0,1
113428,0,0,0,0,0,0,0,0,1
113429,0,0,0,0,0,0,0,0,1
113430,0,0,0,0,0,0,0,0,1
113431,0,0,0,0,0,0,0,0,1
113432,0,0,0,0,0,0,0,0,1
113433,0,0,0,0,0,0,0,0,1
113434,0,0,0,0,0,0,0,0,1
113435,0,0,0,0,0,0,0,0,1
113436,0,0,0,0,0,0,0,0,1
113437,0,0,0,0,0,0,0,0,1
113438,0,0,0,0,0,0,0,0,1
113439,0,0,0,0,0,0,0,0,1
113440,0,0,0,0,0,0,0,0,1
113441,0,0,0,0,0,0,0,0,1
113442,0,0,0,0,0,0,0,0,1
113443,0,0,0,0,0,0,0,0,1
113444,0,0,0,0,0,0,0,0,1
113445,0,0,0,0,0,0,0,0,1
113446,0,0,0,0,0,0,0,0,1
113447,0,0,0,0,0,0,0,0,1
113448,0,0,0,0,0,0,0,0,1
113449,0,0,0,0,0,0,0,0,1
113450,0,0,0,0,0,0,0,0,1
113451,0,0,0,0,0,0,0,0,1
113452,0,0,0,0,0,0,0,0,1
113453,0,0,0,0,0,0,0,0,1
113454,0,0,0,0,0,0,0,0,1
113455,0,0,0,0,0,0,0,0,1
113456,0,0,0,0,0,0,0,0,1
113457,0,0,0,0,0,0,0,0,1
113458,0,0,0,0,0,0,0,0,1
113459,0,0,0,0,0,0,0,0,1
113460,0,0,0,0,0,0,0,0,1
113461,0,0,0,0,0,0,0,0,1
113462,0,0,0,0,0,0,0,0,1
113463,0,0,0,0,0,0,0,0,1
113464,0,0,0,0,0,0,0,0,1
113465,0,0,0,0,0,0,0,0,1
113466,0,0,0,0,0,0,0,0,1
113467,0,0,0,0,0,0,0,0,1
113468,0,0,0,0,0,0,0,0,1
113469,0,0,0,0,0,0,0,0,1
113470,0,0,0,0,0,0,0,0,1
113471,0,0,0,0,0,0,0,0,1
113472,0,0,0,0,0,0,0,0,1
113473,0,0,0,0,0,0,0,0,1
113474,0,0,0,0,0,0,0,0,1
113475,0,0,0,0,0,0,0,0,1
113476,0,0,0,0,0,0,0,0,1
113477,0,0,0,0,0,0,0,0,1
113478,0,0,0,0,0,0,0,0,1
113479,0,0,0,0,0,0,0,0,1
113480,0,0,0,0,0,0,0,0,1
113481,0,0,0,0,0,0,0,0,1
113482,0,0,0,0,0,0,0,0,1
113483,0,0,0,0,0,0,0,0,1
113484,0,0,0,0,0,0,0,0,1
113485,0,0,0,0,0,0,0,0,1
113486,0,0,0,0,0,0,0,0,1
113487,0,0,0,0,0,0,0,0,1
113488,0,0,0,0,0,0,0,0,1
113489,0,0,0,0,0,0,0,0,1
113490,0,0,0,0,0,0,0,0,1
113491,0,0,0,0,0,0,0,0,1
113492,0,0,0,0,0,0,0,0,1
113493,0,0,0,0,0,0,0,0,1
113494,0,0,0,0,0,0,0,0,1
113495,0,0,0,0,0,0,0,0,1
113496,0,0,0,0,0,0,0,0,1
113497,0,0,0,0,0,0,0,0,1
113498,0,0,0,0,0,0,0,0,1
113499,0,0,0,0,0,0,0,0,1
113500,0,0,0,0,0,0,0,0,1
113501,0,0,0,0,0,0,0,0,1
113502,0,0,0,0,0,0,0,0,1
113503,0,0,0,0,0,0,0,0,1
113504,0,0,0,0,0,0,0,0,1
113505,0,0,0,0,0,0,0,0,1
113506,0,0,0,0,0,0,0,0,1
113507,0,0,0,0,0,0,0,0,1
113508,0,0,0,0,0,0,0,0,1
113509,0,0,0,0,0,0,0,0,1
113510,0,0,0,0,0,0,0,0,1
113511,0,0,0,0,0,0,0,0,1
113512,0,0,0,0,0,0,0,0,1
113513,0,0,0,0,0,0,0,0,1
113514,0,0,0,0,0,0,0,0,1
113515,0,0,0,0,0,0,0,0,1
113516,0,0,0,0,0,0,0,0,1
113517,0,0,0,0,0,0,0,0,1
113518,0,0,0,0,0,0,0,0,1
113519,0,0,0,0,0,0,0,0,1
113520,0,0,0,0,0,0,0,0,1
113521,0,0,0,0,0,0,0,0,1
113522,0,0,0,0,0,0,0,0,1
113523,0,0,0,0,0,0,0,0,1
113524,0,0,0,0,0,0,0,0,1
113525,0,0,0,0,0,0,0,0,1
113526,0,0,0,0,0,0,0,0,1
113527,0,0,0,0,0,0,0,0,1
113528,0,0,0,0,0,0,0,0,1
113529,0,0,0,0,0,0,0,0,1
113530,0,0,0,0,0,0,0,0,1
113531,0,0,0,0,0,0,0,0,1
113532,0,0,0,0,0,0,0,0,1
113533,0,0,0,0,0,0,0,0,1
113534,0,0,0,0,0,0,0,0,1
113535,0,0,0,0,0,0,0,0,1
113536,0,0,0,0,0,0,0,0,1
113537,0,0,0,0,0,0,0,0,1
113538,0,0,0,0,0,0,0,0,1
113539,0,0,0,0,0,0,0,0,1
113540,0,0,0,0,0,0,0,0,1
113541,0,0,0,0,0,0,0,0,1
113542,0,0,0,0,0,0,0,0,1
113543,0,0,0,0,0,0,0,0,1
113544,0,0,0,0,0,0,0,0,1
113545,0,0,0,0,0,0,0,0,1
113546,0,0,0,0,0,0,0,0,1
113547,0,0,0,0,0,0,0,0,1
113548,0,0,0,0,0,0,0,0,1
113549,0,0,0,0,0,0,0,0,1
113550,0,0,0,0,0,0,0,0,1
113551,0,0,0,0,0,0,0,0,1
113552,0,0,0,0,0,0,0,0,1
113553,0,0,0,0,0,0,0,0,1
113554,0,0,0,0,0,0,0,0,1
113555,0,0,0,0,0,0,0,0,1
113556,0,0,0,0,0,0,0,0,1
113557,0,0,0,0,0,0,0,0,1
113558,0,0,0,0,0,0,0,0,1
113559,0,0,0,0,0,0,0,0,1
113560,0,0,0,0,0,0,0,0,1
113561,0,0,0,0,0,0,0,0,1
113562,0,0,0,0,0,0,0,0,1
113563,0,0,0,0,0,0,0,0,1
113564,0,0,0,0,0,0,0,0,1
113565,0,0,0,0,0,0,0,0,1
113566,0,0,0,0,0,0,0,0,1
113567,0,0,0,0,0,0,0,0,1
113568,0,0,0,0,0,0,0,0,1
113569,0,0,0,0,0,0,0,0,1
113570,0,0,0,0,0,0,0,0,1
113571,0,0,0,0,0,0,0,0,1
113572,0,0,0,0,0,0,0,0,1
113573,0,0,0,0,0,0,0,0,1
113574,0,0,0,0,0,0,0,0,1
113575,0,0,0,0,0,0,0,0,1
113576,0,0,0,0,0,0,0,0,1
113577,0,0,0,0,0,0,0,0,1
113578,0,0,0,0,0,0,0,0,1
113579,0,0,0,0,0,0,0,0,1
113580,0,0,0,0,0,0,0,0,1
113581,0,0,0,0,0,0,0,0,1
113582,0,0,0,0,0,0,0,0,1
113583,0,0,0,0,0,0,0,0,1
113584,0,0,0,0,0,0,0,0,1
113585,0,0,0,0,0,0,0,0,1
113586,0,0,0,0,0,0,0,0,1
113587,0,0,0,0,0,0,0,0,1
113588,0,0,0,0,0,0,0,0,1
113589,0,0,0,0,0,0,0,0,1
113590,0,0,0,0,0,0,0,0,1
113591,0,0,0,0,0,0,0,0,1
113592,0,0,0,0,0,0,0,0,1
113593,0,0,0,0,0,0,0,0,1
113594,0,0,0,0,0,0,0,0,1
113595,0,0,0,0,0,0,0,0,1
113596,0,0,0,0,0,0,0,0,1
113597,0,0,0,0,0,0,0,0,1
113598,0,0,0,0,0,0,0,0,1
113599,0,0,0,0,0,0,0,0,1
113600,0,0,0,0,0,0,0,0,1
113601,0,0,0,0,0,0,0,0,1
113602,0,0,0,0,0,0,0,0,1
113603,0,0,0,0,0,0,0,0,1
113604,0,0,0,0,0,0,0,0,1
113605,0,0,0,0,0,0,0,0,1
113606,0,0,0,0,0,0,0,0,1
113607,0,0,0,0,0,0,0,0,1
113608,0,0,0,0,0,0,0,0,1
113609,0,0,0,0,0,0,0,0,1
113610,0,0,0,0,0,0,0,0,1
113611,0,0,0,0,0,0,0,0,1
113612,0,0,0,0,0,0,0,0,1
113613,0,0,0,0,0,0,0,0,1
113614,0,0,0,0,0,0,0,0,1
113615,0,0,0,0,0,0,0,0,1
113616,0,0,0,0,0,0,0,0,1
113617,0,0,0,0,0,0,0,0,1
113618,0,0,0,0,0,0,0,0,1
113619,0,0,0,0,0,0,0,0,1
113620,0,0,0,0,0,0,0,0,1
113621,0,0,0,0,0,0,0,0,1
113622,0,0,0,0,0,0,0,0,1
113623,0,0,0,0,0,0,0,0,1
113624,0,0,0,0,0,0,0,0,1
113625,0,0,0,0,0,0,0,0,1
113626,0,0,0,0,0,0,0,0,1
113627,0,0,0,0,0,0,0,0,1
113628,0,0,0,0,0,0,0,0,1
113629,0,0,0,0,0,0,0,0,1
113630,0,0,0,0,0,0,0,0,1
113631,0,0,0,0,0,0,0,0,1
113632,0,0,0,0,0,0,0,0,1
113633,0,0,0,0,0,0,0,0,1
113634,0,0,0,0,0,0,0,0,1
113635,0,0,0,0,0,0,0,0,1
113636,0,0,0,0,0,0,0,0,1
113637,0,0,0,0,0,0,0,0,1
113638,0,0,0,0,0,0,0,0,1
113639,0,0,0,0,0,0,0,0,1
113640,0,0,0,0,0,0,0,0,1
113641,0,0,0,0,0,0,0,0,1
113642,0,0,0,0,0,0,0,0,1
113643,0,0,0,0,0,0,0,0,1
113644,0,0,0,0,0,0,0,0,1
113645,0,0,0,0,0,0,0,0,1
113646,0,0,0,0,0,0,0,0,1
113647,0,0,0,0,0,0,0,0,1
113648,0,0,0,0,0,0,0,0,1
113649,0,0,0,0,0,0,0,0,1
113650,0,0,0,0,0,0,0,0,1
113651,0,0,0,0,0,0,0,0,1
113652,0,0,0,0,0,0,0,0,1
113653,0,0,0,0,0,0,0,0,1
113654,0,0,0,0,0,0,0,0,1
113655,0,0,0,0,0,0,0,0,1
113656,0,0,0,0,0,0,0,0,1
113657,0,0,0,0,0,0,0,0,1
113658,0,0,0,0,0,0,0,0,1
113659,0,0,0,0,0,0,0,0,1
113660,0,0,0,0,0,0,0,0,1
113661,0,0,0,0,0,0,0,0,1
113662,0,0,0,0,0,0,0,0,1
113663,0,0,0,0,0,0,0,0,1
113664,0,0,0,0,0,0,0,0,1
113665,0,0,0,0,0,0,0,0,1
113666,0,0,0,0,0,0,0,0,1
113667,0,0,0,0,0,0,0,0,1
113668,0,0,0,0,0,0,0,0,1
113669,0,0,0,0,0,0,0,0,1
113670,0,0,0,0,0,0,0,0,1
113671,0,0,0,0,0,0,0,0,1
113672,0,0,0,0,0,0,0,0,1
113673,0,0,0,0,0,0,0,0,1
113674,0,0,0,0,0,0,0,0,1
113675,0,0,0,0,0,0,0,0,1
113676,0,0,0,0,0,0,0,0,1
113677,0,0,0,0,0,0,0,0,1
113678,0,0,0,0,0,0,0,0,1
113679,0,0,0,0,0,0,0,0,1
113680,0,0,0,0,0,0,0,0,1
113681,0,0,0,0,0,0,0,0,1
113682,0,0,0,0,0,0,0,0,1
113683,0,0,0,0,0,0,0,0,1
113684,0,0,0,0,0,0,0,0,1
113685,0,0,0,0,0,0,0,0,1
113686,0,0,0,0,0,0,0,0,1
113687,0,0,0,0,0,0,0,0,1
113688,0,0,0,0,0,0,0,0,1
113689,0,0,0,0,0,0,0,0,1
113690,0,0,0,0,0,0,0,0,1
113691,0,0,0,0,0,0,0,0,1
113692,0,0,0,0,0,0,0,0,1
113693,0,0,0,0,0,0,0,0,1
113694,0,0,0,0,0,0,0,0,1
113695,0,0,0,0,0,0,0,0,1
113696,0,0,0,0,0,0,0,0,1
113697,0,0,0,0,0,0,0,0,1
113698,0,0,0,0,0,0,0,0,1
113699,0,0,0,0,0,0,0,0,1
113700,0,0,0,0,0,0,0,0,1
113701,0,0,0,0,0,0,0,0,1
113702,0,0,0,0,0,0,0,0,1
113703,0,0,0,0,0,0,0,0,1
113704,0,0,0,0,0,0,0,0,1
113705,0,0,0,0,0,0,0,0,1
113706,0,0,0,0,0,0,0,0,1
113707,0,0,0,0,0,0,0,0,1
113708,0,0,0,0,0,0,0,0,1
113709,0,0,0,0,0,0,0,0,1
113710,0,0,0,0,0,0,0,0,1
113711,0,0,0,0,0,0,0,0,1
113712,0,0,0,0,0,0,0,0,1
113713,0,0,0,0,0,0,0,0,1
113714,0,0,0,0,0,0,0,0,1
113715,0,0,0,0,0,0,0,0,1
113716,0,0,0,0,0,0,0,0,1
113717,0,0,0,0,0,0,0,0,1
113718,0,0,0,0,0,0,0,0,1
113719,0,0,0,0,0,0,0,0,1
113720,0,0,0,0,0,0,0,0,1
113721,0,0,0,0,0,0,0,0,1
113722,0,0,0,0,0,0,0,0,1
113723,0,0,0,0,0,0,0,0,1
113724,0,0,0,0,0,0,0,0,1
113725,0,0,0,0,0,0,0,0,1
113726,0,0,0,0,0,0,0,0,1
113727,0,0,0,0,0,0,0,0,1
113728,0,0,0,0,0,0,0,0,1
113729,0,0,0,0,0,0,0,0,1
113730,0,0,0,0,0,0,0,0,1
113731,0,0,0,0,0,0,0,0,1
113732,0,0,0,0,0,0,0,0,1
113733,0,0,0,0,0,0,0,0,1
113734,0,0,0,0,0,0,0,0,1
113735,0,0,0,0,0,0,0,0,1
113736,0,0,0,0,0,0,0,0,1
113737,0,0,0,0,0,0,0,0,1
113738,0,0,0,0,0,0,0,0,1
113739,0,0,0,0,0,0,0,0,1
113740,0,0,0,0,0,0,0,0,1
113741,0,0,0,0,0,0,0,0,1
113742,0,0,0,0,0,0,0,0,1
113743,0,0,0,0,0,0,0,0,1
113744,0,0,0,0,0,0,0,0,1
113745,0,0,0,0,0,0,0,0,1
113746,0,0,0,0,0,0,0,0,1
113747,0,0,0,0,0,0,0,0,1
113748,0,0,0,0,0,0,0,0,1
113749,0,0,0,0,0,0,0,0,1
113750,0,0,0,0,0,0,0,0,1
113751,0,0,0,0,0,0,0,0,1
113752,0,0,0,0,0,0,0,0,1
113753,0,0,0,0,0,0,0,0,1
113754,0,0,0,0,0,0,0,0,1
113755,0,0,0,0,0,0,0,0,1
113756,0,0,0,0,0,0,0,0,1
113757,0,0,0,0,0,0,0,0,1
113758,0,0,0,0,0,0,0,0,1
113759,0,0,0,0,0,0,0,0,1
113760,0,0,0,0,0,0,0,0,1
113761,0,0,0,0,0,0,0,0,1
113762,0,0,0,0,0,0,0,0,1
113763,0,0,0,0,0,0,0,0,1
113764,0,0,0,0,0,0,0,0,1
113765,0,0,0,0,0,0,0,0,1
113766,0,0,0,0,0,0,0,0,1
113767,0,0,0,0,0,0,0,0,1
113768,0,0,0,0,0,0,0,0,1
113769,0,0,0,0,0,0,0,0,1
113770,0,0,0,0,0,0,0,0,1
113771,0,0,0,0,0,0,0,0,1
113772,0,0,0,0,0,0,0,0,1
113773,0,0,0,0,0,0,0,0,1
113774,0,0,0,0,0,0,0,0,1
113775,0,0,0,0,0,0,0,0,1
113776,0,0,0,0,0,0,0,0,1
113777,0,0,0,0,0,0,0,0,1
113778,0,0,0,0,0,0,0,0,1
113779,0,0,0,0,0,0,0,0,1
113780,0,0,0,0,0,0,0,0,1
113781,0,0,0,0,0,0,0,0,1
113782,0,0,0,0,0,0,0,0,1
113783,0,0,0,0,0,0,0,0,1
113784,0,0,0,0,0,0,0,0,1
113785,0,0,0,0,0,0,0,0,1
113786,0,0,0,0,0,0,0,0,1
113787,0,0,0,0,0,0,0,0,1
113788,0,0,0,0,0,0,0,0,1
113789,0,0,0,0,0,0,0,0,1
113790,0,0,0,0,0,0,0,0,1
113791,0,0,0,0,0,0,0,0,1
113792,0,0,0,0,0,0,0,0,1
113793,0,0,0,0,0,0,0,0,1
113794,0,0,0,0,0,0,0,0,1
113795,0,0,0,0,0,0,0,0,1
113796,0,0,0,0,0,0,0,0,1
113797,0,0,0,0,0,0,0,0,1
113798,0,0,0,0,0,0,0,0,1
113799,0,0,0,0,0,0,0,0,1
113800,0,0,0,0,0,0,0,0,1
113801,0,0,0,0,0,0,0,0,1
113802,0,0,0,0,0,0,0,0,1
113803,0,0,0,0,0,0,0,0,1
113804,0,0,0,0,0,0,0,0,1
113805,0,0,0,0,0,0,0,0,1
113806,0,0,0,0,0,0,0,0,1
113807,0,0,0,0,0,0,0,0,1
113808,0,0,0,0,0,0,0,0,1
113809,0,0,0,0,0,0,0,0,1
113810,0,0,0,0,0,0,0,0,1
113811,0,0,0,0,0,0,0,0,1
113812,0,0,0,0,0,0,0,0,1
113813,0,0,0,0,0,0,0,0,1
113814,0,0,0,0,0,0,0,0,1
113815,0,0,0,0,0,0,0,0,1
113816,0,0,0,0,0,0,0,0,1
113817,0,0,0,0,0,0,0,0,1
113818,0,0,0,0,0,0,0,0,1
113819,0,0,0,0,0,0,0,0,1
113820,0,0,0,0,0,0,0,0,1
113821,0,0,0,0,0,0,0,0,1
113822,0,0,0,0,0,0,0,0,1
113823,0,0,0,0,0,0,0,0,1
113824,0,0,0,0,0,0,0,0,1
113825,0,0,0,0,0,0,0,0,1
113826,0,0,0,0,0,0,0,0,1
113827,0,0,0,0,0,0,0,0,1
113828,0,0,0,0,0,0,0,0,1
113829,0,0,0,0,0,0,0,0,1
113830,0,0,0,0,0,0,0,0,1
113831,0,0,0,0,0,0,0,0,1
113832,0,0,0,0,0,0,0,0,1
113833,0,0,0,0,0,0,0,0,1
113834,0,0,0,0,0,0,0,0,1
113835,0,0,0,0,0,0,0,0,1
113836,0,0,0,0,0,0,0,0,1
113837,0,0,0,0,0,0,0,0,1
113838,0,0,0,0,0,0,0,0,1
113839,0,0,0,0,0,0,0,0,1
113840,0,0,0,0,0,0,0,0,1
113841,0,0,0,0,0,0,0,0,1
113842,0,0,0,0,0,0,0,0,1
113843,0,0,0,0,0,0,0,0,1
113844,0,0,0,0,0,0,0,0,1
113845,0,0,0,0,0,0,0,0,1
113846,0,0,0,0,0,0,0,0,1
113847,0,0,0,0,0,0,0,0,1
113848,0,0,0,0,0,0,0,0,1
113849,0,0,0,0,0,0,0,0,1
113850,0,0,0,0,0,0,0,0,1
113851,0,0,0,0,0,0,0,0,1
113852,0,0,0,0,0,0,0,0,1
113853,0,0,0,0,0,0,0,0,1
113854,0,0,0,0,0,0,0,0,1
113855,0,0,0,0,0,0,0,0,1
113856,0,0,0,0,0,0,0,0,1
113857,0,0,0,0,0,0,0,0,1
113858,0,0,0,0,0,0,0,0,1
113859,0,0,0,0,0,0,0,0,1
113860,0,0,0,0,0,0,0,0,1
113861,0,0,0,0,0,0,0,0,1
113862,0,0,0,0,0,0,0,0,1
113863,0,0,0,0,0,0,0,0,1
113864,0,0,0,0,0,0,0,0,1
113865,0,0,0,0,0,0,0,0,1
113866,0,0,0,0,0,0,0,0,1
113867,0,0,0,0,0,0,0,0,1
113868,0,0,0,0,0,0,0,0,1
113869,0,0,0,0,0,0,0,0,1
113870,0,0,0,0,0,0,0,0,1
113871,0,0,0,0,0,0,0,0,1
113872,0,0,0,0,0,0,0,0,1
113873,0,0,0,0,0,0,0,0,1
113874,0,0,0,0,0,0,0,0,1
113875,0,0,0,0,0,0,0,0,1
113876,0,0,0,0,0,0,0,0,1
113877,0,0,0,0,0,0,0,0,1
113878,0,0,0,0,0,0,0,0,1
113879,0,0,0,0,0,0,0,0,1
113880,0,0,0,0,0,0,0,0,1
113881,0,0,0,0,0,0,0,0,1
113882,0,0,0,0,0,0,0,0,1
113883,0,0,0,0,0,0,0,0,1
113884,0,0,0,0,0,0,0,0,1
113885,0,0,0,0,0,0,0,0,1
113886,0,0,0,0,0,0,0,0,1
113887,0,0,0,0,0,0,0,0,1
113888,0,0,0,0,0,0,0,0,1
113889,0,0,0,0,0,0,0,0,1
113890,0,0,0,0,0,0,0,0,1
113891,0,0,0,0,0,0,0,0,1
113892,0,0,0,0,0,0,0,0,1
113893,0,0,0,0,0,0,0,0,1
113894,0,0,0,0,0,0,0,0,1
113895,0,0,0,0,0,0,0,0,1
113896,0,0,0,0,0,0,0,0,1
113897,0,0,0,0,0,0,0,0,1
113898,0,0,0,0,0,0,0,0,1
113899,0,0,0,0,0,0,0,0,1
113900,0,0,0,0,0,0,0,0,1
113901,0,0,0,0,0,0,0,0,1
113902,0,0,0,0,0,0,0,0,1
113903,0,0,0,0,0,0,0,0,1
113904,0,0,0,0,0,0,0,0,1
113905,0,0,0,0,0,0,0,0,1
113906,0,0,0,0,0,0,0,0,1
113907,0,0,0,0,0,0,0,0,1
113908,0,0,0,0,0,0,0,0,1
113909,0,0,0,0,0,0,0,0,1
113910,0,0,0,0,0,0,0,0,1
113911,0,0,0,0,0,0,0,0,1
113912,0,0,0,0,0,0,0,0,1
113913,0,0,0,0,0,0,0,0,1
113914,0,0,0,0,0,0,0,0,1
113915,0,0,0,0,0,0,0,0,1
113916,0,0,0,0,0,0,0,0,1
113917,0,0,0,0,0,0,0,0,1
113918,0,0,0,0,0,0,0,0,1
113919,0,0,0,0,0,0,0,0,1
113920,0,0,0,0,0,0,0,0,1
113921,0,0,0,0,0,0,0,0,1
113922,0,0,0,0,0,0,0,0,1
113923,0,0,0,0,0,0,0,0,1
113924,0,0,0,0,0,0,0,0,1
113925,0,0,0,0,0,0,0,0,1
113926,0,0,0,0,0,0,0,0,1
113927,0,0,0,0,0,0,0,0,1
113928,0,0,0,0,0,0,0,0,1
113929,0,0,0,0,0,0,0,0,1
113930,0,0,0,0,0,0,0,0,1
113931,0,0,0,0,0,0,0,0,1
113932,0,0,0,0,0,0,0,0,1
113933,0,0,0,0,0,0,0,0,1
113934,0,0,0,0,0,0,0,0,1
113935,0,0,0,0,0,0,0,0,1
113936,0,0,0,0,0,0,0,0,1
113937,0,0,0,0,0,0,0,0,1
113938,0,0,0,0,0,0,0,0,1
113939,0,0,0,0,0,0,0,0,1
113940,0,0,0,0,0,0,0,0,1
113941,0,0,0,0,0,0,0,0,1
113942,0,0,0,0,0,0,0,0,1
113943,0,0,0,0,0,0,0,0,1
113944,0,0,0,0,0,0,0,0,1
113945,0,0,0,0,0,0,0,0,1
113946,0,0,0,0,0,0,0,0,1
113947,0,0,0,0,0,0,0,0,1
113948,0,0,0,0,0,0,0,0,1
113949,0,0,0,0,0,0,0,0,1
113950,0,0,0,0,0,0,0,0,1
113951,0,0,0,0,0,0,0,0,1
113952,0,0,0,0,0,0,0,0,1
113953,0,0,0,0,0,0,0,0,1
113954,0,0,0,0,0,0,0,0,1
113955,0,0,0,0,0,0,0,0,1
113956,0,0,0,0,0,0,0,0,1
113957,0,0,0,0,0,0,0,0,1
113958,0,0,0,0,0,0,0,0,1
113959,0,0,0,0,0,0,0,0,1
113960,0,0,0,0,0,0,0,0,1
113961,0,0,0,0,0,0,0,0,1
113962,0,0,0,0,0,0,0,0,1
113963,0,0,0,0,0,0,0,0,1
113964,0,0,0,0,0,0,0,0,1
113965,0,0,0,0,0,0,0,0,1
113966,0,0,0,0,0,0,0,0,1
113967,0,0,0,0,0,0,0,0,1
113968,0,0,0,0,0,0,0,0,1
113969,0,0,0,0,0,0,0,0,1
113970,0,0,0,0,0,0,0,0,1
113971,0,0,0,0,0,0,0,0,1
113972,0,0,0,0,0,0,0,0,1
113973,0,0,0,0,0,0,0,0,1
113974,0,0,0,0,0,0,0,0,1
113975,0,0,0,0,0,0,0,0,1
113976,0,0,0,0,0,0,0,0,1
113977,0,0,0,0,0,0,0,0,1
113978,0,0,0,0,0,0,0,0,1
113979,0,0,0,0,0,0,0,0,1
113980,0,0,0,0,0,0,0,0,1
113981,0,0,0,0,0,0,0,0,1
113982,0,0,0,0,0,0,0,0,1
113983,0,0,0,0,0,0,0,0,1
113984,0,0,0,0,0,0,0,0,1
113985,0,0,0,0,0,0,0,0,1
113986,0,0,0,0,0,0,0,0,1
113987,0,0,0,0,0,0,0,0,1
113988,0,0,0,0,0,0,0,0,1
113989,0,0,0,0,0,0,0,0,1
113990,0,0,0,0,0,0,0,0,1
113991,0,0,0,0,0,0,0,0,1
113992,0,0,0,0,0,0,0,0,1
113993,0,0,0,0,0,0,0,0,1
113994,0,0,0,0,0,0,0,0,1
113995,0,0,0,0,0,0,0,0,1
113996,0,0,0,0,0,0,0,0,1
113997,0,0,0,0,0,0,0,0,1
113998,0,0,0,0,0,0,0,0,1
113999,0,0,0,0,0,0,0,0,1
114000,0,0,0,0,0,0,0,0,1
114001,0,0,0,0,0,0,0,0,1
114002,0,0,0,0,0,0,0,0,1
114003,0,0,0,0,0,0,0,0,1
114004,0,0,0,0,0,0,0,0,1
114005,0,0,0,0,0,0,0,0,1
114006,0,0,0,0,0,0,0,0,1
114007,0,0,0,0,0,0,0,0,1
114008,0,0,0,0,0,0,0,0,1
114009,0,0,0,0,0,0,0,0,1
114010,0,0,0,0,0,0,0,0,1
114011,0,0,0,0,0,0,0,0,1
114012,0,0,0,0,0,0,0,0,1
114013,0,0,0,0,0,0,0,0,1
114014,0,0,0,0,0,0,0,0,1
114015,0,0,0,0,0,0,0,0,1
114016,0,0,0,0,0,0,0,0,1
114017,0,0,0,0,0,0,0,0,1
114018,0,0,0,0,0,0,0,0,1
114019,0,0,0,0,0,0,0,0,1
114020,0,0,0,0,0,0,0,0,1
114021,0,0,0,0,0,0,0,0,1
114022,0,0,0,0,0,0,0,0,1
114023,0,0,0,0,0,0,0,0,1
114024,0,0,0,0,0,0,0,0,1
114025,0,0,0,0,0,0,0,0,1
114026,0,0,0,0,0,0,0,0,1
114027,0,0,0,0,0,0,0,0,1
114028,0,0,0,0,0,0,0,0,1
114029,0,0,0,0,0,0,0,0,1
114030,0,0,0,0,0,0,0,0,1
114031,0,0,0,0,0,0,0,0,1
114032,0,0,0,0,0,0,0,0,1
114033,0,0,0,0,0,0,0,0,1
114034,0,0,0,0,0,0,0,0,1
114035,0,0,0,0,0,0,0,0,1
114036,0,0,0,0,0,0,0,0,1
114037,0,0,0,0,0,0,0,0,1
114038,0,0,0,0,0,0,0,0,1
114039,0,0,0,0,0,0,0,0,1
114040,0,0,0,0,0,0,0,0,1
114041,0,0,0,0,0,0,0,0,1
114042,0,0,0,0,0,0,0,0,1
114043,0,0,0,0,0,0,0,0,1
114044,0,0,0,0,0,0,0,0,1
114045,0,0,0,0,0,0,0,0,1
114046,0,0,0,0,0,0,0,0,1
114047,0,0,0,0,0,0,0,0,1
114048,0,0,0,0,0,0,0,0,1
114049,0,0,0,0,0,0,0,0,1
114050,0,0,0,0,0,0,0,0,1
114051,0,0,0,0,0,0,0,0,1
114052,0,0,0,0,0,0,0,0,1
114053,0,0,0,0,0,0,0,0,1
114054,0,0,0,0,0,0,0,0,1
114055,0,0,0,0,0,0,0,0,1
114056,0,0,0,0,0,0,0,0,1
114057,0,0,0,0,0,0,0,0,1
114058,0,0,0,0,0,0,0,0,1
114059,0,0,0,0,0,0,0,0,1
114060,0,0,0,0,0,0,0,0,1
114061,0,0,0,0,0,0,0,0,1
114062,0,0,0,0,0,0,0,0,1
114063,0,0,0,0,0,0,0,0,1
114064,0,0,0,0,0,0,0,0,1
114065,0,0,0,0,0,0,0,0,1
114066,0,0,0,0,0,0,0,0,1
114067,0,0,0,0,0,0,0,0,1
114068,0,0,0,0,0,0,0,0,1
114069,0,0,0,0,0,0,0,0,1
114070,0,0,0,0,0,0,0,0,1
114071,0,0,0,0,0,0,0,0,1
114072,0,0,0,0,0,0,0,0,1
114073,0,0,0,0,0,0,0,0,1
114074,0,0,0,0,0,0,0,0,1
114075,0,0,0,0,0,0,0,0,1
114076,0,0,0,0,0,0,0,0,1
114077,0,0,0,0,0,0,0,0,1
114078,0,0,0,0,0,0,0,0,1
114079,0,0,0,0,0,0,0,0,1
114080,0,0,0,0,0,0,0,0,1
114081,0,0,0,0,0,0,0,0,1
114082,0,0,0,0,0,0,0,0,1
114083,0,0,0,0,0,0,0,0,1
114084,0,0,0,0,0,0,0,0,1
114085,0,0,0,0,0,0,0,0,1
114086,0,0,0,0,0,0,0,0,1
114087,0,0,0,0,0,0,0,0,1
114088,0,0,0,0,0,0,0,0,1
114089,0,0,0,0,0,0,0,0,1
114090,0,0,0,0,0,0,0,0,1
114091,0,0,0,0,0,0,0,0,1
114092,0,0,0,0,0,0,0,0,1
114093,0,0,0,0,0,0,0,0,1
114094,0,0,0,0,0,0,0,0,1
114095,0,0,0,0,0,0,0,0,1
114096,0,0,0,0,0,0,0,0,1
114097,0,0,0,0,0,0,0,0,1
114098,0,0,0,0,0,0,0,0,1
114099,0,0,0,0,0,0,0,0,1
114100,0,0,0,0,0,0,0,0,1
114101,0,0,0,0,0,0,0,0,1
114102,0,0,0,0,0,0,0,0,1
114103,0,0,0,0,0,0,0,0,1
114104,0,0,0,0,0,0,0,0,1
114105,0,0,0,0,0,0,0,0,1
114106,0,0,0,0,0,0,0,0,1
114107,0,0,0,0,0,0,0,0,1
114108,0,0,0,0,0,0,0,0,1
114109,0,0,0,0,0,0,0,0,1
114110,0,0,0,0,0,0,0,0,1
114111,0,0,0,0,0,0,0,0,1
114112,0,0,0,0,0,0,0,0,1
114113,0,0,0,0,0,0,0,0,1
114114,0,0,0,0,0,0,0,0,1
114115,0,0,0,0,0,0,0,0,1
114116,0,0,0,0,0,0,0,0,1
114117,0,0,0,0,0,0,0,0,1
114118,0,0,0,0,0,0,0,0,1
114119,0,0,0,0,0,0,0,0,1
114120,0,0,0,0,0,0,0,0,1
114121,0,0,0,0,0,0,0,0,1
114122,0,0,0,0,0,0,0,0,1
114123,0,0,0,0,0,0,0,0,1
114124,0,0,0,0,0,0,0,0,1
114125,0,0,0,0,0,0,0,0,1
114126,0,0,0,0,0,0,0,0,1
114127,0,0,0,0,0,0,0,0,1
114128,0,0,0,0,0,0,0,0,1
114129,0,0,0,0,0,0,0,0,1
114130,0,0,0,0,0,0,0,0,1
114131,0,0,0,0,0,0,0,0,1
114132,0,0,0,0,0,0,0,0,1
114133,0,0,0,0,0,0,0,0,1
114134,0,0,0,0,0,0,0,0,1
114135,0,0,0,0,0,0,0,0,1
114136,0,0,0,0,0,0,0,0,1
114137,0,0,0,0,0,0,0,0,1
114138,0,0,0,0,0,0,0,0,1
114139,0,0,0,0,0,0,0,0,1
114140,0,0,0,0,0,0,0,0,1
114141,0,0,0,0,0,0,0,0,1
114142,0,0,0,0,0,0,0,0,1
114143,0,0,0,0,0,0,0,0,1
114144,0,0,0,0,0,0,0,0,1
114145,0,0,0,0,0,0,0,0,1
114146,0,0,0,0,0,0,0,0,1
114147,0,0,0,0,0,0,0,0,1
114148,0,0,0,0,0,0,0,0,1
114149,0,0,0,0,0,0,0,0,1
114150,0,0,0,0,0,0,0,0,1
114151,0,0,0,0,0,0,0,0,1
114152,0,0,0,0,0,0,0,0,1
114153,0,0,0,0,0,0,0,0,1
114154,0,0,0,0,0,0,0,0,1
114155,0,0,0,0,0,0,0,0,1
114156,0,0,0,0,0,0,0,0,1
114157,0,0,0,0,0,0,0,0,1
114158,0,0,0,0,0,0,0,0,1
114159,0,0,0,0,0,0,0,0,1
114160,0,0,0,0,0,0,0,0,1
114161,0,0,0,0,0,0,0,0,1
114162,0,0,0,0,0,0,0,0,1
114163,0,0,0,0,0,0,0,0,1
114164,0,0,0,0,0,0,0,0,1
114165,0,0,0,0,0,0,0,0,1
114166,0,0,0,0,0,0,0,0,1
114167,0,0,0,0,0,0,0,0,1
114168,0,0,0,0,0,0,0,0,1
114169,0,0,0,0,0,0,0,0,1
114170,0,0,0,0,0,0,0,0,1
114171,0,0,0,0,0,0,0,0,1
114172,0,0,0,0,0,0,0,0,1
114173,0,0,0,0,0,0,0,0,1
114174,0,0,0,0,0,0,0,0,1
114175,0,0,0,0,0,0,0,0,1
114176,0,0,0,0,0,0,0,0,1
114177,0,0,0,0,0,0,0,0,1
114178,0,0,0,0,0,0,0,0,1
114179,0,0,0,0,0,0,0,0,1
114180,0,0,0,0,0,0,0,0,1
114181,0,0,0,0,0,0,0,0,1
114182,0,0,0,0,0,0,0,0,1
114183,0,0,0,0,0,0,0,0,1
114184,0,0,0,0,0,0,0,0,1
114185,0,0,0,0,0,0,0,0,1
114186,0,0,0,0,0,0,0,0,1
114187,0,0,0,0,0,0,0,0,1
114188,0,0,0,0,0,0,0,0,1
114189,0,0,0,0,0,0,0,0,1
114190,0,0,0,0,0,0,0,0,1
114191,0,0,0,0,0,0,0,0,1
114192,0,0,0,0,0,0,0,0,1
114193,0,0,0,0,0,0,0,0,1
114194,0,0,0,0,0,0,0,0,1
114195,0,0,0,0,0,0,0,0,1
114196,0,0,0,0,0,0,0,0,1
114197,0,0,0,0,0,0,0,0,1
114198,0,0,0,0,0,0,0,0,1
114199,0,0,0,0,0,0,0,0,1
114200,0,0,0,0,0,0,0,0,1
114201,0,0,0,0,0,0,0,0,1
114202,0,0,0,0,0,0,0,0,1
114203,0,0,0,0,0,0,0,0,1
114204,0,0,0,0,0,0,0,0,1
114205,0,0,0,0,0,0,0,0,1
114206,0,0,0,0,0,0,0,0,1
114207,0,0,0,0,0,0,0,0,1
114208,0,0,0,0,0,0,0,0,1
114209,0,0,0,0,0,0,0,0,1
114210,0,0,0,0,0,0,0,0,1
114211,0,0,0,0,0,0,0,0,1
114212,0,0,0,0,0,0,0,0,1
114213,0,0,0,0,0,0,0,0,1
114214,0,0,0,0,0,0,0,0,1
114215,0,0,0,0,0,0,0,0,1
114216,0,0,0,0,0,0,0,0,1
114217,0,0,0,0,0,0,0,0,1
114218,0,0,0,0,0,0,0,0,1
114219,0,0,0,0,0,0,0,0,1
114220,0,0,0,0,0,0,0,0,1
114221,0,0,0,0,0,0,0,0,1
114222,0,0,0,0,0,0,0,0,1
114223,0,0,0,0,0,0,0,0,1
114224,0,0,0,0,0,0,0,0,1
114225,0,0,0,0,0,0,0,0,1
114226,0,0,0,0,0,0,0,0,1
114227,0,0,0,0,0,0,0,0,1
114228,0,0,0,0,0,0,0,0,1
114229,0,0,0,0,0,0,0,0,1
114230,0,0,0,0,0,0,0,0,1
114231,0,0,0,0,0,0,0,0,1
114232,0,0,0,0,0,0,0,0,1
114233,0,0,0,0,0,0,0,0,1
114234,0,0,0,0,0,0,0,0,1
114235,0,0,0,0,0,0,0,0,1
114236,0,0,0,0,0,0,0,0,1
114237,0,0,0,0,0,0,0,0,1
114238,0,0,0,0,0,0,0,0,1
114239,0,0,0,0,0,0,0,0,1
114240,0,0,0,0,0,0,0,0,1
114241,0,0,0,0,0,0,0,0,1
114242,0,0,0,0,0,0,0,0,1
114243,0,0,0,0,0,0,0,0,1
114244,0,0,0,0,0,0,0,0,1
114245,0,0,0,0,0,0,0,0,1
114246,0,0,0,0,0,0,0,0,1
114247,0,0,0,0,0,0,0,0,1
114248,0,0,0,0,0,0,0,0,1
114249,0,0,0,0,0,0,0,0,1
114250,0,0,0,0,0,0,0,0,1
114251,0,0,0,0,0,0,0,0,1
114252,0,0,0,0,0,0,0,0,1
114253,0,0,0,0,0,0,0,0,1
114254,0,0,0,0,0,0,0,0,1
114255,0,0,0,0,0,0,0,0,1
114256,0,0,0,0,0,0,0,0,1
114257,0,0,0,0,0,0,0,0,1
114258,0,0,0,0,0,0,0,0,1
114259,0,0,0,0,0,0,0,0,1
114260,0,0,0,0,0,0,0,0,1
114261,0,0,0,0,0,0,0,0,1
114262,0,0,0,0,0,0,0,0,1
114263,0,0,0,0,0,0,0,0,1
114264,0,0,0,0,0,0,0,0,1
114265,0,0,0,0,0,0,0,0,1
114266,0,0,0,0,0,0,0,0,1
114267,0,0,0,0,0,0,0,0,1
114268,0,0,0,0,0,0,0,0,1
114269,0,0,0,0,0,0,0,0,1
114270,0,0,0,0,0,0,0,0,1
114271,0,0,0,0,0,0,0,0,1
114272,0,0,0,0,0,0,0,0,1
114273,0,0,0,0,0,0,0,0,1
114274,0,0,0,0,0,0,0,0,1
114275,0,0,0,0,0,0,0,0,1
114276,0,0,0,0,0,0,0,0,1
114277,0,0,0,0,0,0,0,0,1
114278,0,0,0,0,0,0,0,0,1
114279,0,0,0,0,0,0,0,0,1
114280,0,0,0,0,0,0,0,0,1
114281,0,0,0,0,0,0,0,0,1
114282,0,0,0,0,0,0,0,0,1
114283,0,0,0,0,0,0,0,0,1
114284,0,0,0,0,0,0,0,0,1
114285,0,0,0,0,0,0,0,0,1
114286,0,0,0,0,0,0,0,0,1
114287,0,0,0,0,0,0,0,0,1
114288,0,0,0,0,0,0,0,0,1
114289,0,0,0,0,0,0,0,0,1
114290,0,0,0,0,0,0,0,0,1
114291,0,0,0,0,0,0,0,0,1
114292,0,0,0,0,0,0,0,0,1
114293,0,0,0,0,0,0,0,0,1
114294,0,0,0,0,0,0,0,0,1
114295,0,0,0,0,0,0,0,0,1
114296,0,0,0,0,0,0,0,0,1
114297,0,0,0,0,0,0,0,0,1
114298,0,0,0,0,0,0,0,0,1
114299,0,0,0,0,0,0,0,0,1
114300,0,0,0,0,0,0,0,0,1
114301,0,0,0,0,0,0,0,0,1
114302,0,0,0,0,0,0,0,0,1
114303,0,0,0,0,0,0,0,0,1
114304,0,0,0,0,0,0,0,0,1
114305,0,0,0,0,0,0,0,0,1
114306,0,0,0,0,0,0,0,0,1
114307,0,0,0,0,0,0,0,0,1
114308,0,0,0,0,0,0,0,0,1
114309,0,0,0,0,0,0,0,0,1
114310,0,0,0,0,0,0,0,0,1
114311,0,0,0,0,0,0,0,0,1
114312,0,0,0,0,0,0,0,0,1
114313,0,0,0,0,0,0,0,0,1
114314,0,0,0,0,0,0,0,0,1
114315,0,0,0,0,0,0,0,0,1
114316,0,0,0,0,0,0,0,0,1
114317,0,0,0,0,0,0,0,0,1
114318,0,0,0,0,0,0,0,0,1
114319,0,0,0,0,0,0,0,0,1
114320,0,0,0,0,0,0,0,0,1
114321,0,0,0,0,0,0,0,0,1
114322,0,0,0,0,0,0,0,0,1
114323,0,0,0,0,0,0,0,0,1
114324,0,0,0,0,0,0,0,0,1
114325,0,0,0,0,0,0,0,0,1
114326,0,0,0,0,0,0,0,0,1
114327,0,0,0,0,0,0,0,0,1
114328,0,0,0,0,0,0,0,0,1
114329,0,0,0,0,0,0,0,0,1
114330,0,0,0,0,0,0,0,0,1
114331,0,0,0,0,0,0,0,0,1
114332,0,0,0,0,0,0,0,0,1
114333,0,0,0,0,0,0,0,0,1
114334,0,0,0,0,0,0,0,0,1
114335,0,0,0,0,0,0,0,0,1
114336,0,0,0,0,0,0,0,0,1
114337,0,0,0,0,0,0,0,0,1
114338,0,0,0,0,0,0,0,0,1
114339,0,0,0,0,0,0,0,0,1
114340,0,0,0,0,0,0,0,0,1
114341,0,0,0,0,0,0,0,0,1
114342,0,0,0,0,0,0,0,0,1
114343,0,0,0,0,0,0,0,0,1
114344,0,0,0,0,0,0,0,0,1
114345,0,0,0,0,0,0,0,0,1
114346,0,0,0,0,0,0,0,0,1
114347,0,0,0,0,0,0,0,0,1
114348,0,0,0,0,0,0,0,0,1
114349,0,0,0,0,0,0,0,0,1
114350,0,0,0,0,0,0,0,0,1
114351,0,0,0,0,0,0,0,0,1
114352,0,0,0,0,0,0,0,0,1
114353,0,0,0,0,0,0,0,0,1
114354,0,0,0,0,0,0,0,0,1
114355,0,0,0,0,0,0,0,0,1
114356,0,0,0,0,0,0,0,0,1
114357,0,0,0,0,0,0,0,0,1
114358,0,0,0,0,0,0,0,0,1
114359,0,0,0,0,0,0,0,0,1
114360,0,0,0,0,0,0,0,0,1
114361,0,0,0,0,0,0,0,0,1
114362,0,0,0,0,0,0,0,0,1
114363,0,0,0,0,0,0,0,0,1
114364,0,0,0,0,0,0,0,0,1
114365,0,0,0,0,0,0,0,0,1
114366,0,0,0,0,0,0,0,0,1
114367,0,0,0,0,0,0,0,0,1
114368,0,0,0,0,0,0,0,0,1
114369,0,0,0,0,0,0,0,0,1
114370,0,0,0,0,0,0,0,0,1
114371,0,0,0,0,0,0,0,0,1
114372,0,0,0,0,0,0,0,0,1
114373,0,0,0,0,0,0,0,0,1
114374,0,0,0,0,0,0,0,0,1
114375,0,0,0,0,0,0,0,0,1
114376,0,0,0,0,0,0,0,0,1
114377,0,0,0,0,0,0,0,0,1
114378,0,0,0,0,0,0,0,0,1
114379,0,0,0,0,0,0,0,0,1
114380,0,0,0,0,0,0,0,0,1
114381,0,0,0,0,0,0,0,0,1
114382,0,0,0,0,0,0,0,0,1
114383,0,0,0,0,0,0,0,0,1
114384,0,0,0,0,0,0,0,0,1
114385,0,0,0,0,0,0,0,0,1
114386,0,0,0,0,0,0,0,0,1
114387,0,0,0,0,0,0,0,0,1
114388,0,0,0,0,0,0,0,0,1
114389,0,0,0,0,0,0,0,0,1
114390,0,0,0,0,0,0,0,0,1
114391,0,0,0,0,0,0,0,0,1
114392,0,0,0,0,0,0,0,0,1
114393,0,0,0,0,0,0,0,0,1
114394,0,0,0,0,0,0,0,0,1
114395,0,0,0,0,0,0,0,0,1
114396,0,0,0,0,0,0,0,0,1
114397,0,0,0,0,0,0,0,0,1
114398,0,0,0,0,0,0,0,0,1
114399,0,0,0,0,0,0,0,0,1
114400,0,0,0,0,0,0,0,0,1
114401,0,0,0,0,0,0,0,0,1
114402,0,0,0,0,0,0,0,0,1
114403,0,0,0,0,0,0,0,0,1
114404,0,0,0,0,0,0,0,0,1
114405,0,0,0,0,0,0,0,0,1
114406,0,0,0,0,0,0,0,0,1
114407,0,0,0,0,0,0,0,0,1
114408,0,0,0,0,0,0,0,0,1
114409,0,0,0,0,0,0,0,0,1
114410,0,0,0,0,0,0,0,0,1
114411,0,0,0,0,0,0,0,0,1
114412,0,0,0,0,0,0,0,0,1
114413,0,0,0,0,0,0,0,0,1
114414,0,0,0,0,0,0,0,0,1
114415,0,0,0,0,0,0,0,0,1
114416,0,0,0,0,0,0,0,0,1
114417,0,0,0,0,0,0,0,0,1
114418,0,0,0,0,0,0,0,0,1
114419,0,0,0,0,0,0,0,0,1
114420,0,0,0,0,0,0,0,0,1
114421,0,0,0,0,0,0,0,0,1
114422,0,0,0,0,0,0,0,0,1
114423,0,0,0,0,0,0,0,0,1
114424,0,0,0,0,0,0,0,0,1
114425,0,0,0,0,0,0,0,0,1
114426,0,0,0,0,0,0,0,0,1
114427,0,0,0,0,0,0,0,0,1
114428,0,0,0,0,0,0,0,0,1
114429,0,0,0,0,0,0,0,0,1
114430,0,0,0,0,0,0,0,0,1
114431,0,0,0,0,0,0,0,0,1
114432,0,0,0,0,0,0,0,0,1
114433,0,0,0,0,0,0,0,0,1
114434,0,0,0,0,0,0,0,0,1
114435,0,0,0,0,0,0,0,0,1
114436,0,0,0,0,0,0,0,0,1
114437,0,0,0,0,0,0,0,0,1
114438,0,0,0,0,0,0,0,0,1
114439,0,0,0,0,0,0,0,0,1
114440,0,0,0,0,0,0,0,0,1
114441,0,0,0,0,0,0,0,0,1
114442,0,0,0,0,0,0,0,0,1
114443,0,0,0,0,0,0,0,0,1
114444,0,0,0,0,0,0,0,0,1
114445,0,0,0,0,0,0,0,0,1
114446,0,0,0,0,0,0,0,0,1
114447,0,0,0,0,0,0,0,0,1
114448,0,0,0,0,0,0,0,0,1
114449,0,0,0,0,0,0,0,0,1
114450,0,0,0,0,0,0,0,0,1
114451,0,0,0,0,0,0,0,0,1
114452,0,0,0,0,0,0,0,0,1
114453,0,0,0,0,0,0,0,0,1
114454,0,0,0,0,0,0,0,0,1
114455,0,0,0,0,0,0,0,0,1
114456,0,0,0,0,0,0,0,0,1
114457,0,0,0,0,0,0,0,0,1
114458,0,0,0,0,0,0,0,0,1
114459,0,0,0,0,0,0,0,0,1
114460,0,0,0,0,0,0,0,0,1
114461,0,0,0,0,0,0,0,0,1
114462,0,0,0,0,0,0,0,0,1
114463,0,0,0,0,0,0,0,0,1
114464,0,0,0,0,0,0,0,0,1
114465,0,0,0,0,0,0,0,0,1
114466,0,0,0,0,0,0,0,0,1
114467,0,0,0,0,0,0,0,0,1
114468,0,0,0,0,0,0,0,0,1
114469,0,0,0,0,0,0,0,0,1
114470,0,0,0,0,0,0,0,0,1
114471,0,0,0,0,0,0,0,0,1
114472,0,0,0,0,0,0,0,0,1
114473,0,0,0,0,0,0,0,0,1
114474,0,0,0,0,0,0,0,0,1
114475,0,0,0,0,0,0,0,0,1
114476,0,0,0,0,0,0,0,0,1
114477,0,0,0,0,0,0,0,0,1
114478,0,0,0,0,0,0,0,0,1
114479,0,0,0,0,0,0,0,0,1
114480,0,0,0,0,0,0,0,0,1
114481,0,0,0,0,0,0,0,0,1
114482,0,0,0,0,0,0,0,0,1
114483,0,0,0,0,0,0,0,0,1
114484,0,0,0,0,0,0,0,0,1
114485,0,0,0,0,0,0,0,0,1
114486,0,0,0,0,0,0,0,0,1
114487,0,0,0,0,0,0,0,0,1
114488,0,0,0,0,0,0,0,0,1
114489,0,0,0,0,0,0,0,0,1
114490,0,0,0,0,0,0,0,0,1
114491,0,0,0,0,0,0,0,0,1
114492,0,0,0,0,0,0,0,0,1
114493,0,0,0,0,0,0,0,0,1
114494,0,0,0,0,0,0,0,0,1
114495,0,0,0,0,0,0,0,0,1
114496,0,0,0,0,0,0,0,0,1
114497,0,0,0,0,0,0,0,0,1
114498,0,0,0,0,0,0,0,0,1
114499,0,0,0,0,0,0,0,0,1
114500,0,0,0,0,0,0,0,0,1
114501,0,0,0,0,0,0,0,0,1
114502,0,0,0,0,0,0,0,0,1
114503,0,0,0,0,0,0,0,0,1
114504,0,0,0,0,0,0,0,0,1
114505,0,0,0,0,0,0,0,0,1
114506,0,0,0,0,0,0,0,0,1
114507,0,0,0,0,0,0,0,0,1
114508,0,0,0,0,0,0,0,0,1
114509,0,0,0,0,0,0,0,0,1
114510,0,0,0,0,0,0,0,0,1
114511,0,0,0,0,0,0,0,0,1
114512,0,0,0,0,0,0,0,0,1
114513,0,0,0,0,0,0,0,0,1
114514,0,0,0,0,0,0,0,0,1
114515,0,0,0,0,0,0,0,0,1
114516,0,0,0,0,0,0,0,0,1
114517,0,0,0,0,0,0,0,0,1
114518,0,0,0,0,0,0,0,0,1
114519,0,0,0,0,0,0,0,0,1
114520,0,0,0,0,0,0,0,0,1
114521,0,0,0,0,0,0,0,0,1
114522,0,0,0,0,0,0,0,0,1
114523,0,0,0,0,0,0,0,0,1
114524,0,0,0,0,0,0,0,0,1
114525,0,0,0,0,0,0,0,0,1
114526,0,0,0,0,0,0,0,0,1
114527,0,0,0,0,0,0,0,0,1
114528,0,0,0,0,0,0,0,0,1
114529,0,0,0,0,0,0,0,0,1
114530,0,0,0,0,0,0,0,0,1
114531,0,0,0,0,0,0,0,0,1
114532,0,0,0,0,0,0,0,0,1
114533,0,0,0,0,0,0,0,0,1
114534,0,0,0,0,0,0,0,0,1
114535,0,0,0,0,0,0,0,0,1
114536,0,0,0,0,0,0,0,0,1
114537,0,0,0,0,0,0,0,0,1
114538,0,0,0,0,0,0,0,0,1
114539,0,0,0,0,0,0,0,0,1
114540,0,0,0,0,0,0,0,0,1
114541,0,0,0,0,0,0,0,0,1
114542,0,0,0,0,0,0,0,0,1
114543,0,0,0,0,0,0,0,0,1
114544,0,0,0,0,0,0,0,0,1
114545,0,0,0,0,0,0,0,0,1
114546,0,0,0,0,0,0,0,0,1
114547,0,0,0,0,0,0,0,0,1
114548,0,0,0,0,0,0,0,0,1
114549,0,0,0,0,0,0,0,0,1
114550,0,0,0,0,0,0,0,0,1
114551,0,0,0,0,0,0,0,0,1
114552,0,0,0,0,0,0,0,0,1
114553,0,0,0,0,0,0,0,0,1
114554,0,0,0,0,0,0,0,0,1
114555,0,0,0,0,0,0,0,0,1
114556,0,0,0,0,0,0,0,0,1
114557,0,0,0,0,0,0,0,0,1
114558,0,0,0,0,0,0,0,0,1
114559,0,0,0,0,0,0,0,0,1
114560,0,0,0,0,0,0,0,0,1
114561,0,0,0,0,0,0,0,0,1
114562,0,0,0,0,0,0,0,0,1
114563,0,0,0,0,0,0,0,0,1
114564,0,0,0,0,0,0,0,0,1
114565,0,0,0,0,0,0,0,0,1
114566,0,0,0,0,0,0,0,0,1
114567,0,0,0,0,0,0,0,0,1
114568,0,0,0,0,0,0,0,0,1
114569,0,0,0,0,0,0,0,0,1
114570,0,0,0,0,0,0,0,0,1
114571,0,0,0,0,0,0,0,0,1
114572,0,0,0,0,0,0,0,0,1
114573,0,0,0,0,0,0,0,0,1
114574,0,0,0,0,0,0,0,0,1
114575,0,0,0,0,0,0,0,0,1
114576,0,0,0,0,0,0,0,0,1
114577,0,0,0,0,0,0,0,0,1
114578,0,0,0,0,0,0,0,0,1
114579,0,0,0,0,0,0,0,0,1
114580,0,0,0,0,0,0,0,0,1
114581,0,0,0,0,0,0,0,0,1
114582,0,0,0,0,0,0,0,0,1
114583,0,0,0,0,0,0,0,0,1
114584,0,0,0,0,0,0,0,0,1
114585,0,0,0,0,0,0,0,0,1
114586,0,0,0,0,0,0,0,0,1
114587,0,0,0,0,0,0,0,0,1
114588,0,0,0,0,0,0,0,0,1
114589,0,0,0,0,0,0,0,0,1
114590,0,0,0,0,0,0,0,0,1
114591,0,0,0,0,0,0,0,0,1
114592,0,0,0,0,0,0,0,0,1
114593,0,0,0,0,0,0,0,0,1
114594,0,0,0,0,0,0,0,0,1
114595,0,0,0,0,0,0,0,0,1
114596,0,0,0,0,0,0,0,0,1
114597,0,0,0,0,0,0,0,0,1
114598,0,0,0,0,0,0,0,0,1
114599,0,0,0,0,0,0,0,0,1
114600,0,0,0,0,0,0,0,0,1
114601,0,0,0,0,0,0,0,0,1
114602,0,0,0,0,0,0,0,0,1
114603,0,0,0,0,0,0,0,0,1
114604,0,0,0,0,0,0,0,0,1
114605,0,0,0,0,0,0,0,0,1
114606,0,0,0,0,0,0,0,0,1
114607,0,0,0,0,0,0,0,0,1
114608,0,0,0,0,0,0,0,0,1
114609,0,0,0,0,0,0,0,0,1
114610,0,0,0,0,0,0,0,0,1
114611,0,0,0,0,0,0,0,0,1
114612,0,0,0,0,0,0,0,0,1
114613,0,0,0,0,0,0,0,0,1
114614,0,0,0,0,0,0,0,0,1
114615,0,0,0,0,0,0,0,0,1
114616,0,0,0,0,0,0,0,0,1
114617,0,0,0,0,0,0,0,0,1
114618,0,0,0,0,0,0,0,0,1
114619,0,0,0,0,0,0,0,0,1
114620,0,0,0,0,0,0,0,0,1
114621,0,0,0,0,0,0,0,0,1
114622,0,0,0,0,0,0,0,0,1
114623,0,0,0,0,0,0,0,0,1
114624,0,0,0,0,0,0,0,0,1
114625,0,0,0,0,0,0,0,0,1
114626,0,0,0,0,0,0,0,0,1
114627,0,0,0,0,0,0,0,0,1
114628,0,0,0,0,0,0,0,0,1
114629,0,0,0,0,0,0,0,0,1
114630,0,0,0,0,0,0,0,0,1
114631,0,0,0,0,0,0,0,0,1
114632,0,0,0,0,0,0,0,0,1
114633,0,0,0,0,0,0,0,0,1
114634,0,0,0,0,0,0,0,0,1
114635,0,0,0,0,0,0,0,0,1
114636,0,0,0,0,0,0,0,0,1
114637,0,0,0,0,0,0,0,0,1
114638,0,0,0,0,0,0,0,0,1
114639,0,0,0,0,0,0,0,0,1
114640,0,0,0,0,0,0,0,0,1
114641,0,0,0,0,0,0,0,0,1
114642,0,0,0,0,0,0,0,0,1
114643,0,0,0,0,0,0,0,0,1
114644,0,0,0,0,0,0,0,0,1
114645,0,0,0,0,0,0,0,0,1
114646,0,0,0,0,0,0,0,0,1
114647,0,0,0,0,0,0,0,0,1
114648,0,0,0,0,0,0,0,0,1
114649,0,0,0,0,0,0,0,0,1
114650,0,0,0,0,0,0,0,0,1
114651,0,0,0,0,0,0,0,0,1
114652,0,0,0,0,0,0,0,0,1
114653,0,0,0,0,0,0,0,0,1
114654,0,0,0,0,0,0,0,0,1
114655,0,0,0,0,0,0,0,0,1
114656,0,0,0,0,0,0,0,0,1
114657,0,0,0,0,0,0,0,0,1
114658,0,0,0,0,0,0,0,0,1
114659,0,0,0,0,0,0,0,0,1
114660,0,0,0,0,0,0,0,0,1
114661,0,0,0,0,0,0,0,0,1
114662,0,0,0,0,0,0,0,0,1
114663,0,0,0,0,0,0,0,0,1
114664,0,0,0,0,0,0,0,0,1
114665,0,0,0,0,0,0,0,0,1
114666,0,0,0,0,0,0,0,0,1
114667,0,0,0,0,0,0,0,0,1
114668,0,0,0,0,0,0,0,0,1
114669,0,0,0,0,0,0,0,0,1
114670,0,0,0,0,0,0,0,0,1
114671,0,0,0,0,0,0,0,0,1
114672,0,0,0,0,0,0,0,0,1
114673,0,0,0,0,0,0,0,0,1
114674,0,0,0,0,0,0,0,0,1
114675,0,0,0,0,0,0,0,0,1
114676,0,0,0,0,0,0,0,0,1
114677,0,0,0,0,0,0,0,0,1
114678,0,0,0,0,0,0,0,0,1
114679,0,0,0,0,0,0,0,0,1
114680,0,0,0,0,0,0,0,0,1
114681,0,0,0,0,0,0,0,0,1
114682,0,0,0,0,0,0,0,0,1
114683,0,0,0,0,0,0,0,0,1
114684,0,0,0,0,0,0,0,0,1
114685,0,0,0,0,0,0,0,0,1
114686,0,0,0,0,0,0,0,0,1
114687,0,0,0,0,0,0,0,0,1
114688,0,0,0,0,0,0,0,0,1
114689,0,0,0,0,0,0,0,0,1
114690,0,0,0,0,0,0,0,0,1
114691,0,0,0,0,0,0,0,0,1
114692,0,0,0,0,0,0,0,0,1
114693,0,0,0,0,0,0,0,0,1
114694,0,0,0,0,0,0,0,0,1
114695,0,0,0,0,0,0,0,0,1
114696,0,0,0,0,0,0,0,0,1
114697,0,0,0,0,0,0,0,0,1
114698,0,0,0,0,0,0,0,0,1
114699,0,0,0,0,0,0,0,0,1
114700,0,0,0,0,0,0,0,0,1
114701,0,0,0,0,0,0,0,0,1
114702,0,0,0,0,0,0,0,0,1
114703,0,0,0,0,0,0,0,0,1
114704,0,0,0,0,0,0,0,0,1
114705,0,0,0,0,0,0,0,0,1
114706,0,0,0,0,0,0,0,0,1
114707,0,0,0,0,0,0,0,0,1
114708,0,0,0,0,0,0,0,0,1
114709,0,0,0,0,0,0,0,0,1
114710,0,0,0,0,0,0,0,0,1
114711,0,0,0,0,0,0,0,0,1
114712,0,0,0,0,0,0,0,0,1
114713,0,0,0,0,0,0,0,0,1
114714,0,0,0,0,0,0,0,0,1
114715,0,0,0,0,0,0,0,0,1
114716,0,0,0,0,0,0,0,0,1
114717,0,0,0,0,0,0,0,0,1
114718,0,0,0,0,0,0,0,0,1
114719,0,0,0,0,0,0,0,0,1
114720,0,0,0,0,0,0,0,0,1
114721,0,0,0,0,0,0,0,0,1
114722,0,0,0,0,0,0,0,0,1
114723,0,0,0,0,0,0,0,0,1
114724,0,0,0,0,0,0,0,0,1
114725,0,0,0,0,0,0,0,0,1
114726,0,0,0,0,0,0,0,0,1
114727,0,0,0,0,0,0,0,0,1
114728,0,0,0,0,0,0,0,0,1
114729,0,0,0,0,0,0,0,0,1
114730,0,0,0,0,0,0,0,0,1
114731,0,0,0,0,0,0,0,0,1
114732,0,0,0,0,0,0,0,0,1
114733,0,0,0,0,0,0,0,0,1
114734,0,0,0,0,0,0,0,0,1
114735,0,0,0,0,0,0,0,0,1
114736,0,0,0,0,0,0,0,0,1
114737,0,0,0,0,0,0,0,0,1
114738,0,0,0,0,0,0,0,0,1
114739,0,0,0,0,0,0,0,0,1
114740,0,0,0,0,0,0,0,0,1
114741,0,0,0,0,0,0,0,0,1
114742,0,0,0,0,0,0,0,0,1
114743,0,0,0,0,0,0,0,0,1
114744,0,0,0,0,0,0,0,0,1
114745,0,0,0,0,0,0,0,0,1
114746,0,0,0,0,0,0,0,0,1
114747,0,0,0,0,0,0,0,0,1
114748,0,0,0,0,0,0,0,0,1
114749,0,0,0,0,0,0,0,0,1
114750,0,0,0,0,0,0,0,0,1
114751,0,0,0,0,0,0,0,0,1
114752,0,0,0,0,0,0,0,0,1
114753,0,0,0,0,0,0,0,0,1
114754,0,0,0,0,0,0,0,0,1
114755,0,0,0,0,0,0,0,0,1
114756,0,0,0,0,0,0,0,0,1
114757,0,0,0,0,0,0,0,0,1
114758,0,0,0,0,0,0,0,0,1
114759,0,0,0,0,0,0,0,0,1
114760,0,0,0,0,0,0,0,0,1
114761,0,0,0,0,0,0,0,0,1
114762,0,0,0,0,0,0,0,0,1
114763,0,0,0,0,0,0,0,0,1
114764,0,0,0,0,0,0,0,0,1
114765,0,0,0,0,0,0,0,0,1
114766,0,0,0,0,0,0,0,0,1
114767,0,0,0,0,0,0,0,0,1
114768,0,0,0,0,0,0,0,0,1
114769,0,0,0,0,0,0,0,0,1
114770,0,0,0,0,0,0,0,0,1
114771,0,0,0,0,0,0,0,0,1
114772,0,0,0,0,0,0,0,0,1
114773,0,0,0,0,0,0,0,0,1
114774,0,0,0,0,0,0,0,0,1
114775,0,0,0,0,0,0,0,0,1
114776,0,0,0,0,0,0,0,0,1
114777,0,0,0,0,0,0,0,0,1
114778,0,0,0,0,0,0,0,0,1
114779,0,0,0,0,0,0,0,0,1
114780,0,0,0,0,0,0,0,0,1
114781,0,0,0,0,0,0,0,0,1
114782,0,0,0,0,0,0,0,0,1
114783,0,0,0,0,0,0,0,0,1
114784,0,0,0,0,0,0,0,0,1
114785,0,0,0,0,0,0,0,0,1
114786,0,0,0,0,0,0,0,0,1
114787,0,0,0,0,0,0,0,0,1
114788,0,0,0,0,0,0,0,0,1
114789,0,0,0,0,0,0,0,0,1
114790,0,0,0,0,0,0,0,0,1
114791,0,0,0,0,0,0,0,0,1
114792,0,0,0,0,0,0,0,0,1
114793,0,0,0,0,0,0,0,0,1
114794,0,0,0,0,0,0,0,0,1
114795,0,0,0,0,0,0,0,0,1
114796,0,0,0,0,0,0,0,0,1
114797,0,0,0,0,0,0,0,0,1
114798,0,0,0,0,0,0,0,0,1
114799,0,0,0,0,0,0,0,0,1
114800,0,0,0,0,0,0,0,0,1
114801,0,0,0,0,0,0,0,0,1
114802,0,0,0,0,0,0,0,0,1
114803,0,0,0,0,0,0,0,0,1
114804,0,0,0,0,0,0,0,0,1
114805,0,0,0,0,0,0,0,0,1
114806,0,0,0,0,0,0,0,0,1
114807,0,0,0,0,0,0,0,0,1
114808,0,0,0,0,0,0,0,0,1
114809,0,0,0,0,0,0,0,0,1
114810,0,0,0,0,0,0,0,0,1
114811,0,0,0,0,0,0,0,0,1
114812,0,0,0,0,0,0,0,0,1
114813,0,0,0,0,0,0,0,0,1
114814,0,0,0,0,0,0,0,0,1
114815,0,0,0,0,0,0,0,0,1
114816,0,0,0,0,0,0,0,0,1
114817,0,0,0,0,0,0,0,0,1
114818,0,0,0,0,0,0,0,0,1
114819,0,0,0,0,0,0,0,0,1
114820,0,0,0,0,0,0,0,0,1
114821,0,0,0,0,0,0,0,0,1
114822,0,0,0,0,0,0,0,0,1
114823,0,0,0,0,0,0,0,0,1
114824,0,0,0,0,0,0,0,0,1
114825,0,0,0,0,0,0,0,0,1
114826,0,0,0,0,0,0,0,0,1
114827,0,0,0,0,0,0,0,0,1
114828,0,0,0,0,0,0,0,0,1
114829,0,0,0,0,0,0,0,0,1
114830,0,0,0,0,0,0,0,0,1
114831,0,0,0,0,0,0,0,0,1
114832,0,0,0,0,0,0,0,0,1
114833,0,0,0,0,0,0,0,0,1
114834,0,0,0,0,0,0,0,0,1
114835,0,0,0,0,0,0,0,0,1
114836,0,0,0,0,0,0,0,0,1
114837,0,0,0,0,0,0,0,0,1
114838,0,0,0,0,0,0,0,0,1
114839,0,0,0,0,0,0,0,0,1
114840,0,0,0,0,0,0,0,0,1
114841,0,0,0,0,0,0,0,0,1
114842,0,0,0,0,0,0,0,0,1
114843,0,0,0,0,0,0,0,0,1
114844,0,0,0,0,0,0,0,0,1
114845,0,0,0,0,0,0,0,0,1
114846,0,0,0,0,0,0,0,0,1
114847,0,0,0,0,0,0,0,0,1
114848,0,0,0,0,0,0,0,0,1
114849,0,0,0,0,0,0,0,0,1
114850,0,0,0,0,0,0,0,0,1
114851,0,0,0,0,0,0,0,0,1
114852,0,0,0,0,0,0,0,0,1
114853,0,0,0,0,0,0,0,0,1
114854,0,0,0,0,0,0,0,0,1
114855,0,0,0,0,0,0,0,0,1
114856,0,0,0,0,0,0,0,0,1
114857,0,0,0,0,0,0,0,0,1
114858,0,0,0,0,0,0,0,0,1
114859,0,0,0,0,0,0,0,0,1
114860,0,0,0,0,0,0,0,0,1
114861,0,0,0,0,0,0,0,0,1
114862,0,0,0,0,0,0,0,0,1
114863,0,0,0,0,0,0,0,0,1
114864,0,0,0,0,0,0,0,0,1
114865,0,0,0,0,0,0,0,0,1
114866,0,0,0,0,0,0,0,0,1
114867,0,0,0,0,0,0,0,0,1
114868,0,0,0,0,0,0,0,0,1
114869,0,0,0,0,0,0,0,0,1
114870,0,0,0,0,0,0,0,0,1
114871,0,0,0,0,0,0,0,0,1
114872,0,0,0,0,0,0,0,0,1
114873,0,0,0,0,0,0,0,0,1
114874,0,0,0,0,0,0,0,0,1
114875,0,0,0,0,0,0,0,0,1
114876,0,0,0,0,0,0,0,0,1
114877,0,0,0,0,0,0,0,0,1
114878,0,0,0,0,0,0,0,0,1
114879,0,0,0,0,0,0,0,0,1
114880,0,0,0,0,0,0,0,0,1
114881,0,0,0,0,0,0,0,0,1
114882,0,0,0,0,0,0,0,0,1
114883,0,0,0,0,0,0,0,0,1
114884,0,0,0,0,0,0,0,0,1
114885,0,0,0,0,0,0,0,0,1
114886,0,0,0,0,0,0,0,0,1
114887,0,0,0,0,0,0,0,0,1
114888,0,0,0,0,0,0,0,0,1
114889,0,0,0,0,0,0,0,0,1
114890,0,0,0,0,0,0,0,0,1
114891,0,0,0,0,0,0,0,0,1
114892,0,0,0,0,0,0,0,0,1
114893,0,0,0,0,0,0,0,0,1
114894,0,0,0,0,0,0,0,0,1
114895,0,0,0,0,0,0,0,0,1
114896,0,0,0,0,0,0,0,0,1
114897,0,0,0,0,0,0,0,0,1
114898,0,0,0,0,0,0,0,0,1
114899,0,0,0,0,0,0,0,0,1
114900,0,0,0,0,0,0,0,0,1
114901,0,0,0,0,0,0,0,0,1
114902,0,0,0,0,0,0,0,0,1
114903,0,0,0,0,0,0,0,0,1
114904,0,0,0,0,0,0,0,0,1
114905,0,0,0,0,0,0,0,0,1
114906,0,0,0,0,0,0,0,0,1
114907,0,0,0,0,0,0,0,0,1
114908,0,0,0,0,0,0,0,0,1
114909,0,0,0,0,0,0,0,0,1
114910,0,0,0,0,0,0,0,0,1
114911,0,0,0,0,0,0,0,0,1
114912,0,0,0,0,0,0,0,0,1
114913,0,0,0,0,0,0,0,0,1
114914,0,0,0,0,0,0,0,0,1
114915,0,0,0,0,0,0,0,0,1
114916,0,0,0,0,0,0,0,0,1
114917,0,0,0,0,0,0,0,0,1
114918,0,0,0,0,0,0,0,0,1
114919,0,0,0,0,0,0,0,0,1
114920,0,0,0,0,0,0,0,0,1
114921,0,0,0,0,0,0,0,0,1
114922,0,0,0,0,0,0,0,0,1
114923,0,0,0,0,0,0,0,0,1
114924,0,0,0,0,0,0,0,0,1
114925,0,0,0,0,0,0,0,0,1
114926,0,0,0,0,0,0,0,0,1
114927,0,0,0,0,0,0,0,0,1
114928,0,0,0,0,0,0,0,0,1
114929,0,0,0,0,0,0,0,0,1
114930,0,0,0,0,0,0,0,0,1
114931,0,0,0,0,0,0,0,0,1
114932,0,0,0,0,0,0,0,0,1
114933,0,0,0,0,0,0,0,0,1
114934,0,0,0,0,0,0,0,0,1
114935,0,0,0,0,0,0,0,0,1
114936,0,0,0,0,0,0,0,0,1
114937,0,0,0,0,0,0,0,0,1
114938,0,0,0,0,0,0,0,0,1
114939,0,0,0,0,0,0,0,0,1
114940,0,0,0,0,0,0,0,0,1
114941,0,0,0,0,0,0,0,0,1
114942,0,0,0,0,0,0,0,0,1
114943,0,0,0,0,0,0,0,0,1
114944,0,0,0,0,0,0,0,0,1
114945,0,0,0,0,0,0,0,0,1
114946,0,0,0,0,0,0,0,0,1
114947,0,0,0,0,0,0,0,0,1
114948,0,0,0,0,0,0,0,0,1
114949,0,0,0,0,0,0,0,0,1
114950,0,0,0,0,0,0,0,0,1
114951,0,0,0,0,0,0,0,0,1
114952,0,0,0,0,0,0,0,0,1
114953,0,0,0,0,0,0,0,0,1
114954,0,0,0,0,0,0,0,0,1
114955,0,0,0,0,0,0,0,0,1
114956,0,0,0,0,0,0,0,0,1
114957,0,0,0,0,0,0,0,0,1
114958,0,0,0,0,0,0,0,0,1
114959,0,0,0,0,0,0,0,0,1
114960,0,0,0,0,0,0,0,0,1
114961,0,0,0,0,0,0,0,0,1
114962,0,0,0,0,0,0,0,0,1
114963,0,0,0,0,0,0,0,0,1
114964,0,0,0,0,0,0,0,0,1
114965,0,0,0,0,0,0,0,0,1
114966,0,0,0,0,0,0,0,0,1
114967,0,0,0,0,0,0,0,0,1
114968,0,0,0,0,0,0,0,0,1
114969,0,0,0,0,0,0,0,0,1
114970,0,0,0,0,0,0,0,0,1
114971,0,0,0,0,0,0,0,0,1
114972,0,0,0,0,0,0,0,0,1
114973,0,0,0,0,0,0,0,0,1
114974,0,0,0,0,0,0,0,0,1
114975,0,0,0,0,0,0,0,0,1
114976,0,0,0,0,0,0,0,0,1
114977,0,0,0,0,0,0,0,0,1
114978,0,0,0,0,0,0,0,0,1
114979,0,0,0,0,0,0,0,0,1
114980,0,0,0,0,0,0,0,0,1
114981,0,0,0,0,0,0,0,0,1
114982,0,0,0,0,0,0,0,0,1
114983,0,0,0,0,0,0,0,0,1
114984,0,0,0,0,0,0,0,0,1
114985,0,0,0,0,0,0,0,0,1
114986,0,0,0,0,0,0,0,0,1
114987,0,0,0,0,0,0,0,0,1
114988,0,0,0,0,0,0,0,0,1
114989,0,0,0,0,0,0,0,0,1
114990,0,0,0,0,0,0,0,0,1
114991,0,0,0,0,0,0,0,0,1
114992,0,0,0,0,0,0,0,0,1
114993,0,0,0,0,0,0,0,0,1
114994,0,0,0,0,0,0,0,0,1
114995,0,0,0,0,0,0,0,0,1
114996,0,0,0,0,0,0,0,0,1
114997,0,0,0,0,0,0,0,0,1
114998,0,0,0,0,0,0,0,0,1
114999,0,0,0,0,0,0,0,0,1
115000,0,0,0,0,0,0,0,0,1
115001,0,0,0,0,0,0,0,0,1
115002,0,0,0,0,0,0,0,0,1
115003,0,0,0,0,0,0,0,0,1
115004,0,0,0,0,0,0,0,0,1
115005,0,0,0,0,0,0,0,0,1
115006,0,0,0,0,0,0,0,0,1
115007,0,0,0,0,0,0,0,0,1
115008,0,0,0,0,0,0,0,0,1
115009,0,0,0,0,0,0,0,0,1
115010,0,0,0,0,0,0,0,0,1
115011,0,0,0,0,0,0,0,0,1
115012,0,0,0,0,0,0,0,0,1
115013,0,0,0,0,0,0,0,0,1
115014,0,0,0,0,0,0,0,0,1
115015,0,0,0,0,0,0,0,0,1
115016,0,0,0,0,0,0,0,0,1
115017,0,0,0,0,0,0,0,0,1
115018,0,0,0,0,0,0,0,0,1
115019,0,0,0,0,0,0,0,0,1
115020,0,0,0,0,0,0,0,0,1
115021,0,0,0,0,0,0,0,0,1
115022,0,0,0,0,0,0,0,0,1
115023,0,0,0,0,0,0,0,0,1
115024,0,0,0,0,0,0,0,0,1
115025,0,0,0,0,0,0,0,0,1
115026,0,0,0,0,0,0,0,0,1
115027,0,0,0,0,0,0,0,0,1
115028,0,0,0,0,0,0,0,0,1
115029,0,0,0,0,0,0,0,0,1
115030,0,0,0,0,0,0,0,0,1
115031,0,0,0,0,0,0,0,0,1
115032,0,0,0,0,0,0,0,0,1
115033,0,0,0,0,0,0,0,0,1
115034,0,0,0,0,0,0,0,0,1
115035,0,0,0,0,0,0,0,0,1
115036,0,0,0,0,0,0,0,0,1
115037,0,0,0,0,0,0,0,0,1
115038,0,0,0,0,0,0,0,0,1
115039,0,0,0,0,0,0,0,0,1
115040,0,0,0,0,0,0,0,0,1
115041,0,0,0,0,0,0,0,0,1
115042,0,0,0,0,0,0,0,0,1
115043,0,0,0,0,0,0,0,0,1
115044,0,0,0,0,0,0,0,0,1
115045,0,0,0,0,0,0,0,0,1
115046,0,0,0,0,0,0,0,0,1
115047,0,0,0,0,0,0,0,0,1
115048,0,0,0,0,0,0,0,0,1
115049,0,0,0,0,0,0,0,0,1
115050,0,0,0,0,0,0,0,0,1
115051,0,0,0,0,0,0,0,0,1
115052,0,0,0,0,0,0,0,0,1
115053,0,0,0,0,0,0,0,0,1
115054,0,0,0,0,0,0,0,0,1
115055,0,0,0,0,0,0,0,0,1
115056,0,0,0,0,0,0,0,0,1
115057,0,0,0,0,0,0,0,0,1
115058,0,0,0,0,0,0,0,0,1
115059,0,0,0,0,0,0,0,0,1
115060,0,0,0,0,0,0,0,0,1
115061,0,0,0,0,0,0,0,0,1
115062,0,0,0,0,0,0,0,0,1
115063,0,0,0,0,0,0,0,0,1
115064,0,0,0,0,0,0,0,0,1
115065,0,0,0,0,0,0,0,0,1
115066,0,0,0,0,0,0,0,0,1
115067,0,0,0,0,0,0,0,0,1
115068,0,0,0,0,0,0,0,0,1
115069,0,0,0,0,0,0,0,0,1
115070,0,0,0,0,0,0,0,0,1
115071,0,0,0,0,0,0,0,0,1
115072,0,0,0,0,0,0,0,0,1
115073,0,0,0,0,0,0,0,0,1
115074,0,0,0,0,0,0,0,0,1
115075,0,0,0,0,0,0,0,0,1
115076,0,0,0,0,0,0,0,0,1
115077,0,0,0,0,0,0,0,0,1
115078,0,0,0,0,0,0,0,0,1
115079,0,0,0,0,0,0,0,0,1
115080,0,0,0,0,0,0,0,0,1
115081,0,0,0,0,0,0,0,0,1
115082,0,0,0,0,0,0,0,0,1
115083,0,0,0,0,0,0,0,0,1
115084,0,0,0,0,0,0,0,0,1
115085,0,0,0,0,0,0,0,0,1
115086,0,0,0,0,0,0,0,0,1
115087,0,0,0,0,0,0,0,0,1
115088,0,0,0,0,0,0,0,0,1
115089,0,0,0,0,0,0,0,0,1
115090,0,0,0,0,0,0,0,0,1
115091,0,0,0,0,0,0,0,0,1
115092,0,0,0,0,0,0,0,0,1
115093,0,0,0,0,0,0,0,0,1
115094,0,0,0,0,0,0,0,0,1
115095,0,0,0,0,0,0,0,0,1
115096,0,0,0,0,0,0,0,0,1
115097,0,0,0,0,0,0,0,0,1
115098,0,0,0,0,0,0,0,0,1
115099,0,0,0,0,0,0,0,0,1
115100,0,0,0,0,0,0,0,0,1
115101,0,0,0,0,0,0,0,0,1
115102,0,0,0,0,0,0,0,0,1
115103,0,0,0,0,0,0,0,0,1
115104,0,0,0,0,0,0,0,0,1
115105,0,0,0,0,0,0,0,0,1
115106,0,0,0,0,0,0,0,0,1
115107,0,0,0,0,0,0,0,0,1
115108,0,0,0,0,0,0,0,0,1
115109,0,0,0,0,0,0,0,0,1
115110,0,0,0,0,0,0,0,0,1
115111,0,0,0,0,0,0,0,0,1
115112,0,0,0,0,0,0,0,0,1
115113,0,0,0,0,0,0,0,0,1
115114,0,0,0,0,0,0,0,0,1
115115,0,0,0,0,0,0,0,0,1
115116,0,0,0,0,0,0,0,0,1
115117,0,0,0,0,0,0,0,0,1
115118,0,0,0,0,0,0,0,0,1
115119,0,0,0,0,0,0,0,0,1
115120,0,0,0,0,0,0,0,0,1
115121,0,0,0,0,0,0,0,0,1
115122,0,0,0,0,0,0,0,0,1
115123,0,0,0,0,0,0,0,0,1
115124,0,0,0,0,0,0,0,0,1
115125,0,0,0,0,0,0,0,0,1
115126,0,0,0,0,0,0,0,0,1
115127,0,0,0,0,0,0,0,0,1
115128,0,0,0,0,0,0,0,0,1
115129,0,0,0,0,0,0,0,0,1
115130,0,0,0,0,0,0,0,0,1
115131,0,0,0,0,0,0,0,0,1
115132,0,0,0,0,0,0,0,0,1
115133,0,0,0,0,0,0,0,0,1
115134,0,0,0,0,0,0,0,0,1
115135,0,0,0,0,0,0,0,0,1
115136,0,0,0,0,0,0,0,0,1
115137,0,0,0,0,0,0,0,0,1
115138,0,0,0,0,0,0,0,0,1
115139,0,0,0,0,0,0,0,0,1
115140,0,0,0,0,0,0,0,0,1
115141,0,0,0,0,0,0,0,0,1
115142,0,0,0,0,0,0,0,0,1
115143,0,0,0,0,0,0,0,0,1
115144,0,0,0,0,0,0,0,0,1
115145,0,0,0,0,0,0,0,0,1
115146,0,0,0,0,0,0,0,0,1
115147,0,0,0,0,0,0,0,0,1
115148,0,0,0,0,0,0,0,0,1
115149,0,0,0,0,0,0,0,0,1
115150,0,0,0,0,0,0,0,0,1
115151,0,0,0,0,0,0,0,0,1
115152,0,0,0,0,0,0,0,0,1
115153,0,0,0,0,0,0,0,0,1
115154,0,0,0,0,0,0,0,0,1
115155,0,0,0,0,0,0,0,0,1
115156,0,0,0,0,0,0,0,0,1
115157,0,0,0,0,0,0,0,0,1
115158,0,0,0,0,0,0,0,0,1
115159,0,0,0,0,0,0,0,0,1
115160,0,0,0,0,0,0,0,0,1
115161,0,0,0,0,0,0,0,0,1
115162,0,0,0,0,0,0,0,0,1
115163,0,0,0,0,0,0,0,0,1
115164,0,0,0,0,0,0,0,0,1
115165,0,0,0,0,0,0,0,0,1
115166,0,0,0,0,0,0,0,0,1
115167,0,0,0,0,0,0,0,0,1
115168,0,0,0,0,0,0,0,0,1
115169,0,0,0,0,0,0,0,0,1
115170,0,0,0,0,0,0,0,0,1
115171,0,0,0,0,0,0,0,0,1
115172,0,0,0,0,0,0,0,0,1
115173,0,0,0,0,0,0,0,0,1
115174,0,0,0,0,0,0,0,0,1
115175,0,0,0,0,0,0,0,0,1
115176,0,0,0,0,0,0,0,0,1
115177,0,0,0,0,0,0,0,0,1
115178,0,0,0,0,0,0,0,0,1
115179,0,0,0,0,0,0,0,0,1
115180,0,0,0,0,0,0,0,0,1
115181,0,0,0,0,0,0,0,0,1
115182,0,0,0,0,0,0,0,0,1
115183,0,0,0,0,0,0,0,0,1
115184,0,0,0,0,0,0,0,0,1
115185,0,0,0,0,0,0,0,0,1
115186,0,0,0,0,0,0,0,0,1
115187,0,0,0,0,0,0,0,0,1
115188,0,0,0,0,0,0,0,0,1
115189,0,0,0,0,0,0,0,0,1
115190,0,0,0,0,0,0,0,0,1
115191,0,0,0,0,0,0,0,0,1
115192,0,0,0,0,0,0,0,0,1
115193,0,0,0,0,0,0,0,0,1
115194,0,0,0,0,0,0,0,0,1
115195,0,0,0,0,0,0,0,0,1
115196,0,0,0,0,0,0,0,0,1
115197,0,0,0,0,0,0,0,0,1
115198,0,0,0,0,0,0,0,0,1
115199,0,0,0,0,0,0,0,0,1
115200,0,0,0,0,0,0,0,0,1
115201,0,0,0,0,0,0,0,0,1
115202,0,0,0,0,0,0,0,0,1
115203,0,0,0,0,0,0,0,0,1
115204,0,0,0,0,0,0,0,0,1
115205,0,0,0,0,0,0,0,0,1
115206,0,0,0,0,0,0,0,0,1
115207,0,0,0,0,0,0,0,0,1
115208,0,0,0,0,0,0,0,0,1
115209,0,0,0,0,0,0,0,0,1
115210,0,0,0,0,0,0,0,0,1
115211,0,0,0,0,0,0,0,0,1
115212,0,0,0,0,0,0,0,0,1
115213,0,0,0,0,0,0,0,0,1
115214,0,0,0,0,0,0,0,0,1
115215,0,0,0,0,0,0,0,0,1
115216,0,0,0,0,0,0,0,0,1
115217,0,0,0,0,0,0,0,0,1
115218,0,0,0,0,0,0,0,0,1
115219,0,0,0,0,0,0,0,0,1
115220,0,0,0,0,0,0,0,0,1
115221,0,0,0,0,0,0,0,0,1
115222,0,0,0,0,0,0,0,0,1
115223,0,0,0,0,0,0,0,0,1
115224,0,0,0,0,0,0,0,0,1
115225,0,0,0,0,0,0,0,0,1
115226,0,0,0,0,0,0,0,0,1
115227,0,0,0,0,0,0,0,0,1
115228,0,0,0,0,0,0,0,0,1
115229,0,0,0,0,0,0,0,0,1
115230,0,0,0,0,0,0,0,0,1
115231,0,0,0,0,0,0,0,0,1
115232,0,0,0,0,0,0,0,0,1
115233,0,0,0,0,0,0,0,0,1
115234,0,0,0,0,0,0,0,0,1
115235,0,0,0,0,0,0,0,0,1
115236,0,0,0,0,0,0,0,0,1
115237,0,0,0,0,0,0,0,0,1
115238,0,0,0,0,0,0,0,0,1
115239,0,0,0,0,0,0,0,0,1
115240,0,0,0,0,0,0,0,0,1
115241,0,0,0,0,0,0,0,0,1
115242,0,0,0,0,0,0,0,0,1
115243,0,0,0,0,0,0,0,0,1
115244,0,0,0,0,0,0,0,0,1
115245,0,0,0,0,0,0,0,0,1
115246,0,0,0,0,0,0,0,0,1
115247,0,0,0,0,0,0,0,0,1
115248,0,0,0,0,0,0,0,0,1
115249,0,0,0,0,0,0,0,0,1
115250,0,0,0,0,0,0,0,0,1
115251,0,0,0,0,0,0,0,0,1
115252,0,0,0,0,0,0,0,0,1
115253,0,0,0,0,0,0,0,0,1
115254,0,0,0,0,0,0,0,0,1
115255,0,0,0,0,0,0,0,0,1
115256,0,0,0,0,0,0,0,0,1
115257,0,0,0,0,0,0,0,0,1
115258,0,0,0,0,0,0,0,0,1
115259,0,0,0,0,0,0,0,0,1
115260,0,0,0,0,0,0,0,0,1
115261,0,0,0,0,0,0,0,0,1
115262,0,0,0,0,0,0,0,0,1
115263,0,0,0,0,0,0,0,0,1
115264,0,0,0,0,0,0,0,0,1
115265,0,0,0,0,0,0,0,0,1
115266,0,0,0,0,0,0,0,0,1
115267,0,0,0,0,0,0,0,0,1
115268,0,0,0,0,0,0,0,0,1
115269,0,0,0,0,0,0,0,0,1
115270,0,0,0,0,0,0,0,0,1
115271,0,0,0,0,0,0,0,0,1
115272,0,0,0,0,0,0,0,0,1
115273,0,0,0,0,0,0,0,0,1
115274,0,0,0,0,0,0,0,0,1
115275,0,0,0,0,0,0,0,0,1
115276,0,0,0,0,0,0,0,0,1
115277,0,0,0,0,0,0,0,0,1
115278,0,0,0,0,0,0,0,0,1
115279,0,0,0,0,0,0,0,0,1
115280,0,0,0,0,0,0,0,0,1
115281,0,0,0,0,0,0,0,0,1
115282,0,0,0,0,0,0,0,0,1
115283,0,0,0,0,0,0,0,0,1
115284,0,0,0,0,0,0,0,0,1
115285,0,0,0,0,0,0,0,0,1
115286,0,0,0,0,0,0,0,0,1
115287,0,0,0,0,0,0,0,0,1
115288,0,0,0,0,0,0,0,0,1
115289,0,0,0,0,0,0,0,0,1
115290,0,0,0,0,0,0,0,0,1
115291,0,0,0,0,0,0,0,0,1
115292,0,0,0,0,0,0,0,0,1
115293,0,0,0,0,0,0,0,0,1
115294,0,0,0,0,0,0,0,0,1
115295,0,0,0,0,0,0,0,0,1
115296,0,0,0,0,0,0,0,0,1
115297,0,0,0,0,0,0,0,0,1
115298,0,0,0,0,0,0,0,0,1
115299,0,0,0,0,0,0,0,0,1
115300,0,0,0,0,0,0,0,0,1
115301,0,0,0,0,0,0,0,0,1
115302,0,0,0,0,0,0,0,0,1
115303,0,0,0,0,0,0,0,0,1
115304,0,0,0,0,0,0,0,0,1
115305,0,0,0,0,0,0,0,0,1
115306,0,0,0,0,0,0,0,0,1
115307,0,0,0,0,0,0,0,0,1
115308,0,0,0,0,0,0,0,0,1
115309,0,0,0,0,0,0,0,0,1
115310,0,0,0,0,0,0,0,0,1
115311,0,0,0,0,0,0,0,0,1
115312,0,0,0,0,0,0,0,0,1
115313,0,0,0,0,0,0,0,0,1
115314,0,0,0,0,0,0,0,0,1
115315,0,0,0,0,0,0,0,0,1
115316,0,0,0,0,0,0,0,0,1
115317,0,0,0,0,0,0,0,0,1
115318,0,0,0,0,0,0,0,0,1
115319,0,0,0,0,0,0,0,0,1
115320,0,0,0,0,0,0,0,0,1
115321,0,0,0,0,0,0,0,0,1
115322,0,0,0,0,0,0,0,0,1
115323,0,0,0,0,0,0,0,0,1
115324,0,0,0,0,0,0,0,0,1
115325,0,0,0,0,0,0,0,0,1
115326,0,0,0,0,0,0,0,0,1
115327,0,0,0,0,0,0,0,0,1
115328,0,0,0,0,0,0,0,0,1
115329,0,0,0,0,0,0,0,0,1
115330,0,0,0,0,0,0,0,0,1
115331,0,0,0,0,0,0,0,0,1
115332,0,0,0,0,0,0,0,0,1
115333,0,0,0,0,0,0,0,0,1
115334,0,0,0,0,0,0,0,0,1
115335,0,0,0,0,0,0,0,0,1
115336,0,0,0,0,0,0,0,0,1
115337,0,0,0,0,0,0,0,0,1
115338,0,0,0,0,0,0,0,0,1
115339,0,0,0,0,0,0,0,0,1
115340,0,0,0,0,0,0,0,0,1
115341,0,0,0,0,0,0,0,0,1
115342,0,0,0,0,0,0,0,0,1
115343,0,0,0,0,0,0,0,0,1
115344,0,0,0,0,0,0,0,0,1
115345,0,0,0,0,0,0,0,0,1
115346,0,0,0,0,0,0,0,0,1
115347,0,0,0,0,0,0,0,0,1
115348,0,0,0,0,0,0,0,0,1
115349,0,0,0,0,0,0,0,0,1
115350,0,0,0,0,0,0,0,0,1
115351,0,0,0,0,0,0,0,0,1
115352,0,0,0,0,0,0,0,0,1
115353,0,0,0,0,0,0,0,0,1
115354,0,0,0,0,0,0,0,0,1
115355,0,0,0,0,0,0,0,0,1
115356,0,0,0,0,0,0,0,0,1
115357,0,0,0,0,0,0,0,0,1
115358,0,0,0,0,0,0,0,0,1
115359,0,0,0,0,0,0,0,0,1
115360,0,0,0,0,0,0,0,0,1
115361,0,0,0,0,0,0,0,0,1
115362,0,0,0,0,0,0,0,0,1
115363,0,0,0,0,0,0,0,0,1
115364,0,0,0,0,0,0,0,0,1
115365,0,0,0,0,0,0,0,0,1
115366,0,0,0,0,0,0,0,0,1
115367,0,0,0,0,0,0,0,0,1
115368,0,0,0,0,0,0,0,0,1
115369,0,0,0,0,0,0,0,0,1
115370,0,0,0,0,0,0,0,0,1
115371,0,0,0,0,0,0,0,0,1
115372,0,0,0,0,0,0,0,0,1
115373,0,0,0,0,0,0,0,0,1
115374,0,0,0,0,0,0,0,0,1
115375,0,0,0,0,0,0,0,0,1
115376,0,0,0,0,0,0,0,0,1
115377,0,0,0,0,0,0,0,0,1
115378,0,0,0,0,0,0,0,0,1
115379,0,0,0,0,0,0,0,0,1
115380,0,0,0,0,0,0,0,0,1
115381,0,0,0,0,0,0,0,0,1
115382,0,0,0,0,0,0,0,0,1
115383,0,0,0,0,0,0,0,0,1
115384,0,0,0,0,0,0,0,0,1
115385,0,0,0,0,0,0,0,0,1
115386,0,0,0,0,0,0,0,0,1
115387,0,0,0,0,0,0,0,0,1
115388,0,0,0,0,0,0,0,0,1
115389,0,0,0,0,0,0,0,0,1
115390,0,0,0,0,0,0,0,0,1
115391,0,0,0,0,0,0,0,0,1
115392,0,0,0,0,0,0,0,0,1
115393,0,0,0,0,0,0,0,0,1
115394,0,0,0,0,0,0,0,0,1
115395,0,0,0,0,0,0,0,0,1
115396,0,0,0,0,0,0,0,0,1
115397,0,0,0,0,0,0,0,0,1
115398,0,0,0,0,0,0,0,0,1
115399,0,0,0,0,0,0,0,0,1
115400,0,0,0,0,0,0,0,0,1
115401,0,0,0,0,0,0,0,0,1
115402,0,0,0,0,0,0,0,0,1
115403,0,0,0,0,0,0,0,0,1
115404,0,0,0,0,0,0,0,0,1
115405,0,0,0,0,0,0,0,0,1
115406,0,0,0,0,0,0,0,0,1
115407,0,0,0,0,0,0,0,0,1
115408,0,0,0,0,0,0,0,0,1
115409,0,0,0,0,0,0,0,0,1
115410,0,0,0,0,0,0,0,0,1
115411,0,0,0,0,0,0,0,0,1
115412,0,0,0,0,0,0,0,0,1
115413,0,0,0,0,0,0,0,0,1
115414,0,0,0,0,0,0,0,0,1
115415,0,0,0,0,0,0,0,0,1
115416,0,0,0,0,0,0,0,0,1
115417,0,0,0,0,0,0,0,0,1
115418,0,0,0,0,0,0,0,0,1
115419,0,0,0,0,0,0,0,0,1
115420,0,0,0,0,0,0,0,0,1
115421,0,0,0,0,0,0,0,0,1
115422,0,0,0,0,0,0,0,0,1
115423,0,0,0,0,0,0,0,0,1
115424,0,0,0,0,0,0,0,0,1
115425,0,0,0,0,0,0,0,0,1
115426,0,0,0,0,0,0,0,0,1
115427,0,0,0,0,0,0,0,0,1
115428,0,0,0,0,0,0,0,0,1
115429,0,0,0,0,0,0,0,0,1
115430,0,0,0,0,0,0,0,0,1
115431,0,0,0,0,0,0,0,0,1
115432,0,0,0,0,0,0,0,0,1
115433,0,0,0,0,0,0,0,0,1
115434,0,0,0,0,0,0,0,0,1
115435,0,0,0,0,0,0,0,0,1
115436,0,0,0,0,0,0,0,0,1
115437,0,0,0,0,0,0,0,0,1
115438,0,0,0,0,0,0,0,0,1
115439,0,0,0,0,0,0,0,0,1
115440,0,0,0,0,0,0,0,0,1
115441,0,0,0,0,0,0,0,0,1
115442,0,0,0,0,0,0,0,0,1
115443,0,0,0,0,0,0,0,0,1
115444,0,0,0,0,0,0,0,0,1
115445,0,0,0,0,0,0,0,0,1
115446,0,0,0,0,0,0,0,0,1
115447,0,0,0,0,0,0,0,0,1
115448,0,0,0,0,0,0,0,0,1
115449,0,0,0,0,0,0,0,0,1
115450,0,0,0,0,0,0,0,0,1
115451,0,0,0,0,0,0,0,0,1
115452,0,0,0,0,0,0,0,0,1
115453,0,0,0,0,0,0,0,0,1
115454,0,0,0,0,0,0,0,0,1
115455,0,0,0,0,0,0,0,0,1
115456,0,0,0,0,0,0,0,0,1
115457,0,0,0,0,0,0,0,0,1
115458,0,0,0,0,0,0,0,0,1
115459,0,0,0,0,0,0,0,0,1
115460,0,0,0,0,0,0,0,0,1
115461,0,0,0,0,0,0,0,0,1
115462,0,0,0,0,0,0,0,0,1
115463,0,0,0,0,0,0,0,0,1
115464,0,0,0,0,0,0,0,0,1
115465,0,0,0,0,0,0,0,0,1
115466,0,0,0,0,0,0,0,0,1
115467,0,0,0,0,0,0,0,0,1
115468,0,0,0,0,0,0,0,0,1
115469,0,0,0,0,0,0,0,0,1
115470,0,0,0,0,0,0,0,0,1
115471,0,0,0,0,0,0,0,0,1
115472,0,0,0,0,0,0,0,0,1
115473,0,0,0,0,0,0,0,0,1
115474,0,0,0,0,0,0,0,0,1
115475,0,0,0,0,0,0,0,0,1
115476,0,0,0,0,0,0,0,0,1
115477,0,0,0,0,0,0,0,0,1
115478,0,0,0,0,0,0,0,0,1
115479,0,0,0,0,0,0,0,0,1
115480,0,0,0,0,0,0,0,0,1
115481,0,0,0,0,0,0,0,0,1
115482,0,0,0,0,0,0,0,0,1
115483,0,0,0,0,0,0,0,0,1
115484,0,0,0,0,0,0,0,0,1
115485,0,0,0,0,0,0,0,0,1
115486,0,0,0,0,0,0,0,0,1
115487,0,0,0,0,0,0,0,0,1
115488,0,0,0,0,0,0,0,0,1
115489,0,0,0,0,0,0,0,0,1
115490,0,0,0,0,0,0,0,0,1
115491,0,0,0,0,0,0,0,0,1
115492,0,0,0,0,0,0,0,0,1
115493,0,0,0,0,0,0,0,0,1
115494,0,0,0,0,0,0,0,0,1
115495,0,0,0,0,0,0,0,0,1
115496,0,0,0,0,0,0,0,0,1
115497,0,0,0,0,0,0,0,0,1
115498,0,0,0,0,0,0,0,0,1
115499,0,0,0,0,0,0,0,0,1
115500,0,0,0,0,0,0,0,0,1
115501,0,0,0,0,0,0,0,0,1
115502,0,0,0,0,0,0,0,0,1
115503,0,0,0,0,0,0,0,0,1
115504,0,0,0,0,0,0,0,0,1
115505,0,0,0,0,0,0,0,0,1
115506,0,0,0,0,0,0,0,0,1
115507,0,0,0,0,0,0,0,0,1
115508,0,0,0,0,0,0,0,0,1
115509,0,0,0,0,0,0,0,0,1
115510,0,0,0,0,0,0,0,0,1
115511,0,0,0,0,0,0,0,0,1
115512,0,0,0,0,0,0,0,0,1
115513,0,0,0,0,0,0,0,0,1
115514,0,0,0,0,0,0,0,0,1
115515,0,0,0,0,0,0,0,0,1
115516,0,0,0,0,0,0,0,0,1
115517,0,0,0,0,0,0,0,0,1
115518,0,0,0,0,0,0,0,0,1
115519,0,0,0,0,0,0,0,0,1
115520,0,0,0,0,0,0,0,0,1
115521,0,0,0,0,0,0,0,0,1
115522,0,0,0,0,0,0,0,0,1
115523,0,0,0,0,0,0,0,0,1
115524,0,0,0,0,0,0,0,0,1
115525,0,0,0,0,0,0,0,0,1
115526,0,0,0,0,0,0,0,0,1
115527,0,0,0,0,0,0,0,0,1
115528,0,0,0,0,0,0,0,0,1
115529,0,0,0,0,0,0,0,0,1
115530,0,0,0,0,0,0,0,0,1
115531,0,0,0,0,0,0,0,0,1
115532,0,0,0,0,0,0,0,0,1
115533,0,0,0,0,0,0,0,0,1
115534,0,0,0,0,0,0,0,0,1
115535,0,0,0,0,0,0,0,0,1
115536,0,0,0,0,0,0,0,0,1
115537,0,0,0,0,0,0,0,0,1
115538,0,0,0,0,0,0,0,0,1
115539,0,0,0,0,0,0,0,0,1
115540,0,0,0,0,0,0,0,0,1
115541,0,0,0,0,0,0,0,0,1
115542,0,0,0,0,0,0,0,0,1
115543,0,0,0,0,0,0,0,0,1
115544,0,0,0,0,0,0,0,0,1
115545,0,0,0,0,0,0,0,0,1
115546,0,0,0,0,0,0,0,0,1
115547,0,0,0,0,0,0,0,0,1
115548,0,0,0,0,0,0,0,0,1
115549,0,0,0,0,0,0,0,0,1
115550,0,0,0,0,0,0,0,0,1
115551,0,0,0,0,0,0,0,0,1
115552,0,0,0,0,0,0,0,0,1
115553,0,0,0,0,0,0,0,0,1
115554,0,0,0,0,0,0,0,0,1
115555,0,0,0,0,0,0,0,0,1
115556,0,0,0,0,0,0,0,0,1
115557,0,0,0,0,0,0,0,0,1
115558,0,0,0,0,0,0,0,0,1
115559,0,0,0,0,0,0,0,0,1
115560,0,0,0,0,0,0,0,0,1
115561,0,0,0,0,0,0,0,0,1
115562,0,0,0,0,0,0,0,0,1
115563,0,0,0,0,0,0,0,0,1
115564,0,0,0,0,0,0,0,0,1
115565,0,0,0,0,0,0,0,0,1
115566,0,0,0,0,0,0,0,0,1
115567,0,0,0,0,0,0,0,0,1
115568,0,0,0,0,0,0,0,0,1
115569,0,0,0,0,0,0,0,0,1
115570,0,0,0,0,0,0,0,0,1
115571,0,0,0,0,0,0,0,0,1
115572,0,0,0,0,0,0,0,0,1
115573,0,0,0,0,0,0,0,0,1
115574,0,0,0,0,0,0,0,0,1
115575,0,0,0,0,0,0,0,0,1
115576,0,0,0,0,0,0,0,0,1
115577,0,0,0,0,0,0,0,0,1
115578,0,0,0,0,0,0,0,0,1
115579,0,0,0,0,0,0,0,0,1
115580,0,0,0,0,0,0,0,0,1
115581,0,0,0,0,0,0,0,0,1
115582,0,0,0,0,0,0,0,0,1
115583,0,0,0,0,0,0,0,0,1
115584,0,0,0,0,0,0,0,0,1
115585,0,0,0,0,0,0,0,0,1
115586,0,0,0,0,0,0,0,0,1
115587,0,0,0,0,0,0,0,0,1
115588,0,0,0,0,0,0,0,0,1
115589,0,0,0,0,0,0,0,0,1
115590,0,0,0,0,0,0,0,0,1
115591,0,0,0,0,0,0,0,0,1
115592,0,0,0,0,0,0,0,0,1
115593,0,0,0,0,0,0,0,0,1
115594,0,0,0,0,0,0,0,0,1
115595,0,0,0,0,0,0,0,0,1
115596,0,0,0,0,0,0,0,0,1
115597,0,0,0,0,0,0,0,0,1
115598,0,0,0,0,0,0,0,0,1
115599,0,0,0,0,0,0,0,0,1
115600,0,0,0,0,0,0,0,0,1
115601,0,0,0,0,0,0,0,0,1
115602,0,0,0,0,0,0,0,0,1
115603,0,0,0,0,0,0,0,0,1
115604,0,0,0,0,0,0,0,0,1
115605,0,0,0,0,0,0,0,0,1
115606,0,0,0,0,0,0,0,0,1
115607,0,0,0,0,0,0,0,0,1
115608,0,0,0,0,0,0,0,0,1
115609,0,0,0,0,0,0,0,0,1
115610,0,0,0,0,0,0,0,0,1
115611,0,0,0,0,0,0,0,0,1
115612,0,0,0,0,0,0,0,0,1
115613,0,0,0,0,0,0,0,0,1
115614,0,0,0,0,0,0,0,0,1
115615,0,0,0,0,0,0,0,0,1
115616,0,0,0,0,0,0,0,0,1
115617,0,0,0,0,0,0,0,0,1
115618,0,0,0,0,0,0,0,0,1
115619,0,0,0,0,0,0,0,0,1
115620,0,0,0,0,0,0,0,0,1
115621,0,0,0,0,0,0,0,0,1
115622,0,0,0,0,0,0,0,0,1
115623,0,0,0,0,0,0,0,0,1
115624,0,0,0,0,0,0,0,0,1
115625,0,0,0,0,0,0,0,0,1
115626,0,0,0,0,0,0,0,0,1
115627,0,0,0,0,0,0,0,0,1
115628,0,0,0,0,0,0,0,0,1
115629,0,0,0,0,0,0,0,0,1
115630,0,0,0,0,0,0,0,0,1
115631,0,0,0,0,0,0,0,0,1
115632,0,0,0,0,0,0,0,0,1
115633,0,0,0,0,0,0,0,0,1
115634,0,0,0,0,0,0,0,0,1
115635,0,0,0,0,0,0,0,0,1
115636,0,0,0,0,0,0,0,0,1
115637,0,0,0,0,0,0,0,0,1
115638,0,0,0,0,0,0,0,0,1
115639,0,0,0,0,0,0,0,0,1
115640,0,0,0,0,0,0,0,0,1
115641,0,0,0,0,0,0,0,0,1
115642,0,0,0,0,0,0,0,0,1
115643,0,0,0,0,0,0,0,0,1
115644,0,0,0,0,0,0,0,0,1
115645,0,0,0,0,0,0,0,0,1
115646,0,0,0,0,0,0,0,0,1
115647,0,0,0,0,0,0,0,0,1
115648,0,0,0,0,0,0,0,0,1
115649,0,0,0,0,0,0,0,0,1
115650,0,0,0,0,0,0,0,0,1
115651,0,0,0,0,0,0,0,0,1
115652,0,0,0,0,0,0,0,0,1
115653,0,0,0,0,0,0,0,0,1
115654,0,0,0,0,0,0,0,0,1
115655,0,0,0,0,0,0,0,0,1
115656,0,0,0,0,0,0,0,0,1
115657,0,0,0,0,0,0,0,0,1
115658,0,0,0,0,0,0,0,0,1
115659,0,0,0,0,0,0,0,0,1
115660,0,0,0,0,0,0,0,0,1
115661,0,0,0,0,0,0,0,0,1
115662,0,0,0,0,0,0,0,0,1
115663,0,0,0,0,0,0,0,0,1
115664,0,0,0,0,0,0,0,0,1
115665,0,0,0,0,0,0,0,0,1
115666,0,0,0,0,0,0,0,0,1
115667,0,0,0,0,0,0,0,0,1
115668,0,0,0,0,0,0,0,0,1
115669,0,0,0,0,0,0,0,0,1
115670,0,0,0,0,0,0,0,0,1
115671,0,0,0,0,0,0,0,0,1
115672,0,0,0,0,0,0,0,0,1
115673,0,0,0,0,0,0,0,0,1
115674,0,0,0,0,0,0,0,0,1
115675,0,0,0,0,0,0,0,0,1
115676,0,0,0,0,0,0,0,0,1
115677,0,0,0,0,0,0,0,0,1
115678,0,0,0,0,0,0,0,0,1
115679,0,0,0,0,0,0,0,0,1
115680,0,0,0,0,0,0,0,0,1
115681,0,0,0,0,0,0,0,0,1
115682,0,0,0,0,0,0,0,0,1
115683,0,0,0,0,0,0,0,0,1
115684,0,0,0,0,0,0,0,0,1
115685,0,0,0,0,0,0,0,0,1
115686,0,0,0,0,0,0,0,0,1
115687,0,0,0,0,0,0,0,0,1
115688,0,0,0,0,0,0,0,0,1
115689,0,0,0,0,0,0,0,0,1
115690,0,0,0,0,0,0,0,0,1
115691,0,0,0,0,0,0,0,0,1
115692,0,0,0,0,0,0,0,0,1
115693,0,0,0,0,0,0,0,0,1
115694,0,0,0,0,0,0,0,0,1
115695,0,0,0,0,0,0,0,0,1
115696,0,0,0,0,0,0,0,0,1
115697,0,0,0,0,0,0,0,0,1
115698,0,0,0,0,0,0,0,0,1
115699,0,0,0,0,0,0,0,0,1
115700,0,0,0,0,0,0,0,0,1
115701,0,0,0,0,0,0,0,0,1
115702,0,0,0,0,0,0,0,0,1
115703,0,0,0,0,0,0,0,0,1
115704,0,0,0,0,0,0,0,0,1
115705,0,0,0,0,0,0,0,0,1
115706,0,0,0,0,0,0,0,0,1
115707,0,0,0,0,0,0,0,0,1
115708,0,0,0,0,0,0,0,0,1
115709,0,0,0,0,0,0,0,0,1
115710,0,0,0,0,0,0,0,0,1
115711,0,0,0,0,0,0,0,0,1
115712,0,0,0,0,0,0,0,0,1
115713,0,0,0,0,0,0,0,0,1
115714,0,0,0,0,0,0,0,0,1
115715,0,0,0,0,0,0,0,0,1
115716,0,0,0,0,0,0,0,0,1
115717,0,0,0,0,0,0,0,0,1
115718,0,0,0,0,0,0,0,0,1
115719,0,0,0,0,0,0,0,0,1
115720,0,0,0,0,0,0,0,0,1
115721,0,0,0,0,0,0,0,0,1
115722,0,0,0,0,0,0,0,0,1
115723,0,0,0,0,0,0,0,0,1
115724,0,0,0,0,0,0,0,0,1
115725,0,0,0,0,0,0,0,0,1
115726,0,0,0,0,0,0,0,0,1
115727,0,0,0,0,0,0,0,0,1
115728,0,0,0,0,0,0,0,0,1
115729,0,0,0,0,0,0,0,0,1
115730,0,0,0,0,0,0,0,0,1
115731,0,0,0,0,0,0,0,0,1
115732,0,0,0,0,0,0,0,0,1
115733,0,0,0,0,0,0,0,0,1
115734,0,0,0,0,0,0,0,0,1
115735,0,0,0,0,0,0,0,0,1
115736,0,0,0,0,0,0,0,0,1
115737,0,0,0,0,0,0,0,0,1
115738,0,0,0,0,0,0,0,0,1
115739,0,0,0,0,0,0,0,0,1
115740,0,0,0,0,0,0,0,0,1
115741,0,0,0,0,0,0,0,0,1
115742,0,0,0,0,0,0,0,0,1
115743,0,0,0,0,0,0,0,0,1
115744,0,0,0,0,0,0,0,0,1
115745,0,0,0,0,0,0,0,0,1
115746,0,0,0,0,0,0,0,0,1
115747,0,0,0,0,0,0,0,0,1
115748,0,0,0,0,0,0,0,0,1
115749,0,0,0,0,0,0,0,0,1
115750,0,0,0,0,0,0,0,0,1
115751,0,0,0,0,0,0,0,0,1
115752,0,0,0,0,0,0,0,0,1
115753,0,0,0,0,0,0,0,0,1
115754,0,0,0,0,0,0,0,0,1
115755,0,0,0,0,0,0,0,0,1
115756,0,0,0,0,0,0,0,0,1
115757,0,0,0,0,0,0,0,0,1
115758,0,0,0,0,0,0,0,0,1
115759,0,0,0,0,0,0,0,0,1
115760,0,0,0,0,0,0,0,0,1
115761,0,0,0,0,0,0,0,0,1
115762,0,0,0,0,0,0,0,0,1
115763,0,0,0,0,0,0,0,0,1
115764,0,0,0,0,0,0,0,0,1
115765,0,0,0,0,0,0,0,0,1
115766,0,0,0,0,0,0,0,0,1
115767,0,0,0,0,0,0,0,0,1
115768,0,0,0,0,0,0,0,0,1
115769,0,0,0,0,0,0,0,0,1
115770,0,0,0,0,0,0,0,0,1
115771,0,0,0,0,0,0,0,0,1
115772,0,0,0,0,0,0,0,0,1
115773,0,0,0,0,0,0,0,0,1
115774,0,0,0,0,0,0,0,0,1
115775,0,0,0,0,0,0,0,0,1
115776,0,0,0,0,0,0,0,0,1
115777,0,0,0,0,0,0,0,0,1
115778,0,0,0,0,0,0,0,0,1
115779,0,0,0,0,0,0,0,0,1
115780,0,0,0,0,0,0,0,0,1
115781,0,0,0,0,0,0,0,0,1
115782,0,0,0,0,0,0,0,0,1
115783,0,0,0,0,0,0,0,0,1
115784,0,0,0,0,0,0,0,0,1
115785,0,0,0,0,0,0,0,0,1
115786,0,0,0,0,0,0,0,0,1
115787,0,0,0,0,0,0,0,0,1
115788,0,0,0,0,0,0,0,0,1
115789,0,0,0,0,0,0,0,0,1
115790,0,0,0,0,0,0,0,0,1
115791,0,0,0,0,0,0,0,0,1
115792,0,0,0,0,0,0,0,0,1
115793,0,0,0,0,0,0,0,0,1
115794,0,0,0,0,0,0,0,0,1
115795,0,0,0,0,0,0,0,0,1
115796,0,0,0,0,0,0,0,0,1
115797,0,0,0,0,0,0,0,0,1
115798,0,0,0,0,0,0,0,0,1
115799,0,0,0,0,0,0,0,0,1
115800,0,0,0,0,0,0,0,0,1
115801,0,0,0,0,0,0,0,0,1
115802,0,0,0,0,0,0,0,0,1
115803,0,0,0,0,0,0,0,0,1
115804,0,0,0,0,0,0,0,0,1
115805,0,0,0,0,0,0,0,0,1
115806,0,0,0,0,0,0,0,0,1
115807,0,0,0,0,0,0,0,0,1
115808,0,0,0,0,0,0,0,0,1
115809,0,0,0,0,0,0,0,0,1
115810,0,0,0,0,0,0,0,0,1
115811,0,0,0,0,0,0,0,0,1
115812,0,0,0,0,0,0,0,0,1
115813,0,0,0,0,0,0,0,0,1
115814,0,0,0,0,0,0,0,0,1
115815,0,0,0,0,0,0,0,0,1
115816,0,0,0,0,0,0,0,0,1
115817,0,0,0,0,0,0,0,0,1
115818,0,0,0,0,0,0,0,0,1
115819,0,0,0,0,0,0,0,0,1
115820,0,0,0,0,0,0,0,0,1
115821,0,0,0,0,0,0,0,0,1
115822,0,0,0,0,0,0,0,0,1
115823,0,0,0,0,0,0,0,0,1
115824,0,0,0,0,0,0,0,0,1
115825,0,0,0,0,0,0,0,0,1
115826,0,0,0,0,0,0,0,0,1
115827,0,0,0,0,0,0,0,0,1
115828,0,0,0,0,0,0,0,0,1
115829,0,0,0,0,0,0,0,0,1
115830,0,0,0,0,0,0,0,0,1
115831,0,0,0,0,0,0,0,0,1
115832,0,0,0,0,0,0,0,0,1
115833,0,0,0,0,0,0,0,0,1
115834,0,0,0,0,0,0,0,0,1
115835,0,0,0,0,0,0,0,0,1
115836,0,0,0,0,0,0,0,0,1
115837,0,0,0,0,0,0,0,0,1
115838,0,0,0,0,0,0,0,0,1
115839,0,0,0,0,0,0,0,0,1
115840,0,0,0,0,0,0,0,0,1
115841,0,0,0,0,0,0,0,0,1
115842,0,0,0,0,0,0,0,0,1
115843,0,0,0,0,0,0,0,0,1
115844,0,0,0,0,0,0,0,0,1
115845,0,0,0,0,0,0,0,0,1
115846,0,0,0,0,0,0,0,0,1
115847,0,0,0,0,0,0,0,0,1
115848,0,0,0,0,0,0,0,0,1
115849,0,0,0,0,0,0,0,0,1
115850,0,0,0,0,0,0,0,0,1
115851,0,0,0,0,0,0,0,0,1
115852,0,0,0,0,0,0,0,0,1
115853,0,0,0,0,0,0,0,0,1
115854,0,0,0,0,0,0,0,0,1
115855,0,0,0,0,0,0,0,0,1
115856,0,0,0,0,0,0,0,0,1
115857,0,0,0,0,0,0,0,0,1
115858,0,0,0,0,0,0,0,0,1
115859,0,0,0,0,0,0,0,0,1
115860,0,0,0,0,0,0,0,0,1
115861,0,0,0,0,0,0,0,0,1
115862,0,0,0,0,0,0,0,0,1
115863,0,0,0,0,0,0,0,0,1
115864,0,0,0,0,0,0,0,0,1
115865,0,0,0,0,0,0,0,0,1
115866,0,0,0,0,0,0,0,0,1
115867,0,0,0,0,0,0,0,0,1
115868,0,0,0,0,0,0,0,0,1
115869,0,0,0,0,0,0,0,0,1
115870,0,0,0,0,0,0,0,0,1
115871,0,0,0,0,0,0,0,0,1
115872,0,0,0,0,0,0,0,0,1
115873,0,0,0,0,0,0,0,0,1
115874,0,0,0,0,0,0,0,0,1
115875,0,0,0,0,0,0,0,0,1
115876,0,0,0,0,0,0,0,0,1
115877,0,0,0,0,0,0,0,0,1
115878,0,0,0,0,0,0,0,0,1
115879,0,0,0,0,0,0,0,0,1
115880,0,0,0,0,0,0,0,0,1
115881,0,0,0,0,0,0,0,0,1
115882,0,0,0,0,0,0,0,0,1
115883,0,0,0,0,0,0,0,0,1
115884,0,0,0,0,0,0,0,0,1
115885,0,0,0,0,0,0,0,0,1
115886,0,0,0,0,0,0,0,0,1
115887,0,0,0,0,0,0,0,0,1
115888,0,0,0,0,0,0,0,0,1
115889,0,0,0,0,0,0,0,0,1
115890,0,0,0,0,0,0,0,0,1
115891,0,0,0,0,0,0,0,0,1
115892,0,0,0,0,0,0,0,0,1
115893,0,0,0,0,0,0,0,0,1
115894,0,0,0,0,0,0,0,0,1
115895,0,0,0,0,0,0,0,0,1
115896,0,0,0,0,0,0,0,0,1
115897,0,0,0,0,0,0,0,0,1
115898,0,0,0,0,0,0,0,0,1
115899,0,0,0,0,0,0,0,0,1
115900,0,0,0,0,0,0,0,0,1
115901,0,0,0,0,0,0,0,0,1
115902,0,0,0,0,0,0,0,0,1
115903,0,0,0,0,0,0,0,0,1
115904,0,0,0,0,0,0,0,0,1
115905,0,0,0,0,0,0,0,0,1
115906,0,0,0,0,0,0,0,0,1
115907,0,0,0,0,0,0,0,0,1
115908,0,0,0,0,0,0,0,0,1
115909,0,0,0,0,0,0,0,0,1
115910,0,0,0,0,0,0,0,0,1
115911,0,0,0,0,0,0,0,0,1
115912,0,0,0,0,0,0,0,0,1
115913,0,0,0,0,0,0,0,0,1
115914,0,0,0,0,0,0,0,0,1
115915,0,0,0,0,0,0,0,0,1
115916,0,0,0,0,0,0,0,0,1
115917,0,0,0,0,0,0,0,0,1
115918,0,0,0,0,0,0,0,0,1
115919,0,0,0,0,0,0,0,0,1
115920,0,0,0,0,0,0,0,0,1
115921,0,0,0,0,0,0,0,0,1
115922,0,0,0,0,0,0,0,0,1
115923,0,0,0,0,0,0,0,0,1
115924,0,0,0,0,0,0,0,0,1
115925,0,0,0,0,0,0,0,0,1
115926,0,0,0,0,0,0,0,0,1
115927,0,0,0,0,0,0,0,0,1
115928,0,0,0,0,0,0,0,0,1
115929,0,0,0,0,0,0,0,0,1
115930,0,0,0,0,0,0,0,0,1
115931,0,0,0,0,0,0,0,0,1
115932,0,0,0,0,0,0,0,0,1
115933,0,0,0,0,0,0,0,0,1
115934,0,0,0,0,0,0,0,0,1
115935,0,0,0,0,0,0,0,0,1
115936,0,0,0,0,0,0,0,0,1
115937,0,0,0,0,0,0,0,0,1
115938,0,0,0,0,0,0,0,0,1
115939,0,0,0,0,0,0,0,0,1
115940,0,0,0,0,0,0,0,0,1
115941,0,0,0,0,0,0,0,0,1
115942,0,0,0,0,0,0,0,0,1
115943,0,0,0,0,0,0,0,0,1
115944,0,0,0,0,0,0,0,0,1
115945,0,0,0,0,0,0,0,0,1
115946,0,0,0,0,0,0,0,0,1
115947,0,0,0,0,0,0,0,0,1
115948,0,0,0,0,0,0,0,0,1
115949,0,0,0,0,0,0,0,0,1
115950,0,0,0,0,0,0,0,0,1
115951,0,0,0,0,0,0,0,0,1
115952,0,0,0,0,0,0,0,0,1
115953,0,0,0,0,0,0,0,0,1
115954,0,0,0,0,0,0,0,0,1
115955,0,0,0,0,0,0,0,0,1
115956,0,0,0,0,0,0,0,0,1
115957,0,0,0,0,0,0,0,0,1
115958,0,0,0,0,0,0,0,0,1
115959,0,0,0,0,0,0,0,0,1
115960,0,0,0,0,0,0,0,0,1
115961,0,0,0,0,0,0,0,0,1
115962,0,0,0,0,0,0,0,0,1
115963,0,0,0,0,0,0,0,0,1
115964,0,0,0,0,0,0,0,0,1
115965,0,0,0,0,0,0,0,0,1
115966,0,0,0,0,0,0,0,0,1
115967,0,0,0,0,0,0,0,0,1
115968,0,0,0,0,0,0,0,0,1
115969,0,0,0,0,0,0,0,0,1
115970,0,0,0,0,0,0,0,0,1
115971,0,0,0,0,0,0,0,0,1
115972,0,0,0,0,0,0,0,0,1
115973,0,0,0,0,0,0,0,0,1
115974,0,0,0,0,0,0,0,0,1
115975,0,0,0,0,0,0,0,0,1
115976,0,0,0,0,0,0,0,0,1
115977,0,0,0,0,0,0,0,0,1
115978,0,0,0,0,0,0,0,0,1
115979,0,0,0,0,0,0,0,0,1
115980,0,0,0,0,0,0,0,0,1
115981,0,0,0,0,0,0,0,0,1
115982,0,0,0,0,0,0,0,0,1
115983,0,0,0,0,0,0,0,0,1
115984,0,0,0,0,0,0,0,0,1
115985,0,0,0,0,0,0,0,0,1
115986,0,0,0,0,0,0,0,0,1
115987,0,0,0,0,0,0,0,0,1
115988,0,0,0,0,0,0,0,0,1
115989,0,0,0,0,0,0,0,0,1
115990,0,0,0,0,0,0,0,0,1
115991,0,0,0,0,0,0,0,0,1
115992,0,0,0,0,0,0,0,0,1
115993,0,0,0,0,0,0,0,0,1
115994,0,0,0,0,0,0,0,0,1
115995,0,0,0,0,0,0,0,0,1
115996,0,0,0,0,0,0,0,0,1
115997,0,0,0,0,0,0,0,0,1
115998,0,0,0,0,0,0,0,0,1
115999,0,0,0,0,0,0,0,0,1
116000,0,0,0,0,0,0,0,0,1
116001,0,0,0,0,0,0,0,0,1
116002,0,0,0,0,0,0,0,0,1
116003,0,0,0,0,0,0,0,0,1
116004,0,0,0,0,0,0,0,0,1
116005,0,0,0,0,0,0,0,0,1
116006,0,0,0,0,0,0,0,0,1
116007,0,0,0,0,0,0,0,0,1
116008,0,0,0,0,0,0,0,0,1
116009,0,0,0,0,0,0,0,0,1
116010,0,0,0,0,0,0,0,0,1
116011,0,0,0,0,0,0,0,0,1
116012,0,0,0,0,0,0,0,0,1
116013,0,0,0,0,0,0,0,0,1
116014,0,0,0,0,0,0,0,0,1
116015,0,0,0,0,0,0,0,0,1
116016,0,0,0,0,0,0,0,0,1
116017,0,0,0,0,0,0,0,0,1
116018,0,0,0,0,0,0,0,0,1
116019,0,0,0,0,0,0,0,0,1
116020,0,0,0,0,0,0,0,0,1
116021,0,0,0,0,0,0,0,0,1
116022,0,0,0,0,0,0,0,0,1
116023,0,0,0,0,0,0,0,0,1
116024,0,0,0,0,0,0,0,0,1
116025,0,0,0,0,0,0,0,0,1
116026,0,0,0,0,0,0,0,0,1
116027,0,0,0,0,0,0,0,0,1
116028,0,0,0,0,0,0,0,0,1
116029,0,0,0,0,0,0,0,0,1
116030,0,0,0,0,0,0,0,0,1
116031,0,0,0,0,0,0,0,0,1
116032,0,0,0,0,0,0,0,0,1
116033,0,0,0,0,0,0,0,0,1
116034,0,0,0,0,0,0,0,0,1
116035,0,0,0,0,0,0,0,0,1
116036,0,0,0,0,0,0,0,0,1
116037,0,0,0,0,0,0,0,0,1
116038,0,0,0,0,0,0,0,0,1
116039,0,0,0,0,0,0,0,0,1
116040,0,0,0,0,0,0,0,0,1
116041,0,0,0,0,0,0,0,0,1
116042,0,0,0,0,0,0,0,0,1
116043,0,0,0,0,0,0,0,0,1
116044,0,0,0,0,0,0,0,0,1
116045,0,0,0,0,0,0,0,0,1
116046,0,0,0,0,0,0,0,0,1
116047,0,0,0,0,0,0,0,0,1
116048,0,0,0,0,0,0,0,0,1
116049,0,0,0,0,0,0,0,0,1
116050,0,0,0,0,0,0,0,0,1
116051,0,0,0,0,0,0,0,0,1
116052,0,0,0,0,0,0,0,0,1
116053,0,0,0,0,0,0,0,0,1
116054,0,0,0,0,0,0,0,0,1
116055,0,0,0,0,0,0,0,0,1
116056,0,0,0,0,0,0,0,0,1
116057,0,0,0,0,0,0,0,0,1
116058,0,0,0,0,0,0,0,0,1
116059,0,0,0,0,0,0,0,0,1
116060,0,0,0,0,0,0,0,0,1
116061,0,0,0,0,0,0,0,0,1
116062,0,0,0,0,0,0,0,0,1
116063,0,0,0,0,0,0,0,0,1
116064,0,0,0,0,0,0,0,0,1
116065,0,0,0,0,0,0,0,0,1
116066,0,0,0,0,0,0,0,0,1
116067,0,0,0,0,0,0,0,0,1
116068,0,0,0,0,0,0,0,0,1
116069,0,0,0,0,0,0,0,0,1
116070,0,0,0,0,0,0,0,0,1
116071,0,0,0,0,0,0,0,0,1
116072,0,0,0,0,0,0,0,0,1
116073,0,0,0,0,0,0,0,0,1
116074,0,0,0,0,0,0,0,0,1
116075,0,0,0,0,0,0,0,0,1
116076,0,0,0,0,0,0,0,0,1
116077,0,0,0,0,0,0,0,0,1
116078,0,0,0,0,0,0,0,0,1
116079,0,0,0,0,0,0,0,0,1
116080,0,0,0,0,0,0,0,0,1
116081,0,0,0,0,0,0,0,0,1
116082,0,0,0,0,0,0,0,0,1
116083,0,0,0,0,0,0,0,0,1
116084,0,0,0,0,0,0,0,0,1
116085,0,0,0,0,0,0,0,0,1
116086,0,0,0,0,0,0,0,0,1
116087,0,0,0,0,0,0,0,0,1
116088,0,0,0,0,0,0,0,0,1
116089,0,0,0,0,0,0,0,0,1
116090,0,0,0,0,0,0,0,0,1
116091,0,0,0,0,0,0,0,0,1
116092,0,0,0,0,0,0,0,0,1
116093,0,0,0,0,0,0,0,0,1
116094,0,0,0,0,0,0,0,0,1
116095,0,0,0,0,0,0,0,0,1
116096,0,0,0,0,0,0,0,0,1
116097,0,0,0,0,0,0,0,0,1
116098,0,0,0,0,0,0,0,0,1
116099,0,0,0,0,0,0,0,0,1
116100,0,0,0,0,0,0,0,0,1
116101,0,0,0,0,0,0,0,0,1
116102,0,0,0,0,0,0,0,0,1
116103,0,0,0,0,0,0,0,0,1
116104,0,0,0,0,0,0,0,0,1
116105,0,0,0,0,0,0,0,0,1
116106,0,0,0,0,0,0,0,0,1
116107,0,0,0,0,0,0,0,0,1
116108,0,0,0,0,0,0,0,0,1
116109,0,0,0,0,0,0,0,0,1
116110,0,0,0,0,0,0,0,0,1
116111,0,0,0,0,0,0,0,0,1
116112,0,0,0,0,0,0,0,0,1
116113,0,0,0,0,0,0,0,0,1
116114,0,0,0,0,0,0,0,0,1
116115,0,0,0,0,0,0,0,0,1
116116,0,0,0,0,0,0,0,0,1
116117,0,0,0,0,0,0,0,0,1
116118,0,0,0,0,0,0,0,0,1
116119,0,0,0,0,0,0,0,0,1
116120,0,0,0,0,0,0,0,0,1
116121,0,0,0,0,0,0,0,0,1
116122,0,0,0,0,0,0,0,0,1
116123,0,0,0,0,0,0,0,0,1
116124,0,0,0,0,0,0,0,0,1
116125,0,0,0,0,0,0,0,0,1
116126,0,0,0,0,0,0,0,0,1
116127,0,0,0,0,0,0,0,0,1
116128,0,0,0,0,0,0,0,0,1
116129,0,0,0,0,0,0,0,0,1
116130,0,0,0,0,0,0,0,0,1
116131,0,0,0,0,0,0,0,0,1
116132,0,0,0,0,0,0,0,0,1
116133,0,0,0,0,0,0,0,0,1
116134,0,0,0,0,0,0,0,0,1
116135,0,0,0,0,0,0,0,0,1
116136,0,0,0,0,0,0,0,0,1
116137,0,0,0,0,0,0,0,0,1
116138,0,0,0,0,0,0,0,0,1
116139,0,0,0,0,0,0,0,0,1
116140,0,0,0,0,0,0,0,0,1
116141,0,0,0,0,0,0,0,0,1
116142,0,0,0,0,0,0,0,0,1
116143,0,0,0,0,0,0,0,0,1
116144,0,0,0,0,0,0,0,0,1
116145,0,0,0,0,0,0,0,0,1
116146,0,0,0,0,0,0,0,0,1
116147,0,0,0,0,0,0,0,0,1
116148,0,0,0,0,0,0,0,0,1
116149,0,0,0,0,0,0,0,0,1
116150,0,0,0,0,0,0,0,0,1
116151,0,0,0,0,0,0,0,0,1
116152,0,0,0,0,0,0,0,0,1
116153,0,0,0,0,0,0,0,0,1
116154,0,0,0,0,0,0,0,0,1
116155,0,0,0,0,0,0,0,0,1
116156,0,0,0,0,0,0,0,0,1
116157,0,0,0,0,0,0,0,0,1
116158,0,0,0,0,0,0,0,0,1
116159,0,0,0,0,0,0,0,0,1
116160,0,0,0,0,0,0,0,0,1
116161,0,0,0,0,0,0,0,0,1
116162,0,0,0,0,0,0,0,0,1
116163,0,0,0,0,0,0,0,0,1
116164,0,0,0,0,0,0,0,0,1
116165,0,0,0,0,0,0,0,0,1
116166,0,0,0,0,0,0,0,0,1
116167,0,0,0,0,0,0,0,0,1
116168,0,0,0,0,0,0,0,0,1
116169,0,0,0,0,0,0,0,0,1
116170,0,0,0,0,0,0,0,0,1
116171,0,0,0,0,0,0,0,0,1
116172,0,0,0,0,0,0,0,0,1
116173,0,0,0,0,0,0,0,0,1
116174,0,0,0,0,0,0,0,0,1
116175,0,0,0,0,0,0,0,0,1
116176,0,0,0,0,0,0,0,0,1
116177,0,0,0,0,0,0,0,0,1
116178,0,0,0,0,0,0,0,0,1
116179,0,0,0,0,0,0,0,0,1
116180,0,0,0,0,0,0,0,0,1
116181,0,0,0,0,0,0,0,0,1
116182,0,0,0,0,0,0,0,0,1
116183,0,0,0,0,0,0,0,0,1
116184,0,0,0,0,0,0,0,0,1
116185,0,0,0,0,0,0,0,0,1
116186,0,0,0,0,0,0,0,0,1
116187,0,0,0,0,0,0,0,0,1
116188,0,0,0,0,0,0,0,0,1
116189,0,0,0,0,0,0,0,0,1
116190,0,0,0,0,0,0,0,0,1
116191,0,0,0,0,0,0,0,0,1
116192,0,0,0,0,0,0,0,0,1
116193,0,0,0,0,0,0,0,0,1
116194,0,0,0,0,0,0,0,0,1
116195,0,0,0,0,0,0,0,0,1
116196,0,0,0,0,0,0,0,0,1
116197,0,0,0,0,0,0,0,0,1
116198,0,0,0,0,0,0,0,0,1
116199,0,0,0,0,0,0,0,0,1
116200,0,0,0,0,0,0,0,0,1
116201,0,0,0,0,0,0,0,0,1
116202,0,0,0,0,0,0,0,0,1
116203,0,0,0,0,0,0,0,0,1
116204,0,0,0,0,0,0,0,0,1
116205,0,0,0,0,0,0,0,0,1
116206,0,0,0,0,0,0,0,0,1
116207,0,0,0,0,0,0,0,0,1
116208,0,0,0,0,0,0,0,0,1
116209,0,0,0,0,0,0,0,0,1
116210,0,0,0,0,0,0,0,0,1
116211,0,0,0,0,0,0,0,0,1
116212,0,0,0,0,0,0,0,0,1
116213,0,0,0,0,0,0,0,0,1
116214,0,0,0,0,0,0,0,0,1
116215,0,0,0,0,0,0,0,0,1
116216,0,0,0,0,0,0,0,0,1
116217,0,0,0,0,0,0,0,0,1
116218,0,0,0,0,0,0,0,0,1
116219,0,0,0,0,0,0,0,0,1
116220,0,0,0,0,0,0,0,0,1
116221,0,0,0,0,0,0,0,0,1
116222,0,0,0,0,0,0,0,0,1
116223,0,0,0,0,0,0,0,0,1
116224,0,0,0,0,0,0,0,0,1
116225,0,0,0,0,0,0,0,0,1
116226,0,0,0,0,0,0,0,0,1
116227,0,0,0,0,0,0,0,0,1
116228,0,0,0,0,0,0,0,0,1
116229,0,0,0,0,0,0,0,0,1
116230,0,0,0,0,0,0,0,0,1
116231,0,0,0,0,0,0,0,0,1
116232,0,0,0,0,0,0,0,0,1
116233,0,0,0,0,0,0,0,0,1
116234,0,0,0,0,0,0,0,0,1
116235,0,0,0,0,0,0,0,0,1
116236,0,0,0,0,0,0,0,0,1
116237,0,0,0,0,0,0,0,0,1
116238,0,0,0,0,0,0,0,0,1
116239,0,0,0,0,0,0,0,0,1
116240,0,0,0,0,0,0,0,0,1
116241,0,0,0,0,0,0,0,0,1
116242,0,0,0,0,0,0,0,0,1
116243,0,0,0,0,0,0,0,0,1
116244,0,0,0,0,0,0,0,0,1
116245,0,0,0,0,0,0,0,0,1
116246,0,0,0,0,0,0,0,0,1
116247,0,0,0,0,0,0,0,0,1
116248,0,0,0,0,0,0,0,0,1
116249,0,0,0,0,0,0,0,0,1
116250,0,0,0,0,0,0,0,0,1
116251,0,0,0,0,0,0,0,0,1
116252,0,0,0,0,0,0,0,0,1
116253,0,0,0,0,0,0,0,0,1
116254,0,0,0,0,0,0,0,0,1
116255,0,0,0,0,0,0,0,0,1
116256,0,0,0,0,0,0,0,0,1
116257,0,0,0,0,0,0,0,0,1
116258,0,0,0,0,0,0,0,0,1
116259,0,0,0,0,0,0,0,0,1
116260,0,0,0,0,0,0,0,0,1
116261,0,0,0,0,0,0,0,0,1
116262,0,0,0,0,0,0,0,0,1
116263,0,0,0,0,0,0,0,0,1
116264,0,0,0,0,0,0,0,0,1
116265,0,0,0,0,0,0,0,0,1
116266,0,0,0,0,0,0,0,0,1
116267,0,0,0,0,0,0,0,0,1
116268,0,0,0,0,0,0,0,0,1
116269,0,0,0,0,0,0,0,0,1
116270,0,0,0,0,0,0,0,0,1
116271,0,0,0,0,0,0,0,0,1
116272,0,0,0,0,0,0,0,0,1
116273,0,0,0,0,0,0,0,0,1
116274,0,0,0,0,0,0,0,0,1
116275,0,0,0,0,0,0,0,0,1
116276,0,0,0,0,0,0,0,0,1
116277,0,0,0,0,0,0,0,0,1
116278,0,0,0,0,0,0,0,0,1
116279,0,0,0,0,0,0,0,0,1
116280,0,0,0,0,0,0,0,0,1
116281,0,0,0,0,0,0,0,0,1
116282,0,0,0,0,0,0,0,0,1
116283,0,0,0,0,0,0,0,0,1
116284,0,0,0,0,0,0,0,0,1
116285,0,0,0,0,0,0,0,0,1
116286,0,0,0,0,0,0,0,0,1
116287,0,0,0,0,0,0,0,0,1
116288,0,0,0,0,0,0,0,0,1
116289,0,0,0,0,0,0,0,0,1
116290,0,0,0,0,0,0,0,0,1
116291,0,0,0,0,0,0,0,0,1
116292,0,0,0,0,0,0,0,0,1
116293,0,0,0,0,0,0,0,0,1
116294,0,0,0,0,0,0,0,0,1
116295,0,0,0,0,0,0,0,0,1
116296,0,0,0,0,0,0,0,0,1
116297,0,0,0,0,0,0,0,0,1
116298,0,0,0,0,0,0,0,0,1
116299,0,0,0,0,0,0,0,0,1
116300,0,0,0,0,0,0,0,0,1
116301,0,0,0,0,0,0,0,0,1
116302,0,0,0,0,0,0,0,0,1
116303,0,0,0,0,0,0,0,0,1
116304,0,0,0,0,0,0,0,0,1
116305,0,0,0,0,0,0,0,0,1
116306,0,0,0,0,0,0,0,0,1
116307,0,0,0,0,0,0,0,0,1
116308,0,0,0,0,0,0,0,0,1
116309,0,0,0,0,0,0,0,0,1
116310,0,0,0,0,0,0,0,0,1
116311,0,0,0,0,0,0,0,0,1
116312,0,0,0,0,0,0,0,0,1
116313,0,0,0,0,0,0,0,0,1
116314,0,0,0,0,0,0,0,0,1
116315,0,0,0,0,0,0,0,0,1
116316,0,0,0,0,0,0,0,0,1
116317,0,0,0,0,0,0,0,0,1
116318,0,0,0,0,0,0,0,0,1
116319,0,0,0,0,0,0,0,0,1
116320,0,0,0,0,0,0,0,0,1
116321,0,0,0,0,0,0,0,0,1
116322,0,0,0,0,0,0,0,0,1
116323,0,0,0,0,0,0,0,0,1
116324,0,0,0,0,0,0,0,0,1
116325,0,0,0,0,0,0,0,0,1
116326,0,0,0,0,0,0,0,0,1
116327,0,0,0,0,0,0,0,0,1
116328,0,0,0,0,0,0,0,0,1
116329,0,0,0,0,0,0,0,0,1
116330,0,0,0,0,0,0,0,0,1
116331,0,0,0,0,0,0,0,0,1
116332,0,0,0,0,0,0,0,0,1
116333,0,0,0,0,0,0,0,0,1
116334,0,0,0,0,0,0,0,0,1
116335,0,0,0,0,0,0,0,0,1
116336,0,0,0,0,0,0,0,0,1
116337,0,0,0,0,0,0,0,0,1
116338,0,0,0,0,0,0,0,0,1
116339,0,0,0,0,0,0,0,0,1
116340,0,0,0,0,0,0,0,0,1
116341,0,0,0,0,0,0,0,0,1
116342,0,0,0,0,0,0,0,0,1
116343,0,0,0,0,0,0,0,0,1
116344,0,0,0,0,0,0,0,0,1
116345,0,0,0,0,0,0,0,0,1
116346,0,0,0,0,0,0,0,0,1
116347,0,0,0,0,0,0,0,0,1
116348,0,0,0,0,0,0,0,0,1
116349,0,0,0,0,0,0,0,0,1
116350,0,0,0,0,0,0,0,0,1
116351,0,0,0,0,0,0,0,0,1
116352,0,0,0,0,0,0,0,0,1
116353,0,0,0,0,0,0,0,0,1
116354,0,0,0,0,0,0,0,0,1
116355,0,0,0,0,0,0,0,0,1
116356,0,0,0,0,0,0,0,0,1
116357,0,0,0,0,0,0,0,0,1
116358,0,0,0,0,0,0,0,0,1
116359,0,0,0,0,0,0,0,0,1
116360,0,0,0,0,0,0,0,0,1
116361,0,0,0,0,0,0,0,0,1
116362,0,0,0,0,0,0,0,0,1
116363,0,0,0,0,0,0,0,0,1
116364,0,0,0,0,0,0,0,0,1
116365,0,0,0,0,0,0,0,0,1
116366,0,0,0,0,0,0,0,0,1
116367,0,0,0,0,0,0,0,0,1
116368,0,0,0,0,0,0,0,0,1
116369,0,0,0,0,0,0,0,0,1
116370,0,0,0,0,0,0,0,0,1
116371,0,0,0,0,0,0,0,0,1
116372,0,0,0,0,0,0,0,0,1
116373,0,0,0,0,0,0,0,0,1
116374,0,0,0,0,0,0,0,0,1
116375,0,0,0,0,0,0,0,0,1
116376,0,0,0,0,0,0,0,0,1
116377,0,0,0,0,0,0,0,0,1
116378,0,0,0,0,0,0,0,0,1
116379,0,0,0,0,0,0,0,0,1
116380,0,0,0,0,0,0,0,0,1
116381,0,0,0,0,0,0,0,0,1
116382,0,0,0,0,0,0,0,0,1
116383,0,0,0,0,0,0,0,0,1
116384,0,0,0,0,0,0,0,0,1
116385,0,0,0,0,0,0,0,0,1
116386,0,0,0,0,0,0,0,0,1
116387,0,0,0,0,0,0,0,0,1
116388,0,0,0,0,0,0,0,0,1
116389,0,0,0,0,0,0,0,0,1
116390,0,0,0,0,0,0,0,0,1
116391,0,0,0,0,0,0,0,0,1
116392,0,0,0,0,0,0,0,0,1
116393,0,0,0,0,0,0,0,0,1
116394,0,0,0,0,0,0,0,0,1
116395,0,0,0,0,0,0,0,0,1
116396,0,0,0,0,0,0,0,0,1
116397,0,0,0,0,0,0,0,0,1
116398,0,0,0,0,0,0,0,0,1
116399,0,0,0,0,0,0,0,0,1
116400,0,0,0,0,0,0,0,0,1
116401,0,0,0,0,0,0,0,0,1
116402,0,0,0,0,0,0,0,0,1
116403,0,0,0,0,0,0,0,0,1
116404,0,0,0,0,0,0,0,0,1
116405,0,0,0,0,0,0,0,0,1
116406,0,0,0,0,0,0,0,0,1
116407,0,0,0,0,0,0,0,0,1
116408,0,0,0,0,0,0,0,0,1
116409,0,0,0,0,0,0,0,0,1
116410,0,0,0,0,0,0,0,0,1
116411,0,0,0,0,0,0,0,0,1
116412,0,0,0,0,0,0,0,0,1
116413,0,0,0,0,0,0,0,0,1
116414,0,0,0,0,0,0,0,0,1
116415,0,0,0,0,0,0,0,0,1
116416,0,0,0,0,0,0,0,0,1
116417,0,0,0,0,0,0,0,0,1
116418,0,0,0,0,0,0,0,0,1
116419,0,0,0,0,0,0,0,0,1
116420,0,0,0,0,0,0,0,0,1
116421,0,0,0,0,0,0,0,0,1
116422,0,0,0,0,0,0,0,0,1
116423,0,0,0,0,0,0,0,0,1
116424,0,0,0,0,0,0,0,0,1
116425,0,0,0,0,0,0,0,0,1
116426,0,0,0,0,0,0,0,0,1
116427,0,0,0,0,0,0,0,0,1
116428,0,0,0,0,0,0,0,0,1
116429,0,0,0,0,0,0,0,0,1
116430,0,0,0,0,0,0,0,0,1
116431,0,0,0,0,0,0,0,0,1
116432,0,0,0,0,0,0,0,0,1
116433,0,0,0,0,0,0,0,0,1
116434,0,0,0,0,0,0,0,0,1
116435,0,0,0,0,0,0,0,0,1
116436,0,0,0,0,0,0,0,0,1
116437,0,0,0,0,0,0,0,0,1
116438,0,0,0,0,0,0,0,0,1
116439,0,0,0,0,0,0,0,0,1
116440,0,0,0,0,0,0,0,0,1
116441,0,0,0,0,0,0,0,0,1
116442,0,0,0,0,0,0,0,0,1
116443,0,0,0,0,0,0,0,0,1
116444,0,0,0,0,0,0,0,0,1
116445,0,0,0,0,0,0,0,0,1
116446,0,0,0,0,0,0,0,0,1
116447,0,0,0,0,0,0,0,0,1
116448,0,0,0,0,0,0,0,0,1
116449,0,0,0,0,0,0,0,0,1
116450,0,0,0,0,0,0,0,0,1
116451,0,0,0,0,0,0,0,0,1
116452,0,0,0,0,0,0,0,0,1
116453,0,0,0,0,0,0,0,0,1
116454,0,0,0,0,0,0,0,0,1
116455,0,0,0,0,0,0,0,0,1
116456,0,0,0,0,0,0,0,0,1
116457,0,0,0,0,0,0,0,0,1
116458,0,0,0,0,0,0,0,0,1
116459,0,0,0,0,0,0,0,0,1
116460,0,0,0,0,0,0,0,0,1
116461,0,0,0,0,0,0,0,0,1
116462,0,0,0,0,0,0,0,0,1
116463,0,0,0,0,0,0,0,0,1
116464,0,0,0,0,0,0,0,0,1
116465,0,0,0,0,0,0,0,0,1
116466,0,0,0,0,0,0,0,0,1
116467,0,0,0,0,0,0,0,0,1
116468,0,0,0,0,0,0,0,0,1
116469,0,0,0,0,0,0,0,0,1
116470,0,0,0,0,0,0,0,0,1
116471,0,0,0,0,0,0,0,0,1
116472,0,0,0,0,0,0,0,0,1
116473,0,0,0,0,0,0,0,0,1
116474,0,0,0,0,0,0,0,0,1
116475,0,0,0,0,0,0,0,0,1
116476,0,0,0,0,0,0,0,0,1
116477,0,0,0,0,0,0,0,0,1
116478,0,0,0,0,0,0,0,0,1
116479,0,0,0,0,0,0,0,0,1
116480,0,0,0,0,0,0,0,0,1
116481,0,0,0,0,0,0,0,0,1
116482,0,0,0,0,0,0,0,0,1
116483,0,0,0,0,0,0,0,0,1
116484,0,0,0,0,0,0,0,0,1
116485,0,0,0,0,0,0,0,0,1
116486,0,0,0,0,0,0,0,0,1
116487,0,0,0,0,0,0,0,0,1
116488,0,0,0,0,0,0,0,0,1
116489,0,0,0,0,0,0,0,0,1
116490,0,0,0,0,0,0,0,0,1
116491,0,0,0,0,0,0,0,0,1
116492,0,0,0,0,0,0,0,0,1
116493,0,0,0,0,0,0,0,0,1
116494,0,0,0,0,0,0,0,0,1
116495,0,0,0,0,0,0,0,0,1
116496,0,0,0,0,0,0,0,0,1
116497,0,0,0,0,0,0,0,0,1
116498,0,0,0,0,0,0,0,0,1
116499,0,0,0,0,0,0,0,0,1
116500,0,0,0,0,0,0,0,0,1
116501,0,0,0,0,0,0,0,0,1
116502,0,0,0,0,0,0,0,0,1
116503,0,0,0,0,0,0,0,0,1
116504,0,0,0,0,0,0,0,0,1
116505,0,0,0,0,0,0,0,0,1
116506,0,0,0,0,0,0,0,0,1
116507,0,0,0,0,0,0,0,0,1
116508,0,0,0,0,0,0,0,0,1
116509,0,0,0,0,0,0,0,0,1
116510,0,0,0,0,0,0,0,0,1
116511,0,0,0,0,0,0,0,0,1
116512,0,0,0,0,0,0,0,0,1
116513,0,0,0,0,0,0,0,0,1
116514,0,0,0,0,0,0,0,0,1
116515,0,0,0,0,0,0,0,0,1
116516,0,0,0,0,0,0,0,0,1
116517,0,0,0,0,0,0,0,0,1
116518,0,0,0,0,0,0,0,0,1
116519,0,0,0,0,0,0,0,0,1
116520,0,0,0,0,0,0,0,0,1
116521,0,0,0,0,0,0,0,0,1
116522,0,0,0,0,0,0,0,0,1
116523,0,0,0,0,0,0,0,0,1
116524,0,0,0,0,0,0,0,0,1
116525,0,0,0,0,0,0,0,0,1
116526,0,0,0,0,0,0,0,0,1
116527,0,0,0,0,0,0,0,0,1
116528,0,0,0,0,0,0,0,0,1
116529,0,0,0,0,0,0,0,0,1
116530,0,0,0,0,0,0,0,0,1
116531,0,0,0,0,0,0,0,0,1
116532,0,0,0,0,0,0,0,0,1
116533,0,0,0,0,0,0,0,0,1
116534,0,0,0,0,0,0,0,0,1
116535,0,0,0,0,0,0,0,0,1
116536,0,0,0,0,0,0,0,0,1
116537,0,0,0,0,0,0,0,0,1
116538,0,0,0,0,0,0,0,0,1
116539,0,0,0,0,0,0,0,0,1
116540,0,0,0,0,0,0,0,0,1
116541,0,0,0,0,0,0,0,0,1
116542,0,0,0,0,0,0,0,0,1
116543,0,0,0,0,0,0,0,0,1
116544,0,0,0,0,0,0,0,0,1
116545,0,0,0,0,0,0,0,0,1
116546,0,0,0,0,0,0,0,0,1
116547,0,0,0,0,0,0,0,0,1
116548,0,0,0,0,0,0,0,0,1
116549,0,0,0,0,0,0,0,0,1
116550,0,0,0,0,0,0,0,0,1
116551,0,0,0,0,0,0,0,0,1
116552,0,0,0,0,0,0,0,0,1
116553,0,0,0,0,0,0,0,0,1
116554,0,0,0,0,0,0,0,0,1
116555,0,0,0,0,0,0,0,0,1
116556,0,0,0,0,0,0,0,0,1
116557,0,0,0,0,0,0,0,0,1
116558,0,0,0,0,0,0,0,0,1
116559,0,0,0,0,0,0,0,0,1
116560,0,0,0,0,0,0,0,0,1
116561,0,0,0,0,0,0,0,0,1
116562,0,0,0,0,0,0,0,0,1
116563,0,0,0,0,0,0,0,0,1
116564,0,0,0,0,0,0,0,0,1
116565,0,0,0,0,0,0,0,0,1
116566,0,0,0,0,0,0,0,0,1
116567,0,0,0,0,0,0,0,0,1
116568,0,0,0,0,0,0,0,0,1
116569,0,0,0,0,0,0,0,0,1
116570,0,0,0,0,0,0,0,0,1
116571,0,0,0,0,0,0,0,0,1
116572,0,0,0,0,0,0,0,0,1
116573,0,0,0,0,0,0,0,0,1
116574,0,0,0,0,0,0,0,0,1
116575,0,0,0,0,0,0,0,0,1
116576,0,0,0,0,0,0,0,0,1
116577,0,0,0,0,0,0,0,0,1
116578,0,0,0,0,0,0,0,0,1
116579,0,0,0,0,0,0,0,0,1
116580,0,0,0,0,0,0,0,0,1
116581,0,0,0,0,0,0,0,0,1
116582,0,0,0,0,0,0,0,0,1
116583,0,0,0,0,0,0,0,0,1
116584,0,0,0,0,0,0,0,0,1
116585,0,0,0,0,0,0,0,0,1
116586,0,0,0,0,0,0,0,0,1
116587,0,0,0,0,0,0,0,0,1
116588,0,0,0,0,0,0,0,0,1
116589,0,0,0,0,0,0,0,0,1
116590,0,0,0,0,0,0,0,0,1
116591,0,0,0,0,0,0,0,0,1
116592,0,0,0,0,0,0,0,0,1
116593,0,0,0,0,0,0,0,0,1
116594,0,0,0,0,0,0,0,0,1
116595,0,0,0,0,0,0,0,0,1
116596,0,0,0,0,0,0,0,0,1
116597,0,0,0,0,0,0,0,0,1
116598,0,0,0,0,0,0,0,0,1
116599,0,0,0,0,0,0,0,0,1
116600,0,0,0,0,0,0,0,0,1
116601,0,0,0,0,0,0,0,0,1
116602,0,0,0,0,0,0,0,0,1
116603,0,0,0,0,0,0,0,0,1
116604,0,0,0,0,0,0,0,0,1
116605,0,0,0,0,0,0,0,0,1
116606,0,0,0,0,0,0,0,0,1
116607,0,0,0,0,0,0,0,0,1
116608,0,0,0,0,0,0,0,0,1
116609,0,0,0,0,0,0,0,0,1
116610,0,0,0,0,0,0,0,0,1
116611,0,0,0,0,0,0,0,0,1
116612,0,0,0,0,0,0,0,0,1
116613,0,0,0,0,0,0,0,0,1
116614,0,0,0,0,0,0,0,0,1
116615,0,0,0,0,0,0,0,0,1
116616,0,0,0,0,0,0,0,0,1
116617,0,0,0,0,0,0,0,0,1
116618,0,0,0,0,0,0,0,0,1
116619,0,0,0,0,0,0,0,0,1
116620,0,0,0,0,0,0,0,0,1
116621,0,0,0,0,0,0,0,0,1
116622,0,0,0,0,0,0,0,0,1
116623,0,0,0,0,0,0,0,0,1
116624,0,0,0,0,0,0,0,0,1
116625,0,0,0,0,0,0,0,0,1
116626,0,0,0,0,0,0,0,0,1
116627,0,0,0,0,0,0,0,0,1
116628,0,0,0,0,0,0,0,0,1
116629,0,0,0,0,0,0,0,0,1
116630,0,0,0,0,0,0,0,0,1
116631,0,0,0,0,0,0,0,0,1
116632,0,0,0,0,0,0,0,0,1
116633,0,0,0,0,0,0,0,0,1
116634,0,0,0,0,0,0,0,0,1
116635,0,0,0,0,0,0,0,0,1
116636,0,0,0,0,0,0,0,0,1
116637,0,0,0,0,0,0,0,0,1
116638,0,0,0,0,0,0,0,0,1
116639,0,0,0,0,0,0,0,0,1
116640,0,0,0,0,0,0,0,0,1
116641,0,0,0,0,0,0,0,0,1
116642,0,0,0,0,0,0,0,0,1
116643,0,0,0,0,0,0,0,0,1
116644,0,0,0,0,0,0,0,0,1
116645,0,0,0,0,0,0,0,0,1
116646,0,0,0,0,0,0,0,0,1
116647,0,0,0,0,0,0,0,0,1
116648,0,0,0,0,0,0,0,0,1
116649,0,0,0,0,0,0,0,0,1
116650,0,0,0,0,0,0,0,0,1
116651,0,0,0,0,0,0,0,0,1
116652,0,0,0,0,0,0,0,0,1
116653,0,0,0,0,0,0,0,0,1
116654,0,0,0,0,0,0,0,0,1
116655,0,0,0,0,0,0,0,0,1
116656,0,0,0,0,0,0,0,0,1
116657,0,0,0,0,0,0,0,0,1
116658,0,0,0,0,0,0,0,0,1
116659,0,0,0,0,0,0,0,0,1
116660,0,0,0,0,0,0,0,0,1
116661,0,0,0,0,0,0,0,0,1
116662,0,0,0,0,0,0,0,0,1
116663,0,0,0,0,0,0,0,0,1
116664,0,0,0,0,0,0,0,0,1
116665,0,0,0,0,0,0,0,0,1
116666,0,0,0,0,0,0,0,0,1
116667,0,0,0,0,0,0,0,0,1
116668,0,0,0,0,0,0,0,0,1
116669,0,0,0,0,0,0,0,0,1
116670,0,0,0,0,0,0,0,0,1
116671,0,0,0,0,0,0,0,0,1
116672,0,0,0,0,0,0,0,0,1
116673,0,0,0,0,0,0,0,0,1
116674,0,0,0,0,0,0,0,0,1
116675,0,0,0,0,0,0,0,0,1
116676,0,0,0,0,0,0,0,0,1
116677,0,0,0,0,0,0,0,0,1
116678,0,0,0,0,0,0,0,0,1
116679,0,0,0,0,0,0,0,0,1
116680,0,0,0,0,0,0,0,0,1
116681,0,0,0,0,0,0,0,0,1
116682,0,0,0,0,0,0,0,0,1
116683,0,0,0,0,0,0,0,0,1
116684,0,0,0,0,0,0,0,0,1
116685,0,0,0,0,0,0,0,0,1
116686,0,0,0,0,0,0,0,0,1
116687,0,0,0,0,0,0,0,0,1
116688,0,0,0,0,0,0,0,0,1
116689,0,0,0,0,0,0,0,0,1
116690,0,0,0,0,0,0,0,0,1
116691,0,0,0,0,0,0,0,0,1
116692,0,0,0,0,0,0,0,0,1
116693,0,0,0,0,0,0,0,0,1
116694,0,0,0,0,0,0,0,0,1
116695,0,0,0,0,0,0,0,0,1
116696,0,0,0,0,0,0,0,0,1
116697,0,0,0,0,0,0,0,0,1
116698,0,0,0,0,0,0,0,0,1
116699,0,0,0,0,0,0,0,0,1
116700,0,0,0,0,0,0,0,0,1
116701,0,0,0,0,0,0,0,0,1
116702,0,0,0,0,0,0,0,0,1
116703,0,0,0,0,0,0,0,0,1
116704,0,0,0,0,0,0,0,0,1
116705,0,0,0,0,0,0,0,0,1
116706,0,0,0,0,0,0,0,0,1
116707,0,0,0,0,0,0,0,0,1
116708,0,0,0,0,0,0,0,0,1
116709,0,0,0,0,0,0,0,0,1
116710,0,0,0,0,0,0,0,0,1
116711,0,0,0,0,0,0,0,0,1
116712,0,0,0,0,0,0,0,0,1
116713,0,0,0,0,0,0,0,0,1
116714,0,0,0,0,0,0,0,0,1
116715,0,0,0,0,0,0,0,0,1
116716,0,0,0,0,0,0,0,0,1
116717,0,0,0,0,0,0,0,0,1
116718,0,0,0,0,0,0,0,0,1
116719,0,0,0,0,0,0,0,0,1
116720,0,0,0,0,0,0,0,0,1
116721,0,0,0,0,0,0,0,0,1
116722,0,0,0,0,0,0,0,0,1
116723,0,0,0,0,0,0,0,0,1
116724,0,0,0,0,0,0,0,0,1
116725,0,0,0,0,0,0,0,0,1
116726,0,0,0,0,0,0,0,0,1
116727,0,0,0,0,0,0,0,0,1
116728,0,0,0,0,0,0,0,0,1
116729,0,0,0,0,0,0,0,0,1
116730,0,0,0,0,0,0,0,0,1
116731,0,0,0,0,0,0,0,0,1
116732,0,0,0,0,0,0,0,0,1
116733,0,0,0,0,0,0,0,0,1
116734,0,0,0,0,0,0,0,0,1
116735,0,0,0,0,0,0,0,0,1
116736,0,0,0,0,0,0,0,0,1
116737,0,0,0,0,0,0,0,0,1
116738,0,0,0,0,0,0,0,0,1
116739,0,0,0,0,0,0,0,0,1
116740,0,0,0,0,0,0,0,0,1
116741,0,0,0,0,0,0,0,0,1
116742,0,0,0,0,0,0,0,0,1
116743,0,0,0,0,0,0,0,0,1
116744,0,0,0,0,0,0,0,0,1
116745,0,0,0,0,0,0,0,0,1
116746,0,0,0,0,0,0,0,0,1
116747,0,0,0,0,0,0,0,0,1
116748,0,0,0,0,0,0,0,0,1
116749,0,0,0,0,0,0,0,0,1
116750,0,0,0,0,0,0,0,0,1
116751,0,0,0,0,0,0,0,0,1
116752,0,0,0,0,0,0,0,0,1
116753,0,0,0,0,0,0,0,0,1
116754,0,0,0,0,0,0,0,0,1
116755,0,0,0,0,0,0,0,0,1
116756,0,0,0,0,0,0,0,0,1
116757,0,0,0,0,0,0,0,0,1
116758,0,0,0,0,0,0,0,0,1
116759,0,0,0,0,0,0,0,0,1
116760,0,0,0,0,0,0,0,0,1
116761,0,0,0,0,0,0,0,0,1
116762,0,0,0,0,0,0,0,0,1
116763,0,0,0,0,0,0,0,0,1
116764,0,0,0,0,0,0,0,0,1
116765,0,0,0,0,0,0,0,0,1
116766,0,0,0,0,0,0,0,0,1
116767,0,0,0,0,0,0,0,0,1
116768,0,0,0,0,0,0,0,0,1
116769,0,0,0,0,0,0,0,0,1
116770,0,0,0,0,0,0,0,0,1
116771,0,0,0,0,0,0,0,0,1
116772,0,0,0,0,0,0,0,0,1
116773,0,0,0,0,0,0,0,0,1
116774,0,0,0,0,0,0,0,0,1
116775,0,0,0,0,0,0,0,0,1
116776,0,0,0,0,0,0,0,0,1
116777,0,0,0,0,0,0,0,0,1
116778,0,0,0,0,0,0,0,0,1
116779,0,0,0,0,0,0,0,0,1
116780,0,0,0,0,0,0,0,0,1
116781,0,0,0,0,0,0,0,0,1
116782,0,0,0,0,0,0,0,0,1
116783,0,0,0,0,0,0,0,0,1
116784,0,0,0,0,0,0,0,0,1
116785,0,0,0,0,0,0,0,0,1
116786,0,0,0,0,0,0,0,0,1
116787,0,0,0,0,0,0,0,0,1
116788,0,0,0,0,0,0,0,0,1
116789,0,0,0,0,0,0,0,0,1
116790,0,0,0,0,0,0,0,0,1
116791,0,0,0,0,0,0,0,0,1
116792,0,0,0,0,0,0,0,0,1
116793,0,0,0,0,0,0,0,0,1
116794,0,0,0,0,0,0,0,0,1
116795,0,0,0,0,0,0,0,0,1
116796,0,0,0,0,0,0,0,0,1
116797,0,0,0,0,0,0,0,0,1
116798,0,0,0,0,0,0,0,0,1
116799,0,0,0,0,0,0,0,0,1
116800,0,0,0,0,0,0,0,0,1
116801,0,0,0,0,0,0,0,0,1
116802,0,0,0,0,0,0,0,0,1
116803,0,0,0,0,0,0,0,0,1
116804,0,0,0,0,0,0,0,0,1
116805,0,0,0,0,0,0,0,0,1
116806,0,0,0,0,0,0,0,0,1
116807,0,0,0,0,0,0,0,0,1
116808,0,0,0,0,0,0,0,0,1
116809,0,0,0,0,0,0,0,0,1
116810,0,0,0,0,0,0,0,0,1
116811,0,0,0,0,0,0,0,0,1
116812,0,0,0,0,0,0,0,0,1
116813,0,0,0,0,0,0,0,0,1
116814,0,0,0,0,0,0,0,0,1
116815,0,0,0,0,0,0,0,0,1
116816,0,0,0,0,0,0,0,0,1
116817,0,0,0,0,0,0,0,0,1
116818,0,0,0,0,0,0,0,0,1
116819,0,0,0,0,0,0,0,0,1
116820,0,0,0,0,0,0,0,0,1
116821,0,0,0,0,0,0,0,0,1
116822,0,0,0,0,0,0,0,0,1
116823,0,0,0,0,0,0,0,0,1
116824,0,0,0,0,0,0,0,0,1
116825,0,0,0,0,0,0,0,0,1
116826,0,0,0,0,0,0,0,0,1
116827,0,0,0,0,0,0,0,0,1
116828,0,0,0,0,0,0,0,0,1
116829,0,0,0,0,0,0,0,0,1
116830,0,0,0,0,0,0,0,0,1
116831,0,0,0,0,0,0,0,0,1
116832,0,0,0,0,0,0,0,0,1
116833,0,0,0,0,0,0,0,0,1
116834,0,0,0,0,0,0,0,0,1
116835,0,0,0,0,0,0,0,0,1
116836,0,0,0,0,0,0,0,0,1
116837,0,0,0,0,0,0,0,0,1
116838,0,0,0,0,0,0,0,0,1
116839,0,0,0,0,0,0,0,0,1
116840,0,0,0,0,0,0,0,0,1
116841,0,0,0,0,0,0,0,0,1
116842,0,0,0,0,0,0,0,0,1
116843,0,0,0,0,0,0,0,0,1
116844,0,0,0,0,0,0,0,0,1
116845,0,0,0,0,0,0,0,0,1
116846,0,0,0,0,0,0,0,0,1
116847,0,0,0,0,0,0,0,0,1
116848,0,0,0,0,0,0,0,0,1
116849,0,0,0,0,0,0,0,0,1
116850,0,0,0,0,0,0,0,0,1
116851,0,0,0,0,0,0,0,0,1
116852,0,0,0,0,0,0,0,0,1
116853,0,0,0,0,0,0,0,0,1
116854,0,0,0,0,0,0,0,0,1
116855,0,0,0,0,0,0,0,0,1
116856,0,0,0,0,0,0,0,0,1
116857,0,0,0,0,0,0,0,0,1
116858,0,0,0,0,0,0,0,0,1
116859,0,0,0,0,0,0,0,0,1
116860,0,0,0,0,0,0,0,0,1
116861,0,0,0,0,0,0,0,0,1
116862,0,0,0,0,0,0,0,0,1
116863,0,0,0,0,0,0,0,0,1
116864,0,0,0,0,0,0,0,0,1
116865,0,0,0,0,0,0,0,0,1
116866,0,0,0,0,0,0,0,0,1
116867,0,0,0,0,0,0,0,0,1
116868,0,0,0,0,0,0,0,0,1
116869,0,0,0,0,0,0,0,0,1
116870,0,0,0,0,0,0,0,0,1
116871,0,0,0,0,0,0,0,0,1
116872,0,0,0,0,0,0,0,0,1
116873,0,0,0,0,0,0,0,0,1
116874,0,0,0,0,0,0,0,0,1
116875,0,0,0,0,0,0,0,0,1
116876,0,0,0,0,0,0,0,0,1
116877,0,0,0,0,0,0,0,0,1
116878,0,0,0,0,0,0,0,0,1
116879,0,0,0,0,0,0,0,0,1
116880,0,0,0,0,0,0,0,0,1
116881,0,0,0,0,0,0,0,0,1
116882,0,0,0,0,0,0,0,0,1
116883,0,0,0,0,0,0,0,0,1
116884,0,0,0,0,0,0,0,0,1
116885,0,0,0,0,0,0,0,0,1
116886,0,0,0,0,0,0,0,0,1
116887,0,0,0,0,0,0,0,0,1
116888,0,0,0,0,0,0,0,0,1
116889,0,0,0,0,0,0,0,0,1
116890,0,0,0,0,0,0,0,0,1
116891,0,0,0,0,0,0,0,0,1
116892,0,0,0,0,0,0,0,0,1
116893,0,0,0,0,0,0,0,0,1
116894,0,0,0,0,0,0,0,0,1
116895,0,0,0,0,0,0,0,0,1
116896,0,0,0,0,0,0,0,0,1
116897,0,0,0,0,0,0,0,0,1
116898,0,0,0,0,0,0,0,0,1
116899,0,0,0,0,0,0,0,0,1
116900,0,0,0,0,0,0,0,0,1
116901,0,0,0,0,0,0,0,0,1
116902,0,0,0,0,0,0,0,0,1
116903,0,0,0,0,0,0,0,0,1
116904,0,0,0,0,0,0,0,0,1
116905,0,0,0,0,0,0,0,0,1
116906,0,0,0,0,0,0,0,0,1
116907,0,0,0,0,0,0,0,0,1
116908,0,0,0,0,0,0,0,0,1
116909,0,0,0,0,0,0,0,0,1
116910,0,0,0,0,0,0,0,0,1
116911,0,0,0,0,0,0,0,0,1
116912,0,0,0,0,0,0,0,0,1
116913,0,0,0,0,0,0,0,0,1
116914,0,0,0,0,0,0,0,0,1
116915,0,0,0,0,0,0,0,0,1
116916,0,0,0,0,0,0,0,0,1
116917,0,0,0,0,0,0,0,0,1
116918,0,0,0,0,0,0,0,0,1
116919,0,0,0,0,0,0,0,0,1
116920,0,0,0,0,0,0,0,0,1
116921,0,0,0,0,0,0,0,0,1
116922,0,0,0,0,0,0,0,0,1
116923,0,0,0,0,0,0,0,0,1
116924,0,0,0,0,0,0,0,0,1
116925,0,0,0,0,0,0,0,0,1
116926,0,0,0,0,0,0,0,0,1
116927,0,0,0,0,0,0,0,0,1
116928,0,0,0,0,0,0,0,0,1
116929,0,0,0,0,0,0,0,0,1
116930,0,0,0,0,0,0,0,0,1
116931,0,0,0,0,0,0,0,0,1
116932,0,0,0,0,0,0,0,0,1
116933,0,0,0,0,0,0,0,0,1
116934,0,0,0,0,0,0,0,0,1
116935,0,0,0,0,0,0,0,0,1
116936,0,0,0,0,0,0,0,0,1
116937,0,0,0,0,0,0,0,0,1
116938,0,0,0,0,0,0,0,0,1
116939,0,0,0,0,0,0,0,0,1
116940,0,0,0,0,0,0,0,0,1
116941,0,0,0,0,0,0,0,0,1
116942,0,0,0,0,0,0,0,0,1
116943,0,0,0,0,0,0,0,0,1
116944,0,0,0,0,0,0,0,0,1
116945,0,0,0,0,0,0,0,0,1
116946,0,0,0,0,0,0,0,0,1
116947,0,0,0,0,0,0,0,0,1
116948,0,0,0,0,0,0,0,0,1
116949,0,0,0,0,0,0,0,0,1
116950,0,0,0,0,0,0,0,0,1
116951,0,0,0,0,0,0,0,0,1
116952,0,0,0,0,0,0,0,0,1
116953,0,0,0,0,0,0,0,0,1
116954,0,0,0,0,0,0,0,0,1
116955,0,0,0,0,0,0,0,0,1
116956,0,0,0,0,0,0,0,0,1
116957,0,0,0,0,0,0,0,0,1
116958,0,0,0,0,0,0,0,0,1
116959,0,0,0,0,0,0,0,0,1
116960,0,0,0,0,0,0,0,0,1
116961,0,0,0,0,0,0,0,0,1
116962,0,0,0,0,0,0,0,0,1
116963,0,0,0,0,0,0,0,0,1
116964,0,0,0,0,0,0,0,0,1
116965,0,0,0,0,0,0,0,0,1
116966,0,0,0,0,0,0,0,0,1
116967,0,0,0,0,0,0,0,0,1
116968,0,0,0,0,0,0,0,0,1
116969,0,0,0,0,0,0,0,0,1
116970,0,0,0,0,0,0,0,0,1
116971,0,0,0,0,0,0,0,0,1
116972,0,0,0,0,0,0,0,0,1
116973,0,0,0,0,0,0,0,0,1
116974,0,0,0,0,0,0,0,0,1
116975,0,0,0,0,0,0,0,0,1
116976,0,0,0,0,0,0,0,0,1
116977,0,0,0,0,0,0,0,0,1
116978,0,0,0,0,0,0,0,0,1
116979,0,0,0,0,0,0,0,0,1
116980,0,0,0,0,0,0,0,0,1
116981,0,0,0,0,0,0,0,0,1
116982,0,0,0,0,0,0,0,0,1
116983,0,0,0,0,0,0,0,0,1
116984,0,0,0,0,0,0,0,0,1
116985,0,0,0,0,0,0,0,0,1
116986,0,0,0,0,0,0,0,0,1
116987,0,0,0,0,0,0,0,0,1
116988,0,0,0,0,0,0,0,0,1
116989,0,0,0,0,0,0,0,0,1
116990,0,0,0,0,0,0,0,0,1
116991,0,0,0,0,0,0,0,0,1
116992,0,0,0,0,0,0,0,0,1
116993,0,0,0,0,0,0,0,0,1
116994,0,0,0,0,0,0,0,0,1
116995,0,0,0,0,0,0,0,0,1
116996,0,0,0,0,0,0,0,0,1
116997,0,0,0,0,0,0,0,0,1
116998,0,0,0,0,0,0,0,0,1
116999,0,0,0,0,0,0,0,0,1
117000,0,0,0,0,0,0,0,0,1
117001,0,0,0,0,0,0,0,0,1
117002,0,0,0,0,0,0,0,0,1
117003,0,0,0,0,0,0,0,0,1
117004,0,0,0,0,0,0,0,0,1
117005,0,0,0,0,0,0,0,0,1
117006,0,0,0,0,0,0,0,0,1
117007,0,0,0,0,0,0,0,0,1
117008,0,0,0,0,0,0,0,0,1
117009,0,0,0,0,0,0,0,0,1
117010,0,0,0,0,0,0,0,0,1
117011,0,0,0,0,0,0,0,0,1
117012,0,0,0,0,0,0,0,0,1
117013,0,0,0,0,0,0,0,0,1
117014,0,0,0,0,0,0,0,0,1
117015,0,0,0,0,0,0,0,0,1
117016,0,0,0,0,0,0,0,0,1
117017,0,0,0,0,0,0,0,0,1
117018,0,0,0,0,0,0,0,0,1
117019,0,0,0,0,0,0,0,0,1
117020,0,0,0,0,0,0,0,0,1
117021,0,0,0,0,0,0,0,0,1
117022,0,0,0,0,0,0,0,0,1
117023,0,0,0,0,0,0,0,0,1
117024,0,0,0,0,0,0,0,0,1
117025,0,0,0,0,0,0,0,0,1
117026,0,0,0,0,0,0,0,0,1
117027,0,0,0,0,0,0,0,0,1
117028,0,0,0,0,0,0,0,0,1
117029,0,0,0,0,0,0,0,0,1
117030,0,0,0,0,0,0,0,0,1
117031,0,0,0,0,0,0,0,0,1
117032,0,0,0,0,0,0,0,0,1
117033,0,0,0,0,0,0,0,0,1
117034,0,0,0,0,0,0,0,0,1
117035,0,0,0,0,0,0,0,0,1
117036,0,0,0,0,0,0,0,0,1
117037,0,0,0,0,0,0,0,0,1
117038,0,0,0,0,0,0,0,0,1
117039,0,0,0,0,0,0,0,0,1
117040,0,0,0,0,0,0,0,0,1
117041,0,0,0,0,0,0,0,0,1
117042,0,0,0,0,0,0,0,0,1
117043,0,0,0,0,0,0,0,0,1
117044,0,0,0,0,0,0,0,0,1
117045,0,0,0,0,0,0,0,0,1
117046,0,0,0,0,0,0,0,0,1
117047,0,0,0,0,0,0,0,0,1
117048,0,0,0,0,0,0,0,0,1
117049,0,0,0,0,0,0,0,0,1
117050,0,0,0,0,0,0,0,0,1
117051,0,0,0,0,0,0,0,0,1
117052,0,0,0,0,0,0,0,0,1
117053,0,0,0,0,0,0,0,0,1
117054,0,0,0,0,0,0,0,0,1
117055,0,0,0,0,0,0,0,0,1
117056,0,0,0,0,0,0,0,0,1
117057,0,0,0,0,0,0,0,0,1
117058,0,0,0,0,0,0,0,0,1
117059,0,0,0,0,0,0,0,0,1
117060,0,0,0,0,0,0,0,0,1
117061,0,0,0,0,0,0,0,0,1
117062,0,0,0,0,0,0,0,0,1
117063,0,0,0,0,0,0,0,0,1
117064,0,0,0,0,0,0,0,0,1
117065,0,0,0,0,0,0,0,0,1
117066,0,0,0,0,0,0,0,0,1
117067,0,0,0,0,0,0,0,0,1
117068,0,0,0,0,0,0,0,0,1
117069,0,0,0,0,0,0,0,0,1
117070,0,0,0,0,0,0,0,0,1
117071,0,0,0,0,0,0,0,0,1
117072,0,0,0,0,0,0,0,0,1
117073,0,0,0,0,0,0,0,0,1
117074,0,0,0,0,0,0,0,0,1
117075,0,0,0,0,0,0,0,0,1
117076,0,0,0,0,0,0,0,0,1
117077,0,0,0,0,0,0,0,0,1
117078,0,0,0,0,0,0,0,0,1
117079,0,0,0,0,0,0,0,0,1
117080,0,0,0,0,0,0,0,0,1
117081,0,0,0,0,0,0,0,0,1
117082,0,0,0,0,0,0,0,0,1
117083,0,0,0,0,0,0,0,0,1
117084,0,0,0,0,0,0,0,0,1
117085,0,0,0,0,0,0,0,0,1
117086,0,0,0,0,0,0,0,0,1
117087,0,0,0,0,0,0,0,0,1
117088,0,0,0,0,0,0,0,0,1
117089,0,0,0,0,0,0,0,0,1
117090,0,0,0,0,0,0,0,0,1
117091,0,0,0,0,0,0,0,0,1
117092,0,0,0,0,0,0,0,0,1
117093,0,0,0,0,0,0,0,0,1
117094,0,0,0,0,0,0,0,0,1
117095,0,0,0,0,0,0,0,0,1
117096,0,0,0,0,0,0,0,0,1
117097,0,0,0,0,0,0,0,0,1
117098,0,0,0,0,0,0,0,0,1
117099,0,0,0,0,0,0,0,0,1
117100,0,0,0,0,0,0,0,0,1
117101,0,0,0,0,0,0,0,0,1
117102,0,0,0,0,0,0,0,0,1
117103,0,0,0,0,0,0,0,0,1
117104,0,0,0,0,0,0,0,0,1
117105,0,0,0,0,0,0,0,0,1
117106,0,0,0,0,0,0,0,0,1
117107,0,0,0,0,0,0,0,0,1
117108,0,0,0,0,0,0,0,0,1
117109,0,0,0,0,0,0,0,0,1
117110,0,0,0,0,0,0,0,0,1
117111,0,0,0,0,0,0,0,0,1
117112,0,0,0,0,0,0,0,0,1
117113,0,0,0,0,0,0,0,0,1
117114,0,0,0,0,0,0,0,0,1
117115,0,0,0,0,0,0,0,0,1
117116,0,0,0,0,0,0,0,0,1
117117,0,0,0,0,0,0,0,0,1
117118,0,0,0,0,0,0,0,0,1
117119,0,0,0,0,0,0,0,0,1
117120,0,0,0,0,0,0,0,0,1
117121,0,0,0,0,0,0,0,0,1
117122,0,0,0,0,0,0,0,0,1
117123,0,0,0,0,0,0,0,0,1
117124,0,0,0,0,0,0,0,0,1
117125,0,0,0,0,0,0,0,0,1
117126,0,0,0,0,0,0,0,0,1
117127,0,0,0,0,0,0,0,0,1
117128,0,0,0,0,0,0,0,0,1
117129,0,0,0,0,0,0,0,0,1
117130,0,0,0,0,0,0,0,0,1
117131,0,0,0,0,0,0,0,0,1
117132,0,0,0,0,0,0,0,0,1
117133,0,0,0,0,0,0,0,0,1
117134,0,0,0,0,0,0,0,0,1
117135,0,0,0,0,0,0,0,0,1
117136,0,0,0,0,0,0,0,0,1
117137,0,0,0,0,0,0,0,0,1
117138,0,0,0,0,0,0,0,0,1
117139,0,0,0,0,0,0,0,0,1
117140,0,0,0,0,0,0,0,0,1
117141,0,0,0,0,0,0,0,0,1
117142,0,0,0,0,0,0,0,0,1
117143,0,0,0,0,0,0,0,0,1
117144,0,0,0,0,0,0,0,0,1
117145,0,0,0,0,0,0,0,0,1
117146,0,0,0,0,0,0,0,0,1
117147,0,0,0,0,0,0,0,0,1
117148,0,0,0,0,0,0,0,0,1
117149,0,0,0,0,0,0,0,0,1
117150,0,0,0,0,0,0,0,0,1
117151,0,0,0,0,0,0,0,0,1
117152,0,0,0,0,0,0,0,0,1
117153,0,0,0,0,0,0,0,0,1
117154,0,0,0,0,0,0,0,0,1
117155,0,0,0,0,0,0,0,0,1
117156,0,0,0,0,0,0,0,0,1
117157,0,0,0,0,0,0,0,0,1
117158,0,0,0,0,0,0,0,0,1
117159,0,0,0,0,0,0,0,0,1
117160,0,0,0,0,0,0,0,0,1
117161,0,0,0,0,0,0,0,0,1
117162,0,0,0,0,0,0,0,0,1
117163,0,0,0,0,0,0,0,0,1
117164,0,0,0,0,0,0,0,0,1
117165,0,0,0,0,0,0,0,0,1
117166,0,0,0,0,0,0,0,0,1
117167,0,0,0,0,0,0,0,0,1
117168,0,0,0,0,0,0,0,0,1
117169,0,0,0,0,0,0,0,0,1
117170,0,0,0,0,0,0,0,0,1
117171,0,0,0,0,0,0,0,0,1
117172,0,0,0,0,0,0,0,0,1
117173,0,0,0,0,0,0,0,0,1
117174,0,0,0,0,0,0,0,0,1
117175,0,0,0,0,0,0,0,0,1
117176,0,0,0,0,0,0,0,0,1
117177,0,0,0,0,0,0,0,0,1
117178,0,0,0,0,0,0,0,0,1
117179,0,0,0,0,0,0,0,0,1
117180,0,0,0,0,0,0,0,0,1
117181,0,0,0,0,0,0,0,0,1
117182,0,0,0,0,0,0,0,0,1
117183,0,0,0,0,0,0,0,0,1
117184,0,0,0,0,0,0,0,0,1
117185,0,0,0,0,0,0,0,0,1
117186,0,0,0,0,0,0,0,0,1
117187,0,0,0,0,0,0,0,0,1
117188,0,0,0,0,0,0,0,0,1
117189,0,0,0,0,0,0,0,0,1
117190,0,0,0,0,0,0,0,0,1
117191,0,0,0,0,0,0,0,0,1
117192,0,0,0,0,0,0,0,0,1
117193,0,0,0,0,0,0,0,0,1
117194,0,0,0,0,0,0,0,0,1
117195,0,0,0,0,0,0,0,0,1
117196,0,0,0,0,0,0,0,0,1
117197,0,0,0,0,0,0,0,0,1
117198,0,0,0,0,0,0,0,0,1
117199,0,0,0,0,0,0,0,0,1
117200,0,0,0,0,0,0,0,0,1
117201,0,0,0,0,0,0,0,0,1
117202,0,0,0,0,0,0,0,0,1
117203,0,0,0,0,0,0,0,0,1
117204,0,0,0,0,0,0,0,0,1
117205,0,0,0,0,0,0,0,0,1
117206,0,0,0,0,0,0,0,0,1
117207,0,0,0,0,0,0,0,0,1
117208,0,0,0,0,0,0,0,0,1
117209,0,0,0,0,0,0,0,0,1
117210,0,0,0,0,0,0,0,0,1
117211,0,0,0,0,0,0,0,0,1
117212,0,0,0,0,0,0,0,0,1
117213,0,0,0,0,0,0,0,0,1
117214,0,0,0,0,0,0,0,0,1
117215,0,0,0,0,0,0,0,0,1
117216,0,0,0,0,0,0,0,0,1
117217,0,0,0,0,0,0,0,0,1
117218,0,0,0,0,0,0,0,0,1
117219,0,0,0,0,0,0,0,0,1
117220,0,0,0,0,0,0,0,0,1
117221,0,0,0,0,0,0,0,0,1
117222,0,0,0,0,0,0,0,0,1
117223,0,0,0,0,0,0,0,0,1
117224,0,0,0,0,0,0,0,0,1
117225,0,0,0,0,0,0,0,0,1
117226,0,0,0,0,0,0,0,0,1
117227,0,0,0,0,0,0,0,0,1
117228,0,0,0,0,0,0,0,0,1
117229,0,0,0,0,0,0,0,0,1
117230,0,0,0,0,0,0,0,0,1
117231,0,0,0,0,0,0,0,0,1
117232,0,0,0,0,0,0,0,0,1
117233,0,0,0,0,0,0,0,0,1
117234,0,0,0,0,0,0,0,0,1
117235,0,0,0,0,0,0,0,0,1
117236,0,0,0,0,0,0,0,0,1
117237,0,0,0,0,0,0,0,0,1
117238,0,0,0,0,0,0,0,0,1
117239,0,0,0,0,0,0,0,0,1
117240,0,0,0,0,0,0,0,0,1
117241,0,0,0,0,0,0,0,0,1
117242,0,0,0,0,0,0,0,0,1
117243,0,0,0,0,0,0,0,0,1
117244,0,0,0,0,0,0,0,0,1
117245,0,0,0,0,0,0,0,0,1
117246,0,0,0,0,0,0,0,0,1
117247,0,0,0,0,0,0,0,0,1
117248,0,0,0,0,0,0,0,0,1
117249,0,0,0,0,0,0,0,0,1
117250,0,0,0,0,0,0,0,0,1
117251,0,0,0,0,0,0,0,0,1
117252,0,0,0,0,0,0,0,0,1
117253,0,0,0,0,0,0,0,0,1
117254,0,0,0,0,0,0,0,0,1
117255,0,0,0,0,0,0,0,0,1
117256,0,0,0,0,0,0,0,0,1
117257,0,0,0,0,0,0,0,0,1
117258,0,0,0,0,0,0,0,0,1
117259,0,0,0,0,0,0,0,0,1
117260,0,0,0,0,0,0,0,0,1
117261,0,0,0,0,0,0,0,0,1
117262,0,0,0,0,0,0,0,0,1
117263,0,0,0,0,0,0,0,0,1
117264,0,0,0,0,0,0,0,0,1
117265,0,0,0,0,0,0,0,0,1
117266,0,0,0,0,0,0,0,0,1
117267,0,0,0,0,0,0,0,0,1
117268,0,0,0,0,0,0,0,0,1
117269,0,0,0,0,0,0,0,0,1
117270,0,0,0,0,0,0,0,0,1
117271,0,0,0,0,0,0,0,0,1
117272,0,0,0,0,0,0,0,0,1
117273,0,0,0,0,0,0,0,0,1
117274,0,0,0,0,0,0,0,0,1
117275,0,0,0,0,0,0,0,0,1
117276,0,0,0,0,0,0,0,0,1
117277,0,0,0,0,0,0,0,0,1
117278,0,0,0,0,0,0,0,0,1
117279,0,0,0,0,0,0,0,0,1
117280,0,0,0,0,0,0,0,0,1
117281,0,0,0,0,0,0,0,0,1
117282,0,0,0,0,0,0,0,0,1
117283,0,0,0,0,0,0,0,0,1
117284,0,0,0,0,0,0,0,0,1
117285,0,0,0,0,0,0,0,0,1
117286,0,0,0,0,0,0,0,0,1
117287,0,0,0,0,0,0,0,0,1
117288,0,0,0,0,0,0,0,0,1
117289,0,0,0,0,0,0,0,0,1
117290,0,0,0,0,0,0,0,0,1
117291,0,0,0,0,0,0,0,0,1
117292,0,0,0,0,0,0,0,0,1
117293,0,0,0,0,0,0,0,0,1
117294,0,0,0,0,0,0,0,0,1
117295,0,0,0,0,0,0,0,0,1
117296,0,0,0,0,0,0,0,0,1
117297,0,0,0,0,0,0,0,0,1
117298,0,0,0,0,0,0,0,0,1
117299,0,0,0,0,0,0,0,0,1
117300,0,0,0,0,0,0,0,0,1
117301,0,0,0,0,0,0,0,0,1
117302,0,0,0,0,0,0,0,0,1
117303,0,0,0,0,0,0,0,0,1
117304,0,0,0,0,0,0,0,0,1
117305,0,0,0,0,0,0,0,0,1
117306,0,0,0,0,0,0,0,0,1
117307,0,0,0,0,0,0,0,0,1
117308,0,0,0,0,0,0,0,0,1
117309,0,0,0,0,0,0,0,0,1
117310,0,0,0,0,0,0,0,0,1
117311,0,0,0,0,0,0,0,0,1
117312,0,0,0,0,0,0,0,0,1
117313,0,0,0,0,0,0,0,0,1
117314,0,0,0,0,0,0,0,0,1
117315,0,0,0,0,0,0,0,0,1
117316,0,0,0,0,0,0,0,0,1
117317,0,0,0,0,0,0,0,0,1
117318,0,0,0,0,0,0,0,0,1
117319,0,0,0,0,0,0,0,0,1
117320,0,0,0,0,0,0,0,0,1
117321,0,0,0,0,0,0,0,0,1
117322,0,0,0,0,0,0,0,0,1
117323,0,0,0,0,0,0,0,0,1
117324,0,0,0,0,0,0,0,0,1
117325,0,0,0,0,0,0,0,0,1
117326,0,0,0,0,0,0,0,0,1
117327,0,0,0,0,0,0,0,0,1
117328,0,0,0,0,0,0,0,0,1
117329,0,0,0,0,0,0,0,0,1
117330,0,0,0,0,0,0,0,0,1
117331,0,0,0,0,0,0,0,0,1
117332,0,0,0,0,0,0,0,0,1
117333,0,0,0,0,0,0,0,0,1
117334,0,0,0,0,0,0,0,0,1
117335,0,0,0,0,0,0,0,0,1
117336,0,0,0,0,0,0,0,0,1
117337,0,0,0,0,0,0,0,0,1
117338,0,0,0,0,0,0,0,0,1
117339,0,0,0,0,0,0,0,0,1
117340,0,0,0,0,0,0,0,0,1
117341,0,0,0,0,0,0,0,0,1
117342,0,0,0,0,0,0,0,0,1
117343,0,0,0,0,0,0,0,0,1
117344,0,0,0,0,0,0,0,0,1
117345,0,0,0,0,0,0,0,0,1
117346,0,0,0,0,0,0,0,0,1
117347,0,0,0,0,0,0,0,0,1
117348,0,0,0,0,0,0,0,0,1
117349,0,0,0,0,0,0,0,0,1
117350,0,0,0,0,0,0,0,0,1
117351,0,0,0,0,0,0,0,0,1
117352,0,0,0,0,0,0,0,0,1
117353,0,0,0,0,0,0,0,0,1
117354,0,0,0,0,0,0,0,0,1
117355,0,0,0,0,0,0,0,0,1
117356,0,0,0,0,0,0,0,0,1
117357,0,0,0,0,0,0,0,0,1
117358,0,0,0,0,0,0,0,0,1
117359,0,0,0,0,0,0,0,0,1
117360,0,0,0,0,0,0,0,0,1
117361,0,0,0,0,0,0,0,0,1
117362,0,0,0,0,0,0,0,0,1
117363,0,0,0,0,0,0,0,0,1
117364,0,0,0,0,0,0,0,0,1
117365,0,0,0,0,0,0,0,0,1
117366,0,0,0,0,0,0,0,0,1
117367,0,0,0,0,0,0,0,0,1
117368,0,0,0,0,0,0,0,0,1
117369,0,0,0,0,0,0,0,0,1
117370,0,0,0,0,0,0,0,0,1
117371,0,0,0,0,0,0,0,0,1
117372,0,0,0,0,0,0,0,0,1
117373,0,0,0,0,0,0,0,0,1
117374,0,0,0,0,0,0,0,0,1
117375,0,0,0,0,0,0,0,0,1
117376,0,0,0,0,0,0,0,0,1
117377,0,0,0,0,0,0,0,0,1
117378,0,0,0,0,0,0,0,0,1
117379,0,0,0,0,0,0,0,0,1
117380,0,0,0,0,0,0,0,0,1
117381,0,0,0,0,0,0,0,0,1
117382,0,0,0,0,0,0,0,0,1
117383,0,0,0,0,0,0,0,0,1
117384,0,0,0,0,0,0,0,0,1
117385,0,0,0,0,0,0,0,0,1
117386,0,0,0,0,0,0,0,0,1
117387,0,0,0,0,0,0,0,0,1
117388,0,0,0,0,0,0,0,0,1
117389,0,0,0,0,0,0,0,0,1
117390,0,0,0,0,0,0,0,0,1
117391,0,0,0,0,0,0,0,0,1
117392,0,0,0,0,0,0,0,0,1
117393,0,0,0,0,0,0,0,0,1
117394,0,0,0,0,0,0,0,0,1
117395,0,0,0,0,0,0,0,0,1
117396,0,0,0,0,0,0,0,0,1
117397,0,0,0,0,0,0,0,0,1
117398,0,0,0,0,0,0,0,0,1
117399,0,0,0,0,0,0,0,0,1
117400,0,0,0,0,0,0,0,0,1
117401,0,0,0,0,0,0,0,0,1
117402,0,0,0,0,0,0,0,0,1
117403,0,0,0,0,0,0,0,0,1
117404,0,0,0,0,0,0,0,0,1
117405,0,0,0,0,0,0,0,0,1
117406,0,0,0,0,0,0,0,0,1
117407,0,0,0,0,0,0,0,0,1
117408,0,0,0,0,0,0,0,0,1
117409,0,0,0,0,0,0,0,0,1
117410,0,0,0,0,0,0,0,0,1
117411,0,0,0,0,0,0,0,0,1
117412,0,0,0,0,0,0,0,0,1
117413,0,0,0,0,0,0,0,0,1
117414,0,0,0,0,0,0,0,0,1
117415,0,0,0,0,0,0,0,0,1
117416,0,0,0,0,0,0,0,0,1
117417,0,0,0,0,0,0,0,0,1
117418,0,0,0,0,0,0,0,0,1
117419,0,0,0,0,0,0,0,0,1
117420,0,0,0,0,0,0,0,0,1
117421,0,0,0,0,0,0,0,0,1
117422,0,0,0,0,0,0,0,0,1
117423,0,0,0,0,0,0,0,0,1
117424,0,0,0,0,0,0,0,0,1
117425,0,0,0,0,0,0,0,0,1
117426,0,0,0,0,0,0,0,0,1
117427,0,0,0,0,0,0,0,0,1
117428,0,0,0,0,0,0,0,0,1
117429,0,0,0,0,0,0,0,0,1
117430,0,0,0,0,0,0,0,0,1
117431,0,0,0,0,0,0,0,0,1
117432,0,0,0,0,0,0,0,0,1
117433,0,0,0,0,0,0,0,0,1
117434,0,0,0,0,0,0,0,0,1
117435,0,0,0,0,0,0,0,0,1
117436,0,0,0,0,0,0,0,0,1
117437,0,0,0,0,0,0,0,0,1
117438,0,0,0,0,0,0,0,0,1
117439,0,0,0,0,0,0,0,0,1
117440,0,0,0,0,0,0,0,0,1
117441,0,0,0,0,0,0,0,0,1
117442,0,0,0,0,0,0,0,0,1
117443,0,0,0,0,0,0,0,0,1
117444,0,0,0,0,0,0,0,0,1
117445,0,0,0,0,0,0,0,0,1
117446,0,0,0,0,0,0,0,0,1
117447,0,0,0,0,0,0,0,0,1
117448,0,0,0,0,0,0,0,0,1
117449,0,0,0,0,0,0,0,0,1
117450,0,0,0,0,0,0,0,0,1
117451,0,0,0,0,0,0,0,0,1
117452,0,0,0,0,0,0,0,0,1
117453,0,0,0,0,0,0,0,0,1
117454,0,0,0,0,0,0,0,0,1
117455,0,0,0,0,0,0,0,0,1
117456,0,0,0,0,0,0,0,0,1
117457,0,0,0,0,0,0,0,0,1
117458,0,0,0,0,0,0,0,0,1
117459,0,0,0,0,0,0,0,0,1
117460,0,0,0,0,0,0,0,0,1
117461,0,0,0,0,0,0,0,0,1
117462,0,0,0,0,0,0,0,0,1
117463,0,0,0,0,0,0,0,0,1
117464,0,0,0,0,0,0,0,0,1
117465,0,0,0,0,0,0,0,0,1
117466,0,0,0,0,0,0,0,0,1
117467,0,0,0,0,0,0,0,0,1
117468,0,0,0,0,0,0,0,0,1
117469,0,0,0,0,0,0,0,0,1
117470,0,0,0,0,0,0,0,0,1
117471,0,0,0,0,0,0,0,0,1
117472,0,0,0,0,0,0,0,0,1
117473,0,0,0,0,0,0,0,0,1
117474,0,0,0,0,0,0,0,0,1
117475,0,0,0,0,0,0,0,0,1
117476,0,0,0,0,0,0,0,0,1
117477,0,0,0,0,0,0,0,0,1
117478,0,0,0,0,0,0,0,0,1
117479,0,0,0,0,0,0,0,0,1
117480,0,0,0,0,0,0,0,0,1
117481,0,0,0,0,0,0,0,0,1
117482,0,0,0,0,0,0,0,0,1
117483,0,0,0,0,0,0,0,0,1
117484,0,0,0,0,0,0,0,0,1
117485,0,0,0,0,0,0,0,0,1
117486,0,0,0,0,0,0,0,0,1
117487,0,0,0,0,0,0,0,0,1
117488,0,0,0,0,0,0,0,0,1
117489,0,0,0,0,0,0,0,0,1
117490,0,0,0,0,0,0,0,0,1
117491,0,0,0,0,0,0,0,0,1
117492,0,0,0,0,0,0,0,0,1
117493,0,0,0,0,0,0,0,0,1
117494,0,0,0,0,0,0,0,0,1
117495,0,0,0,0,0,0,0,0,1
117496,0,0,0,0,0,0,0,0,1
117497,0,0,0,0,0,0,0,0,1
117498,0,0,0,0,0,0,0,0,1
117499,0,0,0,0,0,0,0,0,1
117500,0,0,0,0,0,0,0,0,1
117501,0,0,0,0,0,0,0,0,1
117502,0,0,0,0,0,0,0,0,1
117503,0,0,0,0,0,0,0,0,1
117504,0,0,0,0,0,0,0,0,1
117505,0,0,0,0,0,0,0,0,1
117506,0,0,0,0,0,0,0,0,1
117507,0,0,0,0,0,0,0,0,1
117508,0,0,0,0,0,0,0,0,1
117509,0,0,0,0,0,0,0,0,1
117510,0,0,0,0,0,0,0,0,1
117511,0,0,0,0,0,0,0,0,1
117512,0,0,0,0,0,0,0,0,1
117513,0,0,0,0,0,0,0,0,1
117514,0,0,0,0,0,0,0,0,1
117515,0,0,0,0,0,0,0,0,1
117516,0,0,0,0,0,0,0,0,1
117517,0,0,0,0,0,0,0,0,1
117518,0,0,0,0,0,0,0,0,1
117519,0,0,0,0,0,0,0,0,1
117520,0,0,0,0,0,0,0,0,1
117521,0,0,0,0,0,0,0,0,1
117522,0,0,0,0,0,0,0,0,1
117523,0,0,0,0,0,0,0,0,1
117524,0,0,0,0,0,0,0,0,1
117525,0,0,0,0,0,0,0,0,1
117526,0,0,0,0,0,0,0,0,1
117527,0,0,0,0,0,0,0,0,1
117528,0,0,0,0,0,0,0,0,1
117529,0,0,0,0,0,0,0,0,1
117530,0,0,0,0,0,0,0,0,1
117531,0,0,0,0,0,0,0,0,1
117532,0,0,0,0,0,0,0,0,1
117533,0,0,0,0,0,0,0,0,1
117534,0,0,0,0,0,0,0,0,1
117535,0,0,0,0,0,0,0,0,1
117536,0,0,0,0,0,0,0,0,1
117537,0,0,0,0,0,0,0,0,1
117538,0,0,0,0,0,0,0,0,1
117539,0,0,0,0,0,0,0,0,1
117540,0,0,0,0,0,0,0,0,1
117541,0,0,0,0,0,0,0,0,1
117542,0,0,0,0,0,0,0,0,1
117543,0,0,0,0,0,0,0,0,1
117544,0,0,0,0,0,0,0,0,1
117545,0,0,0,0,0,0,0,0,1
117546,0,0,0,0,0,0,0,0,1
117547,0,0,0,0,0,0,0,0,1
117548,0,0,0,0,0,0,0,0,1
117549,0,0,0,0,0,0,0,0,1
117550,0,0,0,0,0,0,0,0,1
117551,0,0,0,0,0,0,0,0,1
117552,0,0,0,0,0,0,0,0,1
117553,0,0,0,0,0,0,0,0,1
117554,0,0,0,0,0,0,0,0,1
117555,0,0,0,0,0,0,0,0,1
117556,0,0,0,0,0,0,0,0,1
117557,0,0,0,0,0,0,0,0,1
117558,0,0,0,0,0,0,0,0,1
117559,0,0,0,0,0,0,0,0,1
117560,0,0,0,0,0,0,0,0,1
117561,0,0,0,0,0,0,0,0,1
117562,0,0,0,0,0,0,0,0,1
117563,0,0,0,0,0,0,0,0,1
117564,0,0,0,0,0,0,0,0,1
117565,0,0,0,0,0,0,0,0,1
117566,0,0,0,0,0,0,0,0,1
117567,0,0,0,0,0,0,0,0,1
117568,0,0,0,0,0,0,0,0,1
117569,0,0,0,0,0,0,0,0,1
117570,0,0,0,0,0,0,0,0,1
117571,0,0,0,0,0,0,0,0,1
117572,0,0,0,0,0,0,0,0,1
117573,0,0,0,0,0,0,0,0,1
117574,0,0,0,0,0,0,0,0,1
117575,0,0,0,0,0,0,0,0,1
117576,0,0,0,0,0,0,0,0,1
117577,0,0,0,0,0,0,0,0,1
117578,0,0,0,0,0,0,0,0,1
117579,0,0,0,0,0,0,0,0,1
117580,0,0,0,0,0,0,0,0,1
117581,0,0,0,0,0,0,0,0,1
117582,0,0,0,0,0,0,0,0,1
117583,0,0,0,0,0,0,0,0,1
117584,0,0,0,0,0,0,0,0,1
117585,0,0,0,0,0,0,0,0,1
117586,0,0,0,0,0,0,0,0,1
117587,0,0,0,0,0,0,0,0,1
117588,0,0,0,0,0,0,0,0,1
117589,0,0,0,0,0,0,0,0,1
117590,0,0,0,0,0,0,0,0,1
117591,0,0,0,0,0,0,0,0,1
117592,0,0,0,0,0,0,0,0,1
117593,0,0,0,0,0,0,0,0,1
117594,0,0,0,0,0,0,0,0,1
117595,0,0,0,0,0,0,0,0,1
117596,0,0,0,0,0,0,0,0,1
117597,0,0,0,0,0,0,0,0,1
117598,0,0,0,0,0,0,0,0,1
117599,0,0,0,0,0,0,0,0,1
117600,0,0,0,0,0,0,0,0,1
117601,0,0,0,0,0,0,0,0,1
117602,0,0,0,0,0,0,0,0,1
117603,0,0,0,0,0,0,0,0,1
117604,0,0,0,0,0,0,0,0,1
117605,0,0,0,0,0,0,0,0,1
117606,0,0,0,0,0,0,0,0,1
117607,0,0,0,0,0,0,0,0,1
117608,0,0,0,0,0,0,0,0,1
117609,0,0,0,0,0,0,0,0,1
117610,0,0,0,0,0,0,0,0,1
117611,0,0,0,0,0,0,0,0,1
117612,0,0,0,0,0,0,0,0,1
117613,0,0,0,0,0,0,0,0,1
117614,0,0,0,0,0,0,0,0,1
117615,0,0,0,0,0,0,0,0,1
117616,0,0,0,0,0,0,0,0,1
117617,0,0,0,0,0,0,0,0,1
117618,0,0,0,0,0,0,0,0,1
117619,0,0,0,0,0,0,0,0,1
117620,0,0,0,0,0,0,0,0,1
117621,0,0,0,0,0,0,0,0,1
117622,0,0,0,0,0,0,0,0,1
117623,0,0,0,0,0,0,0,0,1
117624,0,0,0,0,0,0,0,0,1
117625,0,0,0,0,0,0,0,0,1
117626,0,0,0,0,0,0,0,0,1
117627,0,0,0,0,0,0,0,0,1
117628,0,0,0,0,0,0,0,0,1
117629,0,0,0,0,0,0,0,0,1
117630,0,0,0,0,0,0,0,0,1
117631,0,0,0,0,0,0,0,0,1
117632,0,0,0,0,0,0,0,0,1
117633,0,0,0,0,0,0,0,0,1
117634,0,0,0,0,0,0,0,0,1
117635,0,0,0,0,0,0,0,0,1
117636,0,0,0,0,0,0,0,0,1
117637,0,0,0,0,0,0,0,0,1
117638,0,0,0,0,0,0,0,0,1
117639,0,0,0,0,0,0,0,0,1
117640,0,0,0,0,0,0,0,0,1
117641,0,0,0,0,0,0,0,0,1
117642,0,0,0,0,0,0,0,0,1
117643,0,0,0,0,0,0,0,0,1
117644,0,0,0,0,0,0,0,0,1
117645,0,0,0,0,0,0,0,0,1
117646,0,0,0,0,0,0,0,0,1
117647,0,0,0,0,0,0,0,0,1
117648,0,0,0,0,0,0,0,0,1
117649,0,0,0,0,0,0,0,0,1
117650,0,0,0,0,0,0,0,0,1
117651,0,0,0,0,0,0,0,0,1
117652,0,0,0,0,0,0,0,0,1
117653,0,0,0,0,0,0,0,0,1
117654,0,0,0,0,0,0,0,0,1
117655,0,0,0,0,0,0,0,0,1
117656,0,0,0,0,0,0,0,0,1
117657,0,0,0,0,0,0,0,0,1
117658,0,0,0,0,0,0,0,0,1
117659,0,0,0,0,0,0,0,0,1
117660,0,0,0,0,0,0,0,0,1
117661,0,0,0,0,0,0,0,0,1
117662,0,0,0,0,0,0,0,0,1
117663,0,0,0,0,0,0,0,0,1
117664,0,0,0,0,0,0,0,0,1
117665,0,0,0,0,0,0,0,0,1
117666,0,0,0,0,0,0,0,0,1
117667,0,0,0,0,0,0,0,0,1
117668,0,0,0,0,0,0,0,0,1
117669,0,0,0,0,0,0,0,0,1
117670,0,0,0,0,0,0,0,0,1
117671,0,0,0,0,0,0,0,0,1
117672,0,0,0,0,0,0,0,0,1
117673,0,0,0,0,0,0,0,0,1
117674,0,0,0,0,0,0,0,0,1
117675,0,0,0,0,0,0,0,0,1
117676,0,0,0,0,0,0,0,0,1
117677,0,0,0,0,0,0,0,0,1
117678,0,0,0,0,0,0,0,0,1
117679,0,0,0,0,0,0,0,0,1
117680,0,0,0,0,0,0,0,0,1
117681,0,0,0,0,0,0,0,0,1
117682,0,0,0,0,0,0,0,0,1
117683,0,0,0,0,0,0,0,0,1
117684,0,0,0,0,0,0,0,0,1
117685,0,0,0,0,0,0,0,0,1
117686,0,0,0,0,0,0,0,0,1
117687,0,0,0,0,0,0,0,0,1
117688,0,0,0,0,0,0,0,0,1
117689,0,0,0,0,0,0,0,0,1
117690,0,0,0,0,0,0,0,0,1
117691,0,0,0,0,0,0,0,0,1
117692,0,0,0,0,0,0,0,0,1
117693,0,0,0,0,0,0,0,0,1
117694,0,0,0,0,0,0,0,0,1
117695,0,0,0,0,0,0,0,0,1
117696,0,0,0,0,0,0,0,0,1
117697,0,0,0,0,0,0,0,0,1
117698,0,0,0,0,0,0,0,0,1
117699,0,0,0,0,0,0,0,0,1
117700,0,0,0,0,0,0,0,0,1
117701,0,0,0,0,0,0,0,0,1
117702,0,0,0,0,0,0,0,0,1
117703,0,0,0,0,0,0,0,0,1
117704,0,0,0,0,0,0,0,0,1
117705,0,0,0,0,0,0,0,0,1
117706,0,0,0,0,0,0,0,0,1
117707,0,0,0,0,0,0,0,0,1
117708,0,0,0,0,0,0,0,0,1
117709,0,0,0,0,0,0,0,0,1
117710,0,0,0,0,0,0,0,0,1
117711,0,0,0,0,0,0,0,0,1
117712,0,0,0,0,0,0,0,0,1
117713,0,0,0,0,0,0,0,0,1
117714,0,0,0,0,0,0,0,0,1
117715,0,0,0,0,0,0,0,0,1
117716,0,0,0,0,0,0,0,0,1
117717,0,0,0,0,0,0,0,0,1
117718,0,0,0,0,0,0,0,0,1
117719,0,0,0,0,0,0,0,0,1
117720,0,0,0,0,0,0,0,0,1
117721,0,0,0,0,0,0,0,0,1
117722,0,0,0,0,0,0,0,0,1
117723,0,0,0,0,0,0,0,0,1
117724,0,0,0,0,0,0,0,0,1
117725,0,0,0,0,0,0,0,0,1
117726,0,0,0,0,0,0,0,0,1
117727,0,0,0,0,0,0,0,0,1
117728,0,0,0,0,0,0,0,0,1
117729,0,0,0,0,0,0,0,0,1
117730,0,0,0,0,0,0,0,0,1
117731,0,0,0,0,0,0,0,0,1
117732,0,0,0,0,0,0,0,0,1
117733,0,0,0,0,0,0,0,0,1
117734,0,0,0,0,0,0,0,0,1
117735,0,0,0,0,0,0,0,0,1
117736,0,0,0,0,0,0,0,0,1
117737,0,0,0,0,0,0,0,0,1
117738,0,0,0,0,0,0,0,0,1
117739,0,0,0,0,0,0,0,0,1
117740,0,0,0,0,0,0,0,0,1
117741,0,0,0,0,0,0,0,0,1
117742,0,0,0,0,0,0,0,0,1
117743,0,0,0,0,0,0,0,0,1
117744,0,0,0,0,0,0,0,0,1
117745,0,0,0,0,0,0,0,0,1
117746,0,0,0,0,0,0,0,0,1
117747,0,0,0,0,0,0,0,0,1
117748,0,0,0,0,0,0,0,0,1
117749,0,0,0,0,0,0,0,0,1
117750,0,0,0,0,0,0,0,0,1
117751,0,0,0,0,0,0,0,0,1
117752,0,0,0,0,0,0,0,0,1
117753,0,0,0,0,0,0,0,0,1
117754,0,0,0,0,0,0,0,0,1
117755,0,0,0,0,0,0,0,0,1
117756,0,0,0,0,0,0,0,0,1
117757,0,0,0,0,0,0,0,0,1
117758,0,0,0,0,0,0,0,0,1
117759,0,0,0,0,0,0,0,0,1
117760,0,0,0,0,0,0,0,0,1
117761,0,0,0,0,0,0,0,0,1
117762,0,0,0,0,0,0,0,0,1
117763,0,0,0,0,0,0,0,0,1
117764,0,0,0,0,0,0,0,0,1
117765,0,0,0,0,0,0,0,0,1
117766,0,0,0,0,0,0,0,0,1
117767,0,0,0,0,0,0,0,0,1
117768,0,0,0,0,0,0,0,0,1
117769,0,0,0,0,0,0,0,0,1
117770,0,0,0,0,0,0,0,0,1
117771,0,0,0,0,0,0,0,0,1
117772,0,0,0,0,0,0,0,0,1
117773,0,0,0,0,0,0,0,0,1
117774,0,0,0,0,0,0,0,0,1
117775,0,0,0,0,0,0,0,0,1
117776,0,0,0,0,0,0,0,0,1
117777,0,0,0,0,0,0,0,0,1
117778,0,0,0,0,0,0,0,0,1
117779,0,0,0,0,0,0,0,0,1
117780,0,0,0,0,0,0,0,0,1
117781,0,0,0,0,0,0,0,0,1
117782,0,0,0,0,0,0,0,0,1
117783,0,0,0,0,0,0,0,0,1
117784,0,0,0,0,0,0,0,0,1
117785,0,0,0,0,0,0,0,0,1
117786,0,0,0,0,0,0,0,0,1
117787,0,0,0,0,0,0,0,0,1
117788,0,0,0,0,0,0,0,0,1
117789,0,0,0,0,0,0,0,0,1
117790,0,0,0,0,0,0,0,0,1
117791,0,0,0,0,0,0,0,0,1
117792,0,0,0,0,0,0,0,0,1
117793,0,0,0,0,0,0,0,0,1
117794,0,0,0,0,0,0,0,0,1
117795,0,0,0,0,0,0,0,0,1
117796,0,0,0,0,0,0,0,0,1
117797,0,0,0,0,0,0,0,0,1
117798,0,0,0,0,0,0,0,0,1
117799,0,0,0,0,0,0,0,0,1
117800,0,0,0,0,0,0,0,0,1
117801,0,0,0,0,0,0,0,0,1
117802,0,0,0,0,0,0,0,0,1
117803,0,0,0,0,0,0,0,0,1
117804,0,0,0,0,0,0,0,0,1
117805,0,0,0,0,0,0,0,0,1
117806,0,0,0,0,0,0,0,0,1
117807,0,0,0,0,0,0,0,0,1
117808,0,0,0,0,0,0,0,0,1
117809,0,0,0,0,0,0,0,0,1
117810,0,0,0,0,0,0,0,0,1
117811,0,0,0,0,0,0,0,0,1
117812,0,0,0,0,0,0,0,0,1
117813,0,0,0,0,0,0,0,0,1
117814,0,0,0,0,0,0,0,0,1
117815,0,0,0,0,0,0,0,0,1
117816,0,0,0,0,0,0,0,0,1
117817,0,0,0,0,0,0,0,0,1
117818,0,0,0,0,0,0,0,0,1
117819,0,0,0,0,0,0,0,0,1
117820,0,0,0,0,0,0,0,0,1
117821,0,0,0,0,0,0,0,0,1
117822,0,0,0,0,0,0,0,0,1
117823,0,0,0,0,0,0,0,0,1
117824,0,0,0,0,0,0,0,0,1
117825,0,0,0,0,0,0,0,0,1
117826,0,0,0,0,0,0,0,0,1
117827,0,0,0,0,0,0,0,0,1
117828,0,0,0,0,0,0,0,0,1
117829,0,0,0,0,0,0,0,0,1
117830,0,0,0,0,0,0,0,0,1
117831,0,0,0,0,0,0,0,0,1
117832,0,0,0,0,0,0,0,0,1
117833,0,0,0,0,0,0,0,0,1
117834,0,0,0,0,0,0,0,0,1
117835,0,0,0,0,0,0,0,0,1
117836,0,0,0,0,0,0,0,0,1
117837,0,0,0,0,0,0,0,0,1
117838,0,0,0,0,0,0,0,0,1
117839,0,0,0,0,0,0,0,0,1
117840,0,0,0,0,0,0,0,0,1
117841,0,0,0,0,0,0,0,0,1
117842,0,0,0,0,0,0,0,0,1
117843,0,0,0,0,0,0,0,0,1
117844,0,0,0,0,0,0,0,0,1
117845,0,0,0,0,0,0,0,0,1
117846,0,0,0,0,0,0,0,0,1
117847,0,0,0,0,0,0,0,0,1
117848,0,0,0,0,0,0,0,0,1
117849,0,0,0,0,0,0,0,0,1
117850,0,0,0,0,0,0,0,0,1
117851,0,0,0,0,0,0,0,0,1
117852,0,0,0,0,0,0,0,0,1
117853,0,0,0,0,0,0,0,0,1
117854,0,0,0,0,0,0,0,0,1
117855,0,0,0,0,0,0,0,0,1
117856,0,0,0,0,0,0,0,0,1
117857,0,0,0,0,0,0,0,0,1
117858,0,0,0,0,0,0,0,0,1
117859,0,0,0,0,0,0,0,0,1
117860,0,0,0,0,0,0,0,0,1
117861,0,0,0,0,0,0,0,0,1
117862,0,0,0,0,0,0,0,0,1
117863,0,0,0,0,0,0,0,0,1
117864,0,0,0,0,0,0,0,0,1
117865,0,0,0,0,0,0,0,0,1
117866,0,0,0,0,0,0,0,0,1
117867,0,0,0,0,0,0,0,0,1
117868,0,0,0,0,0,0,0,0,1
117869,0,0,0,0,0,0,0,0,1
117870,0,0,0,0,0,0,0,0,1
117871,0,0,0,0,0,0,0,0,1
117872,0,0,0,0,0,0,0,0,1
117873,0,0,0,0,0,0,0,0,1
117874,0,0,0,0,0,0,0,0,1
117875,0,0,0,0,0,0,0,0,1
117876,0,0,0,0,0,0,0,0,1
117877,0,0,0,0,0,0,0,0,1
117878,0,0,0,0,0,0,0,0,1
117879,0,0,0,0,0,0,0,0,1
117880,0,0,0,0,0,0,0,0,1
117881,0,0,0,0,0,0,0,0,1
117882,0,0,0,0,0,0,0,0,1
117883,0,0,0,0,0,0,0,0,1
117884,0,0,0,0,0,0,0,0,1
117885,0,0,0,0,0,0,0,0,1
117886,0,0,0,0,0,0,0,0,1
117887,0,0,0,0,0,0,0,0,1
117888,0,0,0,0,0,0,0,0,1
117889,0,0,0,0,0,0,0,0,1
117890,0,0,0,0,0,0,0,0,1
117891,0,0,0,0,0,0,0,0,1
117892,0,0,0,0,0,0,0,0,1
117893,0,0,0,0,0,0,0,0,1
117894,0,0,0,0,0,0,0,0,1
117895,0,0,0,0,0,0,0,0,1
117896,0,0,0,0,0,0,0,0,1
117897,0,0,0,0,0,0,0,0,1
117898,0,0,0,0,0,0,0,0,1
117899,0,0,0,0,0,0,0,0,1
117900,0,0,0,0,0,0,0,0,1
117901,0,0,0,0,0,0,0,0,1
117902,0,0,0,0,0,0,0,0,1
117903,0,0,0,0,0,0,0,0,1
117904,0,0,0,0,0,0,0,0,1
117905,0,0,0,0,0,0,0,0,1
117906,0,0,0,0,0,0,0,0,1
117907,0,0,0,0,0,0,0,0,1
117908,0,0,0,0,0,0,0,0,1
117909,0,0,0,0,0,0,0,0,1
117910,0,0,0,0,0,0,0,0,1
117911,0,0,0,0,0,0,0,0,1
117912,0,0,0,0,0,0,0,0,1
117913,0,0,0,0,0,0,0,0,1
117914,0,0,0,0,0,0,0,0,1
117915,0,0,0,0,0,0,0,0,1
117916,0,0,0,0,0,0,0,0,1
117917,0,0,0,0,0,0,0,0,1
117918,0,0,0,0,0,0,0,0,1
117919,0,0,0,0,0,0,0,0,1
117920,0,0,0,0,0,0,0,0,1
117921,0,0,0,0,0,0,0,0,1
117922,0,0,0,0,0,0,0,0,1
117923,0,0,0,0,0,0,0,0,1
117924,0,0,0,0,0,0,0,0,1
117925,0,0,0,0,0,0,0,0,1
117926,0,0,0,0,0,0,0,0,1
117927,0,0,0,0,0,0,0,0,1
117928,0,0,0,0,0,0,0,0,1
117929,0,0,0,0,0,0,0,0,1
117930,0,0,0,0,0,0,0,0,1
117931,0,0,0,0,0,0,0,0,1
117932,0,0,0,0,0,0,0,0,1
117933,0,0,0,0,0,0,0,0,1
117934,0,0,0,0,0,0,0,0,1
117935,0,0,0,0,0,0,0,0,1
117936,0,0,0,0,0,0,0,0,1
117937,0,0,0,0,0,0,0,0,1
117938,0,0,0,0,0,0,0,0,1
117939,0,0,0,0,0,0,0,0,1
117940,0,0,0,0,0,0,0,0,1
117941,0,0,0,0,0,0,0,0,1
117942,0,0,0,0,0,0,0,0,1
117943,0,0,0,0,0,0,0,0,1
117944,0,0,0,0,0,0,0,0,1
117945,0,0,0,0,0,0,0,0,1
117946,0,0,0,0,0,0,0,0,1
117947,0,0,0,0,0,0,0,0,1
117948,0,0,0,0,0,0,0,0,1
117949,0,0,0,0,0,0,0,0,1
117950,0,0,0,0,0,0,0,0,1
117951,0,0,0,0,0,0,0,0,1
117952,0,0,0,0,0,0,0,0,1
117953,0,0,0,0,0,0,0,0,1
117954,0,0,0,0,0,0,0,0,1
117955,0,0,0,0,0,0,0,0,1
117956,0,0,0,0,0,0,0,0,1
117957,0,0,0,0,0,0,0,0,1
117958,0,0,0,0,0,0,0,0,1
117959,0,0,0,0,0,0,0,0,1
117960,0,0,0,0,0,0,0,0,1
117961,0,0,0,0,0,0,0,0,1
117962,0,0,0,0,0,0,0,0,1
117963,0,0,0,0,0,0,0,0,1
117964,0,0,0,0,0,0,0,0,1
117965,0,0,0,0,0,0,0,0,1
117966,0,0,0,0,0,0,0,0,1
117967,0,0,0,0,0,0,0,0,1
117968,0,0,0,0,0,0,0,0,1
117969,0,0,0,0,0,0,0,0,1
117970,0,0,0,0,0,0,0,0,1
117971,0,0,0,0,0,0,0,0,1
117972,0,0,0,0,0,0,0,0,1
117973,0,0,0,0,0,0,0,0,1
117974,0,0,0,0,0,0,0,0,1
117975,0,0,0,0,0,0,0,0,1
117976,0,0,0,0,0,0,0,0,1
117977,0,0,0,0,0,0,0,0,1
117978,0,0,0,0,0,0,0,0,1
117979,0,0,0,0,0,0,0,0,1
117980,0,0,0,0,0,0,0,0,1
117981,0,0,0,0,0,0,0,0,1
117982,0,0,0,0,0,0,0,0,1
117983,0,0,0,0,0,0,0,0,1
117984,0,0,0,0,0,0,0,0,1
117985,0,0,0,0,0,0,0,0,1
117986,0,0,0,0,0,0,0,0,1
117987,0,0,0,0,0,0,0,0,1
117988,0,0,0,0,0,0,0,0,1
117989,0,0,0,0,0,0,0,0,1
117990,0,0,0,0,0,0,0,0,1
117991,0,0,0,0,0,0,0,0,1
117992,0,0,0,0,0,0,0,0,1
117993,0,0,0,0,0,0,0,0,1
117994,0,0,0,0,0,0,0,0,1
117995,0,0,0,0,0,0,0,0,1
117996,0,0,0,0,0,0,0,0,1
117997,0,0,0,0,0,0,0,0,1
117998,0,0,0,0,0,0,0,0,1
117999,0,0,0,0,0,0,0,0,1
118000,0,0,0,0,0,0,0,0,1
118001,0,0,0,0,0,0,0,0,1
118002,0,0,0,0,0,0,0,0,1
118003,0,0,0,0,0,0,0,0,1
118004,0,0,0,0,0,0,0,0,1
118005,0,0,0,0,0,0,0,0,1
118006,0,0,0,0,0,0,0,0,1
118007,0,0,0,0,0,0,0,0,1
118008,0,0,0,0,0,0,0,0,1
118009,0,0,0,0,0,0,0,0,1
118010,0,0,0,0,0,0,0,0,1
118011,0,0,0,0,0,0,0,0,1
118012,0,0,0,0,0,0,0,0,1
118013,0,0,0,0,0,0,0,0,1
118014,0,0,0,0,0,0,0,0,1
118015,0,0,0,0,0,0,0,0,1
118016,0,0,0,0,0,0,0,0,1
118017,0,0,0,0,0,0,0,0,1
118018,0,0,0,0,0,0,0,0,1
118019,0,0,0,0,0,0,0,0,1
118020,0,0,0,0,0,0,0,0,1
118021,0,0,0,0,0,0,0,0,1
118022,0,0,0,0,0,0,0,0,1
118023,0,0,0,0,0,0,0,0,1
118024,0,0,0,0,0,0,0,0,1
118025,0,0,0,0,0,0,0,0,1
118026,0,0,0,0,0,0,0,0,1
118027,0,0,0,0,0,0,0,0,1
118028,0,0,0,0,0,0,0,0,1
118029,0,0,0,0,0,0,0,0,1
118030,0,0,0,0,0,0,0,0,1
118031,0,0,0,0,0,0,0,0,1
118032,0,0,0,0,0,0,0,0,1
118033,0,0,0,0,0,0,0,0,1
118034,0,0,0,0,0,0,0,0,1
118035,0,0,0,0,0,0,0,0,1
118036,0,0,0,0,0,0,0,0,1
118037,0,0,0,0,0,0,0,0,1
118038,0,0,0,0,0,0,0,0,1
118039,0,0,0,0,0,0,0,0,1
118040,0,0,0,0,0,0,0,0,1
118041,0,0,0,0,0,0,0,0,1
118042,0,0,0,0,0,0,0,0,1
118043,0,0,0,0,0,0,0,0,1
118044,0,0,0,0,0,0,0,0,1
118045,0,0,0,0,0,0,0,0,1
118046,0,0,0,0,0,0,0,0,1
118047,0,0,0,0,0,0,0,0,1
118048,0,0,0,0,0,0,0,0,1
118049,0,0,0,0,0,0,0,0,1
118050,0,0,0,0,0,0,0,0,1
118051,0,0,0,0,0,0,0,0,1
118052,0,0,0,0,0,0,0,0,1
118053,0,0,0,0,0,0,0,0,1
118054,0,0,0,0,0,0,0,0,1
118055,0,0,0,0,0,0,0,0,1
118056,0,0,0,0,0,0,0,0,1
118057,0,0,0,0,0,0,0,0,1
118058,0,0,0,0,0,0,0,0,1
118059,0,0,0,0,0,0,0,0,1
118060,0,0,0,0,0,0,0,0,1
118061,0,0,0,0,0,0,0,0,1
118062,0,0,0,0,0,0,0,0,1
118063,0,0,0,0,0,0,0,0,1
118064,0,0,0,0,0,0,0,0,1
118065,0,0,0,0,0,0,0,0,1
118066,0,0,0,0,0,0,0,0,1
118067,0,0,0,0,0,0,0,0,1
118068,0,0,0,0,0,0,0,0,1
118069,0,0,0,0,0,0,0,0,1
118070,0,0,0,0,0,0,0,0,1
118071,0,0,0,0,0,0,0,0,1
118072,0,0,0,0,0,0,0,0,1
118073,0,0,0,0,0,0,0,0,1
118074,0,0,0,0,0,0,0,0,1
118075,0,0,0,0,0,0,0,0,1
118076,0,0,0,0,0,0,0,0,1
118077,0,0,0,0,0,0,0,0,1
118078,0,0,0,0,0,0,0,0,1
118079,0,0,0,0,0,0,0,0,1
118080,0,0,0,0,0,0,0,0,1
118081,0,0,0,0,0,0,0,0,1
118082,0,0,0,0,0,0,0,0,1
118083,0,0,0,0,0,0,0,0,1
118084,0,0,0,0,0,0,0,0,1
118085,0,0,0,0,0,0,0,0,1
118086,0,0,0,0,0,0,0,0,1
118087,0,0,0,0,0,0,0,0,1
118088,0,0,0,0,0,0,0,0,1
118089,0,0,0,0,0,0,0,0,1
118090,0,0,0,0,0,0,0,0,1
118091,0,0,0,0,0,0,0,0,1
118092,0,0,0,0,0,0,0,0,1
118093,0,0,0,0,0,0,0,0,1
118094,0,0,0,0,0,0,0,0,1
118095,0,0,0,0,0,0,0,0,1
118096,0,0,0,0,0,0,0,0,1
118097,0,0,0,0,0,0,0,0,1
118098,0,0,0,0,0,0,0,0,1
118099,0,0,0,0,0,0,0,0,1
118100,0,0,0,0,0,0,0,0,1
118101,0,0,0,0,0,0,0,0,1
118102,0,0,0,0,0,0,0,0,1
118103,0,0,0,0,0,0,0,0,1
118104,0,0,0,0,0,0,0,0,1
118105,0,0,0,0,0,0,0,0,1
118106,0,0,0,0,0,0,0,0,1
118107,0,0,0,0,0,0,0,0,1
118108,0,0,0,0,0,0,0,0,1
118109,0,0,0,0,0,0,0,0,1
118110,0,0,0,0,0,0,0,0,1
118111,0,0,0,0,0,0,0,0,1
118112,0,0,0,0,0,0,0,0,1
118113,0,0,0,0,0,0,0,0,1
118114,0,0,0,0,0,0,0,0,1
118115,0,0,0,0,0,0,0,0,1
118116,0,0,0,0,0,0,0,0,1
118117,0,0,0,0,0,0,0,0,1
118118,0,0,0,0,0,0,0,0,1
118119,0,0,0,0,0,0,0,0,1
118120,0,0,0,0,0,0,0,0,1
118121,0,0,0,0,0,0,0,0,1
118122,0,0,0,0,0,0,0,0,1
118123,0,0,0,0,0,0,0,0,1
118124,0,0,0,0,0,0,0,0,1
118125,0,0,0,0,0,0,0,0,1
118126,0,0,0,0,0,0,0,0,1
118127,0,0,0,0,0,0,0,0,1
118128,0,0,0,0,0,0,0,0,1
118129,0,0,0,0,0,0,0,0,1
118130,0,0,0,0,0,0,0,0,1
118131,0,0,0,0,0,0,0,0,1
118132,0,0,0,0,0,0,0,0,1
118133,0,0,0,0,0,0,0,0,1
118134,0,0,0,0,0,0,0,0,1
118135,0,0,0,0,0,0,0,0,1
118136,0,0,0,0,0,0,0,0,1
118137,0,0,0,0,0,0,0,0,1
118138,0,0,0,0,0,0,0,0,1
118139,0,0,0,0,0,0,0,0,1
118140,0,0,0,0,0,0,0,0,1
118141,0,0,0,0,0,0,0,0,1
118142,0,0,0,0,0,0,0,0,1
118143,0,0,0,0,0,0,0,0,1
118144,0,0,0,0,0,0,0,0,1
118145,0,0,0,0,0,0,0,0,1
118146,0,0,0,0,0,0,0,0,1
118147,0,0,0,0,0,0,0,0,1
118148,0,0,0,0,0,0,0,0,1
118149,0,0,0,0,0,0,0,0,1
118150,0,0,0,0,0,0,0,0,1
118151,0,0,0,0,0,0,0,0,1
118152,0,0,0,0,0,0,0,0,1
118153,0,0,0,0,0,0,0,0,1
118154,0,0,0,0,0,0,0,0,1
118155,0,0,0,0,0,0,0,0,1
118156,0,0,0,0,0,0,0,0,1
118157,0,0,0,0,0,0,0,0,1
118158,0,0,0,0,0,0,0,0,1
118159,0,0,0,0,0,0,0,0,1
118160,0,0,0,0,0,0,0,0,1
118161,0,0,0,0,0,0,0,0,1
118162,0,0,0,0,0,0,0,0,1
118163,0,0,0,0,0,0,0,0,1
118164,0,0,0,0,0,0,0,0,1
118165,0,0,0,0,0,0,0,0,1
118166,0,0,0,0,0,0,0,0,1
118167,0,0,0,0,0,0,0,0,1
118168,0,0,0,0,0,0,0,0,1
118169,0,0,0,0,0,0,0,0,1
118170,0,0,0,0,0,0,0,0,1
118171,0,0,0,0,0,0,0,0,1
118172,0,0,0,0,0,0,0,0,1
118173,0,0,0,0,0,0,0,0,1
118174,0,0,0,0,0,0,0,0,1
118175,0,0,0,0,0,0,0,0,1
118176,0,0,0,0,0,0,0,0,1
118177,0,0,0,0,0,0,0,0,1
118178,0,0,0,0,0,0,0,0,1
118179,0,0,0,0,0,0,0,0,1
118180,0,0,0,0,0,0,0,0,1
118181,0,0,0,0,0,0,0,0,1
118182,0,0,0,0,0,0,0,0,1
118183,0,0,0,0,0,0,0,0,1
118184,0,0,0,0,0,0,0,0,1
118185,0,0,0,0,0,0,0,0,1
118186,0,0,0,0,0,0,0,0,1
118187,0,0,0,0,0,0,0,0,1
118188,0,0,0,0,0,0,0,0,1
118189,0,0,0,0,0,0,0,0,1
118190,0,0,0,0,0,0,0,0,1
118191,0,0,0,0,0,0,0,0,1
118192,0,0,0,0,0,0,0,0,1
118193,0,0,0,0,0,0,0,0,1
118194,0,0,0,0,0,0,0,0,1
118195,0,0,0,0,0,0,0,0,1
118196,0,0,0,0,0,0,0,0,1
118197,0,0,0,0,0,0,0,0,1
118198,0,0,0,0,0,0,0,0,1
118199,0,0,0,0,0,0,0,0,1
118200,0,0,0,0,0,0,0,0,1
118201,0,0,0,0,0,0,0,0,1
118202,0,0,0,0,0,0,0,0,1
118203,0,0,0,0,0,0,0,0,1
118204,0,0,0,0,0,0,0,0,1
118205,0,0,0,0,0,0,0,0,1
118206,0,0,0,0,0,0,0,0,1
118207,0,0,0,0,0,0,0,0,1
118208,0,0,0,0,0,0,0,0,1
118209,0,0,0,0,0,0,0,0,1
118210,0,0,0,0,0,0,0,0,1
118211,0,0,0,0,0,0,0,0,1
118212,0,0,0,0,0,0,0,0,1
118213,0,0,0,0,0,0,0,0,1
118214,0,0,0,0,0,0,0,0,1
118215,0,0,0,0,0,0,0,0,1
118216,0,0,0,0,0,0,0,0,1
118217,0,0,0,0,0,0,0,0,1
118218,0,0,0,0,0,0,0,0,1
118219,0,0,0,0,0,0,0,0,1
118220,0,0,0,0,0,0,0,0,1
118221,0,0,0,0,0,0,0,0,1
118222,0,0,0,0,0,0,0,0,1
118223,0,0,0,0,0,0,0,0,1
118224,0,0,0,0,0,0,0,0,1
118225,0,0,0,0,0,0,0,0,1
118226,0,0,0,0,0,0,0,0,1
118227,0,0,0,0,0,0,0,0,1
118228,0,0,0,0,0,0,0,0,1
118229,0,0,0,0,0,0,0,0,1
118230,0,0,0,0,0,0,0,0,1
118231,0,0,0,0,0,0,0,0,1
118232,0,0,0,0,0,0,0,0,1
118233,0,0,0,0,0,0,0,0,1
118234,0,0,0,0,0,0,0,0,1
118235,0,0,0,0,0,0,0,0,1
118236,0,0,0,0,0,0,0,0,1
118237,0,0,0,0,0,0,0,0,1
118238,0,0,0,0,0,0,0,0,1
118239,0,0,0,0,0,0,0,0,1
118240,0,0,0,0,0,0,0,0,1
118241,0,0,0,0,0,0,0,0,1
118242,0,0,0,0,0,0,0,0,1
118243,0,0,0,0,0,0,0,0,1
118244,0,0,0,0,0,0,0,0,1
118245,0,0,0,0,0,0,0,0,1
118246,0,0,0,0,0,0,0,0,1
118247,0,0,0,0,0,0,0,0,1
118248,0,0,0,0,0,0,0,0,1
118249,0,0,0,0,0,0,0,0,1
118250,0,0,0,0,0,0,0,0,1
118251,0,0,0,0,0,0,0,0,1
118252,0,0,0,0,0,0,0,0,1
118253,0,0,0,0,0,0,0,0,1
118254,0,0,0,0,0,0,0,0,1
118255,0,0,0,0,0,0,0,0,1
118256,0,0,0,0,0,0,0,0,1
118257,0,0,0,0,0,0,0,0,1
118258,0,0,0,0,0,0,0,0,1
118259,0,0,0,0,0,0,0,0,1
118260,0,0,0,0,0,0,0,0,1
118261,0,0,0,0,0,0,0,0,1
118262,0,0,0,0,0,0,0,0,1
118263,0,0,0,0,0,0,0,0,1
118264,0,0,0,0,0,0,0,0,1
118265,0,0,0,0,0,0,0,0,1
118266,0,0,0,0,0,0,0,0,1
118267,0,0,0,0,0,0,0,0,1
118268,0,0,0,0,0,0,0,0,1
118269,0,0,0,0,0,0,0,0,1
118270,0,0,0,0,0,0,0,0,1
118271,0,0,0,0,0,0,0,0,1
118272,0,0,0,0,0,0,0,0,1
118273,0,0,0,0,0,0,0,0,1
118274,0,0,0,0,0,0,0,0,1
118275,0,0,0,0,0,0,0,0,1
118276,0,0,0,0,0,0,0,0,1
118277,0,0,0,0,0,0,0,0,1
118278,0,0,0,0,0,0,0,0,1
118279,0,0,0,0,0,0,0,0,1
118280,0,0,0,0,0,0,0,0,1
118281,0,0,0,0,0,0,0,0,1
118282,0,0,0,0,0,0,0,0,1
118283,0,0,0,0,0,0,0,0,1
118284,0,0,0,0,0,0,0,0,1
118285,0,0,0,0,0,0,0,0,1
118286,0,0,0,0,0,0,0,0,1
118287,0,0,0,0,0,0,0,0,1
118288,0,0,0,0,0,0,0,0,1
118289,0,0,0,0,0,0,0,0,1
118290,0,0,0,0,0,0,0,0,1
118291,0,0,0,0,0,0,0,0,1
118292,0,0,0,0,0,0,0,0,1
118293,0,0,0,0,0,0,0,0,1
118294,0,0,0,0,0,0,0,0,1
118295,0,0,0,0,0,0,0,0,1
118296,0,0,0,0,0,0,0,0,1
118297,0,0,0,0,0,0,0,0,1
118298,0,0,0,0,0,0,0,0,1
118299,0,0,0,0,0,0,0,0,1
118300,0,0,0,0,0,0,0,0,1
118301,0,0,0,0,0,0,0,0,1
118302,0,0,0,0,0,0,0,0,1
118303,0,0,0,0,0,0,0,0,1
118304,0,0,0,0,0,0,0,0,1
118305,0,0,0,0,0,0,0,0,1
118306,0,0,0,0,0,0,0,0,1
118307,0,0,0,0,0,0,0,0,1
118308,0,0,0,0,0,0,0,0,1
118309,0,0,0,0,0,0,0,0,1
118310,0,0,0,0,0,0,0,0,1
118311,0,0,0,0,0,0,0,0,1
118312,0,0,0,0,0,0,0,0,1
118313,0,0,0,0,0,0,0,0,1
118314,0,0,0,0,0,0,0,0,1
118315,0,0,0,0,0,0,0,0,1
118316,0,0,0,0,0,0,0,0,1
118317,0,0,0,0,0,0,0,0,1
118318,0,0,0,0,0,0,0,0,1
118319,0,0,0,0,0,0,0,0,1
118320,0,0,0,0,0,0,0,0,1
118321,0,0,0,0,0,0,0,0,1
118322,0,0,0,0,0,0,0,0,1
118323,0,0,0,0,0,0,0,0,1
118324,0,0,0,0,0,0,0,0,1
118325,0,0,0,0,0,0,0,0,1
118326,0,0,0,0,0,0,0,0,1
118327,0,0,0,0,0,0,0,0,1
118328,0,0,0,0,0,0,0,0,1
118329,0,0,0,0,0,0,0,0,1
118330,0,0,0,0,0,0,0,0,1
118331,0,0,0,0,0,0,0,0,1
118332,0,0,0,0,0,0,0,0,1
118333,0,0,0,0,0,0,0,0,1
118334,0,0,0,0,0,0,0,0,1
118335,0,0,0,0,0,0,0,0,1
118336,0,0,0,0,0,0,0,0,1
118337,0,0,0,0,0,0,0,0,1
118338,0,0,0,0,0,0,0,0,1
118339,0,0,0,0,0,0,0,0,1
118340,0,0,0,0,0,0,0,0,1
118341,0,0,0,0,0,0,0,0,1
118342,0,0,0,0,0,0,0,0,1
118343,0,0,0,0,0,0,0,0,1
118344,0,0,0,0,0,0,0,0,1
118345,0,0,0,0,0,0,0,0,1
118346,0,0,0,0,0,0,0,0,1
118347,0,0,0,0,0,0,0,0,1
118348,0,0,0,0,0,0,0,0,1
118349,0,0,0,0,0,0,0,0,1
118350,0,0,0,0,0,0,0,0,1
118351,0,0,0,0,0,0,0,0,1
118352,0,0,0,0,0,0,0,0,1
118353,0,0,0,0,0,0,0,0,1
118354,0,0,0,0,0,0,0,0,1
118355,0,0,0,0,0,0,0,0,1
118356,0,0,0,0,0,0,0,0,1
118357,0,0,0,0,0,0,0,0,1
118358,0,0,0,0,0,0,0,0,1
118359,0,0,0,0,0,0,0,0,1
118360,0,0,0,0,0,0,0,0,1
118361,0,0,0,0,0,0,0,0,1
118362,0,0,0,0,0,0,0,0,1
118363,0,0,0,0,0,0,0,0,1
118364,0,0,0,0,0,0,0,0,1
118365,0,0,0,0,0,0,0,0,1
118366,0,0,0,0,0,0,0,0,1
118367,0,0,0,0,0,0,0,0,1
118368,0,0,0,0,0,0,0,0,1
118369,0,0,0,0,0,0,0,0,1
118370,0,0,0,0,0,0,0,0,1
118371,0,0,0,0,0,0,0,0,1
118372,0,0,0,0,0,0,0,0,1
118373,0,0,0,0,0,0,0,0,1
118374,0,0,0,0,0,0,0,0,1
118375,0,0,0,0,0,0,0,0,1
118376,0,0,0,0,0,0,0,0,1
118377,0,0,0,0,0,0,0,0,1
118378,0,0,0,0,0,0,0,0,1
118379,0,0,0,0,0,0,0,0,1
118380,0,0,0,0,0,0,0,0,1
118381,0,0,0,0,0,0,0,0,1
118382,0,0,0,0,0,0,0,0,1
118383,0,0,0,0,0,0,0,0,1
118384,0,0,0,0,0,0,0,0,1
118385,0,0,0,0,0,0,0,0,1
118386,0,0,0,0,0,0,0,0,1
118387,0,0,0,0,0,0,0,0,1
118388,0,0,0,0,0,0,0,0,1
118389,0,0,0,0,0,0,0,0,1
118390,0,0,0,0,0,0,0,0,1
118391,0,0,0,0,0,0,0,0,1
118392,0,0,0,0,0,0,0,0,1
118393,0,0,0,0,0,0,0,0,1
118394,0,0,0,0,0,0,0,0,1
118395,0,0,0,0,0,0,0,0,1
118396,0,0,0,0,0,0,0,0,1
118397,0,0,0,0,0,0,0,0,1
118398,0,0,0,0,0,0,0,0,1
118399,0,0,0,0,0,0,0,0,1
118400,0,0,0,0,0,0,0,0,1
118401,0,0,0,0,0,0,0,0,1
118402,0,0,0,0,0,0,0,0,1
118403,0,0,0,0,0,0,0,0,1
118404,0,0,0,0,0,0,0,0,1
118405,0,0,0,0,0,0,0,0,1
118406,0,0,0,0,0,0,0,0,1
118407,0,0,0,0,0,0,0,0,1
118408,0,0,0,0,0,0,0,0,1
118409,0,0,0,0,0,0,0,0,1
118410,0,0,0,0,0,0,0,0,1
118411,0,0,0,0,0,0,0,0,1
118412,0,0,0,0,0,0,0,0,1
118413,0,0,0,0,0,0,0,0,1
118414,0,0,0,0,0,0,0,0,1
118415,0,0,0,0,0,0,0,0,1
118416,0,0,0,0,0,0,0,0,1
118417,0,0,0,0,0,0,0,0,1
118418,0,0,0,0,0,0,0,0,1
118419,0,0,0,0,0,0,0,0,1
118420,0,0,0,0,0,0,0,0,1
118421,0,0,0,0,0,0,0,0,1
118422,0,0,0,0,0,0,0,0,1
118423,0,0,0,0,0,0,0,0,1
118424,0,0,0,0,0,0,0,0,1
118425,0,0,0,0,0,0,0,0,1
118426,0,0,0,0,0,0,0,0,1
118427,0,0,0,0,0,0,0,0,1
118428,0,0,0,0,0,0,0,0,1
118429,0,0,0,0,0,0,0,0,1
118430,0,0,0,0,0,0,0,0,1
118431,0,0,0,0,0,0,0,0,1
118432,0,0,0,0,0,0,0,0,1
118433,0,0,0,0,0,0,0,0,1
118434,0,0,0,0,0,0,0,0,1
118435,0,0,0,0,0,0,0,0,1
118436,0,0,0,0,0,0,0,0,1
118437,0,0,0,0,0,0,0,0,1
118438,0,0,0,0,0,0,0,0,1
118439,0,0,0,0,0,0,0,0,1
118440,0,0,0,0,0,0,0,0,1
118441,0,0,0,0,0,0,0,0,1
118442,0,0,0,0,0,0,0,0,1
118443,0,0,0,0,0,0,0,0,1
118444,0,0,0,0,0,0,0,0,1
118445,0,0,0,0,0,0,0,0,1
118446,0,0,0,0,0,0,0,0,1
118447,0,0,0,0,0,0,0,0,1
118448,0,0,0,0,0,0,0,0,1
118449,0,0,0,0,0,0,0,0,1
118450,0,0,0,0,0,0,0,0,1
118451,0,0,0,0,0,0,0,0,1
118452,0,0,0,0,0,0,0,0,1
118453,0,0,0,0,0,0,0,0,1
118454,0,0,0,0,0,0,0,0,1
118455,0,0,0,0,0,0,0,0,1
118456,0,0,0,0,0,0,0,0,1
118457,0,0,0,0,0,0,0,0,1
118458,0,0,0,0,0,0,0,0,1
118459,0,0,0,0,0,0,0,0,1
118460,0,0,0,0,0,0,0,0,1
118461,0,0,0,0,0,0,0,0,1
118462,0,0,0,0,0,0,0,0,1
118463,0,0,0,0,0,0,0,0,1
118464,0,0,0,0,0,0,0,0,1
118465,0,0,0,0,0,0,0,0,1
118466,0,0,0,0,0,0,0,0,1
118467,0,0,0,0,0,0,0,0,1
118468,0,0,0,0,0,0,0,0,1
118469,0,0,0,0,0,0,0,0,1
118470,0,0,0,0,0,0,0,0,1
118471,0,0,0,0,0,0,0,0,1
118472,0,0,0,0,0,0,0,0,1
118473,0,0,0,0,0,0,0,0,1
118474,0,0,0,0,0,0,0,0,1
118475,0,0,0,0,0,0,0,0,1
118476,0,0,0,0,0,0,0,0,1
118477,0,0,0,0,0,0,0,0,1
118478,0,0,0,0,0,0,0,0,1
118479,0,0,0,0,0,0,0,0,1
118480,0,0,0,0,0,0,0,0,1
118481,0,0,0,0,0,0,0,0,1
118482,0,0,0,0,0,0,0,0,1
118483,0,0,0,0,0,0,0,0,1
118484,0,0,0,0,0,0,0,0,1
118485,0,0,0,0,0,0,0,0,1
118486,0,0,0,0,0,0,0,0,1
118487,0,0,0,0,0,0,0,0,1
118488,0,0,0,0,0,0,0,0,1
118489,0,0,0,0,0,0,0,0,1
118490,0,0,0,0,0,0,0,0,1
118491,0,0,0,0,0,0,0,0,1
118492,0,0,0,0,0,0,0,0,1
118493,0,0,0,0,0,0,0,0,1
118494,0,0,0,0,0,0,0,0,1
118495,0,0,0,0,0,0,0,0,1
118496,0,0,0,0,0,0,0,0,1
118497,0,0,0,0,0,0,0,0,1
118498,0,0,0,0,0,0,0,0,1
118499,0,0,0,0,0,0,0,0,1
118500,0,0,0,0,0,0,0,0,1
118501,0,0,0,0,0,0,0,0,1
118502,0,0,0,0,0,0,0,0,1
118503,0,0,0,0,0,0,0,0,1
118504,0,0,0,0,0,0,0,0,1
118505,0,0,0,0,0,0,0,0,1
118506,0,0,0,0,0,0,0,0,1
118507,0,0,0,0,0,0,0,0,1
118508,0,0,0,0,0,0,0,0,1
118509,0,0,0,0,0,0,0,0,1
118510,0,0,0,0,0,0,0,0,1
118511,0,0,0,0,0,0,0,0,1
118512,0,0,0,0,0,0,0,0,1
118513,0,0,0,0,0,0,0,0,1
118514,0,0,0,0,0,0,0,0,1
118515,0,0,0,0,0,0,0,0,1
118516,0,0,0,0,0,0,0,0,1
118517,0,0,0,0,0,0,0,0,1
118518,0,0,0,0,0,0,0,0,1
118519,0,0,0,0,0,0,0,0,1
118520,0,0,0,0,0,0,0,0,1
118521,0,0,0,0,0,0,0,0,1
118522,0,0,0,0,0,0,0,0,1
118523,0,0,0,0,0,0,0,0,1
118524,0,0,0,0,0,0,0,0,1
118525,0,0,0,0,0,0,0,0,1
118526,0,0,0,0,0,0,0,0,1
118527,0,0,0,0,0,0,0,0,1
118528,0,0,0,0,0,0,0,0,1
118529,0,0,0,0,0,0,0,0,1
118530,0,0,0,0,0,0,0,0,1
118531,0,0,0,0,0,0,0,0,1
118532,0,0,0,0,0,0,0,0,1
118533,0,0,0,0,0,0,0,0,1
118534,0,0,0,0,0,0,0,0,1
118535,0,0,0,0,0,0,0,0,1
118536,0,0,0,0,0,0,0,0,1
118537,0,0,0,0,0,0,0,0,1
118538,0,0,0,0,0,0,0,0,1
118539,0,0,0,0,0,0,0,0,1
118540,0,0,0,0,0,0,0,0,1
118541,0,0,0,0,0,0,0,0,1
118542,0,0,0,0,0,0,0,0,1
118543,0,0,0,0,0,0,0,0,1
118544,0,0,0,0,0,0,0,0,1
118545,0,0,0,0,0,0,0,0,1
118546,0,0,0,0,0,0,0,0,1
118547,0,0,0,0,0,0,0,0,1
118548,0,0,0,0,0,0,0,0,1
118549,0,0,0,0,0,0,0,0,1
118550,0,0,0,0,0,0,0,0,1
118551,0,0,0,0,0,0,0,0,1
118552,0,0,0,0,0,0,0,0,1
118553,0,0,0,0,0,0,0,0,1
118554,0,0,0,0,0,0,0,0,1
118555,0,0,0,0,0,0,0,0,1
118556,0,0,0,0,0,0,0,0,1
118557,0,0,0,0,0,0,0,0,1
118558,0,0,0,0,0,0,0,0,1
118559,0,0,0,0,0,0,0,0,1
118560,0,0,0,0,0,0,0,0,1
118561,0,0,0,0,0,0,0,0,1
118562,0,0,0,0,0,0,0,0,1
118563,0,0,0,0,0,0,0,0,1
118564,0,0,0,0,0,0,0,0,1
118565,0,0,0,0,0,0,0,0,1
118566,0,0,0,0,0,0,0,0,1
118567,0,0,0,0,0,0,0,0,1
118568,0,0,0,0,0,0,0,0,1
118569,0,0,0,0,0,0,0,0,1
118570,0,0,0,0,0,0,0,0,1
118571,0,0,0,0,0,0,0,0,1
118572,0,0,0,0,0,0,0,0,1
118573,0,0,0,0,0,0,0,0,1
118574,0,0,0,0,0,0,0,0,1
118575,0,0,0,0,0,0,0,0,1
118576,0,0,0,0,0,0,0,0,1
118577,0,0,0,0,0,0,0,0,1
118578,0,0,0,0,0,0,0,0,1
118579,0,0,0,0,0,0,0,0,1
118580,0,0,0,0,0,0,0,0,1
118581,0,0,0,0,0,0,0,0,1
118582,0,0,0,0,0,0,0,0,1
118583,0,0,0,0,0,0,0,0,1
118584,0,0,0,0,0,0,0,0,1
118585,0,0,0,0,0,0,0,0,1
118586,0,0,0,0,0,0,0,0,1
118587,0,0,0,0,0,0,0,0,1
118588,0,0,0,0,0,0,0,0,1
118589,0,0,0,0,0,0,0,0,1
118590,0,0,0,0,0,0,0,0,1
118591,0,0,0,0,0,0,0,0,1
118592,0,0,0,0,0,0,0,0,1
118593,0,0,0,0,0,0,0,0,1
118594,0,0,0,0,0,0,0,0,1
118595,0,0,0,0,0,0,0,0,1
118596,0,0,0,0,0,0,0,0,1
118597,0,0,0,0,0,0,0,0,1
118598,0,0,0,0,0,0,0,0,1
118599,0,0,0,0,0,0,0,0,1
118600,0,0,0,0,0,0,0,0,1
118601,0,0,0,0,0,0,0,0,1
118602,0,0,0,0,0,0,0,0,1
118603,0,0,0,0,0,0,0,0,1
118604,0,0,0,0,0,0,0,0,1
118605,0,0,0,0,0,0,0,0,1
118606,0,0,0,0,0,0,0,0,1
118607,0,0,0,0,0,0,0,0,1
118608,0,0,0,0,0,0,0,0,1
118609,0,0,0,0,0,0,0,0,1
118610,0,0,0,0,0,0,0,0,1
118611,0,0,0,0,0,0,0,0,1
118612,0,0,0,0,0,0,0,0,1
118613,0,0,0,0,0,0,0,0,1
118614,0,0,0,0,0,0,0,0,1
118615,0,0,0,0,0,0,0,0,1
118616,0,0,0,0,0,0,0,0,1
118617,0,0,0,0,0,0,0,0,1
118618,0,0,0,0,0,0,0,0,1
118619,0,0,0,0,0,0,0,0,1
118620,0,0,0,0,0,0,0,0,1
118621,0,0,0,0,0,0,0,0,1
118622,0,0,0,0,0,0,0,0,1
118623,0,0,0,0,0,0,0,0,1
118624,0,0,0,0,0,0,0,0,1
118625,0,0,0,0,0,0,0,0,1
118626,0,0,0,0,0,0,0,0,1
118627,0,0,0,0,0,0,0,0,1
118628,0,0,0,0,0,0,0,0,1
118629,0,0,0,0,0,0,0,0,1
118630,0,0,0,0,0,0,0,0,1
118631,0,0,0,0,0,0,0,0,1
118632,0,0,0,0,0,0,0,0,1
118633,0,0,0,0,0,0,0,0,1
118634,0,0,0,0,0,0,0,0,1
118635,0,0,0,0,0,0,0,0,1
118636,0,0,0,0,0,0,0,0,1
118637,0,0,0,0,0,0,0,0,1
118638,0,0,0,0,0,0,0,0,1
118639,0,0,0,0,0,0,0,0,1
118640,0,0,0,0,0,0,0,0,1
118641,0,0,0,0,0,0,0,0,1
118642,0,0,0,0,0,0,0,0,1
118643,0,0,0,0,0,0,0,0,1
118644,0,0,0,0,0,0,0,0,1
118645,0,0,0,0,0,0,0,0,1
118646,0,0,0,0,0,0,0,0,1
118647,0,0,0,0,0,0,0,0,1
118648,0,0,0,0,0,0,0,0,1
118649,0,0,0,0,0,0,0,0,1
118650,0,0,0,0,0,0,0,0,1
118651,0,0,0,0,0,0,0,0,1
118652,0,0,0,0,0,0,0,0,1
118653,0,0,0,0,0,0,0,0,1
118654,0,0,0,0,0,0,0,0,1
118655,0,0,0,0,0,0,0,0,1
118656,0,0,0,0,0,0,0,0,1
118657,0,0,0,0,0,0,0,0,1
118658,0,0,0,0,0,0,0,0,1
118659,0,0,0,0,0,0,0,0,1
118660,0,0,0,0,0,0,0,0,1
118661,0,0,0,0,0,0,0,0,1
118662,0,0,0,0,0,0,0,0,1
118663,0,0,0,0,0,0,0,0,1
118664,0,0,0,0,0,0,0,0,1
118665,0,0,0,0,0,0,0,0,1
118666,0,0,0,0,0,0,0,0,1
118667,0,0,0,0,0,0,0,0,1
118668,0,0,0,0,0,0,0,0,1
118669,0,0,0,0,0,0,0,0,1
118670,0,0,0,0,0,0,0,0,1
118671,0,0,0,0,0,0,0,0,1
118672,0,0,0,0,0,0,0,0,1
118673,0,0,0,0,0,0,0,0,1
118674,0,0,0,0,0,0,0,0,1
118675,0,0,0,0,0,0,0,0,1
118676,0,0,0,0,0,0,0,0,1
118677,0,0,0,0,0,0,0,0,1
118678,0,0,0,0,0,0,0,0,1
118679,0,0,0,0,0,0,0,0,1
118680,0,0,0,0,0,0,0,0,1
118681,0,0,0,0,0,0,0,0,1
118682,0,0,0,0,0,0,0,0,1
118683,0,0,0,0,0,0,0,0,1
118684,0,0,0,0,0,0,0,0,1
118685,0,0,0,0,0,0,0,0,1
118686,0,0,0,0,0,0,0,0,1
118687,0,0,0,0,0,0,0,0,1
118688,0,0,0,0,0,0,0,0,1
118689,0,0,0,0,0,0,0,0,1
118690,0,0,0,0,0,0,0,0,1
118691,0,0,0,0,0,0,0,0,1
118692,0,0,0,0,0,0,0,0,1
118693,0,0,0,0,0,0,0,0,1
118694,0,0,0,0,0,0,0,0,1
118695,0,0,0,0,0,0,0,0,1
118696,0,0,0,0,0,0,0,0,1
118697,0,0,0,0,0,0,0,0,1
118698,0,0,0,0,0,0,0,0,1
118699,0,0,0,0,0,0,0,0,1
118700,0,0,0,0,0,0,0,0,1
118701,0,0,0,0,0,0,0,0,1
118702,0,0,0,0,0,0,0,0,1
118703,0,0,0,0,0,0,0,0,1
118704,0,0,0,0,0,0,0,0,1
118705,0,0,0,0,0,0,0,0,1
118706,0,0,0,0,0,0,0,0,1
118707,0,0,0,0,0,0,0,0,1
118708,0,0,0,0,0,0,0,0,1
118709,0,0,0,0,0,0,0,0,1
118710,0,0,0,0,0,0,0,0,1
118711,0,0,0,0,0,0,0,0,1
118712,0,0,0,0,0,0,0,0,1
118713,0,0,0,0,0,0,0,0,1
118714,0,0,0,0,0,0,0,0,1
118715,0,0,0,0,0,0,0,0,1
118716,0,0,0,0,0,0,0,0,1
118717,0,0,0,0,0,0,0,0,1
118718,0,0,0,0,0,0,0,0,1
118719,0,0,0,0,0,0,0,0,1
118720,0,0,0,0,0,0,0,0,1
118721,0,0,0,0,0,0,0,0,1
118722,0,0,0,0,0,0,0,0,1
118723,0,0,0,0,0,0,0,0,1
118724,0,0,0,0,0,0,0,0,1
118725,0,0,0,0,0,0,0,0,1
118726,0,0,0,0,0,0,0,0,1
118727,0,0,0,0,0,0,0,0,1
118728,0,0,0,0,0,0,0,0,1
118729,0,0,0,0,0,0,0,0,1
118730,0,0,0,0,0,0,0,0,1
118731,0,0,0,0,0,0,0,0,1
118732,0,0,0,0,0,0,0,0,1
118733,0,0,0,0,0,0,0,0,1
118734,0,0,0,0,0,0,0,0,1
118735,0,0,0,0,0,0,0,0,1
118736,0,0,0,0,0,0,0,0,1
118737,0,0,0,0,0,0,0,0,1
118738,0,0,0,0,0,0,0,0,1
118739,0,0,0,0,0,0,0,0,1
118740,0,0,0,0,0,0,0,0,1
118741,0,0,0,0,0,0,0,0,1
118742,0,0,0,0,0,0,0,0,1
118743,0,0,0,0,0,0,0,0,1
118744,0,0,0,0,0,0,0,0,1
118745,0,0,0,0,0,0,0,0,1
118746,0,0,0,0,0,0,0,0,1
118747,0,0,0,0,0,0,0,0,1
118748,0,0,0,0,0,0,0,0,1
118749,0,0,0,0,0,0,0,0,1
118750,0,0,0,0,0,0,0,0,1
118751,0,0,0,0,0,0,0,0,1
118752,0,0,0,0,0,0,0,0,1
118753,0,0,0,0,0,0,0,0,1
118754,0,0,0,0,0,0,0,0,1
118755,0,0,0,0,0,0,0,0,1
118756,0,0,0,0,0,0,0,0,1
118757,0,0,0,0,0,0,0,0,1
118758,0,0,0,0,0,0,0,0,1
118759,0,0,0,0,0,0,0,0,1
118760,0,0,0,0,0,0,0,0,1
118761,0,0,0,0,0,0,0,0,1
118762,0,0,0,0,0,0,0,0,1
118763,0,0,0,0,0,0,0,0,1
118764,0,0,0,0,0,0,0,0,1
118765,0,0,0,0,0,0,0,0,1
118766,0,0,0,0,0,0,0,0,1
118767,0,0,0,0,0,0,0,0,1
118768,0,0,0,0,0,0,0,0,1
118769,0,0,0,0,0,0,0,0,1
118770,0,0,0,0,0,0,0,0,1
118771,0,0,0,0,0,0,0,0,1
118772,0,0,0,0,0,0,0,0,1
118773,0,0,0,0,0,0,0,0,1
118774,0,0,0,0,0,0,0,0,1
118775,0,0,0,0,0,0,0,0,1
118776,0,0,0,0,0,0,0,0,1
118777,0,0,0,0,0,0,0,0,1
118778,0,0,0,0,0,0,0,0,1
118779,0,0,0,0,0,0,0,0,1
118780,0,0,0,0,0,0,0,0,1
118781,0,0,0,0,0,0,0,0,1
118782,0,0,0,0,0,0,0,0,1
118783,0,0,0,0,0,0,0,0,1
118784,0,0,0,0,0,0,0,0,1
118785,0,0,0,0,0,0,0,0,1
118786,0,0,0,0,0,0,0,0,1
118787,0,0,0,0,0,0,0,0,1
118788,0,0,0,0,0,0,0,0,1
118789,0,0,0,0,0,0,0,0,1
118790,0,0,0,0,0,0,0,0,1
118791,0,0,0,0,0,0,0,0,1
118792,0,0,0,0,0,0,0,0,1
118793,0,0,0,0,0,0,0,0,1
118794,0,0,0,0,0,0,0,0,1
118795,0,0,0,0,0,0,0,0,1
118796,0,0,0,0,0,0,0,0,1
118797,0,0,0,0,0,0,0,0,1
118798,0,0,0,0,0,0,0,0,1
118799,0,0,0,0,0,0,0,0,1
118800,0,0,0,0,0,0,0,0,1
118801,0,0,0,0,0,0,0,0,1
118802,0,0,0,0,0,0,0,0,1
118803,0,0,0,0,0,0,0,0,1
118804,0,0,0,0,0,0,0,0,1
118805,0,0,0,0,0,0,0,0,1
118806,0,0,0,0,0,0,0,0,1
118807,0,0,0,0,0,0,0,0,1
118808,0,0,0,0,0,0,0,0,1
118809,0,0,0,0,0,0,0,0,1
118810,0,0,0,0,0,0,0,0,1
118811,0,0,0,0,0,0,0,0,1
118812,0,0,0,0,0,0,0,0,1
118813,0,0,0,0,0,0,0,0,1
118814,0,0,0,0,0,0,0,0,1
118815,0,0,0,0,0,0,0,0,1
118816,0,0,0,0,0,0,0,0,1
118817,0,0,0,0,0,0,0,0,1
118818,0,0,0,0,0,0,0,0,1
118819,0,0,0,0,0,0,0,0,1
118820,0,0,0,0,0,0,0,0,1
118821,0,0,0,0,0,0,0,0,1
118822,0,0,0,0,0,0,0,0,1
118823,0,0,0,0,0,0,0,0,1
118824,0,0,0,0,0,0,0,0,1
118825,0,0,0,0,0,0,0,0,1
118826,0,0,0,0,0,0,0,0,1
118827,0,0,0,0,0,0,0,0,1
118828,0,0,0,0,0,0,0,0,1
118829,0,0,0,0,0,0,0,0,1
118830,0,0,0,0,0,0,0,0,1
118831,0,0,0,0,0,0,0,0,1
118832,0,0,0,0,0,0,0,0,1
118833,0,0,0,0,0,0,0,0,1
118834,0,0,0,0,0,0,0,0,1
118835,0,0,0,0,0,0,0,0,1
118836,0,0,0,0,0,0,0,0,1
118837,0,0,0,0,0,0,0,0,1
118838,0,0,0,0,0,0,0,0,1
118839,0,0,0,0,0,0,0,0,1
118840,0,0,0,0,0,0,0,0,1
118841,0,0,0,0,0,0,0,0,1
118842,0,0,0,0,0,0,0,0,1
118843,0,0,0,0,0,0,0,0,1
118844,0,0,0,0,0,0,0,0,1
118845,0,0,0,0,0,0,0,0,1
118846,0,0,0,0,0,0,0,0,1
118847,0,0,0,0,0,0,0,0,1
118848,0,0,0,0,0,0,0,0,1
118849,0,0,0,0,0,0,0,0,1
118850,0,0,0,0,0,0,0,0,1
118851,0,0,0,0,0,0,0,0,1
118852,0,0,0,0,0,0,0,0,1
118853,0,0,0,0,0,0,0,0,1
118854,0,0,0,0,0,0,0,0,1
118855,0,0,0,0,0,0,0,0,1
118856,0,0,0,0,0,0,0,0,1
118857,0,0,0,0,0,0,0,0,1
118858,0,0,0,0,0,0,0,0,1
118859,0,0,0,0,0,0,0,0,1
118860,0,0,0,0,0,0,0,0,1
118861,0,0,0,0,0,0,0,0,1
118862,0,0,0,0,0,0,0,0,1
118863,0,0,0,0,0,0,0,0,1
118864,0,0,0,0,0,0,0,0,1
118865,0,0,0,0,0,0,0,0,1
118866,0,0,0,0,0,0,0,0,1
118867,0,0,0,0,0,0,0,0,1
118868,0,0,0,0,0,0,0,0,1
118869,0,0,0,0,0,0,0,0,1
118870,0,0,0,0,0,0,0,0,1
118871,0,0,0,0,0,0,0,0,1
118872,0,0,0,0,0,0,0,0,1
118873,0,0,0,0,0,0,0,0,1
118874,0,0,0,0,0,0,0,0,1
118875,0,0,0,0,0,0,0,0,1
118876,0,0,0,0,0,0,0,0,1
118877,0,0,0,0,0,0,0,0,1
118878,0,0,0,0,0,0,0,0,1
118879,0,0,0,0,0,0,0,0,1
118880,0,0,0,0,0,0,0,0,1
118881,0,0,0,0,0,0,0,0,1
118882,0,0,0,0,0,0,0,0,1
118883,0,0,0,0,0,0,0,0,1
118884,0,0,0,0,0,0,0,0,1
118885,0,0,0,0,0,0,0,0,1
118886,0,0,0,0,0,0,0,0,1
118887,0,0,0,0,0,0,0,0,1
118888,0,0,0,0,0,0,0,0,1
118889,0,0,0,0,0,0,0,0,1
118890,0,0,0,0,0,0,0,0,1
118891,0,0,0,0,0,0,0,0,1
118892,0,0,0,0,0,0,0,0,1
118893,0,0,0,0,0,0,0,0,1
118894,0,0,0,0,0,0,0,0,1
118895,0,0,0,0,0,0,0,0,1
118896,0,0,0,0,0,0,0,0,1
118897,0,0,0,0,0,0,0,0,1
118898,0,0,0,0,0,0,0,0,1
118899,0,0,0,0,0,0,0,0,1
118900,0,0,0,0,0,0,0,0,1
118901,0,0,0,0,0,0,0,0,1
118902,0,0,0,0,0,0,0,0,1
118903,0,0,0,0,0,0,0,0,1
118904,0,0,0,0,0,0,0,0,1
118905,0,0,0,0,0,0,0,0,1
118906,0,0,0,0,0,0,0,0,1
118907,0,0,0,0,0,0,0,0,1
118908,0,0,0,0,0,0,0,0,1
118909,0,0,0,0,0,0,0,0,1
118910,0,0,0,0,0,0,0,0,1
118911,0,0,0,0,0,0,0,0,1
118912,0,0,0,0,0,0,0,0,1
118913,0,0,0,0,0,0,0,0,1
118914,0,0,0,0,0,0,0,0,1
118915,0,0,0,0,0,0,0,0,1
118916,0,0,0,0,0,0,0,0,1
118917,0,0,0,0,0,0,0,0,1
118918,0,0,0,0,0,0,0,0,1
118919,0,0,0,0,0,0,0,0,1
118920,0,0,0,0,0,0,0,0,1
118921,0,0,0,0,0,0,0,0,1
118922,0,0,0,0,0,0,0,0,1
118923,0,0,0,0,0,0,0,0,1
118924,0,0,0,0,0,0,0,0,1
118925,0,0,0,0,0,0,0,0,1
118926,0,0,0,0,0,0,0,0,1
118927,0,0,0,0,0,0,0,0,1
118928,0,0,0,0,0,0,0,0,1
118929,0,0,0,0,0,0,0,0,1
118930,0,0,0,0,0,0,0,0,1
118931,0,0,0,0,0,0,0,0,1
118932,0,0,0,0,0,0,0,0,1
118933,0,0,0,0,0,0,0,0,1
118934,0,0,0,0,0,0,0,0,1
118935,0,0,0,0,0,0,0,0,1
118936,0,0,0,0,0,0,0,0,1
118937,0,0,0,0,0,0,0,0,1
118938,0,0,0,0,0,0,0,0,1
118939,0,0,0,0,0,0,0,0,1
118940,0,0,0,0,0,0,0,0,1
118941,0,0,0,0,0,0,0,0,1
118942,0,0,0,0,0,0,0,0,1
118943,0,0,0,0,0,0,0,0,1
118944,0,0,0,0,0,0,0,0,1
118945,0,0,0,0,0,0,0,0,1
118946,0,0,0,0,0,0,0,0,1
118947,0,0,0,0,0,0,0,0,1
118948,0,0,0,0,0,0,0,0,1
118949,0,0,0,0,0,0,0,0,1
118950,0,0,0,0,0,0,0,0,1
118951,0,0,0,0,0,0,0,0,1
118952,0,0,0,0,0,0,0,0,1
118953,0,0,0,0,0,0,0,0,1
118954,0,0,0,0,0,0,0,0,1
118955,0,0,0,0,0,0,0,0,1
118956,0,0,0,0,0,0,0,0,1
118957,0,0,0,0,0,0,0,0,1
118958,0,0,0,0,0,0,0,0,1
118959,0,0,0,0,0,0,0,0,1
118960,0,0,0,0,0,0,0,0,1
118961,0,0,0,0,0,0,0,0,1
118962,0,0,0,0,0,0,0,0,1
118963,0,0,0,0,0,0,0,0,1
118964,0,0,0,0,0,0,0,0,1
118965,0,0,0,0,0,0,0,0,1
118966,0,0,0,0,0,0,0,0,1
118967,0,0,0,0,0,0,0,0,1
118968,0,0,0,0,0,0,0,0,1
118969,0,0,0,0,0,0,0,0,1
118970,0,0,0,0,0,0,0,0,1
118971,0,0,0,0,0,0,0,0,1
118972,0,0,0,0,0,0,0,0,1
118973,0,0,0,0,0,0,0,0,1
118974,0,0,0,0,0,0,0,0,1
118975,0,0,0,0,0,0,0,0,1
118976,0,0,0,0,0,0,0,0,1
118977,0,0,0,0,0,0,0,0,1
118978,0,0,0,0,0,0,0,0,1
118979,0,0,0,0,0,0,0,0,1
118980,0,0,0,0,0,0,0,0,1
118981,0,0,0,0,0,0,0,0,1
118982,0,0,0,0,0,0,0,0,1
118983,0,0,0,0,0,0,0,0,1
118984,0,0,0,0,0,0,0,0,1
118985,0,0,0,0,0,0,0,0,1
118986,0,0,0,0,0,0,0,0,1
118987,0,0,0,0,0,0,0,0,1
118988,0,0,0,0,0,0,0,0,1
118989,0,0,0,0,0,0,0,0,1
118990,0,0,0,0,0,0,0,0,1
118991,0,0,0,0,0,0,0,0,1
118992,0,0,0,0,0,0,0,0,1
118993,0,0,0,0,0,0,0,0,1
118994,0,0,0,0,0,0,0,0,1
118995,0,0,0,0,0,0,0,0,1
118996,0,0,0,0,0,0,0,0,1
118997,0,0,0,0,0,0,0,0,1
118998,0,0,0,0,0,0,0,0,1
118999,0,0,0,0,0,0,0,0,1
119000,0,0,0,0,0,0,0,0,1
119001,0,0,0,0,0,0,0,0,1
119002,0,0,0,0,0,0,0,0,1
119003,0,0,0,0,0,0,0,0,1
119004,0,0,0,0,0,0,0,0,1
119005,0,0,0,0,0,0,0,0,1
119006,0,0,0,0,0,0,0,0,1
119007,0,0,0,0,0,0,0,0,1
119008,0,0,0,0,0,0,0,0,1
119009,0,0,0,0,0,0,0,0,1
119010,0,0,0,0,0,0,0,0,1
119011,0,0,0,0,0,0,0,0,1
119012,0,0,0,0,0,0,0,0,1
119013,0,0,0,0,0,0,0,0,1
119014,0,0,0,0,0,0,0,0,1
119015,0,0,0,0,0,0,0,0,1
119016,0,0,0,0,0,0,0,0,1
119017,0,0,0,0,0,0,0,0,1
119018,0,0,0,0,0,0,0,0,1
119019,0,0,0,0,0,0,0,0,1
119020,0,0,0,0,0,0,0,0,1
119021,0,0,0,0,0,0,0,0,1
119022,0,0,0,0,0,0,0,0,1
119023,0,0,0,0,0,0,0,0,1
119024,0,0,0,0,0,0,0,0,1
119025,0,0,0,0,0,0,0,0,1
119026,0,0,0,0,0,0,0,0,1
119027,0,0,0,0,0,0,0,0,1
119028,0,0,0,0,0,0,0,0,1
119029,0,0,0,0,0,0,0,0,1
119030,0,0,0,0,0,0,0,0,1
119031,0,0,0,0,0,0,0,0,1
119032,0,0,0,0,0,0,0,0,1
119033,0,0,0,0,0,0,0,0,1
119034,0,0,0,0,0,0,0,0,1
119035,0,0,0,0,0,0,0,0,1
119036,0,0,0,0,0,0,0,0,1
119037,0,0,0,0,0,0,0,0,1
119038,0,0,0,0,0,0,0,0,1
119039,0,0,0,0,0,0,0,0,1
119040,0,0,0,0,0,0,0,0,1
119041,0,0,0,0,0,0,0,0,1
119042,0,0,0,0,0,0,0,0,1
119043,0,0,0,0,0,0,0,0,1
119044,0,0,0,0,0,0,0,0,1
119045,0,0,0,0,0,0,0,0,1
119046,0,0,0,0,0,0,0,0,1
119047,0,0,0,0,0,0,0,0,1
119048,0,0,0,0,0,0,0,0,1
119049,0,0,0,0,0,0,0,0,1
119050,0,0,0,0,0,0,0,0,1
119051,0,0,0,0,0,0,0,0,1
119052,0,0,0,0,0,0,0,0,1
119053,0,0,0,0,0,0,0,0,1
119054,0,0,0,0,0,0,0,0,1
119055,0,0,0,0,0,0,0,0,1
119056,0,0,0,0,0,0,0,0,1
119057,0,0,0,0,0,0,0,0,1
119058,0,0,0,0,0,0,0,0,1
119059,0,0,0,0,0,0,0,0,1
119060,0,0,0,0,0,0,0,0,1
119061,0,0,0,0,0,0,0,0,1
119062,0,0,0,0,0,0,0,0,1
119063,0,0,0,0,0,0,0,0,1
119064,0,0,0,0,0,0,0,0,1
119065,0,0,0,0,0,0,0,0,1
119066,0,0,0,0,0,0,0,0,1
119067,0,0,0,0,0,0,0,0,1
119068,0,0,0,0,0,0,0,0,1
119069,0,0,0,0,0,0,0,0,1
119070,0,0,0,0,0,0,0,0,1
119071,0,0,0,0,0,0,0,0,1
119072,0,0,0,0,0,0,0,0,1
119073,0,0,0,0,0,0,0,0,1
119074,0,0,0,0,0,0,0,0,1
119075,0,0,0,0,0,0,0,0,1
119076,0,0,0,0,0,0,0,0,1
119077,0,0,0,0,0,0,0,0,1
119078,0,0,0,0,0,0,0,0,1
119079,0,0,0,0,0,0,0,0,1
119080,0,0,0,0,0,0,0,0,1
119081,0,0,0,0,0,0,0,0,1
119082,0,0,0,0,0,0,0,0,1
119083,0,0,0,0,0,0,0,0,1
119084,0,0,0,0,0,0,0,0,1
119085,0,0,0,0,0,0,0,0,1
119086,0,0,0,0,0,0,0,0,1
119087,0,0,0,0,0,0,0,0,1
119088,0,0,0,0,0,0,0,0,1
119089,0,0,0,0,0,0,0,0,1
119090,0,0,0,0,0,0,0,0,1
119091,0,0,0,0,0,0,0,0,1
119092,0,0,0,0,0,0,0,0,1
119093,0,0,0,0,0,0,0,0,1
119094,0,0,0,0,0,0,0,0,1
119095,0,0,0,0,0,0,0,0,1
119096,0,0,0,0,0,0,0,0,1
119097,0,0,0,0,0,0,0,0,1
119098,0,0,0,0,0,0,0,0,1
119099,0,0,0,0,0,0,0,0,1
119100,0,0,0,0,0,0,0,0,1
119101,0,0,0,0,0,0,0,0,1
119102,0,0,0,0,0,0,0,0,1
119103,0,0,0,0,0,0,0,0,1
119104,0,0,0,0,0,0,0,0,1
119105,0,0,0,0,0,0,0,0,1
119106,0,0,0,0,0,0,0,0,1
119107,0,0,0,0,0,0,0,0,1
119108,0,0,0,0,0,0,0,0,1
119109,0,0,0,0,0,0,0,0,1
119110,0,0,0,0,0,0,0,0,1
119111,0,0,0,0,0,0,0,0,1
119112,0,0,0,0,0,0,0,0,1
119113,0,0,0,0,0,0,0,0,1
119114,0,0,0,0,0,0,0,0,1
119115,0,0,0,0,0,0,0,0,1
119116,0,0,0,0,0,0,0,0,1
119117,0,0,0,0,0,0,0,0,1
119118,0,0,0,0,0,0,0,0,1
119119,0,0,0,0,0,0,0,0,1
119120,0,0,0,0,0,0,0,0,1
119121,0,0,0,0,0,0,0,0,1
119122,0,0,0,0,0,0,0,0,1
119123,0,0,0,0,0,0,0,0,1
119124,0,0,0,0,0,0,0,0,1
119125,0,0,0,0,0,0,0,0,1
119126,0,0,0,0,0,0,0,0,1
119127,0,0,0,0,0,0,0,0,1
119128,0,0,0,0,0,0,0,0,1
119129,0,0,0,0,0,0,0,0,1
119130,0,0,0,0,0,0,0,0,1
119131,0,0,0,0,0,0,0,0,1
119132,0,0,0,0,0,0,0,0,1
119133,0,0,0,0,0,0,0,0,1
119134,0,0,0,0,0,0,0,0,1
119135,0,0,0,0,0,0,0,0,1
119136,0,0,0,0,0,0,0,0,1
119137,0,0,0,0,0,0,0,0,1
119138,0,0,0,0,0,0,0,0,1
119139,0,0,0,0,0,0,0,0,1
119140,0,0,0,0,0,0,0,0,1
119141,0,0,0,0,0,0,0,0,1
119142,0,0,0,0,0,0,0,0,1
119143,0,0,0,0,0,0,0,0,1
119144,0,0,0,0,0,0,0,0,1
119145,0,0,0,0,0,0,0,0,1
119146,0,0,0,0,0,0,0,0,1
119147,0,0,0,0,0,0,0,0,1
119148,0,0,0,0,0,0,0,0,1
119149,0,0,0,0,0,0,0,0,1
119150,0,0,0,0,0,0,0,0,1
119151,0,0,0,0,0,0,0,0,1
119152,0,0,0,0,0,0,0,0,1
119153,0,0,0,0,0,0,0,0,1
119154,0,0,0,0,0,0,0,0,1
119155,0,0,0,0,0,0,0,0,1
119156,0,0,0,0,0,0,0,0,1
119157,0,0,0,0,0,0,0,0,1
119158,0,0,0,0,0,0,0,0,1
119159,0,0,0,0,0,0,0,0,1
119160,0,0,0,0,0,0,0,0,1
119161,0,0,0,0,0,0,0,0,1
119162,0,0,0,0,0,0,0,0,1
119163,0,0,0,0,0,0,0,0,1
119164,0,0,0,0,0,0,0,0,1
119165,0,0,0,0,0,0,0,0,1
119166,0,0,0,0,0,0,0,0,1
119167,0,0,0,0,0,0,0,0,1
119168,0,0,0,0,0,0,0,0,1
119169,0,0,0,0,0,0,0,0,1
119170,0,0,0,0,0,0,0,0,1
119171,0,0,0,0,0,0,0,0,1
119172,0,0,0,0,0,0,0,0,1
119173,0,0,0,0,0,0,0,0,1
119174,0,0,0,0,0,0,0,0,1
119175,0,0,0,0,0,0,0,0,1
119176,0,0,0,0,0,0,0,0,1
119177,0,0,0,0,0,0,0,0,1
119178,0,0,0,0,0,0,0,0,1
119179,0,0,0,0,0,0,0,0,1
119180,0,0,0,0,0,0,0,0,1
119181,0,0,0,0,0,0,0,0,1
119182,0,0,0,0,0,0,0,0,1
119183,0,0,0,0,0,0,0,0,1
119184,0,0,0,0,0,0,0,0,1
119185,0,0,0,0,0,0,0,0,1
119186,0,0,0,0,0,0,0,0,1
119187,0,0,0,0,0,0,0,0,1
119188,0,0,0,0,0,0,0,0,1
119189,0,0,0,0,0,0,0,0,1
119190,0,0,0,0,0,0,0,0,1
119191,0,0,0,0,0,0,0,0,1
119192,0,0,0,0,0,0,0,0,1
119193,0,0,0,0,0,0,0,0,1
119194,0,0,0,0,0,0,0,0,1
119195,0,0,0,0,0,0,0,0,1
119196,0,0,0,0,0,0,0,0,1
119197,0,0,0,0,0,0,0,0,1
119198,0,0,0,0,0,0,0,0,1
119199,0,0,0,0,0,0,0,0,1
119200,0,0,0,0,0,0,0,0,1
119201,0,0,0,0,0,0,0,0,1
119202,0,0,0,0,0,0,0,0,1
119203,0,0,0,0,0,0,0,0,1
119204,0,0,0,0,0,0,0,0,1
119205,0,0,0,0,0,0,0,0,1
119206,0,0,0,0,0,0,0,0,1
119207,0,0,0,0,0,0,0,0,1
119208,0,0,0,0,0,0,0,0,1
119209,0,0,0,0,0,0,0,0,1
119210,0,0,0,0,0,0,0,0,1
119211,0,0,0,0,0,0,0,0,1
119212,0,0,0,0,0,0,0,0,1
119213,0,0,0,0,0,0,0,0,1
119214,0,0,0,0,0,0,0,0,1
119215,0,0,0,0,0,0,0,0,1
119216,0,0,0,0,0,0,0,0,1
119217,0,0,0,0,0,0,0,0,1
119218,0,0,0,0,0,0,0,0,1
119219,0,0,0,0,0,0,0,0,1
119220,0,0,0,0,0,0,0,0,1
119221,0,0,0,0,0,0,0,0,1
119222,0,0,0,0,0,0,0,0,1
119223,0,0,0,0,0,0,0,0,1
119224,0,0,0,0,0,0,0,0,1
119225,0,0,0,0,0,0,0,0,1
119226,0,0,0,0,0,0,0,0,1
119227,0,0,0,0,0,0,0,0,1
119228,0,0,0,0,0,0,0,0,1
119229,0,0,0,0,0,0,0,0,1
119230,0,0,0,0,0,0,0,0,1
119231,0,0,0,0,0,0,0,0,1
119232,0,0,0,0,0,0,0,0,1
119233,0,0,0,0,0,0,0,0,1
119234,0,0,0,0,0,0,0,0,1
119235,0,0,0,0,0,0,0,0,1
119236,0,0,0,0,0,0,0,0,1
119237,0,0,0,0,0,0,0,0,1
119238,0,0,0,0,0,0,0,0,1
119239,0,0,0,0,0,0,0,0,1
119240,0,0,0,0,0,0,0,0,1
119241,0,0,0,0,0,0,0,0,1
119242,0,0,0,0,0,0,0,0,1
119243,0,0,0,0,0,0,0,0,1
119244,0,0,0,0,0,0,0,0,1
119245,0,0,0,0,0,0,0,0,1
119246,0,0,0,0,0,0,0,0,1
119247,0,0,0,0,0,0,0,0,1
119248,0,0,0,0,0,0,0,0,1
119249,0,0,0,0,0,0,0,0,1
119250,0,0,0,0,0,0,0,0,1
119251,0,0,0,0,0,0,0,0,1
119252,0,0,0,0,0,0,0,0,1
119253,0,0,0,0,0,0,0,0,1
119254,0,0,0,0,0,0,0,0,1
119255,0,0,0,0,0,0,0,0,1
119256,0,0,0,0,0,0,0,0,1
119257,0,0,0,0,0,0,0,0,1
119258,0,0,0,0,0,0,0,0,1
119259,0,0,0,0,0,0,0,0,1
119260,0,0,0,0,0,0,0,0,1
119261,0,0,0,0,0,0,0,0,1
119262,0,0,0,0,0,0,0,0,1
119263,0,0,0,0,0,0,0,0,1
119264,0,0,0,0,0,0,0,0,1
119265,0,0,0,0,0,0,0,0,1
119266,0,0,0,0,0,0,0,0,1
119267,0,0,0,0,0,0,0,0,1
119268,0,0,0,0,0,0,0,0,1
119269,0,0,0,0,0,0,0,0,1
119270,0,0,0,0,0,0,0,0,1
119271,0,0,0,0,0,0,0,0,1
119272,0,0,0,0,0,0,0,0,1
119273,0,0,0,0,0,0,0,0,1
119274,0,0,0,0,0,0,0,0,1
119275,0,0,0,0,0,0,0,0,1
119276,0,0,0,0,0,0,0,0,1
119277,0,0,0,0,0,0,0,0,1
119278,0,0,0,0,0,0,0,0,1
119279,0,0,0,0,0,0,0,0,1
119280,0,0,0,0,0,0,0,0,1
119281,0,0,0,0,0,0,0,0,1
119282,0,0,0,0,0,0,0,0,1
119283,0,0,0,0,0,0,0,0,1
119284,0,0,0,0,0,0,0,0,1
119285,0,0,0,0,0,0,0,0,1
119286,0,0,0,0,0,0,0,0,1
119287,0,0,0,0,0,0,0,0,1
119288,0,0,0,0,0,0,0,0,1
119289,0,0,0,0,0,0,0,0,1
119290,0,0,0,0,0,0,0,0,1
119291,0,0,0,0,0,0,0,0,1
119292,0,0,0,0,0,0,0,0,1
119293,0,0,0,0,0,0,0,0,1
119294,0,0,0,0,0,0,0,0,1
119295,0,0,0,0,0,0,0,0,1
119296,0,0,0,0,0,0,0,0,1
119297,0,0,0,0,0,0,0,0,1
119298,0,0,0,0,0,0,0,0,1
119299,0,0,0,0,0,0,0,0,1
119300,0,0,0,0,0,0,0,0,1
119301,0,0,0,0,0,0,0,0,1
119302,0,0,0,0,0,0,0,0,1
119303,0,0,0,0,0,0,0,0,1
119304,0,0,0,0,0,0,0,0,1
119305,0,0,0,0,0,0,0,0,1
119306,0,0,0,0,0,0,0,0,1
119307,0,0,0,0,0,0,0,0,1
119308,0,0,0,0,0,0,0,0,1
119309,0,0,0,0,0,0,0,0,1
119310,0,0,0,0,0,0,0,0,1
119311,0,0,0,0,0,0,0,0,1
119312,0,0,0,0,0,0,0,0,1
119313,0,0,0,0,0,0,0,0,1
119314,0,0,0,0,0,0,0,0,1
119315,0,0,0,0,0,0,0,0,1
119316,0,0,0,0,0,0,0,0,1
119317,0,0,0,0,0,0,0,0,1
119318,0,0,0,0,0,0,0,0,1
119319,0,0,0,0,0,0,0,0,1
119320,0,0,0,0,0,0,0,0,1
119321,0,0,0,0,0,0,0,0,1
119322,0,0,0,0,0,0,0,0,1
119323,0,0,0,0,0,0,0,0,1
119324,0,0,0,0,0,0,0,0,1
119325,0,0,0,0,0,0,0,0,1
119326,0,0,0,0,0,0,0,0,1
119327,0,0,0,0,0,0,0,0,1
119328,0,0,0,0,0,0,0,0,1
119329,0,0,0,0,0,0,0,0,1
119330,0,0,0,0,0,0,0,0,1
119331,0,0,0,0,0,0,0,0,1
119332,0,0,0,0,0,0,0,0,1
119333,0,0,0,0,0,0,0,0,1
119334,0,0,0,0,0,0,0,0,1
119335,0,0,0,0,0,0,0,0,1
119336,0,0,0,0,0,0,0,0,1
119337,0,0,0,0,0,0,0,0,1
119338,0,0,0,0,0,0,0,0,1
119339,0,0,0,0,0,0,0,0,1
119340,0,0,0,0,0,0,0,0,1
119341,0,0,0,0,0,0,0,0,1
119342,0,0,0,0,0,0,0,0,1
119343,0,0,0,0,0,0,0,0,1
119344,0,0,0,0,0,0,0,0,1
119345,0,0,0,0,0,0,0,0,1
119346,0,0,0,0,0,0,0,0,1
119347,0,0,0,0,0,0,0,0,1
119348,0,0,0,0,0,0,0,0,1
119349,0,0,0,0,0,0,0,0,1
119350,0,0,0,0,0,0,0,0,1
119351,0,0,0,0,0,0,0,0,1
119352,0,0,0,0,0,0,0,0,1
119353,0,0,0,0,0,0,0,0,1
119354,0,0,0,0,0,0,0,0,1
119355,0,0,0,0,0,0,0,0,1
119356,0,0,0,0,0,0,0,0,1
119357,0,0,0,0,0,0,0,0,1
119358,0,0,0,0,0,0,0,0,1
119359,0,0,0,0,0,0,0,0,1
119360,0,0,0,0,0,0,0,0,1
119361,0,0,0,0,0,0,0,0,1
119362,0,0,0,0,0,0,0,0,1
119363,0,0,0,0,0,0,0,0,1
119364,0,0,0,0,0,0,0,0,1
119365,0,0,0,0,0,0,0,0,1
119366,0,0,0,0,0,0,0,0,1
119367,0,0,0,0,0,0,0,0,1
119368,0,0,0,0,0,0,0,0,1
119369,0,0,0,0,0,0,0,0,1
119370,0,0,0,0,0,0,0,0,1
119371,0,0,0,0,0,0,0,0,1
119372,0,0,0,0,0,0,0,0,1
119373,0,0,0,0,0,0,0,0,1
119374,0,0,0,0,0,0,0,0,1
119375,0,0,0,0,0,0,0,0,1
119376,0,0,0,0,0,0,0,0,1
119377,0,0,0,0,0,0,0,0,1
119378,0,0,0,0,0,0,0,0,1
119379,0,0,0,0,0,0,0,0,1
119380,0,0,0,0,0,0,0,0,1
119381,0,0,0,0,0,0,0,0,1
119382,0,0,0,0,0,0,0,0,1
119383,0,0,0,0,0,0,0,0,1
119384,0,0,0,0,0,0,0,0,1
119385,0,0,0,0,0,0,0,0,1
119386,0,0,0,0,0,0,0,0,1
119387,0,0,0,0,0,0,0,0,1
119388,0,0,0,0,0,0,0,0,1
119389,0,0,0,0,0,0,0,0,1
119390,0,0,0,0,0,0,0,0,1
119391,0,0,0,0,0,0,0,0,1
119392,0,0,0,0,0,0,0,0,1
119393,0,0,0,0,0,0,0,0,1
119394,0,0,0,0,0,0,0,0,1
119395,0,0,0,0,0,0,0,0,1
119396,0,0,0,0,0,0,0,0,1
119397,0,0,0,0,0,0,0,0,1
119398,0,0,0,0,0,0,0,0,1
119399,0,0,0,0,0,0,0,0,1
119400,0,0,0,0,0,0,0,0,1
119401,0,0,0,0,0,0,0,0,1
119402,0,0,0,0,0,0,0,0,1
119403,0,0,0,0,0,0,0,0,1
119404,0,0,0,0,0,0,0,0,1
119405,0,0,0,0,0,0,0,0,1
119406,0,0,0,0,0,0,0,0,1
119407,0,0,0,0,0,0,0,0,1
119408,0,0,0,0,0,0,0,0,1
119409,0,0,0,0,0,0,0,0,1
119410,0,0,0,0,0,0,0,0,1
119411,0,0,0,0,0,0,0,0,1
119412,0,0,0,0,0,0,0,0,1
119413,0,0,0,0,0,0,0,0,1
119414,0,0,0,0,0,0,0,0,1
119415,0,0,0,0,0,0,0,0,1
119416,0,0,0,0,0,0,0,0,1
119417,0,0,0,0,0,0,0,0,1
119418,0,0,0,0,0,0,0,0,1
119419,0,0,0,0,0,0,0,0,1
119420,0,0,0,0,0,0,0,0,1
119421,0,0,0,0,0,0,0,0,1
119422,0,0,0,0,0,0,0,0,1
119423,0,0,0,0,0,0,0,0,1
119424,0,0,0,0,0,0,0,0,1
119425,0,0,0,0,0,0,0,0,1
119426,0,0,0,0,0,0,0,0,1
119427,0,0,0,0,0,0,0,0,1
119428,0,0,0,0,0,0,0,0,1
119429,0,0,0,0,0,0,0,0,1
119430,0,0,0,0,0,0,0,0,1
119431,0,0,0,0,0,0,0,0,1
119432,0,0,0,0,0,0,0,0,1
119433,0,0,0,0,0,0,0,0,1
119434,0,0,0,0,0,0,0,0,1
119435,0,0,0,0,0,0,0,0,1
119436,0,0,0,0,0,0,0,0,1
119437,0,0,0,0,0,0,0,0,1
119438,0,0,0,0,0,0,0,0,1
119439,0,0,0,0,0,0,0,0,1
119440,0,0,0,0,0,0,0,0,1
119441,0,0,0,0,0,0,0,0,1
119442,0,0,0,0,0,0,0,0,1
119443,0,0,0,0,0,0,0,0,1
119444,0,0,0,0,0,0,0,0,1
119445,0,0,0,0,0,0,0,0,1
119446,0,0,0,0,0,0,0,0,1
119447,0,0,0,0,0,0,0,0,1
119448,0,0,0,0,0,0,0,0,1
119449,0,0,0,0,0,0,0,0,1
119450,0,0,0,0,0,0,0,0,1
119451,0,0,0,0,0,0,0,0,1
119452,0,0,0,0,0,0,0,0,1
119453,0,0,0,0,0,0,0,0,1
119454,0,0,0,0,0,0,0,0,1
119455,0,0,0,0,0,0,0,0,1
119456,0,0,0,0,0,0,0,0,1
119457,0,0,0,0,0,0,0,0,1
119458,0,0,0,0,0,0,0,0,1
119459,0,0,0,0,0,0,0,0,1
119460,0,0,0,0,0,0,0,0,1
119461,0,0,0,0,0,0,0,0,1
119462,0,0,0,0,0,0,0,0,1
119463,0,0,0,0,0,0,0,0,1
119464,0,0,0,0,0,0,0,0,1
119465,0,0,0,0,0,0,0,0,1
119466,0,0,0,0,0,0,0,0,1
119467,0,0,0,0,0,0,0,0,1
119468,0,0,0,0,0,0,0,0,1
119469,0,0,0,0,0,0,0,0,1
119470,0,0,0,0,0,0,0,0,1
119471,0,0,0,0,0,0,0,0,1
119472,0,0,0,0,0,0,0,0,1
119473,0,0,0,0,0,0,0,0,1
119474,0,0,0,0,0,0,0,0,1
119475,0,0,0,0,0,0,0,0,1
119476,0,0,0,0,0,0,0,0,1
119477,0,0,0,0,0,0,0,0,1
119478,0,0,0,0,0,0,0,0,1
119479,0,0,0,0,0,0,0,0,1
119480,0,0,0,0,0,0,0,0,1
119481,0,0,0,0,0,0,0,0,1
119482,0,0,0,0,0,0,0,0,1
119483,0,0,0,0,0,0,0,0,1
119484,0,0,0,0,0,0,0,0,1
119485,0,0,0,0,0,0,0,0,1
119486,0,0,0,0,0,0,0,0,1
119487,0,0,0,0,0,0,0,0,1
119488,0,0,0,0,0,0,0,0,1
119489,0,0,0,0,0,0,0,0,1
119490,0,0,0,0,0,0,0,0,1
119491,0,0,0,0,0,0,0,0,1
119492,0,0,0,0,0,0,0,0,1
119493,0,0,0,0,0,0,0,0,1
119494,0,0,0,0,0,0,0,0,1
119495,0,0,0,0,0,0,0,0,1
119496,0,0,0,0,0,0,0,0,1
119497,0,0,0,0,0,0,0,0,1
119498,0,0,0,0,0,0,0,0,1
119499,0,0,0,0,0,0,0,0,1
119500,0,0,0,0,0,0,0,0,1
119501,0,0,0,0,0,0,0,0,1
119502,0,0,0,0,0,0,0,0,1
119503,0,0,0,0,0,0,0,0,1
119504,0,0,0,0,0,0,0,0,1
119505,0,0,0,0,0,0,0,0,1
119506,0,0,0,0,0,0,0,0,1
119507,0,0,0,0,0,0,0,0,1
119508,0,0,0,0,0,0,0,0,1
119509,0,0,0,0,0,0,0,0,1
119510,0,0,0,0,0,0,0,0,1
119511,0,0,0,0,0,0,0,0,1
119512,0,0,0,0,0,0,0,0,1
119513,0,0,0,0,0,0,0,0,1
119514,0,0,0,0,0,0,0,0,1
119515,0,0,0,0,0,0,0,0,1
119516,0,0,0,0,0,0,0,0,1
119517,0,0,0,0,0,0,0,0,1
119518,0,0,0,0,0,0,0,0,1
119519,0,0,0,0,0,0,0,0,1
119520,0,0,0,0,0,0,0,0,1
119521,0,0,0,0,0,0,0,0,1
119522,0,0,0,0,0,0,0,0,1
119523,0,0,0,0,0,0,0,0,1
119524,0,0,0,0,0,0,0,0,1
119525,0,0,0,0,0,0,0,0,1
119526,0,0,0,0,0,0,0,0,1
119527,0,0,0,0,0,0,0,0,1
119528,0,0,0,0,0,0,0,0,1
119529,0,0,0,0,0,0,0,0,1
119530,0,0,0,0,0,0,0,0,1
119531,0,0,0,0,0,0,0,0,1
119532,0,0,0,0,0,0,0,0,1
119533,0,0,0,0,0,0,0,0,1
119534,0,0,0,0,0,0,0,0,1
119535,0,0,0,0,0,0,0,0,1
119536,0,0,0,0,0,0,0,0,1
119537,0,0,0,0,0,0,0,0,1
119538,0,0,0,0,0,0,0,0,1
119539,0,0,0,0,0,0,0,0,1
119540,0,0,0,0,0,0,0,0,1
119541,0,0,0,0,0,0,0,0,1
119542,0,0,0,0,0,0,0,0,1
119543,0,0,0,0,0,0,0,0,1
119544,0,0,0,0,0,0,0,0,1
119545,0,0,0,0,0,0,0,0,1
119546,0,0,0,0,0,0,0,0,1
119547,0,0,0,0,0,0,0,0,1
119548,0,0,0,0,0,0,0,0,1
119549,0,0,0,0,0,0,0,0,1
119550,0,0,0,0,0,0,0,0,1
119551,0,0,0,0,0,0,0,0,1
119552,0,0,0,0,0,0,0,0,1
119553,0,0,0,0,0,0,0,0,1
119554,0,0,0,0,0,0,0,0,1
119555,0,0,0,0,0,0,0,0,1
119556,0,0,0,0,0,0,0,0,1
119557,0,0,0,0,0,0,0,0,1
119558,0,0,0,0,0,0,0,0,1
119559,0,0,0,0,0,0,0,0,1
119560,0,0,0,0,0,0,0,0,1
119561,0,0,0,0,0,0,0,0,1
119562,0,0,0,0,0,0,0,0,1
119563,0,0,0,0,0,0,0,0,1
119564,0,0,0,0,0,0,0,0,1
119565,0,0,0,0,0,0,0,0,1
119566,0,0,0,0,0,0,0,0,1
119567,0,0,0,0,0,0,0,0,1
119568,0,0,0,0,0,0,0,0,1
119569,0,0,0,0,0,0,0,0,1
119570,0,0,0,0,0,0,0,0,1
119571,0,0,0,0,0,0,0,0,1
119572,0,0,0,0,0,0,0,0,1
119573,0,0,0,0,0,0,0,0,1
119574,0,0,0,0,0,0,0,0,1
119575,0,0,0,0,0,0,0,0,1
119576,0,0,0,0,0,0,0,0,1
119577,0,0,0,0,0,0,0,0,1
119578,0,0,0,0,0,0,0,0,1
119579,0,0,0,0,0,0,0,0,1
119580,0,0,0,0,0,0,0,0,1
119581,0,0,0,0,0,0,0,0,1
119582,0,0,0,0,0,0,0,0,1
119583,0,0,0,0,0,0,0,0,1
119584,0,0,0,0,0,0,0,0,1
119585,0,0,0,0,0,0,0,0,1
119586,0,0,0,0,0,0,0,0,1
119587,0,0,0,0,0,0,0,0,1
119588,0,0,0,0,0,0,0,0,1
119589,0,0,0,0,0,0,0,0,1
119590,0,0,0,0,0,0,0,0,1
119591,0,0,0,0,0,0,0,0,1
119592,0,0,0,0,0,0,0,0,1
119593,0,0,0,0,0,0,0,0,1
119594,0,0,0,0,0,0,0,0,1
119595,0,0,0,0,0,0,0,0,1
119596,0,0,0,0,0,0,0,0,1
119597,0,0,0,0,0,0,0,0,1
119598,0,0,0,0,0,0,0,0,1
119599,0,0,0,0,0,0,0,0,1
119600,0,0,0,0,0,0,0,0,1
119601,0,0,0,0,0,0,0,0,1
119602,0,0,0,0,0,0,0,0,1
119603,0,0,0,0,0,0,0,0,1
119604,0,0,0,0,0,0,0,0,1
119605,0,0,0,0,0,0,0,0,1
119606,0,0,0,0,0,0,0,0,1
119607,0,0,0,0,0,0,0,0,1
119608,0,0,0,0,0,0,0,0,1
119609,0,0,0,0,0,0,0,0,1
119610,0,0,0,0,0,0,0,0,1
119611,0,0,0,0,0,0,0,0,1
119612,0,0,0,0,0,0,0,0,1
119613,0,0,0,0,0,0,0,0,1
119614,0,0,0,0,0,0,0,0,1
119615,0,0,0,0,0,0,0,0,1
119616,0,0,0,0,0,0,0,0,1
119617,0,0,0,0,0,0,0,0,1
119618,0,0,0,0,0,0,0,0,1
119619,0,0,0,0,0,0,0,0,1
119620,0,0,0,0,0,0,0,0,1
119621,0,0,0,0,0,0,0,0,1
119622,0,0,0,0,0,0,0,0,1
119623,0,0,0,0,0,0,0,0,1
119624,0,0,0,0,0,0,0,0,1
119625,0,0,0,0,0,0,0,0,1
119626,0,0,0,0,0,0,0,0,1
119627,0,0,0,0,0,0,0,0,1
119628,0,0,0,0,0,0,0,0,1
119629,0,0,0,0,0,0,0,0,1
119630,0,0,0,0,0,0,0,0,1
119631,0,0,0,0,0,0,0,0,1
119632,0,0,0,0,0,0,0,0,1
119633,0,0,0,0,0,0,0,0,1
119634,0,0,0,0,0,0,0,0,1
119635,0,0,0,0,0,0,0,0,1
119636,0,0,0,0,0,0,0,0,1
119637,0,0,0,0,0,0,0,0,1
119638,0,0,0,0,0,0,0,0,1
119639,0,0,0,0,0,0,0,0,1
119640,0,0,0,0,0,0,0,0,1
119641,0,0,0,0,0,0,0,0,1
119642,0,0,0,0,0,0,0,0,1
119643,0,0,0,0,0,0,0,0,1
119644,0,0,0,0,0,0,0,0,1
119645,0,0,0,0,0,0,0,0,1
119646,0,0,0,0,0,0,0,0,1
119647,0,0,0,0,0,0,0,0,1
119648,0,0,0,0,0,0,0,0,1
119649,0,0,0,0,0,0,0,0,1
119650,0,0,0,0,0,0,0,0,1
119651,0,0,0,0,0,0,0,0,1
119652,0,0,0,0,0,0,0,0,1
119653,0,0,0,0,0,0,0,0,1
119654,0,0,0,0,0,0,0,0,1
119655,0,0,0,0,0,0,0,0,1
119656,0,0,0,0,0,0,0,0,1
119657,0,0,0,0,0,0,0,0,1
119658,0,0,0,0,0,0,0,0,1
119659,0,0,0,0,0,0,0,0,1
119660,0,0,0,0,0,0,0,0,1
119661,0,0,0,0,0,0,0,0,1
119662,0,0,0,0,0,0,0,0,1
119663,0,0,0,0,0,0,0,0,1
119664,0,0,0,0,0,0,0,0,1
119665,0,0,0,0,0,0,0,0,1
119666,0,0,0,0,0,0,0,0,1
119667,0,0,0,0,0,0,0,0,1
119668,0,0,0,0,0,0,0,0,1
119669,0,0,0,0,0,0,0,0,1
119670,0,0,0,0,0,0,0,0,1
119671,0,0,0,0,0,0,0,0,1
119672,0,0,0,0,0,0,0,0,1
119673,0,0,0,0,0,0,0,0,1
119674,0,0,0,0,0,0,0,0,1
119675,0,0,0,0,0,0,0,0,1
119676,0,0,0,0,0,0,0,0,1
119677,0,0,0,0,0,0,0,0,1
119678,0,0,0,0,0,0,0,0,1
119679,0,0,0,0,0,0,0,0,1
119680,0,0,0,0,0,0,0,0,1
119681,0,0,0,0,0,0,0,0,1
119682,0,0,0,0,0,0,0,0,1
119683,0,0,0,0,0,0,0,0,1
119684,0,0,0,0,0,0,0,0,1
119685,0,0,0,0,0,0,0,0,1
119686,0,0,0,0,0,0,0,0,1
119687,0,0,0,0,0,0,0,0,1
119688,0,0,0,0,0,0,0,0,1
119689,0,0,0,0,0,0,0,0,1
119690,0,0,0,0,0,0,0,0,1
119691,0,0,0,0,0,0,0,0,1
119692,0,0,0,0,0,0,0,0,1
119693,0,0,0,0,0,0,0,0,1
119694,0,0,0,0,0,0,0,0,1
119695,0,0,0,0,0,0,0,0,1
119696,0,0,0,0,0,0,0,0,1
119697,0,0,0,0,0,0,0,0,1
119698,0,0,0,0,0,0,0,0,1
119699,0,0,0,0,0,0,0,0,1
119700,0,0,0,0,0,0,0,0,1
119701,0,0,0,0,0,0,0,0,1
119702,0,0,0,0,0,0,0,0,1
119703,0,0,0,0,0,0,0,0,1
119704,0,0,0,0,0,0,0,0,1
119705,0,0,0,0,0,0,0,0,1
119706,0,0,0,0,0,0,0,0,1
119707,0,0,0,0,0,0,0,0,1
119708,0,0,0,0,0,0,0,0,1
119709,0,0,0,0,0,0,0,0,1
119710,0,0,0,0,0,0,0,0,1
119711,0,0,0,0,0,0,0,0,1
119712,0,0,0,0,0,0,0,0,1
119713,0,0,0,0,0,0,0,0,1
119714,0,0,0,0,0,0,0,0,1
119715,0,0,0,0,0,0,0,0,1
119716,0,0,0,0,0,0,0,0,1
119717,0,0,0,0,0,0,0,0,1
119718,0,0,0,0,0,0,0,0,1
119719,0,0,0,0,0,0,0,0,1
119720,0,0,0,0,0,0,0,0,1
119721,0,0,0,0,0,0,0,0,1
119722,0,0,0,0,0,0,0,0,1
119723,0,0,0,0,0,0,0,0,1
119724,0,0,0,0,0,0,0,0,1
119725,0,0,0,0,0,0,0,0,1
119726,0,0,0,0,0,0,0,0,1
119727,0,0,0,0,0,0,0,0,1
119728,0,0,0,0,0,0,0,0,1
119729,0,0,0,0,0,0,0,0,1
119730,0,0,0,0,0,0,0,0,1
119731,0,0,0,0,0,0,0,0,1
119732,0,0,0,0,0,0,0,0,1
119733,0,0,0,0,0,0,0,0,1
119734,0,0,0,0,0,0,0,0,1
119735,0,0,0,0,0,0,0,0,1
119736,0,0,0,0,0,0,0,0,1
119737,0,0,0,0,0,0,0,0,1
119738,0,0,0,0,0,0,0,0,1
119739,0,0,0,0,0,0,0,0,1
119740,0,0,0,0,0,0,0,0,1
119741,0,0,0,0,0,0,0,0,1
119742,0,0,0,0,0,0,0,0,1
119743,0,0,0,0,0,0,0,0,1
119744,0,0,0,0,0,0,0,0,1
119745,0,0,0,0,0,0,0,0,1
119746,0,0,0,0,0,0,0,0,1
119747,0,0,0,0,0,0,0,0,1
119748,0,0,0,0,0,0,0,0,1
119749,0,0,0,0,0,0,0,0,1
119750,0,0,0,0,0,0,0,0,1
119751,0,0,0,0,0,0,0,0,1
119752,0,0,0,0,0,0,0,0,1
119753,0,0,0,0,0,0,0,0,1
119754,0,0,0,0,0,0,0,0,1
119755,0,0,0,0,0,0,0,0,1
119756,0,0,0,0,0,0,0,0,1
119757,0,0,0,0,0,0,0,0,1
119758,0,0,0,0,0,0,0,0,1
119759,0,0,0,0,0,0,0,0,1
119760,0,0,0,0,0,0,0,0,1
119761,0,0,0,0,0,0,0,0,1
119762,0,0,0,0,0,0,0,0,1
119763,0,0,0,0,0,0,0,0,1
119764,0,0,0,0,0,0,0,0,1
119765,0,0,0,0,0,0,0,0,1
119766,0,0,0,0,0,0,0,0,1
119767,0,0,0,0,0,0,0,0,1
119768,0,0,0,0,0,0,0,0,1
119769,0,0,0,0,0,0,0,0,1
119770,0,0,0,0,0,0,0,0,1
119771,0,0,0,0,0,0,0,0,1
119772,0,0,0,0,0,0,0,0,1
119773,0,0,0,0,0,0,0,0,1
119774,0,0,0,0,0,0,0,0,1
119775,0,0,0,0,0,0,0,0,1
119776,0,0,0,0,0,0,0,0,1
119777,0,0,0,0,0,0,0,0,1
119778,0,0,0,0,0,0,0,0,1
119779,0,0,0,0,0,0,0,0,1
119780,0,0,0,0,0,0,0,0,1
119781,0,0,0,0,0,0,0,0,1
119782,0,0,0,0,0,0,0,0,1
119783,0,0,0,0,0,0,0,0,1
119784,0,0,0,0,0,0,0,0,1
119785,0,0,0,0,0,0,0,0,1
119786,0,0,0,0,0,0,0,0,1
119787,0,0,0,0,0,0,0,0,1
119788,0,0,0,0,0,0,0,0,1
119789,0,0,0,0,0,0,0,0,1
119790,0,0,0,0,0,0,0,0,1
119791,0,0,0,0,0,0,0,0,1
119792,0,0,0,0,0,0,0,0,1
119793,0,0,0,0,0,0,0,0,1
119794,0,0,0,0,0,0,0,0,1
119795,0,0,0,0,0,0,0,0,1
119796,0,0,0,0,0,0,0,0,1
119797,0,0,0,0,0,0,0,0,1
119798,0,0,0,0,0,0,0,0,1
119799,0,0,0,0,0,0,0,0,1
119800,0,0,0,0,0,0,0,0,1
119801,0,0,0,0,0,0,0,0,1
119802,0,0,0,0,0,0,0,0,1
119803,0,0,0,0,0,0,0,0,1
119804,0,0,0,0,0,0,0,0,1
119805,0,0,0,0,0,0,0,0,1
119806,0,0,0,0,0,0,0,0,1
119807,0,0,0,0,0,0,0,0,1
119808,0,0,0,0,0,0,0,0,1
119809,0,0,0,0,0,0,0,0,1
119810,0,0,0,0,0,0,0,0,1
119811,0,0,0,0,0,0,0,0,1
119812,0,0,0,0,0,0,0,0,1
119813,0,0,0,0,0,0,0,0,1
119814,0,0,0,0,0,0,0,0,1
119815,0,0,0,0,0,0,0,0,1
119816,0,0,0,0,0,0,0,0,1
119817,0,0,0,0,0,0,0,0,1
119818,0,0,0,0,0,0,0,0,1
119819,0,0,0,0,0,0,0,0,1
119820,0,0,0,0,0,0,0,0,1
119821,0,0,0,0,0,0,0,0,1
119822,0,0,0,0,0,0,0,0,1
119823,0,0,0,0,0,0,0,0,1
119824,0,0,0,0,0,0,0,0,1
119825,0,0,0,0,0,0,0,0,1
119826,0,0,0,0,0,0,0,0,1
119827,0,0,0,0,0,0,0,0,1
119828,0,0,0,0,0,0,0,0,1
119829,0,0,0,0,0,0,0,0,1
119830,0,0,0,0,0,0,0,0,1
119831,0,0,0,0,0,0,0,0,1
119832,0,0,0,0,0,0,0,0,1
119833,0,0,0,0,0,0,0,0,1
119834,0,0,0,0,0,0,0,0,1
119835,0,0,0,0,0,0,0,0,1
119836,0,0,0,0,0,0,0,0,1
119837,0,0,0,0,0,0,0,0,1
119838,0,0,0,0,0,0,0,0,1
119839,0,0,0,0,0,0,0,0,1
119840,0,0,0,0,0,0,0,0,1
119841,0,0,0,0,0,0,0,0,1
119842,0,0,0,0,0,0,0,0,1
119843,0,0,0,0,0,0,0,0,1
119844,0,0,0,0,0,0,0,0,1
119845,0,0,0,0,0,0,0,0,1
119846,0,0,0,0,0,0,0,0,1
119847,0,0,0,0,0,0,0,0,1
119848,0,0,0,0,0,0,0,0,1
119849,0,0,0,0,0,0,0,0,1
119850,0,0,0,0,0,0,0,0,1
119851,0,0,0,0,0,0,0,0,1
119852,0,0,0,0,0,0,0,0,1
119853,0,0,0,0,0,0,0,0,1
119854,0,0,0,0,0,0,0,0,1
119855,0,0,0,0,0,0,0,0,1
119856,0,0,0,0,0,0,0,0,1
119857,0,0,0,0,0,0,0,0,1
119858,0,0,0,0,0,0,0,0,1
119859,0,0,0,0,0,0,0,0,1
119860,0,0,0,0,0,0,0,0,1
119861,0,0,0,0,0,0,0,0,1
119862,0,0,0,0,0,0,0,0,1
119863,0,0,0,0,0,0,0,0,1
119864,0,0,0,0,0,0,0,0,1
119865,0,0,0,0,0,0,0,0,1
119866,0,0,0,0,0,0,0,0,1
119867,0,0,0,0,0,0,0,0,1
119868,0,0,0,0,0,0,0,0,1
119869,0,0,0,0,0,0,0,0,1
119870,0,0,0,0,0,0,0,0,1
119871,0,0,0,0,0,0,0,0,1
119872,0,0,0,0,0,0,0,0,1
119873,0,0,0,0,0,0,0,0,1
119874,0,0,0,0,0,0,0,0,1
119875,0,0,0,0,0,0,0,0,1
119876,0,0,0,0,0,0,0,0,1
119877,0,0,0,0,0,0,0,0,1
119878,0,0,0,0,0,0,0,0,1
119879,0,0,0,0,0,0,0,0,1
119880,0,0,0,0,0,0,0,0,1
119881,0,0,0,0,0,0,0,0,1
119882,0,0,0,0,0,0,0,0,1
119883,0,0,0,0,0,0,0,0,1
119884,0,0,0,0,0,0,0,0,1
119885,0,0,0,0,0,0,0,0,1
119886,0,0,0,0,0,0,0,0,1
119887,0,0,0,0,0,0,0,0,1
119888,0,0,0,0,0,0,0,0,1
119889,0,0,0,0,0,0,0,0,1
119890,0,0,0,0,0,0,0,0,1
119891,0,0,0,0,0,0,0,0,1
119892,0,0,0,0,0,0,0,0,1
119893,0,0,0,0,0,0,0,0,1
119894,0,0,0,0,0,0,0,0,1
119895,0,0,0,0,0,0,0,0,1
119896,0,0,0,0,0,0,0,0,1
119897,0,0,0,0,0,0,0,0,1
119898,0,0,0,0,0,0,0,0,1
119899,0,0,0,0,0,0,0,0,1
119900,0,0,0,0,0,0,0,0,1
119901,0,0,0,0,0,0,0,0,1
119902,0,0,0,0,0,0,0,0,1
119903,0,0,0,0,0,0,0,0,1
119904,0,0,0,0,0,0,0,0,1
119905,0,0,0,0,0,0,0,0,1
119906,0,0,0,0,0,0,0,0,1
119907,0,0,0,0,0,0,0,0,1
119908,0,0,0,0,0,0,0,0,1
119909,0,0,0,0,0,0,0,0,1
119910,0,0,0,0,0,0,0,0,1
119911,0,0,0,0,0,0,0,0,1
119912,0,0,0,0,0,0,0,0,1
119913,0,0,0,0,0,0,0,0,1
119914,0,0,0,0,0,0,0,0,1
119915,0,0,0,0,0,0,0,0,1
119916,0,0,0,0,0,0,0,0,1
119917,0,0,0,0,0,0,0,0,1
119918,0,0,0,0,0,0,0,0,1
119919,0,0,0,0,0,0,0,0,1
119920,0,0,0,0,0,0,0,0,1
119921,0,0,0,0,0,0,0,0,1
119922,0,0,0,0,0,0,0,0,1
119923,0,0,0,0,0,0,0,0,1
119924,0,0,0,0,0,0,0,0,1
119925,0,0,0,0,0,0,0,0,1
119926,0,0,0,0,0,0,0,0,1
119927,0,0,0,0,0,0,0,0,1
119928,0,0,0,0,0,0,0,0,1
119929,0,0,0,0,0,0,0,0,1
119930,0,0,0,0,0,0,0,0,1
119931,0,0,0,0,0,0,0,0,1
119932,0,0,0,0,0,0,0,0,1
119933,0,0,0,0,0,0,0,0,1
119934,0,0,0,0,0,0,0,0,1
119935,0,0,0,0,0,0,0,0,1
119936,0,0,0,0,0,0,0,0,1
119937,0,0,0,0,0,0,0,0,1
119938,0,0,0,0,0,0,0,0,1
119939,0,0,0,0,0,0,0,0,1
119940,0,0,0,0,0,0,0,0,1
119941,0,0,0,0,0,0,0,0,1
119942,0,0,0,0,0,0,0,0,1
119943,0,0,0,0,0,0,0,0,1
119944,0,0,0,0,0,0,0,0,1
119945,0,0,0,0,0,0,0,0,1
119946,0,0,0,0,0,0,0,0,1
119947,0,0,0,0,0,0,0,0,1
119948,0,0,0,0,0,0,0,0,1
119949,0,0,0,0,0,0,0,0,1
119950,0,0,0,0,0,0,0,0,1
119951,0,0,0,0,0,0,0,0,1
119952,0,0,0,0,0,0,0,0,1
119953,0,0,0,0,0,0,0,0,1
119954,0,0,0,0,0,0,0,0,1
119955,0,0,0,0,0,0,0,0,1
119956,0,0,0,0,0,0,0,0,1
119957,0,0,0,0,0,0,0,0,1
119958,0,0,0,0,0,0,0,0,1
119959,0,0,0,0,0,0,0,0,1
119960,0,0,0,0,0,0,0,0,1
119961,0,0,0,0,0,0,0,0,1
119962,0,0,0,0,0,0,0,0,1
119963,0,0,0,0,0,0,0,0,1
119964,0,0,0,0,0,0,0,0,1
119965,0,0,0,0,0,0,0,0,1
119966,0,0,0,0,0,0,0,0,1
119967,0,0,0,0,0,0,0,0,1
119968,0,0,0,0,0,0,0,0,1
119969,0,0,0,0,0,0,0,0,1
119970,0,0,0,0,0,0,0,0,1
119971,0,0,0,0,0,0,0,0,1
119972,0,0,0,0,0,0,0,0,1
119973,0,0,0,0,0,0,0,0,1
119974,0,0,0,0,0,0,0,0,1
119975,0,0,0,0,0,0,0,0,1
119976,0,0,0,0,0,0,0,0,1
119977,0,0,0,0,0,0,0,0,1
119978,0,0,0,0,0,0,0,0,1
119979,0,0,0,0,0,0,0,0,1
119980,0,0,0,0,0,0,0,0,1
119981,0,0,0,0,0,0,0,0,1
119982,0,0,0,0,0,0,0,0,1
119983,0,0,0,0,0,0,0,0,1
119984,0,0,0,0,0,0,0,0,1
119985,0,0,0,0,0,0,0,0,1
119986,0,0,0,0,0,0,0,0,1
119987,0,0,0,0,0,0,0,0,1
119988,0,0,0,0,0,0,0,0,1
119989,0,0,0,0,0,0,0,0,1
119990,0,0,0,0,0,0,0,0,1
119991,0,0,0,0,0,0,0,0,1
119992,0,0,0,0,0,0,0,0,1
119993,0,0,0,0,0,0,0,0,1
119994,0,0,0,0,0,0,0,0,1
119995,0,0,0,0,0,0,0,0,1
119996,0,0,0,0,0,0,0,0,1
119997,0,0,0,0,0,0,0,0,1
119998,0,0,0,0,0,0,0,0,1
119999,0,0,0,0,0,0,0,0,1
120000,0,0,0,0,0,0,0,0,1
120001,0,0,0,0,0,0,0,0,1
120002,0,0,0,0,0,0,0,0,1
120003,0,0,0,0,0,0,0,0,1
120004,0,0,0,0,0,0,0,0,1
120005,0,0,0,0,0,0,0,0,1
120006,0,0,0,0,0,0,0,0,1
120007,0,0,0,0,0,0,0,0,1
120008,0,0,0,0,0,0,0,0,1
120009,0,0,0,0,0,0,0,0,1
120010,0,0,0,0,0,0,0,0,1
120011,0,0,0,0,0,0,0,0,1
120012,0,0,0,0,0,0,0,0,1
120013,0,0,0,0,0,0,0,0,1
120014,0,0,0,0,0,0,0,0,1
120015,0,0,0,0,0,0,0,0,1
120016,0,0,0,0,0,0,0,0,1
120017,0,0,0,0,0,0,0,0,1
120018,0,0,0,0,0,0,0,0,1
120019,0,0,0,0,0,0,0,0,1
120020,0,0,0,0,0,0,0,0,1
120021,0,0,0,0,0,0,0,0,1
120022,0,0,0,0,0,0,0,0,1
120023,0,0,0,0,0,0,0,0,1
120024,0,0,0,0,0,0,0,0,1
120025,0,0,0,0,0,0,0,0,1
120026,0,0,0,0,0,0,0,0,1
120027,0,0,0,0,0,0,0,0,1
120028,0,0,0,0,0,0,0,0,1
120029,0,0,0,0,0,0,0,0,1
120030,0,0,0,0,0,0,0,0,1
120031,0,0,0,0,0,0,0,0,1
120032,0,0,0,0,0,0,0,0,1
120033,0,0,0,0,0,0,0,0,1
120034,0,0,0,0,0,0,0,0,1
120035,0,0,0,0,0,0,0,0,1
120036,0,0,0,0,0,0,0,0,1
120037,0,0,0,0,0,0,0,0,1
120038,0,0,0,0,0,0,0,0,1
120039,0,0,0,0,0,0,0,0,1
120040,0,0,0,0,0,0,0,0,1
120041,0,0,0,0,0,0,0,0,1
120042,0,0,0,0,0,0,0,0,1
120043,0,0,0,0,0,0,0,0,1
120044,0,0,0,0,0,0,0,0,1
120045,0,0,0,0,0,0,0,0,1
120046,0,0,0,0,0,0,0,0,1
120047,0,0,0,0,0,0,0,0,1
120048,0,0,0,0,0,0,0,0,1
120049,0,0,0,0,0,0,0,0,1
120050,0,0,0,0,0,0,0,0,1
120051,0,0,0,0,0,0,0,0,1
120052,0,0,0,0,0,0,0,0,1
120053,0,0,0,0,0,0,0,0,1
120054,0,0,0,0,0,0,0,0,1
120055,0,0,0,0,0,0,0,0,1
120056,0,0,0,0,0,0,0,0,1
120057,0,0,0,0,0,0,0,0,1
120058,0,0,0,0,0,0,0,0,1
120059,0,0,0,0,0,0,0,0,1
120060,0,0,0,0,0,0,0,0,1
120061,0,0,0,0,0,0,0,0,1
120062,0,0,0,0,0,0,0,0,1
120063,0,0,0,0,0,0,0,0,1
120064,0,0,0,0,0,0,0,0,1
120065,0,0,0,0,0,0,0,0,1
120066,0,0,0,0,0,0,0,0,1
120067,0,0,0,0,0,0,0,0,1
120068,0,0,0,0,0,0,0,0,1
120069,0,0,0,0,0,0,0,0,1
120070,0,0,0,0,0,0,0,0,1
120071,0,0,0,0,0,0,0,0,1
120072,0,0,0,0,0,0,0,0,1
120073,0,0,0,0,0,0,0,0,1
120074,0,0,0,0,0,0,0,0,1
120075,0,0,0,0,0,0,0,0,1
120076,0,0,0,0,0,0,0,0,1
120077,0,0,0,0,0,0,0,0,1
120078,0,0,0,0,0,0,0,0,1
120079,0,0,0,0,0,0,0,0,1
120080,0,0,0,0,0,0,0,0,1
120081,0,0,0,0,0,0,0,0,1
120082,0,0,0,0,0,0,0,0,1
120083,0,0,0,0,0,0,0,0,1
120084,0,0,0,0,0,0,0,0,1
120085,0,0,0,0,0,0,0,0,1
120086,0,0,0,0,0,0,0,0,1
120087,0,0,0,0,0,0,0,0,1
120088,0,0,0,0,0,0,0,0,1
120089,0,0,0,0,0,0,0,0,1
120090,0,0,0,0,0,0,0,0,1
120091,0,0,0,0,0,0,0,0,1
120092,0,0,0,0,0,0,0,0,1
120093,0,0,0,0,0,0,0,0,1
120094,0,0,0,0,0,0,0,0,1
120095,0,0,0,0,0,0,0,0,1
120096,0,0,0,0,0,0,0,0,1
120097,0,0,0,0,0,0,0,0,1
120098,0,0,0,0,0,0,0,0,1
120099,0,0,0,0,0,0,0,0,1
120100,0,0,0,0,0,0,0,0,1
120101,0,0,0,0,0,0,0,0,1
120102,0,0,0,0,0,0,0,0,1
120103,0,0,0,0,0,0,0,0,1
120104,0,0,0,0,0,0,0,0,1
120105,0,0,0,0,0,0,0,0,1
120106,0,0,0,0,0,0,0,0,1
120107,0,0,0,0,0,0,0,0,1
120108,0,0,0,0,0,0,0,0,1
120109,0,0,0,0,0,0,0,0,1
120110,0,0,0,0,0,0,0,0,1
120111,0,0,0,0,0,0,0,0,1
120112,0,0,0,0,0,0,0,0,1
120113,0,0,0,0,0,0,0,0,1
120114,0,0,0,0,0,0,0,0,1
120115,0,0,0,0,0,0,0,0,1
120116,0,0,0,0,0,0,0,0,1
120117,0,0,0,0,0,0,0,0,1
120118,0,0,0,0,0,0,0,0,1
120119,0,0,0,0,0,0,0,0,1
120120,0,0,0,0,0,0,0,0,1
120121,0,0,0,0,0,0,0,0,1
120122,0,0,0,0,0,0,0,0,1
120123,0,0,0,0,0,0,0,0,1
120124,0,0,0,0,0,0,0,0,1
120125,0,0,0,0,0,0,0,0,1
120126,0,0,0,0,0,0,0,0,1
120127,0,0,0,0,0,0,0,0,1
120128,0,0,0,0,0,0,0,0,1
120129,0,0,0,0,0,0,0,0,1
120130,0,0,0,0,0,0,0,0,1
120131,0,0,0,0,0,0,0,0,1
120132,0,0,0,0,0,0,0,0,1
120133,0,0,0,0,0,0,0,0,1
120134,0,0,0,0,0,0,0,0,1
120135,0,0,0,0,0,0,0,0,1
120136,0,0,0,0,0,0,0,0,1
120137,0,0,0,0,0,0,0,0,1
120138,0,0,0,0,0,0,0,0,1
120139,0,0,0,0,0,0,0,0,1
120140,0,0,0,0,0,0,0,0,1
120141,0,0,0,0,0,0,0,0,1
120142,0,0,0,0,0,0,0,0,1
120143,0,0,0,0,0,0,0,0,1
120144,0,0,0,0,0,0,0,0,1
120145,0,0,0,0,0,0,0,0,1
120146,0,0,0,0,0,0,0,0,1
120147,0,0,0,0,0,0,0,0,1
120148,0,0,0,0,0,0,0,0,1
120149,0,0,0,0,0,0,0,0,1
120150,0,0,0,0,0,0,0,0,1
120151,0,0,0,0,0,0,0,0,1
120152,0,0,0,0,0,0,0,0,1
120153,0,0,0,0,0,0,0,0,1
120154,0,0,0,0,0,0,0,0,1
120155,0,0,0,0,0,0,0,0,1
120156,0,0,0,0,0,0,0,0,1
120157,0,0,0,0,0,0,0,0,1
120158,0,0,0,0,0,0,0,0,1
120159,0,0,0,0,0,0,0,0,1
120160,0,0,0,0,0,0,0,0,1
120161,0,0,0,0,0,0,0,0,1
120162,0,0,0,0,0,0,0,0,1
120163,0,0,0,0,0,0,0,0,1
120164,0,0,0,0,0,0,0,0,1
120165,0,0,0,0,0,0,0,0,1
120166,0,0,0,0,0,0,0,0,1
120167,0,0,0,0,0,0,0,0,1
120168,0,0,0,0,0,0,0,0,1
120169,0,0,0,0,0,0,0,0,1
120170,0,0,0,0,0,0,0,0,1
120171,0,0,0,0,0,0,0,0,1
120172,0,0,0,0,0,0,0,0,1
120173,0,0,0,0,0,0,0,0,1
120174,0,0,0,0,0,0,0,0,1
120175,0,0,0,0,0,0,0,0,1
120176,0,0,0,0,0,0,0,0,1
120177,0,0,0,0,0,0,0,0,1
120178,0,0,0,0,0,0,0,0,1
120179,0,0,0,0,0,0,0,0,1
120180,0,0,0,0,0,0,0,0,1
120181,0,0,0,0,0,0,0,0,1
120182,0,0,0,0,0,0,0,0,1
120183,0,0,0,0,0,0,0,0,1
120184,0,0,0,0,0,0,0,0,1
120185,0,0,0,0,0,0,0,0,1
120186,0,0,0,0,0,0,0,0,1
120187,0,0,0,0,0,0,0,0,1
120188,0,0,0,0,0,0,0,0,1
120189,0,0,0,0,0,0,0,0,1
120190,0,0,0,0,0,0,0,0,1
120191,0,0,0,0,0,0,0,0,1
120192,0,0,0,0,0,0,0,0,1
120193,0,0,0,0,0,0,0,0,1
120194,0,0,0,0,0,0,0,0,1
120195,0,0,0,0,0,0,0,0,1
120196,0,0,0,0,0,0,0,0,1
120197,0,0,0,0,0,0,0,0,1
120198,0,0,0,0,0,0,0,0,1
120199,0,0,0,0,0,0,0,0,1
120200,0,0,0,0,0,0,0,0,1
120201,0,0,0,0,0,0,0,0,1
120202,0,0,0,0,0,0,0,0,1
120203,0,0,0,0,0,0,0,0,1
120204,0,0,0,0,0,0,0,0,1
120205,0,0,0,0,0,0,0,0,1
120206,0,0,0,0,0,0,0,0,1
120207,0,0,0,0,0,0,0,0,1
120208,0,0,0,0,0,0,0,0,1
120209,0,0,0,0,0,0,0,0,1
120210,0,0,0,0,0,0,0,0,1
120211,0,0,0,0,0,0,0,0,1
120212,0,0,0,0,0,0,0,0,1
120213,0,0,0,0,0,0,0,0,1
120214,0,0,0,0,0,0,0,0,1
120215,0,0,0,0,0,0,0,0,1
120216,0,0,0,0,0,0,0,0,1
120217,0,0,0,0,0,0,0,0,1
120218,0,0,0,0,0,0,0,0,1
120219,0,0,0,0,0,0,0,0,1
120220,0,0,0,0,0,0,0,0,1
120221,0,0,0,0,0,0,0,0,1
120222,0,0,0,0,0,0,0,0,1
120223,0,0,0,0,0,0,0,0,1
120224,0,0,0,0,0,0,0,0,1
120225,0,0,0,0,0,0,0,0,1
120226,0,0,0,0,0,0,0,0,1
120227,0,0,0,0,0,0,0,0,1
120228,0,0,0,0,0,0,0,0,1
120229,0,0,0,0,0,0,0,0,1
120230,0,0,0,0,0,0,0,0,1
120231,0,0,0,0,0,0,0,0,1
120232,0,0,0,0,0,0,0,0,1
120233,0,0,0,0,0,0,0,0,1
120234,0,0,0,0,0,0,0,0,1
120235,0,0,0,0,0,0,0,0,1
120236,0,0,0,0,0,0,0,0,1
120237,0,0,0,0,0,0,0,0,1
120238,0,0,0,0,0,0,0,0,1
120239,0,0,0,0,0,0,0,0,1
120240,0,0,0,0,0,0,0,0,1
120241,0,0,0,0,0,0,0,0,1
120242,0,0,0,0,0,0,0,0,1
120243,0,0,0,0,0,0,0,0,1
120244,0,0,0,0,0,0,0,0,1
120245,0,0,0,0,0,0,0,0,1
120246,0,0,0,0,0,0,0,0,1
120247,0,0,0,0,0,0,0,0,1
120248,0,0,0,0,0,0,0,0,1
120249,0,0,0,0,0,0,0,0,1
120250,0,0,0,0,0,0,0,0,1
120251,0,0,0,0,0,0,0,0,1
120252,0,0,0,0,0,0,0,0,1
120253,0,0,0,0,0,0,0,0,1
120254,0,0,0,0,0,0,0,0,1
120255,0,0,0,0,0,0,0,0,1
120256,0,0,0,0,0,0,0,0,1
120257,0,0,0,0,0,0,0,0,1
120258,0,0,0,0,0,0,0,0,1
120259,0,0,0,0,0,0,0,0,1
120260,0,0,0,0,0,0,0,0,1
120261,0,0,0,0,0,0,0,0,1
120262,0,0,0,0,0,0,0,0,1
120263,0,0,0,0,0,0,0,0,1
120264,0,0,0,0,0,0,0,0,1
120265,0,0,0,0,0,0,0,0,1
120266,0,0,0,0,0,0,0,0,1
120267,0,0,0,0,0,0,0,0,1
120268,0,0,0,0,0,0,0,0,1
120269,0,0,0,0,0,0,0,0,1
120270,0,0,0,0,0,0,0,0,1
120271,0,0,0,0,0,0,0,0,1
120272,0,0,0,0,0,0,0,0,1
120273,0,0,0,0,0,0,0,0,1
120274,0,0,0,0,0,0,0,0,1
120275,0,0,0,0,0,0,0,0,1
120276,0,0,0,0,0,0,0,0,1
120277,0,0,0,0,0,0,0,0,1
120278,0,0,0,0,0,0,0,0,1
120279,0,0,0,0,0,0,0,0,1
120280,0,0,0,0,0,0,0,0,1
120281,0,0,0,0,0,0,0,0,1
120282,0,0,0,0,0,0,0,0,1
120283,0,0,0,0,0,0,0,0,1
120284,0,0,0,0,0,0,0,0,1
120285,0,0,0,0,0,0,0,0,1
120286,0,0,0,0,0,0,0,0,1
120287,0,0,0,0,0,0,0,0,1
120288,0,0,0,0,0,0,0,0,1
120289,0,0,0,0,0,0,0,0,1
120290,0,0,0,0,0,0,0,0,1
120291,0,0,0,0,0,0,0,0,1
120292,0,0,0,0,0,0,0,0,1
120293,0,0,0,0,0,0,0,0,1
120294,0,0,0,0,0,0,0,0,1
120295,0,0,0,0,0,0,0,0,1
120296,0,0,0,0,0,0,0,0,1
120297,0,0,0,0,0,0,0,0,1
120298,0,0,0,0,0,0,0,0,1
120299,0,0,0,0,0,0,0,0,1
120300,0,0,0,0,0,0,0,0,1
120301,0,0,0,0,0,0,0,0,1
120302,0,0,0,0,0,0,0,0,1
120303,0,0,0,0,0,0,0,0,1
120304,0,0,0,0,0,0,0,0,1
120305,0,0,0,0,0,0,0,0,1
120306,0,0,0,0,0,0,0,0,1
120307,0,0,0,0,0,0,0,0,1
120308,0,0,0,0,0,0,0,0,1
120309,0,0,0,0,0,0,0,0,1
120310,0,0,0,0,0,0,0,0,1
120311,0,0,0,0,0,0,0,0,1
120312,0,0,0,0,0,0,0,0,1
120313,0,0,0,0,0,0,0,0,1
120314,0,0,0,0,0,0,0,0,1
120315,0,0,0,0,0,0,0,0,1
120316,0,0,0,0,0,0,0,0,1
120317,0,0,0,0,0,0,0,0,1
120318,0,0,0,0,0,0,0,0,1
120319,0,0,0,0,0,0,0,0,1
120320,0,0,0,0,0,0,0,0,1
120321,0,0,0,0,0,0,0,0,1
120322,0,0,0,0,0,0,0,0,1
120323,0,0,0,0,0,0,0,0,1
120324,0,0,0,0,0,0,0,0,1
120325,0,0,0,0,0,0,0,0,1
120326,0,0,0,0,0,0,0,0,1
120327,0,0,0,0,0,0,0,0,1
120328,0,0,0,0,0,0,0,0,1
120329,0,0,0,0,0,0,0,0,1
120330,0,0,0,0,0,0,0,0,1
120331,0,0,0,0,0,0,0,0,1
120332,0,0,0,0,0,0,0,0,1
120333,0,0,0,0,0,0,0,0,1
120334,0,0,0,0,0,0,0,0,1
120335,0,0,0,0,0,0,0,0,1
120336,0,0,0,0,0,0,0,0,1
120337,0,0,0,0,0,0,0,0,1
120338,0,0,0,0,0,0,0,0,1
120339,0,0,0,0,0,0,0,0,1
120340,0,0,0,0,0,0,0,0,1
120341,0,0,0,0,0,0,0,0,1
120342,0,0,0,0,0,0,0,0,1
120343,0,0,0,0,0,0,0,0,1
120344,0,0,0,0,0,0,0,0,1
120345,0,0,0,0,0,0,0,0,1
120346,0,0,0,0,0,0,0,0,1
120347,0,0,0,0,0,0,0,0,1
120348,0,0,0,0,0,0,0,0,1
120349,0,0,0,0,0,0,0,0,1
120350,0,0,0,0,0,0,0,0,1
120351,0,0,0,0,0,0,0,0,1
120352,0,0,0,0,0,0,0,0,1
120353,0,0,0,0,0,0,0,0,1
120354,0,0,0,0,0,0,0,0,1
120355,0,0,0,0,0,0,0,0,1
120356,0,0,0,0,0,0,0,0,1
120357,0,0,0,0,0,0,0,0,1
120358,0,0,0,0,0,0,0,0,1
120359,0,0,0,0,0,0,0,0,1
120360,0,0,0,0,0,0,0,0,1
120361,0,0,0,0,0,0,0,0,1
120362,0,0,0,0,0,0,0,0,1
120363,0,0,0,0,0,0,0,0,1
120364,0,0,0,0,0,0,0,0,1
120365,0,0,0,0,0,0,0,0,1
120366,0,0,0,0,0,0,0,0,1
120367,0,0,0,0,0,0,0,0,1
120368,0,0,0,0,0,0,0,0,1
120369,0,0,0,0,0,0,0,0,1
120370,0,0,0,0,0,0,0,0,1
120371,0,0,0,0,0,0,0,0,1
120372,0,0,0,0,0,0,0,0,1
120373,0,0,0,0,0,0,0,0,1
120374,0,0,0,0,0,0,0,0,1
120375,0,0,0,0,0,0,0,0,1
120376,0,0,0,0,0,0,0,0,1
120377,0,0,0,0,0,0,0,0,1
120378,0,0,0,0,0,0,0,0,1
120379,0,0,0,0,0,0,0,0,1
120380,0,0,0,0,0,0,0,0,1
120381,0,0,0,0,0,0,0,0,1
120382,0,0,0,0,0,0,0,0,1
120383,0,0,0,0,0,0,0,0,1
120384,0,0,0,0,0,0,0,0,1
120385,0,0,0,0,0,0,0,0,1
120386,0,0,0,0,0,0,0,0,1
120387,0,0,0,0,0,0,0,0,1
120388,0,0,0,0,0,0,0,0,1
120389,0,0,0,0,0,0,0,0,1
120390,0,0,0,0,0,0,0,0,1
120391,0,0,0,0,0,0,0,0,1
120392,0,0,0,0,0,0,0,0,1
120393,0,0,0,0,0,0,0,0,1
120394,0,0,0,0,0,0,0,0,1
120395,0,0,0,0,0,0,0,0,1
120396,0,0,0,0,0,0,0,0,1
120397,0,0,0,0,0,0,0,0,1
120398,0,0,0,0,0,0,0,0,1
120399,0,0,0,0,0,0,0,0,1
120400,0,0,0,0,0,0,0,0,1
120401,0,0,0,0,0,0,0,0,1
120402,0,0,0,0,0,0,0,0,1
120403,0,0,0,0,0,0,0,0,1
120404,0,0,0,0,0,0,0,0,1
120405,0,0,0,0,0,0,0,0,1
120406,0,0,0,0,0,0,0,0,1
120407,0,0,0,0,0,0,0,0,1
120408,0,0,0,0,0,0,0,0,1
120409,0,0,0,0,0,0,0,0,1
120410,0,0,0,0,0,0,0,0,1
120411,0,0,0,0,0,0,0,0,1
120412,0,0,0,0,0,0,0,0,1
120413,0,0,0,0,0,0,0,0,1
120414,0,0,0,0,0,0,0,0,1
120415,0,0,0,0,0,0,0,0,1
120416,0,0,0,0,0,0,0,0,1
120417,0,0,0,0,0,0,0,0,1
120418,0,0,0,0,0,0,0,0,1
120419,0,0,0,0,0,0,0,0,1
120420,0,0,0,0,0,0,0,0,1
120421,0,0,0,0,0,0,0,0,1
120422,0,0,0,0,0,0,0,0,1
120423,0,0,0,0,0,0,0,0,1
120424,0,0,0,0,0,0,0,0,1
120425,0,0,0,0,0,0,0,0,1
120426,0,0,0,0,0,0,0,0,1
120427,0,0,0,0,0,0,0,0,1
120428,0,0,0,0,0,0,0,0,1
120429,0,0,0,0,0,0,0,0,1
120430,0,0,0,0,0,0,0,0,1
120431,0,0,0,0,0,0,0,0,1
120432,0,0,0,0,0,0,0,0,1
120433,0,0,0,0,0,0,0,0,1
120434,0,0,0,0,0,0,0,0,1
120435,0,0,0,0,0,0,0,0,1
120436,0,0,0,0,0,0,0,0,1
120437,0,0,0,0,0,0,0,0,1
120438,0,0,0,0,0,0,0,0,1
120439,0,0,0,0,0,0,0,0,1
120440,0,0,0,0,0,0,0,0,1
120441,0,0,0,0,0,0,0,0,1
120442,0,0,0,0,0,0,0,0,1
120443,0,0,0,0,0,0,0,0,1
120444,0,0,0,0,0,0,0,0,1
120445,0,0,0,0,0,0,0,0,1
120446,0,0,0,0,0,0,0,0,1
120447,0,0,0,0,0,0,0,0,1
120448,0,0,0,0,0,0,0,0,1
120449,0,0,0,0,0,0,0,0,1
120450,0,0,0,0,0,0,0,0,1
120451,0,0,0,0,0,0,0,0,1
120452,0,0,0,0,0,0,0,0,1
120453,0,0,0,0,0,0,0,0,1
120454,0,0,0,0,0,0,0,0,1
120455,0,0,0,0,0,0,0,0,1
120456,0,0,0,0,0,0,0,0,1
120457,0,0,0,0,0,0,0,0,1
120458,0,0,0,0,0,0,0,0,1
120459,0,0,0,0,0,0,0,0,1
120460,0,0,0,0,0,0,0,0,1
120461,0,0,0,0,0,0,0,0,1
120462,0,0,0,0,0,0,0,0,1
120463,0,0,0,0,0,0,0,0,1
120464,0,0,0,0,0,0,0,0,1
120465,0,0,0,0,0,0,0,0,1
120466,0,0,0,0,0,0,0,0,1
120467,0,0,0,0,0,0,0,0,1
120468,0,0,0,0,0,0,0,0,1
120469,0,0,0,0,0,0,0,0,1
120470,0,0,0,0,0,0,0,0,1
120471,0,0,0,0,0,0,0,0,1
120472,0,0,0,0,0,0,0,0,1
120473,0,0,0,0,0,0,0,0,1
120474,0,0,0,0,0,0,0,0,1
120475,0,0,0,0,0,0,0,0,1
120476,0,0,0,0,0,0,0,0,1
120477,0,0,0,0,0,0,0,0,1
120478,0,0,0,0,0,0,0,0,1
120479,0,0,0,0,0,0,0,0,1
120480,0,0,0,0,0,0,0,0,1
120481,0,0,0,0,0,0,0,0,1
120482,0,0,0,0,0,0,0,0,1
120483,0,0,0,0,0,0,0,0,1
120484,0,0,0,0,0,0,0,0,1
120485,0,0,0,0,0,0,0,0,1
120486,0,0,0,0,0,0,0,0,1
120487,0,0,0,0,0,0,0,0,1
120488,0,0,0,0,0,0,0,0,1
120489,0,0,0,0,0,0,0,0,1
120490,0,0,0,0,0,0,0,0,1
120491,0,0,0,0,0,0,0,0,1
120492,0,0,0,0,0,0,0,0,1
120493,0,0,0,0,0,0,0,0,1
120494,0,0,0,0,0,0,0,0,1
120495,0,0,0,0,0,0,0,0,1
120496,0,0,0,0,0,0,0,0,1
120497,0,0,0,0,0,0,0,0,1
120498,0,0,0,0,0,0,0,0,1
120499,0,0,0,0,0,0,0,0,1
120500,0,0,0,0,0,0,0,0,1
120501,0,0,0,0,0,0,0,0,1
120502,0,0,0,0,0,0,0,0,1
120503,0,0,0,0,0,0,0,0,1
120504,0,0,0,0,0,0,0,0,1
120505,0,0,0,0,0,0,0,0,1
120506,0,0,0,0,0,0,0,0,1
120507,0,0,0,0,0,0,0,0,1
120508,0,0,0,0,0,0,0,0,1
120509,0,0,0,0,0,0,0,0,1
120510,0,0,0,0,0,0,0,0,1
120511,0,0,0,0,0,0,0,0,1
120512,0,0,0,0,0,0,0,0,1
120513,0,0,0,0,0,0,0,0,1
120514,0,0,0,0,0,0,0,0,1
120515,0,0,0,0,0,0,0,0,1
120516,0,0,0,0,0,0,0,0,1
120517,0,0,0,0,0,0,0,0,1
120518,0,0,0,0,0,0,0,0,1
120519,0,0,0,0,0,0,0,0,1
120520,0,0,0,0,0,0,0,0,1
120521,0,0,0,0,0,0,0,0,1
120522,0,0,0,0,0,0,0,0,1
120523,0,0,0,0,0,0,0,0,1
120524,0,0,0,0,0,0,0,0,1
120525,0,0,0,0,0,0,0,0,1
120526,0,0,0,0,0,0,0,0,1
120527,0,0,0,0,0,0,0,0,1
120528,0,0,0,0,0,0,0,0,1
120529,0,0,0,0,0,0,0,0,1
120530,0,0,0,0,0,0,0,0,1
120531,0,0,0,0,0,0,0,0,1
120532,0,0,0,0,0,0,0,0,1
120533,0,0,0,0,0,0,0,0,1
120534,0,0,0,0,0,0,0,0,1
120535,0,0,0,0,0,0,0,0,1
120536,0,0,0,0,0,0,0,0,1
120537,0,0,0,0,0,0,0,0,1
120538,0,0,0,0,0,0,0,0,1
120539,0,0,0,0,0,0,0,0,1
120540,0,0,0,0,0,0,0,0,1
120541,0,0,0,0,0,0,0,0,1
120542,0,0,0,0,0,0,0,0,1
120543,0,0,0,0,0,0,0,0,1
120544,0,0,0,0,0,0,0,0,1
120545,0,0,0,0,0,0,0,0,1
120546,0,0,0,0,0,0,0,0,1
120547,0,0,0,0,0,0,0,0,1
120548,0,0,0,0,0,0,0,0,1
120549,0,0,0,0,0,0,0,0,1
120550,0,0,0,0,0,0,0,0,1
120551,0,0,0,0,0,0,0,0,1
120552,0,0,0,0,0,0,0,0,1
120553,0,0,0,0,0,0,0,0,1
120554,0,0,0,0,0,0,0,0,1
120555,0,0,0,0,0,0,0,0,1
120556,0,0,0,0,0,0,0,0,1
120557,0,0,0,0,0,0,0,0,1
120558,0,0,0,0,0,0,0,0,1
120559,0,0,0,0,0,0,0,0,1
120560,0,0,0,0,0,0,0,0,1
120561,0,0,0,0,0,0,0,0,1
120562,0,0,0,0,0,0,0,0,1
120563,0,0,0,0,0,0,0,0,1
120564,0,0,0,0,0,0,0,0,1
120565,0,0,0,0,0,0,0,0,1
120566,0,0,0,0,0,0,0,0,1
120567,0,0,0,0,0,0,0,0,1
120568,0,0,0,0,0,0,0,0,1
120569,0,0,0,0,0,0,0,0,1
120570,0,0,0,0,0,0,0,0,1
120571,0,0,0,0,0,0,0,0,1
120572,0,0,0,0,0,0,0,0,1
120573,0,0,0,0,0,0,0,0,1
120574,0,0,0,0,0,0,0,0,1
120575,0,0,0,0,0,0,0,0,1
120576,0,0,0,0,0,0,0,0,1
120577,0,0,0,0,0,0,0,0,1
120578,0,0,0,0,0,0,0,0,1
120579,0,0,0,0,0,0,0,0,1
120580,0,0,0,0,0,0,0,0,1
120581,0,0,0,0,0,0,0,0,1
120582,0,0,0,0,0,0,0,0,1
120583,0,0,0,0,0,0,0,0,1
120584,0,0,0,0,0,0,0,0,1
120585,0,0,0,0,0,0,0,0,1
120586,0,0,0,0,0,0,0,0,1
120587,0,0,0,0,0,0,0,0,1
120588,0,0,0,0,0,0,0,0,1
120589,0,0,0,0,0,0,0,0,1
120590,0,0,0,0,0,0,0,0,1
120591,0,0,0,0,0,0,0,0,1
120592,0,0,0,0,0,0,0,0,1
120593,0,0,0,0,0,0,0,0,1
120594,0,0,0,0,0,0,0,0,1
120595,0,0,0,0,0,0,0,0,1
120596,0,0,0,0,0,0,0,0,1
120597,0,0,0,0,0,0,0,0,1
120598,0,0,0,0,0,0,0,0,1
120599,0,0,0,0,0,0,0,0,1
120600,0,0,0,0,0,0,0,0,1
120601,0,0,0,0,0,0,0,0,1
120602,0,0,0,0,0,0,0,0,1
120603,0,0,0,0,0,0,0,0,1
120604,0,0,0,0,0,0,0,0,1
120605,0,0,0,0,0,0,0,0,1
120606,0,0,0,0,0,0,0,0,1
120607,0,0,0,0,0,0,0,0,1
120608,0,0,0,0,0,0,0,0,1
120609,0,0,0,0,0,0,0,0,1
120610,0,0,0,0,0,0,0,0,1
120611,0,0,0,0,0,0,0,0,1
120612,0,0,0,0,0,0,0,0,1
120613,0,0,0,0,0,0,0,0,1
120614,0,0,0,0,0,0,0,0,1
120615,0,0,0,0,0,0,0,0,1
120616,0,0,0,0,0,0,0,0,1
120617,0,0,0,0,0,0,0,0,1
120618,0,0,0,0,0,0,0,0,1
120619,0,0,0,0,0,0,0,0,1
120620,0,0,0,0,0,0,0,0,1
120621,0,0,0,0,0,0,0,0,1
120622,0,0,0,0,0,0,0,0,1
120623,0,0,0,0,0,0,0,0,1
120624,0,0,0,0,0,0,0,0,1
120625,0,0,0,0,0,0,0,0,1
120626,0,0,0,0,0,0,0,0,1
120627,0,0,0,0,0,0,0,0,1
120628,0,0,0,0,0,0,0,0,1
120629,0,0,0,0,0,0,0,0,1
120630,0,0,0,0,0,0,0,0,1
120631,0,0,0,0,0,0,0,0,1
120632,0,0,0,0,0,0,0,0,1
120633,0,0,0,0,0,0,0,0,1
120634,0,0,0,0,0,0,0,0,1
120635,0,0,0,0,0,0,0,0,1
120636,0,0,0,0,0,0,0,0,1
120637,0,0,0,0,0,0,0,0,1
120638,0,0,0,0,0,0,0,0,1
120639,0,0,0,0,0,0,0,0,1
120640,0,0,0,0,0,0,0,0,1
120641,0,0,0,0,0,0,0,0,1
120642,0,0,0,0,0,0,0,0,1
120643,0,0,0,0,0,0,0,0,1
120644,0,0,0,0,0,0,0,0,1
120645,0,0,0,0,0,0,0,0,1
120646,0,0,0,0,0,0,0,0,1
120647,0,0,0,0,0,0,0,0,1
120648,0,0,0,0,0,0,0,0,1
120649,0,0,0,0,0,0,0,0,1
120650,0,0,0,0,0,0,0,0,1
120651,0,0,0,0,0,0,0,0,1
120652,0,0,0,0,0,0,0,0,1
120653,0,0,0,0,0,0,0,0,1
120654,0,0,0,0,0,0,0,0,1
120655,0,0,0,0,0,0,0,0,1
120656,0,0,0,0,0,0,0,0,1
120657,0,0,0,0,0,0,0,0,1
120658,0,0,0,0,0,0,0,0,1
120659,0,0,0,0,0,0,0,0,1
120660,0,0,0,0,0,0,0,0,1
120661,0,0,0,0,0,0,0,0,1
120662,0,0,0,0,0,0,0,0,1
120663,0,0,0,0,0,0,0,0,1
120664,0,0,0,0,0,0,0,0,1
120665,0,0,0,0,0,0,0,0,1
120666,0,0,0,0,0,0,0,0,1
120667,0,0,0,0,0,0,0,0,1
120668,0,0,0,0,0,0,0,0,1
120669,0,0,0,0,0,0,0,0,1
120670,0,0,0,0,0,0,0,0,1
120671,0,0,0,0,0,0,0,0,1
120672,0,0,0,0,0,0,0,0,1
120673,0,0,0,0,0,0,0,0,1
120674,0,0,0,0,0,0,0,0,1
120675,0,0,0,0,0,0,0,0,1
120676,0,0,0,0,0,0,0,0,1
120677,0,0,0,0,0,0,0,0,1
120678,0,0,0,0,0,0,0,0,1
120679,0,0,0,0,0,0,0,0,1
120680,0,0,0,0,0,0,0,0,1
120681,0,0,0,0,0,0,0,0,1
120682,0,0,0,0,0,0,0,0,1
120683,0,0,0,0,0,0,0,0,1
120684,0,0,0,0,0,0,0,0,1
120685,0,0,0,0,0,0,0,0,1
120686,0,0,0,0,0,0,0,0,1
120687,0,0,0,0,0,0,0,0,1
120688,0,0,0,0,0,0,0,0,1
120689,0,0,0,0,0,0,0,0,1
120690,0,0,0,0,0,0,0,0,1
120691,0,0,0,0,0,0,0,0,1
120692,0,0,0,0,0,0,0,0,1
120693,0,0,0,0,0,0,0,0,1
120694,0,0,0,0,0,0,0,0,1
120695,0,0,0,0,0,0,0,0,1
120696,0,0,0,0,0,0,0,0,1
120697,0,0,0,0,0,0,0,0,1
120698,0,0,0,0,0,0,0,0,1
120699,0,0,0,0,0,0,0,0,1
120700,0,0,0,0,0,0,0,0,1
120701,0,0,0,0,0,0,0,0,1
120702,0,0,0,0,0,0,0,0,1
120703,0,0,0,0,0,0,0,0,1
120704,0,0,0,0,0,0,0,0,1
120705,0,0,0,0,0,0,0,0,1
120706,0,0,0,0,0,0,0,0,1
120707,0,0,0,0,0,0,0,0,1
120708,0,0,0,0,0,0,0,0,1
120709,0,0,0,0,0,0,0,0,1
120710,0,0,0,0,0,0,0,0,1
120711,0,0,0,0,0,0,0,0,1
120712,0,0,0,0,0,0,0,0,1
120713,0,0,0,0,0,0,0,0,1
120714,0,0,0,0,0,0,0,0,1
120715,0,0,0,0,0,0,0,0,1
120716,0,0,0,0,0,0,0,0,1
120717,0,0,0,0,0,0,0,0,1
120718,0,0,0,0,0,0,0,0,1
120719,0,0,0,0,0,0,0,0,1
120720,0,0,0,0,0,0,0,0,1
120721,0,0,0,0,0,0,0,0,1
120722,0,0,0,0,0,0,0,0,1
120723,0,0,0,0,0,0,0,0,1
120724,0,0,0,0,0,0,0,0,1
120725,0,0,0,0,0,0,0,0,1
120726,0,0,0,0,0,0,0,0,1
120727,0,0,0,0,0,0,0,0,1
120728,0,0,0,0,0,0,0,0,1
120729,0,0,0,0,0,0,0,0,1
120730,0,0,0,0,0,0,0,0,1
120731,0,0,0,0,0,0,0,0,1
120732,0,0,0,0,0,0,0,0,1
120733,0,0,0,0,0,0,0,0,1
120734,0,0,0,0,0,0,0,0,1
120735,0,0,0,0,0,0,0,0,1
120736,0,0,0,0,0,0,0,0,1
120737,0,0,0,0,0,0,0,0,1
120738,0,0,0,0,0,0,0,0,1
120739,0,0,0,0,0,0,0,0,1
120740,0,0,0,0,0,0,0,0,1
120741,0,0,0,0,0,0,0,0,1
120742,0,0,0,0,0,0,0,0,1
120743,0,0,0,0,0,0,0,0,1
120744,0,0,0,0,0,0,0,0,1
120745,0,0,0,0,0,0,0,0,1
120746,0,0,0,0,0,0,0,0,1
120747,0,0,0,0,0,0,0,0,1
120748,0,0,0,0,0,0,0,0,1
120749,0,0,0,0,0,0,0,0,1
120750,0,0,0,0,0,0,0,0,1
120751,0,0,0,0,0,0,0,0,1
120752,0,0,0,0,0,0,0,0,1
120753,0,0,0,0,0,0,0,0,1
120754,0,0,0,0,0,0,0,0,1
120755,0,0,0,0,0,0,0,0,1
120756,0,0,0,0,0,0,0,0,1
120757,0,0,0,0,0,0,0,0,1
120758,0,0,0,0,0,0,0,0,1
120759,0,0,0,0,0,0,0,0,1
120760,0,0,0,0,0,0,0,0,1
120761,0,0,0,0,0,0,0,0,1
120762,0,0,0,0,0,0,0,0,1
120763,0,0,0,0,0,0,0,0,1
120764,0,0,0,0,0,0,0,0,1
120765,0,0,0,0,0,0,0,0,1
120766,0,0,0,0,0,0,0,0,1
120767,0,0,0,0,0,0,0,0,1
120768,0,0,0,0,0,0,0,0,1
120769,0,0,0,0,0,0,0,0,1
120770,0,0,0,0,0,0,0,0,1
120771,0,0,0,0,0,0,0,0,1
120772,0,0,0,0,0,0,0,0,1
120773,0,0,0,0,0,0,0,0,1
120774,0,0,0,0,0,0,0,0,1
120775,0,0,0,0,0,0,0,0,1
120776,0,0,0,0,0,0,0,0,1
120777,0,0,0,0,0,0,0,0,1
120778,0,0,0,0,0,0,0,0,1
120779,0,0,0,0,0,0,0,0,1
120780,0,0,0,0,0,0,0,0,1
120781,0,0,0,0,0,0,0,0,1
120782,0,0,0,0,0,0,0,0,1
120783,0,0,0,0,0,0,0,0,1
120784,0,0,0,0,0,0,0,0,1
120785,0,0,0,0,0,0,0,0,1
120786,0,0,0,0,0,0,0,0,1
120787,0,0,0,0,0,0,0,0,1
120788,0,0,0,0,0,0,0,0,1
120789,0,0,0,0,0,0,0,0,1
120790,0,0,0,0,0,0,0,0,1
120791,0,0,0,0,0,0,0,0,1
120792,0,0,0,0,0,0,0,0,1
120793,0,0,0,0,0,0,0,0,1
120794,0,0,0,0,0,0,0,0,1
120795,0,0,0,0,0,0,0,0,1
120796,0,0,0,0,0,0,0,0,1
120797,0,0,0,0,0,0,0,0,1
120798,0,0,0,0,0,0,0,0,1
120799,0,0,0,0,0,0,0,0,1
120800,0,0,0,0,0,0,0,0,1
120801,0,0,0,0,0,0,0,0,1
120802,0,0,0,0,0,0,0,0,1
120803,0,0,0,0,0,0,0,0,1
120804,0,0,0,0,0,0,0,0,1
120805,0,0,0,0,0,0,0,0,1
120806,0,0,0,0,0,0,0,0,1
120807,0,0,0,0,0,0,0,0,1
120808,0,0,0,0,0,0,0,0,1
120809,0,0,0,0,0,0,0,0,1
120810,0,0,0,0,0,0,0,0,1
120811,0,0,0,0,0,0,0,0,1
120812,0,0,0,0,0,0,0,0,1
120813,0,0,0,0,0,0,0,0,1
120814,0,0,0,0,0,0,0,0,1
120815,0,0,0,0,0,0,0,0,1
120816,0,0,0,0,0,0,0,0,1
120817,0,0,0,0,0,0,0,0,1
120818,0,0,0,0,0,0,0,0,1
120819,0,0,0,0,0,0,0,0,1
120820,0,0,0,0,0,0,0,0,1
120821,0,0,0,0,0,0,0,0,1
120822,0,0,0,0,0,0,0,0,1
120823,0,0,0,0,0,0,0,0,1
120824,0,0,0,0,0,0,0,0,1
120825,0,0,0,0,0,0,0,0,1
120826,0,0,0,0,0,0,0,0,1
120827,0,0,0,0,0,0,0,0,1
120828,0,0,0,0,0,0,0,0,1
120829,0,0,0,0,0,0,0,0,1
120830,0,0,0,0,0,0,0,0,1
120831,0,0,0,0,0,0,0,0,1
120832,0,0,0,0,0,0,0,0,1
120833,0,0,0,0,0,0,0,0,1
120834,0,0,0,0,0,0,0,0,1
120835,0,0,0,0,0,0,0,0,1
120836,0,0,0,0,0,0,0,0,1
120837,0,0,0,0,0,0,0,0,1
120838,0,0,0,0,0,0,0,0,1
120839,0,0,0,0,0,0,0,0,1
120840,0,0,0,0,0,0,0,0,1
120841,0,0,0,0,0,0,0,0,1
120842,0,0,0,0,0,0,0,0,1
120843,0,0,0,0,0,0,0,0,1
120844,0,0,0,0,0,0,0,0,1
120845,0,0,0,0,0,0,0,0,1
120846,0,0,0,0,0,0,0,0,1
120847,0,0,0,0,0,0,0,0,1
120848,0,0,0,0,0,0,0,0,1
120849,0,0,0,0,0,0,0,0,1
120850,0,0,0,0,0,0,0,0,1
120851,0,0,0,0,0,0,0,0,1
120852,0,0,0,0,0,0,0,0,1
120853,0,0,0,0,0,0,0,0,1
120854,0,0,0,0,0,0,0,0,1
120855,0,0,0,0,0,0,0,0,1
120856,0,0,0,0,0,0,0,0,1
120857,0,0,0,0,0,0,0,0,1
120858,0,0,0,0,0,0,0,0,1
120859,0,0,0,0,0,0,0,0,1
120860,0,0,0,0,0,0,0,0,1
120861,0,0,0,0,0,0,0,0,1
120862,0,0,0,0,0,0,0,0,1
120863,0,0,0,0,0,0,0,0,1
120864,0,0,0,0,0,0,0,0,1
120865,0,0,0,0,0,0,0,0,1
120866,0,0,0,0,0,0,0,0,1
120867,0,0,0,0,0,0,0,0,1
120868,0,0,0,0,0,0,0,0,1
120869,0,0,0,0,0,0,0,0,1
120870,0,0,0,0,0,0,0,0,1
120871,0,0,0,0,0,0,0,0,1
120872,0,0,0,0,0,0,0,0,1
120873,0,0,0,0,0,0,0,0,1
120874,0,0,0,0,0,0,0,0,1
120875,0,0,0,0,0,0,0,0,1
120876,0,0,0,0,0,0,0,0,1
120877,0,0,0,0,0,0,0,0,1
120878,0,0,0,0,0,0,0,0,1
120879,0,0,0,0,0,0,0,0,1
120880,0,0,0,0,0,0,0,0,1
120881,0,0,0,0,0,0,0,0,1
120882,0,0,0,0,0,0,0,0,1
120883,0,0,0,0,0,0,0,0,1
120884,0,0,0,0,0,0,0,0,1
120885,0,0,0,0,0,0,0,0,1
120886,0,0,0,0,0,0,0,0,1
120887,0,0,0,0,0,0,0,0,1
120888,0,0,0,0,0,0,0,0,1
120889,0,0,0,0,0,0,0,0,1
120890,0,0,0,0,0,0,0,0,1
120891,0,0,0,0,0,0,0,0,1
120892,0,0,0,0,0,0,0,0,1
120893,0,0,0,0,0,0,0,0,1
120894,0,0,0,0,0,0,0,0,1
120895,0,0,0,0,0,0,0,0,1
120896,0,0,0,0,0,0,0,0,1
120897,0,0,0,0,0,0,0,0,1
120898,0,0,0,0,0,0,0,0,1
120899,0,0,0,0,0,0,0,0,1
120900,0,0,0,0,0,0,0,0,1
120901,0,0,0,0,0,0,0,0,1
120902,0,0,0,0,0,0,0,0,1
120903,0,0,0,0,0,0,0,0,1
120904,0,0,0,0,0,0,0,0,1
120905,0,0,0,0,0,0,0,0,1
120906,0,0,0,0,0,0,0,0,1
120907,0,0,0,0,0,0,0,0,1
120908,0,0,0,0,0,0,0,0,1
120909,0,0,0,0,0,0,0,0,1
120910,0,0,0,0,0,0,0,0,1
120911,0,0,0,0,0,0,0,0,1
120912,0,0,0,0,0,0,0,0,1
120913,0,0,0,0,0,0,0,0,1
120914,0,0,0,0,0,0,0,0,1
120915,0,0,0,0,0,0,0,0,1
120916,0,0,0,0,0,0,0,0,1
120917,0,0,0,0,0,0,0,0,1
120918,0,0,0,0,0,0,0,0,1
120919,0,0,0,0,0,0,0,0,1
120920,0,0,0,0,0,0,0,0,1
120921,0,0,0,0,0,0,0,0,1
120922,0,0,0,0,0,0,0,0,1
120923,0,0,0,0,0,0,0,0,1
120924,0,0,0,0,0,0,0,0,1
120925,0,0,0,0,0,0,0,0,1
120926,0,0,0,0,0,0,0,0,1
120927,0,0,0,0,0,0,0,0,1
120928,0,0,0,0,0,0,0,0,1
120929,0,0,0,0,0,0,0,0,1
120930,0,0,0,0,0,0,0,0,1
120931,0,0,0,0,0,0,0,0,1
120932,0,0,0,0,0,0,0,0,1
120933,0,0,0,0,0,0,0,0,1
120934,0,0,0,0,0,0,0,0,1
120935,0,0,0,0,0,0,0,0,1
120936,0,0,0,0,0,0,0,0,1
120937,0,0,0,0,0,0,0,0,1
120938,0,0,0,0,0,0,0,0,1
120939,0,0,0,0,0,0,0,0,1
120940,0,0,0,0,0,0,0,0,1
120941,0,0,0,0,0,0,0,0,1
120942,0,0,0,0,0,0,0,0,1
120943,0,0,0,0,0,0,0,0,1
120944,0,0,0,0,0,0,0,0,1
120945,0,0,0,0,0,0,0,0,1
120946,0,0,0,0,0,0,0,0,1
120947,0,0,0,0,0,0,0,0,1
120948,0,0,0,0,0,0,0,0,1
120949,0,0,0,0,0,0,0,0,1
120950,0,0,0,0,0,0,0,0,1
120951,0,0,0,0,0,0,0,0,1
120952,0,0,0,0,0,0,0,0,1
120953,0,0,0,0,0,0,0,0,1
120954,0,0,0,0,0,0,0,0,1
120955,0,0,0,0,0,0,0,0,1
120956,0,0,0,0,0,0,0,0,1
120957,0,0,0,0,0,0,0,0,1
120958,0,0,0,0,0,0,0,0,1
120959,0,0,0,0,0,0,0,0,1
120960,0,0,0,0,0,0,0,0,1
120961,0,0,0,0,0,0,0,0,1
120962,0,0,0,0,0,0,0,0,1
120963,0,0,0,0,0,0,0,0,1
120964,0,0,0,0,0,0,0,0,1
120965,0,0,0,0,0,0,0,0,1
120966,0,0,0,0,0,0,0,0,1
120967,0,0,0,0,0,0,0,0,1
120968,0,0,0,0,0,0,0,0,1
120969,0,0,0,0,0,0,0,0,1
120970,0,0,0,0,0,0,0,0,1
120971,0,0,0,0,0,0,0,0,1
120972,0,0,0,0,0,0,0,0,1
120973,0,0,0,0,0,0,0,0,1
120974,0,0,0,0,0,0,0,0,1
120975,0,0,0,0,0,0,0,0,1
120976,0,0,0,0,0,0,0,0,1
120977,0,0,0,0,0,0,0,0,1
120978,0,0,0,0,0,0,0,0,1
120979,0,0,0,0,0,0,0,0,1
120980,0,0,0,0,0,0,0,0,1
120981,0,0,0,0,0,0,0,0,1
120982,0,0,0,0,0,0,0,0,1
120983,0,0,0,0,0,0,0,0,1
120984,0,0,0,0,0,0,0,0,1
120985,0,0,0,0,0,0,0,0,1
120986,0,0,0,0,0,0,0,0,1
120987,0,0,0,0,0,0,0,0,1
120988,0,0,0,0,0,0,0,0,1
120989,0,0,0,0,0,0,0,0,1
120990,0,0,0,0,0,0,0,0,1
120991,0,0,0,0,0,0,0,0,1
120992,0,0,0,0,0,0,0,0,1
120993,0,0,0,0,0,0,0,0,1
120994,0,0,0,0,0,0,0,0,1
120995,0,0,0,0,0,0,0,0,1
120996,0,0,0,0,0,0,0,0,1
120997,0,0,0,0,0,0,0,0,1
120998,0,0,0,0,0,0,0,0,1
120999,0,0,0,0,0,0,0,0,1
121000,0,0,0,0,0,0,0,0,1
121001,0,0,0,0,0,0,0,0,1
121002,0,0,0,0,0,0,0,0,1
121003,0,0,0,0,0,0,0,0,1
121004,0,0,0,0,0,0,0,0,1
121005,0,0,0,0,0,0,0,0,1
121006,0,0,0,0,0,0,0,0,1
121007,0,0,0,0,0,0,0,0,1
121008,0,0,0,0,0,0,0,0,1
121009,0,0,0,0,0,0,0,0,1
121010,0,0,0,0,0,0,0,0,1
121011,0,0,0,0,0,0,0,0,1
121012,0,0,0,0,0,0,0,0,1
121013,0,0,0,0,0,0,0,0,1
121014,0,0,0,0,0,0,0,0,1
121015,0,0,0,0,0,0,0,0,1
121016,0,0,0,0,0,0,0,0,1
121017,0,0,0,0,0,0,0,0,1
121018,0,0,0,0,0,0,0,0,1
121019,0,0,0,0,0,0,0,0,1
121020,0,0,0,0,0,0,0,0,1
121021,0,0,0,0,0,0,0,0,1
121022,0,0,0,0,0,0,0,0,1
121023,0,0,0,0,0,0,0,0,1
121024,0,0,0,0,0,0,0,0,1
121025,0,0,0,0,0,0,0,0,1
121026,0,0,0,0,0,0,0,0,1
121027,0,0,0,0,0,0,0,0,1
121028,0,0,0,0,0,0,0,0,1
121029,0,0,0,0,0,0,0,0,1
121030,0,0,0,0,0,0,0,0,1
121031,0,0,0,0,0,0,0,0,1
121032,0,0,0,0,0,0,0,0,1
121033,0,0,0,0,0,0,0,0,1
121034,0,0,0,0,0,0,0,0,1
121035,0,0,0,0,0,0,0,0,1
121036,0,0,0,0,0,0,0,0,1
121037,0,0,0,0,0,0,0,0,1
121038,0,0,0,0,0,0,0,0,1
121039,0,0,0,0,0,0,0,0,1
121040,0,0,0,0,0,0,0,0,1
121041,0,0,0,0,0,0,0,0,1
121042,0,0,0,0,0,0,0,0,1
121043,0,0,0,0,0,0,0,0,1
121044,0,0,0,0,0,0,0,0,1
121045,0,0,0,0,0,0,0,0,1
121046,0,0,0,0,0,0,0,0,1
121047,0,0,0,0,0,0,0,0,1
121048,0,0,0,0,0,0,0,0,1
121049,0,0,0,0,0,0,0,0,1
121050,0,0,0,0,0,0,0,0,1
121051,0,0,0,0,0,0,0,0,1
121052,0,0,0,0,0,0,0,0,1
121053,0,0,0,0,0,0,0,0,1
121054,0,0,0,0,0,0,0,0,1
121055,0,0,0,0,0,0,0,0,1
121056,0,0,0,0,0,0,0,0,1
121057,0,0,0,0,0,0,0,0,1
121058,0,0,0,0,0,0,0,0,1
121059,0,0,0,0,0,0,0,0,1
121060,0,0,0,0,0,0,0,0,1
121061,0,0,0,0,0,0,0,0,1
121062,0,0,0,0,0,0,0,0,1
121063,0,0,0,0,0,0,0,0,1
121064,0,0,0,0,0,0,0,0,1
121065,0,0,0,0,0,0,0,0,1
121066,0,0,0,0,0,0,0,0,1
121067,0,0,0,0,0,0,0,0,1
121068,0,0,0,0,0,0,0,0,1
121069,0,0,0,0,0,0,0,0,1
121070,0,0,0,0,0,0,0,0,1
121071,0,0,0,0,0,0,0,0,1
121072,0,0,0,0,0,0,0,0,1
121073,0,0,0,0,0,0,0,0,1
121074,0,0,0,0,0,0,0,0,1
121075,0,0,0,0,0,0,0,0,1
121076,0,0,0,0,0,0,0,0,1
121077,0,0,0,0,0,0,0,0,1
121078,0,0,0,0,0,0,0,0,1
121079,0,0,0,0,0,0,0,0,1
121080,0,0,0,0,0,0,0,0,1
121081,0,0,0,0,0,0,0,0,1
121082,0,0,0,0,0,0,0,0,1
121083,0,0,0,0,0,0,0,0,1
121084,0,0,0,0,0,0,0,0,1
121085,0,0,0,0,0,0,0,0,1
121086,0,0,0,0,0,0,0,0,1
121087,0,0,0,0,0,0,0,0,1
121088,0,0,0,0,0,0,0,0,1
121089,0,0,0,0,0,0,0,0,1
121090,0,0,0,0,0,0,0,0,1
121091,0,0,0,0,0,0,0,0,1
121092,0,0,0,0,0,0,0,0,1
121093,0,0,0,0,0,0,0,0,1
121094,0,0,0,0,0,0,0,0,1
121095,0,0,0,0,0,0,0,0,1
121096,0,0,0,0,0,0,0,0,1
121097,0,0,0,0,0,0,0,0,1
121098,0,0,0,0,0,0,0,0,1
121099,0,0,0,0,0,0,0,0,1
121100,0,0,0,0,0,0,0,0,1
121101,0,0,0,0,0,0,0,0,1
121102,0,0,0,0,0,0,0,0,1
121103,0,0,0,0,0,0,0,0,1
121104,0,0,0,0,0,0,0,0,1
121105,0,0,0,0,0,0,0,0,1
121106,0,0,0,0,0,0,0,0,1
121107,0,0,0,0,0,0,0,0,1
121108,0,0,0,0,0,0,0,0,1
121109,0,0,0,0,0,0,0,0,1
121110,0,0,0,0,0,0,0,0,1
121111,0,0,0,0,0,0,0,0,1
121112,0,0,0,0,0,0,0,0,1
121113,0,0,0,0,0,0,0,0,1
121114,0,0,0,0,0,0,0,0,1
121115,0,0,0,0,0,0,0,0,1
121116,0,0,0,0,0,0,0,0,1
121117,0,0,0,0,0,0,0,0,1
121118,0,0,0,0,0,0,0,0,1
121119,0,0,0,0,0,0,0,0,1
121120,0,0,0,0,0,0,0,0,1
121121,0,0,0,0,0,0,0,0,1
121122,0,0,0,0,0,0,0,0,1
121123,0,0,0,0,0,0,0,0,1
121124,0,0,0,0,0,0,0,0,1
121125,0,0,0,0,0,0,0,0,1
121126,0,0,0,0,0,0,0,0,1
121127,0,0,0,0,0,0,0,0,1
121128,0,0,0,0,0,0,0,0,1
121129,0,0,0,0,0,0,0,0,1
121130,0,0,0,0,0,0,0,0,1
121131,0,0,0,0,0,0,0,0,1
121132,0,0,0,0,0,0,0,0,1
121133,0,0,0,0,0,0,0,0,1
121134,0,0,0,0,0,0,0,0,1
121135,0,0,0,0,0,0,0,0,1
121136,0,0,0,0,0,0,0,0,1
121137,0,0,0,0,0,0,0,0,1
121138,0,0,0,0,0,0,0,0,1
121139,0,0,0,0,0,0,0,0,1
121140,0,0,0,0,0,0,0,0,1
121141,0,0,0,0,0,0,0,0,1
121142,0,0,0,0,0,0,0,0,1
121143,0,0,0,0,0,0,0,0,1
121144,0,0,0,0,0,0,0,0,1
121145,0,0,0,0,0,0,0,0,1
121146,0,0,0,0,0,0,0,0,1
121147,0,0,0,0,0,0,0,0,1
121148,0,0,0,0,0,0,0,0,1
121149,0,0,0,0,0,0,0,0,1
121150,0,0,0,0,0,0,0,0,1
121151,0,0,0,0,0,0,0,0,1
121152,0,0,0,0,0,0,0,0,1
121153,0,0,0,0,0,0,0,0,1
121154,0,0,0,0,0,0,0,0,1
121155,0,0,0,0,0,0,0,0,1
121156,0,0,0,0,0,0,0,0,1
121157,0,0,0,0,0,0,0,0,1
121158,0,0,0,0,0,0,0,0,1
121159,0,0,0,0,0,0,0,0,1
121160,0,0,0,0,0,0,0,0,1
121161,0,0,0,0,0,0,0,0,1
121162,0,0,0,0,0,0,0,0,1
121163,0,0,0,0,0,0,0,0,1
121164,0,0,0,0,0,0,0,0,1
121165,0,0,0,0,0,0,0,0,1
121166,0,0,0,0,0,0,0,0,1
121167,0,0,0,0,0,0,0,0,1
121168,0,0,0,0,0,0,0,0,1
121169,0,0,0,0,0,0,0,0,1
121170,0,0,0,0,0,0,0,0,1
121171,0,0,0,0,0,0,0,0,1
121172,0,0,0,0,0,0,0,0,1
121173,0,0,0,0,0,0,0,0,1
121174,0,0,0,0,0,0,0,0,1
121175,0,0,0,0,0,0,0,0,1
121176,0,0,0,0,0,0,0,0,1
121177,0,0,0,0,0,0,0,0,1
121178,0,0,0,0,0,0,0,0,1
121179,0,0,0,0,0,0,0,0,1
121180,0,0,0,0,0,0,0,0,1
121181,0,0,0,0,0,0,0,0,1
121182,0,0,0,0,0,0,0,0,1
121183,0,0,0,0,0,0,0,0,1
121184,0,0,0,0,0,0,0,0,1
121185,0,0,0,0,0,0,0,0,1
121186,0,0,0,0,0,0,0,0,1
121187,0,0,0,0,0,0,0,0,1
121188,0,0,0,0,0,0,0,0,1
121189,0,0,0,0,0,0,0,0,1
121190,0,0,0,0,0,0,0,0,1
121191,0,0,0,0,0,0,0,0,1
121192,0,0,0,0,0,0,0,0,1
121193,0,0,0,0,0,0,0,0,1
121194,0,0,0,0,0,0,0,0,1
121195,0,0,0,0,0,0,0,0,1
121196,0,0,0,0,0,0,0,0,1
121197,0,0,0,0,0,0,0,0,1
121198,0,0,0,0,0,0,0,0,1
121199,0,0,0,0,0,0,0,0,1
121200,0,0,0,0,0,0,0,0,1
121201,0,0,0,0,0,0,0,0,1
121202,0,0,0,0,0,0,0,0,1
121203,0,0,0,0,0,0,0,0,1
121204,0,0,0,0,0,0,0,0,1
121205,0,0,0,0,0,0,0,0,1
121206,0,0,0,0,0,0,0,0,1
121207,0,0,0,0,0,0,0,0,1
121208,0,0,0,0,0,0,0,0,1
121209,0,0,0,0,0,0,0,0,1
121210,0,0,0,0,0,0,0,0,1
121211,0,0,0,0,0,0,0,0,1
121212,0,0,0,0,0,0,0,0,1
121213,0,0,0,0,0,0,0,0,1
121214,0,0,0,0,0,0,0,0,1
121215,0,0,0,0,0,0,0,0,1
121216,0,0,0,0,0,0,0,0,1
121217,0,0,0,0,0,0,0,0,1
121218,0,0,0,0,0,0,0,0,1
121219,0,0,0,0,0,0,0,0,1
121220,0,0,0,0,0,0,0,0,1
121221,0,0,0,0,0,0,0,0,1
121222,0,0,0,0,0,0,0,0,1
121223,0,0,0,0,0,0,0,0,1
121224,0,0,0,0,0,0,0,0,1
121225,0,0,0,0,0,0,0,0,1
121226,0,0,0,0,0,0,0,0,1
121227,0,0,0,0,0,0,0,0,1
121228,0,0,0,0,0,0,0,0,1
121229,0,0,0,0,0,0,0,0,1
121230,0,0,0,0,0,0,0,0,1
121231,0,0,0,0,0,0,0,0,1
121232,0,0,0,0,0,0,0,0,1
121233,0,0,0,0,0,0,0,0,1
121234,0,0,0,0,0,0,0,0,1
121235,0,0,0,0,0,0,0,0,1
121236,0,0,0,0,0,0,0,0,1
121237,0,0,0,0,0,0,0,0,1
121238,0,0,0,0,0,0,0,0,1
121239,0,0,0,0,0,0,0,0,1
121240,0,0,0,0,0,0,0,0,1
121241,0,0,0,0,0,0,0,0,1
121242,0,0,0,0,0,0,0,0,1
121243,0,0,0,0,0,0,0,0,1
121244,0,0,0,0,0,0,0,0,1
121245,0,0,0,0,0,0,0,0,1
121246,0,0,0,0,0,0,0,0,1
121247,0,0,0,0,0,0,0,0,1
121248,0,0,0,0,0,0,0,0,1
121249,0,0,0,0,0,0,0,0,1
121250,0,0,0,0,0,0,0,0,1
121251,0,0,0,0,0,0,0,0,1
121252,0,0,0,0,0,0,0,0,1
121253,0,0,0,0,0,0,0,0,1
121254,0,0,0,0,0,0,0,0,1
121255,0,0,0,0,0,0,0,0,1
121256,0,0,0,0,0,0,0,0,1
121257,0,0,0,0,0,0,0,0,1
121258,0,0,0,0,0,0,0,0,1
121259,0,0,0,0,0,0,0,0,1
121260,0,0,0,0,0,0,0,0,1
121261,0,0,0,0,0,0,0,0,1
121262,0,0,0,0,0,0,0,0,1
121263,0,0,0,0,0,0,0,0,1
121264,0,0,0,0,0,0,0,0,1
121265,0,0,0,0,0,0,0,0,1
121266,0,0,0,0,0,0,0,0,1
121267,0,0,0,0,0,0,0,0,1
121268,0,0,0,0,0,0,0,0,1
121269,0,0,0,0,0,0,0,0,1
121270,0,0,0,0,0,0,0,0,1
121271,0,0,0,0,0,0,0,0,1
121272,0,0,0,0,0,0,0,0,1
121273,0,0,0,0,0,0,0,0,1
121274,0,0,0,0,0,0,0,0,1
121275,0,0,0,0,0,0,0,0,1
121276,0,0,0,0,0,0,0,0,1
121277,0,0,0,0,0,0,0,0,1
121278,0,0,0,0,0,0,0,0,1
121279,0,0,0,0,0,0,0,0,1
121280,0,0,0,0,0,0,0,0,1
121281,0,0,0,0,0,0,0,0,1
121282,0,0,0,0,0,0,0,0,1
121283,0,0,0,0,0,0,0,0,1
121284,0,0,0,0,0,0,0,0,1
121285,0,0,0,0,0,0,0,0,1
121286,0,0,0,0,0,0,0,0,1
121287,0,0,0,0,0,0,0,0,1
121288,0,0,0,0,0,0,0,0,1
121289,0,0,0,0,0,0,0,0,1
121290,0,0,0,0,0,0,0,0,1
121291,0,0,0,0,0,0,0,0,1
121292,0,0,0,0,0,0,0,0,1
121293,0,0,0,0,0,0,0,0,1
121294,0,0,0,0,0,0,0,0,1
121295,0,0,0,0,0,0,0,0,1
121296,0,0,0,0,0,0,0,0,1
121297,0,0,0,0,0,0,0,0,1
121298,0,0,0,0,0,0,0,0,1
121299,0,0,0,0,0,0,0,0,1
121300,0,0,0,0,0,0,0,0,1
121301,0,0,0,0,0,0,0,0,1
121302,0,0,0,0,0,0,0,0,1
121303,0,0,0,0,0,0,0,0,1
121304,0,0,0,0,0,0,0,0,1
121305,0,0,0,0,0,0,0,0,1
121306,0,0,0,0,0,0,0,0,1
121307,0,0,0,0,0,0,0,0,1
121308,0,0,0,0,0,0,0,0,1
121309,0,0,0,0,0,0,0,0,1
121310,0,0,0,0,0,0,0,0,1
121311,0,0,0,0,0,0,0,0,1
121312,0,0,0,0,0,0,0,0,1
121313,0,0,0,0,0,0,0,0,1
121314,0,0,0,0,0,0,0,0,1
121315,0,0,0,0,0,0,0,0,1
121316,0,0,0,0,0,0,0,0,1
121317,0,0,0,0,0,0,0,0,1
121318,0,0,0,0,0,0,0,0,1
121319,0,0,0,0,0,0,0,0,1
121320,0,0,0,0,0,0,0,0,1
121321,0,0,0,0,0,0,0,0,1
121322,0,0,0,0,0,0,0,0,1
121323,0,0,0,0,0,0,0,0,1
121324,0,0,0,0,0,0,0,0,1
121325,0,0,0,0,0,0,0,0,1
121326,0,0,0,0,0,0,0,0,1
121327,0,0,0,0,0,0,0,0,1
121328,0,0,0,0,0,0,0,0,1
121329,0,0,0,0,0,0,0,0,1
121330,0,0,0,0,0,0,0,0,1
121331,0,0,0,0,0,0,0,0,1
121332,0,0,0,0,0,0,0,0,1
121333,0,0,0,0,0,0,0,0,1
121334,0,0,0,0,0,0,0,0,1
121335,0,0,0,0,0,0,0,0,1
121336,0,0,0,0,0,0,0,0,1
121337,0,0,0,0,0,0,0,0,1
121338,0,0,0,0,0,0,0,0,1
121339,0,0,0,0,0,0,0,0,1
121340,0,0,0,0,0,0,0,0,1
121341,0,0,0,0,0,0,0,0,1
121342,0,0,0,0,0,0,0,0,1
121343,0,0,0,0,0,0,0,0,1
121344,0,0,0,0,0,0,0,0,1
121345,0,0,0,0,0,0,0,0,1
121346,0,0,0,0,0,0,0,0,1
121347,0,0,0,0,0,0,0,0,1
121348,0,0,0,0,0,0,0,0,1
121349,0,0,0,0,0,0,0,0,1
121350,0,0,0,0,0,0,0,0,1
121351,0,0,0,0,0,0,0,0,1
121352,0,0,0,0,0,0,0,0,1
121353,0,0,0,0,0,0,0,0,1
121354,0,0,0,0,0,0,0,0,1
121355,0,0,0,0,0,0,0,0,1
121356,0,0,0,0,0,0,0,0,1
121357,0,0,0,0,0,0,0,0,1
121358,0,0,0,0,0,0,0,0,1
121359,0,0,0,0,0,0,0,0,1
121360,0,0,0,0,0,0,0,0,1
121361,0,0,0,0,0,0,0,0,1
121362,0,0,0,0,0,0,0,0,1
121363,0,0,0,0,0,0,0,0,1
121364,0,0,0,0,0,0,0,0,1
121365,0,0,0,0,0,0,0,0,1
121366,0,0,0,0,0,0,0,0,1
121367,0,0,0,0,0,0,0,0,1
121368,0,0,0,0,0,0,0,0,1
121369,0,0,0,0,0,0,0,0,1
121370,0,0,0,0,0,0,0,0,1
121371,0,0,0,0,0,0,0,0,1
121372,0,0,0,0,0,0,0,0,1
121373,0,0,0,0,0,0,0,0,1
121374,0,0,0,0,0,0,0,0,1
121375,0,0,0,0,0,0,0,0,1
121376,0,0,0,0,0,0,0,0,1
121377,0,0,0,0,0,0,0,0,1
121378,0,0,0,0,0,0,0,0,1
121379,0,0,0,0,0,0,0,0,1
121380,0,0,0,0,0,0,0,0,1
121381,0,0,0,0,0,0,0,0,1
121382,0,0,0,0,0,0,0,0,1
121383,0,0,0,0,0,0,0,0,1
121384,0,0,0,0,0,0,0,0,1
121385,0,0,0,0,0,0,0,0,1
121386,0,0,0,0,0,0,0,0,1
121387,0,0,0,0,0,0,0,0,1
121388,0,0,0,0,0,0,0,0,1
121389,0,0,0,0,0,0,0,0,1
121390,0,0,0,0,0,0,0,0,1
121391,0,0,0,0,0,0,0,0,1
121392,0,0,0,0,0,0,0,0,1
121393,0,0,0,0,0,0,0,0,1
121394,0,0,0,0,0,0,0,0,1
121395,0,0,0,0,0,0,0,0,1
121396,0,0,0,0,0,0,0,0,1
121397,0,0,0,0,0,0,0,0,1
121398,0,0,0,0,0,0,0,0,1
121399,0,0,0,0,0,0,0,0,1
121400,0,0,0,0,0,0,0,0,1
121401,0,0,0,0,0,0,0,0,1
121402,0,0,0,0,0,0,0,0,1
121403,0,0,0,0,0,0,0,0,1
121404,0,0,0,0,0,0,0,0,1
121405,0,0,0,0,0,0,0,0,1
121406,0,0,0,0,0,0,0,0,1
121407,0,0,0,0,0,0,0,0,1
121408,0,0,0,0,0,0,0,0,1
121409,0,0,0,0,0,0,0,0,1
121410,0,0,0,0,0,0,0,0,1
121411,0,0,0,0,0,0,0,0,1
121412,0,0,0,0,0,0,0,0,1
121413,0,0,0,0,0,0,0,0,1
121414,0,0,0,0,0,0,0,0,1
121415,0,0,0,0,0,0,0,0,1
121416,0,0,0,0,0,0,0,0,1
121417,0,0,0,0,0,0,0,0,1
121418,0,0,0,0,0,0,0,0,1
121419,0,0,0,0,0,0,0,0,1
121420,0,0,0,0,0,0,0,0,1
121421,0,0,0,0,0,0,0,0,1
121422,0,0,0,0,0,0,0,0,1
121423,0,0,0,0,0,0,0,0,1
121424,0,0,0,0,0,0,0,0,1
121425,0,0,0,0,0,0,0,0,1
121426,0,0,0,0,0,0,0,0,1
121427,0,0,0,0,0,0,0,0,1
121428,0,0,0,0,0,0,0,0,1
121429,0,0,0,0,0,0,0,0,1
121430,0,0,0,0,0,0,0,0,1
121431,0,0,0,0,0,0,0,0,1
121432,0,0,0,0,0,0,0,0,1
121433,0,0,0,0,0,0,0,0,1
121434,0,0,0,0,0,0,0,0,1
121435,0,0,0,0,0,0,0,0,1
121436,0,0,0,0,0,0,0,0,1
121437,0,0,0,0,0,0,0,0,1
121438,0,0,0,0,0,0,0,0,1
121439,0,0,0,0,0,0,0,0,1
121440,0,0,0,0,0,0,0,0,1
121441,0,0,0,0,0,0,0,0,1
121442,0,0,0,0,0,0,0,0,1
121443,0,0,0,0,0,0,0,0,1
121444,0,0,0,0,0,0,0,0,1
121445,0,0,0,0,0,0,0,0,1
121446,0,0,0,0,0,0,0,0,1
121447,0,0,0,0,0,0,0,0,1
121448,0,0,0,0,0,0,0,0,1
121449,0,0,0,0,0,0,0,0,1
121450,0,0,0,0,0,0,0,0,1
121451,0,0,0,0,0,0,0,0,1
121452,0,0,0,0,0,0,0,0,1
121453,0,0,0,0,0,0,0,0,1
121454,0,0,0,0,0,0,0,0,1
121455,0,0,0,0,0,0,0,0,1
121456,0,0,0,0,0,0,0,0,1
121457,0,0,0,0,0,0,0,0,1
121458,0,0,0,0,0,0,0,0,1
121459,0,0,0,0,0,0,0,0,1
121460,0,0,0,0,0,0,0,0,1
121461,0,0,0,0,0,0,0,0,1
121462,0,0,0,0,0,0,0,0,1
121463,0,0,0,0,0,0,0,0,1
121464,0,0,0,0,0,0,0,0,1
121465,0,0,0,0,0,0,0,0,1
121466,0,0,0,0,0,0,0,0,1
121467,0,0,0,0,0,0,0,0,1
121468,0,0,0,0,0,0,0,0,1
121469,0,0,0,0,0,0,0,0,1
121470,0,0,0,0,0,0,0,0,1
121471,0,0,0,0,0,0,0,0,1
121472,0,0,0,0,0,0,0,0,1
121473,0,0,0,0,0,0,0,0,1
121474,0,0,0,0,0,0,0,0,1
121475,0,0,0,0,0,0,0,0,1
121476,0,0,0,0,0,0,0,0,1
121477,0,0,0,0,0,0,0,0,1
121478,0,0,0,0,0,0,0,0,1
121479,0,0,0,0,0,0,0,0,1
121480,0,0,0,0,0,0,0,0,1
121481,0,0,0,0,0,0,0,0,1
121482,0,0,0,0,0,0,0,0,1
121483,0,0,0,0,0,0,0,0,1
121484,0,0,0,0,0,0,0,0,1
121485,0,0,0,0,0,0,0,0,1
121486,0,0,0,0,0,0,0,0,1
121487,0,0,0,0,0,0,0,0,1
121488,0,0,0,0,0,0,0,0,1
121489,0,0,0,0,0,0,0,0,1
121490,0,0,0,0,0,0,0,0,1
121491,0,0,0,0,0,0,0,0,1
121492,0,0,0,0,0,0,0,0,1
121493,0,0,0,0,0,0,0,0,1
121494,0,0,0,0,0,0,0,0,1
121495,0,0,0,0,0,0,0,0,1
121496,0,0,0,0,0,0,0,0,1
121497,0,0,0,0,0,0,0,0,1
121498,0,0,0,0,0,0,0,0,1
121499,0,0,0,0,0,0,0,0,1
121500,0,0,0,0,0,0,0,0,1
121501,0,0,0,0,0,0,0,0,1
121502,0,0,0,0,0,0,0,0,1
121503,0,0,0,0,0,0,0,0,1
121504,0,0,0,0,0,0,0,0,1
121505,0,0,0,0,0,0,0,0,1
121506,0,0,0,0,0,0,0,0,1
121507,0,0,0,0,0,0,0,0,1
121508,0,0,0,0,0,0,0,0,1
121509,0,0,0,0,0,0,0,0,1
121510,0,0,0,0,0,0,0,0,1
121511,0,0,0,0,0,0,0,0,1
121512,0,0,0,0,0,0,0,0,1
121513,0,0,0,0,0,0,0,0,1
121514,0,0,0,0,0,0,0,0,1
121515,0,0,0,0,0,0,0,0,1
121516,0,0,0,0,0,0,0,0,1
121517,0,0,0,0,0,0,0,0,1
121518,0,0,0,0,0,0,0,0,1
121519,0,0,0,0,0,0,0,0,1
121520,0,0,0,0,0,0,0,0,1
121521,0,0,0,0,0,0,0,0,1
121522,0,0,0,0,0,0,0,0,1
121523,0,0,0,0,0,0,0,0,1
121524,0,0,0,0,0,0,0,0,1
121525,0,0,0,0,0,0,0,0,1
121526,0,0,0,0,0,0,0,0,1
121527,0,0,0,0,0,0,0,0,1
121528,0,0,0,0,0,0,0,0,1
121529,0,0,0,0,0,0,0,0,1
121530,0,0,0,0,0,0,0,0,1
121531,0,0,0,0,0,0,0,0,1
121532,0,0,0,0,0,0,0,0,1
121533,0,0,0,0,0,0,0,0,1
121534,0,0,0,0,0,0,0,0,1
121535,0,0,0,0,0,0,0,0,1
121536,0,0,0,0,0,0,0,0,1
121537,0,0,0,0,0,0,0,0,1
121538,0,0,0,0,0,0,0,0,1
121539,0,0,0,0,0,0,0,0,1
121540,0,0,0,0,0,0,0,0,1
121541,0,0,0,0,0,0,0,0,1
121542,0,0,0,0,0,0,0,0,1
121543,0,0,0,0,0,0,0,0,1
121544,0,0,0,0,0,0,0,0,1
121545,0,0,0,0,0,0,0,0,1
121546,0,0,0,0,0,0,0,0,1
121547,0,0,0,0,0,0,0,0,1
121548,0,0,0,0,0,0,0,0,1
121549,0,0,0,0,0,0,0,0,1
121550,0,0,0,0,0,0,0,0,1
121551,0,0,0,0,0,0,0,0,1
121552,0,0,0,0,0,0,0,0,1
121553,0,0,0,0,0,0,0,0,1
121554,0,0,0,0,0,0,0,0,1
121555,0,0,0,0,0,0,0,0,1
121556,0,0,0,0,0,0,0,0,1
121557,0,0,0,0,0,0,0,0,1
121558,0,0,0,0,0,0,0,0,1
121559,0,0,0,0,0,0,0,0,1
121560,0,0,0,0,0,0,0,0,1
121561,0,0,0,0,0,0,0,0,1
121562,0,0,0,0,0,0,0,0,1
121563,0,0,0,0,0,0,0,0,1
121564,0,0,0,0,0,0,0,0,1
121565,0,0,0,0,0,0,0,0,1
121566,0,0,0,0,0,0,0,0,1
121567,0,0,0,0,0,0,0,0,1
121568,0,0,0,0,0,0,0,0,1
121569,0,0,0,0,0,0,0,0,1
121570,0,0,0,0,0,0,0,0,1
121571,0,0,0,0,0,0,0,0,1
121572,0,0,0,0,0,0,0,0,1
121573,0,0,0,0,0,0,0,0,1
121574,0,0,0,0,0,0,0,0,1
121575,0,0,0,0,0,0,0,0,1
121576,0,0,0,0,0,0,0,0,1
121577,0,0,0,0,0,0,0,0,1
121578,0,0,0,0,0,0,0,0,1
121579,0,0,0,0,0,0,0,0,1
121580,0,0,0,0,0,0,0,0,1
121581,0,0,0,0,0,0,0,0,1
121582,0,0,0,0,0,0,0,0,1
121583,0,0,0,0,0,0,0,0,1
121584,0,0,0,0,0,0,0,0,1
121585,0,0,0,0,0,0,0,0,1
121586,0,0,0,0,0,0,0,0,1
121587,0,0,0,0,0,0,0,0,1
121588,0,0,0,0,0,0,0,0,1
121589,0,0,0,0,0,0,0,0,1
121590,0,0,0,0,0,0,0,0,1
121591,0,0,0,0,0,0,0,0,1
121592,0,0,0,0,0,0,0,0,1
121593,0,0,0,0,0,0,0,0,1
121594,0,0,0,0,0,0,0,0,1
121595,0,0,0,0,0,0,0,0,1
121596,0,0,0,0,0,0,0,0,1
121597,0,0,0,0,0,0,0,0,1
121598,0,0,0,0,0,0,0,0,1
121599,0,0,0,0,0,0,0,0,1
121600,0,0,0,0,0,0,0,0,1
121601,0,0,0,0,0,0,0,0,1
121602,0,0,0,0,0,0,0,0,1
121603,0,0,0,0,0,0,0,0,1
121604,0,0,0,0,0,0,0,0,1
121605,0,0,0,0,0,0,0,0,1
121606,0,0,0,0,0,0,0,0,1
121607,0,0,0,0,0,0,0,0,1
121608,0,0,0,0,0,0,0,0,1
121609,0,0,0,0,0,0,0,0,1
121610,0,0,0,0,0,0,0,0,1
121611,0,0,0,0,0,0,0,0,1
121612,0,0,0,0,0,0,0,0,1
121613,0,0,0,0,0,0,0,0,1
121614,0,0,0,0,0,0,0,0,1
121615,0,0,0,0,0,0,0,0,1
121616,0,0,0,0,0,0,0,0,1
121617,0,0,0,0,0,0,0,0,1
121618,0,0,0,0,0,0,0,0,1
121619,0,0,0,0,0,0,0,0,1
121620,0,0,0,0,0,0,0,0,1
121621,0,0,0,0,0,0,0,0,1
121622,0,0,0,0,0,0,0,0,1
121623,0,0,0,0,0,0,0,0,1
121624,0,0,0,0,0,0,0,0,1
121625,0,0,0,0,0,0,0,0,1
121626,0,0,0,0,0,0,0,0,1
121627,0,0,0,0,0,0,0,0,1
121628,0,0,0,0,0,0,0,0,1
121629,0,0,0,0,0,0,0,0,1
121630,0,0,0,0,0,0,0,0,1
121631,0,0,0,0,0,0,0,0,1
121632,0,0,0,0,0,0,0,0,1
121633,0,0,0,0,0,0,0,0,1
121634,0,0,0,0,0,0,0,0,1
121635,0,0,0,0,0,0,0,0,1
121636,0,0,0,0,0,0,0,0,1
121637,0,0,0,0,0,0,0,0,1
121638,0,0,0,0,0,0,0,0,1
121639,0,0,0,0,0,0,0,0,1
121640,0,0,0,0,0,0,0,0,1
121641,0,0,0,0,0,0,0,0,1
121642,0,0,0,0,0,0,0,0,1
121643,0,0,0,0,0,0,0,0,1
121644,0,0,0,0,0,0,0,0,1
121645,0,0,0,0,0,0,0,0,1
121646,0,0,0,0,0,0,0,0,1
121647,0,0,0,0,0,0,0,0,1
121648,0,0,0,0,0,0,0,0,1
121649,0,0,0,0,0,0,0,0,1
121650,0,0,0,0,0,0,0,0,1
121651,0,0,0,0,0,0,0,0,1
121652,0,0,0,0,0,0,0,0,1
121653,0,0,0,0,0,0,0,0,1
121654,0,0,0,0,0,0,0,0,1
121655,0,0,0,0,0,0,0,0,1
121656,0,0,0,0,0,0,0,0,1
121657,0,0,0,0,0,0,0,0,1
121658,0,0,0,0,0,0,0,0,1
121659,0,0,0,0,0,0,0,0,1
121660,0,0,0,0,0,0,0,0,1
121661,0,0,0,0,0,0,0,0,1
121662,0,0,0,0,0,0,0,0,1
121663,0,0,0,0,0,0,0,0,1
121664,0,0,0,0,0,0,0,0,1
121665,0,0,0,0,0,0,0,0,1
121666,0,0,0,0,0,0,0,0,1
121667,0,0,0,0,0,0,0,0,1
121668,0,0,0,0,0,0,0,0,1
121669,0,0,0,0,0,0,0,0,1
121670,0,0,0,0,0,0,0,0,1
121671,0,0,0,0,0,0,0,0,1
121672,0,0,0,0,0,0,0,0,1
121673,0,0,0,0,0,0,0,0,1
121674,0,0,0,0,0,0,0,0,1
121675,0,0,0,0,0,0,0,0,1
121676,0,0,0,0,0,0,0,0,1
121677,0,0,0,0,0,0,0,0,1
121678,0,0,0,0,0,0,0,0,1
121679,0,0,0,0,0,0,0,0,1
121680,0,0,0,0,0,0,0,0,1
121681,0,0,0,0,0,0,0,0,1
121682,0,0,0,0,0,0,0,0,1
121683,0,0,0,0,0,0,0,0,1
121684,0,0,0,0,0,0,0,0,1
121685,0,0,0,0,0,0,0,0,1
121686,0,0,0,0,0,0,0,0,1
121687,0,0,0,0,0,0,0,0,1
121688,0,0,0,0,0,0,0,0,1
121689,0,0,0,0,0,0,0,0,1
121690,0,0,0,0,0,0,0,0,1
121691,0,0,0,0,0,0,0,0,1
121692,0,0,0,0,0,0,0,0,1
121693,0,0,0,0,0,0,0,0,1
121694,0,0,0,0,0,0,0,0,1
121695,0,0,0,0,0,0,0,0,1
121696,0,0,0,0,0,0,0,0,1
121697,0,0,0,0,0,0,0,0,1
121698,0,0,0,0,0,0,0,0,1
121699,0,0,0,0,0,0,0,0,1
121700,0,0,0,0,0,0,0,0,1
121701,0,0,0,0,0,0,0,0,1
121702,0,0,0,0,0,0,0,0,1
121703,0,0,0,0,0,0,0,0,1
121704,0,0,0,0,0,0,0,0,1
121705,0,0,0,0,0,0,0,0,1
121706,0,0,0,0,0,0,0,0,1
121707,0,0,0,0,0,0,0,0,1
121708,0,0,0,0,0,0,0,0,1
121709,0,0,0,0,0,0,0,0,1
121710,0,0,0,0,0,0,0,0,1
121711,0,0,0,0,0,0,0,0,1
121712,0,0,0,0,0,0,0,0,1
121713,0,0,0,0,0,0,0,0,1
121714,0,0,0,0,0,0,0,0,1
121715,0,0,0,0,0,0,0,0,1
121716,0,0,0,0,0,0,0,0,1
121717,0,0,0,0,0,0,0,0,1
121718,0,0,0,0,0,0,0,0,1
121719,0,0,0,0,0,0,0,0,1
121720,0,0,0,0,0,0,0,0,1
121721,0,0,0,0,0,0,0,0,1
121722,0,0,0,0,0,0,0,0,1
121723,0,0,0,0,0,0,0,0,1
121724,0,0,0,0,0,0,0,0,1
121725,0,0,0,0,0,0,0,0,1
121726,0,0,0,0,0,0,0,0,1
121727,0,0,0,0,0,0,0,0,1
121728,0,0,0,0,0,0,0,0,1
121729,0,0,0,0,0,0,0,0,1
121730,0,0,0,0,0,0,0,0,1
121731,0,0,0,0,0,0,0,0,1
121732,0,0,0,0,0,0,0,0,1
121733,0,0,0,0,0,0,0,0,1
121734,0,0,0,0,0,0,0,0,1
121735,0,0,0,0,0,0,0,0,1
121736,0,0,0,0,0,0,0,0,1
121737,0,0,0,0,0,0,0,0,1
121738,0,0,0,0,0,0,0,0,1
121739,0,0,0,0,0,0,0,0,1
121740,0,0,0,0,0,0,0,0,1
121741,0,0,0,0,0,0,0,0,1
121742,0,0,0,0,0,0,0,0,1
121743,0,0,0,0,0,0,0,0,1
121744,0,0,0,0,0,0,0,0,1
121745,0,0,0,0,0,0,0,0,1
121746,0,0,0,0,0,0,0,0,1
121747,0,0,0,0,0,0,0,0,1
121748,0,0,0,0,0,0,0,0,1
121749,0,0,0,0,0,0,0,0,1
121750,0,0,0,0,0,0,0,0,1
121751,0,0,0,0,0,0,0,0,1
121752,0,0,0,0,0,0,0,0,1
121753,0,0,0,0,0,0,0,0,1
121754,0,0,0,0,0,0,0,0,1
121755,0,0,0,0,0,0,0,0,1
121756,0,0,0,0,0,0,0,0,1
121757,0,0,0,0,0,0,0,0,1
121758,0,0,0,0,0,0,0,0,1
121759,0,0,0,0,0,0,0,0,1
121760,0,0,0,0,0,0,0,0,1
121761,0,0,0,0,0,0,0,0,1
121762,0,0,0,0,0,0,0,0,1
121763,0,0,0,0,0,0,0,0,1
121764,0,0,0,0,0,0,0,0,1
121765,0,0,0,0,0,0,0,0,1
121766,0,0,0,0,0,0,0,0,1
121767,0,0,0,0,0,0,0,0,1
121768,0,0,0,0,0,0,0,0,1
121769,0,0,0,0,0,0,0,0,1
121770,0,0,0,0,0,0,0,0,1
121771,0,0,0,0,0,0,0,0,1
121772,0,0,0,0,0,0,0,0,1
121773,0,0,0,0,0,0,0,0,1
121774,0,0,0,0,0,0,0,0,1
121775,0,0,0,0,0,0,0,0,1
121776,0,0,0,0,0,0,0,0,1
121777,0,0,0,0,0,0,0,0,1
121778,0,0,0,0,0,0,0,0,1
121779,0,0,0,0,0,0,0,0,1
121780,0,0,0,0,0,0,0,0,1
121781,0,0,0,0,0,0,0,0,1
121782,0,0,0,0,0,0,0,0,1
121783,0,0,0,0,0,0,0,0,1
121784,0,0,0,0,0,0,0,0,1
121785,0,0,0,0,0,0,0,0,1
121786,0,0,0,0,0,0,0,0,1
121787,0,0,0,0,0,0,0,0,1
121788,0,0,0,0,0,0,0,0,1
121789,0,0,0,0,0,0,0,0,1
121790,0,0,0,0,0,0,0,0,1
121791,0,0,0,0,0,0,0,0,1
121792,0,0,0,0,0,0,0,0,1
121793,0,0,0,0,0,0,0,0,1
121794,0,0,0,0,0,0,0,0,1
121795,0,0,0,0,0,0,0,0,1
121796,0,0,0,0,0,0,0,0,1
121797,0,0,0,0,0,0,0,0,1
121798,0,0,0,0,0,0,0,0,1
121799,0,0,0,0,0,0,0,0,1
121800,0,0,0,0,0,0,0,0,1
121801,0,0,0,0,0,0,0,0,1
121802,0,0,0,0,0,0,0,0,1
121803,0,0,0,0,0,0,0,0,1
121804,0,0,0,0,0,0,0,0,1
121805,0,0,0,0,0,0,0,0,1
121806,0,0,0,0,0,0,0,0,1
121807,0,0,0,0,0,0,0,0,1
121808,0,0,0,0,0,0,0,0,1
121809,0,0,0,0,0,0,0,0,1
121810,0,0,0,0,0,0,0,0,1
121811,0,0,0,0,0,0,0,0,1
121812,0,0,0,0,0,0,0,0,1
121813,0,0,0,0,0,0,0,0,1
121814,0,0,0,0,0,0,0,0,1
121815,0,0,0,0,0,0,0,0,1
121816,0,0,0,0,0,0,0,0,1
121817,0,0,0,0,0,0,0,0,1
121818,0,0,0,0,0,0,0,0,1
121819,0,0,0,0,0,0,0,0,1
121820,0,0,0,0,0,0,0,0,1
121821,0,0,0,0,0,0,0,0,1
121822,0,0,0,0,0,0,0,0,1
121823,0,0,0,0,0,0,0,0,1
121824,0,0,0,0,0,0,0,0,1
121825,0,0,0,0,0,0,0,0,1
121826,0,0,0,0,0,0,0,0,1
121827,0,0,0,0,0,0,0,0,1
121828,0,0,0,0,0,0,0,0,1
121829,0,0,0,0,0,0,0,0,1
121830,0,0,0,0,0,0,0,0,1
121831,0,0,0,0,0,0,0,0,1
121832,0,0,0,0,0,0,0,0,1
121833,0,0,0,0,0,0,0,0,1
121834,0,0,0,0,0,0,0,0,1
121835,0,0,0,0,0,0,0,0,1
121836,0,0,0,0,0,0,0,0,1
121837,0,0,0,0,0,0,0,0,1
121838,0,0,0,0,0,0,0,0,1
121839,0,0,0,0,0,0,0,0,1
121840,0,0,0,0,0,0,0,0,1
121841,0,0,0,0,0,0,0,0,1
121842,0,0,0,0,0,0,0,0,1
121843,0,0,0,0,0,0,0,0,1
121844,0,0,0,0,0,0,0,0,1
121845,0,0,0,0,0,0,0,0,1
121846,0,0,0,0,0,0,0,0,1
121847,0,0,0,0,0,0,0,0,1
121848,0,0,0,0,0,0,0,0,1
121849,0,0,0,0,0,0,0,0,1
121850,0,0,0,0,0,0,0,0,1
121851,0,0,0,0,0,0,0,0,1
121852,0,0,0,0,0,0,0,0,1
121853,0,0,0,0,0,0,0,0,1
121854,0,0,0,0,0,0,0,0,1
121855,0,0,0,0,0,0,0,0,1
121856,0,0,0,0,0,0,0,0,1
121857,0,0,0,0,0,0,0,0,1
121858,0,0,0,0,0,0,0,0,1
121859,0,0,0,0,0,0,0,0,1
121860,0,0,0,0,0,0,0,0,1
121861,0,0,0,0,0,0,0,0,1
121862,0,0,0,0,0,0,0,0,1
121863,0,0,0,0,0,0,0,0,1
121864,0,0,0,0,0,0,0,0,1
121865,0,0,0,0,0,0,0,0,1
121866,0,0,0,0,0,0,0,0,1
121867,0,0,0,0,0,0,0,0,1
121868,0,0,0,0,0,0,0,0,1
121869,0,0,0,0,0,0,0,0,1
121870,0,0,0,0,0,0,0,0,1
121871,0,0,0,0,0,0,0,0,1
121872,0,0,0,0,0,0,0,0,1
121873,0,0,0,0,0,0,0,0,1
121874,0,0,0,0,0,0,0,0,1
121875,0,0,0,0,0,0,0,0,1
121876,0,0,0,0,0,0,0,0,1
121877,0,0,0,0,0,0,0,0,1
121878,0,0,0,0,0,0,0,0,1
121879,0,0,0,0,0,0,0,0,1
121880,0,0,0,0,0,0,0,0,1
121881,0,0,0,0,0,0,0,0,1
121882,0,0,0,0,0,0,0,0,1
121883,0,0,0,0,0,0,0,0,1
121884,0,0,0,0,0,0,0,0,1
121885,0,0,0,0,0,0,0,0,1
121886,0,0,0,0,0,0,0,0,1
121887,0,0,0,0,0,0,0,0,1
121888,0,0,0,0,0,0,0,0,1
121889,0,0,0,0,0,0,0,0,1
121890,0,0,0,0,0,0,0,0,1
121891,0,0,0,0,0,0,0,0,1
121892,0,0,0,0,0,0,0,0,1
121893,0,0,0,0,0,0,0,0,1
121894,0,0,0,0,0,0,0,0,1
121895,0,0,0,0,0,0,0,0,1
121896,0,0,0,0,0,0,0,0,1
121897,0,0,0,0,0,0,0,0,1
121898,0,0,0,0,0,0,0,0,1
121899,0,0,0,0,0,0,0,0,1
121900,0,0,0,0,0,0,0,0,1
121901,0,0,0,0,0,0,0,0,1
121902,0,0,0,0,0,0,0,0,1
121903,0,0,0,0,0,0,0,0,1
121904,0,0,0,0,0,0,0,0,1
121905,0,0,0,0,0,0,0,0,1
121906,0,0,0,0,0,0,0,0,1
121907,0,0,0,0,0,0,0,0,1
121908,0,0,0,0,0,0,0,0,1
121909,0,0,0,0,0,0,0,0,1
121910,0,0,0,0,0,0,0,0,1
121911,0,0,0,0,0,0,0,0,1
121912,0,0,0,0,0,0,0,0,1
121913,0,0,0,0,0,0,0,0,1
121914,0,0,0,0,0,0,0,0,1
121915,0,0,0,0,0,0,0,0,1
121916,0,0,0,0,0,0,0,0,1
121917,0,0,0,0,0,0,0,0,1
121918,0,0,0,0,0,0,0,0,1
121919,0,0,0,0,0,0,0,0,1
121920,0,0,0,0,0,0,0,0,1
121921,0,0,0,0,0,0,0,0,1
121922,0,0,0,0,0,0,0,0,1
121923,0,0,0,0,0,0,0,0,1
121924,0,0,0,0,0,0,0,0,1
121925,0,0,0,0,0,0,0,0,1
121926,0,0,0,0,0,0,0,0,1
121927,0,0,0,0,0,0,0,0,1
121928,0,0,0,0,0,0,0,0,1
121929,0,0,0,0,0,0,0,0,1
121930,0,0,0,0,0,0,0,0,1
121931,0,0,0,0,0,0,0,0,1
121932,0,0,0,0,0,0,0,0,1
121933,0,0,0,0,0,0,0,0,1
121934,0,0,0,0,0,0,0,0,1
121935,0,0,0,0,0,0,0,0,1
121936,0,0,0,0,0,0,0,0,1
121937,0,0,0,0,0,0,0,0,1
121938,0,0,0,0,0,0,0,0,1
121939,0,0,0,0,0,0,0,0,1
121940,0,0,0,0,0,0,0,0,1
121941,0,0,0,0,0,0,0,0,1
121942,0,0,0,0,0,0,0,0,1
121943,0,0,0,0,0,0,0,0,1
121944,0,0,0,0,0,0,0,0,1
121945,0,0,0,0,0,0,0,0,1
121946,0,0,0,0,0,0,0,0,1
121947,0,0,0,0,0,0,0,0,1
121948,0,0,0,0,0,0,0,0,1
121949,0,0,0,0,0,0,0,0,1
121950,0,0,0,0,0,0,0,0,1
121951,0,0,0,0,0,0,0,0,1
121952,0,0,0,0,0,0,0,0,1
121953,0,0,0,0,0,0,0,0,1
121954,0,0,0,0,0,0,0,0,1
121955,0,0,0,0,0,0,0,0,1
121956,0,0,0,0,0,0,0,0,1
121957,0,0,0,0,0,0,0,0,1
121958,0,0,0,0,0,0,0,0,1
121959,0,0,0,0,0,0,0,0,1
121960,0,0,0,0,0,0,0,0,1
121961,0,0,0,0,0,0,0,0,1
121962,0,0,0,0,0,0,0,0,1
121963,0,0,0,0,0,0,0,0,1
121964,0,0,0,0,0,0,0,0,1
121965,0,0,0,0,0,0,0,0,1
121966,0,0,0,0,0,0,0,0,1
121967,0,0,0,0,0,0,0,0,1
121968,0,0,0,0,0,0,0,0,1
121969,0,0,0,0,0,0,0,0,1
121970,0,0,0,0,0,0,0,0,1
121971,0,0,0,0,0,0,0,0,1
121972,0,0,0,0,0,0,0,0,1
121973,0,0,0,0,0,0,0,0,1
121974,0,0,0,0,0,0,0,0,1
121975,0,0,0,0,0,0,0,0,1
121976,0,0,0,0,0,0,0,0,1
121977,0,0,0,0,0,0,0,0,1
121978,0,0,0,0,0,0,0,0,1
121979,0,0,0,0,0,0,0,0,1
121980,0,0,0,0,0,0,0,0,1
121981,0,0,0,0,0,0,0,0,1
121982,0,0,0,0,0,0,0,0,1
121983,0,0,0,0,0,0,0,0,1
121984,0,0,0,0,0,0,0,0,1
121985,0,0,0,0,0,0,0,0,1
121986,0,0,0,0,0,0,0,0,1
121987,0,0,0,0,0,0,0,0,1
121988,0,0,0,0,0,0,0,0,1
121989,0,0,0,0,0,0,0,0,1
121990,0,0,0,0,0,0,0,0,1
121991,0,0,0,0,0,0,0,0,1
121992,0,0,0,0,0,0,0,0,1
121993,0,0,0,0,0,0,0,0,1
121994,0,0,0,0,0,0,0,0,1
121995,0,0,0,0,0,0,0,0,1
121996,0,0,0,0,0,0,0,0,1
121997,0,0,0,0,0,0,0,0,1
121998,0,0,0,0,0,0,0,0,1
121999,0,0,0,0,0,0,0,0,1
122000,0,0,0,0,0,0,0,0,1
122001,0,0,0,0,0,0,0,0,1
122002,0,0,0,0,0,0,0,0,1
122003,0,0,0,0,0,0,0,0,1
122004,0,0,0,0,0,0,0,0,1
122005,0,0,0,0,0,0,0,0,1
122006,0,0,0,0,0,0,0,0,1
122007,0,0,0,0,0,0,0,0,1
122008,0,0,0,0,0,0,0,0,1
122009,0,0,0,0,0,0,0,0,1
122010,0,0,0,0,0,0,0,0,1
122011,0,0,0,0,0,0,0,0,1
122012,0,0,0,0,0,0,0,0,1
122013,0,0,0,0,0,0,0,0,1
122014,0,0,0,0,0,0,0,0,1
122015,0,0,0,0,0,0,0,0,1
122016,0,0,0,0,0,0,0,0,1
122017,0,0,0,0,0,0,0,0,1
122018,0,0,0,0,0,0,0,0,1
122019,0,0,0,0,0,0,0,0,1
122020,0,0,0,0,0,0,0,0,1
122021,0,0,0,0,0,0,0,0,1
122022,0,0,0,0,0,0,0,0,1
122023,0,0,0,0,0,0,0,0,1
122024,0,0,0,0,0,0,0,0,1
122025,0,0,0,0,0,0,0,0,1
122026,0,0,0,0,0,0,0,0,1
122027,0,0,0,0,0,0,0,0,1
122028,0,0,0,0,0,0,0,0,1
122029,0,0,0,0,0,0,0,0,1
122030,0,0,0,0,0,0,0,0,1
122031,0,0,0,0,0,0,0,0,1
122032,0,0,0,0,0,0,0,0,1
122033,0,0,0,0,0,0,0,0,1
122034,0,0,0,0,0,0,0,0,1
122035,0,0,0,0,0,0,0,0,1
122036,0,0,0,0,0,0,0,0,1
122037,0,0,0,0,0,0,0,0,1
122038,0,0,0,0,0,0,0,0,1
122039,0,0,0,0,0,0,0,0,1
122040,0,0,0,0,0,0,0,0,1
122041,0,0,0,0,0,0,0,0,1
122042,0,0,0,0,0,0,0,0,1
122043,0,0,0,0,0,0,0,0,1
122044,0,0,0,0,0,0,0,0,1
122045,0,0,0,0,0,0,0,0,1
122046,0,0,0,0,0,0,0,0,1
122047,0,0,0,0,0,0,0,0,1
122048,0,0,0,0,0,0,0,0,1
122049,0,0,0,0,0,0,0,0,1
122050,0,0,0,0,0,0,0,0,1
122051,0,0,0,0,0,0,0,0,1
122052,0,0,0,0,0,0,0,0,1
122053,0,0,0,0,0,0,0,0,1
122054,0,0,0,0,0,0,0,0,1
122055,0,0,0,0,0,0,0,0,1
122056,0,0,0,0,0,0,0,0,1
122057,0,0,0,0,0,0,0,0,1
122058,0,0,0,0,0,0,0,0,1
122059,0,0,0,0,0,0,0,0,1
122060,0,0,0,0,0,0,0,0,1
122061,0,0,0,0,0,0,0,0,1
122062,0,0,0,0,0,0,0,0,1
122063,0,0,0,0,0,0,0,0,1
122064,0,0,0,0,0,0,0,0,1
122065,0,0,0,0,0,0,0,0,1
122066,0,0,0,0,0,0,0,0,1
122067,0,0,0,0,0,0,0,0,1
122068,0,0,0,0,0,0,0,0,1
122069,0,0,0,0,0,0,0,0,1
122070,0,0,0,0,0,0,0,0,1
122071,0,0,0,0,0,0,0,0,1
122072,0,0,0,0,0,0,0,0,1
122073,0,0,0,0,0,0,0,0,1
122074,0,0,0,0,0,0,0,0,1
122075,0,0,0,0,0,0,0,0,1
122076,0,0,0,0,0,0,0,0,1
122077,0,0,0,0,0,0,0,0,1
122078,0,0,0,0,0,0,0,0,1
122079,0,0,0,0,0,0,0,0,1
122080,0,0,0,0,0,0,0,0,1
122081,0,0,0,0,0,0,0,0,1
122082,0,0,0,0,0,0,0,0,1
122083,0,0,0,0,0,0,0,0,1
122084,0,0,0,0,0,0,0,0,1
122085,0,0,0,0,0,0,0,0,1
122086,0,0,0,0,0,0,0,0,1
122087,0,0,0,0,0,0,0,0,1
122088,0,0,0,0,0,0,0,0,1
122089,0,0,0,0,0,0,0,0,1
122090,0,0,0,0,0,0,0,0,1
122091,0,0,0,0,0,0,0,0,1
122092,0,0,0,0,0,0,0,0,1
122093,0,0,0,0,0,0,0,0,1
122094,0,0,0,0,0,0,0,0,1
122095,0,0,0,0,0,0,0,0,1
122096,0,0,0,0,0,0,0,0,1
122097,0,0,0,0,0,0,0,0,1
122098,0,0,0,0,0,0,0,0,1
122099,0,0,0,0,0,0,0,0,1
122100,0,0,0,0,0,0,0,0,1
122101,0,0,0,0,0,0,0,0,1
122102,0,0,0,0,0,0,0,0,1
122103,0,0,0,0,0,0,0,0,1
122104,0,0,0,0,0,0,0,0,1
122105,0,0,0,0,0,0,0,0,1
122106,0,0,0,0,0,0,0,0,1
122107,0,0,0,0,0,0,0,0,1
122108,0,0,0,0,0,0,0,0,1
122109,0,0,0,0,0,0,0,0,1
122110,0,0,0,0,0,0,0,0,1
122111,0,0,0,0,0,0,0,0,1
122112,0,0,0,0,0,0,0,0,1
122113,0,0,0,0,0,0,0,0,1
122114,0,0,0,0,0,0,0,0,1
122115,0,0,0,0,0,0,0,0,1
122116,0,0,0,0,0,0,0,0,1
122117,0,0,0,0,0,0,0,0,1
122118,0,0,0,0,0,0,0,0,1
122119,0,0,0,0,0,0,0,0,1
122120,0,0,0,0,0,0,0,0,1
122121,0,0,0,0,0,0,0,0,1
122122,0,0,0,0,0,0,0,0,1
122123,0,0,0,0,0,0,0,0,1
122124,0,0,0,0,0,0,0,0,1
122125,0,0,0,0,0,0,0,0,1
122126,0,0,0,0,0,0,0,0,1
122127,0,0,0,0,0,0,0,0,1
122128,0,0,0,0,0,0,0,0,1
122129,0,0,0,0,0,0,0,0,1
122130,0,0,0,0,0,0,0,0,1
122131,0,0,0,0,0,0,0,0,1
122132,0,0,0,0,0,0,0,0,1
122133,0,0,0,0,0,0,0,0,1
122134,0,0,0,0,0,0,0,0,1
122135,0,0,0,0,0,0,0,0,1
122136,0,0,0,0,0,0,0,0,1
122137,0,0,0,0,0,0,0,0,1
122138,0,0,0,0,0,0,0,0,1
122139,0,0,0,0,0,0,0,0,1
122140,0,0,0,0,0,0,0,0,1
122141,0,0,0,0,0,0,0,0,1
122142,0,0,0,0,0,0,0,0,1
122143,0,0,0,0,0,0,0,0,1
122144,0,0,0,0,0,0,0,0,1
122145,0,0,0,0,0,0,0,0,1
122146,0,0,0,0,0,0,0,0,1
122147,0,0,0,0,0,0,0,0,1
122148,0,0,0,0,0,0,0,0,1
122149,0,0,0,0,0,0,0,0,1
122150,0,0,0,0,0,0,0,0,1
122151,0,0,0,0,0,0,0,0,1
122152,0,0,0,0,0,0,0,0,1
122153,0,0,0,0,0,0,0,0,1
122154,0,0,0,0,0,0,0,0,1
122155,0,0,0,0,0,0,0,0,1
122156,0,0,0,0,0,0,0,0,1
122157,0,0,0,0,0,0,0,0,1
122158,0,0,0,0,0,0,0,0,1
122159,0,0,0,0,0,0,0,0,1
122160,0,0,0,0,0,0,0,0,1
122161,0,0,0,0,0,0,0,0,1
122162,0,0,0,0,0,0,0,0,1
122163,0,0,0,0,0,0,0,0,1
122164,0,0,0,0,0,0,0,0,1
122165,0,0,0,0,0,0,0,0,1
122166,0,0,0,0,0,0,0,0,1
122167,0,0,0,0,0,0,0,0,1
122168,0,0,0,0,0,0,0,0,1
122169,0,0,0,0,0,0,0,0,1
122170,0,0,0,0,0,0,0,0,1
122171,0,0,0,0,0,0,0,0,1
122172,0,0,0,0,0,0,0,0,1
122173,0,0,0,0,0,0,0,0,1
122174,0,0,0,0,0,0,0,0,1
122175,0,0,0,0,0,0,0,0,1
122176,0,0,0,0,0,0,0,0,1
122177,0,0,0,0,0,0,0,0,1
122178,0,0,0,0,0,0,0,0,1
122179,0,0,0,0,0,0,0,0,1
122180,0,0,0,0,0,0,0,0,1
122181,0,0,0,0,0,0,0,0,1
122182,0,0,0,0,0,0,0,0,1
122183,0,0,0,0,0,0,0,0,1
122184,0,0,0,0,0,0,0,0,1
122185,0,0,0,0,0,0,0,0,1
122186,0,0,0,0,0,0,0,0,1
122187,0,0,0,0,0,0,0,0,1
122188,0,0,0,0,0,0,0,0,1
122189,0,0,0,0,0,0,0,0,1
122190,0,0,0,0,0,0,0,0,1
122191,0,0,0,0,0,0,0,0,1
122192,0,0,0,0,0,0,0,0,1
122193,0,0,0,0,0,0,0,0,1
122194,0,0,0,0,0,0,0,0,1
122195,0,0,0,0,0,0,0,0,1
122196,0,0,0,0,0,0,0,0,1
122197,0,0,0,0,0,0,0,0,1
122198,0,0,0,0,0,0,0,0,1
122199,0,0,0,0,0,0,0,0,1
122200,0,0,0,0,0,0,0,0,1
122201,0,0,0,0,0,0,0,0,1
122202,0,0,0,0,0,0,0,0,1
122203,0,0,0,0,0,0,0,0,1
122204,0,0,0,0,0,0,0,0,1
122205,0,0,0,0,0,0,0,0,1
122206,0,0,0,0,0,0,0,0,1
122207,0,0,0,0,0,0,0,0,1
122208,0,0,0,0,0,0,0,0,1
122209,0,0,0,0,0,0,0,0,1
122210,0,0,0,0,0,0,0,0,1
122211,0,0,0,0,0,0,0,0,1
122212,0,0,0,0,0,0,0,0,1
122213,0,0,0,0,0,0,0,0,1
122214,0,0,0,0,0,0,0,0,1
122215,0,0,0,0,0,0,0,0,1
122216,0,0,0,0,0,0,0,0,1
122217,0,0,0,0,0,0,0,0,1
122218,0,0,0,0,0,0,0,0,1
122219,0,0,0,0,0,0,0,0,1
122220,0,0,0,0,0,0,0,0,1
122221,0,0,0,0,0,0,0,0,1
122222,0,0,0,0,0,0,0,0,1
122223,0,0,0,0,0,0,0,0,1
122224,0,0,0,0,0,0,0,0,1
122225,0,0,0,0,0,0,0,0,1
122226,0,0,0,0,0,0,0,0,1
122227,0,0,0,0,0,0,0,0,1
122228,0,0,0,0,0,0,0,0,1
122229,0,0,0,0,0,0,0,0,1
122230,0,0,0,0,0,0,0,0,1
122231,0,0,0,0,0,0,0,0,1
122232,0,0,0,0,0,0,0,0,1
122233,0,0,0,0,0,0,0,0,1
122234,0,0,0,0,0,0,0,0,1
122235,0,0,0,0,0,0,0,0,1
122236,0,0,0,0,0,0,0,0,1
122237,0,0,0,0,0,0,0,0,1
122238,0,0,0,0,0,0,0,0,1
122239,0,0,0,0,0,0,0,0,1
122240,0,0,0,0,0,0,0,0,1
122241,0,0,0,0,0,0,0,0,1
122242,0,0,0,0,0,0,0,0,1
122243,0,0,0,0,0,0,0,0,1
122244,0,0,0,0,0,0,0,0,1
122245,0,0,0,0,0,0,0,0,1
122246,0,0,0,0,0,0,0,0,1
122247,0,0,0,0,0,0,0,0,1
122248,0,0,0,0,0,0,0,0,1
122249,0,0,0,0,0,0,0,0,1
122250,0,0,0,0,0,0,0,0,1
122251,0,0,0,0,0,0,0,0,1
122252,0,0,0,0,0,0,0,0,1
122253,0,0,0,0,0,0,0,0,1
122254,0,0,0,0,0,0,0,0,1
122255,0,0,0,0,0,0,0,0,1
122256,0,0,0,0,0,0,0,0,1
122257,0,0,0,0,0,0,0,0,1
122258,0,0,0,0,0,0,0,0,1
122259,0,0,0,0,0,0,0,0,1
122260,0,0,0,0,0,0,0,0,1
122261,0,0,0,0,0,0,0,0,1
122262,0,0,0,0,0,0,0,0,1
122263,0,0,0,0,0,0,0,0,1
122264,0,0,0,0,0,0,0,0,1
122265,0,0,0,0,0,0,0,0,1
122266,0,0,0,0,0,0,0,0,1
122267,0,0,0,0,0,0,0,0,1
122268,0,0,0,0,0,0,0,0,1
122269,0,0,0,0,0,0,0,0,1
122270,0,0,0,0,0,0,0,0,1
122271,0,0,0,0,0,0,0,0,1
122272,0,0,0,0,0,0,0,0,1
122273,0,0,0,0,0,0,0,0,1
122274,0,0,0,0,0,0,0,0,1
122275,0,0,0,0,0,0,0,0,1
122276,0,0,0,0,0,0,0,0,1
122277,0,0,0,0,0,0,0,0,1
122278,0,0,0,0,0,0,0,0,1
122279,0,0,0,0,0,0,0,0,1
122280,0,0,0,0,0,0,0,0,1
122281,0,0,0,0,0,0,0,0,1
122282,0,0,0,0,0,0,0,0,1
122283,0,0,0,0,0,0,0,0,1
122284,0,0,0,0,0,0,0,0,1
122285,0,0,0,0,0,0,0,0,1
122286,0,0,0,0,0,0,0,0,1
122287,0,0,0,0,0,0,0,0,1
122288,0,0,0,0,0,0,0,0,1
122289,0,0,0,0,0,0,0,0,1
122290,0,0,0,0,0,0,0,0,1
122291,0,0,0,0,0,0,0,0,1
122292,0,0,0,0,0,0,0,0,1
122293,0,0,0,0,0,0,0,0,1
122294,0,0,0,0,0,0,0,0,1
122295,0,0,0,0,0,0,0,0,1
122296,0,0,0,0,0,0,0,0,1
122297,0,0,0,0,0,0,0,0,1
122298,0,0,0,0,0,0,0,0,1
122299,0,0,0,0,0,0,0,0,1
122300,0,0,0,0,0,0,0,0,1
122301,0,0,0,0,0,0,0,0,1
122302,0,0,0,0,0,0,0,0,1
122303,0,0,0,0,0,0,0,0,1
122304,0,0,0,0,0,0,0,0,1
122305,0,0,0,0,0,0,0,0,1
122306,0,0,0,0,0,0,0,0,1
122307,0,0,0,0,0,0,0,0,1
122308,0,0,0,0,0,0,0,0,1
122309,0,0,0,0,0,0,0,0,1
122310,0,0,0,0,0,0,0,0,1
122311,0,0,0,0,0,0,0,0,1
122312,0,0,0,0,0,0,0,0,1
122313,0,0,0,0,0,0,0,0,1
122314,0,0,0,0,0,0,0,0,1
122315,0,0,0,0,0,0,0,0,1
122316,0,0,0,0,0,0,0,0,1
122317,0,0,0,0,0,0,0,0,1
122318,0,0,0,0,0,0,0,0,1
122319,0,0,0,0,0,0,0,0,1
122320,0,0,0,0,0,0,0,0,1
122321,0,0,0,0,0,0,0,0,1
122322,0,0,0,0,0,0,0,0,1
122323,0,0,0,0,0,0,0,0,1
122324,0,0,0,0,0,0,0,0,1
122325,0,0,0,0,0,0,0,0,1
122326,0,0,0,0,0,0,0,0,1
122327,0,0,0,0,0,0,0,0,1
122328,0,0,0,0,0,0,0,0,1
122329,0,0,0,0,0,0,0,0,1
122330,0,0,0,0,0,0,0,0,1
122331,0,0,0,0,0,0,0,0,1
122332,0,0,0,0,0,0,0,0,1
122333,0,0,0,0,0,0,0,0,1
122334,0,0,0,0,0,0,0,0,1
122335,0,0,0,0,0,0,0,0,1
122336,0,0,0,0,0,0,0,0,1
122337,0,0,0,0,0,0,0,0,1
122338,0,0,0,0,0,0,0,0,1
122339,0,0,0,0,0,0,0,0,1
122340,0,0,0,0,0,0,0,0,1
122341,0,0,0,0,0,0,0,0,1
122342,0,0,0,0,0,0,0,0,1
122343,0,0,0,0,0,0,0,0,1
122344,0,0,0,0,0,0,0,0,1
122345,0,0,0,0,0,0,0,0,1
122346,0,0,0,0,0,0,0,0,1
122347,0,0,0,0,0,0,0,0,1
122348,0,0,0,0,0,0,0,0,1
122349,0,0,0,0,0,0,0,0,1
122350,0,0,0,0,0,0,0,0,1
122351,0,0,0,0,0,0,0,0,1
122352,0,0,0,0,0,0,0,0,1
122353,0,0,0,0,0,0,0,0,1
122354,0,0,0,0,0,0,0,0,1
122355,0,0,0,0,0,0,0,0,1
122356,0,0,0,0,0,0,0,0,1
122357,0,0,0,0,0,0,0,0,1
122358,0,0,0,0,0,0,0,0,1
122359,0,0,0,0,0,0,0,0,1
122360,0,0,0,0,0,0,0,0,1
122361,0,0,0,0,0,0,0,0,1
122362,0,0,0,0,0,0,0,0,1
122363,0,0,0,0,0,0,0,0,1
122364,0,0,0,0,0,0,0,0,1
122365,0,0,0,0,0,0,0,0,1
122366,0,0,0,0,0,0,0,0,1
122367,0,0,0,0,0,0,0,0,1
122368,0,0,0,0,0,0,0,0,1
122369,0,0,0,0,0,0,0,0,1
122370,0,0,0,0,0,0,0,0,1
122371,0,0,0,0,0,0,0,0,1
122372,0,0,0,0,0,0,0,0,1
122373,0,0,0,0,0,0,0,0,1
122374,0,0,0,0,0,0,0,0,1
122375,0,0,0,0,0,0,0,0,1
122376,0,0,0,0,0,0,0,0,1
122377,0,0,0,0,0,0,0,0,1
122378,0,0,0,0,0,0,0,0,1
122379,0,0,0,0,0,0,0,0,1
122380,0,0,0,0,0,0,0,0,1
122381,0,0,0,0,0,0,0,0,1
122382,0,0,0,0,0,0,0,0,1
122383,0,0,0,0,0,0,0,0,1
122384,0,0,0,0,0,0,0,0,1
122385,0,0,0,0,0,0,0,0,1
122386,0,0,0,0,0,0,0,0,1
122387,0,0,0,0,0,0,0,0,1
122388,0,0,0,0,0,0,0,0,1
122389,0,0,0,0,0,0,0,0,1
122390,0,0,0,0,0,0,0,0,1
122391,0,0,0,0,0,0,0,0,1
122392,0,0,0,0,0,0,0,0,1
122393,0,0,0,0,0,0,0,0,1
122394,0,0,0,0,0,0,0,0,1
122395,0,0,0,0,0,0,0,0,1
122396,0,0,0,0,0,0,0,0,1
122397,0,0,0,0,0,0,0,0,1
122398,0,0,0,0,0,0,0,0,1
122399,0,0,0,0,0,0,0,0,1
122400,0,0,0,0,0,0,0,0,1
122401,0,0,0,0,0,0,0,0,1
122402,0,0,0,0,0,0,0,0,1
122403,0,0,0,0,0,0,0,0,1
122404,0,0,0,0,0,0,0,0,1
122405,0,0,0,0,0,0,0,0,1
122406,0,0,0,0,0,0,0,0,1
122407,0,0,0,0,0,0,0,0,1
122408,0,0,0,0,0,0,0,0,1
122409,0,0,0,0,0,0,0,0,1
122410,0,0,0,0,0,0,0,0,1
122411,0,0,0,0,0,0,0,0,1
122412,0,0,0,0,0,0,0,0,1
122413,0,0,0,0,0,0,0,0,1
122414,0,0,0,0,0,0,0,0,1
122415,0,0,0,0,0,0,0,0,1
122416,0,0,0,0,0,0,0,0,1
122417,0,0,0,0,0,0,0,0,1
122418,0,0,0,0,0,0,0,0,1
122419,0,0,0,0,0,0,0,0,1
122420,0,0,0,0,0,0,0,0,1
122421,0,0,0,0,0,0,0,0,1
122422,0,0,0,0,0,0,0,0,1
122423,0,0,0,0,0,0,0,0,1
122424,0,0,0,0,0,0,0,0,1
122425,0,0,0,0,0,0,0,0,1
122426,0,0,0,0,0,0,0,0,1
122427,0,0,0,0,0,0,0,0,1
122428,0,0,0,0,0,0,0,0,1
122429,0,0,0,0,0,0,0,0,1
122430,0,0,0,0,0,0,0,0,1
122431,0,0,0,0,0,0,0,0,1
122432,0,0,0,0,0,0,0,0,1
122433,0,0,0,0,0,0,0,0,1
122434,0,0,0,0,0,0,0,0,1
122435,0,0,0,0,0,0,0,0,1
122436,0,0,0,0,0,0,0,0,1
122437,0,0,0,0,0,0,0,0,1
122438,0,0,0,0,0,0,0,0,1
122439,0,0,0,0,0,0,0,0,1
122440,0,0,0,0,0,0,0,0,1
122441,0,0,0,0,0,0,0,0,1
122442,0,0,0,0,0,0,0,0,1
122443,0,0,0,0,0,0,0,0,1
122444,0,0,0,0,0,0,0,0,1
122445,0,0,0,0,0,0,0,0,1
122446,0,0,0,0,0,0,0,0,1
122447,0,0,0,0,0,0,0,0,1
122448,0,0,0,0,0,0,0,0,1
122449,0,0,0,0,0,0,0,0,1
122450,0,0,0,0,0,0,0,0,1
122451,0,0,0,0,0,0,0,0,1
122452,0,0,0,0,0,0,0,0,1
122453,0,0,0,0,0,0,0,0,1
122454,0,0,0,0,0,0,0,0,1
122455,0,0,0,0,0,0,0,0,1
122456,0,0,0,0,0,0,0,0,1
122457,0,0,0,0,0,0,0,0,1
122458,0,0,0,0,0,0,0,0,1
122459,0,0,0,0,0,0,0,0,1
122460,0,0,0,0,0,0,0,0,1
122461,0,0,0,0,0,0,0,0,1
122462,0,0,0,0,0,0,0,0,1
122463,0,0,0,0,0,0,0,0,1
122464,0,0,0,0,0,0,0,0,1
122465,0,0,0,0,0,0,0,0,1
122466,0,0,0,0,0,0,0,0,1
122467,0,0,0,0,0,0,0,0,1
122468,0,0,0,0,0,0,0,0,1
122469,0,0,0,0,0,0,0,0,1
122470,0,0,0,0,0,0,0,0,1
122471,0,0,0,0,0,0,0,0,1
122472,0,0,0,0,0,0,0,0,1
122473,0,0,0,0,0,0,0,0,1
122474,0,0,0,0,0,0,0,0,1
122475,0,0,0,0,0,0,0,0,1
122476,0,0,0,0,0,0,0,0,1
122477,0,0,0,0,0,0,0,0,1
122478,0,0,0,0,0,0,0,0,1
122479,0,0,0,0,0,0,0,0,1
122480,0,0,0,0,0,0,0,0,1
122481,0,0,0,0,0,0,0,0,1
122482,0,0,0,0,0,0,0,0,1
122483,0,0,0,0,0,0,0,0,1
122484,0,0,0,0,0,0,0,0,1
122485,0,0,0,0,0,0,0,0,1
122486,0,0,0,0,0,0,0,0,1
122487,0,0,0,0,0,0,0,0,1
122488,0,0,0,0,0,0,0,0,1
122489,0,0,0,0,0,0,0,0,1
122490,0,0,0,0,0,0,0,0,1
122491,0,0,0,0,0,0,0,0,1
122492,0,0,0,0,0,0,0,0,1
122493,0,0,0,0,0,0,0,0,1
122494,0,0,0,0,0,0,0,0,1
122495,0,0,0,0,0,0,0,0,1
122496,0,0,0,0,0,0,0,0,1
122497,0,0,0,0,0,0,0,0,1
122498,0,0,0,0,0,0,0,0,1
122499,0,0,0,0,0,0,0,0,1
122500,0,0,0,0,0,0,0,0,1
122501,0,0,0,0,0,0,0,0,1
122502,0,0,0,0,0,0,0,0,1
122503,0,0,0,0,0,0,0,0,1
122504,0,0,0,0,0,0,0,0,1
122505,0,0,0,0,0,0,0,0,1
122506,0,0,0,0,0,0,0,0,1
122507,0,0,0,0,0,0,0,0,1
122508,0,0,0,0,0,0,0,0,1
122509,0,0,0,0,0,0,0,0,1
122510,0,0,0,0,0,0,0,0,1
122511,0,0,0,0,0,0,0,0,1
122512,0,0,0,0,0,0,0,0,1
122513,0,0,0,0,0,0,0,0,1
122514,0,0,0,0,0,0,0,0,1
122515,0,0,0,0,0,0,0,0,1
122516,0,0,0,0,0,0,0,0,1
122517,0,0,0,0,0,0,0,0,1
122518,0,0,0,0,0,0,0,0,1
122519,0,0,0,0,0,0,0,0,1
122520,0,0,0,0,0,0,0,0,1
122521,0,0,0,0,0,0,0,0,1
122522,0,0,0,0,0,0,0,0,1
122523,0,0,0,0,0,0,0,0,1
122524,0,0,0,0,0,0,0,0,1
122525,0,0,0,0,0,0,0,0,1
122526,0,0,0,0,0,0,0,0,1
122527,0,0,0,0,0,0,0,0,1
122528,0,0,0,0,0,0,0,0,1
122529,0,0,0,0,0,0,0,0,1
122530,0,0,0,0,0,0,0,0,1
122531,0,0,0,0,0,0,0,0,1
122532,0,0,0,0,0,0,0,0,1
122533,0,0,0,0,0,0,0,0,1
122534,0,0,0,0,0,0,0,0,1
122535,0,0,0,0,0,0,0,0,1
122536,0,0,0,0,0,0,0,0,1
122537,0,0,0,0,0,0,0,0,1
122538,0,0,0,0,0,0,0,0,1
122539,0,0,0,0,0,0,0,0,1
122540,0,0,0,0,0,0,0,0,1
122541,0,0,0,0,0,0,0,0,1
122542,0,0,0,0,0,0,0,0,1
122543,0,0,0,0,0,0,0,0,1
122544,0,0,0,0,0,0,0,0,1
122545,0,0,0,0,0,0,0,0,1
122546,0,0,0,0,0,0,0,0,1
122547,0,0,0,0,0,0,0,0,1
122548,0,0,0,0,0,0,0,0,1
122549,0,0,0,0,0,0,0,0,1
122550,0,0,0,0,0,0,0,0,1
122551,0,0,0,0,0,0,0,0,1
122552,0,0,0,0,0,0,0,0,1
122553,0,0,0,0,0,0,0,0,1
122554,0,0,0,0,0,0,0,0,1
122555,0,0,0,0,0,0,0,0,1
122556,0,0,0,0,0,0,0,0,1
122557,0,0,0,0,0,0,0,0,1
122558,0,0,0,0,0,0,0,0,1
122559,0,0,0,0,0,0,0,0,1
122560,0,0,0,0,0,0,0,0,1
122561,0,0,0,0,0,0,0,0,1
122562,0,0,0,0,0,0,0,0,1
122563,0,0,0,0,0,0,0,0,1
122564,0,0,0,0,0,0,0,0,1
122565,0,0,0,0,0,0,0,0,1
122566,0,0,0,0,0,0,0,0,1
122567,0,0,0,0,0,0,0,0,1
122568,0,0,0,0,0,0,0,0,1
122569,0,0,0,0,0,0,0,0,1
122570,0,0,0,0,0,0,0,0,1
122571,0,0,0,0,0,0,0,0,1
122572,0,0,0,0,0,0,0,0,1
122573,0,0,0,0,0,0,0,0,1
122574,0,0,0,0,0,0,0,0,1
122575,0,0,0,0,0,0,0,0,1
122576,0,0,0,0,0,0,0,0,1
122577,0,0,0,0,0,0,0,0,1
122578,0,0,0,0,0,0,0,0,1
122579,0,0,0,0,0,0,0,0,1
122580,0,0,0,0,0,0,0,0,1
122581,0,0,0,0,0,0,0,0,1
122582,0,0,0,0,0,0,0,0,1
122583,0,0,0,0,0,0,0,0,1
122584,0,0,0,0,0,0,0,0,1
122585,0,0,0,0,0,0,0,0,1
122586,0,0,0,0,0,0,0,0,1
122587,0,0,0,0,0,0,0,0,1
122588,0,0,0,0,0,0,0,0,1
122589,0,0,0,0,0,0,0,0,1
122590,0,0,0,0,0,0,0,0,1
122591,0,0,0,0,0,0,0,0,1
122592,0,0,0,0,0,0,0,0,1
122593,0,0,0,0,0,0,0,0,1
122594,0,0,0,0,0,0,0,0,1
122595,0,0,0,0,0,0,0,0,1
122596,0,0,0,0,0,0,0,0,1
122597,0,0,0,0,0,0,0,0,1
122598,0,0,0,0,0,0,0,0,1
122599,0,0,0,0,0,0,0,0,1
122600,0,0,0,0,0,0,0,0,1
122601,0,0,0,0,0,0,0,0,1
122602,0,0,0,0,0,0,0,0,1
122603,0,0,0,0,0,0,0,0,1
122604,0,0,0,0,0,0,0,0,1
122605,0,0,0,0,0,0,0,0,1
122606,0,0,0,0,0,0,0,0,1
122607,0,0,0,0,0,0,0,0,1
122608,0,0,0,0,0,0,0,0,1
122609,0,0,0,0,0,0,0,0,1
122610,0,0,0,0,0,0,0,0,1
122611,0,0,0,0,0,0,0,0,1
122612,0,0,0,0,0,0,0,0,1
122613,0,0,0,0,0,0,0,0,1
122614,0,0,0,0,0,0,0,0,1
122615,0,0,0,0,0,0,0,0,1
122616,0,0,0,0,0,0,0,0,1
122617,0,0,0,0,0,0,0,0,1
122618,0,0,0,0,0,0,0,0,1
122619,0,0,0,0,0,0,0,0,1
122620,0,0,0,0,0,0,0,0,1
122621,0,0,0,0,0,0,0,0,1
122622,0,0,0,0,0,0,0,0,1
122623,0,0,0,0,0,0,0,0,1
122624,0,0,0,0,0,0,0,0,1
122625,0,0,0,0,0,0,0,0,1
122626,0,0,0,0,0,0,0,0,1
122627,0,0,0,0,0,0,0,0,1
122628,0,0,0,0,0,0,0,0,1
122629,0,0,0,0,0,0,0,0,1
122630,0,0,0,0,0,0,0,0,1
122631,0,0,0,0,0,0,0,0,1
122632,0,0,0,0,0,0,0,0,1
122633,0,0,0,0,0,0,0,0,1
122634,0,0,0,0,0,0,0,0,1
122635,0,0,0,0,0,0,0,0,1
122636,0,0,0,0,0,0,0,0,1
122637,0,0,0,0,0,0,0,0,1
122638,0,0,0,0,0,0,0,0,1
122639,0,0,0,0,0,0,0,0,1
122640,0,0,0,0,0,0,0,0,1
122641,0,0,0,0,0,0,0,0,1
122642,0,0,0,0,0,0,0,0,1
122643,0,0,0,0,0,0,0,0,1
122644,0,0,0,0,0,0,0,0,1
122645,0,0,0,0,0,0,0,0,1
122646,0,0,0,0,0,0,0,0,1
122647,0,0,0,0,0,0,0,0,1
122648,0,0,0,0,0,0,0,0,1
122649,0,0,0,0,0,0,0,0,1
122650,0,0,0,0,0,0,0,0,1
122651,0,0,0,0,0,0,0,0,1
122652,0,0,0,0,0,0,0,0,1
122653,0,0,0,0,0,0,0,0,1
122654,0,0,0,0,0,0,0,0,1
122655,0,0,0,0,0,0,0,0,1
122656,0,0,0,0,0,0,0,0,1
122657,0,0,0,0,0,0,0,0,1
122658,0,0,0,0,0,0,0,0,1
122659,0,0,0,0,0,0,0,0,1
122660,0,0,0,0,0,0,0,0,1
122661,0,0,0,0,0,0,0,0,1
122662,0,0,0,0,0,0,0,0,1
122663,0,0,0,0,0,0,0,0,1
122664,0,0,0,0,0,0,0,0,1
122665,0,0,0,0,0,0,0,0,1
122666,0,0,0,0,0,0,0,0,1
122667,0,0,0,0,0,0,0,0,1
122668,0,0,0,0,0,0,0,0,1
122669,0,0,0,0,0,0,0,0,1
122670,0,0,0,0,0,0,0,0,1
122671,0,0,0,0,0,0,0,0,1
122672,0,0,0,0,0,0,0,0,1
122673,0,0,0,0,0,0,0,0,1
122674,0,0,0,0,0,0,0,0,1
122675,0,0,0,0,0,0,0,0,1
122676,0,0,0,0,0,0,0,0,1
122677,0,0,0,0,0,0,0,0,1
122678,0,0,0,0,0,0,0,0,1
122679,0,0,0,0,0,0,0,0,1
122680,0,0,0,0,0,0,0,0,1
122681,0,0,0,0,0,0,0,0,1
122682,0,0,0,0,0,0,0,0,1
122683,0,0,0,0,0,0,0,0,1
122684,0,0,0,0,0,0,0,0,1
122685,0,0,0,0,0,0,0,0,1
122686,0,0,0,0,0,0,0,0,1
122687,0,0,0,0,0,0,0,0,1
122688,0,0,0,0,0,0,0,0,1
122689,0,0,0,0,0,0,0,0,1
122690,0,0,0,0,0,0,0,0,1
122691,0,0,0,0,0,0,0,0,1
122692,0,0,0,0,0,0,0,0,1
122693,0,0,0,0,0,0,0,0,1
122694,0,0,0,0,0,0,0,0,1
122695,0,0,0,0,0,0,0,0,1
122696,0,0,0,0,0,0,0,0,1
122697,0,0,0,0,0,0,0,0,1
122698,0,0,0,0,0,0,0,0,1
122699,0,0,0,0,0,0,0,0,1
122700,0,0,0,0,0,0,0,0,1
122701,0,0,0,0,0,0,0,0,1
122702,0,0,0,0,0,0,0,0,1
122703,0,0,0,0,0,0,0,0,1
122704,0,0,0,0,0,0,0,0,1
122705,0,0,0,0,0,0,0,0,1
122706,0,0,0,0,0,0,0,0,1
122707,0,0,0,0,0,0,0,0,1
122708,0,0,0,0,0,0,0,0,1
122709,0,0,0,0,0,0,0,0,1
122710,0,0,0,0,0,0,0,0,1
122711,0,0,0,0,0,0,0,0,1
122712,0,0,0,0,0,0,0,0,1
122713,0,0,0,0,0,0,0,0,1
122714,0,0,0,0,0,0,0,0,1
122715,0,0,0,0,0,0,0,0,1
122716,0,0,0,0,0,0,0,0,1
122717,0,0,0,0,0,0,0,0,1
122718,0,0,0,0,0,0,0,0,1
122719,0,0,0,0,0,0,0,0,1
122720,0,0,0,0,0,0,0,0,1
122721,0,0,0,0,0,0,0,0,1
122722,0,0,0,0,0,0,0,0,1
122723,0,0,0,0,0,0,0,0,1
122724,0,0,0,0,0,0,0,0,1
122725,0,0,0,0,0,0,0,0,1
122726,0,0,0,0,0,0,0,0,1
122727,0,0,0,0,0,0,0,0,1
122728,0,0,0,0,0,0,0,0,1
122729,0,0,0,0,0,0,0,0,1
122730,0,0,0,0,0,0,0,0,1
122731,0,0,0,0,0,0,0,0,1
122732,0,0,0,0,0,0,0,0,1
122733,0,0,0,0,0,0,0,0,1
122734,0,0,0,0,0,0,0,0,1
122735,0,0,0,0,0,0,0,0,1
122736,0,0,0,0,0,0,0,0,1
122737,0,0,0,0,0,0,0,0,1
122738,0,0,0,0,0,0,0,0,1
122739,0,0,0,0,0,0,0,0,1
122740,0,0,0,0,0,0,0,0,1
122741,0,0,0,0,0,0,0,0,1
122742,0,0,0,0,0,0,0,0,1
122743,0,0,0,0,0,0,0,0,1
122744,0,0,0,0,0,0,0,0,1
122745,0,0,0,0,0,0,0,0,1
122746,0,0,0,0,0,0,0,0,1
122747,0,0,0,0,0,0,0,0,1
122748,0,0,0,0,0,0,0,0,1
122749,0,0,0,0,0,0,0,0,1
122750,0,0,0,0,0,0,0,0,1
122751,0,0,0,0,0,0,0,0,1
122752,0,0,0,0,0,0,0,0,1
122753,0,0,0,0,0,0,0,0,1
122754,0,0,0,0,0,0,0,0,1
122755,0,0,0,0,0,0,0,0,1
122756,0,0,0,0,0,0,0,0,1
122757,0,0,0,0,0,0,0,0,1
122758,0,0,0,0,0,0,0,0,1
122759,0,0,0,0,0,0,0,0,1
122760,0,0,0,0,0,0,0,0,1
122761,0,0,0,0,0,0,0,0,1
122762,0,0,0,0,0,0,0,0,1
122763,0,0,0,0,0,0,0,0,1
122764,0,0,0,0,0,0,0,0,1
122765,0,0,0,0,0,0,0,0,1
122766,0,0,0,0,0,0,0,0,1
122767,0,0,0,0,0,0,0,0,1
122768,0,0,0,0,0,0,0,0,1
122769,0,0,0,0,0,0,0,0,1
122770,0,0,0,0,0,0,0,0,1
122771,0,0,0,0,0,0,0,0,1
122772,0,0,0,0,0,0,0,0,1
122773,0,0,0,0,0,0,0,0,1
122774,0,0,0,0,0,0,0,0,1
122775,0,0,0,0,0,0,0,0,1
122776,0,0,0,0,0,0,0,0,1
122777,0,0,0,0,0,0,0,0,1
122778,0,0,0,0,0,0,0,0,1
122779,0,0,0,0,0,0,0,0,1
122780,0,0,0,0,0,0,0,0,1
122781,0,0,0,0,0,0,0,0,1
122782,0,0,0,0,0,0,0,0,1
122783,0,0,0,0,0,0,0,0,1
122784,0,0,0,0,0,0,0,0,1
122785,0,0,0,0,0,0,0,0,1
122786,0,0,0,0,0,0,0,0,1
122787,0,0,0,0,0,0,0,0,1
122788,0,0,0,0,0,0,0,0,1
122789,0,0,0,0,0,0,0,0,1
122790,0,0,0,0,0,0,0,0,1
122791,0,0,0,0,0,0,0,0,1
122792,0,0,0,0,0,0,0,0,1
122793,0,0,0,0,0,0,0,0,1
122794,0,0,0,0,0,0,0,0,1
122795,0,0,0,0,0,0,0,0,1
122796,0,0,0,0,0,0,0,0,1
122797,0,0,0,0,0,0,0,0,1
122798,0,0,0,0,0,0,0,0,1
122799,0,0,0,0,0,0,0,0,1
122800,0,0,0,0,0,0,0,0,1
122801,0,0,0,0,0,0,0,0,1
122802,0,0,0,0,0,0,0,0,1
122803,0,0,0,0,0,0,0,0,1
122804,0,0,0,0,0,0,0,0,1
122805,0,0,0,0,0,0,0,0,1
122806,0,0,0,0,0,0,0,0,1
122807,0,0,0,0,0,0,0,0,1
122808,0,0,0,0,0,0,0,0,1
122809,0,0,0,0,0,0,0,0,1
122810,0,0,0,0,0,0,0,0,1
122811,0,0,0,0,0,0,0,0,1
122812,0,0,0,0,0,0,0,0,1
122813,0,0,0,0,0,0,0,0,1
122814,0,0,0,0,0,0,0,0,1
122815,0,0,0,0,0,0,0,0,1
122816,0,0,0,0,0,0,0,0,1
122817,0,0,0,0,0,0,0,0,1
122818,0,0,0,0,0,0,0,0,1
122819,0,0,0,0,0,0,0,0,1
122820,0,0,0,0,0,0,0,0,1
122821,0,0,0,0,0,0,0,0,1
122822,0,0,0,0,0,0,0,0,1
122823,0,0,0,0,0,0,0,0,1
122824,0,0,0,0,0,0,0,0,1
122825,0,0,0,0,0,0,0,0,1
122826,0,0,0,0,0,0,0,0,1
122827,0,0,0,0,0,0,0,0,1
122828,0,0,0,0,0,0,0,0,1
122829,0,0,0,0,0,0,0,0,1
122830,0,0,0,0,0,0,0,0,1
122831,0,0,0,0,0,0,0,0,1
122832,0,0,0,0,0,0,0,0,1
122833,0,0,0,0,0,0,0,0,1
122834,0,0,0,0,0,0,0,0,1
122835,0,0,0,0,0,0,0,0,1
122836,0,0,0,0,0,0,0,0,1
122837,0,0,0,0,0,0,0,0,1
122838,0,0,0,0,0,0,0,0,1
122839,0,0,0,0,0,0,0,0,1
122840,0,0,0,0,0,0,0,0,1
122841,0,0,0,0,0,0,0,0,1
122842,0,0,0,0,0,0,0,0,1
122843,0,0,0,0,0,0,0,0,1
122844,0,0,0,0,0,0,0,0,1
122845,0,0,0,0,0,0,0,0,1
122846,0,0,0,0,0,0,0,0,1
122847,0,0,0,0,0,0,0,0,1
122848,0,0,0,0,0,0,0,0,1
122849,0,0,0,0,0,0,0,0,1
122850,0,0,0,0,0,0,0,0,1
122851,0,0,0,0,0,0,0,0,1
122852,0,0,0,0,0,0,0,0,1
122853,0,0,0,0,0,0,0,0,1
122854,0,0,0,0,0,0,0,0,1
122855,0,0,0,0,0,0,0,0,1
122856,0,0,0,0,0,0,0,0,1
122857,0,0,0,0,0,0,0,0,1
122858,0,0,0,0,0,0,0,0,1
122859,0,0,0,0,0,0,0,0,1
122860,0,0,0,0,0,0,0,0,1
122861,0,0,0,0,0,0,0,0,1
122862,0,0,0,0,0,0,0,0,1
122863,0,0,0,0,0,0,0,0,1
122864,0,0,0,0,0,0,0,0,1
122865,0,0,0,0,0,0,0,0,1
122866,0,0,0,0,0,0,0,0,1
122867,0,0,0,0,0,0,0,0,1
122868,0,0,0,0,0,0,0,0,1
122869,0,0,0,0,0,0,0,0,1
122870,0,0,0,0,0,0,0,0,1
122871,0,0,0,0,0,0,0,0,1
122872,0,0,0,0,0,0,0,0,1
122873,0,0,0,0,0,0,0,0,1
122874,0,0,0,0,0,0,0,0,1
122875,0,0,0,0,0,0,0,0,1
122876,0,0,0,0,0,0,0,0,1
122877,0,0,0,0,0,0,0,0,1
122878,0,0,0,0,0,0,0,0,1
122879,0,0,0,0,0,0,0,0,1
122880,0,0,0,0,0,0,0,0,1
122881,0,0,0,0,0,0,0,0,1
122882,0,0,0,0,0,0,0,0,1
122883,0,0,0,0,0,0,0,0,1
122884,0,0,0,0,0,0,0,0,1
122885,0,0,0,0,0,0,0,0,1
122886,0,0,0,0,0,0,0,0,1
122887,0,0,0,0,0,0,0,0,1
122888,0,0,0,0,0,0,0,0,1
122889,0,0,0,0,0,0,0,0,1
122890,0,0,0,0,0,0,0,0,1
122891,0,0,0,0,0,0,0,0,1
122892,0,0,0,0,0,0,0,0,1
122893,0,0,0,0,0,0,0,0,1
122894,0,0,0,0,0,0,0,0,1
122895,0,0,0,0,0,0,0,0,1
122896,0,0,0,0,0,0,0,0,1
122897,0,0,0,0,0,0,0,0,1
122898,0,0,0,0,0,0,0,0,1
122899,0,0,0,0,0,0,0,0,1
122900,0,0,0,0,0,0,0,0,1
122901,0,0,0,0,0,0,0,0,1
122902,0,0,0,0,0,0,0,0,1
122903,0,0,0,0,0,0,0,0,1
122904,0,0,0,0,0,0,0,0,1
122905,0,0,0,0,0,0,0,0,1
122906,0,0,0,0,0,0,0,0,1
122907,0,0,0,0,0,0,0,0,1
122908,0,0,0,0,0,0,0,0,1
122909,0,0,0,0,0,0,0,0,1
122910,0,0,0,0,0,0,0,0,1
122911,0,0,0,0,0,0,0,0,1
122912,0,0,0,0,0,0,0,0,1
122913,0,0,0,0,0,0,0,0,1
122914,0,0,0,0,0,0,0,0,1
122915,0,0,0,0,0,0,0,0,1
122916,0,0,0,0,0,0,0,0,1
122917,0,0,0,0,0,0,0,0,1
122918,0,0,0,0,0,0,0,0,1
122919,0,0,0,0,0,0,0,0,1
122920,0,0,0,0,0,0,0,0,1
122921,0,0,0,0,0,0,0,0,1
122922,0,0,0,0,0,0,0,0,1
122923,0,0,0,0,0,0,0,0,1
122924,0,0,0,0,0,0,0,0,1
122925,0,0,0,0,0,0,0,0,1
122926,0,0,0,0,0,0,0,0,1
122927,0,0,0,0,0,0,0,0,1
122928,0,0,0,0,0,0,0,0,1
122929,0,0,0,0,0,0,0,0,1
122930,0,0,0,0,0,0,0,0,1
122931,0,0,0,0,0,0,0,0,1
122932,0,0,0,0,0,0,0,0,1
122933,0,0,0,0,0,0,0,0,1
122934,0,0,0,0,0,0,0,0,1
122935,0,0,0,0,0,0,0,0,1
122936,0,0,0,0,0,0,0,0,1
122937,0,0,0,0,0,0,0,0,1
122938,0,0,0,0,0,0,0,0,1
122939,0,0,0,0,0,0,0,0,1
122940,0,0,0,0,0,0,0,0,1
122941,0,0,0,0,0,0,0,0,1
122942,0,0,0,0,0,0,0,0,1
122943,0,0,0,0,0,0,0,0,1
122944,0,0,0,0,0,0,0,0,1
122945,0,0,0,0,0,0,0,0,1
122946,0,0,0,0,0,0,0,0,1
122947,0,0,0,0,0,0,0,0,1
122948,0,0,0,0,0,0,0,0,1
122949,0,0,0,0,0,0,0,0,1
122950,0,0,0,0,0,0,0,0,1
122951,0,0,0,0,0,0,0,0,1
122952,0,0,0,0,0,0,0,0,1
122953,0,0,0,0,0,0,0,0,1
122954,0,0,0,0,0,0,0,0,1
122955,0,0,0,0,0,0,0,0,1
122956,0,0,0,0,0,0,0,0,1
122957,0,0,0,0,0,0,0,0,1
122958,0,0,0,0,0,0,0,0,1
122959,0,0,0,0,0,0,0,0,1
122960,0,0,0,0,0,0,0,0,1
122961,0,0,0,0,0,0,0,0,1
122962,0,0,0,0,0,0,0,0,1
122963,0,0,0,0,0,0,0,0,1
122964,0,0,0,0,0,0,0,0,1
122965,0,0,0,0,0,0,0,0,1
122966,0,0,0,0,0,0,0,0,1
122967,0,0,0,0,0,0,0,0,1
122968,0,0,0,0,0,0,0,0,1
122969,0,0,0,0,0,0,0,0,1
122970,0,0,0,0,0,0,0,0,1
122971,0,0,0,0,0,0,0,0,1
122972,0,0,0,0,0,0,0,0,1
122973,0,0,0,0,0,0,0,0,1
122974,0,0,0,0,0,0,0,0,1
122975,0,0,0,0,0,0,0,0,1
122976,0,0,0,0,0,0,0,0,1
122977,0,0,0,0,0,0,0,0,1
122978,0,0,0,0,0,0,0,0,1
122979,0,0,0,0,0,0,0,0,1
122980,0,0,0,0,0,0,0,0,1
122981,0,0,0,0,0,0,0,0,1
122982,0,0,0,0,0,0,0,0,1
122983,0,0,0,0,0,0,0,0,1
122984,0,0,0,0,0,0,0,0,1
122985,0,0,0,0,0,0,0,0,1
122986,0,0,0,0,0,0,0,0,1
122987,0,0,0,0,0,0,0,0,1
122988,0,0,0,0,0,0,0,0,1
122989,0,0,0,0,0,0,0,0,1
122990,0,0,0,0,0,0,0,0,1
122991,0,0,0,0,0,0,0,0,1
122992,0,0,0,0,0,0,0,0,1
122993,0,0,0,0,0,0,0,0,1
122994,0,0,0,0,0,0,0,0,1
122995,0,0,0,0,0,0,0,0,1
122996,0,0,0,0,0,0,0,0,1
122997,0,0,0,0,0,0,0,0,1
122998,0,0,0,0,0,0,0,0,1
122999,0,0,0,0,0,0,0,0,1
123000,0,0,0,0,0,0,0,0,1
123001,0,0,0,0,0,0,0,0,1
123002,0,0,0,0,0,0,0,0,1
123003,0,0,0,0,0,0,0,0,1
123004,0,0,0,0,0,0,0,0,1
123005,0,0,0,0,0,0,0,0,1
123006,0,0,0,0,0,0,0,0,1
123007,0,0,0,0,0,0,0,0,1
123008,0,0,0,0,0,0,0,0,1
123009,0,0,0,0,0,0,0,0,1
123010,0,0,0,0,0,0,0,0,1
123011,0,0,0,0,0,0,0,0,1
123012,0,0,0,0,0,0,0,0,1
123013,0,0,0,0,0,0,0,0,1
123014,0,0,0,0,0,0,0,0,1
123015,0,0,0,0,0,0,0,0,1
123016,0,0,0,0,0,0,0,0,1
123017,0,0,0,0,0,0,0,0,1
123018,0,0,0,0,0,0,0,0,1
123019,0,0,0,0,0,0,0,0,1
123020,0,0,0,0,0,0,0,0,1
123021,0,0,0,0,0,0,0,0,1
123022,0,0,0,0,0,0,0,0,1
123023,0,0,0,0,0,0,0,0,1
123024,0,0,0,0,0,0,0,0,1
123025,0,0,0,0,0,0,0,0,1
123026,0,0,0,0,0,0,0,0,1
123027,0,0,0,0,0,0,0,0,1
123028,0,0,0,0,0,0,0,0,1
123029,0,0,0,0,0,0,0,0,1
123030,0,0,0,0,0,0,0,0,1
123031,0,0,0,0,0,0,0,0,1
123032,0,0,0,0,0,0,0,0,1
123033,0,0,0,0,0,0,0,0,1
123034,0,0,0,0,0,0,0,0,1
123035,0,0,0,0,0,0,0,0,1
123036,0,0,0,0,0,0,0,0,1
123037,0,0,0,0,0,0,0,0,1
123038,0,0,0,0,0,0,0,0,1
123039,0,0,0,0,0,0,0,0,1
123040,0,0,0,0,0,0,0,0,1
123041,0,0,0,0,0,0,0,0,1
123042,0,0,0,0,0,0,0,0,1
123043,0,0,0,0,0,0,0,0,1
123044,0,0,0,0,0,0,0,0,1
123045,0,0,0,0,0,0,0,0,1
123046,0,0,0,0,0,0,0,0,1
123047,0,0,0,0,0,0,0,0,1
123048,0,0,0,0,0,0,0,0,1
123049,0,0,0,0,0,0,0,0,1
123050,0,0,0,0,0,0,0,0,1
123051,0,0,0,0,0,0,0,0,1
123052,0,0,0,0,0,0,0,0,1
123053,0,0,0,0,0,0,0,0,1
123054,0,0,0,0,0,0,0,0,1
123055,0,0,0,0,0,0,0,0,1
123056,0,0,0,0,0,0,0,0,1
123057,0,0,0,0,0,0,0,0,1
123058,0,0,0,0,0,0,0,0,1
123059,0,0,0,0,0,0,0,0,1
123060,0,0,0,0,0,0,0,0,1
123061,0,0,0,0,0,0,0,0,1
123062,0,0,0,0,0,0,0,0,1
123063,0,0,0,0,0,0,0,0,1
123064,0,0,0,0,0,0,0,0,1
123065,0,0,0,0,0,0,0,0,1
123066,0,0,0,0,0,0,0,0,1
123067,0,0,0,0,0,0,0,0,1
123068,0,0,0,0,0,0,0,0,1
123069,0,0,0,0,0,0,0,0,1
123070,0,0,0,0,0,0,0,0,1
123071,0,0,0,0,0,0,0,0,1
123072,0,0,0,0,0,0,0,0,1
123073,0,0,0,0,0,0,0,0,1
123074,0,0,0,0,0,0,0,0,1
123075,0,0,0,0,0,0,0,0,1
123076,0,0,0,0,0,0,0,0,1
123077,0,0,0,0,0,0,0,0,1
123078,0,0,0,0,0,0,0,0,1
123079,0,0,0,0,0,0,0,0,1
123080,0,0,0,0,0,0,0,0,1
123081,0,0,0,0,0,0,0,0,1
123082,0,0,0,0,0,0,0,0,1
123083,0,0,0,0,0,0,0,0,1
123084,0,0,0,0,0,0,0,0,1
123085,0,0,0,0,0,0,0,0,1
123086,0,0,0,0,0,0,0,0,1
123087,0,0,0,0,0,0,0,0,1
123088,0,0,0,0,0,0,0,0,1
123089,0,0,0,0,0,0,0,0,1
123090,0,0,0,0,0,0,0,0,1
123091,0,0,0,0,0,0,0,0,1
123092,0,0,0,0,0,0,0,0,1
123093,0,0,0,0,0,0,0,0,1
123094,0,0,0,0,0,0,0,0,1
123095,0,0,0,0,0,0,0,0,1
123096,0,0,0,0,0,0,0,0,1
123097,0,0,0,0,0,0,0,0,1
123098,0,0,0,0,0,0,0,0,1
123099,0,0,0,0,0,0,0,0,1
123100,0,0,0,0,0,0,0,0,1
123101,0,0,0,0,0,0,0,0,1
123102,0,0,0,0,0,0,0,0,1
123103,0,0,0,0,0,0,0,0,1
123104,0,0,0,0,0,0,0,0,1
123105,0,0,0,0,0,0,0,0,1
123106,0,0,0,0,0,0,0,0,1
123107,0,0,0,0,0,0,0,0,1
123108,0,0,0,0,0,0,0,0,1
123109,0,0,0,0,0,0,0,0,1
123110,0,0,0,0,0,0,0,0,1
123111,0,0,0,0,0,0,0,0,1
123112,0,0,0,0,0,0,0,0,1
123113,0,0,0,0,0,0,0,0,1
123114,0,0,0,0,0,0,0,0,1
123115,0,0,0,0,0,0,0,0,1
123116,0,0,0,0,0,0,0,0,1
123117,0,0,0,0,0,0,0,0,1
123118,0,0,0,0,0,0,0,0,1
123119,0,0,0,0,0,0,0,0,1
123120,0,0,0,0,0,0,0,0,1
123121,0,0,0,0,0,0,0,0,1
123122,0,0,0,0,0,0,0,0,1
123123,0,0,0,0,0,0,0,0,1
123124,0,0,0,0,0,0,0,0,1
123125,0,0,0,0,0,0,0,0,1
123126,0,0,0,0,0,0,0,0,1
123127,0,0,0,0,0,0,0,0,1
123128,0,0,0,0,0,0,0,0,1
123129,0,0,0,0,0,0,0,0,1
123130,0,0,0,0,0,0,0,0,1
123131,0,0,0,0,0,0,0,0,1
123132,0,0,0,0,0,0,0,0,1
123133,0,0,0,0,0,0,0,0,1
123134,0,0,0,0,0,0,0,0,1
123135,0,0,0,0,0,0,0,0,1
123136,0,0,0,0,0,0,0,0,1
123137,0,0,0,0,0,0,0,0,1
123138,0,0,0,0,0,0,0,0,1
123139,0,0,0,0,0,0,0,0,1
123140,0,0,0,0,0,0,0,0,1
123141,0,0,0,0,0,0,0,0,1
123142,0,0,0,0,0,0,0,0,1
123143,0,0,0,0,0,0,0,0,1
123144,0,0,0,0,0,0,0,0,1
123145,0,0,0,0,0,0,0,0,1
123146,0,0,0,0,0,0,0,0,1
123147,0,0,0,0,0,0,0,0,1
123148,0,0,0,0,0,0,0,0,1
123149,0,0,0,0,0,0,0,0,1
123150,0,0,0,0,0,0,0,0,1
123151,0,0,0,0,0,0,0,0,1
123152,0,0,0,0,0,0,0,0,1
123153,0,0,0,0,0,0,0,0,1
123154,0,0,0,0,0,0,0,0,1
123155,0,0,0,0,0,0,0,0,1
123156,0,0,0,0,0,0,0,0,1
123157,0,0,0,0,0,0,0,0,1
123158,0,0,0,0,0,0,0,0,1
123159,0,0,0,0,0,0,0,0,1
123160,0,0,0,0,0,0,0,0,1
123161,0,0,0,0,0,0,0,0,1
123162,0,0,0,0,0,0,0,0,1
123163,0,0,0,0,0,0,0,0,1
123164,0,0,0,0,0,0,0,0,1
123165,0,0,0,0,0,0,0,0,1
123166,0,0,0,0,0,0,0,0,1
123167,0,0,0,0,0,0,0,0,1
123168,0,0,0,0,0,0,0,0,1
123169,0,0,0,0,0,0,0,0,1
123170,0,0,0,0,0,0,0,0,1
123171,0,0,0,0,0,0,0,0,1
123172,0,0,0,0,0,0,0,0,1
123173,0,0,0,0,0,0,0,0,1
123174,0,0,0,0,0,0,0,0,1
123175,0,0,0,0,0,0,0,0,1
123176,0,0,0,0,0,0,0,0,1
123177,0,0,0,0,0,0,0,0,1
123178,0,0,0,0,0,0,0,0,1
123179,0,0,0,0,0,0,0,0,1
123180,0,0,0,0,0,0,0,0,1
123181,0,0,0,0,0,0,0,0,1
123182,0,0,0,0,0,0,0,0,1
123183,0,0,0,0,0,0,0,0,1
123184,0,0,0,0,0,0,0,0,1
123185,0,0,0,0,0,0,0,0,1
123186,0,0,0,0,0,0,0,0,1
123187,0,0,0,0,0,0,0,0,1
123188,0,0,0,0,0,0,0,0,1
123189,0,0,0,0,0,0,0,0,1
123190,0,0,0,0,0,0,0,0,1
123191,0,0,0,0,0,0,0,0,1
123192,0,0,0,0,0,0,0,0,1
123193,0,0,0,0,0,0,0,0,1
123194,0,0,0,0,0,0,0,0,1
123195,0,0,0,0,0,0,0,0,1
123196,0,0,0,0,0,0,0,0,1
123197,0,0,0,0,0,0,0,0,1
123198,0,0,0,0,0,0,0,0,1
123199,0,0,0,0,0,0,0,0,1
123200,0,0,0,0,0,0,0,0,1
123201,0,0,0,0,0,0,0,0,1
123202,0,0,0,0,0,0,0,0,1
123203,0,0,0,0,0,0,0,0,1
123204,0,0,0,0,0,0,0,0,1
123205,0,0,0,0,0,0,0,0,1
123206,0,0,0,0,0,0,0,0,1
123207,0,0,0,0,0,0,0,0,1
123208,0,0,0,0,0,0,0,0,1
123209,0,0,0,0,0,0,0,0,1
123210,0,0,0,0,0,0,0,0,1
123211,0,0,0,0,0,0,0,0,1
123212,0,0,0,0,0,0,0,0,1
123213,0,0,0,0,0,0,0,0,1
123214,0,0,0,0,0,0,0,0,1
123215,0,0,0,0,0,0,0,0,1
123216,0,0,0,0,0,0,0,0,1
123217,0,0,0,0,0,0,0,0,1
123218,0,0,0,0,0,0,0,0,1
123219,0,0,0,0,0,0,0,0,1
123220,0,0,0,0,0,0,0,0,1
123221,0,0,0,0,0,0,0,0,1
123222,0,0,0,0,0,0,0,0,1
123223,0,0,0,0,0,0,0,0,1
123224,0,0,0,0,0,0,0,0,1
123225,0,0,0,0,0,0,0,0,1
123226,0,0,0,0,0,0,0,0,1
123227,0,0,0,0,0,0,0,0,1
123228,0,0,0,0,0,0,0,0,1
123229,0,0,0,0,0,0,0,0,1
123230,0,0,0,0,0,0,0,0,1
123231,0,0,0,0,0,0,0,0,1
123232,0,0,0,0,0,0,0,0,1
123233,0,0,0,0,0,0,0,0,1
123234,0,0,0,0,0,0,0,0,1
123235,0,0,0,0,0,0,0,0,1
123236,0,0,0,0,0,0,0,0,1
123237,0,0,0,0,0,0,0,0,1
123238,0,0,0,0,0,0,0,0,1
123239,0,0,0,0,0,0,0,0,1
123240,0,0,0,0,0,0,0,0,1
123241,0,0,0,0,0,0,0,0,1
123242,0,0,0,0,0,0,0,0,1
123243,0,0,0,0,0,0,0,0,1
123244,0,0,0,0,0,0,0,0,1
123245,0,0,0,0,0,0,0,0,1
123246,0,0,0,0,0,0,0,0,1
123247,0,0,0,0,0,0,0,0,1
123248,0,0,0,0,0,0,0,0,1
123249,0,0,0,0,0,0,0,0,1
123250,0,0,0,0,0,0,0,0,1
123251,0,0,0,0,0,0,0,0,1
123252,0,0,0,0,0,0,0,0,1
123253,0,0,0,0,0,0,0,0,1
123254,0,0,0,0,0,0,0,0,1
123255,0,0,0,0,0,0,0,0,1
123256,0,0,0,0,0,0,0,0,1
123257,0,0,0,0,0,0,0,0,1
123258,0,0,0,0,0,0,0,0,1
123259,0,0,0,0,0,0,0,0,1
123260,0,0,0,0,0,0,0,0,1
123261,0,0,0,0,0,0,0,0,1
123262,0,0,0,0,0,0,0,0,1
123263,0,0,0,0,0,0,0,0,1
123264,0,0,0,0,0,0,0,0,1
123265,0,0,0,0,0,0,0,0,1
123266,0,0,0,0,0,0,0,0,1
123267,0,0,0,0,0,0,0,0,1
123268,0,0,0,0,0,0,0,0,1
123269,0,0,0,0,0,0,0,0,1
123270,0,0,0,0,0,0,0,0,1
123271,0,0,0,0,0,0,0,0,1
123272,0,0,0,0,0,0,0,0,1
123273,0,0,0,0,0,0,0,0,1
123274,0,0,0,0,0,0,0,0,1
123275,0,0,0,0,0,0,0,0,1
123276,0,0,0,0,0,0,0,0,1
123277,0,0,0,0,0,0,0,0,1
123278,0,0,0,0,0,0,0,0,1
123279,0,0,0,0,0,0,0,0,1
123280,0,0,0,0,0,0,0,0,1
123281,0,0,0,0,0,0,0,0,1
123282,0,0,0,0,0,0,0,0,1
123283,0,0,0,0,0,0,0,0,1
123284,0,0,0,0,0,0,0,0,1
123285,0,0,0,0,0,0,0,0,1
123286,0,0,0,0,0,0,0,0,1
123287,0,0,0,0,0,0,0,0,1
123288,0,0,0,0,0,0,0,0,1
123289,0,0,0,0,0,0,0,0,1
123290,0,0,0,0,0,0,0,0,1
123291,0,0,0,0,0,0,0,0,1
123292,0,0,0,0,0,0,0,0,1
123293,0,0,0,0,0,0,0,0,1
123294,0,0,0,0,0,0,0,0,1
123295,0,0,0,0,0,0,0,0,1
123296,0,0,0,0,0,0,0,0,1
123297,0,0,0,0,0,0,0,0,1
123298,0,0,0,0,0,0,0,0,1
123299,0,0,0,0,0,0,0,0,1
123300,0,0,0,0,0,0,0,0,1
123301,0,0,0,0,0,0,0,0,1
123302,0,0,0,0,0,0,0,0,1
123303,0,0,0,0,0,0,0,0,1
123304,0,0,0,0,0,0,0,0,1
123305,0,0,0,0,0,0,0,0,1
123306,0,0,0,0,0,0,0,0,1
123307,0,0,0,0,0,0,0,0,1
123308,0,0,0,0,0,0,0,0,1
123309,0,0,0,0,0,0,0,0,1
123310,0,0,0,0,0,0,0,0,1
123311,0,0,0,0,0,0,0,0,1
123312,0,0,0,0,0,0,0,0,1
123313,0,0,0,0,0,0,0,0,1
123314,0,0,0,0,0,0,0,0,1
123315,0,0,0,0,0,0,0,0,1
123316,0,0,0,0,0,0,0,0,1
123317,0,0,0,0,0,0,0,0,1
123318,0,0,0,0,0,0,0,0,1
123319,0,0,0,0,0,0,0,0,1
123320,0,0,0,0,0,0,0,0,1
123321,0,0,0,0,0,0,0,0,1
123322,0,0,0,0,0,0,0,0,1
123323,0,0,0,0,0,0,0,0,1
123324,0,0,0,0,0,0,0,0,1
123325,0,0,0,0,0,0,0,0,1
123326,0,0,0,0,0,0,0,0,1
123327,0,0,0,0,0,0,0,0,1
123328,0,0,0,0,0,0,0,0,1
123329,0,0,0,0,0,0,0,0,1
123330,0,0,0,0,0,0,0,0,1
123331,0,0,0,0,0,0,0,0,1
123332,0,0,0,0,0,0,0,0,1
123333,0,0,0,0,0,0,0,0,1
123334,0,0,0,0,0,0,0,0,1
123335,0,0,0,0,0,0,0,0,1
123336,0,0,0,0,0,0,0,0,1
123337,0,0,0,0,0,0,0,0,1
123338,0,0,0,0,0,0,0,0,1
123339,0,0,0,0,0,0,0,0,1
123340,0,0,0,0,0,0,0,0,1
123341,0,0,0,0,0,0,0,0,1
123342,0,0,0,0,0,0,0,0,1
123343,0,0,0,0,0,0,0,0,1
123344,0,0,0,0,0,0,0,0,1
123345,0,0,0,0,0,0,0,0,1
123346,0,0,0,0,0,0,0,0,1
123347,0,0,0,0,0,0,0,0,1
123348,0,0,0,0,0,0,0,0,1
123349,0,0,0,0,0,0,0,0,1
123350,0,0,0,0,0,0,0,0,1
123351,0,0,0,0,0,0,0,0,1
123352,0,0,0,0,0,0,0,0,1
123353,0,0,0,0,0,0,0,0,1
123354,0,0,0,0,0,0,0,0,1
123355,0,0,0,0,0,0,0,0,1
123356,0,0,0,0,0,0,0,0,1
123357,0,0,0,0,0,0,0,0,1
123358,0,0,0,0,0,0,0,0,1
123359,0,0,0,0,0,0,0,0,1
123360,0,0,0,0,0,0,0,0,1
123361,0,0,0,0,0,0,0,0,1
123362,0,0,0,0,0,0,0,0,1
123363,0,0,0,0,0,0,0,0,1
123364,0,0,0,0,0,0,0,0,1
123365,0,0,0,0,0,0,0,0,1
123366,0,0,0,0,0,0,0,0,1
123367,0,0,0,0,0,0,0,0,1
123368,0,0,0,0,0,0,0,0,1
123369,0,0,0,0,0,0,0,0,1
123370,0,0,0,0,0,0,0,0,1
123371,0,0,0,0,0,0,0,0,1
123372,0,0,0,0,0,0,0,0,1
123373,0,0,0,0,0,0,0,0,1
123374,0,0,0,0,0,0,0,0,1
123375,0,0,0,0,0,0,0,0,1
123376,0,0,0,0,0,0,0,0,1
123377,0,0,0,0,0,0,0,0,1
123378,0,0,0,0,0,0,0,0,1
123379,0,0,0,0,0,0,0,0,1
123380,0,0,0,0,0,0,0,0,1
123381,0,0,0,0,0,0,0,0,1
123382,0,0,0,0,0,0,0,0,1
123383,0,0,0,0,0,0,0,0,1
123384,0,0,0,0,0,0,0,0,1
123385,0,0,0,0,0,0,0,0,1
123386,0,0,0,0,0,0,0,0,1
123387,0,0,0,0,0,0,0,0,1
123388,0,0,0,0,0,0,0,0,1
123389,0,0,0,0,0,0,0,0,1
123390,0,0,0,0,0,0,0,0,1
123391,0,0,0,0,0,0,0,0,1
123392,0,0,0,0,0,0,0,0,1
123393,0,0,0,0,0,0,0,0,1
123394,0,0,0,0,0,0,0,0,1
123395,0,0,0,0,0,0,0,0,1
123396,0,0,0,0,0,0,0,0,1
123397,0,0,0,0,0,0,0,0,1
123398,0,0,0,0,0,0,0,0,1
123399,0,0,0,0,0,0,0,0,1
123400,0,0,0,0,0,0,0,0,1
123401,0,0,0,0,0,0,0,0,1
123402,0,0,0,0,0,0,0,0,1
123403,0,0,0,0,0,0,0,0,1
123404,0,0,0,0,0,0,0,0,1
123405,0,0,0,0,0,0,0,0,1
123406,0,0,0,0,0,0,0,0,1
123407,0,0,0,0,0,0,0,0,1
123408,0,0,0,0,0,0,0,0,1
123409,0,0,0,0,0,0,0,0,1
123410,0,0,0,0,0,0,0,0,1
123411,0,0,0,0,0,0,0,0,1
123412,0,0,0,0,0,0,0,0,1
123413,0,0,0,0,0,0,0,0,1
123414,0,0,0,0,0,0,0,0,1
123415,0,0,0,0,0,0,0,0,1
123416,0,0,0,0,0,0,0,0,1
123417,0,0,0,0,0,0,0,0,1
123418,0,0,0,0,0,0,0,0,1
123419,0,0,0,0,0,0,0,0,1
123420,0,0,0,0,0,0,0,0,1
123421,0,0,0,0,0,0,0,0,1
123422,0,0,0,0,0,0,0,0,1
123423,0,0,0,0,0,0,0,0,1
123424,0,0,0,0,0,0,0,0,1
123425,0,0,0,0,0,0,0,0,1
123426,0,0,0,0,0,0,0,0,1
123427,0,0,0,0,0,0,0,0,1
123428,0,0,0,0,0,0,0,0,1
123429,0,0,0,0,0,0,0,0,1
123430,0,0,0,0,0,0,0,0,1
123431,0,0,0,0,0,0,0,0,1
123432,0,0,0,0,0,0,0,0,1
123433,0,0,0,0,0,0,0,0,1
123434,0,0,0,0,0,0,0,0,1
123435,0,0,0,0,0,0,0,0,1
123436,0,0,0,0,0,0,0,0,1
123437,0,0,0,0,0,0,0,0,1
123438,0,0,0,0,0,0,0,0,1
123439,0,0,0,0,0,0,0,0,1
123440,0,0,0,0,0,0,0,0,1
123441,0,0,0,0,0,0,0,0,1
123442,0,0,0,0,0,0,0,0,1
123443,0,0,0,0,0,0,0,0,1
123444,0,0,0,0,0,0,0,0,1
123445,0,0,0,0,0,0,0,0,1
123446,0,0,0,0,0,0,0,0,1
123447,0,0,0,0,0,0,0,0,1
123448,0,0,0,0,0,0,0,0,1
123449,0,0,0,0,0,0,0,0,1
123450,0,0,0,0,0,0,0,0,1
123451,0,0,0,0,0,0,0,0,1
123452,0,0,0,0,0,0,0,0,1
123453,0,0,0,0,0,0,0,0,1
123454,0,0,0,0,0,0,0,0,1
123455,0,0,0,0,0,0,0,0,1
123456,0,0,0,0,0,0,0,0,1
123457,0,0,0,0,0,0,0,0,1
123458,0,0,0,0,0,0,0,0,1
123459,0,0,0,0,0,0,0,0,1
123460,0,0,0,0,0,0,0,0,1
123461,0,0,0,0,0,0,0,0,1
123462,0,0,0,0,0,0,0,0,1
123463,0,0,0,0,0,0,0,0,1
123464,0,0,0,0,0,0,0,0,1
123465,0,0,0,0,0,0,0,0,1
123466,0,0,0,0,0,0,0,0,1
123467,0,0,0,0,0,0,0,0,1
123468,0,0,0,0,0,0,0,0,1
123469,0,0,0,0,0,0,0,0,1
123470,0,0,0,0,0,0,0,0,1
123471,0,0,0,0,0,0,0,0,1
123472,0,0,0,0,0,0,0,0,1
123473,0,0,0,0,0,0,0,0,1
123474,0,0,0,0,0,0,0,0,1
123475,0,0,0,0,0,0,0,0,1
123476,0,0,0,0,0,0,0,0,1
123477,0,0,0,0,0,0,0,0,1
123478,0,0,0,0,0,0,0,0,1
123479,0,0,0,0,0,0,0,0,1
123480,0,0,0,0,0,0,0,0,1
123481,0,0,0,0,0,0,0,0,1
123482,0,0,0,0,0,0,0,0,1
123483,0,0,0,0,0,0,0,0,1
123484,0,0,0,0,0,0,0,0,1
123485,0,0,0,0,0,0,0,0,1
123486,0,0,0,0,0,0,0,0,1
123487,0,0,0,0,0,0,0,0,1
123488,0,0,0,0,0,0,0,0,1
123489,0,0,0,0,0,0,0,0,1
123490,0,0,0,0,0,0,0,0,1
123491,0,0,0,0,0,0,0,0,1
123492,0,0,0,0,0,0,0,0,1
123493,0,0,0,0,0,0,0,0,1
123494,0,0,0,0,0,0,0,0,1
123495,0,0,0,0,0,0,0,0,1
123496,0,0,0,0,0,0,0,0,1
123497,0,0,0,0,0,0,0,0,1
123498,0,0,0,0,0,0,0,0,1
123499,0,0,0,0,0,0,0,0,1
123500,0,0,0,0,0,0,0,0,1
123501,0,0,0,0,0,0,0,0,1
123502,0,0,0,0,0,0,0,0,1
123503,0,0,0,0,0,0,0,0,1
123504,0,0,0,0,0,0,0,0,1
123505,0,0,0,0,0,0,0,0,1
123506,0,0,0,0,0,0,0,0,1
123507,0,0,0,0,0,0,0,0,1
123508,0,0,0,0,0,0,0,0,1
123509,0,0,0,0,0,0,0,0,1
123510,0,0,0,0,0,0,0,0,1
123511,0,0,0,0,0,0,0,0,1
123512,0,0,0,0,0,0,0,0,1
123513,0,0,0,0,0,0,0,0,1
123514,0,0,0,0,0,0,0,0,1
123515,0,0,0,0,0,0,0,0,1
123516,0,0,0,0,0,0,0,0,1
123517,0,0,0,0,0,0,0,0,1
123518,0,0,0,0,0,0,0,0,1
123519,0,0,0,0,0,0,0,0,1
123520,0,0,0,0,0,0,0,0,1
123521,0,0,0,0,0,0,0,0,1
123522,0,0,0,0,0,0,0,0,1
123523,0,0,0,0,0,0,0,0,1
123524,0,0,0,0,0,0,0,0,1
123525,0,0,0,0,0,0,0,0,1
123526,0,0,0,0,0,0,0,0,1
123527,0,0,0,0,0,0,0,0,1
123528,0,0,0,0,0,0,0,0,1
123529,0,0,0,0,0,0,0,0,1
123530,0,0,0,0,0,0,0,0,1
123531,0,0,0,0,0,0,0,0,1
123532,0,0,0,0,0,0,0,0,1
123533,0,0,0,0,0,0,0,0,1
123534,0,0,0,0,0,0,0,0,1
123535,0,0,0,0,0,0,0,0,1
123536,0,0,0,0,0,0,0,0,1
123537,0,0,0,0,0,0,0,0,1
123538,0,0,0,0,0,0,0,0,1
123539,0,0,0,0,0,0,0,0,1
123540,0,0,0,0,0,0,0,0,1
123541,0,0,0,0,0,0,0,0,1
123542,0,0,0,0,0,0,0,0,1
123543,0,0,0,0,0,0,0,0,1
123544,0,0,0,0,0,0,0,0,1
123545,0,0,0,0,0,0,0,0,1
123546,0,0,0,0,0,0,0,0,1
123547,0,0,0,0,0,0,0,0,1
123548,0,0,0,0,0,0,0,0,1
123549,0,0,0,0,0,0,0,0,1
123550,0,0,0,0,0,0,0,0,1
123551,0,0,0,0,0,0,0,0,1
123552,0,0,0,0,0,0,0,0,1
123553,0,0,0,0,0,0,0,0,1
123554,0,0,0,0,0,0,0,0,1
123555,0,0,0,0,0,0,0,0,1
123556,0,0,0,0,0,0,0,0,1
123557,0,0,0,0,0,0,0,0,1
123558,0,0,0,0,0,0,0,0,1
123559,0,0,0,0,0,0,0,0,1
123560,0,0,0,0,0,0,0,0,1
123561,0,0,0,0,0,0,0,0,1
123562,0,0,0,0,0,0,0,0,1
123563,0,0,0,0,0,0,0,0,1
123564,0,0,0,0,0,0,0,0,1
123565,0,0,0,0,0,0,0,0,1
123566,0,0,0,0,0,0,0,0,1
123567,0,0,0,0,0,0,0,0,1
123568,0,0,0,0,0,0,0,0,1
123569,0,0,0,0,0,0,0,0,1
123570,0,0,0,0,0,0,0,0,1
123571,0,0,0,0,0,0,0,0,1
123572,0,0,0,0,0,0,0,0,1
123573,0,0,0,0,0,0,0,0,1
123574,0,0,0,0,0,0,0,0,1
123575,0,0,0,0,0,0,0,0,1
123576,0,0,0,0,0,0,0,0,1
123577,0,0,0,0,0,0,0,0,1
123578,0,0,0,0,0,0,0,0,1
123579,0,0,0,0,0,0,0,0,1
123580,0,0,0,0,0,0,0,0,1
123581,0,0,0,0,0,0,0,0,1
123582,0,0,0,0,0,0,0,0,1
123583,0,0,0,0,0,0,0,0,1
123584,0,0,0,0,0,0,0,0,1
123585,0,0,0,0,0,0,0,0,1
123586,0,0,0,0,0,0,0,0,1
123587,0,0,0,0,0,0,0,0,1
123588,0,0,0,0,0,0,0,0,1
123589,0,0,0,0,0,0,0,0,1
123590,0,0,0,0,0,0,0,0,1
123591,0,0,0,0,0,0,0,0,1
123592,0,0,0,0,0,0,0,0,1
123593,0,0,0,0,0,0,0,0,1
123594,0,0,0,0,0,0,0,0,1
123595,0,0,0,0,0,0,0,0,1
123596,0,0,0,0,0,0,0,0,1
123597,0,0,0,0,0,0,0,0,1
123598,0,0,0,0,0,0,0,0,1
123599,0,0,0,0,0,0,0,0,1
123600,0,0,0,0,0,0,0,0,1
123601,0,0,0,0,0,0,0,0,1
123602,0,0,0,0,0,0,0,0,1
123603,0,0,0,0,0,0,0,0,1
123604,0,0,0,0,0,0,0,0,1
123605,0,0,0,0,0,0,0,0,1
123606,0,0,0,0,0,0,0,0,1
123607,0,0,0,0,0,0,0,0,1
123608,0,0,0,0,0,0,0,0,1
123609,0,0,0,0,0,0,0,0,1
123610,0,0,0,0,0,0,0,0,1
123611,0,0,0,0,0,0,0,0,1
123612,0,0,0,0,0,0,0,0,1
123613,0,0,0,0,0,0,0,0,1
123614,0,0,0,0,0,0,0,0,1
123615,0,0,0,0,0,0,0,0,1
123616,0,0,0,0,0,0,0,0,1
123617,0,0,0,0,0,0,0,0,1
123618,0,0,0,0,0,0,0,0,1
123619,0,0,0,0,0,0,0,0,1
123620,0,0,0,0,0,0,0,0,1
123621,0,0,0,0,0,0,0,0,1
123622,0,0,0,0,0,0,0,0,1
123623,0,0,0,0,0,0,0,0,1
123624,0,0,0,0,0,0,0,0,1
123625,0,0,0,0,0,0,0,0,1
123626,0,0,0,0,0,0,0,0,1
123627,0,0,0,0,0,0,0,0,1
123628,0,0,0,0,0,0,0,0,1
123629,0,0,0,0,0,0,0,0,1
123630,0,0,0,0,0,0,0,0,1
123631,0,0,0,0,0,0,0,0,1
123632,0,0,0,0,0,0,0,0,1
123633,0,0,0,0,0,0,0,0,1
123634,0,0,0,0,0,0,0,0,1
123635,0,0,0,0,0,0,0,0,1
123636,0,0,0,0,0,0,0,0,1
123637,0,0,0,0,0,0,0,0,1
123638,0,0,0,0,0,0,0,0,1
123639,0,0,0,0,0,0,0,0,1
123640,0,0,0,0,0,0,0,0,1
123641,0,0,0,0,0,0,0,0,1
123642,0,0,0,0,0,0,0,0,1
123643,0,0,0,0,0,0,0,0,1
123644,0,0,0,0,0,0,0,0,1
123645,0,0,0,0,0,0,0,0,1
123646,0,0,0,0,0,0,0,0,1
123647,0,0,0,0,0,0,0,0,1
123648,0,0,0,0,0,0,0,0,1
123649,0,0,0,0,0,0,0,0,1
123650,0,0,0,0,0,0,0,0,1
123651,0,0,0,0,0,0,0,0,1
123652,0,0,0,0,0,0,0,0,1
123653,0,0,0,0,0,0,0,0,1
123654,0,0,0,0,0,0,0,0,1
123655,0,0,0,0,0,0,0,0,1
123656,0,0,0,0,0,0,0,0,1
123657,0,0,0,0,0,0,0,0,1
123658,0,0,0,0,0,0,0,0,1
123659,0,0,0,0,0,0,0,0,1
123660,0,0,0,0,0,0,0,0,1
123661,0,0,0,0,0,0,0,0,1
123662,0,0,0,0,0,0,0,0,1
123663,0,0,0,0,0,0,0,0,1
123664,0,0,0,0,0,0,0,0,1
123665,0,0,0,0,0,0,0,0,1
123666,0,0,0,0,0,0,0,0,1
123667,0,0,0,0,0,0,0,0,1
123668,0,0,0,0,0,0,0,0,1
123669,0,0,0,0,0,0,0,0,1
123670,0,0,0,0,0,0,0,0,1
123671,0,0,0,0,0,0,0,0,1
123672,0,0,0,0,0,0,0,0,1
123673,0,0,0,0,0,0,0,0,1
123674,0,0,0,0,0,0,0,0,1
123675,0,0,0,0,0,0,0,0,1
123676,0,0,0,0,0,0,0,0,1
123677,0,0,0,0,0,0,0,0,1
123678,0,0,0,0,0,0,0,0,1
123679,0,0,0,0,0,0,0,0,1
123680,0,0,0,0,0,0,0,0,1
123681,0,0,0,0,0,0,0,0,1
123682,0,0,0,0,0,0,0,0,1
123683,0,0,0,0,0,0,0,0,1
123684,0,0,0,0,0,0,0,0,1
123685,0,0,0,0,0,0,0,0,1
123686,0,0,0,0,0,0,0,0,1
123687,0,0,0,0,0,0,0,0,1
123688,0,0,0,0,0,0,0,0,1
123689,0,0,0,0,0,0,0,0,1
123690,0,0,0,0,0,0,0,0,1
123691,0,0,0,0,0,0,0,0,1
123692,0,0,0,0,0,0,0,0,1
123693,0,0,0,0,0,0,0,0,1
123694,0,0,0,0,0,0,0,0,1
123695,0,0,0,0,0,0,0,0,1
123696,0,0,0,0,0,0,0,0,1
123697,0,0,0,0,0,0,0,0,1
123698,0,0,0,0,0,0,0,0,1
123699,0,0,0,0,0,0,0,0,1
123700,0,0,0,0,0,0,0,0,1
123701,0,0,0,0,0,0,0,0,1
123702,0,0,0,0,0,0,0,0,1
123703,0,0,0,0,0,0,0,0,1
123704,0,0,0,0,0,0,0,0,1
123705,0,0,0,0,0,0,0,0,1
123706,0,0,0,0,0,0,0,0,1
123707,0,0,0,0,0,0,0,0,1
123708,0,0,0,0,0,0,0,0,1
123709,0,0,0,0,0,0,0,0,1
123710,0,0,0,0,0,0,0,0,1
123711,0,0,0,0,0,0,0,0,1
123712,0,0,0,0,0,0,0,0,1
123713,0,0,0,0,0,0,0,0,1
123714,0,0,0,0,0,0,0,0,1
123715,0,0,0,0,0,0,0,0,1
123716,0,0,0,0,0,0,0,0,1
123717,0,0,0,0,0,0,0,0,1
123718,0,0,0,0,0,0,0,0,1
123719,0,0,0,0,0,0,0,0,1
123720,0,0,0,0,0,0,0,0,1
123721,0,0,0,0,0,0,0,0,1
123722,0,0,0,0,0,0,0,0,1
123723,0,0,0,0,0,0,0,0,1
123724,0,0,0,0,0,0,0,0,1
123725,0,0,0,0,0,0,0,0,1
123726,0,0,0,0,0,0,0,0,1
123727,0,0,0,0,0,0,0,0,1
123728,0,0,0,0,0,0,0,0,1
123729,0,0,0,0,0,0,0,0,1
123730,0,0,0,0,0,0,0,0,1
123731,0,0,0,0,0,0,0,0,1
123732,0,0,0,0,0,0,0,0,1
123733,0,0,0,0,0,0,0,0,1
123734,0,0,0,0,0,0,0,0,1
123735,0,0,0,0,0,0,0,0,1
123736,0,0,0,0,0,0,0,0,1
123737,0,0,0,0,0,0,0,0,1
123738,0,0,0,0,0,0,0,0,1
123739,0,0,0,0,0,0,0,0,1
123740,0,0,0,0,0,0,0,0,1
123741,0,0,0,0,0,0,0,0,1
123742,0,0,0,0,0,0,0,0,1
123743,0,0,0,0,0,0,0,0,1
123744,0,0,0,0,0,0,0,0,1
123745,0,0,0,0,0,0,0,0,1
123746,0,0,0,0,0,0,0,0,1
123747,0,0,0,0,0,0,0,0,1
123748,0,0,0,0,0,0,0,0,1
123749,0,0,0,0,0,0,0,0,1
123750,0,0,0,0,0,0,0,0,1
123751,0,0,0,0,0,0,0,0,1
123752,0,0,0,0,0,0,0,0,1
123753,0,0,0,0,0,0,0,0,1
123754,0,0,0,0,0,0,0,0,1
123755,0,0,0,0,0,0,0,0,1
123756,0,0,0,0,0,0,0,0,1
123757,0,0,0,0,0,0,0,0,1
123758,0,0,0,0,0,0,0,0,1
123759,0,0,0,0,0,0,0,0,1
123760,0,0,0,0,0,0,0,0,1
123761,0,0,0,0,0,0,0,0,1
123762,0,0,0,0,0,0,0,0,1
123763,0,0,0,0,0,0,0,0,1
123764,0,0,0,0,0,0,0,0,1
123765,0,0,0,0,0,0,0,0,1
123766,0,0,0,0,0,0,0,0,1
123767,0,0,0,0,0,0,0,0,1
123768,0,0,0,0,0,0,0,0,1
123769,0,0,0,0,0,0,0,0,1
123770,0,0,0,0,0,0,0,0,1
123771,0,0,0,0,0,0,0,0,1
123772,0,0,0,0,0,0,0,0,1
123773,0,0,0,0,0,0,0,0,1
123774,0,0,0,0,0,0,0,0,1
123775,0,0,0,0,0,0,0,0,1
123776,0,0,0,0,0,0,0,0,1
123777,0,0,0,0,0,0,0,0,1
123778,0,0,0,0,0,0,0,0,1
123779,0,0,0,0,0,0,0,0,1
123780,0,0,0,0,0,0,0,0,1
123781,0,0,0,0,0,0,0,0,1
123782,0,0,0,0,0,0,0,0,1
123783,0,0,0,0,0,0,0,0,1
123784,0,0,0,0,0,0,0,0,1
123785,0,0,0,0,0,0,0,0,1
123786,0,0,0,0,0,0,0,0,1
123787,0,0,0,0,0,0,0,0,1
123788,0,0,0,0,0,0,0,0,1
123789,0,0,0,0,0,0,0,0,1
123790,0,0,0,0,0,0,0,0,1
123791,0,0,0,0,0,0,0,0,1
123792,0,0,0,0,0,0,0,0,1
123793,0,0,0,0,0,0,0,0,1
123794,0,0,0,0,0,0,0,0,1
123795,0,0,0,0,0,0,0,0,1
123796,0,0,0,0,0,0,0,0,1
123797,0,0,0,0,0,0,0,0,1
123798,0,0,0,0,0,0,0,0,1
123799,0,0,0,0,0,0,0,0,1
123800,0,0,0,0,0,0,0,0,1
123801,0,0,0,0,0,0,0,0,1
123802,0,0,0,0,0,0,0,0,1
123803,0,0,0,0,0,0,0,0,1
123804,0,0,0,0,0,0,0,0,1
123805,0,0,0,0,0,0,0,0,1
123806,0,0,0,0,0,0,0,0,1
123807,0,0,0,0,0,0,0,0,1
123808,0,0,0,0,0,0,0,0,1
123809,0,0,0,0,0,0,0,0,1
123810,0,0,0,0,0,0,0,0,1
123811,0,0,0,0,0,0,0,0,1
123812,0,0,0,0,0,0,0,0,1
123813,0,0,0,0,0,0,0,0,1
123814,0,0,0,0,0,0,0,0,1
123815,0,0,0,0,0,0,0,0,1
123816,0,0,0,0,0,0,0,0,1
123817,0,0,0,0,0,0,0,0,1
123818,0,0,0,0,0,0,0,0,1
123819,0,0,0,0,0,0,0,0,1
123820,0,0,0,0,0,0,0,0,1
123821,0,0,0,0,0,0,0,0,1
123822,0,0,0,0,0,0,0,0,1
123823,0,0,0,0,0,0,0,0,1
123824,0,0,0,0,0,0,0,0,1
123825,0,0,0,0,0,0,0,0,1
123826,0,0,0,0,0,0,0,0,1
123827,0,0,0,0,0,0,0,0,1
123828,0,0,0,0,0,0,0,0,1
123829,0,0,0,0,0,0,0,0,1
123830,0,0,0,0,0,0,0,0,1
123831,0,0,0,0,0,0,0,0,1
123832,0,0,0,0,0,0,0,0,1
123833,0,0,0,0,0,0,0,0,1
123834,0,0,0,0,0,0,0,0,1
123835,0,0,0,0,0,0,0,0,1
123836,0,0,0,0,0,0,0,0,1
123837,0,0,0,0,0,0,0,0,1
123838,0,0,0,0,0,0,0,0,1
123839,0,0,0,0,0,0,0,0,1
123840,0,0,0,0,0,0,0,0,1
123841,0,0,0,0,0,0,0,0,1
123842,0,0,0,0,0,0,0,0,1
123843,0,0,0,0,0,0,0,0,1
123844,0,0,0,0,0,0,0,0,1
123845,0,0,0,0,0,0,0,0,1
123846,0,0,0,0,0,0,0,0,1
123847,0,0,0,0,0,0,0,0,1
123848,0,0,0,0,0,0,0,0,1
123849,0,0,0,0,0,0,0,0,1
123850,0,0,0,0,0,0,0,0,1
123851,0,0,0,0,0,0,0,0,1
123852,0,0,0,0,0,0,0,0,1
123853,0,0,0,0,0,0,0,0,1
123854,0,0,0,0,0,0,0,0,1
123855,0,0,0,0,0,0,0,0,1
123856,0,0,0,0,0,0,0,0,1
123857,0,0,0,0,0,0,0,0,1
123858,0,0,0,0,0,0,0,0,1
123859,0,0,0,0,0,0,0,0,1
123860,0,0,0,0,0,0,0,0,1
123861,0,0,0,0,0,0,0,0,1
123862,0,0,0,0,0,0,0,0,1
123863,0,0,0,0,0,0,0,0,1
123864,0,0,0,0,0,0,0,0,1
123865,0,0,0,0,0,0,0,0,1
123866,0,0,0,0,0,0,0,0,1
123867,0,0,0,0,0,0,0,0,1
123868,0,0,0,0,0,0,0,0,1
123869,0,0,0,0,0,0,0,0,1
123870,0,0,0,0,0,0,0,0,1
123871,0,0,0,0,0,0,0,0,1
123872,0,0,0,0,0,0,0,0,1
123873,0,0,0,0,0,0,0,0,1
123874,0,0,0,0,0,0,0,0,1
123875,0,0,0,0,0,0,0,0,1
123876,0,0,0,0,0,0,0,0,1
123877,0,0,0,0,0,0,0,0,1
123878,0,0,0,0,0,0,0,0,1
123879,0,0,0,0,0,0,0,0,1
123880,0,0,0,0,0,0,0,0,1
123881,0,0,0,0,0,0,0,0,1
123882,0,0,0,0,0,0,0,0,1
123883,0,0,0,0,0,0,0,0,1
123884,0,0,0,0,0,0,0,0,1
123885,0,0,0,0,0,0,0,0,1
123886,0,0,0,0,0,0,0,0,1
123887,0,0,0,0,0,0,0,0,1
123888,0,0,0,0,0,0,0,0,1
123889,0,0,0,0,0,0,0,0,1
123890,0,0,0,0,0,0,0,0,1
123891,0,0,0,0,0,0,0,0,1
123892,0,0,0,0,0,0,0,0,1
123893,0,0,0,0,0,0,0,0,1
123894,0,0,0,0,0,0,0,0,1
123895,0,0,0,0,0,0,0,0,1
123896,0,0,0,0,0,0,0,0,1
123897,0,0,0,0,0,0,0,0,1
123898,0,0,0,0,0,0,0,0,1
123899,0,0,0,0,0,0,0,0,1
123900,0,0,0,0,0,0,0,0,1
123901,0,0,0,0,0,0,0,0,1
123902,0,0,0,0,0,0,0,0,1
123903,0,0,0,0,0,0,0,0,1
123904,0,0,0,0,0,0,0,0,1
123905,0,0,0,0,0,0,0,0,1
123906,0,0,0,0,0,0,0,0,1
123907,0,0,0,0,0,0,0,0,1
123908,0,0,0,0,0,0,0,0,1
123909,0,0,0,0,0,0,0,0,1
123910,0,0,0,0,0,0,0,0,1
123911,0,0,0,0,0,0,0,0,1
123912,0,0,0,0,0,0,0,0,1
123913,0,0,0,0,0,0,0,0,1
123914,0,0,0,0,0,0,0,0,1
123915,0,0,0,0,0,0,0,0,1
123916,0,0,0,0,0,0,0,0,1
123917,0,0,0,0,0,0,0,0,1
123918,0,0,0,0,0,0,0,0,1
123919,0,0,0,0,0,0,0,0,1
123920,0,0,0,0,0,0,0,0,1
123921,0,0,0,0,0,0,0,0,1
123922,0,0,0,0,0,0,0,0,1
123923,0,0,0,0,0,0,0,0,1
123924,0,0,0,0,0,0,0,0,1
123925,0,0,0,0,0,0,0,0,1
123926,0,0,0,0,0,0,0,0,1
123927,0,0,0,0,0,0,0,0,1
123928,0,0,0,0,0,0,0,0,1
123929,0,0,0,0,0,0,0,0,1
123930,0,0,0,0,0,0,0,0,1
123931,0,0,0,0,0,0,0,0,1
123932,0,0,0,0,0,0,0,0,1
123933,0,0,0,0,0,0,0,0,1
123934,0,0,0,0,0,0,0,0,1
123935,0,0,0,0,0,0,0,0,1
123936,0,0,0,0,0,0,0,0,1
123937,0,0,0,0,0,0,0,0,1
123938,0,0,0,0,0,0,0,0,1
123939,0,0,0,0,0,0,0,0,1
123940,0,0,0,0,0,0,0,0,1
123941,0,0,0,0,0,0,0,0,1
123942,0,0,0,0,0,0,0,0,1
123943,0,0,0,0,0,0,0,0,1
123944,0,0,0,0,0,0,0,0,1
123945,0,0,0,0,0,0,0,0,1
123946,0,0,0,0,0,0,0,0,1
123947,0,0,0,0,0,0,0,0,1
123948,0,0,0,0,0,0,0,0,1
123949,0,0,0,0,0,0,0,0,1
123950,0,0,0,0,0,0,0,0,1
123951,0,0,0,0,0,0,0,0,1
123952,0,0,0,0,0,0,0,0,1
123953,0,0,0,0,0,0,0,0,1
123954,0,0,0,0,0,0,0,0,1
123955,0,0,0,0,0,0,0,0,1
123956,0,0,0,0,0,0,0,0,1
123957,0,0,0,0,0,0,0,0,1
123958,0,0,0,0,0,0,0,0,1
123959,0,0,0,0,0,0,0,0,1
123960,0,0,0,0,0,0,0,0,1
123961,0,0,0,0,0,0,0,0,1
123962,0,0,0,0,0,0,0,0,1
123963,0,0,0,0,0,0,0,0,1
123964,0,0,0,0,0,0,0,0,1
123965,0,0,0,0,0,0,0,0,1
123966,0,0,0,0,0,0,0,0,1
123967,0,0,0,0,0,0,0,0,1
123968,0,0,0,0,0,0,0,0,1
123969,0,0,0,0,0,0,0,0,1
123970,0,0,0,0,0,0,0,0,1
123971,0,0,0,0,0,0,0,0,1
123972,0,0,0,0,0,0,0,0,1
123973,0,0,0,0,0,0,0,0,1
123974,0,0,0,0,0,0,0,0,1
123975,0,0,0,0,0,0,0,0,1
123976,0,0,0,0,0,0,0,0,1
123977,0,0,0,0,0,0,0,0,1
123978,0,0,0,0,0,0,0,0,1
123979,0,0,0,0,0,0,0,0,1
123980,0,0,0,0,0,0,0,0,1
123981,0,0,0,0,0,0,0,0,1
123982,0,0,0,0,0,0,0,0,1
123983,0,0,0,0,0,0,0,0,1
123984,0,0,0,0,0,0,0,0,1
123985,0,0,0,0,0,0,0,0,1
123986,0,0,0,0,0,0,0,0,1
123987,0,0,0,0,0,0,0,0,1
123988,0,0,0,0,0,0,0,0,1
123989,0,0,0,0,0,0,0,0,1
123990,0,0,0,0,0,0,0,0,1
123991,0,0,0,0,0,0,0,0,1
123992,0,0,0,0,0,0,0,0,1
123993,0,0,0,0,0,0,0,0,1
123994,0,0,0,0,0,0,0,0,1
123995,0,0,0,0,0,0,0,0,1
123996,0,0,0,0,0,0,0,0,1
123997,0,0,0,0,0,0,0,0,1
123998,0,0,0,0,0,0,0,0,1
123999,0,0,0,0,0,0,0,0,1
124000,0,0,0,0,0,0,0,0,1
124001,0,0,0,0,0,0,0,0,1
124002,0,0,0,0,0,0,0,0,1
124003,0,0,0,0,0,0,0,0,1
124004,0,0,0,0,0,0,0,0,1
124005,0,0,0,0,0,0,0,0,1
124006,0,0,0,0,0,0,0,0,1
124007,0,0,0,0,0,0,0,0,1
124008,0,0,0,0,0,0,0,0,1
124009,0,0,0,0,0,0,0,0,1
124010,0,0,0,0,0,0,0,0,1
124011,0,0,0,0,0,0,0,0,1
124012,0,0,0,0,0,0,0,0,1
124013,0,0,0,0,0,0,0,0,1
124014,0,0,0,0,0,0,0,0,1
124015,0,0,0,0,0,0,0,0,1
124016,0,0,0,0,0,0,0,0,1
124017,0,0,0,0,0,0,0,0,1
124018,0,0,0,0,0,0,0,0,1
124019,0,0,0,0,0,0,0,0,1
124020,0,0,0,0,0,0,0,0,1
124021,0,0,0,0,0,0,0,0,1
124022,0,0,0,0,0,0,0,0,1
124023,0,0,0,0,0,0,0,0,1
124024,0,0,0,0,0,0,0,0,1
124025,0,0,0,0,0,0,0,0,1
124026,0,0,0,0,0,0,0,0,1
124027,0,0,0,0,0,0,0,0,1
124028,0,0,0,0,0,0,0,0,1
124029,0,0,0,0,0,0,0,0,1
124030,0,0,0,0,0,0,0,0,1
124031,0,0,0,0,0,0,0,0,1
124032,0,0,0,0,0,0,0,0,1
124033,0,0,0,0,0,0,0,0,1
124034,0,0,0,0,0,0,0,0,1
124035,0,0,0,0,0,0,0,0,1
124036,0,0,0,0,0,0,0,0,1
124037,0,0,0,0,0,0,0,0,1
124038,0,0,0,0,0,0,0,0,1
124039,0,0,0,0,0,0,0,0,1
124040,0,0,0,0,0,0,0,0,1
124041,0,0,0,0,0,0,0,0,1
124042,0,0,0,0,0,0,0,0,1
124043,0,0,0,0,0,0,0,0,1
124044,0,0,0,0,0,0,0,0,1
124045,0,0,0,0,0,0,0,0,1
124046,0,0,0,0,0,0,0,0,1
124047,0,0,0,0,0,0,0,0,1
124048,0,0,0,0,0,0,0,0,1
124049,0,0,0,0,0,0,0,0,1
124050,0,0,0,0,0,0,0,0,1
124051,0,0,0,0,0,0,0,0,1
124052,0,0,0,0,0,0,0,0,1
124053,0,0,0,0,0,0,0,0,1
124054,0,0,0,0,0,0,0,0,1
124055,0,0,0,0,0,0,0,0,1
124056,0,0,0,0,0,0,0,0,1
124057,0,0,0,0,0,0,0,0,1
124058,0,0,0,0,0,0,0,0,1
124059,0,0,0,0,0,0,0,0,1
124060,0,0,0,0,0,0,0,0,1
124061,0,0,0,0,0,0,0,0,1
124062,0,0,0,0,0,0,0,0,1
124063,0,0,0,0,0,0,0,0,1
124064,0,0,0,0,0,0,0,0,1
124065,0,0,0,0,0,0,0,0,1
124066,0,0,0,0,0,0,0,0,1
124067,0,0,0,0,0,0,0,0,1
124068,0,0,0,0,0,0,0,0,1
124069,0,0,0,0,0,0,0,0,1
124070,0,0,0,0,0,0,0,0,1
124071,0,0,0,0,0,0,0,0,1
124072,0,0,0,0,0,0,0,0,1
124073,0,0,0,0,0,0,0,0,1
124074,0,0,0,0,0,0,0,0,1
124075,0,0,0,0,0,0,0,0,1
124076,0,0,0,0,0,0,0,0,1
124077,0,0,0,0,0,0,0,0,1
124078,0,0,0,0,0,0,0,0,1
124079,0,0,0,0,0,0,0,0,1
124080,0,0,0,0,0,0,0,0,1
124081,0,0,0,0,0,0,0,0,1
124082,0,0,0,0,0,0,0,0,1
124083,0,0,0,0,0,0,0,0,1
124084,0,0,0,0,0,0,0,0,1
124085,0,0,0,0,0,0,0,0,1
124086,0,0,0,0,0,0,0,0,1
124087,0,0,0,0,0,0,0,0,1
124088,0,0,0,0,0,0,0,0,1
124089,0,0,0,0,0,0,0,0,1
124090,0,0,0,0,0,0,0,0,1
124091,0,0,0,0,0,0,0,0,1
124092,0,0,0,0,0,0,0,0,1
124093,0,0,0,0,0,0,0,0,1
124094,0,0,0,0,0,0,0,0,1
124095,0,0,0,0,0,0,0,0,1
124096,0,0,0,0,0,0,0,0,1
124097,0,0,0,0,0,0,0,0,1
124098,0,0,0,0,0,0,0,0,1
124099,0,0,0,0,0,0,0,0,1
124100,0,0,0,0,0,0,0,0,1
124101,0,0,0,0,0,0,0,0,1
124102,0,0,0,0,0,0,0,0,1
124103,0,0,0,0,0,0,0,0,1
124104,0,0,0,0,0,0,0,0,1
124105,0,0,0,0,0,0,0,0,1
124106,0,0,0,0,0,0,0,0,1
124107,0,0,0,0,0,0,0,0,1
124108,0,0,0,0,0,0,0,0,1
124109,0,0,0,0,0,0,0,0,1
124110,0,0,0,0,0,0,0,0,1
124111,0,0,0,0,0,0,0,0,1
124112,0,0,0,0,0,0,0,0,1
124113,0,0,0,0,0,0,0,0,1
124114,0,0,0,0,0,0,0,0,1
124115,0,0,0,0,0,0,0,0,1
124116,0,0,0,0,0,0,0,0,1
124117,0,0,0,0,0,0,0,0,1
124118,0,0,0,0,0,0,0,0,1
124119,0,0,0,0,0,0,0,0,1
124120,0,0,0,0,0,0,0,0,1
124121,0,0,0,0,0,0,0,0,1
124122,0,0,0,0,0,0,0,0,1
124123,0,0,0,0,0,0,0,0,1
124124,0,0,0,0,0,0,0,0,1
124125,0,0,0,0,0,0,0,0,1
124126,0,0,0,0,0,0,0,0,1
124127,0,0,0,0,0,0,0,0,1
124128,0,0,0,0,0,0,0,0,1
124129,0,0,0,0,0,0,0,0,1
124130,0,0,0,0,0,0,0,0,1
124131,0,0,0,0,0,0,0,0,1
124132,0,0,0,0,0,0,0,0,1
124133,0,0,0,0,0,0,0,0,1
124134,0,0,0,0,0,0,0,0,1
124135,0,0,0,0,0,0,0,0,1
124136,0,0,0,0,0,0,0,0,1
124137,0,0,0,0,0,0,0,0,1
124138,0,0,0,0,0,0,0,0,1
124139,0,0,0,0,0,0,0,0,1
124140,0,0,0,0,0,0,0,0,1
124141,0,0,0,0,0,0,0,0,1
124142,0,0,0,0,0,0,0,0,1
124143,0,0,0,0,0,0,0,0,1
124144,0,0,0,0,0,0,0,0,1
124145,0,0,0,0,0,0,0,0,1
124146,0,0,0,0,0,0,0,0,1
124147,0,0,0,0,0,0,0,0,1
124148,0,0,0,0,0,0,0,0,1
124149,0,0,0,0,0,0,0,0,1
124150,0,0,0,0,0,0,0,0,1
124151,0,0,0,0,0,0,0,0,1
124152,0,0,0,0,0,0,0,0,1
124153,0,0,0,0,0,0,0,0,1
124154,0,0,0,0,0,0,0,0,1
124155,0,0,0,0,0,0,0,0,1
124156,0,0,0,0,0,0,0,0,1
124157,0,0,0,0,0,0,0,0,1
124158,0,0,0,0,0,0,0,0,1
124159,0,0,0,0,0,0,0,0,1
124160,0,0,0,0,0,0,0,0,1
124161,0,0,0,0,0,0,0,0,1
124162,0,0,0,0,0,0,0,0,1
124163,0,0,0,0,0,0,0,0,1
124164,0,0,0,0,0,0,0,0,1
124165,0,0,0,0,0,0,0,0,1
124166,0,0,0,0,0,0,0,0,1
124167,0,0,0,0,0,0,0,0,1
124168,0,0,0,0,0,0,0,0,1
124169,0,0,0,0,0,0,0,0,1
124170,0,0,0,0,0,0,0,0,1
124171,0,0,0,0,0,0,0,0,1
124172,0,0,0,0,0,0,0,0,1
124173,0,0,0,0,0,0,0,0,1
124174,0,0,0,0,0,0,0,0,1
124175,0,0,0,0,0,0,0,0,1
124176,0,0,0,0,0,0,0,0,1
124177,0,0,0,0,0,0,0,0,1
124178,0,0,0,0,0,0,0,0,1
124179,0,0,0,0,0,0,0,0,1
124180,0,0,0,0,0,0,0,0,1
124181,0,0,0,0,0,0,0,0,1
124182,0,0,0,0,0,0,0,0,1
124183,0,0,0,0,0,0,0,0,1
124184,0,0,0,0,0,0,0,0,1
124185,0,0,0,0,0,0,0,0,1
124186,0,0,0,0,0,0,0,0,1
124187,0,0,0,0,0,0,0,0,1
124188,0,0,0,0,0,0,0,0,1
124189,0,0,0,0,0,0,0,0,1
124190,0,0,0,0,0,0,0,0,1
124191,0,0,0,0,0,0,0,0,1
124192,0,0,0,0,0,0,0,0,1
124193,0,0,0,0,0,0,0,0,1
124194,0,0,0,0,0,0,0,0,1
124195,0,0,0,0,0,0,0,0,1
124196,0,0,0,0,0,0,0,0,1
124197,0,0,0,0,0,0,0,0,1
124198,0,0,0,0,0,0,0,0,1
124199,0,0,0,0,0,0,0,0,1
124200,0,0,0,0,0,0,0,0,1
124201,0,0,0,0,0,0,0,0,1
124202,0,0,0,0,0,0,0,0,1
124203,0,0,0,0,0,0,0,0,1
124204,0,0,0,0,0,0,0,0,1
124205,0,0,0,0,0,0,0,0,1
124206,0,0,0,0,0,0,0,0,1
124207,0,0,0,0,0,0,0,0,1
124208,0,0,0,0,0,0,0,0,1
124209,0,0,0,0,0,0,0,0,1
124210,0,0,0,0,0,0,0,0,1
124211,0,0,0,0,0,0,0,0,1
124212,0,0,0,0,0,0,0,0,1
124213,0,0,0,0,0,0,0,0,1
124214,0,0,0,0,0,0,0,0,1
124215,0,0,0,0,0,0,0,0,1
124216,0,0,0,0,0,0,0,0,1
124217,0,0,0,0,0,0,0,0,1
124218,0,0,0,0,0,0,0,0,1
124219,0,0,0,0,0,0,0,0,1
124220,0,0,0,0,0,0,0,0,1
124221,0,0,0,0,0,0,0,0,1
124222,0,0,0,0,0,0,0,0,1
124223,0,0,0,0,0,0,0,0,1
124224,0,0,0,0,0,0,0,0,1
124225,0,0,0,0,0,0,0,0,1
124226,0,0,0,0,0,0,0,0,1
124227,0,0,0,0,0,0,0,0,1
124228,0,0,0,0,0,0,0,0,1
124229,0,0,0,0,0,0,0,0,1
124230,0,0,0,0,0,0,0,0,1
124231,0,0,0,0,0,0,0,0,1
124232,0,0,0,0,0,0,0,0,1
124233,0,0,0,0,0,0,0,0,1
124234,0,0,0,0,0,0,0,0,1
124235,0,0,0,0,0,0,0,0,1
124236,0,0,0,0,0,0,0,0,1
124237,0,0,0,0,0,0,0,0,1
124238,0,0,0,0,0,0,0,0,1
124239,0,0,0,0,0,0,0,0,1
124240,0,0,0,0,0,0,0,0,1
124241,0,0,0,0,0,0,0,0,1
124242,0,0,0,0,0,0,0,0,1
124243,0,0,0,0,0,0,0,0,1
124244,0,0,0,0,0,0,0,0,1
124245,0,0,0,0,0,0,0,0,1
124246,0,0,0,0,0,0,0,0,1
124247,0,0,0,0,0,0,0,0,1
124248,0,0,0,0,0,0,0,0,1
124249,0,0,0,0,0,0,0,0,1
124250,0,0,0,0,0,0,0,0,1
124251,0,0,0,0,0,0,0,0,1
124252,0,0,0,0,0,0,0,0,1
124253,0,0,0,0,0,0,0,0,1
124254,0,0,0,0,0,0,0,0,1
124255,0,0,0,0,0,0,0,0,1
124256,0,0,0,0,0,0,0,0,1
124257,0,0,0,0,0,0,0,0,1
124258,0,0,0,0,0,0,0,0,1
124259,0,0,0,0,0,0,0,0,1
124260,0,0,0,0,0,0,0,0,1
124261,0,0,0,0,0,0,0,0,1
124262,0,0,0,0,0,0,0,0,1
124263,0,0,0,0,0,0,0,0,1
124264,0,0,0,0,0,0,0,0,1
124265,0,0,0,0,0,0,0,0,1
124266,0,0,0,0,0,0,0,0,1
124267,0,0,0,0,0,0,0,0,1
124268,0,0,0,0,0,0,0,0,1
124269,0,0,0,0,0,0,0,0,1
124270,0,0,0,0,0,0,0,0,1
124271,0,0,0,0,0,0,0,0,1
124272,0,0,0,0,0,0,0,0,1
124273,0,0,0,0,0,0,0,0,1
124274,0,0,0,0,0,0,0,0,1
124275,0,0,0,0,0,0,0,0,1
124276,0,0,0,0,0,0,0,0,1
124277,0,0,0,0,0,0,0,0,1
124278,0,0,0,0,0,0,0,0,1
124279,0,0,0,0,0,0,0,0,1
124280,0,0,0,0,0,0,0,0,1
124281,0,0,0,0,0,0,0,0,1
124282,0,0,0,0,0,0,0,0,1
124283,0,0,0,0,0,0,0,0,1
124284,0,0,0,0,0,0,0,0,1
124285,0,0,0,0,0,0,0,0,1
124286,0,0,0,0,0,0,0,0,1
124287,0,0,0,0,0,0,0,0,1
124288,0,0,0,0,0,0,0,0,1
124289,0,0,0,0,0,0,0,0,1
124290,0,0,0,0,0,0,0,0,1
124291,0,0,0,0,0,0,0,0,1
124292,0,0,0,0,0,0,0,0,1
124293,0,0,0,0,0,0,0,0,1
124294,0,0,0,0,0,0,0,0,1
124295,0,0,0,0,0,0,0,0,1
124296,0,0,0,0,0,0,0,0,1
124297,0,0,0,0,0,0,0,0,1
124298,0,0,0,0,0,0,0,0,1
124299,0,0,0,0,0,0,0,0,1
124300,0,0,0,0,0,0,0,0,1
124301,0,0,0,0,0,0,0,0,1
124302,0,0,0,0,0,0,0,0,1
124303,0,0,0,0,0,0,0,0,1
124304,0,0,0,0,0,0,0,0,1
124305,0,0,0,0,0,0,0,0,1
124306,0,0,0,0,0,0,0,0,1
124307,0,0,0,0,0,0,0,0,1
124308,0,0,0,0,0,0,0,0,1
124309,0,0,0,0,0,0,0,0,1
124310,0,0,0,0,0,0,0,0,1
124311,0,0,0,0,0,0,0,0,1
124312,0,0,0,0,0,0,0,0,1
124313,0,0,0,0,0,0,0,0,1
124314,0,0,0,0,0,0,0,0,1
124315,0,0,0,0,0,0,0,0,1
124316,0,0,0,0,0,0,0,0,1
124317,0,0,0,0,0,0,0,0,1
124318,0,0,0,0,0,0,0,0,1
124319,0,0,0,0,0,0,0,0,1
124320,0,0,0,0,0,0,0,0,1
124321,0,0,0,0,0,0,0,0,1
124322,0,0,0,0,0,0,0,0,1
124323,0,0,0,0,0,0,0,0,1
124324,0,0,0,0,0,0,0,0,1
124325,0,0,0,0,0,0,0,0,1
124326,0,0,0,0,0,0,0,0,1
124327,0,0,0,0,0,0,0,0,1
124328,0,0,0,0,0,0,0,0,1
124329,0,0,0,0,0,0,0,0,1
124330,0,0,0,0,0,0,0,0,1
124331,0,0,0,0,0,0,0,0,1
124332,0,0,0,0,0,0,0,0,1
124333,0,0,0,0,0,0,0,0,1
124334,0,0,0,0,0,0,0,0,1
124335,0,0,0,0,0,0,0,0,1
124336,0,0,0,0,0,0,0,0,1
124337,0,0,0,0,0,0,0,0,1
124338,0,0,0,0,0,0,0,0,1
124339,0,0,0,0,0,0,0,0,1
124340,0,0,0,0,0,0,0,0,1
124341,0,0,0,0,0,0,0,0,1
124342,0,0,0,0,0,0,0,0,1
124343,0,0,0,0,0,0,0,0,1
124344,0,0,0,0,0,0,0,0,1
124345,0,0,0,0,0,0,0,0,1
124346,0,0,0,0,0,0,0,0,1
124347,0,0,0,0,0,0,0,0,1
124348,0,0,0,0,0,0,0,0,1
124349,0,0,0,0,0,0,0,0,1
124350,0,0,0,0,0,0,0,0,1
124351,0,0,0,0,0,0,0,0,1
124352,0,0,0,0,0,0,0,0,1
124353,0,0,0,0,0,0,0,0,1
124354,0,0,0,0,0,0,0,0,1
124355,0,0,0,0,0,0,0,0,1
124356,0,0,0,0,0,0,0,0,1
124357,0,0,0,0,0,0,0,0,1
124358,0,0,0,0,0,0,0,0,1
124359,0,0,0,0,0,0,0,0,1
124360,0,0,0,0,0,0,0,0,1
124361,0,0,0,0,0,0,0,0,1
124362,0,0,0,0,0,0,0,0,1
124363,0,0,0,0,0,0,0,0,1
124364,0,0,0,0,0,0,0,0,1
124365,0,0,0,0,0,0,0,0,1
124366,0,0,0,0,0,0,0,0,1
124367,0,0,0,0,0,0,0,0,1
124368,0,0,0,0,0,0,0,0,1
124369,0,0,0,0,0,0,0,0,1
124370,0,0,0,0,0,0,0,0,1
124371,0,0,0,0,0,0,0,0,1
124372,0,0,0,0,0,0,0,0,1
124373,0,0,0,0,0,0,0,0,1
124374,0,0,0,0,0,0,0,0,1
124375,0,0,0,0,0,0,0,0,1
124376,0,0,0,0,0,0,0,0,1
124377,0,0,0,0,0,0,0,0,1
124378,0,0,0,0,0,0,0,0,1
124379,0,0,0,0,0,0,0,0,1
124380,0,0,0,0,0,0,0,0,1
124381,0,0,0,0,0,0,0,0,1
124382,0,0,0,0,0,0,0,0,1
124383,0,0,0,0,0,0,0,0,1
124384,0,0,0,0,0,0,0,0,1
124385,0,0,0,0,0,0,0,0,1
124386,0,0,0,0,0,0,0,0,1
124387,0,0,0,0,0,0,0,0,1
124388,0,0,0,0,0,0,0,0,1
124389,0,0,0,0,0,0,0,0,1
124390,0,0,0,0,0,0,0,0,1
124391,0,0,0,0,0,0,0,0,1
124392,0,0,0,0,0,0,0,0,1
124393,0,0,0,0,0,0,0,0,1
124394,0,0,0,0,0,0,0,0,1
124395,0,0,0,0,0,0,0,0,1
124396,0,0,0,0,0,0,0,0,1
124397,0,0,0,0,0,0,0,0,1
124398,0,0,0,0,0,0,0,0,1
124399,0,0,0,0,0,0,0,0,1
124400,0,0,0,0,0,0,0,0,1
124401,0,0,0,0,0,0,0,0,1
124402,0,0,0,0,0,0,0,0,1
124403,0,0,0,0,0,0,0,0,1
124404,0,0,0,0,0,0,0,0,1
124405,0,0,0,0,0,0,0,0,1
124406,0,0,0,0,0,0,0,0,1
124407,0,0,0,0,0,0,0,0,1
124408,0,0,0,0,0,0,0,0,1
124409,0,0,0,0,0,0,0,0,1
124410,0,0,0,0,0,0,0,0,1
124411,0,0,0,0,0,0,0,0,1
124412,0,0,0,0,0,0,0,0,1
124413,0,0,0,0,0,0,0,0,1
124414,0,0,0,0,0,0,0,0,1
124415,0,0,0,0,0,0,0,0,1
124416,0,0,0,0,0,0,0,0,1
124417,0,0,0,0,0,0,0,0,1
124418,0,0,0,0,0,0,0,0,1
124419,0,0,0,0,0,0,0,0,1
124420,0,0,0,0,0,0,0,0,1
124421,0,0,0,0,0,0,0,0,1
124422,0,0,0,0,0,0,0,0,1
124423,0,0,0,0,0,0,0,0,1
124424,0,0,0,0,0,0,0,0,1
124425,0,0,0,0,0,0,0,0,1
124426,0,0,0,0,0,0,0,0,1
124427,0,0,0,0,0,0,0,0,1
124428,0,0,0,0,0,0,0,0,1
124429,0,0,0,0,0,0,0,0,1
124430,0,0,0,0,0,0,0,0,1
124431,0,0,0,0,0,0,0,0,1
124432,0,0,0,0,0,0,0,0,1
124433,0,0,0,0,0,0,0,0,1
124434,0,0,0,0,0,0,0,0,1
124435,0,0,0,0,0,0,0,0,1
124436,0,0,0,0,0,0,0,0,1
124437,0,0,0,0,0,0,0,0,1
124438,0,0,0,0,0,0,0,0,1
124439,0,0,0,0,0,0,0,0,1
124440,0,0,0,0,0,0,0,0,1
124441,0,0,0,0,0,0,0,0,1
124442,0,0,0,0,0,0,0,0,1
124443,0,0,0,0,0,0,0,0,1
124444,0,0,0,0,0,0,0,0,1
124445,0,0,0,0,0,0,0,0,1
124446,0,0,0,0,0,0,0,0,1
124447,0,0,0,0,0,0,0,0,1
124448,0,0,0,0,0,0,0,0,1
124449,0,0,0,0,0,0,0,0,1
124450,0,0,0,0,0,0,0,0,1
124451,0,0,0,0,0,0,0,0,1
124452,0,0,0,0,0,0,0,0,1
124453,0,0,0,0,0,0,0,0,1
124454,0,0,0,0,0,0,0,0,1
124455,0,0,0,0,0,0,0,0,1
124456,0,0,0,0,0,0,0,0,1
124457,0,0,0,0,0,0,0,0,1
124458,0,0,0,0,0,0,0,0,1
124459,0,0,0,0,0,0,0,0,1
124460,0,0,0,0,0,0,0,0,1
124461,0,0,0,0,0,0,0,0,1
124462,0,0,0,0,0,0,0,0,1
124463,0,0,0,0,0,0,0,0,1
124464,0,0,0,0,0,0,0,0,1
124465,0,0,0,0,0,0,0,0,1
124466,0,0,0,0,0,0,0,0,1
124467,0,0,0,0,0,0,0,0,1
124468,0,0,0,0,0,0,0,0,1
124469,0,0,0,0,0,0,0,0,1
124470,0,0,0,0,0,0,0,0,1
124471,0,0,0,0,0,0,0,0,1
124472,0,0,0,0,0,0,0,0,1
124473,0,0,0,0,0,0,0,0,1
124474,0,0,0,0,0,0,0,0,1
124475,0,0,0,0,0,0,0,0,1
124476,0,0,0,0,0,0,0,0,1
124477,0,0,0,0,0,0,0,0,1
124478,0,0,0,0,0,0,0,0,1
124479,0,0,0,0,0,0,0,0,1
124480,0,0,0,0,0,0,0,0,1
124481,0,0,0,0,0,0,0,0,1
124482,0,0,0,0,0,0,0,0,1
124483,0,0,0,0,0,0,0,0,1
124484,0,0,0,0,0,0,0,0,1
124485,0,0,0,0,0,0,0,0,1
124486,0,0,0,0,0,0,0,0,1
124487,0,0,0,0,0,0,0,0,1
124488,0,0,0,0,0,0,0,0,1
124489,0,0,0,0,0,0,0,0,1
124490,0,0,0,0,0,0,0,0,1
124491,0,0,0,0,0,0,0,0,1
124492,0,0,0,0,0,0,0,0,1
124493,0,0,0,0,0,0,0,0,1
124494,0,0,0,0,0,0,0,0,1
124495,0,0,0,0,0,0,0,0,1
124496,0,0,0,0,0,0,0,0,1
124497,0,0,0,0,0,0,0,0,1
124498,0,0,0,0,0,0,0,0,1
124499,0,0,0,0,0,0,0,0,1
124500,0,0,0,0,0,0,0,0,1
124501,0,0,0,0,0,0,0,0,1
124502,0,0,0,0,0,0,0,0,1
124503,0,0,0,0,0,0,0,0,1
124504,0,0,0,0,0,0,0,0,1
124505,0,0,0,0,0,0,0,0,1
124506,0,0,0,0,0,0,0,0,1
124507,0,0,0,0,0,0,0,0,1
124508,0,0,0,0,0,0,0,0,1
124509,0,0,0,0,0,0,0,0,1
124510,0,0,0,0,0,0,0,0,1
124511,0,0,0,0,0,0,0,0,1
124512,0,0,0,0,0,0,0,0,1
124513,0,0,0,0,0,0,0,0,1
124514,0,0,0,0,0,0,0,0,1
124515,0,0,0,0,0,0,0,0,1
124516,0,0,0,0,0,0,0,0,1
124517,0,0,0,0,0,0,0,0,1
124518,0,0,0,0,0,0,0,0,1
124519,0,0,0,0,0,0,0,0,1
124520,0,0,0,0,0,0,0,0,1
124521,0,0,0,0,0,0,0,0,1
124522,0,0,0,0,0,0,0,0,1
124523,0,0,0,0,0,0,0,0,1
124524,0,0,0,0,0,0,0,0,1
124525,0,0,0,0,0,0,0,0,1
124526,0,0,0,0,0,0,0,0,1
124527,0,0,0,0,0,0,0,0,1
124528,0,0,0,0,0,0,0,0,1
124529,0,0,0,0,0,0,0,0,1
124530,0,0,0,0,0,0,0,0,1
124531,0,0,0,0,0,0,0,0,1
124532,0,0,0,0,0,0,0,0,1
124533,0,0,0,0,0,0,0,0,1
124534,0,0,0,0,0,0,0,0,1
124535,0,0,0,0,0,0,0,0,1
124536,0,0,0,0,0,0,0,0,1
124537,0,0,0,0,0,0,0,0,1
124538,0,0,0,0,0,0,0,0,1
124539,0,0,0,0,0,0,0,0,1
124540,0,0,0,0,0,0,0,0,1
124541,0,0,0,0,0,0,0,0,1
124542,0,0,0,0,0,0,0,0,1
124543,0,0,0,0,0,0,0,0,1
124544,0,0,0,0,0,0,0,0,1
124545,0,0,0,0,0,0,0,0,1
124546,0,0,0,0,0,0,0,0,1
124547,0,0,0,0,0,0,0,0,1
124548,0,0,0,0,0,0,0,0,1
124549,0,0,0,0,0,0,0,0,1
124550,0,0,0,0,0,0,0,0,1
124551,0,0,0,0,0,0,0,0,1
124552,0,0,0,0,0,0,0,0,1
124553,0,0,0,0,0,0,0,0,1
124554,0,0,0,0,0,0,0,0,1
124555,0,0,0,0,0,0,0,0,1
124556,0,0,0,0,0,0,0,0,1
124557,0,0,0,0,0,0,0,0,1
124558,0,0,0,0,0,0,0,0,1
124559,0,0,0,0,0,0,0,0,1
124560,0,0,0,0,0,0,0,0,1
124561,0,0,0,0,0,0,0,0,1
124562,0,0,0,0,0,0,0,0,1
124563,0,0,0,0,0,0,0,0,1
124564,0,0,0,0,0,0,0,0,1
124565,0,0,0,0,0,0,0,0,1
124566,0,0,0,0,0,0,0,0,1
124567,0,0,0,0,0,0,0,0,1
124568,0,0,0,0,0,0,0,0,1
124569,0,0,0,0,0,0,0,0,1
124570,0,0,0,0,0,0,0,0,1
124571,0,0,0,0,0,0,0,0,1
124572,0,0,0,0,0,0,0,0,1
124573,0,0,0,0,0,0,0,0,1
124574,0,0,0,0,0,0,0,0,1
124575,0,0,0,0,0,0,0,0,1
124576,0,0,0,0,0,0,0,0,1
124577,0,0,0,0,0,0,0,0,1
124578,0,0,0,0,0,0,0,0,1
124579,0,0,0,0,0,0,0,0,1
124580,0,0,0,0,0,0,0,0,1
124581,0,0,0,0,0,0,0,0,1
124582,0,0,0,0,0,0,0,0,1
124583,0,0,0,0,0,0,0,0,1
124584,0,0,0,0,0,0,0,0,1
124585,0,0,0,0,0,0,0,0,1
124586,0,0,0,0,0,0,0,0,1
124587,0,0,0,0,0,0,0,0,1
124588,0,0,0,0,0,0,0,0,1
124589,0,0,0,0,0,0,0,0,1
124590,0,0,0,0,0,0,0,0,1
124591,0,0,0,0,0,0,0,0,1
124592,0,0,0,0,0,0,0,0,1
124593,0,0,0,0,0,0,0,0,1
124594,0,0,0,0,0,0,0,0,1
124595,0,0,0,0,0,0,0,0,1
124596,0,0,0,0,0,0,0,0,1
124597,0,0,0,0,0,0,0,0,1
124598,0,0,0,0,0,0,0,0,1
124599,0,0,0,0,0,0,0,0,1
124600,0,0,0,0,0,0,0,0,1
124601,0,0,0,0,0,0,0,0,1
124602,0,0,0,0,0,0,0,0,1
124603,0,0,0,0,0,0,0,0,1
124604,0,0,0,0,0,0,0,0,1
124605,0,0,0,0,0,0,0,0,1
124606,0,0,0,0,0,0,0,0,1
124607,0,0,0,0,0,0,0,0,1
124608,0,0,0,0,0,0,0,0,1
124609,0,0,0,0,0,0,0,0,1
124610,0,0,0,0,0,0,0,0,1
124611,0,0,0,0,0,0,0,0,1
124612,0,0,0,0,0,0,0,0,1
124613,0,0,0,0,0,0,0,0,1
124614,0,0,0,0,0,0,0,0,1
124615,0,0,0,0,0,0,0,0,1
124616,0,0,0,0,0,0,0,0,1
124617,0,0,0,0,0,0,0,0,1
124618,0,0,0,0,0,0,0,0,1
124619,0,0,0,0,0,0,0,0,1
124620,0,0,0,0,0,0,0,0,1
124621,0,0,0,0,0,0,0,0,1
124622,0,0,0,0,0,0,0,0,1
124623,0,0,0,0,0,0,0,0,1
124624,0,0,0,0,0,0,0,0,1
124625,0,0,0,0,0,0,0,0,1
124626,0,0,0,0,0,0,0,0,1
124627,0,0,0,0,0,0,0,0,1
124628,0,0,0,0,0,0,0,0,1
124629,0,0,0,0,0,0,0,0,1
124630,0,0,0,0,0,0,0,0,1
124631,0,0,0,0,0,0,0,0,1
124632,0,0,0,0,0,0,0,0,1
124633,0,0,0,0,0,0,0,0,1
124634,0,0,0,0,0,0,0,0,1
124635,0,0,0,0,0,0,0,0,1
124636,0,0,0,0,0,0,0,0,1
124637,0,0,0,0,0,0,0,0,1
124638,0,0,0,0,0,0,0,0,1
124639,0,0,0,0,0,0,0,0,1
124640,0,0,0,0,0,0,0,0,1
124641,0,0,0,0,0,0,0,0,1
124642,0,0,0,0,0,0,0,0,1
124643,0,0,0,0,0,0,0,0,1
124644,0,0,0,0,0,0,0,0,1
124645,0,0,0,0,0,0,0,0,1
124646,0,0,0,0,0,0,0,0,1
124647,0,0,0,0,0,0,0,0,1
124648,0,0,0,0,0,0,0,0,1
124649,0,0,0,0,0,0,0,0,1
124650,0,0,0,0,0,0,0,0,1
124651,0,0,0,0,0,0,0,0,1
124652,0,0,0,0,0,0,0,0,1
124653,0,0,0,0,0,0,0,0,1
124654,0,0,0,0,0,0,0,0,1
124655,0,0,0,0,0,0,0,0,1
124656,0,0,0,0,0,0,0,0,1
124657,0,0,0,0,0,0,0,0,1
124658,0,0,0,0,0,0,0,0,1
124659,0,0,0,0,0,0,0,0,1
124660,0,0,0,0,0,0,0,0,1
124661,0,0,0,0,0,0,0,0,1
124662,0,0,0,0,0,0,0,0,1
124663,0,0,0,0,0,0,0,0,1
124664,0,0,0,0,0,0,0,0,1
124665,0,0,0,0,0,0,0,0,1
124666,0,0,0,0,0,0,0,0,1
124667,0,0,0,0,0,0,0,0,1
124668,0,0,0,0,0,0,0,0,1
124669,0,0,0,0,0,0,0,0,1
124670,0,0,0,0,0,0,0,0,1
124671,0,0,0,0,0,0,0,0,1
124672,0,0,0,0,0,0,0,0,1
124673,0,0,0,0,0,0,0,0,1
124674,0,0,0,0,0,0,0,0,1
124675,0,0,0,0,0,0,0,0,1
124676,0,0,0,0,0,0,0,0,1
124677,0,0,0,0,0,0,0,0,1
124678,0,0,0,0,0,0,0,0,1
124679,0,0,0,0,0,0,0,0,1
124680,0,0,0,0,0,0,0,0,1
124681,0,0,0,0,0,0,0,0,1
124682,0,0,0,0,0,0,0,0,1
124683,0,0,0,0,0,0,0,0,1
124684,0,0,0,0,0,0,0,0,1
124685,0,0,0,0,0,0,0,0,1
124686,0,0,0,0,0,0,0,0,1
124687,0,0,0,0,0,0,0,0,1
124688,0,0,0,0,0,0,0,0,1
124689,0,0,0,0,0,0,0,0,1
124690,0,0,0,0,0,0,0,0,1
124691,0,0,0,0,0,0,0,0,1
124692,0,0,0,0,0,0,0,0,1
124693,0,0,0,0,0,0,0,0,1
124694,0,0,0,0,0,0,0,0,1
124695,0,0,0,0,0,0,0,0,1
124696,0,0,0,0,0,0,0,0,1
124697,0,0,0,0,0,0,0,0,1
124698,0,0,0,0,0,0,0,0,1
124699,0,0,0,0,0,0,0,0,1
124700,0,0,0,0,0,0,0,0,1
124701,0,0,0,0,0,0,0,0,1
124702,0,0,0,0,0,0,0,0,1
124703,0,0,0,0,0,0,0,0,1
124704,0,0,0,0,0,0,0,0,1
124705,0,0,0,0,0,0,0,0,1
124706,0,0,0,0,0,0,0,0,1
124707,0,0,0,0,0,0,0,0,1
124708,0,0,0,0,0,0,0,0,1
124709,0,0,0,0,0,0,0,0,1
124710,0,0,0,0,0,0,0,0,1
124711,0,0,0,0,0,0,0,0,1
124712,0,0,0,0,0,0,0,0,1
124713,0,0,0,0,0,0,0,0,1
124714,0,0,0,0,0,0,0,0,1
124715,0,0,0,0,0,0,0,0,1
124716,0,0,0,0,0,0,0,0,1
124717,0,0,0,0,0,0,0,0,1
124718,0,0,0,0,0,0,0,0,1
124719,0,0,0,0,0,0,0,0,1
124720,0,0,0,0,0,0,0,0,1
124721,0,0,0,0,0,0,0,0,1
124722,0,0,0,0,0,0,0,0,1
124723,0,0,0,0,0,0,0,0,1
124724,0,0,0,0,0,0,0,0,1
124725,0,0,0,0,0,0,0,0,1
124726,0,0,0,0,0,0,0,0,1
124727,0,0,0,0,0,0,0,0,1
124728,0,0,0,0,0,0,0,0,1
124729,0,0,0,0,0,0,0,0,1
124730,0,0,0,0,0,0,0,0,1
124731,0,0,0,0,0,0,0,0,1
124732,0,0,0,0,0,0,0,0,1
124733,0,0,0,0,0,0,0,0,1
124734,0,0,0,0,0,0,0,0,1
124735,0,0,0,0,0,0,0,0,1
124736,0,0,0,0,0,0,0,0,1
124737,0,0,0,0,0,0,0,0,1
124738,0,0,0,0,0,0,0,0,1
124739,0,0,0,0,0,0,0,0,1
124740,0,0,0,0,0,0,0,0,1
124741,0,0,0,0,0,0,0,0,1
124742,0,0,0,0,0,0,0,0,1
124743,0,0,0,0,0,0,0,0,1
124744,0,0,0,0,0,0,0,0,1
124745,0,0,0,0,0,0,0,0,1
124746,0,0,0,0,0,0,0,0,1
124747,0,0,0,0,0,0,0,0,1
124748,0,0,0,0,0,0,0,0,1
124749,0,0,0,0,0,0,0,0,1
124750,0,0,0,0,0,0,0,0,1
124751,0,0,0,0,0,0,0,0,1
124752,0,0,0,0,0,0,0,0,1
124753,0,0,0,0,0,0,0,0,1
124754,0,0,0,0,0,0,0,0,1
124755,0,0,0,0,0,0,0,0,1
124756,0,0,0,0,0,0,0,0,1
124757,0,0,0,0,0,0,0,0,1
124758,0,0,0,0,0,0,0,0,1
124759,0,0,0,0,0,0,0,0,1
124760,0,0,0,0,0,0,0,0,1
124761,0,0,0,0,0,0,0,0,1
124762,0,0,0,0,0,0,0,0,1
124763,0,0,0,0,0,0,0,0,1
124764,0,0,0,0,0,0,0,0,1
124765,0,0,0,0,0,0,0,0,1
124766,0,0,0,0,0,0,0,0,1
124767,0,0,0,0,0,0,0,0,1
124768,0,0,0,0,0,0,0,0,1
124769,0,0,0,0,0,0,0,0,1
124770,0,0,0,0,0,0,0,0,1
124771,0,0,0,0,0,0,0,0,1
124772,0,0,0,0,0,0,0,0,1
124773,0,0,0,0,0,0,0,0,1
124774,0,0,0,0,0,0,0,0,1
124775,0,0,0,0,0,0,0,0,1
124776,0,0,0,0,0,0,0,0,1
124777,0,0,0,0,0,0,0,0,1
124778,0,0,0,0,0,0,0,0,1
124779,0,0,0,0,0,0,0,0,1
124780,0,0,0,0,0,0,0,0,1
124781,0,0,0,0,0,0,0,0,1
124782,0,0,0,0,0,0,0,0,1
124783,0,0,0,0,0,0,0,0,1
124784,0,0,0,0,0,0,0,0,1
124785,0,0,0,0,0,0,0,0,1
124786,0,0,0,0,0,0,0,0,1
124787,0,0,0,0,0,0,0,0,1
124788,0,0,0,0,0,0,0,0,1
124789,0,0,0,0,0,0,0,0,1
124790,0,0,0,0,0,0,0,0,1
124791,0,0,0,0,0,0,0,0,1
124792,0,0,0,0,0,0,0,0,1
124793,0,0,0,0,0,0,0,0,1
124794,0,0,0,0,0,0,0,0,1
124795,0,0,0,0,0,0,0,0,1
124796,0,0,0,0,0,0,0,0,1
124797,0,0,0,0,0,0,0,0,1
124798,0,0,0,0,0,0,0,0,1
124799,0,0,0,0,0,0,0,0,1
124800,0,0,0,0,0,0,0,0,1
124801,0,0,0,0,0,0,0,0,1
124802,0,0,0,0,0,0,0,0,1
124803,0,0,0,0,0,0,0,0,1
124804,0,0,0,0,0,0,0,0,1
124805,0,0,0,0,0,0,0,0,1
124806,0,0,0,0,0,0,0,0,1
124807,0,0,0,0,0,0,0,0,1
124808,0,0,0,0,0,0,0,0,1
124809,0,0,0,0,0,0,0,0,1
124810,0,0,0,0,0,0,0,0,1
124811,0,0,0,0,0,0,0,0,1
124812,0,0,0,0,0,0,0,0,1
124813,0,0,0,0,0,0,0,0,1
124814,0,0,0,0,0,0,0,0,1
124815,0,0,0,0,0,0,0,0,1
124816,0,0,0,0,0,0,0,0,1
124817,0,0,0,0,0,0,0,0,1
124818,0,0,0,0,0,0,0,0,1
124819,0,0,0,0,0,0,0,0,1
124820,0,0,0,0,0,0,0,0,1
124821,0,0,0,0,0,0,0,0,1
124822,0,0,0,0,0,0,0,0,1
124823,0,0,0,0,0,0,0,0,1
124824,0,0,0,0,0,0,0,0,1
124825,0,0,0,0,0,0,0,0,1
124826,0,0,0,0,0,0,0,0,1
124827,0,0,0,0,0,0,0,0,1
124828,0,0,0,0,0,0,0,0,1
124829,0,0,0,0,0,0,0,0,1
124830,0,0,0,0,0,0,0,0,1
124831,0,0,0,0,0,0,0,0,1
124832,0,0,0,0,0,0,0,0,1
124833,0,0,0,0,0,0,0,0,1
124834,0,0,0,0,0,0,0,0,1
124835,0,0,0,0,0,0,0,0,1
124836,0,0,0,0,0,0,0,0,1
124837,0,0,0,0,0,0,0,0,1
124838,0,0,0,0,0,0,0,0,1
124839,0,0,0,0,0,0,0,0,1
124840,0,0,0,0,0,0,0,0,1
124841,0,0,0,0,0,0,0,0,1
124842,0,0,0,0,0,0,0,0,1
124843,0,0,0,0,0,0,0,0,1
124844,0,0,0,0,0,0,0,0,1
124845,0,0,0,0,0,0,0,0,1
124846,0,0,0,0,0,0,0,0,1
124847,0,0,0,0,0,0,0,0,1
124848,0,0,0,0,0,0,0,0,1
124849,0,0,0,0,0,0,0,0,1
124850,0,0,0,0,0,0,0,0,1
124851,0,0,0,0,0,0,0,0,1
124852,0,0,0,0,0,0,0,0,1
124853,0,0,0,0,0,0,0,0,1
124854,0,0,0,0,0,0,0,0,1
124855,0,0,0,0,0,0,0,0,1
124856,0,0,0,0,0,0,0,0,1
124857,0,0,0,0,0,0,0,0,1
124858,0,0,0,0,0,0,0,0,1
124859,0,0,0,0,0,0,0,0,1
124860,0,0,0,0,0,0,0,0,1
124861,0,0,0,0,0,0,0,0,1
124862,0,0,0,0,0,0,0,0,1
124863,0,0,0,0,0,0,0,0,1
124864,0,0,0,0,0,0,0,0,1
124865,0,0,0,0,0,0,0,0,1
124866,0,0,0,0,0,0,0,0,1
124867,0,0,0,0,0,0,0,0,1
124868,0,0,0,0,0,0,0,0,1
124869,0,0,0,0,0,0,0,0,1
124870,0,0,0,0,0,0,0,0,1
124871,0,0,0,0,0,0,0,0,1
124872,0,0,0,0,0,0,0,0,1
124873,0,0,0,0,0,0,0,0,1
124874,0,0,0,0,0,0,0,0,1
124875,0,0,0,0,0,0,0,0,1
124876,0,0,0,0,0,0,0,0,1
124877,0,0,0,0,0,0,0,0,1
124878,0,0,0,0,0,0,0,0,1
124879,0,0,0,0,0,0,0,0,1
124880,0,0,0,0,0,0,0,0,1
124881,0,0,0,0,0,0,0,0,1
124882,0,0,0,0,0,0,0,0,1
124883,0,0,0,0,0,0,0,0,1
124884,0,0,0,0,0,0,0,0,1
124885,0,0,0,0,0,0,0,0,1
124886,0,0,0,0,0,0,0,0,1
124887,0,0,0,0,0,0,0,0,1
124888,0,0,0,0,0,0,0,0,1
124889,0,0,0,0,0,0,0,0,1
124890,0,0,0,0,0,0,0,0,1
124891,0,0,0,0,0,0,0,0,1
124892,0,0,0,0,0,0,0,0,1
124893,0,0,0,0,0,0,0,0,1
124894,0,0,0,0,0,0,0,0,1
124895,0,0,0,0,0,0,0,0,1
124896,0,0,0,0,0,0,0,0,1
124897,0,0,0,0,0,0,0,0,1
124898,0,0,0,0,0,0,0,0,1
124899,0,0,0,0,0,0,0,0,1
124900,0,0,0,0,0,0,0,0,1
124901,0,0,0,0,0,0,0,0,1
124902,0,0,0,0,0,0,0,0,1
124903,0,0,0,0,0,0,0,0,1
124904,0,0,0,0,0,0,0,0,1
124905,0,0,0,0,0,0,0,0,1
124906,0,0,0,0,0,0,0,0,1
124907,0,0,0,0,0,0,0,0,1
124908,0,0,0,0,0,0,0,0,1
124909,0,0,0,0,0,0,0,0,1
124910,0,0,0,0,0,0,0,0,1
124911,0,0,0,0,0,0,0,0,1
124912,0,0,0,0,0,0,0,0,1
124913,0,0,0,0,0,0,0,0,1
124914,0,0,0,0,0,0,0,0,1
124915,0,0,0,0,0,0,0,0,1
124916,0,0,0,0,0,0,0,0,1
124917,0,0,0,0,0,0,0,0,1
124918,0,0,0,0,0,0,0,0,1
124919,0,0,0,0,0,0,0,0,1
124920,0,0,0,0,0,0,0,0,1
124921,0,0,0,0,0,0,0,0,1
124922,0,0,0,0,0,0,0,0,1
124923,0,0,0,0,0,0,0,0,1
124924,0,0,0,0,0,0,0,0,1
124925,0,0,0,0,0,0,0,0,1
124926,0,0,0,0,0,0,0,0,1
124927,0,0,0,0,0,0,0,0,1
124928,0,0,0,0,0,0,0,0,1
124929,0,0,0,0,0,0,0,0,1
124930,0,0,0,0,0,0,0,0,1
124931,0,0,0,0,0,0,0,0,1
124932,0,0,0,0,0,0,0,0,1
124933,0,0,0,0,0,0,0,0,1
124934,0,0,0,0,0,0,0,0,1
124935,0,0,0,0,0,0,0,0,1
124936,0,0,0,0,0,0,0,0,1
124937,0,0,0,0,0,0,0,0,1
124938,0,0,0,0,0,0,0,0,1
124939,0,0,0,0,0,0,0,0,1
124940,0,0,0,0,0,0,0,0,1
124941,0,0,0,0,0,0,0,0,1
124942,0,0,0,0,0,0,0,0,1
124943,0,0,0,0,0,0,0,0,1
124944,0,0,0,0,0,0,0,0,1
124945,0,0,0,0,0,0,0,0,1
124946,0,0,0,0,0,0,0,0,1
124947,0,0,0,0,0,0,0,0,1
124948,0,0,0,0,0,0,0,0,1
124949,0,0,0,0,0,0,0,0,1
124950,0,0,0,0,0,0,0,0,1
124951,0,0,0,0,0,0,0,0,1
124952,0,0,0,0,0,0,0,0,1
124953,0,0,0,0,0,0,0,0,1
124954,0,0,0,0,0,0,0,0,1
124955,0,0,0,0,0,0,0,0,1
124956,0,0,0,0,0,0,0,0,1
124957,0,0,0,0,0,0,0,0,1
124958,0,0,0,0,0,0,0,0,1
124959,0,0,0,0,0,0,0,0,1
124960,0,0,0,0,0,0,0,0,1
124961,0,0,0,0,0,0,0,0,1
124962,0,0,0,0,0,0,0,0,1
124963,0,0,0,0,0,0,0,0,1
124964,0,0,0,0,0,0,0,0,1
124965,0,0,0,0,0,0,0,0,1
124966,0,0,0,0,0,0,0,0,1
124967,0,0,0,0,0,0,0,0,1
124968,0,0,0,0,0,0,0,0,1
124969,0,0,0,0,0,0,0,0,1
124970,0,0,0,0,0,0,0,0,1
124971,0,0,0,0,0,0,0,0,1
124972,0,0,0,0,0,0,0,0,1
124973,0,0,0,0,0,0,0,0,1
124974,0,0,0,0,0,0,0,0,1
124975,0,0,0,0,0,0,0,0,1
124976,0,0,0,0,0,0,0,0,1
124977,0,0,0,0,0,0,0,0,1
124978,0,0,0,0,0,0,0,0,1
124979,0,0,0,0,0,0,0,0,1
124980,0,0,0,0,0,0,0,0,1
124981,0,0,0,0,0,0,0,0,1
124982,0,0,0,0,0,0,0,0,1
124983,0,0,0,0,0,0,0,0,1
124984,0,0,0,0,0,0,0,0,1
124985,0,0,0,0,0,0,0,0,1
124986,0,0,0,0,0,0,0,0,1
124987,0,0,0,0,0,0,0,0,1
124988,0,0,0,0,0,0,0,0,1
124989,0,0,0,0,0,0,0,0,1
124990,0,0,0,0,0,0,0,0,1
124991,0,0,0,0,0,0,0,0,1
124992,0,0,0,0,0,0,0,0,1
124993,0,0,0,0,0,0,0,0,1
124994,0,0,0,0,0,0,0,0,1
124995,0,0,0,0,0,0,0,0,1
124996,0,0,0,0,0,0,0,0,1
124997,0,0,0,0,0,0,0,0,1
124998,0,0,0,0,0,0,0,0,1
124999,0,0,0,0,0,0,0,0,1
125000,0,0,0,0,0,0,0,0,1
125001,0,0,0,0,0,0,0,0,1
125002,0,0,0,0,0,0,0,0,1
125003,0,0,0,0,0,0,0,0,1
125004,0,0,0,0,0,0,0,0,1
125005,0,0,0,0,0,0,0,0,1
125006,0,0,0,0,0,0,0,0,1
125007,0,0,0,0,0,0,0,0,1
125008,0,0,0,0,0,0,0,0,1
125009,0,0,0,0,0,0,0,0,1
125010,0,0,0,0,0,0,0,0,1
125011,0,0,0,0,0,0,0,0,1
125012,0,0,0,0,0,0,0,0,1
125013,0,0,0,0,0,0,0,0,1
125014,0,0,0,0,0,0,0,0,1
125015,0,0,0,0,0,0,0,0,1
125016,0,0,0,0,0,0,0,0,1
125017,0,0,0,0,0,0,0,0,1
125018,0,0,0,0,0,0,0,0,1
125019,0,0,0,0,0,0,0,0,1
125020,0,0,0,0,0,0,0,0,1
125021,0,0,0,0,0,0,0,0,1
125022,0,0,0,0,0,0,0,0,1
125023,0,0,0,0,0,0,0,0,1
125024,0,0,0,0,0,0,0,0,1
125025,0,0,0,0,0,0,0,0,1
125026,0,0,0,0,0,0,0,0,1
125027,0,0,0,0,0,0,0,0,1
125028,0,0,0,0,0,0,0,0,1
125029,0,0,0,0,0,0,0,0,1
125030,0,0,0,0,0,0,0,0,1
125031,0,0,0,0,0,0,0,0,1
125032,0,0,0,0,0,0,0,0,1
125033,0,0,0,0,0,0,0,0,1
125034,0,0,0,0,0,0,0,0,1
125035,0,0,0,0,0,0,0,0,1
125036,0,0,0,0,0,0,0,0,1
125037,0,0,0,0,0,0,0,0,1
125038,0,0,0,0,0,0,0,0,1
125039,0,0,0,0,0,0,0,0,1
125040,0,0,0,0,0,0,0,0,1
125041,0,0,0,0,0,0,0,0,1
125042,0,0,0,0,0,0,0,0,1
125043,0,0,0,0,0,0,0,0,1
125044,0,0,0,0,0,0,0,0,1
125045,0,0,0,0,0,0,0,0,1
125046,0,0,0,0,0,0,0,0,1
125047,0,0,0,0,0,0,0,0,1
125048,0,0,0,0,0,0,0,0,1
125049,0,0,0,0,0,0,0,0,1
125050,0,0,0,0,0,0,0,0,1
125051,0,0,0,0,0,0,0,0,1
125052,0,0,0,0,0,0,0,0,1
125053,0,0,0,0,0,0,0,0,1
125054,0,0,0,0,0,0,0,0,1
125055,0,0,0,0,0,0,0,0,1
125056,0,0,0,0,0,0,0,0,1
125057,0,0,0,0,0,0,0,0,1
125058,0,0,0,0,0,0,0,0,1
125059,0,0,0,0,0,0,0,0,1
125060,0,0,0,0,0,0,0,0,1
125061,0,0,0,0,0,0,0,0,1
125062,0,0,0,0,0,0,0,0,1
125063,0,0,0,0,0,0,0,0,1
125064,0,0,0,0,0,0,0,0,1
125065,0,0,0,0,0,0,0,0,1
125066,0,0,0,0,0,0,0,0,1
125067,0,0,0,0,0,0,0,0,1
125068,0,0,0,0,0,0,0,0,1
125069,0,0,0,0,0,0,0,0,1
125070,0,0,0,0,0,0,0,0,1
125071,0,0,0,0,0,0,0,0,1
125072,0,0,0,0,0,0,0,0,1
125073,0,0,0,0,0,0,0,0,1
125074,0,0,0,0,0,0,0,0,1
125075,0,0,0,0,0,0,0,0,1
125076,0,0,0,0,0,0,0,0,1
125077,0,0,0,0,0,0,0,0,1
125078,0,0,0,0,0,0,0,0,1
125079,0,0,0,0,0,0,0,0,1
125080,0,0,0,0,0,0,0,0,1
125081,0,0,0,0,0,0,0,0,1
125082,0,0,0,0,0,0,0,0,1
125083,0,0,0,0,0,0,0,0,1
125084,0,0,0,0,0,0,0,0,1
125085,0,0,0,0,0,0,0,0,1
125086,0,0,0,0,0,0,0,0,1
125087,0,0,0,0,0,0,0,0,1
125088,0,0,0,0,0,0,0,0,1
125089,0,0,0,0,0,0,0,0,1
125090,0,0,0,0,0,0,0,0,1
125091,0,0,0,0,0,0,0,0,1
125092,0,0,0,0,0,0,0,0,1
125093,0,0,0,0,0,0,0,0,1
125094,0,0,0,0,0,0,0,0,1
125095,0,0,0,0,0,0,0,0,1
125096,0,0,0,0,0,0,0,0,1
125097,0,0,0,0,0,0,0,0,1
125098,0,0,0,0,0,0,0,0,1
125099,0,0,0,0,0,0,0,0,1
125100,0,0,0,0,0,0,0,0,1
125101,0,0,0,0,0,0,0,0,1
125102,0,0,0,0,0,0,0,0,1
125103,0,0,0,0,0,0,0,0,1
125104,0,0,0,0,0,0,0,0,1
125105,0,0,0,0,0,0,0,0,1
125106,0,0,0,0,0,0,0,0,1
125107,0,0,0,0,0,0,0,0,1
125108,0,0,0,0,0,0,0,0,1
125109,0,0,0,0,0,0,0,0,1
125110,0,0,0,0,0,0,0,0,1
125111,0,0,0,0,0,0,0,0,1
125112,0,0,0,0,0,0,0,0,1
125113,0,0,0,0,0,0,0,0,1
125114,0,0,0,0,0,0,0,0,1
125115,0,0,0,0,0,0,0,0,1
125116,0,0,0,0,0,0,0,0,1
125117,0,0,0,0,0,0,0,0,1
125118,0,0,0,0,0,0,0,0,1
125119,0,0,0,0,0,0,0,0,1
125120,0,0,0,0,0,0,0,0,1
125121,0,0,0,0,0,0,0,0,1
125122,0,0,0,0,0,0,0,0,1
125123,0,0,0,0,0,0,0,0,1
125124,0,0,0,0,0,0,0,0,1
125125,0,0,0,0,0,0,0,0,1
125126,0,0,0,0,0,0,0,0,1
125127,0,0,0,0,0,0,0,0,1
125128,0,0,0,0,0,0,0,0,1
125129,0,0,0,0,0,0,0,0,1
125130,0,0,0,0,0,0,0,0,1
125131,0,0,0,0,0,0,0,0,1
125132,0,0,0,0,0,0,0,0,1
125133,0,0,0,0,0,0,0,0,1
125134,0,0,0,0,0,0,0,0,1
125135,0,0,0,0,0,0,0,0,1
125136,0,0,0,0,0,0,0,0,1
125137,0,0,0,0,0,0,0,0,1
125138,0,0,0,0,0,0,0,0,1
125139,0,0,0,0,0,0,0,0,1
125140,0,0,0,0,0,0,0,0,1
125141,0,0,0,0,0,0,0,0,1
125142,0,0,0,0,0,0,0,0,1
125143,0,0,0,0,0,0,0,0,1
125144,0,0,0,0,0,0,0,0,1
125145,0,0,0,0,0,0,0,0,1
125146,0,0,0,0,0,0,0,0,1
125147,0,0,0,0,0,0,0,0,1
125148,0,0,0,0,0,0,0,0,1
125149,0,0,0,0,0,0,0,0,1
125150,0,0,0,0,0,0,0,0,1
125151,0,0,0,0,0,0,0,0,1
125152,0,0,0,0,0,0,0,0,1
125153,0,0,0,0,0,0,0,0,1
125154,0,0,0,0,0,0,0,0,1
125155,0,0,0,0,0,0,0,0,1
125156,0,0,0,0,0,0,0,0,1
125157,0,0,0,0,0,0,0,0,1
125158,0,0,0,0,0,0,0,0,1
125159,0,0,0,0,0,0,0,0,1
125160,0,0,0,0,0,0,0,0,1
125161,0,0,0,0,0,0,0,0,1
125162,0,0,0,0,0,0,0,0,1
125163,0,0,0,0,0,0,0,0,1
125164,0,0,0,0,0,0,0,0,1
125165,0,0,0,0,0,0,0,0,1
125166,0,0,0,0,0,0,0,0,1
125167,0,0,0,0,0,0,0,0,1
125168,0,0,0,0,0,0,0,0,1
125169,0,0,0,0,0,0,0,0,1
125170,0,0,0,0,0,0,0,0,1
125171,0,0,0,0,0,0,0,0,1
125172,0,0,0,0,0,0,0,0,1
125173,0,0,0,0,0,0,0,0,1
125174,0,0,0,0,0,0,0,0,1
125175,0,0,0,0,0,0,0,0,1
125176,0,0,0,0,0,0,0,0,1
125177,0,0,0,0,0,0,0,0,1
125178,0,0,0,0,0,0,0,0,1
125179,0,0,0,0,0,0,0,0,1
125180,0,0,0,0,0,0,0,0,1
125181,0,0,0,0,0,0,0,0,1
125182,0,0,0,0,0,0,0,0,1
125183,0,0,0,0,0,0,0,0,1
125184,0,0,0,0,0,0,0,0,1
125185,0,0,0,0,0,0,0,0,1
125186,0,0,0,0,0,0,0,0,1
125187,0,0,0,0,0,0,0,0,1
125188,0,0,0,0,0,0,0,0,1
125189,0,0,0,0,0,0,0,0,1
125190,0,0,0,0,0,0,0,0,1
125191,0,0,0,0,0,0,0,0,1
125192,0,0,0,0,0,0,0,0,1
125193,0,0,0,0,0,0,0,0,1
125194,0,0,0,0,0,0,0,0,1
125195,0,0,0,0,0,0,0,0,1
125196,0,0,0,0,0,0,0,0,1
125197,0,0,0,0,0,0,0,0,1
125198,0,0,0,0,0,0,0,0,1
125199,0,0,0,0,0,0,0,0,1
125200,0,0,0,0,0,0,0,0,1
125201,0,0,0,0,0,0,0,0,1
125202,0,0,0,0,0,0,0,0,1
125203,0,0,0,0,0,0,0,0,1
125204,0,0,0,0,0,0,0,0,1
125205,0,0,0,0,0,0,0,0,1
125206,0,0,0,0,0,0,0,0,1
125207,0,0,0,0,0,0,0,0,1
125208,0,0,0,0,0,0,0,0,1
125209,0,0,0,0,0,0,0,0,1
125210,0,0,0,0,0,0,0,0,1
125211,0,0,0,0,0,0,0,0,1
125212,0,0,0,0,0,0,0,0,1
125213,0,0,0,0,0,0,0,0,1
125214,0,0,0,0,0,0,0,0,1
125215,0,0,0,0,0,0,0,0,1
125216,0,0,0,0,0,0,0,0,1
125217,0,0,0,0,0,0,0,0,1
125218,0,0,0,0,0,0,0,0,1
125219,0,0,0,0,0,0,0,0,1
125220,0,0,0,0,0,0,0,0,1
125221,0,0,0,0,0,0,0,0,1
125222,0,0,0,0,0,0,0,0,1
125223,0,0,0,0,0,0,0,0,1
125224,0,0,0,0,0,0,0,0,1
125225,0,0,0,0,0,0,0,0,1
125226,0,0,0,0,0,0,0,0,1
125227,0,0,0,0,0,0,0,0,1
125228,0,0,0,0,0,0,0,0,1
125229,0,0,0,0,0,0,0,0,1
125230,0,0,0,0,0,0,0,0,1
125231,0,0,0,0,0,0,0,0,1
125232,0,0,0,0,0,0,0,0,1
125233,0,0,0,0,0,0,0,0,1
125234,0,0,0,0,0,0,0,0,1
125235,0,0,0,0,0,0,0,0,1
125236,0,0,0,0,0,0,0,0,1
125237,0,0,0,0,0,0,0,0,1
125238,0,0,0,0,0,0,0,0,1
125239,0,0,0,0,0,0,0,0,1
125240,0,0,0,0,0,0,0,0,1
125241,0,0,0,0,0,0,0,0,1
125242,0,0,0,0,0,0,0,0,1
125243,0,0,0,0,0,0,0,0,1
125244,0,0,0,0,0,0,0,0,1
125245,0,0,0,0,0,0,0,0,1
125246,0,0,0,0,0,0,0,0,1
125247,0,0,0,0,0,0,0,0,1
125248,0,0,0,0,0,0,0,0,1
125249,0,0,0,0,0,0,0,0,1
125250,0,0,0,0,0,0,0,0,1
125251,0,0,0,0,0,0,0,0,1
125252,0,0,0,0,0,0,0,0,1
125253,0,0,0,0,0,0,0,0,1
125254,0,0,0,0,0,0,0,0,1
125255,0,0,0,0,0,0,0,0,1
125256,0,0,0,0,0,0,0,0,1
125257,0,0,0,0,0,0,0,0,1
125258,0,0,0,0,0,0,0,0,1
125259,0,0,0,0,0,0,0,0,1
125260,0,0,0,0,0,0,0,0,1
125261,0,0,0,0,0,0,0,0,1
125262,0,0,0,0,0,0,0,0,1
125263,0,0,0,0,0,0,0,0,1
125264,0,0,0,0,0,0,0,0,1
125265,0,0,0,0,0,0,0,0,1
125266,0,0,0,0,0,0,0,0,1
125267,0,0,0,0,0,0,0,0,1
125268,0,0,0,0,0,0,0,0,1
125269,0,0,0,0,0,0,0,0,1
125270,0,0,0,0,0,0,0,0,1
125271,0,0,0,0,0,0,0,0,1
125272,0,0,0,0,0,0,0,0,1
125273,0,0,0,0,0,0,0,0,1
125274,0,0,0,0,0,0,0,0,1
125275,0,0,0,0,0,0,0,0,1
125276,0,0,0,0,0,0,0,0,1
125277,0,0,0,0,0,0,0,0,1
125278,0,0,0,0,0,0,0,0,1
125279,0,0,0,0,0,0,0,0,1
125280,0,0,0,0,0,0,0,0,1
125281,0,0,0,0,0,0,0,0,1
125282,0,0,0,0,0,0,0,0,1
125283,0,0,0,0,0,0,0,0,1
125284,0,0,0,0,0,0,0,0,1
125285,0,0,0,0,0,0,0,0,1
125286,0,0,0,0,0,0,0,0,1
125287,0,0,0,0,0,0,0,0,1
125288,0,0,0,0,0,0,0,0,1
125289,0,0,0,0,0,0,0,0,1
125290,0,0,0,0,0,0,0,0,1
125291,0,0,0,0,0,0,0,0,1
125292,0,0,0,0,0,0,0,0,1
125293,0,0,0,0,0,0,0,0,1
125294,0,0,0,0,0,0,0,0,1
125295,0,0,0,0,0,0,0,0,1
125296,0,0,0,0,0,0,0,0,1
125297,0,0,0,0,0,0,0,0,1
125298,0,0,0,0,0,0,0,0,1
125299,0,0,0,0,0,0,0,0,1
125300,0,0,0,0,0,0,0,0,1
125301,0,0,0,0,0,0,0,0,1
125302,0,0,0,0,0,0,0,0,1
125303,0,0,0,0,0,0,0,0,1
125304,0,0,0,0,0,0,0,0,1
125305,0,0,0,0,0,0,0,0,1
125306,0,0,0,0,0,0,0,0,1
125307,0,0,0,0,0,0,0,0,1
125308,0,0,0,0,0,0,0,0,1
125309,0,0,0,0,0,0,0,0,1
125310,0,0,0,0,0,0,0,0,1
125311,0,0,0,0,0,0,0,0,1
125312,0,0,0,0,0,0,0,0,1
125313,0,0,0,0,0,0,0,0,1
125314,0,0,0,0,0,0,0,0,1
125315,0,0,0,0,0,0,0,0,1
125316,0,0,0,0,0,0,0,0,1
125317,0,0,0,0,0,0,0,0,1
125318,0,0,0,0,0,0,0,0,1
125319,0,0,0,0,0,0,0,0,1
125320,0,0,0,0,0,0,0,0,1
125321,0,0,0,0,0,0,0,0,1
125322,0,0,0,0,0,0,0,0,1
125323,0,0,0,0,0,0,0,0,1
125324,0,0,0,0,0,0,0,0,1
125325,0,0,0,0,0,0,0,0,1
125326,0,0,0,0,0,0,0,0,1
125327,0,0,0,0,0,0,0,0,1
125328,0,0,0,0,0,0,0,0,1
125329,0,0,0,0,0,0,0,0,1
125330,0,0,0,0,0,0,0,0,1
125331,0,0,0,0,0,0,0,0,1
125332,0,0,0,0,0,0,0,0,1
125333,0,0,0,0,0,0,0,0,1
125334,0,0,0,0,0,0,0,0,1
125335,0,0,0,0,0,0,0,0,1
125336,0,0,0,0,0,0,0,0,1
125337,0,0,0,0,0,0,0,0,1
125338,0,0,0,0,0,0,0,0,1
125339,0,0,0,0,0,0,0,0,1
125340,0,0,0,0,0,0,0,0,1
125341,0,0,0,0,0,0,0,0,1
125342,0,0,0,0,0,0,0,0,1
125343,0,0,0,0,0,0,0,0,1
125344,0,0,0,0,0,0,0,0,1
125345,0,0,0,0,0,0,0,0,1
125346,0,0,0,0,0,0,0,0,1
125347,0,0,0,0,0,0,0,0,1
125348,0,0,0,0,0,0,0,0,1
125349,0,0,0,0,0,0,0,0,1
125350,0,0,0,0,0,0,0,0,1
125351,0,0,0,0,0,0,0,0,1
125352,0,0,0,0,0,0,0,0,1
125353,0,0,0,0,0,0,0,0,1
125354,0,0,0,0,0,0,0,0,1
125355,0,0,0,0,0,0,0,0,1
125356,0,0,0,0,0,0,0,0,1
125357,0,0,0,0,0,0,0,0,1
125358,0,0,0,0,0,0,0,0,1
125359,0,0,0,0,0,0,0,0,1
125360,0,0,0,0,0,0,0,0,1
125361,0,0,0,0,0,0,0,0,1
125362,0,0,0,0,0,0,0,0,1
125363,0,0,0,0,0,0,0,0,1
125364,0,0,0,0,0,0,0,0,1
125365,0,0,0,0,0,0,0,0,1
125366,0,0,0,0,0,0,0,0,1
125367,0,0,0,0,0,0,0,0,1
125368,0,0,0,0,0,0,0,0,1
125369,0,0,0,0,0,0,0,0,1
125370,0,0,0,0,0,0,0,0,1
125371,0,0,0,0,0,0,0,0,1
125372,0,0,0,0,0,0,0,0,1
125373,0,0,0,0,0,0,0,0,1
125374,0,0,0,0,0,0,0,0,1
125375,0,0,0,0,0,0,0,0,1
125376,0,0,0,0,0,0,0,0,1
125377,0,0,0,0,0,0,0,0,1
125378,0,0,0,0,0,0,0,0,1
125379,0,0,0,0,0,0,0,0,1
125380,0,0,0,0,0,0,0,0,1
125381,0,0,0,0,0,0,0,0,1
125382,0,0,0,0,0,0,0,0,1
125383,0,0,0,0,0,0,0,0,1
125384,0,0,0,0,0,0,0,0,1
125385,0,0,0,0,0,0,0,0,1
125386,0,0,0,0,0,0,0,0,1
125387,0,0,0,0,0,0,0,0,1
125388,0,0,0,0,0,0,0,0,1
125389,0,0,0,0,0,0,0,0,1
125390,0,0,0,0,0,0,0,0,1
125391,0,0,0,0,0,0,0,0,1
125392,0,0,0,0,0,0,0,0,1
125393,0,0,0,0,0,0,0,0,1
125394,0,0,0,0,0,0,0,0,1
125395,0,0,0,0,0,0,0,0,1
125396,0,0,0,0,0,0,0,0,1
125397,0,0,0,0,0,0,0,0,1
125398,0,0,0,0,0,0,0,0,1
125399,0,0,0,0,0,0,0,0,1
125400,0,0,0,0,0,0,0,0,1
125401,0,0,0,0,0,0,0,0,1
125402,0,0,0,0,0,0,0,0,1
125403,0,0,0,0,0,0,0,0,1
125404,0,0,0,0,0,0,0,0,1
125405,0,0,0,0,0,0,0,0,1
125406,0,0,0,0,0,0,0,0,1
125407,0,0,0,0,0,0,0,0,1
125408,0,0,0,0,0,0,0,0,1
125409,0,0,0,0,0,0,0,0,1
125410,0,0,0,0,0,0,0,0,1
125411,0,0,0,0,0,0,0,0,1
125412,0,0,0,0,0,0,0,0,1
125413,0,0,0,0,0,0,0,0,1
125414,0,0,0,0,0,0,0,0,1
125415,0,0,0,0,0,0,0,0,1
125416,0,0,0,0,0,0,0,0,1
125417,0,0,0,0,0,0,0,0,1
125418,0,0,0,0,0,0,0,0,1
125419,0,0,0,0,0,0,0,0,1
125420,0,0,0,0,0,0,0,0,1
125421,0,0,0,0,0,0,0,0,1
125422,0,0,0,0,0,0,0,0,1
125423,0,0,0,0,0,0,0,0,1
125424,0,0,0,0,0,0,0,0,1
125425,0,0,0,0,0,0,0,0,1
125426,0,0,0,0,0,0,0,0,1
125427,0,0,0,0,0,0,0,0,1
125428,0,0,0,0,0,0,0,0,1
125429,0,0,0,0,0,0,0,0,1
125430,0,0,0,0,0,0,0,0,1
125431,0,0,0,0,0,0,0,0,1
125432,0,0,0,0,0,0,0,0,1
125433,0,0,0,0,0,0,0,0,1
125434,0,0,0,0,0,0,0,0,1
125435,0,0,0,0,0,0,0,0,1
125436,0,0,0,0,0,0,0,0,1
125437,0,0,0,0,0,0,0,0,1
125438,0,0,0,0,0,0,0,0,1
125439,0,0,0,0,0,0,0,0,1
125440,0,0,0,0,0,0,0,0,1
125441,0,0,0,0,0,0,0,0,1
125442,0,0,0,0,0,0,0,0,1
125443,0,0,0,0,0,0,0,0,1
125444,0,0,0,0,0,0,0,0,1
125445,0,0,0,0,0,0,0,0,1
125446,0,0,0,0,0,0,0,0,1
125447,0,0,0,0,0,0,0,0,1
125448,0,0,0,0,0,0,0,0,1
125449,0,0,0,0,0,0,0,0,1
125450,0,0,0,0,0,0,0,0,1
125451,0,0,0,0,0,0,0,0,1
125452,0,0,0,0,0,0,0,0,1
125453,0,0,0,0,0,0,0,0,1
125454,0,0,0,0,0,0,0,0,1
125455,0,0,0,0,0,0,0,0,1
125456,0,0,0,0,0,0,0,0,1
125457,0,0,0,0,0,0,0,0,1
125458,0,0,0,0,0,0,0,0,1
125459,0,0,0,0,0,0,0,0,1
125460,0,0,0,0,0,0,0,0,1
125461,0,0,0,0,0,0,0,0,1
125462,0,0,0,0,0,0,0,0,1
125463,0,0,0,0,0,0,0,0,1
125464,0,0,0,0,0,0,0,0,1
125465,0,0,0,0,0,0,0,0,1
125466,0,0,0,0,0,0,0,0,1
125467,0,0,0,0,0,0,0,0,1
125468,0,0,0,0,0,0,0,0,1
125469,0,0,0,0,0,0,0,0,1
125470,0,0,0,0,0,0,0,0,1
125471,0,0,0,0,0,0,0,0,1
125472,0,0,0,0,0,0,0,0,1
125473,0,0,0,0,0,0,0,0,1
125474,0,0,0,0,0,0,0,0,1
125475,0,0,0,0,0,0,0,0,1
125476,0,0,0,0,0,0,0,0,1
125477,0,0,0,0,0,0,0,0,1
125478,0,0,0,0,0,0,0,0,1
125479,0,0,0,0,0,0,0,0,1
125480,0,0,0,0,0,0,0,0,1
125481,0,0,0,0,0,0,0,0,1
125482,0,0,0,0,0,0,0,0,1
125483,0,0,0,0,0,0,0,0,1
125484,0,0,0,0,0,0,0,0,1
125485,0,0,0,0,0,0,0,0,1
125486,0,0,0,0,0,0,0,0,1
125487,0,0,0,0,0,0,0,0,1
125488,0,0,0,0,0,0,0,0,1
125489,0,0,0,0,0,0,0,0,1
125490,0,0,0,0,0,0,0,0,1
125491,0,0,0,0,0,0,0,0,1
125492,0,0,0,0,0,0,0,0,1
125493,0,0,0,0,0,0,0,0,1
125494,0,0,0,0,0,0,0,0,1
125495,0,0,0,0,0,0,0,0,1
125496,0,0,0,0,0,0,0,0,1
125497,0,0,0,0,0,0,0,0,1
125498,0,0,0,0,0,0,0,0,1
125499,0,0,0,0,0,0,0,0,1
125500,0,0,0,0,0,0,0,0,1
125501,0,0,0,0,0,0,0,0,1
125502,0,0,0,0,0,0,0,0,1
125503,0,0,0,0,0,0,0,0,1
125504,0,0,0,0,0,0,0,0,1
125505,0,0,0,0,0,0,0,0,1
125506,0,0,0,0,0,0,0,0,1
125507,0,0,0,0,0,0,0,0,1
125508,0,0,0,0,0,0,0,0,1
125509,0,0,0,0,0,0,0,0,1
125510,0,0,0,0,0,0,0,0,1
125511,0,0,0,0,0,0,0,0,1
125512,0,0,0,0,0,0,0,0,1
125513,0,0,0,0,0,0,0,0,1
125514,0,0,0,0,0,0,0,0,1
125515,0,0,0,0,0,0,0,0,1
125516,0,0,0,0,0,0,0,0,1
125517,0,0,0,0,0,0,0,0,1
125518,0,0,0,0,0,0,0,0,1
125519,0,0,0,0,0,0,0,0,1
125520,0,0,0,0,0,0,0,0,1
125521,0,0,0,0,0,0,0,0,1
125522,0,0,0,0,0,0,0,0,1
125523,0,0,0,0,0,0,0,0,1
125524,0,0,0,0,0,0,0,0,1
125525,0,0,0,0,0,0,0,0,1
125526,0,0,0,0,0,0,0,0,1
125527,0,0,0,0,0,0,0,0,1
125528,0,0,0,0,0,0,0,0,1
125529,0,0,0,0,0,0,0,0,1
125530,0,0,0,0,0,0,0,0,1
125531,0,0,0,0,0,0,0,0,1
125532,0,0,0,0,0,0,0,0,1
125533,0,0,0,0,0,0,0,0,1
125534,0,0,0,0,0,0,0,0,1
125535,0,0,0,0,0,0,0,0,1
125536,0,0,0,0,0,0,0,0,1
125537,0,0,0,0,0,0,0,0,1
125538,0,0,0,0,0,0,0,0,1
125539,0,0,0,0,0,0,0,0,1
125540,0,0,0,0,0,0,0,0,1
125541,0,0,0,0,0,0,0,0,1
125542,0,0,0,0,0,0,0,0,1
125543,0,0,0,0,0,0,0,0,1
125544,0,0,0,0,0,0,0,0,1
125545,0,0,0,0,0,0,0,0,1
125546,0,0,0,0,0,0,0,0,1
125547,0,0,0,0,0,0,0,0,1
125548,0,0,0,0,0,0,0,0,1
125549,0,0,0,0,0,0,0,0,1
125550,0,0,0,0,0,0,0,0,1
125551,0,0,0,0,0,0,0,0,1
125552,0,0,0,0,0,0,0,0,1
125553,0,0,0,0,0,0,0,0,1
125554,0,0,0,0,0,0,0,0,1
125555,0,0,0,0,0,0,0,0,1
125556,0,0,0,0,0,0,0,0,1
125557,0,0,0,0,0,0,0,0,1
125558,0,0,0,0,0,0,0,0,1
125559,0,0,0,0,0,0,0,0,1
125560,0,0,0,0,0,0,0,0,1
125561,0,0,0,0,0,0,0,0,1
125562,0,0,0,0,0,0,0,0,1
125563,0,0,0,0,0,0,0,0,1
125564,0,0,0,0,0,0,0,0,1
125565,0,0,0,0,0,0,0,0,1
125566,0,0,0,0,0,0,0,0,1
125567,0,0,0,0,0,0,0,0,1
125568,0,0,0,0,0,0,0,0,1
125569,0,0,0,0,0,0,0,0,1
125570,0,0,0,0,0,0,0,0,1
125571,0,0,0,0,0,0,0,0,1
125572,0,0,0,0,0,0,0,0,1
125573,0,0,0,0,0,0,0,0,1
125574,0,0,0,0,0,0,0,0,1
125575,0,0,0,0,0,0,0,0,1
125576,0,0,0,0,0,0,0,0,1
125577,0,0,0,0,0,0,0,0,1
125578,0,0,0,0,0,0,0,0,1
125579,0,0,0,0,0,0,0,0,1
125580,0,0,0,0,0,0,0,0,1
125581,0,0,0,0,0,0,0,0,1
125582,0,0,0,0,0,0,0,0,1
125583,0,0,0,0,0,0,0,0,1
125584,0,0,0,0,0,0,0,0,1
125585,0,0,0,0,0,0,0,0,1
125586,0,0,0,0,0,0,0,0,1
125587,0,0,0,0,0,0,0,0,1
125588,0,0,0,0,0,0,0,0,1
125589,0,0,0,0,0,0,0,0,1
125590,0,0,0,0,0,0,0,0,1
125591,0,0,0,0,0,0,0,0,1
125592,0,0,0,0,0,0,0,0,1
125593,0,0,0,0,0,0,0,0,1
125594,0,0,0,0,0,0,0,0,1
125595,0,0,0,0,0,0,0,0,1
125596,0,0,0,0,0,0,0,0,1
125597,0,0,0,0,0,0,0,0,1
125598,0,0,0,0,0,0,0,0,1
125599,0,0,0,0,0,0,0,0,1
125600,0,0,0,0,0,0,0,0,1
125601,0,0,0,0,0,0,0,0,1
125602,0,0,0,0,0,0,0,0,1
125603,0,0,0,0,0,0,0,0,1
125604,0,0,0,0,0,0,0,0,1
125605,0,0,0,0,0,0,0,0,1
125606,0,0,0,0,0,0,0,0,1
125607,0,0,0,0,0,0,0,0,1
125608,0,0,0,0,0,0,0,0,1
125609,0,0,0,0,0,0,0,0,1
125610,0,0,0,0,0,0,0,0,1
125611,0,0,0,0,0,0,0,0,1
125612,0,0,0,0,0,0,0,0,1
125613,0,0,0,0,0,0,0,0,1
125614,0,0,0,0,0,0,0,0,1
125615,0,0,0,0,0,0,0,0,1
125616,0,0,0,0,0,0,0,0,1
125617,0,0,0,0,0,0,0,0,1
125618,0,0,0,0,0,0,0,0,1
125619,0,0,0,0,0,0,0,0,1
125620,0,0,0,0,0,0,0,0,1
125621,0,0,0,0,0,0,0,0,1
125622,0,0,0,0,0,0,0,0,1
125623,0,0,0,0,0,0,0,0,1
125624,0,0,0,0,0,0,0,0,1
125625,0,0,0,0,0,0,0,0,1
125626,0,0,0,0,0,0,0,0,1
125627,0,0,0,0,0,0,0,0,1
125628,0,0,0,0,0,0,0,0,1
125629,0,0,0,0,0,0,0,0,1
125630,0,0,0,0,0,0,0,0,1
125631,0,0,0,0,0,0,0,0,1
125632,0,0,0,0,0,0,0,0,1
125633,0,0,0,0,0,0,0,0,1
125634,0,0,0,0,0,0,0,0,1
125635,0,0,0,0,0,0,0,0,1
125636,0,0,0,0,0,0,0,0,1
125637,0,0,0,0,0,0,0,0,1
125638,0,0,0,0,0,0,0,0,1
125639,0,0,0,0,0,0,0,0,1
125640,0,0,0,0,0,0,0,0,1
125641,0,0,0,0,0,0,0,0,1
125642,0,0,0,0,0,0,0,0,1
125643,0,0,0,0,0,0,0,0,1
125644,0,0,0,0,0,0,0,0,1
125645,0,0,0,0,0,0,0,0,1
125646,0,0,0,0,0,0,0,0,1
125647,0,0,0,0,0,0,0,0,1
125648,0,0,0,0,0,0,0,0,1
125649,0,0,0,0,0,0,0,0,1
125650,0,0,0,0,0,0,0,0,1
125651,0,0,0,0,0,0,0,0,1
125652,0,0,0,0,0,0,0,0,1
125653,0,0,0,0,0,0,0,0,1
125654,0,0,0,0,0,0,0,0,1
125655,0,0,0,0,0,0,0,0,1
125656,0,0,0,0,0,0,0,0,1
125657,0,0,0,0,0,0,0,0,1
125658,0,0,0,0,0,0,0,0,1
125659,0,0,0,0,0,0,0,0,1
125660,0,0,0,0,0,0,0,0,1
125661,0,0,0,0,0,0,0,0,1
125662,0,0,0,0,0,0,0,0,1
125663,0,0,0,0,0,0,0,0,1
125664,0,0,0,0,0,0,0,0,1
125665,0,0,0,0,0,0,0,0,1
125666,0,0,0,0,0,0,0,0,1
125667,0,0,0,0,0,0,0,0,1
125668,0,0,0,0,0,0,0,0,1
125669,0,0,0,0,0,0,0,0,1
125670,0,0,0,0,0,0,0,0,1
125671,0,0,0,0,0,0,0,0,1
125672,0,0,0,0,0,0,0,0,1
125673,0,0,0,0,0,0,0,0,1
125674,0,0,0,0,0,0,0,0,1
125675,0,0,0,0,0,0,0,0,1
125676,0,0,0,0,0,0,0,0,1
125677,0,0,0,0,0,0,0,0,1
125678,0,0,0,0,0,0,0,0,1
125679,0,0,0,0,0,0,0,0,1
125680,0,0,0,0,0,0,0,0,1
125681,0,0,0,0,0,0,0,0,1
125682,0,0,0,0,0,0,0,0,1
125683,0,0,0,0,0,0,0,0,1
125684,0,0,0,0,0,0,0,0,1
125685,0,0,0,0,0,0,0,0,1
125686,0,0,0,0,0,0,0,0,1
125687,0,0,0,0,0,0,0,0,1
125688,0,0,0,0,0,0,0,0,1
125689,0,0,0,0,0,0,0,0,1
125690,0,0,0,0,0,0,0,0,1
125691,0,0,0,0,0,0,0,0,1
125692,0,0,0,0,0,0,0,0,1
125693,0,0,0,0,0,0,0,0,1
125694,0,0,0,0,0,0,0,0,1
125695,0,0,0,0,0,0,0,0,1
125696,0,0,0,0,0,0,0,0,1
125697,0,0,0,0,0,0,0,0,1
125698,0,0,0,0,0,0,0,0,1
125699,0,0,0,0,0,0,0,0,1
125700,0,0,0,0,0,0,0,0,1
125701,0,0,0,0,0,0,0,0,1
125702,0,0,0,0,0,0,0,0,1
125703,0,0,0,0,0,0,0,0,1
125704,0,0,0,0,0,0,0,0,1
125705,0,0,0,0,0,0,0,0,1
125706,0,0,0,0,0,0,0,0,1
125707,0,0,0,0,0,0,0,0,1
125708,0,0,0,0,0,0,0,0,1
125709,0,0,0,0,0,0,0,0,1
125710,0,0,0,0,0,0,0,0,1
125711,0,0,0,0,0,0,0,0,1
125712,0,0,0,0,0,0,0,0,1
125713,0,0,0,0,0,0,0,0,1
125714,0,0,0,0,0,0,0,0,1
125715,0,0,0,0,0,0,0,0,1
125716,0,0,0,0,0,0,0,0,1
125717,0,0,0,0,0,0,0,0,1
125718,0,0,0,0,0,0,0,0,1
125719,0,0,0,0,0,0,0,0,1
125720,0,0,0,0,0,0,0,0,1
125721,0,0,0,0,0,0,0,0,1
125722,0,0,0,0,0,0,0,0,1
125723,0,0,0,0,0,0,0,0,1
125724,0,0,0,0,0,0,0,0,1
125725,0,0,0,0,0,0,0,0,1
125726,0,0,0,0,0,0,0,0,1
125727,0,0,0,0,0,0,0,0,1
125728,0,0,0,0,0,0,0,0,1
125729,0,0,0,0,0,0,0,0,1
125730,0,0,0,0,0,0,0,0,1
125731,0,0,0,0,0,0,0,0,1
125732,0,0,0,0,0,0,0,0,1
125733,0,0,0,0,0,0,0,0,1
125734,0,0,0,0,0,0,0,0,1
125735,0,0,0,0,0,0,0,0,1
125736,0,0,0,0,0,0,0,0,1
125737,0,0,0,0,0,0,0,0,1
125738,0,0,0,0,0,0,0,0,1
125739,0,0,0,0,0,0,0,0,1
125740,0,0,0,0,0,0,0,0,1
125741,0,0,0,0,0,0,0,0,1
125742,0,0,0,0,0,0,0,0,1
125743,0,0,0,0,0,0,0,0,1
125744,0,0,0,0,0,0,0,0,1
125745,0,0,0,0,0,0,0,0,1
125746,0,0,0,0,0,0,0,0,1
125747,0,0,0,0,0,0,0,0,1
125748,0,0,0,0,0,0,0,0,1
125749,0,0,0,0,0,0,0,0,1
125750,0,0,0,0,0,0,0,0,1
125751,0,0,0,0,0,0,0,0,1
125752,0,0,0,0,0,0,0,0,1
125753,0,0,0,0,0,0,0,0,1
125754,0,0,0,0,0,0,0,0,1
125755,0,0,0,0,0,0,0,0,1
125756,0,0,0,0,0,0,0,0,1
125757,0,0,0,0,0,0,0,0,1
125758,0,0,0,0,0,0,0,0,1
125759,0,0,0,0,0,0,0,0,1
125760,0,0,0,0,0,0,0,0,1
125761,0,0,0,0,0,0,0,0,1
125762,0,0,0,0,0,0,0,0,1
125763,0,0,0,0,0,0,0,0,1
125764,0,0,0,0,0,0,0,0,1
125765,0,0,0,0,0,0,0,0,1
125766,0,0,0,0,0,0,0,0,1
125767,0,0,0,0,0,0,0,0,1
125768,0,0,0,0,0,0,0,0,1
125769,0,0,0,0,0,0,0,0,1
125770,0,0,0,0,0,0,0,0,1
125771,0,0,0,0,0,0,0,0,1
125772,0,0,0,0,0,0,0,0,1
125773,0,0,0,0,0,0,0,0,1
125774,0,0,0,0,0,0,0,0,1
125775,0,0,0,0,0,0,0,0,1
125776,0,0,0,0,0,0,0,0,1
125777,0,0,0,0,0,0,0,0,1
125778,0,0,0,0,0,0,0,0,1
125779,0,0,0,0,0,0,0,0,1
125780,0,0,0,0,0,0,0,0,1
125781,0,0,0,0,0,0,0,0,1
125782,0,0,0,0,0,0,0,0,1
125783,0,0,0,0,0,0,0,0,1
125784,0,0,0,0,0,0,0,0,1
125785,0,0,0,0,0,0,0,0,1
125786,0,0,0,0,0,0,0,0,1
125787,0,0,0,0,0,0,0,0,1
125788,0,0,0,0,0,0,0,0,1
125789,0,0,0,0,0,0,0,0,1
125790,0,0,0,0,0,0,0,0,1
125791,0,0,0,0,0,0,0,0,1
125792,0,0,0,0,0,0,0,0,1
125793,0,0,0,0,0,0,0,0,1
125794,0,0,0,0,0,0,0,0,1
125795,0,0,0,0,0,0,0,0,1
125796,0,0,0,0,0,0,0,0,1
125797,0,0,0,0,0,0,0,0,1
125798,0,0,0,0,0,0,0,0,1
125799,0,0,0,0,0,0,0,0,1
125800,0,0,0,0,0,0,0,0,1
125801,0,0,0,0,0,0,0,0,1
125802,0,0,0,0,0,0,0,0,1
125803,0,0,0,0,0,0,0,0,1
125804,0,0,0,0,0,0,0,0,1
125805,0,0,0,0,0,0,0,0,1
125806,0,0,0,0,0,0,0,0,1
125807,0,0,0,0,0,0,0,0,1
125808,0,0,0,0,0,0,0,0,1
125809,0,0,0,0,0,0,0,0,1
125810,0,0,0,0,0,0,0,0,1
125811,0,0,0,0,0,0,0,0,1
125812,0,0,0,0,0,0,0,0,1
125813,0,0,0,0,0,0,0,0,1
125814,0,0,0,0,0,0,0,0,1
125815,0,0,0,0,0,0,0,0,1
125816,0,0,0,0,0,0,0,0,1
125817,0,0,0,0,0,0,0,0,1
125818,0,0,0,0,0,0,0,0,1
125819,0,0,0,0,0,0,0,0,1
125820,0,0,0,0,0,0,0,0,1
125821,0,0,0,0,0,0,0,0,1
125822,0,0,0,0,0,0,0,0,1
125823,0,0,0,0,0,0,0,0,1
125824,0,0,0,0,0,0,0,0,1
125825,0,0,0,0,0,0,0,0,1
125826,0,0,0,0,0,0,0,0,1
125827,0,0,0,0,0,0,0,0,1
125828,0,0,0,0,0,0,0,0,1
125829,0,0,0,0,0,0,0,0,1
125830,0,0,0,0,0,0,0,0,1
125831,0,0,0,0,0,0,0,0,1
125832,0,0,0,0,0,0,0,0,1
125833,0,0,0,0,0,0,0,0,1
125834,0,0,0,0,0,0,0,0,1
125835,0,0,0,0,0,0,0,0,1
125836,0,0,0,0,0,0,0,0,1
125837,0,0,0,0,0,0,0,0,1
125838,0,0,0,0,0,0,0,0,1
125839,0,0,0,0,0,0,0,0,1
125840,0,0,0,0,0,0,0,0,1
125841,0,0,0,0,0,0,0,0,1
125842,0,0,0,0,0,0,0,0,1
125843,0,0,0,0,0,0,0,0,1
125844,0,0,0,0,0,0,0,0,1
125845,0,0,0,0,0,0,0,0,1
125846,0,0,0,0,0,0,0,0,1
125847,0,0,0,0,0,0,0,0,1
125848,0,0,0,0,0,0,0,0,1
125849,0,0,0,0,0,0,0,0,1
125850,0,0,0,0,0,0,0,0,1
125851,0,0,0,0,0,0,0,0,1
125852,0,0,0,0,0,0,0,0,1
125853,0,0,0,0,0,0,0,0,1
125854,0,0,0,0,0,0,0,0,1
125855,0,0,0,0,0,0,0,0,1
125856,0,0,0,0,0,0,0,0,1
125857,0,0,0,0,0,0,0,0,1
125858,0,0,0,0,0,0,0,0,1
125859,0,0,0,0,0,0,0,0,1
125860,0,0,0,0,0,0,0,0,1
125861,0,0,0,0,0,0,0,0,1
125862,0,0,0,0,0,0,0,0,1
125863,0,0,0,0,0,0,0,0,1
125864,0,0,0,0,0,0,0,0,1
125865,0,0,0,0,0,0,0,0,1
125866,0,0,0,0,0,0,0,0,1
125867,0,0,0,0,0,0,0,0,1
125868,0,0,0,0,0,0,0,0,1
125869,0,0,0,0,0,0,0,0,1
125870,0,0,0,0,0,0,0,0,1
125871,0,0,0,0,0,0,0,0,1
125872,0,0,0,0,0,0,0,0,1
125873,0,0,0,0,0,0,0,0,1
125874,0,0,0,0,0,0,0,0,1
125875,0,0,0,0,0,0,0,0,1
125876,0,0,0,0,0,0,0,0,1
125877,0,0,0,0,0,0,0,0,1
125878,0,0,0,0,0,0,0,0,1
125879,0,0,0,0,0,0,0,0,1
125880,0,0,0,0,0,0,0,0,1
125881,0,0,0,0,0,0,0,0,1
125882,0,0,0,0,0,0,0,0,1
125883,0,0,0,0,0,0,0,0,1
125884,0,0,0,0,0,0,0,0,1
125885,0,0,0,0,0,0,0,0,1
125886,0,0,0,0,0,0,0,0,1
125887,0,0,0,0,0,0,0,0,1
125888,0,0,0,0,0,0,0,0,1
125889,0,0,0,0,0,0,0,0,1
125890,0,0,0,0,0,0,0,0,1
125891,0,0,0,0,0,0,0,0,1
125892,0,0,0,0,0,0,0,0,1
125893,0,0,0,0,0,0,0,0,1
125894,0,0,0,0,0,0,0,0,1
125895,0,0,0,0,0,0,0,0,1
125896,0,0,0,0,0,0,0,0,1
125897,0,0,0,0,0,0,0,0,1
125898,0,0,0,0,0,0,0,0,1
125899,0,0,0,0,0,0,0,0,1
125900,0,0,0,0,0,0,0,0,1
125901,0,0,0,0,0,0,0,0,1
125902,0,0,0,0,0,0,0,0,1
125903,0,0,0,0,0,0,0,0,1
125904,0,0,0,0,0,0,0,0,1
125905,0,0,0,0,0,0,0,0,1
125906,0,0,0,0,0,0,0,0,1
125907,0,0,0,0,0,0,0,0,1
125908,0,0,0,0,0,0,0,0,1
125909,0,0,0,0,0,0,0,0,1
125910,0,0,0,0,0,0,0,0,1
125911,0,0,0,0,0,0,0,0,1
125912,0,0,0,0,0,0,0,0,1
125913,0,0,0,0,0,0,0,0,1
125914,0,0,0,0,0,0,0,0,1
125915,0,0,0,0,0,0,0,0,1
125916,0,0,0,0,0,0,0,0,1
125917,0,0,0,0,0,0,0,0,1
125918,0,0,0,0,0,0,0,0,1
125919,0,0,0,0,0,0,0,0,1
125920,0,0,0,0,0,0,0,0,1
125921,0,0,0,0,0,0,0,0,1
125922,0,0,0,0,0,0,0,0,1
125923,0,0,0,0,0,0,0,0,1
125924,0,0,0,0,0,0,0,0,1
125925,0,0,0,0,0,0,0,0,1
125926,0,0,0,0,0,0,0,0,1
125927,0,0,0,0,0,0,0,0,1
125928,0,0,0,0,0,0,0,0,1
125929,0,0,0,0,0,0,0,0,1
125930,0,0,0,0,0,0,0,0,1
125931,0,0,0,0,0,0,0,0,1
125932,0,0,0,0,0,0,0,0,1
125933,0,0,0,0,0,0,0,0,1
125934,0,0,0,0,0,0,0,0,1
125935,0,0,0,0,0,0,0,0,1
125936,0,0,0,0,0,0,0,0,1
125937,0,0,0,0,0,0,0,0,1
125938,0,0,0,0,0,0,0,0,1
125939,0,0,0,0,0,0,0,0,1
125940,0,0,0,0,0,0,0,0,1
125941,0,0,0,0,0,0,0,0,1
125942,0,0,0,0,0,0,0,0,1
125943,0,0,0,0,0,0,0,0,1
125944,0,0,0,0,0,0,0,0,1
125945,0,0,0,0,0,0,0,0,1
125946,0,0,0,0,0,0,0,0,1
125947,0,0,0,0,0,0,0,0,1
125948,0,0,0,0,0,0,0,0,1
125949,0,0,0,0,0,0,0,0,1
125950,0,0,0,0,0,0,0,0,1
125951,0,0,0,0,0,0,0,0,1
125952,0,0,0,0,0,0,0,0,1
125953,0,0,0,0,0,0,0,0,1
125954,0,0,0,0,0,0,0,0,1
125955,0,0,0,0,0,0,0,0,1
125956,0,0,0,0,0,0,0,0,1
125957,0,0,0,0,0,0,0,0,1
125958,0,0,0,0,0,0,0,0,1
125959,0,0,0,0,0,0,0,0,1
125960,0,0,0,0,0,0,0,0,1
125961,0,0,0,0,0,0,0,0,1
125962,0,0,0,0,0,0,0,0,1
125963,0,0,0,0,0,0,0,0,1
125964,0,0,0,0,0,0,0,0,1
125965,0,0,0,0,0,0,0,0,1
125966,0,0,0,0,0,0,0,0,1
125967,0,0,0,0,0,0,0,0,1
125968,0,0,0,0,0,0,0,0,1
125969,0,0,0,0,0,0,0,0,1
125970,0,0,0,0,0,0,0,0,1
125971,0,0,0,0,0,0,0,0,1
125972,0,0,0,0,0,0,0,0,1
125973,0,0,0,0,0,0,0,0,1
125974,0,0,0,0,0,0,0,0,1
125975,0,0,0,0,0,0,0,0,1
125976,0,0,0,0,0,0,0,0,1
125977,0,0,0,0,0,0,0,0,1
125978,0,0,0,0,0,0,0,0,1
125979,0,0,0,0,0,0,0,0,1
125980,0,0,0,0,0,0,0,0,1
125981,0,0,0,0,0,0,0,0,1
125982,0,0,0,0,0,0,0,0,1
125983,0,0,0,0,0,0,0,0,1
125984,0,0,0,0,0,0,0,0,1
125985,0,0,0,0,0,0,0,0,1
125986,0,0,0,0,0,0,0,0,1
125987,0,0,0,0,0,0,0,0,1
125988,0,0,0,0,0,0,0,0,1
125989,0,0,0,0,0,0,0,0,1
125990,0,0,0,0,0,0,0,0,1
125991,0,0,0,0,0,0,0,0,1
125992,0,0,0,0,0,0,0,0,1
125993,0,0,0,0,0,0,0,0,1
125994,0,0,0,0,0,0,0,0,1
125995,0,0,0,0,0,0,0,0,1
125996,0,0,0,0,0,0,0,0,1
125997,0,0,0,0,0,0,0,0,1
125998,0,0,0,0,0,0,0,0,1
125999,0,0,0,0,0,0,0,0,1
126000,0,0,0,0,0,0,0,0,1
126001,0,0,0,0,0,0,0,0,1
126002,0,0,0,0,0,0,0,0,1
126003,0,0,0,0,0,0,0,0,1
126004,0,0,0,0,0,0,0,0,1
126005,0,0,0,0,0,0,0,0,1
126006,0,0,0,0,0,0,0,0,1
126007,0,0,0,0,0,0,0,0,1
126008,0,0,0,0,0,0,0,0,1
126009,0,0,0,0,0,0,0,0,1
126010,0,0,0,0,0,0,0,0,1
126011,0,0,0,0,0,0,0,0,1
126012,0,0,0,0,0,0,0,0,1
126013,0,0,0,0,0,0,0,0,1
126014,0,0,0,0,0,0,0,0,1
126015,0,0,0,0,0,0,0,0,1
126016,0,0,0,0,0,0,0,0,1
126017,0,0,0,0,0,0,0,0,1
126018,0,0,0,0,0,0,0,0,1
126019,0,0,0,0,0,0,0,0,1
126020,0,0,0,0,0,0,0,0,1
126021,0,0,0,0,0,0,0,0,1
126022,0,0,0,0,0,0,0,0,1
126023,0,0,0,0,0,0,0,0,1
126024,0,0,0,0,0,0,0,0,1
126025,0,0,0,0,0,0,0,0,1
126026,0,0,0,0,0,0,0,0,1
126027,0,0,0,0,0,0,0,0,1
126028,0,0,0,0,0,0,0,0,1
126029,0,0,0,0,0,0,0,0,1
126030,0,0,0,0,0,0,0,0,1
126031,0,0,0,0,0,0,0,0,1
126032,0,0,0,0,0,0,0,0,1
126033,0,0,0,0,0,0,0,0,1
126034,0,0,0,0,0,0,0,0,1
126035,0,0,0,0,0,0,0,0,1
126036,0,0,0,0,0,0,0,0,1
126037,0,0,0,0,0,0,0,0,1
126038,0,0,0,0,0,0,0,0,1
126039,0,0,0,0,0,0,0,0,1
126040,0,0,0,0,0,0,0,0,1
126041,0,0,0,0,0,0,0,0,1
126042,0,0,0,0,0,0,0,0,1
126043,0,0,0,0,0,0,0,0,1
126044,0,0,0,0,0,0,0,0,1
126045,0,0,0,0,0,0,0,0,1
126046,0,0,0,0,0,0,0,0,1
126047,0,0,0,0,0,0,0,0,1
126048,0,0,0,0,0,0,0,0,1
126049,0,0,0,0,0,0,0,0,1
126050,0,0,0,0,0,0,0,0,1
126051,0,0,0,0,0,0,0,0,1
126052,0,0,0,0,0,0,0,0,1
126053,0,0,0,0,0,0,0,0,1
126054,0,0,0,0,0,0,0,0,1
126055,0,0,0,0,0,0,0,0,1
126056,0,0,0,0,0,0,0,0,1
126057,0,0,0,0,0,0,0,0,1
126058,0,0,0,0,0,0,0,0,1
126059,0,0,0,0,0,0,0,0,1
126060,0,0,0,0,0,0,0,0,1
126061,0,0,0,0,0,0,0,0,1
126062,0,0,0,0,0,0,0,0,1
126063,0,0,0,0,0,0,0,0,1
126064,0,0,0,0,0,0,0,0,1
126065,0,0,0,0,0,0,0,0,1
126066,0,0,0,0,0,0,0,0,1
126067,0,0,0,0,0,0,0,0,1
126068,0,0,0,0,0,0,0,0,1
126069,0,0,0,0,0,0,0,0,1
126070,0,0,0,0,0,0,0,0,1
126071,0,0,0,0,0,0,0,0,1
126072,0,0,0,0,0,0,0,0,1
126073,0,0,0,0,0,0,0,0,1
126074,0,0,0,0,0,0,0,0,1
126075,0,0,0,0,0,0,0,0,1
126076,0,0,0,0,0,0,0,0,1
126077,0,0,0,0,0,0,0,0,1
126078,0,0,0,0,0,0,0,0,1
126079,0,0,0,0,0,0,0,0,1
126080,0,0,0,0,0,0,0,0,1
126081,0,0,0,0,0,0,0,0,1
126082,0,0,0,0,0,0,0,0,1
126083,0,0,0,0,0,0,0,0,1
126084,0,0,0,0,0,0,0,0,1
126085,0,0,0,0,0,0,0,0,1
126086,0,0,0,0,0,0,0,0,1
126087,0,0,0,0,0,0,0,0,1
126088,0,0,0,0,0,0,0,0,1
126089,0,0,0,0,0,0,0,0,1
126090,0,0,0,0,0,0,0,0,1
126091,0,0,0,0,0,0,0,0,1
126092,0,0,0,0,0,0,0,0,1
126093,0,0,0,0,0,0,0,0,1
126094,0,0,0,0,0,0,0,0,1
126095,0,0,0,0,0,0,0,0,1
126096,0,0,0,0,0,0,0,0,1
126097,0,0,0,0,0,0,0,0,1
126098,0,0,0,0,0,0,0,0,1
126099,0,0,0,0,0,0,0,0,1
126100,0,0,0,0,0,0,0,0,1
126101,0,0,0,0,0,0,0,0,1
126102,0,0,0,0,0,0,0,0,1
126103,0,0,0,0,0,0,0,0,1
126104,0,0,0,0,0,0,0,0,1
126105,0,0,0,0,0,0,0,0,1
126106,0,0,0,0,0,0,0,0,1
126107,0,0,0,0,0,0,0,0,1
126108,0,0,0,0,0,0,0,0,1
126109,0,0,0,0,0,0,0,0,1
126110,0,0,0,0,0,0,0,0,1
126111,0,0,0,0,0,0,0,0,1
126112,0,0,0,0,0,0,0,0,1
126113,0,0,0,0,0,0,0,0,1
126114,0,0,0,0,0,0,0,0,1
126115,0,0,0,0,0,0,0,0,1
126116,0,0,0,0,0,0,0,0,1
126117,0,0,0,0,0,0,0,0,1
126118,0,0,0,0,0,0,0,0,1
126119,0,0,0,0,0,0,0,0,1
126120,0,0,0,0,0,0,0,0,1
126121,0,0,0,0,0,0,0,0,1
126122,0,0,0,0,0,0,0,0,1
126123,0,0,0,0,0,0,0,0,1
126124,0,0,0,0,0,0,0,0,1
126125,0,0,0,0,0,0,0,0,1
126126,0,0,0,0,0,0,0,0,1
126127,0,0,0,0,0,0,0,0,1
126128,0,0,0,0,0,0,0,0,1
126129,0,0,0,0,0,0,0,0,1
126130,0,0,0,0,0,0,0,0,1
126131,0,0,0,0,0,0,0,0,1
126132,0,0,0,0,0,0,0,0,1
126133,0,0,0,0,0,0,0,0,1
126134,0,0,0,0,0,0,0,0,1
126135,0,0,0,0,0,0,0,0,1
126136,0,0,0,0,0,0,0,0,1
126137,0,0,0,0,0,0,0,0,1
126138,0,0,0,0,0,0,0,0,1
126139,0,0,0,0,0,0,0,0,1
126140,0,0,0,0,0,0,0,0,1
126141,0,0,0,0,0,0,0,0,1
126142,0,0,0,0,0,0,0,0,1
126143,0,0,0,0,0,0,0,0,1
126144,0,0,0,0,0,0,0,0,1
126145,0,0,0,0,0,0,0,0,1
126146,0,0,0,0,0,0,0,0,1
126147,0,0,0,0,0,0,0,0,1
126148,0,0,0,0,0,0,0,0,1
126149,0,0,0,0,0,0,0,0,1
126150,0,0,0,0,0,0,0,0,1
126151,0,0,0,0,0,0,0,0,1
126152,0,0,0,0,0,0,0,0,1
126153,0,0,0,0,0,0,0,0,1
126154,0,0,0,0,0,0,0,0,1
126155,0,0,0,0,0,0,0,0,1
126156,0,0,0,0,0,0,0,0,1
126157,0,0,0,0,0,0,0,0,1
126158,0,0,0,0,0,0,0,0,1
126159,0,0,0,0,0,0,0,0,1
126160,0,0,0,0,0,0,0,0,1
126161,0,0,0,0,0,0,0,0,1
126162,0,0,0,0,0,0,0,0,1
126163,0,0,0,0,0,0,0,0,1
126164,0,0,0,0,0,0,0,0,1
126165,0,0,0,0,0,0,0,0,1
126166,0,0,0,0,0,0,0,0,1
126167,0,0,0,0,0,0,0,0,1
126168,0,0,0,0,0,0,0,0,1
126169,0,0,0,0,0,0,0,0,1
126170,0,0,0,0,0,0,0,0,1
126171,0,0,0,0,0,0,0,0,1
126172,0,0,0,0,0,0,0,0,1
126173,0,0,0,0,0,0,0,0,1
126174,0,0,0,0,0,0,0,0,1
126175,0,0,0,0,0,0,0,0,1
126176,0,0,0,0,0,0,0,0,1
126177,0,0,0,0,0,0,0,0,1
126178,0,0,0,0,0,0,0,0,1
126179,0,0,0,0,0,0,0,0,1
126180,0,0,0,0,0,0,0,0,1
126181,0,0,0,0,0,0,0,0,1
126182,0,0,0,0,0,0,0,0,1
126183,0,0,0,0,0,0,0,0,1
126184,0,0,0,0,0,0,0,0,1
126185,0,0,0,0,0,0,0,0,1
126186,0,0,0,0,0,0,0,0,1
126187,0,0,0,0,0,0,0,0,1
126188,0,0,0,0,0,0,0,0,1
126189,0,0,0,0,0,0,0,0,1
126190,0,0,0,0,0,0,0,0,1
126191,0,0,0,0,0,0,0,0,1
126192,0,0,0,0,0,0,0,0,1
126193,0,0,0,0,0,0,0,0,1
126194,0,0,0,0,0,0,0,0,1
126195,0,0,0,0,0,0,0,0,1
126196,0,0,0,0,0,0,0,0,1
126197,0,0,0,0,0,0,0,0,1
126198,0,0,0,0,0,0,0,0,1
126199,0,0,0,0,0,0,0,0,1
126200,0,0,0,0,0,0,0,0,1
126201,0,0,0,0,0,0,0,0,1
126202,0,0,0,0,0,0,0,0,1
126203,0,0,0,0,0,0,0,0,1
126204,0,0,0,0,0,0,0,0,1
126205,0,0,0,0,0,0,0,0,1
126206,0,0,0,0,0,0,0,0,1
126207,0,0,0,0,0,0,0,0,1
126208,0,0,0,0,0,0,0,0,1
126209,0,0,0,0,0,0,0,0,1
126210,0,0,0,0,0,0,0,0,1
126211,0,0,0,0,0,0,0,0,1
126212,0,0,0,0,0,0,0,0,1
126213,0,0,0,0,0,0,0,0,1
126214,0,0,0,0,0,0,0,0,1
126215,0,0,0,0,0,0,0,0,1
126216,0,0,0,0,0,0,0,0,1
126217,0,0,0,0,0,0,0,0,1
126218,0,0,0,0,0,0,0,0,1
126219,0,0,0,0,0,0,0,0,1
126220,0,0,0,0,0,0,0,0,1
126221,0,0,0,0,0,0,0,0,1
126222,0,0,0,0,0,0,0,0,1
126223,0,0,0,0,0,0,0,0,1
126224,0,0,0,0,0,0,0,0,1
126225,0,0,0,0,0,0,0,0,1
126226,0,0,0,0,0,0,0,0,1
126227,0,0,0,0,0,0,0,0,1
126228,0,0,0,0,0,0,0,0,1
126229,0,0,0,0,0,0,0,0,1
126230,0,0,0,0,0,0,0,0,1
126231,0,0,0,0,0,0,0,0,1
126232,0,0,0,0,0,0,0,0,1
126233,0,0,0,0,0,0,0,0,1
126234,0,0,0,0,0,0,0,0,1
126235,0,0,0,0,0,0,0,0,1
126236,0,0,0,0,0,0,0,0,1
126237,0,0,0,0,0,0,0,0,1
126238,0,0,0,0,0,0,0,0,1
126239,0,0,0,0,0,0,0,0,1
126240,0,0,0,0,0,0,0,0,1
126241,0,0,0,0,0,0,0,0,1
126242,0,0,0,0,0,0,0,0,1
126243,0,0,0,0,0,0,0,0,1
126244,0,0,0,0,0,0,0,0,1
126245,0,0,0,0,0,0,0,0,1
126246,0,0,0,0,0,0,0,0,1
126247,0,0,0,0,0,0,0,0,1
126248,0,0,0,0,0,0,0,0,1
126249,0,0,0,0,0,0,0,0,1
126250,0,0,0,0,0,0,0,0,1
126251,0,0,0,0,0,0,0,0,1
126252,0,0,0,0,0,0,0,0,1
126253,0,0,0,0,0,0,0,0,1
126254,0,0,0,0,0,0,0,0,1
126255,0,0,0,0,0,0,0,0,1
126256,0,0,0,0,0,0,0,0,1
126257,0,0,0,0,0,0,0,0,1
126258,0,0,0,0,0,0,0,0,1
126259,0,0,0,0,0,0,0,0,1
126260,0,0,0,0,0,0,0,0,1
126261,0,0,0,0,0,0,0,0,1
126262,0,0,0,0,0,0,0,0,1
126263,0,0,0,0,0,0,0,0,1
126264,0,0,0,0,0,0,0,0,1
126265,0,0,0,0,0,0,0,0,1
126266,0,0,0,0,0,0,0,0,1
126267,0,0,0,0,0,0,0,0,1
126268,0,0,0,0,0,0,0,0,1
126269,0,0,0,0,0,0,0,0,1
126270,0,0,0,0,0,0,0,0,1
126271,0,0,0,0,0,0,0,0,1
126272,0,0,0,0,0,0,0,0,1
126273,0,0,0,0,0,0,0,0,1
126274,0,0,0,0,0,0,0,0,1
126275,0,0,0,0,0,0,0,0,1
126276,0,0,0,0,0,0,0,0,1
126277,0,0,0,0,0,0,0,0,1
126278,0,0,0,0,0,0,0,0,1
126279,0,0,0,0,0,0,0,0,1
126280,0,0,0,0,0,0,0,0,1
126281,0,0,0,0,0,0,0,0,1
126282,0,0,0,0,0,0,0,0,1
126283,0,0,0,0,0,0,0,0,1
126284,0,0,0,0,0,0,0,0,1
126285,0,0,0,0,0,0,0,0,1
126286,0,0,0,0,0,0,0,0,1
126287,0,0,0,0,0,0,0,0,1
126288,0,0,0,0,0,0,0,0,1
126289,0,0,0,0,0,0,0,0,1
126290,0,0,0,0,0,0,0,0,1
126291,0,0,0,0,0,0,0,0,1
126292,0,0,0,0,0,0,0,0,1
126293,0,0,0,0,0,0,0,0,1
126294,0,0,0,0,0,0,0,0,1
126295,0,0,0,0,0,0,0,0,1
126296,0,0,0,0,0,0,0,0,1
126297,0,0,0,0,0,0,0,0,1
126298,0,0,0,0,0,0,0,0,1
126299,0,0,0,0,0,0,0,0,1
126300,0,0,0,0,0,0,0,0,1
126301,0,0,0,0,0,0,0,0,1
126302,0,0,0,0,0,0,0,0,1
126303,0,0,0,0,0,0,0,0,1
126304,0,0,0,0,0,0,0,0,1
126305,0,0,0,0,0,0,0,0,1
126306,0,0,0,0,0,0,0,0,1
126307,0,0,0,0,0,0,0,0,1
126308,0,0,0,0,0,0,0,0,1
126309,0,0,0,0,0,0,0,0,1
126310,0,0,0,0,0,0,0,0,1
126311,0,0,0,0,0,0,0,0,1
126312,0,0,0,0,0,0,0,0,1
126313,0,0,0,0,0,0,0,0,1
126314,0,0,0,0,0,0,0,0,1
126315,0,0,0,0,0,0,0,0,1
126316,0,0,0,0,0,0,0,0,1
126317,0,0,0,0,0,0,0,0,1
126318,0,0,0,0,0,0,0,0,1
126319,0,0,0,0,0,0,0,0,1
126320,0,0,0,0,0,0,0,0,1
126321,0,0,0,0,0,0,0,0,1
126322,0,0,0,0,0,0,0,0,1
126323,0,0,0,0,0,0,0,0,1
126324,0,0,0,0,0,0,0,0,1
126325,0,0,0,0,0,0,0,0,1
126326,0,0,0,0,0,0,0,0,1
126327,0,0,0,0,0,0,0,0,1
126328,0,0,0,0,0,0,0,0,1
126329,0,0,0,0,0,0,0,0,1
126330,0,0,0,0,0,0,0,0,1
126331,0,0,0,0,0,0,0,0,1
126332,0,0,0,0,0,0,0,0,1
126333,0,0,0,0,0,0,0,0,1
126334,0,0,0,0,0,0,0,0,1
126335,0,0,0,0,0,0,0,0,1
126336,0,0,0,0,0,0,0,0,1
126337,0,0,0,0,0,0,0,0,1
126338,0,0,0,0,0,0,0,0,1
126339,0,0,0,0,0,0,0,0,1
126340,0,0,0,0,0,0,0,0,1
126341,0,0,0,0,0,0,0,0,1
126342,0,0,0,0,0,0,0,0,1
126343,0,0,0,0,0,0,0,0,1
126344,0,0,0,0,0,0,0,0,1
126345,0,0,0,0,0,0,0,0,1
126346,0,0,0,0,0,0,0,0,1
126347,0,0,0,0,0,0,0,0,1
126348,0,0,0,0,0,0,0,0,1
126349,0,0,0,0,0,0,0,0,1
126350,0,0,0,0,0,0,0,0,1
126351,0,0,0,0,0,0,0,0,1
126352,0,0,0,0,0,0,0,0,1
126353,0,0,0,0,0,0,0,0,1
126354,0,0,0,0,0,0,0,0,1
126355,0,0,0,0,0,0,0,0,1
126356,0,0,0,0,0,0,0,0,1
126357,0,0,0,0,0,0,0,0,1
126358,0,0,0,0,0,0,0,0,1
126359,0,0,0,0,0,0,0,0,1
126360,0,0,0,0,0,0,0,0,1
126361,0,0,0,0,0,0,0,0,1
126362,0,0,0,0,0,0,0,0,1
126363,0,0,0,0,0,0,0,0,1
126364,0,0,0,0,0,0,0,0,1
126365,0,0,0,0,0,0,0,0,1
126366,0,0,0,0,0,0,0,0,1
126367,0,0,0,0,0,0,0,0,1
126368,0,0,0,0,0,0,0,0,1
126369,0,0,0,0,0,0,0,0,1
126370,0,0,0,0,0,0,0,0,1
126371,0,0,0,0,0,0,0,0,1
126372,0,0,0,0,0,0,0,0,1
126373,0,0,0,0,0,0,0,0,1
126374,0,0,0,0,0,0,0,0,1
126375,0,0,0,0,0,0,0,0,1
126376,0,0,0,0,0,0,0,0,1
126377,0,0,0,0,0,0,0,0,1
126378,0,0,0,0,0,0,0,0,1
126379,0,0,0,0,0,0,0,0,1
126380,0,0,0,0,0,0,0,0,1
126381,0,0,0,0,0,0,0,0,1
126382,0,0,0,0,0,0,0,0,1
126383,0,0,0,0,0,0,0,0,1
126384,0,0,0,0,0,0,0,0,1
126385,0,0,0,0,0,0,0,0,1
126386,0,0,0,0,0,0,0,0,1
126387,0,0,0,0,0,0,0,0,1
126388,0,0,0,0,0,0,0,0,1
126389,0,0,0,0,0,0,0,0,1
126390,0,0,0,0,0,0,0,0,1
126391,0,0,0,0,0,0,0,0,1
126392,0,0,0,0,0,0,0,0,1
126393,0,0,0,0,0,0,0,0,1
126394,0,0,0,0,0,0,0,0,1
126395,0,0,0,0,0,0,0,0,1
126396,0,0,0,0,0,0,0,0,1
126397,0,0,0,0,0,0,0,0,1
126398,0,0,0,0,0,0,0,0,1
126399,0,0,0,0,0,0,0,0,1
126400,0,0,0,0,0,0,0,0,1
126401,0,0,0,0,0,0,0,0,1
126402,0,0,0,0,0,0,0,0,1
126403,0,0,0,0,0,0,0,0,1
126404,0,0,0,0,0,0,0,0,1
126405,0,0,0,0,0,0,0,0,1
126406,0,0,0,0,0,0,0,0,1
126407,0,0,0,0,0,0,0,0,1
126408,0,0,0,0,0,0,0,0,1
126409,0,0,0,0,0,0,0,0,1
126410,0,0,0,0,0,0,0,0,1
126411,0,0,0,0,0,0,0,0,1
126412,0,0,0,0,0,0,0,0,1
126413,0,0,0,0,0,0,0,0,1
126414,0,0,0,0,0,0,0,0,1
126415,0,0,0,0,0,0,0,0,1
126416,0,0,0,0,0,0,0,0,1
126417,0,0,0,0,0,0,0,0,1
126418,0,0,0,0,0,0,0,0,1
126419,0,0,0,0,0,0,0,0,1
126420,0,0,0,0,0,0,0,0,1
126421,0,0,0,0,0,0,0,0,1
126422,0,0,0,0,0,0,0,0,1
126423,0,0,0,0,0,0,0,0,1
126424,0,0,0,0,0,0,0,0,1
126425,0,0,0,0,0,0,0,0,1
126426,0,0,0,0,0,0,0,0,1
126427,0,0,0,0,0,0,0,0,1
126428,0,0,0,0,0,0,0,0,1
126429,0,0,0,0,0,0,0,0,1
126430,0,0,0,0,0,0,0,0,1
126431,0,0,0,0,0,0,0,0,1
126432,0,0,0,0,0,0,0,0,1
126433,0,0,0,0,0,0,0,0,1
126434,0,0,0,0,0,0,0,0,1
126435,0,0,0,0,0,0,0,0,1
126436,0,0,0,0,0,0,0,0,1
126437,0,0,0,0,0,0,0,0,1
126438,0,0,0,0,0,0,0,0,1
126439,0,0,0,0,0,0,0,0,1
126440,0,0,0,0,0,0,0,0,1
126441,0,0,0,0,0,0,0,0,1
126442,0,0,0,0,0,0,0,0,1
126443,0,0,0,0,0,0,0,0,1
126444,0,0,0,0,0,0,0,0,1
126445,0,0,0,0,0,0,0,0,1
126446,0,0,0,0,0,0,0,0,1
126447,0,0,0,0,0,0,0,0,1
126448,0,0,0,0,0,0,0,0,1
126449,0,0,0,0,0,0,0,0,1
126450,0,0,0,0,0,0,0,0,1
126451,0,0,0,0,0,0,0,0,1
126452,0,0,0,0,0,0,0,0,1
126453,0,0,0,0,0,0,0,0,1
126454,0,0,0,0,0,0,0,0,1
126455,0,0,0,0,0,0,0,0,1
126456,0,0,0,0,0,0,0,0,1
126457,0,0,0,0,0,0,0,0,1
126458,0,0,0,0,0,0,0,0,1
126459,0,0,0,0,0,0,0,0,1
126460,0,0,0,0,0,0,0,0,1
126461,0,0,0,0,0,0,0,0,1
126462,0,0,0,0,0,0,0,0,1
126463,0,0,0,0,0,0,0,0,1
126464,0,0,0,0,0,0,0,0,1
126465,0,0,0,0,0,0,0,0,1
126466,0,0,0,0,0,0,0,0,1
126467,0,0,0,0,0,0,0,0,1
126468,0,0,0,0,0,0,0,0,1
126469,0,0,0,0,0,0,0,0,1
126470,0,0,0,0,0,0,0,0,1
126471,0,0,0,0,0,0,0,0,1
126472,0,0,0,0,0,0,0,0,1
126473,0,0,0,0,0,0,0,0,1
126474,0,0,0,0,0,0,0,0,1
126475,0,0,0,0,0,0,0,0,1
126476,0,0,0,0,0,0,0,0,1
126477,0,0,0,0,0,0,0,0,1
126478,0,0,0,0,0,0,0,0,1
126479,0,0,0,0,0,0,0,0,1
126480,0,0,0,0,0,0,0,0,1
126481,0,0,0,0,0,0,0,0,1
126482,0,0,0,0,0,0,0,0,1
126483,0,0,0,0,0,0,0,0,1
126484,0,0,0,0,0,0,0,0,1
126485,0,0,0,0,0,0,0,0,1
126486,0,0,0,0,0,0,0,0,1
126487,0,0,0,0,0,0,0,0,1
126488,0,0,0,0,0,0,0,0,1
126489,0,0,0,0,0,0,0,0,1
126490,0,0,0,0,0,0,0,0,1
126491,0,0,0,0,0,0,0,0,1
126492,0,0,0,0,0,0,0,0,1
126493,0,0,0,0,0,0,0,0,1
126494,0,0,0,0,0,0,0,0,1
126495,0,0,0,0,0,0,0,0,1
126496,0,0,0,0,0,0,0,0,1
126497,0,0,0,0,0,0,0,0,1
126498,0,0,0,0,0,0,0,0,1
126499,0,0,0,0,0,0,0,0,1
126500,0,0,0,0,0,0,0,0,1
126501,0,0,0,0,0,0,0,0,1
126502,0,0,0,0,0,0,0,0,1
126503,0,0,0,0,0,0,0,0,1
126504,0,0,0,0,0,0,0,0,1
126505,0,0,0,0,0,0,0,0,1
126506,0,0,0,0,0,0,0,0,1
126507,0,0,0,0,0,0,0,0,1
126508,0,0,0,0,0,0,0,0,1
126509,0,0,0,0,0,0,0,0,1
126510,0,0,0,0,0,0,0,0,1
126511,0,0,0,0,0,0,0,0,1
126512,0,0,0,0,0,0,0,0,1
126513,0,0,0,0,0,0,0,0,1
126514,0,0,0,0,0,0,0,0,1
126515,0,0,0,0,0,0,0,0,1
126516,0,0,0,0,0,0,0,0,1
126517,0,0,0,0,0,0,0,0,1
126518,0,0,0,0,0,0,0,0,1
126519,0,0,0,0,0,0,0,0,1
126520,0,0,0,0,0,0,0,0,1
126521,0,0,0,0,0,0,0,0,1
126522,0,0,0,0,0,0,0,0,1
126523,0,0,0,0,0,0,0,0,1
126524,0,0,0,0,0,0,0,0,1
126525,0,0,0,0,0,0,0,0,1
126526,0,0,0,0,0,0,0,0,1
126527,0,0,0,0,0,0,0,0,1
126528,0,0,0,0,0,0,0,0,1
126529,0,0,0,0,0,0,0,0,1
126530,0,0,0,0,0,0,0,0,1
126531,0,0,0,0,0,0,0,0,1
126532,0,0,0,0,0,0,0,0,1
126533,0,0,0,0,0,0,0,0,1
126534,0,0,0,0,0,0,0,0,1
126535,0,0,0,0,0,0,0,0,1
126536,0,0,0,0,0,0,0,0,1
126537,0,0,0,0,0,0,0,0,1
126538,0,0,0,0,0,0,0,0,1
126539,0,0,0,0,0,0,0,0,1
126540,0,0,0,0,0,0,0,0,1
126541,0,0,0,0,0,0,0,0,1
126542,0,0,0,0,0,0,0,0,1
126543,0,0,0,0,0,0,0,0,1
126544,0,0,0,0,0,0,0,0,1
126545,0,0,0,0,0,0,0,0,1
126546,0,0,0,0,0,0,0,0,1
126547,0,0,0,0,0,0,0,0,1
126548,0,0,0,0,0,0,0,0,1
126549,0,0,0,0,0,0,0,0,1
126550,0,0,0,0,0,0,0,0,1
126551,0,0,0,0,0,0,0,0,1
126552,0,0,0,0,0,0,0,0,1
126553,0,0,0,0,0,0,0,0,1
126554,0,0,0,0,0,0,0,0,1
126555,0,0,0,0,0,0,0,0,1
126556,0,0,0,0,0,0,0,0,1
126557,0,0,0,0,0,0,0,0,1
126558,0,0,0,0,0,0,0,0,1
126559,0,0,0,0,0,0,0,0,1
126560,0,0,0,0,0,0,0,0,1
126561,0,0,0,0,0,0,0,0,1
126562,0,0,0,0,0,0,0,0,1
126563,0,0,0,0,0,0,0,0,1
126564,0,0,0,0,0,0,0,0,1
126565,0,0,0,0,0,0,0,0,1
126566,0,0,0,0,0,0,0,0,1
126567,0,0,0,0,0,0,0,0,1
126568,0,0,0,0,0,0,0,0,1
126569,0,0,0,0,0,0,0,0,1
126570,0,0,0,0,0,0,0,0,1
126571,0,0,0,0,0,0,0,0,1
126572,0,0,0,0,0,0,0,0,1
126573,0,0,0,0,0,0,0,0,1
126574,0,0,0,0,0,0,0,0,1
126575,0,0,0,0,0,0,0,0,1
126576,0,0,0,0,0,0,0,0,1
126577,0,0,0,0,0,0,0,0,1
126578,0,0,0,0,0,0,0,0,1
126579,0,0,0,0,0,0,0,0,1
126580,0,0,0,0,0,0,0,0,1
126581,0,0,0,0,0,0,0,0,1
126582,0,0,0,0,0,0,0,0,1
126583,0,0,0,0,0,0,0,0,1
126584,0,0,0,0,0,0,0,0,1
126585,0,0,0,0,0,0,0,0,1
126586,0,0,0,0,0,0,0,0,1
126587,0,0,0,0,0,0,0,0,1
126588,0,0,0,0,0,0,0,0,1
126589,0,0,0,0,0,0,0,0,1
126590,0,0,0,0,0,0,0,0,1
126591,0,0,0,0,0,0,0,0,1
126592,0,0,0,0,0,0,0,0,1
126593,0,0,0,0,0,0,0,0,1
126594,0,0,0,0,0,0,0,0,1
126595,0,0,0,0,0,0,0,0,1
126596,0,0,0,0,0,0,0,0,1
126597,0,0,0,0,0,0,0,0,1
126598,0,0,0,0,0,0,0,0,1
126599,0,0,0,0,0,0,0,0,1
126600,0,0,0,0,0,0,0,0,1
126601,0,0,0,0,0,0,0,0,1
126602,0,0,0,0,0,0,0,0,1
126603,0,0,0,0,0,0,0,0,1
126604,0,0,0,0,0,0,0,0,1
126605,0,0,0,0,0,0,0,0,1
126606,0,0,0,0,0,0,0,0,1
126607,0,0,0,0,0,0,0,0,1
126608,0,0,0,0,0,0,0,0,1
126609,0,0,0,0,0,0,0,0,1
126610,0,0,0,0,0,0,0,0,1
126611,0,0,0,0,0,0,0,0,1
126612,0,0,0,0,0,0,0,0,1
126613,0,0,0,0,0,0,0,0,1
126614,0,0,0,0,0,0,0,0,1
126615,0,0,0,0,0,0,0,0,1
126616,0,0,0,0,0,0,0,0,1
126617,0,0,0,0,0,0,0,0,1
126618,0,0,0,0,0,0,0,0,1
126619,0,0,0,0,0,0,0,0,1
126620,0,0,0,0,0,0,0,0,1
126621,0,0,0,0,0,0,0,0,1
126622,0,0,0,0,0,0,0,0,1
126623,0,0,0,0,0,0,0,0,1
126624,0,0,0,0,0,0,0,0,1
126625,0,0,0,0,0,0,0,0,1
126626,0,0,0,0,0,0,0,0,1
126627,0,0,0,0,0,0,0,0,1
126628,0,0,0,0,0,0,0,0,1
126629,0,0,0,0,0,0,0,0,1
126630,0,0,0,0,0,0,0,0,1
126631,0,0,0,0,0,0,0,0,1
126632,0,0,0,0,0,0,0,0,1
126633,0,0,0,0,0,0,0,0,1
126634,0,0,0,0,0,0,0,0,1
126635,0,0,0,0,0,0,0,0,1
126636,0,0,0,0,0,0,0,0,1
126637,0,0,0,0,0,0,0,0,1
126638,0,0,0,0,0,0,0,0,1
126639,0,0,0,0,0,0,0,0,1
126640,0,0,0,0,0,0,0,0,1
126641,0,0,0,0,0,0,0,0,1
126642,0,0,0,0,0,0,0,0,1
126643,0,0,0,0,0,0,0,0,1
126644,0,0,0,0,0,0,0,0,1
126645,0,0,0,0,0,0,0,0,1
126646,0,0,0,0,0,0,0,0,1
126647,0,0,0,0,0,0,0,0,1
126648,0,0,0,0,0,0,0,0,1
126649,0,0,0,0,0,0,0,0,1
126650,0,0,0,0,0,0,0,0,1
126651,0,0,0,0,0,0,0,0,1
126652,0,0,0,0,0,0,0,0,1
126653,0,0,0,0,0,0,0,0,1
126654,0,0,0,0,0,0,0,0,1
126655,0,0,0,0,0,0,0,0,1
126656,0,0,0,0,0,0,0,0,1
126657,0,0,0,0,0,0,0,0,1
126658,0,0,0,0,0,0,0,0,1
126659,0,0,0,0,0,0,0,0,1
126660,0,0,0,0,0,0,0,0,1
126661,0,0,0,0,0,0,0,0,1
126662,0,0,0,0,0,0,0,0,1
126663,0,0,0,0,0,0,0,0,1
126664,0,0,0,0,0,0,0,0,1
126665,0,0,0,0,0,0,0,0,1
126666,0,0,0,0,0,0,0,0,1
126667,0,0,0,0,0,0,0,0,1
126668,0,0,0,0,0,0,0,0,1
126669,0,0,0,0,0,0,0,0,1
126670,0,0,0,0,0,0,0,0,1
126671,0,0,0,0,0,0,0,0,1
126672,0,0,0,0,0,0,0,0,1
126673,0,0,0,0,0,0,0,0,1
126674,0,0,0,0,0,0,0,0,1
126675,0,0,0,0,0,0,0,0,1
126676,0,0,0,0,0,0,0,0,1
126677,0,0,0,0,0,0,0,0,1
126678,0,0,0,0,0,0,0,0,1
126679,0,0,0,0,0,0,0,0,1
126680,0,0,0,0,0,0,0,0,1
126681,0,0,0,0,0,0,0,0,1
126682,0,0,0,0,0,0,0,0,1
126683,0,0,0,0,0,0,0,0,1
126684,0,0,0,0,0,0,0,0,1
126685,0,0,0,0,0,0,0,0,1
126686,0,0,0,0,0,0,0,0,1
126687,0,0,0,0,0,0,0,0,1
126688,0,0,0,0,0,0,0,0,1
126689,0,0,0,0,0,0,0,0,1
126690,0,0,0,0,0,0,0,0,1
126691,0,0,0,0,0,0,0,0,1
126692,0,0,0,0,0,0,0,0,1
126693,0,0,0,0,0,0,0,0,1
126694,0,0,0,0,0,0,0,0,1
126695,0,0,0,0,0,0,0,0,1
126696,0,0,0,0,0,0,0,0,1
126697,0,0,0,0,0,0,0,0,1
126698,0,0,0,0,0,0,0,0,1
126699,0,0,0,0,0,0,0,0,1
126700,0,0,0,0,0,0,0,0,1
126701,0,0,0,0,0,0,0,0,1
126702,0,0,0,0,0,0,0,0,1
126703,0,0,0,0,0,0,0,0,1
126704,0,0,0,0,0,0,0,0,1
126705,0,0,0,0,0,0,0,0,1
126706,0,0,0,0,0,0,0,0,1
126707,0,0,0,0,0,0,0,0,1
126708,0,0,0,0,0,0,0,0,1
126709,0,0,0,0,0,0,0,0,1
126710,0,0,0,0,0,0,0,0,1
126711,0,0,0,0,0,0,0,0,1
126712,0,0,0,0,0,0,0,0,1
126713,0,0,0,0,0,0,0,0,1
126714,0,0,0,0,0,0,0,0,1
126715,0,0,0,0,0,0,0,0,1
126716,0,0,0,0,0,0,0,0,1
126717,0,0,0,0,0,0,0,0,1
126718,0,0,0,0,0,0,0,0,1
126719,0,0,0,0,0,0,0,0,1
126720,0,0,0,0,0,0,0,0,1
126721,0,0,0,0,0,0,0,0,1
126722,0,0,0,0,0,0,0,0,1
126723,0,0,0,0,0,0,0,0,1
126724,0,0,0,0,0,0,0,0,1
126725,0,0,0,0,0,0,0,0,1
126726,0,0,0,0,0,0,0,0,1
126727,0,0,0,0,0,0,0,0,1
126728,0,0,0,0,0,0,0,0,1
126729,0,0,0,0,0,0,0,0,1
126730,0,0,0,0,0,0,0,0,1
126731,0,0,0,0,0,0,0,0,1
126732,0,0,0,0,0,0,0,0,1
126733,0,0,0,0,0,0,0,0,1
126734,0,0,0,0,0,0,0,0,1
126735,0,0,0,0,0,0,0,0,1
126736,0,0,0,0,0,0,0,0,1
126737,0,0,0,0,0,0,0,0,1
126738,0,0,0,0,0,0,0,0,1
126739,0,0,0,0,0,0,0,0,1
126740,0,0,0,0,0,0,0,0,1
126741,0,0,0,0,0,0,0,0,1
126742,0,0,0,0,0,0,0,0,1
126743,0,0,0,0,0,0,0,0,1
126744,0,0,0,0,0,0,0,0,1
126745,0,0,0,0,0,0,0,0,1
126746,0,0,0,0,0,0,0,0,1
126747,0,0,0,0,0,0,0,0,1
126748,0,0,0,0,0,0,0,0,1
126749,0,0,0,0,0,0,0,0,1
126750,0,0,0,0,0,0,0,0,1
126751,0,0,0,0,0,0,0,0,1
126752,0,0,0,0,0,0,0,0,1
126753,0,0,0,0,0,0,0,0,1
126754,0,0,0,0,0,0,0,0,1
126755,0,0,0,0,0,0,0,0,1
126756,0,0,0,0,0,0,0,0,1
126757,0,0,0,0,0,0,0,0,1
126758,0,0,0,0,0,0,0,0,1
126759,0,0,0,0,0,0,0,0,1
126760,0,0,0,0,0,0,0,0,1
126761,0,0,0,0,0,0,0,0,1
126762,0,0,0,0,0,0,0,0,1
126763,0,0,0,0,0,0,0,0,1
126764,0,0,0,0,0,0,0,0,1
126765,0,0,0,0,0,0,0,0,1
126766,0,0,0,0,0,0,0,0,1
126767,0,0,0,0,0,0,0,0,1
126768,0,0,0,0,0,0,0,0,1
126769,0,0,0,0,0,0,0,0,1
126770,0,0,0,0,0,0,0,0,1
126771,0,0,0,0,0,0,0,0,1
126772,0,0,0,0,0,0,0,0,1
126773,0,0,0,0,0,0,0,0,1
126774,0,0,0,0,0,0,0,0,1
126775,0,0,0,0,0,0,0,0,1
126776,0,0,0,0,0,0,0,0,1
126777,0,0,0,0,0,0,0,0,1
126778,0,0,0,0,0,0,0,0,1
126779,0,0,0,0,0,0,0,0,1
126780,0,0,0,0,0,0,0,0,1
126781,0,0,0,0,0,0,0,0,1
126782,0,0,0,0,0,0,0,0,1
126783,0,0,0,0,0,0,0,0,1
126784,0,0,0,0,0,0,0,0,1
126785,0,0,0,0,0,0,0,0,1
126786,0,0,0,0,0,0,0,0,1
126787,0,0,0,0,0,0,0,0,1
126788,0,0,0,0,0,0,0,0,1
126789,0,0,0,0,0,0,0,0,1
126790,0,0,0,0,0,0,0,0,1
126791,0,0,0,0,0,0,0,0,1
126792,0,0,0,0,0,0,0,0,1
126793,0,0,0,0,0,0,0,0,1
126794,0,0,0,0,0,0,0,0,1
126795,0,0,0,0,0,0,0,0,1
126796,0,0,0,0,0,0,0,0,1
126797,0,0,0,0,0,0,0,0,1
126798,0,0,0,0,0,0,0,0,1
126799,0,0,0,0,0,0,0,0,1
126800,0,0,0,0,0,0,0,0,1
126801,0,0,0,0,0,0,0,0,1
126802,0,0,0,0,0,0,0,0,1
126803,0,0,0,0,0,0,0,0,1
126804,0,0,0,0,0,0,0,0,1
126805,0,0,0,0,0,0,0,0,1
126806,0,0,0,0,0,0,0,0,1
126807,0,0,0,0,0,0,0,0,1
126808,0,0,0,0,0,0,0,0,1
126809,0,0,0,0,0,0,0,0,1
126810,0,0,0,0,0,0,0,0,1
126811,0,0,0,0,0,0,0,0,1
126812,0,0,0,0,0,0,0,0,1
126813,0,0,0,0,0,0,0,0,1
126814,0,0,0,0,0,0,0,0,1
126815,0,0,0,0,0,0,0,0,1
126816,0,0,0,0,0,0,0,0,1
126817,0,0,0,0,0,0,0,0,1
126818,0,0,0,0,0,0,0,0,1
126819,0,0,0,0,0,0,0,0,1
126820,0,0,0,0,0,0,0,0,1
126821,0,0,0,0,0,0,0,0,1
126822,0,0,0,0,0,0,0,0,1
126823,0,0,0,0,0,0,0,0,1
126824,0,0,0,0,0,0,0,0,1
126825,0,0,0,0,0,0,0,0,1
126826,0,0,0,0,0,0,0,0,1
126827,0,0,0,0,0,0,0,0,1
126828,0,0,0,0,0,0,0,0,1
126829,0,0,0,0,0,0,0,0,1
126830,0,0,0,0,0,0,0,0,1
126831,0,0,0,0,0,0,0,0,1
126832,0,0,0,0,0,0,0,0,1
126833,0,0,0,0,0,0,0,0,1
126834,0,0,0,0,0,0,0,0,1
126835,0,0,0,0,0,0,0,0,1
126836,0,0,0,0,0,0,0,0,1
126837,0,0,0,0,0,0,0,0,1
126838,0,0,0,0,0,0,0,0,1
126839,0,0,0,0,0,0,0,0,1
126840,0,0,0,0,0,0,0,0,1
126841,0,0,0,0,0,0,0,0,1
126842,0,0,0,0,0,0,0,0,1
126843,0,0,0,0,0,0,0,0,1
126844,0,0,0,0,0,0,0,0,1
126845,0,0,0,0,0,0,0,0,1
126846,0,0,0,0,0,0,0,0,1
126847,0,0,0,0,0,0,0,0,1
126848,0,0,0,0,0,0,0,0,1
126849,0,0,0,0,0,0,0,0,1
126850,0,0,0,0,0,0,0,0,1
126851,0,0,0,0,0,0,0,0,1
126852,0,0,0,0,0,0,0,0,1
126853,0,0,0,0,0,0,0,0,1
126854,0,0,0,0,0,0,0,0,1
126855,0,0,0,0,0,0,0,0,1
126856,0,0,0,0,0,0,0,0,1
126857,0,0,0,0,0,0,0,0,1
126858,0,0,0,0,0,0,0,0,1
126859,0,0,0,0,0,0,0,0,1
126860,0,0,0,0,0,0,0,0,1
126861,0,0,0,0,0,0,0,0,1
126862,0,0,0,0,0,0,0,0,1
126863,0,0,0,0,0,0,0,0,1
126864,0,0,0,0,0,0,0,0,1
126865,0,0,0,0,0,0,0,0,1
126866,0,0,0,0,0,0,0,0,1
126867,0,0,0,0,0,0,0,0,1
126868,0,0,0,0,0,0,0,0,1
126869,0,0,0,0,0,0,0,0,1
126870,0,0,0,0,0,0,0,0,1
126871,0,0,0,0,0,0,0,0,1
126872,0,0,0,0,0,0,0,0,1
126873,0,0,0,0,0,0,0,0,1
126874,0,0,0,0,0,0,0,0,1
126875,0,0,0,0,0,0,0,0,1
126876,0,0,0,0,0,0,0,0,1
126877,0,0,0,0,0,0,0,0,1
126878,0,0,0,0,0,0,0,0,1
126879,0,0,0,0,0,0,0,0,1
126880,0,0,0,0,0,0,0,0,1
126881,0,0,0,0,0,0,0,0,1
126882,0,0,0,0,0,0,0,0,1
126883,0,0,0,0,0,0,0,0,1
126884,0,0,0,0,0,0,0,0,1
126885,0,0,0,0,0,0,0,0,1
126886,0,0,0,0,0,0,0,0,1
126887,0,0,0,0,0,0,0,0,1
126888,0,0,0,0,0,0,0,0,1
126889,0,0,0,0,0,0,0,0,1
126890,0,0,0,0,0,0,0,0,1
126891,0,0,0,0,0,0,0,0,1
126892,0,0,0,0,0,0,0,0,1
126893,0,0,0,0,0,0,0,0,1
126894,0,0,0,0,0,0,0,0,1
126895,0,0,0,0,0,0,0,0,1
126896,0,0,0,0,0,0,0,0,1
126897,0,0,0,0,0,0,0,0,1
126898,0,0,0,0,0,0,0,0,1
126899,0,0,0,0,0,0,0,0,1
126900,0,0,0,0,0,0,0,0,1
126901,0,0,0,0,0,0,0,0,1
126902,0,0,0,0,0,0,0,0,1
126903,0,0,0,0,0,0,0,0,1
126904,0,0,0,0,0,0,0,0,1
126905,0,0,0,0,0,0,0,0,1
126906,0,0,0,0,0,0,0,0,1
126907,0,0,0,0,0,0,0,0,1
126908,0,0,0,0,0,0,0,0,1
126909,0,0,0,0,0,0,0,0,1
126910,0,0,0,0,0,0,0,0,1
126911,0,0,0,0,0,0,0,0,1
126912,0,0,0,0,0,0,0,0,1
126913,0,0,0,0,0,0,0,0,1
126914,0,0,0,0,0,0,0,0,1
126915,0,0,0,0,0,0,0,0,1
126916,0,0,0,0,0,0,0,0,1
126917,0,0,0,0,0,0,0,0,1
126918,0,0,0,0,0,0,0,0,1
126919,0,0,0,0,0,0,0,0,1
126920,0,0,0,0,0,0,0,0,1
126921,0,0,0,0,0,0,0,0,1
126922,0,0,0,0,0,0,0,0,1
126923,0,0,0,0,0,0,0,0,1
126924,0,0,0,0,0,0,0,0,1
126925,0,0,0,0,0,0,0,0,1
126926,0,0,0,0,0,0,0,0,1
126927,0,0,0,0,0,0,0,0,1
126928,0,0,0,0,0,0,0,0,1
126929,0,0,0,0,0,0,0,0,1
126930,0,0,0,0,0,0,0,0,1
126931,0,0,0,0,0,0,0,0,1
126932,0,0,0,0,0,0,0,0,1
126933,0,0,0,0,0,0,0,0,1
126934,0,0,0,0,0,0,0,0,1
126935,0,0,0,0,0,0,0,0,1
126936,0,0,0,0,0,0,0,0,1
126937,0,0,0,0,0,0,0,0,1
126938,0,0,0,0,0,0,0,0,1
126939,0,0,0,0,0,0,0,0,1
126940,0,0,0,0,0,0,0,0,1
126941,0,0,0,0,0,0,0,0,1
126942,0,0,0,0,0,0,0,0,1
126943,0,0,0,0,0,0,0,0,1
126944,0,0,0,0,0,0,0,0,1
126945,0,0,0,0,0,0,0,0,1
126946,0,0,0,0,0,0,0,0,1
126947,0,0,0,0,0,0,0,0,1
126948,0,0,0,0,0,0,0,0,1
126949,0,0,0,0,0,0,0,0,1
126950,0,0,0,0,0,0,0,0,1
126951,0,0,0,0,0,0,0,0,1
126952,0,0,0,0,0,0,0,0,1
126953,0,0,0,0,0,0,0,0,1
126954,0,0,0,0,0,0,0,0,1
126955,0,0,0,0,0,0,0,0,1
126956,0,0,0,0,0,0,0,0,1
126957,0,0,0,0,0,0,0,0,1
126958,0,0,0,0,0,0,0,0,1
126959,0,0,0,0,0,0,0,0,1
126960,0,0,0,0,0,0,0,0,1
126961,0,0,0,0,0,0,0,0,1
126962,0,0,0,0,0,0,0,0,1
126963,0,0,0,0,0,0,0,0,1
126964,0,0,0,0,0,0,0,0,1
126965,0,0,0,0,0,0,0,0,1
126966,0,0,0,0,0,0,0,0,1
126967,0,0,0,0,0,0,0,0,1
126968,0,0,0,0,0,0,0,0,1
126969,0,0,0,0,0,0,0,0,1
126970,0,0,0,0,0,0,0,0,1
126971,0,0,0,0,0,0,0,0,1
126972,0,0,0,0,0,0,0,0,1
126973,0,0,0,0,0,0,0,0,1
126974,0,0,0,0,0,0,0,0,1
126975,0,0,0,0,0,0,0,0,1
126976,0,0,0,0,0,0,0,0,1
126977,0,0,0,0,0,0,0,0,1
126978,0,0,0,0,0,0,0,0,1
126979,0,0,0,0,0,0,0,0,1
126980,0,0,0,0,0,0,0,0,1
126981,0,0,0,0,0,0,0,0,1
126982,0,0,0,0,0,0,0,0,1
126983,0,0,0,0,0,0,0,0,1
126984,0,0,0,0,0,0,0,0,1
126985,0,0,0,0,0,0,0,0,1
126986,0,0,0,0,0,0,0,0,1
126987,0,0,0,0,0,0,0,0,1
126988,0,0,0,0,0,0,0,0,1
126989,0,0,0,0,0,0,0,0,1
126990,0,0,0,0,0,0,0,0,1
126991,0,0,0,0,0,0,0,0,1
126992,0,0,0,0,0,0,0,0,1
126993,0,0,0,0,0,0,0,0,1
126994,0,0,0,0,0,0,0,0,1
126995,0,0,0,0,0,0,0,0,1
126996,0,0,0,0,0,0,0,0,1
126997,0,0,0,0,0,0,0,0,1
126998,0,0,0,0,0,0,0,0,1
126999,0,0,0,0,0,0,0,0,1
127000,0,0,0,0,0,0,0,0,1
127001,0,0,0,0,0,0,0,0,1
127002,0,0,0,0,0,0,0,0,1
127003,0,0,0,0,0,0,0,0,1
127004,0,0,0,0,0,0,0,0,1
127005,0,0,0,0,0,0,0,0,1
127006,0,0,0,0,0,0,0,0,1
127007,0,0,0,0,0,0,0,0,1
127008,0,0,0,0,0,0,0,0,1
127009,0,0,0,0,0,0,0,0,1
127010,0,0,0,0,0,0,0,0,1
127011,0,0,0,0,0,0,0,0,1
127012,0,0,0,0,0,0,0,0,1
127013,0,0,0,0,0,0,0,0,1
127014,0,0,0,0,0,0,0,0,1
127015,0,0,0,0,0,0,0,0,1
127016,0,0,0,0,0,0,0,0,1
127017,0,0,0,0,0,0,0,0,1
127018,0,0,0,0,0,0,0,0,1
127019,0,0,0,0,0,0,0,0,1
127020,0,0,0,0,0,0,0,0,1
127021,0,0,0,0,0,0,0,0,1
127022,0,0,0,0,0,0,0,0,1
127023,0,0,0,0,0,0,0,0,1
127024,0,0,0,0,0,0,0,0,1
127025,0,0,0,0,0,0,0,0,1
127026,0,0,0,0,0,0,0,0,1
127027,0,0,0,0,0,0,0,0,1
127028,0,0,0,0,0,0,0,0,1
127029,0,0,0,0,0,0,0,0,1
127030,0,0,0,0,0,0,0,0,1
127031,0,0,0,0,0,0,0,0,1
127032,0,0,0,0,0,0,0,0,1
127033,0,0,0,0,0,0,0,0,1
127034,0,0,0,0,0,0,0,0,1
127035,0,0,0,0,0,0,0,0,1
127036,0,0,0,0,0,0,0,0,1
127037,0,0,0,0,0,0,0,0,1
127038,0,0,0,0,0,0,0,0,1
127039,0,0,0,0,0,0,0,0,1
127040,0,0,0,0,0,0,0,0,1
127041,0,0,0,0,0,0,0,0,1
127042,0,0,0,0,0,0,0,0,1
127043,0,0,0,0,0,0,0,0,1
127044,0,0,0,0,0,0,0,0,1
127045,0,0,0,0,0,0,0,0,1
127046,0,0,0,0,0,0,0,0,1
127047,0,0,0,0,0,0,0,0,1
127048,0,0,0,0,0,0,0,0,1
127049,0,0,0,0,0,0,0,0,1
127050,0,0,0,0,0,0,0,0,1
127051,0,0,0,0,0,0,0,0,1
127052,0,0,0,0,0,0,0,0,1
127053,0,0,0,0,0,0,0,0,1
127054,0,0,0,0,0,0,0,0,1
127055,0,0,0,0,0,0,0,0,1
127056,0,0,0,0,0,0,0,0,1
127057,0,0,0,0,0,0,0,0,1
127058,0,0,0,0,0,0,0,0,1
127059,0,0,0,0,0,0,0,0,1
127060,0,0,0,0,0,0,0,0,1
127061,0,0,0,0,0,0,0,0,1
127062,0,0,0,0,0,0,0,0,1
127063,0,0,0,0,0,0,0,0,1
127064,0,0,0,0,0,0,0,0,1
127065,0,0,0,0,0,0,0,0,1
127066,0,0,0,0,0,0,0,0,1
127067,0,0,0,0,0,0,0,0,1
127068,0,0,0,0,0,0,0,0,1
127069,0,0,0,0,0,0,0,0,1
127070,0,0,0,0,0,0,0,0,1
127071,0,0,0,0,0,0,0,0,1
127072,0,0,0,0,0,0,0,0,1
127073,0,0,0,0,0,0,0,0,1
127074,0,0,0,0,0,0,0,0,1
127075,0,0,0,0,0,0,0,0,1
127076,0,0,0,0,0,0,0,0,1
127077,0,0,0,0,0,0,0,0,1
127078,0,0,0,0,0,0,0,0,1
127079,0,0,0,0,0,0,0,0,1
127080,0,0,0,0,0,0,0,0,1
127081,0,0,0,0,0,0,0,0,1
127082,0,0,0,0,0,0,0,0,1
127083,0,0,0,0,0,0,0,0,1
127084,0,0,0,0,0,0,0,0,1
127085,0,0,0,0,0,0,0,0,1
127086,0,0,0,0,0,0,0,0,1
127087,0,0,0,0,0,0,0,0,1
127088,0,0,0,0,0,0,0,0,1
127089,0,0,0,0,0,0,0,0,1
127090,0,0,0,0,0,0,0,0,1
127091,0,0,0,0,0,0,0,0,1
127092,0,0,0,0,0,0,0,0,1
127093,0,0,0,0,0,0,0,0,1
127094,0,0,0,0,0,0,0,0,1
127095,0,0,0,0,0,0,0,0,1
127096,0,0,0,0,0,0,0,0,1
127097,0,0,0,0,0,0,0,0,1
127098,0,0,0,0,0,0,0,0,1
127099,0,0,0,0,0,0,0,0,1
127100,0,0,0,0,0,0,0,0,1
127101,0,0,0,0,0,0,0,0,1
127102,0,0,0,0,0,0,0,0,1
127103,0,0,0,0,0,0,0,0,1
127104,0,0,0,0,0,0,0,0,1
127105,0,0,0,0,0,0,0,0,1
127106,0,0,0,0,0,0,0,0,1
127107,0,0,0,0,0,0,0,0,1
127108,0,0,0,0,0,0,0,0,1
127109,0,0,0,0,0,0,0,0,1
127110,0,0,0,0,0,0,0,0,1
127111,0,0,0,0,0,0,0,0,1
127112,0,0,0,0,0,0,0,0,1
127113,0,0,0,0,0,0,0,0,1
127114,0,0,0,0,0,0,0,0,1
127115,0,0,0,0,0,0,0,0,1
127116,0,0,0,0,0,0,0,0,1
127117,0,0,0,0,0,0,0,0,1
127118,0,0,0,0,0,0,0,0,1
127119,0,0,0,0,0,0,0,0,1
127120,0,0,0,0,0,0,0,0,1
127121,0,0,0,0,0,0,0,0,1
127122,0,0,0,0,0,0,0,0,1
127123,0,0,0,0,0,0,0,0,1
127124,0,0,0,0,0,0,0,0,1
127125,0,0,0,0,0,0,0,0,1
127126,0,0,0,0,0,0,0,0,1
127127,0,0,0,0,0,0,0,0,1
127128,0,0,0,0,0,0,0,0,1
127129,0,0,0,0,0,0,0,0,1
127130,0,0,0,0,0,0,0,0,1
127131,0,0,0,0,0,0,0,0,1
127132,0,0,0,0,0,0,0,0,1
127133,0,0,0,0,0,0,0,0,1
127134,0,0,0,0,0,0,0,0,1
127135,0,0,0,0,0,0,0,0,1
127136,0,0,0,0,0,0,0,0,1
127137,0,0,0,0,0,0,0,0,1
127138,0,0,0,0,0,0,0,0,1
127139,0,0,0,0,0,0,0,0,1
127140,0,0,0,0,0,0,0,0,1
127141,0,0,0,0,0,0,0,0,1
127142,0,0,0,0,0,0,0,0,1
127143,0,0,0,0,0,0,0,0,1
127144,0,0,0,0,0,0,0,0,1
127145,0,0,0,0,0,0,0,0,1
127146,0,0,0,0,0,0,0,0,1
127147,0,0,0,0,0,0,0,0,1
127148,0,0,0,0,0,0,0,0,1
127149,0,0,0,0,0,0,0,0,1
127150,0,0,0,0,0,0,0,0,1
127151,0,0,0,0,0,0,0,0,1
127152,0,0,0,0,0,0,0,0,1
127153,0,0,0,0,0,0,0,0,1
127154,0,0,0,0,0,0,0,0,1
127155,0,0,0,0,0,0,0,0,1
127156,0,0,0,0,0,0,0,0,1
127157,0,0,0,0,0,0,0,0,1
127158,0,0,0,0,0,0,0,0,1
127159,0,0,0,0,0,0,0,0,1
127160,0,0,0,0,0,0,0,0,1
127161,0,0,0,0,0,0,0,0,1
127162,0,0,0,0,0,0,0,0,1
127163,0,0,0,0,0,0,0,0,1
127164,0,0,0,0,0,0,0,0,1
127165,0,0,0,0,0,0,0,0,1
127166,0,0,0,0,0,0,0,0,1
127167,0,0,0,0,0,0,0,0,1
127168,0,0,0,0,0,0,0,0,1
127169,0,0,0,0,0,0,0,0,1
127170,0,0,0,0,0,0,0,0,1
127171,0,0,0,0,0,0,0,0,1
127172,0,0,0,0,0,0,0,0,1
127173,0,0,0,0,0,0,0,0,1
127174,0,0,0,0,0,0,0,0,1
127175,0,0,0,0,0,0,0,0,1
127176,0,0,0,0,0,0,0,0,1
127177,0,0,0,0,0,0,0,0,1
127178,0,0,0,0,0,0,0,0,1
127179,0,0,0,0,0,0,0,0,1
127180,0,0,0,0,0,0,0,0,1
127181,0,0,0,0,0,0,0,0,1
127182,0,0,0,0,0,0,0,0,1
127183,0,0,0,0,0,0,0,0,1
127184,0,0,0,0,0,0,0,0,1
127185,0,0,0,0,0,0,0,0,1
127186,0,0,0,0,0,0,0,0,1
127187,0,0,0,0,0,0,0,0,1
127188,0,0,0,0,0,0,0,0,1
127189,0,0,0,0,0,0,0,0,1
127190,0,0,0,0,0,0,0,0,1
127191,0,0,0,0,0,0,0,0,1
127192,0,0,0,0,0,0,0,0,1
127193,0,0,0,0,0,0,0,0,1
127194,0,0,0,0,0,0,0,0,1
127195,0,0,0,0,0,0,0,0,1
127196,0,0,0,0,0,0,0,0,1
127197,0,0,0,0,0,0,0,0,1
127198,0,0,0,0,0,0,0,0,1
127199,0,0,0,0,0,0,0,0,1
127200,0,0,0,0,0,0,0,0,1
127201,0,0,0,0,0,0,0,0,1
127202,0,0,0,0,0,0,0,0,1
127203,0,0,0,0,0,0,0,0,1
127204,0,0,0,0,0,0,0,0,1
127205,0,0,0,0,0,0,0,0,1
127206,0,0,0,0,0,0,0,0,1
127207,0,0,0,0,0,0,0,0,1
127208,0,0,0,0,0,0,0,0,1
127209,0,0,0,0,0,0,0,0,1
127210,0,0,0,0,0,0,0,0,1
127211,0,0,0,0,0,0,0,0,1
127212,0,0,0,0,0,0,0,0,1
127213,0,0,0,0,0,0,0,0,1
127214,0,0,0,0,0,0,0,0,1
127215,0,0,0,0,0,0,0,0,1
127216,0,0,0,0,0,0,0,0,1
127217,0,0,0,0,0,0,0,0,1
127218,0,0,0,0,0,0,0,0,1
127219,0,0,0,0,0,0,0,0,1
127220,0,0,0,0,0,0,0,0,1
127221,0,0,0,0,0,0,0,0,1
127222,0,0,0,0,0,0,0,0,1
127223,0,0,0,0,0,0,0,0,1
127224,0,0,0,0,0,0,0,0,1
127225,0,0,0,0,0,0,0,0,1
127226,0,0,0,0,0,0,0,0,1
127227,0,0,0,0,0,0,0,0,1
127228,0,0,0,0,0,0,0,0,1
127229,0,0,0,0,0,0,0,0,1
127230,0,0,0,0,0,0,0,0,1
127231,0,0,0,0,0,0,0,0,1
127232,0,0,0,0,0,0,0,0,1
127233,0,0,0,0,0,0,0,0,1
127234,0,0,0,0,0,0,0,0,1
127235,0,0,0,0,0,0,0,0,1
127236,0,0,0,0,0,0,0,0,1
127237,0,0,0,0,0,0,0,0,1
127238,0,0,0,0,0,0,0,0,1
127239,0,0,0,0,0,0,0,0,1
127240,0,0,0,0,0,0,0,0,1
127241,0,0,0,0,0,0,0,0,1
127242,0,0,0,0,0,0,0,0,1
127243,0,0,0,0,0,0,0,0,1
127244,0,0,0,0,0,0,0,0,1
127245,0,0,0,0,0,0,0,0,1
127246,0,0,0,0,0,0,0,0,1
127247,0,0,0,0,0,0,0,0,1
127248,0,0,0,0,0,0,0,0,1
127249,0,0,0,0,0,0,0,0,1
127250,0,0,0,0,0,0,0,0,1
127251,0,0,0,0,0,0,0,0,1
127252,0,0,0,0,0,0,0,0,1
127253,0,0,0,0,0,0,0,0,1
127254,0,0,0,0,0,0,0,0,1
127255,0,0,0,0,0,0,0,0,1
127256,0,0,0,0,0,0,0,0,1
127257,0,0,0,0,0,0,0,0,1
127258,0,0,0,0,0,0,0,0,1
127259,0,0,0,0,0,0,0,0,1
127260,0,0,0,0,0,0,0,0,1
127261,0,0,0,0,0,0,0,0,1
127262,0,0,0,0,0,0,0,0,1
127263,0,0,0,0,0,0,0,0,1
127264,0,0,0,0,0,0,0,0,1
127265,0,0,0,0,0,0,0,0,1
127266,0,0,0,0,0,0,0,0,1
127267,0,0,0,0,0,0,0,0,1
127268,0,0,0,0,0,0,0,0,1
127269,0,0,0,0,0,0,0,0,1
127270,0,0,0,0,0,0,0,0,1
127271,0,0,0,0,0,0,0,0,1
127272,0,0,0,0,0,0,0,0,1
127273,0,0,0,0,0,0,0,0,1
127274,0,0,0,0,0,0,0,0,1
127275,0,0,0,0,0,0,0,0,1
127276,0,0,0,0,0,0,0,0,1
127277,0,0,0,0,0,0,0,0,1
127278,0,0,0,0,0,0,0,0,1
127279,0,0,0,0,0,0,0,0,1
127280,0,0,0,0,0,0,0,0,1
127281,0,0,0,0,0,0,0,0,1
127282,0,0,0,0,0,0,0,0,1
127283,0,0,0,0,0,0,0,0,1
127284,0,0,0,0,0,0,0,0,1
127285,0,0,0,0,0,0,0,0,1
127286,0,0,0,0,0,0,0,0,1
127287,0,0,0,0,0,0,0,0,1
127288,0,0,0,0,0,0,0,0,1
127289,0,0,0,0,0,0,0,0,1
127290,0,0,0,0,0,0,0,0,1
127291,0,0,0,0,0,0,0,0,1
127292,0,0,0,0,0,0,0,0,1
127293,0,0,0,0,0,0,0,0,1
127294,0,0,0,0,0,0,0,0,1
127295,0,0,0,0,0,0,0,0,1
127296,0,0,0,0,0,0,0,0,1
127297,0,0,0,0,0,0,0,0,1
127298,0,0,0,0,0,0,0,0,1
127299,0,0,0,0,0,0,0,0,1
127300,0,0,0,0,0,0,0,0,1
127301,0,0,0,0,0,0,0,0,1
127302,0,0,0,0,0,0,0,0,1
127303,0,0,0,0,0,0,0,0,1
127304,0,0,0,0,0,0,0,0,1
127305,0,0,0,0,0,0,0,0,1
127306,0,0,0,0,0,0,0,0,1
127307,0,0,0,0,0,0,0,0,1
127308,0,0,0,0,0,0,0,0,1
127309,0,0,0,0,0,0,0,0,1
127310,0,0,0,0,0,0,0,0,1
127311,0,0,0,0,0,0,0,0,1
127312,0,0,0,0,0,0,0,0,1
127313,0,0,0,0,0,0,0,0,1
127314,0,0,0,0,0,0,0,0,1
127315,0,0,0,0,0,0,0,0,1
127316,0,0,0,0,0,0,0,0,1
127317,0,0,0,0,0,0,0,0,1
127318,0,0,0,0,0,0,0,0,1
127319,0,0,0,0,0,0,0,0,1
127320,0,0,0,0,0,0,0,0,1
127321,0,0,0,0,0,0,0,0,1
127322,0,0,0,0,0,0,0,0,1
127323,0,0,0,0,0,0,0,0,1
127324,0,0,0,0,0,0,0,0,1
127325,0,0,0,0,0,0,0,0,1
127326,0,0,0,0,0,0,0,0,1
127327,0,0,0,0,0,0,0,0,1
127328,0,0,0,0,0,0,0,0,1
127329,0,0,0,0,0,0,0,0,1
127330,0,0,0,0,0,0,0,0,1
127331,0,0,0,0,0,0,0,0,1
127332,0,0,0,0,0,0,0,0,1
127333,0,0,0,0,0,0,0,0,1
127334,0,0,0,0,0,0,0,0,1
127335,0,0,0,0,0,0,0,0,1
127336,0,0,0,0,0,0,0,0,1
127337,0,0,0,0,0,0,0,0,1
127338,0,0,0,0,0,0,0,0,1
127339,0,0,0,0,0,0,0,0,1
127340,0,0,0,0,0,0,0,0,1
127341,0,0,0,0,0,0,0,0,1
127342,0,0,0,0,0,0,0,0,1
127343,0,0,0,0,0,0,0,0,1
127344,0,0,0,0,0,0,0,0,1
127345,0,0,0,0,0,0,0,0,1
127346,0,0,0,0,0,0,0,0,1
127347,0,0,0,0,0,0,0,0,1
127348,0,0,0,0,0,0,0,0,1
127349,0,0,0,0,0,0,0,0,1
127350,0,0,0,0,0,0,0,0,1
127351,0,0,0,0,0,0,0,0,1
127352,0,0,0,0,0,0,0,0,1
127353,0,0,0,0,0,0,0,0,1
127354,0,0,0,0,0,0,0,0,1
127355,0,0,0,0,0,0,0,0,1
127356,0,0,0,0,0,0,0,0,1
127357,0,0,0,0,0,0,0,0,1
127358,0,0,0,0,0,0,0,0,1
127359,0,0,0,0,0,0,0,0,1
127360,0,0,0,0,0,0,0,0,1
127361,0,0,0,0,0,0,0,0,1
127362,0,0,0,0,0,0,0,0,1
127363,0,0,0,0,0,0,0,0,1
127364,0,0,0,0,0,0,0,0,1
127365,0,0,0,0,0,0,0,0,1
127366,0,0,0,0,0,0,0,0,1
127367,0,0,0,0,0,0,0,0,1
127368,0,0,0,0,0,0,0,0,1
127369,0,0,0,0,0,0,0,0,1
127370,0,0,0,0,0,0,0,0,1
127371,0,0,0,0,0,0,0,0,1
127372,0,0,0,0,0,0,0,0,1
127373,0,0,0,0,0,0,0,0,1
127374,0,0,0,0,0,0,0,0,1
127375,0,0,0,0,0,0,0,0,1
127376,0,0,0,0,0,0,0,0,1
127377,0,0,0,0,0,0,0,0,1
127378,0,0,0,0,0,0,0,0,1
127379,0,0,0,0,0,0,0,0,1
127380,0,0,0,0,0,0,0,0,1
127381,0,0,0,0,0,0,0,0,1
127382,0,0,0,0,0,0,0,0,1
127383,0,0,0,0,0,0,0,0,1
127384,0,0,0,0,0,0,0,0,1
127385,0,0,0,0,0,0,0,0,1
127386,0,0,0,0,0,0,0,0,1
127387,0,0,0,0,0,0,0,0,1
127388,0,0,0,0,0,0,0,0,1
127389,0,0,0,0,0,0,0,0,1
127390,0,0,0,0,0,0,0,0,1
127391,0,0,0,0,0,0,0,0,1
127392,0,0,0,0,0,0,0,0,1
127393,0,0,0,0,0,0,0,0,1
127394,0,0,0,0,0,0,0,0,1
127395,0,0,0,0,0,0,0,0,1
127396,0,0,0,0,0,0,0,0,1
127397,0,0,0,0,0,0,0,0,1
127398,0,0,0,0,0,0,0,0,1
127399,0,0,0,0,0,0,0,0,1
127400,0,0,0,0,0,0,0,0,1
127401,0,0,0,0,0,0,0,0,1
127402,0,0,0,0,0,0,0,0,1
127403,0,0,0,0,0,0,0,0,1
127404,0,0,0,0,0,0,0,0,1
127405,0,0,0,0,0,0,0,0,1
127406,0,0,0,0,0,0,0,0,1
127407,0,0,0,0,0,0,0,0,1
127408,0,0,0,0,0,0,0,0,1
127409,0,0,0,0,0,0,0,0,1
127410,0,0,0,0,0,0,0,0,1
127411,0,0,0,0,0,0,0,0,1
127412,0,0,0,0,0,0,0,0,1
127413,0,0,0,0,0,0,0,0,1
127414,0,0,0,0,0,0,0,0,1
127415,0,0,0,0,0,0,0,0,1
127416,0,0,0,0,0,0,0,0,1
127417,0,0,0,0,0,0,0,0,1
127418,0,0,0,0,0,0,0,0,1
127419,0,0,0,0,0,0,0,0,1
127420,0,0,0,0,0,0,0,0,1
127421,0,0,0,0,0,0,0,0,1
127422,0,0,0,0,0,0,0,0,1
127423,0,0,0,0,0,0,0,0,1
127424,0,0,0,0,0,0,0,0,1
127425,0,0,0,0,0,0,0,0,1
127426,0,0,0,0,0,0,0,0,1
127427,0,0,0,0,0,0,0,0,1
127428,0,0,0,0,0,0,0,0,1
127429,0,0,0,0,0,0,0,0,1
127430,0,0,0,0,0,0,0,0,1
127431,0,0,0,0,0,0,0,0,1
127432,0,0,0,0,0,0,0,0,1
127433,0,0,0,0,0,0,0,0,1
127434,0,0,0,0,0,0,0,0,1
127435,0,0,0,0,0,0,0,0,1
127436,0,0,0,0,0,0,0,0,1
127437,0,0,0,0,0,0,0,0,1
127438,0,0,0,0,0,0,0,0,1
127439,0,0,0,0,0,0,0,0,1
127440,0,0,0,0,0,0,0,0,1
127441,0,0,0,0,0,0,0,0,1
127442,0,0,0,0,0,0,0,0,1
127443,0,0,0,0,0,0,0,0,1
127444,0,0,0,0,0,0,0,0,1
127445,0,0,0,0,0,0,0,0,1
127446,0,0,0,0,0,0,0,0,1
127447,0,0,0,0,0,0,0,0,1
127448,0,0,0,0,0,0,0,0,1
127449,0,0,0,0,0,0,0,0,1
127450,0,0,0,0,0,0,0,0,1
127451,0,0,0,0,0,0,0,0,1
127452,0,0,0,0,0,0,0,0,1
127453,0,0,0,0,0,0,0,0,1
127454,0,0,0,0,0,0,0,0,1
127455,0,0,0,0,0,0,0,0,1
127456,0,0,0,0,0,0,0,0,1
127457,0,0,0,0,0,0,0,0,1
127458,0,0,0,0,0,0,0,0,1
127459,0,0,0,0,0,0,0,0,1
127460,0,0,0,0,0,0,0,0,1
127461,0,0,0,0,0,0,0,0,1
127462,0,0,0,0,0,0,0,0,1
127463,0,0,0,0,0,0,0,0,1
127464,0,0,0,0,0,0,0,0,1
127465,0,0,0,0,0,0,0,0,1
127466,0,0,0,0,0,0,0,0,1
127467,0,0,0,0,0,0,0,0,1
127468,0,0,0,0,0,0,0,0,1
127469,0,0,0,0,0,0,0,0,1
127470,0,0,0,0,0,0,0,0,1
127471,0,0,0,0,0,0,0,0,1
127472,0,0,0,0,0,0,0,0,1
127473,0,0,0,0,0,0,0,0,1
127474,0,0,0,0,0,0,0,0,1
127475,0,0,0,0,0,0,0,0,1
127476,0,0,0,0,0,0,0,0,1
127477,0,0,0,0,0,0,0,0,1
127478,0,0,0,0,0,0,0,0,1
127479,0,0,0,0,0,0,0,0,1
127480,0,0,0,0,0,0,0,0,1
127481,0,0,0,0,0,0,0,0,1
127482,0,0,0,0,0,0,0,0,1
127483,0,0,0,0,0,0,0,0,1
127484,0,0,0,0,0,0,0,0,1
127485,0,0,0,0,0,0,0,0,1
127486,0,0,0,0,0,0,0,0,1
127487,0,0,0,0,0,0,0,0,1
127488,0,0,0,0,0,0,0,0,1
127489,0,0,0,0,0,0,0,0,1
127490,0,0,0,0,0,0,0,0,1
127491,0,0,0,0,0,0,0,0,1
127492,0,0,0,0,0,0,0,0,1
127493,0,0,0,0,0,0,0,0,1
127494,0,0,0,0,0,0,0,0,1
127495,0,0,0,0,0,0,0,0,1
127496,0,0,0,0,0,0,0,0,1
127497,0,0,0,0,0,0,0,0,1
127498,0,0,0,0,0,0,0,0,1
127499,0,0,0,0,0,0,0,0,1
127500,0,0,0,0,0,0,0,0,1
127501,0,0,0,0,0,0,0,0,1
127502,0,0,0,0,0,0,0,0,1
127503,0,0,0,0,0,0,0,0,1
127504,0,0,0,0,0,0,0,0,1
127505,0,0,0,0,0,0,0,0,1
127506,0,0,0,0,0,0,0,0,1
127507,0,0,0,0,0,0,0,0,1
127508,0,0,0,0,0,0,0,0,1
127509,0,0,0,0,0,0,0,0,1
127510,0,0,0,0,0,0,0,0,1
127511,0,0,0,0,0,0,0,0,1
127512,0,0,0,0,0,0,0,0,1
127513,0,0,0,0,0,0,0,0,1
127514,0,0,0,0,0,0,0,0,1
127515,0,0,0,0,0,0,0,0,1
127516,0,0,0,0,0,0,0,0,1
127517,0,0,0,0,0,0,0,0,1
127518,0,0,0,0,0,0,0,0,1
127519,0,0,0,0,0,0,0,0,1
127520,0,0,0,0,0,0,0,0,1
127521,0,0,0,0,0,0,0,0,1
127522,0,0,0,0,0,0,0,0,1
127523,0,0,0,0,0,0,0,0,1
127524,0,0,0,0,0,0,0,0,1
127525,0,0,0,0,0,0,0,0,1
127526,0,0,0,0,0,0,0,0,1
127527,0,0,0,0,0,0,0,0,1
127528,0,0,0,0,0,0,0,0,1
127529,0,0,0,0,0,0,0,0,1
127530,0,0,0,0,0,0,0,0,1
127531,0,0,0,0,0,0,0,0,1
127532,0,0,0,0,0,0,0,0,1
127533,0,0,0,0,0,0,0,0,1
127534,0,0,0,0,0,0,0,0,1
127535,0,0,0,0,0,0,0,0,1
127536,0,0,0,0,0,0,0,0,1
127537,0,0,0,0,0,0,0,0,1
127538,0,0,0,0,0,0,0,0,1
127539,0,0,0,0,0,0,0,0,1
127540,0,0,0,0,0,0,0,0,1
127541,0,0,0,0,0,0,0,0,1
127542,0,0,0,0,0,0,0,0,1
127543,0,0,0,0,0,0,0,0,1
127544,0,0,0,0,0,0,0,0,1
127545,0,0,0,0,0,0,0,0,1
127546,0,0,0,0,0,0,0,0,1
127547,0,0,0,0,0,0,0,0,1
127548,0,0,0,0,0,0,0,0,1
127549,0,0,0,0,0,0,0,0,1
127550,0,0,0,0,0,0,0,0,1
127551,0,0,0,0,0,0,0,0,1
127552,0,0,0,0,0,0,0,0,1
127553,0,0,0,0,0,0,0,0,1
127554,0,0,0,0,0,0,0,0,1
127555,0,0,0,0,0,0,0,0,1
127556,0,0,0,0,0,0,0,0,1
127557,0,0,0,0,0,0,0,0,1
127558,0,0,0,0,0,0,0,0,1
127559,0,0,0,0,0,0,0,0,1
127560,0,0,0,0,0,0,0,0,1
127561,0,0,0,0,0,0,0,0,1
127562,0,0,0,0,0,0,0,0,1
127563,0,0,0,0,0,0,0,0,1
127564,0,0,0,0,0,0,0,0,1
127565,0,0,0,0,0,0,0,0,1
127566,0,0,0,0,0,0,0,0,1
127567,0,0,0,0,0,0,0,0,1
127568,0,0,0,0,0,0,0,0,1
127569,0,0,0,0,0,0,0,0,1
127570,0,0,0,0,0,0,0,0,1
127571,0,0,0,0,0,0,0,0,1
127572,0,0,0,0,0,0,0,0,1
127573,0,0,0,0,0,0,0,0,1
127574,0,0,0,0,0,0,0,0,1
127575,0,0,0,0,0,0,0,0,1
127576,0,0,0,0,0,0,0,0,1
127577,0,0,0,0,0,0,0,0,1
127578,0,0,0,0,0,0,0,0,1
127579,0,0,0,0,0,0,0,0,1
127580,0,0,0,0,0,0,0,0,1
127581,0,0,0,0,0,0,0,0,1
127582,0,0,0,0,0,0,0,0,1
127583,0,0,0,0,0,0,0,0,1
127584,0,0,0,0,0,0,0,0,1
127585,0,0,0,0,0,0,0,0,1
127586,0,0,0,0,0,0,0,0,1
127587,0,0,0,0,0,0,0,0,1
127588,0,0,0,0,0,0,0,0,1
127589,0,0,0,0,0,0,0,0,1
127590,0,0,0,0,0,0,0,0,1
127591,0,0,0,0,0,0,0,0,1
127592,0,0,0,0,0,0,0,0,1
127593,0,0,0,0,0,0,0,0,1
127594,0,0,0,0,0,0,0,0,1
127595,0,0,0,0,0,0,0,0,1
127596,0,0,0,0,0,0,0,0,1
127597,0,0,0,0,0,0,0,0,1
127598,0,0,0,0,0,0,0,0,1
127599,0,0,0,0,0,0,0,0,1
127600,0,0,0,0,0,0,0,0,1
127601,0,0,0,0,0,0,0,0,1
127602,0,0,0,0,0,0,0,0,1
127603,0,0,0,0,0,0,0,0,1
127604,0,0,0,0,0,0,0,0,1
127605,0,0,0,0,0,0,0,0,1
127606,0,0,0,0,0,0,0,0,1
127607,0,0,0,0,0,0,0,0,1
127608,0,0,0,0,0,0,0,0,1
127609,0,0,0,0,0,0,0,0,1
127610,0,0,0,0,0,0,0,0,1
127611,0,0,0,0,0,0,0,0,1
127612,0,0,0,0,0,0,0,0,1
127613,0,0,0,0,0,0,0,0,1
127614,0,0,0,0,0,0,0,0,1
127615,0,0,0,0,0,0,0,0,1
127616,0,0,0,0,0,0,0,0,1
127617,0,0,0,0,0,0,0,0,1
127618,0,0,0,0,0,0,0,0,1
127619,0,0,0,0,0,0,0,0,1
127620,0,0,0,0,0,0,0,0,1
127621,0,0,0,0,0,0,0,0,1
127622,0,0,0,0,0,0,0,0,1
127623,0,0,0,0,0,0,0,0,1
127624,0,0,0,0,0,0,0,0,1
127625,0,0,0,0,0,0,0,0,1
127626,0,0,0,0,0,0,0,0,1
127627,0,0,0,0,0,0,0,0,1
127628,0,0,0,0,0,0,0,0,1
127629,0,0,0,0,0,0,0,0,1
127630,0,0,0,0,0,0,0,0,1
127631,0,0,0,0,0,0,0,0,1
127632,0,0,0,0,0,0,0,0,1
127633,0,0,0,0,0,0,0,0,1
127634,0,0,0,0,0,0,0,0,1
127635,0,0,0,0,0,0,0,0,1
127636,0,0,0,0,0,0,0,0,1
127637,0,0,0,0,0,0,0,0,1
127638,0,0,0,0,0,0,0,0,1
127639,0,0,0,0,0,0,0,0,1
127640,0,0,0,0,0,0,0,0,1
127641,0,0,0,0,0,0,0,0,1
127642,0,0,0,0,0,0,0,0,1
127643,0,0,0,0,0,0,0,0,1
127644,0,0,0,0,0,0,0,0,1
127645,0,0,0,0,0,0,0,0,1
127646,0,0,0,0,0,0,0,0,1
127647,0,0,0,0,0,0,0,0,1
127648,0,0,0,0,0,0,0,0,1
127649,0,0,0,0,0,0,0,0,1
127650,0,0,0,0,0,0,0,0,1
127651,0,0,0,0,0,0,0,0,1
127652,0,0,0,0,0,0,0,0,1
127653,0,0,0,0,0,0,0,0,1
127654,0,0,0,0,0,0,0,0,1
127655,0,0,0,0,0,0,0,0,1
127656,0,0,0,0,0,0,0,0,1
127657,0,0,0,0,0,0,0,0,1
127658,0,0,0,0,0,0,0,0,1
127659,0,0,0,0,0,0,0,0,1
127660,0,0,0,0,0,0,0,0,1
127661,0,0,0,0,0,0,0,0,1
127662,0,0,0,0,0,0,0,0,1
127663,0,0,0,0,0,0,0,0,1
127664,0,0,0,0,0,0,0,0,1
127665,0,0,0,0,0,0,0,0,1
127666,0,0,0,0,0,0,0,0,1
127667,0,0,0,0,0,0,0,0,1
127668,0,0,0,0,0,0,0,0,1
127669,0,0,0,0,0,0,0,0,1
127670,0,0,0,0,0,0,0,0,1
127671,0,0,0,0,0,0,0,0,1
127672,0,0,0,0,0,0,0,0,1
127673,0,0,0,0,0,0,0,0,1
127674,0,0,0,0,0,0,0,0,1
127675,0,0,0,0,0,0,0,0,1
127676,0,0,0,0,0,0,0,0,1
127677,0,0,0,0,0,0,0,0,1
127678,0,0,0,0,0,0,0,0,1
127679,0,0,0,0,0,0,0,0,1
127680,0,0,0,0,0,0,0,0,1
127681,0,0,0,0,0,0,0,0,1
127682,0,0,0,0,0,0,0,0,1
127683,0,0,0,0,0,0,0,0,1
127684,0,0,0,0,0,0,0,0,1
127685,0,0,0,0,0,0,0,0,1
127686,0,0,0,0,0,0,0,0,1
127687,0,0,0,0,0,0,0,0,1
127688,0,0,0,0,0,0,0,0,1
127689,0,0,0,0,0,0,0,0,1
127690,0,0,0,0,0,0,0,0,1
127691,0,0,0,0,0,0,0,0,1
127692,0,0,0,0,0,0,0,0,1
127693,0,0,0,0,0,0,0,0,1
127694,0,0,0,0,0,0,0,0,1
127695,0,0,0,0,0,0,0,0,1
127696,0,0,0,0,0,0,0,0,1
127697,0,0,0,0,0,0,0,0,1
127698,0,0,0,0,0,0,0,0,1
127699,0,0,0,0,0,0,0,0,1
127700,0,0,0,0,0,0,0,0,1
127701,0,0,0,0,0,0,0,0,1
127702,0,0,0,0,0,0,0,0,1
127703,0,0,0,0,0,0,0,0,1
127704,0,0,0,0,0,0,0,0,1
127705,0,0,0,0,0,0,0,0,1
127706,0,0,0,0,0,0,0,0,1
127707,0,0,0,0,0,0,0,0,1
127708,0,0,0,0,0,0,0,0,1
127709,0,0,0,0,0,0,0,0,1
127710,0,0,0,0,0,0,0,0,1
127711,0,0,0,0,0,0,0,0,1
127712,0,0,0,0,0,0,0,0,1
127713,0,0,0,0,0,0,0,0,1
127714,0,0,0,0,0,0,0,0,1
127715,0,0,0,0,0,0,0,0,1
127716,0,0,0,0,0,0,0,0,1
127717,0,0,0,0,0,0,0,0,1
127718,0,0,0,0,0,0,0,0,1
127719,0,0,0,0,0,0,0,0,1
127720,0,0,0,0,0,0,0,0,1
127721,0,0,0,0,0,0,0,0,1
127722,0,0,0,0,0,0,0,0,1
127723,0,0,0,0,0,0,0,0,1
127724,0,0,0,0,0,0,0,0,1
127725,0,0,0,0,0,0,0,0,1
127726,0,0,0,0,0,0,0,0,1
127727,0,0,0,0,0,0,0,0,1
127728,0,0,0,0,0,0,0,0,1
127729,0,0,0,0,0,0,0,0,1
127730,0,0,0,0,0,0,0,0,1
127731,0,0,0,0,0,0,0,0,1
127732,0,0,0,0,0,0,0,0,1
127733,0,0,0,0,0,0,0,0,1
127734,0,0,0,0,0,0,0,0,1
127735,0,0,0,0,0,0,0,0,1
127736,0,0,0,0,0,0,0,0,1
127737,0,0,0,0,0,0,0,0,1
127738,0,0,0,0,0,0,0,0,1
127739,0,0,0,0,0,0,0,0,1
127740,0,0,0,0,0,0,0,0,1
127741,0,0,0,0,0,0,0,0,1
127742,0,0,0,0,0,0,0,0,1
127743,0,0,0,0,0,0,0,0,1
127744,0,0,0,0,0,0,0,0,1
127745,0,0,0,0,0,0,0,0,1
127746,0,0,0,0,0,0,0,0,1
127747,0,0,0,0,0,0,0,0,1
127748,0,0,0,0,0,0,0,0,1
127749,0,0,0,0,0,0,0,0,1
127750,0,0,0,0,0,0,0,0,1
127751,0,0,0,0,0,0,0,0,1
127752,0,0,0,0,0,0,0,0,1
127753,0,0,0,0,0,0,0,0,1
127754,0,0,0,0,0,0,0,0,1
127755,0,0,0,0,0,0,0,0,1
127756,0,0,0,0,0,0,0,0,1
127757,0,0,0,0,0,0,0,0,1
127758,0,0,0,0,0,0,0,0,1
127759,0,0,0,0,0,0,0,0,1
127760,0,0,0,0,0,0,0,0,1
127761,0,0,0,0,0,0,0,0,1
127762,0,0,0,0,0,0,0,0,1
127763,0,0,0,0,0,0,0,0,1
127764,0,0,0,0,0,0,0,0,1
127765,0,0,0,0,0,0,0,0,1
127766,0,0,0,0,0,0,0,0,1
127767,0,0,0,0,0,0,0,0,1
127768,0,0,0,0,0,0,0,0,1
127769,0,0,0,0,0,0,0,0,1
127770,0,0,0,0,0,0,0,0,1
127771,0,0,0,0,0,0,0,0,1
127772,0,0,0,0,0,0,0,0,1
127773,0,0,0,0,0,0,0,0,1
127774,0,0,0,0,0,0,0,0,1
127775,0,0,0,0,0,0,0,0,1
127776,0,0,0,0,0,0,0,0,1
127777,0,0,0,0,0,0,0,0,1
127778,0,0,0,0,0,0,0,0,1
127779,0,0,0,0,0,0,0,0,1
127780,0,0,0,0,0,0,0,0,1
127781,0,0,0,0,0,0,0,0,1
127782,0,0,0,0,0,0,0,0,1
127783,0,0,0,0,0,0,0,0,1
127784,0,0,0,0,0,0,0,0,1
127785,0,0,0,0,0,0,0,0,1
127786,0,0,0,0,0,0,0,0,1
127787,0,0,0,0,0,0,0,0,1
127788,0,0,0,0,0,0,0,0,1
127789,0,0,0,0,0,0,0,0,1
127790,0,0,0,0,0,0,0,0,1
127791,0,0,0,0,0,0,0,0,1
127792,0,0,0,0,0,0,0,0,1
127793,0,0,0,0,0,0,0,0,1
127794,0,0,0,0,0,0,0,0,1
127795,0,0,0,0,0,0,0,0,1
127796,0,0,0,0,0,0,0,0,1
127797,0,0,0,0,0,0,0,0,1
127798,0,0,0,0,0,0,0,0,1
127799,0,0,0,0,0,0,0,0,1
127800,0,0,0,0,0,0,0,0,1
127801,0,0,0,0,0,0,0,0,1
127802,0,0,0,0,0,0,0,0,1
127803,0,0,0,0,0,0,0,0,1
127804,0,0,0,0,0,0,0,0,1
127805,0,0,0,0,0,0,0,0,1
127806,0,0,0,0,0,0,0,0,1
127807,0,0,0,0,0,0,0,0,1
127808,0,0,0,0,0,0,0,0,1
127809,0,0,0,0,0,0,0,0,1
127810,0,0,0,0,0,0,0,0,1
127811,0,0,0,0,0,0,0,0,1
127812,0,0,0,0,0,0,0,0,1
127813,0,0,0,0,0,0,0,0,1
127814,0,0,0,0,0,0,0,0,1
127815,0,0,0,0,0,0,0,0,1
127816,0,0,0,0,0,0,0,0,1
127817,0,0,0,0,0,0,0,0,1
127818,0,0,0,0,0,0,0,0,1
127819,0,0,0,0,0,0,0,0,1
127820,0,0,0,0,0,0,0,0,1
127821,0,0,0,0,0,0,0,0,1
127822,0,0,0,0,0,0,0,0,1
127823,0,0,0,0,0,0,0,0,1
127824,0,0,0,0,0,0,0,0,1
127825,0,0,0,0,0,0,0,0,1
127826,0,0,0,0,0,0,0,0,1
127827,0,0,0,0,0,0,0,0,1
127828,0,0,0,0,0,0,0,0,1
127829,0,0,0,0,0,0,0,0,1
127830,0,0,0,0,0,0,0,0,1
127831,0,0,0,0,0,0,0,0,1
127832,0,0,0,0,0,0,0,0,1
127833,0,0,0,0,0,0,0,0,1
127834,0,0,0,0,0,0,0,0,1
127835,0,0,0,0,0,0,0,0,1
127836,0,0,0,0,0,0,0,0,1
127837,0,0,0,0,0,0,0,0,1
127838,0,0,0,0,0,0,0,0,1
127839,0,0,0,0,0,0,0,0,1
127840,0,0,0,0,0,0,0,0,1
127841,0,0,0,0,0,0,0,0,1
127842,0,0,0,0,0,0,0,0,1
127843,0,0,0,0,0,0,0,0,1
127844,0,0,0,0,0,0,0,0,1
127845,0,0,0,0,0,0,0,0,1
127846,0,0,0,0,0,0,0,0,1
127847,0,0,0,0,0,0,0,0,1
127848,0,0,0,0,0,0,0,0,1
127849,0,0,0,0,0,0,0,0,1
127850,0,0,0,0,0,0,0,0,1
127851,0,0,0,0,0,0,0,0,1
127852,0,0,0,0,0,0,0,0,1
127853,0,0,0,0,0,0,0,0,1
127854,0,0,0,0,0,0,0,0,1
127855,0,0,0,0,0,0,0,0,1
127856,0,0,0,0,0,0,0,0,1
127857,0,0,0,0,0,0,0,0,1
127858,0,0,0,0,0,0,0,0,1
127859,0,0,0,0,0,0,0,0,1
127860,0,0,0,0,0,0,0,0,1
127861,0,0,0,0,0,0,0,0,1
127862,0,0,0,0,0,0,0,0,1
127863,0,0,0,0,0,0,0,0,1
127864,0,0,0,0,0,0,0,0,1
127865,0,0,0,0,0,0,0,0,1
127866,0,0,0,0,0,0,0,0,1
127867,0,0,0,0,0,0,0,0,1
127868,0,0,0,0,0,0,0,0,1
127869,0,0,0,0,0,0,0,0,1
127870,0,0,0,0,0,0,0,0,1
127871,0,0,0,0,0,0,0,0,1
127872,0,0,0,0,0,0,0,0,1
127873,0,0,0,0,0,0,0,0,1
127874,0,0,0,0,0,0,0,0,1
127875,0,0,0,0,0,0,0,0,1
127876,0,0,0,0,0,0,0,0,1
127877,0,0,0,0,0,0,0,0,1
127878,0,0,0,0,0,0,0,0,1
127879,0,0,0,0,0,0,0,0,1
127880,0,0,0,0,0,0,0,0,1
127881,0,0,0,0,0,0,0,0,1
127882,0,0,0,0,0,0,0,0,1
127883,0,0,0,0,0,0,0,0,1
127884,0,0,0,0,0,0,0,0,1
127885,0,0,0,0,0,0,0,0,1
127886,0,0,0,0,0,0,0,0,1
127887,0,0,0,0,0,0,0,0,1
127888,0,0,0,0,0,0,0,0,1
127889,0,0,0,0,0,0,0,0,1
127890,0,0,0,0,0,0,0,0,1
127891,0,0,0,0,0,0,0,0,1
127892,0,0,0,0,0,0,0,0,1
127893,0,0,0,0,0,0,0,0,1
127894,0,0,0,0,0,0,0,0,1
127895,0,0,0,0,0,0,0,0,1
127896,0,0,0,0,0,0,0,0,1
127897,0,0,0,0,0,0,0,0,1
127898,0,0,0,0,0,0,0,0,1
127899,0,0,0,0,0,0,0,0,1
127900,0,0,0,0,0,0,0,0,1
127901,0,0,0,0,0,0,0,0,1
127902,0,0,0,0,0,0,0,0,1
127903,0,0,0,0,0,0,0,0,1
127904,0,0,0,0,0,0,0,0,1
127905,0,0,0,0,0,0,0,0,1
127906,0,0,0,0,0,0,0,0,1
127907,0,0,0,0,0,0,0,0,1
127908,0,0,0,0,0,0,0,0,1
127909,0,0,0,0,0,0,0,0,1
127910,0,0,0,0,0,0,0,0,1
127911,0,0,0,0,0,0,0,0,1
127912,0,0,0,0,0,0,0,0,1
127913,0,0,0,0,0,0,0,0,1
127914,0,0,0,0,0,0,0,0,1
127915,0,0,0,0,0,0,0,0,1
127916,0,0,0,0,0,0,0,0,1
127917,0,0,0,0,0,0,0,0,1
127918,0,0,0,0,0,0,0,0,1
127919,0,0,0,0,0,0,0,0,1
127920,0,0,0,0,0,0,0,0,1
127921,0,0,0,0,0,0,0,0,1
127922,0,0,0,0,0,0,0,0,1
127923,0,0,0,0,0,0,0,0,1
127924,0,0,0,0,0,0,0,0,1
127925,0,0,0,0,0,0,0,0,1
127926,0,0,0,0,0,0,0,0,1
127927,0,0,0,0,0,0,0,0,1
127928,0,0,0,0,0,0,0,0,1
127929,0,0,0,0,0,0,0,0,1
127930,0,0,0,0,0,0,0,0,1
127931,0,0,0,0,0,0,0,0,1
127932,0,0,0,0,0,0,0,0,1
127933,0,0,0,0,0,0,0,0,1
127934,0,0,0,0,0,0,0,0,1
127935,0,0,0,0,0,0,0,0,1
127936,0,0,0,0,0,0,0,0,1
127937,0,0,0,0,0,0,0,0,1
127938,0,0,0,0,0,0,0,0,1
127939,0,0,0,0,0,0,0,0,1
127940,0,0,0,0,0,0,0,0,1
127941,0,0,0,0,0,0,0,0,1
127942,0,0,0,0,0,0,0,0,1
127943,0,0,0,0,0,0,0,0,1
127944,0,0,0,0,0,0,0,0,1
127945,0,0,0,0,0,0,0,0,1
127946,0,0,0,0,0,0,0,0,1
127947,0,0,0,0,0,0,0,0,1
127948,0,0,0,0,0,0,0,0,1
127949,0,0,0,0,0,0,0,0,1
127950,0,0,0,0,0,0,0,0,1
127951,0,0,0,0,0,0,0,0,1
127952,0,0,0,0,0,0,0,0,1
127953,0,0,0,0,0,0,0,0,1
127954,0,0,0,0,0,0,0,0,1
127955,0,0,0,0,0,0,0,0,1
127956,0,0,0,0,0,0,0,0,1
127957,0,0,0,0,0,0,0,0,1
127958,0,0,0,0,0,0,0,0,1
127959,0,0,0,0,0,0,0,0,1
127960,0,0,0,0,0,0,0,0,1
127961,0,0,0,0,0,0,0,0,1
127962,0,0,0,0,0,0,0,0,1
127963,0,0,0,0,0,0,0,0,1
127964,0,0,0,0,0,0,0,0,1
127965,0,0,0,0,0,0,0,0,1
127966,0,0,0,0,0,0,0,0,1
127967,0,0,0,0,0,0,0,0,1
127968,0,0,0,0,0,0,0,0,1
127969,0,0,0,0,0,0,0,0,1
127970,0,0,0,0,0,0,0,0,1
127971,0,0,0,0,0,0,0,0,1
127972,0,0,0,0,0,0,0,0,1
127973,0,0,0,0,0,0,0,0,1
127974,0,0,0,0,0,0,0,0,1
127975,0,0,0,0,0,0,0,0,1
127976,0,0,0,0,0,0,0,0,1
127977,0,0,0,0,0,0,0,0,1
127978,0,0,0,0,0,0,0,0,1
127979,0,0,0,0,0,0,0,0,1
127980,0,0,0,0,0,0,0,0,1
127981,0,0,0,0,0,0,0,0,1
127982,0,0,0,0,0,0,0,0,1
127983,0,0,0,0,0,0,0,0,1
127984,0,0,0,0,0,0,0,0,1
127985,0,0,0,0,0,0,0,0,1
127986,0,0,0,0,0,0,0,0,1
127987,0,0,0,0,0,0,0,0,1
127988,0,0,0,0,0,0,0,0,1
127989,0,0,0,0,0,0,0,0,1
127990,0,0,0,0,0,0,0,0,1
127991,0,0,0,0,0,0,0,0,1
127992,0,0,0,0,0,0,0,0,1
127993,0,0,0,0,0,0,0,0,1
127994,0,0,0,0,0,0,0,0,1
127995,0,0,0,0,0,0,0,0,1
127996,0,0,0,0,0,0,0,0,1
127997,0,0,0,0,0,0,0,0,1
127998,0,0,0,0,0,0,0,0,1
127999,0,0,0,0,0,0,0,0,1
128000,0,0,0,0,0,0,0,0,1
128001,0,0,0,0,0,0,0,0,1
128002,0,0,0,0,0,0,0,0,1
128003,0,0,0,0,0,0,0,0,1
128004,0,0,0,0,0,0,0,0,1
128005,0,0,0,0,0,0,0,0,1
128006,0,0,0,0,0,0,0,0,1
128007,0,0,0,0,0,0,0,0,1
128008,0,0,0,0,0,0,0,0,1
128009,0,0,0,0,0,0,0,0,1
128010,0,0,0,0,0,0,0,0,1
128011,0,0,0,0,0,0,0,0,1
128012,0,0,0,0,0,0,0,0,1
128013,0,0,0,0,0,0,0,0,1
128014,0,0,0,0,0,0,0,0,1
128015,0,0,0,0,0,0,0,0,1
128016,0,0,0,0,0,0,0,0,1
128017,0,0,0,0,0,0,0,0,1
128018,0,0,0,0,0,0,0,0,1
128019,0,0,0,0,0,0,0,0,1
128020,0,0,0,0,0,0,0,0,1
128021,0,0,0,0,0,0,0,0,1
128022,0,0,0,0,0,0,0,0,1
128023,0,0,0,0,0,0,0,0,1
128024,0,0,0,0,0,0,0,0,1
128025,0,0,0,0,0,0,0,0,1
128026,0,0,0,0,0,0,0,0,1
128027,0,0,0,0,0,0,0,0,1
128028,0,0,0,0,0,0,0,0,1
128029,0,0,0,0,0,0,0,0,1
128030,0,0,0,0,0,0,0,0,1
128031,0,0,0,0,0,0,0,0,1
128032,0,0,0,0,0,0,0,0,1
128033,0,0,0,0,0,0,0,0,1
128034,0,0,0,0,0,0,0,0,1
128035,0,0,0,0,0,0,0,0,1
128036,0,0,0,0,0,0,0,0,1
128037,0,0,0,0,0,0,0,0,1
128038,0,0,0,0,0,0,0,0,1
128039,0,0,0,0,0,0,0,0,1
128040,0,0,0,0,0,0,0,0,1
128041,0,0,0,0,0,0,0,0,1
128042,0,0,0,0,0,0,0,0,1
128043,0,0,0,0,0,0,0,0,1
128044,0,0,0,0,0,0,0,0,1
128045,0,0,0,0,0,0,0,0,1
128046,0,0,0,0,0,0,0,0,1
128047,0,0,0,0,0,0,0,0,1
128048,0,0,0,0,0,0,0,0,1
128049,0,0,0,0,0,0,0,0,1
128050,0,0,0,0,0,0,0,0,1
128051,0,0,0,0,0,0,0,0,1
128052,0,0,0,0,0,0,0,0,1
128053,0,0,0,0,0,0,0,0,1
128054,0,0,0,0,0,0,0,0,1
128055,0,0,0,0,0,0,0,0,1
128056,0,0,0,0,0,0,0,0,1
128057,0,0,0,0,0,0,0,0,1
128058,0,0,0,0,0,0,0,0,1
128059,0,0,0,0,0,0,0,0,1
128060,0,0,0,0,0,0,0,0,1
128061,0,0,0,0,0,0,0,0,1
128062,0,0,0,0,0,0,0,0,1
128063,0,0,0,0,0,0,0,0,1
128064,0,0,0,0,0,0,0,0,1
128065,0,0,0,0,0,0,0,0,1
128066,0,0,0,0,0,0,0,0,1
128067,0,0,0,0,0,0,0,0,1
128068,0,0,0,0,0,0,0,0,1
128069,0,0,0,0,0,0,0,0,1
128070,0,0,0,0,0,0,0,0,1
128071,0,0,0,0,0,0,0,0,1
128072,0,0,0,0,0,0,0,0,1
128073,0,0,0,0,0,0,0,0,1
128074,0,0,0,0,0,0,0,0,1
128075,0,0,0,0,0,0,0,0,1
128076,0,0,0,0,0,0,0,0,1
128077,0,0,0,0,0,0,0,0,1
128078,0,0,0,0,0,0,0,0,1
128079,0,0,0,0,0,0,0,0,1
128080,0,0,0,0,0,0,0,0,1
128081,0,0,0,0,0,0,0,0,1
128082,0,0,0,0,0,0,0,0,1
128083,0,0,0,0,0,0,0,0,1
128084,0,0,0,0,0,0,0,0,1
128085,0,0,0,0,0,0,0,0,1
128086,0,0,0,0,0,0,0,0,1
128087,0,0,0,0,0,0,0,0,1
128088,0,0,0,0,0,0,0,0,1
128089,0,0,0,0,0,0,0,0,1
128090,0,0,0,0,0,0,0,0,1
128091,0,0,0,0,0,0,0,0,1
128092,0,0,0,0,0,0,0,0,1
128093,0,0,0,0,0,0,0,0,1
128094,0,0,0,0,0,0,0,0,1
128095,0,0,0,0,0,0,0,0,1
128096,0,0,0,0,0,0,0,0,1
128097,0,0,0,0,0,0,0,0,1
128098,0,0,0,0,0,0,0,0,1
128099,0,0,0,0,0,0,0,0,1
128100,0,0,0,0,0,0,0,0,1
128101,0,0,0,0,0,0,0,0,1
128102,0,0,0,0,0,0,0,0,1
128103,0,0,0,0,0,0,0,0,1
128104,0,0,0,0,0,0,0,0,1
128105,0,0,0,0,0,0,0,0,1
128106,0,0,0,0,0,0,0,0,1
128107,0,0,0,0,0,0,0,0,1
128108,0,0,0,0,0,0,0,0,1
128109,0,0,0,0,0,0,0,0,1
128110,0,0,0,0,0,0,0,0,1
128111,0,0,0,0,0,0,0,0,1
128112,0,0,0,0,0,0,0,0,1
128113,0,0,0,0,0,0,0,0,1
128114,0,0,0,0,0,0,0,0,1
128115,0,0,0,0,0,0,0,0,1
128116,0,0,0,0,0,0,0,0,1
128117,0,0,0,0,0,0,0,0,1
128118,0,0,0,0,0,0,0,0,1
128119,0,0,0,0,0,0,0,0,1
128120,0,0,0,0,0,0,0,0,1
128121,0,0,0,0,0,0,0,0,1
128122,0,0,0,0,0,0,0,0,1
128123,0,0,0,0,0,0,0,0,1
128124,0,0,0,0,0,0,0,0,1
128125,0,0,0,0,0,0,0,0,1
128126,0,0,0,0,0,0,0,0,1
128127,0,0,0,0,0,0,0,0,1
128128,0,0,0,0,0,0,0,0,1
128129,0,0,0,0,0,0,0,0,1
128130,0,0,0,0,0,0,0,0,1
128131,0,0,0,0,0,0,0,0,1
128132,0,0,0,0,0,0,0,0,1
128133,0,0,0,0,0,0,0,0,1
128134,0,0,0,0,0,0,0,0,1
128135,0,0,0,0,0,0,0,0,1
128136,0,0,0,0,0,0,0,0,1
128137,0,0,0,0,0,0,0,0,1
128138,0,0,0,0,0,0,0,0,1
128139,0,0,0,0,0,0,0,0,1
128140,0,0,0,0,0,0,0,0,1
128141,0,0,0,0,0,0,0,0,1
128142,0,0,0,0,0,0,0,0,1
128143,0,0,0,0,0,0,0,0,1
128144,0,0,0,0,0,0,0,0,1
128145,0,0,0,0,0,0,0,0,1
128146,0,0,0,0,0,0,0,0,1
128147,0,0,0,0,0,0,0,0,1
128148,0,0,0,0,0,0,0,0,1
128149,0,0,0,0,0,0,0,0,1
128150,0,0,0,0,0,0,0,0,1
128151,0,0,0,0,0,0,0,0,1
128152,0,0,0,0,0,0,0,0,1
128153,0,0,0,0,0,0,0,0,1
128154,0,0,0,0,0,0,0,0,1
128155,0,0,0,0,0,0,0,0,1
128156,0,0,0,0,0,0,0,0,1
128157,0,0,0,0,0,0,0,0,1
128158,0,0,0,0,0,0,0,0,1
128159,0,0,0,0,0,0,0,0,1
128160,0,0,0,0,0,0,0,0,1
128161,0,0,0,0,0,0,0,0,1
128162,0,0,0,0,0,0,0,0,1
128163,0,0,0,0,0,0,0,0,1
128164,0,0,0,0,0,0,0,0,1
128165,0,0,0,0,0,0,0,0,1
128166,0,0,0,0,0,0,0,0,1
128167,0,0,0,0,0,0,0,0,1
128168,0,0,0,0,0,0,0,0,1
128169,0,0,0,0,0,0,0,0,1
128170,0,0,0,0,0,0,0,0,1
128171,0,0,0,0,0,0,0,0,1
128172,0,0,0,0,0,0,0,0,1
128173,0,0,0,0,0,0,0,0,1
128174,0,0,0,0,0,0,0,0,1
128175,0,0,0,0,0,0,0,0,1
128176,0,0,0,0,0,0,0,0,1
128177,0,0,0,0,0,0,0,0,1
128178,0,0,0,0,0,0,0,0,1
128179,0,0,0,0,0,0,0,0,1
128180,0,0,0,0,0,0,0,0,1
128181,0,0,0,0,0,0,0,0,1
128182,0,0,0,0,0,0,0,0,1
128183,0,0,0,0,0,0,0,0,1
128184,0,0,0,0,0,0,0,0,1
128185,0,0,0,0,0,0,0,0,1
128186,0,0,0,0,0,0,0,0,1
128187,0,0,0,0,0,0,0,0,1
128188,0,0,0,0,0,0,0,0,1
128189,0,0,0,0,0,0,0,0,1
128190,0,0,0,0,0,0,0,0,1
128191,0,0,0,0,0,0,0,0,1
128192,0,0,0,0,0,0,0,0,1
128193,0,0,0,0,0,0,0,0,1
128194,0,0,0,0,0,0,0,0,1
128195,0,0,0,0,0,0,0,0,1
128196,0,0,0,0,0,0,0,0,1
128197,0,0,0,0,0,0,0,0,1
128198,0,0,0,0,0,0,0,0,1
128199,0,0,0,0,0,0,0,0,1
128200,0,0,0,0,0,0,0,0,1
128201,0,0,0,0,0,0,0,0,1
128202,0,0,0,0,0,0,0,0,1
128203,0,0,0,0,0,0,0,0,1
128204,0,0,0,0,0,0,0,0,1
128205,0,0,0,0,0,0,0,0,1
128206,0,0,0,0,0,0,0,0,1
128207,0,0,0,0,0,0,0,0,1
128208,0,0,0,0,0,0,0,0,1
128209,0,0,0,0,0,0,0,0,1
128210,0,0,0,0,0,0,0,0,1
128211,0,0,0,0,0,0,0,0,1
128212,0,0,0,0,0,0,0,0,1
128213,0,0,0,0,0,0,0,0,1
128214,0,0,0,0,0,0,0,0,1
128215,0,0,0,0,0,0,0,0,1
128216,0,0,0,0,0,0,0,0,1
128217,0,0,0,0,0,0,0,0,1
128218,0,0,0,0,0,0,0,0,1
128219,0,0,0,0,0,0,0,0,1
128220,0,0,0,0,0,0,0,0,1
128221,0,0,0,0,0,0,0,0,1
128222,0,0,0,0,0,0,0,0,1
128223,0,0,0,0,0,0,0,0,1
128224,0,0,0,0,0,0,0,0,1
128225,0,0,0,0,0,0,0,0,1
128226,0,0,0,0,0,0,0,0,1
128227,0,0,0,0,0,0,0,0,1
128228,0,0,0,0,0,0,0,0,1
128229,0,0,0,0,0,0,0,0,1
128230,0,0,0,0,0,0,0,0,1
128231,0,0,0,0,0,0,0,0,1
128232,0,0,0,0,0,0,0,0,1
128233,0,0,0,0,0,0,0,0,1
128234,0,0,0,0,0,0,0,0,1
128235,0,0,0,0,0,0,0,0,1
128236,0,0,0,0,0,0,0,0,1
128237,0,0,0,0,0,0,0,0,1
128238,0,0,0,0,0,0,0,0,1
128239,0,0,0,0,0,0,0,0,1
128240,0,0,0,0,0,0,0,0,1
128241,0,0,0,0,0,0,0,0,1
128242,0,0,0,0,0,0,0,0,1
128243,0,0,0,0,0,0,0,0,1
128244,0,0,0,0,0,0,0,0,1
128245,0,0,0,0,0,0,0,0,1
128246,0,0,0,0,0,0,0,0,1
128247,0,0,0,0,0,0,0,0,1
128248,0,0,0,0,0,0,0,0,1
128249,0,0,0,0,0,0,0,0,1
128250,0,0,0,0,0,0,0,0,1
128251,0,0,0,0,0,0,0,0,1
128252,0,0,0,0,0,0,0,0,1
128253,0,0,0,0,0,0,0,0,1
128254,0,0,0,0,0,0,0,0,1
128255,0,0,0,0,0,0,0,0,1
128256,0,0,0,0,0,0,0,0,1
128257,0,0,0,0,0,0,0,0,1
128258,0,0,0,0,0,0,0,0,1
128259,0,0,0,0,0,0,0,0,1
128260,0,0,0,0,0,0,0,0,1
128261,0,0,0,0,0,0,0,0,1
128262,0,0,0,0,0,0,0,0,1
128263,0,0,0,0,0,0,0,0,1
128264,0,0,0,0,0,0,0,0,1
128265,0,0,0,0,0,0,0,0,1
128266,0,0,0,0,0,0,0,0,1
128267,0,0,0,0,0,0,0,0,1
128268,0,0,0,0,0,0,0,0,1
128269,0,0,0,0,0,0,0,0,1
128270,0,0,0,0,0,0,0,0,1
128271,0,0,0,0,0,0,0,0,1
128272,0,0,0,0,0,0,0,0,1
128273,0,0,0,0,0,0,0,0,1
128274,0,0,0,0,0,0,0,0,1
128275,0,0,0,0,0,0,0,0,1
128276,0,0,0,0,0,0,0,0,1
128277,0,0,0,0,0,0,0,0,1
128278,0,0,0,0,0,0,0,0,1
128279,0,0,0,0,0,0,0,0,1
128280,0,0,0,0,0,0,0,0,1
128281,0,0,0,0,0,0,0,0,1
128282,0,0,0,0,0,0,0,0,1
128283,0,0,0,0,0,0,0,0,1
128284,0,0,0,0,0,0,0,0,1
128285,0,0,0,0,0,0,0,0,1
128286,0,0,0,0,0,0,0,0,1
128287,0,0,0,0,0,0,0,0,1
128288,0,0,0,0,0,0,0,0,1
128289,0,0,0,0,0,0,0,0,1
128290,0,0,0,0,0,0,0,0,1
128291,0,0,0,0,0,0,0,0,1
128292,0,0,0,0,0,0,0,0,1
128293,0,0,0,0,0,0,0,0,1
128294,0,0,0,0,0,0,0,0,1
128295,0,0,0,0,0,0,0,0,1
128296,0,0,0,0,0,0,0,0,1
128297,0,0,0,0,0,0,0,0,1
128298,0,0,0,0,0,0,0,0,1
128299,0,0,0,0,0,0,0,0,1
128300,0,0,0,0,0,0,0,0,1
128301,0,0,0,0,0,0,0,0,1
128302,0,0,0,0,0,0,0,0,1
128303,0,0,0,0,0,0,0,0,1
128304,0,0,0,0,0,0,0,0,1
128305,0,0,0,0,0,0,0,0,1
128306,0,0,0,0,0,0,0,0,1
128307,0,0,0,0,0,0,0,0,1
128308,0,0,0,0,0,0,0,0,1
128309,0,0,0,0,0,0,0,0,1
128310,0,0,0,0,0,0,0,0,1
128311,0,0,0,0,0,0,0,0,1
128312,0,0,0,0,0,0,0,0,1
128313,0,0,0,0,0,0,0,0,1
128314,0,0,0,0,0,0,0,0,1
128315,0,0,0,0,0,0,0,0,1
128316,0,0,0,0,0,0,0,0,1
128317,0,0,0,0,0,0,0,0,1
128318,0,0,0,0,0,0,0,0,1
128319,0,0,0,0,0,0,0,0,1
128320,0,0,0,0,0,0,0,0,1
128321,0,0,0,0,0,0,0,0,1
128322,0,0,0,0,0,0,0,0,1
128323,0,0,0,0,0,0,0,0,1
128324,0,0,0,0,0,0,0,0,1
128325,0,0,0,0,0,0,0,0,1
128326,0,0,0,0,0,0,0,0,1
128327,0,0,0,0,0,0,0,0,1
128328,0,0,0,0,0,0,0,0,1
128329,0,0,0,0,0,0,0,0,1
128330,0,0,0,0,0,0,0,0,1
128331,0,0,0,0,0,0,0,0,1
128332,0,0,0,0,0,0,0,0,1
128333,0,0,0,0,0,0,0,0,1
128334,0,0,0,0,0,0,0,0,1
128335,0,0,0,0,0,0,0,0,1
128336,0,0,0,0,0,0,0,0,1
128337,0,0,0,0,0,0,0,0,1
128338,0,0,0,0,0,0,0,0,1
128339,0,0,0,0,0,0,0,0,1
128340,0,0,0,0,0,0,0,0,1
128341,0,0,0,0,0,0,0,0,1
128342,0,0,0,0,0,0,0,0,1
128343,0,0,0,0,0,0,0,0,1
128344,0,0,0,0,0,0,0,0,1
128345,0,0,0,0,0,0,0,0,1
128346,0,0,0,0,0,0,0,0,1
128347,0,0,0,0,0,0,0,0,1
128348,0,0,0,0,0,0,0,0,1
128349,0,0,0,0,0,0,0,0,1
128350,0,0,0,0,0,0,0,0,1
128351,0,0,0,0,0,0,0,0,1
128352,0,0,0,0,0,0,0,0,1
128353,0,0,0,0,0,0,0,0,1
128354,0,0,0,0,0,0,0,0,1
128355,0,0,0,0,0,0,0,0,1
128356,0,0,0,0,0,0,0,0,1
128357,0,0,0,0,0,0,0,0,1
128358,0,0,0,0,0,0,0,0,1
128359,0,0,0,0,0,0,0,0,1
128360,0,0,0,0,0,0,0,0,1
128361,0,0,0,0,0,0,0,0,1
128362,0,0,0,0,0,0,0,0,1
128363,0,0,0,0,0,0,0,0,1
128364,0,0,0,0,0,0,0,0,1
128365,0,0,0,0,0,0,0,0,1
128366,0,0,0,0,0,0,0,0,1
128367,0,0,0,0,0,0,0,0,1
128368,0,0,0,0,0,0,0,0,1
128369,0,0,0,0,0,0,0,0,1
128370,0,0,0,0,0,0,0,0,1
128371,0,0,0,0,0,0,0,0,1
128372,0,0,0,0,0,0,0,0,1
128373,0,0,0,0,0,0,0,0,1
128374,0,0,0,0,0,0,0,0,1
128375,0,0,0,0,0,0,0,0,1
128376,0,0,0,0,0,0,0,0,1
128377,0,0,0,0,0,0,0,0,1
128378,0,0,0,0,0,0,0,0,1
128379,0,0,0,0,0,0,0,0,1
128380,0,0,0,0,0,0,0,0,1
128381,0,0,0,0,0,0,0,0,1
128382,0,0,0,0,0,0,0,0,1
128383,0,0,0,0,0,0,0,0,1
128384,0,0,0,0,0,0,0,0,1
128385,0,0,0,0,0,0,0,0,1
128386,0,0,0,0,0,0,0,0,1
128387,0,0,0,0,0,0,0,0,1
128388,0,0,0,0,0,0,0,0,1
128389,0,0,0,0,0,0,0,0,1
128390,0,0,0,0,0,0,0,0,1
128391,0,0,0,0,0,0,0,0,1
128392,0,0,0,0,0,0,0,0,1
128393,0,0,0,0,0,0,0,0,1
128394,0,0,0,0,0,0,0,0,1
128395,0,0,0,0,0,0,0,0,1
128396,0,0,0,0,0,0,0,0,1
128397,0,0,0,0,0,0,0,0,1
128398,0,0,0,0,0,0,0,0,1
128399,0,0,0,0,0,0,0,0,1
128400,0,0,0,0,0,0,0,0,1
128401,0,0,0,0,0,0,0,0,1
128402,0,0,0,0,0,0,0,0,1
128403,0,0,0,0,0,0,0,0,1
128404,0,0,0,0,0,0,0,0,1
128405,0,0,0,0,0,0,0,0,1
128406,0,0,0,0,0,0,0,0,1
128407,0,0,0,0,0,0,0,0,1
128408,0,0,0,0,0,0,0,0,1
128409,0,0,0,0,0,0,0,0,1
128410,0,0,0,0,0,0,0,0,1
128411,0,0,0,0,0,0,0,0,1
128412,0,0,0,0,0,0,0,0,1
128413,0,0,0,0,0,0,0,0,1
128414,0,0,0,0,0,0,0,0,1
128415,0,0,0,0,0,0,0,0,1
128416,0,0,0,0,0,0,0,0,1
128417,0,0,0,0,0,0,0,0,1
128418,0,0,0,0,0,0,0,0,1
128419,0,0,0,0,0,0,0,0,1
128420,0,0,0,0,0,0,0,0,1
128421,0,0,0,0,0,0,0,0,1
128422,0,0,0,0,0,0,0,0,1
128423,0,0,0,0,0,0,0,0,1
128424,0,0,0,0,0,0,0,0,1
128425,0,0,0,0,0,0,0,0,1
128426,0,0,0,0,0,0,0,0,1
128427,0,0,0,0,0,0,0,0,1
128428,0,0,0,0,0,0,0,0,1
128429,0,0,0,0,0,0,0,0,1
128430,0,0,0,0,0,0,0,0,1
128431,0,0,0,0,0,0,0,0,1
128432,0,0,0,0,0,0,0,0,1
128433,0,0,0,0,0,0,0,0,1
128434,0,0,0,0,0,0,0,0,1
128435,0,0,0,0,0,0,0,0,1
128436,0,0,0,0,0,0,0,0,1
128437,0,0,0,0,0,0,0,0,1
128438,0,0,0,0,0,0,0,0,1
128439,0,0,0,0,0,0,0,0,1
128440,0,0,0,0,0,0,0,0,1
128441,0,0,0,0,0,0,0,0,1
128442,0,0,0,0,0,0,0,0,1
128443,0,0,0,0,0,0,0,0,1
128444,0,0,0,0,0,0,0,0,1
128445,0,0,0,0,0,0,0,0,1
128446,0,0,0,0,0,0,0,0,1
128447,0,0,0,0,0,0,0,0,1
128448,0,0,0,0,0,0,0,0,1
128449,0,0,0,0,0,0,0,0,1
128450,0,0,0,0,0,0,0,0,1
128451,0,0,0,0,0,0,0,0,1
128452,0,0,0,0,0,0,0,0,1
128453,0,0,0,0,0,0,0,0,1
128454,0,0,0,0,0,0,0,0,1
128455,0,0,0,0,0,0,0,0,1
128456,0,0,0,0,0,0,0,0,1
128457,0,0,0,0,0,0,0,0,1
128458,0,0,0,0,0,0,0,0,1
128459,0,0,0,0,0,0,0,0,1
128460,0,0,0,0,0,0,0,0,1
128461,0,0,0,0,0,0,0,0,1
128462,0,0,0,0,0,0,0,0,1
128463,0,0,0,0,0,0,0,0,1
128464,0,0,0,0,0,0,0,0,1
128465,0,0,0,0,0,0,0,0,1
128466,0,0,0,0,0,0,0,0,1
128467,0,0,0,0,0,0,0,0,1
128468,0,0,0,0,0,0,0,0,1
128469,0,0,0,0,0,0,0,0,1
128470,0,0,0,0,0,0,0,0,1
128471,0,0,0,0,0,0,0,0,1
128472,0,0,0,0,0,0,0,0,1
128473,0,0,0,0,0,0,0,0,1
128474,0,0,0,0,0,0,0,0,1
128475,0,0,0,0,0,0,0,0,1
128476,0,0,0,0,0,0,0,0,1
128477,0,0,0,0,0,0,0,0,1
128478,0,0,0,0,0,0,0,0,1
128479,0,0,0,0,0,0,0,0,1
128480,0,0,0,0,0,0,0,0,1
128481,0,0,0,0,0,0,0,0,1
128482,0,0,0,0,0,0,0,0,1
128483,0,0,0,0,0,0,0,0,1
128484,0,0,0,0,0,0,0,0,1
128485,0,0,0,0,0,0,0,0,1
128486,0,0,0,0,0,0,0,0,1
128487,0,0,0,0,0,0,0,0,1
128488,0,0,0,0,0,0,0,0,1
128489,0,0,0,0,0,0,0,0,1
128490,0,0,0,0,0,0,0,0,1
128491,0,0,0,0,0,0,0,0,1
128492,0,0,0,0,0,0,0,0,1
128493,0,0,0,0,0,0,0,0,1
128494,0,0,0,0,0,0,0,0,1
128495,0,0,0,0,0,0,0,0,1
128496,0,0,0,0,0,0,0,0,1
128497,0,0,0,0,0,0,0,0,1
128498,0,0,0,0,0,0,0,0,1
128499,0,0,0,0,0,0,0,0,1
128500,0,0,0,0,0,0,0,0,1
128501,0,0,0,0,0,0,0,0,1
128502,0,0,0,0,0,0,0,0,1
128503,0,0,0,0,0,0,0,0,1
128504,0,0,0,0,0,0,0,0,1
128505,0,0,0,0,0,0,0,0,1
128506,0,0,0,0,0,0,0,0,1
128507,0,0,0,0,0,0,0,0,1
128508,0,0,0,0,0,0,0,0,1
128509,0,0,0,0,0,0,0,0,1
128510,0,0,0,0,0,0,0,0,1
128511,0,0,0,0,0,0,0,0,1
128512,0,0,0,0,0,0,0,0,1
128513,0,0,0,0,0,0,0,0,1
128514,0,0,0,0,0,0,0,0,1
128515,0,0,0,0,0,0,0,0,1
128516,0,0,0,0,0,0,0,0,1
128517,0,0,0,0,0,0,0,0,1
128518,0,0,0,0,0,0,0,0,1
128519,0,0,0,0,0,0,0,0,1
128520,0,0,0,0,0,0,0,0,1
128521,0,0,0,0,0,0,0,0,1
128522,0,0,0,0,0,0,0,0,1
128523,0,0,0,0,0,0,0,0,1
128524,0,0,0,0,0,0,0,0,1
128525,0,0,0,0,0,0,0,0,1
128526,0,0,0,0,0,0,0,0,1
128527,0,0,0,0,0,0,0,0,1
128528,0,0,0,0,0,0,0,0,1
128529,0,0,0,0,0,0,0,0,1
128530,0,0,0,0,0,0,0,0,1
128531,0,0,0,0,0,0,0,0,1
128532,0,0,0,0,0,0,0,0,1
128533,0,0,0,0,0,0,0,0,1
128534,0,0,0,0,0,0,0,0,1
128535,0,0,0,0,0,0,0,0,1
128536,0,0,0,0,0,0,0,0,1
128537,0,0,0,0,0,0,0,0,1
128538,0,0,0,0,0,0,0,0,1
128539,0,0,0,0,0,0,0,0,1
128540,0,0,0,0,0,0,0,0,1
128541,0,0,0,0,0,0,0,0,1
128542,0,0,0,0,0,0,0,0,1
128543,0,0,0,0,0,0,0,0,1
128544,0,0,0,0,0,0,0,0,1
128545,0,0,0,0,0,0,0,0,1
128546,0,0,0,0,0,0,0,0,1
128547,0,0,0,0,0,0,0,0,1
128548,0,0,0,0,0,0,0,0,1
128549,0,0,0,0,0,0,0,0,1
128550,0,0,0,0,0,0,0,0,1
128551,0,0,0,0,0,0,0,0,1
128552,0,0,0,0,0,0,0,0,1
128553,0,0,0,0,0,0,0,0,1
128554,0,0,0,0,0,0,0,0,1
128555,0,0,0,0,0,0,0,0,1
128556,0,0,0,0,0,0,0,0,1
128557,0,0,0,0,0,0,0,0,1
128558,0,0,0,0,0,0,0,0,1
128559,0,0,0,0,0,0,0,0,1
128560,0,0,0,0,0,0,0,0,1
128561,0,0,0,0,0,0,0,0,1
128562,0,0,0,0,0,0,0,0,1
128563,0,0,0,0,0,0,0,0,1
128564,0,0,0,0,0,0,0,0,1
128565,0,0,0,0,0,0,0,0,1
128566,0,0,0,0,0,0,0,0,1
128567,0,0,0,0,0,0,0,0,1
128568,0,0,0,0,0,0,0,0,1
128569,0,0,0,0,0,0,0,0,1
128570,0,0,0,0,0,0,0,0,1
128571,0,0,0,0,0,0,0,0,1
128572,0,0,0,0,0,0,0,0,1
128573,0,0,0,0,0,0,0,0,1
128574,0,0,0,0,0,0,0,0,1
128575,0,0,0,0,0,0,0,0,1
128576,0,0,0,0,0,0,0,0,1
128577,0,0,0,0,0,0,0,0,1
128578,0,0,0,0,0,0,0,0,1
128579,0,0,0,0,0,0,0,0,1
128580,0,0,0,0,0,0,0,0,1
128581,0,0,0,0,0,0,0,0,1
128582,0,0,0,0,0,0,0,0,1
128583,0,0,0,0,0,0,0,0,1
128584,0,0,0,0,0,0,0,0,1
128585,0,0,0,0,0,0,0,0,1
128586,0,0,0,0,0,0,0,0,1
128587,0,0,0,0,0,0,0,0,1
128588,0,0,0,0,0,0,0,0,1
128589,0,0,0,0,0,0,0,0,1
128590,0,0,0,0,0,0,0,0,1
128591,0,0,0,0,0,0,0,0,1
128592,0,0,0,0,0,0,0,0,1
128593,0,0,0,0,0,0,0,0,1
128594,0,0,0,0,0,0,0,0,1
128595,0,0,0,0,0,0,0,0,1
128596,0,0,0,0,0,0,0,0,1
128597,0,0,0,0,0,0,0,0,1
128598,0,0,0,0,0,0,0,0,1
128599,0,0,0,0,0,0,0,0,1
128600,0,0,0,0,0,0,0,0,1
128601,0,0,0,0,0,0,0,0,1
128602,0,0,0,0,0,0,0,0,1
128603,0,0,0,0,0,0,0,0,1
128604,0,0,0,0,0,0,0,0,1
128605,0,0,0,0,0,0,0,0,1
128606,0,0,0,0,0,0,0,0,1
128607,0,0,0,0,0,0,0,0,1
128608,0,0,0,0,0,0,0,0,1
128609,0,0,0,0,0,0,0,0,1
128610,0,0,0,0,0,0,0,0,1
128611,0,0,0,0,0,0,0,0,1
128612,0,0,0,0,0,0,0,0,1
128613,0,0,0,0,0,0,0,0,1
128614,0,0,0,0,0,0,0,0,1
128615,0,0,0,0,0,0,0,0,1
128616,0,0,0,0,0,0,0,0,1
128617,0,0,0,0,0,0,0,0,1
128618,0,0,0,0,0,0,0,0,1
128619,0,0,0,0,0,0,0,0,1
128620,0,0,0,0,0,0,0,0,1
128621,0,0,0,0,0,0,0,0,1
128622,0,0,0,0,0,0,0,0,1
128623,0,0,0,0,0,0,0,0,1
128624,0,0,0,0,0,0,0,0,1
128625,0,0,0,0,0,0,0,0,1
128626,0,0,0,0,0,0,0,0,1
128627,0,0,0,0,0,0,0,0,1
128628,0,0,0,0,0,0,0,0,1
128629,0,0,0,0,0,0,0,0,1
128630,0,0,0,0,0,0,0,0,1
128631,0,0,0,0,0,0,0,0,1
128632,0,0,0,0,0,0,0,0,1
128633,0,0,0,0,0,0,0,0,1
128634,0,0,0,0,0,0,0,0,1
128635,0,0,0,0,0,0,0,0,1
128636,0,0,0,0,0,0,0,0,1
128637,0,0,0,0,0,0,0,0,1
128638,0,0,0,0,0,0,0,0,1
128639,0,0,0,0,0,0,0,0,1
128640,0,0,0,0,0,0,0,0,1
128641,0,0,0,0,0,0,0,0,1
128642,0,0,0,0,0,0,0,0,1
128643,0,0,0,0,0,0,0,0,1
128644,0,0,0,0,0,0,0,0,1
128645,0,0,0,0,0,0,0,0,1
128646,0,0,0,0,0,0,0,0,1
128647,0,0,0,0,0,0,0,0,1
128648,0,0,0,0,0,0,0,0,1
128649,0,0,0,0,0,0,0,0,1
128650,0,0,0,0,0,0,0,0,1
128651,0,0,0,0,0,0,0,0,1
128652,0,0,0,0,0,0,0,0,1
128653,0,0,0,0,0,0,0,0,1
128654,0,0,0,0,0,0,0,0,1
128655,0,0,0,0,0,0,0,0,1
128656,0,0,0,0,0,0,0,0,1
128657,0,0,0,0,0,0,0,0,1
128658,0,0,0,0,0,0,0,0,1
128659,0,0,0,0,0,0,0,0,1
128660,0,0,0,0,0,0,0,0,1
128661,0,0,0,0,0,0,0,0,1
128662,0,0,0,0,0,0,0,0,1
128663,0,0,0,0,0,0,0,0,1
128664,0,0,0,0,0,0,0,0,1
128665,0,0,0,0,0,0,0,0,1
128666,0,0,0,0,0,0,0,0,1
128667,0,0,0,0,0,0,0,0,1
128668,0,0,0,0,0,0,0,0,1
128669,0,0,0,0,0,0,0,0,1
128670,0,0,0,0,0,0,0,0,1
128671,0,0,0,0,0,0,0,0,1
128672,0,0,0,0,0,0,0,0,1
128673,0,0,0,0,0,0,0,0,1
128674,0,0,0,0,0,0,0,0,1
128675,0,0,0,0,0,0,0,0,1
128676,0,0,0,0,0,0,0,0,1
128677,0,0,0,0,0,0,0,0,1
128678,0,0,0,0,0,0,0,0,1
128679,0,0,0,0,0,0,0,0,1
128680,0,0,0,0,0,0,0,0,1
128681,0,0,0,0,0,0,0,0,1
128682,0,0,0,0,0,0,0,0,1
128683,0,0,0,0,0,0,0,0,1
128684,0,0,0,0,0,0,0,0,1
128685,0,0,0,0,0,0,0,0,1
128686,0,0,0,0,0,0,0,0,1
128687,0,0,0,0,0,0,0,0,1
128688,0,0,0,0,0,0,0,0,1
128689,0,0,0,0,0,0,0,0,1
128690,0,0,0,0,0,0,0,0,1
128691,0,0,0,0,0,0,0,0,1
128692,0,0,0,0,0,0,0,0,1
128693,0,0,0,0,0,0,0,0,1
128694,0,0,0,0,0,0,0,0,1
128695,0,0,0,0,0,0,0,0,1
128696,0,0,0,0,0,0,0,0,1
128697,0,0,0,0,0,0,0,0,1
128698,0,0,0,0,0,0,0,0,1
128699,0,0,0,0,0,0,0,0,1
128700,0,0,0,0,0,0,0,0,1
128701,0,0,0,0,0,0,0,0,1
128702,0,0,0,0,0,0,0,0,1
128703,0,0,0,0,0,0,0,0,1
128704,0,0,0,0,0,0,0,0,1
128705,0,0,0,0,0,0,0,0,1
128706,0,0,0,0,0,0,0,0,1
128707,0,0,0,0,0,0,0,0,1
128708,0,0,0,0,0,0,0,0,1
128709,0,0,0,0,0,0,0,0,1
128710,0,0,0,0,0,0,0,0,1
128711,0,0,0,0,0,0,0,0,1
128712,0,0,0,0,0,0,0,0,1
128713,0,0,0,0,0,0,0,0,1
128714,0,0,0,0,0,0,0,0,1
128715,0,0,0,0,0,0,0,0,1
128716,0,0,0,0,0,0,0,0,1
128717,0,0,0,0,0,0,0,0,1
128718,0,0,0,0,0,0,0,0,1
128719,0,0,0,0,0,0,0,0,1
128720,0,0,0,0,0,0,0,0,1
128721,0,0,0,0,0,0,0,0,1
128722,0,0,0,0,0,0,0,0,1
128723,0,0,0,0,0,0,0,0,1
128724,0,0,0,0,0,0,0,0,1
128725,0,0,0,0,0,0,0,0,1
128726,0,0,0,0,0,0,0,0,1
128727,0,0,0,0,0,0,0,0,1
128728,0,0,0,0,0,0,0,0,1
128729,0,0,0,0,0,0,0,0,1
128730,0,0,0,0,0,0,0,0,1
128731,0,0,0,0,0,0,0,0,1
128732,0,0,0,0,0,0,0,0,1
128733,0,0,0,0,0,0,0,0,1
128734,0,0,0,0,0,0,0,0,1
128735,0,0,0,0,0,0,0,0,1
128736,0,0,0,0,0,0,0,0,1
128737,0,0,0,0,0,0,0,0,1
128738,0,0,0,0,0,0,0,0,1
128739,0,0,0,0,0,0,0,0,1
128740,0,0,0,0,0,0,0,0,1
128741,0,0,0,0,0,0,0,0,1
128742,0,0,0,0,0,0,0,0,1
128743,0,0,0,0,0,0,0,0,1
128744,0,0,0,0,0,0,0,0,1
128745,0,0,0,0,0,0,0,0,1
128746,0,0,0,0,0,0,0,0,1
128747,0,0,0,0,0,0,0,0,1
128748,0,0,0,0,0,0,0,0,1
128749,0,0,0,0,0,0,0,0,1
128750,0,0,0,0,0,0,0,0,1
128751,0,0,0,0,0,0,0,0,1
128752,0,0,0,0,0,0,0,0,1
128753,0,0,0,0,0,0,0,0,1
128754,0,0,0,0,0,0,0,0,1
128755,0,0,0,0,0,0,0,0,1
128756,0,0,0,0,0,0,0,0,1
128757,0,0,0,0,0,0,0,0,1
128758,0,0,0,0,0,0,0,0,1
128759,0,0,0,0,0,0,0,0,1
128760,0,0,0,0,0,0,0,0,1
128761,0,0,0,0,0,0,0,0,1
128762,0,0,0,0,0,0,0,0,1
128763,0,0,0,0,0,0,0,0,1
128764,0,0,0,0,0,0,0,0,1
128765,0,0,0,0,0,0,0,0,1
128766,0,0,0,0,0,0,0,0,1
128767,0,0,0,0,0,0,0,0,1
128768,0,0,0,0,0,0,0,0,1
128769,0,0,0,0,0,0,0,0,1
128770,0,0,0,0,0,0,0,0,1
128771,0,0,0,0,0,0,0,0,1
128772,0,0,0,0,0,0,0,0,1
128773,0,0,0,0,0,0,0,0,1
128774,0,0,0,0,0,0,0,0,1
128775,0,0,0,0,0,0,0,0,1
128776,0,0,0,0,0,0,0,0,1
128777,0,0,0,0,0,0,0,0,1
128778,0,0,0,0,0,0,0,0,1
128779,0,0,0,0,0,0,0,0,1
128780,0,0,0,0,0,0,0,0,1
128781,0,0,0,0,0,0,0,0,1
128782,0,0,0,0,0,0,0,0,1
128783,0,0,0,0,0,0,0,0,1
128784,0,0,0,0,0,0,0,0,1
128785,0,0,0,0,0,0,0,0,1
128786,0,0,0,0,0,0,0,0,1
128787,0,0,0,0,0,0,0,0,1
128788,0,0,0,0,0,0,0,0,1
128789,0,0,0,0,0,0,0,0,1
128790,0,0,0,0,0,0,0,0,1
128791,0,0,0,0,0,0,0,0,1
128792,0,0,0,0,0,0,0,0,1
128793,0,0,0,0,0,0,0,0,1
128794,0,0,0,0,0,0,0,0,1
128795,0,0,0,0,0,0,0,0,1
128796,0,0,0,0,0,0,0,0,1
128797,0,0,0,0,0,0,0,0,1
128798,0,0,0,0,0,0,0,0,1
128799,0,0,0,0,0,0,0,0,1
128800,0,0,0,0,0,0,0,0,1
128801,0,0,0,0,0,0,0,0,1
128802,0,0,0,0,0,0,0,0,1
128803,0,0,0,0,0,0,0,0,1
128804,0,0,0,0,0,0,0,0,1
128805,0,0,0,0,0,0,0,0,1
128806,0,0,0,0,0,0,0,0,1
128807,0,0,0,0,0,0,0,0,1
128808,0,0,0,0,0,0,0,0,1
128809,0,0,0,0,0,0,0,0,1
128810,0,0,0,0,0,0,0,0,1
128811,0,0,0,0,0,0,0,0,1
128812,0,0,0,0,0,0,0,0,1
128813,0,0,0,0,0,0,0,0,1
128814,0,0,0,0,0,0,0,0,1
128815,0,0,0,0,0,0,0,0,1
128816,0,0,0,0,0,0,0,0,1
128817,0,0,0,0,0,0,0,0,1
128818,0,0,0,0,0,0,0,0,1
128819,0,0,0,0,0,0,0,0,1
128820,0,0,0,0,0,0,0,0,1
128821,0,0,0,0,0,0,0,0,1
128822,0,0,0,0,0,0,0,0,1
128823,0,0,0,0,0,0,0,0,1
128824,0,0,0,0,0,0,0,0,1
128825,0,0,0,0,0,0,0,0,1
128826,0,0,0,0,0,0,0,0,1
128827,0,0,0,0,0,0,0,0,1
128828,0,0,0,0,0,0,0,0,1
128829,0,0,0,0,0,0,0,0,1
128830,0,0,0,0,0,0,0,0,1
128831,0,0,0,0,0,0,0,0,1
128832,0,0,0,0,0,0,0,0,1
128833,0,0,0,0,0,0,0,0,1
128834,0,0,0,0,0,0,0,0,1
128835,0,0,0,0,0,0,0,0,1
128836,0,0,0,0,0,0,0,0,1
128837,0,0,0,0,0,0,0,0,1
128838,0,0,0,0,0,0,0,0,1
128839,0,0,0,0,0,0,0,0,1
128840,0,0,0,0,0,0,0,0,1
128841,0,0,0,0,0,0,0,0,1
128842,0,0,0,0,0,0,0,0,1
128843,0,0,0,0,0,0,0,0,1
128844,0,0,0,0,0,0,0,0,1
128845,0,0,0,0,0,0,0,0,1
128846,0,0,0,0,0,0,0,0,1
128847,0,0,0,0,0,0,0,0,1
128848,0,0,0,0,0,0,0,0,1
128849,0,0,0,0,0,0,0,0,1
128850,0,0,0,0,0,0,0,0,1
128851,0,0,0,0,0,0,0,0,1
128852,0,0,0,0,0,0,0,0,1
128853,0,0,0,0,0,0,0,0,1
128854,0,0,0,0,0,0,0,0,1
128855,0,0,0,0,0,0,0,0,1
128856,0,0,0,0,0,0,0,0,1
128857,0,0,0,0,0,0,0,0,1
128858,0,0,0,0,0,0,0,0,1
128859,0,0,0,0,0,0,0,0,1
128860,0,0,0,0,0,0,0,0,1
128861,0,0,0,0,0,0,0,0,1
128862,0,0,0,0,0,0,0,0,1
128863,0,0,0,0,0,0,0,0,1
128864,0,0,0,0,0,0,0,0,1
128865,0,0,0,0,0,0,0,0,1
128866,0,0,0,0,0,0,0,0,1
128867,0,0,0,0,0,0,0,0,1
128868,0,0,0,0,0,0,0,0,1
128869,0,0,0,0,0,0,0,0,1
128870,0,0,0,0,0,0,0,0,1
128871,0,0,0,0,0,0,0,0,1
128872,0,0,0,0,0,0,0,0,1
128873,0,0,0,0,0,0,0,0,1
128874,0,0,0,0,0,0,0,0,1
128875,0,0,0,0,0,0,0,0,1
128876,0,0,0,0,0,0,0,0,1
128877,0,0,0,0,0,0,0,0,1
128878,0,0,0,0,0,0,0,0,1
128879,0,0,0,0,0,0,0,0,1
128880,0,0,0,0,0,0,0,0,1
128881,0,0,0,0,0,0,0,0,1
128882,0,0,0,0,0,0,0,0,1
128883,0,0,0,0,0,0,0,0,1
128884,0,0,0,0,0,0,0,0,1
128885,0,0,0,0,0,0,0,0,1
128886,0,0,0,0,0,0,0,0,1
128887,0,0,0,0,0,0,0,0,1
128888,0,0,0,0,0,0,0,0,1
128889,0,0,0,0,0,0,0,0,1
128890,0,0,0,0,0,0,0,0,1
128891,0,0,0,0,0,0,0,0,1
128892,0,0,0,0,0,0,0,0,1
128893,0,0,0,0,0,0,0,0,1
128894,0,0,0,0,0,0,0,0,1
128895,0,0,0,0,0,0,0,0,1
128896,0,0,0,0,0,0,0,0,1
128897,0,0,0,0,0,0,0,0,1
128898,0,0,0,0,0,0,0,0,1
128899,0,0,0,0,0,0,0,0,1
128900,0,0,0,0,0,0,0,0,1
128901,0,0,0,0,0,0,0,0,1
128902,0,0,0,0,0,0,0,0,1
128903,0,0,0,0,0,0,0,0,1
128904,0,0,0,0,0,0,0,0,1
128905,0,0,0,0,0,0,0,0,1
128906,0,0,0,0,0,0,0,0,1
128907,0,0,0,0,0,0,0,0,1
128908,0,0,0,0,0,0,0,0,1
128909,0,0,0,0,0,0,0,0,1
128910,0,0,0,0,0,0,0,0,1
128911,0,0,0,0,0,0,0,0,1
128912,0,0,0,0,0,0,0,0,1
128913,0,0,0,0,0,0,0,0,1
128914,0,0,0,0,0,0,0,0,1
128915,0,0,0,0,0,0,0,0,1
128916,0,0,0,0,0,0,0,0,1
128917,0,0,0,0,0,0,0,0,1
128918,0,0,0,0,0,0,0,0,1
128919,0,0,0,0,0,0,0,0,1
128920,0,0,0,0,0,0,0,0,1
128921,0,0,0,0,0,0,0,0,1
128922,0,0,0,0,0,0,0,0,1
128923,0,0,0,0,0,0,0,0,1
128924,0,0,0,0,0,0,0,0,1
128925,0,0,0,0,0,0,0,0,1
128926,0,0,0,0,0,0,0,0,1
128927,0,0,0,0,0,0,0,0,1
128928,0,0,0,0,0,0,0,0,1
128929,0,0,0,0,0,0,0,0,1
128930,0,0,0,0,0,0,0,0,1
128931,0,0,0,0,0,0,0,0,1
128932,0,0,0,0,0,0,0,0,1
128933,0,0,0,0,0,0,0,0,1
128934,0,0,0,0,0,0,0,0,1
128935,0,0,0,0,0,0,0,0,1
128936,0,0,0,0,0,0,0,0,1
128937,0,0,0,0,0,0,0,0,1
128938,0,0,0,0,0,0,0,0,1
128939,0,0,0,0,0,0,0,0,1
128940,0,0,0,0,0,0,0,0,1
128941,0,0,0,0,0,0,0,0,1
128942,0,0,0,0,0,0,0,0,1
128943,0,0,0,0,0,0,0,0,1
128944,0,0,0,0,0,0,0,0,1
128945,0,0,0,0,0,0,0,0,1
128946,0,0,0,0,0,0,0,0,1
128947,0,0,0,0,0,0,0,0,1
128948,0,0,0,0,0,0,0,0,1
128949,0,0,0,0,0,0,0,0,1
128950,0,0,0,0,0,0,0,0,1
128951,0,0,0,0,0,0,0,0,1
128952,0,0,0,0,0,0,0,0,1
128953,0,0,0,0,0,0,0,0,1
128954,0,0,0,0,0,0,0,0,1
128955,0,0,0,0,0,0,0,0,1
128956,0,0,0,0,0,0,0,0,1
128957,0,0,0,0,0,0,0,0,1
128958,0,0,0,0,0,0,0,0,1
128959,0,0,0,0,0,0,0,0,1
128960,0,0,0,0,0,0,0,0,1
128961,0,0,0,0,0,0,0,0,1
128962,0,0,0,0,0,0,0,0,1
128963,0,0,0,0,0,0,0,0,1
128964,0,0,0,0,0,0,0,0,1
128965,0,0,0,0,0,0,0,0,1
128966,0,0,0,0,0,0,0,0,1
128967,0,0,0,0,0,0,0,0,1
128968,0,0,0,0,0,0,0,0,1
128969,0,0,0,0,0,0,0,0,1
128970,0,0,0,0,0,0,0,0,1
128971,0,0,0,0,0,0,0,0,1
128972,0,0,0,0,0,0,0,0,1
128973,0,0,0,0,0,0,0,0,1
128974,0,0,0,0,0,0,0,0,1
128975,0,0,0,0,0,0,0,0,1
128976,0,0,0,0,0,0,0,0,1
128977,0,0,0,0,0,0,0,0,1
128978,0,0,0,0,0,0,0,0,1
128979,0,0,0,0,0,0,0,0,1
128980,0,0,0,0,0,0,0,0,1
128981,0,0,0,0,0,0,0,0,1
128982,0,0,0,0,0,0,0,0,1
128983,0,0,0,0,0,0,0,0,1
128984,0,0,0,0,0,0,0,0,1
128985,0,0,0,0,0,0,0,0,1
128986,0,0,0,0,0,0,0,0,1
128987,0,0,0,0,0,0,0,0,1
128988,0,0,0,0,0,0,0,0,1
128989,0,0,0,0,0,0,0,0,1
128990,0,0,0,0,0,0,0,0,1
128991,0,0,0,0,0,0,0,0,1
128992,0,0,0,0,0,0,0,0,1
128993,0,0,0,0,0,0,0,0,1
128994,0,0,0,0,0,0,0,0,1
128995,0,0,0,0,0,0,0,0,1
128996,0,0,0,0,0,0,0,0,1
128997,0,0,0,0,0,0,0,0,1
128998,0,0,0,0,0,0,0,0,1
128999,0,0,0,0,0,0,0,0,1
129000,0,0,0,0,0,0,0,0,1
129001,0,0,0,0,0,0,0,0,1
129002,0,0,0,0,0,0,0,0,1
129003,0,0,0,0,0,0,0,0,1
129004,0,0,0,0,0,0,0,0,1
129005,0,0,0,0,0,0,0,0,1
129006,0,0,0,0,0,0,0,0,1
129007,0,0,0,0,0,0,0,0,1
129008,0,0,0,0,0,0,0,0,1
129009,0,0,0,0,0,0,0,0,1
129010,0,0,0,0,0,0,0,0,1
129011,0,0,0,0,0,0,0,0,1
129012,0,0,0,0,0,0,0,0,1
129013,0,0,0,0,0,0,0,0,1
129014,0,0,0,0,0,0,0,0,1
129015,0,0,0,0,0,0,0,0,1
129016,0,0,0,0,0,0,0,0,1
129017,0,0,0,0,0,0,0,0,1
129018,0,0,0,0,0,0,0,0,1
129019,0,0,0,0,0,0,0,0,1
129020,0,0,0,0,0,0,0,0,1
129021,0,0,0,0,0,0,0,0,1
129022,0,0,0,0,0,0,0,0,1
129023,0,0,0,0,0,0,0,0,1
129024,0,0,0,0,0,0,0,0,1
129025,0,0,0,0,0,0,0,0,1
129026,0,0,0,0,0,0,0,0,1
129027,0,0,0,0,0,0,0,0,1
129028,0,0,0,0,0,0,0,0,1
129029,0,0,0,0,0,0,0,0,1
129030,0,0,0,0,0,0,0,0,1
129031,0,0,0,0,0,0,0,0,1
129032,0,0,0,0,0,0,0,0,1
129033,0,0,0,0,0,0,0,0,1
129034,0,0,0,0,0,0,0,0,1
129035,0,0,0,0,0,0,0,0,1
129036,0,0,0,0,0,0,0,0,1
129037,0,0,0,0,0,0,0,0,1
129038,0,0,0,0,0,0,0,0,1
129039,0,0,0,0,0,0,0,0,1
129040,0,0,0,0,0,0,0,0,1
129041,0,0,0,0,0,0,0,0,1
129042,0,0,0,0,0,0,0,0,1
129043,0,0,0,0,0,0,0,0,1
129044,0,0,0,0,0,0,0,0,1
129045,0,0,0,0,0,0,0,0,1
129046,0,0,0,0,0,0,0,0,1
129047,0,0,0,0,0,0,0,0,1
129048,0,0,0,0,0,0,0,0,1
129049,0,0,0,0,0,0,0,0,1
129050,0,0,0,0,0,0,0,0,1
129051,0,0,0,0,0,0,0,0,1
129052,0,0,0,0,0,0,0,0,1
129053,0,0,0,0,0,0,0,0,1
129054,0,0,0,0,0,0,0,0,1
129055,0,0,0,0,0,0,0,0,1
129056,0,0,0,0,0,0,0,0,1
129057,0,0,0,0,0,0,0,0,1
129058,0,0,0,0,0,0,0,0,1
129059,0,0,0,0,0,0,0,0,1
129060,0,0,0,0,0,0,0,0,1
129061,0,0,0,0,0,0,0,0,1
129062,0,0,0,0,0,0,0,0,1
129063,0,0,0,0,0,0,0,0,1
129064,0,0,0,0,0,0,0,0,1
129065,0,0,0,0,0,0,0,0,1
129066,0,0,0,0,0,0,0,0,1
129067,0,0,0,0,0,0,0,0,1
129068,0,0,0,0,0,0,0,0,1
129069,0,0,0,0,0,0,0,0,1
129070,0,0,0,0,0,0,0,0,1
129071,0,0,0,0,0,0,0,0,1
129072,0,0,0,0,0,0,0,0,1
129073,0,0,0,0,0,0,0,0,1
129074,0,0,0,0,0,0,0,0,1
129075,0,0,0,0,0,0,0,0,1
129076,0,0,0,0,0,0,0,0,1
129077,0,0,0,0,0,0,0,0,1
129078,0,0,0,0,0,0,0,0,1
129079,0,0,0,0,0,0,0,0,1
129080,0,0,0,0,0,0,0,0,1
129081,0,0,0,0,0,0,0,0,1
129082,0,0,0,0,0,0,0,0,1
129083,0,0,0,0,0,0,0,0,1
129084,0,0,0,0,0,0,0,0,1
129085,0,0,0,0,0,0,0,0,1
129086,0,0,0,0,0,0,0,0,1
129087,0,0,0,0,0,0,0,0,1
129088,0,0,0,0,0,0,0,0,1
129089,0,0,0,0,0,0,0,0,1
129090,0,0,0,0,0,0,0,0,1
129091,0,0,0,0,0,0,0,0,1
129092,0,0,0,0,0,0,0,0,1
129093,0,0,0,0,0,0,0,0,1
129094,0,0,0,0,0,0,0,0,1
129095,0,0,0,0,0,0,0,0,1
129096,0,0,0,0,0,0,0,0,1
129097,0,0,0,0,0,0,0,0,1
129098,0,0,0,0,0,0,0,0,1
129099,0,0,0,0,0,0,0,0,1
129100,0,0,0,0,0,0,0,0,1
129101,0,0,0,0,0,0,0,0,1
129102,0,0,0,0,0,0,0,0,1
129103,0,0,0,0,0,0,0,0,1
129104,0,0,0,0,0,0,0,0,1
129105,0,0,0,0,0,0,0,0,1
129106,0,0,0,0,0,0,0,0,1
129107,0,0,0,0,0,0,0,0,1
129108,0,0,0,0,0,0,0,0,1
129109,0,0,0,0,0,0,0,0,1
129110,0,0,0,0,0,0,0,0,1
129111,0,0,0,0,0,0,0,0,1
129112,0,0,0,0,0,0,0,0,1
129113,0,0,0,0,0,0,0,0,1
129114,0,0,0,0,0,0,0,0,1
129115,0,0,0,0,0,0,0,0,1
129116,0,0,0,0,0,0,0,0,1
129117,0,0,0,0,0,0,0,0,1
129118,0,0,0,0,0,0,0,0,1
129119,0,0,0,0,0,0,0,0,1
129120,0,0,0,0,0,0,0,0,1
129121,0,0,0,0,0,0,0,0,1
129122,0,0,0,0,0,0,0,0,1
129123,0,0,0,0,0,0,0,0,1
129124,0,0,0,0,0,0,0,0,1
129125,0,0,0,0,0,0,0,0,1
129126,0,0,0,0,0,0,0,0,1
129127,0,0,0,0,0,0,0,0,1
129128,0,0,0,0,0,0,0,0,1
129129,0,0,0,0,0,0,0,0,1
129130,0,0,0,0,0,0,0,0,1
129131,0,0,0,0,0,0,0,0,1
129132,0,0,0,0,0,0,0,0,1
129133,0,0,0,0,0,0,0,0,1
129134,0,0,0,0,0,0,0,0,1
129135,0,0,0,0,0,0,0,0,1
129136,0,0,0,0,0,0,0,0,1
129137,0,0,0,0,0,0,0,0,1
129138,0,0,0,0,0,0,0,0,1
129139,0,0,0,0,0,0,0,0,1
129140,0,0,0,0,0,0,0,0,1
129141,0,0,0,0,0,0,0,0,1
129142,0,0,0,0,0,0,0,0,1
129143,0,0,0,0,0,0,0,0,1
129144,0,0,0,0,0,0,0,0,1
129145,0,0,0,0,0,0,0,0,1
129146,0,0,0,0,0,0,0,0,1
129147,0,0,0,0,0,0,0,0,1
129148,0,0,0,0,0,0,0,0,1
129149,0,0,0,0,0,0,0,0,1
129150,0,0,0,0,0,0,0,0,1
129151,0,0,0,0,0,0,0,0,1
129152,0,0,0,0,0,0,0,0,1
129153,0,0,0,0,0,0,0,0,1
129154,0,0,0,0,0,0,0,0,1
129155,0,0,0,0,0,0,0,0,1
129156,0,0,0,0,0,0,0,0,1
129157,0,0,0,0,0,0,0,0,1
129158,0,0,0,0,0,0,0,0,1
129159,0,0,0,0,0,0,0,0,1
129160,0,0,0,0,0,0,0,0,1
129161,0,0,0,0,0,0,0,0,1
129162,0,0,0,0,0,0,0,0,1
129163,0,0,0,0,0,0,0,0,1
129164,0,0,0,0,0,0,0,0,1
129165,0,0,0,0,0,0,0,0,1
129166,0,0,0,0,0,0,0,0,1
129167,0,0,0,0,0,0,0,0,1
129168,0,0,0,0,0,0,0,0,1
129169,0,0,0,0,0,0,0,0,1
129170,0,0,0,0,0,0,0,0,1
129171,0,0,0,0,0,0,0,0,1
129172,0,0,0,0,0,0,0,0,1
129173,0,0,0,0,0,0,0,0,1
129174,0,0,0,0,0,0,0,0,1
129175,0,0,0,0,0,0,0,0,1
129176,0,0,0,0,0,0,0,0,1
129177,0,0,0,0,0,0,0,0,1
129178,0,0,0,0,0,0,0,0,1
129179,0,0,0,0,0,0,0,0,1
129180,0,0,0,0,0,0,0,0,1
129181,0,0,0,0,0,0,0,0,1
129182,0,0,0,0,0,0,0,0,1
129183,0,0,0,0,0,0,0,0,1
129184,0,0,0,0,0,0,0,0,1
129185,0,0,0,0,0,0,0,0,1
129186,0,0,0,0,0,0,0,0,1
129187,0,0,0,0,0,0,0,0,1
129188,0,0,0,0,0,0,0,0,1
129189,0,0,0,0,0,0,0,0,1
129190,0,0,0,0,0,0,0,0,1
129191,0,0,0,0,0,0,0,0,1
129192,0,0,0,0,0,0,0,0,1
129193,0,0,0,0,0,0,0,0,1
129194,0,0,0,0,0,0,0,0,1
129195,0,0,0,0,0,0,0,0,1
129196,0,0,0,0,0,0,0,0,1
129197,0,0,0,0,0,0,0,0,1
129198,0,0,0,0,0,0,0,0,1
129199,0,0,0,0,0,0,0,0,1
129200,0,0,0,0,0,0,0,0,1
129201,0,0,0,0,0,0,0,0,1
129202,0,0,0,0,0,0,0,0,1
129203,0,0,0,0,0,0,0,0,1
129204,0,0,0,0,0,0,0,0,1
129205,0,0,0,0,0,0,0,0,1
129206,0,0,0,0,0,0,0,0,1
129207,0,0,0,0,0,0,0,0,1
129208,0,0,0,0,0,0,0,0,1
129209,0,0,0,0,0,0,0,0,1
129210,0,0,0,0,0,0,0,0,1
129211,0,0,0,0,0,0,0,0,1
129212,0,0,0,0,0,0,0,0,1
129213,0,0,0,0,0,0,0,0,1
129214,0,0,0,0,0,0,0,0,1
129215,0,0,0,0,0,0,0,0,1
129216,0,0,0,0,0,0,0,0,1
129217,0,0,0,0,0,0,0,0,1
129218,0,0,0,0,0,0,0,0,1
129219,0,0,0,0,0,0,0,0,1
129220,0,0,0,0,0,0,0,0,1
129221,0,0,0,0,0,0,0,0,1
129222,0,0,0,0,0,0,0,0,1
129223,0,0,0,0,0,0,0,0,1
129224,0,0,0,0,0,0,0,0,1
129225,0,0,0,0,0,0,0,0,1
129226,0,0,0,0,0,0,0,0,1
129227,0,0,0,0,0,0,0,0,1
129228,0,0,0,0,0,0,0,0,1
129229,0,0,0,0,0,0,0,0,1
129230,0,0,0,0,0,0,0,0,1
129231,0,0,0,0,0,0,0,0,1
129232,0,0,0,0,0,0,0,0,1
129233,0,0,0,0,0,0,0,0,1
129234,0,0,0,0,0,0,0,0,1
129235,0,0,0,0,0,0,0,0,1
129236,0,0,0,0,0,0,0,0,1
129237,0,0,0,0,0,0,0,0,1
129238,0,0,0,0,0,0,0,0,1
129239,0,0,0,0,0,0,0,0,1
129240,0,0,0,0,0,0,0,0,1
129241,0,0,0,0,0,0,0,0,1
129242,0,0,0,0,0,0,0,0,1
129243,0,0,0,0,0,0,0,0,1
129244,0,0,0,0,0,0,0,0,1
129245,0,0,0,0,0,0,0,0,1
129246,0,0,0,0,0,0,0,0,1
129247,0,0,0,0,0,0,0,0,1
129248,0,0,0,0,0,0,0,0,1
129249,0,0,0,0,0,0,0,0,1
129250,0,0,0,0,0,0,0,0,1
129251,0,0,0,0,0,0,0,0,1
129252,0,0,0,0,0,0,0,0,1
129253,0,0,0,0,0,0,0,0,1
129254,0,0,0,0,0,0,0,0,1
129255,0,0,0,0,0,0,0,0,1
129256,0,0,0,0,0,0,0,0,1
129257,0,0,0,0,0,0,0,0,1
129258,0,0,0,0,0,0,0,0,1
129259,0,0,0,0,0,0,0,0,1
129260,0,0,0,0,0,0,0,0,1
129261,0,0,0,0,0,0,0,0,1
129262,0,0,0,0,0,0,0,0,1
129263,0,0,0,0,0,0,0,0,1
129264,0,0,0,0,0,0,0,0,1
129265,0,0,0,0,0,0,0,0,1
129266,0,0,0,0,0,0,0,0,1
129267,0,0,0,0,0,0,0,0,1
129268,0,0,0,0,0,0,0,0,1
129269,0,0,0,0,0,0,0,0,1
129270,0,0,0,0,0,0,0,0,1
129271,0,0,0,0,0,0,0,0,1
129272,0,0,0,0,0,0,0,0,1
129273,0,0,0,0,0,0,0,0,1
129274,0,0,0,0,0,0,0,0,1
129275,0,0,0,0,0,0,0,0,1
129276,0,0,0,0,0,0,0,0,1
129277,0,0,0,0,0,0,0,0,1
129278,0,0,0,0,0,0,0,0,1
129279,0,0,0,0,0,0,0,0,1
129280,0,0,0,0,0,0,0,0,1
129281,0,0,0,0,0,0,0,0,1
129282,0,0,0,0,0,0,0,0,1
129283,0,0,0,0,0,0,0,0,1
129284,0,0,0,0,0,0,0,0,1
129285,0,0,0,0,0,0,0,0,1
129286,0,0,0,0,0,0,0,0,1
129287,0,0,0,0,0,0,0,0,1
129288,0,0,0,0,0,0,0,0,1
129289,0,0,0,0,0,0,0,0,1
129290,0,0,0,0,0,0,0,0,1
129291,0,0,0,0,0,0,0,0,1
129292,0,0,0,0,0,0,0,0,1
129293,0,0,0,0,0,0,0,0,1
129294,0,0,0,0,0,0,0,0,1
129295,0,0,0,0,0,0,0,0,1
129296,0,0,0,0,0,0,0,0,1
129297,0,0,0,0,0,0,0,0,1
129298,0,0,0,0,0,0,0,0,1
129299,0,0,0,0,0,0,0,0,1
129300,0,0,0,0,0,0,0,0,1
129301,0,0,0,0,0,0,0,0,1
129302,0,0,0,0,0,0,0,0,1
129303,0,0,0,0,0,0,0,0,1
129304,0,0,0,0,0,0,0,0,1
129305,0,0,0,0,0,0,0,0,1
129306,0,0,0,0,0,0,0,0,1
129307,0,0,0,0,0,0,0,0,1
129308,0,0,0,0,0,0,0,0,1
129309,0,0,0,0,0,0,0,0,1
129310,0,0,0,0,0,0,0,0,1
129311,0,0,0,0,0,0,0,0,1
129312,0,0,0,0,0,0,0,0,1
129313,0,0,0,0,0,0,0,0,1
129314,0,0,0,0,0,0,0,0,1
129315,0,0,0,0,0,0,0,0,1
129316,0,0,0,0,0,0,0,0,1
129317,0,0,0,0,0,0,0,0,1
129318,0,0,0,0,0,0,0,0,1
129319,0,0,0,0,0,0,0,0,1
129320,0,0,0,0,0,0,0,0,1
129321,0,0,0,0,0,0,0,0,1
129322,0,0,0,0,0,0,0,0,1
129323,0,0,0,0,0,0,0,0,1
129324,0,0,0,0,0,0,0,0,1
129325,0,0,0,0,0,0,0,0,1
129326,0,0,0,0,0,0,0,0,1
129327,0,0,0,0,0,0,0,0,1
129328,0,0,0,0,0,0,0,0,1
129329,0,0,0,0,0,0,0,0,1
129330,0,0,0,0,0,0,0,0,1
129331,0,0,0,0,0,0,0,0,1
129332,0,0,0,0,0,0,0,0,1
129333,0,0,0,0,0,0,0,0,1
129334,0,0,0,0,0,0,0,0,1
129335,0,0,0,0,0,0,0,0,1
129336,0,0,0,0,0,0,0,0,1
129337,0,0,0,0,0,0,0,0,1
129338,0,0,0,0,0,0,0,0,1
129339,0,0,0,0,0,0,0,0,1
129340,0,0,0,0,0,0,0,0,1
129341,0,0,0,0,0,0,0,0,1
129342,0,0,0,0,0,0,0,0,1
129343,0,0,0,0,0,0,0,0,1
129344,0,0,0,0,0,0,0,0,1
129345,0,0,0,0,0,0,0,0,1
129346,0,0,0,0,0,0,0,0,1
129347,0,0,0,0,0,0,0,0,1
129348,0,0,0,0,0,0,0,0,1
129349,0,0,0,0,0,0,0,0,1
129350,0,0,0,0,0,0,0,0,1
129351,0,0,0,0,0,0,0,0,1
129352,0,0,0,0,0,0,0,0,1
129353,0,0,0,0,0,0,0,0,1
129354,0,0,0,0,0,0,0,0,1
129355,0,0,0,0,0,0,0,0,1
129356,0,0,0,0,0,0,0,0,1
129357,0,0,0,0,0,0,0,0,1
129358,0,0,0,0,0,0,0,0,1
129359,0,0,0,0,0,0,0,0,1
129360,0,0,0,0,0,0,0,0,1
129361,0,0,0,0,0,0,0,0,1
129362,0,0,0,0,0,0,0,0,1
129363,0,0,0,0,0,0,0,0,1
129364,0,0,0,0,0,0,0,0,1
129365,0,0,0,0,0,0,0,0,1
129366,0,0,0,0,0,0,0,0,1
129367,0,0,0,0,0,0,0,0,1
129368,0,0,0,0,0,0,0,0,1
129369,0,0,0,0,0,0,0,0,1
129370,0,0,0,0,0,0,0,0,1
129371,0,0,0,0,0,0,0,0,1
129372,0,0,0,0,0,0,0,0,1
129373,0,0,0,0,0,0,0,0,1
129374,0,0,0,0,0,0,0,0,1
129375,0,0,0,0,0,0,0,0,1
129376,0,0,0,0,0,0,0,0,1
129377,0,0,0,0,0,0,0,0,1
129378,0,0,0,0,0,0,0,0,1
129379,0,0,0,0,0,0,0,0,1
129380,0,0,0,0,0,0,0,0,1
129381,0,0,0,0,0,0,0,0,1
129382,0,0,0,0,0,0,0,0,1
129383,0,0,0,0,0,0,0,0,1
129384,0,0,0,0,0,0,0,0,1
129385,0,0,0,0,0,0,0,0,1
129386,0,0,0,0,0,0,0,0,1
129387,0,0,0,0,0,0,0,0,1
129388,0,0,0,0,0,0,0,0,1
129389,0,0,0,0,0,0,0,0,1
129390,0,0,0,0,0,0,0,0,1
129391,0,0,0,0,0,0,0,0,1
129392,0,0,0,0,0,0,0,0,1
129393,0,0,0,0,0,0,0,0,1
129394,0,0,0,0,0,0,0,0,1
129395,0,0,0,0,0,0,0,0,1
129396,0,0,0,0,0,0,0,0,1
129397,0,0,0,0,0,0,0,0,1
129398,0,0,0,0,0,0,0,0,1
129399,0,0,0,0,0,0,0,0,1
129400,0,0,0,0,0,0,0,0,1
129401,0,0,0,0,0,0,0,0,1
129402,0,0,0,0,0,0,0,0,1
129403,0,0,0,0,0,0,0,0,1
129404,0,0,0,0,0,0,0,0,1
129405,0,0,0,0,0,0,0,0,1
129406,0,0,0,0,0,0,0,0,1
129407,0,0,0,0,0,0,0,0,1
129408,0,0,0,0,0,0,0,0,1
129409,0,0,0,0,0,0,0,0,1
129410,0,0,0,0,0,0,0,0,1
129411,0,0,0,0,0,0,0,0,1
129412,0,0,0,0,0,0,0,0,1
129413,0,0,0,0,0,0,0,0,1
129414,0,0,0,0,0,0,0,0,1
129415,0,0,0,0,0,0,0,0,1
129416,0,0,0,0,0,0,0,0,1
129417,0,0,0,0,0,0,0,0,1
129418,0,0,0,0,0,0,0,0,1
129419,0,0,0,0,0,0,0,0,1
129420,0,0,0,0,0,0,0,0,1
129421,0,0,0,0,0,0,0,0,1
129422,0,0,0,0,0,0,0,0,1
129423,0,0,0,0,0,0,0,0,1
129424,0,0,0,0,0,0,0,0,1
129425,0,0,0,0,0,0,0,0,1
129426,0,0,0,0,0,0,0,0,1
129427,0,0,0,0,0,0,0,0,1
129428,0,0,0,0,0,0,0,0,1
129429,0,0,0,0,0,0,0,0,1
129430,0,0,0,0,0,0,0,0,1
129431,0,0,0,0,0,0,0,0,1
129432,0,0,0,0,0,0,0,0,1
129433,0,0,0,0,0,0,0,0,1
129434,0,0,0,0,0,0,0,0,1
129435,0,0,0,0,0,0,0,0,1
129436,0,0,0,0,0,0,0,0,1
129437,0,0,0,0,0,0,0,0,1
129438,0,0,0,0,0,0,0,0,1
129439,0,0,0,0,0,0,0,0,1
129440,0,0,0,0,0,0,0,0,1
129441,0,0,0,0,0,0,0,0,1
129442,0,0,0,0,0,0,0,0,1
129443,0,0,0,0,0,0,0,0,1
129444,0,0,0,0,0,0,0,0,1
129445,0,0,0,0,0,0,0,0,1
129446,0,0,0,0,0,0,0,0,1
129447,0,0,0,0,0,0,0,0,1
129448,0,0,0,0,0,0,0,0,1
129449,0,0,0,0,0,0,0,0,1
129450,0,0,0,0,0,0,0,0,1
129451,0,0,0,0,0,0,0,0,1
129452,0,0,0,0,0,0,0,0,1
129453,0,0,0,0,0,0,0,0,1
129454,0,0,0,0,0,0,0,0,1
129455,0,0,0,0,0,0,0,0,1
129456,0,0,0,0,0,0,0,0,1
129457,0,0,0,0,0,0,0,0,1
129458,0,0,0,0,0,0,0,0,1
129459,0,0,0,0,0,0,0,0,1
129460,0,0,0,0,0,0,0,0,1
129461,0,0,0,0,0,0,0,0,1
129462,0,0,0,0,0,0,0,0,1
129463,0,0,0,0,0,0,0,0,1
129464,0,0,0,0,0,0,0,0,1
129465,0,0,0,0,0,0,0,0,1
129466,0,0,0,0,0,0,0,0,1
129467,0,0,0,0,0,0,0,0,1
129468,0,0,0,0,0,0,0,0,1
129469,0,0,0,0,0,0,0,0,1
129470,0,0,0,0,0,0,0,0,1
129471,0,0,0,0,0,0,0,0,1
129472,0,0,0,0,0,0,0,0,1
129473,0,0,0,0,0,0,0,0,1
129474,0,0,0,0,0,0,0,0,1
129475,0,0,0,0,0,0,0,0,1
129476,0,0,0,0,0,0,0,0,1
129477,0,0,0,0,0,0,0,0,1
129478,0,0,0,0,0,0,0,0,1
129479,0,0,0,0,0,0,0,0,1
129480,0,0,0,0,0,0,0,0,1
129481,0,0,0,0,0,0,0,0,1
129482,0,0,0,0,0,0,0,0,1
129483,0,0,0,0,0,0,0,0,1
129484,0,0,0,0,0,0,0,0,1
129485,0,0,0,0,0,0,0,0,1
129486,0,0,0,0,0,0,0,0,1
129487,0,0,0,0,0,0,0,0,1
129488,0,0,0,0,0,0,0,0,1
129489,0,0,0,0,0,0,0,0,1
129490,0,0,0,0,0,0,0,0,1
129491,0,0,0,0,0,0,0,0,1
129492,0,0,0,0,0,0,0,0,1
129493,0,0,0,0,0,0,0,0,1
129494,0,0,0,0,0,0,0,0,1
129495,0,0,0,0,0,0,0,0,1
129496,0,0,0,0,0,0,0,0,1
129497,0,0,0,0,0,0,0,0,1
129498,0,0,0,0,0,0,0,0,1
129499,0,0,0,0,0,0,0,0,1
129500,0,0,0,0,0,0,0,0,1
129501,0,0,0,0,0,0,0,0,1
129502,0,0,0,0,0,0,0,0,1
129503,0,0,0,0,0,0,0,0,1
129504,0,0,0,0,0,0,0,0,1
129505,0,0,0,0,0,0,0,0,1
129506,0,0,0,0,0,0,0,0,1
129507,0,0,0,0,0,0,0,0,1
129508,0,0,0,0,0,0,0,0,1
129509,0,0,0,0,0,0,0,0,1
129510,0,0,0,0,0,0,0,0,1
129511,0,0,0,0,0,0,0,0,1
129512,0,0,0,0,0,0,0,0,1
129513,0,0,0,0,0,0,0,0,1
129514,0,0,0,0,0,0,0,0,1
129515,0,0,0,0,0,0,0,0,1
129516,0,0,0,0,0,0,0,0,1
129517,0,0,0,0,0,0,0,0,1
129518,0,0,0,0,0,0,0,0,1
129519,0,0,0,0,0,0,0,0,1
129520,0,0,0,0,0,0,0,0,1
129521,0,0,0,0,0,0,0,0,1
129522,0,0,0,0,0,0,0,0,1
129523,0,0,0,0,0,0,0,0,1
129524,0,0,0,0,0,0,0,0,1
129525,0,0,0,0,0,0,0,0,1
129526,0,0,0,0,0,0,0,0,1
129527,0,0,0,0,0,0,0,0,1
129528,0,0,0,0,0,0,0,0,1
129529,0,0,0,0,0,0,0,0,1
129530,0,0,0,0,0,0,0,0,1
129531,0,0,0,0,0,0,0,0,1
129532,0,0,0,0,0,0,0,0,1
129533,0,0,0,0,0,0,0,0,1
129534,0,0,0,0,0,0,0,0,1
129535,0,0,0,0,0,0,0,0,1
129536,0,0,0,0,0,0,0,0,1
129537,0,0,0,0,0,0,0,0,1
129538,0,0,0,0,0,0,0,0,1
129539,0,0,0,0,0,0,0,0,1
129540,0,0,0,0,0,0,0,0,1
129541,0,0,0,0,0,0,0,0,1
129542,0,0,0,0,0,0,0,0,1
129543,0,0,0,0,0,0,0,0,1
129544,0,0,0,0,0,0,0,0,1
129545,0,0,0,0,0,0,0,0,1
129546,0,0,0,0,0,0,0,0,1
129547,0,0,0,0,0,0,0,0,1
129548,0,0,0,0,0,0,0,0,1
129549,0,0,0,0,0,0,0,0,1
129550,0,0,0,0,0,0,0,0,1
129551,0,0,0,0,0,0,0,0,1
129552,0,0,0,0,0,0,0,0,1
129553,0,0,0,0,0,0,0,0,1
129554,0,0,0,0,0,0,0,0,1
129555,0,0,0,0,0,0,0,0,1
129556,0,0,0,0,0,0,0,0,1
129557,0,0,0,0,0,0,0,0,1
129558,0,0,0,0,0,0,0,0,1
129559,0,0,0,0,0,0,0,0,1
129560,0,0,0,0,0,0,0,0,1
129561,0,0,0,0,0,0,0,0,1
129562,0,0,0,0,0,0,0,0,1
129563,0,0,0,0,0,0,0,0,1
129564,0,0,0,0,0,0,0,0,1
129565,0,0,0,0,0,0,0,0,1
129566,0,0,0,0,0,0,0,0,1
129567,0,0,0,0,0,0,0,0,1
129568,0,0,0,0,0,0,0,0,1
129569,0,0,0,0,0,0,0,0,1
129570,0,0,0,0,0,0,0,0,1
129571,0,0,0,0,0,0,0,0,1
129572,0,0,0,0,0,0,0,0,1
129573,0,0,0,0,0,0,0,0,1
129574,0,0,0,0,0,0,0,0,1
129575,0,0,0,0,0,0,0,0,1
129576,0,0,0,0,0,0,0,0,1
129577,0,0,0,0,0,0,0,0,1
129578,0,0,0,0,0,0,0,0,1
129579,0,0,0,0,0,0,0,0,1
129580,0,0,0,0,0,0,0,0,1
129581,0,0,0,0,0,0,0,0,1
129582,0,0,0,0,0,0,0,0,1
129583,0,0,0,0,0,0,0,0,1
129584,0,0,0,0,0,0,0,0,1
129585,0,0,0,0,0,0,0,0,1
129586,0,0,0,0,0,0,0,0,1
129587,0,0,0,0,0,0,0,0,1
129588,0,0,0,0,0,0,0,0,1
129589,0,0,0,0,0,0,0,0,1
129590,0,0,0,0,0,0,0,0,1
129591,0,0,0,0,0,0,0,0,1
129592,0,0,0,0,0,0,0,0,1
129593,0,0,0,0,0,0,0,0,1
129594,0,0,0,0,0,0,0,0,1
129595,0,0,0,0,0,0,0,0,1
129596,0,0,0,0,0,0,0,0,1
129597,0,0,0,0,0,0,0,0,1
129598,0,0,0,0,0,0,0,0,1
129599,0,0,0,0,0,0,0,0,1
129600,0,0,0,0,0,0,0,0,1
129601,0,0,0,0,0,0,0,0,1
129602,0,0,0,0,0,0,0,0,1
129603,0,0,0,0,0,0,0,0,1
129604,0,0,0,0,0,0,0,0,1
129605,0,0,0,0,0,0,0,0,1
129606,0,0,0,0,0,0,0,0,1
129607,0,0,0,0,0,0,0,0,1
129608,0,0,0,0,0,0,0,0,1
129609,0,0,0,0,0,0,0,0,1
129610,0,0,0,0,0,0,0,0,1
129611,0,0,0,0,0,0,0,0,1
129612,0,0,0,0,0,0,0,0,1
129613,0,0,0,0,0,0,0,0,1
129614,0,0,0,0,0,0,0,0,1
129615,0,0,0,0,0,0,0,0,1
129616,0,0,0,0,0,0,0,0,1
129617,0,0,0,0,0,0,0,0,1
129618,0,0,0,0,0,0,0,0,1
129619,0,0,0,0,0,0,0,0,1
129620,0,0,0,0,0,0,0,0,1
129621,0,0,0,0,0,0,0,0,1
129622,0,0,0,0,0,0,0,0,1
129623,0,0,0,0,0,0,0,0,1
129624,0,0,0,0,0,0,0,0,1
129625,0,0,0,0,0,0,0,0,1
129626,0,0,0,0,0,0,0,0,1
129627,0,0,0,0,0,0,0,0,1
129628,0,0,0,0,0,0,0,0,1
129629,0,0,0,0,0,0,0,0,1
129630,0,0,0,0,0,0,0,0,1
129631,0,0,0,0,0,0,0,0,1
129632,0,0,0,0,0,0,0,0,1
129633,0,0,0,0,0,0,0,0,1
129634,0,0,0,0,0,0,0,0,1
129635,0,0,0,0,0,0,0,0,1
129636,0,0,0,0,0,0,0,0,1
129637,0,0,0,0,0,0,0,0,1
129638,0,0,0,0,0,0,0,0,1
129639,0,0,0,0,0,0,0,0,1
129640,0,0,0,0,0,0,0,0,1
129641,0,0,0,0,0,0,0,0,1
129642,0,0,0,0,0,0,0,0,1
129643,0,0,0,0,0,0,0,0,1
129644,0,0,0,0,0,0,0,0,1
129645,0,0,0,0,0,0,0,0,1
129646,0,0,0,0,0,0,0,0,1
129647,0,0,0,0,0,0,0,0,1
129648,0,0,0,0,0,0,0,0,1
129649,0,0,0,0,0,0,0,0,1
129650,0,0,0,0,0,0,0,0,1
129651,0,0,0,0,0,0,0,0,1
129652,0,0,0,0,0,0,0,0,1
129653,0,0,0,0,0,0,0,0,1
129654,0,0,0,0,0,0,0,0,1
129655,0,0,0,0,0,0,0,0,1
129656,0,0,0,0,0,0,0,0,1
129657,0,0,0,0,0,0,0,0,1
129658,0,0,0,0,0,0,0,0,1
129659,0,0,0,0,0,0,0,0,1
129660,0,0,0,0,0,0,0,0,1
129661,0,0,0,0,0,0,0,0,1
129662,0,0,0,0,0,0,0,0,1
129663,0,0,0,0,0,0,0,0,1
129664,0,0,0,0,0,0,0,0,1
129665,0,0,0,0,0,0,0,0,1
129666,0,0,0,0,0,0,0,0,1
129667,0,0,0,0,0,0,0,0,1
129668,0,0,0,0,0,0,0,0,1
129669,0,0,0,0,0,0,0,0,1
129670,0,0,0,0,0,0,0,0,1
129671,0,0,0,0,0,0,0,0,1
129672,0,0,0,0,0,0,0,0,1
129673,0,0,0,0,0,0,0,0,1
129674,0,0,0,0,0,0,0,0,1
129675,0,0,0,0,0,0,0,0,1
129676,0,0,0,0,0,0,0,0,1
129677,0,0,0,0,0,0,0,0,1
129678,0,0,0,0,0,0,0,0,1
129679,0,0,0,0,0,0,0,0,1
129680,0,0,0,0,0,0,0,0,1
129681,0,0,0,0,0,0,0,0,1
129682,0,0,0,0,0,0,0,0,1
129683,0,0,0,0,0,0,0,0,1
129684,0,0,0,0,0,0,0,0,1
129685,0,0,0,0,0,0,0,0,1
129686,0,0,0,0,0,0,0,0,1
129687,0,0,0,0,0,0,0,0,1
129688,0,0,0,0,0,0,0,0,1
129689,0,0,0,0,0,0,0,0,1
129690,0,0,0,0,0,0,0,0,1
129691,0,0,0,0,0,0,0,0,1
129692,0,0,0,0,0,0,0,0,1
129693,0,0,0,0,0,0,0,0,1
129694,0,0,0,0,0,0,0,0,1
129695,0,0,0,0,0,0,0,0,1
129696,0,0,0,0,0,0,0,0,1
129697,0,0,0,0,0,0,0,0,1
129698,0,0,0,0,0,0,0,0,1
129699,0,0,0,0,0,0,0,0,1
129700,0,0,0,0,0,0,0,0,1
129701,0,0,0,0,0,0,0,0,1
129702,0,0,0,0,0,0,0,0,1
129703,0,0,0,0,0,0,0,0,1
129704,0,0,0,0,0,0,0,0,1
129705,0,0,0,0,0,0,0,0,1
129706,0,0,0,0,0,0,0,0,1
129707,0,0,0,0,0,0,0,0,1
129708,0,0,0,0,0,0,0,0,1
129709,0,0,0,0,0,0,0,0,1
129710,0,0,0,0,0,0,0,0,1
129711,0,0,0,0,0,0,0,0,1
129712,0,0,0,0,0,0,0,0,1
129713,0,0,0,0,0,0,0,0,1
129714,0,0,0,0,0,0,0,0,1
129715,0,0,0,0,0,0,0,0,1
129716,0,0,0,0,0,0,0,0,1
129717,0,0,0,0,0,0,0,0,1
129718,0,0,0,0,0,0,0,0,1
129719,0,0,0,0,0,0,0,0,1
129720,0,0,0,0,0,0,0,0,1
129721,0,0,0,0,0,0,0,0,1
129722,0,0,0,0,0,0,0,0,1
129723,0,0,0,0,0,0,0,0,1
129724,0,0,0,0,0,0,0,0,1
129725,0,0,0,0,0,0,0,0,1
129726,0,0,0,0,0,0,0,0,1
129727,0,0,0,0,0,0,0,0,1
129728,0,0,0,0,0,0,0,0,1
129729,0,0,0,0,0,0,0,0,1
129730,0,0,0,0,0,0,0,0,1
129731,0,0,0,0,0,0,0,0,1
129732,0,0,0,0,0,0,0,0,1
129733,0,0,0,0,0,0,0,0,1
129734,0,0,0,0,0,0,0,0,1
129735,0,0,0,0,0,0,0,0,1
129736,0,0,0,0,0,0,0,0,1
129737,0,0,0,0,0,0,0,0,1
129738,0,0,0,0,0,0,0,0,1
129739,0,0,0,0,0,0,0,0,1
129740,0,0,0,0,0,0,0,0,1
129741,0,0,0,0,0,0,0,0,1
129742,0,0,0,0,0,0,0,0,1
129743,0,0,0,0,0,0,0,0,1
129744,0,0,0,0,0,0,0,0,1
129745,0,0,0,0,0,0,0,0,1
129746,0,0,0,0,0,0,0,0,1
129747,0,0,0,0,0,0,0,0,1
129748,0,0,0,0,0,0,0,0,1
129749,0,0,0,0,0,0,0,0,1
129750,0,0,0,0,0,0,0,0,1
129751,0,0,0,0,0,0,0,0,1
129752,0,0,0,0,0,0,0,0,1
129753,0,0,0,0,0,0,0,0,1
129754,0,0,0,0,0,0,0,0,1
129755,0,0,0,0,0,0,0,0,1
129756,0,0,0,0,0,0,0,0,1
129757,0,0,0,0,0,0,0,0,1
129758,0,0,0,0,0,0,0,0,1
129759,0,0,0,0,0,0,0,0,1
129760,0,0,0,0,0,0,0,0,1
129761,0,0,0,0,0,0,0,0,1
129762,0,0,0,0,0,0,0,0,1
129763,0,0,0,0,0,0,0,0,1
129764,0,0,0,0,0,0,0,0,1
129765,0,0,0,0,0,0,0,0,1
129766,0,0,0,0,0,0,0,0,1
129767,0,0,0,0,0,0,0,0,1
129768,0,0,0,0,0,0,0,0,1
129769,0,0,0,0,0,0,0,0,1
129770,0,0,0,0,0,0,0,0,1
129771,0,0,0,0,0,0,0,0,1
129772,0,0,0,0,0,0,0,0,1
129773,0,0,0,0,0,0,0,0,1
129774,0,0,0,0,0,0,0,0,1
129775,0,0,0,0,0,0,0,0,1
129776,0,0,0,0,0,0,0,0,1
129777,0,0,0,0,0,0,0,0,1
129778,0,0,0,0,0,0,0,0,1
129779,0,0,0,0,0,0,0,0,1
129780,0,0,0,0,0,0,0,0,1
129781,0,0,0,0,0,0,0,0,1
129782,0,0,0,0,0,0,0,0,1
129783,0,0,0,0,0,0,0,0,1
129784,0,0,0,0,0,0,0,0,1
129785,0,0,0,0,0,0,0,0,1
129786,0,0,0,0,0,0,0,0,1
129787,0,0,0,0,0,0,0,0,1
129788,0,0,0,0,0,0,0,0,1
129789,0,0,0,0,0,0,0,0,1
129790,0,0,0,0,0,0,0,0,1
129791,0,0,0,0,0,0,0,0,1
129792,0,0,0,0,0,0,0,0,1
129793,0,0,0,0,0,0,0,0,1
129794,0,0,0,0,0,0,0,0,1
129795,0,0,0,0,0,0,0,0,1
129796,0,0,0,0,0,0,0,0,1
129797,0,0,0,0,0,0,0,0,1
129798,0,0,0,0,0,0,0,0,1
129799,0,0,0,0,0,0,0,0,1
129800,0,0,0,0,0,0,0,0,1
129801,0,0,0,0,0,0,0,0,1
129802,0,0,0,0,0,0,0,0,1
129803,0,0,0,0,0,0,0,0,1
129804,0,0,0,0,0,0,0,0,1
129805,0,0,0,0,0,0,0,0,1
129806,0,0,0,0,0,0,0,0,1
129807,0,0,0,0,0,0,0,0,1
129808,0,0,0,0,0,0,0,0,1
129809,0,0,0,0,0,0,0,0,1
129810,0,0,0,0,0,0,0,0,1
129811,0,0,0,0,0,0,0,0,1
129812,0,0,0,0,0,0,0,0,1
129813,0,0,0,0,0,0,0,0,1
129814,0,0,0,0,0,0,0,0,1
129815,0,0,0,0,0,0,0,0,1
129816,0,0,0,0,0,0,0,0,1
129817,0,0,0,0,0,0,0,0,1
129818,0,0,0,0,0,0,0,0,1
129819,0,0,0,0,0,0,0,0,1
129820,0,0,0,0,0,0,0,0,1
129821,0,0,0,0,0,0,0,0,1
129822,0,0,0,0,0,0,0,0,1
129823,0,0,0,0,0,0,0,0,1
129824,0,0,0,0,0,0,0,0,1
129825,0,0,0,0,0,0,0,0,1
129826,0,0,0,0,0,0,0,0,1
129827,0,0,0,0,0,0,0,0,1
129828,0,0,0,0,0,0,0,0,1
129829,0,0,0,0,0,0,0,0,1
129830,0,0,0,0,0,0,0,0,1
129831,0,0,0,0,0,0,0,0,1
129832,0,0,0,0,0,0,0,0,1
129833,0,0,0,0,0,0,0,0,1
129834,0,0,0,0,0,0,0,0,1
129835,0,0,0,0,0,0,0,0,1
129836,0,0,0,0,0,0,0,0,1
129837,0,0,0,0,0,0,0,0,1
129838,0,0,0,0,0,0,0,0,1
129839,0,0,0,0,0,0,0,0,1
129840,0,0,0,0,0,0,0,0,1
129841,0,0,0,0,0,0,0,0,1
129842,0,0,0,0,0,0,0,0,1
129843,0,0,0,0,0,0,0,0,1
129844,0,0,0,0,0,0,0,0,1
129845,0,0,0,0,0,0,0,0,1
129846,0,0,0,0,0,0,0,0,1
129847,0,0,0,0,0,0,0,0,1
129848,0,0,0,0,0,0,0,0,1
129849,0,0,0,0,0,0,0,0,1
129850,0,0,0,0,0,0,0,0,1
129851,0,0,0,0,0,0,0,0,1
129852,0,0,0,0,0,0,0,0,1
129853,0,0,0,0,0,0,0,0,1
129854,0,0,0,0,0,0,0,0,1
129855,0,0,0,0,0,0,0,0,1
129856,0,0,0,0,0,0,0,0,1
129857,0,0,0,0,0,0,0,0,1
129858,0,0,0,0,0,0,0,0,1
129859,0,0,0,0,0,0,0,0,1
129860,0,0,0,0,0,0,0,0,1
129861,0,0,0,0,0,0,0,0,1
129862,0,0,0,0,0,0,0,0,1
129863,0,0,0,0,0,0,0,0,1
129864,0,0,0,0,0,0,0,0,1
129865,0,0,0,0,0,0,0,0,1
129866,0,0,0,0,0,0,0,0,1
129867,0,0,0,0,0,0,0,0,1
129868,0,0,0,0,0,0,0,0,1
129869,0,0,0,0,0,0,0,0,1
129870,0,0,0,0,0,0,0,0,1
129871,0,0,0,0,0,0,0,0,1
129872,0,0,0,0,0,0,0,0,1
129873,0,0,0,0,0,0,0,0,1
129874,0,0,0,0,0,0,0,0,1
129875,0,0,0,0,0,0,0,0,1
129876,0,0,0,0,0,0,0,0,1
129877,0,0,0,0,0,0,0,0,1
129878,0,0,0,0,0,0,0,0,1
129879,0,0,0,0,0,0,0,0,1
129880,0,0,0,0,0,0,0,0,1
129881,0,0,0,0,0,0,0,0,1
129882,0,0,0,0,0,0,0,0,1
129883,0,0,0,0,0,0,0,0,1
129884,0,0,0,0,0,0,0,0,1
129885,0,0,0,0,0,0,0,0,1
129886,0,0,0,0,0,0,0,0,1
129887,0,0,0,0,0,0,0,0,1
129888,0,0,0,0,0,0,0,0,1
129889,0,0,0,0,0,0,0,0,1
129890,0,0,0,0,0,0,0,0,1
129891,0,0,0,0,0,0,0,0,1
129892,0,0,0,0,0,0,0,0,1
129893,0,0,0,0,0,0,0,0,1
129894,0,0,0,0,0,0,0,0,1
129895,0,0,0,0,0,0,0,0,1
129896,0,0,0,0,0,0,0,0,1
129897,0,0,0,0,0,0,0,0,1
129898,0,0,0,0,0,0,0,0,1
129899,0,0,0,0,0,0,0,0,1
129900,0,0,0,0,0,0,0,0,1
129901,0,0,0,0,0,0,0,0,1
129902,0,0,0,0,0,0,0,0,1
129903,0,0,0,0,0,0,0,0,1
129904,0,0,0,0,0,0,0,0,1
129905,0,0,0,0,0,0,0,0,1
129906,0,0,0,0,0,0,0,0,1
129907,0,0,0,0,0,0,0,0,1
129908,0,0,0,0,0,0,0,0,1
129909,0,0,0,0,0,0,0,0,1
129910,0,0,0,0,0,0,0,0,1
129911,0,0,0,0,0,0,0,0,1
129912,0,0,0,0,0,0,0,0,1
129913,0,0,0,0,0,0,0,0,1
129914,0,0,0,0,0,0,0,0,1
129915,0,0,0,0,0,0,0,0,1
129916,0,0,0,0,0,0,0,0,1
129917,0,0,0,0,0,0,0,0,1
129918,0,0,0,0,0,0,0,0,1
129919,0,0,0,0,0,0,0,0,1
129920,0,0,0,0,0,0,0,0,1
129921,0,0,0,0,0,0,0,0,1
129922,0,0,0,0,0,0,0,0,1
129923,0,0,0,0,0,0,0,0,1
129924,0,0,0,0,0,0,0,0,1
129925,0,0,0,0,0,0,0,0,1
129926,0,0,0,0,0,0,0,0,1
129927,0,0,0,0,0,0,0,0,1
129928,0,0,0,0,0,0,0,0,1
129929,0,0,0,0,0,0,0,0,1
129930,0,0,0,0,0,0,0,0,1
129931,0,0,0,0,0,0,0,0,1
129932,0,0,0,0,0,0,0,0,1
129933,0,0,0,0,0,0,0,0,1
129934,0,0,0,0,0,0,0,0,1
129935,0,0,0,0,0,0,0,0,1
129936,0,0,0,0,0,0,0,0,1
129937,0,0,0,0,0,0,0,0,1
129938,0,0,0,0,0,0,0,0,1
129939,0,0,0,0,0,0,0,0,1
129940,0,0,0,0,0,0,0,0,1
129941,0,0,0,0,0,0,0,0,1
129942,0,0,0,0,0,0,0,0,1
129943,0,0,0,0,0,0,0,0,1
129944,0,0,0,0,0,0,0,0,1
129945,0,0,0,0,0,0,0,0,1
129946,0,0,0,0,0,0,0,0,1
129947,0,0,0,0,0,0,0,0,1
129948,0,0,0,0,0,0,0,0,1
129949,0,0,0,0,0,0,0,0,1
129950,0,0,0,0,0,0,0,0,1
129951,0,0,0,0,0,0,0,0,1
129952,0,0,0,0,0,0,0,0,1
129953,0,0,0,0,0,0,0,0,1
129954,0,0,0,0,0,0,0,0,1
129955,0,0,0,0,0,0,0,0,1
129956,0,0,0,0,0,0,0,0,1
129957,0,0,0,0,0,0,0,0,1
129958,0,0,0,0,0,0,0,0,1
129959,0,0,0,0,0,0,0,0,1
129960,0,0,0,0,0,0,0,0,1
129961,0,0,0,0,0,0,0,0,1
129962,0,0,0,0,0,0,0,0,1
129963,0,0,0,0,0,0,0,0,1
129964,0,0,0,0,0,0,0,0,1
129965,0,0,0,0,0,0,0,0,1
129966,0,0,0,0,0,0,0,0,1
129967,0,0,0,0,0,0,0,0,1
129968,0,0,0,0,0,0,0,0,1
129969,0,0,0,0,0,0,0,0,1
129970,0,0,0,0,0,0,0,0,1
129971,0,0,0,0,0,0,0,0,1
129972,0,0,0,0,0,0,0,0,1
129973,0,0,0,0,0,0,0,0,1
129974,0,0,0,0,0,0,0,0,1
129975,0,0,0,0,0,0,0,0,1
129976,0,0,0,0,0,0,0,0,1
129977,0,0,0,0,0,0,0,0,1
129978,0,0,0,0,0,0,0,0,1
129979,0,0,0,0,0,0,0,0,1
129980,0,0,0,0,0,0,0,0,1
129981,0,0,0,0,0,0,0,0,1
129982,0,0,0,0,0,0,0,0,1
129983,0,0,0,0,0,0,0,0,1
129984,0,0,0,0,0,0,0,0,1
129985,0,0,0,0,0,0,0,0,1
129986,0,0,0,0,0,0,0,0,1
129987,0,0,0,0,0,0,0,0,1
129988,0,0,0,0,0,0,0,0,1
129989,0,0,0,0,0,0,0,0,1
129990,0,0,0,0,0,0,0,0,1
129991,0,0,0,0,0,0,0,0,1
129992,0,0,0,0,0,0,0,0,1
129993,0,0,0,0,0,0,0,0,1
129994,0,0,0,0,0,0,0,0,1
129995,0,0,0,0,0,0,0,0,1
129996,0,0,0,0,0,0,0,0,1
129997,0,0,0,0,0,0,0,0,1
129998,0,0,0,0,0,0,0,0,1
129999,0,0,0,0,0,0,0,0,1
130000,0,0,0,0,0,0,0,0,1
130001,0,0,0,0,0,0,0,0,1
130002,0,0,0,0,0,0,0,0,1
130003,0,0,0,0,0,0,0,0,1
130004,0,0,0,0,0,0,0,0,1
130005,0,0,0,0,0,0,0,0,1
130006,0,0,0,0,0,0,0,0,1
130007,0,0,0,0,0,0,0,0,1
130008,0,0,0,0,0,0,0,0,1
130009,0,0,0,0,0,0,0,0,1
130010,0,0,0,0,0,0,0,0,1
130011,0,0,0,0,0,0,0,0,1
130012,0,0,0,0,0,0,0,0,1
130013,0,0,0,0,0,0,0,0,1
130014,0,0,0,0,0,0,0,0,1
130015,0,0,0,0,0,0,0,0,1
130016,0,0,0,0,0,0,0,0,1
130017,0,0,0,0,0,0,0,0,1
130018,0,0,0,0,0,0,0,0,1
130019,0,0,0,0,0,0,0,0,1
130020,0,0,0,0,0,0,0,0,1
130021,0,0,0,0,0,0,0,0,1
130022,0,0,0,0,0,0,0,0,1
130023,0,0,0,0,0,0,0,0,1
130024,0,0,0,0,0,0,0,0,1
130025,0,0,0,0,0,0,0,0,1
130026,0,0,0,0,0,0,0,0,1
130027,0,0,0,0,0,0,0,0,1
130028,0,0,0,0,0,0,0,0,1
130029,0,0,0,0,0,0,0,0,1
130030,0,0,0,0,0,0,0,0,1
130031,0,0,0,0,0,0,0,0,1
130032,0,0,0,0,0,0,0,0,1
130033,0,0,0,0,0,0,0,0,1
130034,0,0,0,0,0,0,0,0,1
130035,0,0,0,0,0,0,0,0,1
130036,0,0,0,0,0,0,0,0,1
130037,0,0,0,0,0,0,0,0,1
130038,0,0,0,0,0,0,0,0,1
130039,0,0,0,0,0,0,0,0,1
130040,0,0,0,0,0,0,0,0,1
130041,0,0,0,0,0,0,0,0,1
130042,0,0,0,0,0,0,0,0,1
130043,0,0,0,0,0,0,0,0,1
130044,0,0,0,0,0,0,0,0,1
130045,0,0,0,0,0,0,0,0,1
130046,0,0,0,0,0,0,0,0,1
130047,0,0,0,0,0,0,0,0,1
130048,0,0,0,0,0,0,0,0,1
130049,0,0,0,0,0,0,0,0,1
130050,0,0,0,0,0,0,0,0,1
130051,0,0,0,0,0,0,0,0,1
130052,0,0,0,0,0,0,0,0,1
130053,0,0,0,0,0,0,0,0,1
130054,0,0,0,0,0,0,0,0,1
130055,0,0,0,0,0,0,0,0,1
130056,0,0,0,0,0,0,0,0,1
130057,0,0,0,0,0,0,0,0,1
130058,0,0,0,0,0,0,0,0,1
130059,0,0,0,0,0,0,0,0,1
130060,0,0,0,0,0,0,0,0,1
130061,0,0,0,0,0,0,0,0,1
130062,0,0,0,0,0,0,0,0,1
130063,0,0,0,0,0,0,0,0,1
130064,0,0,0,0,0,0,0,0,1
130065,0,0,0,0,0,0,0,0,1
130066,0,0,0,0,0,0,0,0,1
130067,0,0,0,0,0,0,0,0,1
130068,0,0,0,0,0,0,0,0,1
130069,0,0,0,0,0,0,0,0,1
130070,0,0,0,0,0,0,0,0,1
130071,0,0,0,0,0,0,0,0,1
130072,0,0,0,0,0,0,0,0,1
130073,0,0,0,0,0,0,0,0,1
130074,0,0,0,0,0,0,0,0,1
130075,0,0,0,0,0,0,0,0,1
130076,0,0,0,0,0,0,0,0,1
130077,0,0,0,0,0,0,0,0,1
130078,0,0,0,0,0,0,0,0,1
130079,0,0,0,0,0,0,0,0,1
130080,0,0,0,0,0,0,0,0,1
130081,0,0,0,0,0,0,0,0,1
130082,0,0,0,0,0,0,0,0,1
130083,0,0,0,0,0,0,0,0,1
130084,0,0,0,0,0,0,0,0,1
130085,0,0,0,0,0,0,0,0,1
130086,0,0,0,0,0,0,0,0,1
130087,0,0,0,0,0,0,0,0,1
130088,0,0,0,0,0,0,0,0,1
130089,0,0,0,0,0,0,0,0,1
130090,0,0,0,0,0,0,0,0,1
130091,0,0,0,0,0,0,0,0,1
130092,0,0,0,0,0,0,0,0,1
130093,0,0,0,0,0,0,0,0,1
130094,0,0,0,0,0,0,0,0,1
130095,0,0,0,0,0,0,0,0,1
130096,0,0,0,0,0,0,0,0,1
130097,0,0,0,0,0,0,0,0,1
130098,0,0,0,0,0,0,0,0,1
130099,0,0,0,0,0,0,0,0,1
130100,0,0,0,0,0,0,0,0,1
130101,0,0,0,0,0,0,0,0,1
130102,0,0,0,0,0,0,0,0,1
130103,0,0,0,0,0,0,0,0,1
130104,0,0,0,0,0,0,0,0,1
130105,0,0,0,0,0,0,0,0,1
130106,0,0,0,0,0,0,0,0,1
130107,0,0,0,0,0,0,0,0,1
130108,0,0,0,0,0,0,0,0,1
130109,0,0,0,0,0,0,0,0,1
130110,0,0,0,0,0,0,0,0,1
130111,0,0,0,0,0,0,0,0,1
130112,0,0,0,0,0,0,0,0,1
130113,0,0,0,0,0,0,0,0,1
130114,0,0,0,0,0,0,0,0,1
130115,0,0,0,0,0,0,0,0,1
130116,0,0,0,0,0,0,0,0,1
130117,0,0,0,0,0,0,0,0,1
130118,0,0,0,0,0,0,0,0,1
130119,0,0,0,0,0,0,0,0,1
130120,0,0,0,0,0,0,0,0,1
130121,0,0,0,0,0,0,0,0,1
130122,0,0,0,0,0,0,0,0,1
130123,0,0,0,0,0,0,0,0,1
130124,0,0,0,0,0,0,0,0,1
130125,0,0,0,0,0,0,0,0,1
130126,0,0,0,0,0,0,0,0,1
130127,0,0,0,0,0,0,0,0,1
130128,0,0,0,0,0,0,0,0,1
130129,0,0,0,0,0,0,0,0,1
130130,0,0,0,0,0,0,0,0,1
130131,0,0,0,0,0,0,0,0,1
130132,0,0,0,0,0,0,0,0,1
130133,0,0,0,0,0,0,0,0,1
130134,0,0,0,0,0,0,0,0,1
130135,0,0,0,0,0,0,0,0,1
130136,0,0,0,0,0,0,0,0,1
130137,0,0,0,0,0,0,0,0,1
130138,0,0,0,0,0,0,0,0,1
130139,0,0,0,0,0,0,0,0,1
130140,0,0,0,0,0,0,0,0,1
130141,0,0,0,0,0,0,0,0,1
130142,0,0,0,0,0,0,0,0,1
130143,0,0,0,0,0,0,0,0,1
130144,0,0,0,0,0,0,0,0,1
130145,0,0,0,0,0,0,0,0,1
130146,0,0,0,0,0,0,0,0,1
130147,0,0,0,0,0,0,0,0,1
130148,0,0,0,0,0,0,0,0,1
130149,0,0,0,0,0,0,0,0,1
130150,0,0,0,0,0,0,0,0,1
130151,0,0,0,0,0,0,0,0,1
130152,0,0,0,0,0,0,0,0,1
130153,0,0,0,0,0,0,0,0,1
130154,0,0,0,0,0,0,0,0,1
130155,0,0,0,0,0,0,0,0,1
130156,0,0,0,0,0,0,0,0,1
130157,0,0,0,0,0,0,0,0,1
130158,0,0,0,0,0,0,0,0,1
130159,0,0,0,0,0,0,0,0,1
130160,0,0,0,0,0,0,0,0,1
130161,0,0,0,0,0,0,0,0,1
130162,0,0,0,0,0,0,0,0,1
130163,0,0,0,0,0,0,0,0,1
130164,0,0,0,0,0,0,0,0,1
130165,0,0,0,0,0,0,0,0,1
130166,0,0,0,0,0,0,0,0,1
130167,0,0,0,0,0,0,0,0,1
130168,0,0,0,0,0,0,0,0,1
130169,0,0,0,0,0,0,0,0,1
130170,0,0,0,0,0,0,0,0,1
130171,0,0,0,0,0,0,0,0,1
130172,0,0,0,0,0,0,0,0,1
130173,0,0,0,0,0,0,0,0,1
130174,0,0,0,0,0,0,0,0,1
130175,0,0,0,0,0,0,0,0,1
130176,0,0,0,0,0,0,0,0,1
130177,0,0,0,0,0,0,0,0,1
130178,0,0,0,0,0,0,0,0,1
130179,0,0,0,0,0,0,0,0,1
130180,0,0,0,0,0,0,0,0,1
130181,0,0,0,0,0,0,0,0,1
130182,0,0,0,0,0,0,0,0,1
130183,0,0,0,0,0,0,0,0,1
130184,0,0,0,0,0,0,0,0,1
130185,0,0,0,0,0,0,0,0,1
130186,0,0,0,0,0,0,0,0,1
130187,0,0,0,0,0,0,0,0,1
130188,0,0,0,0,0,0,0,0,1
130189,0,0,0,0,0,0,0,0,1
130190,0,0,0,0,0,0,0,0,1
130191,0,0,0,0,0,0,0,0,1
130192,0,0,0,0,0,0,0,0,1
130193,0,0,0,0,0,0,0,0,1
130194,0,0,0,0,0,0,0,0,1
130195,0,0,0,0,0,0,0,0,1
130196,0,0,0,0,0,0,0,0,1
130197,0,0,0,0,0,0,0,0,1
130198,0,0,0,0,0,0,0,0,1
130199,0,0,0,0,0,0,0,0,1
130200,0,0,0,0,0,0,0,0,1
130201,0,0,0,0,0,0,0,0,1
130202,0,0,0,0,0,0,0,0,1
130203,0,0,0,0,0,0,0,0,1
130204,0,0,0,0,0,0,0,0,1
130205,0,0,0,0,0,0,0,0,1
130206,0,0,0,0,0,0,0,0,1
130207,0,0,0,0,0,0,0,0,1
130208,0,0,0,0,0,0,0,0,1
130209,0,0,0,0,0,0,0,0,1
130210,0,0,0,0,0,0,0,0,1
130211,0,0,0,0,0,0,0,0,1
130212,0,0,0,0,0,0,0,0,1
130213,0,0,0,0,0,0,0,0,1
130214,0,0,0,0,0,0,0,0,1
130215,0,0,0,0,0,0,0,0,1
130216,0,0,0,0,0,0,0,0,1
130217,0,0,0,0,0,0,0,0,1
130218,0,0,0,0,0,0,0,0,1
130219,0,0,0,0,0,0,0,0,1
130220,0,0,0,0,0,0,0,0,1
130221,0,0,0,0,0,0,0,0,1
130222,0,0,0,0,0,0,0,0,1
130223,0,0,0,0,0,0,0,0,1
130224,0,0,0,0,0,0,0,0,1
130225,0,0,0,0,0,0,0,0,1
130226,0,0,0,0,0,0,0,0,1
130227,0,0,0,0,0,0,0,0,1
130228,0,0,0,0,0,0,0,0,1
130229,0,0,0,0,0,0,0,0,1
130230,0,0,0,0,0,0,0,0,1
130231,0,0,0,0,0,0,0,0,1
130232,0,0,0,0,0,0,0,0,1
130233,0,0,0,0,0,0,0,0,1
130234,0,0,0,0,0,0,0,0,1
130235,0,0,0,0,0,0,0,0,1
130236,0,0,0,0,0,0,0,0,1
130237,0,0,0,0,0,0,0,0,1
130238,0,0,0,0,0,0,0,0,1
130239,0,0,0,0,0,0,0,0,1
130240,0,0,0,0,0,0,0,0,1
130241,0,0,0,0,0,0,0,0,1
130242,0,0,0,0,0,0,0,0,1
130243,0,0,0,0,0,0,0,0,1
130244,0,0,0,0,0,0,0,0,1
130245,0,0,0,0,0,0,0,0,1
130246,0,0,0,0,0,0,0,0,1
130247,0,0,0,0,0,0,0,0,1
130248,0,0,0,0,0,0,0,0,1
130249,0,0,0,0,0,0,0,0,1
130250,0,0,0,0,0,0,0,0,1
130251,0,0,0,0,0,0,0,0,1
130252,0,0,0,0,0,0,0,0,1
130253,0,0,0,0,0,0,0,0,1
130254,0,0,0,0,0,0,0,0,1
130255,0,0,0,0,0,0,0,0,1
130256,0,0,0,0,0,0,0,0,1
130257,0,0,0,0,0,0,0,0,1
130258,0,0,0,0,0,0,0,0,1
130259,0,0,0,0,0,0,0,0,1
130260,0,0,0,0,0,0,0,0,1
130261,0,0,0,0,0,0,0,0,1
130262,0,0,0,0,0,0,0,0,1
130263,0,0,0,0,0,0,0,0,1
130264,0,0,0,0,0,0,0,0,1
130265,0,0,0,0,0,0,0,0,1
130266,0,0,0,0,0,0,0,0,1
130267,0,0,0,0,0,0,0,0,1
130268,0,0,0,0,0,0,0,0,1
130269,0,0,0,0,0,0,0,0,1
130270,0,0,0,0,0,0,0,0,1
130271,0,0,0,0,0,0,0,0,1
130272,0,0,0,0,0,0,0,0,1
130273,0,0,0,0,0,0,0,0,1
130274,0,0,0,0,0,0,0,0,1
130275,0,0,0,0,0,0,0,0,1
130276,0,0,0,0,0,0,0,0,1
130277,0,0,0,0,0,0,0,0,1
130278,0,0,0,0,0,0,0,0,1
130279,0,0,0,0,0,0,0,0,1
130280,0,0,0,0,0,0,0,0,1
130281,0,0,0,0,0,0,0,0,1
130282,0,0,0,0,0,0,0,0,1
130283,0,0,0,0,0,0,0,0,1
130284,0,0,0,0,0,0,0,0,1
130285,0,0,0,0,0,0,0,0,1
130286,0,0,0,0,0,0,0,0,1
130287,0,0,0,0,0,0,0,0,1
130288,0,0,0,0,0,0,0,0,1
130289,0,0,0,0,0,0,0,0,1
130290,0,0,0,0,0,0,0,0,1
130291,0,0,0,0,0,0,0,0,1
130292,0,0,0,0,0,0,0,0,1
130293,0,0,0,0,0,0,0,0,1
130294,0,0,0,0,0,0,0,0,1
130295,0,0,0,0,0,0,0,0,1
130296,0,0,0,0,0,0,0,0,1
130297,0,0,0,0,0,0,0,0,1
130298,0,0,0,0,0,0,0,0,1
130299,0,0,0,0,0,0,0,0,1
130300,0,0,0,0,0,0,0,0,1
130301,0,0,0,0,0,0,0,0,1
130302,0,0,0,0,0,0,0,0,1
130303,0,0,0,0,0,0,0,0,1
130304,0,0,0,0,0,0,0,0,1
130305,0,0,0,0,0,0,0,0,1
130306,0,0,0,0,0,0,0,0,1
130307,0,0,0,0,0,0,0,0,1
130308,0,0,0,0,0,0,0,0,1
130309,0,0,0,0,0,0,0,0,1
130310,0,0,0,0,0,0,0,0,1
130311,0,0,0,0,0,0,0,0,1
130312,0,0,0,0,0,0,0,0,1
130313,0,0,0,0,0,0,0,0,1
130314,0,0,0,0,0,0,0,0,1
130315,0,0,0,0,0,0,0,0,1
130316,0,0,0,0,0,0,0,0,1
130317,0,0,0,0,0,0,0,0,1
130318,0,0,0,0,0,0,0,0,1
130319,0,0,0,0,0,0,0,0,1
130320,0,0,0,0,0,0,0,0,1
130321,0,0,0,0,0,0,0,0,1
130322,0,0,0,0,0,0,0,0,1
130323,0,0,0,0,0,0,0,0,1
130324,0,0,0,0,0,0,0,0,1
130325,0,0,0,0,0,0,0,0,1
130326,0,0,0,0,0,0,0,0,1
130327,0,0,0,0,0,0,0,0,1
130328,0,0,0,0,0,0,0,0,1
130329,0,0,0,0,0,0,0,0,1
130330,0,0,0,0,0,0,0,0,1
130331,0,0,0,0,0,0,0,0,1
130332,0,0,0,0,0,0,0,0,1
130333,0,0,0,0,0,0,0,0,1
130334,0,0,0,0,0,0,0,0,1
130335,0,0,0,0,0,0,0,0,1
130336,0,0,0,0,0,0,0,0,1
130337,0,0,0,0,0,0,0,0,1
130338,0,0,0,0,0,0,0,0,1
130339,0,0,0,0,0,0,0,0,1
130340,0,0,0,0,0,0,0,0,1
130341,0,0,0,0,0,0,0,0,1
130342,0,0,0,0,0,0,0,0,1
130343,0,0,0,0,0,0,0,0,1
130344,0,0,0,0,0,0,0,0,1
130345,0,0,0,0,0,0,0,0,1
130346,0,0,0,0,0,0,0,0,1
130347,0,0,0,0,0,0,0,0,1
130348,0,0,0,0,0,0,0,0,1
130349,0,0,0,0,0,0,0,0,1
130350,0,0,0,0,0,0,0,0,1
130351,0,0,0,0,0,0,0,0,1
130352,0,0,0,0,0,0,0,0,1
130353,0,0,0,0,0,0,0,0,1
130354,0,0,0,0,0,0,0,0,1
130355,0,0,0,0,0,0,0,0,1
130356,0,0,0,0,0,0,0,0,1
130357,0,0,0,0,0,0,0,0,1
130358,0,0,0,0,0,0,0,0,1
130359,0,0,0,0,0,0,0,0,1
130360,0,0,0,0,0,0,0,0,1
130361,0,0,0,0,0,0,0,0,1
130362,0,0,0,0,0,0,0,0,1
130363,0,0,0,0,0,0,0,0,1
130364,0,0,0,0,0,0,0,0,1
130365,0,0,0,0,0,0,0,0,1
130366,0,0,0,0,0,0,0,0,1
130367,0,0,0,0,0,0,0,0,1
130368,0,0,0,0,0,0,0,0,1
130369,0,0,0,0,0,0,0,0,1
130370,0,0,0,0,0,0,0,0,1
130371,0,0,0,0,0,0,0,0,1
130372,0,0,0,0,0,0,0,0,1
130373,0,0,0,0,0,0,0,0,1
130374,0,0,0,0,0,0,0,0,1
130375,0,0,0,0,0,0,0,0,1
130376,0,0,0,0,0,0,0,0,1
130377,0,0,0,0,0,0,0,0,1
130378,0,0,0,0,0,0,0,0,1
130379,0,0,0,0,0,0,0,0,1
130380,0,0,0,0,0,0,0,0,1
130381,0,0,0,0,0,0,0,0,1
130382,0,0,0,0,0,0,0,0,1
130383,0,0,0,0,0,0,0,0,1
130384,0,0,0,0,0,0,0,0,1
130385,0,0,0,0,0,0,0,0,1
130386,0,0,0,0,0,0,0,0,1
130387,0,0,0,0,0,0,0,0,1
130388,0,0,0,0,0,0,0,0,1
130389,0,0,0,0,0,0,0,0,1
130390,0,0,0,0,0,0,0,0,1
130391,0,0,0,0,0,0,0,0,1
130392,0,0,0,0,0,0,0,0,1
130393,0,0,0,0,0,0,0,0,1
130394,0,0,0,0,0,0,0,0,1
130395,0,0,0,0,0,0,0,0,1
130396,0,0,0,0,0,0,0,0,1
130397,0,0,0,0,0,0,0,0,1
130398,0,0,0,0,0,0,0,0,1
130399,0,0,0,0,0,0,0,0,1
130400,0,0,0,0,0,0,0,0,1
130401,0,0,0,0,0,0,0,0,1
130402,0,0,0,0,0,0,0,0,1
130403,0,0,0,0,0,0,0,0,1
130404,0,0,0,0,0,0,0,0,1
130405,0,0,0,0,0,0,0,0,1
130406,0,0,0,0,0,0,0,0,1
130407,0,0,0,0,0,0,0,0,1
130408,0,0,0,0,0,0,0,0,1
130409,0,0,0,0,0,0,0,0,1
130410,0,0,0,0,0,0,0,0,1
130411,0,0,0,0,0,0,0,0,1
130412,0,0,0,0,0,0,0,0,1
130413,0,0,0,0,0,0,0,0,1
130414,0,0,0,0,0,0,0,0,1
130415,0,0,0,0,0,0,0,0,1
130416,0,0,0,0,0,0,0,0,1
130417,0,0,0,0,0,0,0,0,1
130418,0,0,0,0,0,0,0,0,1
130419,0,0,0,0,0,0,0,0,1
130420,0,0,0,0,0,0,0,0,1
130421,0,0,0,0,0,0,0,0,1
130422,0,0,0,0,0,0,0,0,1
130423,0,0,0,0,0,0,0,0,1
130424,0,0,0,0,0,0,0,0,1
130425,0,0,0,0,0,0,0,0,1
130426,0,0,0,0,0,0,0,0,1
130427,0,0,0,0,0,0,0,0,1
130428,0,0,0,0,0,0,0,0,1
130429,0,0,0,0,0,0,0,0,1
130430,0,0,0,0,0,0,0,0,1
130431,0,0,0,0,0,0,0,0,1
130432,0,0,0,0,0,0,0,0,1
130433,0,0,0,0,0,0,0,0,1
130434,0,0,0,0,0,0,0,0,1
130435,0,0,0,0,0,0,0,0,1
130436,0,0,0,0,0,0,0,0,1
130437,0,0,0,0,0,0,0,0,1
130438,0,0,0,0,0,0,0,0,1
130439,0,0,0,0,0,0,0,0,1
130440,0,0,0,0,0,0,0,0,1
130441,0,0,0,0,0,0,0,0,1
130442,0,0,0,0,0,0,0,0,1
130443,0,0,0,0,0,0,0,0,1
130444,0,0,0,0,0,0,0,0,1
130445,0,0,0,0,0,0,0,0,1
130446,0,0,0,0,0,0,0,0,1
130447,0,0,0,0,0,0,0,0,1
130448,0,0,0,0,0,0,0,0,1
130449,0,0,0,0,0,0,0,0,1
130450,0,0,0,0,0,0,0,0,1
130451,0,0,0,0,0,0,0,0,1
130452,0,0,0,0,0,0,0,0,1
130453,0,0,0,0,0,0,0,0,1
130454,0,0,0,0,0,0,0,0,1
130455,0,0,0,0,0,0,0,0,1
130456,0,0,0,0,0,0,0,0,1
130457,0,0,0,0,0,0,0,0,1
130458,0,0,0,0,0,0,0,0,1
130459,0,0,0,0,0,0,0,0,1
130460,0,0,0,0,0,0,0,0,1
130461,0,0,0,0,0,0,0,0,1
130462,0,0,0,0,0,0,0,0,1
130463,0,0,0,0,0,0,0,0,1
130464,0,0,0,0,0,0,0,0,1
130465,0,0,0,0,0,0,0,0,1
130466,0,0,0,0,0,0,0,0,1
130467,0,0,0,0,0,0,0,0,1
130468,0,0,0,0,0,0,0,0,1
130469,0,0,0,0,0,0,0,0,1
130470,0,0,0,0,0,0,0,0,1
130471,0,0,0,0,0,0,0,0,1
130472,0,0,0,0,0,0,0,0,1
130473,0,0,0,0,0,0,0,0,1
130474,0,0,0,0,0,0,0,0,1
130475,0,0,0,0,0,0,0,0,1
130476,0,0,0,0,0,0,0,0,1
130477,0,0,0,0,0,0,0,0,1
130478,0,0,0,0,0,0,0,0,1
130479,0,0,0,0,0,0,0,0,1
130480,0,0,0,0,0,0,0,0,1
130481,0,0,0,0,0,0,0,0,1
130482,0,0,0,0,0,0,0,0,1
130483,0,0,0,0,0,0,0,0,1
130484,0,0,0,0,0,0,0,0,1
130485,0,0,0,0,0,0,0,0,1
130486,0,0,0,0,0,0,0,0,1
130487,0,0,0,0,0,0,0,0,1
130488,0,0,0,0,0,0,0,0,1
130489,0,0,0,0,0,0,0,0,1
130490,0,0,0,0,0,0,0,0,1
130491,0,0,0,0,0,0,0,0,1
130492,0,0,0,0,0,0,0,0,1
130493,0,0,0,0,0,0,0,0,1
130494,0,0,0,0,0,0,0,0,1
130495,0,0,0,0,0,0,0,0,1
130496,0,0,0,0,0,0,0,0,1
130497,0,0,0,0,0,0,0,0,1
130498,0,0,0,0,0,0,0,0,1
130499,0,0,0,0,0,0,0,0,1
130500,0,0,0,0,0,0,0,0,1
130501,0,0,0,0,0,0,0,0,1
130502,0,0,0,0,0,0,0,0,1
130503,0,0,0,0,0,0,0,0,1
130504,0,0,0,0,0,0,0,0,1
130505,0,0,0,0,0,0,0,0,1
130506,0,0,0,0,0,0,0,0,1
130507,0,0,0,0,0,0,0,0,1
130508,0,0,0,0,0,0,0,0,1
130509,0,0,0,0,0,0,0,0,1
130510,0,0,0,0,0,0,0,0,1
130511,0,0,0,0,0,0,0,0,1
130512,0,0,0,0,0,0,0,0,1
130513,0,0,0,0,0,0,0,0,1
130514,0,0,0,0,0,0,0,0,1
130515,0,0,0,0,0,0,0,0,1
130516,0,0,0,0,0,0,0,0,1
130517,0,0,0,0,0,0,0,0,1
130518,0,0,0,0,0,0,0,0,1
130519,0,0,0,0,0,0,0,0,1
130520,0,0,0,0,0,0,0,0,1
130521,0,0,0,0,0,0,0,0,1
130522,0,0,0,0,0,0,0,0,1
130523,0,0,0,0,0,0,0,0,1
130524,0,0,0,0,0,0,0,0,1
130525,0,0,0,0,0,0,0,0,1
130526,0,0,0,0,0,0,0,0,1
130527,0,0,0,0,0,0,0,0,1
130528,0,0,0,0,0,0,0,0,1
130529,0,0,0,0,0,0,0,0,1
130530,0,0,0,0,0,0,0,0,1
130531,0,0,0,0,0,0,0,0,1
130532,0,0,0,0,0,0,0,0,1
130533,0,0,0,0,0,0,0,0,1
130534,0,0,0,0,0,0,0,0,1
130535,0,0,0,0,0,0,0,0,1
130536,0,0,0,0,0,0,0,0,1
130537,0,0,0,0,0,0,0,0,1
130538,0,0,0,0,0,0,0,0,1
130539,0,0,0,0,0,0,0,0,1
130540,0,0,0,0,0,0,0,0,1
130541,0,0,0,0,0,0,0,0,1
130542,0,0,0,0,0,0,0,0,1
130543,0,0,0,0,0,0,0,0,1
130544,0,0,0,0,0,0,0,0,1
130545,0,0,0,0,0,0,0,0,1
130546,0,0,0,0,0,0,0,0,1
130547,0,0,0,0,0,0,0,0,1
130548,0,0,0,0,0,0,0,0,1
130549,0,0,0,0,0,0,0,0,1
130550,0,0,0,0,0,0,0,0,1
130551,0,0,0,0,0,0,0,0,1
130552,0,0,0,0,0,0,0,0,1
130553,0,0,0,0,0,0,0,0,1
130554,0,0,0,0,0,0,0,0,1
130555,0,0,0,0,0,0,0,0,1
130556,0,0,0,0,0,0,0,0,1
130557,0,0,0,0,0,0,0,0,1
130558,0,0,0,0,0,0,0,0,1
130559,0,0,0,0,0,0,0,0,1
130560,0,0,0,0,0,0,0,0,1
130561,0,0,0,0,0,0,0,0,1
130562,0,0,0,0,0,0,0,0,1
130563,0,0,0,0,0,0,0,0,1
130564,0,0,0,0,0,0,0,0,1
130565,0,0,0,0,0,0,0,0,1
130566,0,0,0,0,0,0,0,0,1
130567,0,0,0,0,0,0,0,0,1
130568,0,0,0,0,0,0,0,0,1
130569,0,0,0,0,0,0,0,0,1
130570,0,0,0,0,0,0,0,0,1
130571,0,0,0,0,0,0,0,0,1
130572,0,0,0,0,0,0,0,0,1
130573,0,0,0,0,0,0,0,0,1
130574,0,0,0,0,0,0,0,0,1
130575,0,0,0,0,0,0,0,0,1
130576,0,0,0,0,0,0,0,0,1
130577,0,0,0,0,0,0,0,0,1
130578,0,0,0,0,0,0,0,0,1
130579,0,0,0,0,0,0,0,0,1
130580,0,0,0,0,0,0,0,0,1
130581,0,0,0,0,0,0,0,0,1
130582,0,0,0,0,0,0,0,0,1
130583,0,0,0,0,0,0,0,0,1
130584,0,0,0,0,0,0,0,0,1
130585,0,0,0,0,0,0,0,0,1
130586,0,0,0,0,0,0,0,0,1
130587,0,0,0,0,0,0,0,0,1
130588,0,0,0,0,0,0,0,0,1
130589,0,0,0,0,0,0,0,0,1
130590,0,0,0,0,0,0,0,0,1
130591,0,0,0,0,0,0,0,0,1
130592,0,0,0,0,0,0,0,0,1
130593,0,0,0,0,0,0,0,0,1
130594,0,0,0,0,0,0,0,0,1
130595,0,0,0,0,0,0,0,0,1
130596,0,0,0,0,0,0,0,0,1
130597,0,0,0,0,0,0,0,0,1
130598,0,0,0,0,0,0,0,0,1
130599,0,0,0,0,0,0,0,0,1
130600,0,0,0,0,0,0,0,0,1
130601,0,0,0,0,0,0,0,0,1
130602,0,0,0,0,0,0,0,0,1
130603,0,0,0,0,0,0,0,0,1
130604,0,0,0,0,0,0,0,0,1
130605,0,0,0,0,0,0,0,0,1
130606,0,0,0,0,0,0,0,0,1
130607,0,0,0,0,0,0,0,0,1
130608,0,0,0,0,0,0,0,0,1
130609,0,0,0,0,0,0,0,0,1
130610,0,0,0,0,0,0,0,0,1
130611,0,0,0,0,0,0,0,0,1
130612,0,0,0,0,0,0,0,0,1
130613,0,0,0,0,0,0,0,0,1
130614,0,0,0,0,0,0,0,0,1
130615,0,0,0,0,0,0,0,0,1
130616,0,0,0,0,0,0,0,0,1
130617,0,0,0,0,0,0,0,0,1
130618,0,0,0,0,0,0,0,0,1
130619,0,0,0,0,0,0,0,0,1
130620,0,0,0,0,0,0,0,0,1
130621,0,0,0,0,0,0,0,0,1
130622,0,0,0,0,0,0,0,0,1
130623,0,0,0,0,0,0,0,0,1
130624,0,0,0,0,0,0,0,0,1
130625,0,0,0,0,0,0,0,0,1
130626,0,0,0,0,0,0,0,0,1
130627,0,0,0,0,0,0,0,0,1
130628,0,0,0,0,0,0,0,0,1
130629,0,0,0,0,0,0,0,0,1
130630,0,0,0,0,0,0,0,0,1
130631,0,0,0,0,0,0,0,0,1
130632,0,0,0,0,0,0,0,0,1
130633,0,0,0,0,0,0,0,0,1
130634,0,0,0,0,0,0,0,0,1
130635,0,0,0,0,0,0,0,0,1
130636,0,0,0,0,0,0,0,0,1
130637,0,0,0,0,0,0,0,0,1
130638,0,0,0,0,0,0,0,0,1
130639,0,0,0,0,0,0,0,0,1
130640,0,0,0,0,0,0,0,0,1
130641,0,0,0,0,0,0,0,0,1
130642,0,0,0,0,0,0,0,0,1
130643,0,0,0,0,0,0,0,0,1
130644,0,0,0,0,0,0,0,0,1
130645,0,0,0,0,0,0,0,0,1
130646,0,0,0,0,0,0,0,0,1
130647,0,0,0,0,0,0,0,0,1
130648,0,0,0,0,0,0,0,0,1
130649,0,0,0,0,0,0,0,0,1
130650,0,0,0,0,0,0,0,0,1
130651,0,0,0,0,0,0,0,0,1
130652,0,0,0,0,0,0,0,0,1
130653,0,0,0,0,0,0,0,0,1
130654,0,0,0,0,0,0,0,0,1
130655,0,0,0,0,0,0,0,0,1
130656,0,0,0,0,0,0,0,0,1
130657,0,0,0,0,0,0,0,0,1
130658,0,0,0,0,0,0,0,0,1
130659,0,0,0,0,0,0,0,0,1
130660,0,0,0,0,0,0,0,0,1
130661,0,0,0,0,0,0,0,0,1
130662,0,0,0,0,0,0,0,0,1
130663,0,0,0,0,0,0,0,0,1
130664,0,0,0,0,0,0,0,0,1
130665,0,0,0,0,0,0,0,0,1
130666,0,0,0,0,0,0,0,0,1
130667,0,0,0,0,0,0,0,0,1
130668,0,0,0,0,0,0,0,0,1
130669,0,0,0,0,0,0,0,0,1
130670,0,0,0,0,0,0,0,0,1
130671,0,0,0,0,0,0,0,0,1
130672,0,0,0,0,0,0,0,0,1
130673,0,0,0,0,0,0,0,0,1
130674,0,0,0,0,0,0,0,0,1
130675,0,0,0,0,0,0,0,0,1
130676,0,0,0,0,0,0,0,0,1
130677,0,0,0,0,0,0,0,0,1
130678,0,0,0,0,0,0,0,0,1
130679,0,0,0,0,0,0,0,0,1
130680,0,0,0,0,0,0,0,0,1
130681,0,0,0,0,0,0,0,0,1
130682,0,0,0,0,0,0,0,0,1
130683,0,0,0,0,0,0,0,0,1
130684,0,0,0,0,0,0,0,0,1
130685,0,0,0,0,0,0,0,0,1
130686,0,0,0,0,0,0,0,0,1
130687,0,0,0,0,0,0,0,0,1
130688,0,0,0,0,0,0,0,0,1
130689,0,0,0,0,0,0,0,0,1
130690,0,0,0,0,0,0,0,0,1
130691,0,0,0,0,0,0,0,0,1
130692,0,0,0,0,0,0,0,0,1
130693,0,0,0,0,0,0,0,0,1
130694,0,0,0,0,0,0,0,0,1
130695,0,0,0,0,0,0,0,0,1
130696,0,0,0,0,0,0,0,0,1
130697,0,0,0,0,0,0,0,0,1
130698,0,0,0,0,0,0,0,0,1
130699,0,0,0,0,0,0,0,0,1
130700,0,0,0,0,0,0,0,0,1
130701,0,0,0,0,0,0,0,0,1
130702,0,0,0,0,0,0,0,0,1
130703,0,0,0,0,0,0,0,0,1
130704,0,0,0,0,0,0,0,0,1
130705,0,0,0,0,0,0,0,0,1
130706,0,0,0,0,0,0,0,0,1
130707,0,0,0,0,0,0,0,0,1
130708,0,0,0,0,0,0,0,0,1
130709,0,0,0,0,0,0,0,0,1
130710,0,0,0,0,0,0,0,0,1
130711,0,0,0,0,0,0,0,0,1
130712,0,0,0,0,0,0,0,0,1
130713,0,0,0,0,0,0,0,0,1
130714,0,0,0,0,0,0,0,0,1
130715,0,0,0,0,0,0,0,0,1
130716,0,0,0,0,0,0,0,0,1
130717,0,0,0,0,0,0,0,0,1
130718,0,0,0,0,0,0,0,0,1
130719,0,0,0,0,0,0,0,0,1
130720,0,0,0,0,0,0,0,0,1
130721,0,0,0,0,0,0,0,0,1
130722,0,0,0,0,0,0,0,0,1
130723,0,0,0,0,0,0,0,0,1
130724,0,0,0,0,0,0,0,0,1
130725,0,0,0,0,0,0,0,0,1
130726,0,0,0,0,0,0,0,0,1
130727,0,0,0,0,0,0,0,0,1
130728,0,0,0,0,0,0,0,0,1
130729,0,0,0,0,0,0,0,0,1
130730,0,0,0,0,0,0,0,0,1
130731,0,0,0,0,0,0,0,0,1
130732,0,0,0,0,0,0,0,0,1
130733,0,0,0,0,0,0,0,0,1
130734,0,0,0,0,0,0,0,0,1
130735,0,0,0,0,0,0,0,0,1
130736,0,0,0,0,0,0,0,0,1
130737,0,0,0,0,0,0,0,0,1
130738,0,0,0,0,0,0,0,0,1
130739,0,0,0,0,0,0,0,0,1
130740,0,0,0,0,0,0,0,0,1
130741,0,0,0,0,0,0,0,0,1
130742,0,0,0,0,0,0,0,0,1
130743,0,0,0,0,0,0,0,0,1
130744,0,0,0,0,0,0,0,0,1
130745,0,0,0,0,0,0,0,0,1
130746,0,0,0,0,0,0,0,0,1
130747,0,0,0,0,0,0,0,0,1
130748,0,0,0,0,0,0,0,0,1
130749,0,0,0,0,0,0,0,0,1
130750,0,0,0,0,0,0,0,0,1
130751,0,0,0,0,0,0,0,0,1
130752,0,0,0,0,0,0,0,0,1
130753,0,0,0,0,0,0,0,0,1
130754,0,0,0,0,0,0,0,0,1
130755,0,0,0,0,0,0,0,0,1
130756,0,0,0,0,0,0,0,0,1
130757,0,0,0,0,0,0,0,0,1
130758,0,0,0,0,0,0,0,0,1
130759,0,0,0,0,0,0,0,0,1
130760,0,0,0,0,0,0,0,0,1
130761,0,0,0,0,0,0,0,0,1
130762,0,0,0,0,0,0,0,0,1
130763,0,0,0,0,0,0,0,0,1
130764,0,0,0,0,0,0,0,0,1
130765,0,0,0,0,0,0,0,0,1
130766,0,0,0,0,0,0,0,0,1
130767,0,0,0,0,0,0,0,0,1
130768,0,0,0,0,0,0,0,0,1
130769,0,0,0,0,0,0,0,0,1
130770,0,0,0,0,0,0,0,0,1
130771,0,0,0,0,0,0,0,0,1
130772,0,0,0,0,0,0,0,0,1
130773,0,0,0,0,0,0,0,0,1
130774,0,0,0,0,0,0,0,0,1
130775,0,0,0,0,0,0,0,0,1
130776,0,0,0,0,0,0,0,0,1
130777,0,0,0,0,0,0,0,0,1
130778,0,0,0,0,0,0,0,0,1
130779,0,0,0,0,0,0,0,0,1
130780,0,0,0,0,0,0,0,0,1
130781,0,0,0,0,0,0,0,0,1
130782,0,0,0,0,0,0,0,0,1
130783,0,0,0,0,0,0,0,0,1
130784,0,0,0,0,0,0,0,0,1
130785,0,0,0,0,0,0,0,0,1
130786,0,0,0,0,0,0,0,0,1
130787,0,0,0,0,0,0,0,0,1
130788,0,0,0,0,0,0,0,0,1
130789,0,0,0,0,0,0,0,0,1
130790,0,0,0,0,0,0,0,0,1
130791,0,0,0,0,0,0,0,0,1
130792,0,0,0,0,0,0,0,0,1
130793,0,0,0,0,0,0,0,0,1
130794,0,0,0,0,0,0,0,0,1
130795,0,0,0,0,0,0,0,0,1
130796,0,0,0,0,0,0,0,0,1
130797,0,0,0,0,0,0,0,0,1
130798,0,0,0,0,0,0,0,0,1
130799,0,0,0,0,0,0,0,0,1
130800,0,0,0,0,0,0,0,0,1
130801,0,0,0,0,0,0,0,0,1
130802,0,0,0,0,0,0,0,0,1
130803,0,0,0,0,0,0,0,0,1
130804,0,0,0,0,0,0,0,0,1
130805,0,0,0,0,0,0,0,0,1
130806,0,0,0,0,0,0,0,0,1
130807,0,0,0,0,0,0,0,0,1
130808,0,0,0,0,0,0,0,0,1
130809,0,0,0,0,0,0,0,0,1
130810,0,0,0,0,0,0,0,0,1
130811,0,0,0,0,0,0,0,0,1
130812,0,0,0,0,0,0,0,0,1
130813,0,0,0,0,0,0,0,0,1
130814,0,0,0,0,0,0,0,0,1
130815,0,0,0,0,0,0,0,0,1
130816,0,0,0,0,0,0,0,0,1
130817,0,0,0,0,0,0,0,0,1
130818,0,0,0,0,0,0,0,0,1
130819,0,0,0,0,0,0,0,0,1
130820,0,0,0,0,0,0,0,0,1
130821,0,0,0,0,0,0,0,0,1
130822,0,0,0,0,0,0,0,0,1
130823,0,0,0,0,0,0,0,0,1
130824,0,0,0,0,0,0,0,0,1
130825,0,0,0,0,0,0,0,0,1
130826,0,0,0,0,0,0,0,0,1
130827,0,0,0,0,0,0,0,0,1
130828,0,0,0,0,0,0,0,0,1
130829,0,0,0,0,0,0,0,0,1
130830,0,0,0,0,0,0,0,0,1
130831,0,0,0,0,0,0,0,0,1
130832,0,0,0,0,0,0,0,0,1
130833,0,0,0,0,0,0,0,0,1
130834,0,0,0,0,0,0,0,0,1
130835,0,0,0,0,0,0,0,0,1
130836,0,0,0,0,0,0,0,0,1
130837,0,0,0,0,0,0,0,0,1
130838,0,0,0,0,0,0,0,0,1
130839,0,0,0,0,0,0,0,0,1
130840,0,0,0,0,0,0,0,0,1
130841,0,0,0,0,0,0,0,0,1
130842,0,0,0,0,0,0,0,0,1
130843,0,0,0,0,0,0,0,0,1
130844,0,0,0,0,0,0,0,0,1
130845,0,0,0,0,0,0,0,0,1
130846,0,0,0,0,0,0,0,0,1
130847,0,0,0,0,0,0,0,0,1
130848,0,0,0,0,0,0,0,0,1
130849,0,0,0,0,0,0,0,0,1
130850,0,0,0,0,0,0,0,0,1
130851,0,0,0,0,0,0,0,0,1
130852,0,0,0,0,0,0,0,0,1
130853,0,0,0,0,0,0,0,0,1
130854,0,0,0,0,0,0,0,0,1
130855,0,0,0,0,0,0,0,0,1
130856,0,0,0,0,0,0,0,0,1
130857,0,0,0,0,0,0,0,0,1
130858,0,0,0,0,0,0,0,0,1
130859,0,0,0,0,0,0,0,0,1
130860,0,0,0,0,0,0,0,0,1
130861,0,0,0,0,0,0,0,0,1
130862,0,0,0,0,0,0,0,0,1
130863,0,0,0,0,0,0,0,0,1
130864,0,0,0,0,0,0,0,0,1
130865,0,0,0,0,0,0,0,0,1
130866,0,0,0,0,0,0,0,0,1
130867,0,0,0,0,0,0,0,0,1
130868,0,0,0,0,0,0,0,0,1
130869,0,0,0,0,0,0,0,0,1
130870,0,0,0,0,0,0,0,0,1
130871,0,0,0,0,0,0,0,0,1
130872,0,0,0,0,0,0,0,0,1
130873,0,0,0,0,0,0,0,0,1
130874,0,0,0,0,0,0,0,0,1
130875,0,0,0,0,0,0,0,0,1
130876,0,0,0,0,0,0,0,0,1
130877,0,0,0,0,0,0,0,0,1
130878,0,0,0,0,0,0,0,0,1
130879,0,0,0,0,0,0,0,0,1
130880,0,0,0,0,0,0,0,0,1
130881,0,0,0,0,0,0,0,0,1
130882,0,0,0,0,0,0,0,0,1
130883,0,0,0,0,0,0,0,0,1
130884,0,0,0,0,0,0,0,0,1
130885,0,0,0,0,0,0,0,0,1
130886,0,0,0,0,0,0,0,0,1
130887,0,0,0,0,0,0,0,0,1
130888,0,0,0,0,0,0,0,0,1
130889,0,0,0,0,0,0,0,0,1
130890,0,0,0,0,0,0,0,0,1
130891,0,0,0,0,0,0,0,0,1
130892,0,0,0,0,0,0,0,0,1
130893,0,0,0,0,0,0,0,0,1
130894,0,0,0,0,0,0,0,0,1
130895,0,0,0,0,0,0,0,0,1
130896,0,0,0,0,0,0,0,0,1
130897,0,0,0,0,0,0,0,0,1
130898,0,0,0,0,0,0,0,0,1
130899,0,0,0,0,0,0,0,0,1
130900,0,0,0,0,0,0,0,0,1
130901,0,0,0,0,0,0,0,0,1
130902,0,0,0,0,0,0,0,0,1
130903,0,0,0,0,0,0,0,0,1
130904,0,0,0,0,0,0,0,0,1
130905,0,0,0,0,0,0,0,0,1
130906,0,0,0,0,0,0,0,0,1
130907,0,0,0,0,0,0,0,0,1
130908,0,0,0,0,0,0,0,0,1
130909,0,0,0,0,0,0,0,0,1
130910,0,0,0,0,0,0,0,0,1
130911,0,0,0,0,0,0,0,0,1
130912,0,0,0,0,0,0,0,0,1
130913,0,0,0,0,0,0,0,0,1
130914,0,0,0,0,0,0,0,0,1
130915,0,0,0,0,0,0,0,0,1
130916,0,0,0,0,0,0,0,0,1
130917,0,0,0,0,0,0,0,0,1
130918,0,0,0,0,0,0,0,0,1
130919,0,0,0,0,0,0,0,0,1
130920,0,0,0,0,0,0,0,0,1
130921,0,0,0,0,0,0,0,0,1
130922,0,0,0,0,0,0,0,0,1
130923,0,0,0,0,0,0,0,0,1
130924,0,0,0,0,0,0,0,0,1
130925,0,0,0,0,0,0,0,0,1
130926,0,0,0,0,0,0,0,0,1
130927,0,0,0,0,0,0,0,0,1
130928,0,0,0,0,0,0,0,0,1
130929,0,0,0,0,0,0,0,0,1
130930,0,0,0,0,0,0,0,0,1
130931,0,0,0,0,0,0,0,0,1
130932,0,0,0,0,0,0,0,0,1
130933,0,0,0,0,0,0,0,0,1
130934,0,0,0,0,0,0,0,0,1
130935,0,0,0,0,0,0,0,0,1
130936,0,0,0,0,0,0,0,0,1
130937,0,0,0,0,0,0,0,0,1
130938,0,0,0,0,0,0,0,0,1
130939,0,0,0,0,0,0,0,0,1
130940,0,0,0,0,0,0,0,0,1
130941,0,0,0,0,0,0,0,0,1
130942,0,0,0,0,0,0,0,0,1
130943,0,0,0,0,0,0,0,0,1
130944,0,0,0,0,0,0,0,0,1
130945,0,0,0,0,0,0,0,0,1
130946,0,0,0,0,0,0,0,0,1
130947,0,0,0,0,0,0,0,0,1
130948,0,0,0,0,0,0,0,0,1
130949,0,0,0,0,0,0,0,0,1
130950,0,0,0,0,0,0,0,0,1
130951,0,0,0,0,0,0,0,0,1
130952,0,0,0,0,0,0,0,0,1
130953,0,0,0,0,0,0,0,0,1
130954,0,0,0,0,0,0,0,0,1
130955,0,0,0,0,0,0,0,0,1
130956,0,0,0,0,0,0,0,0,1
130957,0,0,0,0,0,0,0,0,1
130958,0,0,0,0,0,0,0,0,1
130959,0,0,0,0,0,0,0,0,1
130960,0,0,0,0,0,0,0,0,1
130961,0,0,0,0,0,0,0,0,1
130962,0,0,0,0,0,0,0,0,1
130963,0,0,0,0,0,0,0,0,1
130964,0,0,0,0,0,0,0,0,1
130965,0,0,0,0,0,0,0,0,1
130966,0,0,0,0,0,0,0,0,1
130967,0,0,0,0,0,0,0,0,1
130968,0,0,0,0,0,0,0,0,1
130969,0,0,0,0,0,0,0,0,1
130970,0,0,0,0,0,0,0,0,1
130971,0,0,0,0,0,0,0,0,1
130972,0,0,0,0,0,0,0,0,1
130973,0,0,0,0,0,0,0,0,1
130974,0,0,0,0,0,0,0,0,1
130975,0,0,0,0,0,0,0,0,1
130976,0,0,0,0,0,0,0,0,1
130977,0,0,0,0,0,0,0,0,1
130978,0,0,0,0,0,0,0,0,1
130979,0,0,0,0,0,0,0,0,1
130980,0,0,0,0,0,0,0,0,1
130981,0,0,0,0,0,0,0,0,1
130982,0,0,0,0,0,0,0,0,1
130983,0,0,0,0,0,0,0,0,1
130984,0,0,0,0,0,0,0,0,1
130985,0,0,0,0,0,0,0,0,1
130986,0,0,0,0,0,0,0,0,1
130987,0,0,0,0,0,0,0,0,1
130988,0,0,0,0,0,0,0,0,1
130989,0,0,0,0,0,0,0,0,1
130990,0,0,0,0,0,0,0,0,1
130991,0,0,0,0,0,0,0,0,1
130992,0,0,0,0,0,0,0,0,1
130993,0,0,0,0,0,0,0,0,1
130994,0,0,0,0,0,0,0,0,1
130995,0,0,0,0,0,0,0,0,1
130996,0,0,0,0,0,0,0,0,1
130997,0,0,0,0,0,0,0,0,1
130998,0,0,0,0,0,0,0,0,1
130999,0,0,0,0,0,0,0,0,1
131000,0,0,0,0,0,0,0,0,1
131001,0,0,0,0,0,0,0,0,1
131002,0,0,0,0,0,0,0,0,1
131003,0,0,0,0,0,0,0,0,1
131004,0,0,0,0,0,0,0,0,1
131005,0,0,0,0,0,0,0,0,1
131006,0,0,0,0,0,0,0,0,1
131007,0,0,0,0,0,0,0,0,1
131008,0,0,0,0,0,0,0,0,1
131009,0,0,0,0,0,0,0,0,1
131010,0,0,0,0,0,0,0,0,1
131011,0,0,0,0,0,0,0,0,1
131012,0,0,0,0,0,0,0,0,1
131013,0,0,0,0,0,0,0,0,1
131014,0,0,0,0,0,0,0,0,1
131015,0,0,0,0,0,0,0,0,1
131016,0,0,0,0,0,0,0,0,1
131017,0,0,0,0,0,0,0,0,1
131018,0,0,0,0,0,0,0,0,1
131019,0,0,0,0,0,0,0,0,1
131020,0,0,0,0,0,0,0,0,1
131021,0,0,0,0,0,0,0,0,1
131022,0,0,0,0,0,0,0,0,1
131023,0,0,0,0,0,0,0,0,1
131024,0,0,0,0,0,0,0,0,1
131025,0,0,0,0,0,0,0,0,1
131026,0,0,0,0,0,0,0,0,1
131027,0,0,0,0,0,0,0,0,1
131028,0,0,0,0,0,0,0,0,1
131029,0,0,0,0,0,0,0,0,1
131030,0,0,0,0,0,0,0,0,1
131031,0,0,0,0,0,0,0,0,1
131032,0,0,0,0,0,0,0,0,1
131033,0,0,0,0,0,0,0,0,1
131034,0,0,0,0,0,0,0,0,1
131035,0,0,0,0,0,0,0,0,1
131036,0,0,0,0,0,0,0,0,1
131037,0,0,0,0,0,0,0,0,1
131038,0,0,0,0,0,0,0,0,1
131039,0,0,0,0,0,0,0,0,1
131040,0,0,0,0,0,0,0,0,1
131041,0,0,0,0,0,0,0,0,1
131042,0,0,0,0,0,0,0,0,1
131043,0,0,0,0,0,0,0,0,1
131044,0,0,0,0,0,0,0,0,1
131045,0,0,0,0,0,0,0,0,1
131046,0,0,0,0,0,0,0,0,1
131047,0,0,0,0,0,0,0,0,1
131048,0,0,0,0,0,0,0,0,1
131049,0,0,0,0,0,0,0,0,1
131050,0,0,0,0,0,0,0,0,1
131051,0,0,0,0,0,0,0,0,1
131052,0,0,0,0,0,0,0,0,1
131053,0,0,0,0,0,0,0,0,1
131054,0,0,0,0,0,0,0,0,1
131055,0,0,0,0,0,0,0,0,1
131056,0,0,0,0,0,0,0,0,1
131057,0,0,0,0,0,0,0,0,1
131058,0,0,0,0,0,0,0,0,1
131059,0,0,0,0,0,0,0,0,1
131060,0,0,0,0,0,0,0,0,1
131061,0,0,0,0,0,0,0,0,1
131062,0,0,0,0,0,0,0,0,1
131063,0,0,0,0,0,0,0,0,1
131064,0,0,0,0,0,0,0,0,1
131065,0,0,0,0,0,0,0,0,1
131066,0,0,0,0,0,0,0,0,1
131067,0,0,0,0,0,0,0,0,1
131068,0,0,0,0,0,0,0,0,1
131069,0,0,0,0,0,0,0,0,1
131070,0,0,0,0,0,0,0,0,1
131071,0,0,0,0,0,0,0,0,1
131072,0,0,0,0,0,0,0,0,1
131073,0,0,0,0,0,0,0,0,1
131074,0,0,0,0,0,0,0,0,1
131075,0,0,0,0,0,0,0,0,1
131076,0,0,0,0,0,0,0,0,1
131077,0,0,0,0,0,0,0,0,1
131078,0,0,0,0,0,0,0,0,1
131079,0,0,0,0,0,0,0,0,1
131080,0,0,0,0,0,0,0,0,1
131081,0,0,0,0,0,0,0,0,1
131082,0,0,0,0,0,0,0,0,1
131083,0,0,0,0,0,0,0,0,1
131084,0,0,0,0,0,0,0,0,1
131085,0,0,0,0,0,0,0,0,1
131086,0,0,0,0,0,0,0,0,1
131087,0,0,0,0,0,0,0,0,1
131088,0,0,0,0,0,0,0,0,1
131089,0,0,0,0,0,0,0,0,1
131090,0,0,0,0,0,0,0,0,1
131091,0,0,0,0,0,0,0,0,1
131092,0,0,0,0,0,0,0,0,1
131093,0,0,0,0,0,0,0,0,1
131094,0,0,0,0,0,0,0,0,1
131095,0,0,0,0,0,0,0,0,1
131096,0,0,0,0,0,0,0,0,1
131097,0,0,0,0,0,0,0,0,1
131098,0,0,0,0,0,0,0,0,1
131099,0,0,0,0,0,0,0,0,1
131100,0,0,0,0,0,0,0,0,1
131101,0,0,0,0,0,0,0,0,1
131102,0,0,0,0,0,0,0,0,1
131103,0,0,0,0,0,0,0,0,1
131104,0,0,0,0,0,0,0,0,1
131105,0,0,0,0,0,0,0,0,1
131106,0,0,0,0,0,0,0,0,1
131107,0,0,0,0,0,0,0,0,1
131108,0,0,0,0,0,0,0,0,1
131109,0,0,0,0,0,0,0,0,1
131110,0,0,0,0,0,0,0,0,1
131111,0,0,0,0,0,0,0,0,1
131112,0,0,0,0,0,0,0,0,1
131113,0,0,0,0,0,0,0,0,1
131114,0,0,0,0,0,0,0,0,1
131115,0,0,0,0,0,0,0,0,1
131116,0,0,0,0,0,0,0,0,1
131117,0,0,0,0,0,0,0,0,1
131118,0,0,0,0,0,0,0,0,1
131119,0,0,0,0,0,0,0,0,1
131120,0,0,0,0,0,0,0,0,1
131121,0,0,0,0,0,0,0,0,1
131122,0,0,0,0,0,0,0,0,1
131123,0,0,0,0,0,0,0,0,1
131124,0,0,0,0,0,0,0,0,1
131125,0,0,0,0,0,0,0,0,1
131126,0,0,0,0,0,0,0,0,1
131127,0,0,0,0,0,0,0,0,1
131128,0,0,0,0,0,0,0,0,1
131129,0,0,0,0,0,0,0,0,1
131130,0,0,0,0,0,0,0,0,1
131131,0,0,0,0,0,0,0,0,1
131132,0,0,0,0,0,0,0,0,1
131133,0,0,0,0,0,0,0,0,1
131134,0,0,0,0,0,0,0,0,1
131135,0,0,0,0,0,0,0,0,1
131136,0,0,0,0,0,0,0,0,1
131137,0,0,0,0,0,0,0,0,1
131138,0,0,0,0,0,0,0,0,1
131139,0,0,0,0,0,0,0,0,1
131140,0,0,0,0,0,0,0,0,1
131141,0,0,0,0,0,0,0,0,1
131142,0,0,0,0,0,0,0,0,1
131143,0,0,0,0,0,0,0,0,1
131144,0,0,0,0,0,0,0,0,1
131145,0,0,0,0,0,0,0,0,1
131146,0,0,0,0,0,0,0,0,1
131147,0,0,0,0,0,0,0,0,1
131148,0,0,0,0,0,0,0,0,1
131149,0,0,0,0,0,0,0,0,1
131150,0,0,0,0,0,0,0,0,1
131151,0,0,0,0,0,0,0,0,1
131152,0,0,0,0,0,0,0,0,1
131153,0,0,0,0,0,0,0,0,1
131154,0,0,0,0,0,0,0,0,1
131155,0,0,0,0,0,0,0,0,1
131156,0,0,0,0,0,0,0,0,1
131157,0,0,0,0,0,0,0,0,1
131158,0,0,0,0,0,0,0,0,1
131159,0,0,0,0,0,0,0,0,1
131160,0,0,0,0,0,0,0,0,1
131161,0,0,0,0,0,0,0,0,1
131162,0,0,0,0,0,0,0,0,1
131163,0,0,0,0,0,0,0,0,1
131164,0,0,0,0,0,0,0,0,1
131165,0,0,0,0,0,0,0,0,1
131166,0,0,0,0,0,0,0,0,1
131167,0,0,0,0,0,0,0,0,1
131168,0,0,0,0,0,0,0,0,1
131169,0,0,0,0,0,0,0,0,1
131170,0,0,0,0,0,0,0,0,1
131171,0,0,0,0,0,0,0,0,1
131172,0,0,0,0,0,0,0,0,1
131173,0,0,0,0,0,0,0,0,1
131174,0,0,0,0,0,0,0,0,1
131175,0,0,0,0,0,0,0,0,1
131176,0,0,0,0,0,0,0,0,1
131177,0,0,0,0,0,0,0,0,1
131178,0,0,0,0,0,0,0,0,1
131179,0,0,0,0,0,0,0,0,1
131180,0,0,0,0,0,0,0,0,1
131181,0,0,0,0,0,0,0,0,1
131182,0,0,0,0,0,0,0,0,1
131183,0,0,0,0,0,0,0,0,1
131184,0,0,0,0,0,0,0,0,1
131185,0,0,0,0,0,0,0,0,1
131186,0,0,0,0,0,0,0,0,1
131187,0,0,0,0,0,0,0,0,1
131188,0,0,0,0,0,0,0,0,1
131189,0,0,0,0,0,0,0,0,1
131190,0,0,0,0,0,0,0,0,1
131191,0,0,0,0,0,0,0,0,1
131192,0,0,0,0,0,0,0,0,1
131193,0,0,0,0,0,0,0,0,1
131194,0,0,0,0,0,0,0,0,1
131195,0,0,0,0,0,0,0,0,1
131196,0,0,0,0,0,0,0,0,1
131197,0,0,0,0,0,0,0,0,1
131198,0,0,0,0,0,0,0,0,1
131199,0,0,0,0,0,0,0,0,1
131200,0,0,0,0,0,0,0,0,1
131201,0,0,0,0,0,0,0,0,1
131202,0,0,0,0,0,0,0,0,1
131203,0,0,0,0,0,0,0,0,1
131204,0,0,0,0,0,0,0,0,1
131205,0,0,0,0,0,0,0,0,1
131206,0,0,0,0,0,0,0,0,1
131207,0,0,0,0,0,0,0,0,1
131208,0,0,0,0,0,0,0,0,1
131209,0,0,0,0,0,0,0,0,1
131210,0,0,0,0,0,0,0,0,1
131211,0,0,0,0,0,0,0,0,1
131212,0,0,0,0,0,0,0,0,1
131213,0,0,0,0,0,0,0,0,1
131214,0,0,0,0,0,0,0,0,1
131215,0,0,0,0,0,0,0,0,1
131216,0,0,0,0,0,0,0,0,1
131217,0,0,0,0,0,0,0,0,1
131218,0,0,0,0,0,0,0,0,1
131219,0,0,0,0,0,0,0,0,1
131220,0,0,0,0,0,0,0,0,1
131221,0,0,0,0,0,0,0,0,1
131222,0,0,0,0,0,0,0,0,1
131223,0,0,0,0,0,0,0,0,1
131224,0,0,0,0,0,0,0,0,1
131225,0,0,0,0,0,0,0,0,1
131226,0,0,0,0,0,0,0,0,1
131227,0,0,0,0,0,0,0,0,1
131228,0,0,0,0,0,0,0,0,1
131229,0,0,0,0,0,0,0,0,1
131230,0,0,0,0,0,0,0,0,1
131231,0,0,0,0,0,0,0,0,1
131232,0,0,0,0,0,0,0,0,1
131233,0,0,0,0,0,0,0,0,1
131234,0,0,0,0,0,0,0,0,1
131235,0,0,0,0,0,0,0,0,1
131236,0,0,0,0,0,0,0,0,1
131237,0,0,0,0,0,0,0,0,1
131238,0,0,0,0,0,0,0,0,1
131239,0,0,0,0,0,0,0,0,1
131240,0,0,0,0,0,0,0,0,1
131241,0,0,0,0,0,0,0,0,1
131242,0,0,0,0,0,0,0,0,1
131243,0,0,0,0,0,0,0,0,1
131244,0,0,0,0,0,0,0,0,1
131245,0,0,0,0,0,0,0,0,1
131246,0,0,0,0,0,0,0,0,1
131247,0,0,0,0,0,0,0,0,1
131248,0,0,0,0,0,0,0,0,1
131249,0,0,0,0,0,0,0,0,1
131250,0,0,0,0,0,0,0,0,1
131251,0,0,0,0,0,0,0,0,1
131252,0,0,0,0,0,0,0,0,1
131253,0,0,0,0,0,0,0,0,1
131254,0,0,0,0,0,0,0,0,1
131255,0,0,0,0,0,0,0,0,1
131256,0,0,0,0,0,0,0,0,1
131257,0,0,0,0,0,0,0,0,1
131258,0,0,0,0,0,0,0,0,1
131259,0,0,0,0,0,0,0,0,1
131260,0,0,0,0,0,0,0,0,1
131261,0,0,0,0,0,0,0,0,1
131262,0,0,0,0,0,0,0,0,1
131263,0,0,0,0,0,0,0,0,1
131264,0,0,0,0,0,0,0,0,1
131265,0,0,0,0,0,0,0,0,1
131266,0,0,0,0,0,0,0,0,1
131267,0,0,0,0,0,0,0,0,1
131268,0,0,0,0,0,0,0,0,1
131269,0,0,0,0,0,0,0,0,1
131270,0,0,0,0,0,0,0,0,1
131271,0,0,0,0,0,0,0,0,1
131272,0,0,0,0,0,0,0,0,1
131273,0,0,0,0,0,0,0,0,1
131274,0,0,0,0,0,0,0,0,1
131275,0,0,0,0,0,0,0,0,1
131276,0,0,0,0,0,0,0,0,1
131277,0,0,0,0,0,0,0,0,1
131278,0,0,0,0,0,0,0,0,1
131279,0,0,0,0,0,0,0,0,1
131280,0,0,0,0,0,0,0,0,1
131281,0,0,0,0,0,0,0,0,1
131282,0,0,0,0,0,0,0,0,1
131283,0,0,0,0,0,0,0,0,1
131284,0,0,0,0,0,0,0,0,1
131285,0,0,0,0,0,0,0,0,1
131286,0,0,0,0,0,0,0,0,1
131287,0,0,0,0,0,0,0,0,1
131288,0,0,0,0,0,0,0,0,1
131289,0,0,0,0,0,0,0,0,1
131290,0,0,0,0,0,0,0,0,1
131291,0,0,0,0,0,0,0,0,1
131292,0,0,0,0,0,0,0,0,1
131293,0,0,0,0,0,0,0,0,1
131294,0,0,0,0,0,0,0,0,1
131295,0,0,0,0,0,0,0,0,1
131296,0,0,0,0,0,0,0,0,1
131297,0,0,0,0,0,0,0,0,1
131298,0,0,0,0,0,0,0,0,1
131299,0,0,0,0,0,0,0,0,1
131300,0,0,0,0,0,0,0,0,1
131301,0,0,0,0,0,0,0,0,1
131302,0,0,0,0,0,0,0,0,1
131303,0,0,0,0,0,0,0,0,1
131304,0,0,0,0,0,0,0,0,1
131305,0,0,0,0,0,0,0,0,1
131306,0,0,0,0,0,0,0,0,1
131307,0,0,0,0,0,0,0,0,1
131308,0,0,0,0,0,0,0,0,1
131309,0,0,0,0,0,0,0,0,1
131310,0,0,0,0,0,0,0,0,1
131311,0,0,0,0,0,0,0,0,1
131312,0,0,0,0,0,0,0,0,1
131313,0,0,0,0,0,0,0,0,1
131314,0,0,0,0,0,0,0,0,1
131315,0,0,0,0,0,0,0,0,1
131316,0,0,0,0,0,0,0,0,1
131317,0,0,0,0,0,0,0,0,1
131318,0,0,0,0,0,0,0,0,1
131319,0,0,0,0,0,0,0,0,1
131320,0,0,0,0,0,0,0,0,1
131321,0,0,0,0,0,0,0,0,1
131322,0,0,0,0,0,0,0,0,1
131323,0,0,0,0,0,0,0,0,1
131324,0,0,0,0,0,0,0,0,1
131325,0,0,0,0,0,0,0,0,1
131326,0,0,0,0,0,0,0,0,1
131327,0,0,0,0,0,0,0,0,1
131328,0,0,0,0,0,0,0,0,1
131329,0,0,0,0,0,0,0,0,1
131330,0,0,0,0,0,0,0,0,1
131331,0,0,0,0,0,0,0,0,1
131332,0,0,0,0,0,0,0,0,1
131333,0,0,0,0,0,0,0,0,1
131334,0,0,0,0,0,0,0,0,1
131335,0,0,0,0,0,0,0,0,1
131336,0,0,0,0,0,0,0,0,1
131337,0,0,0,0,0,0,0,0,1
131338,0,0,0,0,0,0,0,0,1
131339,0,0,0,0,0,0,0,0,1
131340,0,0,0,0,0,0,0,0,1
131341,0,0,0,0,0,0,0,0,1
131342,0,0,0,0,0,0,0,0,1
131343,0,0,0,0,0,0,0,0,1
131344,0,0,0,0,0,0,0,0,1
131345,0,0,0,0,0,0,0,0,1
131346,0,0,0,0,0,0,0,0,1
131347,0,0,0,0,0,0,0,0,1
131348,0,0,0,0,0,0,0,0,1
131349,0,0,0,0,0,0,0,0,1
131350,0,0,0,0,0,0,0,0,1
131351,0,0,0,0,0,0,0,0,1
131352,0,0,0,0,0,0,0,0,1
131353,0,0,0,0,0,0,0,0,1
131354,0,0,0,0,0,0,0,0,1
131355,0,0,0,0,0,0,0,0,1
131356,0,0,0,0,0,0,0,0,1
131357,0,0,0,0,0,0,0,0,1
131358,0,0,0,0,0,0,0,0,1
131359,0,0,0,0,0,0,0,0,1
131360,0,0,0,0,0,0,0,0,1
131361,0,0,0,0,0,0,0,0,1
131362,0,0,0,0,0,0,0,0,1
131363,0,0,0,0,0,0,0,0,1
131364,0,0,0,0,0,0,0,0,1
131365,0,0,0,0,0,0,0,0,1
131366,0,0,0,0,0,0,0,0,1
131367,0,0,0,0,0,0,0,0,1
131368,0,0,0,0,0,0,0,0,1
131369,0,0,0,0,0,0,0,0,1
131370,0,0,0,0,0,0,0,0,1
131371,0,0,0,0,0,0,0,0,1
131372,0,0,0,0,0,0,0,0,1
131373,0,0,0,0,0,0,0,0,1
131374,0,0,0,0,0,0,0,0,1
131375,0,0,0,0,0,0,0,0,1
131376,0,0,0,0,0,0,0,0,1
131377,0,0,0,0,0,0,0,0,1
131378,0,0,0,0,0,0,0,0,1
131379,0,0,0,0,0,0,0,0,1
131380,0,0,0,0,0,0,0,0,1
131381,0,0,0,0,0,0,0,0,1
131382,0,0,0,0,0,0,0,0,1
131383,0,0,0,0,0,0,0,0,1
131384,0,0,0,0,0,0,0,0,1
131385,0,0,0,0,0,0,0,0,1
131386,0,0,0,0,0,0,0,0,1
131387,0,0,0,0,0,0,0,0,1
131388,0,0,0,0,0,0,0,0,1
131389,0,0,0,0,0,0,0,0,1
131390,0,0,0,0,0,0,0,0,1
131391,0,0,0,0,0,0,0,0,1
131392,0,0,0,0,0,0,0,0,1
131393,0,0,0,0,0,0,0,0,1
131394,0,0,0,0,0,0,0,0,1
131395,0,0,0,0,0,0,0,0,1
131396,0,0,0,0,0,0,0,0,1
131397,0,0,0,0,0,0,0,0,1
131398,0,0,0,0,0,0,0,0,1
131399,0,0,0,0,0,0,0,0,1
131400,0,0,0,0,0,0,0,0,1
131401,0,0,0,0,0,0,0,0,1
131402,0,0,0,0,0,0,0,0,1
131403,0,0,0,0,0,0,0,0,1
131404,0,0,0,0,0,0,0,0,1
131405,0,0,0,0,0,0,0,0,1
131406,0,0,0,0,0,0,0,0,1
131407,0,0,0,0,0,0,0,0,1
131408,0,0,0,0,0,0,0,0,1
131409,0,0,0,0,0,0,0,0,1
131410,0,0,0,0,0,0,0,0,1
131411,0,0,0,0,0,0,0,0,1
131412,0,0,0,0,0,0,0,0,1
131413,0,0,0,0,0,0,0,0,1
131414,0,0,0,0,0,0,0,0,1
131415,0,0,0,0,0,0,0,0,1
131416,0,0,0,0,0,0,0,0,1
131417,0,0,0,0,0,0,0,0,1
131418,0,0,0,0,0,0,0,0,1
131419,0,0,0,0,0,0,0,0,1
131420,0,0,0,0,0,0,0,0,1
131421,0,0,0,0,0,0,0,0,1
131422,0,0,0,0,0,0,0,0,1
131423,0,0,0,0,0,0,0,0,1
131424,0,0,0,0,0,0,0,0,1
131425,0,0,0,0,0,0,0,0,1
131426,0,0,0,0,0,0,0,0,1
131427,0,0,0,0,0,0,0,0,1
131428,0,0,0,0,0,0,0,0,1
131429,0,0,0,0,0,0,0,0,1
131430,0,0,0,0,0,0,0,0,1
131431,0,0,0,0,0,0,0,0,1
131432,0,0,0,0,0,0,0,0,1
131433,0,0,0,0,0,0,0,0,1
131434,0,0,0,0,0,0,0,0,1
131435,0,0,0,0,0,0,0,0,1
131436,0,0,0,0,0,0,0,0,1
131437,0,0,0,0,0,0,0,0,1
131438,0,0,0,0,0,0,0,0,1
131439,0,0,0,0,0,0,0,0,1
131440,0,0,0,0,0,0,0,0,1
131441,0,0,0,0,0,0,0,0,1
131442,0,0,0,0,0,0,0,0,1
131443,0,0,0,0,0,0,0,0,1
131444,0,0,0,0,0,0,0,0,1
131445,0,0,0,0,0,0,0,0,1
131446,0,0,0,0,0,0,0,0,1
131447,0,0,0,0,0,0,0,0,1
131448,0,0,0,0,0,0,0,0,1
131449,0,0,0,0,0,0,0,0,1
131450,0,0,0,0,0,0,0,0,1
131451,0,0,0,0,0,0,0,0,1
131452,0,0,0,0,0,0,0,0,1
131453,0,0,0,0,0,0,0,0,1
131454,0,0,0,0,0,0,0,0,1
131455,0,0,0,0,0,0,0,0,1
131456,0,0,0,0,0,0,0,0,1
131457,0,0,0,0,0,0,0,0,1
131458,0,0,0,0,0,0,0,0,1
131459,0,0,0,0,0,0,0,0,1
131460,0,0,0,0,0,0,0,0,1
131461,0,0,0,0,0,0,0,0,1
131462,0,0,0,0,0,0,0,0,1
131463,0,0,0,0,0,0,0,0,1
131464,0,0,0,0,0,0,0,0,1
131465,0,0,0,0,0,0,0,0,1
131466,0,0,0,0,0,0,0,0,1
131467,0,0,0,0,0,0,0,0,1
131468,0,0,0,0,0,0,0,0,1
131469,0,0,0,0,0,0,0,0,1
131470,0,0,0,0,0,0,0,0,1
131471,0,0,0,0,0,0,0,0,1
131472,0,0,0,0,0,0,0,0,1
131473,0,0,0,0,0,0,0,0,1
131474,0,0,0,0,0,0,0,0,1
131475,0,0,0,0,0,0,0,0,1
131476,0,0,0,0,0,0,0,0,1
131477,0,0,0,0,0,0,0,0,1
131478,0,0,0,0,0,0,0,0,1
131479,0,0,0,0,0,0,0,0,1
131480,0,0,0,0,0,0,0,0,1
131481,0,0,0,0,0,0,0,0,1
131482,0,0,0,0,0,0,0,0,1
131483,0,0,0,0,0,0,0,0,1
131484,0,0,0,0,0,0,0,0,1
131485,0,0,0,0,0,0,0,0,1
131486,0,0,0,0,0,0,0,0,1
131487,0,0,0,0,0,0,0,0,1
131488,0,0,0,0,0,0,0,0,1
131489,0,0,0,0,0,0,0,0,1
131490,0,0,0,0,0,0,0,0,1
131491,0,0,0,0,0,0,0,0,1
131492,0,0,0,0,0,0,0,0,1
131493,0,0,0,0,0,0,0,0,1
131494,0,0,0,0,0,0,0,0,1
131495,0,0,0,0,0,0,0,0,1
131496,0,0,0,0,0,0,0,0,1
131497,0,0,0,0,0,0,0,0,1
131498,0,0,0,0,0,0,0,0,1
131499,0,0,0,0,0,0,0,0,1
131500,0,0,0,0,0,0,0,0,1
131501,0,0,0,0,0,0,0,0,1
131502,0,0,0,0,0,0,0,0,1
131503,0,0,0,0,0,0,0,0,1
131504,0,0,0,0,0,0,0,0,1
131505,0,0,0,0,0,0,0,0,1
131506,0,0,0,0,0,0,0,0,1
131507,0,0,0,0,0,0,0,0,1
131508,0,0,0,0,0,0,0,0,1
131509,0,0,0,0,0,0,0,0,1
131510,0,0,0,0,0,0,0,0,1
131511,0,0,0,0,0,0,0,0,1
131512,0,0,0,0,0,0,0,0,1
131513,0,0,0,0,0,0,0,0,1
131514,0,0,0,0,0,0,0,0,1
131515,0,0,0,0,0,0,0,0,1
131516,0,0,0,0,0,0,0,0,1
131517,0,0,0,0,0,0,0,0,1
131518,0,0,0,0,0,0,0,0,1
131519,0,0,0,0,0,0,0,0,1
131520,0,0,0,0,0,0,0,0,1
131521,0,0,0,0,0,0,0,0,1
131522,0,0,0,0,0,0,0,0,1
131523,0,0,0,0,0,0,0,0,1
131524,0,0,0,0,0,0,0,0,1
131525,0,0,0,0,0,0,0,0,1
131526,0,0,0,0,0,0,0,0,1
131527,0,0,0,0,0,0,0,0,1
131528,0,0,0,0,0,0,0,0,1
131529,0,0,0,0,0,0,0,0,1
131530,0,0,0,0,0,0,0,0,1
131531,0,0,0,0,0,0,0,0,1
131532,0,0,0,0,0,0,0,0,1
131533,0,0,0,0,0,0,0,0,1
131534,0,0,0,0,0,0,0,0,1
131535,0,0,0,0,0,0,0,0,1
131536,0,0,0,0,0,0,0,0,1
131537,0,0,0,0,0,0,0,0,1
131538,0,0,0,0,0,0,0,0,1
131539,0,0,0,0,0,0,0,0,1
131540,0,0,0,0,0,0,0,0,1
131541,0,0,0,0,0,0,0,0,1
131542,0,0,0,0,0,0,0,0,1
131543,0,0,0,0,0,0,0,0,1
131544,0,0,0,0,0,0,0,0,1
131545,0,0,0,0,0,0,0,0,1
131546,0,0,0,0,0,0,0,0,1
131547,0,0,0,0,0,0,0,0,1
131548,0,0,0,0,0,0,0,0,1
131549,0,0,0,0,0,0,0,0,1
131550,0,0,0,0,0,0,0,0,1
131551,0,0,0,0,0,0,0,0,1
131552,0,0,0,0,0,0,0,0,1
131553,0,0,0,0,0,0,0,0,1
131554,0,0,0,0,0,0,0,0,1
131555,0,0,0,0,0,0,0,0,1
131556,0,0,0,0,0,0,0,0,1
131557,0,0,0,0,0,0,0,0,1
131558,0,0,0,0,0,0,0,0,1
131559,0,0,0,0,0,0,0,0,1
131560,0,0,0,0,0,0,0,0,1
131561,0,0,0,0,0,0,0,0,1
131562,0,0,0,0,0,0,0,0,1
131563,0,0,0,0,0,0,0,0,1
131564,0,0,0,0,0,0,0,0,1
131565,0,0,0,0,0,0,0,0,1
131566,0,0,0,0,0,0,0,0,1
131567,0,0,0,0,0,0,0,0,1
131568,0,0,0,0,0,0,0,0,1
131569,0,0,0,0,0,0,0,0,1
131570,0,0,0,0,0,0,0,0,1
131571,0,0,0,0,0,0,0,0,1
131572,0,0,0,0,0,0,0,0,1
131573,0,0,0,0,0,0,0,0,1
131574,0,0,0,0,0,0,0,0,1
131575,0,0,0,0,0,0,0,0,1
131576,0,0,0,0,0,0,0,0,1
131577,0,0,0,0,0,0,0,0,1
131578,0,0,0,0,0,0,0,0,1
131579,0,0,0,0,0,0,0,0,1
131580,0,0,0,0,0,0,0,0,1
131581,0,0,0,0,0,0,0,0,1
131582,0,0,0,0,0,0,0,0,1
131583,0,0,0,0,0,0,0,0,1
131584,0,0,0,0,0,0,0,0,1
131585,0,0,0,0,0,0,0,0,1
131586,0,0,0,0,0,0,0,0,1
131587,0,0,0,0,0,0,0,0,1
131588,0,0,0,0,0,0,0,0,1
131589,0,0,0,0,0,0,0,0,1
131590,0,0,0,0,0,0,0,0,1
131591,0,0,0,0,0,0,0,0,1
131592,0,0,0,0,0,0,0,0,1
131593,0,0,0,0,0,0,0,0,1
131594,0,0,0,0,0,0,0,0,1
131595,0,0,0,0,0,0,0,0,1
131596,0,0,0,0,0,0,0,0,1
131597,0,0,0,0,0,0,0,0,1
131598,0,0,0,0,0,0,0,0,1
131599,0,0,0,0,0,0,0,0,1
131600,0,0,0,0,0,0,0,0,1
131601,0,0,0,0,0,0,0,0,1
131602,0,0,0,0,0,0,0,0,1
131603,0,0,0,0,0,0,0,0,1
131604,0,0,0,0,0,0,0,0,1
131605,0,0,0,0,0,0,0,0,1
131606,0,0,0,0,0,0,0,0,1
131607,0,0,0,0,0,0,0,0,1
131608,0,0,0,0,0,0,0,0,1
131609,0,0,0,0,0,0,0,0,1
131610,0,0,0,0,0,0,0,0,1
131611,0,0,0,0,0,0,0,0,1
131612,0,0,0,0,0,0,0,0,1
131613,0,0,0,0,0,0,0,0,1
131614,0,0,0,0,0,0,0,0,1
131615,0,0,0,0,0,0,0,0,1
131616,0,0,0,0,0,0,0,0,1
131617,0,0,0,0,0,0,0,0,1
131618,0,0,0,0,0,0,0,0,1
131619,0,0,0,0,0,0,0,0,1
131620,0,0,0,0,0,0,0,0,1
131621,0,0,0,0,0,0,0,0,1
131622,0,0,0,0,0,0,0,0,1
131623,0,0,0,0,0,0,0,0,1
131624,0,0,0,0,0,0,0,0,1
131625,0,0,0,0,0,0,0,0,1
131626,0,0,0,0,0,0,0,0,1
131627,0,0,0,0,0,0,0,0,1
131628,0,0,0,0,0,0,0,0,1
131629,0,0,0,0,0,0,0,0,1
131630,0,0,0,0,0,0,0,0,1
131631,0,0,0,0,0,0,0,0,1
131632,0,0,0,0,0,0,0,0,1
131633,0,0,0,0,0,0,0,0,1
131634,0,0,0,0,0,0,0,0,1
131635,0,0,0,0,0,0,0,0,1
131636,0,0,0,0,0,0,0,0,1
131637,0,0,0,0,0,0,0,0,1
131638,0,0,0,0,0,0,0,0,1
131639,0,0,0,0,0,0,0,0,1
131640,0,0,0,0,0,0,0,0,1
131641,0,0,0,0,0,0,0,0,1
131642,0,0,0,0,0,0,0,0,1
131643,0,0,0,0,0,0,0,0,1
131644,0,0,0,0,0,0,0,0,1
131645,0,0,0,0,0,0,0,0,1
131646,0,0,0,0,0,0,0,0,1
131647,0,0,0,0,0,0,0,0,1
131648,0,0,0,0,0,0,0,0,1
131649,0,0,0,0,0,0,0,0,1
131650,0,0,0,0,0,0,0,0,1
131651,0,0,0,0,0,0,0,0,1
131652,0,0,0,0,0,0,0,0,1
131653,0,0,0,0,0,0,0,0,1
131654,0,0,0,0,0,0,0,0,1
131655,0,0,0,0,0,0,0,0,1
131656,0,0,0,0,0,0,0,0,1
131657,0,0,0,0,0,0,0,0,1
131658,0,0,0,0,0,0,0,0,1
131659,0,0,0,0,0,0,0,0,1
131660,0,0,0,0,0,0,0,0,1
131661,0,0,0,0,0,0,0,0,1
131662,0,0,0,0,0,0,0,0,1
131663,0,0,0,0,0,0,0,0,1
131664,0,0,0,0,0,0,0,0,1
131665,0,0,0,0,0,0,0,0,1
131666,0,0,0,0,0,0,0,0,1
131667,0,0,0,0,0,0,0,0,1
131668,0,0,0,0,0,0,0,0,1
131669,0,0,0,0,0,0,0,0,1
131670,0,0,0,0,0,0,0,0,1
131671,0,0,0,0,0,0,0,0,1
131672,0,0,0,0,0,0,0,0,1
131673,0,0,0,0,0,0,0,0,1
131674,0,0,0,0,0,0,0,0,1
131675,0,0,0,0,0,0,0,0,1
131676,0,0,0,0,0,0,0,0,1
131677,0,0,0,0,0,0,0,0,1
131678,0,0,0,0,0,0,0,0,1
131679,0,0,0,0,0,0,0,0,1
131680,0,0,0,0,0,0,0,0,1
131681,0,0,0,0,0,0,0,0,1
131682,0,0,0,0,0,0,0,0,1
131683,0,0,0,0,0,0,0,0,1
131684,0,0,0,0,0,0,0,0,1
131685,0,0,0,0,0,0,0,0,1
131686,0,0,0,0,0,0,0,0,1
131687,0,0,0,0,0,0,0,0,1
131688,0,0,0,0,0,0,0,0,1
131689,0,0,0,0,0,0,0,0,1
131690,0,0,0,0,0,0,0,0,1
131691,0,0,0,0,0,0,0,0,1
131692,0,0,0,0,0,0,0,0,1
131693,0,0,0,0,0,0,0,0,1
131694,0,0,0,0,0,0,0,0,1
131695,0,0,0,0,0,0,0,0,1
131696,0,0,0,0,0,0,0,0,1
131697,0,0,0,0,0,0,0,0,1
131698,0,0,0,0,0,0,0,0,1
131699,0,0,0,0,0,0,0,0,1
131700,0,0,0,0,0,0,0,0,1
131701,0,0,0,0,0,0,0,0,1
131702,0,0,0,0,0,0,0,0,1
131703,0,0,0,0,0,0,0,0,1
131704,0,0,0,0,0,0,0,0,1
131705,0,0,0,0,0,0,0,0,1
131706,0,0,0,0,0,0,0,0,1
131707,0,0,0,0,0,0,0,0,1
131708,0,0,0,0,0,0,0,0,1
131709,0,0,0,0,0,0,0,0,1
131710,0,0,0,0,0,0,0,0,1
131711,0,0,0,0,0,0,0,0,1
131712,0,0,0,0,0,0,0,0,1
131713,0,0,0,0,0,0,0,0,1
131714,0,0,0,0,0,0,0,0,1
131715,0,0,0,0,0,0,0,0,1
131716,0,0,0,0,0,0,0,0,1
131717,0,0,0,0,0,0,0,0,1
131718,0,0,0,0,0,0,0,0,1
131719,0,0,0,0,0,0,0,0,1
131720,0,0,0,0,0,0,0,0,1
131721,0,0,0,0,0,0,0,0,1
131722,0,0,0,0,0,0,0,0,1
131723,0,0,0,0,0,0,0,0,1
131724,0,0,0,0,0,0,0,0,1
131725,0,0,0,0,0,0,0,0,1
131726,0,0,0,0,0,0,0,0,1
131727,0,0,0,0,0,0,0,0,1
131728,0,0,0,0,0,0,0,0,1
131729,0,0,0,0,0,0,0,0,1
131730,0,0,0,0,0,0,0,0,1
131731,0,0,0,0,0,0,0,0,1
131732,0,0,0,0,0,0,0,0,1
131733,0,0,0,0,0,0,0,0,1
131734,0,0,0,0,0,0,0,0,1
131735,0,0,0,0,0,0,0,0,1
131736,0,0,0,0,0,0,0,0,1
131737,0,0,0,0,0,0,0,0,1
131738,0,0,0,0,0,0,0,0,1
131739,0,0,0,0,0,0,0,0,1
131740,0,0,0,0,0,0,0,0,1
131741,0,0,0,0,0,0,0,0,1
131742,0,0,0,0,0,0,0,0,1
131743,0,0,0,0,0,0,0,0,1
131744,0,0,0,0,0,0,0,0,1
131745,0,0,0,0,0,0,0,0,1
131746,0,0,0,0,0,0,0,0,1
131747,0,0,0,0,0,0,0,0,1
131748,0,0,0,0,0,0,0,0,1
131749,0,0,0,0,0,0,0,0,1
131750,0,0,0,0,0,0,0,0,1
131751,0,0,0,0,0,0,0,0,1
131752,0,0,0,0,0,0,0,0,1
131753,0,0,0,0,0,0,0,0,1
131754,0,0,0,0,0,0,0,0,1
131755,0,0,0,0,0,0,0,0,1
131756,0,0,0,0,0,0,0,0,1
131757,0,0,0,0,0,0,0,0,1
131758,0,0,0,0,0,0,0,0,1
131759,0,0,0,0,0,0,0,0,1
131760,0,0,0,0,0,0,0,0,1
131761,0,0,0,0,0,0,0,0,1
131762,0,0,0,0,0,0,0,0,1
131763,0,0,0,0,0,0,0,0,1
131764,0,0,0,0,0,0,0,0,1
131765,0,0,0,0,0,0,0,0,1
131766,0,0,0,0,0,0,0,0,1
131767,0,0,0,0,0,0,0,0,1
131768,0,0,0,0,0,0,0,0,1
131769,0,0,0,0,0,0,0,0,1
131770,0,0,0,0,0,0,0,0,1
131771,0,0,0,0,0,0,0,0,1
131772,0,0,0,0,0,0,0,0,1
131773,0,0,0,0,0,0,0,0,1
131774,0,0,0,0,0,0,0,0,1
131775,0,0,0,0,0,0,0,0,1
131776,0,0,0,0,0,0,0,0,1
131777,0,0,0,0,0,0,0,0,1
131778,0,0,0,0,0,0,0,0,1
131779,0,0,0,0,0,0,0,0,1
131780,0,0,0,0,0,0,0,0,1
131781,0,0,0,0,0,0,0,0,1
131782,0,0,0,0,0,0,0,0,1
131783,0,0,0,0,0,0,0,0,1
131784,0,0,0,0,0,0,0,0,1
131785,0,0,0,0,0,0,0,0,1
131786,0,0,0,0,0,0,0,0,1
131787,0,0,0,0,0,0,0,0,1
131788,0,0,0,0,0,0,0,0,1
131789,0,0,0,0,0,0,0,0,1
131790,0,0,0,0,0,0,0,0,1
131791,0,0,0,0,0,0,0,0,1
131792,0,0,0,0,0,0,0,0,1
131793,0,0,0,0,0,0,0,0,1
131794,0,0,0,0,0,0,0,0,1
131795,0,0,0,0,0,0,0,0,1
131796,0,0,0,0,0,0,0,0,1
131797,0,0,0,0,0,0,0,0,1
131798,0,0,0,0,0,0,0,0,1
131799,0,0,0,0,0,0,0,0,1
131800,0,0,0,0,0,0,0,0,1
131801,0,0,0,0,0,0,0,0,1
131802,0,0,0,0,0,0,0,0,1
131803,0,0,0,0,0,0,0,0,1
131804,0,0,0,0,0,0,0,0,1
131805,0,0,0,0,0,0,0,0,1
131806,0,0,0,0,0,0,0,0,1
131807,0,0,0,0,0,0,0,0,1
131808,0,0,0,0,0,0,0,0,1
131809,0,0,0,0,0,0,0,0,1
131810,0,0,0,0,0,0,0,0,1
131811,0,0,0,0,0,0,0,0,1
131812,0,0,0,0,0,0,0,0,1
131813,0,0,0,0,0,0,0,0,1
131814,0,0,0,0,0,0,0,0,1
131815,0,0,0,0,0,0,0,0,1
131816,0,0,0,0,0,0,0,0,1
131817,0,0,0,0,0,0,0,0,1
131818,0,0,0,0,0,0,0,0,1
131819,0,0,0,0,0,0,0,0,1
131820,0,0,0,0,0,0,0,0,1
131821,0,0,0,0,0,0,0,0,1
131822,0,0,0,0,0,0,0,0,1
131823,0,0,0,0,0,0,0,0,1
131824,0,0,0,0,0,0,0,0,1
131825,0,0,0,0,0,0,0,0,1
131826,0,0,0,0,0,0,0,0,1
131827,0,0,0,0,0,0,0,0,1
131828,0,0,0,0,0,0,0,0,1
131829,0,0,0,0,0,0,0,0,1
131830,0,0,0,0,0,0,0,0,1
131831,0,0,0,0,0,0,0,0,1
131832,0,0,0,0,0,0,0,0,1
131833,0,0,0,0,0,0,0,0,1
131834,0,0,0,0,0,0,0,0,1
131835,0,0,0,0,0,0,0,0,1
131836,0,0,0,0,0,0,0,0,1
131837,0,0,0,0,0,0,0,0,1
131838,0,0,0,0,0,0,0,0,1
131839,0,0,0,0,0,0,0,0,1
131840,0,0,0,0,0,0,0,0,1
131841,0,0,0,0,0,0,0,0,1
131842,0,0,0,0,0,0,0,0,1
131843,0,0,0,0,0,0,0,0,1
131844,0,0,0,0,0,0,0,0,1
131845,0,0,0,0,0,0,0,0,1
131846,0,0,0,0,0,0,0,0,1
131847,0,0,0,0,0,0,0,0,1
131848,0,0,0,0,0,0,0,0,1
131849,0,0,0,0,0,0,0,0,1
131850,0,0,0,0,0,0,0,0,1
131851,0,0,0,0,0,0,0,0,1
131852,0,0,0,0,0,0,0,0,1
131853,0,0,0,0,0,0,0,0,1
131854,0,0,0,0,0,0,0,0,1
131855,0,0,0,0,0,0,0,0,1
131856,0,0,0,0,0,0,0,0,1
131857,0,0,0,0,0,0,0,0,1
131858,0,0,0,0,0,0,0,0,1
131859,0,0,0,0,0,0,0,0,1
131860,0,0,0,0,0,0,0,0,1
131861,0,0,0,0,0,0,0,0,1
131862,0,0,0,0,0,0,0,0,1
131863,0,0,0,0,0,0,0,0,1
131864,0,0,0,0,0,0,0,0,1
131865,0,0,0,0,0,0,0,0,1
131866,0,0,0,0,0,0,0,0,1
131867,0,0,0,0,0,0,0,0,1
131868,0,0,0,0,0,0,0,0,1
131869,0,0,0,0,0,0,0,0,1
131870,0,0,0,0,0,0,0,0,1
131871,0,0,0,0,0,0,0,0,1
131872,0,0,0,0,0,0,0,0,1
131873,0,0,0,0,0,0,0,0,1
131874,0,0,0,0,0,0,0,0,1
131875,0,0,0,0,0,0,0,0,1
131876,0,0,0,0,0,0,0,0,1
131877,0,0,0,0,0,0,0,0,1
131878,0,0,0,0,0,0,0,0,1
131879,0,0,0,0,0,0,0,0,1
131880,0,0,0,0,0,0,0,0,1
131881,0,0,0,0,0,0,0,0,1
131882,0,0,0,0,0,0,0,0,1
131883,0,0,0,0,0,0,0,0,1
131884,0,0,0,0,0,0,0,0,1
131885,0,0,0,0,0,0,0,0,1
131886,0,0,0,0,0,0,0,0,1
131887,0,0,0,0,0,0,0,0,1
131888,0,0,0,0,0,0,0,0,1
131889,0,0,0,0,0,0,0,0,1
131890,0,0,0,0,0,0,0,0,1
131891,0,0,0,0,0,0,0,0,1
131892,0,0,0,0,0,0,0,0,1
131893,0,0,0,0,0,0,0,0,1
131894,0,0,0,0,0,0,0,0,1
131895,0,0,0,0,0,0,0,0,1
131896,0,0,0,0,0,0,0,0,1
131897,0,0,0,0,0,0,0,0,1
131898,0,0,0,0,0,0,0,0,1
131899,0,0,0,0,0,0,0,0,1
131900,0,0,0,0,0,0,0,0,1
131901,0,0,0,0,0,0,0,0,1
131902,0,0,0,0,0,0,0,0,1
131903,0,0,0,0,0,0,0,0,1
131904,0,0,0,0,0,0,0,0,1
131905,0,0,0,0,0,0,0,0,1
131906,0,0,0,0,0,0,0,0,1
131907,0,0,0,0,0,0,0,0,1
131908,0,0,0,0,0,0,0,0,1
131909,0,0,0,0,0,0,0,0,1
131910,0,0,0,0,0,0,0,0,1
131911,0,0,0,0,0,0,0,0,1
131912,0,0,0,0,0,0,0,0,1
131913,0,0,0,0,0,0,0,0,1
131914,0,0,0,0,0,0,0,0,1
131915,0,0,0,0,0,0,0,0,1
131916,0,0,0,0,0,0,0,0,1
131917,0,0,0,0,0,0,0,0,1
131918,0,0,0,0,0,0,0,0,1
131919,0,0,0,0,0,0,0,0,1
131920,0,0,0,0,0,0,0,0,1
131921,0,0,0,0,0,0,0,0,1
131922,0,0,0,0,0,0,0,0,1
131923,0,0,0,0,0,0,0,0,1
131924,0,0,0,0,0,0,0,0,1
131925,0,0,0,0,0,0,0,0,1
131926,0,0,0,0,0,0,0,0,1
131927,0,0,0,0,0,0,0,0,1
131928,0,0,0,0,0,0,0,0,1
131929,0,0,0,0,0,0,0,0,1
131930,0,0,0,0,0,0,0,0,1
131931,0,0,0,0,0,0,0,0,1
131932,0,0,0,0,0,0,0,0,1
131933,0,0,0,0,0,0,0,0,1
131934,0,0,0,0,0,0,0,0,1
131935,0,0,0,0,0,0,0,0,1
131936,0,0,0,0,0,0,0,0,1
131937,0,0,0,0,0,0,0,0,1
131938,0,0,0,0,0,0,0,0,1
131939,0,0,0,0,0,0,0,0,1
131940,0,0,0,0,0,0,0,0,1
131941,0,0,0,0,0,0,0,0,1
131942,0,0,0,0,0,0,0,0,1
131943,0,0,0,0,0,0,0,0,1
131944,0,0,0,0,0,0,0,0,1
131945,0,0,0,0,0,0,0,0,1
131946,0,0,0,0,0,0,0,0,1
131947,0,0,0,0,0,0,0,0,1
131948,0,0,0,0,0,0,0,0,1
131949,0,0,0,0,0,0,0,0,1
131950,0,0,0,0,0,0,0,0,1
131951,0,0,0,0,0,0,0,0,1
131952,0,0,0,0,0,0,0,0,1
131953,0,0,0,0,0,0,0,0,1
131954,0,0,0,0,0,0,0,0,1
131955,0,0,0,0,0,0,0,0,1
131956,0,0,0,0,0,0,0,0,1
131957,0,0,0,0,0,0,0,0,1
131958,0,0,0,0,0,0,0,0,1
131959,0,0,0,0,0,0,0,0,1
131960,0,0,0,0,0,0,0,0,1
131961,0,0,0,0,0,0,0,0,1
131962,0,0,0,0,0,0,0,0,1
131963,0,0,0,0,0,0,0,0,1
131964,0,0,0,0,0,0,0,0,1
131965,0,0,0,0,0,0,0,0,1
131966,0,0,0,0,0,0,0,0,1
131967,0,0,0,0,0,0,0,0,1
131968,0,0,0,0,0,0,0,0,1
131969,0,0,0,0,0,0,0,0,1
131970,0,0,0,0,0,0,0,0,1
131971,0,0,0,0,0,0,0,0,1
131972,0,0,0,0,0,0,0,0,1
131973,0,0,0,0,0,0,0,0,1
131974,0,0,0,0,0,0,0,0,1
131975,0,0,0,0,0,0,0,0,1
131976,0,0,0,0,0,0,0,0,1
131977,0,0,0,0,0,0,0,0,1
131978,0,0,0,0,0,0,0,0,1
131979,0,0,0,0,0,0,0,0,1
131980,0,0,0,0,0,0,0,0,1
131981,0,0,0,0,0,0,0,0,1
131982,0,0,0,0,0,0,0,0,1
131983,0,0,0,0,0,0,0,0,1
131984,0,0,0,0,0,0,0,0,1
131985,0,0,0,0,0,0,0,0,1
131986,0,0,0,0,0,0,0,0,1
131987,0,0,0,0,0,0,0,0,1
131988,0,0,0,0,0,0,0,0,1
131989,0,0,0,0,0,0,0,0,1
131990,0,0,0,0,0,0,0,0,1
131991,0,0,0,0,0,0,0,0,1
131992,0,0,0,0,0,0,0,0,1
131993,0,0,0,0,0,0,0,0,1
131994,0,0,0,0,0,0,0,0,1
131995,0,0,0,0,0,0,0,0,1
131996,0,0,0,0,0,0,0,0,1
131997,0,0,0,0,0,0,0,0,1
131998,0,0,0,0,0,0,0,0,1
131999,0,0,0,0,0,0,0,0,1
132000,0,0,0,0,0,0,0,0,1
132001,0,0,0,0,0,0,0,0,1
132002,0,0,0,0,0,0,0,0,1
132003,0,0,0,0,0,0,0,0,1
132004,0,0,0,0,0,0,0,0,1
132005,0,0,0,0,0,0,0,0,1
132006,0,0,0,0,0,0,0,0,1
132007,0,0,0,0,0,0,0,0,1
132008,0,0,0,0,0,0,0,0,1
132009,0,0,0,0,0,0,0,0,1
132010,0,0,0,0,0,0,0,0,1
132011,0,0,0,0,0,0,0,0,1
132012,0,0,0,0,0,0,0,0,1
132013,0,0,0,0,0,0,0,0,1
132014,0,0,0,0,0,0,0,0,1
132015,0,0,0,0,0,0,0,0,1
132016,0,0,0,0,0,0,0,0,1
132017,0,0,0,0,0,0,0,0,1
132018,0,0,0,0,0,0,0,0,1
132019,0,0,0,0,0,0,0,0,1
132020,0,0,0,0,0,0,0,0,1
132021,0,0,0,0,0,0,0,0,1
132022,0,0,0,0,0,0,0,0,1
132023,0,0,0,0,0,0,0,0,1
132024,0,0,0,0,0,0,0,0,1
132025,0,0,0,0,0,0,0,0,1
132026,0,0,0,0,0,0,0,0,1
132027,0,0,0,0,0,0,0,0,1
132028,0,0,0,0,0,0,0,0,1
132029,0,0,0,0,0,0,0,0,1
132030,0,0,0,0,0,0,0,0,1
132031,0,0,0,0,0,0,0,0,1
132032,0,0,0,0,0,0,0,0,1
132033,0,0,0,0,0,0,0,0,1
132034,0,0,0,0,0,0,0,0,1
132035,0,0,0,0,0,0,0,0,1
132036,0,0,0,0,0,0,0,0,1
132037,0,0,0,0,0,0,0,0,1
132038,0,0,0,0,0,0,0,0,1
132039,0,0,0,0,0,0,0,0,1
132040,0,0,0,0,0,0,0,0,1
132041,0,0,0,0,0,0,0,0,1
132042,0,0,0,0,0,0,0,0,1
132043,0,0,0,0,0,0,0,0,1
132044,0,0,0,0,0,0,0,0,1
132045,0,0,0,0,0,0,0,0,1
132046,0,0,0,0,0,0,0,0,1
132047,0,0,0,0,0,0,0,0,1
132048,0,0,0,0,0,0,0,0,1
132049,0,0,0,0,0,0,0,0,1
132050,0,0,0,0,0,0,0,0,1
132051,0,0,0,0,0,0,0,0,1
132052,0,0,0,0,0,0,0,0,1
132053,0,0,0,0,0,0,0,0,1
132054,0,0,0,0,0,0,0,0,1
132055,0,0,0,0,0,0,0,0,1
132056,0,0,0,0,0,0,0,0,1
132057,0,0,0,0,0,0,0,0,1
132058,0,0,0,0,0,0,0,0,1
132059,0,0,0,0,0,0,0,0,1
132060,0,0,0,0,0,0,0,0,1
132061,0,0,0,0,0,0,0,0,1
132062,0,0,0,0,0,0,0,0,1
132063,0,0,0,0,0,0,0,0,1
132064,0,0,0,0,0,0,0,0,1
132065,0,0,0,0,0,0,0,0,1
132066,0,0,0,0,0,0,0,0,1
132067,0,0,0,0,0,0,0,0,1
132068,0,0,0,0,0,0,0,0,1
132069,0,0,0,0,0,0,0,0,1
132070,0,0,0,0,0,0,0,0,1
132071,0,0,0,0,0,0,0,0,1
132072,0,0,0,0,0,0,0,0,1
132073,0,0,0,0,0,0,0,0,1
132074,0,0,0,0,0,0,0,0,1
132075,0,0,0,0,0,0,0,0,1
132076,0,0,0,0,0,0,0,0,1
132077,0,0,0,0,0,0,0,0,1
132078,0,0,0,0,0,0,0,0,1
132079,0,0,0,0,0,0,0,0,1
132080,0,0,0,0,0,0,0,0,1
132081,0,0,0,0,0,0,0,0,1
132082,0,0,0,0,0,0,0,0,1
132083,0,0,0,0,0,0,0,0,1
132084,0,0,0,0,0,0,0,0,1
132085,0,0,0,0,0,0,0,0,1
132086,0,0,0,0,0,0,0,0,1
132087,0,0,0,0,0,0,0,0,1
132088,0,0,0,0,0,0,0,0,1
132089,0,0,0,0,0,0,0,0,1
132090,0,0,0,0,0,0,0,0,1
132091,0,0,0,0,0,0,0,0,1
132092,0,0,0,0,0,0,0,0,1
132093,0,0,0,0,0,0,0,0,1
132094,0,0,0,0,0,0,0,0,1
132095,0,0,0,0,0,0,0,0,1
132096,0,0,0,0,0,0,0,0,1
132097,0,0,0,0,0,0,0,0,1
132098,0,0,0,0,0,0,0,0,1
132099,0,0,0,0,0,0,0,0,1
132100,0,0,0,0,0,0,0,0,1
132101,0,0,0,0,0,0,0,0,1
132102,0,0,0,0,0,0,0,0,1
132103,0,0,0,0,0,0,0,0,1
132104,0,0,0,0,0,0,0,0,1
132105,0,0,0,0,0,0,0,0,1
132106,0,0,0,0,0,0,0,0,1
132107,0,0,0,0,0,0,0,0,1
132108,0,0,0,0,0,0,0,0,1
132109,0,0,0,0,0,0,0,0,1
132110,0,0,0,0,0,0,0,0,1
132111,0,0,0,0,0,0,0,0,1
132112,0,0,0,0,0,0,0,0,1
132113,0,0,0,0,0,0,0,0,1
132114,0,0,0,0,0,0,0,0,1
132115,0,0,0,0,0,0,0,0,1
132116,0,0,0,0,0,0,0,0,1
132117,0,0,0,0,0,0,0,0,1
132118,0,0,0,0,0,0,0,0,1
132119,0,0,0,0,0,0,0,0,1
132120,0,0,0,0,0,0,0,0,1
132121,0,0,0,0,0,0,0,0,1
132122,0,0,0,0,0,0,0,0,1
132123,0,0,0,0,0,0,0,0,1
132124,0,0,0,0,0,0,0,0,1
132125,0,0,0,0,0,0,0,0,1
132126,0,0,0,0,0,0,0,0,1
132127,0,0,0,0,0,0,0,0,1
132128,0,0,0,0,0,0,0,0,1
132129,0,0,0,0,0,0,0,0,1
132130,0,0,0,0,0,0,0,0,1
132131,0,0,0,0,0,0,0,0,1
132132,0,0,0,0,0,0,0,0,1
132133,0,0,0,0,0,0,0,0,1
132134,0,0,0,0,0,0,0,0,1
132135,0,0,0,0,0,0,0,0,1
132136,0,0,0,0,0,0,0,0,1
132137,0,0,0,0,0,0,0,0,1
132138,0,0,0,0,0,0,0,0,1
132139,0,0,0,0,0,0,0,0,1
132140,0,0,0,0,0,0,0,0,1
132141,0,0,0,0,0,0,0,0,1
132142,0,0,0,0,0,0,0,0,1
132143,0,0,0,0,0,0,0,0,1
132144,0,0,0,0,0,0,0,0,1
132145,0,0,0,0,0,0,0,0,1
132146,0,0,0,0,0,0,0,0,1
132147,0,0,0,0,0,0,0,0,1
132148,0,0,0,0,0,0,0,0,1
132149,0,0,0,0,0,0,0,0,1
132150,0,0,0,0,0,0,0,0,1
132151,0,0,0,0,0,0,0,0,1
132152,0,0,0,0,0,0,0,0,1
132153,0,0,0,0,0,0,0,0,1
132154,0,0,0,0,0,0,0,0,1
132155,0,0,0,0,0,0,0,0,1
132156,0,0,0,0,0,0,0,0,1
132157,0,0,0,0,0,0,0,0,1
132158,0,0,0,0,0,0,0,0,1
132159,0,0,0,0,0,0,0,0,1
132160,0,0,0,0,0,0,0,0,1
132161,0,0,0,0,0,0,0,0,1
132162,0,0,0,0,0,0,0,0,1
132163,0,0,0,0,0,0,0,0,1
132164,0,0,0,0,0,0,0,0,1
132165,0,0,0,0,0,0,0,0,1
132166,0,0,0,0,0,0,0,0,1
132167,0,0,0,0,0,0,0,0,1
132168,0,0,0,0,0,0,0,0,1
132169,0,0,0,0,0,0,0,0,1
132170,0,0,0,0,0,0,0,0,1
132171,0,0,0,0,0,0,0,0,1
132172,0,0,0,0,0,0,0,0,1
132173,0,0,0,0,0,0,0,0,1
132174,0,0,0,0,0,0,0,0,1
132175,0,0,0,0,0,0,0,0,1
132176,0,0,0,0,0,0,0,0,1
132177,0,0,0,0,0,0,0,0,1
132178,0,0,0,0,0,0,0,0,1
132179,0,0,0,0,0,0,0,0,1
132180,0,0,0,0,0,0,0,0,1
132181,0,0,0,0,0,0,0,0,1
132182,0,0,0,0,0,0,0,0,1
132183,0,0,0,0,0,0,0,0,1
132184,0,0,0,0,0,0,0,0,1
132185,0,0,0,0,0,0,0,0,1
132186,0,0,0,0,0,0,0,0,1
132187,0,0,0,0,0,0,0,0,1
132188,0,0,0,0,0,0,0,0,1
132189,0,0,0,0,0,0,0,0,1
132190,0,0,0,0,0,0,0,0,1
132191,0,0,0,0,0,0,0,0,1
132192,0,0,0,0,0,0,0,0,1
132193,0,0,0,0,0,0,0,0,1
132194,0,0,0,0,0,0,0,0,1
132195,0,0,0,0,0,0,0,0,1
132196,0,0,0,0,0,0,0,0,1
132197,0,0,0,0,0,0,0,0,1
132198,0,0,0,0,0,0,0,0,1
132199,0,0,0,0,0,0,0,0,1
132200,0,0,0,0,0,0,0,0,1
132201,0,0,0,0,0,0,0,0,1
132202,0,0,0,0,0,0,0,0,1
132203,0,0,0,0,0,0,0,0,1
132204,0,0,0,0,0,0,0,0,1
132205,0,0,0,0,0,0,0,0,1
132206,0,0,0,0,0,0,0,0,1
132207,0,0,0,0,0,0,0,0,1
132208,0,0,0,0,0,0,0,0,1
132209,0,0,0,0,0,0,0,0,1
132210,0,0,0,0,0,0,0,0,1
132211,0,0,0,0,0,0,0,0,1
132212,0,0,0,0,0,0,0,0,1
132213,0,0,0,0,0,0,0,0,1
132214,0,0,0,0,0,0,0,0,1
132215,0,0,0,0,0,0,0,0,1
132216,0,0,0,0,0,0,0,0,1
132217,0,0,0,0,0,0,0,0,1
132218,0,0,0,0,0,0,0,0,1
132219,0,0,0,0,0,0,0,0,1
132220,0,0,0,0,0,0,0,0,1
132221,0,0,0,0,0,0,0,0,1
132222,0,0,0,0,0,0,0,0,1
132223,0,0,0,0,0,0,0,0,1
132224,0,0,0,0,0,0,0,0,1
132225,0,0,0,0,0,0,0,0,1
132226,0,0,0,0,0,0,0,0,1
132227,0,0,0,0,0,0,0,0,1
132228,0,0,0,0,0,0,0,0,1
132229,0,0,0,0,0,0,0,0,1
132230,0,0,0,0,0,0,0,0,1
132231,0,0,0,0,0,0,0,0,1
132232,0,0,0,0,0,0,0,0,1
132233,0,0,0,0,0,0,0,0,1
132234,0,0,0,0,0,0,0,0,1
132235,0,0,0,0,0,0,0,0,1
132236,0,0,0,0,0,0,0,0,1
132237,0,0,0,0,0,0,0,0,1
132238,0,0,0,0,0,0,0,0,1
132239,0,0,0,0,0,0,0,0,1
132240,0,0,0,0,0,0,0,0,1
132241,0,0,0,0,0,0,0,0,1
132242,0,0,0,0,0,0,0,0,1
132243,0,0,0,0,0,0,0,0,1
132244,0,0,0,0,0,0,0,0,1
132245,0,0,0,0,0,0,0,0,1
132246,0,0,0,0,0,0,0,0,1
132247,0,0,0,0,0,0,0,0,1
132248,0,0,0,0,0,0,0,0,1
132249,0,0,0,0,0,0,0,0,1
132250,0,0,0,0,0,0,0,0,1
132251,0,0,0,0,0,0,0,0,1
132252,0,0,0,0,0,0,0,0,1
132253,0,0,0,0,0,0,0,0,1
132254,0,0,0,0,0,0,0,0,1
132255,0,0,0,0,0,0,0,0,1
132256,0,0,0,0,0,0,0,0,1
132257,0,0,0,0,0,0,0,0,1
132258,0,0,0,0,0,0,0,0,1
132259,0,0,0,0,0,0,0,0,1
132260,0,0,0,0,0,0,0,0,1
132261,0,0,0,0,0,0,0,0,1
132262,0,0,0,0,0,0,0,0,1
132263,0,0,0,0,0,0,0,0,1
132264,0,0,0,0,0,0,0,0,1
132265,0,0,0,0,0,0,0,0,1
132266,0,0,0,0,0,0,0,0,1
132267,0,0,0,0,0,0,0,0,1
132268,0,0,0,0,0,0,0,0,1
132269,0,0,0,0,0,0,0,0,1
132270,0,0,0,0,0,0,0,0,1
132271,0,0,0,0,0,0,0,0,1
132272,0,0,0,0,0,0,0,0,1
132273,0,0,0,0,0,0,0,0,1
132274,0,0,0,0,0,0,0,0,1
132275,0,0,0,0,0,0,0,0,1
132276,0,0,0,0,0,0,0,0,1
132277,0,0,0,0,0,0,0,0,1
132278,0,0,0,0,0,0,0,0,1
132279,0,0,0,0,0,0,0,0,1
132280,0,0,0,0,0,0,0,0,1
132281,0,0,0,0,0,0,0,0,1
132282,0,0,0,0,0,0,0,0,1
132283,0,0,0,0,0,0,0,0,1
132284,0,0,0,0,0,0,0,0,1
132285,0,0,0,0,0,0,0,0,1
132286,0,0,0,0,0,0,0,0,1
132287,0,0,0,0,0,0,0,0,1
132288,0,0,0,0,0,0,0,0,1
132289,0,0,0,0,0,0,0,0,1
132290,0,0,0,0,0,0,0,0,1
132291,0,0,0,0,0,0,0,0,1
132292,0,0,0,0,0,0,0,0,1
132293,0,0,0,0,0,0,0,0,1
132294,0,0,0,0,0,0,0,0,1
132295,0,0,0,0,0,0,0,0,1
132296,0,0,0,0,0,0,0,0,1
132297,0,0,0,0,0,0,0,0,1
132298,0,0,0,0,0,0,0,0,1
132299,0,0,0,0,0,0,0,0,1
132300,0,0,0,0,0,0,0,0,1
132301,0,0,0,0,0,0,0,0,1
132302,0,0,0,0,0,0,0,0,1
132303,0,0,0,0,0,0,0,0,1
132304,0,0,0,0,0,0,0,0,1
132305,0,0,0,0,0,0,0,0,1
132306,0,0,0,0,0,0,0,0,1
132307,0,0,0,0,0,0,0,0,1
132308,0,0,0,0,0,0,0,0,1
132309,0,0,0,0,0,0,0,0,1
132310,0,0,0,0,0,0,0,0,1
132311,0,0,0,0,0,0,0,0,1
132312,0,0,0,0,0,0,0,0,1
132313,0,0,0,0,0,0,0,0,1
132314,0,0,0,0,0,0,0,0,1
132315,0,0,0,0,0,0,0,0,1
132316,0,0,0,0,0,0,0,0,1
132317,0,0,0,0,0,0,0,0,1
132318,0,0,0,0,0,0,0,0,1
132319,0,0,0,0,0,0,0,0,1
132320,0,0,0,0,0,0,0,0,1
132321,0,0,0,0,0,0,0,0,1
132322,0,0,0,0,0,0,0,0,1
132323,0,0,0,0,0,0,0,0,1
132324,0,0,0,0,0,0,0,0,1
132325,0,0,0,0,0,0,0,0,1
132326,0,0,0,0,0,0,0,0,1
132327,0,0,0,0,0,0,0,0,1
132328,0,0,0,0,0,0,0,0,1
132329,0,0,0,0,0,0,0,0,1
132330,0,0,0,0,0,0,0,0,1
132331,0,0,0,0,0,0,0,0,1
132332,0,0,0,0,0,0,0,0,1
132333,0,0,0,0,0,0,0,0,1
132334,0,0,0,0,0,0,0,0,1
132335,0,0,0,0,0,0,0,0,1
132336,0,0,0,0,0,0,0,0,1
132337,0,0,0,0,0,0,0,0,1
132338,0,0,0,0,0,0,0,0,1
132339,0,0,0,0,0,0,0,0,1
132340,0,0,0,0,0,0,0,0,1
132341,0,0,0,0,0,0,0,0,1
132342,0,0,0,0,0,0,0,0,1
132343,0,0,0,0,0,0,0,0,1
132344,0,0,0,0,0,0,0,0,1
132345,0,0,0,0,0,0,0,0,1
132346,0,0,0,0,0,0,0,0,1
132347,0,0,0,0,0,0,0,0,1
132348,0,0,0,0,0,0,0,0,1
132349,0,0,0,0,0,0,0,0,1
132350,0,0,0,0,0,0,0,0,1
132351,0,0,0,0,0,0,0,0,1
132352,0,0,0,0,0,0,0,0,1
132353,0,0,0,0,0,0,0,0,1
132354,0,0,0,0,0,0,0,0,1
132355,0,0,0,0,0,0,0,0,1
132356,0,0,0,0,0,0,0,0,1
132357,0,0,0,0,0,0,0,0,1
132358,0,0,0,0,0,0,0,0,1
132359,0,0,0,0,0,0,0,0,1
132360,0,0,0,0,0,0,0,0,1
132361,0,0,0,0,0,0,0,0,1
132362,0,0,0,0,0,0,0,0,1
132363,0,0,0,0,0,0,0,0,1
132364,0,0,0,0,0,0,0,0,1
132365,0,0,0,0,0,0,0,0,1
132366,0,0,0,0,0,0,0,0,1
132367,0,0,0,0,0,0,0,0,1
132368,0,0,0,0,0,0,0,0,1
132369,0,0,0,0,0,0,0,0,1
132370,0,0,0,0,0,0,0,0,1
132371,0,0,0,0,0,0,0,0,1
132372,0,0,0,0,0,0,0,0,1
132373,0,0,0,0,0,0,0,0,1
132374,0,0,0,0,0,0,0,0,1
132375,0,0,0,0,0,0,0,0,1
132376,0,0,0,0,0,0,0,0,1
132377,0,0,0,0,0,0,0,0,1
132378,0,0,0,0,0,0,0,0,1
132379,0,0,0,0,0,0,0,0,1
132380,0,0,0,0,0,0,0,0,1
132381,0,0,0,0,0,0,0,0,1
132382,0,0,0,0,0,0,0,0,1
132383,0,0,0,0,0,0,0,0,1
132384,0,0,0,0,0,0,0,0,1
132385,0,0,0,0,0,0,0,0,1
132386,0,0,0,0,0,0,0,0,1
132387,0,0,0,0,0,0,0,0,1
132388,0,0,0,0,0,0,0,0,1
132389,0,0,0,0,0,0,0,0,1
132390,0,0,0,0,0,0,0,0,1
132391,0,0,0,0,0,0,0,0,1
132392,0,0,0,0,0,0,0,0,1
132393,0,0,0,0,0,0,0,0,1
132394,0,0,0,0,0,0,0,0,1
132395,0,0,0,0,0,0,0,0,1
132396,0,0,0,0,0,0,0,0,1
132397,0,0,0,0,0,0,0,0,1
132398,0,0,0,0,0,0,0,0,1
132399,0,0,0,0,0,0,0,0,1
132400,0,0,0,0,0,0,0,0,1
132401,0,0,0,0,0,0,0,0,1
132402,0,0,0,0,0,0,0,0,1
132403,0,0,0,0,0,0,0,0,1
132404,0,0,0,0,0,0,0,0,1
132405,0,0,0,0,0,0,0,0,1
132406,0,0,0,0,0,0,0,0,1
132407,0,0,0,0,0,0,0,0,1
132408,0,0,0,0,0,0,0,0,1
132409,0,0,0,0,0,0,0,0,1
132410,0,0,0,0,0,0,0,0,1
132411,0,0,0,0,0,0,0,0,1
132412,0,0,0,0,0,0,0,0,1
132413,0,0,0,0,0,0,0,0,1
132414,0,0,0,0,0,0,0,0,1
132415,0,0,0,0,0,0,0,0,1
132416,0,0,0,0,0,0,0,0,1
132417,0,0,0,0,0,0,0,0,1
132418,0,0,0,0,0,0,0,0,1
132419,0,0,0,0,0,0,0,0,1
132420,0,0,0,0,0,0,0,0,1
132421,0,0,0,0,0,0,0,0,1
132422,0,0,0,0,0,0,0,0,1
132423,0,0,0,0,0,0,0,0,1
132424,0,0,0,0,0,0,0,0,1
132425,0,0,0,0,0,0,0,0,1
132426,0,0,0,0,0,0,0,0,1
132427,0,0,0,0,0,0,0,0,1
132428,0,0,0,0,0,0,0,0,1
132429,0,0,0,0,0,0,0,0,1
132430,0,0,0,0,0,0,0,0,1
132431,0,0,0,0,0,0,0,0,1
132432,0,0,0,0,0,0,0,0,1
132433,0,0,0,0,0,0,0,0,1
132434,0,0,0,0,0,0,0,0,1
132435,0,0,0,0,0,0,0,0,1
132436,0,0,0,0,0,0,0,0,1
132437,0,0,0,0,0,0,0,0,1
132438,0,0,0,0,0,0,0,0,1
132439,0,0,0,0,0,0,0,0,1
132440,0,0,0,0,0,0,0,0,1
132441,0,0,0,0,0,0,0,0,1
132442,0,0,0,0,0,0,0,0,1
132443,0,0,0,0,0,0,0,0,1
132444,0,0,0,0,0,0,0,0,1
132445,0,0,0,0,0,0,0,0,1
132446,0,0,0,0,0,0,0,0,1
132447,0,0,0,0,0,0,0,0,1
132448,0,0,0,0,0,0,0,0,1
132449,0,0,0,0,0,0,0,0,1
132450,0,0,0,0,0,0,0,0,1
132451,0,0,0,0,0,0,0,0,1
132452,0,0,0,0,0,0,0,0,1
132453,0,0,0,0,0,0,0,0,1
132454,0,0,0,0,0,0,0,0,1
132455,0,0,0,0,0,0,0,0,1
132456,0,0,0,0,0,0,0,0,1
132457,0,0,0,0,0,0,0,0,1
132458,0,0,0,0,0,0,0,0,1
132459,0,0,0,0,0,0,0,0,1
132460,0,0,0,0,0,0,0,0,1
132461,0,0,0,0,0,0,0,0,1
132462,0,0,0,0,0,0,0,0,1
132463,0,0,0,0,0,0,0,0,1
132464,0,0,0,0,0,0,0,0,1
132465,0,0,0,0,0,0,0,0,1
132466,0,0,0,0,0,0,0,0,1
132467,0,0,0,0,0,0,0,0,1
132468,0,0,0,0,0,0,0,0,1
132469,0,0,0,0,0,0,0,0,1
132470,0,0,0,0,0,0,0,0,1
132471,0,0,0,0,0,0,0,0,1
132472,0,0,0,0,0,0,0,0,1
132473,0,0,0,0,0,0,0,0,1
132474,0,0,0,0,0,0,0,0,1
132475,0,0,0,0,0,0,0,0,1
132476,0,0,0,0,0,0,0,0,1
132477,0,0,0,0,0,0,0,0,1
132478,0,0,0,0,0,0,0,0,1
132479,0,0,0,0,0,0,0,0,1
132480,0,0,0,0,0,0,0,0,1
132481,0,0,0,0,0,0,0,0,1
132482,0,0,0,0,0,0,0,0,1
132483,0,0,0,0,0,0,0,0,1
132484,0,0,0,0,0,0,0,0,1
132485,0,0,0,0,0,0,0,0,1
132486,0,0,0,0,0,0,0,0,1
132487,0,0,0,0,0,0,0,0,1
132488,0,0,0,0,0,0,0,0,1
132489,0,0,0,0,0,0,0,0,1
132490,0,0,0,0,0,0,0,0,1
132491,0,0,0,0,0,0,0,0,1
132492,0,0,0,0,0,0,0,0,1
132493,0,0,0,0,0,0,0,0,1
132494,0,0,0,0,0,0,0,0,1
132495,0,0,0,0,0,0,0,0,1
132496,0,0,0,0,0,0,0,0,1
132497,0,0,0,0,0,0,0,0,1
132498,0,0,0,0,0,0,0,0,1
132499,0,0,0,0,0,0,0,0,1
132500,0,0,0,0,0,0,0,0,1
132501,0,0,0,0,0,0,0,0,1
132502,0,0,0,0,0,0,0,0,1
132503,0,0,0,0,0,0,0,0,1
132504,0,0,0,0,0,0,0,0,1
132505,0,0,0,0,0,0,0,0,1
132506,0,0,0,0,0,0,0,0,1
132507,0,0,0,0,0,0,0,0,1
132508,0,0,0,0,0,0,0,0,1
132509,0,0,0,0,0,0,0,0,1
132510,0,0,0,0,0,0,0,0,1
132511,0,0,0,0,0,0,0,0,1
132512,0,0,0,0,0,0,0,0,1
132513,0,0,0,0,0,0,0,0,1
132514,0,0,0,0,0,0,0,0,1
132515,0,0,0,0,0,0,0,0,1
132516,0,0,0,0,0,0,0,0,1
132517,0,0,0,0,0,0,0,0,1
132518,0,0,0,0,0,0,0,0,1
132519,0,0,0,0,0,0,0,0,1
132520,0,0,0,0,0,0,0,0,1
132521,0,0,0,0,0,0,0,0,1
132522,0,0,0,0,0,0,0,0,1
132523,0,0,0,0,0,0,0,0,1
132524,0,0,0,0,0,0,0,0,1
132525,0,0,0,0,0,0,0,0,1
132526,0,0,0,0,0,0,0,0,1
132527,0,0,0,0,0,0,0,0,1
132528,0,0,0,0,0,0,0,0,1
132529,0,0,0,0,0,0,0,0,1
132530,0,0,0,0,0,0,0,0,1
132531,0,0,0,0,0,0,0,0,1
132532,0,0,0,0,0,0,0,0,1
132533,0,0,0,0,0,0,0,0,1
132534,0,0,0,0,0,0,0,0,1
132535,0,0,0,0,0,0,0,0,1
132536,0,0,0,0,0,0,0,0,1
132537,0,0,0,0,0,0,0,0,1
132538,0,0,0,0,0,0,0,0,1
132539,0,0,0,0,0,0,0,0,1
132540,0,0,0,0,0,0,0,0,1
132541,0,0,0,0,0,0,0,0,1
132542,0,0,0,0,0,0,0,0,1
132543,0,0,0,0,0,0,0,0,1
132544,0,0,0,0,0,0,0,0,1
132545,0,0,0,0,0,0,0,0,1
132546,0,0,0,0,0,0,0,0,1
132547,0,0,0,0,0,0,0,0,1
132548,0,0,0,0,0,0,0,0,1
132549,0,0,0,0,0,0,0,0,1
132550,0,0,0,0,0,0,0,0,1
132551,0,0,0,0,0,0,0,0,1
132552,0,0,0,0,0,0,0,0,1
132553,0,0,0,0,0,0,0,0,1
132554,0,0,0,0,0,0,0,0,1
132555,0,0,0,0,0,0,0,0,1
132556,0,0,0,0,0,0,0,0,1
132557,0,0,0,0,0,0,0,0,1
132558,0,0,0,0,0,0,0,0,1
132559,0,0,0,0,0,0,0,0,1
132560,0,0,0,0,0,0,0,0,1
132561,0,0,0,0,0,0,0,0,1
132562,0,0,0,0,0,0,0,0,1
132563,0,0,0,0,0,0,0,0,1
132564,0,0,0,0,0,0,0,0,1
132565,0,0,0,0,0,0,0,0,1
132566,0,0,0,0,0,0,0,0,1
132567,0,0,0,0,0,0,0,0,1
132568,0,0,0,0,0,0,0,0,1
132569,0,0,0,0,0,0,0,0,1
132570,0,0,0,0,0,0,0,0,1
132571,0,0,0,0,0,0,0,0,1
132572,0,0,0,0,0,0,0,0,1
132573,0,0,0,0,0,0,0,0,1
132574,0,0,0,0,0,0,0,0,1
132575,0,0,0,0,0,0,0,0,1
132576,0,0,0,0,0,0,0,0,1
132577,0,0,0,0,0,0,0,0,1
132578,0,0,0,0,0,0,0,0,1
132579,0,0,0,0,0,0,0,0,1
132580,0,0,0,0,0,0,0,0,1
132581,0,0,0,0,0,0,0,0,1
132582,0,0,0,0,0,0,0,0,1
132583,0,0,0,0,0,0,0,0,1
132584,0,0,0,0,0,0,0,0,1
132585,0,0,0,0,0,0,0,0,1
132586,0,0,0,0,0,0,0,0,1
132587,0,0,0,0,0,0,0,0,1
132588,0,0,0,0,0,0,0,0,1
132589,0,0,0,0,0,0,0,0,1
132590,0,0,0,0,0,0,0,0,1
132591,0,0,0,0,0,0,0,0,1
132592,0,0,0,0,0,0,0,0,1
132593,0,0,0,0,0,0,0,0,1
132594,0,0,0,0,0,0,0,0,1
132595,0,0,0,0,0,0,0,0,1
132596,0,0,0,0,0,0,0,0,1
132597,0,0,0,0,0,0,0,0,1
132598,0,0,0,0,0,0,0,0,1
132599,0,0,0,0,0,0,0,0,1
132600,0,0,0,0,0,0,0,0,1
132601,0,0,0,0,0,0,0,0,1
132602,0,0,0,0,0,0,0,0,1
132603,0,0,0,0,0,0,0,0,1
132604,0,0,0,0,0,0,0,0,1
132605,0,0,0,0,0,0,0,0,1
132606,0,0,0,0,0,0,0,0,1
132607,0,0,0,0,0,0,0,0,1
132608,0,0,0,0,0,0,0,0,1
132609,0,0,0,0,0,0,0,0,1
132610,0,0,0,0,0,0,0,0,1
132611,0,0,0,0,0,0,0,0,1
132612,0,0,0,0,0,0,0,0,1
132613,0,0,0,0,0,0,0,0,1
132614,0,0,0,0,0,0,0,0,1
132615,0,0,0,0,0,0,0,0,1
132616,0,0,0,0,0,0,0,0,1
132617,0,0,0,0,0,0,0,0,1
132618,0,0,0,0,0,0,0,0,1
132619,0,0,0,0,0,0,0,0,1
132620,0,0,0,0,0,0,0,0,1
132621,0,0,0,0,0,0,0,0,1
132622,0,0,0,0,0,0,0,0,1
132623,0,0,0,0,0,0,0,0,1
132624,0,0,0,0,0,0,0,0,1
132625,0,0,0,0,0,0,0,0,1
132626,0,0,0,0,0,0,0,0,1
132627,0,0,0,0,0,0,0,0,1
132628,0,0,0,0,0,0,0,0,1
132629,0,0,0,0,0,0,0,0,1
132630,0,0,0,0,0,0,0,0,1
132631,0,0,0,0,0,0,0,0,1
132632,0,0,0,0,0,0,0,0,1
132633,0,0,0,0,0,0,0,0,1
132634,0,0,0,0,0,0,0,0,1
132635,0,0,0,0,0,0,0,0,1
132636,0,0,0,0,0,0,0,0,1
132637,0,0,0,0,0,0,0,0,1
132638,0,0,0,0,0,0,0,0,1
132639,0,0,0,0,0,0,0,0,1
132640,0,0,0,0,0,0,0,0,1
132641,0,0,0,0,0,0,0,0,1
132642,0,0,0,0,0,0,0,0,1
132643,0,0,0,0,0,0,0,0,1
132644,0,0,0,0,0,0,0,0,1
132645,0,0,0,0,0,0,0,0,1
132646,0,0,0,0,0,0,0,0,1
132647,0,0,0,0,0,0,0,0,1
132648,0,0,0,0,0,0,0,0,1
132649,0,0,0,0,0,0,0,0,1
132650,0,0,0,0,0,0,0,0,1
132651,0,0,0,0,0,0,0,0,1
132652,0,0,0,0,0,0,0,0,1
132653,0,0,0,0,0,0,0,0,1
132654,0,0,0,0,0,0,0,0,1
132655,0,0,0,0,0,0,0,0,1
132656,0,0,0,0,0,0,0,0,1
132657,0,0,0,0,0,0,0,0,1
132658,0,0,0,0,0,0,0,0,1
132659,0,0,0,0,0,0,0,0,1
132660,0,0,0,0,0,0,0,0,1
132661,0,0,0,0,0,0,0,0,1
132662,0,0,0,0,0,0,0,0,1
132663,0,0,0,0,0,0,0,0,1
132664,0,0,0,0,0,0,0,0,1
132665,0,0,0,0,0,0,0,0,1
132666,0,0,0,0,0,0,0,0,1
132667,0,0,0,0,0,0,0,0,1
132668,0,0,0,0,0,0,0,0,1
132669,0,0,0,0,0,0,0,0,1
132670,0,0,0,0,0,0,0,0,1
132671,0,0,0,0,0,0,0,0,1
132672,0,0,0,0,0,0,0,0,1
132673,0,0,0,0,0,0,0,0,1
132674,0,0,0,0,0,0,0,0,1
132675,0,0,0,0,0,0,0,0,1
132676,0,0,0,0,0,0,0,0,1
132677,0,0,0,0,0,0,0,0,1
132678,0,0,0,0,0,0,0,0,1
132679,0,0,0,0,0,0,0,0,1
132680,0,0,0,0,0,0,0,0,1
132681,0,0,0,0,0,0,0,0,1
132682,0,0,0,0,0,0,0,0,1
132683,0,0,0,0,0,0,0,0,1
132684,0,0,0,0,0,0,0,0,1
132685,0,0,0,0,0,0,0,0,1
132686,0,0,0,0,0,0,0,0,1
132687,0,0,0,0,0,0,0,0,1
132688,0,0,0,0,0,0,0,0,1
132689,0,0,0,0,0,0,0,0,1
132690,0,0,0,0,0,0,0,0,1
132691,0,0,0,0,0,0,0,0,1
132692,0,0,0,0,0,0,0,0,1
132693,0,0,0,0,0,0,0,0,1
132694,0,0,0,0,0,0,0,0,1
132695,0,0,0,0,0,0,0,0,1
132696,0,0,0,0,0,0,0,0,1
132697,0,0,0,0,0,0,0,0,1
132698,0,0,0,0,0,0,0,0,1
132699,0,0,0,0,0,0,0,0,1
132700,0,0,0,0,0,0,0,0,1
132701,0,0,0,0,0,0,0,0,1
132702,0,0,0,0,0,0,0,0,1
132703,0,0,0,0,0,0,0,0,1
132704,0,0,0,0,0,0,0,0,1
132705,0,0,0,0,0,0,0,0,1
132706,0,0,0,0,0,0,0,0,1
132707,0,0,0,0,0,0,0,0,1
132708,0,0,0,0,0,0,0,0,1
132709,0,0,0,0,0,0,0,0,1
132710,0,0,0,0,0,0,0,0,1
132711,0,0,0,0,0,0,0,0,1
132712,0,0,0,0,0,0,0,0,1
132713,0,0,0,0,0,0,0,0,1
132714,0,0,0,0,0,0,0,0,1
132715,0,0,0,0,0,0,0,0,1
132716,0,0,0,0,0,0,0,0,1
132717,0,0,0,0,0,0,0,0,1
132718,0,0,0,0,0,0,0,0,1
132719,0,0,0,0,0,0,0,0,1
132720,0,0,0,0,0,0,0,0,1
132721,0,0,0,0,0,0,0,0,1
132722,0,0,0,0,0,0,0,0,1
132723,0,0,0,0,0,0,0,0,1
132724,0,0,0,0,0,0,0,0,1
132725,0,0,0,0,0,0,0,0,1
132726,0,0,0,0,0,0,0,0,1
132727,0,0,0,0,0,0,0,0,1
132728,0,0,0,0,0,0,0,0,1
132729,0,0,0,0,0,0,0,0,1
132730,0,0,0,0,0,0,0,0,1
132731,0,0,0,0,0,0,0,0,1
132732,0,0,0,0,0,0,0,0,1
132733,0,0,0,0,0,0,0,0,1
132734,0,0,0,0,0,0,0,0,1
132735,0,0,0,0,0,0,0,0,1
132736,0,0,0,0,0,0,0,0,1
132737,0,0,0,0,0,0,0,0,1
132738,0,0,0,0,0,0,0,0,1
132739,0,0,0,0,0,0,0,0,1
132740,0,0,0,0,0,0,0,0,1
132741,0,0,0,0,0,0,0,0,1
132742,0,0,0,0,0,0,0,0,1
132743,0,0,0,0,0,0,0,0,1
132744,0,0,0,0,0,0,0,0,1
132745,0,0,0,0,0,0,0,0,1
132746,0,0,0,0,0,0,0,0,1
132747,0,0,0,0,0,0,0,0,1
132748,0,0,0,0,0,0,0,0,1
132749,0,0,0,0,0,0,0,0,1
132750,0,0,0,0,0,0,0,0,1
132751,0,0,0,0,0,0,0,0,1
132752,0,0,0,0,0,0,0,0,1
132753,0,0,0,0,0,0,0,0,1
132754,0,0,0,0,0,0,0,0,1
132755,0,0,0,0,0,0,0,0,1
132756,0,0,0,0,0,0,0,0,1
132757,0,0,0,0,0,0,0,0,1
132758,0,0,0,0,0,0,0,0,1
132759,0,0,0,0,0,0,0,0,1
132760,0,0,0,0,0,0,0,0,1
132761,0,0,0,0,0,0,0,0,1
132762,0,0,0,0,0,0,0,0,1
132763,0,0,0,0,0,0,0,0,1
132764,0,0,0,0,0,0,0,0,1
132765,0,0,0,0,0,0,0,0,1
132766,0,0,0,0,0,0,0,0,1
132767,0,0,0,0,0,0,0,0,1
132768,0,0,0,0,0,0,0,0,1
132769,0,0,0,0,0,0,0,0,1
132770,0,0,0,0,0,0,0,0,1
132771,0,0,0,0,0,0,0,0,1
132772,0,0,0,0,0,0,0,0,1
132773,0,0,0,0,0,0,0,0,1
132774,0,0,0,0,0,0,0,0,1
132775,0,0,0,0,0,0,0,0,1
132776,0,0,0,0,0,0,0,0,1
132777,0,0,0,0,0,0,0,0,1
132778,0,0,0,0,0,0,0,0,1
132779,0,0,0,0,0,0,0,0,1
132780,0,0,0,0,0,0,0,0,1
132781,0,0,0,0,0,0,0,0,1
132782,0,0,0,0,0,0,0,0,1
132783,0,0,0,0,0,0,0,0,1
132784,0,0,0,0,0,0,0,0,1
132785,0,0,0,0,0,0,0,0,1
132786,0,0,0,0,0,0,0,0,1
132787,0,0,0,0,0,0,0,0,1
132788,0,0,0,0,0,0,0,0,1
132789,0,0,0,0,0,0,0,0,1
132790,0,0,0,0,0,0,0,0,1
132791,0,0,0,0,0,0,0,0,1
132792,0,0,0,0,0,0,0,0,1
132793,0,0,0,0,0,0,0,0,1
132794,0,0,0,0,0,0,0,0,1
132795,0,0,0,0,0,0,0,0,1
132796,0,0,0,0,0,0,0,0,1
132797,0,0,0,0,0,0,0,0,1
132798,0,0,0,0,0,0,0,0,1
132799,0,0,0,0,0,0,0,0,1
132800,0,0,0,0,0,0,0,0,1
132801,0,0,0,0,0,0,0,0,1
132802,0,0,0,0,0,0,0,0,1
132803,0,0,0,0,0,0,0,0,1
132804,0,0,0,0,0,0,0,0,1
132805,0,0,0,0,0,0,0,0,1
132806,0,0,0,0,0,0,0,0,1
132807,0,0,0,0,0,0,0,0,1
132808,0,0,0,0,0,0,0,0,1
132809,0,0,0,0,0,0,0,0,1
132810,0,0,0,0,0,0,0,0,1
132811,0,0,0,0,0,0,0,0,1
132812,0,0,0,0,0,0,0,0,1
132813,0,0,0,0,0,0,0,0,1
132814,0,0,0,0,0,0,0,0,1
132815,0,0,0,0,0,0,0,0,1
132816,0,0,0,0,0,0,0,0,1
132817,0,0,0,0,0,0,0,0,1
132818,0,0,0,0,0,0,0,0,1
132819,0,0,0,0,0,0,0,0,1
132820,0,0,0,0,0,0,0,0,1
132821,0,0,0,0,0,0,0,0,1
132822,0,0,0,0,0,0,0,0,1
132823,0,0,0,0,0,0,0,0,1
132824,0,0,0,0,0,0,0,0,1
132825,0,0,0,0,0,0,0,0,1
132826,0,0,0,0,0,0,0,0,1
132827,0,0,0,0,0,0,0,0,1
132828,0,0,0,0,0,0,0,0,1
132829,0,0,0,0,0,0,0,0,1
132830,0,0,0,0,0,0,0,0,1
132831,0,0,0,0,0,0,0,0,1
132832,0,0,0,0,0,0,0,0,1
132833,0,0,0,0,0,0,0,0,1
132834,0,0,0,0,0,0,0,0,1
132835,0,0,0,0,0,0,0,0,1
132836,0,0,0,0,0,0,0,0,1
132837,0,0,0,0,0,0,0,0,1
132838,0,0,0,0,0,0,0,0,1
132839,0,0,0,0,0,0,0,0,1
132840,0,0,0,0,0,0,0,0,1
132841,0,0,0,0,0,0,0,0,1
132842,0,0,0,0,0,0,0,0,1
132843,0,0,0,0,0,0,0,0,1
132844,0,0,0,0,0,0,0,0,1
132845,0,0,0,0,0,0,0,0,1
132846,0,0,0,0,0,0,0,0,1
132847,0,0,0,0,0,0,0,0,1
132848,0,0,0,0,0,0,0,0,1
132849,0,0,0,0,0,0,0,0,1
132850,0,0,0,0,0,0,0,0,1
132851,0,0,0,0,0,0,0,0,1
132852,0,0,0,0,0,0,0,0,1
132853,0,0,0,0,0,0,0,0,1
132854,0,0,0,0,0,0,0,0,1
132855,0,0,0,0,0,0,0,0,1
132856,0,0,0,0,0,0,0,0,1
132857,0,0,0,0,0,0,0,0,1
132858,0,0,0,0,0,0,0,0,1
132859,0,0,0,0,0,0,0,0,1
132860,0,0,0,0,0,0,0,0,1
132861,0,0,0,0,0,0,0,0,1
132862,0,0,0,0,0,0,0,0,1
132863,0,0,0,0,0,0,0,0,1
132864,0,0,0,0,0,0,0,0,1
132865,0,0,0,0,0,0,0,0,1
132866,0,0,0,0,0,0,0,0,1
132867,0,0,0,0,0,0,0,0,1
132868,0,0,0,0,0,0,0,0,1
132869,0,0,0,0,0,0,0,0,1
132870,0,0,0,0,0,0,0,0,1
132871,0,0,0,0,0,0,0,0,1
132872,0,0,0,0,0,0,0,0,1
132873,0,0,0,0,0,0,0,0,1
132874,0,0,0,0,0,0,0,0,1
132875,0,0,0,0,0,0,0,0,1
132876,0,0,0,0,0,0,0,0,1
132877,0,0,0,0,0,0,0,0,1
132878,0,0,0,0,0,0,0,0,1
132879,0,0,0,0,0,0,0,0,1
132880,0,0,0,0,0,0,0,0,1
132881,0,0,0,0,0,0,0,0,1
132882,0,0,0,0,0,0,0,0,1
132883,0,0,0,0,0,0,0,0,1
132884,0,0,0,0,0,0,0,0,1
132885,0,0,0,0,0,0,0,0,1
132886,0,0,0,0,0,0,0,0,1
132887,0,0,0,0,0,0,0,0,1
132888,0,0,0,0,0,0,0,0,1
132889,0,0,0,0,0,0,0,0,1
132890,0,0,0,0,0,0,0,0,1
132891,0,0,0,0,0,0,0,0,1
132892,0,0,0,0,0,0,0,0,1
132893,0,0,0,0,0,0,0,0,1
132894,0,0,0,0,0,0,0,0,1
132895,0,0,0,0,0,0,0,0,1
132896,0,0,0,0,0,0,0,0,1
132897,0,0,0,0,0,0,0,0,1
132898,0,0,0,0,0,0,0,0,1
132899,0,0,0,0,0,0,0,0,1
132900,0,0,0,0,0,0,0,0,1
132901,0,0,0,0,0,0,0,0,1
132902,0,0,0,0,0,0,0,0,1
132903,0,0,0,0,0,0,0,0,1
132904,0,0,0,0,0,0,0,0,1
132905,0,0,0,0,0,0,0,0,1
132906,0,0,0,0,0,0,0,0,1
132907,0,0,0,0,0,0,0,0,1
132908,0,0,0,0,0,0,0,0,1
132909,0,0,0,0,0,0,0,0,1
132910,0,0,0,0,0,0,0,0,1
132911,0,0,0,0,0,0,0,0,1
132912,0,0,0,0,0,0,0,0,1
132913,0,0,0,0,0,0,0,0,1
132914,0,0,0,0,0,0,0,0,1
132915,0,0,0,0,0,0,0,0,1
132916,0,0,0,0,0,0,0,0,1
132917,0,0,0,0,0,0,0,0,1
132918,0,0,0,0,0,0,0,0,1
132919,0,0,0,0,0,0,0,0,1
132920,0,0,0,0,0,0,0,0,1
132921,0,0,0,0,0,0,0,0,1
132922,0,0,0,0,0,0,0,0,1
132923,0,0,0,0,0,0,0,0,1
132924,0,0,0,0,0,0,0,0,1
132925,0,0,0,0,0,0,0,0,1
132926,0,0,0,0,0,0,0,0,1
132927,0,0,0,0,0,0,0,0,1
132928,0,0,0,0,0,0,0,0,1
132929,0,0,0,0,0,0,0,0,1
132930,0,0,0,0,0,0,0,0,1
132931,0,0,0,0,0,0,0,0,1
132932,0,0,0,0,0,0,0,0,1
132933,0,0,0,0,0,0,0,0,1
132934,0,0,0,0,0,0,0,0,1
132935,0,0,0,0,0,0,0,0,1
132936,0,0,0,0,0,0,0,0,1
132937,0,0,0,0,0,0,0,0,1
132938,0,0,0,0,0,0,0,0,1
132939,0,0,0,0,0,0,0,0,1
132940,0,0,0,0,0,0,0,0,1
132941,0,0,0,0,0,0,0,0,1
132942,0,0,0,0,0,0,0,0,1
132943,0,0,0,0,0,0,0,0,1
132944,0,0,0,0,0,0,0,0,1
132945,0,0,0,0,0,0,0,0,1
132946,0,0,0,0,0,0,0,0,1
132947,0,0,0,0,0,0,0,0,1
132948,0,0,0,0,0,0,0,0,1
132949,0,0,0,0,0,0,0,0,1
132950,0,0,0,0,0,0,0,0,1
132951,0,0,0,0,0,0,0,0,1
132952,0,0,0,0,0,0,0,0,1
132953,0,0,0,0,0,0,0,0,1
132954,0,0,0,0,0,0,0,0,1
132955,0,0,0,0,0,0,0,0,1
132956,0,0,0,0,0,0,0,0,1
132957,0,0,0,0,0,0,0,0,1
132958,0,0,0,0,0,0,0,0,1
132959,0,0,0,0,0,0,0,0,1
132960,0,0,0,0,0,0,0,0,1
132961,0,0,0,0,0,0,0,0,1
132962,0,0,0,0,0,0,0,0,1
132963,0,0,0,0,0,0,0,0,1
132964,0,0,0,0,0,0,0,0,1
132965,0,0,0,0,0,0,0,0,1
132966,0,0,0,0,0,0,0,0,1
132967,0,0,0,0,0,0,0,0,1
132968,0,0,0,0,0,0,0,0,1
132969,0,0,0,0,0,0,0,0,1
132970,0,0,0,0,0,0,0,0,1
132971,0,0,0,0,0,0,0,0,1
132972,0,0,0,0,0,0,0,0,1
132973,0,0,0,0,0,0,0,0,1
132974,0,0,0,0,0,0,0,0,1
132975,0,0,0,0,0,0,0,0,1
132976,0,0,0,0,0,0,0,0,1
132977,0,0,0,0,0,0,0,0,1
132978,0,0,0,0,0,0,0,0,1
132979,0,0,0,0,0,0,0,0,1
132980,0,0,0,0,0,0,0,0,1
132981,0,0,0,0,0,0,0,0,1
132982,0,0,0,0,0,0,0,0,1
132983,0,0,0,0,0,0,0,0,1
132984,0,0,0,0,0,0,0,0,1
132985,0,0,0,0,0,0,0,0,1
132986,0,0,0,0,0,0,0,0,1
132987,0,0,0,0,0,0,0,0,1
132988,0,0,0,0,0,0,0,0,1
132989,0,0,0,0,0,0,0,0,1
132990,0,0,0,0,0,0,0,0,1
132991,0,0,0,0,0,0,0,0,1
132992,0,0,0,0,0,0,0,0,1
132993,0,0,0,0,0,0,0,0,1
132994,0,0,0,0,0,0,0,0,1
132995,0,0,0,0,0,0,0,0,1
132996,0,0,0,0,0,0,0,0,1
132997,0,0,0,0,0,0,0,0,1
132998,0,0,0,0,0,0,0,0,1
132999,0,0,0,0,0,0,0,0,1
133000,0,0,0,0,0,0,0,0,1
133001,0,0,0,0,0,0,0,0,1
133002,0,0,0,0,0,0,0,0,1
133003,0,0,0,0,0,0,0,0,1
133004,0,0,0,0,0,0,0,0,1
133005,0,0,0,0,0,0,0,0,1
133006,0,0,0,0,0,0,0,0,1
133007,0,0,0,0,0,0,0,0,1
133008,0,0,0,0,0,0,0,0,1
133009,0,0,0,0,0,0,0,0,1
133010,0,0,0,0,0,0,0,0,1
133011,0,0,0,0,0,0,0,0,1
133012,0,0,0,0,0,0,0,0,1
133013,0,0,0,0,0,0,0,0,1
133014,0,0,0,0,0,0,0,0,1
133015,0,0,0,0,0,0,0,0,1
133016,0,0,0,0,0,0,0,0,1
133017,0,0,0,0,0,0,0,0,1
133018,0,0,0,0,0,0,0,0,1
133019,0,0,0,0,0,0,0,0,1
133020,0,0,0,0,0,0,0,0,1
133021,0,0,0,0,0,0,0,0,1
133022,0,0,0,0,0,0,0,0,1
133023,0,0,0,0,0,0,0,0,1
133024,0,0,0,0,0,0,0,0,1
133025,0,0,0,0,0,0,0,0,1
133026,0,0,0,0,0,0,0,0,1
133027,0,0,0,0,0,0,0,0,1
133028,0,0,0,0,0,0,0,0,1
133029,0,0,0,0,0,0,0,0,1
133030,0,0,0,0,0,0,0,0,1
133031,0,0,0,0,0,0,0,0,1
133032,0,0,0,0,0,0,0,0,1
133033,0,0,0,0,0,0,0,0,1
133034,0,0,0,0,0,0,0,0,1
133035,0,0,0,0,0,0,0,0,1
133036,0,0,0,0,0,0,0,0,1
133037,0,0,0,0,0,0,0,0,1
133038,0,0,0,0,0,0,0,0,1
133039,0,0,0,0,0,0,0,0,1
133040,0,0,0,0,0,0,0,0,1
133041,0,0,0,0,0,0,0,0,1
133042,0,0,0,0,0,0,0,0,1
133043,0,0,0,0,0,0,0,0,1
133044,0,0,0,0,0,0,0,0,1
133045,0,0,0,0,0,0,0,0,1
133046,0,0,0,0,0,0,0,0,1
133047,0,0,0,0,0,0,0,0,1
133048,0,0,0,0,0,0,0,0,1
133049,0,0,0,0,0,0,0,0,1
133050,0,0,0,0,0,0,0,0,1
133051,0,0,0,0,0,0,0,0,1
133052,0,0,0,0,0,0,0,0,1
133053,0,0,0,0,0,0,0,0,1
133054,0,0,0,0,0,0,0,0,1
133055,0,0,0,0,0,0,0,0,1
133056,0,0,0,0,0,0,0,0,1
133057,0,0,0,0,0,0,0,0,1
133058,0,0,0,0,0,0,0,0,1
133059,0,0,0,0,0,0,0,0,1
133060,0,0,0,0,0,0,0,0,1
133061,0,0,0,0,0,0,0,0,1
133062,0,0,0,0,0,0,0,0,1
133063,0,0,0,0,0,0,0,0,1
133064,0,0,0,0,0,0,0,0,1
133065,0,0,0,0,0,0,0,0,1
133066,0,0,0,0,0,0,0,0,1
133067,0,0,0,0,0,0,0,0,1
133068,0,0,0,0,0,0,0,0,1
133069,0,0,0,0,0,0,0,0,1
133070,0,0,0,0,0,0,0,0,1
133071,0,0,0,0,0,0,0,0,1
133072,0,0,0,0,0,0,0,0,1
133073,0,0,0,0,0,0,0,0,1
133074,0,0,0,0,0,0,0,0,1
133075,0,0,0,0,0,0,0,0,1
133076,0,0,0,0,0,0,0,0,1
133077,0,0,0,0,0,0,0,0,1
133078,0,0,0,0,0,0,0,0,1
133079,0,0,0,0,0,0,0,0,1
133080,0,0,0,0,0,0,0,0,1
133081,0,0,0,0,0,0,0,0,1
133082,0,0,0,0,0,0,0,0,1
133083,0,0,0,0,0,0,0,0,1
133084,0,0,0,0,0,0,0,0,1
133085,0,0,0,0,0,0,0,0,1
133086,0,0,0,0,0,0,0,0,1
133087,0,0,0,0,0,0,0,0,1
133088,0,0,0,0,0,0,0,0,1
133089,0,0,0,0,0,0,0,0,1
133090,0,0,0,0,0,0,0,0,1
133091,0,0,0,0,0,0,0,0,1
133092,0,0,0,0,0,0,0,0,1
133093,0,0,0,0,0,0,0,0,1
133094,0,0,0,0,0,0,0,0,1
133095,0,0,0,0,0,0,0,0,1
133096,0,0,0,0,0,0,0,0,1
133097,0,0,0,0,0,0,0,0,1
133098,0,0,0,0,0,0,0,0,1
133099,0,0,0,0,0,0,0,0,1
133100,0,0,0,0,0,0,0,0,1
133101,0,0,0,0,0,0,0,0,1
133102,0,0,0,0,0,0,0,0,1
133103,0,0,0,0,0,0,0,0,1
133104,0,0,0,0,0,0,0,0,1
133105,0,0,0,0,0,0,0,0,1
133106,0,0,0,0,0,0,0,0,1
133107,0,0,0,0,0,0,0,0,1
133108,0,0,0,0,0,0,0,0,1
133109,0,0,0,0,0,0,0,0,1
133110,0,0,0,0,0,0,0,0,1
133111,0,0,0,0,0,0,0,0,1
133112,0,0,0,0,0,0,0,0,1
133113,0,0,0,0,0,0,0,0,1
133114,0,0,0,0,0,0,0,0,1
133115,0,0,0,0,0,0,0,0,1
133116,0,0,0,0,0,0,0,0,1
133117,0,0,0,0,0,0,0,0,1
133118,0,0,0,0,0,0,0,0,1
133119,0,0,0,0,0,0,0,0,1
133120,0,0,0,0,0,0,0,0,1
133121,0,0,0,0,0,0,0,0,1
133122,0,0,0,0,0,0,0,0,1
133123,0,0,0,0,0,0,0,0,1
133124,0,0,0,0,0,0,0,0,1
133125,0,0,0,0,0,0,0,0,1
133126,0,0,0,0,0,0,0,0,1
133127,0,0,0,0,0,0,0,0,1
133128,0,0,0,0,0,0,0,0,1
133129,0,0,0,0,0,0,0,0,1
133130,0,0,0,0,0,0,0,0,1
133131,0,0,0,0,0,0,0,0,1
133132,0,0,0,0,0,0,0,0,1
133133,0,0,0,0,0,0,0,0,1
133134,0,0,0,0,0,0,0,0,1
133135,0,0,0,0,0,0,0,0,1
133136,0,0,0,0,0,0,0,0,1
133137,0,0,0,0,0,0,0,0,1
133138,0,0,0,0,0,0,0,0,1
133139,0,0,0,0,0,0,0,0,1
133140,0,0,0,0,0,0,0,0,1
133141,0,0,0,0,0,0,0,0,1
133142,0,0,0,0,0,0,0,0,1
133143,0,0,0,0,0,0,0,0,1
133144,0,0,0,0,0,0,0,0,1
133145,0,0,0,0,0,0,0,0,1
133146,0,0,0,0,0,0,0,0,1
133147,0,0,0,0,0,0,0,0,1
133148,0,0,0,0,0,0,0,0,1
133149,0,0,0,0,0,0,0,0,1
133150,0,0,0,0,0,0,0,0,1
133151,0,0,0,0,0,0,0,0,1
133152,0,0,0,0,0,0,0,0,1
133153,0,0,0,0,0,0,0,0,1
133154,0,0,0,0,0,0,0,0,1
133155,0,0,0,0,0,0,0,0,1
133156,0,0,0,0,0,0,0,0,1
133157,0,0,0,0,0,0,0,0,1
133158,0,0,0,0,0,0,0,0,1
133159,0,0,0,0,0,0,0,0,1
133160,0,0,0,0,0,0,0,0,1
133161,0,0,0,0,0,0,0,0,1
133162,0,0,0,0,0,0,0,0,1
133163,0,0,0,0,0,0,0,0,1
133164,0,0,0,0,0,0,0,0,1
133165,0,0,0,0,0,0,0,0,1
133166,0,0,0,0,0,0,0,0,1
133167,0,0,0,0,0,0,0,0,1
133168,0,0,0,0,0,0,0,0,1
133169,0,0,0,0,0,0,0,0,1
133170,0,0,0,0,0,0,0,0,1
133171,0,0,0,0,0,0,0,0,1
133172,0,0,0,0,0,0,0,0,1
133173,0,0,0,0,0,0,0,0,1
133174,0,0,0,0,0,0,0,0,1
133175,0,0,0,0,0,0,0,0,1
133176,0,0,0,0,0,0,0,0,1
133177,0,0,0,0,0,0,0,0,1
133178,0,0,0,0,0,0,0,0,1
133179,0,0,0,0,0,0,0,0,1
133180,0,0,0,0,0,0,0,0,1
133181,0,0,0,0,0,0,0,0,1
133182,0,0,0,0,0,0,0,0,1
133183,0,0,0,0,0,0,0,0,1
133184,0,0,0,0,0,0,0,0,1
133185,0,0,0,0,0,0,0,0,1
133186,0,0,0,0,0,0,0,0,1
133187,0,0,0,0,0,0,0,0,1
133188,0,0,0,0,0,0,0,0,1
133189,0,0,0,0,0,0,0,0,1
133190,0,0,0,0,0,0,0,0,1
133191,0,0,0,0,0,0,0,0,1
133192,0,0,0,0,0,0,0,0,1
133193,0,0,0,0,0,0,0,0,1
133194,0,0,0,0,0,0,0,0,1
133195,0,0,0,0,0,0,0,0,1
133196,0,0,0,0,0,0,0,0,1
133197,0,0,0,0,0,0,0,0,1
133198,0,0,0,0,0,0,0,0,1
133199,0,0,0,0,0,0,0,0,1
133200,0,0,0,0,0,0,0,0,1
133201,0,0,0,0,0,0,0,0,1
133202,0,0,0,0,0,0,0,0,1
133203,0,0,0,0,0,0,0,0,1
133204,0,0,0,0,0,0,0,0,1
133205,0,0,0,0,0,0,0,0,1
133206,0,0,0,0,0,0,0,0,1
133207,0,0,0,0,0,0,0,0,1
133208,0,0,0,0,0,0,0,0,1
133209,0,0,0,0,0,0,0,0,1
133210,0,0,0,0,0,0,0,0,1
133211,0,0,0,0,0,0,0,0,1
133212,0,0,0,0,0,0,0,0,1
133213,0,0,0,0,0,0,0,0,1
133214,0,0,0,0,0,0,0,0,1
133215,0,0,0,0,0,0,0,0,1
133216,0,0,0,0,0,0,0,0,1
133217,0,0,0,0,0,0,0,0,1
133218,0,0,0,0,0,0,0,0,1
133219,0,0,0,0,0,0,0,0,1
133220,0,0,0,0,0,0,0,0,1
133221,0,0,0,0,0,0,0,0,1
133222,0,0,0,0,0,0,0,0,1
133223,0,0,0,0,0,0,0,0,1
133224,0,0,0,0,0,0,0,0,1
133225,0,0,0,0,0,0,0,0,1
133226,0,0,0,0,0,0,0,0,1
133227,0,0,0,0,0,0,0,0,1
133228,0,0,0,0,0,0,0,0,1
133229,0,0,0,0,0,0,0,0,1
133230,0,0,0,0,0,0,0,0,1
133231,0,0,0,0,0,0,0,0,1
133232,0,0,0,0,0,0,0,0,1
133233,0,0,0,0,0,0,0,0,1
133234,0,0,0,0,0,0,0,0,1
133235,0,0,0,0,0,0,0,0,1
133236,0,0,0,0,0,0,0,0,1
133237,0,0,0,0,0,0,0,0,1
133238,0,0,0,0,0,0,0,0,1
133239,0,0,0,0,0,0,0,0,1
133240,0,0,0,0,0,0,0,0,1
133241,0,0,0,0,0,0,0,0,1
133242,0,0,0,0,0,0,0,0,1
133243,0,0,0,0,0,0,0,0,1
133244,0,0,0,0,0,0,0,0,1
133245,0,0,0,0,0,0,0,0,1
133246,0,0,0,0,0,0,0,0,1
133247,0,0,0,0,0,0,0,0,1
133248,0,0,0,0,0,0,0,0,1
133249,0,0,0,0,0,0,0,0,1
133250,0,0,0,0,0,0,0,0,1
133251,0,0,0,0,0,0,0,0,1
133252,0,0,0,0,0,0,0,0,1
133253,0,0,0,0,0,0,0,0,1
133254,0,0,0,0,0,0,0,0,1
133255,0,0,0,0,0,0,0,0,1
133256,0,0,0,0,0,0,0,0,1
133257,0,0,0,0,0,0,0,0,1
133258,0,0,0,0,0,0,0,0,1
133259,0,0,0,0,0,0,0,0,1
133260,0,0,0,0,0,0,0,0,1
133261,0,0,0,0,0,0,0,0,1
133262,0,0,0,0,0,0,0,0,1
133263,0,0,0,0,0,0,0,0,1
133264,0,0,0,0,0,0,0,0,1
133265,0,0,0,0,0,0,0,0,1
133266,0,0,0,0,0,0,0,0,1
133267,0,0,0,0,0,0,0,0,1
133268,0,0,0,0,0,0,0,0,1
133269,0,0,0,0,0,0,0,0,1
133270,0,0,0,0,0,0,0,0,1
133271,0,0,0,0,0,0,0,0,1
133272,0,0,0,0,0,0,0,0,1
133273,0,0,0,0,0,0,0,0,1
133274,0,0,0,0,0,0,0,0,1
133275,0,0,0,0,0,0,0,0,1
133276,0,0,0,0,0,0,0,0,1
133277,0,0,0,0,0,0,0,0,1
133278,0,0,0,0,0,0,0,0,1
133279,0,0,0,0,0,0,0,0,1
133280,0,0,0,0,0,0,0,0,1
133281,0,0,0,0,0,0,0,0,1
133282,0,0,0,0,0,0,0,0,1
133283,0,0,0,0,0,0,0,0,1
133284,0,0,0,0,0,0,0,0,1
133285,0,0,0,0,0,0,0,0,1
133286,0,0,0,0,0,0,0,0,1
133287,0,0,0,0,0,0,0,0,1
133288,0,0,0,0,0,0,0,0,1
133289,0,0,0,0,0,0,0,0,1
133290,0,0,0,0,0,0,0,0,1
133291,0,0,0,0,0,0,0,0,1
133292,0,0,0,0,0,0,0,0,1
133293,0,0,0,0,0,0,0,0,1
133294,0,0,0,0,0,0,0,0,1
133295,0,0,0,0,0,0,0,0,1
133296,0,0,0,0,0,0,0,0,1
133297,0,0,0,0,0,0,0,0,1
133298,0,0,0,0,0,0,0,0,1
133299,0,0,0,0,0,0,0,0,1
133300,0,0,0,0,0,0,0,0,1
133301,0,0,0,0,0,0,0,0,1
133302,0,0,0,0,0,0,0,0,1
133303,0,0,0,0,0,0,0,0,1
133304,0,0,0,0,0,0,0,0,1
133305,0,0,0,0,0,0,0,0,1
133306,0,0,0,0,0,0,0,0,1
133307,0,0,0,0,0,0,0,0,1
133308,0,0,0,0,0,0,0,0,1
133309,0,0,0,0,0,0,0,0,1
133310,0,0,0,0,0,0,0,0,1
133311,0,0,0,0,0,0,0,0,1
133312,0,0,0,0,0,0,0,0,1
133313,0,0,0,0,0,0,0,0,1
133314,0,0,0,0,0,0,0,0,1
133315,0,0,0,0,0,0,0,0,1
133316,0,0,0,0,0,0,0,0,1
133317,0,0,0,0,0,0,0,0,1
133318,0,0,0,0,0,0,0,0,1
133319,0,0,0,0,0,0,0,0,1
133320,0,0,0,0,0,0,0,0,1
133321,0,0,0,0,0,0,0,0,1
133322,0,0,0,0,0,0,0,0,1
133323,0,0,0,0,0,0,0,0,1
133324,0,0,0,0,0,0,0,0,1
133325,0,0,0,0,0,0,0,0,1
133326,0,0,0,0,0,0,0,0,1
133327,0,0,0,0,0,0,0,0,1
133328,0,0,0,0,0,0,0,0,1
133329,0,0,0,0,0,0,0,0,1
133330,0,0,0,0,0,0,0,0,1
133331,0,0,0,0,0,0,0,0,1
133332,0,0,0,0,0,0,0,0,1
133333,0,0,0,0,0,0,0,0,1
133334,0,0,0,0,0,0,0,0,1
133335,0,0,0,0,0,0,0,0,1
133336,0,0,0,0,0,0,0,0,1
133337,0,0,0,0,0,0,0,0,1
133338,0,0,0,0,0,0,0,0,1
133339,0,0,0,0,0,0,0,0,1
133340,0,0,0,0,0,0,0,0,1
133341,0,0,0,0,0,0,0,0,1
133342,0,0,0,0,0,0,0,0,1
133343,0,0,0,0,0,0,0,0,1
133344,0,0,0,0,0,0,0,0,1
133345,0,0,0,0,0,0,0,0,1
133346,0,0,0,0,0,0,0,0,1
133347,0,0,0,0,0,0,0,0,1
133348,0,0,0,0,0,0,0,0,1
133349,0,0,0,0,0,0,0,0,1
133350,0,0,0,0,0,0,0,0,1
133351,0,0,0,0,0,0,0,0,1
133352,0,0,0,0,0,0,0,0,1
133353,0,0,0,0,0,0,0,0,1
133354,0,0,0,0,0,0,0,0,1
133355,0,0,0,0,0,0,0,0,1
133356,0,0,0,0,0,0,0,0,1
133357,0,0,0,0,0,0,0,0,1
133358,0,0,0,0,0,0,0,0,1
133359,0,0,0,0,0,0,0,0,1
133360,0,0,0,0,0,0,0,0,1
133361,0,0,0,0,0,0,0,0,1
133362,0,0,0,0,0,0,0,0,1
133363,0,0,0,0,0,0,0,0,1
133364,0,0,0,0,0,0,0,0,1
133365,0,0,0,0,0,0,0,0,1
133366,0,0,0,0,0,0,0,0,1
133367,0,0,0,0,0,0,0,0,1
133368,0,0,0,0,0,0,0,0,1
133369,0,0,0,0,0,0,0,0,1
133370,0,0,0,0,0,0,0,0,1
133371,0,0,0,0,0,0,0,0,1
133372,0,0,0,0,0,0,0,0,1
133373,0,0,0,0,0,0,0,0,1
133374,0,0,0,0,0,0,0,0,1
133375,0,0,0,0,0,0,0,0,1
133376,0,0,0,0,0,0,0,0,1
133377,0,0,0,0,0,0,0,0,1
133378,0,0,0,0,0,0,0,0,1
133379,0,0,0,0,0,0,0,0,1
133380,0,0,0,0,0,0,0,0,1
133381,0,0,0,0,0,0,0,0,1
133382,0,0,0,0,0,0,0,0,1
133383,0,0,0,0,0,0,0,0,1
133384,0,0,0,0,0,0,0,0,1
133385,0,0,0,0,0,0,0,0,1
133386,0,0,0,0,0,0,0,0,1
133387,0,0,0,0,0,0,0,0,1
133388,0,0,0,0,0,0,0,0,1
133389,0,0,0,0,0,0,0,0,1
133390,0,0,0,0,0,0,0,0,1
133391,0,0,0,0,0,0,0,0,1
133392,0,0,0,0,0,0,0,0,1
133393,0,0,0,0,0,0,0,0,1
133394,0,0,0,0,0,0,0,0,1
133395,0,0,0,0,0,0,0,0,1
133396,0,0,0,0,0,0,0,0,1
133397,0,0,0,0,0,0,0,0,1
133398,0,0,0,0,0,0,0,0,1
133399,0,0,0,0,0,0,0,0,1
133400,0,0,0,0,0,0,0,0,1
133401,0,0,0,0,0,0,0,0,1
133402,0,0,0,0,0,0,0,0,1
133403,0,0,0,0,0,0,0,0,1
133404,0,0,0,0,0,0,0,0,1
133405,0,0,0,0,0,0,0,0,1
133406,0,0,0,0,0,0,0,0,1
133407,0,0,0,0,0,0,0,0,1
133408,0,0,0,0,0,0,0,0,1
133409,0,0,0,0,0,0,0,0,1
133410,0,0,0,0,0,0,0,0,1
133411,0,0,0,0,0,0,0,0,1
133412,0,0,0,0,0,0,0,0,1
133413,0,0,0,0,0,0,0,0,1
133414,0,0,0,0,0,0,0,0,1
133415,0,0,0,0,0,0,0,0,1
133416,0,0,0,0,0,0,0,0,1
133417,0,0,0,0,0,0,0,0,1
133418,0,0,0,0,0,0,0,0,1
133419,0,0,0,0,0,0,0,0,1
133420,0,0,0,0,0,0,0,0,1
133421,0,0,0,0,0,0,0,0,1
133422,0,0,0,0,0,0,0,0,1
133423,0,0,0,0,0,0,0,0,1
133424,0,0,0,0,0,0,0,0,1
133425,0,0,0,0,0,0,0,0,1
133426,0,0,0,0,0,0,0,0,1
133427,0,0,0,0,0,0,0,0,1
133428,0,0,0,0,0,0,0,0,1
133429,0,0,0,0,0,0,0,0,1
133430,0,0,0,0,0,0,0,0,1
133431,0,0,0,0,0,0,0,0,1
133432,0,0,0,0,0,0,0,0,1
133433,0,0,0,0,0,0,0,0,1
133434,0,0,0,0,0,0,0,0,1
133435,0,0,0,0,0,0,0,0,1
133436,0,0,0,0,0,0,0,0,1
133437,0,0,0,0,0,0,0,0,1
133438,0,0,0,0,0,0,0,0,1
133439,0,0,0,0,0,0,0,0,1
133440,0,0,0,0,0,0,0,0,1
133441,0,0,0,0,0,0,0,0,1
133442,0,0,0,0,0,0,0,0,1
133443,0,0,0,0,0,0,0,0,1
133444,0,0,0,0,0,0,0,0,1
133445,0,0,0,0,0,0,0,0,1
133446,0,0,0,0,0,0,0,0,1
133447,0,0,0,0,0,0,0,0,1
133448,0,0,0,0,0,0,0,0,1
133449,0,0,0,0,0,0,0,0,1
133450,0,0,0,0,0,0,0,0,1
133451,0,0,0,0,0,0,0,0,1
133452,0,0,0,0,0,0,0,0,1
133453,0,0,0,0,0,0,0,0,1
133454,0,0,0,0,0,0,0,0,1
133455,0,0,0,0,0,0,0,0,1
133456,0,0,0,0,0,0,0,0,1
133457,0,0,0,0,0,0,0,0,1
133458,0,0,0,0,0,0,0,0,1
133459,0,0,0,0,0,0,0,0,1
133460,0,0,0,0,0,0,0,0,1
133461,0,0,0,0,0,0,0,0,1
133462,0,0,0,0,0,0,0,0,1
133463,0,0,0,0,0,0,0,0,1
133464,0,0,0,0,0,0,0,0,1
133465,0,0,0,0,0,0,0,0,1
133466,0,0,0,0,0,0,0,0,1
133467,0,0,0,0,0,0,0,0,1
133468,0,0,0,0,0,0,0,0,1
133469,0,0,0,0,0,0,0,0,1
133470,0,0,0,0,0,0,0,0,1
133471,0,0,0,0,0,0,0,0,1
133472,0,0,0,0,0,0,0,0,1
133473,0,0,0,0,0,0,0,0,1
133474,0,0,0,0,0,0,0,0,1
133475,0,0,0,0,0,0,0,0,1
133476,0,0,0,0,0,0,0,0,1
133477,0,0,0,0,0,0,0,0,1
133478,0,0,0,0,0,0,0,0,1
133479,0,0,0,0,0,0,0,0,1
133480,0,0,0,0,0,0,0,0,1
133481,0,0,0,0,0,0,0,0,1
133482,0,0,0,0,0,0,0,0,1
133483,0,0,0,0,0,0,0,0,1
133484,0,0,0,0,0,0,0,0,1
133485,0,0,0,0,0,0,0,0,1
133486,0,0,0,0,0,0,0,0,1
133487,0,0,0,0,0,0,0,0,1
133488,0,0,0,0,0,0,0,0,1
133489,0,0,0,0,0,0,0,0,1
133490,0,0,0,0,0,0,0,0,1
133491,0,0,0,0,0,0,0,0,1
133492,0,0,0,0,0,0,0,0,1
133493,0,0,0,0,0,0,0,0,1
133494,0,0,0,0,0,0,0,0,1
133495,0,0,0,0,0,0,0,0,1
133496,0,0,0,0,0,0,0,0,1
133497,0,0,0,0,0,0,0,0,1
133498,0,0,0,0,0,0,0,0,1
133499,0,0,0,0,0,0,0,0,1
133500,0,0,0,0,0,0,0,0,1
133501,0,0,0,0,0,0,0,0,1
133502,0,0,0,0,0,0,0,0,1
133503,0,0,0,0,0,0,0,0,1
133504,0,0,0,0,0,0,0,0,1
133505,0,0,0,0,0,0,0,0,1
133506,0,0,0,0,0,0,0,0,1
133507,0,0,0,0,0,0,0,0,1
133508,0,0,0,0,0,0,0,0,1
133509,0,0,0,0,0,0,0,0,1
133510,0,0,0,0,0,0,0,0,1
133511,0,0,0,0,0,0,0,0,1
133512,0,0,0,0,0,0,0,0,1
133513,0,0,0,0,0,0,0,0,1
133514,0,0,0,0,0,0,0,0,1
133515,0,0,0,0,0,0,0,0,1
133516,0,0,0,0,0,0,0,0,1
133517,0,0,0,0,0,0,0,0,1
133518,0,0,0,0,0,0,0,0,1
133519,0,0,0,0,0,0,0,0,1
133520,0,0,0,0,0,0,0,0,1
133521,0,0,0,0,0,0,0,0,1
133522,0,0,0,0,0,0,0,0,1
133523,0,0,0,0,0,0,0,0,1
133524,0,0,0,0,0,0,0,0,1
133525,0,0,0,0,0,0,0,0,1
133526,0,0,0,0,0,0,0,0,1
133527,0,0,0,0,0,0,0,0,1
133528,0,0,0,0,0,0,0,0,1
133529,0,0,0,0,0,0,0,0,1
133530,0,0,0,0,0,0,0,0,1
133531,0,0,0,0,0,0,0,0,1
133532,0,0,0,0,0,0,0,0,1
133533,0,0,0,0,0,0,0,0,1
133534,0,0,0,0,0,0,0,0,1
133535,0,0,0,0,0,0,0,0,1
133536,0,0,0,0,0,0,0,0,1
133537,0,0,0,0,0,0,0,0,1
133538,0,0,0,0,0,0,0,0,1
133539,0,0,0,0,0,0,0,0,1
133540,0,0,0,0,0,0,0,0,1
133541,0,0,0,0,0,0,0,0,1
133542,0,0,0,0,0,0,0,0,1
133543,0,0,0,0,0,0,0,0,1
133544,0,0,0,0,0,0,0,0,1
133545,0,0,0,0,0,0,0,0,1
133546,0,0,0,0,0,0,0,0,1
133547,0,0,0,0,0,0,0,0,1
133548,0,0,0,0,0,0,0,0,1
133549,0,0,0,0,0,0,0,0,1
133550,0,0,0,0,0,0,0,0,1
133551,0,0,0,0,0,0,0,0,1
133552,0,0,0,0,0,0,0,0,1
133553,0,0,0,0,0,0,0,0,1
133554,0,0,0,0,0,0,0,0,1
133555,0,0,0,0,0,0,0,0,1
133556,0,0,0,0,0,0,0,0,1
133557,0,0,0,0,0,0,0,0,1
133558,0,0,0,0,0,0,0,0,1
133559,0,0,0,0,0,0,0,0,1
133560,0,0,0,0,0,0,0,0,1
133561,0,0,0,0,0,0,0,0,1
133562,0,0,0,0,0,0,0,0,1
133563,0,0,0,0,0,0,0,0,1
133564,0,0,0,0,0,0,0,0,1
133565,0,0,0,0,0,0,0,0,1
133566,0,0,0,0,0,0,0,0,1
133567,0,0,0,0,0,0,0,0,1
133568,0,0,0,0,0,0,0,0,1
133569,0,0,0,0,0,0,0,0,1
133570,0,0,0,0,0,0,0,0,1
133571,0,0,0,0,0,0,0,0,1
133572,0,0,0,0,0,0,0,0,1
133573,0,0,0,0,0,0,0,0,1
133574,0,0,0,0,0,0,0,0,1
133575,0,0,0,0,0,0,0,0,1
133576,0,0,0,0,0,0,0,0,1
133577,0,0,0,0,0,0,0,0,1
133578,0,0,0,0,0,0,0,0,1
133579,0,0,0,0,0,0,0,0,1
133580,0,0,0,0,0,0,0,0,1
133581,0,0,0,0,0,0,0,0,1
133582,0,0,0,0,0,0,0,0,1
133583,0,0,0,0,0,0,0,0,1
133584,0,0,0,0,0,0,0,0,1
133585,0,0,0,0,0,0,0,0,1
133586,0,0,0,0,0,0,0,0,1
133587,0,0,0,0,0,0,0,0,1
133588,0,0,0,0,0,0,0,0,1
133589,0,0,0,0,0,0,0,0,1
133590,0,0,0,0,0,0,0,0,1
133591,0,0,0,0,0,0,0,0,1
133592,0,0,0,0,0,0,0,0,1
133593,0,0,0,0,0,0,0,0,1
133594,0,0,0,0,0,0,0,0,1
133595,0,0,0,0,0,0,0,0,1
133596,0,0,0,0,0,0,0,0,1
133597,0,0,0,0,0,0,0,0,1
133598,0,0,0,0,0,0,0,0,1
133599,0,0,0,0,0,0,0,0,1
133600,0,0,0,0,0,0,0,0,1
133601,0,0,0,0,0,0,0,0,1
133602,0,0,0,0,0,0,0,0,1
133603,0,0,0,0,0,0,0,0,1
133604,0,0,0,0,0,0,0,0,1
133605,0,0,0,0,0,0,0,0,1
133606,0,0,0,0,0,0,0,0,1
133607,0,0,0,0,0,0,0,0,1
133608,0,0,0,0,0,0,0,0,1
133609,0,0,0,0,0,0,0,0,1
133610,0,0,0,0,0,0,0,0,1
133611,0,0,0,0,0,0,0,0,1
133612,0,0,0,0,0,0,0,0,1
133613,0,0,0,0,0,0,0,0,1
133614,0,0,0,0,0,0,0,0,1
133615,0,0,0,0,0,0,0,0,1
133616,0,0,0,0,0,0,0,0,1
133617,0,0,0,0,0,0,0,0,1
133618,0,0,0,0,0,0,0,0,1
133619,0,0,0,0,0,0,0,0,1
133620,0,0,0,0,0,0,0,0,1
133621,0,0,0,0,0,0,0,0,1
133622,0,0,0,0,0,0,0,0,1
133623,0,0,0,0,0,0,0,0,1
133624,0,0,0,0,0,0,0,0,1
133625,0,0,0,0,0,0,0,0,1
133626,0,0,0,0,0,0,0,0,1
133627,0,0,0,0,0,0,0,0,1
133628,0,0,0,0,0,0,0,0,1
133629,0,0,0,0,0,0,0,0,1
133630,0,0,0,0,0,0,0,0,1
133631,0,0,0,0,0,0,0,0,1
133632,0,0,0,0,0,0,0,0,1
133633,0,0,0,0,0,0,0,0,1
133634,0,0,0,0,0,0,0,0,1
133635,0,0,0,0,0,0,0,0,1
133636,0,0,0,0,0,0,0,0,1
133637,0,0,0,0,0,0,0,0,1
133638,0,0,0,0,0,0,0,0,1
133639,0,0,0,0,0,0,0,0,1
133640,0,0,0,0,0,0,0,0,1
133641,0,0,0,0,0,0,0,0,1
133642,0,0,0,0,0,0,0,0,1
133643,0,0,0,0,0,0,0,0,1
133644,0,0,0,0,0,0,0,0,1
133645,0,0,0,0,0,0,0,0,1
133646,0,0,0,0,0,0,0,0,1
133647,0,0,0,0,0,0,0,0,1
133648,0,0,0,0,0,0,0,0,1
133649,0,0,0,0,0,0,0,0,1
133650,0,0,0,0,0,0,0,0,1
133651,0,0,0,0,0,0,0,0,1
133652,0,0,0,0,0,0,0,0,1
133653,0,0,0,0,0,0,0,0,1
133654,0,0,0,0,0,0,0,0,1
133655,0,0,0,0,0,0,0,0,1
133656,0,0,0,0,0,0,0,0,1
133657,0,0,0,0,0,0,0,0,1
133658,0,0,0,0,0,0,0,0,1
133659,0,0,0,0,0,0,0,0,1
133660,0,0,0,0,0,0,0,0,1
133661,0,0,0,0,0,0,0,0,1
133662,0,0,0,0,0,0,0,0,1
133663,0,0,0,0,0,0,0,0,1
133664,0,0,0,0,0,0,0,0,1
133665,0,0,0,0,0,0,0,0,1
133666,0,0,0,0,0,0,0,0,1
133667,0,0,0,0,0,0,0,0,1
133668,0,0,0,0,0,0,0,0,1
133669,0,0,0,0,0,0,0,0,1
133670,0,0,0,0,0,0,0,0,1
133671,0,0,0,0,0,0,0,0,1
133672,0,0,0,0,0,0,0,0,1
133673,0,0,0,0,0,0,0,0,1
133674,0,0,0,0,0,0,0,0,1
133675,0,0,0,0,0,0,0,0,1
133676,0,0,0,0,0,0,0,0,1
133677,0,0,0,0,0,0,0,0,1
133678,0,0,0,0,0,0,0,0,1
133679,0,0,0,0,0,0,0,0,1
133680,0,0,0,0,0,0,0,0,1
133681,0,0,0,0,0,0,0,0,1
133682,0,0,0,0,0,0,0,0,1
133683,0,0,0,0,0,0,0,0,1
133684,0,0,0,0,0,0,0,0,1
133685,0,0,0,0,0,0,0,0,1
133686,0,0,0,0,0,0,0,0,1
133687,0,0,0,0,0,0,0,0,1
133688,0,0,0,0,0,0,0,0,1
133689,0,0,0,0,0,0,0,0,1
133690,0,0,0,0,0,0,0,0,1
133691,0,0,0,0,0,0,0,0,1
133692,0,0,0,0,0,0,0,0,1
133693,0,0,0,0,0,0,0,0,1
133694,0,0,0,0,0,0,0,0,1
133695,0,0,0,0,0,0,0,0,1
133696,0,0,0,0,0,0,0,0,1
133697,0,0,0,0,0,0,0,0,1
133698,0,0,0,0,0,0,0,0,1
133699,0,0,0,0,0,0,0,0,1
133700,0,0,0,0,0,0,0,0,1
133701,0,0,0,0,0,0,0,0,1
133702,0,0,0,0,0,0,0,0,1
133703,0,0,0,0,0,0,0,0,1
133704,0,0,0,0,0,0,0,0,1
133705,0,0,0,0,0,0,0,0,1
133706,0,0,0,0,0,0,0,0,1
133707,0,0,0,0,0,0,0,0,1
133708,0,0,0,0,0,0,0,0,1
133709,0,0,0,0,0,0,0,0,1
133710,0,0,0,0,0,0,0,0,1
133711,0,0,0,0,0,0,0,0,1
133712,0,0,0,0,0,0,0,0,1
133713,0,0,0,0,0,0,0,0,1
133714,0,0,0,0,0,0,0,0,1
133715,0,0,0,0,0,0,0,0,1
133716,0,0,0,0,0,0,0,0,1
133717,0,0,0,0,0,0,0,0,1
133718,0,0,0,0,0,0,0,0,1
133719,0,0,0,0,0,0,0,0,1
133720,0,0,0,0,0,0,0,0,1
133721,0,0,0,0,0,0,0,0,1
133722,0,0,0,0,0,0,0,0,1
133723,0,0,0,0,0,0,0,0,1
133724,0,0,0,0,0,0,0,0,1
133725,0,0,0,0,0,0,0,0,1
133726,0,0,0,0,0,0,0,0,1
133727,0,0,0,0,0,0,0,0,1
133728,0,0,0,0,0,0,0,0,1
133729,0,0,0,0,0,0,0,0,1
133730,0,0,0,0,0,0,0,0,1
133731,0,0,0,0,0,0,0,0,1
133732,0,0,0,0,0,0,0,0,1
133733,0,0,0,0,0,0,0,0,1
133734,0,0,0,0,0,0,0,0,1
133735,0,0,0,0,0,0,0,0,1
133736,0,0,0,0,0,0,0,0,1
133737,0,0,0,0,0,0,0,0,1
133738,0,0,0,0,0,0,0,0,1
133739,0,0,0,0,0,0,0,0,1
133740,0,0,0,0,0,0,0,0,1
133741,0,0,0,0,0,0,0,0,1
133742,0,0,0,0,0,0,0,0,1
133743,0,0,0,0,0,0,0,0,1
133744,0,0,0,0,0,0,0,0,1
133745,0,0,0,0,0,0,0,0,1
133746,0,0,0,0,0,0,0,0,1
133747,0,0,0,0,0,0,0,0,1
133748,0,0,0,0,0,0,0,0,1
133749,0,0,0,0,0,0,0,0,1
133750,0,0,0,0,0,0,0,0,1
133751,0,0,0,0,0,0,0,0,1
133752,0,0,0,0,0,0,0,0,1
133753,0,0,0,0,0,0,0,0,1
133754,0,0,0,0,0,0,0,0,1
133755,0,0,0,0,0,0,0,0,1
133756,0,0,0,0,0,0,0,0,1
133757,0,0,0,0,0,0,0,0,1
133758,0,0,0,0,0,0,0,0,1
133759,0,0,0,0,0,0,0,0,1
133760,0,0,0,0,0,0,0,0,1
133761,0,0,0,0,0,0,0,0,1
133762,0,0,0,0,0,0,0,0,1
133763,0,0,0,0,0,0,0,0,1
133764,0,0,0,0,0,0,0,0,1
133765,0,0,0,0,0,0,0,0,1
133766,0,0,0,0,0,0,0,0,1
133767,0,0,0,0,0,0,0,0,1
133768,0,0,0,0,0,0,0,0,1
133769,0,0,0,0,0,0,0,0,1
133770,0,0,0,0,0,0,0,0,1
133771,0,0,0,0,0,0,0,0,1
133772,0,0,0,0,0,0,0,0,1
133773,0,0,0,0,0,0,0,0,1
133774,0,0,0,0,0,0,0,0,1
133775,0,0,0,0,0,0,0,0,1
133776,0,0,0,0,0,0,0,0,1
133777,0,0,0,0,0,0,0,0,1
133778,0,0,0,0,0,0,0,0,1
133779,0,0,0,0,0,0,0,0,1
133780,0,0,0,0,0,0,0,0,1
133781,0,0,0,0,0,0,0,0,1
133782,0,0,0,0,0,0,0,0,1
133783,0,0,0,0,0,0,0,0,1
133784,0,0,0,0,0,0,0,0,1
133785,0,0,0,0,0,0,0,0,1
133786,0,0,0,0,0,0,0,0,1
133787,0,0,0,0,0,0,0,0,1
133788,0,0,0,0,0,0,0,0,1
133789,0,0,0,0,0,0,0,0,1
133790,0,0,0,0,0,0,0,0,1
133791,0,0,0,0,0,0,0,0,1
133792,0,0,0,0,0,0,0,0,1
133793,0,0,0,0,0,0,0,0,1
133794,0,0,0,0,0,0,0,0,1
133795,0,0,0,0,0,0,0,0,1
133796,0,0,0,0,0,0,0,0,1
133797,0,0,0,0,0,0,0,0,1
133798,0,0,0,0,0,0,0,0,1
133799,0,0,0,0,0,0,0,0,1
133800,0,0,0,0,0,0,0,0,1
133801,0,0,0,0,0,0,0,0,1
133802,0,0,0,0,0,0,0,0,1
133803,0,0,0,0,0,0,0,0,1
133804,0,0,0,0,0,0,0,0,1
133805,0,0,0,0,0,0,0,0,1
133806,0,0,0,0,0,0,0,0,1
133807,0,0,0,0,0,0,0,0,1
133808,0,0,0,0,0,0,0,0,1
133809,0,0,0,0,0,0,0,0,1
133810,0,0,0,0,0,0,0,0,1
133811,0,0,0,0,0,0,0,0,1
133812,0,0,0,0,0,0,0,0,1
133813,0,0,0,0,0,0,0,0,1
133814,0,0,0,0,0,0,0,0,1
133815,0,0,0,0,0,0,0,0,1
133816,0,0,0,0,0,0,0,0,1
133817,0,0,0,0,0,0,0,0,1
133818,0,0,0,0,0,0,0,0,1
133819,0,0,0,0,0,0,0,0,1
133820,0,0,0,0,0,0,0,0,1
133821,0,0,0,0,0,0,0,0,1
133822,0,0,0,0,0,0,0,0,1
133823,0,0,0,0,0,0,0,0,1
133824,0,0,0,0,0,0,0,0,1
133825,0,0,0,0,0,0,0,0,1
133826,0,0,0,0,0,0,0,0,1
133827,0,0,0,0,0,0,0,0,1
133828,0,0,0,0,0,0,0,0,1
133829,0,0,0,0,0,0,0,0,1
133830,0,0,0,0,0,0,0,0,1
133831,0,0,0,0,0,0,0,0,1
133832,0,0,0,0,0,0,0,0,1
133833,0,0,0,0,0,0,0,0,1
133834,0,0,0,0,0,0,0,0,1
133835,0,0,0,0,0,0,0,0,1
133836,0,0,0,0,0,0,0,0,1
133837,0,0,0,0,0,0,0,0,1
133838,0,0,0,0,0,0,0,0,1
133839,0,0,0,0,0,0,0,0,1
133840,0,0,0,0,0,0,0,0,1
133841,0,0,0,0,0,0,0,0,1
133842,0,0,0,0,0,0,0,0,1
133843,0,0,0,0,0,0,0,0,1
133844,0,0,0,0,0,0,0,0,1
133845,0,0,0,0,0,0,0,0,1
133846,0,0,0,0,0,0,0,0,1
133847,0,0,0,0,0,0,0,0,1
133848,0,0,0,0,0,0,0,0,1
133849,0,0,0,0,0,0,0,0,1
133850,0,0,0,0,0,0,0,0,1
133851,0,0,0,0,0,0,0,0,1
133852,0,0,0,0,0,0,0,0,1
133853,0,0,0,0,0,0,0,0,1
133854,0,0,0,0,0,0,0,0,1
133855,0,0,0,0,0,0,0,0,1
133856,0,0,0,0,0,0,0,0,1
133857,0,0,0,0,0,0,0,0,1
133858,0,0,0,0,0,0,0,0,1
133859,0,0,0,0,0,0,0,0,1
133860,0,0,0,0,0,0,0,0,1
133861,0,0,0,0,0,0,0,0,1
133862,0,0,0,0,0,0,0,0,1
133863,0,0,0,0,0,0,0,0,1
133864,0,0,0,0,0,0,0,0,1
133865,0,0,0,0,0,0,0,0,1
133866,0,0,0,0,0,0,0,0,1
133867,0,0,0,0,0,0,0,0,1
133868,0,0,0,0,0,0,0,0,1
133869,0,0,0,0,0,0,0,0,1
133870,0,0,0,0,0,0,0,0,1
133871,0,0,0,0,0,0,0,0,1
133872,0,0,0,0,0,0,0,0,1
133873,0,0,0,0,0,0,0,0,1
133874,0,0,0,0,0,0,0,0,1
133875,0,0,0,0,0,0,0,0,1
133876,0,0,0,0,0,0,0,0,1
133877,0,0,0,0,0,0,0,0,1
133878,0,0,0,0,0,0,0,0,1
133879,0,0,0,0,0,0,0,0,1
133880,0,0,0,0,0,0,0,0,1
133881,0,0,0,0,0,0,0,0,1
133882,0,0,0,0,0,0,0,0,1
133883,0,0,0,0,0,0,0,0,1
133884,0,0,0,0,0,0,0,0,1
133885,0,0,0,0,0,0,0,0,1
133886,0,0,0,0,0,0,0,0,1
133887,0,0,0,0,0,0,0,0,1
133888,0,0,0,0,0,0,0,0,1
133889,0,0,0,0,0,0,0,0,1
133890,0,0,0,0,0,0,0,0,1
133891,0,0,0,0,0,0,0,0,1
133892,0,0,0,0,0,0,0,0,1
133893,0,0,0,0,0,0,0,0,1
133894,0,0,0,0,0,0,0,0,1
133895,0,0,0,0,0,0,0,0,1
133896,0,0,0,0,0,0,0,0,1
133897,0,0,0,0,0,0,0,0,1
133898,0,0,0,0,0,0,0,0,1
133899,0,0,0,0,0,0,0,0,1
133900,0,0,0,0,0,0,0,0,1
133901,0,0,0,0,0,0,0,0,1
133902,0,0,0,0,0,0,0,0,1
133903,0,0,0,0,0,0,0,0,1
133904,0,0,0,0,0,0,0,0,1
133905,0,0,0,0,0,0,0,0,1
133906,0,0,0,0,0,0,0,0,1
133907,0,0,0,0,0,0,0,0,1
133908,0,0,0,0,0,0,0,0,1
133909,0,0,0,0,0,0,0,0,1
133910,0,0,0,0,0,0,0,0,1
133911,0,0,0,0,0,0,0,0,1
133912,0,0,0,0,0,0,0,0,1
133913,0,0,0,0,0,0,0,0,1
133914,0,0,0,0,0,0,0,0,1
133915,0,0,0,0,0,0,0,0,1
133916,0,0,0,0,0,0,0,0,1
133917,0,0,0,0,0,0,0,0,1
133918,0,0,0,0,0,0,0,0,1
133919,0,0,0,0,0,0,0,0,1
133920,0,0,0,0,0,0,0,0,1
133921,0,0,0,0,0,0,0,0,1
133922,0,0,0,0,0,0,0,0,1
133923,0,0,0,0,0,0,0,0,1
133924,0,0,0,0,0,0,0,0,1
133925,0,0,0,0,0,0,0,0,1
133926,0,0,0,0,0,0,0,0,1
133927,0,0,0,0,0,0,0,0,1
133928,0,0,0,0,0,0,0,0,1
133929,0,0,0,0,0,0,0,0,1
133930,0,0,0,0,0,0,0,0,1
133931,0,0,0,0,0,0,0,0,1
133932,0,0,0,0,0,0,0,0,1
133933,0,0,0,0,0,0,0,0,1
133934,0,0,0,0,0,0,0,0,1
133935,0,0,0,0,0,0,0,0,1
133936,0,0,0,0,0,0,0,0,1
133937,0,0,0,0,0,0,0,0,1
133938,0,0,0,0,0,0,0,0,1
133939,0,0,0,0,0,0,0,0,1
133940,0,0,0,0,0,0,0,0,1
133941,0,0,0,0,0,0,0,0,1
133942,0,0,0,0,0,0,0,0,1
133943,0,0,0,0,0,0,0,0,1
133944,0,0,0,0,0,0,0,0,1
133945,0,0,0,0,0,0,0,0,1
133946,0,0,0,0,0,0,0,0,1
133947,0,0,0,0,0,0,0,0,1
133948,0,0,0,0,0,0,0,0,1
133949,0,0,0,0,0,0,0,0,1
133950,0,0,0,0,0,0,0,0,1
133951,0,0,0,0,0,0,0,0,1
133952,0,0,0,0,0,0,0,0,1
133953,0,0,0,0,0,0,0,0,1
133954,0,0,0,0,0,0,0,0,1
133955,0,0,0,0,0,0,0,0,1
133956,0,0,0,0,0,0,0,0,1
133957,0,0,0,0,0,0,0,0,1
133958,0,0,0,0,0,0,0,0,1
133959,0,0,0,0,0,0,0,0,1
133960,0,0,0,0,0,0,0,0,1
133961,0,0,0,0,0,0,0,0,1
133962,0,0,0,0,0,0,0,0,1
133963,0,0,0,0,0,0,0,0,1
133964,0,0,0,0,0,0,0,0,1
133965,0,0,0,0,0,0,0,0,1
133966,0,0,0,0,0,0,0,0,1
133967,0,0,0,0,0,0,0,0,1
133968,0,0,0,0,0,0,0,0,1
133969,0,0,0,0,0,0,0,0,1
133970,0,0,0,0,0,0,0,0,1
133971,0,0,0,0,0,0,0,0,1
133972,0,0,0,0,0,0,0,0,1
133973,0,0,0,0,0,0,0,0,1
133974,0,0,0,0,0,0,0,0,1
133975,0,0,0,0,0,0,0,0,1
133976,0,0,0,0,0,0,0,0,1
133977,0,0,0,0,0,0,0,0,1
133978,0,0,0,0,0,0,0,0,1
133979,0,0,0,0,0,0,0,0,1
133980,0,0,0,0,0,0,0,0,1
133981,0,0,0,0,0,0,0,0,1
133982,0,0,0,0,0,0,0,0,1
133983,0,0,0,0,0,0,0,0,1
133984,0,0,0,0,0,0,0,0,1
133985,0,0,0,0,0,0,0,0,1
133986,0,0,0,0,0,0,0,0,1
133987,0,0,0,0,0,0,0,0,1
133988,0,0,0,0,0,0,0,0,1
133989,0,0,0,0,0,0,0,0,1
133990,0,0,0,0,0,0,0,0,1
133991,0,0,0,0,0,0,0,0,1
133992,0,0,0,0,0,0,0,0,1
133993,0,0,0,0,0,0,0,0,1
133994,0,0,0,0,0,0,0,0,1
133995,0,0,0,0,0,0,0,0,1
133996,0,0,0,0,0,0,0,0,1
133997,0,0,0,0,0,0,0,0,1
133998,0,0,0,0,0,0,0,0,1
133999,0,0,0,0,0,0,0,0,1
134000,0,0,0,0,0,0,0,0,1
134001,0,0,0,0,0,0,0,0,1
134002,0,0,0,0,0,0,0,0,1
134003,0,0,0,0,0,0,0,0,1
134004,0,0,0,0,0,0,0,0,1
134005,0,0,0,0,0,0,0,0,1
134006,0,0,0,0,0,0,0,0,1
134007,0,0,0,0,0,0,0,0,1
134008,0,0,0,0,0,0,0,0,1
134009,0,0,0,0,0,0,0,0,1
134010,0,0,0,0,0,0,0,0,1
134011,0,0,0,0,0,0,0,0,1
134012,0,0,0,0,0,0,0,0,1
134013,0,0,0,0,0,0,0,0,1
134014,0,0,0,0,0,0,0,0,1
134015,0,0,0,0,0,0,0,0,1
134016,0,0,0,0,0,0,0,0,1
134017,0,0,0,0,0,0,0,0,1
134018,0,0,0,0,0,0,0,0,1
134019,0,0,0,0,0,0,0,0,1
134020,0,0,0,0,0,0,0,0,1
134021,0,0,0,0,0,0,0,0,1
134022,0,0,0,0,0,0,0,0,1
134023,0,0,0,0,0,0,0,0,1
134024,0,0,0,0,0,0,0,0,1
134025,0,0,0,0,0,0,0,0,1
134026,0,0,0,0,0,0,0,0,1
134027,0,0,0,0,0,0,0,0,1
134028,0,0,0,0,0,0,0,0,1
134029,0,0,0,0,0,0,0,0,1
134030,0,0,0,0,0,0,0,0,1
134031,0,0,0,0,0,0,0,0,1
134032,0,0,0,0,0,0,0,0,1
134033,0,0,0,0,0,0,0,0,1
134034,0,0,0,0,0,0,0,0,1
134035,0,0,0,0,0,0,0,0,1
134036,0,0,0,0,0,0,0,0,1
134037,0,0,0,0,0,0,0,0,1
134038,0,0,0,0,0,0,0,0,1
134039,0,0,0,0,0,0,0,0,1
134040,0,0,0,0,0,0,0,0,1
134041,0,0,0,0,0,0,0,0,1
134042,0,0,0,0,0,0,0,0,1
134043,0,0,0,0,0,0,0,0,1
134044,0,0,0,0,0,0,0,0,1
134045,0,0,0,0,0,0,0,0,1
134046,0,0,0,0,0,0,0,0,1
134047,0,0,0,0,0,0,0,0,1
134048,0,0,0,0,0,0,0,0,1
134049,0,0,0,0,0,0,0,0,1
134050,0,0,0,0,0,0,0,0,1
134051,0,0,0,0,0,0,0,0,1
134052,0,0,0,0,0,0,0,0,1
134053,0,0,0,0,0,0,0,0,1
134054,0,0,0,0,0,0,0,0,1
134055,0,0,0,0,0,0,0,0,1
134056,0,0,0,0,0,0,0,0,1
134057,0,0,0,0,0,0,0,0,1
134058,0,0,0,0,0,0,0,0,1
134059,0,0,0,0,0,0,0,0,1
134060,0,0,0,0,0,0,0,0,1
134061,0,0,0,0,0,0,0,0,1
134062,0,0,0,0,0,0,0,0,1
134063,0,0,0,0,0,0,0,0,1
134064,0,0,0,0,0,0,0,0,1
134065,0,0,0,0,0,0,0,0,1
134066,0,0,0,0,0,0,0,0,1
134067,0,0,0,0,0,0,0,0,1
134068,0,0,0,0,0,0,0,0,1
134069,0,0,0,0,0,0,0,0,1
134070,0,0,0,0,0,0,0,0,1
134071,0,0,0,0,0,0,0,0,1
134072,0,0,0,0,0,0,0,0,1
134073,0,0,0,0,0,0,0,0,1
134074,0,0,0,0,0,0,0,0,1
134075,0,0,0,0,0,0,0,0,1
134076,0,0,0,0,0,0,0,0,1
134077,0,0,0,0,0,0,0,0,1
134078,0,0,0,0,0,0,0,0,1
134079,0,0,0,0,0,0,0,0,1
134080,0,0,0,0,0,0,0,0,1
134081,0,0,0,0,0,0,0,0,1
134082,0,0,0,0,0,0,0,0,1
134083,0,0,0,0,0,0,0,0,1
134084,0,0,0,0,0,0,0,0,1
134085,0,0,0,0,0,0,0,0,1
134086,0,0,0,0,0,0,0,0,1
134087,0,0,0,0,0,0,0,0,1
134088,0,0,0,0,0,0,0,0,1
134089,0,0,0,0,0,0,0,0,1
134090,0,0,0,0,0,0,0,0,1
134091,0,0,0,0,0,0,0,0,1
134092,0,0,0,0,0,0,0,0,1
134093,0,0,0,0,0,0,0,0,1
134094,0,0,0,0,0,0,0,0,1
134095,0,0,0,0,0,0,0,0,1
134096,0,0,0,0,0,0,0,0,1
134097,0,0,0,0,0,0,0,0,1
134098,0,0,0,0,0,0,0,0,1
134099,0,0,0,0,0,0,0,0,1
134100,0,0,0,0,0,0,0,0,1
134101,0,0,0,0,0,0,0,0,1
134102,0,0,0,0,0,0,0,0,1
134103,0,0,0,0,0,0,0,0,1
134104,0,0,0,0,0,0,0,0,1
134105,0,0,0,0,0,0,0,0,1
134106,0,0,0,0,0,0,0,0,1
134107,0,0,0,0,0,0,0,0,1
134108,0,0,0,0,0,0,0,0,1
134109,0,0,0,0,0,0,0,0,1
134110,0,0,0,0,0,0,0,0,1
134111,0,0,0,0,0,0,0,0,1
134112,0,0,0,0,0,0,0,0,1
134113,0,0,0,0,0,0,0,0,1
134114,0,0,0,0,0,0,0,0,1
134115,0,0,0,0,0,0,0,0,1
134116,0,0,0,0,0,0,0,0,1
134117,0,0,0,0,0,0,0,0,1
134118,0,0,0,0,0,0,0,0,1
134119,0,0,0,0,0,0,0,0,1
134120,0,0,0,0,0,0,0,0,1
134121,0,0,0,0,0,0,0,0,1
134122,0,0,0,0,0,0,0,0,1
134123,0,0,0,0,0,0,0,0,1
134124,0,0,0,0,0,0,0,0,1
134125,0,0,0,0,0,0,0,0,1
134126,0,0,0,0,0,0,0,0,1
134127,0,0,0,0,0,0,0,0,1
134128,0,0,0,0,0,0,0,0,1
134129,0,0,0,0,0,0,0,0,1
134130,0,0,0,0,0,0,0,0,1
134131,0,0,0,0,0,0,0,0,1
134132,0,0,0,0,0,0,0,0,1
134133,0,0,0,0,0,0,0,0,1
134134,0,0,0,0,0,0,0,0,1
134135,0,0,0,0,0,0,0,0,1
134136,0,0,0,0,0,0,0,0,1
134137,0,0,0,0,0,0,0,0,1
134138,0,0,0,0,0,0,0,0,1
134139,0,0,0,0,0,0,0,0,1
134140,0,0,0,0,0,0,0,0,1
134141,0,0,0,0,0,0,0,0,1
134142,0,0,0,0,0,0,0,0,1
134143,0,0,0,0,0,0,0,0,1
134144,0,0,0,0,0,0,0,0,1
134145,0,0,0,0,0,0,0,0,1
134146,0,0,0,0,0,0,0,0,1
134147,0,0,0,0,0,0,0,0,1
134148,0,0,0,0,0,0,0,0,1
134149,0,0,0,0,0,0,0,0,1
134150,0,0,0,0,0,0,0,0,1
134151,0,0,0,0,0,0,0,0,1
134152,0,0,0,0,0,0,0,0,1
134153,0,0,0,0,0,0,0,0,1
134154,0,0,0,0,0,0,0,0,1
134155,0,0,0,0,0,0,0,0,1
134156,0,0,0,0,0,0,0,0,1
134157,0,0,0,0,0,0,0,0,1
134158,0,0,0,0,0,0,0,0,1
134159,0,0,0,0,0,0,0,0,1
134160,0,0,0,0,0,0,0,0,1
134161,0,0,0,0,0,0,0,0,1
134162,0,0,0,0,0,0,0,0,1
134163,0,0,0,0,0,0,0,0,1
134164,0,0,0,0,0,0,0,0,1
134165,0,0,0,0,0,0,0,0,1
134166,0,0,0,0,0,0,0,0,1
134167,0,0,0,0,0,0,0,0,1
134168,0,0,0,0,0,0,0,0,1
134169,0,0,0,0,0,0,0,0,1
134170,0,0,0,0,0,0,0,0,1
134171,0,0,0,0,0,0,0,0,1
134172,0,0,0,0,0,0,0,0,1
134173,0,0,0,0,0,0,0,0,1
134174,0,0,0,0,0,0,0,0,1
134175,0,0,0,0,0,0,0,0,1
134176,0,0,0,0,0,0,0,0,1
134177,0,0,0,0,0,0,0,0,1
134178,0,0,0,0,0,0,0,0,1
134179,0,0,0,0,0,0,0,0,1
134180,0,0,0,0,0,0,0,0,1
134181,0,0,0,0,0,0,0,0,1
134182,0,0,0,0,0,0,0,0,1
134183,0,0,0,0,0,0,0,0,1
134184,0,0,0,0,0,0,0,0,1
134185,0,0,0,0,0,0,0,0,1
134186,0,0,0,0,0,0,0,0,1
134187,0,0,0,0,0,0,0,0,1
134188,0,0,0,0,0,0,0,0,1
134189,0,0,0,0,0,0,0,0,1
134190,0,0,0,0,0,0,0,0,1
134191,0,0,0,0,0,0,0,0,1
134192,0,0,0,0,0,0,0,0,1
134193,0,0,0,0,0,0,0,0,1
134194,0,0,0,0,0,0,0,0,1
134195,0,0,0,0,0,0,0,0,1
134196,0,0,0,0,0,0,0,0,1
134197,0,0,0,0,0,0,0,0,1
134198,0,0,0,0,0,0,0,0,1
134199,0,0,0,0,0,0,0,0,1
134200,0,0,0,0,0,0,0,0,1
134201,0,0,0,0,0,0,0,0,1
134202,0,0,0,0,0,0,0,0,1
134203,0,0,0,0,0,0,0,0,1
134204,0,0,0,0,0,0,0,0,1
134205,0,0,0,0,0,0,0,0,1
134206,0,0,0,0,0,0,0,0,1
134207,0,0,0,0,0,0,0,0,1
134208,0,0,0,0,0,0,0,0,1
134209,0,0,0,0,0,0,0,0,1
134210,0,0,0,0,0,0,0,0,1
134211,0,0,0,0,0,0,0,0,1
134212,0,0,0,0,0,0,0,0,1
134213,0,0,0,0,0,0,0,0,1
134214,0,0,0,0,0,0,0,0,1
134215,0,0,0,0,0,0,0,0,1
134216,0,0,0,0,0,0,0,0,1
134217,0,0,0,0,0,0,0,0,1
134218,0,0,0,0,0,0,0,0,1
134219,0,0,0,0,0,0,0,0,1
134220,0,0,0,0,0,0,0,0,1
134221,0,0,0,0,0,0,0,0,1
134222,0,0,0,0,0,0,0,0,1
134223,0,0,0,0,0,0,0,0,1
134224,0,0,0,0,0,0,0,0,1
134225,0,0,0,0,0,0,0,0,1
134226,0,0,0,0,0,0,0,0,1
134227,0,0,0,0,0,0,0,0,1
134228,0,0,0,0,0,0,0,0,1
134229,0,0,0,0,0,0,0,0,1
134230,0,0,0,0,0,0,0,0,1
134231,0,0,0,0,0,0,0,0,1
134232,0,0,0,0,0,0,0,0,1
134233,0,0,0,0,0,0,0,0,1
134234,0,0,0,0,0,0,0,0,1
134235,0,0,0,0,0,0,0,0,1
134236,0,0,0,0,0,0,0,0,1
134237,0,0,0,0,0,0,0,0,1
134238,0,0,0,0,0,0,0,0,1
134239,0,0,0,0,0,0,0,0,1
134240,0,0,0,0,0,0,0,0,1
134241,0,0,0,0,0,0,0,0,1
134242,0,0,0,0,0,0,0,0,1
134243,0,0,0,0,0,0,0,0,1
134244,0,0,0,0,0,0,0,0,1
134245,0,0,0,0,0,0,0,0,1
134246,0,0,0,0,0,0,0,0,1
134247,0,0,0,0,0,0,0,0,1
134248,0,0,0,0,0,0,0,0,1
134249,0,0,0,0,0,0,0,0,1
134250,0,0,0,0,0,0,0,0,1
134251,0,0,0,0,0,0,0,0,1
134252,0,0,0,0,0,0,0,0,1
134253,0,0,0,0,0,0,0,0,1
134254,0,0,0,0,0,0,0,0,1
134255,0,0,0,0,0,0,0,0,1
134256,0,0,0,0,0,0,0,0,1
134257,0,0,0,0,0,0,0,0,1
134258,0,0,0,0,0,0,0,0,1
134259,0,0,0,0,0,0,0,0,1
134260,0,0,0,0,0,0,0,0,1
134261,0,0,0,0,0,0,0,0,1
134262,0,0,0,0,0,0,0,0,1
134263,0,0,0,0,0,0,0,0,1
134264,0,0,0,0,0,0,0,0,1
134265,0,0,0,0,0,0,0,0,1
134266,0,0,0,0,0,0,0,0,1
134267,0,0,0,0,0,0,0,0,1
134268,0,0,0,0,0,0,0,0,1
134269,0,0,0,0,0,0,0,0,1
134270,0,0,0,0,0,0,0,0,1
134271,0,0,0,0,0,0,0,0,1
134272,0,0,0,0,0,0,0,0,1
134273,0,0,0,0,0,0,0,0,1
134274,0,0,0,0,0,0,0,0,1
134275,0,0,0,0,0,0,0,0,1
134276,0,0,0,0,0,0,0,0,1
134277,0,0,0,0,0,0,0,0,1
134278,0,0,0,0,0,0,0,0,1
134279,0,0,0,0,0,0,0,0,1
134280,0,0,0,0,0,0,0,0,1
134281,0,0,0,0,0,0,0,0,1
134282,0,0,0,0,0,0,0,0,1
134283,0,0,0,0,0,0,0,0,1
134284,0,0,0,0,0,0,0,0,1
134285,0,0,0,0,0,0,0,0,1
134286,0,0,0,0,0,0,0,0,1
134287,0,0,0,0,0,0,0,0,1
134288,0,0,0,0,0,0,0,0,1
134289,0,0,0,0,0,0,0,0,1
134290,0,0,0,0,0,0,0,0,1
134291,0,0,0,0,0,0,0,0,1
134292,0,0,0,0,0,0,0,0,1
134293,0,0,0,0,0,0,0,0,1
134294,0,0,0,0,0,0,0,0,1
134295,0,0,0,0,0,0,0,0,1
134296,0,0,0,0,0,0,0,0,1
134297,0,0,0,0,0,0,0,0,1
134298,0,0,0,0,0,0,0,0,1
134299,0,0,0,0,0,0,0,0,1
134300,0,0,0,0,0,0,0,0,1
134301,0,0,0,0,0,0,0,0,1
134302,0,0,0,0,0,0,0,0,1
134303,0,0,0,0,0,0,0,0,1
134304,0,0,0,0,0,0,0,0,1
134305,0,0,0,0,0,0,0,0,1
134306,0,0,0,0,0,0,0,0,1
134307,0,0,0,0,0,0,0,0,1
134308,0,0,0,0,0,0,0,0,1
134309,0,0,0,0,0,0,0,0,1
134310,0,0,0,0,0,0,0,0,1
134311,0,0,0,0,0,0,0,0,1
134312,0,0,0,0,0,0,0,0,1
134313,0,0,0,0,0,0,0,0,1
134314,0,0,0,0,0,0,0,0,1
134315,0,0,0,0,0,0,0,0,1
134316,0,0,0,0,0,0,0,0,1
134317,0,0,0,0,0,0,0,0,1
134318,0,0,0,0,0,0,0,0,1
134319,0,0,0,0,0,0,0,0,1
134320,0,0,0,0,0,0,0,0,1
134321,0,0,0,0,0,0,0,0,1
134322,0,0,0,0,0,0,0,0,1
134323,0,0,0,0,0,0,0,0,1
134324,0,0,0,0,0,0,0,0,1
134325,0,0,0,0,0,0,0,0,1
134326,0,0,0,0,0,0,0,0,1
134327,0,0,0,0,0,0,0,0,1
134328,0,0,0,0,0,0,0,0,1
134329,0,0,0,0,0,0,0,0,1
134330,0,0,0,0,0,0,0,0,1
134331,0,0,0,0,0,0,0,0,1
134332,0,0,0,0,0,0,0,0,1
134333,0,0,0,0,0,0,0,0,1
134334,0,0,0,0,0,0,0,0,1
134335,0,0,0,0,0,0,0,0,1
134336,0,0,0,0,0,0,0,0,1
134337,0,0,0,0,0,0,0,0,1
134338,0,0,0,0,0,0,0,0,1
134339,0,0,0,0,0,0,0,0,1
134340,0,0,0,0,0,0,0,0,1
134341,0,0,0,0,0,0,0,0,1
134342,0,0,0,0,0,0,0,0,1
134343,0,0,0,0,0,0,0,0,1
134344,0,0,0,0,0,0,0,0,1
134345,0,0,0,0,0,0,0,0,1
134346,0,0,0,0,0,0,0,0,1
134347,0,0,0,0,0,0,0,0,1
134348,0,0,0,0,0,0,0,0,1
134349,0,0,0,0,0,0,0,0,1
134350,0,0,0,0,0,0,0,0,1
134351,0,0,0,0,0,0,0,0,1
134352,0,0,0,0,0,0,0,0,1
134353,0,0,0,0,0,0,0,0,1
134354,0,0,0,0,0,0,0,0,1
134355,0,0,0,0,0,0,0,0,1
134356,0,0,0,0,0,0,0,0,1
134357,0,0,0,0,0,0,0,0,1
134358,0,0,0,0,0,0,0,0,1
134359,0,0,0,0,0,0,0,0,1
134360,0,0,0,0,0,0,0,0,1
134361,0,0,0,0,0,0,0,0,1
134362,0,0,0,0,0,0,0,0,1
134363,0,0,0,0,0,0,0,0,1
134364,0,0,0,0,0,0,0,0,1
134365,0,0,0,0,0,0,0,0,1
134366,0,0,0,0,0,0,0,0,1
134367,0,0,0,0,0,0,0,0,1
134368,0,0,0,0,0,0,0,0,1
134369,0,0,0,0,0,0,0,0,1
134370,0,0,0,0,0,0,0,0,1
134371,0,0,0,0,0,0,0,0,1
134372,0,0,0,0,0,0,0,0,1
134373,0,0,0,0,0,0,0,0,1
134374,0,0,0,0,0,0,0,0,1
134375,0,0,0,0,0,0,0,0,1
134376,0,0,0,0,0,0,0,0,1
134377,0,0,0,0,0,0,0,0,1
134378,0,0,0,0,0,0,0,0,1
134379,0,0,0,0,0,0,0,0,1
134380,0,0,0,0,0,0,0,0,1
134381,0,0,0,0,0,0,0,0,1
134382,0,0,0,0,0,0,0,0,1
134383,0,0,0,0,0,0,0,0,1
134384,0,0,0,0,0,0,0,0,1
134385,0,0,0,0,0,0,0,0,1
134386,0,0,0,0,0,0,0,0,1
134387,0,0,0,0,0,0,0,0,1
134388,0,0,0,0,0,0,0,0,1
134389,0,0,0,0,0,0,0,0,1
134390,0,0,0,0,0,0,0,0,1
134391,0,0,0,0,0,0,0,0,1
134392,0,0,0,0,0,0,0,0,1
134393,0,0,0,0,0,0,0,0,1
134394,0,0,0,0,0,0,0,0,1
134395,0,0,0,0,0,0,0,0,1
134396,0,0,0,0,0,0,0,0,1
134397,0,0,0,0,0,0,0,0,1
134398,0,0,0,0,0,0,0,0,1
134399,0,0,0,0,0,0,0,0,1
134400,0,0,0,0,0,0,0,0,1
134401,0,0,0,0,0,0,0,0,1
134402,0,0,0,0,0,0,0,0,1
134403,0,0,0,0,0,0,0,0,1
134404,0,0,0,0,0,0,0,0,1
134405,0,0,0,0,0,0,0,0,1
134406,0,0,0,0,0,0,0,0,1
134407,0,0,0,0,0,0,0,0,1
134408,0,0,0,0,0,0,0,0,1
134409,0,0,0,0,0,0,0,0,1
134410,0,0,0,0,0,0,0,0,1
134411,0,0,0,0,0,0,0,0,1
134412,0,0,0,0,0,0,0,0,1
134413,0,0,0,0,0,0,0,0,1
134414,0,0,0,0,0,0,0,0,1
134415,0,0,0,0,0,0,0,0,1
134416,0,0,0,0,0,0,0,0,1
134417,0,0,0,0,0,0,0,0,1
134418,0,0,0,0,0,0,0,0,1
134419,0,0,0,0,0,0,0,0,1
134420,0,0,0,0,0,0,0,0,1
134421,0,0,0,0,0,0,0,0,1
134422,0,0,0,0,0,0,0,0,1
134423,0,0,0,0,0,0,0,0,1
134424,0,0,0,0,0,0,0,0,1
134425,0,0,0,0,0,0,0,0,1
134426,0,0,0,0,0,0,0,0,1
134427,0,0,0,0,0,0,0,0,1
134428,0,0,0,0,0,0,0,0,1
134429,0,0,0,0,0,0,0,0,1
134430,0,0,0,0,0,0,0,0,1
134431,0,0,0,0,0,0,0,0,1
134432,0,0,0,0,0,0,0,0,1
134433,0,0,0,0,0,0,0,0,1
134434,0,0,0,0,0,0,0,0,1
134435,0,0,0,0,0,0,0,0,1
134436,0,0,0,0,0,0,0,0,1
134437,0,0,0,0,0,0,0,0,1
134438,0,0,0,0,0,0,0,0,1
134439,0,0,0,0,0,0,0,0,1
134440,0,0,0,0,0,0,0,0,1
134441,0,0,0,0,0,0,0,0,1
134442,0,0,0,0,0,0,0,0,1
134443,0,0,0,0,0,0,0,0,1
134444,0,0,0,0,0,0,0,0,1
134445,0,0,0,0,0,0,0,0,1
134446,0,0,0,0,0,0,0,0,1
134447,0,0,0,0,0,0,0,0,1
134448,0,0,0,0,0,0,0,0,1
134449,0,0,0,0,0,0,0,0,1
134450,0,0,0,0,0,0,0,0,1
134451,0,0,0,0,0,0,0,0,1
134452,0,0,0,0,0,0,0,0,1
134453,0,0,0,0,0,0,0,0,1
134454,0,0,0,0,0,0,0,0,1
134455,0,0,0,0,0,0,0,0,1
134456,0,0,0,0,0,0,0,0,1
134457,0,0,0,0,0,0,0,0,1
134458,0,0,0,0,0,0,0,0,1
134459,0,0,0,0,0,0,0,0,1
134460,0,0,0,0,0,0,0,0,1
134461,0,0,0,0,0,0,0,0,1
134462,0,0,0,0,0,0,0,0,1
134463,0,0,0,0,0,0,0,0,1
134464,0,0,0,0,0,0,0,0,1
134465,0,0,0,0,0,0,0,0,1
134466,0,0,0,0,0,0,0,0,1
134467,0,0,0,0,0,0,0,0,1
134468,0,0,0,0,0,0,0,0,1
134469,0,0,0,0,0,0,0,0,1
134470,0,0,0,0,0,0,0,0,1
134471,0,0,0,0,0,0,0,0,1
134472,0,0,0,0,0,0,0,0,1
134473,0,0,0,0,0,0,0,0,1
134474,0,0,0,0,0,0,0,0,1
134475,0,0,0,0,0,0,0,0,1
134476,0,0,0,0,0,0,0,0,1
134477,0,0,0,0,0,0,0,0,1
134478,0,0,0,0,0,0,0,0,1
134479,0,0,0,0,0,0,0,0,1
134480,0,0,0,0,0,0,0,0,1
134481,0,0,0,0,0,0,0,0,1
134482,0,0,0,0,0,0,0,0,1
134483,0,0,0,0,0,0,0,0,1
134484,0,0,0,0,0,0,0,0,1
134485,0,0,0,0,0,0,0,0,1
134486,0,0,0,0,0,0,0,0,1
134487,0,0,0,0,0,0,0,0,1
134488,0,0,0,0,0,0,0,0,1
134489,0,0,0,0,0,0,0,0,1
134490,0,0,0,0,0,0,0,0,1
134491,0,0,0,0,0,0,0,0,1
134492,0,0,0,0,0,0,0,0,1
134493,0,0,0,0,0,0,0,0,1
134494,0,0,0,0,0,0,0,0,1
134495,0,0,0,0,0,0,0,0,1
134496,0,0,0,0,0,0,0,0,1
134497,0,0,0,0,0,0,0,0,1
134498,0,0,0,0,0,0,0,0,1
134499,0,0,0,0,0,0,0,0,1
134500,0,0,0,0,0,0,0,0,1
134501,0,0,0,0,0,0,0,0,1
134502,0,0,0,0,0,0,0,0,1
134503,0,0,0,0,0,0,0,0,1
134504,0,0,0,0,0,0,0,0,1
134505,0,0,0,0,0,0,0,0,1
134506,0,0,0,0,0,0,0,0,1
134507,0,0,0,0,0,0,0,0,1
134508,0,0,0,0,0,0,0,0,1
134509,0,0,0,0,0,0,0,0,1
134510,0,0,0,0,0,0,0,0,1
134511,0,0,0,0,0,0,0,0,1
134512,0,0,0,0,0,0,0,0,1
134513,0,0,0,0,0,0,0,0,1
134514,0,0,0,0,0,0,0,0,1
134515,0,0,0,0,0,0,0,0,1
134516,0,0,0,0,0,0,0,0,1
134517,0,0,0,0,0,0,0,0,1
134518,0,0,0,0,0,0,0,0,1
134519,0,0,0,0,0,0,0,0,1
134520,0,0,0,0,0,0,0,0,1
134521,0,0,0,0,0,0,0,0,1
134522,0,0,0,0,0,0,0,0,1
134523,0,0,0,0,0,0,0,0,1
134524,0,0,0,0,0,0,0,0,1
134525,0,0,0,0,0,0,0,0,1
134526,0,0,0,0,0,0,0,0,1
134527,0,0,0,0,0,0,0,0,1
134528,0,0,0,0,0,0,0,0,1
134529,0,0,0,0,0,0,0,0,1
134530,0,0,0,0,0,0,0,0,1
134531,0,0,0,0,0,0,0,0,1
134532,0,0,0,0,0,0,0,0,1
134533,0,0,0,0,0,0,0,0,1
134534,0,0,0,0,0,0,0,0,1
134535,0,0,0,0,0,0,0,0,1
134536,0,0,0,0,0,0,0,0,1
134537,0,0,0,0,0,0,0,0,1
134538,0,0,0,0,0,0,0,0,1
134539,0,0,0,0,0,0,0,0,1
134540,0,0,0,0,0,0,0,0,1
134541,0,0,0,0,0,0,0,0,1
134542,0,0,0,0,0,0,0,0,1
134543,0,0,0,0,0,0,0,0,1
134544,0,0,0,0,0,0,0,0,1
134545,0,0,0,0,0,0,0,0,1
134546,0,0,0,0,0,0,0,0,1
134547,0,0,0,0,0,0,0,0,1
134548,0,0,0,0,0,0,0,0,1
134549,0,0,0,0,0,0,0,0,1
134550,0,0,0,0,0,0,0,0,1
134551,0,0,0,0,0,0,0,0,1
134552,0,0,0,0,0,0,0,0,1
134553,0,0,0,0,0,0,0,0,1
134554,0,0,0,0,0,0,0,0,1
134555,0,0,0,0,0,0,0,0,1
134556,0,0,0,0,0,0,0,0,1
134557,0,0,0,0,0,0,0,0,1
134558,0,0,0,0,0,0,0,0,1
134559,0,0,0,0,0,0,0,0,1
134560,0,0,0,0,0,0,0,0,1
134561,0,0,0,0,0,0,0,0,1
134562,0,0,0,0,0,0,0,0,1
134563,0,0,0,0,0,0,0,0,1
134564,0,0,0,0,0,0,0,0,1
134565,0,0,0,0,0,0,0,0,1
134566,0,0,0,0,0,0,0,0,1
134567,0,0,0,0,0,0,0,0,1
134568,0,0,0,0,0,0,0,0,1
134569,0,0,0,0,0,0,0,0,1
134570,0,0,0,0,0,0,0,0,1
134571,0,0,0,0,0,0,0,0,1
134572,0,0,0,0,0,0,0,0,1
134573,0,0,0,0,0,0,0,0,1
134574,0,0,0,0,0,0,0,0,1
134575,0,0,0,0,0,0,0,0,1
134576,0,0,0,0,0,0,0,0,1
134577,0,0,0,0,0,0,0,0,1
134578,0,0,0,0,0,0,0,0,1
134579,0,0,0,0,0,0,0,0,1
134580,0,0,0,0,0,0,0,0,1
134581,0,0,0,0,0,0,0,0,1
134582,0,0,0,0,0,0,0,0,1
134583,0,0,0,0,0,0,0,0,1
134584,0,0,0,0,0,0,0,0,1
134585,0,0,0,0,0,0,0,0,1
134586,0,0,0,0,0,0,0,0,1
134587,0,0,0,0,0,0,0,0,1
134588,0,0,0,0,0,0,0,0,1
134589,0,0,0,0,0,0,0,0,1
134590,0,0,0,0,0,0,0,0,1
134591,0,0,0,0,0,0,0,0,1
134592,0,0,0,0,0,0,0,0,1
134593,0,0,0,0,0,0,0,0,1
134594,0,0,0,0,0,0,0,0,1
134595,0,0,0,0,0,0,0,0,1
134596,0,0,0,0,0,0,0,0,1
134597,0,0,0,0,0,0,0,0,1
134598,0,0,0,0,0,0,0,0,1
134599,0,0,0,0,0,0,0,0,1
134600,0,0,0,0,0,0,0,0,1
134601,0,0,0,0,0,0,0,0,1
134602,0,0,0,0,0,0,0,0,1
134603,0,0,0,0,0,0,0,0,1
134604,0,0,0,0,0,0,0,0,1
134605,0,0,0,0,0,0,0,0,1
134606,0,0,0,0,0,0,0,0,1
134607,0,0,0,0,0,0,0,0,1
134608,0,0,0,0,0,0,0,0,1
134609,0,0,0,0,0,0,0,0,1
134610,0,0,0,0,0,0,0,0,1
134611,0,0,0,0,0,0,0,0,1
134612,0,0,0,0,0,0,0,0,1
134613,0,0,0,0,0,0,0,0,1
134614,0,0,0,0,0,0,0,0,1
134615,0,0,0,0,0,0,0,0,1
134616,0,0,0,0,0,0,0,0,1
134617,0,0,0,0,0,0,0,0,1
134618,0,0,0,0,0,0,0,0,1
134619,0,0,0,0,0,0,0,0,1
134620,0,0,0,0,0,0,0,0,1
134621,0,0,0,0,0,0,0,0,1
134622,0,0,0,0,0,0,0,0,1
134623,0,0,0,0,0,0,0,0,1
134624,0,0,0,0,0,0,0,0,1
134625,0,0,0,0,0,0,0,0,1
134626,0,0,0,0,0,0,0,0,1
134627,0,0,0,0,0,0,0,0,1
134628,0,0,0,0,0,0,0,0,1
134629,0,0,0,0,0,0,0,0,1
134630,0,0,0,0,0,0,0,0,1
134631,0,0,0,0,0,0,0,0,1
134632,0,0,0,0,0,0,0,0,1
134633,0,0,0,0,0,0,0,0,1
134634,0,0,0,0,0,0,0,0,1
134635,0,0,0,0,0,0,0,0,1
134636,0,0,0,0,0,0,0,0,1
134637,0,0,0,0,0,0,0,0,1
134638,0,0,0,0,0,0,0,0,1
134639,0,0,0,0,0,0,0,0,1
134640,0,0,0,0,0,0,0,0,1
134641,0,0,0,0,0,0,0,0,1
134642,0,0,0,0,0,0,0,0,1
134643,0,0,0,0,0,0,0,0,1
134644,0,0,0,0,0,0,0,0,1
134645,0,0,0,0,0,0,0,0,1
134646,0,0,0,0,0,0,0,0,1
134647,0,0,0,0,0,0,0,0,1
134648,0,0,0,0,0,0,0,0,1
134649,0,0,0,0,0,0,0,0,1
134650,0,0,0,0,0,0,0,0,1
134651,0,0,0,0,0,0,0,0,1
134652,0,0,0,0,0,0,0,0,1
134653,0,0,0,0,0,0,0,0,1
134654,0,0,0,0,0,0,0,0,1
134655,0,0,0,0,0,0,0,0,1
134656,0,0,0,0,0,0,0,0,1
134657,0,0,0,0,0,0,0,0,1
134658,0,0,0,0,0,0,0,0,1
134659,0,0,0,0,0,0,0,0,1
134660,0,0,0,0,0,0,0,0,1
134661,0,0,0,0,0,0,0,0,1
134662,0,0,0,0,0,0,0,0,1
134663,0,0,0,0,0,0,0,0,1
134664,0,0,0,0,0,0,0,0,1
134665,0,0,0,0,0,0,0,0,1
134666,0,0,0,0,0,0,0,0,1
134667,0,0,0,0,0,0,0,0,1
134668,0,0,0,0,0,0,0,0,1
134669,0,0,0,0,0,0,0,0,1
134670,0,0,0,0,0,0,0,0,1
134671,0,0,0,0,0,0,0,0,1
134672,0,0,0,0,0,0,0,0,1
134673,0,0,0,0,0,0,0,0,1
134674,0,0,0,0,0,0,0,0,1
134675,0,0,0,0,0,0,0,0,1
134676,0,0,0,0,0,0,0,0,1
134677,0,0,0,0,0,0,0,0,1
134678,0,0,0,0,0,0,0,0,1
134679,0,0,0,0,0,0,0,0,1
134680,0,0,0,0,0,0,0,0,1
134681,0,0,0,0,0,0,0,0,1
134682,0,0,0,0,0,0,0,0,1
134683,0,0,0,0,0,0,0,0,1
134684,0,0,0,0,0,0,0,0,1
134685,0,0,0,0,0,0,0,0,1
134686,0,0,0,0,0,0,0,0,1
134687,0,0,0,0,0,0,0,0,1
134688,0,0,0,0,0,0,0,0,1
134689,0,0,0,0,0,0,0,0,1
134690,0,0,0,0,0,0,0,0,1
134691,0,0,0,0,0,0,0,0,1
134692,0,0,0,0,0,0,0,0,1
134693,0,0,0,0,0,0,0,0,1
134694,0,0,0,0,0,0,0,0,1
134695,0,0,0,0,0,0,0,0,1
134696,0,0,0,0,0,0,0,0,1
134697,0,0,0,0,0,0,0,0,1
134698,0,0,0,0,0,0,0,0,1
134699,0,0,0,0,0,0,0,0,1
134700,0,0,0,0,0,0,0,0,1
134701,0,0,0,0,0,0,0,0,1
134702,0,0,0,0,0,0,0,0,1
134703,0,0,0,0,0,0,0,0,1
134704,0,0,0,0,0,0,0,0,1
134705,0,0,0,0,0,0,0,0,1
134706,0,0,0,0,0,0,0,0,1
134707,0,0,0,0,0,0,0,0,1
134708,0,0,0,0,0,0,0,0,1
134709,0,0,0,0,0,0,0,0,1
134710,0,0,0,0,0,0,0,0,1
134711,0,0,0,0,0,0,0,0,1
134712,0,0,0,0,0,0,0,0,1
134713,0,0,0,0,0,0,0,0,1
134714,0,0,0,0,0,0,0,0,1
134715,0,0,0,0,0,0,0,0,1
134716,0,0,0,0,0,0,0,0,1
134717,0,0,0,0,0,0,0,0,1
134718,0,0,0,0,0,0,0,0,1
134719,0,0,0,0,0,0,0,0,1
134720,0,0,0,0,0,0,0,0,1
134721,0,0,0,0,0,0,0,0,1
134722,0,0,0,0,0,0,0,0,1
134723,0,0,0,0,0,0,0,0,1
134724,0,0,0,0,0,0,0,0,1
134725,0,0,0,0,0,0,0,0,1
134726,0,0,0,0,0,0,0,0,1
134727,0,0,0,0,0,0,0,0,1
134728,0,0,0,0,0,0,0,0,1
134729,0,0,0,0,0,0,0,0,1
134730,0,0,0,0,0,0,0,0,1
134731,0,0,0,0,0,0,0,0,1
134732,0,0,0,0,0,0,0,0,1
134733,0,0,0,0,0,0,0,0,1
134734,0,0,0,0,0,0,0,0,1
134735,0,0,0,0,0,0,0,0,1
134736,0,0,0,0,0,0,0,0,1
134737,0,0,0,0,0,0,0,0,1
134738,0,0,0,0,0,0,0,0,1
134739,0,0,0,0,0,0,0,0,1
134740,0,0,0,0,0,0,0,0,1
134741,0,0,0,0,0,0,0,0,1
134742,0,0,0,0,0,0,0,0,1
134743,0,0,0,0,0,0,0,0,1
134744,0,0,0,0,0,0,0,0,1
134745,0,0,0,0,0,0,0,0,1
134746,0,0,0,0,0,0,0,0,1
134747,0,0,0,0,0,0,0,0,1
134748,0,0,0,0,0,0,0,0,1
134749,0,0,0,0,0,0,0,0,1
134750,0,0,0,0,0,0,0,0,1
134751,0,0,0,0,0,0,0,0,1
134752,0,0,0,0,0,0,0,0,1
134753,0,0,0,0,0,0,0,0,1
134754,0,0,0,0,0,0,0,0,1
134755,0,0,0,0,0,0,0,0,1
134756,0,0,0,0,0,0,0,0,1
134757,0,0,0,0,0,0,0,0,1
134758,0,0,0,0,0,0,0,0,1
134759,0,0,0,0,0,0,0,0,1
134760,0,0,0,0,0,0,0,0,1
134761,0,0,0,0,0,0,0,0,1
134762,0,0,0,0,0,0,0,0,1
134763,0,0,0,0,0,0,0,0,1
134764,0,0,0,0,0,0,0,0,1
134765,0,0,0,0,0,0,0,0,1
134766,0,0,0,0,0,0,0,0,1
134767,0,0,0,0,0,0,0,0,1
134768,0,0,0,0,0,0,0,0,1
134769,0,0,0,0,0,0,0,0,1
134770,0,0,0,0,0,0,0,0,1
134771,0,0,0,0,0,0,0,0,1
134772,0,0,0,0,0,0,0,0,1
134773,0,0,0,0,0,0,0,0,1
134774,0,0,0,0,0,0,0,0,1
134775,0,0,0,0,0,0,0,0,1
134776,0,0,0,0,0,0,0,0,1
134777,0,0,0,0,0,0,0,0,1
134778,0,0,0,0,0,0,0,0,1
134779,0,0,0,0,0,0,0,0,1
134780,0,0,0,0,0,0,0,0,1
134781,0,0,0,0,0,0,0,0,1
134782,0,0,0,0,0,0,0,0,1
134783,0,0,0,0,0,0,0,0,1
134784,0,0,0,0,0,0,0,0,1
134785,0,0,0,0,0,0,0,0,1
134786,0,0,0,0,0,0,0,0,1
134787,0,0,0,0,0,0,0,0,1
134788,0,0,0,0,0,0,0,0,1
134789,0,0,0,0,0,0,0,0,1
134790,0,0,0,0,0,0,0,0,1
134791,0,0,0,0,0,0,0,0,1
134792,0,0,0,0,0,0,0,0,1
134793,0,0,0,0,0,0,0,0,1
134794,0,0,0,0,0,0,0,0,1
134795,0,0,0,0,0,0,0,0,1
134796,0,0,0,0,0,0,0,0,1
134797,0,0,0,0,0,0,0,0,1
134798,0,0,0,0,0,0,0,0,1
134799,0,0,0,0,0,0,0,0,1
134800,0,0,0,0,0,0,0,0,1
134801,0,0,0,0,0,0,0,0,1
134802,0,0,0,0,0,0,0,0,1
134803,0,0,0,0,0,0,0,0,1
134804,0,0,0,0,0,0,0,0,1
134805,0,0,0,0,0,0,0,0,1
134806,0,0,0,0,0,0,0,0,1
134807,0,0,0,0,0,0,0,0,1
134808,0,0,0,0,0,0,0,0,1
134809,0,0,0,0,0,0,0,0,1
134810,0,0,0,0,0,0,0,0,1
134811,0,0,0,0,0,0,0,0,1
134812,0,0,0,0,0,0,0,0,1
134813,0,0,0,0,0,0,0,0,1
134814,0,0,0,0,0,0,0,0,1
134815,0,0,0,0,0,0,0,0,1
134816,0,0,0,0,0,0,0,0,1
134817,0,0,0,0,0,0,0,0,1
134818,0,0,0,0,0,0,0,0,1
134819,0,0,0,0,0,0,0,0,1
134820,0,0,0,0,0,0,0,0,1
134821,0,0,0,0,0,0,0,0,1
134822,0,0,0,0,0,0,0,0,1
134823,0,0,0,0,0,0,0,0,1
134824,0,0,0,0,0,0,0,0,1
134825,0,0,0,0,0,0,0,0,1
134826,0,0,0,0,0,0,0,0,1
134827,0,0,0,0,0,0,0,0,1
134828,0,0,0,0,0,0,0,0,1
134829,0,0,0,0,0,0,0,0,1
134830,0,0,0,0,0,0,0,0,1
134831,0,0,0,0,0,0,0,0,1
134832,0,0,0,0,0,0,0,0,1
134833,0,0,0,0,0,0,0,0,1
134834,0,0,0,0,0,0,0,0,1
134835,0,0,0,0,0,0,0,0,1
134836,0,0,0,0,0,0,0,0,1
134837,0,0,0,0,0,0,0,0,1
134838,0,0,0,0,0,0,0,0,1
134839,0,0,0,0,0,0,0,0,1
134840,0,0,0,0,0,0,0,0,1
134841,0,0,0,0,0,0,0,0,1
134842,0,0,0,0,0,0,0,0,1
134843,0,0,0,0,0,0,0,0,1
134844,0,0,0,0,0,0,0,0,1
134845,0,0,0,0,0,0,0,0,1
134846,0,0,0,0,0,0,0,0,1
134847,0,0,0,0,0,0,0,0,1
134848,0,0,0,0,0,0,0,0,1
134849,0,0,0,0,0,0,0,0,1
134850,0,0,0,0,0,0,0,0,1
134851,0,0,0,0,0,0,0,0,1
134852,0,0,0,0,0,0,0,0,1
134853,0,0,0,0,0,0,0,0,1
134854,0,0,0,0,0,0,0,0,1
134855,0,0,0,0,0,0,0,0,1
134856,0,0,0,0,0,0,0,0,1
134857,0,0,0,0,0,0,0,0,1
134858,0,0,0,0,0,0,0,0,1
134859,0,0,0,0,0,0,0,0,1
134860,0,0,0,0,0,0,0,0,1
134861,0,0,0,0,0,0,0,0,1
134862,0,0,0,0,0,0,0,0,1
134863,0,0,0,0,0,0,0,0,1
134864,0,0,0,0,0,0,0,0,1
134865,0,0,0,0,0,0,0,0,1
134866,0,0,0,0,0,0,0,0,1
134867,0,0,0,0,0,0,0,0,1
134868,0,0,0,0,0,0,0,0,1
134869,0,0,0,0,0,0,0,0,1
134870,0,0,0,0,0,0,0,0,1
134871,0,0,0,0,0,0,0,0,1
134872,0,0,0,0,0,0,0,0,1
134873,0,0,0,0,0,0,0,0,1
134874,0,0,0,0,0,0,0,0,1
134875,0,0,0,0,0,0,0,0,1
134876,0,0,0,0,0,0,0,0,1
134877,0,0,0,0,0,0,0,0,1
134878,0,0,0,0,0,0,0,0,1
134879,0,0,0,0,0,0,0,0,1
134880,0,0,0,0,0,0,0,0,1
134881,0,0,0,0,0,0,0,0,1
134882,0,0,0,0,0,0,0,0,1
134883,0,0,0,0,0,0,0,0,1
134884,0,0,0,0,0,0,0,0,1
134885,0,0,0,0,0,0,0,0,1
134886,0,0,0,0,0,0,0,0,1
134887,0,0,0,0,0,0,0,0,1
134888,0,0,0,0,0,0,0,0,1
134889,0,0,0,0,0,0,0,0,1
134890,0,0,0,0,0,0,0,0,1
134891,0,0,0,0,0,0,0,0,1
134892,0,0,0,0,0,0,0,0,1
134893,0,0,0,0,0,0,0,0,1
134894,0,0,0,0,0,0,0,0,1
134895,0,0,0,0,0,0,0,0,1
134896,0,0,0,0,0,0,0,0,1
134897,0,0,0,0,0,0,0,0,1
134898,0,0,0,0,0,0,0,0,1
134899,0,0,0,0,0,0,0,0,1
134900,0,0,0,0,0,0,0,0,1
134901,0,0,0,0,0,0,0,0,1
134902,0,0,0,0,0,0,0,0,1
134903,0,0,0,0,0,0,0,0,1
134904,0,0,0,0,0,0,0,0,1
134905,0,0,0,0,0,0,0,0,1
134906,0,0,0,0,0,0,0,0,1
134907,0,0,0,0,0,0,0,0,1
134908,0,0,0,0,0,0,0,0,1
134909,0,0,0,0,0,0,0,0,1
134910,0,0,0,0,0,0,0,0,1
134911,0,0,0,0,0,0,0,0,1
134912,0,0,0,0,0,0,0,0,1
134913,0,0,0,0,0,0,0,0,1
134914,0,0,0,0,0,0,0,0,1
134915,0,0,0,0,0,0,0,0,1
134916,0,0,0,0,0,0,0,0,1
134917,0,0,0,0,0,0,0,0,1
134918,0,0,0,0,0,0,0,0,1
134919,0,0,0,0,0,0,0,0,1
134920,0,0,0,0,0,0,0,0,1
134921,0,0,0,0,0,0,0,0,1
134922,0,0,0,0,0,0,0,0,1
134923,0,0,0,0,0,0,0,0,1
134924,0,0,0,0,0,0,0,0,1
134925,0,0,0,0,0,0,0,0,1
134926,0,0,0,0,0,0,0,0,1
134927,0,0,0,0,0,0,0,0,1
134928,0,0,0,0,0,0,0,0,1
134929,0,0,0,0,0,0,0,0,1
134930,0,0,0,0,0,0,0,0,1
134931,0,0,0,0,0,0,0,0,1
134932,0,0,0,0,0,0,0,0,1
134933,0,0,0,0,0,0,0,0,1
134934,0,0,0,0,0,0,0,0,1
134935,0,0,0,0,0,0,0,0,1
134936,0,0,0,0,0,0,0,0,1
134937,0,0,0,0,0,0,0,0,1
134938,0,0,0,0,0,0,0,0,1
134939,0,0,0,0,0,0,0,0,1
134940,0,0,0,0,0,0,0,0,1
134941,0,0,0,0,0,0,0,0,1
134942,0,0,0,0,0,0,0,0,1
134943,0,0,0,0,0,0,0,0,1
134944,0,0,0,0,0,0,0,0,1
134945,0,0,0,0,0,0,0,0,1
134946,0,0,0,0,0,0,0,0,1
134947,0,0,0,0,0,0,0,0,1
134948,0,0,0,0,0,0,0,0,1
134949,0,0,0,0,0,0,0,0,1
134950,0,0,0,0,0,0,0,0,1
134951,0,0,0,0,0,0,0,0,1
134952,0,0,0,0,0,0,0,0,1
134953,0,0,0,0,0,0,0,0,1
134954,0,0,0,0,0,0,0,0,1
134955,0,0,0,0,0,0,0,0,1
134956,0,0,0,0,0,0,0,0,1
134957,0,0,0,0,0,0,0,0,1
134958,0,0,0,0,0,0,0,0,1
134959,0,0,0,0,0,0,0,0,1
134960,0,0,0,0,0,0,0,0,1
134961,0,0,0,0,0,0,0,0,1
134962,0,0,0,0,0,0,0,0,1
134963,0,0,0,0,0,0,0,0,1
134964,0,0,0,0,0,0,0,0,1
134965,0,0,0,0,0,0,0,0,1
134966,0,0,0,0,0,0,0,0,1
134967,0,0,0,0,0,0,0,0,1
134968,0,0,0,0,0,0,0,0,1
134969,0,0,0,0,0,0,0,0,1
134970,0,0,0,0,0,0,0,0,1
134971,0,0,0,0,0,0,0,0,1
134972,0,0,0,0,0,0,0,0,1
134973,0,0,0,0,0,0,0,0,1
134974,0,0,0,0,0,0,0,0,1
134975,0,0,0,0,0,0,0,0,1
134976,0,0,0,0,0,0,0,0,1
134977,0,0,0,0,0,0,0,0,1
134978,0,0,0,0,0,0,0,0,1
134979,0,0,0,0,0,0,0,0,1
134980,0,0,0,0,0,0,0,0,1
134981,0,0,0,0,0,0,0,0,1
134982,0,0,0,0,0,0,0,0,1
134983,0,0,0,0,0,0,0,0,1
134984,0,0,0,0,0,0,0,0,1
134985,0,0,0,0,0,0,0,0,1
134986,0,0,0,0,0,0,0,0,1
134987,0,0,0,0,0,0,0,0,1
134988,0,0,0,0,0,0,0,0,1
134989,0,0,0,0,0,0,0,0,1
134990,0,0,0,0,0,0,0,0,1
134991,0,0,0,0,0,0,0,0,1
134992,0,0,0,0,0,0,0,0,1
134993,0,0,0,0,0,0,0,0,1
134994,0,0,0,0,0,0,0,0,1
134995,0,0,0,0,0,0,0,0,1
134996,0,0,0,0,0,0,0,0,1
134997,0,0,0,0,0,0,0,0,1
134998,0,0,0,0,0,0,0,0,1
134999,0,0,0,0,0,0,0,0,1
135000,0,0,0,0,0,0,0,0,1
135001,0,0,0,0,0,0,0,0,1
135002,0,0,0,0,0,0,0,0,1
135003,0,0,0,0,0,0,0,0,1
135004,0,0,0,0,0,0,0,0,1
135005,0,0,0,0,0,0,0,0,1
135006,0,0,0,0,0,0,0,0,1
135007,0,0,0,0,0,0,0,0,1
135008,0,0,0,0,0,0,0,0,1
135009,0,0,0,0,0,0,0,0,1
135010,0,0,0,0,0,0,0,0,1
135011,0,0,0,0,0,0,0,0,1
135012,0,0,0,0,0,0,0,0,1
135013,0,0,0,0,0,0,0,0,1
135014,0,0,0,0,0,0,0,0,1
135015,0,0,0,0,0,0,0,0,1
135016,0,0,0,0,0,0,0,0,1
135017,0,0,0,0,0,0,0,0,1
135018,0,0,0,0,0,0,0,0,1
135019,0,0,0,0,0,0,0,0,1
135020,0,0,0,0,0,0,0,0,1
135021,0,0,0,0,0,0,0,0,1
135022,0,0,0,0,0,0,0,0,1
135023,0,0,0,0,0,0,0,0,1
135024,0,0,0,0,0,0,0,0,1
135025,0,0,0,0,0,0,0,0,1
135026,0,0,0,0,0,0,0,0,1
135027,0,0,0,0,0,0,0,0,1
135028,0,0,0,0,0,0,0,0,1
135029,0,0,0,0,0,0,0,0,1
135030,0,0,0,0,0,0,0,0,1
135031,0,0,0,0,0,0,0,0,1
135032,0,0,0,0,0,0,0,0,1
135033,0,0,0,0,0,0,0,0,1
135034,0,0,0,0,0,0,0,0,1
135035,0,0,0,0,0,0,0,0,1
135036,0,0,0,0,0,0,0,0,1
135037,0,0,0,0,0,0,0,0,1
135038,0,0,0,0,0,0,0,0,1
135039,0,0,0,0,0,0,0,0,1
135040,0,0,0,0,0,0,0,0,1
135041,0,0,0,0,0,0,0,0,1
135042,0,0,0,0,0,0,0,0,1
135043,0,0,0,0,0,0,0,0,1
135044,0,0,0,0,0,0,0,0,1
135045,0,0,0,0,0,0,0,0,1
135046,0,0,0,0,0,0,0,0,1
135047,0,0,0,0,0,0,0,0,1
135048,0,0,0,0,0,0,0,0,1
135049,0,0,0,0,0,0,0,0,1
135050,0,0,0,0,0,0,0,0,1
135051,0,0,0,0,0,0,0,0,1
135052,0,0,0,0,0,0,0,0,1
135053,0,0,0,0,0,0,0,0,1
135054,0,0,0,0,0,0,0,0,1
135055,0,0,0,0,0,0,0,0,1
135056,0,0,0,0,0,0,0,0,1
135057,0,0,0,0,0,0,0,0,1
135058,0,0,0,0,0,0,0,0,1
135059,0,0,0,0,0,0,0,0,1
135060,0,0,0,0,0,0,0,0,1
135061,0,0,0,0,0,0,0,0,1
135062,0,0,0,0,0,0,0,0,1
135063,0,0,0,0,0,0,0,0,1
135064,0,0,0,0,0,0,0,0,1
135065,0,0,0,0,0,0,0,0,1
135066,0,0,0,0,0,0,0,0,1
135067,0,0,0,0,0,0,0,0,1
135068,0,0,0,0,0,0,0,0,1
135069,0,0,0,0,0,0,0,0,1
135070,0,0,0,0,0,0,0,0,1
135071,0,0,0,0,0,0,0,0,1
135072,0,0,0,0,0,0,0,0,1
135073,0,0,0,0,0,0,0,0,1
135074,0,0,0,0,0,0,0,0,1
135075,0,0,0,0,0,0,0,0,1
135076,0,0,0,0,0,0,0,0,1
135077,0,0,0,0,0,0,0,0,1
135078,0,0,0,0,0,0,0,0,1
135079,0,0,0,0,0,0,0,0,1
135080,0,0,0,0,0,0,0,0,1
135081,0,0,0,0,0,0,0,0,1
135082,0,0,0,0,0,0,0,0,1
135083,0,0,0,0,0,0,0,0,1
135084,0,0,0,0,0,0,0,0,1
135085,0,0,0,0,0,0,0,0,1
135086,0,0,0,0,0,0,0,0,1
135087,0,0,0,0,0,0,0,0,1
135088,0,0,0,0,0,0,0,0,1
135089,0,0,0,0,0,0,0,0,1
135090,0,0,0,0,0,0,0,0,1
135091,0,0,0,0,0,0,0,0,1
135092,0,0,0,0,0,0,0,0,1
135093,0,0,0,0,0,0,0,0,1
135094,0,0,0,0,0,0,0,0,1
135095,0,0,0,0,0,0,0,0,1
135096,0,0,0,0,0,0,0,0,1
135097,0,0,0,0,0,0,0,0,1
135098,0,0,0,0,0,0,0,0,1
135099,0,0,0,0,0,0,0,0,1
135100,0,0,0,0,0,0,0,0,1
135101,0,0,0,0,0,0,0,0,1
135102,0,0,0,0,0,0,0,0,1
135103,0,0,0,0,0,0,0,0,1
135104,0,0,0,0,0,0,0,0,1
135105,0,0,0,0,0,0,0,0,1
135106,0,0,0,0,0,0,0,0,1
135107,0,0,0,0,0,0,0,0,1
135108,0,0,0,0,0,0,0,0,1
135109,0,0,0,0,0,0,0,0,1
135110,0,0,0,0,0,0,0,0,1
135111,0,0,0,0,0,0,0,0,1
135112,0,0,0,0,0,0,0,0,1
135113,0,0,0,0,0,0,0,0,1
135114,0,0,0,0,0,0,0,0,1
135115,0,0,0,0,0,0,0,0,1
135116,0,0,0,0,0,0,0,0,1
135117,0,0,0,0,0,0,0,0,1
135118,0,0,0,0,0,0,0,0,1
135119,0,0,0,0,0,0,0,0,1
135120,0,0,0,0,0,0,0,0,1
135121,0,0,0,0,0,0,0,0,1
135122,0,0,0,0,0,0,0,0,1
135123,0,0,0,0,0,0,0,0,1
135124,0,0,0,0,0,0,0,0,1
135125,0,0,0,0,0,0,0,0,1
135126,0,0,0,0,0,0,0,0,1
135127,0,0,0,0,0,0,0,0,1
135128,0,0,0,0,0,0,0,0,1
135129,0,0,0,0,0,0,0,0,1
135130,0,0,0,0,0,0,0,0,1
135131,0,0,0,0,0,0,0,0,1
135132,0,0,0,0,0,0,0,0,1
135133,0,0,0,0,0,0,0,0,1
135134,0,0,0,0,0,0,0,0,1
135135,0,0,0,0,0,0,0,0,1
135136,0,0,0,0,0,0,0,0,1
135137,0,0,0,0,0,0,0,0,1
135138,0,0,0,0,0,0,0,0,1
135139,0,0,0,0,0,0,0,0,1
135140,0,0,0,0,0,0,0,0,1
135141,0,0,0,0,0,0,0,0,1
135142,0,0,0,0,0,0,0,0,1
135143,0,0,0,0,0,0,0,0,1
135144,0,0,0,0,0,0,0,0,1
135145,0,0,0,0,0,0,0,0,1
135146,0,0,0,0,0,0,0,0,1
135147,0,0,0,0,0,0,0,0,1
135148,0,0,0,0,0,0,0,0,1
135149,0,0,0,0,0,0,0,0,1
135150,0,0,0,0,0,0,0,0,1
135151,0,0,0,0,0,0,0,0,1
135152,0,0,0,0,0,0,0,0,1
135153,0,0,0,0,0,0,0,0,1
135154,0,0,0,0,0,0,0,0,1
135155,0,0,0,0,0,0,0,0,1
135156,0,0,0,0,0,0,0,0,1
135157,0,0,0,0,0,0,0,0,1
135158,0,0,0,0,0,0,0,0,1
135159,0,0,0,0,0,0,0,0,1
135160,0,0,0,0,0,0,0,0,1
135161,0,0,0,0,0,0,0,0,1
135162,0,0,0,0,0,0,0,0,1
135163,0,0,0,0,0,0,0,0,1
135164,0,0,0,0,0,0,0,0,1
135165,0,0,0,0,0,0,0,0,1
135166,0,0,0,0,0,0,0,0,1
135167,0,0,0,0,0,0,0,0,1
135168,0,0,0,0,0,0,0,0,1
135169,0,0,0,0,0,0,0,0,1
135170,0,0,0,0,0,0,0,0,1
135171,0,0,0,0,0,0,0,0,1
135172,0,0,0,0,0,0,0,0,1
135173,0,0,0,0,0,0,0,0,1
135174,0,0,0,0,0,0,0,0,1
135175,0,0,0,0,0,0,0,0,1
135176,0,0,0,0,0,0,0,0,1
135177,0,0,0,0,0,0,0,0,1
135178,0,0,0,0,0,0,0,0,1
135179,0,0,0,0,0,0,0,0,1
135180,0,0,0,0,0,0,0,0,1
135181,0,0,0,0,0,0,0,0,1
135182,0,0,0,0,0,0,0,0,1
135183,0,0,0,0,0,0,0,0,1
135184,0,0,0,0,0,0,0,0,1
135185,0,0,0,0,0,0,0,0,1
135186,0,0,0,0,0,0,0,0,1
135187,0,0,0,0,0,0,0,0,1
135188,0,0,0,0,0,0,0,0,1
135189,0,0,0,0,0,0,0,0,1
135190,0,0,0,0,0,0,0,0,1
135191,0,0,0,0,0,0,0,0,1
135192,0,0,0,0,0,0,0,0,1
135193,0,0,0,0,0,0,0,0,1
135194,0,0,0,0,0,0,0,0,1
135195,0,0,0,0,0,0,0,0,1
135196,0,0,0,0,0,0,0,0,1
135197,0,0,0,0,0,0,0,0,1
135198,0,0,0,0,0,0,0,0,1
135199,0,0,0,0,0,0,0,0,1
135200,0,0,0,0,0,0,0,0,1
135201,0,0,0,0,0,0,0,0,1
135202,0,0,0,0,0,0,0,0,1
135203,0,0,0,0,0,0,0,0,1
135204,0,0,0,0,0,0,0,0,1
135205,0,0,0,0,0,0,0,0,1
135206,0,0,0,0,0,0,0,0,1
135207,0,0,0,0,0,0,0,0,1
135208,0,0,0,0,0,0,0,0,1
135209,0,0,0,0,0,0,0,0,1
135210,0,0,0,0,0,0,0,0,1
135211,0,0,0,0,0,0,0,0,1
135212,0,0,0,0,0,0,0,0,1
135213,0,0,0,0,0,0,0,0,1
135214,0,0,0,0,0,0,0,0,1
135215,0,0,0,0,0,0,0,0,1
135216,0,0,0,0,0,0,0,0,1
135217,0,0,0,0,0,0,0,0,1
135218,0,0,0,0,0,0,0,0,1
135219,0,0,0,0,0,0,0,0,1
135220,0,0,0,0,0,0,0,0,1
135221,0,0,0,0,0,0,0,0,1
135222,0,0,0,0,0,0,0,0,1
135223,0,0,0,0,0,0,0,0,1
135224,0,0,0,0,0,0,0,0,1
135225,0,0,0,0,0,0,0,0,1
135226,0,0,0,0,0,0,0,0,1
135227,0,0,0,0,0,0,0,0,1
135228,0,0,0,0,0,0,0,0,1
135229,0,0,0,0,0,0,0,0,1
135230,0,0,0,0,0,0,0,0,1
135231,0,0,0,0,0,0,0,0,1
135232,0,0,0,0,0,0,0,0,1
135233,0,0,0,0,0,0,0,0,1
135234,0,0,0,0,0,0,0,0,1
135235,0,0,0,0,0,0,0,0,1
135236,0,0,0,0,0,0,0,0,1
135237,0,0,0,0,0,0,0,0,1
135238,0,0,0,0,0,0,0,0,1
135239,0,0,0,0,0,0,0,0,1
135240,0,0,0,0,0,0,0,0,1
135241,0,0,0,0,0,0,0,0,1
135242,0,0,0,0,0,0,0,0,1
135243,0,0,0,0,0,0,0,0,1
135244,0,0,0,0,0,0,0,0,1
135245,0,0,0,0,0,0,0,0,1
135246,0,0,0,0,0,0,0,0,1
135247,0,0,0,0,0,0,0,0,1
135248,0,0,0,0,0,0,0,0,1
135249,0,0,0,0,0,0,0,0,1
135250,0,0,0,0,0,0,0,0,1
135251,0,0,0,0,0,0,0,0,1
135252,0,0,0,0,0,0,0,0,1
135253,0,0,0,0,0,0,0,0,1
135254,0,0,0,0,0,0,0,0,1
135255,0,0,0,0,0,0,0,0,1
135256,0,0,0,0,0,0,0,0,1
135257,0,0,0,0,0,0,0,0,1
135258,0,0,0,0,0,0,0,0,1
135259,0,0,0,0,0,0,0,0,1
135260,0,0,0,0,0,0,0,0,1
135261,0,0,0,0,0,0,0,0,1
135262,0,0,0,0,0,0,0,0,1
135263,0,0,0,0,0,0,0,0,1
135264,0,0,0,0,0,0,0,0,1
135265,0,0,0,0,0,0,0,0,1
135266,0,0,0,0,0,0,0,0,1
135267,0,0,0,0,0,0,0,0,1
135268,0,0,0,0,0,0,0,0,1
135269,0,0,0,0,0,0,0,0,1
135270,0,0,0,0,0,0,0,0,1
135271,0,0,0,0,0,0,0,0,1
135272,0,0,0,0,0,0,0,0,1
135273,0,0,0,0,0,0,0,0,1
135274,0,0,0,0,0,0,0,0,1
135275,0,0,0,0,0,0,0,0,1
135276,0,0,0,0,0,0,0,0,1
135277,0,0,0,0,0,0,0,0,1
135278,0,0,0,0,0,0,0,0,1
135279,0,0,0,0,0,0,0,0,1
135280,0,0,0,0,0,0,0,0,1
135281,0,0,0,0,0,0,0,0,1
135282,0,0,0,0,0,0,0,0,1
135283,0,0,0,0,0,0,0,0,1
135284,0,0,0,0,0,0,0,0,1
135285,0,0,0,0,0,0,0,0,1
135286,0,0,0,0,0,0,0,0,1
135287,0,0,0,0,0,0,0,0,1
135288,0,0,0,0,0,0,0,0,1
135289,0,0,0,0,0,0,0,0,1
135290,0,0,0,0,0,0,0,0,1
135291,0,0,0,0,0,0,0,0,1
135292,0,0,0,0,0,0,0,0,1
135293,0,0,0,0,0,0,0,0,1
135294,0,0,0,0,0,0,0,0,1
135295,0,0,0,0,0,0,0,0,1
135296,0,0,0,0,0,0,0,0,1
135297,0,0,0,0,0,0,0,0,1
135298,0,0,0,0,0,0,0,0,1
135299,0,0,0,0,0,0,0,0,1
135300,0,0,0,0,0,0,0,0,1
135301,0,0,0,0,0,0,0,0,1
135302,0,0,0,0,0,0,0,0,1
135303,0,0,0,0,0,0,0,0,1
135304,0,0,0,0,0,0,0,0,1
135305,0,0,0,0,0,0,0,0,1
135306,0,0,0,0,0,0,0,0,1
135307,0,0,0,0,0,0,0,0,1
135308,0,0,0,0,0,0,0,0,1
135309,0,0,0,0,0,0,0,0,1
135310,0,0,0,0,0,0,0,0,1
135311,0,0,0,0,0,0,0,0,1
135312,0,0,0,0,0,0,0,0,1
135313,0,0,0,0,0,0,0,0,1
135314,0,0,0,0,0,0,0,0,1
135315,0,0,0,0,0,0,0,0,1
135316,0,0,0,0,0,0,0,0,1
135317,0,0,0,0,0,0,0,0,1
135318,0,0,0,0,0,0,0,0,1
135319,0,0,0,0,0,0,0,0,1
135320,0,0,0,0,0,0,0,0,1
135321,0,0,0,0,0,0,0,0,1
135322,0,0,0,0,0,0,0,0,1
135323,0,0,0,0,0,0,0,0,1
135324,0,0,0,0,0,0,0,0,1
135325,0,0,0,0,0,0,0,0,1
135326,0,0,0,0,0,0,0,0,1
135327,0,0,0,0,0,0,0,0,1
135328,0,0,0,0,0,0,0,0,1
135329,0,0,0,0,0,0,0,0,1
135330,0,0,0,0,0,0,0,0,1
135331,0,0,0,0,0,0,0,0,1
135332,0,0,0,0,0,0,0,0,1
135333,0,0,0,0,0,0,0,0,1
135334,0,0,0,0,0,0,0,0,1
135335,0,0,0,0,0,0,0,0,1
135336,0,0,0,0,0,0,0,0,1
135337,0,0,0,0,0,0,0,0,1
135338,0,0,0,0,0,0,0,0,1
135339,0,0,0,0,0,0,0,0,1
135340,0,0,0,0,0,0,0,0,1
135341,0,0,0,0,0,0,0,0,1
135342,0,0,0,0,0,0,0,0,1
135343,0,0,0,0,0,0,0,0,1
135344,0,0,0,0,0,0,0,0,1
135345,0,0,0,0,0,0,0,0,1
135346,0,0,0,0,0,0,0,0,1
135347,0,0,0,0,0,0,0,0,1
135348,0,0,0,0,0,0,0,0,1
135349,0,0,0,0,0,0,0,0,1
135350,0,0,0,0,0,0,0,0,1
135351,0,0,0,0,0,0,0,0,1
135352,0,0,0,0,0,0,0,0,1
135353,0,0,0,0,0,0,0,0,1
135354,0,0,0,0,0,0,0,0,1
135355,0,0,0,0,0,0,0,0,1
135356,0,0,0,0,0,0,0,0,1
135357,0,0,0,0,0,0,0,0,1
135358,0,0,0,0,0,0,0,0,1
135359,0,0,0,0,0,0,0,0,1
135360,0,0,0,0,0,0,0,0,1
135361,0,0,0,0,0,0,0,0,1
135362,0,0,0,0,0,0,0,0,1
135363,0,0,0,0,0,0,0,0,1
135364,0,0,0,0,0,0,0,0,1
135365,0,0,0,0,0,0,0,0,1
135366,0,0,0,0,0,0,0,0,1
135367,0,0,0,0,0,0,0,0,1
135368,0,0,0,0,0,0,0,0,1
135369,0,0,0,0,0,0,0,0,1
135370,0,0,0,0,0,0,0,0,1
135371,0,0,0,0,0,0,0,0,1
135372,0,0,0,0,0,0,0,0,1
135373,0,0,0,0,0,0,0,0,1
135374,0,0,0,0,0,0,0,0,1
135375,0,0,0,0,0,0,0,0,1
135376,0,0,0,0,0,0,0,0,1
135377,0,0,0,0,0,0,0,0,1
135378,0,0,0,0,0,0,0,0,1
135379,0,0,0,0,0,0,0,0,1
135380,0,0,0,0,0,0,0,0,1
135381,0,0,0,0,0,0,0,0,1
135382,0,0,0,0,0,0,0,0,1
135383,0,0,0,0,0,0,0,0,1
135384,0,0,0,0,0,0,0,0,1
135385,0,0,0,0,0,0,0,0,1
135386,0,0,0,0,0,0,0,0,1
135387,0,0,0,0,0,0,0,0,1
135388,0,0,0,0,0,0,0,0,1
135389,0,0,0,0,0,0,0,0,1
135390,0,0,0,0,0,0,0,0,1
135391,0,0,0,0,0,0,0,0,1
135392,0,0,0,0,0,0,0,0,1
135393,0,0,0,0,0,0,0,0,1
135394,0,0,0,0,0,0,0,0,1
135395,0,0,0,0,0,0,0,0,1
135396,0,0,0,0,0,0,0,0,1
135397,0,0,0,0,0,0,0,0,1
135398,0,0,0,0,0,0,0,0,1
135399,0,0,0,0,0,0,0,0,1
135400,0,0,0,0,0,0,0,0,1
135401,0,0,0,0,0,0,0,0,1
135402,0,0,0,0,0,0,0,0,1
135403,0,0,0,0,0,0,0,0,1
135404,0,0,0,0,0,0,0,0,1
135405,0,0,0,0,0,0,0,0,1
135406,0,0,0,0,0,0,0,0,1
135407,0,0,0,0,0,0,0,0,1
135408,0,0,0,0,0,0,0,0,1
135409,0,0,0,0,0,0,0,0,1
135410,0,0,0,0,0,0,0,0,1
135411,0,0,0,0,0,0,0,0,1
135412,0,0,0,0,0,0,0,0,1
135413,0,0,0,0,0,0,0,0,1
135414,0,0,0,0,0,0,0,0,1
135415,0,0,0,0,0,0,0,0,1
135416,0,0,0,0,0,0,0,0,1
135417,0,0,0,0,0,0,0,0,1
135418,0,0,0,0,0,0,0,0,1
135419,0,0,0,0,0,0,0,0,1
135420,0,0,0,0,0,0,0,0,1
135421,0,0,0,0,0,0,0,0,1
135422,0,0,0,0,0,0,0,0,1
135423,0,0,0,0,0,0,0,0,1
135424,0,0,0,0,0,0,0,0,1
135425,0,0,0,0,0,0,0,0,1
135426,0,0,0,0,0,0,0,0,1
135427,0,0,0,0,0,0,0,0,1
135428,0,0,0,0,0,0,0,0,1
135429,0,0,0,0,0,0,0,0,1
135430,0,0,0,0,0,0,0,0,1
135431,0,0,0,0,0,0,0,0,1
135432,0,0,0,0,0,0,0,0,1
135433,0,0,0,0,0,0,0,0,1
135434,0,0,0,0,0,0,0,0,1
135435,0,0,0,0,0,0,0,0,1
135436,0,0,0,0,0,0,0,0,1
135437,0,0,0,0,0,0,0,0,1
135438,0,0,0,0,0,0,0,0,1
135439,0,0,0,0,0,0,0,0,1
135440,0,0,0,0,0,0,0,0,1
135441,0,0,0,0,0,0,0,0,1
135442,0,0,0,0,0,0,0,0,1
135443,0,0,0,0,0,0,0,0,1
135444,0,0,0,0,0,0,0,0,1
135445,0,0,0,0,0,0,0,0,1
135446,0,0,0,0,0,0,0,0,1
135447,0,0,0,0,0,0,0,0,1
135448,0,0,0,0,0,0,0,0,1
135449,0,0,0,0,0,0,0,0,1
135450,0,0,0,0,0,0,0,0,1
135451,0,0,0,0,0,0,0,0,1
135452,0,0,0,0,0,0,0,0,1
135453,0,0,0,0,0,0,0,0,1
135454,0,0,0,0,0,0,0,0,1
135455,0,0,0,0,0,0,0,0,1
135456,0,0,0,0,0,0,0,0,1
135457,0,0,0,0,0,0,0,0,1
135458,0,0,0,0,0,0,0,0,1
135459,0,0,0,0,0,0,0,0,1
135460,0,0,0,0,0,0,0,0,1
135461,0,0,0,0,0,0,0,0,1
135462,0,0,0,0,0,0,0,0,1
135463,0,0,0,0,0,0,0,0,1
135464,0,0,0,0,0,0,0,0,1
135465,0,0,0,0,0,0,0,0,1
135466,0,0,0,0,0,0,0,0,1
135467,0,0,0,0,0,0,0,0,1
135468,0,0,0,0,0,0,0,0,1
135469,0,0,0,0,0,0,0,0,1
135470,0,0,0,0,0,0,0,0,1
135471,0,0,0,0,0,0,0,0,1
135472,0,0,0,0,0,0,0,0,1
135473,0,0,0,0,0,0,0,0,1
135474,0,0,0,0,0,0,0,0,1
135475,0,0,0,0,0,0,0,0,1
135476,0,0,0,0,0,0,0,0,1
135477,0,0,0,0,0,0,0,0,1
135478,0,0,0,0,0,0,0,0,1
135479,0,0,0,0,0,0,0,0,1
135480,0,0,0,0,0,0,0,0,1
135481,0,0,0,0,0,0,0,0,1
135482,0,0,0,0,0,0,0,0,1
135483,0,0,0,0,0,0,0,0,1
135484,0,0,0,0,0,0,0,0,1
135485,0,0,0,0,0,0,0,0,1
135486,0,0,0,0,0,0,0,0,1
135487,0,0,0,0,0,0,0,0,1
135488,0,0,0,0,0,0,0,0,1
135489,0,0,0,0,0,0,0,0,1
135490,0,0,0,0,0,0,0,0,1
135491,0,0,0,0,0,0,0,0,1
135492,0,0,0,0,0,0,0,0,1
135493,0,0,0,0,0,0,0,0,1
135494,0,0,0,0,0,0,0,0,1
135495,0,0,0,0,0,0,0,0,1
135496,0,0,0,0,0,0,0,0,1
135497,0,0,0,0,0,0,0,0,1
135498,0,0,0,0,0,0,0,0,1
135499,0,0,0,0,0,0,0,0,1
135500,0,0,0,0,0,0,0,0,1
135501,0,0,0,0,0,0,0,0,1
135502,0,0,0,0,0,0,0,0,1
135503,0,0,0,0,0,0,0,0,1
135504,0,0,0,0,0,0,0,0,1
135505,0,0,0,0,0,0,0,0,1
135506,0,0,0,0,0,0,0,0,1
135507,0,0,0,0,0,0,0,0,1
135508,0,0,0,0,0,0,0,0,1
135509,0,0,0,0,0,0,0,0,1
135510,0,0,0,0,0,0,0,0,1
135511,0,0,0,0,0,0,0,0,1
135512,0,0,0,0,0,0,0,0,1
135513,0,0,0,0,0,0,0,0,1
135514,0,0,0,0,0,0,0,0,1
135515,0,0,0,0,0,0,0,0,1
135516,0,0,0,0,0,0,0,0,1
135517,0,0,0,0,0,0,0,0,1
135518,0,0,0,0,0,0,0,0,1
135519,0,0,0,0,0,0,0,0,1
135520,0,0,0,0,0,0,0,0,1
135521,0,0,0,0,0,0,0,0,1
135522,0,0,0,0,0,0,0,0,1
135523,0,0,0,0,0,0,0,0,1
135524,0,0,0,0,0,0,0,0,1
135525,0,0,0,0,0,0,0,0,1
135526,0,0,0,0,0,0,0,0,1
135527,0,0,0,0,0,0,0,0,1
135528,0,0,0,0,0,0,0,0,1
135529,0,0,0,0,0,0,0,0,1
135530,0,0,0,0,0,0,0,0,1
135531,0,0,0,0,0,0,0,0,1
135532,0,0,0,0,0,0,0,0,1
135533,0,0,0,0,0,0,0,0,1
135534,0,0,0,0,0,0,0,0,1
135535,0,0,0,0,0,0,0,0,1
135536,0,0,0,0,0,0,0,0,1
135537,0,0,0,0,0,0,0,0,1
135538,0,0,0,0,0,0,0,0,1
135539,0,0,0,0,0,0,0,0,1
135540,0,0,0,0,0,0,0,0,1
135541,0,0,0,0,0,0,0,0,1
135542,0,0,0,0,0,0,0,0,1
135543,0,0,0,0,0,0,0,0,1
135544,0,0,0,0,0,0,0,0,1
135545,0,0,0,0,0,0,0,0,1
135546,0,0,0,0,0,0,0,0,1
135547,0,0,0,0,0,0,0,0,1
135548,0,0,0,0,0,0,0,0,1
135549,0,0,0,0,0,0,0,0,1
135550,0,0,0,0,0,0,0,0,1
135551,0,0,0,0,0,0,0,0,1
135552,0,0,0,0,0,0,0,0,1
135553,0,0,0,0,0,0,0,0,1
135554,0,0,0,0,0,0,0,0,1
135555,0,0,0,0,0,0,0,0,1
135556,0,0,0,0,0,0,0,0,1
135557,0,0,0,0,0,0,0,0,1
135558,0,0,0,0,0,0,0,0,1
135559,0,0,0,0,0,0,0,0,1
135560,0,0,0,0,0,0,0,0,1
135561,0,0,0,0,0,0,0,0,1
135562,0,0,0,0,0,0,0,0,1
135563,0,0,0,0,0,0,0,0,1
135564,0,0,0,0,0,0,0,0,1
135565,0,0,0,0,0,0,0,0,1
135566,0,0,0,0,0,0,0,0,1
135567,0,0,0,0,0,0,0,0,1
135568,0,0,0,0,0,0,0,0,1
135569,0,0,0,0,0,0,0,0,1
135570,0,0,0,0,0,0,0,0,1
135571,0,0,0,0,0,0,0,0,1
135572,0,0,0,0,0,0,0,0,1
135573,0,0,0,0,0,0,0,0,1
135574,0,0,0,0,0,0,0,0,1
135575,0,0,0,0,0,0,0,0,1
135576,0,0,0,0,0,0,0,0,1
135577,0,0,0,0,0,0,0,0,1
135578,0,0,0,0,0,0,0,0,1
135579,0,0,0,0,0,0,0,0,1
135580,0,0,0,0,0,0,0,0,1
135581,0,0,0,0,0,0,0,0,1
135582,0,0,0,0,0,0,0,0,1
135583,0,0,0,0,0,0,0,0,1
135584,0,0,0,0,0,0,0,0,1
135585,0,0,0,0,0,0,0,0,1
135586,0,0,0,0,0,0,0,0,1
135587,0,0,0,0,0,0,0,0,1
135588,0,0,0,0,0,0,0,0,1
135589,0,0,0,0,0,0,0,0,1
135590,0,0,0,0,0,0,0,0,1
135591,0,0,0,0,0,0,0,0,1
135592,0,0,0,0,0,0,0,0,1
135593,0,0,0,0,0,0,0,0,1
135594,0,0,0,0,0,0,0,0,1
135595,0,0,0,0,0,0,0,0,1
135596,0,0,0,0,0,0,0,0,1
135597,0,0,0,0,0,0,0,0,1
135598,0,0,0,0,0,0,0,0,1
135599,0,0,0,0,0,0,0,0,1
135600,0,0,0,0,0,0,0,0,1
135601,0,0,0,0,0,0,0,0,1
135602,0,0,0,0,0,0,0,0,1
135603,0,0,0,0,0,0,0,0,1
135604,0,0,0,0,0,0,0,0,1
135605,0,0,0,0,0,0,0,0,1
135606,0,0,0,0,0,0,0,0,1
135607,0,0,0,0,0,0,0,0,1
135608,0,0,0,0,0,0,0,0,1
135609,0,0,0,0,0,0,0,0,1
135610,0,0,0,0,0,0,0,0,1
135611,0,0,0,0,0,0,0,0,1
135612,0,0,0,0,0,0,0,0,1
135613,0,0,0,0,0,0,0,0,1
135614,0,0,0,0,0,0,0,0,1
135615,0,0,0,0,0,0,0,0,1
135616,0,0,0,0,0,0,0,0,1
135617,0,0,0,0,0,0,0,0,1
135618,0,0,0,0,0,0,0,0,1
135619,0,0,0,0,0,0,0,0,1
135620,0,0,0,0,0,0,0,0,1
135621,0,0,0,0,0,0,0,0,1
135622,0,0,0,0,0,0,0,0,1
135623,0,0,0,0,0,0,0,0,1
135624,0,0,0,0,0,0,0,0,1
135625,0,0,0,0,0,0,0,0,1
135626,0,0,0,0,0,0,0,0,1
135627,0,0,0,0,0,0,0,0,1
135628,0,0,0,0,0,0,0,0,1
135629,0,0,0,0,0,0,0,0,1
135630,0,0,0,0,0,0,0,0,1
135631,0,0,0,0,0,0,0,0,1
135632,0,0,0,0,0,0,0,0,1
135633,0,0,0,0,0,0,0,0,1
135634,0,0,0,0,0,0,0,0,1
135635,0,0,0,0,0,0,0,0,1
135636,0,0,0,0,0,0,0,0,1
135637,0,0,0,0,0,0,0,0,1
135638,0,0,0,0,0,0,0,0,1
135639,0,0,0,0,0,0,0,0,1
135640,0,0,0,0,0,0,0,0,1
135641,0,0,0,0,0,0,0,0,1
135642,0,0,0,0,0,0,0,0,1
135643,0,0,0,0,0,0,0,0,1
135644,0,0,0,0,0,0,0,0,1
135645,0,0,0,0,0,0,0,0,1
135646,0,0,0,0,0,0,0,0,1
135647,0,0,0,0,0,0,0,0,1
135648,0,0,0,0,0,0,0,0,1
135649,0,0,0,0,0,0,0,0,1
135650,0,0,0,0,0,0,0,0,1
135651,0,0,0,0,0,0,0,0,1
135652,0,0,0,0,0,0,0,0,1
135653,0,0,0,0,0,0,0,0,1
135654,0,0,0,0,0,0,0,0,1
135655,0,0,0,0,0,0,0,0,1
135656,0,0,0,0,0,0,0,0,1
135657,0,0,0,0,0,0,0,0,1
135658,0,0,0,0,0,0,0,0,1
135659,0,0,0,0,0,0,0,0,1
135660,0,0,0,0,0,0,0,0,1
135661,0,0,0,0,0,0,0,0,1
135662,0,0,0,0,0,0,0,0,1
135663,0,0,0,0,0,0,0,0,1
135664,0,0,0,0,0,0,0,0,1
135665,0,0,0,0,0,0,0,0,1
135666,0,0,0,0,0,0,0,0,1
135667,0,0,0,0,0,0,0,0,1
135668,0,0,0,0,0,0,0,0,1
135669,0,0,0,0,0,0,0,0,1
135670,0,0,0,0,0,0,0,0,1
135671,0,0,0,0,0,0,0,0,1
135672,0,0,0,0,0,0,0,0,1
135673,0,0,0,0,0,0,0,0,1
135674,0,0,0,0,0,0,0,0,1
135675,0,0,0,0,0,0,0,0,1
135676,0,0,0,0,0,0,0,0,1
135677,0,0,0,0,0,0,0,0,1
135678,0,0,0,0,0,0,0,0,1
135679,0,0,0,0,0,0,0,0,1
135680,0,0,0,0,0,0,0,0,1
135681,0,0,0,0,0,0,0,0,1
135682,0,0,0,0,0,0,0,0,1
135683,0,0,0,0,0,0,0,0,1
135684,0,0,0,0,0,0,0,0,1
135685,0,0,0,0,0,0,0,0,1
135686,0,0,0,0,0,0,0,0,1
135687,0,0,0,0,0,0,0,0,1
135688,0,0,0,0,0,0,0,0,1
135689,0,0,0,0,0,0,0,0,1
135690,0,0,0,0,0,0,0,0,1
135691,0,0,0,0,0,0,0,0,1
135692,0,0,0,0,0,0,0,0,1
135693,0,0,0,0,0,0,0,0,1
135694,0,0,0,0,0,0,0,0,1
135695,0,0,0,0,0,0,0,0,1
135696,0,0,0,0,0,0,0,0,1
135697,0,0,0,0,0,0,0,0,1
135698,0,0,0,0,0,0,0,0,1
135699,0,0,0,0,0,0,0,0,1
135700,0,0,0,0,0,0,0,0,1
135701,0,0,0,0,0,0,0,0,1
135702,0,0,0,0,0,0,0,0,1
135703,0,0,0,0,0,0,0,0,1
135704,0,0,0,0,0,0,0,0,1
135705,0,0,0,0,0,0,0,0,1
135706,0,0,0,0,0,0,0,0,1
135707,0,0,0,0,0,0,0,0,1
135708,0,0,0,0,0,0,0,0,1
135709,0,0,0,0,0,0,0,0,1
135710,0,0,0,0,0,0,0,0,1
135711,0,0,0,0,0,0,0,0,1
135712,0,0,0,0,0,0,0,0,1
135713,0,0,0,0,0,0,0,0,1
135714,0,0,0,0,0,0,0,0,1
135715,0,0,0,0,0,0,0,0,1
135716,0,0,0,0,0,0,0,0,1
135717,0,0,0,0,0,0,0,0,1
135718,0,0,0,0,0,0,0,0,1
135719,0,0,0,0,0,0,0,0,1
135720,0,0,0,0,0,0,0,0,1
135721,0,0,0,0,0,0,0,0,1
135722,0,0,0,0,0,0,0,0,1
135723,0,0,0,0,0,0,0,0,1
135724,0,0,0,0,0,0,0,0,1
135725,0,0,0,0,0,0,0,0,1
135726,0,0,0,0,0,0,0,0,1
135727,0,0,0,0,0,0,0,0,1
135728,0,0,0,0,0,0,0,0,1
135729,0,0,0,0,0,0,0,0,1
135730,0,0,0,0,0,0,0,0,1
135731,0,0,0,0,0,0,0,0,1
135732,0,0,0,0,0,0,0,0,1
135733,0,0,0,0,0,0,0,0,1
135734,0,0,0,0,0,0,0,0,1
135735,0,0,0,0,0,0,0,0,1
135736,0,0,0,0,0,0,0,0,1
135737,0,0,0,0,0,0,0,0,1
135738,0,0,0,0,0,0,0,0,1
135739,0,0,0,0,0,0,0,0,1
135740,0,0,0,0,0,0,0,0,1
135741,0,0,0,0,0,0,0,0,1
135742,0,0,0,0,0,0,0,0,1
135743,0,0,0,0,0,0,0,0,1
135744,0,0,0,0,0,0,0,0,1
135745,0,0,0,0,0,0,0,0,1
135746,0,0,0,0,0,0,0,0,1
135747,0,0,0,0,0,0,0,0,1
135748,0,0,0,0,0,0,0,0,1
135749,0,0,0,0,0,0,0,0,1
135750,0,0,0,0,0,0,0,0,1
135751,0,0,0,0,0,0,0,0,1
135752,0,0,0,0,0,0,0,0,1
135753,0,0,0,0,0,0,0,0,1
135754,0,0,0,0,0,0,0,0,1
135755,0,0,0,0,0,0,0,0,1
135756,0,0,0,0,0,0,0,0,1
135757,0,0,0,0,0,0,0,0,1
135758,0,0,0,0,0,0,0,0,1
135759,0,0,0,0,0,0,0,0,1
135760,0,0,0,0,0,0,0,0,1
135761,0,0,0,0,0,0,0,0,1
135762,0,0,0,0,0,0,0,0,1
135763,0,0,0,0,0,0,0,0,1
135764,0,0,0,0,0,0,0,0,1
135765,0,0,0,0,0,0,0,0,1
135766,0,0,0,0,0,0,0,0,1
135767,0,0,0,0,0,0,0,0,1
135768,0,0,0,0,0,0,0,0,1
135769,0,0,0,0,0,0,0,0,1
135770,0,0,0,0,0,0,0,0,1
135771,0,0,0,0,0,0,0,0,1
135772,0,0,0,0,0,0,0,0,1
135773,0,0,0,0,0,0,0,0,1
135774,0,0,0,0,0,0,0,0,1
135775,0,0,0,0,0,0,0,0,1
135776,0,0,0,0,0,0,0,0,1
135777,0,0,0,0,0,0,0,0,1
135778,0,0,0,0,0,0,0,0,1
135779,0,0,0,0,0,0,0,0,1
135780,0,0,0,0,0,0,0,0,1
135781,0,0,0,0,0,0,0,0,1
135782,0,0,0,0,0,0,0,0,1
135783,0,0,0,0,0,0,0,0,1
135784,0,0,0,0,0,0,0,0,1
135785,0,0,0,0,0,0,0,0,1
135786,0,0,0,0,0,0,0,0,1
135787,0,0,0,0,0,0,0,0,1
135788,0,0,0,0,0,0,0,0,1
135789,0,0,0,0,0,0,0,0,1
135790,0,0,0,0,0,0,0,0,1
135791,0,0,0,0,0,0,0,0,1
135792,0,0,0,0,0,0,0,0,1
135793,0,0,0,0,0,0,0,0,1
135794,0,0,0,0,0,0,0,0,1
135795,0,0,0,0,0,0,0,0,1
135796,0,0,0,0,0,0,0,0,1
135797,0,0,0,0,0,0,0,0,1
135798,0,0,0,0,0,0,0,0,1
135799,0,0,0,0,0,0,0,0,1
135800,0,0,0,0,0,0,0,0,1
135801,0,0,0,0,0,0,0,0,1
135802,0,0,0,0,0,0,0,0,1
135803,0,0,0,0,0,0,0,0,1
135804,0,0,0,0,0,0,0,0,1
135805,0,0,0,0,0,0,0,0,1
135806,0,0,0,0,0,0,0,0,1
135807,0,0,0,0,0,0,0,0,1
135808,0,0,0,0,0,0,0,0,1
135809,0,0,0,0,0,0,0,0,1
135810,0,0,0,0,0,0,0,0,1
135811,0,0,0,0,0,0,0,0,1
135812,0,0,0,0,0,0,0,0,1
135813,0,0,0,0,0,0,0,0,1
135814,0,0,0,0,0,0,0,0,1
135815,0,0,0,0,0,0,0,0,1
135816,0,0,0,0,0,0,0,0,1
135817,0,0,0,0,0,0,0,0,1
135818,0,0,0,0,0,0,0,0,1
135819,0,0,0,0,0,0,0,0,1
135820,0,0,0,0,0,0,0,0,1
135821,0,0,0,0,0,0,0,0,1
135822,0,0,0,0,0,0,0,0,1
135823,0,0,0,0,0,0,0,0,1
135824,0,0,0,0,0,0,0,0,1
135825,0,0,0,0,0,0,0,0,1
135826,0,0,0,0,0,0,0,0,1
135827,0,0,0,0,0,0,0,0,1
135828,0,0,0,0,0,0,0,0,1
135829,0,0,0,0,0,0,0,0,1
135830,0,0,0,0,0,0,0,0,1
135831,0,0,0,0,0,0,0,0,1
135832,0,0,0,0,0,0,0,0,1
135833,0,0,0,0,0,0,0,0,1
135834,0,0,0,0,0,0,0,0,1
135835,0,0,0,0,0,0,0,0,1
135836,0,0,0,0,0,0,0,0,1
135837,0,0,0,0,0,0,0,0,1
135838,0,0,0,0,0,0,0,0,1
135839,0,0,0,0,0,0,0,0,1
135840,0,0,0,0,0,0,0,0,1
135841,0,0,0,0,0,0,0,0,1
135842,0,0,0,0,0,0,0,0,1
135843,0,0,0,0,0,0,0,0,1
135844,0,0,0,0,0,0,0,0,1
135845,0,0,0,0,0,0,0,0,1
135846,0,0,0,0,0,0,0,0,1
135847,0,0,0,0,0,0,0,0,1
135848,0,0,0,0,0,0,0,0,1
135849,0,0,0,0,0,0,0,0,1
135850,0,0,0,0,0,0,0,0,1
135851,0,0,0,0,0,0,0,0,1
135852,0,0,0,0,0,0,0,0,1
135853,0,0,0,0,0,0,0,0,1
135854,0,0,0,0,0,0,0,0,1
135855,0,0,0,0,0,0,0,0,1
135856,0,0,0,0,0,0,0,0,1
135857,0,0,0,0,0,0,0,0,1
135858,0,0,0,0,0,0,0,0,1
135859,0,0,0,0,0,0,0,0,1
135860,0,0,0,0,0,0,0,0,1
135861,0,0,0,0,0,0,0,0,1
135862,0,0,0,0,0,0,0,0,1
135863,0,0,0,0,0,0,0,0,1
135864,0,0,0,0,0,0,0,0,1
135865,0,0,0,0,0,0,0,0,1
135866,0,0,0,0,0,0,0,0,1
135867,0,0,0,0,0,0,0,0,1
135868,0,0,0,0,0,0,0,0,1
135869,0,0,0,0,0,0,0,0,1
135870,0,0,0,0,0,0,0,0,1
135871,0,0,0,0,0,0,0,0,1
135872,0,0,0,0,0,0,0,0,1
135873,0,0,0,0,0,0,0,0,1
135874,0,0,0,0,0,0,0,0,1
135875,0,0,0,0,0,0,0,0,1
135876,0,0,0,0,0,0,0,0,1
135877,0,0,0,0,0,0,0,0,1
135878,0,0,0,0,0,0,0,0,1
135879,0,0,0,0,0,0,0,0,1
135880,0,0,0,0,0,0,0,0,1
135881,0,0,0,0,0,0,0,0,1
135882,0,0,0,0,0,0,0,0,1
135883,0,0,0,0,0,0,0,0,1
135884,0,0,0,0,0,0,0,0,1
135885,0,0,0,0,0,0,0,0,1
135886,0,0,0,0,0,0,0,0,1
135887,0,0,0,0,0,0,0,0,1
135888,0,0,0,0,0,0,0,0,1
135889,0,0,0,0,0,0,0,0,1
135890,0,0,0,0,0,0,0,0,1
135891,0,0,0,0,0,0,0,0,1
135892,0,0,0,0,0,0,0,0,1
135893,0,0,0,0,0,0,0,0,1
135894,0,0,0,0,0,0,0,0,1
135895,0,0,0,0,0,0,0,0,1
135896,0,0,0,0,0,0,0,0,1
135897,0,0,0,0,0,0,0,0,1
135898,0,0,0,0,0,0,0,0,1
135899,0,0,0,0,0,0,0,0,1
135900,0,0,0,0,0,0,0,0,1
135901,0,0,0,0,0,0,0,0,1
135902,0,0,0,0,0,0,0,0,1
135903,0,0,0,0,0,0,0,0,1
135904,0,0,0,0,0,0,0,0,1
135905,0,0,0,0,0,0,0,0,1
135906,0,0,0,0,0,0,0,0,1
135907,0,0,0,0,0,0,0,0,1
135908,0,0,0,0,0,0,0,0,1
135909,0,0,0,0,0,0,0,0,1
135910,0,0,0,0,0,0,0,0,1
135911,0,0,0,0,0,0,0,0,1
135912,0,0,0,0,0,0,0,0,1
135913,0,0,0,0,0,0,0,0,1
135914,0,0,0,0,0,0,0,0,1
135915,0,0,0,0,0,0,0,0,1
135916,0,0,0,0,0,0,0,0,1
135917,0,0,0,0,0,0,0,0,1
135918,0,0,0,0,0,0,0,0,1
135919,0,0,0,0,0,0,0,0,1
135920,0,0,0,0,0,0,0,0,1
135921,0,0,0,0,0,0,0,0,1
135922,0,0,0,0,0,0,0,0,1
135923,0,0,0,0,0,0,0,0,1
135924,0,0,0,0,0,0,0,0,1
135925,0,0,0,0,0,0,0,0,1
135926,0,0,0,0,0,0,0,0,1
135927,0,0,0,0,0,0,0,0,1
135928,0,0,0,0,0,0,0,0,1
135929,0,0,0,0,0,0,0,0,1
135930,0,0,0,0,0,0,0,0,1
135931,0,0,0,0,0,0,0,0,1
135932,0,0,0,0,0,0,0,0,1
135933,0,0,0,0,0,0,0,0,1
135934,0,0,0,0,0,0,0,0,1
135935,0,0,0,0,0,0,0,0,1
135936,0,0,0,0,0,0,0,0,1
135937,0,0,0,0,0,0,0,0,1
135938,0,0,0,0,0,0,0,0,1
135939,0,0,0,0,0,0,0,0,1
135940,0,0,0,0,0,0,0,0,1
135941,0,0,0,0,0,0,0,0,1
135942,0,0,0,0,0,0,0,0,1
135943,0,0,0,0,0,0,0,0,1
135944,0,0,0,0,0,0,0,0,1
135945,0,0,0,0,0,0,0,0,1
135946,0,0,0,0,0,0,0,0,1
135947,0,0,0,0,0,0,0,0,1
135948,0,0,0,0,0,0,0,0,1
135949,0,0,0,0,0,0,0,0,1
135950,0,0,0,0,0,0,0,0,1
135951,0,0,0,0,0,0,0,0,1
135952,0,0,0,0,0,0,0,0,1
135953,0,0,0,0,0,0,0,0,1
135954,0,0,0,0,0,0,0,0,1
135955,0,0,0,0,0,0,0,0,1
135956,0,0,0,0,0,0,0,0,1
135957,0,0,0,0,0,0,0,0,1
135958,0,0,0,0,0,0,0,0,1
135959,0,0,0,0,0,0,0,0,1
135960,0,0,0,0,0,0,0,0,1
135961,0,0,0,0,0,0,0,0,1
135962,0,0,0,0,0,0,0,0,1
135963,0,0,0,0,0,0,0,0,1
135964,0,0,0,0,0,0,0,0,1
135965,0,0,0,0,0,0,0,0,1
135966,0,0,0,0,0,0,0,0,1
135967,0,0,0,0,0,0,0,0,1
135968,0,0,0,0,0,0,0,0,1
135969,0,0,0,0,0,0,0,0,1
135970,0,0,0,0,0,0,0,0,1
135971,0,0,0,0,0,0,0,0,1
135972,0,0,0,0,0,0,0,0,1
135973,0,0,0,0,0,0,0,0,1
135974,0,0,0,0,0,0,0,0,1
135975,0,0,0,0,0,0,0,0,1
135976,0,0,0,0,0,0,0,0,1
135977,0,0,0,0,0,0,0,0,1
135978,0,0,0,0,0,0,0,0,1
135979,0,0,0,0,0,0,0,0,1
135980,0,0,0,0,0,0,0,0,1
135981,0,0,0,0,0,0,0,0,1
135982,0,0,0,0,0,0,0,0,1
135983,0,0,0,0,0,0,0,0,1
135984,0,0,0,0,0,0,0,0,1
135985,0,0,0,0,0,0,0,0,1
135986,0,0,0,0,0,0,0,0,1
135987,0,0,0,0,0,0,0,0,1
135988,0,0,0,0,0,0,0,0,1
135989,0,0,0,0,0,0,0,0,1
135990,0,0,0,0,0,0,0,0,1
135991,0,0,0,0,0,0,0,0,1
135992,0,0,0,0,0,0,0,0,1
135993,0,0,0,0,0,0,0,0,1
135994,0,0,0,0,0,0,0,0,1
135995,0,0,0,0,0,0,0,0,1
135996,0,0,0,0,0,0,0,0,1
135997,0,0,0,0,0,0,0,0,1
135998,0,0,0,0,0,0,0,0,1
135999,0,0,0,0,0,0,0,0,1
136000,0,0,0,0,0,0,0,0,1
136001,0,0,0,0,0,0,0,0,1
136002,0,0,0,0,0,0,0,0,1
136003,0,0,0,0,0,0,0,0,1
136004,0,0,0,0,0,0,0,0,1
136005,0,0,0,0,0,0,0,0,1
136006,0,0,0,0,0,0,0,0,1
136007,0,0,0,0,0,0,0,0,1
136008,0,0,0,0,0,0,0,0,1
136009,0,0,0,0,0,0,0,0,1
136010,0,0,0,0,0,0,0,0,1
136011,0,0,0,0,0,0,0,0,1
136012,0,0,0,0,0,0,0,0,1
136013,0,0,0,0,0,0,0,0,1
136014,0,0,0,0,0,0,0,0,1
136015,0,0,0,0,0,0,0,0,1
136016,0,0,0,0,0,0,0,0,1
136017,0,0,0,0,0,0,0,0,1
136018,0,0,0,0,0,0,0,0,1
136019,0,0,0,0,0,0,0,0,1
136020,0,0,0,0,0,0,0,0,1
136021,0,0,0,0,0,0,0,0,1
136022,0,0,0,0,0,0,0,0,1
136023,0,0,0,0,0,0,0,0,1
136024,0,0,0,0,0,0,0,0,1
136025,0,0,0,0,0,0,0,0,1
136026,0,0,0,0,0,0,0,0,1
136027,0,0,0,0,0,0,0,0,1
136028,0,0,0,0,0,0,0,0,1
136029,0,0,0,0,0,0,0,0,1
136030,0,0,0,0,0,0,0,0,1
136031,0,0,0,0,0,0,0,0,1
136032,0,0,0,0,0,0,0,0,1
136033,0,0,0,0,0,0,0,0,1
136034,0,0,0,0,0,0,0,0,1
136035,0,0,0,0,0,0,0,0,1
136036,0,0,0,0,0,0,0,0,1
136037,0,0,0,0,0,0,0,0,1
136038,0,0,0,0,0,0,0,0,1
136039,0,0,0,0,0,0,0,0,1
136040,0,0,0,0,0,0,0,0,1
136041,0,0,0,0,0,0,0,0,1
136042,0,0,0,0,0,0,0,0,1
136043,0,0,0,0,0,0,0,0,1
136044,0,0,0,0,0,0,0,0,1
136045,0,0,0,0,0,0,0,0,1
136046,0,0,0,0,0,0,0,0,1
136047,0,0,0,0,0,0,0,0,1
136048,0,0,0,0,0,0,0,0,1
136049,0,0,0,0,0,0,0,0,1
136050,0,0,0,0,0,0,0,0,1
136051,0,0,0,0,0,0,0,0,1
136052,0,0,0,0,0,0,0,0,1
136053,0,0,0,0,0,0,0,0,1
136054,0,0,0,0,0,0,0,0,1
136055,0,0,0,0,0,0,0,0,1
136056,0,0,0,0,0,0,0,0,1
136057,0,0,0,0,0,0,0,0,1
136058,0,0,0,0,0,0,0,0,1
136059,0,0,0,0,0,0,0,0,1
136060,0,0,0,0,0,0,0,0,1
136061,0,0,0,0,0,0,0,0,1
136062,0,0,0,0,0,0,0,0,1
136063,0,0,0,0,0,0,0,0,1
136064,0,0,0,0,0,0,0,0,1
136065,0,0,0,0,0,0,0,0,1
136066,0,0,0,0,0,0,0,0,1
136067,0,0,0,0,0,0,0,0,1
136068,0,0,0,0,0,0,0,0,1
136069,0,0,0,0,0,0,0,0,1
136070,0,0,0,0,0,0,0,0,1
136071,0,0,0,0,0,0,0,0,1
136072,0,0,0,0,0,0,0,0,1
136073,0,0,0,0,0,0,0,0,1
136074,0,0,0,0,0,0,0,0,1
136075,0,0,0,0,0,0,0,0,1
136076,0,0,0,0,0,0,0,0,1
136077,0,0,0,0,0,0,0,0,1
136078,0,0,0,0,0,0,0,0,1
136079,0,0,0,0,0,0,0,0,1
136080,0,0,0,0,0,0,0,0,1
136081,0,0,0,0,0,0,0,0,1
136082,0,0,0,0,0,0,0,0,1
136083,0,0,0,0,0,0,0,0,1
136084,0,0,0,0,0,0,0,0,1
136085,0,0,0,0,0,0,0,0,1
136086,0,0,0,0,0,0,0,0,1
136087,0,0,0,0,0,0,0,0,1
136088,0,0,0,0,0,0,0,0,1
136089,0,0,0,0,0,0,0,0,1
136090,0,0,0,0,0,0,0,0,1
136091,0,0,0,0,0,0,0,0,1
136092,0,0,0,0,0,0,0,0,1
136093,0,0,0,0,0,0,0,0,1
136094,0,0,0,0,0,0,0,0,1
136095,0,0,0,0,0,0,0,0,1
136096,0,0,0,0,0,0,0,0,1
136097,0,0,0,0,0,0,0,0,1
136098,0,0,0,0,0,0,0,0,1
136099,0,0,0,0,0,0,0,0,1
136100,0,0,0,0,0,0,0,0,1
136101,0,0,0,0,0,0,0,0,1
136102,0,0,0,0,0,0,0,0,1
136103,0,0,0,0,0,0,0,0,1
136104,0,0,0,0,0,0,0,0,1
136105,0,0,0,0,0,0,0,0,1
136106,0,0,0,0,0,0,0,0,1
136107,0,0,0,0,0,0,0,0,1
136108,0,0,0,0,0,0,0,0,1
136109,0,0,0,0,0,0,0,0,1
136110,0,0,0,0,0,0,0,0,1
136111,0,0,0,0,0,0,0,0,1
136112,0,0,0,0,0,0,0,0,1
136113,0,0,0,0,0,0,0,0,1
136114,0,0,0,0,0,0,0,0,1
136115,0,0,0,0,0,0,0,0,1
136116,0,0,0,0,0,0,0,0,1
136117,0,0,0,0,0,0,0,0,1
136118,0,0,0,0,0,0,0,0,1
136119,0,0,0,0,0,0,0,0,1
136120,0,0,0,0,0,0,0,0,1
136121,0,0,0,0,0,0,0,0,1
136122,0,0,0,0,0,0,0,0,1
136123,0,0,0,0,0,0,0,0,1
136124,0,0,0,0,0,0,0,0,1
136125,0,0,0,0,0,0,0,0,1
136126,0,0,0,0,0,0,0,0,1
136127,0,0,0,0,0,0,0,0,1
136128,0,0,0,0,0,0,0,0,1
136129,0,0,0,0,0,0,0,0,1
136130,0,0,0,0,0,0,0,0,1
136131,0,0,0,0,0,0,0,0,1
136132,0,0,0,0,0,0,0,0,1
136133,0,0,0,0,0,0,0,0,1
136134,0,0,0,0,0,0,0,0,1
136135,0,0,0,0,0,0,0,0,1
136136,0,0,0,0,0,0,0,0,1
136137,0,0,0,0,0,0,0,0,1
136138,0,0,0,0,0,0,0,0,1
136139,0,0,0,0,0,0,0,0,1
136140,0,0,0,0,0,0,0,0,1
136141,0,0,0,0,0,0,0,0,1
136142,0,0,0,0,0,0,0,0,1
136143,0,0,0,0,0,0,0,0,1
136144,0,0,0,0,0,0,0,0,1
136145,0,0,0,0,0,0,0,0,1
136146,0,0,0,0,0,0,0,0,1
136147,0,0,0,0,0,0,0,0,1
136148,0,0,0,0,0,0,0,0,1
136149,0,0,0,0,0,0,0,0,1
136150,0,0,0,0,0,0,0,0,1
136151,0,0,0,0,0,0,0,0,1
136152,0,0,0,0,0,0,0,0,1
136153,0,0,0,0,0,0,0,0,1
136154,0,0,0,0,0,0,0,0,1
136155,0,0,0,0,0,0,0,0,1
136156,0,0,0,0,0,0,0,0,1
136157,0,0,0,0,0,0,0,0,1
136158,0,0,0,0,0,0,0,0,1
136159,0,0,0,0,0,0,0,0,1
136160,0,0,0,0,0,0,0,0,1
136161,0,0,0,0,0,0,0,0,1
136162,0,0,0,0,0,0,0,0,1
136163,0,0,0,0,0,0,0,0,1
136164,0,0,0,0,0,0,0,0,1
136165,0,0,0,0,0,0,0,0,1
136166,0,0,0,0,0,0,0,0,1
136167,0,0,0,0,0,0,0,0,1
136168,0,0,0,0,0,0,0,0,1
136169,0,0,0,0,0,0,0,0,1
136170,0,0,0,0,0,0,0,0,1
136171,0,0,0,0,0,0,0,0,1
136172,0,0,0,0,0,0,0,0,1
136173,0,0,0,0,0,0,0,0,1
136174,0,0,0,0,0,0,0,0,1
136175,0,0,0,0,0,0,0,0,1
136176,0,0,0,0,0,0,0,0,1
136177,0,0,0,0,0,0,0,0,1
136178,0,0,0,0,0,0,0,0,1
136179,0,0,0,0,0,0,0,0,1
136180,0,0,0,0,0,0,0,0,1
136181,0,0,0,0,0,0,0,0,1
136182,0,0,0,0,0,0,0,0,1
136183,0,0,0,0,0,0,0,0,1
136184,0,0,0,0,0,0,0,0,1
136185,0,0,0,0,0,0,0,0,1
136186,0,0,0,0,0,0,0,0,1
136187,0,0,0,0,0,0,0,0,1
136188,0,0,0,0,0,0,0,0,1
136189,0,0,0,0,0,0,0,0,1
136190,0,0,0,0,0,0,0,0,1
136191,0,0,0,0,0,0,0,0,1
136192,0,0,0,0,0,0,0,0,1
136193,0,0,0,0,0,0,0,0,1
136194,0,0,0,0,0,0,0,0,1
136195,0,0,0,0,0,0,0,0,1
136196,0,0,0,0,0,0,0,0,1
136197,0,0,0,0,0,0,0,0,1
136198,0,0,0,0,0,0,0,0,1
136199,0,0,0,0,0,0,0,0,1
136200,0,0,0,0,0,0,0,0,1
136201,0,0,0,0,0,0,0,0,1
136202,0,0,0,0,0,0,0,0,1
136203,0,0,0,0,0,0,0,0,1
136204,0,0,0,0,0,0,0,0,1
136205,0,0,0,0,0,0,0,0,1
136206,0,0,0,0,0,0,0,0,1
136207,0,0,0,0,0,0,0,0,1
136208,0,0,0,0,0,0,0,0,1
136209,0,0,0,0,0,0,0,0,1
136210,0,0,0,0,0,0,0,0,1
136211,0,0,0,0,0,0,0,0,1
136212,0,0,0,0,0,0,0,0,1
136213,0,0,0,0,0,0,0,0,1
136214,0,0,0,0,0,0,0,0,1
136215,0,0,0,0,0,0,0,0,1
136216,0,0,0,0,0,0,0,0,1
136217,0,0,0,0,0,0,0,0,1
136218,0,0,0,0,0,0,0,0,1
136219,0,0,0,0,0,0,0,0,1
136220,0,0,0,0,0,0,0,0,1
136221,0,0,0,0,0,0,0,0,1
136222,0,0,0,0,0,0,0,0,1
136223,0,0,0,0,0,0,0,0,1
136224,0,0,0,0,0,0,0,0,1
136225,0,0,0,0,0,0,0,0,1
136226,0,0,0,0,0,0,0,0,1
136227,0,0,0,0,0,0,0,0,1
136228,0,0,0,0,0,0,0,0,1
136229,0,0,0,0,0,0,0,0,1
136230,0,0,0,0,0,0,0,0,1
136231,0,0,0,0,0,0,0,0,1
136232,0,0,0,0,0,0,0,0,1
136233,0,0,0,0,0,0,0,0,1
136234,0,0,0,0,0,0,0,0,1
136235,0,0,0,0,0,0,0,0,1
136236,0,0,0,0,0,0,0,0,1
136237,0,0,0,0,0,0,0,0,1
136238,0,0,0,0,0,0,0,0,1
136239,0,0,0,0,0,0,0,0,1
136240,0,0,0,0,0,0,0,0,1
136241,0,0,0,0,0,0,0,0,1
136242,0,0,0,0,0,0,0,0,1
136243,0,0,0,0,0,0,0,0,1
136244,0,0,0,0,0,0,0,0,1
136245,0,0,0,0,0,0,0,0,1
136246,0,0,0,0,0,0,0,0,1
136247,0,0,0,0,0,0,0,0,1
136248,0,0,0,0,0,0,0,0,1
136249,0,0,0,0,0,0,0,0,1
136250,0,0,0,0,0,0,0,0,1
136251,0,0,0,0,0,0,0,0,1
136252,0,0,0,0,0,0,0,0,1
136253,0,0,0,0,0,0,0,0,1
136254,0,0,0,0,0,0,0,0,1
136255,0,0,0,0,0,0,0,0,1
136256,0,0,0,0,0,0,0,0,1
136257,0,0,0,0,0,0,0,0,1
136258,0,0,0,0,0,0,0,0,1
136259,0,0,0,0,0,0,0,0,1
136260,0,0,0,0,0,0,0,0,1
136261,0,0,0,0,0,0,0,0,1
136262,0,0,0,0,0,0,0,0,1
136263,0,0,0,0,0,0,0,0,1
136264,0,0,0,0,0,0,0,0,1
136265,0,0,0,0,0,0,0,0,1
136266,0,0,0,0,0,0,0,0,1
136267,0,0,0,0,0,0,0,0,1
136268,0,0,0,0,0,0,0,0,1
136269,0,0,0,0,0,0,0,0,1
136270,0,0,0,0,0,0,0,0,1
136271,0,0,0,0,0,0,0,0,1
136272,0,0,0,0,0,0,0,0,1
136273,0,0,0,0,0,0,0,0,1
136274,0,0,0,0,0,0,0,0,1
136275,0,0,0,0,0,0,0,0,1
136276,0,0,0,0,0,0,0,0,1
136277,0,0,0,0,0,0,0,0,1
136278,0,0,0,0,0,0,0,0,1
136279,0,0,0,0,0,0,0,0,1
136280,0,0,0,0,0,0,0,0,1
136281,0,0,0,0,0,0,0,0,1
136282,0,0,0,0,0,0,0,0,1
136283,0,0,0,0,0,0,0,0,1
136284,0,0,0,0,0,0,0,0,1
136285,0,0,0,0,0,0,0,0,1
136286,0,0,0,0,0,0,0,0,1
136287,0,0,0,0,0,0,0,0,1
136288,0,0,0,0,0,0,0,0,1
136289,0,0,0,0,0,0,0,0,1
136290,0,0,0,0,0,0,0,0,1
136291,0,0,0,0,0,0,0,0,1
136292,0,0,0,0,0,0,0,0,1
136293,0,0,0,0,0,0,0,0,1
136294,0,0,0,0,0,0,0,0,1
136295,0,0,0,0,0,0,0,0,1
136296,0,0,0,0,0,0,0,0,1
136297,0,0,0,0,0,0,0,0,1
136298,0,0,0,0,0,0,0,0,1
136299,0,0,0,0,0,0,0,0,1
136300,0,0,0,0,0,0,0,0,1
136301,0,0,0,0,0,0,0,0,1
136302,0,0,0,0,0,0,0,0,1
136303,0,0,0,0,0,0,0,0,1
136304,0,0,0,0,0,0,0,0,1
136305,0,0,0,0,0,0,0,0,1
136306,0,0,0,0,0,0,0,0,1
136307,0,0,0,0,0,0,0,0,1
136308,0,0,0,0,0,0,0,0,1
136309,0,0,0,0,0,0,0,0,1
136310,0,0,0,0,0,0,0,0,1
136311,0,0,0,0,0,0,0,0,1
136312,0,0,0,0,0,0,0,0,1
136313,0,0,0,0,0,0,0,0,1
136314,0,0,0,0,0,0,0,0,1
136315,0,0,0,0,0,0,0,0,1
136316,0,0,0,0,0,0,0,0,1
136317,0,0,0,0,0,0,0,0,1
136318,0,0,0,0,0,0,0,0,1
136319,0,0,0,0,0,0,0,0,1
136320,0,0,0,0,0,0,0,0,1
136321,0,0,0,0,0,0,0,0,1
136322,0,0,0,0,0,0,0,0,1
136323,0,0,0,0,0,0,0,0,1
136324,0,0,0,0,0,0,0,0,1
136325,0,0,0,0,0,0,0,0,1
136326,0,0,0,0,0,0,0,0,1
136327,0,0,0,0,0,0,0,0,1
136328,0,0,0,0,0,0,0,0,1
136329,0,0,0,0,0,0,0,0,1
136330,0,0,0,0,0,0,0,0,1
136331,0,0,0,0,0,0,0,0,1
136332,0,0,0,0,0,0,0,0,1
136333,0,0,0,0,0,0,0,0,1
136334,0,0,0,0,0,0,0,0,1
136335,0,0,0,0,0,0,0,0,1
136336,0,0,0,0,0,0,0,0,1
136337,0,0,0,0,0,0,0,0,1
136338,0,0,0,0,0,0,0,0,1
136339,0,0,0,0,0,0,0,0,1
136340,0,0,0,0,0,0,0,0,1
136341,0,0,0,0,0,0,0,0,1
136342,0,0,0,0,0,0,0,0,1
136343,0,0,0,0,0,0,0,0,1
136344,0,0,0,0,0,0,0,0,1
136345,0,0,0,0,0,0,0,0,1
136346,0,0,0,0,0,0,0,0,1
136347,0,0,0,0,0,0,0,0,1
136348,0,0,0,0,0,0,0,0,1
136349,0,0,0,0,0,0,0,0,1
136350,0,0,0,0,0,0,0,0,1
136351,0,0,0,0,0,0,0,0,1
136352,0,0,0,0,0,0,0,0,1
136353,0,0,0,0,0,0,0,0,1
136354,0,0,0,0,0,0,0,0,1
136355,0,0,0,0,0,0,0,0,1
136356,0,0,0,0,0,0,0,0,1
136357,0,0,0,0,0,0,0,0,1
136358,0,0,0,0,0,0,0,0,1
136359,0,0,0,0,0,0,0,0,1
136360,0,0,0,0,0,0,0,0,1
136361,0,0,0,0,0,0,0,0,1
136362,0,0,0,0,0,0,0,0,1
136363,0,0,0,0,0,0,0,0,1
136364,0,0,0,0,0,0,0,0,1
136365,0,0,0,0,0,0,0,0,1
136366,0,0,0,0,0,0,0,0,1
136367,0,0,0,0,0,0,0,0,1
136368,0,0,0,0,0,0,0,0,1
136369,0,0,0,0,0,0,0,0,1
136370,0,0,0,0,0,0,0,0,1
136371,0,0,0,0,0,0,0,0,1
136372,0,0,0,0,0,0,0,0,1
136373,0,0,0,0,0,0,0,0,1
136374,0,0,0,0,0,0,0,0,1
136375,0,0,0,0,0,0,0,0,1
136376,0,0,0,0,0,0,0,0,1
136377,0,0,0,0,0,0,0,0,1
136378,0,0,0,0,0,0,0,0,1
136379,0,0,0,0,0,0,0,0,1
136380,0,0,0,0,0,0,0,0,1
136381,0,0,0,0,0,0,0,0,1
136382,0,0,0,0,0,0,0,0,1
136383,0,0,0,0,0,0,0,0,1
136384,0,0,0,0,0,0,0,0,1
136385,0,0,0,0,0,0,0,0,1
136386,0,0,0,0,0,0,0,0,1
136387,0,0,0,0,0,0,0,0,1
136388,0,0,0,0,0,0,0,0,1
136389,0,0,0,0,0,0,0,0,1
136390,0,0,0,0,0,0,0,0,1
136391,0,0,0,0,0,0,0,0,1
136392,0,0,0,0,0,0,0,0,1
136393,0,0,0,0,0,0,0,0,1
136394,0,0,0,0,0,0,0,0,1
136395,0,0,0,0,0,0,0,0,1
136396,0,0,0,0,0,0,0,0,1
136397,0,0,0,0,0,0,0,0,1
136398,0,0,0,0,0,0,0,0,1
136399,0,0,0,0,0,0,0,0,1
136400,0,0,0,0,0,0,0,0,1
136401,0,0,0,0,0,0,0,0,1
136402,0,0,0,0,0,0,0,0,1
136403,0,0,0,0,0,0,0,0,1
136404,0,0,0,0,0,0,0,0,1
136405,0,0,0,0,0,0,0,0,1
136406,0,0,0,0,0,0,0,0,1
136407,0,0,0,0,0,0,0,0,1
136408,0,0,0,0,0,0,0,0,1
136409,0,0,0,0,0,0,0,0,1
136410,0,0,0,0,0,0,0,0,1
136411,0,0,0,0,0,0,0,0,1
136412,0,0,0,0,0,0,0,0,1
136413,0,0,0,0,0,0,0,0,1
136414,0,0,0,0,0,0,0,0,1
136415,0,0,0,0,0,0,0,0,1
136416,0,0,0,0,0,0,0,0,1
136417,0,0,0,0,0,0,0,0,1
136418,0,0,0,0,0,0,0,0,1
136419,0,0,0,0,0,0,0,0,1
136420,0,0,0,0,0,0,0,0,1
136421,0,0,0,0,0,0,0,0,1
136422,0,0,0,0,0,0,0,0,1
136423,0,0,0,0,0,0,0,0,1
136424,0,0,0,0,0,0,0,0,1
136425,0,0,0,0,0,0,0,0,1
136426,0,0,0,0,0,0,0,0,1
136427,0,0,0,0,0,0,0,0,1
136428,0,0,0,0,0,0,0,0,1
136429,0,0,0,0,0,0,0,0,1
136430,0,0,0,0,0,0,0,0,1
136431,0,0,0,0,0,0,0,0,1
136432,0,0,0,0,0,0,0,0,1
136433,0,0,0,0,0,0,0,0,1
136434,0,0,0,0,0,0,0,0,1
136435,0,0,0,0,0,0,0,0,1
136436,0,0,0,0,0,0,0,0,1
136437,0,0,0,0,0,0,0,0,1
136438,0,0,0,0,0,0,0,0,1
136439,0,0,0,0,0,0,0,0,1
136440,0,0,0,0,0,0,0,0,1
136441,0,0,0,0,0,0,0,0,1
136442,0,0,0,0,0,0,0,0,1
136443,0,0,0,0,0,0,0,0,1
136444,0,0,0,0,0,0,0,0,1
136445,0,0,0,0,0,0,0,0,1
136446,0,0,0,0,0,0,0,0,1
136447,0,0,0,0,0,0,0,0,1
136448,0,0,0,0,0,0,0,0,1
136449,0,0,0,0,0,0,0,0,1
136450,0,0,0,0,0,0,0,0,1
136451,0,0,0,0,0,0,0,0,1
136452,0,0,0,0,0,0,0,0,1
136453,0,0,0,0,0,0,0,0,1
136454,0,0,0,0,0,0,0,0,1
136455,0,0,0,0,0,0,0,0,1
136456,0,0,0,0,0,0,0,0,1
136457,0,0,0,0,0,0,0,0,1
136458,0,0,0,0,0,0,0,0,1
136459,0,0,0,0,0,0,0,0,1
136460,0,0,0,0,0,0,0,0,1
136461,0,0,0,0,0,0,0,0,1
136462,0,0,0,0,0,0,0,0,1
136463,0,0,0,0,0,0,0,0,1
136464,0,0,0,0,0,0,0,0,1
136465,0,0,0,0,0,0,0,0,1
136466,0,0,0,0,0,0,0,0,1
136467,0,0,0,0,0,0,0,0,1
136468,0,0,0,0,0,0,0,0,1
136469,0,0,0,0,0,0,0,0,1
136470,0,0,0,0,0,0,0,0,1
136471,0,0,0,0,0,0,0,0,1
136472,0,0,0,0,0,0,0,0,1
136473,0,0,0,0,0,0,0,0,1
136474,0,0,0,0,0,0,0,0,1
136475,0,0,0,0,0,0,0,0,1
136476,0,0,0,0,0,0,0,0,1
136477,0,0,0,0,0,0,0,0,1
136478,0,0,0,0,0,0,0,0,1
136479,0,0,0,0,0,0,0,0,1
136480,0,0,0,0,0,0,0,0,1
136481,0,0,0,0,0,0,0,0,1
136482,0,0,0,0,0,0,0,0,1
136483,0,0,0,0,0,0,0,0,1
136484,0,0,0,0,0,0,0,0,1
136485,0,0,0,0,0,0,0,0,1
136486,0,0,0,0,0,0,0,0,1
136487,0,0,0,0,0,0,0,0,1
136488,0,0,0,0,0,0,0,0,1
136489,0,0,0,0,0,0,0,0,1
136490,0,0,0,0,0,0,0,0,1
136491,0,0,0,0,0,0,0,0,1
136492,0,0,0,0,0,0,0,0,1
136493,0,0,0,0,0,0,0,0,1
136494,0,0,0,0,0,0,0,0,1
136495,0,0,0,0,0,0,0,0,1
136496,0,0,0,0,0,0,0,0,1
136497,0,0,0,0,0,0,0,0,1
136498,0,0,0,0,0,0,0,0,1
136499,0,0,0,0,0,0,0,0,1
136500,0,0,0,0,0,0,0,0,1
136501,0,0,0,0,0,0,0,0,1
136502,0,0,0,0,0,0,0,0,1
136503,0,0,0,0,0,0,0,0,1
136504,0,0,0,0,0,0,0,0,1
136505,0,0,0,0,0,0,0,0,1
136506,0,0,0,0,0,0,0,0,1
136507,0,0,0,0,0,0,0,0,1
136508,0,0,0,0,0,0,0,0,1
136509,0,0,0,0,0,0,0,0,1
136510,0,0,0,0,0,0,0,0,1
136511,0,0,0,0,0,0,0,0,1
136512,0,0,0,0,0,0,0,0,1
136513,0,0,0,0,0,0,0,0,1
136514,0,0,0,0,0,0,0,0,1
136515,0,0,0,0,0,0,0,0,1
136516,0,0,0,0,0,0,0,0,1
136517,0,0,0,0,0,0,0,0,1
136518,0,0,0,0,0,0,0,0,1
136519,0,0,0,0,0,0,0,0,1
136520,0,0,0,0,0,0,0,0,1
136521,0,0,0,0,0,0,0,0,1
136522,0,0,0,0,0,0,0,0,1
136523,0,0,0,0,0,0,0,0,1
136524,0,0,0,0,0,0,0,0,1
136525,0,0,0,0,0,0,0,0,1
136526,0,0,0,0,0,0,0,0,1
136527,0,0,0,0,0,0,0,0,1
136528,0,0,0,0,0,0,0,0,1
136529,0,0,0,0,0,0,0,0,1
136530,0,0,0,0,0,0,0,0,1
136531,0,0,0,0,0,0,0,0,1
136532,0,0,0,0,0,0,0,0,1
136533,0,0,0,0,0,0,0,0,1
136534,0,0,0,0,0,0,0,0,1
136535,0,0,0,0,0,0,0,0,1
136536,0,0,0,0,0,0,0,0,1
136537,0,0,0,0,0,0,0,0,1
136538,0,0,0,0,0,0,0,0,1
136539,0,0,0,0,0,0,0,0,1
136540,0,0,0,0,0,0,0,0,1
136541,0,0,0,0,0,0,0,0,1
136542,0,0,0,0,0,0,0,0,1
136543,0,0,0,0,0,0,0,0,1
136544,0,0,0,0,0,0,0,0,1
136545,0,0,0,0,0,0,0,0,1
136546,0,0,0,0,0,0,0,0,1
136547,0,0,0,0,0,0,0,0,1
136548,0,0,0,0,0,0,0,0,1
136549,0,0,0,0,0,0,0,0,1
136550,0,0,0,0,0,0,0,0,1
136551,0,0,0,0,0,0,0,0,1
136552,0,0,0,0,0,0,0,0,1
136553,0,0,0,0,0,0,0,0,1
136554,0,0,0,0,0,0,0,0,1
136555,0,0,0,0,0,0,0,0,1
136556,0,0,0,0,0,0,0,0,1
136557,0,0,0,0,0,0,0,0,1
136558,0,0,0,0,0,0,0,0,1
136559,0,0,0,0,0,0,0,0,1
136560,0,0,0,0,0,0,0,0,1
136561,0,0,0,0,0,0,0,0,1
136562,0,0,0,0,0,0,0,0,1
136563,0,0,0,0,0,0,0,0,1
136564,0,0,0,0,0,0,0,0,1
136565,0,0,0,0,0,0,0,0,1
136566,0,0,0,0,0,0,0,0,1
136567,0,0,0,0,0,0,0,0,1
136568,0,0,0,0,0,0,0,0,1
136569,0,0,0,0,0,0,0,0,1
136570,0,0,0,0,0,0,0,0,1
136571,0,0,0,0,0,0,0,0,1
136572,0,0,0,0,0,0,0,0,1
136573,0,0,0,0,0,0,0,0,1
136574,0,0,0,0,0,0,0,0,1
136575,0,0,0,0,0,0,0,0,1
136576,0,0,0,0,0,0,0,0,1
136577,0,0,0,0,0,0,0,0,1
136578,0,0,0,0,0,0,0,0,1
136579,0,0,0,0,0,0,0,0,1
136580,0,0,0,0,0,0,0,0,1
136581,0,0,0,0,0,0,0,0,1
136582,0,0,0,0,0,0,0,0,1
136583,0,0,0,0,0,0,0,0,1
136584,0,0,0,0,0,0,0,0,1
136585,0,0,0,0,0,0,0,0,1
136586,0,0,0,0,0,0,0,0,1
136587,0,0,0,0,0,0,0,0,1
136588,0,0,0,0,0,0,0,0,1
136589,0,0,0,0,0,0,0,0,1
136590,0,0,0,0,0,0,0,0,1
136591,0,0,0,0,0,0,0,0,1
136592,0,0,0,0,0,0,0,0,1
136593,0,0,0,0,0,0,0,0,1
136594,0,0,0,0,0,0,0,0,1
136595,0,0,0,0,0,0,0,0,1
136596,0,0,0,0,0,0,0,0,1
136597,0,0,0,0,0,0,0,0,1
136598,0,0,0,0,0,0,0,0,1
136599,0,0,0,0,0,0,0,0,1
136600,0,0,0,0,0,0,0,0,1
136601,0,0,0,0,0,0,0,0,1
136602,0,0,0,0,0,0,0,0,1
136603,0,0,0,0,0,0,0,0,1
136604,0,0,0,0,0,0,0,0,1
136605,0,0,0,0,0,0,0,0,1
136606,0,0,0,0,0,0,0,0,1
136607,0,0,0,0,0,0,0,0,1
136608,0,0,0,0,0,0,0,0,1
136609,0,0,0,0,0,0,0,0,1
136610,0,0,0,0,0,0,0,0,1
136611,0,0,0,0,0,0,0,0,1
136612,0,0,0,0,0,0,0,0,1
136613,0,0,0,0,0,0,0,0,1
136614,0,0,0,0,0,0,0,0,1
136615,0,0,0,0,0,0,0,0,1
136616,0,0,0,0,0,0,0,0,1
136617,0,0,0,0,0,0,0,0,1
136618,0,0,0,0,0,0,0,0,1
136619,0,0,0,0,0,0,0,0,1
136620,0,0,0,0,0,0,0,0,1
136621,0,0,0,0,0,0,0,0,1
136622,0,0,0,0,0,0,0,0,1
136623,0,0,0,0,0,0,0,0,1
136624,0,0,0,0,0,0,0,0,1
136625,0,0,0,0,0,0,0,0,1
136626,0,0,0,0,0,0,0,0,1
136627,0,0,0,0,0,0,0,0,1
136628,0,0,0,0,0,0,0,0,1
136629,0,0,0,0,0,0,0,0,1
136630,0,0,0,0,0,0,0,0,1
136631,0,0,0,0,0,0,0,0,1
136632,0,0,0,0,0,0,0,0,1
136633,0,0,0,0,0,0,0,0,1
136634,0,0,0,0,0,0,0,0,1
136635,0,0,0,0,0,0,0,0,1
136636,0,0,0,0,0,0,0,0,1
136637,0,0,0,0,0,0,0,0,1
136638,0,0,0,0,0,0,0,0,1
136639,0,0,0,0,0,0,0,0,1
136640,0,0,0,0,0,0,0,0,1
136641,0,0,0,0,0,0,0,0,1
136642,0,0,0,0,0,0,0,0,1
136643,0,0,0,0,0,0,0,0,1
136644,0,0,0,0,0,0,0,0,1
136645,0,0,0,0,0,0,0,0,1
136646,0,0,0,0,0,0,0,0,1
136647,0,0,0,0,0,0,0,0,1
136648,0,0,0,0,0,0,0,0,1
136649,0,0,0,0,0,0,0,0,1
136650,0,0,0,0,0,0,0,0,1
136651,0,0,0,0,0,0,0,0,1
136652,0,0,0,0,0,0,0,0,1
136653,0,0,0,0,0,0,0,0,1
136654,0,0,0,0,0,0,0,0,1
136655,0,0,0,0,0,0,0,0,1
136656,0,0,0,0,0,0,0,0,1
136657,0,0,0,0,0,0,0,0,1
136658,0,0,0,0,0,0,0,0,1
136659,0,0,0,0,0,0,0,0,1
136660,0,0,0,0,0,0,0,0,1
136661,0,0,0,0,0,0,0,0,1
136662,0,0,0,0,0,0,0,0,1
136663,0,0,0,0,0,0,0,0,1
136664,0,0,0,0,0,0,0,0,1
136665,0,0,0,0,0,0,0,0,1
136666,0,0,0,0,0,0,0,0,1
136667,0,0,0,0,0,0,0,0,1
136668,0,0,0,0,0,0,0,0,1
136669,0,0,0,0,0,0,0,0,1
136670,0,0,0,0,0,0,0,0,1
136671,0,0,0,0,0,0,0,0,1
136672,0,0,0,0,0,0,0,0,1
136673,0,0,0,0,0,0,0,0,1
136674,0,0,0,0,0,0,0,0,1
136675,0,0,0,0,0,0,0,0,1
136676,0,0,0,0,0,0,0,0,1
136677,0,0,0,0,0,0,0,0,1
136678,0,0,0,0,0,0,0,0,1
136679,0,0,0,0,0,0,0,0,1
136680,0,0,0,0,0,0,0,0,1
136681,0,0,0,0,0,0,0,0,1
136682,0,0,0,0,0,0,0,0,1
136683,0,0,0,0,0,0,0,0,1
136684,0,0,0,0,0,0,0,0,1
136685,0,0,0,0,0,0,0,0,1
136686,0,0,0,0,0,0,0,0,1
136687,0,0,0,0,0,0,0,0,1
136688,0,0,0,0,0,0,0,0,1
136689,0,0,0,0,0,0,0,0,1
136690,0,0,0,0,0,0,0,0,1
136691,0,0,0,0,0,0,0,0,1
136692,0,0,0,0,0,0,0,0,1
136693,0,0,0,0,0,0,0,0,1
136694,0,0,0,0,0,0,0,0,1
136695,0,0,0,0,0,0,0,0,1
136696,0,0,0,0,0,0,0,0,1
136697,0,0,0,0,0,0,0,0,1
136698,0,0,0,0,0,0,0,0,1
136699,0,0,0,0,0,0,0,0,1
136700,0,0,0,0,0,0,0,0,1
136701,0,0,0,0,0,0,0,0,1
136702,0,0,0,0,0,0,0,0,1
136703,0,0,0,0,0,0,0,0,1
136704,0,0,0,0,0,0,0,0,1
136705,0,0,0,0,0,0,0,0,1
136706,0,0,0,0,0,0,0,0,1
136707,0,0,0,0,0,0,0,0,1
136708,0,0,0,0,0,0,0,0,1
136709,0,0,0,0,0,0,0,0,1
136710,0,0,0,0,0,0,0,0,1
136711,0,0,0,0,0,0,0,0,1
136712,0,0,0,0,0,0,0,0,1
136713,0,0,0,0,0,0,0,0,1
136714,0,0,0,0,0,0,0,0,1
136715,0,0,0,0,0,0,0,0,1
136716,0,0,0,0,0,0,0,0,1
136717,0,0,0,0,0,0,0,0,1
136718,0,0,0,0,0,0,0,0,1
136719,0,0,0,0,0,0,0,0,1
136720,0,0,0,0,0,0,0,0,1
136721,0,0,0,0,0,0,0,0,1
136722,0,0,0,0,0,0,0,0,1
136723,0,0,0,0,0,0,0,0,1
136724,0,0,0,0,0,0,0,0,1
136725,0,0,0,0,0,0,0,0,1
136726,0,0,0,0,0,0,0,0,1
136727,0,0,0,0,0,0,0,0,1
136728,0,0,0,0,0,0,0,0,1
136729,0,0,0,0,0,0,0,0,1
136730,0,0,0,0,0,0,0,0,1
136731,0,0,0,0,0,0,0,0,1
136732,0,0,0,0,0,0,0,0,1
136733,0,0,0,0,0,0,0,0,1
136734,0,0,0,0,0,0,0,0,1
136735,0,0,0,0,0,0,0,0,1
136736,0,0,0,0,0,0,0,0,1
136737,0,0,0,0,0,0,0,0,1
136738,0,0,0,0,0,0,0,0,1
136739,0,0,0,0,0,0,0,0,1
136740,0,0,0,0,0,0,0,0,1
136741,0,0,0,0,0,0,0,0,1
136742,0,0,0,0,0,0,0,0,1
136743,0,0,0,0,0,0,0,0,1
136744,0,0,0,0,0,0,0,0,1
136745,0,0,0,0,0,0,0,0,1
136746,0,0,0,0,0,0,0,0,1
136747,0,0,0,0,0,0,0,0,1
136748,0,0,0,0,0,0,0,0,1
136749,0,0,0,0,0,0,0,0,1
136750,0,0,0,0,0,0,0,0,1
136751,0,0,0,0,0,0,0,0,1
136752,0,0,0,0,0,0,0,0,1
136753,0,0,0,0,0,0,0,0,1
136754,0,0,0,0,0,0,0,0,1
136755,0,0,0,0,0,0,0,0,1
136756,0,0,0,0,0,0,0,0,1
136757,0,0,0,0,0,0,0,0,1
136758,0,0,0,0,0,0,0,0,1
136759,0,0,0,0,0,0,0,0,1
136760,0,0,0,0,0,0,0,0,1
136761,0,0,0,0,0,0,0,0,1
136762,0,0,0,0,0,0,0,0,1
136763,0,0,0,0,0,0,0,0,1
136764,0,0,0,0,0,0,0,0,1
136765,0,0,0,0,0,0,0,0,1
136766,0,0,0,0,0,0,0,0,1
136767,0,0,0,0,0,0,0,0,1
136768,0,0,0,0,0,0,0,0,1
136769,0,0,0,0,0,0,0,0,1
136770,0,0,0,0,0,0,0,0,1
136771,0,0,0,0,0,0,0,0,1
136772,0,0,0,0,0,0,0,0,1
136773,0,0,0,0,0,0,0,0,1
136774,0,0,0,0,0,0,0,0,1
136775,0,0,0,0,0,0,0,0,1
136776,0,0,0,0,0,0,0,0,1
136777,0,0,0,0,0,0,0,0,1
136778,0,0,0,0,0,0,0,0,1
136779,0,0,0,0,0,0,0,0,1
136780,0,0,0,0,0,0,0,0,1
136781,0,0,0,0,0,0,0,0,1
136782,0,0,0,0,0,0,0,0,1
136783,0,0,0,0,0,0,0,0,1
136784,0,0,0,0,0,0,0,0,1
136785,0,0,0,0,0,0,0,0,1
136786,0,0,0,0,0,0,0,0,1
136787,0,0,0,0,0,0,0,0,1
136788,0,0,0,0,0,0,0,0,1
136789,0,0,0,0,0,0,0,0,1
136790,0,0,0,0,0,0,0,0,1
136791,0,0,0,0,0,0,0,0,1
136792,0,0,0,0,0,0,0,0,1
136793,0,0,0,0,0,0,0,0,1
136794,0,0,0,0,0,0,0,0,1
136795,0,0,0,0,0,0,0,0,1
136796,0,0,0,0,0,0,0,0,1
136797,0,0,0,0,0,0,0,0,1
136798,0,0,0,0,0,0,0,0,1
136799,0,0,0,0,0,0,0,0,1
136800,0,0,0,0,0,0,0,0,1
136801,0,0,0,0,0,0,0,0,1
136802,0,0,0,0,0,0,0,0,1
136803,0,0,0,0,0,0,0,0,1
136804,0,0,0,0,0,0,0,0,1
136805,0,0,0,0,0,0,0,0,1
136806,0,0,0,0,0,0,0,0,1
136807,0,0,0,0,0,0,0,0,1
136808,0,0,0,0,0,0,0,0,1
136809,0,0,0,0,0,0,0,0,1
136810,0,0,0,0,0,0,0,0,1
136811,0,0,0,0,0,0,0,0,1
136812,0,0,0,0,0,0,0,0,1
136813,0,0,0,0,0,0,0,0,1
136814,0,0,0,0,0,0,0,0,1
136815,0,0,0,0,0,0,0,0,1
136816,0,0,0,0,0,0,0,0,1
136817,0,0,0,0,0,0,0,0,1
136818,0,0,0,0,0,0,0,0,1
136819,0,0,0,0,0,0,0,0,1
136820,0,0,0,0,0,0,0,0,1
136821,0,0,0,0,0,0,0,0,1
136822,0,0,0,0,0,0,0,0,1
136823,0,0,0,0,0,0,0,0,1
136824,0,0,0,0,0,0,0,0,1
136825,0,0,0,0,0,0,0,0,1
136826,0,0,0,0,0,0,0,0,1
136827,0,0,0,0,0,0,0,0,1
136828,0,0,0,0,0,0,0,0,1
136829,0,0,0,0,0,0,0,0,1
136830,0,0,0,0,0,0,0,0,1
136831,0,0,0,0,0,0,0,0,1
136832,0,0,0,0,0,0,0,0,1
136833,0,0,0,0,0,0,0,0,1
136834,0,0,0,0,0,0,0,0,1
136835,0,0,0,0,0,0,0,0,1
136836,0,0,0,0,0,0,0,0,1
136837,0,0,0,0,0,0,0,0,1
136838,0,0,0,0,0,0,0,0,1
136839,0,0,0,0,0,0,0,0,1
136840,0,0,0,0,0,0,0,0,1
136841,0,0,0,0,0,0,0,0,1
136842,0,0,0,0,0,0,0,0,1
136843,0,0,0,0,0,0,0,0,1
136844,0,0,0,0,0,0,0,0,1
136845,0,0,0,0,0,0,0,0,1
136846,0,0,0,0,0,0,0,0,1
136847,0,0,0,0,0,0,0,0,1
136848,0,0,0,0,0,0,0,0,1
136849,0,0,0,0,0,0,0,0,1
136850,0,0,0,0,0,0,0,0,1
136851,0,0,0,0,0,0,0,0,1
136852,0,0,0,0,0,0,0,0,1
136853,0,0,0,0,0,0,0,0,1
136854,0,0,0,0,0,0,0,0,1
136855,0,0,0,0,0,0,0,0,1
136856,0,0,0,0,0,0,0,0,1
136857,0,0,0,0,0,0,0,0,1
136858,0,0,0,0,0,0,0,0,1
136859,0,0,0,0,0,0,0,0,1
136860,0,0,0,0,0,0,0,0,1
136861,0,0,0,0,0,0,0,0,1
136862,0,0,0,0,0,0,0,0,1
136863,0,0,0,0,0,0,0,0,1
136864,0,0,0,0,0,0,0,0,1
136865,0,0,0,0,0,0,0,0,1
136866,0,0,0,0,0,0,0,0,1
136867,0,0,0,0,0,0,0,0,1
136868,0,0,0,0,0,0,0,0,1
136869,0,0,0,0,0,0,0,0,1
136870,0,0,0,0,0,0,0,0,1
136871,0,0,0,0,0,0,0,0,1
136872,0,0,0,0,0,0,0,0,1
136873,0,0,0,0,0,0,0,0,1
136874,0,0,0,0,0,0,0,0,1
136875,0,0,0,0,0,0,0,0,1
136876,0,0,0,0,0,0,0,0,1
136877,0,0,0,0,0,0,0,0,1
136878,0,0,0,0,0,0,0,0,1
136879,0,0,0,0,0,0,0,0,1
136880,0,0,0,0,0,0,0,0,1
136881,0,0,0,0,0,0,0,0,1
136882,0,0,0,0,0,0,0,0,1
136883,0,0,0,0,0,0,0,0,1
136884,0,0,0,0,0,0,0,0,1
136885,0,0,0,0,0,0,0,0,1
136886,0,0,0,0,0,0,0,0,1
136887,0,0,0,0,0,0,0,0,1
136888,0,0,0,0,0,0,0,0,1
136889,0,0,0,0,0,0,0,0,1
136890,0,0,0,0,0,0,0,0,1
136891,0,0,0,0,0,0,0,0,1
136892,0,0,0,0,0,0,0,0,1
136893,0,0,0,0,0,0,0,0,1
136894,0,0,0,0,0,0,0,0,1
136895,0,0,0,0,0,0,0,0,1
136896,0,0,0,0,0,0,0,0,1
136897,0,0,0,0,0,0,0,0,1
136898,0,0,0,0,0,0,0,0,1
136899,0,0,0,0,0,0,0,0,1
136900,0,0,0,0,0,0,0,0,1
136901,0,0,0,0,0,0,0,0,1
136902,0,0,0,0,0,0,0,0,1
136903,0,0,0,0,0,0,0,0,1
136904,0,0,0,0,0,0,0,0,1
136905,0,0,0,0,0,0,0,0,1
136906,0,0,0,0,0,0,0,0,1
136907,0,0,0,0,0,0,0,0,1
136908,0,0,0,0,0,0,0,0,1
136909,0,0,0,0,0,0,0,0,1
136910,0,0,0,0,0,0,0,0,1
136911,0,0,0,0,0,0,0,0,1
136912,0,0,0,0,0,0,0,0,1
136913,0,0,0,0,0,0,0,0,1
136914,0,0,0,0,0,0,0,0,1
136915,0,0,0,0,0,0,0,0,1
136916,0,0,0,0,0,0,0,0,1
136917,0,0,0,0,0,0,0,0,1
136918,0,0,0,0,0,0,0,0,1
136919,0,0,0,0,0,0,0,0,1
136920,0,0,0,0,0,0,0,0,1
136921,0,0,0,0,0,0,0,0,1
136922,0,0,0,0,0,0,0,0,1
136923,0,0,0,0,0,0,0,0,1
136924,0,0,0,0,0,0,0,0,1
136925,0,0,0,0,0,0,0,0,1
136926,0,0,0,0,0,0,0,0,1
136927,0,0,0,0,0,0,0,0,1
136928,0,0,0,0,0,0,0,0,1
136929,0,0,0,0,0,0,0,0,1
136930,0,0,0,0,0,0,0,0,1
136931,0,0,0,0,0,0,0,0,1
136932,0,0,0,0,0,0,0,0,1
136933,0,0,0,0,0,0,0,0,1
136934,0,0,0,0,0,0,0,0,1
136935,0,0,0,0,0,0,0,0,1
136936,0,0,0,0,0,0,0,0,1
136937,0,0,0,0,0,0,0,0,1
136938,0,0,0,0,0,0,0,0,1
136939,0,0,0,0,0,0,0,0,1
136940,0,0,0,0,0,0,0,0,1
136941,0,0,0,0,0,0,0,0,1
136942,0,0,0,0,0,0,0,0,1
136943,0,0,0,0,0,0,0,0,1
136944,0,0,0,0,0,0,0,0,1
136945,0,0,0,0,0,0,0,0,1
136946,0,0,0,0,0,0,0,0,1
136947,0,0,0,0,0,0,0,0,1
136948,0,0,0,0,0,0,0,0,1
136949,0,0,0,0,0,0,0,0,1
136950,0,0,0,0,0,0,0,0,1
136951,0,0,0,0,0,0,0,0,1
136952,0,0,0,0,0,0,0,0,1
136953,0,0,0,0,0,0,0,0,1
136954,0,0,0,0,0,0,0,0,1
136955,0,0,0,0,0,0,0,0,1
136956,0,0,0,0,0,0,0,0,1
136957,0,0,0,0,0,0,0,0,1
136958,0,0,0,0,0,0,0,0,1
136959,0,0,0,0,0,0,0,0,1
136960,0,0,0,0,0,0,0,0,1
136961,0,0,0,0,0,0,0,0,1
136962,0,0,0,0,0,0,0,0,1
136963,0,0,0,0,0,0,0,0,1
136964,0,0,0,0,0,0,0,0,1
136965,0,0,0,0,0,0,0,0,1
136966,0,0,0,0,0,0,0,0,1
136967,0,0,0,0,0,0,0,0,1
136968,0,0,0,0,0,0,0,0,1
136969,0,0,0,0,0,0,0,0,1
136970,0,0,0,0,0,0,0,0,1
136971,0,0,0,0,0,0,0,0,1
136972,0,0,0,0,0,0,0,0,1
136973,0,0,0,0,0,0,0,0,1
136974,0,0,0,0,0,0,0,0,1
136975,0,0,0,0,0,0,0,0,1
136976,0,0,0,0,0,0,0,0,1
136977,0,0,0,0,0,0,0,0,1
136978,0,0,0,0,0,0,0,0,1
136979,0,0,0,0,0,0,0,0,1
136980,0,0,0,0,0,0,0,0,1
136981,0,0,0,0,0,0,0,0,1
136982,0,0,0,0,0,0,0,0,1
136983,0,0,0,0,0,0,0,0,1
136984,0,0,0,0,0,0,0,0,1
136985,0,0,0,0,0,0,0,0,1
136986,0,0,0,0,0,0,0,0,1
136987,0,0,0,0,0,0,0,0,1
136988,0,0,0,0,0,0,0,0,1
136989,0,0,0,0,0,0,0,0,1
136990,0,0,0,0,0,0,0,0,1
136991,0,0,0,0,0,0,0,0,1
136992,0,0,0,0,0,0,0,0,1
136993,0,0,0,0,0,0,0,0,1
136994,0,0,0,0,0,0,0,0,1
136995,0,0,0,0,0,0,0,0,1
136996,0,0,0,0,0,0,0,0,1
136997,0,0,0,0,0,0,0,0,1
136998,0,0,0,0,0,0,0,0,1
136999,0,0,0,0,0,0,0,0,1
137000,0,0,0,0,0,0,0,0,1
137001,0,0,0,0,0,0,0,0,1
137002,0,0,0,0,0,0,0,0,1
137003,0,0,0,0,0,0,0,0,1
137004,0,0,0,0,0,0,0,0,1
137005,0,0,0,0,0,0,0,0,1
137006,0,0,0,0,0,0,0,0,1
137007,0,0,0,0,0,0,0,0,1
137008,0,0,0,0,0,0,0,0,1
137009,0,0,0,0,0,0,0,0,1
137010,0,0,0,0,0,0,0,0,1
137011,0,0,0,0,0,0,0,0,1
137012,0,0,0,0,0,0,0,0,1
137013,0,0,0,0,0,0,0,0,1
137014,0,0,0,0,0,0,0,0,1
137015,0,0,0,0,0,0,0,0,1
137016,0,0,0,0,0,0,0,0,1
137017,0,0,0,0,0,0,0,0,1
137018,0,0,0,0,0,0,0,0,1
137019,0,0,0,0,0,0,0,0,1
137020,0,0,0,0,0,0,0,0,1
137021,0,0,0,0,0,0,0,0,1
137022,0,0,0,0,0,0,0,0,1
137023,0,0,0,0,0,0,0,0,1
137024,0,0,0,0,0,0,0,0,1
137025,0,0,0,0,0,0,0,0,1
137026,0,0,0,0,0,0,0,0,1
137027,0,0,0,0,0,0,0,0,1
137028,0,0,0,0,0,0,0,0,1
137029,0,0,0,0,0,0,0,0,1
137030,0,0,0,0,0,0,0,0,1
137031,0,0,0,0,0,0,0,0,1
137032,0,0,0,0,0,0,0,0,1
137033,0,0,0,0,0,0,0,0,1
137034,0,0,0,0,0,0,0,0,1
137035,0,0,0,0,0,0,0,0,1
137036,0,0,0,0,0,0,0,0,1
137037,0,0,0,0,0,0,0,0,1
137038,0,0,0,0,0,0,0,0,1
137039,0,0,0,0,0,0,0,0,1
137040,0,0,0,0,0,0,0,0,1
137041,0,0,0,0,0,0,0,0,1
137042,0,0,0,0,0,0,0,0,1
137043,0,0,0,0,0,0,0,0,1
137044,0,0,0,0,0,0,0,0,1
137045,0,0,0,0,0,0,0,0,1
137046,0,0,0,0,0,0,0,0,1
137047,0,0,0,0,0,0,0,0,1
137048,0,0,0,0,0,0,0,0,1
137049,0,0,0,0,0,0,0,0,1
137050,0,0,0,0,0,0,0,0,1
137051,0,0,0,0,0,0,0,0,1
137052,0,0,0,0,0,0,0,0,1
137053,0,0,0,0,0,0,0,0,1
137054,0,0,0,0,0,0,0,0,1
137055,0,0,0,0,0,0,0,0,1
137056,0,0,0,0,0,0,0,0,1
137057,0,0,0,0,0,0,0,0,1
137058,0,0,0,0,0,0,0,0,1
137059,0,0,0,0,0,0,0,0,1
137060,0,0,0,0,0,0,0,0,1
137061,0,0,0,0,0,0,0,0,1
137062,0,0,0,0,0,0,0,0,1
137063,0,0,0,0,0,0,0,0,1
137064,0,0,0,0,0,0,0,0,1
137065,0,0,0,0,0,0,0,0,1
137066,0,0,0,0,0,0,0,0,1
137067,0,0,0,0,0,0,0,0,1
137068,0,0,0,0,0,0,0,0,1
137069,0,0,0,0,0,0,0,0,1
137070,0,0,0,0,0,0,0,0,1
137071,0,0,0,0,0,0,0,0,1
137072,0,0,0,0,0,0,0,0,1
137073,0,0,0,0,0,0,0,0,1
137074,0,0,0,0,0,0,0,0,1
137075,0,0,0,0,0,0,0,0,1
137076,0,0,0,0,0,0,0,0,1
137077,0,0,0,0,0,0,0,0,1
137078,0,0,0,0,0,0,0,0,1
137079,0,0,0,0,0,0,0,0,1
137080,0,0,0,0,0,0,0,0,1
137081,0,0,0,0,0,0,0,0,1
137082,0,0,0,0,0,0,0,0,1
137083,0,0,0,0,0,0,0,0,1
137084,0,0,0,0,0,0,0,0,1
137085,0,0,0,0,0,0,0,0,1
137086,0,0,0,0,0,0,0,0,1
137087,0,0,0,0,0,0,0,0,1
137088,0,0,0,0,0,0,0,0,1
137089,0,0,0,0,0,0,0,0,1
137090,0,0,0,0,0,0,0,0,1
137091,0,0,0,0,0,0,0,0,1
137092,0,0,0,0,0,0,0,0,1
137093,0,0,0,0,0,0,0,0,1
137094,0,0,0,0,0,0,0,0,1
137095,0,0,0,0,0,0,0,0,1
137096,0,0,0,0,0,0,0,0,1
137097,0,0,0,0,0,0,0,0,1
137098,0,0,0,0,0,0,0,0,1
137099,0,0,0,0,0,0,0,0,1
137100,0,0,0,0,0,0,0,0,1
137101,0,0,0,0,0,0,0,0,1
137102,0,0,0,0,0,0,0,0,1
137103,0,0,0,0,0,0,0,0,1
137104,0,0,0,0,0,0,0,0,1
137105,0,0,0,0,0,0,0,0,1
137106,0,0,0,0,0,0,0,0,1
137107,0,0,0,0,0,0,0,0,1
137108,0,0,0,0,0,0,0,0,1
137109,0,0,0,0,0,0,0,0,1
137110,0,0,0,0,0,0,0,0,1
137111,0,0,0,0,0,0,0,0,1
137112,0,0,0,0,0,0,0,0,1
137113,0,0,0,0,0,0,0,0,1
137114,0,0,0,0,0,0,0,0,1
137115,0,0,0,0,0,0,0,0,1
137116,0,0,0,0,0,0,0,0,1
137117,0,0,0,0,0,0,0,0,1
137118,0,0,0,0,0,0,0,0,1
137119,0,0,0,0,0,0,0,0,1
137120,0,0,0,0,0,0,0,0,1
137121,0,0,0,0,0,0,0,0,1
137122,0,0,0,0,0,0,0,0,1
137123,0,0,0,0,0,0,0,0,1
137124,0,0,0,0,0,0,0,0,1
137125,0,0,0,0,0,0,0,0,1
137126,0,0,0,0,0,0,0,0,1
137127,0,0,0,0,0,0,0,0,1
137128,0,0,0,0,0,0,0,0,1
137129,0,0,0,0,0,0,0,0,1
137130,0,0,0,0,0,0,0,0,1
137131,0,0,0,0,0,0,0,0,1
137132,0,0,0,0,0,0,0,0,1
137133,0,0,0,0,0,0,0,0,1
137134,0,0,0,0,0,0,0,0,1
137135,0,0,0,0,0,0,0,0,1
137136,0,0,0,0,0,0,0,0,1
137137,0,0,0,0,0,0,0,0,1
137138,0,0,0,0,0,0,0,0,1
137139,0,0,0,0,0,0,0,0,1
137140,0,0,0,0,0,0,0,0,1
137141,0,0,0,0,0,0,0,0,1
137142,0,0,0,0,0,0,0,0,1
137143,0,0,0,0,0,0,0,0,1
137144,0,0,0,0,0,0,0,0,1
137145,0,0,0,0,0,0,0,0,1
137146,0,0,0,0,0,0,0,0,1
137147,0,0,0,0,0,0,0,0,1
137148,0,0,0,0,0,0,0,0,1
137149,0,0,0,0,0,0,0,0,1
137150,0,0,0,0,0,0,0,0,1
137151,0,0,0,0,0,0,0,0,1
137152,0,0,0,0,0,0,0,0,1
137153,0,0,0,0,0,0,0,0,1
137154,0,0,0,0,0,0,0,0,1
137155,0,0,0,0,0,0,0,0,1
137156,0,0,0,0,0,0,0,0,1
137157,0,0,0,0,0,0,0,0,1
137158,0,0,0,0,0,0,0,0,1
137159,0,0,0,0,0,0,0,0,1
137160,0,0,0,0,0,0,0,0,1
137161,0,0,0,0,0,0,0,0,1
137162,0,0,0,0,0,0,0,0,1
137163,0,0,0,0,0,0,0,0,1
137164,0,0,0,0,0,0,0,0,1
137165,0,0,0,0,0,0,0,0,1
137166,0,0,0,0,0,0,0,0,1
137167,0,0,0,0,0,0,0,0,1
137168,0,0,0,0,0,0,0,0,1
137169,0,0,0,0,0,0,0,0,1
137170,0,0,0,0,0,0,0,0,1
137171,0,0,0,0,0,0,0,0,1
137172,0,0,0,0,0,0,0,0,1
137173,0,0,0,0,0,0,0,0,1
137174,0,0,0,0,0,0,0,0,1
137175,0,0,0,0,0,0,0,0,1
137176,0,0,0,0,0,0,0,0,1
137177,0,0,0,0,0,0,0,0,1
137178,0,0,0,0,0,0,0,0,1
137179,0,0,0,0,0,0,0,0,1
137180,0,0,0,0,0,0,0,0,1
137181,0,0,0,0,0,0,0,0,1
137182,0,0,0,0,0,0,0,0,1
137183,0,0,0,0,0,0,0,0,1
137184,0,0,0,0,0,0,0,0,1
137185,0,0,0,0,0,0,0,0,1
137186,0,0,0,0,0,0,0,0,1
137187,0,0,0,0,0,0,0,0,1
137188,0,0,0,0,0,0,0,0,1
137189,0,0,0,0,0,0,0,0,1
137190,0,0,0,0,0,0,0,0,1
137191,0,0,0,0,0,0,0,0,1
137192,0,0,0,0,0,0,0,0,1
137193,0,0,0,0,0,0,0,0,1
137194,0,0,0,0,0,0,0,0,1
137195,0,0,0,0,0,0,0,0,1
137196,0,0,0,0,0,0,0,0,1
137197,0,0,0,0,0,0,0,0,1
137198,0,0,0,0,0,0,0,0,1
137199,0,0,0,0,0,0,0,0,1
137200,0,0,0,0,0,0,0,0,1
137201,0,0,0,0,0,0,0,0,1
137202,0,0,0,0,0,0,0,0,1
137203,0,0,0,0,0,0,0,0,1
137204,0,0,0,0,0,0,0,0,1
137205,0,0,0,0,0,0,0,0,1
137206,0,0,0,0,0,0,0,0,1
137207,0,0,0,0,0,0,0,0,1
137208,0,0,0,0,0,0,0,0,1
137209,0,0,0,0,0,0,0,0,1
137210,0,0,0,0,0,0,0,0,1
137211,0,0,0,0,0,0,0,0,1
137212,0,0,0,0,0,0,0,0,1
137213,0,0,0,0,0,0,0,0,1
137214,0,0,0,0,0,0,0,0,1
137215,0,0,0,0,0,0,0,0,1
137216,0,0,0,0,0,0,0,0,1
137217,0,0,0,0,0,0,0,0,1
137218,0,0,0,0,0,0,0,0,1
137219,0,0,0,0,0,0,0,0,1
137220,0,0,0,0,0,0,0,0,1
137221,0,0,0,0,0,0,0,0,1
137222,0,0,0,0,0,0,0,0,1
137223,0,0,0,0,0,0,0,0,1
137224,0,0,0,0,0,0,0,0,1
137225,0,0,0,0,0,0,0,0,1
137226,0,0,0,0,0,0,0,0,1
137227,0,0,0,0,0,0,0,0,1
137228,0,0,0,0,0,0,0,0,1
137229,0,0,0,0,0,0,0,0,1
137230,0,0,0,0,0,0,0,0,1
137231,0,0,0,0,0,0,0,0,1
137232,0,0,0,0,0,0,0,0,1
137233,0,0,0,0,0,0,0,0,1
137234,0,0,0,0,0,0,0,0,1
137235,0,0,0,0,0,0,0,0,1
137236,0,0,0,0,0,0,0,0,1
137237,0,0,0,0,0,0,0,0,1
137238,0,0,0,0,0,0,0,0,1
137239,0,0,0,0,0,0,0,0,1
137240,0,0,0,0,0,0,0,0,1
137241,0,0,0,0,0,0,0,0,1
137242,0,0,0,0,0,0,0,0,1
137243,0,0,0,0,0,0,0,0,1
137244,0,0,0,0,0,0,0,0,1
137245,0,0,0,0,0,0,0,0,1
137246,0,0,0,0,0,0,0,0,1
137247,0,0,0,0,0,0,0,0,1
137248,0,0,0,0,0,0,0,0,1
137249,0,0,0,0,0,0,0,0,1
137250,0,0,0,0,0,0,0,0,1
137251,0,0,0,0,0,0,0,0,1
137252,0,0,0,0,0,0,0,0,1
137253,0,0,0,0,0,0,0,0,1
137254,0,0,0,0,0,0,0,0,1
137255,0,0,0,0,0,0,0,0,1
137256,0,0,0,0,0,0,0,0,1
137257,0,0,0,0,0,0,0,0,1
137258,0,0,0,0,0,0,0,0,1
137259,0,0,0,0,0,0,0,0,1
137260,0,0,0,0,0,0,0,0,1
137261,0,0,0,0,0,0,0,0,1
137262,0,0,0,0,0,0,0,0,1
137263,0,0,0,0,0,0,0,0,1
137264,0,0,0,0,0,0,0,0,1
137265,0,0,0,0,0,0,0,0,1
137266,0,0,0,0,0,0,0,0,1
137267,0,0,0,0,0,0,0,0,1
137268,0,0,0,0,0,0,0,0,1
137269,0,0,0,0,0,0,0,0,1
137270,0,0,0,0,0,0,0,0,1
137271,0,0,0,0,0,0,0,0,1
137272,0,0,0,0,0,0,0,0,1
137273,0,0,0,0,0,0,0,0,1
137274,0,0,0,0,0,0,0,0,1
137275,0,0,0,0,0,0,0,0,1
137276,0,0,0,0,0,0,0,0,1
137277,0,0,0,0,0,0,0,0,1
137278,0,0,0,0,0,0,0,0,1
137279,0,0,0,0,0,0,0,0,1
137280,0,0,0,0,0,0,0,0,1
137281,0,0,0,0,0,0,0,0,1
137282,0,0,0,0,0,0,0,0,1
137283,0,0,0,0,0,0,0,0,1
137284,0,0,0,0,0,0,0,0,1
137285,0,0,0,0,0,0,0,0,1
137286,0,0,0,0,0,0,0,0,1
137287,0,0,0,0,0,0,0,0,1
137288,0,0,0,0,0,0,0,0,1
137289,0,0,0,0,0,0,0,0,1
137290,0,0,0,0,0,0,0,0,1
137291,0,0,0,0,0,0,0,0,1
137292,0,0,0,0,0,0,0,0,1
137293,0,0,0,0,0,0,0,0,1
137294,0,0,0,0,0,0,0,0,1
137295,0,0,0,0,0,0,0,0,1
137296,0,0,0,0,0,0,0,0,1
137297,0,0,0,0,0,0,0,0,1
137298,0,0,0,0,0,0,0,0,1
137299,0,0,0,0,0,0,0,0,1
137300,0,0,0,0,0,0,0,0,1
137301,0,0,0,0,0,0,0,0,1
137302,0,0,0,0,0,0,0,0,1
137303,0,0,0,0,0,0,0,0,1
137304,0,0,0,0,0,0,0,0,1
137305,0,0,0,0,0,0,0,0,1
137306,0,0,0,0,0,0,0,0,1
137307,0,0,0,0,0,0,0,0,1
137308,0,0,0,0,0,0,0,0,1
137309,0,0,0,0,0,0,0,0,1
137310,0,0,0,0,0,0,0,0,1
137311,0,0,0,0,0,0,0,0,1
137312,0,0,0,0,0,0,0,0,1
137313,0,0,0,0,0,0,0,0,1
137314,0,0,0,0,0,0,0,0,1
137315,0,0,0,0,0,0,0,0,1
137316,0,0,0,0,0,0,0,0,1
137317,0,0,0,0,0,0,0,0,1
137318,0,0,0,0,0,0,0,0,1
137319,0,0,0,0,0,0,0,0,1
137320,0,0,0,0,0,0,0,0,1
137321,0,0,0,0,0,0,0,0,1
137322,0,0,0,0,0,0,0,0,1
137323,0,0,0,0,0,0,0,0,1
137324,0,0,0,0,0,0,0,0,1
137325,0,0,0,0,0,0,0,0,1
137326,0,0,0,0,0,0,0,0,1
137327,0,0,0,0,0,0,0,0,1
137328,0,0,0,0,0,0,0,0,1
137329,0,0,0,0,0,0,0,0,1
137330,0,0,0,0,0,0,0,0,1
137331,0,0,0,0,0,0,0,0,1
137332,0,0,0,0,0,0,0,0,1
137333,0,0,0,0,0,0,0,0,1
137334,0,0,0,0,0,0,0,0,1
137335,0,0,0,0,0,0,0,0,1
137336,0,0,0,0,0,0,0,0,1
137337,0,0,0,0,0,0,0,0,1
137338,0,0,0,0,0,0,0,0,1
137339,0,0,0,0,0,0,0,0,1
137340,0,0,0,0,0,0,0,0,1
137341,0,0,0,0,0,0,0,0,1
137342,0,0,0,0,0,0,0,0,1
137343,0,0,0,0,0,0,0,0,1
137344,0,0,0,0,0,0,0,0,1
137345,0,0,0,0,0,0,0,0,1
137346,0,0,0,0,0,0,0,0,1
137347,0,0,0,0,0,0,0,0,1
137348,0,0,0,0,0,0,0,0,1
137349,0,0,0,0,0,0,0,0,1
137350,0,0,0,0,0,0,0,0,1
137351,0,0,0,0,0,0,0,0,1
137352,0,0,0,0,0,0,0,0,1
137353,0,0,0,0,0,0,0,0,1
137354,0,0,0,0,0,0,0,0,1
137355,0,0,0,0,0,0,0,0,1
137356,0,0,0,0,0,0,0,0,1
137357,0,0,0,0,0,0,0,0,1
137358,0,0,0,0,0,0,0,0,1
137359,0,0,0,0,0,0,0,0,1
137360,0,0,0,0,0,0,0,0,1
137361,0,0,0,0,0,0,0,0,1
137362,0,0,0,0,0,0,0,0,1
137363,0,0,0,0,0,0,0,0,1
137364,0,0,0,0,0,0,0,0,1
137365,0,0,0,0,0,0,0,0,1
137366,0,0,0,0,0,0,0,0,1
137367,0,0,0,0,0,0,0,0,1
137368,0,0,0,0,0,0,0,0,1
137369,0,0,0,0,0,0,0,0,1
137370,0,0,0,0,0,0,0,0,1
137371,0,0,0,0,0,0,0,0,1
137372,0,0,0,0,0,0,0,0,1
137373,0,0,0,0,0,0,0,0,1
137374,0,0,0,0,0,0,0,0,1
137375,0,0,0,0,0,0,0,0,1
137376,0,0,0,0,0,0,0,0,1
137377,0,0,0,0,0,0,0,0,1
137378,0,0,0,0,0,0,0,0,1
137379,0,0,0,0,0,0,0,0,1
137380,0,0,0,0,0,0,0,0,1
137381,0,0,0,0,0,0,0,0,1
137382,0,0,0,0,0,0,0,0,1
137383,0,0,0,0,0,0,0,0,1
137384,0,0,0,0,0,0,0,0,1
137385,0,0,0,0,0,0,0,0,1
137386,0,0,0,0,0,0,0,0,1
137387,0,0,0,0,0,0,0,0,1
137388,0,0,0,0,0,0,0,0,1
137389,0,0,0,0,0,0,0,0,1
137390,0,0,0,0,0,0,0,0,1
137391,0,0,0,0,0,0,0,0,1
137392,0,0,0,0,0,0,0,0,1
137393,0,0,0,0,0,0,0,0,1
137394,0,0,0,0,0,0,0,0,1
137395,0,0,0,0,0,0,0,0,1
137396,0,0,0,0,0,0,0,0,1
137397,0,0,0,0,0,0,0,0,1
137398,0,0,0,0,0,0,0,0,1
137399,0,0,0,0,0,0,0,0,1
137400,0,0,0,0,0,0,0,0,1
137401,0,0,0,0,0,0,0,0,1
137402,0,0,0,0,0,0,0,0,1
137403,0,0,0,0,0,0,0,0,1
137404,0,0,0,0,0,0,0,0,1
137405,0,0,0,0,0,0,0,0,1
137406,0,0,0,0,0,0,0,0,1
137407,0,0,0,0,0,0,0,0,1
137408,0,0,0,0,0,0,0,0,1
137409,0,0,0,0,0,0,0,0,1
137410,0,0,0,0,0,0,0,0,1
137411,0,0,0,0,0,0,0,0,1
137412,0,0,0,0,0,0,0,0,1
137413,0,0,0,0,0,0,0,0,1
137414,0,0,0,0,0,0,0,0,1
137415,0,0,0,0,0,0,0,0,1
137416,0,0,0,0,0,0,0,0,1
137417,0,0,0,0,0,0,0,0,1
137418,0,0,0,0,0,0,0,0,1
137419,0,0,0,0,0,0,0,0,1
137420,0,0,0,0,0,0,0,0,1
137421,0,0,0,0,0,0,0,0,1
137422,0,0,0,0,0,0,0,0,1
137423,0,0,0,0,0,0,0,0,1
137424,0,0,0,0,0,0,0,0,1
137425,0,0,0,0,0,0,0,0,1
137426,0,0,0,0,0,0,0,0,1
137427,0,0,0,0,0,0,0,0,1
137428,0,0,0,0,0,0,0,0,1
137429,0,0,0,0,0,0,0,0,1
137430,0,0,0,0,0,0,0,0,1
137431,0,0,0,0,0,0,0,0,1
137432,0,0,0,0,0,0,0,0,1
137433,0,0,0,0,0,0,0,0,1
137434,0,0,0,0,0,0,0,0,1
137435,0,0,0,0,0,0,0,0,1
137436,0,0,0,0,0,0,0,0,1
137437,0,0,0,0,0,0,0,0,1
137438,0,0,0,0,0,0,0,0,1
137439,0,0,0,0,0,0,0,0,1
137440,0,0,0,0,0,0,0,0,1
137441,0,0,0,0,0,0,0,0,1
137442,0,0,0,0,0,0,0,0,1
137443,0,0,0,0,0,0,0,0,1
137444,0,0,0,0,0,0,0,0,1
137445,0,0,0,0,0,0,0,0,1
137446,0,0,0,0,0,0,0,0,1
137447,0,0,0,0,0,0,0,0,1
137448,0,0,0,0,0,0,0,0,1
137449,0,0,0,0,0,0,0,0,1
137450,0,0,0,0,0,0,0,0,1
137451,0,0,0,0,0,0,0,0,1
137452,0,0,0,0,0,0,0,0,1
137453,0,0,0,0,0,0,0,0,1
137454,0,0,0,0,0,0,0,0,1
137455,0,0,0,0,0,0,0,0,1
137456,0,0,0,0,0,0,0,0,1
137457,0,0,0,0,0,0,0,0,1
137458,0,0,0,0,0,0,0,0,1
137459,0,0,0,0,0,0,0,0,1
137460,0,0,0,0,0,0,0,0,1
137461,0,0,0,0,0,0,0,0,1
137462,0,0,0,0,0,0,0,0,1
137463,0,0,0,0,0,0,0,0,1
137464,0,0,0,0,0,0,0,0,1
137465,0,0,0,0,0,0,0,0,1
137466,0,0,0,0,0,0,0,0,1
137467,0,0,0,0,0,0,0,0,1
137468,0,0,0,0,0,0,0,0,1
137469,0,0,0,0,0,0,0,0,1
137470,0,0,0,0,0,0,0,0,1
137471,0,0,0,0,0,0,0,0,1
137472,0,0,0,0,0,0,0,0,1
137473,0,0,0,0,0,0,0,0,1
137474,0,0,0,0,0,0,0,0,1
137475,0,0,0,0,0,0,0,0,1
137476,0,0,0,0,0,0,0,0,1
137477,0,0,0,0,0,0,0,0,1
137478,0,0,0,0,0,0,0,0,1
137479,0,0,0,0,0,0,0,0,1
137480,0,0,0,0,0,0,0,0,1
137481,0,0,0,0,0,0,0,0,1
137482,0,0,0,0,0,0,0,0,1
137483,0,0,0,0,0,0,0,0,1
137484,0,0,0,0,0,0,0,0,1
137485,0,0,0,0,0,0,0,0,1
137486,0,0,0,0,0,0,0,0,1
137487,0,0,0,0,0,0,0,0,1
137488,0,0,0,0,0,0,0,0,1
137489,0,0,0,0,0,0,0,0,1
137490,0,0,0,0,0,0,0,0,1
137491,0,0,0,0,0,0,0,0,1
137492,0,0,0,0,0,0,0,0,1
137493,0,0,0,0,0,0,0,0,1
137494,0,0,0,0,0,0,0,0,1
137495,0,0,0,0,0,0,0,0,1
137496,0,0,0,0,0,0,0,0,1
137497,0,0,0,0,0,0,0,0,1
137498,0,0,0,0,0,0,0,0,1
137499,0,0,0,0,0,0,0,0,1
137500,0,0,0,0,0,0,0,0,1
137501,0,0,0,0,0,0,0,0,1
137502,0,0,0,0,0,0,0,0,1
137503,0,0,0,0,0,0,0,0,1
137504,0,0,0,0,0,0,0,0,1
137505,0,0,0,0,0,0,0,0,1
137506,0,0,0,0,0,0,0,0,1
137507,0,0,0,0,0,0,0,0,1
137508,0,0,0,0,0,0,0,0,1
137509,0,0,0,0,0,0,0,0,1
137510,0,0,0,0,0,0,0,0,1
137511,0,0,0,0,0,0,0,0,1
137512,0,0,0,0,0,0,0,0,1
137513,0,0,0,0,0,0,0,0,1
137514,0,0,0,0,0,0,0,0,1
137515,0,0,0,0,0,0,0,0,1
137516,0,0,0,0,0,0,0,0,1
137517,0,0,0,0,0,0,0,0,1
137518,0,0,0,0,0,0,0,0,1
137519,0,0,0,0,0,0,0,0,1
137520,0,0,0,0,0,0,0,0,1
137521,0,0,0,0,0,0,0,0,1
137522,0,0,0,0,0,0,0,0,1
137523,0,0,0,0,0,0,0,0,1
137524,0,0,0,0,0,0,0,0,1
137525,0,0,0,0,0,0,0,0,1
137526,0,0,0,0,0,0,0,0,1
137527,0,0,0,0,0,0,0,0,1
137528,0,0,0,0,0,0,0,0,1
137529,0,0,0,0,0,0,0,0,1
137530,0,0,0,0,0,0,0,0,1
137531,0,0,0,0,0,0,0,0,1
137532,0,0,0,0,0,0,0,0,1
137533,0,0,0,0,0,0,0,0,1
137534,0,0,0,0,0,0,0,0,1
137535,0,0,0,0,0,0,0,0,1
137536,0,0,0,0,0,0,0,0,1
137537,0,0,0,0,0,0,0,0,1
137538,0,0,0,0,0,0,0,0,1
137539,0,0,0,0,0,0,0,0,1
137540,0,0,0,0,0,0,0,0,1
137541,0,0,0,0,0,0,0,0,1
137542,0,0,0,0,0,0,0,0,1
137543,0,0,0,0,0,0,0,0,1
137544,0,0,0,0,0,0,0,0,1
137545,0,0,0,0,0,0,0,0,1
137546,0,0,0,0,0,0,0,0,1
137547,0,0,0,0,0,0,0,0,1
137548,0,0,0,0,0,0,0,0,1
137549,0,0,0,0,0,0,0,0,1
137550,0,0,0,0,0,0,0,0,1
137551,0,0,0,0,0,0,0,0,1
137552,0,0,0,0,0,0,0,0,1
137553,0,0,0,0,0,0,0,0,1
137554,0,0,0,0,0,0,0,0,1
137555,0,0,0,0,0,0,0,0,1
137556,0,0,0,0,0,0,0,0,1
137557,0,0,0,0,0,0,0,0,1
137558,0,0,0,0,0,0,0,0,1
137559,0,0,0,0,0,0,0,0,1
137560,0,0,0,0,0,0,0,0,1
137561,0,0,0,0,0,0,0,0,1
137562,0,0,0,0,0,0,0,0,1
137563,0,0,0,0,0,0,0,0,1
137564,0,0,0,0,0,0,0,0,1
137565,0,0,0,0,0,0,0,0,1
137566,0,0,0,0,0,0,0,0,1
137567,0,0,0,0,0,0,0,0,1
137568,0,0,0,0,0,0,0,0,1
137569,0,0,0,0,0,0,0,0,1
137570,0,0,0,0,0,0,0,0,1
137571,0,0,0,0,0,0,0,0,1
137572,0,0,0,0,0,0,0,0,1
137573,0,0,0,0,0,0,0,0,1
137574,0,0,0,0,0,0,0,0,1
137575,0,0,0,0,0,0,0,0,1
137576,0,0,0,0,0,0,0,0,1
137577,0,0,0,0,0,0,0,0,1
137578,0,0,0,0,0,0,0,0,1
137579,0,0,0,0,0,0,0,0,1
137580,0,0,0,0,0,0,0,0,1
137581,0,0,0,0,0,0,0,0,1
137582,0,0,0,0,0,0,0,0,1
137583,0,0,0,0,0,0,0,0,1
137584,0,0,0,0,0,0,0,0,1
137585,0,0,0,0,0,0,0,0,1
137586,0,0,0,0,0,0,0,0,1
137587,0,0,0,0,0,0,0,0,1
137588,0,0,0,0,0,0,0,0,1
137589,0,0,0,0,0,0,0,0,1
137590,0,0,0,0,0,0,0,0,1
137591,0,0,0,0,0,0,0,0,1
137592,0,0,0,0,0,0,0,0,1
137593,0,0,0,0,0,0,0,0,1
137594,0,0,0,0,0,0,0,0,1
137595,0,0,0,0,0,0,0,0,1
137596,0,0,0,0,0,0,0,0,1
137597,0,0,0,0,0,0,0,0,1
137598,0,0,0,0,0,0,0,0,1
137599,0,0,0,0,0,0,0,0,1
137600,0,0,0,0,0,0,0,0,1
137601,0,0,0,0,0,0,0,0,1
137602,0,0,0,0,0,0,0,0,1
137603,0,0,0,0,0,0,0,0,1
137604,0,0,0,0,0,0,0,0,1
137605,0,0,0,0,0,0,0,0,1
137606,0,0,0,0,0,0,0,0,1
137607,0,0,0,0,0,0,0,0,1
137608,0,0,0,0,0,0,0,0,1
137609,0,0,0,0,0,0,0,0,1
137610,0,0,0,0,0,0,0,0,1
137611,0,0,0,0,0,0,0,0,1
137612,0,0,0,0,0,0,0,0,1
137613,0,0,0,0,0,0,0,0,1
137614,0,0,0,0,0,0,0,0,1
137615,0,0,0,0,0,0,0,0,1
137616,0,0,0,0,0,0,0,0,1
137617,0,0,0,0,0,0,0,0,1
137618,0,0,0,0,0,0,0,0,1
137619,0,0,0,0,0,0,0,0,1
137620,0,0,0,0,0,0,0,0,1
137621,0,0,0,0,0,0,0,0,1
137622,0,0,0,0,0,0,0,0,1
137623,0,0,0,0,0,0,0,0,1
137624,0,0,0,0,0,0,0,0,1
137625,0,0,0,0,0,0,0,0,1
137626,0,0,0,0,0,0,0,0,1
137627,0,0,0,0,0,0,0,0,1
137628,0,0,0,0,0,0,0,0,1
137629,0,0,0,0,0,0,0,0,1
137630,0,0,0,0,0,0,0,0,1
137631,0,0,0,0,0,0,0,0,1
137632,0,0,0,0,0,0,0,0,1
137633,0,0,0,0,0,0,0,0,1
137634,0,0,0,0,0,0,0,0,1
137635,0,0,0,0,0,0,0,0,1
137636,0,0,0,0,0,0,0,0,1
137637,0,0,0,0,0,0,0,0,1
137638,0,0,0,0,0,0,0,0,1
137639,0,0,0,0,0,0,0,0,1
137640,0,0,0,0,0,0,0,0,1
137641,0,0,0,0,0,0,0,0,1
137642,0,0,0,0,0,0,0,0,1
137643,0,0,0,0,0,0,0,0,1
137644,0,0,0,0,0,0,0,0,1
137645,0,0,0,0,0,0,0,0,1
137646,0,0,0,0,0,0,0,0,1
137647,0,0,0,0,0,0,0,0,1
137648,0,0,0,0,0,0,0,0,1
137649,0,0,0,0,0,0,0,0,1
137650,0,0,0,0,0,0,0,0,1
137651,0,0,0,0,0,0,0,0,1
137652,0,0,0,0,0,0,0,0,1
137653,0,0,0,0,0,0,0,0,1
137654,0,0,0,0,0,0,0,0,1
137655,0,0,0,0,0,0,0,0,1
137656,0,0,0,0,0,0,0,0,1
137657,0,0,0,0,0,0,0,0,1
137658,0,0,0,0,0,0,0,0,1
137659,0,0,0,0,0,0,0,0,1
137660,0,0,0,0,0,0,0,0,1
137661,0,0,0,0,0,0,0,0,1
137662,0,0,0,0,0,0,0,0,1
137663,0,0,0,0,0,0,0,0,1
137664,0,0,0,0,0,0,0,0,1
137665,0,0,0,0,0,0,0,0,1
137666,0,0,0,0,0,0,0,0,1
137667,0,0,0,0,0,0,0,0,1
137668,0,0,0,0,0,0,0,0,1
137669,0,0,0,0,0,0,0,0,1
137670,0,0,0,0,0,0,0,0,1
137671,0,0,0,0,0,0,0,0,1
137672,0,0,0,0,0,0,0,0,1
137673,0,0,0,0,0,0,0,0,1
137674,0,0,0,0,0,0,0,0,1
137675,0,0,0,0,0,0,0,0,1
137676,0,0,0,0,0,0,0,0,1
137677,0,0,0,0,0,0,0,0,1
137678,0,0,0,0,0,0,0,0,1
137679,0,0,0,0,0,0,0,0,1
137680,0,0,0,0,0,0,0,0,1
137681,0,0,0,0,0,0,0,0,1
137682,0,0,0,0,0,0,0,0,1
137683,0,0,0,0,0,0,0,0,1
137684,0,0,0,0,0,0,0,0,1
137685,0,0,0,0,0,0,0,0,1
137686,0,0,0,0,0,0,0,0,1
137687,0,0,0,0,0,0,0,0,1
137688,0,0,0,0,0,0,0,0,1
137689,0,0,0,0,0,0,0,0,1
137690,0,0,0,0,0,0,0,0,1
137691,0,0,0,0,0,0,0,0,1
137692,0,0,0,0,0,0,0,0,1
137693,0,0,0,0,0,0,0,0,1
137694,0,0,0,0,0,0,0,0,1
137695,0,0,0,0,0,0,0,0,1
137696,0,0,0,0,0,0,0,0,1
137697,0,0,0,0,0,0,0,0,1
137698,0,0,0,0,0,0,0,0,1
137699,0,0,0,0,0,0,0,0,1
137700,0,0,0,0,0,0,0,0,1
137701,0,0,0,0,0,0,0,0,1
137702,0,0,0,0,0,0,0,0,1
137703,0,0,0,0,0,0,0,0,1
137704,0,0,0,0,0,0,0,0,1
137705,0,0,0,0,0,0,0,0,1
137706,0,0,0,0,0,0,0,0,1
137707,0,0,0,0,0,0,0,0,1
137708,0,0,0,0,0,0,0,0,1
137709,0,0,0,0,0,0,0,0,1
137710,0,0,0,0,0,0,0,0,1
137711,0,0,0,0,0,0,0,0,1
137712,0,0,0,0,0,0,0,0,1
137713,0,0,0,0,0,0,0,0,1
137714,0,0,0,0,0,0,0,0,1
137715,0,0,0,0,0,0,0,0,1
137716,0,0,0,0,0,0,0,0,1
137717,0,0,0,0,0,0,0,0,1
137718,0,0,0,0,0,0,0,0,1
137719,0,0,0,0,0,0,0,0,1
137720,0,0,0,0,0,0,0,0,1
137721,0,0,0,0,0,0,0,0,1
137722,0,0,0,0,0,0,0,0,1
137723,0,0,0,0,0,0,0,0,1
137724,0,0,0,0,0,0,0,0,1
137725,0,0,0,0,0,0,0,0,1
137726,0,0,0,0,0,0,0,0,1
137727,0,0,0,0,0,0,0,0,1
137728,0,0,0,0,0,0,0,0,1
137729,0,0,0,0,0,0,0,0,1
137730,0,0,0,0,0,0,0,0,1
137731,0,0,0,0,0,0,0,0,1
137732,0,0,0,0,0,0,0,0,1
137733,0,0,0,0,0,0,0,0,1
137734,0,0,0,0,0,0,0,0,1
137735,0,0,0,0,0,0,0,0,1
137736,0,0,0,0,0,0,0,0,1
137737,0,0,0,0,0,0,0,0,1
137738,0,0,0,0,0,0,0,0,1
137739,0,0,0,0,0,0,0,0,1
137740,0,0,0,0,0,0,0,0,1
137741,0,0,0,0,0,0,0,0,1
137742,0,0,0,0,0,0,0,0,1
137743,0,0,0,0,0,0,0,0,1
137744,0,0,0,0,0,0,0,0,1
137745,0,0,0,0,0,0,0,0,1
137746,0,0,0,0,0,0,0,0,1
137747,0,0,0,0,0,0,0,0,1
137748,0,0,0,0,0,0,0,0,1
137749,0,0,0,0,0,0,0,0,1
137750,0,0,0,0,0,0,0,0,1
137751,0,0,0,0,0,0,0,0,1
137752,0,0,0,0,0,0,0,0,1
137753,0,0,0,0,0,0,0,0,1
137754,0,0,0,0,0,0,0,0,1
137755,0,0,0,0,0,0,0,0,1
137756,0,0,0,0,0,0,0,0,1
137757,0,0,0,0,0,0,0,0,1
137758,0,0,0,0,0,0,0,0,1
137759,0,0,0,0,0,0,0,0,1
137760,0,0,0,0,0,0,0,0,1
137761,0,0,0,0,0,0,0,0,1
137762,0,0,0,0,0,0,0,0,1
137763,0,0,0,0,0,0,0,0,1
137764,0,0,0,0,0,0,0,0,1
137765,0,0,0,0,0,0,0,0,1
137766,0,0,0,0,0,0,0,0,1
137767,0,0,0,0,0,0,0,0,1
137768,0,0,0,0,0,0,0,0,1
137769,0,0,0,0,0,0,0,0,1
137770,0,0,0,0,0,0,0,0,1
137771,0,0,0,0,0,0,0,0,1
137772,0,0,0,0,0,0,0,0,1
137773,0,0,0,0,0,0,0,0,1
137774,0,0,0,0,0,0,0,0,1
137775,0,0,0,0,0,0,0,0,1
137776,0,0,0,0,0,0,0,0,1
137777,0,0,0,0,0,0,0,0,1
137778,0,0,0,0,0,0,0,0,1
137779,0,0,0,0,0,0,0,0,1
137780,0,0,0,0,0,0,0,0,1
137781,0,0,0,0,0,0,0,0,1
137782,0,0,0,0,0,0,0,0,1
137783,0,0,0,0,0,0,0,0,1
137784,0,0,0,0,0,0,0,0,1
137785,0,0,0,0,0,0,0,0,1
137786,0,0,0,0,0,0,0,0,1
137787,0,0,0,0,0,0,0,0,1
137788,0,0,0,0,0,0,0,0,1
137789,0,0,0,0,0,0,0,0,1
137790,0,0,0,0,0,0,0,0,1
137791,0,0,0,0,0,0,0,0,1
137792,0,0,0,0,0,0,0,0,1
137793,0,0,0,0,0,0,0,0,1
137794,0,0,0,0,0,0,0,0,1
137795,0,0,0,0,0,0,0,0,1
137796,0,0,0,0,0,0,0,0,1
137797,0,0,0,0,0,0,0,0,1
137798,0,0,0,0,0,0,0,0,1
137799,0,0,0,0,0,0,0,0,1
137800,0,0,0,0,0,0,0,0,1
137801,0,0,0,0,0,0,0,0,1
137802,0,0,0,0,0,0,0,0,1
137803,0,0,0,0,0,0,0,0,1
137804,0,0,0,0,0,0,0,0,1
137805,0,0,0,0,0,0,0,0,1
137806,0,0,0,0,0,0,0,0,1
137807,0,0,0,0,0,0,0,0,1
137808,0,0,0,0,0,0,0,0,1
137809,0,0,0,0,0,0,0,0,1
137810,0,0,0,0,0,0,0,0,1
137811,0,0,0,0,0,0,0,0,1
137812,0,0,0,0,0,0,0,0,1
137813,0,0,0,0,0,0,0,0,1
137814,0,0,0,0,0,0,0,0,1
137815,0,0,0,0,0,0,0,0,1
137816,0,0,0,0,0,0,0,0,1
137817,0,0,0,0,0,0,0,0,1
137818,0,0,0,0,0,0,0,0,1
137819,0,0,0,0,0,0,0,0,1
137820,0,0,0,0,0,0,0,0,1
137821,0,0,0,0,0,0,0,0,1
137822,0,0,0,0,0,0,0,0,1
137823,0,0,0,0,0,0,0,0,1
137824,0,0,0,0,0,0,0,0,1
137825,0,0,0,0,0,0,0,0,1
137826,0,0,0,0,0,0,0,0,1
137827,0,0,0,0,0,0,0,0,1
137828,0,0,0,0,0,0,0,0,1
137829,0,0,0,0,0,0,0,0,1
137830,0,0,0,0,0,0,0,0,1
137831,0,0,0,0,0,0,0,0,1
137832,0,0,0,0,0,0,0,0,1
137833,0,0,0,0,0,0,0,0,1
137834,0,0,0,0,0,0,0,0,1
137835,0,0,0,0,0,0,0,0,1
137836,0,0,0,0,0,0,0,0,1
137837,0,0,0,0,0,0,0,0,1
137838,0,0,0,0,0,0,0,0,1
137839,0,0,0,0,0,0,0,0,1
137840,0,0,0,0,0,0,0,0,1
137841,0,0,0,0,0,0,0,0,1
137842,0,0,0,0,0,0,0,0,1
137843,0,0,0,0,0,0,0,0,1
137844,0,0,0,0,0,0,0,0,1
137845,0,0,0,0,0,0,0,0,1
137846,0,0,0,0,0,0,0,0,1
137847,0,0,0,0,0,0,0,0,1
137848,0,0,0,0,0,0,0,0,1
137849,0,0,0,0,0,0,0,0,1
137850,0,0,0,0,0,0,0,0,1
137851,0,0,0,0,0,0,0,0,1
137852,0,0,0,0,0,0,0,0,1
137853,0,0,0,0,0,0,0,0,1
137854,0,0,0,0,0,0,0,0,1
137855,0,0,0,0,0,0,0,0,1
137856,0,0,0,0,0,0,0,0,1
137857,0,0,0,0,0,0,0,0,1
137858,0,0,0,0,0,0,0,0,1
137859,0,0,0,0,0,0,0,0,1
137860,0,0,0,0,0,0,0,0,1
137861,0,0,0,0,0,0,0,0,1
137862,0,0,0,0,0,0,0,0,1
137863,0,0,0,0,0,0,0,0,1
137864,0,0,0,0,0,0,0,0,1
137865,0,0,0,0,0,0,0,0,1
137866,0,0,0,0,0,0,0,0,1
137867,0,0,0,0,0,0,0,0,1
137868,0,0,0,0,0,0,0,0,1
137869,0,0,0,0,0,0,0,0,1
137870,0,0,0,0,0,0,0,0,1
137871,0,0,0,0,0,0,0,0,1
137872,0,0,0,0,0,0,0,0,1
137873,0,0,0,0,0,0,0,0,1
137874,0,0,0,0,0,0,0,0,1
137875,0,0,0,0,0,0,0,0,1
137876,0,0,0,0,0,0,0,0,1
137877,0,0,0,0,0,0,0,0,1
137878,0,0,0,0,0,0,0,0,1
137879,0,0,0,0,0,0,0,0,1
137880,0,0,0,0,0,0,0,0,1
137881,0,0,0,0,0,0,0,0,1
137882,0,0,0,0,0,0,0,0,1
137883,0,0,0,0,0,0,0,0,1
137884,0,0,0,0,0,0,0,0,1
137885,0,0,0,0,0,0,0,0,1
137886,0,0,0,0,0,0,0,0,1
137887,0,0,0,0,0,0,0,0,1
137888,0,0,0,0,0,0,0,0,1
137889,0,0,0,0,0,0,0,0,1
137890,0,0,0,0,0,0,0,0,1
137891,0,0,0,0,0,0,0,0,1
137892,0,0,0,0,0,0,0,0,1
137893,0,0,0,0,0,0,0,0,1
137894,0,0,0,0,0,0,0,0,1
137895,0,0,0,0,0,0,0,0,1
137896,0,0,0,0,0,0,0,0,1
137897,0,0,0,0,0,0,0,0,1
137898,0,0,0,0,0,0,0,0,1
137899,0,0,0,0,0,0,0,0,1
137900,0,0,0,0,0,0,0,0,1
137901,0,0,0,0,0,0,0,0,1
137902,0,0,0,0,0,0,0,0,1
137903,0,0,0,0,0,0,0,0,1
137904,0,0,0,0,0,0,0,0,1
137905,0,0,0,0,0,0,0,0,1
137906,0,0,0,0,0,0,0,0,1
137907,0,0,0,0,0,0,0,0,1
137908,0,0,0,0,0,0,0,0,1
137909,0,0,0,0,0,0,0,0,1
137910,0,0,0,0,0,0,0,0,1
137911,0,0,0,0,0,0,0,0,1
137912,0,0,0,0,0,0,0,0,1
137913,0,0,0,0,0,0,0,0,1
137914,0,0,0,0,0,0,0,0,1
137915,0,0,0,0,0,0,0,0,1
137916,0,0,0,0,0,0,0,0,1
137917,0,0,0,0,0,0,0,0,1
137918,0,0,0,0,0,0,0,0,1
137919,0,0,0,0,0,0,0,0,1
137920,0,0,0,0,0,0,0,0,1
137921,0,0,0,0,0,0,0,0,1
137922,0,0,0,0,0,0,0,0,1
137923,0,0,0,0,0,0,0,0,1
137924,0,0,0,0,0,0,0,0,1
137925,0,0,0,0,0,0,0,0,1
137926,0,0,0,0,0,0,0,0,1
137927,0,0,0,0,0,0,0,0,1
137928,0,0,0,0,0,0,0,0,1
137929,0,0,0,0,0,0,0,0,1
137930,0,0,0,0,0,0,0,0,1
137931,0,0,0,0,0,0,0,0,1
137932,0,0,0,0,0,0,0,0,1
137933,0,0,0,0,0,0,0,0,1
137934,0,0,0,0,0,0,0,0,1
137935,0,0,0,0,0,0,0,0,1
137936,0,0,0,0,0,0,0,0,1
137937,0,0,0,0,0,0,0,0,1
137938,0,0,0,0,0,0,0,0,1
137939,0,0,0,0,0,0,0,0,1
137940,0,0,0,0,0,0,0,0,1
137941,0,0,0,0,0,0,0,0,1
137942,0,0,0,0,0,0,0,0,1
137943,0,0,0,0,0,0,0,0,1
137944,0,0,0,0,0,0,0,0,1
137945,0,0,0,0,0,0,0,0,1
137946,0,0,0,0,0,0,0,0,1
137947,0,0,0,0,0,0,0,0,1
137948,0,0,0,0,0,0,0,0,1
137949,0,0,0,0,0,0,0,0,1
137950,0,0,0,0,0,0,0,0,1
137951,0,0,0,0,0,0,0,0,1
137952,0,0,0,0,0,0,0,0,1
137953,0,0,0,0,0,0,0,0,1
137954,0,0,0,0,0,0,0,0,1
137955,0,0,0,0,0,0,0,0,1
137956,0,0,0,0,0,0,0,0,1
137957,0,0,0,0,0,0,0,0,1
137958,0,0,0,0,0,0,0,0,1
137959,0,0,0,0,0,0,0,0,1
137960,0,0,0,0,0,0,0,0,1
137961,0,0,0,0,0,0,0,0,1
137962,0,0,0,0,0,0,0,0,1
137963,0,0,0,0,0,0,0,0,1
137964,0,0,0,0,0,0,0,0,1
137965,0,0,0,0,0,0,0,0,1
137966,0,0,0,0,0,0,0,0,1
137967,0,0,0,0,0,0,0,0,1
137968,0,0,0,0,0,0,0,0,1
137969,0,0,0,0,0,0,0,0,1
137970,0,0,0,0,0,0,0,0,1
137971,0,0,0,0,0,0,0,0,1
137972,0,0,0,0,0,0,0,0,1
137973,0,0,0,0,0,0,0,0,1
137974,0,0,0,0,0,0,0,0,1
137975,0,0,0,0,0,0,0,0,1
137976,0,0,0,0,0,0,0,0,1
137977,0,0,0,0,0,0,0,0,1
137978,0,0,0,0,0,0,0,0,1
137979,0,0,0,0,0,0,0,0,1
137980,0,0,0,0,0,0,0,0,1
137981,0,0,0,0,0,0,0,0,1
137982,0,0,0,0,0,0,0,0,1
137983,0,0,0,0,0,0,0,0,1
137984,0,0,0,0,0,0,0,0,1
137985,0,0,0,0,0,0,0,0,1
137986,0,0,0,0,0,0,0,0,1
137987,0,0,0,0,0,0,0,0,1
137988,0,0,0,0,0,0,0,0,1
137989,0,0,0,0,0,0,0,0,1
137990,0,0,0,0,0,0,0,0,1
137991,0,0,0,0,0,0,0,0,1
137992,0,0,0,0,0,0,0,0,1
137993,0,0,0,0,0,0,0,0,1
137994,0,0,0,0,0,0,0,0,1
137995,0,0,0,0,0,0,0,0,1
137996,0,0,0,0,0,0,0,0,1
137997,0,0,0,0,0,0,0,0,1
137998,0,0,0,0,0,0,0,0,1
137999,0,0,0,0,0,0,0,0,1
138000,0,0,0,0,0,0,0,0,1
138001,0,0,0,0,0,0,0,0,1
138002,0,0,0,0,0,0,0,0,1
138003,0,0,0,0,0,0,0,0,1
138004,0,0,0,0,0,0,0,0,1
138005,0,0,0,0,0,0,0,0,1
138006,0,0,0,0,0,0,0,0,1
138007,0,0,0,0,0,0,0,0,1
138008,0,0,0,0,0,0,0,0,1
138009,0,0,0,0,0,0,0,0,1
138010,0,0,0,0,0,0,0,0,1
138011,0,0,0,0,0,0,0,0,1
138012,0,0,0,0,0,0,0,0,1
138013,0,0,0,0,0,0,0,0,1
138014,0,0,0,0,0,0,0,0,1
138015,0,0,0,0,0,0,0,0,1
138016,0,0,0,0,0,0,0,0,1
138017,0,0,0,0,0,0,0,0,1
138018,0,0,0,0,0,0,0,0,1
138019,0,0,0,0,0,0,0,0,1
138020,0,0,0,0,0,0,0,0,1
138021,0,0,0,0,0,0,0,0,1
138022,0,0,0,0,0,0,0,0,1
138023,0,0,0,0,0,0,0,0,1
138024,0,0,0,0,0,0,0,0,1
138025,0,0,0,0,0,0,0,0,1
138026,0,0,0,0,0,0,0,0,1
138027,0,0,0,0,0,0,0,0,1
138028,0,0,0,0,0,0,0,0,1
138029,0,0,0,0,0,0,0,0,1
138030,0,0,0,0,0,0,0,0,1
138031,0,0,0,0,0,0,0,0,1
138032,0,0,0,0,0,0,0,0,1
138033,0,0,0,0,0,0,0,0,1
138034,0,0,0,0,0,0,0,0,1
138035,0,0,0,0,0,0,0,0,1
138036,0,0,0,0,0,0,0,0,1
138037,0,0,0,0,0,0,0,0,1
138038,0,0,0,0,0,0,0,0,1
138039,0,0,0,0,0,0,0,0,1
138040,0,0,0,0,0,0,0,0,1
138041,0,0,0,0,0,0,0,0,1
138042,0,0,0,0,0,0,0,0,1
138043,0,0,0,0,0,0,0,0,1
138044,0,0,0,0,0,0,0,0,1
138045,0,0,0,0,0,0,0,0,1
138046,0,0,0,0,0,0,0,0,1
138047,0,0,0,0,0,0,0,0,1
138048,0,0,0,0,0,0,0,0,1
138049,0,0,0,0,0,0,0,0,1
138050,0,0,0,0,0,0,0,0,1
138051,0,0,0,0,0,0,0,0,1
138052,0,0,0,0,0,0,0,0,1
138053,0,0,0,0,0,0,0,0,1
138054,0,0,0,0,0,0,0,0,1
138055,0,0,0,0,0,0,0,0,1
138056,0,0,0,0,0,0,0,0,1
138057,0,0,0,0,0,0,0,0,1
138058,0,0,0,0,0,0,0,0,1
138059,0,0,0,0,0,0,0,0,1
138060,0,0,0,0,0,0,0,0,1
138061,0,0,0,0,0,0,0,0,1
138062,0,0,0,0,0,0,0,0,1
138063,0,0,0,0,0,0,0,0,1
138064,0,0,0,0,0,0,0,0,1
138065,0,0,0,0,0,0,0,0,1
138066,0,0,0,0,0,0,0,0,1
138067,0,0,0,0,0,0,0,0,1
138068,0,0,0,0,0,0,0,0,1
138069,0,0,0,0,0,0,0,0,1
138070,0,0,0,0,0,0,0,0,1
138071,0,0,0,0,0,0,0,0,1
138072,0,0,0,0,0,0,0,0,1
138073,0,0,0,0,0,0,0,0,1
138074,0,0,0,0,0,0,0,0,1
138075,0,0,0,0,0,0,0,0,1
138076,0,0,0,0,0,0,0,0,1
138077,0,0,0,0,0,0,0,0,1
138078,0,0,0,0,0,0,0,0,1
138079,0,0,0,0,0,0,0,0,1
138080,0,0,0,0,0,0,0,0,1
138081,0,0,0,0,0,0,0,0,1
138082,0,0,0,0,0,0,0,0,1
138083,0,0,0,0,0,0,0,0,1
138084,0,0,0,0,0,0,0,0,1
138085,0,0,0,0,0,0,0,0,1
138086,0,0,0,0,0,0,0,0,1
138087,0,0,0,0,0,0,0,0,1
138088,0,0,0,0,0,0,0,0,1
138089,0,0,0,0,0,0,0,0,1
138090,0,0,0,0,0,0,0,0,1
138091,0,0,0,0,0,0,0,0,1
138092,0,0,0,0,0,0,0,0,1
138093,0,0,0,0,0,0,0,0,1
138094,0,0,0,0,0,0,0,0,1
138095,0,0,0,0,0,0,0,0,1
138096,0,0,0,0,0,0,0,0,1
138097,0,0,0,0,0,0,0,0,1
138098,0,0,0,0,0,0,0,0,1
138099,0,0,0,0,0,0,0,0,1
138100,0,0,0,0,0,0,0,0,1
138101,0,0,0,0,0,0,0,0,1
138102,0,0,0,0,0,0,0,0,1
138103,0,0,0,0,0,0,0,0,1
138104,0,0,0,0,0,0,0,0,1
138105,0,0,0,0,0,0,0,0,1
138106,0,0,0,0,0,0,0,0,1
138107,0,0,0,0,0,0,0,0,1
138108,0,0,0,0,0,0,0,0,1
138109,0,0,0,0,0,0,0,0,1
138110,0,0,0,0,0,0,0,0,1
138111,0,0,0,0,0,0,0,0,1
138112,0,0,0,0,0,0,0,0,1
138113,0,0,0,0,0,0,0,0,1
138114,0,0,0,0,0,0,0,0,1
138115,0,0,0,0,0,0,0,0,1
138116,0,0,0,0,0,0,0,0,1
138117,0,0,0,0,0,0,0,0,1
138118,0,0,0,0,0,0,0,0,1
138119,0,0,0,0,0,0,0,0,1
138120,0,0,0,0,0,0,0,0,1
138121,0,0,0,0,0,0,0,0,1
138122,0,0,0,0,0,0,0,0,1
138123,0,0,0,0,0,0,0,0,1
138124,0,0,0,0,0,0,0,0,1
138125,0,0,0,0,0,0,0,0,1
138126,0,0,0,0,0,0,0,0,1
138127,0,0,0,0,0,0,0,0,1
138128,0,0,0,0,0,0,0,0,1
138129,0,0,0,0,0,0,0,0,1
138130,0,0,0,0,0,0,0,0,1
138131,0,0,0,0,0,0,0,0,1
138132,0,0,0,0,0,0,0,0,1
138133,0,0,0,0,0,0,0,0,1
138134,0,0,0,0,0,0,0,0,1
138135,0,0,0,0,0,0,0,0,1
138136,0,0,0,0,0,0,0,0,1
138137,0,0,0,0,0,0,0,0,1
138138,0,0,0,0,0,0,0,0,1
138139,0,0,0,0,0,0,0,0,1
138140,0,0,0,0,0,0,0,0,1
138141,0,0,0,0,0,0,0,0,1
138142,0,0,0,0,0,0,0,0,1
138143,0,0,0,0,0,0,0,0,1
138144,0,0,0,0,0,0,0,0,1
138145,0,0,0,0,0,0,0,0,1
138146,0,0,0,0,0,0,0,0,1
138147,0,0,0,0,0,0,0,0,1
138148,0,0,0,0,0,0,0,0,1
138149,0,0,0,0,0,0,0,0,1
138150,0,0,0,0,0,0,0,0,1
138151,0,0,0,0,0,0,0,0,1
138152,0,0,0,0,0,0,0,0,1
138153,0,0,0,0,0,0,0,0,1
138154,0,0,0,0,0,0,0,0,1
138155,0,0,0,0,0,0,0,0,1
138156,0,0,0,0,0,0,0,0,1
138157,0,0,0,0,0,0,0,0,1
138158,0,0,0,0,0,0,0,0,1
138159,0,0,0,0,0,0,0,0,1
138160,0,0,0,0,0,0,0,0,1
138161,0,0,0,0,0,0,0,0,1
138162,0,0,0,0,0,0,0,0,1
138163,0,0,0,0,0,0,0,0,1
138164,0,0,0,0,0,0,0,0,1
138165,0,0,0,0,0,0,0,0,1
138166,0,0,0,0,0,0,0,0,1
138167,0,0,0,0,0,0,0,0,1
138168,0,0,0,0,0,0,0,0,1
138169,0,0,0,0,0,0,0,0,1
138170,0,0,0,0,0,0,0,0,1
138171,0,0,0,0,0,0,0,0,1
138172,0,0,0,0,0,0,0,0,1
138173,0,0,0,0,0,0,0,0,1
138174,0,0,0,0,0,0,0,0,1
138175,0,0,0,0,0,0,0,0,1
138176,0,0,0,0,0,0,0,0,1
138177,0,0,0,0,0,0,0,0,1
138178,0,0,0,0,0,0,0,0,1
138179,0,0,0,0,0,0,0,0,1
138180,0,0,0,0,0,0,0,0,1
138181,0,0,0,0,0,0,0,0,1
138182,0,0,0,0,0,0,0,0,1
138183,0,0,0,0,0,0,0,0,1
138184,0,0,0,0,0,0,0,0,1
138185,0,0,0,0,0,0,0,0,1
138186,0,0,0,0,0,0,0,0,1
138187,0,0,0,0,0,0,0,0,1
138188,0,0,0,0,0,0,0,0,1
138189,0,0,0,0,0,0,0,0,1
138190,0,0,0,0,0,0,0,0,1
138191,0,0,0,0,0,0,0,0,1
138192,0,0,0,0,0,0,0,0,1
138193,0,0,0,0,0,0,0,0,1
138194,0,0,0,0,0,0,0,0,1
138195,0,0,0,0,0,0,0,0,1
138196,0,0,0,0,0,0,0,0,1
138197,0,0,0,0,0,0,0,0,1
138198,0,0,0,0,0,0,0,0,1
138199,0,0,0,0,0,0,0,0,1
138200,0,0,0,0,0,0,0,0,1
138201,0,0,0,0,0,0,0,0,1
138202,0,0,0,0,0,0,0,0,1
138203,0,0,0,0,0,0,0,0,1
138204,0,0,0,0,0,0,0,0,1
138205,0,0,0,0,0,0,0,0,1
138206,0,0,0,0,0,0,0,0,1
138207,0,0,0,0,0,0,0,0,1
138208,0,0,0,0,0,0,0,0,1
138209,0,0,0,0,0,0,0,0,1
138210,0,0,0,0,0,0,0,0,1
138211,0,0,0,0,0,0,0,0,1
138212,0,0,0,0,0,0,0,0,1
138213,0,0,0,0,0,0,0,0,1
138214,0,0,0,0,0,0,0,0,1
138215,0,0,0,0,0,0,0,0,1
138216,0,0,0,0,0,0,0,0,1
138217,0,0,0,0,0,0,0,0,1
138218,0,0,0,0,0,0,0,0,1
138219,0,0,0,0,0,0,0,0,1
138220,0,0,0,0,0,0,0,0,1
138221,0,0,0,0,0,0,0,0,1
138222,0,0,0,0,0,0,0,0,1
138223,0,0,0,0,0,0,0,0,1
138224,0,0,0,0,0,0,0,0,1
138225,0,0,0,0,0,0,0,0,1
138226,0,0,0,0,0,0,0,0,1
138227,0,0,0,0,0,0,0,0,1
138228,0,0,0,0,0,0,0,0,1
138229,0,0,0,0,0,0,0,0,1
138230,0,0,0,0,0,0,0,0,1
138231,0,0,0,0,0,0,0,0,1
138232,0,0,0,0,0,0,0,0,1
138233,0,0,0,0,0,0,0,0,1
138234,0,0,0,0,0,0,0,0,1
138235,0,0,0,0,0,0,0,0,1
138236,0,0,0,0,0,0,0,0,1
138237,0,0,0,0,0,0,0,0,1
138238,0,0,0,0,0,0,0,0,1
138239,0,0,0,0,0,0,0,0,1
138240,0,0,0,0,0,0,0,0,1
138241,0,0,0,0,0,0,0,0,1
138242,0,0,0,0,0,0,0,0,1
138243,0,0,0,0,0,0,0,0,1
138244,0,0,0,0,0,0,0,0,1
138245,0,0,0,0,0,0,0,0,1
138246,0,0,0,0,0,0,0,0,1
138247,0,0,0,0,0,0,0,0,1
138248,0,0,0,0,0,0,0,0,1
138249,0,0,0,0,0,0,0,0,1
138250,0,0,0,0,0,0,0,0,1
138251,0,0,0,0,0,0,0,0,1
138252,0,0,0,0,0,0,0,0,1
138253,0,0,0,0,0,0,0,0,1
138254,0,0,0,0,0,0,0,0,1
138255,0,0,0,0,0,0,0,0,1
138256,0,0,0,0,0,0,0,0,1
138257,0,0,0,0,0,0,0,0,1
138258,0,0,0,0,0,0,0,0,1
138259,0,0,0,0,0,0,0,0,1
138260,0,0,0,0,0,0,0,0,1
138261,0,0,0,0,0,0,0,0,1
138262,0,0,0,0,0,0,0,0,1
138263,0,0,0,0,0,0,0,0,1
138264,0,0,0,0,0,0,0,0,1
138265,0,0,0,0,0,0,0,0,1
138266,0,0,0,0,0,0,0,0,1
138267,0,0,0,0,0,0,0,0,1
138268,0,0,0,0,0,0,0,0,1
138269,0,0,0,0,0,0,0,0,1
138270,0,0,0,0,0,0,0,0,1
138271,0,0,0,0,0,0,0,0,1
138272,0,0,0,0,0,0,0,0,1
138273,0,0,0,0,0,0,0,0,1
138274,0,0,0,0,0,0,0,0,1
138275,0,0,0,0,0,0,0,0,1
138276,0,0,0,0,0,0,0,0,1
138277,0,0,0,0,0,0,0,0,1
138278,0,0,0,0,0,0,0,0,1
138279,0,0,0,0,0,0,0,0,1
138280,0,0,0,0,0,0,0,0,1
138281,0,0,0,0,0,0,0,0,1
138282,0,0,0,0,0,0,0,0,1
138283,0,0,0,0,0,0,0,0,1
138284,0,0,0,0,0,0,0,0,1
138285,0,0,0,0,0,0,0,0,1
138286,0,0,0,0,0,0,0,0,1
138287,0,0,0,0,0,0,0,0,1
138288,0,0,0,0,0,0,0,0,1
138289,0,0,0,0,0,0,0,0,1
138290,0,0,0,0,0,0,0,0,1
138291,0,0,0,0,0,0,0,0,1
138292,0,0,0,0,0,0,0,0,1
138293,0,0,0,0,0,0,0,0,1
138294,0,0,0,0,0,0,0,0,1
138295,0,0,0,0,0,0,0,0,1
138296,0,0,0,0,0,0,0,0,1
138297,0,0,0,0,0,0,0,0,1
138298,0,0,0,0,0,0,0,0,1
138299,0,0,0,0,0,0,0,0,1
138300,0,0,0,0,0,0,0,0,1
138301,0,0,0,0,0,0,0,0,1
138302,0,0,0,0,0,0,0,0,1
138303,0,0,0,0,0,0,0,0,1
138304,0,0,0,0,0,0,0,0,1
138305,0,0,0,0,0,0,0,0,1
138306,0,0,0,0,0,0,0,0,1
138307,0,0,0,0,0,0,0,0,1
138308,0,0,0,0,0,0,0,0,1
138309,0,0,0,0,0,0,0,0,1
138310,0,0,0,0,0,0,0,0,1
138311,0,0,0,0,0,0,0,0,1
138312,0,0,0,0,0,0,0,0,1
138313,0,0,0,0,0,0,0,0,1
138314,0,0,0,0,0,0,0,0,1
138315,0,0,0,0,0,0,0,0,1
138316,0,0,0,0,0,0,0,0,1
138317,0,0,0,0,0,0,0,0,1
138318,0,0,0,0,0,0,0,0,1
138319,0,0,0,0,0,0,0,0,1
138320,0,0,0,0,0,0,0,0,1
138321,0,0,0,0,0,0,0,0,1
138322,0,0,0,0,0,0,0,0,1
138323,0,0,0,0,0,0,0,0,1
138324,0,0,0,0,0,0,0,0,1
138325,0,0,0,0,0,0,0,0,1
138326,0,0,0,0,0,0,0,0,1
138327,0,0,0,0,0,0,0,0,1
138328,0,0,0,0,0,0,0,0,1
138329,0,0,0,0,0,0,0,0,1
138330,0,0,0,0,0,0,0,0,1
138331,0,0,0,0,0,0,0,0,1
138332,0,0,0,0,0,0,0,0,1
138333,0,0,0,0,0,0,0,0,1
138334,0,0,0,0,0,0,0,0,1
138335,0,0,0,0,0,0,0,0,1
138336,0,0,0,0,0,0,0,0,1
138337,0,0,0,0,0,0,0,0,1
138338,0,0,0,0,0,0,0,0,1
138339,0,0,0,0,0,0,0,0,1
138340,0,0,0,0,0,0,0,0,1
138341,0,0,0,0,0,0,0,0,1
138342,0,0,0,0,0,0,0,0,1
138343,0,0,0,0,0,0,0,0,1
138344,0,0,0,0,0,0,0,0,1
138345,0,0,0,0,0,0,0,0,1
138346,0,0,0,0,0,0,0,0,1
138347,0,0,0,0,0,0,0,0,1
138348,0,0,0,0,0,0,0,0,1
138349,0,0,0,0,0,0,0,0,1
138350,0,0,0,0,0,0,0,0,1
138351,0,0,0,0,0,0,0,0,1
138352,0,0,0,0,0,0,0,0,1
138353,0,0,0,0,0,0,0,0,1
138354,0,0,0,0,0,0,0,0,1
138355,0,0,0,0,0,0,0,0,1
138356,0,0,0,0,0,0,0,0,1
138357,0,0,0,0,0,0,0,0,1
138358,0,0,0,0,0,0,0,0,1
138359,0,0,0,0,0,0,0,0,1
138360,0,0,0,0,0,0,0,0,1
138361,0,0,0,0,0,0,0,0,1
138362,0,0,0,0,0,0,0,0,1
138363,0,0,0,0,0,0,0,0,1
138364,0,0,0,0,0,0,0,0,1
138365,0,0,0,0,0,0,0,0,1
138366,0,0,0,0,0,0,0,0,1
138367,0,0,0,0,0,0,0,0,1
138368,0,0,0,0,0,0,0,0,1
138369,0,0,0,0,0,0,0,0,1
138370,0,0,0,0,0,0,0,0,1
138371,0,0,0,0,0,0,0,0,1
138372,0,0,0,0,0,0,0,0,1
138373,0,0,0,0,0,0,0,0,1
138374,0,0,0,0,0,0,0,0,1
138375,0,0,0,0,0,0,0,0,1
138376,0,0,0,0,0,0,0,0,1
138377,0,0,0,0,0,0,0,0,1
138378,0,0,0,0,0,0,0,0,1
138379,0,0,0,0,0,0,0,0,1
138380,0,0,0,0,0,0,0,0,1
138381,0,0,0,0,0,0,0,0,1
138382,0,0,0,0,0,0,0,0,1
138383,0,0,0,0,0,0,0,0,1
138384,0,0,0,0,0,0,0,0,1
138385,0,0,0,0,0,0,0,0,1
138386,0,0,0,0,0,0,0,0,1
138387,0,0,0,0,0,0,0,0,1
138388,0,0,0,0,0,0,0,0,1
138389,0,0,0,0,0,0,0,0,1
138390,0,0,0,0,0,0,0,0,1
138391,0,0,0,0,0,0,0,0,1
138392,0,0,0,0,0,0,0,0,1
138393,0,0,0,0,0,0,0,0,1
138394,0,0,0,0,0,0,0,0,1
138395,0,0,0,0,0,0,0,0,1
138396,0,0,0,0,0,0,0,0,1
138397,0,0,0,0,0,0,0,0,1
138398,0,0,0,0,0,0,0,0,1
138399,0,0,0,0,0,0,0,0,1
138400,0,0,0,0,0,0,0,0,1
138401,0,0,0,0,0,0,0,0,1
138402,0,0,0,0,0,0,0,0,1
138403,0,0,0,0,0,0,0,0,1
138404,0,0,0,0,0,0,0,0,1
138405,0,0,0,0,0,0,0,0,1
138406,0,0,0,0,0,0,0,0,1
138407,0,0,0,0,0,0,0,0,1
138408,0,0,0,0,0,0,0,0,1
138409,0,0,0,0,0,0,0,0,1
138410,0,0,0,0,0,0,0,0,1
138411,0,0,0,0,0,0,0,0,1
138412,0,0,0,0,0,0,0,0,1
138413,0,0,0,0,0,0,0,0,1
138414,0,0,0,0,0,0,0,0,1
138415,0,0,0,0,0,0,0,0,1
138416,0,0,0,0,0,0,0,0,1
138417,0,0,0,0,0,0,0,0,1
138418,0,0,0,0,0,0,0,0,1
138419,0,0,0,0,0,0,0,0,1
138420,0,0,0,0,0,0,0,0,1
138421,0,0,0,0,0,0,0,0,1
138422,0,0,0,0,0,0,0,0,1
138423,0,0,0,0,0,0,0,0,1
138424,0,0,0,0,0,0,0,0,1
138425,0,0,0,0,0,0,0,0,1
138426,0,0,0,0,0,0,0,0,1
138427,0,0,0,0,0,0,0,0,1
138428,0,0,0,0,0,0,0,0,1
138429,0,0,0,0,0,0,0,0,1
138430,0,0,0,0,0,0,0,0,1
138431,0,0,0,0,0,0,0,0,1
138432,0,0,0,0,0,0,0,0,1
138433,0,0,0,0,0,0,0,0,1
138434,0,0,0,0,0,0,0,0,1
138435,0,0,0,0,0,0,0,0,1
138436,0,0,0,0,0,0,0,0,1
138437,0,0,0,0,0,0,0,0,1
138438,0,0,0,0,0,0,0,0,1
138439,0,0,0,0,0,0,0,0,1
138440,0,0,0,0,0,0,0,0,1
138441,0,0,0,0,0,0,0,0,1
138442,0,0,0,0,0,0,0,0,1
138443,0,0,0,0,0,0,0,0,1
138444,0,0,0,0,0,0,0,0,1
138445,0,0,0,0,0,0,0,0,1
138446,0,0,0,0,0,0,0,0,1
138447,0,0,0,0,0,0,0,0,1
138448,0,0,0,0,0,0,0,0,1
138449,0,0,0,0,0,0,0,0,1
138450,0,0,0,0,0,0,0,0,1
138451,0,0,0,0,0,0,0,0,1
138452,0,0,0,0,0,0,0,0,1
138453,0,0,0,0,0,0,0,0,1
138454,0,0,0,0,0,0,0,0,1
138455,0,0,0,0,0,0,0,0,1
138456,0,0,0,0,0,0,0,0,1
138457,0,0,0,0,0,0,0,0,1
138458,0,0,0,0,0,0,0,0,1
138459,0,0,0,0,0,0,0,0,1
138460,0,0,0,0,0,0,0,0,1
138461,0,0,0,0,0,0,0,0,1
138462,0,0,0,0,0,0,0,0,1
138463,0,0,0,0,0,0,0,0,1
138464,0,0,0,0,0,0,0,0,1
138465,0,0,0,0,0,0,0,0,1
138466,0,0,0,0,0,0,0,0,1
138467,0,0,0,0,0,0,0,0,1
138468,0,0,0,0,0,0,0,0,1
138469,0,0,0,0,0,0,0,0,1
138470,0,0,0,0,0,0,0,0,1
138471,0,0,0,0,0,0,0,0,1
138472,0,0,0,0,0,0,0,0,1
138473,0,0,0,0,0,0,0,0,1
138474,0,0,0,0,0,0,0,0,1
138475,0,0,0,0,0,0,0,0,1
138476,0,0,0,0,0,0,0,0,1
138477,0,0,0,0,0,0,0,0,1
138478,0,0,0,0,0,0,0,0,1
138479,0,0,0,0,0,0,0,0,1
138480,0,0,0,0,0,0,0,0,1
138481,0,0,0,0,0,0,0,0,1
138482,0,0,0,0,0,0,0,0,1
138483,0,0,0,0,0,0,0,0,1
138484,0,0,0,0,0,0,0,0,1
138485,0,0,0,0,0,0,0,0,1
138486,0,0,0,0,0,0,0,0,1
138487,0,0,0,0,0,0,0,0,1
138488,0,0,0,0,0,0,0,0,1
138489,0,0,0,0,0,0,0,0,1
138490,0,0,0,0,0,0,0,0,1
138491,0,0,0,0,0,0,0,0,1
138492,0,0,0,0,0,0,0,0,1
138493,0,0,0,0,0,0,0,0,1
138494,0,0,0,0,0,0,0,0,1
138495,0,0,0,0,0,0,0,0,1
138496,0,0,0,0,0,0,0,0,1
138497,0,0,0,0,0,0,0,0,1
138498,0,0,0,0,0,0,0,0,1
138499,0,0,0,0,0,0,0,0,1
138500,0,0,0,0,0,0,0,0,1
138501,0,0,0,0,0,0,0,0,1
138502,0,0,0,0,0,0,0,0,1
138503,0,0,0,0,0,0,0,0,1
138504,0,0,0,0,0,0,0,0,1
138505,0,0,0,0,0,0,0,0,1
138506,0,0,0,0,0,0,0,0,1
138507,0,0,0,0,0,0,0,0,1
138508,0,0,0,0,0,0,0,0,1
138509,0,0,0,0,0,0,0,0,1
138510,0,0,0,0,0,0,0,0,1
138511,0,0,0,0,0,0,0,0,1
138512,0,0,0,0,0,0,0,0,1
138513,0,0,0,0,0,0,0,0,1
138514,0,0,0,0,0,0,0,0,1
138515,0,0,0,0,0,0,0,0,1
138516,0,0,0,0,0,0,0,0,1
138517,0,0,0,0,0,0,0,0,1
138518,0,0,0,0,0,0,0,0,1
138519,0,0,0,0,0,0,0,0,1
138520,0,0,0,0,0,0,0,0,1
138521,0,0,0,0,0,0,0,0,1
138522,0,0,0,0,0,0,0,0,1
138523,0,0,0,0,0,0,0,0,1
138524,0,0,0,0,0,0,0,0,1
138525,0,0,0,0,0,0,0,0,1
138526,0,0,0,0,0,0,0,0,1
138527,0,0,0,0,0,0,0,0,1
138528,0,0,0,0,0,0,0,0,1
138529,0,0,0,0,0,0,0,0,1
138530,0,0,0,0,0,0,0,0,1
138531,0,0,0,0,0,0,0,0,1
138532,0,0,0,0,0,0,0,0,1
138533,0,0,0,0,0,0,0,0,1
138534,0,0,0,0,0,0,0,0,1
138535,0,0,0,0,0,0,0,0,1
138536,0,0,0,0,0,0,0,0,1
138537,0,0,0,0,0,0,0,0,1
138538,0,0,0,0,0,0,0,0,1
138539,0,0,0,0,0,0,0,0,1
138540,0,0,0,0,0,0,0,0,1
138541,0,0,0,0,0,0,0,0,1
138542,0,0,0,0,0,0,0,0,1
138543,0,0,0,0,0,0,0,0,1
138544,0,0,0,0,0,0,0,0,1
138545,0,0,0,0,0,0,0,0,1
138546,0,0,0,0,0,0,0,0,1
138547,0,0,0,0,0,0,0,0,1
138548,0,0,0,0,0,0,0,0,1
138549,0,0,0,0,0,0,0,0,1
138550,0,0,0,0,0,0,0,0,1
138551,0,0,0,0,0,0,0,0,1
138552,0,0,0,0,0,0,0,0,1
138553,0,0,0,0,0,0,0,0,1
138554,0,0,0,0,0,0,0,0,1
138555,0,0,0,0,0,0,0,0,1
138556,0,0,0,0,0,0,0,0,1
138557,0,0,0,0,0,0,0,0,1
138558,0,0,0,0,0,0,0,0,1
138559,0,0,0,0,0,0,0,0,1
138560,0,0,0,0,0,0,0,0,1
138561,0,0,0,0,0,0,0,0,1
138562,0,0,0,0,0,0,0,0,1
138563,0,0,0,0,0,0,0,0,1
138564,0,0,0,0,0,0,0,0,1
138565,0,0,0,0,0,0,0,0,1
138566,0,0,0,0,0,0,0,0,1
138567,0,0,0,0,0,0,0,0,1
138568,0,0,0,0,0,0,0,0,1
138569,0,0,0,0,0,0,0,0,1
138570,0,0,0,0,0,0,0,0,1
138571,0,0,0,0,0,0,0,0,1
138572,0,0,0,0,0,0,0,0,1
138573,0,0,0,0,0,0,0,0,1
138574,0,0,0,0,0,0,0,0,1
138575,0,0,0,0,0,0,0,0,1
138576,0,0,0,0,0,0,0,0,1
138577,0,0,0,0,0,0,0,0,1
138578,0,0,0,0,0,0,0,0,1
138579,0,0,0,0,0,0,0,0,1
138580,0,0,0,0,0,0,0,0,1
138581,0,0,0,0,0,0,0,0,1
138582,0,0,0,0,0,0,0,0,1
138583,0,0,0,0,0,0,0,0,1
138584,0,0,0,0,0,0,0,0,1
138585,0,0,0,0,0,0,0,0,1
138586,0,0,0,0,0,0,0,0,1
138587,0,0,0,0,0,0,0,0,1
138588,0,0,0,0,0,0,0,0,1
138589,0,0,0,0,0,0,0,0,1
138590,0,0,0,0,0,0,0,0,1
138591,0,0,0,0,0,0,0,0,1
138592,0,0,0,0,0,0,0,0,1
138593,0,0,0,0,0,0,0,0,1
138594,0,0,0,0,0,0,0,0,1
138595,0,0,0,0,0,0,0,0,1
138596,0,0,0,0,0,0,0,0,1
138597,0,0,0,0,0,0,0,0,1
138598,0,0,0,0,0,0,0,0,1
138599,0,0,0,0,0,0,0,0,1
138600,0,0,0,0,0,0,0,0,1
138601,0,0,0,0,0,0,0,0,1
138602,0,0,0,0,0,0,0,0,1
138603,0,0,0,0,0,0,0,0,1
138604,0,0,0,0,0,0,0,0,1
138605,0,0,0,0,0,0,0,0,1
138606,0,0,0,0,0,0,0,0,1
138607,0,0,0,0,0,0,0,0,1
138608,0,0,0,0,0,0,0,0,1
138609,0,0,0,0,0,0,0,0,1
138610,0,0,0,0,0,0,0,0,1
138611,0,0,0,0,0,0,0,0,1
138612,0,0,0,0,0,0,0,0,1
138613,0,0,0,0,0,0,0,0,1
138614,0,0,0,0,0,0,0,0,1
138615,0,0,0,0,0,0,0,0,1
138616,0,0,0,0,0,0,0,0,1
138617,0,0,0,0,0,0,0,0,1
138618,0,0,0,0,0,0,0,0,1
138619,0,0,0,0,0,0,0,0,1
138620,0,0,0,0,0,0,0,0,1
138621,0,0,0,0,0,0,0,0,1
138622,0,0,0,0,0,0,0,0,1
138623,0,0,0,0,0,0,0,0,1
138624,0,0,0,0,0,0,0,0,1
138625,0,0,0,0,0,0,0,0,1
138626,0,0,0,0,0,0,0,0,1
138627,0,0,0,0,0,0,0,0,1
138628,0,0,0,0,0,0,0,0,1
138629,0,0,0,0,0,0,0,0,1
138630,0,0,0,0,0,0,0,0,1
138631,0,0,0,0,0,0,0,0,1
138632,0,0,0,0,0,0,0,0,1
138633,0,0,0,0,0,0,0,0,1
138634,0,0,0,0,0,0,0,0,1
138635,0,0,0,0,0,0,0,0,1
138636,0,0,0,0,0,0,0,0,1
138637,0,0,0,0,0,0,0,0,1
138638,0,0,0,0,0,0,0,0,1
138639,0,0,0,0,0,0,0,0,1
138640,0,0,0,0,0,0,0,0,1
138641,0,0,0,0,0,0,0,0,1
138642,0,0,0,0,0,0,0,0,1
138643,0,0,0,0,0,0,0,0,1
138644,0,0,0,0,0,0,0,0,1
138645,0,0,0,0,0,0,0,0,1
138646,0,0,0,0,0,0,0,0,1
138647,0,0,0,0,0,0,0,0,1
138648,0,0,0,0,0,0,0,0,1
138649,0,0,0,0,0,0,0,0,1
138650,0,0,0,0,0,0,0,0,1
138651,0,0,0,0,0,0,0,0,1
138652,0,0,0,0,0,0,0,0,1
138653,0,0,0,0,0,0,0,0,1
138654,0,0,0,0,0,0,0,0,1
138655,0,0,0,0,0,0,0,0,1
138656,0,0,0,0,0,0,0,0,1
138657,0,0,0,0,0,0,0,0,1
138658,0,0,0,0,0,0,0,0,1
138659,0,0,0,0,0,0,0,0,1
138660,0,0,0,0,0,0,0,0,1
138661,0,0,0,0,0,0,0,0,1
138662,0,0,0,0,0,0,0,0,1
138663,0,0,0,0,0,0,0,0,1
138664,0,0,0,0,0,0,0,0,1
138665,0,0,0,0,0,0,0,0,1
138666,0,0,0,0,0,0,0,0,1
138667,0,0,0,0,0,0,0,0,1
138668,0,0,0,0,0,0,0,0,1
138669,0,0,0,0,0,0,0,0,1
138670,0,0,0,0,0,0,0,0,1
138671,0,0,0,0,0,0,0,0,1
138672,0,0,0,0,0,0,0,0,1
138673,0,0,0,0,0,0,0,0,1
138674,0,0,0,0,0,0,0,0,1
138675,0,0,0,0,0,0,0,0,1
138676,0,0,0,0,0,0,0,0,1
138677,0,0,0,0,0,0,0,0,1
138678,0,0,0,0,0,0,0,0,1
138679,0,0,0,0,0,0,0,0,1
138680,0,0,0,0,0,0,0,0,1
138681,0,0,0,0,0,0,0,0,1
138682,0,0,0,0,0,0,0,0,1
138683,0,0,0,0,0,0,0,0,1
138684,0,0,0,0,0,0,0,0,1
138685,0,0,0,0,0,0,0,0,1
138686,0,0,0,0,0,0,0,0,1
138687,0,0,0,0,0,0,0,0,1
138688,0,0,0,0,0,0,0,0,1
138689,0,0,0,0,0,0,0,0,1
138690,0,0,0,0,0,0,0,0,1
138691,0,0,0,0,0,0,0,0,1
138692,0,0,0,0,0,0,0,0,1
138693,0,0,0,0,0,0,0,0,1
138694,0,0,0,0,0,0,0,0,1
138695,0,0,0,0,0,0,0,0,1
138696,0,0,0,0,0,0,0,0,1
138697,0,0,0,0,0,0,0,0,1
138698,0,0,0,0,0,0,0,0,1
138699,0,0,0,0,0,0,0,0,1
138700,0,0,0,0,0,0,0,0,1
138701,0,0,0,0,0,0,0,0,1
138702,0,0,0,0,0,0,0,0,1
138703,0,0,0,0,0,0,0,0,1
138704,0,0,0,0,0,0,0,0,1
138705,0,0,0,0,0,0,0,0,1
138706,0,0,0,0,0,0,0,0,1
138707,0,0,0,0,0,0,0,0,1
138708,0,0,0,0,0,0,0,0,1
138709,0,0,0,0,0,0,0,0,1
138710,0,0,0,0,0,0,0,0,1
138711,0,0,0,0,0,0,0,0,1
138712,0,0,0,0,0,0,0,0,1
138713,0,0,0,0,0,0,0,0,1
138714,0,0,0,0,0,0,0,0,1
138715,0,0,0,0,0,0,0,0,1
138716,0,0,0,0,0,0,0,0,1
138717,0,0,0,0,0,0,0,0,1
138718,0,0,0,0,0,0,0,0,1
138719,0,0,0,0,0,0,0,0,1
138720,0,0,0,0,0,0,0,0,1
138721,0,0,0,0,0,0,0,0,1
138722,0,0,0,0,0,0,0,0,1
138723,0,0,0,0,0,0,0,0,1
138724,0,0,0,0,0,0,0,0,1
138725,0,0,0,0,0,0,0,0,1
138726,0,0,0,0,0,0,0,0,1
138727,0,0,0,0,0,0,0,0,1
138728,0,0,0,0,0,0,0,0,1
138729,0,0,0,0,0,0,0,0,1
138730,0,0,0,0,0,0,0,0,1
138731,0,0,0,0,0,0,0,0,1
138732,0,0,0,0,0,0,0,0,1
138733,0,0,0,0,0,0,0,0,1
138734,0,0,0,0,0,0,0,0,1
138735,0,0,0,0,0,0,0,0,1
138736,0,0,0,0,0,0,0,0,1
138737,0,0,0,0,0,0,0,0,1
138738,0,0,0,0,0,0,0,0,1
138739,0,0,0,0,0,0,0,0,1
138740,0,0,0,0,0,0,0,0,1
138741,0,0,0,0,0,0,0,0,1
138742,0,0,0,0,0,0,0,0,1
138743,0,0,0,0,0,0,0,0,1
138744,0,0,0,0,0,0,0,0,1
138745,0,0,0,0,0,0,0,0,1
138746,0,0,0,0,0,0,0,0,1
138747,0,0,0,0,0,0,0,0,1
138748,0,0,0,0,0,0,0,0,1
138749,0,0,0,0,0,0,0,0,1
138750,0,0,0,0,0,0,0,0,1
138751,0,0,0,0,0,0,0,0,1
138752,0,0,0,0,0,0,0,0,1
138753,0,0,0,0,0,0,0,0,1
138754,0,0,0,0,0,0,0,0,1
138755,0,0,0,0,0,0,0,0,1
138756,0,0,0,0,0,0,0,0,1
138757,0,0,0,0,0,0,0,0,1
138758,0,0,0,0,0,0,0,0,1
138759,0,0,0,0,0,0,0,0,1
138760,0,0,0,0,0,0,0,0,1
138761,0,0,0,0,0,0,0,0,1
138762,0,0,0,0,0,0,0,0,1
138763,0,0,0,0,0,0,0,0,1
138764,0,0,0,0,0,0,0,0,1
138765,0,0,0,0,0,0,0,0,1
138766,0,0,0,0,0,0,0,0,1
138767,0,0,0,0,0,0,0,0,1
138768,0,0,0,0,0,0,0,0,1
138769,0,0,0,0,0,0,0,0,1
138770,0,0,0,0,0,0,0,0,1
138771,0,0,0,0,0,0,0,0,1
138772,0,0,0,0,0,0,0,0,1
138773,0,0,0,0,0,0,0,0,1
138774,0,0,0,0,0,0,0,0,1
138775,0,0,0,0,0,0,0,0,1
138776,0,0,0,0,0,0,0,0,1
138777,0,0,0,0,0,0,0,0,1
138778,0,0,0,0,0,0,0,0,1
138779,0,0,0,0,0,0,0,0,1
138780,0,0,0,0,0,0,0,0,1
138781,0,0,0,0,0,0,0,0,1
138782,0,0,0,0,0,0,0,0,1
138783,0,0,0,0,0,0,0,0,1
138784,0,0,0,0,0,0,0,0,1
138785,0,0,0,0,0,0,0,0,1
138786,0,0,0,0,0,0,0,0,1
138787,0,0,0,0,0,0,0,0,1
138788,0,0,0,0,0,0,0,0,1
138789,0,0,0,0,0,0,0,0,1
138790,0,0,0,0,0,0,0,0,1
138791,0,0,0,0,0,0,0,0,1
138792,0,0,0,0,0,0,0,0,1
138793,0,0,0,0,0,0,0,0,1
138794,0,0,0,0,0,0,0,0,1
138795,0,0,0,0,0,0,0,0,1
138796,0,0,0,0,0,0,0,0,1
138797,0,0,0,0,0,0,0,0,1
138798,0,0,0,0,0,0,0,0,1
138799,0,0,0,0,0,0,0,0,1
138800,0,0,0,0,0,0,0,0,1
138801,0,0,0,0,0,0,0,0,1
138802,0,0,0,0,0,0,0,0,1
138803,0,0,0,0,0,0,0,0,1
138804,0,0,0,0,0,0,0,0,1
138805,0,0,0,0,0,0,0,0,1
138806,0,0,0,0,0,0,0,0,1
138807,0,0,0,0,0,0,0,0,1
138808,0,0,0,0,0,0,0,0,1
138809,0,0,0,0,0,0,0,0,1
138810,0,0,0,0,0,0,0,0,1
138811,0,0,0,0,0,0,0,0,1
138812,0,0,0,0,0,0,0,0,1
138813,0,0,0,0,0,0,0,0,1
138814,0,0,0,0,0,0,0,0,1
138815,0,0,0,0,0,0,0,0,1
138816,0,0,0,0,0,0,0,0,1
138817,0,0,0,0,0,0,0,0,1
138818,0,0,0,0,0,0,0,0,1
138819,0,0,0,0,0,0,0,0,1
138820,0,0,0,0,0,0,0,0,1
138821,0,0,0,0,0,0,0,0,1
138822,0,0,0,0,0,0,0,0,1
138823,0,0,0,0,0,0,0,0,1
138824,0,0,0,0,0,0,0,0,1
138825,0,0,0,0,0,0,0,0,1
138826,0,0,0,0,0,0,0,0,1
138827,0,0,0,0,0,0,0,0,1
138828,0,0,0,0,0,0,0,0,1
138829,0,0,0,0,0,0,0,0,1
138830,0,0,0,0,0,0,0,0,1
138831,0,0,0,0,0,0,0,0,1
138832,0,0,0,0,0,0,0,0,1
138833,0,0,0,0,0,0,0,0,1
138834,0,0,0,0,0,0,0,0,1
138835,0,0,0,0,0,0,0,0,1
138836,0,0,0,0,0,0,0,0,1
138837,0,0,0,0,0,0,0,0,1
138838,0,0,0,0,0,0,0,0,1
138839,0,0,0,0,0,0,0,0,1
138840,0,0,0,0,0,0,0,0,1
138841,0,0,0,0,0,0,0,0,1
138842,0,0,0,0,0,0,0,0,1
138843,0,0,0,0,0,0,0,0,1
138844,0,0,0,0,0,0,0,0,1
138845,0,0,0,0,0,0,0,0,1
138846,0,0,0,0,0,0,0,0,1
138847,0,0,0,0,0,0,0,0,1
138848,0,0,0,0,0,0,0,0,1
138849,0,0,0,0,0,0,0,0,1
138850,0,0,0,0,0,0,0,0,1
138851,0,0,0,0,0,0,0,0,1
138852,0,0,0,0,0,0,0,0,1
138853,0,0,0,0,0,0,0,0,1
138854,0,0,0,0,0,0,0,0,1
138855,0,0,0,0,0,0,0,0,1
138856,0,0,0,0,0,0,0,0,1
138857,0,0,0,0,0,0,0,0,1
138858,0,0,0,0,0,0,0,0,1
138859,0,0,0,0,0,0,0,0,1
138860,0,0,0,0,0,0,0,0,1
138861,0,0,0,0,0,0,0,0,1
138862,0,0,0,0,0,0,0,0,1
138863,0,0,0,0,0,0,0,0,1
138864,0,0,0,0,0,0,0,0,1
138865,0,0,0,0,0,0,0,0,1
138866,0,0,0,0,0,0,0,0,1
138867,0,0,0,0,0,0,0,0,1
138868,0,0,0,0,0,0,0,0,1
138869,0,0,0,0,0,0,0,0,1
138870,0,0,0,0,0,0,0,0,1
138871,0,0,0,0,0,0,0,0,1
138872,0,0,0,0,0,0,0,0,1
138873,0,0,0,0,0,0,0,0,1
138874,0,0,0,0,0,0,0,0,1
138875,0,0,0,0,0,0,0,0,1
138876,0,0,0,0,0,0,0,0,1
138877,0,0,0,0,0,0,0,0,1
138878,0,0,0,0,0,0,0,0,1
138879,0,0,0,0,0,0,0,0,1
138880,0,0,0,0,0,0,0,0,1
138881,0,0,0,0,0,0,0,0,1
138882,0,0,0,0,0,0,0,0,1
138883,0,0,0,0,0,0,0,0,1
138884,0,0,0,0,0,0,0,0,1
138885,0,0,0,0,0,0,0,0,1
138886,0,0,0,0,0,0,0,0,1
138887,0,0,0,0,0,0,0,0,1
138888,0,0,0,0,0,0,0,0,1
138889,0,0,0,0,0,0,0,0,1
138890,0,0,0,0,0,0,0,0,1
138891,0,0,0,0,0,0,0,0,1
138892,0,0,0,0,0,0,0,0,1
138893,0,0,0,0,0,0,0,0,1
138894,0,0,0,0,0,0,0,0,1
138895,0,0,0,0,0,0,0,0,1
138896,0,0,0,0,0,0,0,0,1
138897,0,0,0,0,0,0,0,0,1
138898,0,0,0,0,0,0,0,0,1
138899,0,0,0,0,0,0,0,0,1
138900,0,0,0,0,0,0,0,0,1
138901,0,0,0,0,0,0,0,0,1
138902,0,0,0,0,0,0,0,0,1
138903,0,0,0,0,0,0,0,0,1
138904,0,0,0,0,0,0,0,0,1
138905,0,0,0,0,0,0,0,0,1
138906,0,0,0,0,0,0,0,0,1
138907,0,0,0,0,0,0,0,0,1
138908,0,0,0,0,0,0,0,0,1
138909,0,0,0,0,0,0,0,0,1
138910,0,0,0,0,0,0,0,0,1
138911,0,0,0,0,0,0,0,0,1
138912,0,0,0,0,0,0,0,0,1
138913,0,0,0,0,0,0,0,0,1
138914,0,0,0,0,0,0,0,0,1
138915,0,0,0,0,0,0,0,0,1
138916,0,0,0,0,0,0,0,0,1
138917,0,0,0,0,0,0,0,0,1
138918,0,0,0,0,0,0,0,0,1
138919,0,0,0,0,0,0,0,0,1
138920,0,0,0,0,0,0,0,0,1
138921,0,0,0,0,0,0,0,0,1
138922,0,0,0,0,0,0,0,0,1
138923,0,0,0,0,0,0,0,0,1
138924,0,0,0,0,0,0,0,0,1
138925,0,0,0,0,0,0,0,0,1
138926,0,0,0,0,0,0,0,0,1
138927,0,0,0,0,0,0,0,0,1
138928,0,0,0,0,0,0,0,0,1
138929,0,0,0,0,0,0,0,0,1
138930,0,0,0,0,0,0,0,0,1
138931,0,0,0,0,0,0,0,0,1
138932,0,0,0,0,0,0,0,0,1
138933,0,0,0,0,0,0,0,0,1
138934,0,0,0,0,0,0,0,0,1
138935,0,0,0,0,0,0,0,0,1
138936,0,0,0,0,0,0,0,0,1
138937,0,0,0,0,0,0,0,0,1
138938,0,0,0,0,0,0,0,0,1
138939,0,0,0,0,0,0,0,0,1
138940,0,0,0,0,0,0,0,0,1
138941,0,0,0,0,0,0,0,0,1
138942,0,0,0,0,0,0,0,0,1
138943,0,0,0,0,0,0,0,0,1
138944,0,0,0,0,0,0,0,0,1
138945,0,0,0,0,0,0,0,0,1
138946,0,0,0,0,0,0,0,0,1
138947,0,0,0,0,0,0,0,0,1
138948,0,0,0,0,0,0,0,0,1
138949,0,0,0,0,0,0,0,0,1
138950,0,0,0,0,0,0,0,0,1
138951,0,0,0,0,0,0,0,0,1
138952,0,0,0,0,0,0,0,0,1
138953,0,0,0,0,0,0,0,0,1
138954,0,0,0,0,0,0,0,0,1
138955,0,0,0,0,0,0,0,0,1
138956,0,0,0,0,0,0,0,0,1
138957,0,0,0,0,0,0,0,0,1
138958,0,0,0,0,0,0,0,0,1
138959,0,0,0,0,0,0,0,0,1
138960,0,0,0,0,0,0,0,0,1
138961,0,0,0,0,0,0,0,0,1
138962,0,0,0,0,0,0,0,0,1
138963,0,0,0,0,0,0,0,0,1
138964,0,0,0,0,0,0,0,0,1
138965,0,0,0,0,0,0,0,0,1
138966,0,0,0,0,0,0,0,0,1
138967,0,0,0,0,0,0,0,0,1
138968,0,0,0,0,0,0,0,0,1
138969,0,0,0,0,0,0,0,0,1
138970,0,0,0,0,0,0,0,0,1
138971,0,0,0,0,0,0,0,0,1
138972,0,0,0,0,0,0,0,0,1
138973,0,0,0,0,0,0,0,0,1
138974,0,0,0,0,0,0,0,0,1
138975,0,0,0,0,0,0,0,0,1
138976,0,0,0,0,0,0,0,0,1
138977,0,0,0,0,0,0,0,0,1
138978,0,0,0,0,0,0,0,0,1
138979,0,0,0,0,0,0,0,0,1
138980,0,0,0,0,0,0,0,0,1
138981,0,0,0,0,0,0,0,0,1
138982,0,0,0,0,0,0,0,0,1
138983,0,0,0,0,0,0,0,0,1
138984,0,0,0,0,0,0,0,0,1
138985,0,0,0,0,0,0,0,0,1
138986,0,0,0,0,0,0,0,0,1
138987,0,0,0,0,0,0,0,0,1
138988,0,0,0,0,0,0,0,0,1
138989,0,0,0,0,0,0,0,0,1
138990,0,0,0,0,0,0,0,0,1
138991,0,0,0,0,0,0,0,0,1
138992,0,0,0,0,0,0,0,0,1
138993,0,0,0,0,0,0,0,0,1
138994,0,0,0,0,0,0,0,0,1
138995,0,0,0,0,0,0,0,0,1
138996,0,0,0,0,0,0,0,0,1
138997,0,0,0,0,0,0,0,0,1
138998,0,0,0,0,0,0,0,0,1
138999,0,0,0,0,0,0,0,0,1
139000,0,0,0,0,0,0,0,0,1
139001,0,0,0,0,0,0,0,0,1
139002,0,0,0,0,0,0,0,0,1
139003,0,0,0,0,0,0,0,0,1
139004,0,0,0,0,0,0,0,0,1
139005,0,0,0,0,0,0,0,0,1
139006,0,0,0,0,0,0,0,0,1
139007,0,0,0,0,0,0,0,0,1
139008,0,0,0,0,0,0,0,0,1
139009,0,0,0,0,0,0,0,0,1
139010,0,0,0,0,0,0,0,0,1
139011,0,0,0,0,0,0,0,0,1
139012,0,0,0,0,0,0,0,0,1
139013,0,0,0,0,0,0,0,0,1
139014,0,0,0,0,0,0,0,0,1
139015,0,0,0,0,0,0,0,0,1
139016,0,0,0,0,0,0,0,0,1
139017,0,0,0,0,0,0,0,0,1
139018,0,0,0,0,0,0,0,0,1
139019,0,0,0,0,0,0,0,0,1
139020,0,0,0,0,0,0,0,0,1
139021,0,0,0,0,0,0,0,0,1
139022,0,0,0,0,0,0,0,0,1
139023,0,0,0,0,0,0,0,0,1
139024,0,0,0,0,0,0,0,0,1
139025,0,0,0,0,0,0,0,0,1
139026,0,0,0,0,0,0,0,0,1
139027,0,0,0,0,0,0,0,0,1
139028,0,0,0,0,0,0,0,0,1
139029,0,0,0,0,0,0,0,0,1
139030,0,0,0,0,0,0,0,0,1
139031,0,0,0,0,0,0,0,0,1
139032,0,0,0,0,0,0,0,0,1
139033,0,0,0,0,0,0,0,0,1
139034,0,0,0,0,0,0,0,0,1
139035,0,0,0,0,0,0,0,0,1
139036,0,0,0,0,0,0,0,0,1
139037,0,0,0,0,0,0,0,0,1
139038,0,0,0,0,0,0,0,0,1
139039,0,0,0,0,0,0,0,0,1
139040,0,0,0,0,0,0,0,0,1
139041,0,0,0,0,0,0,0,0,1
139042,0,0,0,0,0,0,0,0,1
139043,0,0,0,0,0,0,0,0,1
139044,0,0,0,0,0,0,0,0,1
139045,0,0,0,0,0,0,0,0,1
139046,0,0,0,0,0,0,0,0,1
139047,0,0,0,0,0,0,0,0,1
139048,0,0,0,0,0,0,0,0,1
139049,0,0,0,0,0,0,0,0,1
139050,0,0,0,0,0,0,0,0,1
139051,0,0,0,0,0,0,0,0,1
139052,0,0,0,0,0,0,0,0,1
139053,0,0,0,0,0,0,0,0,1
139054,0,0,0,0,0,0,0,0,1
139055,0,0,0,0,0,0,0,0,1
139056,0,0,0,0,0,0,0,0,1
139057,0,0,0,0,0,0,0,0,1
139058,0,0,0,0,0,0,0,0,1
139059,0,0,0,0,0,0,0,0,1
139060,0,0,0,0,0,0,0,0,1
139061,0,0,0,0,0,0,0,0,1
139062,0,0,0,0,0,0,0,0,1
139063,0,0,0,0,0,0,0,0,1
139064,0,0,0,0,0,0,0,0,1
139065,0,0,0,0,0,0,0,0,1
139066,0,0,0,0,0,0,0,0,1
139067,0,0,0,0,0,0,0,0,1
139068,0,0,0,0,0,0,0,0,1
139069,0,0,0,0,0,0,0,0,1
139070,0,0,0,0,0,0,0,0,1
139071,0,0,0,0,0,0,0,0,1
139072,0,0,0,0,0,0,0,0,1
139073,0,0,0,0,0,0,0,0,1
139074,0,0,0,0,0,0,0,0,1
139075,0,0,0,0,0,0,0,0,1
139076,0,0,0,0,0,0,0,0,1
139077,0,0,0,0,0,0,0,0,1
139078,0,0,0,0,0,0,0,0,1
139079,0,0,0,0,0,0,0,0,1
139080,0,0,0,0,0,0,0,0,1
139081,0,0,0,0,0,0,0,0,1
139082,0,0,0,0,0,0,0,0,1
139083,0,0,0,0,0,0,0,0,1
139084,0,0,0,0,0,0,0,0,1
139085,0,0,0,0,0,0,0,0,1
139086,0,0,0,0,0,0,0,0,1
139087,0,0,0,0,0,0,0,0,1
139088,0,0,0,0,0,0,0,0,1
139089,0,0,0,0,0,0,0,0,1
139090,0,0,0,0,0,0,0,0,1
139091,0,0,0,0,0,0,0,0,1
139092,0,0,0,0,0,0,0,0,1
139093,0,0,0,0,0,0,0,0,1
139094,0,0,0,0,0,0,0,0,1
139095,0,0,0,0,0,0,0,0,1
139096,0,0,0,0,0,0,0,0,1
139097,0,0,0,0,0,0,0,0,1
139098,0,0,0,0,0,0,0,0,1
139099,0,0,0,0,0,0,0,0,1
139100,0,0,0,0,0,0,0,0,1
139101,0,0,0,0,0,0,0,0,1
139102,0,0,0,0,0,0,0,0,1
139103,0,0,0,0,0,0,0,0,1
139104,0,0,0,0,0,0,0,0,1
139105,0,0,0,0,0,0,0,0,1
139106,0,0,0,0,0,0,0,0,1
139107,0,0,0,0,0,0,0,0,1
139108,0,0,0,0,0,0,0,0,1
139109,0,0,0,0,0,0,0,0,1
139110,0,0,0,0,0,0,0,0,1
139111,0,0,0,0,0,0,0,0,1
139112,0,0,0,0,0,0,0,0,1
139113,0,0,0,0,0,0,0,0,1
139114,0,0,0,0,0,0,0,0,1
139115,0,0,0,0,0,0,0,0,1
139116,0,0,0,0,0,0,0,0,1
139117,0,0,0,0,0,0,0,0,1
139118,0,0,0,0,0,0,0,0,1
139119,0,0,0,0,0,0,0,0,1
139120,0,0,0,0,0,0,0,0,1
139121,0,0,0,0,0,0,0,0,1
139122,0,0,0,0,0,0,0,0,1
139123,0,0,0,0,0,0,0,0,1
139124,0,0,0,0,0,0,0,0,1
139125,0,0,0,0,0,0,0,0,1
139126,0,0,0,0,0,0,0,0,1
139127,0,0,0,0,0,0,0,0,1
139128,0,0,0,0,0,0,0,0,1
139129,0,0,0,0,0,0,0,0,1
139130,0,0,0,0,0,0,0,0,1
139131,0,0,0,0,0,0,0,0,1
139132,0,0,0,0,0,0,0,0,1
139133,0,0,0,0,0,0,0,0,1
139134,0,0,0,0,0,0,0,0,1
139135,0,0,0,0,0,0,0,0,1
139136,0,0,0,0,0,0,0,0,1
139137,0,0,0,0,0,0,0,0,1
139138,0,0,0,0,0,0,0,0,1
139139,0,0,0,0,0,0,0,0,1
139140,0,0,0,0,0,0,0,0,1
139141,0,0,0,0,0,0,0,0,1
139142,0,0,0,0,0,0,0,0,1
139143,0,0,0,0,0,0,0,0,1
139144,0,0,0,0,0,0,0,0,1
139145,0,0,0,0,0,0,0,0,1
139146,0,0,0,0,0,0,0,0,1
139147,0,0,0,0,0,0,0,0,1
139148,0,0,0,0,0,0,0,0,1
139149,0,0,0,0,0,0,0,0,1
139150,0,0,0,0,0,0,0,0,1
139151,0,0,0,0,0,0,0,0,1
139152,0,0,0,0,0,0,0,0,1
139153,0,0,0,0,0,0,0,0,1
139154,0,0,0,0,0,0,0,0,1
139155,0,0,0,0,0,0,0,0,1
139156,0,0,0,0,0,0,0,0,1
139157,0,0,0,0,0,0,0,0,1
139158,0,0,0,0,0,0,0,0,1
139159,0,0,0,0,0,0,0,0,1
139160,0,0,0,0,0,0,0,0,1
139161,0,0,0,0,0,0,0,0,1
139162,0,0,0,0,0,0,0,0,1
139163,0,0,0,0,0,0,0,0,1
139164,0,0,0,0,0,0,0,0,1
139165,0,0,0,0,0,0,0,0,1
139166,0,0,0,0,0,0,0,0,1
139167,0,0,0,0,0,0,0,0,1
139168,0,0,0,0,0,0,0,0,1
139169,0,0,0,0,0,0,0,0,1
139170,0,0,0,0,0,0,0,0,1
139171,0,0,0,0,0,0,0,0,1
139172,0,0,0,0,0,0,0,0,1
139173,0,0,0,0,0,0,0,0,1
139174,0,0,0,0,0,0,0,0,1
139175,0,0,0,0,0,0,0,0,1
139176,0,0,0,0,0,0,0,0,1
139177,0,0,0,0,0,0,0,0,1
139178,0,0,0,0,0,0,0,0,1
139179,0,0,0,0,0,0,0,0,1
139180,0,0,0,0,0,0,0,0,1
139181,0,0,0,0,0,0,0,0,1
139182,0,0,0,0,0,0,0,0,1
139183,0,0,0,0,0,0,0,0,1
139184,0,0,0,0,0,0,0,0,1
139185,0,0,0,0,0,0,0,0,1
139186,0,0,0,0,0,0,0,0,1
139187,0,0,0,0,0,0,0,0,1
139188,0,0,0,0,0,0,0,0,1
139189,0,0,0,0,0,0,0,0,1
139190,0,0,0,0,0,0,0,0,1
139191,0,0,0,0,0,0,0,0,1
139192,0,0,0,0,0,0,0,0,1
139193,0,0,0,0,0,0,0,0,1
139194,0,0,0,0,0,0,0,0,1
139195,0,0,0,0,0,0,0,0,1
139196,0,0,0,0,0,0,0,0,1
139197,0,0,0,0,0,0,0,0,1
139198,0,0,0,0,0,0,0,0,1
139199,0,0,0,0,0,0,0,0,1
139200,0,0,0,0,0,0,0,0,1
139201,0,0,0,0,0,0,0,0,1
139202,0,0,0,0,0,0,0,0,1
139203,0,0,0,0,0,0,0,0,1
139204,0,0,0,0,0,0,0,0,1
139205,0,0,0,0,0,0,0,0,1
139206,0,0,0,0,0,0,0,0,1
139207,0,0,0,0,0,0,0,0,1
139208,0,0,0,0,0,0,0,0,1
139209,0,0,0,0,0,0,0,0,1
139210,0,0,0,0,0,0,0,0,1
139211,0,0,0,0,0,0,0,0,1
139212,0,0,0,0,0,0,0,0,1
139213,0,0,0,0,0,0,0,0,1
139214,0,0,0,0,0,0,0,0,1
139215,0,0,0,0,0,0,0,0,1
139216,0,0,0,0,0,0,0,0,1
139217,0,0,0,0,0,0,0,0,1
139218,0,0,0,0,0,0,0,0,1
139219,0,0,0,0,0,0,0,0,1
139220,0,0,0,0,0,0,0,0,1
139221,0,0,0,0,0,0,0,0,1
139222,0,0,0,0,0,0,0,0,1
139223,0,0,0,0,0,0,0,0,1
139224,0,0,0,0,0,0,0,0,1
139225,0,0,0,0,0,0,0,0,1
139226,0,0,0,0,0,0,0,0,1
139227,0,0,0,0,0,0,0,0,1
139228,0,0,0,0,0,0,0,0,1
139229,0,0,0,0,0,0,0,0,1
139230,0,0,0,0,0,0,0,0,1
139231,0,0,0,0,0,0,0,0,1
139232,0,0,0,0,0,0,0,0,1
139233,0,0,0,0,0,0,0,0,1
139234,0,0,0,0,0,0,0,0,1
139235,0,0,0,0,0,0,0,0,1
139236,0,0,0,0,0,0,0,0,1
139237,0,0,0,0,0,0,0,0,1
139238,0,0,0,0,0,0,0,0,1
139239,0,0,0,0,0,0,0,0,1
139240,0,0,0,0,0,0,0,0,1
139241,0,0,0,0,0,0,0,0,1
139242,0,0,0,0,0,0,0,0,1
139243,0,0,0,0,0,0,0,0,1
139244,0,0,0,0,0,0,0,0,1
139245,0,0,0,0,0,0,0,0,1
139246,0,0,0,0,0,0,0,0,1
139247,0,0,0,0,0,0,0,0,1
139248,0,0,0,0,0,0,0,0,1
139249,0,0,0,0,0,0,0,0,1
139250,0,0,0,0,0,0,0,0,1
139251,0,0,0,0,0,0,0,0,1
139252,0,0,0,0,0,0,0,0,1
139253,0,0,0,0,0,0,0,0,1
139254,0,0,0,0,0,0,0,0,1
139255,0,0,0,0,0,0,0,0,1
139256,0,0,0,0,0,0,0,0,1
139257,0,0,0,0,0,0,0,0,1
139258,0,0,0,0,0,0,0,0,1
139259,0,0,0,0,0,0,0,0,1
139260,0,0,0,0,0,0,0,0,1
139261,0,0,0,0,0,0,0,0,1
139262,0,0,0,0,0,0,0,0,1
139263,0,0,0,0,0,0,0,0,1
139264,0,0,0,0,0,0,0,0,1
139265,0,0,0,0,0,0,0,0,1
139266,0,0,0,0,0,0,0,0,1
139267,0,0,0,0,0,0,0,0,1
139268,0,0,0,0,0,0,0,0,1
139269,0,0,0,0,0,0,0,0,1
139270,0,0,0,0,0,0,0,0,1
139271,0,0,0,0,0,0,0,0,1
139272,0,0,0,0,0,0,0,0,1
139273,0,0,0,0,0,0,0,0,1
139274,0,0,0,0,0,0,0,0,1
139275,0,0,0,0,0,0,0,0,1
139276,0,0,0,0,0,0,0,0,1
139277,0,0,0,0,0,0,0,0,1
139278,0,0,0,0,0,0,0,0,1
139279,0,0,0,0,0,0,0,0,1
139280,0,0,0,0,0,0,0,0,1
139281,0,0,0,0,0,0,0,0,1
139282,0,0,0,0,0,0,0,0,1
139283,0,0,0,0,0,0,0,0,1
139284,0,0,0,0,0,0,0,0,1
139285,0,0,0,0,0,0,0,0,1
139286,0,0,0,0,0,0,0,0,1
139287,0,0,0,0,0,0,0,0,1
139288,0,0,0,0,0,0,0,0,1
139289,0,0,0,0,0,0,0,0,1
139290,0,0,0,0,0,0,0,0,1
139291,0,0,0,0,0,0,0,0,1
139292,0,0,0,0,0,0,0,0,1
139293,0,0,0,0,0,0,0,0,1
139294,0,0,0,0,0,0,0,0,1
139295,0,0,0,0,0,0,0,0,1
139296,0,0,0,0,0,0,0,0,1
139297,0,0,0,0,0,0,0,0,1
139298,0,0,0,0,0,0,0,0,1
139299,0,0,0,0,0,0,0,0,1
139300,0,0,0,0,0,0,0,0,1
139301,0,0,0,0,0,0,0,0,1
139302,0,0,0,0,0,0,0,0,1
139303,0,0,0,0,0,0,0,0,1
139304,0,0,0,0,0,0,0,0,1
139305,0,0,0,0,0,0,0,0,1
139306,0,0,0,0,0,0,0,0,1
139307,0,0,0,0,0,0,0,0,1
139308,0,0,0,0,0,0,0,0,1
139309,0,0,0,0,0,0,0,0,1
139310,0,0,0,0,0,0,0,0,1
139311,0,0,0,0,0,0,0,0,1
139312,0,0,0,0,0,0,0,0,1
139313,0,0,0,0,0,0,0,0,1
139314,0,0,0,0,0,0,0,0,1
139315,0,0,0,0,0,0,0,0,1
139316,0,0,0,0,0,0,0,0,1
139317,0,0,0,0,0,0,0,0,1
139318,0,0,0,0,0,0,0,0,1
139319,0,0,0,0,0,0,0,0,1
139320,0,0,0,0,0,0,0,0,1
139321,0,0,0,0,0,0,0,0,1
139322,0,0,0,0,0,0,0,0,1
139323,0,0,0,0,0,0,0,0,1
139324,0,0,0,0,0,0,0,0,1
139325,0,0,0,0,0,0,0,0,1
139326,0,0,0,0,0,0,0,0,1
139327,0,0,0,0,0,0,0,0,1
139328,0,0,0,0,0,0,0,0,1
139329,0,0,0,0,0,0,0,0,1
139330,0,0,0,0,0,0,0,0,1
139331,0,0,0,0,0,0,0,0,1
139332,0,0,0,0,0,0,0,0,1
139333,0,0,0,0,0,0,0,0,1
139334,0,0,0,0,0,0,0,0,1
139335,0,0,0,0,0,0,0,0,1
139336,0,0,0,0,0,0,0,0,1
139337,0,0,0,0,0,0,0,0,1
139338,0,0,0,0,0,0,0,0,1
139339,0,0,0,0,0,0,0,0,1
139340,0,0,0,0,0,0,0,0,1
139341,0,0,0,0,0,0,0,0,1
139342,0,0,0,0,0,0,0,0,1
139343,0,0,0,0,0,0,0,0,1
139344,0,0,0,0,0,0,0,0,1
139345,0,0,0,0,0,0,0,0,1
139346,0,0,0,0,0,0,0,0,1
139347,0,0,0,0,0,0,0,0,1
139348,0,0,0,0,0,0,0,0,1
139349,0,0,0,0,0,0,0,0,1
139350,0,0,0,0,0,0,0,0,1
139351,0,0,0,0,0,0,0,0,1
139352,0,0,0,0,0,0,0,0,1
139353,0,0,0,0,0,0,0,0,1
139354,0,0,0,0,0,0,0,0,1
139355,0,0,0,0,0,0,0,0,1
139356,0,0,0,0,0,0,0,0,1
139357,0,0,0,0,0,0,0,0,1
139358,0,0,0,0,0,0,0,0,1
139359,0,0,0,0,0,0,0,0,1
139360,0,0,0,0,0,0,0,0,1
139361,0,0,0,0,0,0,0,0,1
139362,0,0,0,0,0,0,0,0,1
139363,0,0,0,0,0,0,0,0,1
139364,0,0,0,0,0,0,0,0,1
139365,0,0,0,0,0,0,0,0,1
139366,0,0,0,0,0,0,0,0,1
139367,0,0,0,0,0,0,0,0,1
139368,0,0,0,0,0,0,0,0,1
139369,0,0,0,0,0,0,0,0,1
139370,0,0,0,0,0,0,0,0,1
139371,0,0,0,0,0,0,0,0,1
139372,0,0,0,0,0,0,0,0,1
139373,0,0,0,0,0,0,0,0,1
139374,0,0,0,0,0,0,0,0,1
139375,0,0,0,0,0,0,0,0,1
139376,0,0,0,0,0,0,0,0,1
139377,0,0,0,0,0,0,0,0,1
139378,0,0,0,0,0,0,0,0,1
139379,0,0,0,0,0,0,0,0,1
139380,0,0,0,0,0,0,0,0,1
139381,0,0,0,0,0,0,0,0,1
139382,0,0,0,0,0,0,0,0,1
139383,0,0,0,0,0,0,0,0,1
139384,0,0,0,0,0,0,0,0,1
139385,0,0,0,0,0,0,0,0,1
139386,0,0,0,0,0,0,0,0,1
139387,0,0,0,0,0,0,0,0,1
139388,0,0,0,0,0,0,0,0,1
139389,0,0,0,0,0,0,0,0,1
139390,0,0,0,0,0,0,0,0,1
139391,0,0,0,0,0,0,0,0,1
139392,0,0,0,0,0,0,0,0,1
139393,0,0,0,0,0,0,0,0,1
139394,0,0,0,0,0,0,0,0,1
139395,0,0,0,0,0,0,0,0,1
139396,0,0,0,0,0,0,0,0,1
139397,0,0,0,0,0,0,0,0,1
139398,0,0,0,0,0,0,0,0,1
139399,0,0,0,0,0,0,0,0,1
139400,0,0,0,0,0,0,0,0,1
139401,0,0,0,0,0,0,0,0,1
139402,0,0,0,0,0,0,0,0,1
139403,0,0,0,0,0,0,0,0,1
139404,0,0,0,0,0,0,0,0,1
139405,0,0,0,0,0,0,0,0,1
139406,0,0,0,0,0,0,0,0,1
139407,0,0,0,0,0,0,0,0,1
139408,0,0,0,0,0,0,0,0,1
139409,0,0,0,0,0,0,0,0,1
139410,0,0,0,0,0,0,0,0,1
139411,0,0,0,0,0,0,0,0,1
139412,0,0,0,0,0,0,0,0,1
139413,0,0,0,0,0,0,0,0,1
139414,0,0,0,0,0,0,0,0,1
139415,0,0,0,0,0,0,0,0,1
139416,0,0,0,0,0,0,0,0,1
139417,0,0,0,0,0,0,0,0,1
139418,0,0,0,0,0,0,0,0,1
139419,0,0,0,0,0,0,0,0,1
139420,0,0,0,0,0,0,0,0,1
139421,0,0,0,0,0,0,0,0,1
139422,0,0,0,0,0,0,0,0,1
139423,0,0,0,0,0,0,0,0,1
139424,0,0,0,0,0,0,0,0,1
139425,0,0,0,0,0,0,0,0,1
139426,0,0,0,0,0,0,0,0,1
139427,0,0,0,0,0,0,0,0,1
139428,0,0,0,0,0,0,0,0,1
139429,0,0,0,0,0,0,0,0,1
139430,0,0,0,0,0,0,0,0,1
139431,0,0,0,0,0,0,0,0,1
139432,0,0,0,0,0,0,0,0,1
139433,0,0,0,0,0,0,0,0,1
139434,0,0,0,0,0,0,0,0,1
139435,0,0,0,0,0,0,0,0,1
139436,0,0,0,0,0,0,0,0,1
139437,0,0,0,0,0,0,0,0,1
139438,0,0,0,0,0,0,0,0,1
139439,0,0,0,0,0,0,0,0,1
139440,0,0,0,0,0,0,0,0,1
139441,0,0,0,0,0,0,0,0,1
139442,0,0,0,0,0,0,0,0,1
139443,0,0,0,0,0,0,0,0,1
139444,0,0,0,0,0,0,0,0,1
139445,0,0,0,0,0,0,0,0,1
139446,0,0,0,0,0,0,0,0,1
139447,0,0,0,0,0,0,0,0,1
139448,0,0,0,0,0,0,0,0,1
139449,0,0,0,0,0,0,0,0,1
139450,0,0,0,0,0,0,0,0,1
139451,0,0,0,0,0,0,0,0,1
139452,0,0,0,0,0,0,0,0,1
139453,0,0,0,0,0,0,0,0,1
139454,0,0,0,0,0,0,0,0,1
139455,0,0,0,0,0,0,0,0,1
139456,0,0,0,0,0,0,0,0,1
139457,0,0,0,0,0,0,0,0,1
139458,0,0,0,0,0,0,0,0,1
139459,0,0,0,0,0,0,0,0,1
139460,0,0,0,0,0,0,0,0,1
139461,0,0,0,0,0,0,0,0,1
139462,0,0,0,0,0,0,0,0,1
139463,0,0,0,0,0,0,0,0,1
139464,0,0,0,0,0,0,0,0,1
139465,0,0,0,0,0,0,0,0,1
139466,0,0,0,0,0,0,0,0,1
139467,0,0,0,0,0,0,0,0,1
139468,0,0,0,0,0,0,0,0,1
139469,0,0,0,0,0,0,0,0,1
139470,0,0,0,0,0,0,0,0,1
139471,0,0,0,0,0,0,0,0,1
139472,0,0,0,0,0,0,0,0,1
139473,0,0,0,0,0,0,0,0,1
139474,0,0,0,0,0,0,0,0,1
139475,0,0,0,0,0,0,0,0,1
139476,0,0,0,0,0,0,0,0,1
139477,0,0,0,0,0,0,0,0,1
139478,0,0,0,0,0,0,0,0,1
139479,0,0,0,0,0,0,0,0,1
139480,0,0,0,0,0,0,0,0,1
139481,0,0,0,0,0,0,0,0,1
139482,0,0,0,0,0,0,0,0,1
139483,0,0,0,0,0,0,0,0,1
139484,0,0,0,0,0,0,0,0,1
139485,0,0,0,0,0,0,0,0,1
139486,0,0,0,0,0,0,0,0,1
139487,0,0,0,0,0,0,0,0,1
139488,0,0,0,0,0,0,0,0,1
139489,0,0,0,0,0,0,0,0,1
139490,0,0,0,0,0,0,0,0,1
139491,0,0,0,0,0,0,0,0,1
139492,0,0,0,0,0,0,0,0,1
139493,0,0,0,0,0,0,0,0,1
139494,0,0,0,0,0,0,0,0,1
139495,0,0,0,0,0,0,0,0,1
139496,0,0,0,0,0,0,0,0,1
139497,0,0,0,0,0,0,0,0,1
139498,0,0,0,0,0,0,0,0,1
139499,0,0,0,0,0,0,0,0,1
139500,0,0,0,0,0,0,0,0,1
139501,0,0,0,0,0,0,0,0,1
139502,0,0,0,0,0,0,0,0,1
139503,0,0,0,0,0,0,0,0,1
139504,0,0,0,0,0,0,0,0,1
139505,0,0,0,0,0,0,0,0,1
139506,0,0,0,0,0,0,0,0,1
139507,0,0,0,0,0,0,0,0,1
139508,0,0,0,0,0,0,0,0,1
139509,0,0,0,0,0,0,0,0,1
139510,0,0,0,0,0,0,0,0,1
139511,0,0,0,0,0,0,0,0,1
139512,0,0,0,0,0,0,0,0,1
139513,0,0,0,0,0,0,0,0,1
139514,0,0,0,0,0,0,0,0,1
139515,0,0,0,0,0,0,0,0,1
139516,0,0,0,0,0,0,0,0,1
139517,0,0,0,0,0,0,0,0,1
139518,0,0,0,0,0,0,0,0,1
139519,0,0,0,0,0,0,0,0,1
139520,0,0,0,0,0,0,0,0,1
139521,0,0,0,0,0,0,0,0,1
139522,0,0,0,0,0,0,0,0,1
139523,0,0,0,0,0,0,0,0,1
139524,0,0,0,0,0,0,0,0,1
139525,0,0,0,0,0,0,0,0,1
139526,0,0,0,0,0,0,0,0,1
139527,0,0,0,0,0,0,0,0,1
139528,0,0,0,0,0,0,0,0,1
139529,0,0,0,0,0,0,0,0,1
139530,0,0,0,0,0,0,0,0,1
139531,0,0,0,0,0,0,0,0,1
139532,0,0,0,0,0,0,0,0,1
139533,0,0,0,0,0,0,0,0,1
139534,0,0,0,0,0,0,0,0,1
139535,0,0,0,0,0,0,0,0,1
139536,0,0,0,0,0,0,0,0,1
139537,0,0,0,0,0,0,0,0,1
139538,0,0,0,0,0,0,0,0,1
139539,0,0,0,0,0,0,0,0,1
139540,0,0,0,0,0,0,0,0,1
139541,0,0,0,0,0,0,0,0,1
139542,0,0,0,0,0,0,0,0,1
139543,0,0,0,0,0,0,0,0,1
139544,0,0,0,0,0,0,0,0,1
139545,0,0,0,0,0,0,0,0,1
139546,0,0,0,0,0,0,0,0,1
139547,0,0,0,0,0,0,0,0,1
139548,0,0,0,0,0,0,0,0,1
139549,0,0,0,0,0,0,0,0,1
139550,0,0,0,0,0,0,0,0,1
139551,0,0,0,0,0,0,0,0,1
139552,0,0,0,0,0,0,0,0,1
139553,0,0,0,0,0,0,0,0,1
139554,0,0,0,0,0,0,0,0,1
139555,0,0,0,0,0,0,0,0,1
139556,0,0,0,0,0,0,0,0,1
139557,0,0,0,0,0,0,0,0,1
139558,0,0,0,0,0,0,0,0,1
139559,0,0,0,0,0,0,0,0,1
139560,0,0,0,0,0,0,0,0,1
139561,0,0,0,0,0,0,0,0,1
139562,0,0,0,0,0,0,0,0,1
139563,0,0,0,0,0,0,0,0,1
139564,0,0,0,0,0,0,0,0,1
139565,0,0,0,0,0,0,0,0,1
139566,0,0,0,0,0,0,0,0,1
139567,0,0,0,0,0,0,0,0,1
139568,0,0,0,0,0,0,0,0,1
139569,0,0,0,0,0,0,0,0,1
139570,0,0,0,0,0,0,0,0,1
139571,0,0,0,0,0,0,0,0,1
139572,0,0,0,0,0,0,0,0,1
139573,0,0,0,0,0,0,0,0,1
139574,0,0,0,0,0,0,0,0,1
139575,0,0,0,0,0,0,0,0,1
139576,0,0,0,0,0,0,0,0,1
139577,0,0,0,0,0,0,0,0,1
139578,0,0,0,0,0,0,0,0,1
139579,0,0,0,0,0,0,0,0,1
139580,0,0,0,0,0,0,0,0,1
139581,0,0,0,0,0,0,0,0,1
139582,0,0,0,0,0,0,0,0,1
139583,0,0,0,0,0,0,0,0,1
139584,0,0,0,0,0,0,0,0,1
139585,0,0,0,0,0,0,0,0,1
139586,0,0,0,0,0,0,0,0,1
139587,0,0,0,0,0,0,0,0,1
139588,0,0,0,0,0,0,0,0,1
139589,0,0,0,0,0,0,0,0,1
139590,0,0,0,0,0,0,0,0,1
139591,0,0,0,0,0,0,0,0,1
139592,0,0,0,0,0,0,0,0,1
139593,0,0,0,0,0,0,0,0,1
139594,0,0,0,0,0,0,0,0,1
139595,0,0,0,0,0,0,0,0,1
139596,0,0,0,0,0,0,0,0,1
139597,0,0,0,0,0,0,0,0,1
139598,0,0,0,0,0,0,0,0,1
139599,0,0,0,0,0,0,0,0,1
139600,0,0,0,0,0,0,0,0,1
139601,0,0,0,0,0,0,0,0,1
139602,0,0,0,0,0,0,0,0,1
139603,0,0,0,0,0,0,0,0,1
139604,0,0,0,0,0,0,0,0,1
139605,0,0,0,0,0,0,0,0,1
139606,0,0,0,0,0,0,0,0,1
139607,0,0,0,0,0,0,0,0,1
139608,0,0,0,0,0,0,0,0,1
139609,0,0,0,0,0,0,0,0,1
139610,0,0,0,0,0,0,0,0,1
139611,0,0,0,0,0,0,0,0,1
139612,0,0,0,0,0,0,0,0,1
139613,0,0,0,0,0,0,0,0,1
139614,0,0,0,0,0,0,0,0,1
139615,0,0,0,0,0,0,0,0,1
139616,0,0,0,0,0,0,0,0,1
139617,0,0,0,0,0,0,0,0,1
139618,0,0,0,0,0,0,0,0,1
139619,0,0,0,0,0,0,0,0,1
139620,0,0,0,0,0,0,0,0,1
139621,0,0,0,0,0,0,0,0,1
139622,0,0,0,0,0,0,0,0,1
139623,0,0,0,0,0,0,0,0,1
139624,0,0,0,0,0,0,0,0,1
139625,0,0,0,0,0,0,0,0,1
139626,0,0,0,0,0,0,0,0,1
139627,0,0,0,0,0,0,0,0,1
139628,0,0,0,0,0,0,0,0,1
139629,0,0,0,0,0,0,0,0,1
139630,0,0,0,0,0,0,0,0,1
139631,0,0,0,0,0,0,0,0,1
139632,0,0,0,0,0,0,0,0,1
139633,0,0,0,0,0,0,0,0,1
139634,0,0,0,0,0,0,0,0,1
139635,0,0,0,0,0,0,0,0,1
139636,0,0,0,0,0,0,0,0,1
139637,0,0,0,0,0,0,0,0,1
139638,0,0,0,0,0,0,0,0,1
139639,0,0,0,0,0,0,0,0,1
139640,0,0,0,0,0,0,0,0,1
139641,0,0,0,0,0,0,0,0,1
139642,0,0,0,0,0,0,0,0,1
139643,0,0,0,0,0,0,0,0,1
139644,0,0,0,0,0,0,0,0,1
139645,0,0,0,0,0,0,0,0,1
139646,0,0,0,0,0,0,0,0,1
139647,0,0,0,0,0,0,0,0,1
139648,0,0,0,0,0,0,0,0,1
139649,0,0,0,0,0,0,0,0,1
139650,0,0,0,0,0,0,0,0,1
139651,0,0,0,0,0,0,0,0,1
139652,0,0,0,0,0,0,0,0,1
139653,0,0,0,0,0,0,0,0,1
139654,0,0,0,0,0,0,0,0,1
139655,0,0,0,0,0,0,0,0,1
139656,0,0,0,0,0,0,0,0,1
139657,0,0,0,0,0,0,0,0,1
139658,0,0,0,0,0,0,0,0,1
139659,0,0,0,0,0,0,0,0,1
139660,0,0,0,0,0,0,0,0,1
139661,0,0,0,0,0,0,0,0,1
139662,0,0,0,0,0,0,0,0,1
139663,0,0,0,0,0,0,0,0,1
139664,0,0,0,0,0,0,0,0,1
139665,0,0,0,0,0,0,0,0,1
139666,0,0,0,0,0,0,0,0,1
139667,0,0,0,0,0,0,0,0,1
139668,0,0,0,0,0,0,0,0,1
139669,0,0,0,0,0,0,0,0,1
139670,0,0,0,0,0,0,0,0,1
139671,0,0,0,0,0,0,0,0,1
139672,0,0,0,0,0,0,0,0,1
139673,0,0,0,0,0,0,0,0,1
139674,0,0,0,0,0,0,0,0,1
139675,0,0,0,0,0,0,0,0,1
139676,0,0,0,0,0,0,0,0,1
139677,0,0,0,0,0,0,0,0,1
139678,0,0,0,0,0,0,0,0,1
139679,0,0,0,0,0,0,0,0,1
139680,0,0,0,0,0,0,0,0,1
139681,0,0,0,0,0,0,0,0,1
139682,0,0,0,0,0,0,0,0,1
139683,0,0,0,0,0,0,0,0,1
139684,0,0,0,0,0,0,0,0,1
139685,0,0,0,0,0,0,0,0,1
139686,0,0,0,0,0,0,0,0,1
139687,0,0,0,0,0,0,0,0,1
139688,0,0,0,0,0,0,0,0,1
139689,0,0,0,0,0,0,0,0,1
139690,0,0,0,0,0,0,0,0,1
139691,0,0,0,0,0,0,0,0,1
139692,0,0,0,0,0,0,0,0,1
139693,0,0,0,0,0,0,0,0,1
139694,0,0,0,0,0,0,0,0,1
139695,0,0,0,0,0,0,0,0,1
139696,0,0,0,0,0,0,0,0,1
139697,0,0,0,0,0,0,0,0,1
139698,0,0,0,0,0,0,0,0,1
139699,0,0,0,0,0,0,0,0,1
139700,0,0,0,0,0,0,0,0,1
139701,0,0,0,0,0,0,0,0,1
139702,0,0,0,0,0,0,0,0,1
139703,0,0,0,0,0,0,0,0,1
139704,0,0,0,0,0,0,0,0,1
139705,0,0,0,0,0,0,0,0,1
139706,0,0,0,0,0,0,0,0,1
139707,0,0,0,0,0,0,0,0,1
139708,0,0,0,0,0,0,0,0,1
139709,0,0,0,0,0,0,0,0,1
139710,0,0,0,0,0,0,0,0,1
139711,0,0,0,0,0,0,0,0,1
139712,0,0,0,0,0,0,0,0,1
139713,0,0,0,0,0,0,0,0,1
139714,0,0,0,0,0,0,0,0,1
139715,0,0,0,0,0,0,0,0,1
139716,0,0,0,0,0,0,0,0,1
139717,0,0,0,0,0,0,0,0,1
139718,0,0,0,0,0,0,0,0,1
139719,0,0,0,0,0,0,0,0,1
139720,0,0,0,0,0,0,0,0,1
139721,0,0,0,0,0,0,0,0,1
139722,0,0,0,0,0,0,0,0,1
139723,0,0,0,0,0,0,0,0,1
139724,0,0,0,0,0,0,0,0,1
139725,0,0,0,0,0,0,0,0,1
139726,0,0,0,0,0,0,0,0,1
139727,0,0,0,0,0,0,0,0,1
139728,0,0,0,0,0,0,0,0,1
139729,0,0,0,0,0,0,0,0,1
139730,0,0,0,0,0,0,0,0,1
139731,0,0,0,0,0,0,0,0,1
139732,0,0,0,0,0,0,0,0,1
139733,0,0,0,0,0,0,0,0,1
139734,0,0,0,0,0,0,0,0,1
139735,0,0,0,0,0,0,0,0,1
139736,0,0,0,0,0,0,0,0,1
139737,0,0,0,0,0,0,0,0,1
139738,0,0,0,0,0,0,0,0,1
139739,0,0,0,0,0,0,0,0,1
139740,0,0,0,0,0,0,0,0,1
139741,0,0,0,0,0,0,0,0,1
139742,0,0,0,0,0,0,0,0,1
139743,0,0,0,0,0,0,0,0,1
139744,0,0,0,0,0,0,0,0,1
139745,0,0,0,0,0,0,0,0,1
139746,0,0,0,0,0,0,0,0,1
139747,0,0,0,0,0,0,0,0,1
139748,0,0,0,0,0,0,0,0,1
139749,0,0,0,0,0,0,0,0,1
139750,0,0,0,0,0,0,0,0,1
139751,0,0,0,0,0,0,0,0,1
139752,0,0,0,0,0,0,0,0,1
139753,0,0,0,0,0,0,0,0,1
139754,0,0,0,0,0,0,0,0,1
139755,0,0,0,0,0,0,0,0,1
139756,0,0,0,0,0,0,0,0,1
139757,0,0,0,0,0,0,0,0,1
139758,0,0,0,0,0,0,0,0,1
139759,0,0,0,0,0,0,0,0,1
139760,0,0,0,0,0,0,0,0,1
139761,0,0,0,0,0,0,0,0,1
139762,0,0,0,0,0,0,0,0,1
139763,0,0,0,0,0,0,0,0,1
139764,0,0,0,0,0,0,0,0,1
139765,0,0,0,0,0,0,0,0,1
139766,0,0,0,0,0,0,0,0,1
139767,0,0,0,0,0,0,0,0,1
139768,0,0,0,0,0,0,0,0,1
139769,0,0,0,0,0,0,0,0,1
139770,0,0,0,0,0,0,0,0,1
139771,0,0,0,0,0,0,0,0,1
139772,0,0,0,0,0,0,0,0,1
139773,0,0,0,0,0,0,0,0,1
139774,0,0,0,0,0,0,0,0,1
139775,0,0,0,0,0,0,0,0,1
139776,0,0,0,0,0,0,0,0,1
139777,0,0,0,0,0,0,0,0,1
139778,0,0,0,0,0,0,0,0,1
139779,0,0,0,0,0,0,0,0,1
139780,0,0,0,0,0,0,0,0,1
139781,0,0,0,0,0,0,0,0,1
139782,0,0,0,0,0,0,0,0,1
139783,0,0,0,0,0,0,0,0,1
139784,0,0,0,0,0,0,0,0,1
139785,0,0,0,0,0,0,0,0,1
139786,0,0,0,0,0,0,0,0,1
139787,0,0,0,0,0,0,0,0,1
139788,0,0,0,0,0,0,0,0,1
139789,0,0,0,0,0,0,0,0,1
139790,0,0,0,0,0,0,0,0,1
139791,0,0,0,0,0,0,0,0,1
139792,0,0,0,0,0,0,0,0,1
139793,0,0,0,0,0,0,0,0,1
139794,0,0,0,0,0,0,0,0,1
139795,0,0,0,0,0,0,0,0,1
139796,0,0,0,0,0,0,0,0,1
139797,0,0,0,0,0,0,0,0,1
139798,0,0,0,0,0,0,0,0,1
139799,0,0,0,0,0,0,0,0,1
139800,0,0,0,0,0,0,0,0,1
139801,0,0,0,0,0,0,0,0,1
139802,0,0,0,0,0,0,0,0,1
139803,0,0,0,0,0,0,0,0,1
139804,0,0,0,0,0,0,0,0,1
139805,0,0,0,0,0,0,0,0,1
139806,0,0,0,0,0,0,0,0,1
139807,0,0,0,0,0,0,0,0,1
139808,0,0,0,0,0,0,0,0,1
139809,0,0,0,0,0,0,0,0,1
139810,0,0,0,0,0,0,0,0,1
139811,0,0,0,0,0,0,0,0,1
139812,0,0,0,0,0,0,0,0,1
139813,0,0,0,0,0,0,0,0,1
139814,0,0,0,0,0,0,0,0,1
139815,0,0,0,0,0,0,0,0,1
139816,0,0,0,0,0,0,0,0,1
139817,0,0,0,0,0,0,0,0,1
139818,0,0,0,0,0,0,0,0,1
139819,0,0,0,0,0,0,0,0,1
139820,0,0,0,0,0,0,0,0,1
139821,0,0,0,0,0,0,0,0,1
139822,0,0,0,0,0,0,0,0,1
139823,0,0,0,0,0,0,0,0,1
139824,0,0,0,0,0,0,0,0,1
139825,0,0,0,0,0,0,0,0,1
139826,0,0,0,0,0,0,0,0,1
139827,0,0,0,0,0,0,0,0,1
139828,0,0,0,0,0,0,0,0,1
139829,0,0,0,0,0,0,0,0,1
139830,0,0,0,0,0,0,0,0,1
139831,0,0,0,0,0,0,0,0,1
139832,0,0,0,0,0,0,0,0,1
139833,0,0,0,0,0,0,0,0,1
139834,0,0,0,0,0,0,0,0,1
139835,0,0,0,0,0,0,0,0,1
139836,0,0,0,0,0,0,0,0,1
139837,0,0,0,0,0,0,0,0,1
139838,0,0,0,0,0,0,0,0,1
139839,0,0,0,0,0,0,0,0,1
139840,0,0,0,0,0,0,0,0,1
139841,0,0,0,0,0,0,0,0,1
139842,0,0,0,0,0,0,0,0,1
139843,0,0,0,0,0,0,0,0,1
139844,0,0,0,0,0,0,0,0,1
139845,0,0,0,0,0,0,0,0,1
139846,0,0,0,0,0,0,0,0,1
139847,0,0,0,0,0,0,0,0,1
139848,0,0,0,0,0,0,0,0,1
139849,0,0,0,0,0,0,0,0,1
139850,0,0,0,0,0,0,0,0,1
139851,0,0,0,0,0,0,0,0,1
139852,0,0,0,0,0,0,0,0,1
139853,0,0,0,0,0,0,0,0,1
139854,0,0,0,0,0,0,0,0,1
139855,0,0,0,0,0,0,0,0,1
139856,0,0,0,0,0,0,0,0,1
139857,0,0,0,0,0,0,0,0,1
139858,0,0,0,0,0,0,0,0,1
139859,0,0,0,0,0,0,0,0,1
139860,0,0,0,0,0,0,0,0,1
139861,0,0,0,0,0,0,0,0,1
139862,0,0,0,0,0,0,0,0,1
139863,0,0,0,0,0,0,0,0,1
139864,0,0,0,0,0,0,0,0,1
139865,0,0,0,0,0,0,0,0,1
139866,0,0,0,0,0,0,0,0,1
139867,0,0,0,0,0,0,0,0,1
139868,0,0,0,0,0,0,0,0,1
139869,0,0,0,0,0,0,0,0,1
139870,0,0,0,0,0,0,0,0,1
139871,0,0,0,0,0,0,0,0,1
139872,0,0,0,0,0,0,0,0,1
139873,0,0,0,0,0,0,0,0,1
139874,0,0,0,0,0,0,0,0,1
139875,0,0,0,0,0,0,0,0,1
139876,0,0,0,0,0,0,0,0,1
139877,0,0,0,0,0,0,0,0,1
139878,0,0,0,0,0,0,0,0,1
139879,0,0,0,0,0,0,0,0,1
139880,0,0,0,0,0,0,0,0,1
139881,0,0,0,0,0,0,0,0,1
139882,0,0,0,0,0,0,0,0,1
139883,0,0,0,0,0,0,0,0,1
139884,0,0,0,0,0,0,0,0,1
139885,0,0,0,0,0,0,0,0,1
139886,0,0,0,0,0,0,0,0,1
139887,0,0,0,0,0,0,0,0,1
139888,0,0,0,0,0,0,0,0,1
139889,0,0,0,0,0,0,0,0,1
139890,0,0,0,0,0,0,0,0,1
139891,0,0,0,0,0,0,0,0,1
139892,0,0,0,0,0,0,0,0,1
139893,0,0,0,0,0,0,0,0,1
139894,0,0,0,0,0,0,0,0,1
139895,0,0,0,0,0,0,0,0,1
139896,0,0,0,0,0,0,0,0,1
139897,0,0,0,0,0,0,0,0,1
139898,0,0,0,0,0,0,0,0,1
139899,0,0,0,0,0,0,0,0,1
139900,0,0,0,0,0,0,0,0,1
139901,0,0,0,0,0,0,0,0,1
139902,0,0,0,0,0,0,0,0,1
139903,0,0,0,0,0,0,0,0,1
139904,0,0,0,0,0,0,0,0,1
139905,0,0,0,0,0,0,0,0,1
139906,0,0,0,0,0,0,0,0,1
139907,0,0,0,0,0,0,0,0,1
139908,0,0,0,0,0,0,0,0,1
139909,0,0,0,0,0,0,0,0,1
139910,0,0,0,0,0,0,0,0,1
139911,0,0,0,0,0,0,0,0,1
139912,0,0,0,0,0,0,0,0,1
139913,0,0,0,0,0,0,0,0,1
139914,0,0,0,0,0,0,0,0,1
139915,0,0,0,0,0,0,0,0,1
139916,0,0,0,0,0,0,0,0,1
139917,0,0,0,0,0,0,0,0,1
139918,0,0,0,0,0,0,0,0,1
139919,0,0,0,0,0,0,0,0,1
139920,0,0,0,0,0,0,0,0,1
139921,0,0,0,0,0,0,0,0,1
139922,0,0,0,0,0,0,0,0,1
139923,0,0,0,0,0,0,0,0,1
139924,0,0,0,0,0,0,0,0,1
139925,0,0,0,0,0,0,0,0,1
139926,0,0,0,0,0,0,0,0,1
139927,0,0,0,0,0,0,0,0,1
139928,0,0,0,0,0,0,0,0,1
139929,0,0,0,0,0,0,0,0,1
139930,0,0,0,0,0,0,0,0,1
139931,0,0,0,0,0,0,0,0,1
139932,0,0,0,0,0,0,0,0,1
139933,0,0,0,0,0,0,0,0,1
139934,0,0,0,0,0,0,0,0,1
139935,0,0,0,0,0,0,0,0,1
139936,0,0,0,0,0,0,0,0,1
139937,0,0,0,0,0,0,0,0,1
139938,0,0,0,0,0,0,0,0,1
139939,0,0,0,0,0,0,0,0,1
139940,0,0,0,0,0,0,0,0,1
139941,0,0,0,0,0,0,0,0,1
139942,0,0,0,0,0,0,0,0,1
139943,0,0,0,0,0,0,0,0,1
139944,0,0,0,0,0,0,0,0,1
139945,0,0,0,0,0,0,0,0,1
139946,0,0,0,0,0,0,0,0,1
139947,0,0,0,0,0,0,0,0,1
139948,0,0,0,0,0,0,0,0,1
139949,0,0,0,0,0,0,0,0,1
139950,0,0,0,0,0,0,0,0,1
139951,0,0,0,0,0,0,0,0,1
139952,0,0,0,0,0,0,0,0,1
139953,0,0,0,0,0,0,0,0,1
139954,0,0,0,0,0,0,0,0,1
139955,0,0,0,0,0,0,0,0,1
139956,0,0,0,0,0,0,0,0,1
139957,0,0,0,0,0,0,0,0,1
139958,0,0,0,0,0,0,0,0,1
139959,0,0,0,0,0,0,0,0,1
139960,0,0,0,0,0,0,0,0,1
139961,0,0,0,0,0,0,0,0,1
139962,0,0,0,0,0,0,0,0,1
139963,0,0,0,0,0,0,0,0,1
139964,0,0,0,0,0,0,0,0,1
139965,0,0,0,0,0,0,0,0,1
139966,0,0,0,0,0,0,0,0,1
139967,0,0,0,0,0,0,0,0,1
139968,0,0,0,0,0,0,0,0,1
139969,0,0,0,0,0,0,0,0,1
139970,0,0,0,0,0,0,0,0,1
139971,0,0,0,0,0,0,0,0,1
139972,0,0,0,0,0,0,0,0,1
139973,0,0,0,0,0,0,0,0,1
139974,0,0,0,0,0,0,0,0,1
139975,0,0,0,0,0,0,0,0,1
139976,0,0,0,0,0,0,0,0,1
139977,0,0,0,0,0,0,0,0,1
139978,0,0,0,0,0,0,0,0,1
139979,0,0,0,0,0,0,0,0,1
139980,0,0,0,0,0,0,0,0,1
139981,0,0,0,0,0,0,0,0,1
139982,0,0,0,0,0,0,0,0,1
139983,0,0,0,0,0,0,0,0,1
139984,0,0,0,0,0,0,0,0,1
139985,0,0,0,0,0,0,0,0,1
139986,0,0,0,0,0,0,0,0,1
139987,0,0,0,0,0,0,0,0,1
139988,0,0,0,0,0,0,0,0,1
139989,0,0,0,0,0,0,0,0,1
139990,0,0,0,0,0,0,0,0,1
139991,0,0,0,0,0,0,0,0,1
139992,0,0,0,0,0,0,0,0,1
139993,0,0,0,0,0,0,0,0,1
139994,0,0,0,0,0,0,0,0,1
139995,0,0,0,0,0,0,0,0,1
139996,0,0,0,0,0,0,0,0,1
139997,0,0,0,0,0,0,0,0,1
139998,0,0,0,0,0,0,0,0,1
139999,0,0,0,0,0,0,0,0,1
140000,0,0,0,0,0,0,0,0,1
140001,0,0,0,0,0,0,0,0,1
140002,0,0,0,0,0,0,0,0,1
140003,0,0,0,0,0,0,0,0,1
140004,0,0,0,0,0,0,0,0,1
140005,0,0,0,0,0,0,0,0,1
140006,0,0,0,0,0,0,0,0,1
140007,0,0,0,0,0,0,0,0,1
140008,0,0,0,0,0,0,0,0,1
140009,0,0,0,0,0,0,0,0,1
140010,0,0,0,0,0,0,0,0,1
140011,0,0,0,0,0,0,0,0,1
140012,0,0,0,0,0,0,0,0,1
140013,0,0,0,0,0,0,0,0,1
140014,0,0,0,0,0,0,0,0,1
140015,0,0,0,0,0,0,0,0,1
140016,0,0,0,0,0,0,0,0,1
140017,0,0,0,0,0,0,0,0,1
140018,0,0,0,0,0,0,0,0,1
140019,0,0,0,0,0,0,0,0,1
140020,0,0,0,0,0,0,0,0,1
140021,0,0,0,0,0,0,0,0,1
140022,0,0,0,0,0,0,0,0,1
140023,0,0,0,0,0,0,0,0,1
140024,0,0,0,0,0,0,0,0,1
140025,0,0,0,0,0,0,0,0,1
140026,0,0,0,0,0,0,0,0,1
140027,0,0,0,0,0,0,0,0,1
140028,0,0,0,0,0,0,0,0,1
140029,0,0,0,0,0,0,0,0,1
140030,0,0,0,0,0,0,0,0,1
140031,0,0,0,0,0,0,0,0,1
140032,0,0,0,0,0,0,0,0,1
140033,0,0,0,0,0,0,0,0,1
140034,0,0,0,0,0,0,0,0,1
140035,0,0,0,0,0,0,0,0,1
140036,0,0,0,0,0,0,0,0,1
140037,0,0,0,0,0,0,0,0,1
140038,0,0,0,0,0,0,0,0,1
140039,0,0,0,0,0,0,0,0,1
140040,0,0,0,0,0,0,0,0,1
140041,0,0,0,0,0,0,0,0,1
140042,0,0,0,0,0,0,0,0,1
140043,0,0,0,0,0,0,0,0,1
140044,0,0,0,0,0,0,0,0,1
140045,0,0,0,0,0,0,0,0,1
140046,0,0,0,0,0,0,0,0,1
140047,0,0,0,0,0,0,0,0,1
140048,0,0,0,0,0,0,0,0,1
140049,0,0,0,0,0,0,0,0,1
140050,0,0,0,0,0,0,0,0,1
140051,0,0,0,0,0,0,0,0,1
140052,0,0,0,0,0,0,0,0,1
140053,0,0,0,0,0,0,0,0,1
140054,0,0,0,0,0,0,0,0,1
140055,0,0,0,0,0,0,0,0,1
140056,0,0,0,0,0,0,0,0,1
140057,0,0,0,0,0,0,0,0,1
140058,0,0,0,0,0,0,0,0,1
140059,0,0,0,0,0,0,0,0,1
140060,0,0,0,0,0,0,0,0,1
140061,0,0,0,0,0,0,0,0,1
140062,0,0,0,0,0,0,0,0,1
140063,0,0,0,0,0,0,0,0,1
140064,0,0,0,0,0,0,0,0,1
140065,0,0,0,0,0,0,0,0,1
140066,0,0,0,0,0,0,0,0,1
140067,0,0,0,0,0,0,0,0,1
140068,0,0,0,0,0,0,0,0,1
140069,0,0,0,0,0,0,0,0,1
140070,0,0,0,0,0,0,0,0,1
140071,0,0,0,0,0,0,0,0,1
140072,0,0,0,0,0,0,0,0,1
140073,0,0,0,0,0,0,0,0,1
140074,0,0,0,0,0,0,0,0,1
140075,0,0,0,0,0,0,0,0,1
140076,0,0,0,0,0,0,0,0,1
140077,0,0,0,0,0,0,0,0,1
140078,0,0,0,0,0,0,0,0,1
140079,0,0,0,0,0,0,0,0,1
140080,0,0,0,0,0,0,0,0,1
140081,0,0,0,0,0,0,0,0,1
140082,0,0,0,0,0,0,0,0,1
140083,0,0,0,0,0,0,0,0,1
140084,0,0,0,0,0,0,0,0,1
140085,0,0,0,0,0,0,0,0,1
140086,0,0,0,0,0,0,0,0,1
140087,0,0,0,0,0,0,0,0,1
140088,0,0,0,0,0,0,0,0,1
140089,0,0,0,0,0,0,0,0,1
140090,0,0,0,0,0,0,0,0,1
140091,0,0,0,0,0,0,0,0,1
140092,0,0,0,0,0,0,0,0,1
140093,0,0,0,0,0,0,0,0,1
140094,0,0,0,0,0,0,0,0,1
140095,0,0,0,0,0,0,0,0,1
140096,0,0,0,0,0,0,0,0,1
140097,0,0,0,0,0,0,0,0,1
140098,0,0,0,0,0,0,0,0,1
140099,0,0,0,0,0,0,0,0,1
140100,0,0,0,0,0,0,0,0,1
140101,0,0,0,0,0,0,0,0,1
140102,0,0,0,0,0,0,0,0,1
140103,0,0,0,0,0,0,0,0,1
140104,0,0,0,0,0,0,0,0,1
140105,0,0,0,0,0,0,0,0,1
140106,0,0,0,0,0,0,0,0,1
140107,0,0,0,0,0,0,0,0,1
140108,0,0,0,0,0,0,0,0,1
140109,0,0,0,0,0,0,0,0,1
140110,0,0,0,0,0,0,0,0,1
140111,0,0,0,0,0,0,0,0,1
140112,0,0,0,0,0,0,0,0,1
140113,0,0,0,0,0,0,0,0,1
140114,0,0,0,0,0,0,0,0,1
140115,0,0,0,0,0,0,0,0,1
140116,0,0,0,0,0,0,0,0,1
140117,0,0,0,0,0,0,0,0,1
140118,0,0,0,0,0,0,0,0,1
140119,0,0,0,0,0,0,0,0,1
140120,0,0,0,0,0,0,0,0,1
140121,0,0,0,0,0,0,0,0,1
140122,0,0,0,0,0,0,0,0,1
140123,0,0,0,0,0,0,0,0,1
140124,0,0,0,0,0,0,0,0,1
140125,0,0,0,0,0,0,0,0,1
140126,0,0,0,0,0,0,0,0,1
140127,0,0,0,0,0,0,0,0,1
140128,0,0,0,0,0,0,0,0,1
140129,0,0,0,0,0,0,0,0,1
140130,0,0,0,0,0,0,0,0,1
140131,0,0,0,0,0,0,0,0,1
140132,0,0,0,0,0,0,0,0,1
140133,0,0,0,0,0,0,0,0,1
140134,0,0,0,0,0,0,0,0,1
140135,0,0,0,0,0,0,0,0,1
140136,0,0,0,0,0,0,0,0,1
140137,0,0,0,0,0,0,0,0,1
140138,0,0,0,0,0,0,0,0,1
140139,0,0,0,0,0,0,0,0,1
140140,0,0,0,0,0,0,0,0,1
140141,0,0,0,0,0,0,0,0,1
140142,0,0,0,0,0,0,0,0,1
140143,0,0,0,0,0,0,0,0,1
140144,0,0,0,0,0,0,0,0,1
140145,0,0,0,0,0,0,0,0,1
140146,0,0,0,0,0,0,0,0,1
140147,0,0,0,0,0,0,0,0,1
140148,0,0,0,0,0,0,0,0,1
140149,0,0,0,0,0,0,0,0,1
140150,0,0,0,0,0,0,0,0,1
140151,0,0,0,0,0,0,0,0,1
140152,0,0,0,0,0,0,0,0,1
140153,0,0,0,0,0,0,0,0,1
140154,0,0,0,0,0,0,0,0,1
140155,0,0,0,0,0,0,0,0,1
140156,0,0,0,0,0,0,0,0,1
140157,0,0,0,0,0,0,0,0,1
140158,0,0,0,0,0,0,0,0,1
140159,0,0,0,0,0,0,0,0,1
140160,0,0,0,0,0,0,0,0,1
140161,0,0,0,0,0,0,0,0,1
140162,0,0,0,0,0,0,0,0,1
140163,0,0,0,0,0,0,0,0,1
140164,0,0,0,0,0,0,0,0,1
140165,0,0,0,0,0,0,0,0,1
140166,0,0,0,0,0,0,0,0,1
140167,0,0,0,0,0,0,0,0,1
140168,0,0,0,0,0,0,0,0,1
140169,0,0,0,0,0,0,0,0,1
140170,0,0,0,0,0,0,0,0,1
140171,0,0,0,0,0,0,0,0,1
140172,0,0,0,0,0,0,0,0,1
140173,0,0,0,0,0,0,0,0,1
140174,0,0,0,0,0,0,0,0,1
140175,0,0,0,0,0,0,0,0,1
140176,0,0,0,0,0,0,0,0,1
140177,0,0,0,0,0,0,0,0,1
140178,0,0,0,0,0,0,0,0,1
140179,0,0,0,0,0,0,0,0,1
140180,0,0,0,0,0,0,0,0,1
140181,0,0,0,0,0,0,0,0,1
140182,0,0,0,0,0,0,0,0,1
140183,0,0,0,0,0,0,0,0,1
140184,0,0,0,0,0,0,0,0,1
140185,0,0,0,0,0,0,0,0,1
140186,0,0,0,0,0,0,0,0,1
140187,0,0,0,0,0,0,0,0,1
140188,0,0,0,0,0,0,0,0,1
140189,0,0,0,0,0,0,0,0,1
140190,0,0,0,0,0,0,0,0,1
140191,0,0,0,0,0,0,0,0,1
140192,0,0,0,0,0,0,0,0,1
140193,0,0,0,0,0,0,0,0,1
140194,0,0,0,0,0,0,0,0,1
140195,0,0,0,0,0,0,0,0,1
140196,0,0,0,0,0,0,0,0,1
140197,0,0,0,0,0,0,0,0,1
140198,0,0,0,0,0,0,0,0,1
140199,0,0,0,0,0,0,0,0,1
140200,0,0,0,0,0,0,0,0,1
140201,0,0,0,0,0,0,0,0,1
140202,0,0,0,0,0,0,0,0,1
140203,0,0,0,0,0,0,0,0,1
140204,0,0,0,0,0,0,0,0,1
140205,0,0,0,0,0,0,0,0,1
140206,0,0,0,0,0,0,0,0,1
140207,0,0,0,0,0,0,0,0,1
140208,0,0,0,0,0,0,0,0,1
140209,0,0,0,0,0,0,0,0,1
140210,0,0,0,0,0,0,0,0,1
140211,0,0,0,0,0,0,0,0,1
140212,0,0,0,0,0,0,0,0,1
140213,0,0,0,0,0,0,0,0,1
140214,0,0,0,0,0,0,0,0,1
140215,0,0,0,0,0,0,0,0,1
140216,0,0,0,0,0,0,0,0,1
140217,0,0,0,0,0,0,0,0,1
140218,0,0,0,0,0,0,0,0,1
140219,0,0,0,0,0,0,0,0,1
140220,0,0,0,0,0,0,0,0,1
140221,0,0,0,0,0,0,0,0,1
140222,0,0,0,0,0,0,0,0,1
140223,0,0,0,0,0,0,0,0,1
140224,0,0,0,0,0,0,0,0,1
140225,0,0,0,0,0,0,0,0,1
140226,0,0,0,0,0,0,0,0,1
140227,0,0,0,0,0,0,0,0,1
140228,0,0,0,0,0,0,0,0,1
140229,0,0,0,0,0,0,0,0,1
140230,0,0,0,0,0,0,0,0,1
140231,0,0,0,0,0,0,0,0,1
140232,0,0,0,0,0,0,0,0,1
140233,0,0,0,0,0,0,0,0,1
140234,0,0,0,0,0,0,0,0,1
140235,0,0,0,0,0,0,0,0,1
140236,0,0,0,0,0,0,0,0,1
140237,0,0,0,0,0,0,0,0,1
140238,0,0,0,0,0,0,0,0,1
140239,0,0,0,0,0,0,0,0,1
140240,0,0,0,0,0,0,0,0,1
140241,0,0,0,0,0,0,0,0,1
140242,0,0,0,0,0,0,0,0,1
140243,0,0,0,0,0,0,0,0,1
140244,0,0,0,0,0,0,0,0,1
140245,0,0,0,0,0,0,0,0,1
140246,0,0,0,0,0,0,0,0,1
140247,0,0,0,0,0,0,0,0,1
140248,0,0,0,0,0,0,0,0,1
140249,0,0,0,0,0,0,0,0,1
140250,0,0,0,0,0,0,0,0,1
140251,0,0,0,0,0,0,0,0,1
140252,0,0,0,0,0,0,0,0,1
140253,0,0,0,0,0,0,0,0,1
140254,0,0,0,0,0,0,0,0,1
140255,0,0,0,0,0,0,0,0,1
140256,0,0,0,0,0,0,0,0,1
140257,0,0,0,0,0,0,0,0,1
140258,0,0,0,0,0,0,0,0,1
140259,0,0,0,0,0,0,0,0,1
140260,0,0,0,0,0,0,0,0,1
140261,0,0,0,0,0,0,0,0,1
140262,0,0,0,0,0,0,0,0,1
140263,0,0,0,0,0,0,0,0,1
140264,0,0,0,0,0,0,0,0,1
140265,0,0,0,0,0,0,0,0,1
140266,0,0,0,0,0,0,0,0,1
140267,0,0,0,0,0,0,0,0,1
140268,0,0,0,0,0,0,0,0,1
140269,0,0,0,0,0,0,0,0,1
140270,0,0,0,0,0,0,0,0,1
140271,0,0,0,0,0,0,0,0,1
140272,0,0,0,0,0,0,0,0,1
140273,0,0,0,0,0,0,0,0,1
140274,0,0,0,0,0,0,0,0,1
140275,0,0,0,0,0,0,0,0,1
140276,0,0,0,0,0,0,0,0,1
140277,0,0,0,0,0,0,0,0,1
140278,0,0,0,0,0,0,0,0,1
140279,0,0,0,0,0,0,0,0,1
140280,0,0,0,0,0,0,0,0,1
140281,0,0,0,0,0,0,0,0,1
140282,0,0,0,0,0,0,0,0,1
140283,0,0,0,0,0,0,0,0,1
140284,0,0,0,0,0,0,0,0,1
140285,0,0,0,0,0,0,0,0,1
140286,0,0,0,0,0,0,0,0,1
140287,0,0,0,0,0,0,0,0,1
140288,0,0,0,0,0,0,0,0,1
140289,0,0,0,0,0,0,0,0,1
140290,0,0,0,0,0,0,0,0,1
140291,0,0,0,0,0,0,0,0,1
140292,0,0,0,0,0,0,0,0,1
140293,0,0,0,0,0,0,0,0,1
140294,0,0,0,0,0,0,0,0,1
140295,0,0,0,0,0,0,0,0,1
140296,0,0,0,0,0,0,0,0,1
140297,0,0,0,0,0,0,0,0,1
140298,0,0,0,0,0,0,0,0,1
140299,0,0,0,0,0,0,0,0,1
140300,0,0,0,0,0,0,0,0,1
140301,0,0,0,0,0,0,0,0,1
140302,0,0,0,0,0,0,0,0,1
140303,0,0,0,0,0,0,0,0,1
140304,0,0,0,0,0,0,0,0,1
140305,0,0,0,0,0,0,0,0,1
140306,0,0,0,0,0,0,0,0,1
140307,0,0,0,0,0,0,0,0,1
140308,0,0,0,0,0,0,0,0,1
140309,0,0,0,0,0,0,0,0,1
140310,0,0,0,0,0,0,0,0,1
140311,0,0,0,0,0,0,0,0,1
140312,0,0,0,0,0,0,0,0,1
140313,0,0,0,0,0,0,0,0,1
140314,0,0,0,0,0,0,0,0,1
140315,0,0,0,0,0,0,0,0,1
140316,0,0,0,0,0,0,0,0,1
140317,0,0,0,0,0,0,0,0,1
140318,0,0,0,0,0,0,0,0,1
140319,0,0,0,0,0,0,0,0,1
140320,0,0,0,0,0,0,0,0,1
140321,0,0,0,0,0,0,0,0,1
140322,0,0,0,0,0,0,0,0,1
140323,0,0,0,0,0,0,0,0,1
140324,0,0,0,0,0,0,0,0,1
140325,0,0,0,0,0,0,0,0,1
140326,0,0,0,0,0,0,0,0,1
140327,0,0,0,0,0,0,0,0,1
140328,0,0,0,0,0,0,0,0,1
140329,0,0,0,0,0,0,0,0,1
140330,0,0,0,0,0,0,0,0,1
140331,0,0,0,0,0,0,0,0,1
140332,0,0,0,0,0,0,0,0,1
140333,0,0,0,0,0,0,0,0,1
140334,0,0,0,0,0,0,0,0,1
140335,0,0,0,0,0,0,0,0,1
140336,0,0,0,0,0,0,0,0,1
140337,0,0,0,0,0,0,0,0,1
140338,0,0,0,0,0,0,0,0,1
140339,0,0,0,0,0,0,0,0,1
140340,0,0,0,0,0,0,0,0,1
140341,0,0,0,0,0,0,0,0,1
140342,0,0,0,0,0,0,0,0,1
140343,0,0,0,0,0,0,0,0,1
140344,0,0,0,0,0,0,0,0,1
140345,0,0,0,0,0,0,0,0,1
140346,0,0,0,0,0,0,0,0,1
140347,0,0,0,0,0,0,0,0,1
140348,0,0,0,0,0,0,0,0,1
140349,0,0,0,0,0,0,0,0,1
140350,0,0,0,0,0,0,0,0,1
140351,0,0,0,0,0,0,0,0,1
140352,0,0,0,0,0,0,0,0,1
140353,0,0,0,0,0,0,0,0,1
140354,0,0,0,0,0,0,0,0,1
140355,0,0,0,0,0,0,0,0,1
140356,0,0,0,0,0,0,0,0,1
140357,0,0,0,0,0,0,0,0,1
140358,0,0,0,0,0,0,0,0,1
140359,0,0,0,0,0,0,0,0,1
140360,0,0,0,0,0,0,0,0,1
140361,0,0,0,0,0,0,0,0,1
140362,0,0,0,0,0,0,0,0,1
140363,0,0,0,0,0,0,0,0,1
140364,0,0,0,0,0,0,0,0,1
140365,0,0,0,0,0,0,0,0,1
140366,0,0,0,0,0,0,0,0,1
140367,0,0,0,0,0,0,0,0,1
140368,0,0,0,0,0,0,0,0,1
140369,0,0,0,0,0,0,0,0,1
140370,0,0,0,0,0,0,0,0,1
140371,0,0,0,0,0,0,0,0,1
140372,0,0,0,0,0,0,0,0,1
140373,0,0,0,0,0,0,0,0,1
140374,0,0,0,0,0,0,0,0,1
140375,0,0,0,0,0,0,0,0,1
140376,0,0,0,0,0,0,0,0,1
140377,0,0,0,0,0,0,0,0,1
140378,0,0,0,0,0,0,0,0,1
140379,0,0,0,0,0,0,0,0,1
140380,0,0,0,0,0,0,0,0,1
140381,0,0,0,0,0,0,0,0,1
140382,0,0,0,0,0,0,0,0,1
140383,0,0,0,0,0,0,0,0,1
140384,0,0,0,0,0,0,0,0,1
140385,0,0,0,0,0,0,0,0,1
140386,0,0,0,0,0,0,0,0,1
140387,0,0,0,0,0,0,0,0,1
140388,0,0,0,0,0,0,0,0,1
140389,0,0,0,0,0,0,0,0,1
140390,0,0,0,0,0,0,0,0,1
140391,0,0,0,0,0,0,0,0,1
140392,0,0,0,0,0,0,0,0,1
140393,0,0,0,0,0,0,0,0,1
140394,0,0,0,0,0,0,0,0,1
140395,0,0,0,0,0,0,0,0,1
140396,0,0,0,0,0,0,0,0,1
140397,0,0,0,0,0,0,0,0,1
140398,0,0,0,0,0,0,0,0,1
140399,0,0,0,0,0,0,0,0,1
140400,0,0,0,0,0,0,0,0,1
140401,0,0,0,0,0,0,0,0,1
140402,0,0,0,0,0,0,0,0,1
140403,0,0,0,0,0,0,0,0,1
140404,0,0,0,0,0,0,0,0,1
140405,0,0,0,0,0,0,0,0,1
140406,0,0,0,0,0,0,0,0,1
140407,0,0,0,0,0,0,0,0,1
140408,0,0,0,0,0,0,0,0,1
140409,0,0,0,0,0,0,0,0,1
140410,0,0,0,0,0,0,0,0,1
140411,0,0,0,0,0,0,0,0,1
140412,0,0,0,0,0,0,0,0,1
140413,0,0,0,0,0,0,0,0,1
140414,0,0,0,0,0,0,0,0,1
140415,0,0,0,0,0,0,0,0,1
140416,0,0,0,0,0,0,0,0,1
140417,0,0,0,0,0,0,0,0,1
140418,0,0,0,0,0,0,0,0,1
140419,0,0,0,0,0,0,0,0,1
140420,0,0,0,0,0,0,0,0,1
140421,0,0,0,0,0,0,0,0,1
140422,0,0,0,0,0,0,0,0,1
140423,0,0,0,0,0,0,0,0,1
140424,0,0,0,0,0,0,0,0,1
140425,0,0,0,0,0,0,0,0,1
140426,0,0,0,0,0,0,0,0,1
140427,0,0,0,0,0,0,0,0,1
140428,0,0,0,0,0,0,0,0,1
140429,0,0,0,0,0,0,0,0,1
140430,0,0,0,0,0,0,0,0,1
140431,0,0,0,0,0,0,0,0,1
140432,0,0,0,0,0,0,0,0,1
140433,0,0,0,0,0,0,0,0,1
140434,0,0,0,0,0,0,0,0,1
140435,0,0,0,0,0,0,0,0,1
140436,0,0,0,0,0,0,0,0,1
140437,0,0,0,0,0,0,0,0,1
140438,0,0,0,0,0,0,0,0,1
140439,0,0,0,0,0,0,0,0,1
140440,0,0,0,0,0,0,0,0,1
140441,0,0,0,0,0,0,0,0,1
140442,0,0,0,0,0,0,0,0,1
140443,0,0,0,0,0,0,0,0,1
140444,0,0,0,0,0,0,0,0,1
140445,0,0,0,0,0,0,0,0,1
140446,0,0,0,0,0,0,0,0,1
140447,0,0,0,0,0,0,0,0,1
140448,0,0,0,0,0,0,0,0,1
140449,0,0,0,0,0,0,0,0,1
140450,0,0,0,0,0,0,0,0,1
140451,0,0,0,0,0,0,0,0,1
140452,0,0,0,0,0,0,0,0,1
140453,0,0,0,0,0,0,0,0,1
140454,0,0,0,0,0,0,0,0,1
140455,0,0,0,0,0,0,0,0,1
140456,0,0,0,0,0,0,0,0,1
140457,0,0,0,0,0,0,0,0,1
140458,0,0,0,0,0,0,0,0,1
140459,0,0,0,0,0,0,0,0,1
140460,0,0,0,0,0,0,0,0,1
140461,0,0,0,0,0,0,0,0,1
140462,0,0,0,0,0,0,0,0,1
140463,0,0,0,0,0,0,0,0,1
140464,0,0,0,0,0,0,0,0,1
140465,0,0,0,0,0,0,0,0,1
140466,0,0,0,0,0,0,0,0,1
140467,0,0,0,0,0,0,0,0,1
140468,0,0,0,0,0,0,0,0,1
140469,0,0,0,0,0,0,0,0,1
140470,0,0,0,0,0,0,0,0,1
140471,0,0,0,0,0,0,0,0,1
140472,0,0,0,0,0,0,0,0,1
140473,0,0,0,0,0,0,0,0,1
140474,0,0,0,0,0,0,0,0,1
140475,0,0,0,0,0,0,0,0,1
140476,0,0,0,0,0,0,0,0,1
140477,0,0,0,0,0,0,0,0,1
140478,0,0,0,0,0,0,0,0,1
140479,0,0,0,0,0,0,0,0,1
140480,0,0,0,0,0,0,0,0,1
140481,0,0,0,0,0,0,0,0,1
140482,0,0,0,0,0,0,0,0,1
140483,0,0,0,0,0,0,0,0,1
140484,0,0,0,0,0,0,0,0,1
140485,0,0,0,0,0,0,0,0,1
140486,0,0,0,0,0,0,0,0,1
140487,0,0,0,0,0,0,0,0,1
140488,0,0,0,0,0,0,0,0,1
140489,0,0,0,0,0,0,0,0,1
140490,0,0,0,0,0,0,0,0,1
140491,0,0,0,0,0,0,0,0,1
140492,0,0,0,0,0,0,0,0,1
140493,0,0,0,0,0,0,0,0,1
140494,0,0,0,0,0,0,0,0,1
140495,0,0,0,0,0,0,0,0,1
140496,0,0,0,0,0,0,0,0,1
140497,0,0,0,0,0,0,0,0,1
140498,0,0,0,0,0,0,0,0,1
140499,0,0,0,0,0,0,0,0,1
140500,0,0,0,0,0,0,0,0,1
140501,0,0,0,0,0,0,0,0,1
140502,0,0,0,0,0,0,0,0,1
140503,0,0,0,0,0,0,0,0,1
140504,0,0,0,0,0,0,0,0,1
140505,0,0,0,0,0,0,0,0,1
140506,0,0,0,0,0,0,0,0,1
140507,0,0,0,0,0,0,0,0,1
140508,0,0,0,0,0,0,0,0,1
140509,0,0,0,0,0,0,0,0,1
140510,0,0,0,0,0,0,0,0,1
140511,0,0,0,0,0,0,0,0,1
140512,0,0,0,0,0,0,0,0,1
140513,0,0,0,0,0,0,0,0,1
140514,0,0,0,0,0,0,0,0,1
140515,0,0,0,0,0,0,0,0,1
140516,0,0,0,0,0,0,0,0,1
140517,0,0,0,0,0,0,0,0,1
140518,0,0,0,0,0,0,0,0,1
140519,0,0,0,0,0,0,0,0,1
140520,0,0,0,0,0,0,0,0,1
140521,0,0,0,0,0,0,0,0,1
140522,0,0,0,0,0,0,0,0,1
140523,0,0,0,0,0,0,0,0,1
140524,0,0,0,0,0,0,0,0,1
140525,0,0,0,0,0,0,0,0,1
140526,0,0,0,0,0,0,0,0,1
140527,0,0,0,0,0,0,0,0,1
140528,0,0,0,0,0,0,0,0,1
140529,0,0,0,0,0,0,0,0,1
140530,0,0,0,0,0,0,0,0,1
140531,0,0,0,0,0,0,0,0,1
140532,0,0,0,0,0,0,0,0,1
140533,0,0,0,0,0,0,0,0,1
140534,0,0,0,0,0,0,0,0,1
140535,0,0,0,0,0,0,0,0,1
140536,0,0,0,0,0,0,0,0,1
140537,0,0,0,0,0,0,0,0,1
140538,0,0,0,0,0,0,0,0,1
140539,0,0,0,0,0,0,0,0,1
140540,0,0,0,0,0,0,0,0,1
140541,0,0,0,0,0,0,0,0,1
140542,0,0,0,0,0,0,0,0,1
140543,0,0,0,0,0,0,0,0,1
140544,0,0,0,0,0,0,0,0,1
140545,0,0,0,0,0,0,0,0,1
140546,0,0,0,0,0,0,0,0,1
140547,0,0,0,0,0,0,0,0,1
140548,0,0,0,0,0,0,0,0,1
140549,0,0,0,0,0,0,0,0,1
140550,0,0,0,0,0,0,0,0,1
140551,0,0,0,0,0,0,0,0,1
140552,0,0,0,0,0,0,0,0,1
140553,0,0,0,0,0,0,0,0,1
140554,0,0,0,0,0,0,0,0,1
140555,0,0,0,0,0,0,0,0,1
140556,0,0,0,0,0,0,0,0,1
140557,0,0,0,0,0,0,0,0,1
140558,0,0,0,0,0,0,0,0,1
140559,0,0,0,0,0,0,0,0,1
140560,0,0,0,0,0,0,0,0,1
140561,0,0,0,0,0,0,0,0,1
140562,0,0,0,0,0,0,0,0,1
140563,0,0,0,0,0,0,0,0,1
140564,0,0,0,0,0,0,0,0,1
140565,0,0,0,0,0,0,0,0,1
140566,0,0,0,0,0,0,0,0,1
140567,0,0,0,0,0,0,0,0,1
140568,0,0,0,0,0,0,0,0,1
140569,0,0,0,0,0,0,0,0,1
140570,0,0,0,0,0,0,0,0,1
140571,0,0,0,0,0,0,0,0,1
140572,0,0,0,0,0,0,0,0,1
140573,0,0,0,0,0,0,0,0,1
140574,0,0,0,0,0,0,0,0,1
140575,0,0,0,0,0,0,0,0,1
140576,0,0,0,0,0,0,0,0,1
140577,0,0,0,0,0,0,0,0,1
140578,0,0,0,0,0,0,0,0,1
140579,0,0,0,0,0,0,0,0,1
140580,0,0,0,0,0,0,0,0,1
140581,0,0,0,0,0,0,0,0,1
140582,0,0,0,0,0,0,0,0,1
140583,0,0,0,0,0,0,0,0,1
140584,0,0,0,0,0,0,0,0,1
140585,0,0,0,0,0,0,0,0,1
140586,0,0,0,0,0,0,0,0,1
140587,0,0,0,0,0,0,0,0,1
140588,0,0,0,0,0,0,0,0,1
140589,0,0,0,0,0,0,0,0,1
140590,0,0,0,0,0,0,0,0,1
140591,0,0,0,0,0,0,0,0,1
140592,0,0,0,0,0,0,0,0,1
140593,0,0,0,0,0,0,0,0,1
140594,0,0,0,0,0,0,0,0,1
140595,0,0,0,0,0,0,0,0,1
140596,0,0,0,0,0,0,0,0,1
140597,0,0,0,0,0,0,0,0,1
140598,0,0,0,0,0,0,0,0,1
140599,0,0,0,0,0,0,0,0,1
140600,0,0,0,0,0,0,0,0,1
140601,0,0,0,0,0,0,0,0,1
140602,0,0,0,0,0,0,0,0,1
140603,0,0,0,0,0,0,0,0,1
140604,0,0,0,0,0,0,0,0,1
140605,0,0,0,0,0,0,0,0,1
140606,0,0,0,0,0,0,0,0,1
140607,0,0,0,0,0,0,0,0,1
140608,0,0,0,0,0,0,0,0,1
140609,0,0,0,0,0,0,0,0,1
140610,0,0,0,0,0,0,0,0,1
140611,0,0,0,0,0,0,0,0,1
140612,0,0,0,0,0,0,0,0,1
140613,0,0,0,0,0,0,0,0,1
140614,0,0,0,0,0,0,0,0,1
140615,0,0,0,0,0,0,0,0,1
140616,0,0,0,0,0,0,0,0,1
140617,0,0,0,0,0,0,0,0,1
140618,0,0,0,0,0,0,0,0,1
140619,0,0,0,0,0,0,0,0,1
140620,0,0,0,0,0,0,0,0,1
140621,0,0,0,0,0,0,0,0,1
140622,0,0,0,0,0,0,0,0,1
140623,0,0,0,0,0,0,0,0,1
140624,0,0,0,0,0,0,0,0,1
140625,0,0,0,0,0,0,0,0,1
140626,0,0,0,0,0,0,0,0,1
140627,0,0,0,0,0,0,0,0,1
140628,0,0,0,0,0,0,0,0,1
140629,0,0,0,0,0,0,0,0,1
140630,0,0,0,0,0,0,0,0,1
140631,0,0,0,0,0,0,0,0,1
140632,0,0,0,0,0,0,0,0,1
140633,0,0,0,0,0,0,0,0,1
140634,0,0,0,0,0,0,0,0,1
140635,0,0,0,0,0,0,0,0,1
140636,0,0,0,0,0,0,0,0,1
140637,0,0,0,0,0,0,0,0,1
140638,0,0,0,0,0,0,0,0,1
140639,0,0,0,0,0,0,0,0,1
140640,0,0,0,0,0,0,0,0,1
140641,0,0,0,0,0,0,0,0,1
140642,0,0,0,0,0,0,0,0,1
140643,0,0,0,0,0,0,0,0,1
140644,0,0,0,0,0,0,0,0,1
140645,0,0,0,0,0,0,0,0,1
140646,0,0,0,0,0,0,0,0,1
140647,0,0,0,0,0,0,0,0,1
140648,0,0,0,0,0,0,0,0,1
140649,0,0,0,0,0,0,0,0,1
140650,0,0,0,0,0,0,0,0,1
140651,0,0,0,0,0,0,0,0,1
140652,0,0,0,0,0,0,0,0,1
140653,0,0,0,0,0,0,0,0,1
140654,0,0,0,0,0,0,0,0,1
140655,0,0,0,0,0,0,0,0,1
140656,0,0,0,0,0,0,0,0,1
140657,0,0,0,0,0,0,0,0,1
140658,0,0,0,0,0,0,0,0,1
140659,0,0,0,0,0,0,0,0,1
140660,0,0,0,0,0,0,0,0,1
140661,0,0,0,0,0,0,0,0,1
140662,0,0,0,0,0,0,0,0,1
140663,0,0,0,0,0,0,0,0,1
140664,0,0,0,0,0,0,0,0,1
140665,0,0,0,0,0,0,0,0,1
140666,0,0,0,0,0,0,0,0,1
140667,0,0,0,0,0,0,0,0,1
140668,0,0,0,0,0,0,0,0,1
140669,0,0,0,0,0,0,0,0,1
140670,0,0,0,0,0,0,0,0,1
140671,0,0,0,0,0,0,0,0,1
140672,0,0,0,0,0,0,0,0,1
140673,0,0,0,0,0,0,0,0,1
140674,0,0,0,0,0,0,0,0,1
140675,0,0,0,0,0,0,0,0,1
140676,0,0,0,0,0,0,0,0,1
140677,0,0,0,0,0,0,0,0,1
140678,0,0,0,0,0,0,0,0,1
140679,0,0,0,0,0,0,0,0,1
140680,0,0,0,0,0,0,0,0,1
140681,0,0,0,0,0,0,0,0,1
140682,0,0,0,0,0,0,0,0,1
140683,0,0,0,0,0,0,0,0,1
140684,0,0,0,0,0,0,0,0,1
140685,0,0,0,0,0,0,0,0,1
140686,0,0,0,0,0,0,0,0,1
140687,0,0,0,0,0,0,0,0,1
140688,0,0,0,0,0,0,0,0,1
140689,0,0,0,0,0,0,0,0,1
140690,0,0,0,0,0,0,0,0,1
140691,0,0,0,0,0,0,0,0,1
140692,0,0,0,0,0,0,0,0,1
140693,0,0,0,0,0,0,0,0,1
140694,0,0,0,0,0,0,0,0,1
140695,0,0,0,0,0,0,0,0,1
140696,0,0,0,0,0,0,0,0,1
140697,0,0,0,0,0,0,0,0,1
140698,0,0,0,0,0,0,0,0,1
140699,0,0,0,0,0,0,0,0,1
140700,0,0,0,0,0,0,0,0,1
140701,0,0,0,0,0,0,0,0,1
140702,0,0,0,0,0,0,0,0,1
140703,0,0,0,0,0,0,0,0,1
140704,0,0,0,0,0,0,0,0,1
140705,0,0,0,0,0,0,0,0,1
140706,0,0,0,0,0,0,0,0,1
140707,0,0,0,0,0,0,0,0,1
140708,0,0,0,0,0,0,0,0,1
140709,0,0,0,0,0,0,0,0,1
140710,0,0,0,0,0,0,0,0,1
140711,0,0,0,0,0,0,0,0,1
140712,0,0,0,0,0,0,0,0,1
140713,0,0,0,0,0,0,0,0,1
140714,0,0,0,0,0,0,0,0,1
140715,0,0,0,0,0,0,0,0,1
140716,0,0,0,0,0,0,0,0,1
140717,0,0,0,0,0,0,0,0,1
140718,0,0,0,0,0,0,0,0,1
140719,0,0,0,0,0,0,0,0,1
140720,0,0,0,0,0,0,0,0,1
140721,0,0,0,0,0,0,0,0,1
140722,0,0,0,0,0,0,0,0,1
140723,0,0,0,0,0,0,0,0,1
140724,0,0,0,0,0,0,0,0,1
140725,0,0,0,0,0,0,0,0,1
140726,0,0,0,0,0,0,0,0,1
140727,0,0,0,0,0,0,0,0,1
140728,0,0,0,0,0,0,0,0,1
140729,0,0,0,0,0,0,0,0,1
140730,0,0,0,0,0,0,0,0,1
140731,0,0,0,0,0,0,0,0,1
140732,0,0,0,0,0,0,0,0,1
140733,0,0,0,0,0,0,0,0,1
140734,0,0,0,0,0,0,0,0,1
140735,0,0,0,0,0,0,0,0,1
140736,0,0,0,0,0,0,0,0,1
140737,0,0,0,0,0,0,0,0,1
140738,0,0,0,0,0,0,0,0,1
140739,0,0,0,0,0,0,0,0,1
140740,0,0,0,0,0,0,0,0,1
140741,0,0,0,0,0,0,0,0,1
140742,0,0,0,0,0,0,0,0,1
140743,0,0,0,0,0,0,0,0,1
140744,0,0,0,0,0,0,0,0,1
140745,0,0,0,0,0,0,0,0,1
140746,0,0,0,0,0,0,0,0,1
140747,0,0,0,0,0,0,0,0,1
140748,0,0,0,0,0,0,0,0,1
140749,0,0,0,0,0,0,0,0,1
140750,0,0,0,0,0,0,0,0,1
140751,0,0,0,0,0,0,0,0,1
140752,0,0,0,0,0,0,0,0,1
140753,0,0,0,0,0,0,0,0,1
140754,0,0,0,0,0,0,0,0,1
140755,0,0,0,0,0,0,0,0,1
140756,0,0,0,0,0,0,0,0,1
140757,0,0,0,0,0,0,0,0,1
140758,0,0,0,0,0,0,0,0,1
140759,0,0,0,0,0,0,0,0,1
140760,0,0,0,0,0,0,0,0,1
140761,0,0,0,0,0,0,0,0,1
140762,0,0,0,0,0,0,0,0,1
140763,0,0,0,0,0,0,0,0,1
140764,0,0,0,0,0,0,0,0,1
140765,0,0,0,0,0,0,0,0,1
140766,0,0,0,0,0,0,0,0,1
140767,0,0,0,0,0,0,0,0,1
140768,0,0,0,0,0,0,0,0,1
140769,0,0,0,0,0,0,0,0,1
140770,0,0,0,0,0,0,0,0,1
140771,0,0,0,0,0,0,0,0,1
140772,0,0,0,0,0,0,0,0,1
140773,0,0,0,0,0,0,0,0,1
140774,0,0,0,0,0,0,0,0,1
140775,0,0,0,0,0,0,0,0,1
140776,0,0,0,0,0,0,0,0,1
140777,0,0,0,0,0,0,0,0,1
140778,0,0,0,0,0,0,0,0,1
140779,0,0,0,0,0,0,0,0,1
140780,0,0,0,0,0,0,0,0,1
140781,0,0,0,0,0,0,0,0,1
140782,0,0,0,0,0,0,0,0,1
140783,0,0,0,0,0,0,0,0,1
140784,0,0,0,0,0,0,0,0,1
140785,0,0,0,0,0,0,0,0,1
140786,0,0,0,0,0,0,0,0,1
140787,0,0,0,0,0,0,0,0,1
140788,0,0,0,0,0,0,0,0,1
140789,0,0,0,0,0,0,0,0,1
140790,0,0,0,0,0,0,0,0,1
140791,0,0,0,0,0,0,0,0,1
140792,0,0,0,0,0,0,0,0,1
140793,0,0,0,0,0,0,0,0,1
140794,0,0,0,0,0,0,0,0,1
140795,0,0,0,0,0,0,0,0,1
140796,0,0,0,0,0,0,0,0,1
140797,0,0,0,0,0,0,0,0,1
140798,0,0,0,0,0,0,0,0,1
140799,0,0,0,0,0,0,0,0,1
140800,0,0,0,0,0,0,0,0,1
140801,0,0,0,0,0,0,0,0,1
140802,0,0,0,0,0,0,0,0,1
140803,0,0,0,0,0,0,0,0,1
140804,0,0,0,0,0,0,0,0,1
140805,0,0,0,0,0,0,0,0,1
140806,0,0,0,0,0,0,0,0,1
140807,0,0,0,0,0,0,0,0,1
140808,0,0,0,0,0,0,0,0,1
140809,0,0,0,0,0,0,0,0,1
140810,0,0,0,0,0,0,0,0,1
140811,0,0,0,0,0,0,0,0,1
140812,0,0,0,0,0,0,0,0,1
140813,0,0,0,0,0,0,0,0,1
140814,0,0,0,0,0,0,0,0,1
140815,0,0,0,0,0,0,0,0,1
140816,0,0,0,0,0,0,0,0,1
140817,0,0,0,0,0,0,0,0,1
140818,0,0,0,0,0,0,0,0,1
140819,0,0,0,0,0,0,0,0,1
140820,0,0,0,0,0,0,0,0,1
140821,0,0,0,0,0,0,0,0,1
140822,0,0,0,0,0,0,0,0,1
140823,0,0,0,0,0,0,0,0,1
140824,0,0,0,0,0,0,0,0,1
140825,0,0,0,0,0,0,0,0,1
140826,0,0,0,0,0,0,0,0,1
140827,0,0,0,0,0,0,0,0,1
140828,0,0,0,0,0,0,0,0,1
140829,0,0,0,0,0,0,0,0,1
140830,0,0,0,0,0,0,0,0,1
140831,0,0,0,0,0,0,0,0,1
140832,0,0,0,0,0,0,0,0,1
140833,0,0,0,0,0,0,0,0,1
140834,0,0,0,0,0,0,0,0,1
140835,0,0,0,0,0,0,0,0,1
140836,0,0,0,0,0,0,0,0,1
140837,0,0,0,0,0,0,0,0,1
140838,0,0,0,0,0,0,0,0,1
140839,0,0,0,0,0,0,0,0,1
140840,0,0,0,0,0,0,0,0,1
140841,0,0,0,0,0,0,0,0,1
140842,0,0,0,0,0,0,0,0,1
140843,0,0,0,0,0,0,0,0,1
140844,0,0,0,0,0,0,0,0,1
140845,0,0,0,0,0,0,0,0,1
140846,0,0,0,0,0,0,0,0,1
140847,0,0,0,0,0,0,0,0,1
140848,0,0,0,0,0,0,0,0,1
140849,0,0,0,0,0,0,0,0,1
140850,0,0,0,0,0,0,0,0,1
140851,0,0,0,0,0,0,0,0,1
140852,0,0,0,0,0,0,0,0,1
140853,0,0,0,0,0,0,0,0,1
140854,0,0,0,0,0,0,0,0,1
140855,0,0,0,0,0,0,0,0,1
140856,0,0,0,0,0,0,0,0,1
140857,0,0,0,0,0,0,0,0,1
140858,0,0,0,0,0,0,0,0,1
140859,0,0,0,0,0,0,0,0,1
140860,0,0,0,0,0,0,0,0,1
140861,0,0,0,0,0,0,0,0,1
140862,0,0,0,0,0,0,0,0,1
140863,0,0,0,0,0,0,0,0,1
140864,0,0,0,0,0,0,0,0,1
140865,0,0,0,0,0,0,0,0,1
140866,0,0,0,0,0,0,0,0,1
140867,0,0,0,0,0,0,0,0,1
140868,0,0,0,0,0,0,0,0,1
140869,0,0,0,0,0,0,0,0,1
140870,0,0,0,0,0,0,0,0,1
140871,0,0,0,0,0,0,0,0,1
140872,0,0,0,0,0,0,0,0,1
140873,0,0,0,0,0,0,0,0,1
140874,0,0,0,0,0,0,0,0,1
140875,0,0,0,0,0,0,0,0,1
140876,0,0,0,0,0,0,0,0,1
140877,0,0,0,0,0,0,0,0,1
140878,0,0,0,0,0,0,0,0,1
140879,0,0,0,0,0,0,0,0,1
140880,0,0,0,0,0,0,0,0,1
140881,0,0,0,0,0,0,0,0,1
140882,0,0,0,0,0,0,0,0,1
140883,0,0,0,0,0,0,0,0,1
140884,0,0,0,0,0,0,0,0,1
140885,0,0,0,0,0,0,0,0,1
140886,0,0,0,0,0,0,0,0,1
140887,0,0,0,0,0,0,0,0,1
140888,0,0,0,0,0,0,0,0,1
140889,0,0,0,0,0,0,0,0,1
140890,0,0,0,0,0,0,0,0,1
140891,0,0,0,0,0,0,0,0,1
140892,0,0,0,0,0,0,0,0,1
140893,0,0,0,0,0,0,0,0,1
140894,0,0,0,0,0,0,0,0,1
140895,0,0,0,0,0,0,0,0,1
140896,0,0,0,0,0,0,0,0,1
140897,0,0,0,0,0,0,0,0,1
140898,0,0,0,0,0,0,0,0,1
140899,0,0,0,0,0,0,0,0,1
140900,0,0,0,0,0,0,0,0,1
140901,0,0,0,0,0,0,0,0,1
140902,0,0,0,0,0,0,0,0,1
140903,0,0,0,0,0,0,0,0,1
140904,0,0,0,0,0,0,0,0,1
140905,0,0,0,0,0,0,0,0,1
140906,0,0,0,0,0,0,0,0,1
140907,0,0,0,0,0,0,0,0,1
140908,0,0,0,0,0,0,0,0,1
140909,0,0,0,0,0,0,0,0,1
140910,0,0,0,0,0,0,0,0,1
140911,0,0,0,0,0,0,0,0,1
140912,0,0,0,0,0,0,0,0,1
140913,0,0,0,0,0,0,0,0,1
140914,0,0,0,0,0,0,0,0,1
140915,0,0,0,0,0,0,0,0,1
140916,0,0,0,0,0,0,0,0,1
140917,0,0,0,0,0,0,0,0,1
140918,0,0,0,0,0,0,0,0,1
140919,0,0,0,0,0,0,0,0,1
140920,0,0,0,0,0,0,0,0,1
140921,0,0,0,0,0,0,0,0,1
140922,0,0,0,0,0,0,0,0,1
140923,0,0,0,0,0,0,0,0,1
140924,0,0,0,0,0,0,0,0,1
140925,0,0,0,0,0,0,0,0,1
140926,0,0,0,0,0,0,0,0,1
140927,0,0,0,0,0,0,0,0,1
140928,0,0,0,0,0,0,0,0,1
140929,0,0,0,0,0,0,0,0,1
140930,0,0,0,0,0,0,0,0,1
140931,0,0,0,0,0,0,0,0,1
140932,0,0,0,0,0,0,0,0,1
140933,0,0,0,0,0,0,0,0,1
140934,0,0,0,0,0,0,0,0,1
140935,0,0,0,0,0,0,0,0,1
140936,0,0,0,0,0,0,0,0,1
140937,0,0,0,0,0,0,0,0,1
140938,0,0,0,0,0,0,0,0,1
140939,0,0,0,0,0,0,0,0,1
140940,0,0,0,0,0,0,0,0,1
140941,0,0,0,0,0,0,0,0,1
140942,0,0,0,0,0,0,0,0,1
140943,0,0,0,0,0,0,0,0,1
140944,0,0,0,0,0,0,0,0,1
140945,0,0,0,0,0,0,0,0,1
140946,0,0,0,0,0,0,0,0,1
140947,0,0,0,0,0,0,0,0,1
140948,0,0,0,0,0,0,0,0,1
140949,0,0,0,0,0,0,0,0,1
140950,0,0,0,0,0,0,0,0,1
140951,0,0,0,0,0,0,0,0,1
140952,0,0,0,0,0,0,0,0,1
140953,0,0,0,0,0,0,0,0,1
140954,0,0,0,0,0,0,0,0,1
140955,0,0,0,0,0,0,0,0,1
140956,0,0,0,0,0,0,0,0,1
140957,0,0,0,0,0,0,0,0,1
140958,0,0,0,0,0,0,0,0,1
140959,0,0,0,0,0,0,0,0,1
140960,0,0,0,0,0,0,0,0,1
140961,0,0,0,0,0,0,0,0,1
140962,0,0,0,0,0,0,0,0,1
140963,0,0,0,0,0,0,0,0,1
140964,0,0,0,0,0,0,0,0,1
140965,0,0,0,0,0,0,0,0,1
140966,0,0,0,0,0,0,0,0,1
140967,0,0,0,0,0,0,0,0,1
140968,0,0,0,0,0,0,0,0,1
140969,0,0,0,0,0,0,0,0,1
140970,0,0,0,0,0,0,0,0,1
140971,0,0,0,0,0,0,0,0,1
140972,0,0,0,0,0,0,0,0,1
140973,0,0,0,0,0,0,0,0,1
140974,0,0,0,0,0,0,0,0,1
140975,0,0,0,0,0,0,0,0,1
140976,0,0,0,0,0,0,0,0,1
140977,0,0,0,0,0,0,0,0,1
140978,0,0,0,0,0,0,0,0,1
140979,0,0,0,0,0,0,0,0,1
140980,0,0,0,0,0,0,0,0,1
140981,0,0,0,0,0,0,0,0,1
140982,0,0,0,0,0,0,0,0,1
140983,0,0,0,0,0,0,0,0,1
140984,0,0,0,0,0,0,0,0,1
140985,0,0,0,0,0,0,0,0,1
140986,0,0,0,0,0,0,0,0,1
140987,0,0,0,0,0,0,0,0,1
140988,0,0,0,0,0,0,0,0,1
140989,0,0,0,0,0,0,0,0,1
140990,0,0,0,0,0,0,0,0,1
140991,0,0,0,0,0,0,0,0,1
140992,0,0,0,0,0,0,0,0,1
140993,0,0,0,0,0,0,0,0,1
140994,0,0,0,0,0,0,0,0,1
140995,0,0,0,0,0,0,0,0,1
140996,0,0,0,0,0,0,0,0,1
140997,0,0,0,0,0,0,0,0,1
140998,0,0,0,0,0,0,0,0,1
140999,0,0,0,0,0,0,0,0,1
141000,0,0,0,0,0,0,0,0,1
141001,0,0,0,0,0,0,0,0,1
141002,0,0,0,0,0,0,0,0,1
141003,0,0,0,0,0,0,0,0,1
141004,0,0,0,0,0,0,0,0,1
141005,0,0,0,0,0,0,0,0,1
141006,0,0,0,0,0,0,0,0,1
141007,0,0,0,0,0,0,0,0,1
141008,0,0,0,0,0,0,0,0,1
141009,0,0,0,0,0,0,0,0,1
141010,0,0,0,0,0,0,0,0,1
141011,0,0,0,0,0,0,0,0,1
141012,0,0,0,0,0,0,0,0,1
141013,0,0,0,0,0,0,0,0,1
141014,0,0,0,0,0,0,0,0,1
141015,0,0,0,0,0,0,0,0,1
141016,0,0,0,0,0,0,0,0,1
141017,0,0,0,0,0,0,0,0,1
141018,0,0,0,0,0,0,0,0,1
141019,0,0,0,0,0,0,0,0,1
141020,0,0,0,0,0,0,0,0,1
141021,0,0,0,0,0,0,0,0,1
141022,0,0,0,0,0,0,0,0,1
141023,0,0,0,0,0,0,0,0,1
141024,0,0,0,0,0,0,0,0,1
141025,0,0,0,0,0,0,0,0,1
141026,0,0,0,0,0,0,0,0,1
141027,0,0,0,0,0,0,0,0,1
141028,0,0,0,0,0,0,0,0,1
141029,0,0,0,0,0,0,0,0,1
141030,0,0,0,0,0,0,0,0,1
141031,0,0,0,0,0,0,0,0,1
141032,0,0,0,0,0,0,0,0,1
141033,0,0,0,0,0,0,0,0,1
141034,0,0,0,0,0,0,0,0,1
141035,0,0,0,0,0,0,0,0,1
141036,0,0,0,0,0,0,0,0,1
141037,0,0,0,0,0,0,0,0,1
141038,0,0,0,0,0,0,0,0,1
141039,0,0,0,0,0,0,0,0,1
141040,0,0,0,0,0,0,0,0,1
141041,0,0,0,0,0,0,0,0,1
141042,0,0,0,0,0,0,0,0,1
141043,0,0,0,0,0,0,0,0,1
141044,0,0,0,0,0,0,0,0,1
141045,0,0,0,0,0,0,0,0,1
141046,0,0,0,0,0,0,0,0,1
141047,0,0,0,0,0,0,0,0,1
141048,0,0,0,0,0,0,0,0,1
141049,0,0,0,0,0,0,0,0,1
141050,0,0,0,0,0,0,0,0,1
141051,0,0,0,0,0,0,0,0,1
141052,0,0,0,0,0,0,0,0,1
141053,0,0,0,0,0,0,0,0,1
141054,0,0,0,0,0,0,0,0,1
141055,0,0,0,0,0,0,0,0,1
141056,0,0,0,0,0,0,0,0,1
141057,0,0,0,0,0,0,0,0,1
141058,0,0,0,0,0,0,0,0,1
141059,0,0,0,0,0,0,0,0,1
141060,0,0,0,0,0,0,0,0,1
141061,0,0,0,0,0,0,0,0,1
141062,0,0,0,0,0,0,0,0,1
141063,0,0,0,0,0,0,0,0,1
141064,0,0,0,0,0,0,0,0,1
141065,0,0,0,0,0,0,0,0,1
141066,0,0,0,0,0,0,0,0,1
141067,0,0,0,0,0,0,0,0,1
141068,0,0,0,0,0,0,0,0,1
141069,0,0,0,0,0,0,0,0,1
141070,0,0,0,0,0,0,0,0,1
141071,0,0,0,0,0,0,0,0,1
141072,0,0,0,0,0,0,0,0,1
141073,0,0,0,0,0,0,0,0,1
141074,0,0,0,0,0,0,0,0,1
141075,0,0,0,0,0,0,0,0,1
141076,0,0,0,0,0,0,0,0,1
141077,0,0,0,0,0,0,0,0,1
141078,0,0,0,0,0,0,0,0,1
141079,0,0,0,0,0,0,0,0,1
141080,0,0,0,0,0,0,0,0,1
141081,0,0,0,0,0,0,0,0,1
141082,0,0,0,0,0,0,0,0,1
141083,0,0,0,0,0,0,0,0,1
141084,0,0,0,0,0,0,0,0,1
141085,0,0,0,0,0,0,0,0,1
141086,0,0,0,0,0,0,0,0,1
141087,0,0,0,0,0,0,0,0,1
141088,0,0,0,0,0,0,0,0,1
141089,0,0,0,0,0,0,0,0,1
141090,0,0,0,0,0,0,0,0,1
141091,0,0,0,0,0,0,0,0,1
141092,0,0,0,0,0,0,0,0,1
141093,0,0,0,0,0,0,0,0,1
141094,0,0,0,0,0,0,0,0,1
141095,0,0,0,0,0,0,0,0,1
141096,0,0,0,0,0,0,0,0,1
141097,0,0,0,0,0,0,0,0,1
141098,0,0,0,0,0,0,0,0,1
141099,0,0,0,0,0,0,0,0,1
141100,0,0,0,0,0,0,0,0,1
141101,0,0,0,0,0,0,0,0,1
141102,0,0,0,0,0,0,0,0,1
141103,0,0,0,0,0,0,0,0,1
141104,0,0,0,0,0,0,0,0,1
141105,0,0,0,0,0,0,0,0,1
141106,0,0,0,0,0,0,0,0,1
141107,0,0,0,0,0,0,0,0,1
141108,0,0,0,0,0,0,0,0,1
141109,0,0,0,0,0,0,0,0,1
141110,0,0,0,0,0,0,0,0,1
141111,0,0,0,0,0,0,0,0,1
141112,0,0,0,0,0,0,0,0,1
141113,0,0,0,0,0,0,0,0,1
141114,0,0,0,0,0,0,0,0,1
141115,0,0,0,0,0,0,0,0,1
141116,0,0,0,0,0,0,0,0,1
141117,0,0,0,0,0,0,0,0,1
141118,0,0,0,0,0,0,0,0,1
141119,0,0,0,0,0,0,0,0,1
141120,0,0,0,0,0,0,0,0,1
141121,0,0,0,0,0,0,0,0,1
141122,0,0,0,0,0,0,0,0,1
141123,0,0,0,0,0,0,0,0,1
141124,0,0,0,0,0,0,0,0,1
141125,0,0,0,0,0,0,0,0,1
141126,0,0,0,0,0,0,0,0,1
141127,0,0,0,0,0,0,0,0,1
141128,0,0,0,0,0,0,0,0,1
141129,0,0,0,0,0,0,0,0,1
141130,0,0,0,0,0,0,0,0,1
141131,0,0,0,0,0,0,0,0,1
141132,0,0,0,0,0,0,0,0,1
141133,0,0,0,0,0,0,0,0,1
141134,0,0,0,0,0,0,0,0,1
141135,0,0,0,0,0,0,0,0,1
141136,0,0,0,0,0,0,0,0,1
141137,0,0,0,0,0,0,0,0,1
141138,0,0,0,0,0,0,0,0,1
141139,0,0,0,0,0,0,0,0,1
141140,0,0,0,0,0,0,0,0,1
141141,0,0,0,0,0,0,0,0,1
141142,0,0,0,0,0,0,0,0,1
141143,0,0,0,0,0,0,0,0,1
141144,0,0,0,0,0,0,0,0,1
141145,0,0,0,0,0,0,0,0,1
141146,0,0,0,0,0,0,0,0,1
141147,0,0,0,0,0,0,0,0,1
141148,0,0,0,0,0,0,0,0,1
141149,0,0,0,0,0,0,0,0,1
141150,0,0,0,0,0,0,0,0,1
141151,0,0,0,0,0,0,0,0,1
141152,0,0,0,0,0,0,0,0,1
141153,0,0,0,0,0,0,0,0,1
141154,0,0,0,0,0,0,0,0,1
141155,0,0,0,0,0,0,0,0,1
141156,0,0,0,0,0,0,0,0,1
141157,0,0,0,0,0,0,0,0,1
141158,0,0,0,0,0,0,0,0,1
141159,0,0,0,0,0,0,0,0,1
141160,0,0,0,0,0,0,0,0,1
141161,0,0,0,0,0,0,0,0,1
141162,0,0,0,0,0,0,0,0,1
141163,0,0,0,0,0,0,0,0,1
141164,0,0,0,0,0,0,0,0,1
141165,0,0,0,0,0,0,0,0,1
141166,0,0,0,0,0,0,0,0,1
141167,0,0,0,0,0,0,0,0,1
141168,0,0,0,0,0,0,0,0,1
141169,0,0,0,0,0,0,0,0,1
141170,0,0,0,0,0,0,0,0,1
141171,0,0,0,0,0,0,0,0,1
141172,0,0,0,0,0,0,0,0,1
141173,0,0,0,0,0,0,0,0,1
141174,0,0,0,0,0,0,0,0,1
141175,0,0,0,0,0,0,0,0,1
141176,0,0,0,0,0,0,0,0,1
141177,0,0,0,0,0,0,0,0,1
141178,0,0,0,0,0,0,0,0,1
141179,0,0,0,0,0,0,0,0,1
141180,0,0,0,0,0,0,0,0,1
141181,0,0,0,0,0,0,0,0,1
141182,0,0,0,0,0,0,0,0,1
141183,0,0,0,0,0,0,0,0,1
141184,0,0,0,0,0,0,0,0,1
141185,0,0,0,0,0,0,0,0,1
141186,0,0,0,0,0,0,0,0,1
141187,0,0,0,0,0,0,0,0,1
141188,0,0,0,0,0,0,0,0,1
141189,0,0,0,0,0,0,0,0,1
141190,0,0,0,0,0,0,0,0,1
141191,0,0,0,0,0,0,0,0,1
141192,0,0,0,0,0,0,0,0,1
141193,0,0,0,0,0,0,0,0,1
141194,0,0,0,0,0,0,0,0,1
141195,0,0,0,0,0,0,0,0,1
141196,0,0,0,0,0,0,0,0,1
141197,0,0,0,0,0,0,0,0,1
141198,0,0,0,0,0,0,0,0,1
141199,0,0,0,0,0,0,0,0,1
141200,0,0,0,0,0,0,0,0,1
141201,0,0,0,0,0,0,0,0,1
141202,0,0,0,0,0,0,0,0,1
141203,0,0,0,0,0,0,0,0,1
141204,0,0,0,0,0,0,0,0,1
141205,0,0,0,0,0,0,0,0,1
141206,0,0,0,0,0,0,0,0,1
141207,0,0,0,0,0,0,0,0,1
141208,0,0,0,0,0,0,0,0,1
141209,0,0,0,0,0,0,0,0,1
141210,0,0,0,0,0,0,0,0,1
141211,0,0,0,0,0,0,0,0,1
141212,0,0,0,0,0,0,0,0,1
141213,0,0,0,0,0,0,0,0,1
141214,0,0,0,0,0,0,0,0,1
141215,0,0,0,0,0,0,0,0,1
141216,0,0,0,0,0,0,0,0,1
141217,0,0,0,0,0,0,0,0,1
141218,0,0,0,0,0,0,0,0,1
141219,0,0,0,0,0,0,0,0,1
141220,0,0,0,0,0,0,0,0,1
141221,0,0,0,0,0,0,0,0,1
141222,0,0,0,0,0,0,0,0,1
141223,0,0,0,0,0,0,0,0,1
141224,0,0,0,0,0,0,0,0,1
141225,0,0,0,0,0,0,0,0,1
141226,0,0,0,0,0,0,0,0,1
141227,0,0,0,0,0,0,0,0,1
141228,0,0,0,0,0,0,0,0,1
141229,0,0,0,0,0,0,0,0,1
141230,0,0,0,0,0,0,0,0,1
141231,0,0,0,0,0,0,0,0,1
141232,0,0,0,0,0,0,0,0,1
141233,0,0,0,0,0,0,0,0,1
141234,0,0,0,0,0,0,0,0,1
141235,0,0,0,0,0,0,0,0,1
141236,0,0,0,0,0,0,0,0,1
141237,0,0,0,0,0,0,0,0,1
141238,0,0,0,0,0,0,0,0,1
141239,0,0,0,0,0,0,0,0,1
141240,0,0,0,0,0,0,0,0,1
141241,0,0,0,0,0,0,0,0,1
141242,0,0,0,0,0,0,0,0,1
141243,0,0,0,0,0,0,0,0,1
141244,0,0,0,0,0,0,0,0,1
141245,0,0,0,0,0,0,0,0,1
141246,0,0,0,0,0,0,0,0,1
141247,0,0,0,0,0,0,0,0,1
141248,0,0,0,0,0,0,0,0,1
141249,0,0,0,0,0,0,0,0,1
141250,0,0,0,0,0,0,0,0,1
141251,0,0,0,0,0,0,0,0,1
141252,0,0,0,0,0,0,0,0,1
141253,0,0,0,0,0,0,0,0,1
141254,0,0,0,0,0,0,0,0,1
141255,0,0,0,0,0,0,0,0,1
141256,0,0,0,0,0,0,0,0,1
141257,0,0,0,0,0,0,0,0,1
141258,0,0,0,0,0,0,0,0,1
141259,0,0,0,0,0,0,0,0,1
141260,0,0,0,0,0,0,0,0,1
141261,0,0,0,0,0,0,0,0,1
141262,0,0,0,0,0,0,0,0,1
141263,0,0,0,0,0,0,0,0,1
141264,0,0,0,0,0,0,0,0,1
141265,0,0,0,0,0,0,0,0,1
141266,0,0,0,0,0,0,0,0,1
141267,0,0,0,0,0,0,0,0,1
141268,0,0,0,0,0,0,0,0,1
141269,0,0,0,0,0,0,0,0,1
141270,0,0,0,0,0,0,0,0,1
141271,0,0,0,0,0,0,0,0,1
141272,0,0,0,0,0,0,0,0,1
141273,0,0,0,0,0,0,0,0,1
141274,0,0,0,0,0,0,0,0,1
141275,0,0,0,0,0,0,0,0,1
141276,0,0,0,0,0,0,0,0,1
141277,0,0,0,0,0,0,0,0,1
141278,0,0,0,0,0,0,0,0,1
141279,0,0,0,0,0,0,0,0,1
141280,0,0,0,0,0,0,0,0,1
141281,0,0,0,0,0,0,0,0,1
141282,0,0,0,0,0,0,0,0,1
141283,0,0,0,0,0,0,0,0,1
141284,0,0,0,0,0,0,0,0,1
141285,0,0,0,0,0,0,0,0,1
141286,0,0,0,0,0,0,0,0,1
141287,0,0,0,0,0,0,0,0,1
141288,0,0,0,0,0,0,0,0,1
141289,0,0,0,0,0,0,0,0,1
141290,0,0,0,0,0,0,0,0,1
141291,0,0,0,0,0,0,0,0,1
141292,0,0,0,0,0,0,0,0,1
141293,0,0,0,0,0,0,0,0,1
141294,0,0,0,0,0,0,0,0,1
141295,0,0,0,0,0,0,0,0,1
141296,0,0,0,0,0,0,0,0,1
141297,0,0,0,0,0,0,0,0,1
141298,0,0,0,0,0,0,0,0,1
141299,0,0,0,0,0,0,0,0,1
141300,0,0,0,0,0,0,0,0,1
141301,0,0,0,0,0,0,0,0,1
141302,0,0,0,0,0,0,0,0,1
141303,0,0,0,0,0,0,0,0,1
141304,0,0,0,0,0,0,0,0,1
141305,0,0,0,0,0,0,0,0,1
141306,0,0,0,0,0,0,0,0,1
141307,0,0,0,0,0,0,0,0,1
141308,0,0,0,0,0,0,0,0,1
141309,0,0,0,0,0,0,0,0,1
141310,0,0,0,0,0,0,0,0,1
141311,0,0,0,0,0,0,0,0,1
141312,0,0,0,0,0,0,0,0,1
141313,0,0,0,0,0,0,0,0,1
141314,0,0,0,0,0,0,0,0,1
141315,0,0,0,0,0,0,0,0,1
141316,0,0,0,0,0,0,0,0,1
141317,0,0,0,0,0,0,0,0,1
141318,0,0,0,0,0,0,0,0,1
141319,0,0,0,0,0,0,0,0,1
141320,0,0,0,0,0,0,0,0,1
141321,0,0,0,0,0,0,0,0,1
141322,0,0,0,0,0,0,0,0,1
141323,0,0,0,0,0,0,0,0,1
141324,0,0,0,0,0,0,0,0,1
141325,0,0,0,0,0,0,0,0,1
141326,0,0,0,0,0,0,0,0,1
141327,0,0,0,0,0,0,0,0,1
141328,0,0,0,0,0,0,0,0,1
141329,0,0,0,0,0,0,0,0,1
141330,0,0,0,0,0,0,0,0,1
141331,0,0,0,0,0,0,0,0,1
141332,0,0,0,0,0,0,0,0,1
141333,0,0,0,0,0,0,0,0,1
141334,0,0,0,0,0,0,0,0,1
141335,0,0,0,0,0,0,0,0,1
141336,0,0,0,0,0,0,0,0,1
141337,0,0,0,0,0,0,0,0,1
141338,0,0,0,0,0,0,0,0,1
141339,0,0,0,0,0,0,0,0,1
141340,0,0,0,0,0,0,0,0,1
141341,0,0,0,0,0,0,0,0,1
141342,0,0,0,0,0,0,0,0,1
141343,0,0,0,0,0,0,0,0,1
141344,0,0,0,0,0,0,0,0,1
141345,0,0,0,0,0,0,0,0,1
141346,0,0,0,0,0,0,0,0,1
141347,0,0,0,0,0,0,0,0,1
141348,0,0,0,0,0,0,0,0,1
141349,0,0,0,0,0,0,0,0,1
141350,0,0,0,0,0,0,0,0,1
141351,0,0,0,0,0,0,0,0,1
141352,0,0,0,0,0,0,0,0,1
141353,0,0,0,0,0,0,0,0,1
141354,0,0,0,0,0,0,0,0,1
141355,0,0,0,0,0,0,0,0,1
141356,0,0,0,0,0,0,0,0,1
141357,0,0,0,0,0,0,0,0,1
141358,0,0,0,0,0,0,0,0,1
141359,0,0,0,0,0,0,0,0,1
141360,0,0,0,0,0,0,0,0,1
141361,0,0,0,0,0,0,0,0,1
141362,0,0,0,0,0,0,0,0,1
141363,0,0,0,0,0,0,0,0,1
141364,0,0,0,0,0,0,0,0,1
141365,0,0,0,0,0,0,0,0,1
141366,0,0,0,0,0,0,0,0,1
141367,0,0,0,0,0,0,0,0,1
141368,0,0,0,0,0,0,0,0,1
141369,0,0,0,0,0,0,0,0,1
141370,0,0,0,0,0,0,0,0,1
141371,0,0,0,0,0,0,0,0,1
141372,0,0,0,0,0,0,0,0,1
141373,0,0,0,0,0,0,0,0,1
141374,0,0,0,0,0,0,0,0,1
141375,0,0,0,0,0,0,0,0,1
141376,0,0,0,0,0,0,0,0,1
141377,0,0,0,0,0,0,0,0,1
141378,0,0,0,0,0,0,0,0,1
141379,0,0,0,0,0,0,0,0,1
141380,0,0,0,0,0,0,0,0,1
141381,0,0,0,0,0,0,0,0,1
141382,0,0,0,0,0,0,0,0,1
141383,0,0,0,0,0,0,0,0,1
141384,0,0,0,0,0,0,0,0,1
141385,0,0,0,0,0,0,0,0,1
141386,0,0,0,0,0,0,0,0,1
141387,0,0,0,0,0,0,0,0,1
141388,0,0,0,0,0,0,0,0,1
141389,0,0,0,0,0,0,0,0,1
141390,0,0,0,0,0,0,0,0,1
141391,0,0,0,0,0,0,0,0,1
141392,0,0,0,0,0,0,0,0,1
141393,0,0,0,0,0,0,0,0,1
141394,0,0,0,0,0,0,0,0,1
141395,0,0,0,0,0,0,0,0,1
141396,0,0,0,0,0,0,0,0,1
141397,0,0,0,0,0,0,0,0,1
141398,0,0,0,0,0,0,0,0,1
141399,0,0,0,0,0,0,0,0,1
141400,0,0,0,0,0,0,0,0,1
141401,0,0,0,0,0,0,0,0,1
141402,0,0,0,0,0,0,0,0,1
141403,0,0,0,0,0,0,0,0,1
141404,0,0,0,0,0,0,0,0,1
141405,0,0,0,0,0,0,0,0,1
141406,0,0,0,0,0,0,0,0,1
141407,0,0,0,0,0,0,0,0,1
141408,0,0,0,0,0,0,0,0,1
141409,0,0,0,0,0,0,0,0,1
141410,0,0,0,0,0,0,0,0,1
141411,0,0,0,0,0,0,0,0,1
141412,0,0,0,0,0,0,0,0,1
141413,0,0,0,0,0,0,0,0,1
141414,0,0,0,0,0,0,0,0,1
141415,0,0,0,0,0,0,0,0,1
141416,0,0,0,0,0,0,0,0,1
141417,0,0,0,0,0,0,0,0,1
141418,0,0,0,0,0,0,0,0,1
141419,0,0,0,0,0,0,0,0,1
141420,0,0,0,0,0,0,0,0,1
141421,0,0,0,0,0,0,0,0,1
141422,0,0,0,0,0,0,0,0,1
141423,0,0,0,0,0,0,0,0,1
141424,0,0,0,0,0,0,0,0,1
141425,0,0,0,0,0,0,0,0,1
141426,0,0,0,0,0,0,0,0,1
141427,0,0,0,0,0,0,0,0,1
141428,0,0,0,0,0,0,0,0,1
141429,0,0,0,0,0,0,0,0,1
141430,0,0,0,0,0,0,0,0,1
141431,0,0,0,0,0,0,0,0,1
141432,0,0,0,0,0,0,0,0,1
141433,0,0,0,0,0,0,0,0,1
141434,0,0,0,0,0,0,0,0,1
141435,0,0,0,0,0,0,0,0,1
141436,0,0,0,0,0,0,0,0,1
141437,0,0,0,0,0,0,0,0,1
141438,0,0,0,0,0,0,0,0,1
141439,0,0,0,0,0,0,0,0,1
141440,0,0,0,0,0,0,0,0,1
141441,0,0,0,0,0,0,0,0,1
141442,0,0,0,0,0,0,0,0,1
141443,0,0,0,0,0,0,0,0,1
141444,0,0,0,0,0,0,0,0,1
141445,0,0,0,0,0,0,0,0,1
141446,0,0,0,0,0,0,0,0,1
141447,0,0,0,0,0,0,0,0,1
141448,0,0,0,0,0,0,0,0,1
141449,0,0,0,0,0,0,0,0,1
141450,0,0,0,0,0,0,0,0,1
141451,0,0,0,0,0,0,0,0,1
141452,0,0,0,0,0,0,0,0,1
141453,0,0,0,0,0,0,0,0,1
141454,0,0,0,0,0,0,0,0,1
141455,0,0,0,0,0,0,0,0,1
141456,0,0,0,0,0,0,0,0,1
141457,0,0,0,0,0,0,0,0,1
141458,0,0,0,0,0,0,0,0,1
141459,0,0,0,0,0,0,0,0,1
141460,0,0,0,0,0,0,0,0,1
141461,0,0,0,0,0,0,0,0,1
141462,0,0,0,0,0,0,0,0,1
141463,0,0,0,0,0,0,0,0,1
141464,0,0,0,0,0,0,0,0,1
141465,0,0,0,0,0,0,0,0,1
141466,0,0,0,0,0,0,0,0,1
141467,0,0,0,0,0,0,0,0,1
141468,0,0,0,0,0,0,0,0,1
141469,0,0,0,0,0,0,0,0,1
141470,0,0,0,0,0,0,0,0,1
141471,0,0,0,0,0,0,0,0,1
141472,0,0,0,0,0,0,0,0,1
141473,0,0,0,0,0,0,0,0,1
141474,0,0,0,0,0,0,0,0,1
141475,0,0,0,0,0,0,0,0,1
141476,0,0,0,0,0,0,0,0,1
141477,0,0,0,0,0,0,0,0,1
141478,0,0,0,0,0,0,0,0,1
141479,0,0,0,0,0,0,0,0,1
141480,0,0,0,0,0,0,0,0,1
141481,0,0,0,0,0,0,0,0,1
141482,0,0,0,0,0,0,0,0,1
141483,0,0,0,0,0,0,0,0,1
141484,0,0,0,0,0,0,0,0,1
141485,0,0,0,0,0,0,0,0,1
141486,0,0,0,0,0,0,0,0,1
141487,0,0,0,0,0,0,0,0,1
141488,0,0,0,0,0,0,0,0,1
141489,0,0,0,0,0,0,0,0,1
141490,0,0,0,0,0,0,0,0,1
141491,0,0,0,0,0,0,0,0,1
141492,0,0,0,0,0,0,0,0,1
141493,0,0,0,0,0,0,0,0,1
141494,0,0,0,0,0,0,0,0,1
141495,0,0,0,0,0,0,0,0,1
141496,0,0,0,0,0,0,0,0,1
141497,0,0,0,0,0,0,0,0,1
141498,0,0,0,0,0,0,0,0,1
141499,0,0,0,0,0,0,0,0,1
141500,0,0,0,0,0,0,0,0,1
141501,0,0,0,0,0,0,0,0,1
141502,0,0,0,0,0,0,0,0,1
141503,0,0,0,0,0,0,0,0,1
141504,0,0,0,0,0,0,0,0,1
141505,0,0,0,0,0,0,0,0,1
141506,0,0,0,0,0,0,0,0,1
141507,0,0,0,0,0,0,0,0,1
141508,0,0,0,0,0,0,0,0,1
141509,0,0,0,0,0,0,0,0,1
141510,0,0,0,0,0,0,0,0,1
141511,0,0,0,0,0,0,0,0,1
141512,0,0,0,0,0,0,0,0,1
141513,0,0,0,0,0,0,0,0,1
141514,0,0,0,0,0,0,0,0,1
141515,0,0,0,0,0,0,0,0,1
141516,0,0,0,0,0,0,0,0,1
141517,0,0,0,0,0,0,0,0,1
141518,0,0,0,0,0,0,0,0,1
141519,0,0,0,0,0,0,0,0,1
141520,0,0,0,0,0,0,0,0,1
141521,0,0,0,0,0,0,0,0,1
141522,0,0,0,0,0,0,0,0,1
141523,0,0,0,0,0,0,0,0,1
141524,0,0,0,0,0,0,0,0,1
141525,0,0,0,0,0,0,0,0,1
141526,0,0,0,0,0,0,0,0,1
141527,0,0,0,0,0,0,0,0,1
141528,0,0,0,0,0,0,0,0,1
141529,0,0,0,0,0,0,0,0,1
141530,0,0,0,0,0,0,0,0,1
141531,0,0,0,0,0,0,0,0,1
141532,0,0,0,0,0,0,0,0,1
141533,0,0,0,0,0,0,0,0,1
141534,0,0,0,0,0,0,0,0,1
141535,0,0,0,0,0,0,0,0,1
141536,0,0,0,0,0,0,0,0,1
141537,0,0,0,0,0,0,0,0,1
141538,0,0,0,0,0,0,0,0,1
141539,0,0,0,0,0,0,0,0,1
141540,0,0,0,0,0,0,0,0,1
141541,0,0,0,0,0,0,0,0,1
141542,0,0,0,0,0,0,0,0,1
141543,0,0,0,0,0,0,0,0,1
141544,0,0,0,0,0,0,0,0,1
141545,0,0,0,0,0,0,0,0,1
141546,0,0,0,0,0,0,0,0,1
141547,0,0,0,0,0,0,0,0,1
141548,0,0,0,0,0,0,0,0,1
141549,0,0,0,0,0,0,0,0,1
141550,0,0,0,0,0,0,0,0,1
141551,0,0,0,0,0,0,0,0,1
141552,0,0,0,0,0,0,0,0,1
141553,0,0,0,0,0,0,0,0,1
141554,0,0,0,0,0,0,0,0,1
141555,0,0,0,0,0,0,0,0,1
141556,0,0,0,0,0,0,0,0,1
141557,0,0,0,0,0,0,0,0,1
141558,0,0,0,0,0,0,0,0,1
141559,0,0,0,0,0,0,0,0,1
141560,0,0,0,0,0,0,0,0,1
141561,0,0,0,0,0,0,0,0,1
141562,0,0,0,0,0,0,0,0,1
141563,0,0,0,0,0,0,0,0,1
141564,0,0,0,0,0,0,0,0,1
141565,0,0,0,0,0,0,0,0,1
141566,0,0,0,0,0,0,0,0,1
141567,0,0,0,0,0,0,0,0,1
141568,0,0,0,0,0,0,0,0,1
141569,0,0,0,0,0,0,0,0,1
141570,0,0,0,0,0,0,0,0,1
141571,0,0,0,0,0,0,0,0,1
141572,0,0,0,0,0,0,0,0,1
141573,0,0,0,0,0,0,0,0,1
141574,0,0,0,0,0,0,0,0,1
141575,0,0,0,0,0,0,0,0,1
141576,0,0,0,0,0,0,0,0,1
141577,0,0,0,0,0,0,0,0,1
141578,0,0,0,0,0,0,0,0,1
141579,0,0,0,0,0,0,0,0,1
141580,0,0,0,0,0,0,0,0,1
141581,0,0,0,0,0,0,0,0,1
141582,0,0,0,0,0,0,0,0,1
141583,0,0,0,0,0,0,0,0,1
141584,0,0,0,0,0,0,0,0,1
141585,0,0,0,0,0,0,0,0,1
141586,0,0,0,0,0,0,0,0,1
141587,0,0,0,0,0,0,0,0,1
141588,0,0,0,0,0,0,0,0,1
141589,0,0,0,0,0,0,0,0,1
141590,0,0,0,0,0,0,0,0,1
141591,0,0,0,0,0,0,0,0,1
141592,0,0,0,0,0,0,0,0,1
141593,0,0,0,0,0,0,0,0,1
141594,0,0,0,0,0,0,0,0,1
141595,0,0,0,0,0,0,0,0,1
141596,0,0,0,0,0,0,0,0,1
141597,0,0,0,0,0,0,0,0,1
141598,0,0,0,0,0,0,0,0,1
141599,0,0,0,0,0,0,0,0,1
141600,0,0,0,0,0,0,0,0,1
141601,0,0,0,0,0,0,0,0,1
141602,0,0,0,0,0,0,0,0,1
141603,0,0,0,0,0,0,0,0,1
141604,0,0,0,0,0,0,0,0,1
141605,0,0,0,0,0,0,0,0,1
141606,0,0,0,0,0,0,0,0,1
141607,0,0,0,0,0,0,0,0,1
141608,0,0,0,0,0,0,0,0,1
141609,0,0,0,0,0,0,0,0,1
141610,0,0,0,0,0,0,0,0,1
141611,0,0,0,0,0,0,0,0,1
141612,0,0,0,0,0,0,0,0,1
141613,0,0,0,0,0,0,0,0,1
141614,0,0,0,0,0,0,0,0,1
141615,0,0,0,0,0,0,0,0,1
141616,0,0,0,0,0,0,0,0,1
141617,0,0,0,0,0,0,0,0,1
141618,0,0,0,0,0,0,0,0,1
141619,0,0,0,0,0,0,0,0,1
141620,0,0,0,0,0,0,0,0,1
141621,0,0,0,0,0,0,0,0,1
141622,0,0,0,0,0,0,0,0,1
141623,0,0,0,0,0,0,0,0,1
141624,0,0,0,0,0,0,0,0,1
141625,0,0,0,0,0,0,0,0,1
141626,0,0,0,0,0,0,0,0,1
141627,0,0,0,0,0,0,0,0,1
141628,0,0,0,0,0,0,0,0,1
141629,0,0,0,0,0,0,0,0,1
141630,0,0,0,0,0,0,0,0,1
141631,0,0,0,0,0,0,0,0,1
141632,0,0,0,0,0,0,0,0,1
141633,0,0,0,0,0,0,0,0,1
141634,0,0,0,0,0,0,0,0,1
141635,0,0,0,0,0,0,0,0,1
141636,0,0,0,0,0,0,0,0,1
141637,0,0,0,0,0,0,0,0,1
141638,0,0,0,0,0,0,0,0,1
141639,0,0,0,0,0,0,0,0,1
141640,0,0,0,0,0,0,0,0,1
141641,0,0,0,0,0,0,0,0,1
141642,0,0,0,0,0,0,0,0,1
141643,0,0,0,0,0,0,0,0,1
141644,0,0,0,0,0,0,0,0,1
141645,0,0,0,0,0,0,0,0,1
141646,0,0,0,0,0,0,0,0,1
141647,0,0,0,0,0,0,0,0,1
141648,0,0,0,0,0,0,0,0,1
141649,0,0,0,0,0,0,0,0,1
141650,0,0,0,0,0,0,0,0,1
141651,0,0,0,0,0,0,0,0,1
141652,0,0,0,0,0,0,0,0,1
141653,0,0,0,0,0,0,0,0,1
141654,0,0,0,0,0,0,0,0,1
141655,0,0,0,0,0,0,0,0,1
141656,0,0,0,0,0,0,0,0,1
141657,0,0,0,0,0,0,0,0,1
141658,0,0,0,0,0,0,0,0,1
141659,0,0,0,0,0,0,0,0,1
141660,0,0,0,0,0,0,0,0,1
141661,0,0,0,0,0,0,0,0,1
141662,0,0,0,0,0,0,0,0,1
141663,0,0,0,0,0,0,0,0,1
141664,0,0,0,0,0,0,0,0,1
141665,0,0,0,0,0,0,0,0,1
141666,0,0,0,0,0,0,0,0,1
141667,0,0,0,0,0,0,0,0,1
141668,0,0,0,0,0,0,0,0,1
141669,0,0,0,0,0,0,0,0,1
141670,0,0,0,0,0,0,0,0,1
141671,0,0,0,0,0,0,0,0,1
141672,0,0,0,0,0,0,0,0,1
141673,0,0,0,0,0,0,0,0,1
141674,0,0,0,0,0,0,0,0,1
141675,0,0,0,0,0,0,0,0,1
141676,0,0,0,0,0,0,0,0,1
141677,0,0,0,0,0,0,0,0,1
141678,0,0,0,0,0,0,0,0,1
141679,0,0,0,0,0,0,0,0,1
141680,0,0,0,0,0,0,0,0,1
141681,0,0,0,0,0,0,0,0,1
141682,0,0,0,0,0,0,0,0,1
141683,0,0,0,0,0,0,0,0,1
141684,0,0,0,0,0,0,0,0,1
141685,0,0,0,0,0,0,0,0,1
141686,0,0,0,0,0,0,0,0,1
141687,0,0,0,0,0,0,0,0,1
141688,0,0,0,0,0,0,0,0,1
141689,0,0,0,0,0,0,0,0,1
141690,0,0,0,0,0,0,0,0,1
141691,0,0,0,0,0,0,0,0,1
141692,0,0,0,0,0,0,0,0,1
141693,0,0,0,0,0,0,0,0,1
141694,0,0,0,0,0,0,0,0,1
141695,0,0,0,0,0,0,0,0,1
141696,0,0,0,0,0,0,0,0,1
141697,0,0,0,0,0,0,0,0,1
141698,0,0,0,0,0,0,0,0,1
141699,0,0,0,0,0,0,0,0,1
141700,0,0,0,0,0,0,0,0,1
141701,0,0,0,0,0,0,0,0,1
141702,0,0,0,0,0,0,0,0,1
141703,0,0,0,0,0,0,0,0,1
141704,0,0,0,0,0,0,0,0,1
141705,0,0,0,0,0,0,0,0,1
141706,0,0,0,0,0,0,0,0,1
141707,0,0,0,0,0,0,0,0,1
141708,0,0,0,0,0,0,0,0,1
141709,0,0,0,0,0,0,0,0,1
141710,0,0,0,0,0,0,0,0,1
141711,0,0,0,0,0,0,0,0,1
141712,0,0,0,0,0,0,0,0,1
141713,0,0,0,0,0,0,0,0,1
141714,0,0,0,0,0,0,0,0,1
141715,0,0,0,0,0,0,0,0,1
141716,0,0,0,0,0,0,0,0,1
141717,0,0,0,0,0,0,0,0,1
141718,0,0,0,0,0,0,0,0,1
141719,0,0,0,0,0,0,0,0,1
141720,0,0,0,0,0,0,0,0,1
141721,0,0,0,0,0,0,0,0,1
141722,0,0,0,0,0,0,0,0,1
141723,0,0,0,0,0,0,0,0,1
141724,0,0,0,0,0,0,0,0,1
141725,0,0,0,0,0,0,0,0,1
141726,0,0,0,0,0,0,0,0,1
141727,0,0,0,0,0,0,0,0,1
141728,0,0,0,0,0,0,0,0,1
141729,0,0,0,0,0,0,0,0,1
141730,0,0,0,0,0,0,0,0,1
141731,0,0,0,0,0,0,0,0,1
141732,0,0,0,0,0,0,0,0,1
141733,0,0,0,0,0,0,0,0,1
141734,0,0,0,0,0,0,0,0,1
141735,0,0,0,0,0,0,0,0,1
141736,0,0,0,0,0,0,0,0,1
141737,0,0,0,0,0,0,0,0,1
141738,0,0,0,0,0,0,0,0,1
141739,0,0,0,0,0,0,0,0,1
141740,0,0,0,0,0,0,0,0,1
141741,0,0,0,0,0,0,0,0,1
141742,0,0,0,0,0,0,0,0,1
141743,0,0,0,0,0,0,0,0,1
141744,0,0,0,0,0,0,0,0,1
141745,0,0,0,0,0,0,0,0,1
141746,0,0,0,0,0,0,0,0,1
141747,0,0,0,0,0,0,0,0,1
141748,0,0,0,0,0,0,0,0,1
141749,0,0,0,0,0,0,0,0,1
141750,0,0,0,0,0,0,0,0,1
141751,0,0,0,0,0,0,0,0,1
141752,0,0,0,0,0,0,0,0,1
141753,0,0,0,0,0,0,0,0,1
141754,0,0,0,0,0,0,0,0,1
141755,0,0,0,0,0,0,0,0,1
141756,0,0,0,0,0,0,0,0,1
141757,0,0,0,0,0,0,0,0,1
141758,0,0,0,0,0,0,0,0,1
141759,0,0,0,0,0,0,0,0,1
141760,0,0,0,0,0,0,0,0,1
141761,0,0,0,0,0,0,0,0,1
141762,0,0,0,0,0,0,0,0,1
141763,0,0,0,0,0,0,0,0,1
141764,0,0,0,0,0,0,0,0,1
141765,0,0,0,0,0,0,0,0,1
141766,0,0,0,0,0,0,0,0,1
141767,0,0,0,0,0,0,0,0,1
141768,0,0,0,0,0,0,0,0,1
141769,0,0,0,0,0,0,0,0,1
141770,0,0,0,0,0,0,0,0,1
141771,0,0,0,0,0,0,0,0,1
141772,0,0,0,0,0,0,0,0,1
141773,0,0,0,0,0,0,0,0,1
141774,0,0,0,0,0,0,0,0,1
141775,0,0,0,0,0,0,0,0,1
141776,0,0,0,0,0,0,0,0,1
141777,0,0,0,0,0,0,0,0,1
141778,0,0,0,0,0,0,0,0,1
141779,0,0,0,0,0,0,0,0,1
141780,0,0,0,0,0,0,0,0,1
141781,0,0,0,0,0,0,0,0,1
141782,0,0,0,0,0,0,0,0,1
141783,0,0,0,0,0,0,0,0,1
141784,0,0,0,0,0,0,0,0,1
141785,0,0,0,0,0,0,0,0,1
141786,0,0,0,0,0,0,0,0,1
141787,0,0,0,0,0,0,0,0,1
141788,0,0,0,0,0,0,0,0,1
141789,0,0,0,0,0,0,0,0,1
141790,0,0,0,0,0,0,0,0,1
141791,0,0,0,0,0,0,0,0,1
141792,0,0,0,0,0,0,0,0,1
141793,0,0,0,0,0,0,0,0,1
141794,0,0,0,0,0,0,0,0,1
141795,0,0,0,0,0,0,0,0,1
141796,0,0,0,0,0,0,0,0,1
141797,0,0,0,0,0,0,0,0,1
141798,0,0,0,0,0,0,0,0,1
141799,0,0,0,0,0,0,0,0,1
141800,0,0,0,0,0,0,0,0,1
141801,0,0,0,0,0,0,0,0,1
141802,0,0,0,0,0,0,0,0,1
141803,0,0,0,0,0,0,0,0,1
141804,0,0,0,0,0,0,0,0,1
141805,0,0,0,0,0,0,0,0,1
141806,0,0,0,0,0,0,0,0,1
141807,0,0,0,0,0,0,0,0,1
141808,0,0,0,0,0,0,0,0,1
141809,0,0,0,0,0,0,0,0,1
141810,0,0,0,0,0,0,0,0,1
141811,0,0,0,0,0,0,0,0,1
141812,0,0,0,0,0,0,0,0,1
141813,0,0,0,0,0,0,0,0,1
141814,0,0,0,0,0,0,0,0,1
141815,0,0,0,0,0,0,0,0,1
141816,0,0,0,0,0,0,0,0,1
141817,0,0,0,0,0,0,0,0,1
141818,0,0,0,0,0,0,0,0,1
141819,0,0,0,0,0,0,0,0,1
141820,0,0,0,0,0,0,0,0,1
141821,0,0,0,0,0,0,0,0,1
141822,0,0,0,0,0,0,0,0,1
141823,0,0,0,0,0,0,0,0,1
141824,0,0,0,0,0,0,0,0,1
141825,0,0,0,0,0,0,0,0,1
141826,0,0,0,0,0,0,0,0,1
141827,0,0,0,0,0,0,0,0,1
141828,0,0,0,0,0,0,0,0,1
141829,0,0,0,0,0,0,0,0,1
141830,0,0,0,0,0,0,0,0,1
141831,0,0,0,0,0,0,0,0,1
141832,0,0,0,0,0,0,0,0,1
141833,0,0,0,0,0,0,0,0,1
141834,0,0,0,0,0,0,0,0,1
141835,0,0,0,0,0,0,0,0,1
141836,0,0,0,0,0,0,0,0,1
141837,0,0,0,0,0,0,0,0,1
141838,0,0,0,0,0,0,0,0,1
141839,0,0,0,0,0,0,0,0,1
141840,0,0,0,0,0,0,0,0,1
141841,0,0,0,0,0,0,0,0,1
141842,0,0,0,0,0,0,0,0,1
141843,0,0,0,0,0,0,0,0,1
141844,0,0,0,0,0,0,0,0,1
141845,0,0,0,0,0,0,0,0,1
141846,0,0,0,0,0,0,0,0,1
141847,0,0,0,0,0,0,0,0,1
141848,0,0,0,0,0,0,0,0,1
141849,0,0,0,0,0,0,0,0,1
141850,0,0,0,0,0,0,0,0,1
141851,0,0,0,0,0,0,0,0,1
141852,0,0,0,0,0,0,0,0,1
141853,0,0,0,0,0,0,0,0,1
141854,0,0,0,0,0,0,0,0,1
141855,0,0,0,0,0,0,0,0,1
141856,0,0,0,0,0,0,0,0,1
141857,0,0,0,0,0,0,0,0,1
141858,0,0,0,0,0,0,0,0,1
141859,0,0,0,0,0,0,0,0,1
141860,0,0,0,0,0,0,0,0,1
141861,0,0,0,0,0,0,0,0,1
141862,0,0,0,0,0,0,0,0,1
141863,0,0,0,0,0,0,0,0,1
141864,0,0,0,0,0,0,0,0,1
141865,0,0,0,0,0,0,0,0,1
141866,0,0,0,0,0,0,0,0,1
141867,0,0,0,0,0,0,0,0,1
141868,0,0,0,0,0,0,0,0,1
141869,0,0,0,0,0,0,0,0,1
141870,0,0,0,0,0,0,0,0,1
141871,0,0,0,0,0,0,0,0,1
141872,0,0,0,0,0,0,0,0,1
141873,0,0,0,0,0,0,0,0,1
141874,0,0,0,0,0,0,0,0,1
141875,0,0,0,0,0,0,0,0,1
141876,0,0,0,0,0,0,0,0,1
141877,0,0,0,0,0,0,0,0,1
141878,0,0,0,0,0,0,0,0,1
141879,0,0,0,0,0,0,0,0,1
141880,0,0,0,0,0,0,0,0,1
141881,0,0,0,0,0,0,0,0,1
141882,0,0,0,0,0,0,0,0,1
141883,0,0,0,0,0,0,0,0,1
141884,0,0,0,0,0,0,0,0,1
141885,0,0,0,0,0,0,0,0,1
141886,0,0,0,0,0,0,0,0,1
141887,0,0,0,0,0,0,0,0,1
141888,0,0,0,0,0,0,0,0,1
141889,0,0,0,0,0,0,0,0,1
141890,0,0,0,0,0,0,0,0,1
141891,0,0,0,0,0,0,0,0,1
141892,0,0,0,0,0,0,0,0,1
141893,0,0,0,0,0,0,0,0,1
141894,0,0,0,0,0,0,0,0,1
141895,0,0,0,0,0,0,0,0,1
141896,0,0,0,0,0,0,0,0,1
141897,0,0,0,0,0,0,0,0,1
141898,0,0,0,0,0,0,0,0,1
141899,0,0,0,0,0,0,0,0,1
141900,0,0,0,0,0,0,0,0,1
141901,0,0,0,0,0,0,0,0,1
141902,0,0,0,0,0,0,0,0,1
141903,0,0,0,0,0,0,0,0,1
141904,0,0,0,0,0,0,0,0,1
141905,0,0,0,0,0,0,0,0,1
141906,0,0,0,0,0,0,0,0,1
141907,0,0,0,0,0,0,0,0,1
141908,0,0,0,0,0,0,0,0,1
141909,0,0,0,0,0,0,0,0,1
141910,0,0,0,0,0,0,0,0,1
141911,0,0,0,0,0,0,0,0,1
141912,0,0,0,0,0,0,0,0,1
141913,0,0,0,0,0,0,0,0,1
141914,0,0,0,0,0,0,0,0,1
141915,0,0,0,0,0,0,0,0,1
141916,0,0,0,0,0,0,0,0,1
141917,0,0,0,0,0,0,0,0,1
141918,0,0,0,0,0,0,0,0,1
141919,0,0,0,0,0,0,0,0,1
141920,0,0,0,0,0,0,0,0,1
141921,0,0,0,0,0,0,0,0,1
141922,0,0,0,0,0,0,0,0,1
141923,0,0,0,0,0,0,0,0,1
141924,0,0,0,0,0,0,0,0,1
141925,0,0,0,0,0,0,0,0,1
141926,0,0,0,0,0,0,0,0,1
141927,0,0,0,0,0,0,0,0,1
141928,0,0,0,0,0,0,0,0,1
141929,0,0,0,0,0,0,0,0,1
141930,0,0,0,0,0,0,0,0,1
141931,0,0,0,0,0,0,0,0,1
141932,0,0,0,0,0,0,0,0,1
141933,0,0,0,0,0,0,0,0,1
141934,0,0,0,0,0,0,0,0,1
141935,0,0,0,0,0,0,0,0,1
141936,0,0,0,0,0,0,0,0,1
141937,0,0,0,0,0,0,0,0,1
141938,0,0,0,0,0,0,0,0,1
141939,0,0,0,0,0,0,0,0,1
141940,0,0,0,0,0,0,0,0,1
141941,0,0,0,0,0,0,0,0,1
141942,0,0,0,0,0,0,0,0,1
141943,0,0,0,0,0,0,0,0,1
141944,0,0,0,0,0,0,0,0,1
141945,0,0,0,0,0,0,0,0,1
141946,0,0,0,0,0,0,0,0,1
141947,0,0,0,0,0,0,0,0,1
141948,0,0,0,0,0,0,0,0,1
141949,0,0,0,0,0,0,0,0,1
141950,0,0,0,0,0,0,0,0,1
141951,0,0,0,0,0,0,0,0,1
141952,0,0,0,0,0,0,0,0,1
141953,0,0,0,0,0,0,0,0,1
141954,0,0,0,0,0,0,0,0,1
141955,0,0,0,0,0,0,0,0,1
141956,0,0,0,0,0,0,0,0,1
141957,0,0,0,0,0,0,0,0,1
141958,0,0,0,0,0,0,0,0,1
141959,0,0,0,0,0,0,0,0,1
141960,0,0,0,0,0,0,0,0,1
141961,0,0,0,0,0,0,0,0,1
141962,0,0,0,0,0,0,0,0,1
141963,0,0,0,0,0,0,0,0,1
141964,0,0,0,0,0,0,0,0,1
141965,0,0,0,0,0,0,0,0,1
141966,0,0,0,0,0,0,0,0,1
141967,0,0,0,0,0,0,0,0,1
141968,0,0,0,0,0,0,0,0,1
141969,0,0,0,0,0,0,0,0,1
141970,0,0,0,0,0,0,0,0,1
141971,0,0,0,0,0,0,0,0,1
141972,0,0,0,0,0,0,0,0,1
141973,0,0,0,0,0,0,0,0,1
141974,0,0,0,0,0,0,0,0,1
141975,0,0,0,0,0,0,0,0,1
141976,0,0,0,0,0,0,0,0,1
141977,0,0,0,0,0,0,0,0,1
141978,0,0,0,0,0,0,0,0,1
141979,0,0,0,0,0,0,0,0,1
141980,0,0,0,0,0,0,0,0,1
141981,0,0,0,0,0,0,0,0,1
141982,0,0,0,0,0,0,0,0,1
141983,0,0,0,0,0,0,0,0,1
141984,0,0,0,0,0,0,0,0,1
141985,0,0,0,0,0,0,0,0,1
141986,0,0,0,0,0,0,0,0,1
141987,0,0,0,0,0,0,0,0,1
141988,0,0,0,0,0,0,0,0,1
141989,0,0,0,0,0,0,0,0,1
141990,0,0,0,0,0,0,0,0,1
141991,0,0,0,0,0,0,0,0,1
141992,0,0,0,0,0,0,0,0,1
141993,0,0,0,0,0,0,0,0,1
141994,0,0,0,0,0,0,0,0,1
141995,0,0,0,0,0,0,0,0,1
141996,0,0,0,0,0,0,0,0,1
141997,0,0,0,0,0,0,0,0,1
141998,0,0,0,0,0,0,0,0,1
141999,0,0,0,0,0,0,0,0,1
142000,0,0,0,0,0,0,0,0,1
142001,0,0,0,0,0,0,0,0,1
142002,0,0,0,0,0,0,0,0,1
142003,0,0,0,0,0,0,0,0,1
142004,0,0,0,0,0,0,0,0,1
142005,0,0,0,0,0,0,0,0,1
142006,0,0,0,0,0,0,0,0,1
142007,0,0,0,0,0,0,0,0,1
142008,0,0,0,0,0,0,0,0,1
142009,0,0,0,0,0,0,0,0,1
142010,0,0,0,0,0,0,0,0,1
142011,0,0,0,0,0,0,0,0,1
142012,0,0,0,0,0,0,0,0,1
142013,0,0,0,0,0,0,0,0,1
142014,0,0,0,0,0,0,0,0,1
142015,0,0,0,0,0,0,0,0,1
142016,0,0,0,0,0,0,0,0,1
142017,0,0,0,0,0,0,0,0,1
142018,0,0,0,0,0,0,0,0,1
142019,0,0,0,0,0,0,0,0,1
142020,0,0,0,0,0,0,0,0,1
142021,0,0,0,0,0,0,0,0,1
142022,0,0,0,0,0,0,0,0,1
142023,0,0,0,0,0,0,0,0,1
142024,0,0,0,0,0,0,0,0,1
142025,0,0,0,0,0,0,0,0,1
142026,0,0,0,0,0,0,0,0,1
142027,0,0,0,0,0,0,0,0,1
142028,0,0,0,0,0,0,0,0,1
142029,0,0,0,0,0,0,0,0,1
142030,0,0,0,0,0,0,0,0,1
142031,0,0,0,0,0,0,0,0,1
142032,0,0,0,0,0,0,0,0,1
142033,0,0,0,0,0,0,0,0,1
142034,0,0,0,0,0,0,0,0,1
142035,0,0,0,0,0,0,0,0,1
142036,0,0,0,0,0,0,0,0,1
142037,0,0,0,0,0,0,0,0,1
142038,0,0,0,0,0,0,0,0,1
142039,0,0,0,0,0,0,0,0,1
142040,0,0,0,0,0,0,0,0,1
142041,0,0,0,0,0,0,0,0,1
142042,0,0,0,0,0,0,0,0,1
142043,0,0,0,0,0,0,0,0,1
142044,0,0,0,0,0,0,0,0,1
142045,0,0,0,0,0,0,0,0,1
142046,0,0,0,0,0,0,0,0,1
142047,0,0,0,0,0,0,0,0,1
142048,0,0,0,0,0,0,0,0,1
142049,0,0,0,0,0,0,0,0,1
142050,0,0,0,0,0,0,0,0,1
142051,0,0,0,0,0,0,0,0,1
142052,0,0,0,0,0,0,0,0,1
142053,0,0,0,0,0,0,0,0,1
142054,0,0,0,0,0,0,0,0,1
142055,0,0,0,0,0,0,0,0,1
142056,0,0,0,0,0,0,0,0,1
142057,0,0,0,0,0,0,0,0,1
142058,0,0,0,0,0,0,0,0,1
142059,0,0,0,0,0,0,0,0,1
142060,0,0,0,0,0,0,0,0,1
142061,0,0,0,0,0,0,0,0,1
142062,0,0,0,0,0,0,0,0,1
142063,0,0,0,0,0,0,0,0,1
142064,0,0,0,0,0,0,0,0,1
142065,0,0,0,0,0,0,0,0,1
142066,0,0,0,0,0,0,0,0,1
142067,0,0,0,0,0,0,0,0,1
142068,0,0,0,0,0,0,0,0,1
142069,0,0,0,0,0,0,0,0,1
142070,0,0,0,0,0,0,0,0,1
142071,0,0,0,0,0,0,0,0,1
142072,0,0,0,0,0,0,0,0,1
142073,0,0,0,0,0,0,0,0,1
142074,0,0,0,0,0,0,0,0,1
142075,0,0,0,0,0,0,0,0,1
142076,0,0,0,0,0,0,0,0,1
142077,0,0,0,0,0,0,0,0,1
142078,0,0,0,0,0,0,0,0,1
142079,0,0,0,0,0,0,0,0,1
142080,0,0,0,0,0,0,0,0,1
142081,0,0,0,0,0,0,0,0,1
142082,0,0,0,0,0,0,0,0,1
142083,0,0,0,0,0,0,0,0,1
142084,0,0,0,0,0,0,0,0,1
142085,0,0,0,0,0,0,0,0,1
142086,0,0,0,0,0,0,0,0,1
142087,0,0,0,0,0,0,0,0,1
142088,0,0,0,0,0,0,0,0,1
142089,0,0,0,0,0,0,0,0,1
142090,0,0,0,0,0,0,0,0,1
142091,0,0,0,0,0,0,0,0,1
142092,0,0,0,0,0,0,0,0,1
142093,0,0,0,0,0,0,0,0,1
142094,0,0,0,0,0,0,0,0,1
142095,0,0,0,0,0,0,0,0,1
142096,0,0,0,0,0,0,0,0,1
142097,0,0,0,0,0,0,0,0,1
142098,0,0,0,0,0,0,0,0,1
142099,0,0,0,0,0,0,0,0,1
142100,0,0,0,0,0,0,0,0,1
142101,0,0,0,0,0,0,0,0,1
142102,0,0,0,0,0,0,0,0,1
142103,0,0,0,0,0,0,0,0,1
142104,0,0,0,0,0,0,0,0,1
142105,0,0,0,0,0,0,0,0,1
142106,0,0,0,0,0,0,0,0,1
142107,0,0,0,0,0,0,0,0,1
142108,0,0,0,0,0,0,0,0,1
142109,0,0,0,0,0,0,0,0,1
142110,0,0,0,0,0,0,0,0,1
142111,0,0,0,0,0,0,0,0,1
142112,0,0,0,0,0,0,0,0,1
142113,0,0,0,0,0,0,0,0,1
142114,0,0,0,0,0,0,0,0,1
142115,0,0,0,0,0,0,0,0,1
142116,0,0,0,0,0,0,0,0,1
142117,0,0,0,0,0,0,0,0,1
142118,0,0,0,0,0,0,0,0,1
142119,0,0,0,0,0,0,0,0,1
142120,0,0,0,0,0,0,0,0,1
142121,0,0,0,0,0,0,0,0,1
142122,0,0,0,0,0,0,0,0,1
142123,0,0,0,0,0,0,0,0,1
142124,0,0,0,0,0,0,0,0,1
142125,0,0,0,0,0,0,0,0,1
142126,0,0,0,0,0,0,0,0,1
142127,0,0,0,0,0,0,0,0,1
142128,0,0,0,0,0,0,0,0,1
142129,0,0,0,0,0,0,0,0,1
142130,0,0,0,0,0,0,0,0,1
142131,0,0,0,0,0,0,0,0,1
142132,0,0,0,0,0,0,0,0,1
142133,0,0,0,0,0,0,0,0,1
142134,0,0,0,0,0,0,0,0,1
142135,0,0,0,0,0,0,0,0,1
142136,0,0,0,0,0,0,0,0,1
142137,0,0,0,0,0,0,0,0,1
142138,0,0,0,0,0,0,0,0,1
142139,0,0,0,0,0,0,0,0,1
142140,0,0,0,0,0,0,0,0,1
142141,0,0,0,0,0,0,0,0,1
142142,0,0,0,0,0,0,0,0,1
142143,0,0,0,0,0,0,0,0,1
142144,0,0,0,0,0,0,0,0,1
142145,0,0,0,0,0,0,0,0,1
142146,0,0,0,0,0,0,0,0,1
142147,0,0,0,0,0,0,0,0,1
142148,0,0,0,0,0,0,0,0,1
142149,0,0,0,0,0,0,0,0,1
142150,0,0,0,0,0,0,0,0,1
142151,0,0,0,0,0,0,0,0,1
142152,0,0,0,0,0,0,0,0,1
142153,0,0,0,0,0,0,0,0,1
142154,0,0,0,0,0,0,0,0,1
142155,0,0,0,0,0,0,0,0,1
142156,0,0,0,0,0,0,0,0,1
142157,0,0,0,0,0,0,0,0,1
142158,0,0,0,0,0,0,0,0,1
142159,0,0,0,0,0,0,0,0,1
142160,0,0,0,0,0,0,0,0,1
142161,0,0,0,0,0,0,0,0,1
142162,0,0,0,0,0,0,0,0,1
142163,0,0,0,0,0,0,0,0,1
142164,0,0,0,0,0,0,0,0,1
142165,0,0,0,0,0,0,0,0,1
142166,0,0,0,0,0,0,0,0,1
142167,0,0,0,0,0,0,0,0,1
142168,0,0,0,0,0,0,0,0,1
142169,0,0,0,0,0,0,0,0,1
142170,0,0,0,0,0,0,0,0,1
142171,0,0,0,0,0,0,0,0,1
142172,0,0,0,0,0,0,0,0,1
142173,0,0,0,0,0,0,0,0,1
142174,0,0,0,0,0,0,0,0,1
142175,0,0,0,0,0,0,0,0,1
142176,0,0,0,0,0,0,0,0,1
142177,0,0,0,0,0,0,0,0,1
142178,0,0,0,0,0,0,0,0,1
142179,0,0,0,0,0,0,0,0,1
142180,0,0,0,0,0,0,0,0,1
142181,0,0,0,0,0,0,0,0,1
142182,0,0,0,0,0,0,0,0,1
142183,0,0,0,0,0,0,0,0,1
142184,0,0,0,0,0,0,0,0,1
142185,0,0,0,0,0,0,0,0,1
142186,0,0,0,0,0,0,0,0,1
142187,0,0,0,0,0,0,0,0,1
142188,0,0,0,0,0,0,0,0,1
142189,0,0,0,0,0,0,0,0,1
142190,0,0,0,0,0,0,0,0,1
142191,0,0,0,0,0,0,0,0,1
142192,0,0,0,0,0,0,0,0,1
142193,0,0,0,0,0,0,0,0,1
142194,0,0,0,0,0,0,0,0,1
142195,0,0,0,0,0,0,0,0,1
142196,0,0,0,0,0,0,0,0,1
142197,0,0,0,0,0,0,0,0,1
142198,0,0,0,0,0,0,0,0,1
142199,0,0,0,0,0,0,0,0,1
142200,0,0,0,0,0,0,0,0,1
142201,0,0,0,0,0,0,0,0,1
142202,0,0,0,0,0,0,0,0,1
142203,0,0,0,0,0,0,0,0,1
142204,0,0,0,0,0,0,0,0,1
142205,0,0,0,0,0,0,0,0,1
142206,0,0,0,0,0,0,0,0,1
142207,0,0,0,0,0,0,0,0,1
142208,0,0,0,0,0,0,0,0,1
142209,0,0,0,0,0,0,0,0,1
142210,0,0,0,0,0,0,0,0,1
142211,0,0,0,0,0,0,0,0,1
142212,0,0,0,0,0,0,0,0,1
142213,0,0,0,0,0,0,0,0,1
142214,0,0,0,0,0,0,0,0,1
142215,0,0,0,0,0,0,0,0,1
142216,0,0,0,0,0,0,0,0,1
142217,0,0,0,0,0,0,0,0,1
142218,0,0,0,0,0,0,0,0,1
142219,0,0,0,0,0,0,0,0,1
142220,0,0,0,0,0,0,0,0,1
142221,0,0,0,0,0,0,0,0,1
142222,0,0,0,0,0,0,0,0,1
142223,0,0,0,0,0,0,0,0,1
142224,0,0,0,0,0,0,0,0,1
142225,0,0,0,0,0,0,0,0,1
142226,0,0,0,0,0,0,0,0,1
142227,0,0,0,0,0,0,0,0,1
142228,0,0,0,0,0,0,0,0,1
142229,0,0,0,0,0,0,0,0,1
142230,0,0,0,0,0,0,0,0,1
142231,0,0,0,0,0,0,0,0,1
142232,0,0,0,0,0,0,0,0,1
142233,0,0,0,0,0,0,0,0,1
142234,0,0,0,0,0,0,0,0,1
142235,0,0,0,0,0,0,0,0,1
142236,0,0,0,0,0,0,0,0,1
142237,0,0,0,0,0,0,0,0,1
142238,0,0,0,0,0,0,0,0,1
142239,0,0,0,0,0,0,0,0,1
142240,0,0,0,0,0,0,0,0,1
142241,0,0,0,0,0,0,0,0,1
142242,0,0,0,0,0,0,0,0,1
142243,0,0,0,0,0,0,0,0,1
142244,0,0,0,0,0,0,0,0,1
142245,0,0,0,0,0,0,0,0,1
142246,0,0,0,0,0,0,0,0,1
142247,0,0,0,0,0,0,0,0,1
142248,0,0,0,0,0,0,0,0,1
142249,0,0,0,0,0,0,0,0,1
142250,0,0,0,0,0,0,0,0,1
142251,0,0,0,0,0,0,0,0,1
142252,0,0,0,0,0,0,0,0,1
142253,0,0,0,0,0,0,0,0,1
142254,0,0,0,0,0,0,0,0,1
142255,0,0,0,0,0,0,0,0,1
142256,0,0,0,0,0,0,0,0,1
142257,0,0,0,0,0,0,0,0,1
142258,0,0,0,0,0,0,0,0,1
142259,0,0,0,0,0,0,0,0,1
142260,0,0,0,0,0,0,0,0,1
142261,0,0,0,0,0,0,0,0,1
142262,0,0,0,0,0,0,0,0,1
142263,0,0,0,0,0,0,0,0,1
142264,0,0,0,0,0,0,0,0,1
142265,0,0,0,0,0,0,0,0,1
142266,0,0,0,0,0,0,0,0,1
142267,0,0,0,0,0,0,0,0,1
142268,0,0,0,0,0,0,0,0,1
142269,0,0,0,0,0,0,0,0,1
142270,0,0,0,0,0,0,0,0,1
142271,0,0,0,0,0,0,0,0,1
142272,0,0,0,0,0,0,0,0,1
142273,0,0,0,0,0,0,0,0,1
142274,0,0,0,0,0,0,0,0,1
142275,0,0,0,0,0,0,0,0,1
142276,0,0,0,0,0,0,0,0,1
142277,0,0,0,0,0,0,0,0,1
142278,0,0,0,0,0,0,0,0,1
142279,0,0,0,0,0,0,0,0,1
142280,0,0,0,0,0,0,0,0,1
142281,0,0,0,0,0,0,0,0,1
142282,0,0,0,0,0,0,0,0,1
142283,0,0,0,0,0,0,0,0,1
142284,0,0,0,0,0,0,0,0,1
142285,0,0,0,0,0,0,0,0,1
142286,0,0,0,0,0,0,0,0,1
142287,0,0,0,0,0,0,0,0,1
142288,0,0,0,0,0,0,0,0,1
142289,0,0,0,0,0,0,0,0,1
142290,0,0,0,0,0,0,0,0,1
142291,0,0,0,0,0,0,0,0,1
142292,0,0,0,0,0,0,0,0,1
142293,0,0,0,0,0,0,0,0,1
142294,0,0,0,0,0,0,0,0,1
142295,0,0,0,0,0,0,0,0,1
142296,0,0,0,0,0,0,0,0,1
142297,0,0,0,0,0,0,0,0,1
142298,0,0,0,0,0,0,0,0,1
142299,0,0,0,0,0,0,0,0,1
142300,0,0,0,0,0,0,0,0,1
142301,0,0,0,0,0,0,0,0,1
142302,0,0,0,0,0,0,0,0,1
142303,0,0,0,0,0,0,0,0,1
142304,0,0,0,0,0,0,0,0,1
142305,0,0,0,0,0,0,0,0,1
142306,0,0,0,0,0,0,0,0,1
142307,0,0,0,0,0,0,0,0,1
142308,0,0,0,0,0,0,0,0,1
142309,0,0,0,0,0,0,0,0,1
142310,0,0,0,0,0,0,0,0,1
142311,0,0,0,0,0,0,0,0,1
142312,0,0,0,0,0,0,0,0,1
142313,0,0,0,0,0,0,0,0,1
142314,0,0,0,0,0,0,0,0,1
142315,0,0,0,0,0,0,0,0,1
142316,0,0,0,0,0,0,0,0,1
142317,0,0,0,0,0,0,0,0,1
142318,0,0,0,0,0,0,0,0,1
142319,0,0,0,0,0,0,0,0,1
142320,0,0,0,0,0,0,0,0,1
142321,0,0,0,0,0,0,0,0,1
142322,0,0,0,0,0,0,0,0,1
142323,0,0,0,0,0,0,0,0,1
142324,0,0,0,0,0,0,0,0,1
142325,0,0,0,0,0,0,0,0,1
142326,0,0,0,0,0,0,0,0,1
142327,0,0,0,0,0,0,0,0,1
142328,0,0,0,0,0,0,0,0,1
142329,0,0,0,0,0,0,0,0,1
142330,0,0,0,0,0,0,0,0,1
142331,0,0,0,0,0,0,0,0,1
142332,0,0,0,0,0,0,0,0,1
142333,0,0,0,0,0,0,0,0,1
142334,0,0,0,0,0,0,0,0,1
142335,0,0,0,0,0,0,0,0,1
142336,0,0,0,0,0,0,0,0,1
142337,0,0,0,0,0,0,0,0,1
142338,0,0,0,0,0,0,0,0,1
142339,0,0,0,0,0,0,0,0,1
142340,0,0,0,0,0,0,0,0,1
142341,0,0,0,0,0,0,0,0,1
142342,0,0,0,0,0,0,0,0,1
142343,0,0,0,0,0,0,0,0,1
142344,0,0,0,0,0,0,0,0,1
142345,0,0,0,0,0,0,0,0,1
142346,0,0,0,0,0,0,0,0,1
142347,0,0,0,0,0,0,0,0,1
142348,0,0,0,0,0,0,0,0,1
142349,0,0,0,0,0,0,0,0,1
142350,0,0,0,0,0,0,0,0,1
142351,0,0,0,0,0,0,0,0,1
142352,0,0,0,0,0,0,0,0,1
142353,0,0,0,0,0,0,0,0,1
142354,0,0,0,0,0,0,0,0,1
142355,0,0,0,0,0,0,0,0,1
142356,0,0,0,0,0,0,0,0,1
142357,0,0,0,0,0,0,0,0,1
142358,0,0,0,0,0,0,0,0,1
142359,0,0,0,0,0,0,0,0,1
142360,0,0,0,0,0,0,0,0,1
142361,0,0,0,0,0,0,0,0,1
142362,0,0,0,0,0,0,0,0,1
142363,0,0,0,0,0,0,0,0,1
142364,0,0,0,0,0,0,0,0,1
142365,0,0,0,0,0,0,0,0,1
142366,0,0,0,0,0,0,0,0,1
142367,0,0,0,0,0,0,0,0,1
142368,0,0,0,0,0,0,0,0,1
142369,0,0,0,0,0,0,0,0,1
142370,0,0,0,0,0,0,0,0,1
142371,0,0,0,0,0,0,0,0,1
142372,0,0,0,0,0,0,0,0,1
142373,0,0,0,0,0,0,0,0,1
142374,0,0,0,0,0,0,0,0,1
142375,0,0,0,0,0,0,0,0,1
142376,0,0,0,0,0,0,0,0,1
142377,0,0,0,0,0,0,0,0,1
142378,0,0,0,0,0,0,0,0,1
142379,0,0,0,0,0,0,0,0,1
142380,0,0,0,0,0,0,0,0,1
142381,0,0,0,0,0,0,0,0,1
142382,0,0,0,0,0,0,0,0,1
142383,0,0,0,0,0,0,0,0,1
142384,0,0,0,0,0,0,0,0,1
142385,0,0,0,0,0,0,0,0,1
142386,0,0,0,0,0,0,0,0,1
142387,0,0,0,0,0,0,0,0,1
142388,0,0,0,0,0,0,0,0,1
142389,0,0,0,0,0,0,0,0,1
142390,0,0,0,0,0,0,0,0,1
142391,0,0,0,0,0,0,0,0,1
142392,0,0,0,0,0,0,0,0,1
142393,0,0,0,0,0,0,0,0,1
142394,0,0,0,0,0,0,0,0,1
142395,0,0,0,0,0,0,0,0,1
142396,0,0,0,0,0,0,0,0,1
142397,0,0,0,0,0,0,0,0,1
142398,0,0,0,0,0,0,0,0,1
142399,0,0,0,0,0,0,0,0,1
142400,0,0,0,0,0,0,0,0,1
142401,0,0,0,0,0,0,0,0,1
142402,0,0,0,0,0,0,0,0,1
142403,0,0,0,0,0,0,0,0,1
142404,0,0,0,0,0,0,0,0,1
142405,0,0,0,0,0,0,0,0,1
142406,0,0,0,0,0,0,0,0,1
142407,0,0,0,0,0,0,0,0,1
142408,0,0,0,0,0,0,0,0,1
142409,0,0,0,0,0,0,0,0,1
142410,0,0,0,0,0,0,0,0,1
142411,0,0,0,0,0,0,0,0,1
142412,0,0,0,0,0,0,0,0,1
142413,0,0,0,0,0,0,0,0,1
142414,0,0,0,0,0,0,0,0,1
142415,0,0,0,0,0,0,0,0,1
142416,0,0,0,0,0,0,0,0,1
142417,0,0,0,0,0,0,0,0,1
142418,0,0,0,0,0,0,0,0,1
142419,0,0,0,0,0,0,0,0,1
142420,0,0,0,0,0,0,0,0,1
142421,0,0,0,0,0,0,0,0,1
142422,0,0,0,0,0,0,0,0,1
142423,0,0,0,0,0,0,0,0,1
142424,0,0,0,0,0,0,0,0,1
142425,0,0,0,0,0,0,0,0,1
142426,0,0,0,0,0,0,0,0,1
142427,0,0,0,0,0,0,0,0,1
142428,0,0,0,0,0,0,0,0,1
142429,0,0,0,0,0,0,0,0,1
142430,0,0,0,0,0,0,0,0,1
142431,0,0,0,0,0,0,0,0,1
142432,0,0,0,0,0,0,0,0,1
142433,0,0,0,0,0,0,0,0,1
142434,0,0,0,0,0,0,0,0,1
142435,0,0,0,0,0,0,0,0,1
142436,0,0,0,0,0,0,0,0,1
142437,0,0,0,0,0,0,0,0,1
142438,0,0,0,0,0,0,0,0,1
142439,0,0,0,0,0,0,0,0,1
142440,0,0,0,0,0,0,0,0,1
142441,0,0,0,0,0,0,0,0,1
142442,0,0,0,0,0,0,0,0,1
142443,0,0,0,0,0,0,0,0,1
142444,0,0,0,0,0,0,0,0,1
142445,0,0,0,0,0,0,0,0,1
142446,0,0,0,0,0,0,0,0,1
142447,0,0,0,0,0,0,0,0,1
142448,0,0,0,0,0,0,0,0,1
142449,0,0,0,0,0,0,0,0,1
142450,0,0,0,0,0,0,0,0,1
142451,0,0,0,0,0,0,0,0,1
142452,0,0,0,0,0,0,0,0,1
142453,0,0,0,0,0,0,0,0,1
142454,0,0,0,0,0,0,0,0,1
142455,0,0,0,0,0,0,0,0,1
142456,0,0,0,0,0,0,0,0,1
142457,0,0,0,0,0,0,0,0,1
142458,0,0,0,0,0,0,0,0,1
142459,0,0,0,0,0,0,0,0,1
142460,0,0,0,0,0,0,0,0,1
142461,0,0,0,0,0,0,0,0,1
142462,0,0,0,0,0,0,0,0,1
142463,0,0,0,0,0,0,0,0,1
142464,0,0,0,0,0,0,0,0,1
142465,0,0,0,0,0,0,0,0,1
142466,0,0,0,0,0,0,0,0,1
142467,0,0,0,0,0,0,0,0,1
142468,0,0,0,0,0,0,0,0,1
142469,0,0,0,0,0,0,0,0,1
142470,0,0,0,0,0,0,0,0,1
142471,0,0,0,0,0,0,0,0,1
142472,0,0,0,0,0,0,0,0,1
142473,0,0,0,0,0,0,0,0,1
142474,0,0,0,0,0,0,0,0,1
142475,0,0,0,0,0,0,0,0,1
142476,0,0,0,0,0,0,0,0,1
142477,0,0,0,0,0,0,0,0,1
142478,0,0,0,0,0,0,0,0,1
142479,0,0,0,0,0,0,0,0,1
142480,0,0,0,0,0,0,0,0,1
142481,0,0,0,0,0,0,0,0,1
142482,0,0,0,0,0,0,0,0,1
142483,0,0,0,0,0,0,0,0,1
142484,0,0,0,0,0,0,0,0,1
142485,0,0,0,0,0,0,0,0,1
142486,0,0,0,0,0,0,0,0,1
142487,0,0,0,0,0,0,0,0,1
142488,0,0,0,0,0,0,0,0,1
142489,0,0,0,0,0,0,0,0,1
142490,0,0,0,0,0,0,0,0,1
142491,0,0,0,0,0,0,0,0,1
142492,0,0,0,0,0,0,0,0,1
142493,0,0,0,0,0,0,0,0,1
142494,0,0,0,0,0,0,0,0,1
142495,0,0,0,0,0,0,0,0,1
142496,0,0,0,0,0,0,0,0,1
142497,0,0,0,0,0,0,0,0,1
142498,0,0,0,0,0,0,0,0,1
142499,0,0,0,0,0,0,0,0,1
142500,0,0,0,0,0,0,0,0,1
142501,0,0,0,0,0,0,0,0,1
142502,0,0,0,0,0,0,0,0,1
142503,0,0,0,0,0,0,0,0,1
142504,0,0,0,0,0,0,0,0,1
142505,0,0,0,0,0,0,0,0,1
142506,0,0,0,0,0,0,0,0,1
142507,0,0,0,0,0,0,0,0,1
142508,0,0,0,0,0,0,0,0,1
142509,0,0,0,0,0,0,0,0,1
142510,0,0,0,0,0,0,0,0,1
142511,0,0,0,0,0,0,0,0,1
142512,0,0,0,0,0,0,0,0,1
142513,0,0,0,0,0,0,0,0,1
142514,0,0,0,0,0,0,0,0,1
142515,0,0,0,0,0,0,0,0,1
142516,0,0,0,0,0,0,0,0,1
142517,0,0,0,0,0,0,0,0,1
142518,0,0,0,0,0,0,0,0,1
142519,0,0,0,0,0,0,0,0,1
142520,0,0,0,0,0,0,0,0,1
142521,0,0,0,0,0,0,0,0,1
142522,0,0,0,0,0,0,0,0,1
142523,0,0,0,0,0,0,0,0,1
142524,0,0,0,0,0,0,0,0,1
142525,0,0,0,0,0,0,0,0,1
142526,0,0,0,0,0,0,0,0,1
142527,0,0,0,0,0,0,0,0,1
142528,0,0,0,0,0,0,0,0,1
142529,0,0,0,0,0,0,0,0,1
142530,0,0,0,0,0,0,0,0,1
142531,0,0,0,0,0,0,0,0,1
142532,0,0,0,0,0,0,0,0,1
142533,0,0,0,0,0,0,0,0,1
142534,0,0,0,0,0,0,0,0,1
142535,0,0,0,0,0,0,0,0,1
142536,0,0,0,0,0,0,0,0,1
142537,0,0,0,0,0,0,0,0,1
142538,0,0,0,0,0,0,0,0,1
142539,0,0,0,0,0,0,0,0,1
142540,0,0,0,0,0,0,0,0,1
142541,0,0,0,0,0,0,0,0,1
142542,0,0,0,0,0,0,0,0,1
142543,0,0,0,0,0,0,0,0,1
142544,0,0,0,0,0,0,0,0,1
142545,0,0,0,0,0,0,0,0,1
142546,0,0,0,0,0,0,0,0,1
142547,0,0,0,0,0,0,0,0,1
142548,0,0,0,0,0,0,0,0,1
142549,0,0,0,0,0,0,0,0,1
142550,0,0,0,0,0,0,0,0,1
142551,0,0,0,0,0,0,0,0,1
142552,0,0,0,0,0,0,0,0,1
142553,0,0,0,0,0,0,0,0,1
142554,0,0,0,0,0,0,0,0,1
142555,0,0,0,0,0,0,0,0,1
142556,0,0,0,0,0,0,0,0,1
142557,0,0,0,0,0,0,0,0,1
142558,0,0,0,0,0,0,0,0,1
142559,0,0,0,0,0,0,0,0,1
142560,0,0,0,0,0,0,0,0,1
142561,0,0,0,0,0,0,0,0,1
142562,0,0,0,0,0,0,0,0,1
142563,0,0,0,0,0,0,0,0,1
142564,0,0,0,0,0,0,0,0,1
142565,0,0,0,0,0,0,0,0,1
142566,0,0,0,0,0,0,0,0,1
142567,0,0,0,0,0,0,0,0,1
142568,0,0,0,0,0,0,0,0,1
142569,0,0,0,0,0,0,0,0,1
142570,0,0,0,0,0,0,0,0,1
142571,0,0,0,0,0,0,0,0,1
142572,0,0,0,0,0,0,0,0,1
142573,0,0,0,0,0,0,0,0,1
142574,0,0,0,0,0,0,0,0,1
142575,0,0,0,0,0,0,0,0,1
142576,0,0,0,0,0,0,0,0,1
142577,0,0,0,0,0,0,0,0,1
142578,0,0,0,0,0,0,0,0,1
142579,0,0,0,0,0,0,0,0,1
142580,0,0,0,0,0,0,0,0,1
142581,0,0,0,0,0,0,0,0,1
142582,0,0,0,0,0,0,0,0,1
142583,0,0,0,0,0,0,0,0,1
142584,0,0,0,0,0,0,0,0,1
142585,0,0,0,0,0,0,0,0,1
142586,0,0,0,0,0,0,0,0,1
142587,0,0,0,0,0,0,0,0,1
142588,0,0,0,0,0,0,0,0,1
142589,0,0,0,0,0,0,0,0,1
142590,0,0,0,0,0,0,0,0,1
142591,0,0,0,0,0,0,0,0,1
142592,0,0,0,0,0,0,0,0,1
142593,0,0,0,0,0,0,0,0,1
142594,0,0,0,0,0,0,0,0,1
142595,0,0,0,0,0,0,0,0,1
142596,0,0,0,0,0,0,0,0,1
142597,0,0,0,0,0,0,0,0,1
142598,0,0,0,0,0,0,0,0,1
142599,0,0,0,0,0,0,0,0,1
142600,0,0,0,0,0,0,0,0,1
142601,0,0,0,0,0,0,0,0,1
142602,0,0,0,0,0,0,0,0,1
142603,0,0,0,0,0,0,0,0,1
142604,0,0,0,0,0,0,0,0,1
142605,0,0,0,0,0,0,0,0,1
142606,0,0,0,0,0,0,0,0,1
142607,0,0,0,0,0,0,0,0,1
142608,0,0,0,0,0,0,0,0,1
142609,0,0,0,0,0,0,0,0,1
142610,0,0,0,0,0,0,0,0,1
142611,0,0,0,0,0,0,0,0,1
142612,0,0,0,0,0,0,0,0,1
142613,0,0,0,0,0,0,0,0,1
142614,0,0,0,0,0,0,0,0,1
142615,0,0,0,0,0,0,0,0,1
142616,0,0,0,0,0,0,0,0,1
142617,0,0,0,0,0,0,0,0,1
142618,0,0,0,0,0,0,0,0,1
142619,0,0,0,0,0,0,0,0,1
142620,0,0,0,0,0,0,0,0,1
142621,0,0,0,0,0,0,0,0,1
142622,0,0,0,0,0,0,0,0,1
142623,0,0,0,0,0,0,0,0,1
142624,0,0,0,0,0,0,0,0,1
142625,0,0,0,0,0,0,0,0,1
142626,0,0,0,0,0,0,0,0,1
142627,0,0,0,0,0,0,0,0,1
142628,0,0,0,0,0,0,0,0,1
142629,0,0,0,0,0,0,0,0,1
142630,0,0,0,0,0,0,0,0,1
142631,0,0,0,0,0,0,0,0,1
142632,0,0,0,0,0,0,0,0,1
142633,0,0,0,0,0,0,0,0,1
142634,0,0,0,0,0,0,0,0,1
142635,0,0,0,0,0,0,0,0,1
142636,0,0,0,0,0,0,0,0,1
142637,0,0,0,0,0,0,0,0,1
142638,0,0,0,0,0,0,0,0,1
142639,0,0,0,0,0,0,0,0,1
142640,0,0,0,0,0,0,0,0,1
142641,0,0,0,0,0,0,0,0,1
142642,0,0,0,0,0,0,0,0,1
142643,0,0,0,0,0,0,0,0,1
142644,0,0,0,0,0,0,0,0,1
142645,0,0,0,0,0,0,0,0,1
142646,0,0,0,0,0,0,0,0,1
142647,0,0,0,0,0,0,0,0,1
142648,0,0,0,0,0,0,0,0,1
142649,0,0,0,0,0,0,0,0,1
142650,0,0,0,0,0,0,0,0,1
142651,0,0,0,0,0,0,0,0,1
142652,0,0,0,0,0,0,0,0,1
142653,0,0,0,0,0,0,0,0,1
142654,0,0,0,0,0,0,0,0,1
142655,0,0,0,0,0,0,0,0,1
142656,0,0,0,0,0,0,0,0,1
142657,0,0,0,0,0,0,0,0,1
142658,0,0,0,0,0,0,0,0,1
142659,0,0,0,0,0,0,0,0,1
142660,0,0,0,0,0,0,0,0,1
142661,0,0,0,0,0,0,0,0,1
142662,0,0,0,0,0,0,0,0,1
142663,0,0,0,0,0,0,0,0,1
142664,0,0,0,0,0,0,0,0,1
142665,0,0,0,0,0,0,0,0,1
142666,0,0,0,0,0,0,0,0,1
142667,0,0,0,0,0,0,0,0,1
142668,0,0,0,0,0,0,0,0,1
142669,0,0,0,0,0,0,0,0,1
142670,0,0,0,0,0,0,0,0,1
142671,0,0,0,0,0,0,0,0,1
142672,0,0,0,0,0,0,0,0,1
142673,0,0,0,0,0,0,0,0,1
142674,0,0,0,0,0,0,0,0,1
142675,0,0,0,0,0,0,0,0,1
142676,0,0,0,0,0,0,0,0,1
142677,0,0,0,0,0,0,0,0,1
142678,0,0,0,0,0,0,0,0,1
142679,0,0,0,0,0,0,0,0,1
142680,0,0,0,0,0,0,0,0,1
142681,0,0,0,0,0,0,0,0,1
142682,0,0,0,0,0,0,0,0,1
142683,0,0,0,0,0,0,0,0,1
142684,0,0,0,0,0,0,0,0,1
142685,0,0,0,0,0,0,0,0,1
142686,0,0,0,0,0,0,0,0,1
142687,0,0,0,0,0,0,0,0,1
142688,0,0,0,0,0,0,0,0,1
142689,0,0,0,0,0,0,0,0,1
142690,0,0,0,0,0,0,0,0,1
142691,0,0,0,0,0,0,0,0,1
142692,0,0,0,0,0,0,0,0,1
142693,0,0,0,0,0,0,0,0,1
142694,0,0,0,0,0,0,0,0,1
142695,0,0,0,0,0,0,0,0,1
142696,0,0,0,0,0,0,0,0,1
142697,0,0,0,0,0,0,0,0,1
142698,0,0,0,0,0,0,0,0,1
142699,0,0,0,0,0,0,0,0,1
142700,0,0,0,0,0,0,0,0,1
142701,0,0,0,0,0,0,0,0,1
142702,0,0,0,0,0,0,0,0,1
142703,0,0,0,0,0,0,0,0,1
142704,0,0,0,0,0,0,0,0,1
142705,0,0,0,0,0,0,0,0,1
142706,0,0,0,0,0,0,0,0,1
142707,0,0,0,0,0,0,0,0,1
142708,0,0,0,0,0,0,0,0,1
142709,0,0,0,0,0,0,0,0,1
142710,0,0,0,0,0,0,0,0,1
142711,0,0,0,0,0,0,0,0,1
142712,0,0,0,0,0,0,0,0,1
142713,0,0,0,0,0,0,0,0,1
142714,0,0,0,0,0,0,0,0,1
142715,0,0,0,0,0,0,0,0,1
142716,0,0,0,0,0,0,0,0,1
142717,0,0,0,0,0,0,0,0,1
142718,0,0,0,0,0,0,0,0,1
142719,0,0,0,0,0,0,0,0,1
142720,0,0,0,0,0,0,0,0,1
142721,0,0,0,0,0,0,0,0,1
142722,0,0,0,0,0,0,0,0,1
142723,0,0,0,0,0,0,0,0,1
142724,0,0,0,0,0,0,0,0,1
142725,0,0,0,0,0,0,0,0,1
142726,0,0,0,0,0,0,0,0,1
142727,0,0,0,0,0,0,0,0,1
142728,0,0,0,0,0,0,0,0,1
142729,0,0,0,0,0,0,0,0,1
142730,0,0,0,0,0,0,0,0,1
142731,0,0,0,0,0,0,0,0,1
142732,0,0,0,0,0,0,0,0,1
142733,0,0,0,0,0,0,0,0,1
142734,0,0,0,0,0,0,0,0,1
142735,0,0,0,0,0,0,0,0,1
142736,0,0,0,0,0,0,0,0,1
142737,0,0,0,0,0,0,0,0,1
142738,0,0,0,0,0,0,0,0,1
142739,0,0,0,0,0,0,0,0,1
142740,0,0,0,0,0,0,0,0,1
142741,0,0,0,0,0,0,0,0,1
142742,0,0,0,0,0,0,0,0,1
142743,0,0,0,0,0,0,0,0,1
142744,0,0,0,0,0,0,0,0,1
142745,0,0,0,0,0,0,0,0,1
142746,0,0,0,0,0,0,0,0,1
142747,0,0,0,0,0,0,0,0,1
142748,0,0,0,0,0,0,0,0,1
142749,0,0,0,0,0,0,0,0,1
142750,0,0,0,0,0,0,0,0,1
142751,0,0,0,0,0,0,0,0,1
142752,0,0,0,0,0,0,0,0,1
142753,0,0,0,0,0,0,0,0,1
142754,0,0,0,0,0,0,0,0,1
142755,0,0,0,0,0,0,0,0,1
142756,0,0,0,0,0,0,0,0,1
142757,0,0,0,0,0,0,0,0,1
142758,0,0,0,0,0,0,0,0,1
142759,0,0,0,0,0,0,0,0,1
142760,0,0,0,0,0,0,0,0,1
142761,0,0,0,0,0,0,0,0,1
142762,0,0,0,0,0,0,0,0,1
142763,0,0,0,0,0,0,0,0,1
142764,0,0,0,0,0,0,0,0,1
142765,0,0,0,0,0,0,0,0,1
142766,0,0,0,0,0,0,0,0,1
142767,0,0,0,0,0,0,0,0,1
142768,0,0,0,0,0,0,0,0,1
142769,0,0,0,0,0,0,0,0,1
142770,0,0,0,0,0,0,0,0,1
142771,0,0,0,0,0,0,0,0,1
142772,0,0,0,0,0,0,0,0,1
142773,0,0,0,0,0,0,0,0,1
142774,0,0,0,0,0,0,0,0,1
142775,0,0,0,0,0,0,0,0,1
142776,0,0,0,0,0,0,0,0,1
142777,0,0,0,0,0,0,0,0,1
142778,0,0,0,0,0,0,0,0,1
142779,0,0,0,0,0,0,0,0,1
142780,0,0,0,0,0,0,0,0,1
142781,0,0,0,0,0,0,0,0,1
142782,0,0,0,0,0,0,0,0,1
142783,0,0,0,0,0,0,0,0,1
142784,0,0,0,0,0,0,0,0,1
142785,0,0,0,0,0,0,0,0,1
142786,0,0,0,0,0,0,0,0,1
142787,0,0,0,0,0,0,0,0,1
142788,0,0,0,0,0,0,0,0,1
142789,0,0,0,0,0,0,0,0,1
142790,0,0,0,0,0,0,0,0,1
142791,0,0,0,0,0,0,0,0,1
142792,0,0,0,0,0,0,0,0,1
142793,0,0,0,0,0,0,0,0,1
142794,0,0,0,0,0,0,0,0,1
142795,0,0,0,0,0,0,0,0,1
142796,0,0,0,0,0,0,0,0,1
142797,0,0,0,0,0,0,0,0,1
142798,0,0,0,0,0,0,0,0,1
142799,0,0,0,0,0,0,0,0,1
142800,0,0,0,0,0,0,0,0,1
142801,0,0,0,0,0,0,0,0,1
142802,0,0,0,0,0,0,0,0,1
142803,0,0,0,0,0,0,0,0,1
142804,0,0,0,0,0,0,0,0,1
142805,0,0,0,0,0,0,0,0,1
142806,0,0,0,0,0,0,0,0,1
142807,0,0,0,0,0,0,0,0,1
142808,0,0,0,0,0,0,0,0,1
142809,0,0,0,0,0,0,0,0,1
142810,0,0,0,0,0,0,0,0,1
142811,0,0,0,0,0,0,0,0,1
142812,0,0,0,0,0,0,0,0,1
142813,0,0,0,0,0,0,0,0,1
142814,0,0,0,0,0,0,0,0,1
142815,0,0,0,0,0,0,0,0,1
142816,0,0,0,0,0,0,0,0,1
142817,0,0,0,0,0,0,0,0,1
142818,0,0,0,0,0,0,0,0,1
142819,0,0,0,0,0,0,0,0,1
142820,0,0,0,0,0,0,0,0,1
142821,0,0,0,0,0,0,0,0,1
142822,0,0,0,0,0,0,0,0,1
142823,0,0,0,0,0,0,0,0,1
142824,0,0,0,0,0,0,0,0,1
142825,0,0,0,0,0,0,0,0,1
142826,0,0,0,0,0,0,0,0,1
142827,0,0,0,0,0,0,0,0,1
142828,0,0,0,0,0,0,0,0,1
142829,0,0,0,0,0,0,0,0,1
142830,0,0,0,0,0,0,0,0,1
142831,0,0,0,0,0,0,0,0,1
142832,0,0,0,0,0,0,0,0,1
142833,0,0,0,0,0,0,0,0,1
142834,0,0,0,0,0,0,0,0,1
142835,0,0,0,0,0,0,0,0,1
142836,0,0,0,0,0,0,0,0,1
142837,0,0,0,0,0,0,0,0,1
142838,0,0,0,0,0,0,0,0,1
142839,0,0,0,0,0,0,0,0,1
142840,0,0,0,0,0,0,0,0,1
142841,0,0,0,0,0,0,0,0,1
142842,0,0,0,0,0,0,0,0,1
142843,0,0,0,0,0,0,0,0,1
142844,0,0,0,0,0,0,0,0,1
142845,0,0,0,0,0,0,0,0,1
142846,0,0,0,0,0,0,0,0,1
142847,0,0,0,0,0,0,0,0,1
142848,0,0,0,0,0,0,0,0,1
142849,0,0,0,0,0,0,0,0,1
142850,0,0,0,0,0,0,0,0,1
142851,0,0,0,0,0,0,0,0,1
142852,0,0,0,0,0,0,0,0,1
142853,0,0,0,0,0,0,0,0,1
142854,0,0,0,0,0,0,0,0,1
142855,0,0,0,0,0,0,0,0,1
142856,0,0,0,0,0,0,0,0,1
142857,0,0,0,0,0,0,0,0,1
142858,0,0,0,0,0,0,0,0,1
142859,0,0,0,0,0,0,0,0,1
142860,0,0,0,0,0,0,0,0,1
142861,0,0,0,0,0,0,0,0,1
142862,0,0,0,0,0,0,0,0,1
142863,0,0,0,0,0,0,0,0,1
142864,0,0,0,0,0,0,0,0,1
142865,0,0,0,0,0,0,0,0,1
142866,0,0,0,0,0,0,0,0,1
142867,0,0,0,0,0,0,0,0,1
142868,0,0,0,0,0,0,0,0,1
142869,0,0,0,0,0,0,0,0,1
142870,0,0,0,0,0,0,0,0,1
142871,0,0,0,0,0,0,0,0,1
142872,0,0,0,0,0,0,0,0,1
142873,0,0,0,0,0,0,0,0,1
142874,0,0,0,0,0,0,0,0,1
142875,0,0,0,0,0,0,0,0,1
142876,0,0,0,0,0,0,0,0,1
142877,0,0,0,0,0,0,0,0,1
142878,0,0,0,0,0,0,0,0,1
142879,0,0,0,0,0,0,0,0,1
142880,0,0,0,0,0,0,0,0,1
142881,0,0,0,0,0,0,0,0,1
142882,0,0,0,0,0,0,0,0,1
142883,0,0,0,0,0,0,0,0,1
142884,0,0,0,0,0,0,0,0,1
142885,0,0,0,0,0,0,0,0,1
142886,0,0,0,0,0,0,0,0,1
142887,0,0,0,0,0,0,0,0,1
142888,0,0,0,0,0,0,0,0,1
142889,0,0,0,0,0,0,0,0,1
142890,0,0,0,0,0,0,0,0,1
142891,0,0,0,0,0,0,0,0,1
142892,0,0,0,0,0,0,0,0,1
142893,0,0,0,0,0,0,0,0,1
142894,0,0,0,0,0,0,0,0,1
142895,0,0,0,0,0,0,0,0,1
142896,0,0,0,0,0,0,0,0,1
142897,0,0,0,0,0,0,0,0,1
142898,0,0,0,0,0,0,0,0,1
142899,0,0,0,0,0,0,0,0,1
142900,0,0,0,0,0,0,0,0,1
142901,0,0,0,0,0,0,0,0,1
142902,0,0,0,0,0,0,0,0,1
142903,0,0,0,0,0,0,0,0,1
142904,0,0,0,0,0,0,0,0,1
142905,0,0,0,0,0,0,0,0,1
142906,0,0,0,0,0,0,0,0,1
142907,0,0,0,0,0,0,0,0,1
142908,0,0,0,0,0,0,0,0,1
142909,0,0,0,0,0,0,0,0,1
142910,0,0,0,0,0,0,0,0,1
142911,0,0,0,0,0,0,0,0,1
142912,0,0,0,0,0,0,0,0,1
142913,0,0,0,0,0,0,0,0,1
142914,0,0,0,0,0,0,0,0,1
142915,0,0,0,0,0,0,0,0,1
142916,0,0,0,0,0,0,0,0,1
142917,0,0,0,0,0,0,0,0,1
142918,0,0,0,0,0,0,0,0,1
142919,0,0,0,0,0,0,0,0,1
142920,0,0,0,0,0,0,0,0,1
142921,0,0,0,0,0,0,0,0,1
142922,0,0,0,0,0,0,0,0,1
142923,0,0,0,0,0,0,0,0,1
142924,0,0,0,0,0,0,0,0,1
142925,0,0,0,0,0,0,0,0,1
142926,0,0,0,0,0,0,0,0,1
142927,0,0,0,0,0,0,0,0,1
142928,0,0,0,0,0,0,0,0,1
142929,0,0,0,0,0,0,0,0,1
142930,0,0,0,0,0,0,0,0,1
142931,0,0,0,0,0,0,0,0,1
142932,0,0,0,0,0,0,0,0,1
142933,0,0,0,0,0,0,0,0,1
142934,0,0,0,0,0,0,0,0,1
142935,0,0,0,0,0,0,0,0,1
142936,0,0,0,0,0,0,0,0,1
142937,0,0,0,0,0,0,0,0,1
142938,0,0,0,0,0,0,0,0,1
142939,0,0,0,0,0,0,0,0,1
142940,0,0,0,0,0,0,0,0,1
142941,0,0,0,0,0,0,0,0,1
142942,0,0,0,0,0,0,0,0,1
142943,0,0,0,0,0,0,0,0,1
142944,0,0,0,0,0,0,0,0,1
142945,0,0,0,0,0,0,0,0,1
142946,0,0,0,0,0,0,0,0,1
142947,0,0,0,0,0,0,0,0,1
142948,0,0,0,0,0,0,0,0,1
142949,0,0,0,0,0,0,0,0,1
142950,0,0,0,0,0,0,0,0,1
142951,0,0,0,0,0,0,0,0,1
142952,0,0,0,0,0,0,0,0,1
142953,0,0,0,0,0,0,0,0,1
142954,0,0,0,0,0,0,0,0,1
142955,0,0,0,0,0,0,0,0,1
142956,0,0,0,0,0,0,0,0,1
142957,0,0,0,0,0,0,0,0,1
142958,0,0,0,0,0,0,0,0,1
142959,0,0,0,0,0,0,0,0,1
142960,0,0,0,0,0,0,0,0,1
142961,0,0,0,0,0,0,0,0,1
142962,0,0,0,0,0,0,0,0,1
142963,0,0,0,0,0,0,0,0,1
142964,0,0,0,0,0,0,0,0,1
142965,0,0,0,0,0,0,0,0,1
142966,0,0,0,0,0,0,0,0,1
142967,0,0,0,0,0,0,0,0,1
142968,0,0,0,0,0,0,0,0,1
142969,0,0,0,0,0,0,0,0,1
142970,0,0,0,0,0,0,0,0,1
142971,0,0,0,0,0,0,0,0,1
142972,0,0,0,0,0,0,0,0,1
142973,0,0,0,0,0,0,0,0,1
142974,0,0,0,0,0,0,0,0,1
142975,0,0,0,0,0,0,0,0,1
142976,0,0,0,0,0,0,0,0,1
142977,0,0,0,0,0,0,0,0,1
142978,0,0,0,0,0,0,0,0,1
142979,0,0,0,0,0,0,0,0,1
142980,0,0,0,0,0,0,0,0,1
142981,0,0,0,0,0,0,0,0,1
142982,0,0,0,0,0,0,0,0,1
142983,0,0,0,0,0,0,0,0,1
142984,0,0,0,0,0,0,0,0,1
142985,0,0,0,0,0,0,0,0,1
142986,0,0,0,0,0,0,0,0,1
142987,0,0,0,0,0,0,0,0,1
142988,0,0,0,0,0,0,0,0,1
142989,0,0,0,0,0,0,0,0,1
142990,0,0,0,0,0,0,0,0,1
142991,0,0,0,0,0,0,0,0,1
142992,0,0,0,0,0,0,0,0,1
142993,0,0,0,0,0,0,0,0,1
142994,0,0,0,0,0,0,0,0,1
142995,0,0,0,0,0,0,0,0,1
142996,0,0,0,0,0,0,0,0,1
142997,0,0,0,0,0,0,0,0,1
142998,0,0,0,0,0,0,0,0,1
142999,0,0,0,0,0,0,0,0,1
143000,0,0,0,0,0,0,0,0,1
143001,0,0,0,0,0,0,0,0,1
143002,0,0,0,0,0,0,0,0,1
143003,0,0,0,0,0,0,0,0,1
143004,0,0,0,0,0,0,0,0,1
143005,0,0,0,0,0,0,0,0,1
143006,0,0,0,0,0,0,0,0,1
143007,0,0,0,0,0,0,0,0,1
143008,0,0,0,0,0,0,0,0,1
143009,0,0,0,0,0,0,0,0,1
143010,0,0,0,0,0,0,0,0,1
143011,0,0,0,0,0,0,0,0,1
143012,0,0,0,0,0,0,0,0,1
143013,0,0,0,0,0,0,0,0,1
143014,0,0,0,0,0,0,0,0,1
143015,0,0,0,0,0,0,0,0,1
143016,0,0,0,0,0,0,0,0,1
143017,0,0,0,0,0,0,0,0,1
143018,0,0,0,0,0,0,0,0,1
143019,0,0,0,0,0,0,0,0,1
143020,0,0,0,0,0,0,0,0,1
143021,0,0,0,0,0,0,0,0,1
143022,0,0,0,0,0,0,0,0,1
143023,0,0,0,0,0,0,0,0,1
143024,0,0,0,0,0,0,0,0,1
143025,0,0,0,0,0,0,0,0,1
143026,0,0,0,0,0,0,0,0,1
143027,0,0,0,0,0,0,0,0,1
143028,0,0,0,0,0,0,0,0,1
143029,0,0,0,0,0,0,0,0,1
143030,0,0,0,0,0,0,0,0,1
143031,0,0,0,0,0,0,0,0,1
143032,0,0,0,0,0,0,0,0,1
143033,0,0,0,0,0,0,0,0,1
143034,0,0,0,0,0,0,0,0,1
143035,0,0,0,0,0,0,0,0,1
143036,0,0,0,0,0,0,0,0,1
143037,0,0,0,0,0,0,0,0,1
143038,0,0,0,0,0,0,0,0,1
143039,0,0,0,0,0,0,0,0,1
143040,0,0,0,0,0,0,0,0,1
143041,0,0,0,0,0,0,0,0,1
143042,0,0,0,0,0,0,0,0,1
143043,0,0,0,0,0,0,0,0,1
143044,0,0,0,0,0,0,0,0,1
143045,0,0,0,0,0,0,0,0,1
143046,0,0,0,0,0,0,0,0,1
143047,0,0,0,0,0,0,0,0,1
143048,0,0,0,0,0,0,0,0,1
143049,0,0,0,0,0,0,0,0,1
143050,0,0,0,0,0,0,0,0,1
143051,0,0,0,0,0,0,0,0,1
143052,0,0,0,0,0,0,0,0,1
143053,0,0,0,0,0,0,0,0,1
143054,0,0,0,0,0,0,0,0,1
143055,0,0,0,0,0,0,0,0,1
143056,0,0,0,0,0,0,0,0,1
143057,0,0,0,0,0,0,0,0,1
143058,0,0,0,0,0,0,0,0,1
143059,0,0,0,0,0,0,0,0,1
143060,0,0,0,0,0,0,0,0,1
143061,0,0,0,0,0,0,0,0,1
143062,0,0,0,0,0,0,0,0,1
143063,0,0,0,0,0,0,0,0,1
143064,0,0,0,0,0,0,0,0,1
143065,0,0,0,0,0,0,0,0,1
143066,0,0,0,0,0,0,0,0,1
143067,0,0,0,0,0,0,0,0,1
143068,0,0,0,0,0,0,0,0,1
143069,0,0,0,0,0,0,0,0,1
143070,0,0,0,0,0,0,0,0,1
143071,0,0,0,0,0,0,0,0,1
143072,0,0,0,0,0,0,0,0,1
143073,0,0,0,0,0,0,0,0,1
143074,0,0,0,0,0,0,0,0,1
143075,0,0,0,0,0,0,0,0,1
143076,0,0,0,0,0,0,0,0,1
143077,0,0,0,0,0,0,0,0,1
143078,0,0,0,0,0,0,0,0,1
143079,0,0,0,0,0,0,0,0,1
143080,0,0,0,0,0,0,0,0,1
143081,0,0,0,0,0,0,0,0,1
143082,0,0,0,0,0,0,0,0,1
143083,0,0,0,0,0,0,0,0,1
143084,0,0,0,0,0,0,0,0,1
143085,0,0,0,0,0,0,0,0,1
143086,0,0,0,0,0,0,0,0,1
143087,0,0,0,0,0,0,0,0,1
143088,0,0,0,0,0,0,0,0,1
143089,0,0,0,0,0,0,0,0,1
143090,0,0,0,0,0,0,0,0,1
143091,0,0,0,0,0,0,0,0,1
143092,0,0,0,0,0,0,0,0,1
143093,0,0,0,0,0,0,0,0,1
143094,0,0,0,0,0,0,0,0,1
143095,0,0,0,0,0,0,0,0,1
143096,0,0,0,0,0,0,0,0,1
143097,0,0,0,0,0,0,0,0,1
143098,0,0,0,0,0,0,0,0,1
143099,0,0,0,0,0,0,0,0,1
143100,0,0,0,0,0,0,0,0,1
143101,0,0,0,0,0,0,0,0,1
143102,0,0,0,0,0,0,0,0,1
143103,0,0,0,0,0,0,0,0,1
143104,0,0,0,0,0,0,0,0,1
143105,0,0,0,0,0,0,0,0,1
143106,0,0,0,0,0,0,0,0,1
143107,0,0,0,0,0,0,0,0,1
143108,0,0,0,0,0,0,0,0,1
143109,0,0,0,0,0,0,0,0,1
143110,0,0,0,0,0,0,0,0,1
143111,0,0,0,0,0,0,0,0,1
143112,0,0,0,0,0,0,0,0,1
143113,0,0,0,0,0,0,0,0,1
143114,0,0,0,0,0,0,0,0,1
143115,0,0,0,0,0,0,0,0,1
143116,0,0,0,0,0,0,0,0,1
143117,0,0,0,0,0,0,0,0,1
143118,0,0,0,0,0,0,0,0,1
143119,0,0,0,0,0,0,0,0,1
143120,0,0,0,0,0,0,0,0,1
143121,0,0,0,0,0,0,0,0,1
143122,0,0,0,0,0,0,0,0,1
143123,0,0,0,0,0,0,0,0,1
143124,0,0,0,0,0,0,0,0,1
143125,0,0,0,0,0,0,0,0,1
143126,0,0,0,0,0,0,0,0,1
143127,0,0,0,0,0,0,0,0,1
143128,0,0,0,0,0,0,0,0,1
143129,0,0,0,0,0,0,0,0,1
143130,0,0,0,0,0,0,0,0,1
143131,0,0,0,0,0,0,0,0,1
143132,0,0,0,0,0,0,0,0,1
143133,0,0,0,0,0,0,0,0,1
143134,0,0,0,0,0,0,0,0,1
143135,0,0,0,0,0,0,0,0,1
143136,0,0,0,0,0,0,0,0,1
143137,0,0,0,0,0,0,0,0,1
143138,0,0,0,0,0,0,0,0,1
143139,0,0,0,0,0,0,0,0,1
143140,0,0,0,0,0,0,0,0,1
143141,0,0,0,0,0,0,0,0,1
143142,0,0,0,0,0,0,0,0,1
143143,0,0,0,0,0,0,0,0,1
143144,0,0,0,0,0,0,0,0,1
143145,0,0,0,0,0,0,0,0,1
143146,0,0,0,0,0,0,0,0,1
143147,0,0,0,0,0,0,0,0,1
143148,0,0,0,0,0,0,0,0,1
143149,0,0,0,0,0,0,0,0,1
143150,0,0,0,0,0,0,0,0,1
143151,0,0,0,0,0,0,0,0,1
143152,0,0,0,0,0,0,0,0,1
143153,0,0,0,0,0,0,0,0,1
143154,0,0,0,0,0,0,0,0,1
143155,0,0,0,0,0,0,0,0,1
143156,0,0,0,0,0,0,0,0,1
143157,0,0,0,0,0,0,0,0,1
143158,0,0,0,0,0,0,0,0,1
143159,0,0,0,0,0,0,0,0,1
143160,0,0,0,0,0,0,0,0,1
143161,0,0,0,0,0,0,0,0,1
143162,0,0,0,0,0,0,0,0,1
143163,0,0,0,0,0,0,0,0,1
143164,0,0,0,0,0,0,0,0,1
143165,0,0,0,0,0,0,0,0,1
143166,0,0,0,0,0,0,0,0,1
143167,0,0,0,0,0,0,0,0,1
143168,0,0,0,0,0,0,0,0,1
143169,0,0,0,0,0,0,0,0,1
143170,0,0,0,0,0,0,0,0,1
143171,0,0,0,0,0,0,0,0,1
143172,0,0,0,0,0,0,0,0,1
143173,0,0,0,0,0,0,0,0,1
143174,0,0,0,0,0,0,0,0,1
143175,0,0,0,0,0,0,0,0,1
143176,0,0,0,0,0,0,0,0,1
143177,0,0,0,0,0,0,0,0,1
143178,0,0,0,0,0,0,0,0,1
143179,0,0,0,0,0,0,0,0,1
143180,0,0,0,0,0,0,0,0,1
143181,0,0,0,0,0,0,0,0,1
143182,0,0,0,0,0,0,0,0,1
143183,0,0,0,0,0,0,0,0,1
143184,0,0,0,0,0,0,0,0,1
143185,0,0,0,0,0,0,0,0,1
143186,0,0,0,0,0,0,0,0,1
143187,0,0,0,0,0,0,0,0,1
143188,0,0,0,0,0,0,0,0,1
143189,0,0,0,0,0,0,0,0,1
143190,0,0,0,0,0,0,0,0,1
143191,0,0,0,0,0,0,0,0,1
143192,0,0,0,0,0,0,0,0,1
143193,0,0,0,0,0,0,0,0,1
143194,0,0,0,0,0,0,0,0,1
143195,0,0,0,0,0,0,0,0,1
143196,0,0,0,0,0,0,0,0,1
143197,0,0,0,0,0,0,0,0,1
143198,0,0,0,0,0,0,0,0,1
143199,0,0,0,0,0,0,0,0,1
143200,0,0,0,0,0,0,0,0,1
143201,0,0,0,0,0,0,0,0,1
143202,0,0,0,0,0,0,0,0,1
143203,0,0,0,0,0,0,0,0,1
143204,0,0,0,0,0,0,0,0,1
143205,0,0,0,0,0,0,0,0,1
143206,0,0,0,0,0,0,0,0,1
143207,0,0,0,0,0,0,0,0,1
143208,0,0,0,0,0,0,0,0,1
143209,0,0,0,0,0,0,0,0,1
143210,0,0,0,0,0,0,0,0,1
143211,0,0,0,0,0,0,0,0,1
143212,0,0,0,0,0,0,0,0,1
143213,0,0,0,0,0,0,0,0,1
143214,0,0,0,0,0,0,0,0,1
143215,0,0,0,0,0,0,0,0,1
143216,0,0,0,0,0,0,0,0,1
143217,0,0,0,0,0,0,0,0,1
143218,0,0,0,0,0,0,0,0,1
143219,0,0,0,0,0,0,0,0,1
143220,0,0,0,0,0,0,0,0,1
143221,0,0,0,0,0,0,0,0,1
143222,0,0,0,0,0,0,0,0,1
143223,0,0,0,0,0,0,0,0,1
143224,0,0,0,0,0,0,0,0,1
143225,0,0,0,0,0,0,0,0,1
143226,0,0,0,0,0,0,0,0,1
143227,0,0,0,0,0,0,0,0,1
143228,0,0,0,0,0,0,0,0,1
143229,0,0,0,0,0,0,0,0,1
143230,0,0,0,0,0,0,0,0,1
143231,0,0,0,0,0,0,0,0,1
143232,0,0,0,0,0,0,0,0,1
143233,0,0,0,0,0,0,0,0,1
143234,0,0,0,0,0,0,0,0,1
143235,0,0,0,0,0,0,0,0,1
143236,0,0,0,0,0,0,0,0,1
143237,0,0,0,0,0,0,0,0,1
143238,0,0,0,0,0,0,0,0,1
143239,0,0,0,0,0,0,0,0,1
143240,0,0,0,0,0,0,0,0,1
143241,0,0,0,0,0,0,0,0,1
143242,0,0,0,0,0,0,0,0,1
143243,0,0,0,0,0,0,0,0,1
143244,0,0,0,0,0,0,0,0,1
143245,0,0,0,0,0,0,0,0,1
143246,0,0,0,0,0,0,0,0,1
143247,0,0,0,0,0,0,0,0,1
143248,0,0,0,0,0,0,0,0,1
143249,0,0,0,0,0,0,0,0,1
143250,0,0,0,0,0,0,0,0,1
143251,0,0,0,0,0,0,0,0,1
143252,0,0,0,0,0,0,0,0,1
143253,0,0,0,0,0,0,0,0,1
143254,0,0,0,0,0,0,0,0,1
143255,0,0,0,0,0,0,0,0,1
143256,0,0,0,0,0,0,0,0,1
143257,0,0,0,0,0,0,0,0,1
143258,0,0,0,0,0,0,0,0,1
143259,0,0,0,0,0,0,0,0,1
143260,0,0,0,0,0,0,0,0,1
143261,0,0,0,0,0,0,0,0,1
143262,0,0,0,0,0,0,0,0,1
143263,0,0,0,0,0,0,0,0,1
143264,0,0,0,0,0,0,0,0,1
143265,0,0,0,0,0,0,0,0,1
143266,0,0,0,0,0,0,0,0,1
143267,0,0,0,0,0,0,0,0,1
143268,0,0,0,0,0,0,0,0,1
143269,0,0,0,0,0,0,0,0,1
143270,0,0,0,0,0,0,0,0,1
143271,0,0,0,0,0,0,0,0,1
143272,0,0,0,0,0,0,0,0,1
143273,0,0,0,0,0,0,0,0,1
143274,0,0,0,0,0,0,0,0,1
143275,0,0,0,0,0,0,0,0,1
143276,0,0,0,0,0,0,0,0,1
143277,0,0,0,0,0,0,0,0,1
143278,0,0,0,0,0,0,0,0,1
143279,0,0,0,0,0,0,0,0,1
143280,0,0,0,0,0,0,0,0,1
143281,0,0,0,0,0,0,0,0,1
143282,0,0,0,0,0,0,0,0,1
143283,0,0,0,0,0,0,0,0,1
143284,0,0,0,0,0,0,0,0,1
143285,0,0,0,0,0,0,0,0,1
143286,0,0,0,0,0,0,0,0,1
143287,0,0,0,0,0,0,0,0,1
143288,0,0,0,0,0,0,0,0,1
143289,0,0,0,0,0,0,0,0,1
143290,0,0,0,0,0,0,0,0,1
143291,0,0,0,0,0,0,0,0,1
143292,0,0,0,0,0,0,0,0,1
143293,0,0,0,0,0,0,0,0,1
143294,0,0,0,0,0,0,0,0,1
143295,0,0,0,0,0,0,0,0,1
143296,0,0,0,0,0,0,0,0,1
143297,0,0,0,0,0,0,0,0,1
143298,0,0,0,0,0,0,0,0,1
143299,0,0,0,0,0,0,0,0,1
143300,0,0,0,0,0,0,0,0,1
143301,0,0,0,0,0,0,0,0,1
143302,0,0,0,0,0,0,0,0,1
143303,0,0,0,0,0,0,0,0,1
143304,0,0,0,0,0,0,0,0,1
143305,0,0,0,0,0,0,0,0,1
143306,0,0,0,0,0,0,0,0,1
143307,0,0,0,0,0,0,0,0,1
143308,0,0,0,0,0,0,0,0,1
143309,0,0,0,0,0,0,0,0,1
143310,0,0,0,0,0,0,0,0,1
143311,0,0,0,0,0,0,0,0,1
143312,0,0,0,0,0,0,0,0,1
143313,0,0,0,0,0,0,0,0,1
143314,0,0,0,0,0,0,0,0,1
143315,0,0,0,0,0,0,0,0,1
143316,0,0,0,0,0,0,0,0,1
143317,0,0,0,0,0,0,0,0,1
143318,0,0,0,0,0,0,0,0,1
143319,0,0,0,0,0,0,0,0,1
143320,0,0,0,0,0,0,0,0,1
143321,0,0,0,0,0,0,0,0,1
143322,0,0,0,0,0,0,0,0,1
143323,0,0,0,0,0,0,0,0,1
143324,0,0,0,0,0,0,0,0,1
143325,0,0,0,0,0,0,0,0,1
143326,0,0,0,0,0,0,0,0,1
143327,0,0,0,0,0,0,0,0,1
143328,0,0,0,0,0,0,0,0,1
143329,0,0,0,0,0,0,0,0,1
143330,0,0,0,0,0,0,0,0,1
143331,0,0,0,0,0,0,0,0,1
143332,0,0,0,0,0,0,0,0,1
143333,0,0,0,0,0,0,0,0,1
143334,0,0,0,0,0,0,0,0,1
143335,0,0,0,0,0,0,0,0,1
143336,0,0,0,0,0,0,0,0,1
143337,0,0,0,0,0,0,0,0,1
143338,0,0,0,0,0,0,0,0,1
143339,0,0,0,0,0,0,0,0,1
143340,0,0,0,0,0,0,0,0,1
143341,0,0,0,0,0,0,0,0,1
143342,0,0,0,0,0,0,0,0,1
143343,0,0,0,0,0,0,0,0,1
143344,0,0,0,0,0,0,0,0,1
143345,0,0,0,0,0,0,0,0,1
143346,0,0,0,0,0,0,0,0,1
143347,0,0,0,0,0,0,0,0,1
143348,0,0,0,0,0,0,0,0,1
143349,0,0,0,0,0,0,0,0,1
143350,0,0,0,0,0,0,0,0,1
143351,0,0,0,0,0,0,0,0,1
143352,0,0,0,0,0,0,0,0,1
143353,0,0,0,0,0,0,0,0,1
143354,0,0,0,0,0,0,0,0,1
143355,0,0,0,0,0,0,0,0,1
143356,0,0,0,0,0,0,0,0,1
143357,0,0,0,0,0,0,0,0,1
143358,0,0,0,0,0,0,0,0,1
143359,0,0,0,0,0,0,0,0,1
143360,0,0,0,0,0,0,0,0,1
143361,0,0,0,0,0,0,0,0,1
143362,0,0,0,0,0,0,0,0,1
143363,0,0,0,0,0,0,0,0,1
143364,0,0,0,0,0,0,0,0,1
143365,0,0,0,0,0,0,0,0,1
143366,0,0,0,0,0,0,0,0,1
143367,0,0,0,0,0,0,0,0,1
143368,0,0,0,0,0,0,0,0,1
143369,0,0,0,0,0,0,0,0,1
143370,0,0,0,0,0,0,0,0,1
143371,0,0,0,0,0,0,0,0,1
143372,0,0,0,0,0,0,0,0,1
143373,0,0,0,0,0,0,0,0,1
143374,0,0,0,0,0,0,0,0,1
143375,0,0,0,0,0,0,0,0,1
143376,0,0,0,0,0,0,0,0,1
143377,0,0,0,0,0,0,0,0,1
143378,0,0,0,0,0,0,0,0,1
143379,0,0,0,0,0,0,0,0,1
143380,0,0,0,0,0,0,0,0,1
143381,0,0,0,0,0,0,0,0,1
143382,0,0,0,0,0,0,0,0,1
143383,0,0,0,0,0,0,0,0,1
143384,0,0,0,0,0,0,0,0,1
143385,0,0,0,0,0,0,0,0,1
143386,0,0,0,0,0,0,0,0,1
143387,0,0,0,0,0,0,0,0,1
143388,0,0,0,0,0,0,0,0,1
143389,0,0,0,0,0,0,0,0,1
143390,0,0,0,0,0,0,0,0,1
143391,0,0,0,0,0,0,0,0,1
143392,0,0,0,0,0,0,0,0,1
143393,0,0,0,0,0,0,0,0,1
143394,0,0,0,0,0,0,0,0,1
143395,0,0,0,0,0,0,0,0,1
143396,0,0,0,0,0,0,0,0,1
143397,0,0,0,0,0,0,0,0,1
143398,0,0,0,0,0,0,0,0,1
143399,0,0,0,0,0,0,0,0,1
143400,0,0,0,0,0,0,0,0,1
143401,0,0,0,0,0,0,0,0,1
143402,0,0,0,0,0,0,0,0,1
143403,0,0,0,0,0,0,0,0,1
143404,0,0,0,0,0,0,0,0,1
143405,0,0,0,0,0,0,0,0,1
143406,0,0,0,0,0,0,0,0,1
143407,0,0,0,0,0,0,0,0,1
143408,0,0,0,0,0,0,0,0,1
143409,0,0,0,0,0,0,0,0,1
143410,0,0,0,0,0,0,0,0,1
143411,0,0,0,0,0,0,0,0,1
143412,0,0,0,0,0,0,0,0,1
143413,0,0,0,0,0,0,0,0,1
143414,0,0,0,0,0,0,0,0,1
143415,0,0,0,0,0,0,0,0,1
143416,0,0,0,0,0,0,0,0,1
143417,0,0,0,0,0,0,0,0,1
143418,0,0,0,0,0,0,0,0,1
143419,0,0,0,0,0,0,0,0,1
143420,0,0,0,0,0,0,0,0,1
143421,0,0,0,0,0,0,0,0,1
143422,0,0,0,0,0,0,0,0,1
143423,0,0,0,0,0,0,0,0,1
143424,0,0,0,0,0,0,0,0,1
143425,0,0,0,0,0,0,0,0,1
143426,0,0,0,0,0,0,0,0,1
143427,0,0,0,0,0,0,0,0,1
143428,0,0,0,0,0,0,0,0,1
143429,0,0,0,0,0,0,0,0,1
143430,0,0,0,0,0,0,0,0,1
143431,0,0,0,0,0,0,0,0,1
143432,0,0,0,0,0,0,0,0,1
143433,0,0,0,0,0,0,0,0,1
143434,0,0,0,0,0,0,0,0,1
143435,0,0,0,0,0,0,0,0,1
143436,0,0,0,0,0,0,0,0,1
143437,0,0,0,0,0,0,0,0,1
143438,0,0,0,0,0,0,0,0,1
143439,0,0,0,0,0,0,0,0,1
143440,0,0,0,0,0,0,0,0,1
143441,0,0,0,0,0,0,0,0,1
143442,0,0,0,0,0,0,0,0,1
143443,0,0,0,0,0,0,0,0,1
143444,0,0,0,0,0,0,0,0,1
143445,0,0,0,0,0,0,0,0,1
143446,0,0,0,0,0,0,0,0,1
143447,0,0,0,0,0,0,0,0,1
143448,0,0,0,0,0,0,0,0,1
143449,0,0,0,0,0,0,0,0,1
143450,0,0,0,0,0,0,0,0,1
143451,0,0,0,0,0,0,0,0,1
143452,0,0,0,0,0,0,0,0,1
143453,0,0,0,0,0,0,0,0,1
143454,0,0,0,0,0,0,0,0,1
143455,0,0,0,0,0,0,0,0,1
143456,0,0,0,0,0,0,0,0,1
143457,0,0,0,0,0,0,0,0,1
143458,0,0,0,0,0,0,0,0,1
143459,0,0,0,0,0,0,0,0,1
143460,0,0,0,0,0,0,0,0,1
143461,0,0,0,0,0,0,0,0,1
143462,0,0,0,0,0,0,0,0,1
143463,0,0,0,0,0,0,0,0,1
143464,0,0,0,0,0,0,0,0,1
143465,0,0,0,0,0,0,0,0,1
143466,0,0,0,0,0,0,0,0,1
143467,0,0,0,0,0,0,0,0,1
143468,0,0,0,0,0,0,0,0,1
143469,0,0,0,0,0,0,0,0,1
143470,0,0,0,0,0,0,0,0,1
143471,0,0,0,0,0,0,0,0,1
143472,0,0,0,0,0,0,0,0,1
143473,0,0,0,0,0,0,0,0,1
143474,0,0,0,0,0,0,0,0,1
143475,0,0,0,0,0,0,0,0,1
143476,0,0,0,0,0,0,0,0,1
143477,0,0,0,0,0,0,0,0,1
143478,0,0,0,0,0,0,0,0,1
143479,0,0,0,0,0,0,0,0,1
143480,0,0,0,0,0,0,0,0,1
143481,0,0,0,0,0,0,0,0,1
143482,0,0,0,0,0,0,0,0,1
143483,0,0,0,0,0,0,0,0,1
143484,0,0,0,0,0,0,0,0,1
143485,0,0,0,0,0,0,0,0,1
143486,0,0,0,0,0,0,0,0,1
143487,0,0,0,0,0,0,0,0,1
143488,0,0,0,0,0,0,0,0,1
143489,0,0,0,0,0,0,0,0,1
143490,0,0,0,0,0,0,0,0,1
143491,0,0,0,0,0,0,0,0,1
143492,0,0,0,0,0,0,0,0,1
143493,0,0,0,0,0,0,0,0,1
143494,0,0,0,0,0,0,0,0,1
143495,0,0,0,0,0,0,0,0,1
143496,0,0,0,0,0,0,0,0,1
143497,0,0,0,0,0,0,0,0,1
143498,0,0,0,0,0,0,0,0,1
143499,0,0,0,0,0,0,0,0,1
143500,0,0,0,0,0,0,0,0,1
143501,0,0,0,0,0,0,0,0,1
143502,0,0,0,0,0,0,0,0,1
143503,0,0,0,0,0,0,0,0,1
143504,0,0,0,0,0,0,0,0,1
143505,0,0,0,0,0,0,0,0,1
143506,0,0,0,0,0,0,0,0,1
143507,0,0,0,0,0,0,0,0,1
143508,0,0,0,0,0,0,0,0,1
143509,0,0,0,0,0,0,0,0,1
143510,0,0,0,0,0,0,0,0,1
143511,0,0,0,0,0,0,0,0,1
143512,0,0,0,0,0,0,0,0,1
143513,0,0,0,0,0,0,0,0,1
143514,0,0,0,0,0,0,0,0,1
143515,0,0,0,0,0,0,0,0,1
143516,0,0,0,0,0,0,0,0,1
143517,0,0,0,0,0,0,0,0,1
143518,0,0,0,0,0,0,0,0,1
143519,0,0,0,0,0,0,0,0,1
143520,0,0,0,0,0,0,0,0,1
143521,0,0,0,0,0,0,0,0,1
143522,0,0,0,0,0,0,0,0,1
143523,0,0,0,0,0,0,0,0,1
143524,0,0,0,0,0,0,0,0,1
143525,0,0,0,0,0,0,0,0,1
143526,0,0,0,0,0,0,0,0,1
143527,0,0,0,0,0,0,0,0,1
143528,0,0,0,0,0,0,0,0,1
143529,0,0,0,0,0,0,0,0,1
143530,0,0,0,0,0,0,0,0,1
143531,0,0,0,0,0,0,0,0,1
143532,0,0,0,0,0,0,0,0,1
143533,0,0,0,0,0,0,0,0,1
143534,0,0,0,0,0,0,0,0,1
143535,0,0,0,0,0,0,0,0,1
143536,0,0,0,0,0,0,0,0,1
143537,0,0,0,0,0,0,0,0,1
143538,0,0,0,0,0,0,0,0,1
143539,0,0,0,0,0,0,0,0,1
143540,0,0,0,0,0,0,0,0,1
143541,0,0,0,0,0,0,0,0,1
143542,0,0,0,0,0,0,0,0,1
143543,0,0,0,0,0,0,0,0,1
143544,0,0,0,0,0,0,0,0,1
143545,0,0,0,0,0,0,0,0,1
143546,0,0,0,0,0,0,0,0,1
143547,0,0,0,0,0,0,0,0,1
143548,0,0,0,0,0,0,0,0,1
143549,0,0,0,0,0,0,0,0,1
143550,0,0,0,0,0,0,0,0,1
143551,0,0,0,0,0,0,0,0,1
143552,0,0,0,0,0,0,0,0,1
143553,0,0,0,0,0,0,0,0,1
143554,0,0,0,0,0,0,0,0,1
143555,0,0,0,0,0,0,0,0,1
143556,0,0,0,0,0,0,0,0,1
143557,0,0,0,0,0,0,0,0,1
143558,0,0,0,0,0,0,0,0,1
143559,0,0,0,0,0,0,0,0,1
143560,0,0,0,0,0,0,0,0,1
143561,0,0,0,0,0,0,0,0,1
143562,0,0,0,0,0,0,0,0,1
143563,0,0,0,0,0,0,0,0,1
143564,0,0,0,0,0,0,0,0,1
143565,0,0,0,0,0,0,0,0,1
143566,0,0,0,0,0,0,0,0,1
143567,0,0,0,0,0,0,0,0,1
143568,0,0,0,0,0,0,0,0,1
143569,0,0,0,0,0,0,0,0,1
143570,0,0,0,0,0,0,0,0,1
143571,0,0,0,0,0,0,0,0,1
143572,0,0,0,0,0,0,0,0,1
143573,0,0,0,0,0,0,0,0,1
143574,0,0,0,0,0,0,0,0,1
143575,0,0,0,0,0,0,0,0,1
143576,0,0,0,0,0,0,0,0,1
143577,0,0,0,0,0,0,0,0,1
143578,0,0,0,0,0,0,0,0,1
143579,0,0,0,0,0,0,0,0,1
143580,0,0,0,0,0,0,0,0,1
143581,0,0,0,0,0,0,0,0,1
143582,0,0,0,0,0,0,0,0,1
143583,0,0,0,0,0,0,0,0,1
143584,0,0,0,0,0,0,0,0,1
143585,0,0,0,0,0,0,0,0,1
143586,0,0,0,0,0,0,0,0,1
143587,0,0,0,0,0,0,0,0,1
143588,0,0,0,0,0,0,0,0,1
143589,0,0,0,0,0,0,0,0,1
143590,0,0,0,0,0,0,0,0,1
143591,0,0,0,0,0,0,0,0,1
143592,0,0,0,0,0,0,0,0,1
143593,0,0,0,0,0,0,0,0,1
143594,0,0,0,0,0,0,0,0,1
143595,0,0,0,0,0,0,0,0,1
143596,0,0,0,0,0,0,0,0,1
143597,0,0,0,0,0,0,0,0,1
143598,0,0,0,0,0,0,0,0,1
143599,0,0,0,0,0,0,0,0,1
143600,0,0,0,0,0,0,0,0,1
143601,0,0,0,0,0,0,0,0,1
143602,0,0,0,0,0,0,0,0,1
143603,0,0,0,0,0,0,0,0,1
143604,0,0,0,0,0,0,0,0,1
143605,0,0,0,0,0,0,0,0,1
143606,0,0,0,0,0,0,0,0,1
143607,0,0,0,0,0,0,0,0,1
143608,0,0,0,0,0,0,0,0,1
143609,0,0,0,0,0,0,0,0,1
143610,0,0,0,0,0,0,0,0,1
143611,0,0,0,0,0,0,0,0,1
143612,0,0,0,0,0,0,0,0,1
143613,0,0,0,0,0,0,0,0,1
143614,0,0,0,0,0,0,0,0,1
143615,0,0,0,0,0,0,0,0,1
143616,0,0,0,0,0,0,0,0,1
143617,0,0,0,0,0,0,0,0,1
143618,0,0,0,0,0,0,0,0,1
143619,0,0,0,0,0,0,0,0,1
143620,0,0,0,0,0,0,0,0,1
143621,0,0,0,0,0,0,0,0,1
143622,0,0,0,0,0,0,0,0,1
143623,0,0,0,0,0,0,0,0,1
143624,0,0,0,0,0,0,0,0,1
143625,0,0,0,0,0,0,0,0,1
143626,0,0,0,0,0,0,0,0,1
143627,0,0,0,0,0,0,0,0,1
143628,0,0,0,0,0,0,0,0,1
143629,0,0,0,0,0,0,0,0,1
143630,0,0,0,0,0,0,0,0,1
143631,0,0,0,0,0,0,0,0,1
143632,0,0,0,0,0,0,0,0,1
143633,0,0,0,0,0,0,0,0,1
143634,0,0,0,0,0,0,0,0,1
143635,0,0,0,0,0,0,0,0,1
143636,0,0,0,0,0,0,0,0,1
143637,0,0,0,0,0,0,0,0,1
143638,0,0,0,0,0,0,0,0,1
143639,0,0,0,0,0,0,0,0,1
143640,0,0,0,0,0,0,0,0,1
143641,0,0,0,0,0,0,0,0,1
143642,0,0,0,0,0,0,0,0,1
143643,0,0,0,0,0,0,0,0,1
143644,0,0,0,0,0,0,0,0,1
143645,0,0,0,0,0,0,0,0,1
143646,0,0,0,0,0,0,0,0,1
143647,0,0,0,0,0,0,0,0,1
143648,0,0,0,0,0,0,0,0,1
143649,0,0,0,0,0,0,0,0,1
143650,0,0,0,0,0,0,0,0,1
143651,0,0,0,0,0,0,0,0,1
143652,0,0,0,0,0,0,0,0,1
143653,0,0,0,0,0,0,0,0,1
143654,0,0,0,0,0,0,0,0,1
143655,0,0,0,0,0,0,0,0,1
143656,0,0,0,0,0,0,0,0,1
143657,0,0,0,0,0,0,0,0,1
143658,0,0,0,0,0,0,0,0,1
143659,0,0,0,0,0,0,0,0,1
143660,0,0,0,0,0,0,0,0,1
143661,0,0,0,0,0,0,0,0,1
143662,0,0,0,0,0,0,0,0,1
143663,0,0,0,0,0,0,0,0,1
143664,0,0,0,0,0,0,0,0,1
143665,0,0,0,0,0,0,0,0,1
143666,0,0,0,0,0,0,0,0,1
143667,0,0,0,0,0,0,0,0,1
143668,0,0,0,0,0,0,0,0,1
143669,0,0,0,0,0,0,0,0,1
143670,0,0,0,0,0,0,0,0,1
143671,0,0,0,0,0,0,0,0,1
143672,0,0,0,0,0,0,0,0,1
143673,0,0,0,0,0,0,0,0,1
143674,0,0,0,0,0,0,0,0,1
143675,0,0,0,0,0,0,0,0,1
143676,0,0,0,0,0,0,0,0,1
143677,0,0,0,0,0,0,0,0,1
143678,0,0,0,0,0,0,0,0,1
143679,0,0,0,0,0,0,0,0,1
143680,0,0,0,0,0,0,0,0,1
143681,0,0,0,0,0,0,0,0,1
143682,0,0,0,0,0,0,0,0,1
143683,0,0,0,0,0,0,0,0,1
143684,0,0,0,0,0,0,0,0,1
143685,0,0,0,0,0,0,0,0,1
143686,0,0,0,0,0,0,0,0,1
143687,0,0,0,0,0,0,0,0,1
143688,0,0,0,0,0,0,0,0,1
143689,0,0,0,0,0,0,0,0,1
143690,0,0,0,0,0,0,0,0,1
143691,0,0,0,0,0,0,0,0,1
143692,0,0,0,0,0,0,0,0,1
143693,0,0,0,0,0,0,0,0,1
143694,0,0,0,0,0,0,0,0,1
143695,0,0,0,0,0,0,0,0,1
143696,0,0,0,0,0,0,0,0,1
143697,0,0,0,0,0,0,0,0,1
143698,0,0,0,0,0,0,0,0,1
143699,0,0,0,0,0,0,0,0,1
143700,0,0,0,0,0,0,0,0,1
143701,0,0,0,0,0,0,0,0,1
143702,0,0,0,0,0,0,0,0,1
143703,0,0,0,0,0,0,0,0,1
143704,0,0,0,0,0,0,0,0,1
143705,0,0,0,0,0,0,0,0,1
143706,0,0,0,0,0,0,0,0,1
143707,0,0,0,0,0,0,0,0,1
143708,0,0,0,0,0,0,0,0,1
143709,0,0,0,0,0,0,0,0,1
143710,0,0,0,0,0,0,0,0,1
143711,0,0,0,0,0,0,0,0,1
143712,0,0,0,0,0,0,0,0,1
143713,0,0,0,0,0,0,0,0,1
143714,0,0,0,0,0,0,0,0,1
143715,0,0,0,0,0,0,0,0,1
143716,0,0,0,0,0,0,0,0,1
143717,0,0,0,0,0,0,0,0,1
143718,0,0,0,0,0,0,0,0,1
143719,0,0,0,0,0,0,0,0,1
143720,0,0,0,0,0,0,0,0,1
143721,0,0,0,0,0,0,0,0,1
143722,0,0,0,0,0,0,0,0,1
143723,0,0,0,0,0,0,0,0,1
143724,0,0,0,0,0,0,0,0,1
143725,0,0,0,0,0,0,0,0,1
143726,0,0,0,0,0,0,0,0,1
143727,0,0,0,0,0,0,0,0,1
143728,0,0,0,0,0,0,0,0,1
143729,0,0,0,0,0,0,0,0,1
143730,0,0,0,0,0,0,0,0,1
143731,0,0,0,0,0,0,0,0,1
143732,0,0,0,0,0,0,0,0,1
143733,0,0,0,0,0,0,0,0,1
143734,0,0,0,0,0,0,0,0,1
143735,0,0,0,0,0,0,0,0,1
143736,0,0,0,0,0,0,0,0,1
143737,0,0,0,0,0,0,0,0,1
143738,0,0,0,0,0,0,0,0,1
143739,0,0,0,0,0,0,0,0,1
143740,0,0,0,0,0,0,0,0,1
143741,0,0,0,0,0,0,0,0,1
143742,0,0,0,0,0,0,0,0,1
143743,0,0,0,0,0,0,0,0,1
143744,0,0,0,0,0,0,0,0,1
143745,0,0,0,0,0,0,0,0,1
143746,0,0,0,0,0,0,0,0,1
143747,0,0,0,0,0,0,0,0,1
143748,0,0,0,0,0,0,0,0,1
143749,0,0,0,0,0,0,0,0,1
143750,0,0,0,0,0,0,0,0,1
143751,0,0,0,0,0,0,0,0,1
143752,0,0,0,0,0,0,0,0,1
143753,0,0,0,0,0,0,0,0,1
143754,0,0,0,0,0,0,0,0,1
143755,0,0,0,0,0,0,0,0,1
143756,0,0,0,0,0,0,0,0,1
143757,0,0,0,0,0,0,0,0,1
143758,0,0,0,0,0,0,0,0,1
143759,0,0,0,0,0,0,0,0,1
143760,0,0,0,0,0,0,0,0,1
143761,0,0,0,0,0,0,0,0,1
143762,0,0,0,0,0,0,0,0,1
143763,0,0,0,0,0,0,0,0,1
143764,0,0,0,0,0,0,0,0,1
143765,0,0,0,0,0,0,0,0,1
143766,0,0,0,0,0,0,0,0,1
143767,0,0,0,0,0,0,0,0,1
143768,0,0,0,0,0,0,0,0,1
143769,0,0,0,0,0,0,0,0,1
143770,0,0,0,0,0,0,0,0,1
143771,0,0,0,0,0,0,0,0,1
143772,0,0,0,0,0,0,0,0,1
143773,0,0,0,0,0,0,0,0,1
143774,0,0,0,0,0,0,0,0,1
143775,0,0,0,0,0,0,0,0,1
143776,0,0,0,0,0,0,0,0,1
143777,0,0,0,0,0,0,0,0,1
143778,0,0,0,0,0,0,0,0,1
143779,0,0,0,0,0,0,0,0,1
143780,0,0,0,0,0,0,0,0,1
143781,0,0,0,0,0,0,0,0,1
143782,0,0,0,0,0,0,0,0,1
143783,0,0,0,0,0,0,0,0,1
143784,0,0,0,0,0,0,0,0,1
143785,0,0,0,0,0,0,0,0,1
143786,0,0,0,0,0,0,0,0,1
143787,0,0,0,0,0,0,0,0,1
143788,0,0,0,0,0,0,0,0,1
143789,0,0,0,0,0,0,0,0,1
143790,0,0,0,0,0,0,0,0,1
143791,0,0,0,0,0,0,0,0,1
143792,0,0,0,0,0,0,0,0,1
143793,0,0,0,0,0,0,0,0,1
143794,0,0,0,0,0,0,0,0,1
143795,0,0,0,0,0,0,0,0,1
143796,0,0,0,0,0,0,0,0,1
143797,0,0,0,0,0,0,0,0,1
143798,0,0,0,0,0,0,0,0,1
143799,0,0,0,0,0,0,0,0,1
143800,0,0,0,0,0,0,0,0,1
143801,0,0,0,0,0,0,0,0,1
143802,0,0,0,0,0,0,0,0,1
143803,0,0,0,0,0,0,0,0,1
143804,0,0,0,0,0,0,0,0,1
143805,0,0,0,0,0,0,0,0,1
143806,0,0,0,0,0,0,0,0,1
143807,0,0,0,0,0,0,0,0,1
143808,0,0,0,0,0,0,0,0,1
143809,0,0,0,0,0,0,0,0,1
143810,0,0,0,0,0,0,0,0,1
143811,0,0,0,0,0,0,0,0,1
143812,0,0,0,0,0,0,0,0,1
143813,0,0,0,0,0,0,0,0,1
143814,0,0,0,0,0,0,0,0,1
143815,0,0,0,0,0,0,0,0,1
143816,0,0,0,0,0,0,0,0,1
143817,0,0,0,0,0,0,0,0,1
143818,0,0,0,0,0,0,0,0,1
143819,0,0,0,0,0,0,0,0,1
143820,0,0,0,0,0,0,0,0,1
143821,0,0,0,0,0,0,0,0,1
143822,0,0,0,0,0,0,0,0,1
143823,0,0,0,0,0,0,0,0,1
143824,0,0,0,0,0,0,0,0,1
143825,0,0,0,0,0,0,0,0,1
143826,0,0,0,0,0,0,0,0,1
143827,0,0,0,0,0,0,0,0,1
143828,0,0,0,0,0,0,0,0,1
143829,0,0,0,0,0,0,0,0,1
143830,0,0,0,0,0,0,0,0,1
143831,0,0,0,0,0,0,0,0,1
143832,0,0,0,0,0,0,0,0,1
143833,0,0,0,0,0,0,0,0,1
143834,0,0,0,0,0,0,0,0,1
143835,0,0,0,0,0,0,0,0,1
143836,0,0,0,0,0,0,0,0,1
143837,0,0,0,0,0,0,0,0,1
143838,0,0,0,0,0,0,0,0,1
143839,0,0,0,0,0,0,0,0,1
143840,0,0,0,0,0,0,0,0,1
143841,0,0,0,0,0,0,0,0,1
143842,0,0,0,0,0,0,0,0,1
143843,0,0,0,0,0,0,0,0,1
143844,0,0,0,0,0,0,0,0,1
143845,0,0,0,0,0,0,0,0,1
143846,0,0,0,0,0,0,0,0,1
143847,0,0,0,0,0,0,0,0,1
143848,0,0,0,0,0,0,0,0,1
143849,0,0,0,0,0,0,0,0,1
143850,0,0,0,0,0,0,0,0,1
143851,0,0,0,0,0,0,0,0,1
143852,0,0,0,0,0,0,0,0,1
143853,0,0,0,0,0,0,0,0,1
143854,0,0,0,0,0,0,0,0,1
143855,0,0,0,0,0,0,0,0,1
143856,0,0,0,0,0,0,0,0,1
143857,0,0,0,0,0,0,0,0,1
143858,0,0,0,0,0,0,0,0,1
143859,0,0,0,0,0,0,0,0,1
143860,0,0,0,0,0,0,0,0,1
143861,0,0,0,0,0,0,0,0,1
143862,0,0,0,0,0,0,0,0,1
143863,0,0,0,0,0,0,0,0,1
143864,0,0,0,0,0,0,0,0,1
143865,0,0,0,0,0,0,0,0,1
143866,0,0,0,0,0,0,0,0,1
143867,0,0,0,0,0,0,0,0,1
143868,0,0,0,0,0,0,0,0,1
143869,0,0,0,0,0,0,0,0,1
143870,0,0,0,0,0,0,0,0,1
143871,0,0,0,0,0,0,0,0,1
143872,0,0,0,0,0,0,0,0,1
143873,0,0,0,0,0,0,0,0,1
143874,0,0,0,0,0,0,0,0,1
143875,0,0,0,0,0,0,0,0,1
143876,0,0,0,0,0,0,0,0,1
143877,0,0,0,0,0,0,0,0,1
143878,0,0,0,0,0,0,0,0,1
143879,0,0,0,0,0,0,0,0,1
143880,0,0,0,0,0,0,0,0,1
143881,0,0,0,0,0,0,0,0,1
143882,0,0,0,0,0,0,0,0,1
143883,0,0,0,0,0,0,0,0,1
143884,0,0,0,0,0,0,0,0,1
143885,0,0,0,0,0,0,0,0,1
143886,0,0,0,0,0,0,0,0,1
143887,0,0,0,0,0,0,0,0,1
143888,0,0,0,0,0,0,0,0,1
143889,0,0,0,0,0,0,0,0,1
143890,0,0,0,0,0,0,0,0,1
143891,0,0,0,0,0,0,0,0,1
143892,0,0,0,0,0,0,0,0,1
143893,0,0,0,0,0,0,0,0,1
143894,0,0,0,0,0,0,0,0,1
143895,0,0,0,0,0,0,0,0,1
143896,0,0,0,0,0,0,0,0,1
143897,0,0,0,0,0,0,0,0,1
143898,0,0,0,0,0,0,0,0,1
143899,0,0,0,0,0,0,0,0,1
143900,0,0,0,0,0,0,0,0,1
143901,0,0,0,0,0,0,0,0,1
143902,0,0,0,0,0,0,0,0,1
143903,0,0,0,0,0,0,0,0,1
143904,0,0,0,0,0,0,0,0,1
143905,0,0,0,0,0,0,0,0,1
143906,0,0,0,0,0,0,0,0,1
143907,0,0,0,0,0,0,0,0,1
143908,0,0,0,0,0,0,0,0,1
143909,0,0,0,0,0,0,0,0,1
143910,0,0,0,0,0,0,0,0,1
143911,0,0,0,0,0,0,0,0,1
143912,0,0,0,0,0,0,0,0,1
143913,0,0,0,0,0,0,0,0,1
143914,0,0,0,0,0,0,0,0,1
143915,0,0,0,0,0,0,0,0,1
143916,0,0,0,0,0,0,0,0,1
143917,0,0,0,0,0,0,0,0,1
143918,0,0,0,0,0,0,0,0,1
143919,0,0,0,0,0,0,0,0,1
143920,0,0,0,0,0,0,0,0,1
143921,0,0,0,0,0,0,0,0,1
143922,0,0,0,0,0,0,0,0,1
143923,0,0,0,0,0,0,0,0,1
143924,0,0,0,0,0,0,0,0,1
143925,0,0,0,0,0,0,0,0,1
143926,0,0,0,0,0,0,0,0,1
143927,0,0,0,0,0,0,0,0,1
143928,0,0,0,0,0,0,0,0,1
143929,0,0,0,0,0,0,0,0,1
143930,0,0,0,0,0,0,0,0,1
143931,0,0,0,0,0,0,0,0,1
143932,0,0,0,0,0,0,0,0,1
143933,0,0,0,0,0,0,0,0,1
143934,0,0,0,0,0,0,0,0,1
143935,0,0,0,0,0,0,0,0,1
143936,0,0,0,0,0,0,0,0,1
143937,0,0,0,0,0,0,0,0,1
143938,0,0,0,0,0,0,0,0,1
143939,0,0,0,0,0,0,0,0,1
143940,0,0,0,0,0,0,0,0,1
143941,0,0,0,0,0,0,0,0,1
143942,0,0,0,0,0,0,0,0,1
143943,0,0,0,0,0,0,0,0,1
143944,0,0,0,0,0,0,0,0,1
143945,0,0,0,0,0,0,0,0,1
143946,0,0,0,0,0,0,0,0,1
143947,0,0,0,0,0,0,0,0,1
143948,0,0,0,0,0,0,0,0,1
143949,0,0,0,0,0,0,0,0,1
143950,0,0,0,0,0,0,0,0,1
143951,0,0,0,0,0,0,0,0,1
143952,0,0,0,0,0,0,0,0,1
143953,0,0,0,0,0,0,0,0,1
143954,0,0,0,0,0,0,0,0,1
143955,0,0,0,0,0,0,0,0,1
143956,0,0,0,0,0,0,0,0,1
143957,0,0,0,0,0,0,0,0,1
143958,0,0,0,0,0,0,0,0,1
143959,0,0,0,0,0,0,0,0,1
143960,0,0,0,0,0,0,0,0,1
143961,0,0,0,0,0,0,0,0,1
143962,0,0,0,0,0,0,0,0,1
143963,0,0,0,0,0,0,0,0,1
143964,0,0,0,0,0,0,0,0,1
143965,0,0,0,0,0,0,0,0,1
143966,0,0,0,0,0,0,0,0,1
143967,0,0,0,0,0,0,0,0,1
143968,0,0,0,0,0,0,0,0,1
143969,0,0,0,0,0,0,0,0,1
143970,0,0,0,0,0,0,0,0,1
143971,0,0,0,0,0,0,0,0,1
143972,0,0,0,0,0,0,0,0,1
143973,0,0,0,0,0,0,0,0,1
143974,0,0,0,0,0,0,0,0,1
143975,0,0,0,0,0,0,0,0,1
143976,0,0,0,0,0,0,0,0,1
143977,0,0,0,0,0,0,0,0,1
143978,0,0,0,0,0,0,0,0,1
143979,0,0,0,0,0,0,0,0,1
143980,0,0,0,0,0,0,0,0,1
143981,0,0,0,0,0,0,0,0,1
143982,0,0,0,0,0,0,0,0,1
143983,0,0,0,0,0,0,0,0,1
143984,0,0,0,0,0,0,0,0,1
143985,0,0,0,0,0,0,0,0,1
143986,0,0,0,0,0,0,0,0,1
143987,0,0,0,0,0,0,0,0,1
143988,0,0,0,0,0,0,0,0,1
143989,0,0,0,0,0,0,0,0,1
143990,0,0,0,0,0,0,0,0,1
143991,0,0,0,0,0,0,0,0,1
143992,0,0,0,0,0,0,0,0,1
143993,0,0,0,0,0,0,0,0,1
143994,0,0,0,0,0,0,0,0,1
143995,0,0,0,0,0,0,0,0,1
143996,0,0,0,0,0,0,0,0,1
143997,0,0,0,0,0,0,0,0,1
143998,0,0,0,0,0,0,0,0,1
143999,0,0,0,0,0,0,0,0,1
144000,0,0,0,0,0,0,0,0,1
144001,0,0,0,0,0,0,0,0,1
144002,0,0,0,0,0,0,0,0,1
144003,0,0,0,0,0,0,0,0,1
144004,0,0,0,0,0,0,0,0,1
144005,0,0,0,0,0,0,0,0,1
144006,0,0,0,0,0,0,0,0,1
144007,0,0,0,0,0,0,0,0,1
144008,0,0,0,0,0,0,0,0,1
144009,0,0,0,0,0,0,0,0,1
144010,0,0,0,0,0,0,0,0,1
144011,0,0,0,0,0,0,0,0,1
144012,0,0,0,0,0,0,0,0,1
144013,0,0,0,0,0,0,0,0,1
144014,0,0,0,0,0,0,0,0,1
144015,0,0,0,0,0,0,0,0,1
144016,0,0,0,0,0,0,0,0,1
144017,0,0,0,0,0,0,0,0,1
144018,0,0,0,0,0,0,0,0,1
144019,0,0,0,0,0,0,0,0,1
144020,0,0,0,0,0,0,0,0,1
144021,0,0,0,0,0,0,0,0,1
144022,0,0,0,0,0,0,0,0,1
144023,0,0,0,0,0,0,0,0,1
144024,0,0,0,0,0,0,0,0,1
144025,0,0,0,0,0,0,0,0,1
144026,0,0,0,0,0,0,0,0,1
144027,0,0,0,0,0,0,0,0,1
144028,0,0,0,0,0,0,0,0,1
144029,0,0,0,0,0,0,0,0,1
144030,0,0,0,0,0,0,0,0,1
144031,0,0,0,0,0,0,0,0,1
144032,0,0,0,0,0,0,0,0,1
144033,0,0,0,0,0,0,0,0,1
144034,0,0,0,0,0,0,0,0,1
144035,0,0,0,0,0,0,0,0,1
144036,0,0,0,0,0,0,0,0,1
144037,0,0,0,0,0,0,0,0,1
144038,0,0,0,0,0,0,0,0,1
144039,0,0,0,0,0,0,0,0,1
144040,0,0,0,0,0,0,0,0,1
144041,0,0,0,0,0,0,0,0,1
144042,0,0,0,0,0,0,0,0,1
144043,0,0,0,0,0,0,0,0,1
144044,0,0,0,0,0,0,0,0,1
144045,0,0,0,0,0,0,0,0,1
144046,0,0,0,0,0,0,0,0,1
144047,0,0,0,0,0,0,0,0,1
144048,0,0,0,0,0,0,0,0,1
144049,0,0,0,0,0,0,0,0,1
144050,0,0,0,0,0,0,0,0,1
144051,0,0,0,0,0,0,0,0,1
144052,0,0,0,0,0,0,0,0,1
144053,0,0,0,0,0,0,0,0,1
144054,0,0,0,0,0,0,0,0,1
144055,0,0,0,0,0,0,0,0,1
144056,0,0,0,0,0,0,0,0,1
144057,0,0,0,0,0,0,0,0,1
144058,0,0,0,0,0,0,0,0,1
144059,0,0,0,0,0,0,0,0,1
144060,0,0,0,0,0,0,0,0,1
144061,0,0,0,0,0,0,0,0,1
144062,0,0,0,0,0,0,0,0,1
144063,0,0,0,0,0,0,0,0,1
144064,0,0,0,0,0,0,0,0,1
144065,0,0,0,0,0,0,0,0,1
144066,0,0,0,0,0,0,0,0,1
144067,0,0,0,0,0,0,0,0,1
144068,0,0,0,0,0,0,0,0,1
144069,0,0,0,0,0,0,0,0,1
144070,0,0,0,0,0,0,0,0,1
144071,0,0,0,0,0,0,0,0,1
144072,0,0,0,0,0,0,0,0,1
144073,0,0,0,0,0,0,0,0,1
144074,0,0,0,0,0,0,0,0,1
144075,0,0,0,0,0,0,0,0,1
144076,0,0,0,0,0,0,0,0,1
144077,0,0,0,0,0,0,0,0,1
144078,0,0,0,0,0,0,0,0,1
144079,0,0,0,0,0,0,0,0,1
144080,0,0,0,0,0,0,0,0,1
144081,0,0,0,0,0,0,0,0,1
144082,0,0,0,0,0,0,0,0,1
144083,0,0,0,0,0,0,0,0,1
144084,0,0,0,0,0,0,0,0,1
144085,0,0,0,0,0,0,0,0,1
144086,0,0,0,0,0,0,0,0,1
144087,0,0,0,0,0,0,0,0,1
144088,0,0,0,0,0,0,0,0,1
144089,0,0,0,0,0,0,0,0,1
144090,0,0,0,0,0,0,0,0,1
144091,0,0,0,0,0,0,0,0,1
144092,0,0,0,0,0,0,0,0,1
144093,0,0,0,0,0,0,0,0,1
144094,0,0,0,0,0,0,0,0,1
144095,0,0,0,0,0,0,0,0,1
144096,0,0,0,0,0,0,0,0,1
144097,0,0,0,0,0,0,0,0,1
144098,0,0,0,0,0,0,0,0,1
144099,0,0,0,0,0,0,0,0,1
144100,0,0,0,0,0,0,0,0,1
144101,0,0,0,0,0,0,0,0,1
144102,0,0,0,0,0,0,0,0,1
144103,0,0,0,0,0,0,0,0,1
144104,0,0,0,0,0,0,0,0,1
144105,0,0,0,0,0,0,0,0,1
144106,0,0,0,0,0,0,0,0,1
144107,0,0,0,0,0,0,0,0,1
144108,0,0,0,0,0,0,0,0,1
144109,0,0,0,0,0,0,0,0,1
144110,0,0,0,0,0,0,0,0,1
144111,0,0,0,0,0,0,0,0,1
144112,0,0,0,0,0,0,0,0,1
144113,0,0,0,0,0,0,0,0,1
144114,0,0,0,0,0,0,0,0,1
144115,0,0,0,0,0,0,0,0,1
144116,0,0,0,0,0,0,0,0,1
144117,0,0,0,0,0,0,0,0,1
144118,0,0,0,0,0,0,0,0,1
144119,0,0,0,0,0,0,0,0,1
144120,0,0,0,0,0,0,0,0,1
144121,0,0,0,0,0,0,0,0,1
144122,0,0,0,0,0,0,0,0,1
144123,0,0,0,0,0,0,0,0,1
144124,0,0,0,0,0,0,0,0,1
144125,0,0,0,0,0,0,0,0,1
144126,0,0,0,0,0,0,0,0,1
144127,0,0,0,0,0,0,0,0,1
144128,0,0,0,0,0,0,0,0,1
144129,0,0,0,0,0,0,0,0,1
144130,0,0,0,0,0,0,0,0,1
144131,0,0,0,0,0,0,0,0,1
144132,0,0,0,0,0,0,0,0,1
144133,0,0,0,0,0,0,0,0,1
144134,0,0,0,0,0,0,0,0,1
144135,0,0,0,0,0,0,0,0,1
144136,0,0,0,0,0,0,0,0,1
144137,0,0,0,0,0,0,0,0,1
144138,0,0,0,0,0,0,0,0,1
144139,0,0,0,0,0,0,0,0,1
144140,0,0,0,0,0,0,0,0,1
144141,0,0,0,0,0,0,0,0,1
144142,0,0,0,0,0,0,0,0,1
144143,0,0,0,0,0,0,0,0,1
144144,0,0,0,0,0,0,0,0,1
144145,0,0,0,0,0,0,0,0,1
144146,0,0,0,0,0,0,0,0,1
144147,0,0,0,0,0,0,0,0,1
144148,0,0,0,0,0,0,0,0,1
144149,0,0,0,0,0,0,0,0,1
144150,0,0,0,0,0,0,0,0,1
144151,0,0,0,0,0,0,0,0,1
144152,0,0,0,0,0,0,0,0,1
144153,0,0,0,0,0,0,0,0,1
144154,0,0,0,0,0,0,0,0,1
144155,0,0,0,0,0,0,0,0,1
144156,0,0,0,0,0,0,0,0,1
144157,0,0,0,0,0,0,0,0,1
144158,0,0,0,0,0,0,0,0,1
144159,0,0,0,0,0,0,0,0,1
144160,0,0,0,0,0,0,0,0,1
144161,0,0,0,0,0,0,0,0,1
144162,0,0,0,0,0,0,0,0,1
144163,0,0,0,0,0,0,0,0,1
144164,0,0,0,0,0,0,0,0,1
144165,0,0,0,0,0,0,0,0,1
144166,0,0,0,0,0,0,0,0,1
144167,0,0,0,0,0,0,0,0,1
144168,0,0,0,0,0,0,0,0,1
144169,0,0,0,0,0,0,0,0,1
144170,0,0,0,0,0,0,0,0,1
144171,0,0,0,0,0,0,0,0,1
144172,0,0,0,0,0,0,0,0,1
144173,0,0,0,0,0,0,0,0,1
144174,0,0,0,0,0,0,0,0,1
144175,0,0,0,0,0,0,0,0,1
144176,0,0,0,0,0,0,0,0,1
144177,0,0,0,0,0,0,0,0,1
144178,0,0,0,0,0,0,0,0,1
144179,0,0,0,0,0,0,0,0,1
144180,0,0,0,0,0,0,0,0,1
144181,0,0,0,0,0,0,0,0,1
144182,0,0,0,0,0,0,0,0,1
144183,0,0,0,0,0,0,0,0,1
144184,0,0,0,0,0,0,0,0,1
144185,0,0,0,0,0,0,0,0,1
144186,0,0,0,0,0,0,0,0,1
144187,0,0,0,0,0,0,0,0,1
144188,0,0,0,0,0,0,0,0,1
144189,0,0,0,0,0,0,0,0,1
144190,0,0,0,0,0,0,0,0,1
144191,0,0,0,0,0,0,0,0,1
144192,0,0,0,0,0,0,0,0,1
144193,0,0,0,0,0,0,0,0,1
144194,0,0,0,0,0,0,0,0,1
144195,0,0,0,0,0,0,0,0,1
144196,0,0,0,0,0,0,0,0,1
144197,0,0,0,0,0,0,0,0,1
144198,0,0,0,0,0,0,0,0,1
144199,0,0,0,0,0,0,0,0,1
144200,0,0,0,0,0,0,0,0,1
144201,0,0,0,0,0,0,0,0,1
144202,0,0,0,0,0,0,0,0,1
144203,0,0,0,0,0,0,0,0,1
144204,0,0,0,0,0,0,0,0,1
144205,0,0,0,0,0,0,0,0,1
144206,0,0,0,0,0,0,0,0,1
144207,0,0,0,0,0,0,0,0,1
144208,0,0,0,0,0,0,0,0,1
144209,0,0,0,0,0,0,0,0,1
144210,0,0,0,0,0,0,0,0,1
144211,0,0,0,0,0,0,0,0,1
144212,0,0,0,0,0,0,0,0,1
144213,0,0,0,0,0,0,0,0,1
144214,0,0,0,0,0,0,0,0,1
144215,0,0,0,0,0,0,0,0,1
144216,0,0,0,0,0,0,0,0,1
144217,0,0,0,0,0,0,0,0,1
144218,0,0,0,0,0,0,0,0,1
144219,0,0,0,0,0,0,0,0,1
144220,0,0,0,0,0,0,0,0,1
144221,0,0,0,0,0,0,0,0,1
144222,0,0,0,0,0,0,0,0,1
144223,0,0,0,0,0,0,0,0,1
144224,0,0,0,0,0,0,0,0,1
144225,0,0,0,0,0,0,0,0,1
144226,0,0,0,0,0,0,0,0,1
144227,0,0,0,0,0,0,0,0,1
144228,0,0,0,0,0,0,0,0,1
144229,0,0,0,0,0,0,0,0,1
144230,0,0,0,0,0,0,0,0,1
144231,0,0,0,0,0,0,0,0,1
144232,0,0,0,0,0,0,0,0,1
144233,0,0,0,0,0,0,0,0,1
144234,0,0,0,0,0,0,0,0,1
144235,0,0,0,0,0,0,0,0,1
144236,0,0,0,0,0,0,0,0,1
144237,0,0,0,0,0,0,0,0,1
144238,0,0,0,0,0,0,0,0,1
144239,0,0,0,0,0,0,0,0,1
144240,0,0,0,0,0,0,0,0,1
144241,0,0,0,0,0,0,0,0,1
144242,0,0,0,0,0,0,0,0,1
144243,0,0,0,0,0,0,0,0,1
144244,0,0,0,0,0,0,0,0,1
144245,0,0,0,0,0,0,0,0,1
144246,0,0,0,0,0,0,0,0,1
144247,0,0,0,0,0,0,0,0,1
144248,0,0,0,0,0,0,0,0,1
144249,0,0,0,0,0,0,0,0,1
144250,0,0,0,0,0,0,0,0,1
144251,0,0,0,0,0,0,0,0,1
144252,0,0,0,0,0,0,0,0,1
144253,0,0,0,0,0,0,0,0,1
144254,0,0,0,0,0,0,0,0,1
144255,0,0,0,0,0,0,0,0,1
144256,0,0,0,0,0,0,0,0,1
144257,0,0,0,0,0,0,0,0,1
144258,0,0,0,0,0,0,0,0,1
144259,0,0,0,0,0,0,0,0,1
144260,0,0,0,0,0,0,0,0,1
144261,0,0,0,0,0,0,0,0,1
144262,0,0,0,0,0,0,0,0,1
144263,0,0,0,0,0,0,0,0,1
144264,0,0,0,0,0,0,0,0,1
144265,0,0,0,0,0,0,0,0,1
144266,0,0,0,0,0,0,0,0,1
144267,0,0,0,0,0,0,0,0,1
144268,0,0,0,0,0,0,0,0,1
144269,0,0,0,0,0,0,0,0,1
144270,0,0,0,0,0,0,0,0,1
144271,0,0,0,0,0,0,0,0,1
144272,0,0,0,0,0,0,0,0,1
144273,0,0,0,0,0,0,0,0,1
144274,0,0,0,0,0,0,0,0,1
144275,0,0,0,0,0,0,0,0,1
144276,0,0,0,0,0,0,0,0,1
144277,0,0,0,0,0,0,0,0,1
144278,0,0,0,0,0,0,0,0,1
144279,0,0,0,0,0,0,0,0,1
144280,0,0,0,0,0,0,0,0,1
144281,0,0,0,0,0,0,0,0,1
144282,0,0,0,0,0,0,0,0,1
144283,0,0,0,0,0,0,0,0,1
144284,0,0,0,0,0,0,0,0,1
144285,0,0,0,0,0,0,0,0,1
144286,0,0,0,0,0,0,0,0,1
144287,0,0,0,0,0,0,0,0,1
144288,0,0,0,0,0,0,0,0,1
144289,0,0,0,0,0,0,0,0,1
144290,0,0,0,0,0,0,0,0,1
144291,0,0,0,0,0,0,0,0,1
144292,0,0,0,0,0,0,0,0,1
144293,0,0,0,0,0,0,0,0,1
144294,0,0,0,0,0,0,0,0,1
144295,0,0,0,0,0,0,0,0,1
144296,0,0,0,0,0,0,0,0,1
144297,0,0,0,0,0,0,0,0,1
144298,0,0,0,0,0,0,0,0,1
144299,0,0,0,0,0,0,0,0,1
144300,0,0,0,0,0,0,0,0,1
144301,0,0,0,0,0,0,0,0,1
144302,0,0,0,0,0,0,0,0,1
144303,0,0,0,0,0,0,0,0,1
144304,0,0,0,0,0,0,0,0,1
144305,0,0,0,0,0,0,0,0,1
144306,0,0,0,0,0,0,0,0,1
144307,0,0,0,0,0,0,0,0,1
144308,0,0,0,0,0,0,0,0,1
144309,0,0,0,0,0,0,0,0,1
144310,0,0,0,0,0,0,0,0,1
144311,0,0,0,0,0,0,0,0,1
144312,0,0,0,0,0,0,0,0,1
144313,0,0,0,0,0,0,0,0,1
144314,0,0,0,0,0,0,0,0,1
144315,0,0,0,0,0,0,0,0,1
144316,0,0,0,0,0,0,0,0,1
144317,0,0,0,0,0,0,0,0,1
144318,0,0,0,0,0,0,0,0,1
144319,0,0,0,0,0,0,0,0,1
144320,0,0,0,0,0,0,0,0,1
144321,0,0,0,0,0,0,0,0,1
144322,0,0,0,0,0,0,0,0,1
144323,0,0,0,0,0,0,0,0,1
144324,0,0,0,0,0,0,0,0,1
144325,0,0,0,0,0,0,0,0,1
144326,0,0,0,0,0,0,0,0,1
144327,0,0,0,0,0,0,0,0,1
144328,0,0,0,0,0,0,0,0,1
144329,0,0,0,0,0,0,0,0,1
144330,0,0,0,0,0,0,0,0,1
144331,0,0,0,0,0,0,0,0,1
144332,0,0,0,0,0,0,0,0,1
144333,0,0,0,0,0,0,0,0,1
144334,0,0,0,0,0,0,0,0,1
144335,0,0,0,0,0,0,0,0,1
144336,0,0,0,0,0,0,0,0,1
144337,0,0,0,0,0,0,0,0,1
144338,0,0,0,0,0,0,0,0,1
144339,0,0,0,0,0,0,0,0,1
144340,0,0,0,0,0,0,0,0,1
144341,0,0,0,0,0,0,0,0,1
144342,0,0,0,0,0,0,0,0,1
144343,0,0,0,0,0,0,0,0,1
144344,0,0,0,0,0,0,0,0,1
144345,0,0,0,0,0,0,0,0,1
144346,0,0,0,0,0,0,0,0,1
144347,0,0,0,0,0,0,0,0,1
144348,0,0,0,0,0,0,0,0,1
144349,0,0,0,0,0,0,0,0,1
144350,0,0,0,0,0,0,0,0,1
144351,0,0,0,0,0,0,0,0,1
144352,0,0,0,0,0,0,0,0,1
144353,0,0,0,0,0,0,0,0,1
144354,0,0,0,0,0,0,0,0,1
144355,0,0,0,0,0,0,0,0,1
144356,0,0,0,0,0,0,0,0,1
144357,0,0,0,0,0,0,0,0,1
144358,0,0,0,0,0,0,0,0,1
144359,0,0,0,0,0,0,0,0,1
144360,0,0,0,0,0,0,0,0,1
144361,0,0,0,0,0,0,0,0,1
144362,0,0,0,0,0,0,0,0,1
144363,0,0,0,0,0,0,0,0,1
144364,0,0,0,0,0,0,0,0,1
144365,0,0,0,0,0,0,0,0,1
144366,0,0,0,0,0,0,0,0,1
144367,0,0,0,0,0,0,0,0,1
144368,0,0,0,0,0,0,0,0,1
